data/unet/pred0670.15i
     1.0            IONOSPHERE MAPS     GNSS                IONEX VERSION / TYPE
pyspatialgeodesy        IME             05-JAN-18 20:20     PGM / RUN BY / DATE 
Map Name                                                    COMMENT             
Predicted global ionosphere maps (GIM).                     DESCRIPTION         
  2015     3     8     0     0     0                        EPOCH OF FIRST MAP  
  2015     3     9     0     0     0                        EPOCH OF LAST MAP   
  7200                                                      INTERVAL            
    13                                                      # OF MAPS IN FILE   
  NONE                                                      MAPPING FUNCTION    
10.0                                                        ELEVATION CUTOFF    
One-way carrier phase leveled to code                       OBSERVABLES USED    
  6371.0                                                    BASE RADIUS         
 2                                                          MAP DIMENSION       
   450.0 450.0   0.0                                        HGT1 / HGT2 / DHGT  
    87.5 -87.5  -2.5                                        LAT1 / LAT2 / DLAT  
  -180.0 180.0   5.0                                        LON1 / LON2 / DLON  
    -1                                                      EXPONENT            
                                                            END OF HEADER       
[from data line 3432]
     9                                                      START OF TEC MAP    
  2015     3     8    16     0     0                        EPOCH OF CURRENT MAP
    87.5-180.0 180.0   5.0 450.0                            LAT/LON1/LON2/DLON/H
  173  187  186  190  191  191  194  192  195  191  195  189  194  188  193  187
  194  188  195  188  195  188  194  187  192  185  189  183  187  181  183  178
  180  175  176  171  171  167  167  164  165  163  163  161  161  160  159  158
  158  157  157  157  157  157  158  158  159  158  159  159  161  161  163  163
  166  167  169  171  174  175  181  184  173                                   
    85.0-180.0 180.0   5.0 450.0                            LAT/LON1/LON2/DLON/H
  159  179  180  187  189  191  193  194  197  197  199  198  201  199  203  200
  206  202  207  203  208  202  205  199  200  194  194  190  188  186  181  180
  175  173  169  166  163  160  158  154  154  151  149  147  145  144  143  142
  142  141  142  140  143  141  143  143  145  145  146  147  149  150  152  152
  155  156  160  161  164  164  168  160  159                                   
    82.5-180.0 180.0   5.0 450.0                            LAT/LON1/LON2/DLON/H
  151  158  164  166  171  171  176  176  180  179  183  181  186  184  189  189
  194  193  199  197  202  198  201  198  197  194  191  189  184  182  177  175
  171  168  164  161  157  154  150  146  143  139  138  134  133  129  129  127
  128  127  127  127  127  127  126  128  127  129  127  129  129  131  131  133
  134  137  139  140  144  140  152  138  151                                   
    80.0-180.0 180.0   5.0 450.0                            LAT/LON1/LON2/DLON/H
  119  134  136  143  146  150  153  156  157  158  159  160  162  165  167  173
  174  180  182  188  189  193  192  196  193  194  191  188  185  182  176  174
  168  167  160  158  153  149  144  140  135  131  128  123  121  116  116  113
  115  113  114  114  114  114  114  116  116  118  117  119  117  119  117  119
  118  120  120  120  120  124  128  121  119                                   
    77.5-180.0 180.0   5.0 450.0                            LAT/LON1/LON2/DLON/H
   95  109  114  117  119  123  125  129  128  131  134  137  139  144  149  154
  160  164  170  174  180  181  187  186  191  187  188  185  182  178  174  170
  165  162  155  154  147  144  138  136  130  128  123  120  116  113  111  109
  108  107  108  108  109  111  111  113  113  116  114  116  115  116  114  112
  111  109  108  105  102  100  106  103   95                                   
    75.0-180.0 180.0   5.0 450.0                            LAT/LON1/LON2/DLON/H
   82   92   98   96  103  101  108  106  110  110  114  118  122  129  134  140
  146  151  158  165  172  177  182  185  187  190  190  192  189  187  184  181
  175  171  165  162  157  154  150  146  142  138  134  129  125  120  118  113
  114  113  114  115  116  118  119  119  121  120  120  119  119  117  117  113
  112  107  107  100   99   95  102   99   82                                   
    72.5-180.0 180.0   5.0 450.0                            LAT/LON1/LON2/DLON/H
   82   90   90   88   90   91   93   95   97  101  105  112  117  126  131  140
  147  157  163  175  180  190  192  199  199  202  203  203  200  198  192  188
  184  179  174  171  168  164  161  157  152  148  142  138  132  128  123  121
  118  119  118  121  121  125  126  129  129  131  126  128  124  124  118  117
  112  111  105  103   95   92   98   99   82                                   
    70.0-180.0 180.0   5.0 450.0                            LAT/LON1/LON2/DLON/H
   82   84   86   81   84   81   86   82   89   89   96   99  108  114  124  131
  146  156  170  181  192  199  204  209  206  210  205  208  203  203  198  194
  189  185  181  179  177  174  171  167  164  157  152  145  142  134  132  125
  124  121  122  121  123  125  128  131  132  133  131  129  128  123  121  116
  114  108  108  101   97   94  101  101   82                                   
    67.5-180.0 180.0   5.0 450.0                            LAT/LON1/LON2/DLON/H
   86   86   85   82   84   82   84   84   89   91   99  104  110  122  127  144
  154  173  186  204  212  228  225  237  231  234  227  228  220  219  211  205
  198  191  187  185  183  181  177  174  168  162  156  151  143  138  131  126
  120  117  116  114  114  116  117  121  121  124  120  123  118  119  113  112
  106  106  101  100   92   91   97  101   86                                   
    65.0-180.0 180.0   5.0 450.0                            LAT/LON1/LON2/DLON/H
   83   81   82   78   79   79   82   80   88   88   95  101  109  119  132  149
  169  189  207  225  239  250  254  254  248  249  237  243  232  232  222  217
  210  202  198  194  193  190  187  183  178  172  166  159  152  144  137  128
  121  114  111  105  104  104  103  105  106  107  105  105  104  102  100   97
   94   92   91   88   85   84   88   96   83                                   
    62.5-180.0 180.0   5.0 450.0                            LAT/LON1/LON2/DLON/H
   80   75   73   72   73   75   79   81   89   93  103  112  120  132  140  160
  178  201  218  238  253  267  273  278  271  272  263  262  257  254  247  239
  231  220  216  209  207  201  198  193  188  181  175  167  159  147  135  124
  116  106  102   94   93   90   90   89   90   88   83   84   82   82   80   78
   77   76   75   76   69   71   72   84   80                                   
    60.0-180.0 180.0   5.0 450.0                            LAT/LON1/LON2/DLON/H
   68   62   63   63   67   68   73   75   85   91  102  110  119  130  145  167
  189  213  233  251  269  280  293  296  291  289  280  281  273  273  264  262
  252  243  233  225  221  213  209  203  198  191  185  179  170  157  141  128
  115  105   98   89   85   81   80   79   79   77   72   70   67   67   65   65
   64   65   64   62   60   63   60   69   68                                   
    57.5-180.0 180.0   5.0 450.0                            LAT/LON1/LON2/DLON/H
   62   54   50   51   54   60   64   70   82   90  104  116  128  141  152  172
  193  216  238  257  274  288  298  306  306  307  302  301  297  297  293  290
  280  268  255  244  236  226  220  212  207  199  194  186  178  164  148  130
  118  106  100   91   86   81   79   77   77   72   66   65   62   59   58   56
   55   57   56   57   52   54   49   55   62                                   
    55.0-180.0 180.0   5.0 450.0                            LAT/LON1/LON2/DLON/H
   56   47   45   47   54   57   65   70   82   91  106  118  130  141  156  177
  200  225  249  267  285  289  302  301  308  309  309  311  309  313  308  310
  300  290  275  263  250  240  231  225  218  213  206  201  192  180  165  147
  132  120  112  103   98   93   89   87   85   81   75   73   68   66   64   63
   62   63   63   62   60   60   54   51   56                                   
    52.5-180.0 180.0   5.0 450.0                            LAT/LON1/LON2/DLON/H
   63   52   47   49   52   60   64   73   84   95  110  125  138  153  167  189
  210  234  258  277  293  299  304  304  309  313  321  324  328  328  328  328
  321  308  293  278  266  254  246  237  231  223  217  209  203  190  178  162
  148  139  131  125  118  115  110  109  106  102   93   90   84   80   76   74
   72   74   70   71   65   67   61   54   63                                   
    50.0-180.0 180.0   5.0 450.0                            LAT/LON1/LON2/DLON/H
   77   63   61   63   69   72   79   83   96  104  119  130  146  157  176  198
  222  253  278  301  312  316  319  318  325  327  338  337  342  338  339  339
  331  322  307  294  281  270  261  253  245  238  233  225  219  208  197  185
  173  167  161  154  147  141  137  133  131  125  119  115  111  107  102   98
   95   95   95   92   92   90   87   76   77                                   
    47.5-180.0 180.0   5.0 450.0                            LAT/LON1/LON2/DLON/H
  103   87   79   82   81   91   92  101  110  121  134  148  160  176  194  219
  243  275  301  321  328  332  330  330  337  347  356  358  359  352  351  344
  339  326  316  304  295  285  279  267  260  250  244  235  227  216  207  197
  190  187  182  176  166  161  155  153  149  146  138  136  130  129  123  123
  117  118  110  113  109  111  110   99  103                                   
    45.0-180.0 180.0   5.0 450.0                            LAT/LON1/LON2/DLON/H
  123  106   99  102  105  110  114  119  127  138  153  165  180  194  213  235
  265  302  327  349  353  358  355  362  368  378  386  382  377  366  358  349
  336  329  318  310  304  296  289  277  268  256  249  238  230  219  212  204
  200  196  194  186  177  168  162  157  156  150  148  145  143  143  141  141
  138  136  133  131  134  134  137  127  123                                   
    42.5-180.0 180.0   5.0 450.0                            LAT/LON1/LON2/DLON/H
  148  127  118  120  119  127  128  138  145  164  177  194  206  222  237  261
  291  324  349  371  378  381  382  389  395  404  409  404  396  376  364  348
  341  331  328  323  320  314  307  295  283  269  257  244  232  220  212  207
  204  200  194  184  174  165  159  155  153  150  145  144  140  144  142  146
  141  143  133  140  138  147  153  145  148                                   
    40.0-180.0 180.0   5.0 450.0                            LAT/LON1/LON2/DLON/H
  154  136  129  132  133  140  145  156  169  188  206  222  234  248  265  289
  316  346  366  388  392  402  404  417  419  426  424  416  401  381  363  349
  345  342  347  347  348  341  331  315  300  279  265  246  232  218  213  207
  205  196  188  171  161  148  142  136  137  133  133  129  129  131  135  140
  139  136  132  132  136  143  156  152  154                                   
    37.5-180.0 180.0   5.0 450.0                            LAT/LON1/LON2/DLON/H
  157  138  131  133  135  144  150  166  182  207  229  249  261  275  290  311
  335  359  379  398  405  414  421  430  436  437  436  424  411  389  379  371
  375  379  391  396  400  393  378  358  332  310  288  267  248  232  224  218
  212  201  190  168  154  139  133  126  128  124  124  120  118  120  123  128
  124  124  114  117  117  132  147  147  157                                   
    35.0-180.0 180.0   5.0 450.0                            LAT/LON1/LON2/DLON/H
  143  129  124  126  128  134  147  163  190  220  250  272  289  304  320  338
  357  378  391  408  412  427  428  443  440  447  437  430  419  410  406  411
  423  437  451  462  463  455  434  408  375  346  318  293  270  256  248  239
  232  220  206  183  165  148  140  134  135  131  126  119  113  111  113  117
  115  117  113  114  117  121  132  130  143                                   
    32.5-180.0 180.0   5.0 450.0                            LAT/LON1/LON2/DLON/H
  123  115  113  115  116  126  137  159  191  224  262  287  309  328  344  357
  376  389  402  414  421  433  437  448  451  456  453  451  451  460  473  493
  515  531  544  547  542  528  502  472  436  403  373  343  317  293  282  269
  262  246  228  198  176  162  157  161  166  167  165  159  156  146  138  134
  131  126  121  115  113  117  112  112  123                                   
    30.0-180.0 180.0   5.0 450.0                            LAT/LON1/LON2/DLON/H
  109  101   98  102  105  113  127  145  184  224  269  300  328  346  365  380
  396  410  418  429  432  444  441  454  452  465  467  484  497  527  553  594
  628  658  672  665  641  616  578  542  491  451  412  386  359  342  333  325
  317  304  286  268  243  230  219  219  214  212  201  190  180  172  171  172
  169  160  147  138  126  119  115   98  109                                   
    27.5-180.0 180.0   5.0 450.0                            LAT/LON1/LON2/DLON/H
   93   94   97   93   93  102  112  136  176  221  270  303  335  355  380  395
  413  423  432  444  447  456  454  462  465  482  496  522  553  595  651  709
  767  781  803  772  739  687  641  600  550  518  480  456  429  418  408  410
  404  401  385  368  340  324  310  304  296  286  266  256  237  233  219  227
  217  216  192  167  145  123  109  102   93                                   
    25.0-180.0 180.0   5.0 450.0                            LAT/LON1/LON2/DLON/H
   83   84   92   89   93  100  111  132  170  220  271  304  335  357  387  407
  429  444  454  466  468  475  470  474  480  502  529  572  622  685  757  804
  844  865  868  847  808  748  691  651  607  570  530  507  482  478  473  486
  494  498  492  470  450  422  402  385  367  348  323  308  297  288  284  284
  286  287  257  234  197  167  131  116   83                                   
    22.5-180.0 180.0   5.0 450.0                            LAT/LON1/LON2/DLON/H
  101  102  102  103  102  109  117  139  169  217  264  300  330  358  392  415
  443  459  475  487  495  497  493  492  504  529  571  625  691  761  826  875
  930  936  932  883  844  784  725  681  647  624  598  567  535  522  522  533
  548  554  555  537  522  498  471  454  432  420  391  376  361  360  349  354
  336  333  304  283  239  210  185  143  101                                   
    20.0-180.0 180.0   5.0 450.0                            LAT/LON1/LON2/DLON/H
  124  131  118  110  107  114  123  156  183  221  258  299  327  359  394  427
  454  476  494  512  521  523  517  516  533  567  623  694  764  828  892  945
  980  978  951  902  851  808  752  719  689  670  642  617  577  553  551  565
  590  601  608  596  585  559  537  509  488  466  452  441  436  430  416  407
  386  371  342  312  272  231  202  169  124                                   
    17.5-180.0 180.0   5.0 450.0                            LAT/LON1/LON2/DLON/H
  152  145  125  124  119  122  131  160  192  231  259  295  324  360  401  438
  470  498  519  540  550  548  545  542  569  611  680  745  820  871  934  965
  985  964  931  879  837  795  757  735  715  697  671  646  598  562  558  568
  600  617  634  628  621  591  572  537  523  495  493  470  471  457  457  446
  425  408  368  335  289  247  219  182  152                                   
    15.0-180.0 180.0   5.0 450.0                            LAT/LON1/LON2/DLON/H
  166  147  131  128  119  121  125  154  186  236  271  301  326  364  405  452
  484  516  544  566  576  574  571  578  610  662  735  795  857  895  937  950
  947  918  879  840  806  776  754  746  732  722  700  670  614  572  554  563
  589  610  630  629  625  595  573  545  527  506  493  484  476  471  456  449
  423  402  369  331  293  252  225  186  166                                   
    12.5-180.0 180.0   5.0 450.0                            LAT/LON1/LON2/DLON/H
  168  153  131  133  126  125  129  153  180  229  269  307  333  375  415  463
  505  540  569  594  605  603  606  620  653  706  777  826  875  889  911  901
  891  861  829  801  768  752  745  743  736  729  709  669  609  555  527  526
  546  559  578  580  572  560  537  516  492  485  474  474  457  453  433  426
  398  385  347  315  275  241  230  181  168                                   
    10.0-180.0 180.0   5.0 450.0                            LAT/LON1/LON2/DLON/H
  161  152  139  128  120  119  120  141  174  221  272  318  353  398  439  485
  526  560  595  617  634  636  643  654  699  751  812  848  876  875  877  865
  842  818  778  756  740  739  740  746  739  738  721  679  616  552  515  497
  509  513  528  530  526  508  493  481  478  473  476  465  451  435  407  383
  350  327  296  265  241  220  224  162  161                                   
     7.5-180.0 180.0   5.0 450.0                            LAT/LON1/LON2/DLON/H
  142  152  143  129  115  113  122  148  183  235  283  332  364  417  468  513
  554  593  620  643  655  657  656  685  731  784  832  853  869  855  849  824
