data/unet/pred3520.15i
     1.0            IONOSPHERE MAPS     GNSS                IONEX VERSION / TYPE
pyspatialgeodesy        IME             05-JAN-18 20:20     PGM / RUN BY / DATE 
Map Name                                                    COMMENT             
Predicted global ionosphere maps (GIM).                     DESCRIPTION         
  2015    12    18     0     0     0                        EPOCH OF FIRST MAP  
  2015    12    19     0     0     0                        EPOCH OF LAST MAP   
  7200                                                      INTERVAL            
    13                                                      # OF MAPS IN FILE   
  NONE                                                      MAPPING FUNCTION    
10.0                                                        ELEVATION CUTOFF    
One-way carrier phase leveled to code                       OBSERVABLES USED    
  6371.0                                                    BASE RADIUS         
 2                                                          MAP DIMENSION       
   450.0 450.0   0.0                                        HGT1 / HGT2 / DHGT  
    87.5 -87.5  -2.5                                        LAT1 / LAT2 / DLAT  
  -180.0 180.0   5.0                                        LON1 / LON2 / DLON  
    -1                                                      EXPONENT            
                                                            END OF HEADER       
[from data line 4290]
    11                                                      START OF TEC MAP    
  2015    12    18    20     0     0                        EPOCH OF CURRENT MAP
    87.5-180.0 180.0   5.0 450.0                            LAT/LON1/LON2/DLON/H
  108   76   54   58   57   57   57   58   58   60   60   62   61   63   63   65
   64   66   65   66   65   66   65   66   64   66   64   65   63   64   63   64
   62   63   62   62   61   62   61   62   60   62   61   63   61   63   63   64
   63   64   64   65   63   64   63   64   62   63   62   63   61   62   60   61
   58   59   57   57   58   58   51   95  108                                   
    85.0-180.0 180.0   5.0 450.0                            LAT/LON1/LON2/DLON/H
   47   44   42   45   47   48   48   49   50   52   53   55   56   58   58   60
   59   60   59   61   59   61   59   60   58   60   58   59   56   58   56   57
   55   57   55   56   54   56   54   56   54   57   55   58   56   59   57   60
   57   61   58   61   58   61   58   60   56   59   55   57   53   55   51   53
   49   50   47   47   49   46   42   61   47                                   
    82.5-180.0 180.0   5.0 450.0                            LAT/LON1/LON2/DLON/H
   31   32   30   32   34   36   36   40   42   46   49   52   54   57   58   61
   60   63   60   63   60   63   60   62   59   60   58   59   56   57   54   55
   52   53   50   52   49   51   48   50   48   51   49   53   51   55   54   57
   56   59   58   61   58   62   59   61   57   59   55   56   51   52   47   48
   42   43   37   38   35   33   29   36   31                                   
    80.0-180.0 180.0   5.0 450.0                            LAT/LON1/LON2/DLON/H
   27   22   19   20   22   24   28   32   38   42   48   51   57   57   62   61
   64   62   64   61   62   60   61   59   60   58   60   58   59   58   58   55
   54   53   52   49   48   46   46   44   44   44   46   46   48   49   52   52
   55   55   58   58   60   59   61   59   59   57   56   53   51   48   46   42
   39   35   32   27   26   20   16   24   27                                   
    77.5-180.0 180.0   5.0 450.0                            LAT/LON1/LON2/DLON/H
   21   15   10   13   15   17   22   28   35   41   50   54   60   62   65   65
   66   64   63   60   58   56   55   54   53   52   54   52   54   52   54   51
   51   47   48   43   42   38   39   35   36   35   37   37   39   40   44   45
   47   49   51   52   52   53   53   53   51   51   48   47   43   41   37   35
   29   27   22   20   16   14    9   13   21                                   
    75.0-180.0 180.0   5.0 450.0                            LAT/LON1/LON2/DLON/H
   24   16   12   17   18   22   28   34   44   50   61   65   73   74   78   76
   76   71   69   62   60   55   53   50   51   51   53   53   55   55   57   55
   55   52   51   46   43   40   38   34   34   33   35   34   38   39   43   43
   47   47   51   50   53   51   53   50   51   48   49   44   44   40   39   34
   32   28   26   21   20   16   14   19   24                                   
    72.5-180.0 180.0   5.0 450.0                            LAT/LON1/LON2/DLON/H
   34   27   22   25   26   30   35   43   53   62   72   80   88   92   94   93
   89   84   76   69   62   57   52   49   47   49   49   51   53   56   56   57
   55   54   50   47   43   40   37   34   32   33   33   35   36   39   41   43
   46   48   49   49   49   50   48   48   46   46   44   44   40   41   37   36
   32   32   28   27   23   23   22   21   34                                   
    70.0-180.0 180.0   5.0 450.0                            LAT/LON1/LON2/DLON/H
   45   37   36   37   41   43   51   56   69   76   89   96  108  110  114  111
  108   98   89   77   70   61   56   51   49   49   51   52   54   57   57   57
   55   53   48   45   40   38   35   32   31   30   32   33   36   38   42   42
   46   46   49   46   48   45   46   42   44   41   43   40   42   39   41   36
   38   34   36   32   34   30   33   33   45                                   
    67.5-180.0 180.0   5.0 450.0                            LAT/LON1/LON2/DLON/H
   55   53   50   52   55   57   64   70   81   91  105  116  127  133  136  134
  130  118  105   91   81   70   63   56   53   52   51   53   53   55   54   55
   50   49   43   41   35   35   30   30   27   30   30   33   34   38   40   41
   44   44   44   43   42   40   40   38   38   38   38   39   39   41   40   40
   38   40   38   39   39   39   41   39   55                                   
    65.0-180.0 180.0   5.0 450.0                            LAT/LON1/LON2/DLON/H
   63   61   63   65   69   71   79   84   96  106  122  134  147  153  158  155
  150  138  125  108   97   82   73   63   59   54   53   50   51   49   49   45
   43   37   33   28   26   23   22   20   22   23   27   28   33   34   37   37
   40   38   39   35   35   31   32   29   32   30   35   34   39   37   41   38
   41   38   42   39   44   42   48   49   63                                   
    62.5-180.0 180.0   5.0 450.0                            LAT/LON1/LON2/DLON/H
   64   68   70   74   78   81   88   93  104  116  132  146  159  170  174  175
  171  161  148  128  115   97   87   73   67   58   54   50   47   44   41   38
   33   29   24   21   17   17   15   16   17   20   22   25   27   30   30   32
   32   32   30   28   25   23   22   21   23   25   28   31   33   36   36   38
   37   38   38   39   40   41   46   48   64                                   
    60.0-180.0 180.0   5.0 450.0                            LAT/LON1/LON2/DLON/H
   61   63   72   77   84   88   98  103  116  127  145  159  175  186  193  194
  191  182  169  151  136  119  104   87   75   62   55   46   43   37   35   30
   28   22   19   13   13    9   12   11   16   17   21   23   26   26   27   27
   27   25   24   20   19   15   16   15   19   21   26   28   32   33   35   33
   35   32   35   31   36   34   42   48   61                                   
    57.5-180.0 180.0   5.0 450.0                            LAT/LON1/LON2/DLON/H
   52   61   71   79   88   92  102  107  119  130  147  162  178  192  201  207
  205  202  190  175  156  139  123  103   87   72   61   51   45   39   36   32
   28   24   18   14   11   10   11   12   16   18   21   22   24   23   23   21
   20   18   16   14   12   11   12   13   17   21   25   28   30   32   31   31
   30   29   29   28   28   29   35   39   52                                   
    55.0-180.0 180.0   5.0 450.0                            LAT/LON1/LON2/DLON/H
   49   56   72   82   94  101  114  120  134  145  162  176  192  204  213  219
  219  217  206  195  177  162  143  124  104   87   73   61   54   47   44   40
   37   30   26   21   19   17   19   21   24   27   30   32   32   30   28   26
   23   21   19   17   16   15   17   18   22   26   29   32   33   33   33   31
   31   28   29   24   27   24   32   40   49                                   
    52.5-180.0 180.0   5.0 450.0                            LAT/LON1/LON2/DLON/H
   48   61   75   87  101  110  123  130  142  152  165  178  191  204  213  222
  223  224  216  208  191  177  159  141  122  105   89   76   67   61   56   52
   46   41   35   31   28   26   28   30   33   35   38   37   37   33   31   27
   24   23   22   22   21   23   24   27   31   33   36   36   35   35   33   32
   30   30   31   29   29   28   34   39   48                                   
    50.0-180.0 180.0   5.0 450.0                            LAT/LON1/LON2/DLON/H
   58   67   86   99  115  127  141  151  163  173  185  193  203  211  219  225
  227  228  221  215  201  189  173  159  143  128  113   99   88   78   72   66
   60   54   48   44   42   41   43   45   48   50   51   51   49   46   42   38
   35   35   34   36   36   37   39   42   44   45   45   44   42   39   37   35
   37   36   40   37   40   36   43   49   58                                   
    47.5-180.0 180.0   5.0 450.0                            LAT/LON1/LON2/DLON/H
   72   85  100  114  130  142  156  165  177  185  193  199  205  211  217  223
  224  225  220  216  204  195  183  172  159  147  131  119  104   92   82   74
   67   61   56   53   52   52   54   56   58   59   60   59   58   54   51   48
   46   46   48   50   51   54   55   57   58   58   56   52   47   44   41   40
   42   45   50   51   53   51   55   60   72                                   
    45.0-180.0 180.0   5.0 450.0                            LAT/LON1/LON2/DLON/H
   93  101  121  134  149  162  177  187  199  206  213  215  218  220  224  227
  227  227  221  216  207  199  191  184  174  162  149  133  117  101   88   77
   69   62   59   58   59   61   63   65   67   67   68   68   67   64   63   60
   60   62   64   67   69   71   73   73   73   69   65   59   53   48   46   46
   50   53   61   62   68   65   73   78   93                                   
    42.5-180.0 180.0   5.0 450.0                            LAT/LON1/LON2/DLON/H
  110  123  137  150  164  174  188  199  212  221  225  226  227  227  229  231
  230  229  222  216  209  204  198  192  184  173  157  140  119  101   85   71
   63   57   56   58   62   65   69   69   71   71   73   73   73   72   71   70
   72   74   77   80   83   84   85   84   82   78   71   64   56   51   49   49
   53   59   66   71   77   79   86   91  110                                   
    40.0-180.0 180.0   5.0 450.0                            LAT/LON1/LON2/DLON/H
  125  136  151  162  174  187  199  212  226  234  239  240  242  240  243  243
  241  237  230  223  217  212  207  201  193  179  163  142  118   97   78   65
   57   54   56   60   66   71   74   74   74   74   76   77   79   78   79   78
   80   82   87   89   92   92   93   91   88   81   74   66   59   54   53   52
   57   60   69   72   82   84   96  104  125                                   
    37.5-180.0 180.0   5.0 450.0                            LAT/LON1/LON2/DLON/H
  132  145  156  167  178  187  200  212  228  238  245  248  251  252  254  254
  253  247  240  233  227  221  216  207  197  181  162  139  114   91   74   61
   57   56   62   67   74   77   81   78   78   76   79   80   82   83   83   83
   85   88   90   92   94   94   94   92   88   82   73   67   59   56   53   53
   54   58   63   69   76   84   95  105  132                                   
    35.0-180.0 180.0   5.0 450.0                            LAT/LON1/LON2/DLON/H
  136  149  161  172  179  191  202  215  230  241  251  255  263  264  268  268
  266  259  253  245  239  233  225  214  200  183  163  139  115   94   80   73
   73   76   83   89   93   95   94   90   86   84   86   86   89   89   90   88
   89   89   91   91   92   92   92   90   86   79   72   66   61   57   57   54
   55   53   57   59   70   76   95  107  136                                   
    32.5-180.0 180.0   5.0 450.0                            LAT/LON1/LON2/DLON/H
  136  151  160  171  179  185  197  207  225  237  249  257  266  271  275  277
  275  270  264  256  250  241  231  217  201  185  166  145  126  109  102   99
  105  110  119  120  123  118  116  106  101   95   96   96   98   97   96   93
   91   89   88   87   87   87   87   86   81   77   70   67   62   61   58   56
   53   49   49   51   59   68   89  102  136                                   
    30.0-180.0 180.0   5.0 450.0                            LAT/LON1/LON2/DLON/H
  138  153  166  176  181  191  198  209  222  235  249  258  272  276  283  283
  283  277  272  265  259  248  236  220  206  192  179  166  155  146  145  148
  157  163  169  167  161  152  142  132  122  116  114  113  114  111  109  102
   97   92   89   86   86   86   86   85   81   77   71   68   66   65   64   60
   56   49   48   47   57   63   88  101  138                                   
    27.5-180.0 180.0   5.0 450.0                            LAT/LON1/LON2/DLON/H
  142  160  172  183  189  195  201  207  219  229  244  254  268  275  282  284
  283  278  273  265  257  245  232  219  208  202  198  195  194  193  198  205
  216  223  223  211  198  181  169  154  144  135  133  130  130  124  120  112
  103   96   90   86   86   86   87   87   82   78   73   72   68   69   68   65
   60   55   50   50   56   68   90  103  142                                   
    25.0-180.0 180.0   5.0 450.0                            LAT/LON1/LON2/DLON/H
  158  176  191  204  210  219  221  225  229  238  249  259  274  279  285  285
  283  277  272  263  255  242  231  222  220  221  229  235  243  249  260  270
  280  280  269  250  227  205  188  174  164  156  152  150  147  141  135  125
  115  106   99   94   93   94   95   95   90   85   80   77   74   73   72   68
   67   63   60   60   68   76  103  117  158                                   
    22.5-180.0 180.0   5.0 450.0                            LAT/LON1/LON2/DLON/H
  175  196  212  230  239  246  246  245  246  248  256  264  279  284  288  286
  282  274  267  256  246  234  226  227  234  248  267  284  300  311  322  330
  334  325  305  275  244  217  197  182  173  166  163  160  157  151  144  136
  125  117  108  104  101  102  103  102   96   92   84   82   77   75   72   69
   70   71   71   75   81   95  118  135  175                                   
    20.0-180.0 180.0   5.0 450.0                            LAT/LON1/LON2/DLON/H
  200  218  242  261  270  281  279  278  275  275  279  284  297  299  301  296
  290  280  272  258  248  236  234  242  259  283  310  333  350  358  369  371
  366  347  321  281  246  216  197  181  174  169  166  164  161  156  150  142
  134  126  120  116  114  113  115  111  106   97   89   82   77   72   71   66
   70   73   79   87   98  112  138  159  200                                   
    17.5-180.0 180.0   5.0 450.0                            LAT/LON1/LON2/DLON/H
  217  241  263  286  299  309  310  309  305  305  309  313  322  323  323  317
  311  299  288  272  256  246  247  264  290  320  352  370  385  392  394  389
  375  349  314  270  230  204  186  172  165  161  159  157  155  152  149  143
  138  134  128  126  123  123  122  119  111  103   91   83   76   70   67   64
   70   76   86   97  109  132  153  177  217                                   
    15.0-180.0 180.0   5.0 450.0                            LAT/LON1/LON2/DLON/H
  237  264  289  315  329  345  346  350  345  348  347  355  360  363  359  352
  343  330  315  299  285  274  282  301  332  365  388  401  410  407  403  387
  367  331  290  246  210  187  170  162  156  154  149  148  146  145  143  142
  139  137  135  134  133  132  131  125  118  107   94   84   75   67   65   60
   69   76   89  105  117  143  169  192  237                                   
    12.5-180.0 180.0   5.0 450.0                            LAT/LON1/LON2/DLON/H
  244  279  301  332  352  366  374  379  381  384  388  396  404  408  411  406
  402  382  367  346  331  320  326  347  373  397  415  422  422  410  394  372
  341  303  258  221  193  173  162  153  151  144  141  135  136  134  138  137
  139  139  138  139  137  137  134  130  119  109   95   86   74   67   61   59
   67   77   91  108  123  155  175  201  244                                   
    10.0-180.0 180.0   5.0 450.0                            LAT/LON1/LON2/DLON/H
  252  288  314  345  365  384  393  407  409  424  427  446  449  464  463  465
  456  441  418  399  380  375  379  397  415  433  444  440  426  404  381  349
  312  271  234  206  187  174  164  159  153  146  139  133  131  129  132  135
  136  138  138  140  139  136  134  128  120  108   97   86   76   67   61   57
   67   77   92  112  127  157  184  209  252                                   
     7.5-180.0 180.0   5.0 450.0                            LAT/LON1/LON2/DLON/H
  251  291  316  349  373  392  406  419  432  449  464  480  495  511  520  525
  520  498  476  449  434  425  428  440  449  463  460  447  423  399  366  331
