data/unet/pred0960.15i
     1.0            IONOSPHERE MAPS     GNSS                IONEX VERSION / TYPE
pyspatialgeodesy        IME             05-JAN-18 20:20     PGM / RUN BY / DATE 
Map Name                                                    COMMENT             
Predicted global ionosphere maps (GIM).                     DESCRIPTION         
  2015     4     6     0     0     0                        EPOCH OF FIRST MAP  
  2015     4     7     0     0     0                        EPOCH OF LAST MAP   
  7200                                                      INTERVAL            
    13                                                      # OF MAPS IN FILE   
  NONE                                                      MAPPING FUNCTION    
10.0                                                        ELEVATION CUTOFF    
One-way carrier phase leveled to code                       OBSERVABLES USED    
  6371.0                                                    BASE RADIUS         
 2                                                          MAP DIMENSION       
   450.0 450.0   0.0                                        HGT1 / HGT2 / DHGT  
    87.5 -87.5  -2.5                                        LAT1 / LAT2 / DLAT  
  -180.0 180.0   5.0                                        LON1 / LON2 / DLON  
    -1                                                      EXPONENT            
                                                            END OF HEADER       
[from data line 1716]
     5                                                      START OF TEC MAP    
  2015     4     6     8     0     0                        EPOCH OF CURRENT MAP
    87.5-180.0 180.0   5.0 450.0                            LAT/LON1/LON2/DLON/H
  158  174  185  188  193  196  197  200  200  203  202  203  201  201  200  199
  198  197  197  197  197  196  196  195  195  193  193  191  191  189  188  186
  185  183  181  179  178  176  175  173  173  172  172  171  172  171  172  171
  172  171  172  170  171  168  169  166  167  164  164  161  163  160  161  159
  162  160  164  160  167  160  168  140  158                                   
    85.0-180.0 180.0   5.0 450.0                            LAT/LON1/LON2/DLON/H
  164  174  176  188  190  192  196  198  202  203  206  205  206  205  206  203
  203  201  202  200  199  198  197  195  194  192  191  189  189  187  186  184
  184  182  181  180  180  179  177  177  177  178  176  177  176  177  176  177
  176  176  175  174  172  171  169  168  166  165  162  161  159  159  156  156
  156  156  155  155  159  156  163  141  164                                   
    82.5-180.0 180.0   5.0 450.0                            LAT/LON1/LON2/DLON/H
  160  159  163  170  172  176  180  184  189  192  196  198  199  200  200  199
  198  198  195  196  192  193  188  188  184  183  180  180  179  179  179  180
  181  181  183  184  186  186  187  187  189  187  188  186  187  185  186  183
  185  182  181  179  177  175  172  171  169  167  163  162  160  159  155  154
  152  151  148  148  149  148  151  144  160                                   
    80.0-180.0 180.0   5.0 450.0                            LAT/LON1/LON2/DLON/H
  157  151  154  158  160  163  168  173  177  182  184  186  187  186  186  184
  184  182  181  178  177  173  171  167  165  163  161  162  162  165  166  170
  173  178  181  186  189  192  195  197  201  199  202  200  202  197  199  194
  196  191  192  188  188  185  184  181  181  178  175  172  170  167  162  161
  158  155  152  151  150  145  144  143  157                                   
    77.5-180.0 180.0   5.0 450.0                            LAT/LON1/LON2/DLON/H
  152  147  147  150  151  154  159  164  168  172  175  176  176  175  175  171
  169  165  164  159  157  153  151  146  144  140  140  140  143  146  151  157
  164  171  178  185  192  199  206  213  218  221  225  225  228  225  227  224
  224  222  221  220  219  218  216  216  214  212  210  208  205  200  196  191
  189  182  178  170  166  156  156  143  152                                   
    75.0-180.0 180.0   5.0 450.0                            LAT/LON1/LON2/DLON/H
  151  142  142  141  141  142  147  150  154  157  159  159  158  156  153  151
  149  147  145  142  139  135  132  127  124  122  120  123  123  130  135  146
  155  167  177  187  196  206  215  223  231  237  242  246  249  251  254  254
  254  254  253  254  252  254  252  253  250  250  245  244  239  236  229  225
  217  210  202  192  185  170  168  157  151                                   
    72.5-180.0 180.0   5.0 450.0                            LAT/LON1/LON2/DLON/H
  156  145  141  136  131  130  131  133  138  140  143  141  141  137  136  130
  130  125  126  123  123  119  118  112  111  107  108  106  111  115  125  133
  148  160  174  187  196  209  219  231  240  249  256  264  269  276  280  283
  285  285  286  287  286  287  285  286  282  281  276  275  270  267  260  255
  247  239  229  216  205  191  184  163  156                                   
    70.0-180.0 180.0   5.0 450.0                            LAT/LON1/LON2/DLON/H
  162  148  142  134  128  124  124  123  125  127  128  127  123  120  117  113
  112  110  111  111  112  110  109  106  105  101  101  102  106  112  121  133
  146  162  178  191  204  214  225  235  245  255  267  274  284  291  300  304
  307  310  311  314  312  313  310  310  308  305  299  298  289  288  277  275
  265  260  249  236  225  207  195  178  162                                   
    67.5-180.0 180.0   5.0 450.0                            LAT/LON1/LON2/DLON/H
  169  155  145  133  123  117  115  113  115  113  115  111  110  104  102   98
   98   96   98   98  103  101  105   99  102   95   99   96  104  107  119  131
  146  162  178  193  202  215  222  234  242  256  266  278  287  297  306  312
  317  318  320  323  321  321  317  316  311  308  301  298  292  288  282  277
  272  265  257  243  233  217  204  181  169                                   
    65.0-180.0 180.0   5.0 450.0                            LAT/LON1/LON2/DLON/H
  177  158  146  134  123  115  112  108  110  107  109  103  100   94   91   87
   88   85   91   91   98   97  101   98  100   96   99   99  105  111  122  136
  150  167  182  195  208  217  226  234  246  256  271  281  293  304  313  321
  325  330  330  335  333  333  329  325  320  315  304  303  290  290  277  278
  267  268  256  250  239  226  209  193  177                                   
    62.5-180.0 180.0   5.0 450.0                            LAT/LON1/LON2/DLON/H
  187  169  152  134  123  113  108  104  105  103  104  100   97   90   86   81
   80   79   82   85   90   91   95   92   96   91   98   94  103  108  121  135
  149  167  180  195  203  214  221  233  241  257  268  285  295  308  318  325
  330  335  337  341  339  339  335  332  323  316  303  295  286  279  272  265
  260  253  249  240  237  225  214  195  187                                   
    60.0-180.0 180.0   5.0 450.0                            LAT/LON1/LON2/DLON/H
  195  174  158  142  126  114  107  101  100  100  100   96   93   85   81   75
   73   72   76   78   84   84   88   85   89   87   92   92  100  107  119  136
  149  167  179  194  203  214  223  233  246  258  275  290  304  316  327  337
  344  351  354  359  356  357  351  347  339  328  316  305  289  281  268  261
  251  248  239  238  233  222  213  210  195                                   
    57.5-180.0 180.0   5.0 450.0                            LAT/LON1/LON2/DLON/H
  207  190  171  149  133  116  107   99   97   96   96   95   93   86   81   75
   72   72   73   75   77   77   77   76   79   77   84   83   92   97  111  126
  143  161  175  190  199  211  219  235  245  263  278  299  311  327  337  348
  354  360  364  368  368  368  367  363  357  345  331  317  303  289  277  264
  255  247  242  238  238  229  223  216  207                                   
    55.0-180.0 180.0   5.0 450.0                            LAT/LON1/LON2/DLON/H
  221  202  187  166  146  127  114  101   97   94   94   93   91   86   81   77
   75   74   75   76   76   72   71   68   71   71   75   77   85   93  107  127
  144  163  176  193  202  214  225  241  255  272  292  310  326  340  353  363
  370  378  382  388  385  387  384  379  376  363  354  340  326  310  296  280
  267  258  251  250  249  239  233  238  221                                   
    52.5-180.0 180.0   5.0 450.0                            LAT/LON1/LON2/DLON/H
  233  223  207  187  165  141  125  108  100   95   96   94   94   89   86   81
   80   80   80   80   76   72   67   65   65   66   71   73   81   88  103  122
  142  161  178  196  207  221  230  249  262  284  301  324  338  357  367  379
  385  391  396  400  404  405  406  402  398  387  375  362  350  335  319  302
  289  279  272  271  268  261  254  251  233                                   
    50.0-180.0 180.0   5.0 450.0                            LAT/LON1/LON2/DLON/H
  248  237  224  208  188  163  144  123  111  102   99   98   97   94   89   87
   86   86   87   86   83   76   71   66   69   66   71   72   81   88  105  125
  145  167  183  204  215  229  244  261  278  299  320  342  359  376  388  398
  404  413  417  424  424  427  423  419  414  403  393  382  368  356  341  325
  311  302  295  293  289  274  266  267  248                                   
    47.5-180.0 180.0   5.0 450.0                            LAT/LON1/LON2/DLON/H
  257  248  239  225  211  187  165  141  127  114  111  106  105   99   96   93
   95   97   97   97   92   87   79   76   75   74   75   76   81   89  104  124
  147  166  188  206  221  237  251  271  288  312  335  355  373  388  400  409
  416  424  428  435  437  439  436  433  424  415  401  390  380  368  356  342
  331  319  312  307  301  286  279  270  257                                   
    45.0-180.0 180.0   5.0 450.0                            LAT/LON1/LON2/DLON/H
  253  248  241  234  225  207  187  164  147  132  123  117  112  108  103  103
  105  109  111  112  108  101   94   89   90   85   88   83   88   92  109  127
  150  170  193  213  226  243  262  280  303  324  352  371  391  402  414  425
  430  442  445  454  452  453  446  440  430  417  403  394  382  374  362  353
  340  332  322  316  307  289  279  268  253                                   
    42.5-180.0 180.0   5.0 450.0                            LAT/LON1/LON2/DLON/H
  241  239  236  232  230  218  205  185  170  153  142  133  128  120  115  112
  117  121  126  127  126  120  113  109  107  103  100   96   94  100  112  132
  154  172  196  211  229  246  268  291  315  339  365  383  401  413  425  434
  441  452  457  466  465  463  455  447  432  420  401  389  378  370  363  352
  342  332  322  315  304  283  272  256  241                                   
    40.0-180.0 180.0   5.0 450.0                            LAT/LON1/LON2/DLON/H
  212  215  209  215  219  215  211  197  186  170  158  149  142  134  127  126
  129  136  141  145  144  139  134  130  125  118  112  100  100   99  113  129
  149  168  191  210  232  256  282  307  338  356  390  402  427  435  449  459
  466  479  482  492  486  484  469  460  444  427  408  396  381  375  361  355
  341  337  323  316  301  274  255  243  212                                   
    37.5-180.0 180.0   5.0 450.0                            LAT/LON1/LON2/DLON/H
  190  192  187  192  202  206  209  202  197  184  175  166  161  151  143  139
  143  149  156  158  159  154  150  145  140  131  122  112  104  106  115  130
  148  168  192  212  239  267  297  327  359  387  415  432  452  465  483  491
  500  508  514  519  516  508  497  483  465  448  427  414  401  389  376  361
  349  337  324  313  295  264  242  224  190                                   
    35.0-180.0 180.0   5.0 450.0                            LAT/LON1/LON2/DLON/H
  169  177  159  166  176  184  196  195  196  189  183  178  175  167  159  155
  157  162  169  171  172  166  162  154  145  134  123  107  102  100  115  126
  153  171  200  224  257  292  322  358  392  423  450  468  489  506  526  544
  554  568  573  583  577  569  553  540  523  505  481  470  443  432  407  395
  373  362  341  325  301  266  238  228  169                                   
    32.5-180.0 180.0   5.0 450.0                            LAT/LON1/LON2/DLON/H
  176  172  151  147  157  165  178  184  189  188  186  187  185  180  173  169
  170  173  178  180  178  172  165  157  148  136  124  110  103  104  116  141
  160  189  210  244  277  315  344  384  416  454  478  503  528  557  580  606
  620  636  643  647  646  637  628  616  603  585  563  544  514  493  463  451
  423  408  380  361  326  287  247  235  176                                   
    30.0-180.0 180.0   5.0 450.0                            LAT/LON1/LON2/DLON/H
  187  179  157  147  149  154  167  172  180  181  185  190  193  189  185  181
  181  181  184  183  181  172  164  153  142  128  121  106  108  110  131  154
  179  205  236  260  305  336  380  404  444  472  503  536  565  600  637  662
  680  701  716  726  730  725  722  716  705  685  656  638  611  593  550  524
  493  479  454  428  386  332  287  279  187                                   
    27.5-180.0 180.0   5.0 450.0                            LAT/LON1/LON2/DLON/H
  230  203  187  164  161  159  166  169  175  181  186  194  197  197  191  190
  187  187  186  184  177  171  160  151  138  129  121  116  115  129  146  175
  199  221  253  277  316  347  388  415  454  481  519  559  601  648  691  714
  742  767  789  798  813  811  822  826  823  807  781  756  728  697  657  622
  583  555  518  489  454  405  348  332  230                                   
    25.0-180.0 180.0   5.0 450.0                            LAT/LON1/LON2/DLON/H
  290  268  236  210  189  184  182  180  183  183  190  196  203  202  201  198
  193  190  186  181  176  168  158  148  141  130  127  127  130  143  158  174
  204  234  269  294  330  364  401  431  473  493  539  578  635  670  729  749
  795  819  853  864  884  893  908  922  930  928  903  880  848  813  760  718
  672  640  610  577  535  468  429  408  290                                   
    22.5-180.0 180.0   5.0 450.0                            LAT/LON1/LON2/DLON/H
  381  355  316  282  256  236  223  210  202  199  201  206  211  208  204  201
  197  194  187  181  171  166  153  148  141  138  136  148  145  147  151  173
  205  242  275  302  343  377  414  439  476  496  543  585  638  691  742  779
  825  859  895  910  935  947  969  986 1003 1006  995  975  947  905  855  805
  757  718  683  652  618  555  495  486  381                                   
    20.0-180.0 180.0   5.0 450.0                            LAT/LON1/LON2/DLON/H
  458  442  398  367  331  303  280  264  242  229  220  222  221  213  208  203
  201  194  188  177  170  160  155  150  152  151  142  137  117  119  132  165
  214  244  279  310  355  396  432  463  495  523  562  603  654  693  758  782
  832  863  896  912  934  947  977  998 1023 1031 1033 1021  998  965  916  872
  821  786  745  712  677  616  565  549  458                                   
    17.5-180.0 180.0   5.0 450.0                            LAT/LON1/LON2/DLON/H
  523  520  475  441  403  375  344  320  298  269  257  242  242  228  218  211
  206  198  188  177  168  161  155  157  151  149  128  117   98  102  127  168
  211  252  284  328  370  416  448  487  515  542  587  624  660  705  744  777
  815  841  867  880  896  915  938  965  989 1006 1019 1017 1011  982  950  902
  863  823  789  756  720  658  616  584  523                                   
    15.0-180.0 180.0   5.0 450.0                            LAT/LON1/LON2/DLON/H
  563  573  542  508  469  436  406  384  353  319  286  268  253  243  235  224
  218  202  192  175  169  161  156  151  145  137  109   98   90   96  139  168
  223  249  298  336  384  419  458  494  531  568  607  636  675  694  740  760
  787  802  814  828  837  854  873  896  919  938  962  969  974  960  935  899
  864  832  803  771  741  674  632  593  563                                   
    12.5-180.0 180.0   5.0 450.0                            LAT/LON1/LON2/DLON/H
  585  589  583  560  518  479  450  424  406  362  328  292  278  260  251  245
  235  217  197  182  174  161  151  144  131  121  100   96   93  106  140  178
  218  263  304  348  386  421  460  502  546  587  625  659  682  707  731  749
  762  763  769  767  776  783  797  813  828  854  874  900  918  917  907  876
  849  820  797  763  733  670  629  599  585                                   
    10.0-180.0 180.0   5.0 450.0                            LAT/LON1/LON2/DLON/H
  576  578  590  579  548  511  475  456  435  398  351  318  289  267  258  251
  240  226  199  180  157  153  133  133  114  111  104  105  108  117  150  168
  223  260  309  346  386  417  459  501  549  590  627  659  687  700  722  720
  733  719  724  718  722  726  732  742  756  773  800  832  859  871  868  846
  825  800  779  749  719  664  618  584  576                                   
     7.5-180.0 180.0   5.0 450.0                            LAT/LON1/LON2/DLON/H
  564  561  584  586  559  525  491  469  454  413  384  337  309  278  267  261
  250  228  197  170  148  139  121  123  110  110  117  125  129  130  142  183
