data/unet/pred0760.15i
     1.0            IONOSPHERE MAPS     GNSS                IONEX VERSION / TYPE
pyspatialgeodesy        IME             05-JAN-18 20:20     PGM / RUN BY / DATE 
Map Name                                                    COMMENT             
Predicted global ionosphere maps (GIM).                     DESCRIPTION         
  2015     3    17     0     0     0                        EPOCH OF FIRST MAP  
  2015     3    18     0     0     0                        EPOCH OF LAST MAP   
  7200                                                      INTERVAL            
    13                                                      # OF MAPS IN FILE   
  NONE                                                      MAPPING FUNCTION    
10.0                                                        ELEVATION CUTOFF    
One-way carrier phase leveled to code                       OBSERVABLES USED    
  6371.0                                                    BASE RADIUS         
 2                                                          MAP DIMENSION       
   450.0 450.0   0.0                                        HGT1 / HGT2 / DHGT  
    87.5 -87.5  -2.5                                        LAT1 / LAT2 / DLAT  
  -180.0 180.0   5.0                                        LON1 / LON2 / DLON  
    -1                                                      EXPONENT            
                                                            END OF HEADER       
[from data line 1287]
     4                                                      START OF TEC MAP    
  2015     3    17     6     0     0                        EPOCH OF CURRENT MAP
    87.5-180.0 180.0   5.0 450.0                            LAT/LON1/LON2/DLON/H
  151  171  166  168  170  167  169  166  168  165  166  162  164  159  159  154
  156  151  153  150  155  152  156  153  157  155  157  154  155  152  153  151
  152  151  152  151  153  153  154  154  157  156  159  159  162  162  165  164
  168  167  170  168  171  169  171  169  171  169  171  169  171  169  170  169
  171  170  171  172  177  172  189  170  151                                   
    85.0-180.0 180.0   5.0 450.0                            LAT/LON1/LON2/DLON/H
  161  164  152  159  160  156  158  155  158  154  156  152  156  151  153  148
  150  145  147  142  146  141  144  141  143  141  142  141  140  140  139  140
  138  139  137  140  138  141  140  144  144  147  149  150  155  156  160  160
  164  165  168  167  170  170  172  172  174  173  173  172  173  172  171  170
  170  169  167  168  168  158  169  168  161                                   
    82.5-180.0 180.0   5.0 450.0                            LAT/LON1/LON2/DLON/H
  156  150  143  148  149  148  148  149  149  151  149  152  151  154  151  154
  152  153  151  152  150  150  146  147  143  144  139  141  137  138  135  137
  136  136  136  137  138  139  141  141  144  145  149  151  157  159  164  166
  171  172  178  178  183  183  187  186  189  186  187  183  186  181  181  175
  176  170  168  164  164  156  158  147  156                                   
    80.0-180.0 180.0   5.0 450.0                            LAT/LON1/LON2/DLON/H
  156  147  136  137  134  134  133  136  137  139  142  143  148  147  152  149
  154  147  151  144  146  138  139  131  131  125  125  120  121  118  119  117
  120  120  122  124  125  127  130  133  136  141  144  151  155  162  166  173
  178  184  190  195  198  204  207  210  212  213  213  212  213  209  205  199
  195  187  181  176  171  159  152  148  156                                   
    77.5-180.0 180.0   5.0 450.0                            LAT/LON1/LON2/DLON/H
  151  139  126  122  118  118  117  122  123  129  129  135  137  141  142  144
  144  142  139  136  132  128  122  120  113  112  107  108  106  107  107  110
  110  114  115  120  121  124  127  130  135  139  145  151  158  165  175  181
  191  196  207  212  219  224  231  235  239  241  244  245  246  245  241  238
  231  222  209  197  186  171  159  145  151                                   
    75.0-180.0 180.0   5.0 450.0                            LAT/LON1/LON2/DLON/H
  153  138  120  112  104  104  102  106  106  113  116  123  125  130  131  132
  132  130  127  124  119  116  109  106  100   98   95   94   93   94   96   97
  101  103  107  108  112  113  117  119  125  131  139  146  156  167  179  189
  197  207  218  226  234  243  250  257  262  267  268  271  271  270  265  262
  255  248  235  223  208  187  173  159  153                                   
    72.5-180.0 180.0   5.0 450.0                            LAT/LON1/LON2/DLON/H
  159  142  121  111  101   99   96   98  100  105  109  114  117  120  122  121
  121  117  116  110  108  102   99   93   89   85   84   83   84   86   88   92
   93   99  100  106  107  110  112  117  120  127  136  147  157  170  184  196
  207  218  233  242  252  261  271  277  284  288  290  292  293  293  289  285
  279  270  262  251  237  213  194  173  159                                   
    70.0-180.0 180.0   5.0 450.0                            LAT/LON1/LON2/DLON/H
  171  154  131  115  102   97   93   93   94   98  101  105  107  109  109  110
  109  107  105  102   98   96   91   88   83   81   79   79   79   82   84   88
   91   94   98   99  103  103  109  109  116  122  133  145  159  172  188  200
  212  225  239  251  261  271  282  291  298  303  303  305  305  306  300  298
  292  285  275  265  256  236  215  202  171                                   
    67.5-180.0 180.0   5.0 450.0                            LAT/LON1/LON2/DLON/H
  189  169  143  125  108  102   95   93   94   97   99   99  102  100  104   99
  103   98  101   96   97   93   92   88   86   82   83   81   82   84   85   89
   89   94   93   98   97  101  103  109  115  125  137  151  165  178  193  204
  219  230  247  256  268  275  289  295  304  305  305  306  306  305  302  300
  296  289  283  272  265  248  233  217  189                                   
    65.0-180.0 180.0   5.0 450.0                            LAT/LON1/LON2/DLON/H
  200  181  154  132  113  101   96   92   92   93   96   96   97   95   95   92
   94   92   93   91   92   90   91   87   87   83   84   81   82   84   83   85
   84   86   87   89   92   94  100  105  115  128  142  156  171  185  200  212
  224  236  250  261  271  280  291  300  305  306  303  301  300  299  296  295
  293  287  283  275  273  259  245  235  200                                   
    62.5-180.0 180.0   5.0 450.0                            LAT/LON1/LON2/DLON/H
  214  193  166  142  119  109   98   95   92   92   93   92   94   90   91   88
   91   88   91   90   92   91   93   90   91   88   88   86   86   85   82   82
   77   79   78   83   84   90   95  108  118  135  150  166  180  193  208  220
  235  247  261  270  280  287  298  302  306  303  298  294  292  291  288  287
  286  282  279  274  273  261  249  240  214                                   
    60.0-180.0 180.0   5.0 450.0                            LAT/LON1/LON2/DLON/H
  221  198  169  146  123  107   98   91   89   88   88   89   90   88   89   86
   89   87   89   89   93   91   94   90   92   88   89   87   84   83   75   74
   66   68   66   74   76   86   94  110  123  142  158  175  189  206  220  235
  248  261  272  283  291  300  305  311  311  308  300  295  292  289  284  282
  280  276  273  270  273  262  249  246  221                                   
    57.5-180.0 180.0   5.0 450.0                            LAT/LON1/LON2/DLON/H
  231  207  181  158  132  117  100   93   86   84   83   83   83   84   85   85
   86   85   87   86   89   88   90   88   89   88   89   87   86   80   74   66
   60   58   60   67   74   87   99  118  134  154  170  186  202  219  235  249
  265  276  289  298  306  312  317  320  320  316  311  307  304  299  293  289
  283  277  273  272  272  261  247  244  231                                   
    55.0-180.0 180.0   5.0 450.0                            LAT/LON1/LON2/DLON/H
  239  213  186  166  143  121  105   94   84   81   77   78   79   80   82   82
   82   82   82   83   84   84   85   82   84   84   85   85   82   78   69   62
   53   53   53   64   72   90  104  126  144  164  182  198  219  237  253  269
  282  297  308  320  325  331  332  337  335  335  329  327  322  317  307  300
  291  283  277  275  275  266  252  250  239                                   
    52.5-180.0 180.0   5.0 450.0                            LAT/LON1/LON2/DLON/H
  251  225  208  184  162  140  118  103   89   80   74   73   74   76   78   78
   79   77   78   76   79   78   80   78   81   82   87   86   88   80   75   62
   57   52   57   67   80  100  119  142  159  179  197  215  237  255  274  287
  302  315  330  338  345  348  351  352  354  354  353  351  349  343  335  323
  311  301  292  290  287  275  259  258  251                                   
    50.0-180.0 180.0   5.0 450.0                            LAT/LON1/LON2/DLON/H
  266  244  228  206  185  160  136  118   99   88   76   75   72   75   75   77
   74   73   71   73   74   76   77   77   80   81   86   87   88   84   77   67
   60   59   62   75   89  112  133  154  171  190  210  232  257  276  294  309
  323  338  349  359  361  365  365  368  369  371  371  370  368  360  350  336
  324  311  304  297  295  281  272  269  266                                   
    47.5-180.0 180.0   5.0 450.0                            LAT/LON1/LON2/DLON/H
  277  260  251  233  210  186  159  136  116   99   86   78   76   76   78   75
   75   70   71   70   76   77   83   82   87   89   96   97  100   94   90   78
   73   71   78   89  106  129  149  169  185  204  225  249  274  291  311  325
  341  352  365  369  374  372  375  373  377  376  381  378  379  371  362  349
  337  324  317  310  304  293  278  279  277                                   
    45.0-180.0 180.0   5.0 450.0                            LAT/LON1/LON2/DLON/H
  282  267  260  246  227  202  178  155  133  117   98   89   83   82   81   79
   76   73   73   77   83   89   94   94   97   98  102  104  106  102   97   86
   81   80   87  100  118  142  162  180  198  217  241  265  290  308  326  342
  355  367  375  382  382  382  380  381  381  383  383  381  379  371  360  348
  338  327  322  313  308  296  293  289  282                                   
    42.5-180.0 180.0   5.0 450.0                            LAT/LON1/LON2/DLON/H
  279  264  258  244  230  210  191  171  150  132  115  102   96   92   91   86
   84   79   82   86   96  102  111  111  114  113  116  116  116  111  104   95
   91   92   99  112  132  155  173  192  209  230  255  280  304  322  340  354
  367  376  384  385  387  383  382  380  383  381  379  373  368  361  352  346
  337  331  325  320  309  302  292  289  279                                   
    40.0-180.0 180.0   5.0 450.0                            LAT/LON1/LON2/DLON/H
  269  251  237  228  216  201  188  174  157  142  127  115  107  103  101   97
   95   90   95  101  113  120  129  129  130  129  128  125  123  115  109   99
   94   94  101  115  135  160  180  202  220  244  268  295  320  338  355  368
  379  389  395  399  396  395  389  392  391  391  382  374  363  354  341  336
  330  326  323  318  309  301  297  290  269                                   
    37.5-180.0 180.0   5.0 450.0                            LAT/LON1/LON2/DLON/H
  257  235  215  199  190  180  171  162  154  145  133  124  118  116  114  111
  109  107  110  117  128  137  144  144  143  141  138  135  128  120  109  100
   94   92  101  114  135  161  185  207  228  254  281  310  335  353  368  378
  390  397  405  407  408  406  406  408  410  408  397  386  372  361  347  343
  337  335  331  328  314  306  292  283  257                                   
    35.0-180.0 180.0   5.0 450.0                            LAT/LON1/LON2/DLON/H
  248  217  192  176  163  154  149  145  143  140  135  129  127  127  129  128
  128  125  128  135  145  152  159  156  155  152  148  144  135  125  113  103
   95   91   94  107  125  156  183  213  233  265  291  324  348  365  377  387
  399  409  418  426  430  433  434  440  439  438  426  413  397  384  372  366
  363  358  356  344  330  311  297  290  248                                   
    32.5-180.0 180.0   5.0 450.0                            LAT/LON1/LON2/DLON/H
  260  217  188  159  140  129  123  122  125  126  127  128  129  134  139  142
  144  142  143  148  154  158  162  161  160  157  155  148  139  126  116  104
   99   92   96  102  122  148  184  213  239  268  301  334  360  374  385  392
  407  419  434  448  460  467  471  477  479  477  466  454  440  431  421  418
  415  411  404  389  368  341  309  303  260                                   
    30.0-180.0 180.0   5.0 450.0                            LAT/LON1/LON2/DLON/H
  291  233  196  165  136  119  110  107  111  115  120  124  131  138  146  151
  156  154  154  156  158  158  162  161  164  165  164  158  147  133  120  111
  104  100   95  102  113  143  174  212  238  269  302  336  363  376  386  397
  411  434  458  482  503  515  527  534  541  538  531  516  503  492  487  485
  480  475  466  448  426  392  354  345  291                                   
    27.5-180.0 180.0   5.0 450.0                            LAT/LON1/LON2/DLON/H
  352  281  237  193  157  129  113  104  106  107  114  120  128  139  147  155
  159  158  155  152  150  150  153  158  166  172  176  170  163  144  127  113
  109  102  104  105  116  137  173  207  240  271  305  335  362  377  386  400
  422  458  499  536  570  595  604  614  622  632  625  610  593  584  579  582
  575  572  555  534  508  470  425  411  352                                   
    25.0-180.0 180.0   5.0 450.0                            LAT/LON1/LON2/DLON/H
  427  355  299  253  208  174  146  127  121  116  120  121  129  136  147  153
  161  159  155  149  145  143  150  157  172  181  188  184  169  144  133  119
  109   97   98  110  117  141  168  209  239  274  308  336  363  376  393  414
  454  506  560  610  635  653  667  682  696  705  706  698  691  682  684  685
  680  675  658  637  606  558  527  503  427                                   
    22.5-180.0 180.0   5.0 450.0                            LAT/LON1/LON2/DLON/H
  515  455  408  344  285  240  198  169  149  139  135  135  134  140  144  152
  155  154  147  140  134  136  148  164  186  199  213  198  176  154  136  121
  111   98   88  101  120  135  169  200  241  273  307  338  364  386  404  433
  486  549  614  667  695  724  733  756  767  784  781  781  769  766  767  769
  767  762  744  720  690  654  627  597  515                                   
    20.0-180.0 180.0   5.0 450.0                            LAT/LON1/LON2/DLON/H
  598  555  508  452  395  333  272  230  200  181  172  158  157  148  149  148
  154  151  147  137  137  137  158  177  203  220  231  204  182  153  144  128
  121  109   96  113  126  145  168  203  237  273  309  343  377  405  428  464
  526  594  657  702  731  755  764  783  798  814  820  825  825  822  823  818
  819  812  801  775  752  717  693  688  598                                   
    17.5-180.0 180.0   5.0 450.0                            LAT/LON1/LON2/DLON/H
  672  644  605  544  489  432  373  314  266  238  213  201  183  173  159  156
  155  153  147  142  145  152  179  204  234  252  244  217  188  162  152  142
  130  116  102  114  124  140  169  198  236  272  306  346  381  415  443  492
  552  625  680  728  747  767  765  782  786  808  816  830  835  842  848  849
  849  849  845  828  808  779  757  766  672                                   
    15.0-180.0 180.0   5.0 450.0                            LAT/LON1/LON2/DLON/H
  726  707  670  614  561  501  446  395  343  300  267  243  222  202  190  176
  172  166  161  156  165  176  204  231  265  275  258  226  191  170  157  145
  136  118  109  117  122  142  163  197  231  270  307  352  395  433  471  523
  580  643  688  723  734  741  734  742  747  770  789  808  820  833  844  847
  849  852  856  846  836  815  792  805  726                                   
    12.5-180.0 180.0   5.0 450.0                            LAT/LON1/LON2/DLON/H
  752  746  705  661  615  555  499  448  405  363  327  301  271  247  223  207
  196  191  185  185  194  211  238  266  290  287  264  236  198  182  168  160
  143  122  111  107  113  139  166  193  233  269  307  352  395  438  478  535
  580  632  664  700  696  700  684  693  697  723  749  780  797  820  827  836
  834  842  848  849  843  830  811  820  752                                   
    10.0-180.0 180.0   5.0 450.0                            LAT/LON1/LON2/DLON/H
  759  755  717  667  627  572  518  475  431  400  370  341  313  291  264  244
  235  223  218  216  225  241  267  292  302  290  264  232  201  180  173  153
  137  112  104   98  109  138  162  192  224  266  302  349  395  438  487  538
  582  611  634  649  650  640  635  639  651  683  721  755  777  796  805  806
  809  812  827  832  839  836  817  820  759                                   
     7.5-180.0 180.0   5.0 450.0                            LAT/LON1/LON2/DLON/H
  753  739  710  657  615  563  520  479  443  416  393  369  353  329  312  292
  278  265  257  254  254  264  280  294  300  290  262  234  198  179  159  144
