data/unet/pred1000.15i
     1.0            IONOSPHERE MAPS     GNSS                IONEX VERSION / TYPE
pyspatialgeodesy        IME             05-JAN-18 20:20     PGM / RUN BY / DATE 
Map Name                                                    COMMENT             
Predicted global ionosphere maps (GIM).                     DESCRIPTION         
  2015     4    10     0     0     0                        EPOCH OF FIRST MAP  
  2015     4    11     0     0     0                        EPOCH OF LAST MAP   
  7200                                                      INTERVAL            
    13                                                      # OF MAPS IN FILE   
  NONE                                                      MAPPING FUNCTION    
10.0                                                        ELEVATION CUTOFF    
One-way carrier phase leveled to code                       OBSERVABLES USED    
  6371.0                                                    BASE RADIUS         
 2                                                          MAP DIMENSION       
   450.0 450.0   0.0                                        HGT1 / HGT2 / DHGT  
    87.5 -87.5  -2.5                                        LAT1 / LAT2 / DLAT  
  -180.0 180.0   5.0                                        LON1 / LON2 / DLON  
    -1                                                      EXPONENT            
                                                            END OF HEADER       
[from data line 2574]
     7                                                      START OF TEC MAP    
  2015     4    10    12     0     0                        EPOCH OF CURRENT MAP
    87.5-180.0 180.0   5.0 450.0                            LAT/LON1/LON2/DLON/H
  152  164  168  169  172  171  176  176  181  179  183  182  187  185  188  186
  190  187  190  187  190  187  191  188  192  189  191  188  191  188  189  186
  187  184  184  181  181  177  176  172  173  168  168  163  165  159  160  155
  157  153  155  152  154  151  152  150  152  150  151  149  150  148  149  147
  149  147  150  148  150  148  157  137  152                                   
    85.0-180.0 180.0   5.0 450.0                            LAT/LON1/LON2/DLON/H
  143  147  154  159  163  165  172  174  181  181  187  187  193  192  197  195
  199  196  200  196  200  196  199  196  199  195  198  194  197  193  195  192
  194  190  190  187  187  182  182  177  177  171  171  166  167  161  162  156
  157  151  153  147  149  143  144  140  141  136  136  133  133  130  129  127
  127  126  127  126  127  130  141  150  143                                   
    82.5-180.0 180.0   5.0 450.0                            LAT/LON1/LON2/DLON/H
  125  133  140  145  152  157  164  170  176  180  185  191  193  197  198  202
  202  202  201  202  201  201  200  201  200  199  199  200  201  201  200  200
  200  198  197  195  194  190  188  185  182  178  176  171  169  163  163  156
  156  149  150  144  144  139  138  134  133  128  127  123  122  117  116  112
  111  109  109  106  107  108  113  131  125                                   
    80.0-180.0 180.0   5.0 450.0                            LAT/LON1/LON2/DLON/H
  114  119  128  135  142  149  159  165  173  178  184  189  193  195  198  198
  200  197  198  196  196  193  194  192  193  191  194  193  197  195  199  199
  201  199  201  199  199  195  194  190  189  184  183  178  176  170  168  163
  160  156  153  151  150  146  146  143  142  137  137  132  129  124  121  116
  112  108  105  101   97   96  100  116  114                                   
    77.5-180.0 180.0   5.0 450.0                            LAT/LON1/LON2/DLON/H
  104  101  111  119  125  137  143  154  159  167  169  178  178  184  182  186
  183  185  182  183  180  180  178  180  179  180  183  185  190  191  198  200
  205  205  208  209  208  209  206  207  202  202  198  197  192  190  184  182
  176  176  172  172  169  168  166  165  161  159  156  152  148  142  137  129
  122  116  109  100   94   89   88  106  104                                   
    75.0-180.0 180.0   5.0 450.0                            LAT/LON1/LON2/DLON/H
   98   92  101  110  117  127  132  142  146  153  156  162  163  167  168  169
  169  168  168  168  168  168  169  170  172  173  178  180  189  191  202  202
  211  210  218  215  219  218  220  217  218  215  216  211  212  206  206  199
  198  193  193  191  190  189  187  185  181  178  174  168  162  156  149  143
  133  126  117  106   97   91   90  100   98                                   
    72.5-180.0 180.0   5.0 450.0                            LAT/LON1/LON2/DLON/H
   97   87   92   99  105  113  118  124  128  132  136  139  142  145  147  149
  150  151  153  154  156  157  161  162  166  169  176  180  190  195  205  207
  217  219  225  226  230  232  231  232  231  233  231  232  230  230  227  225
  224  222  221  219  219  216  215  210  207  202  197  189  183  175  168  158
  150  139  130  115  104   93   90   98   97                                   
    70.0-180.0 180.0   5.0 450.0                            LAT/LON1/LON2/DLON/H
   97   85   89   95   99  106  109  115  115  119  119  122  123  125  128  130
  134  136  141  143  149  150  156  158  165  167  176  180  194  198  210  213
  225  227  234  233  239  238  240  239  240  240  241  240  241  240  239  238
  239  239  237  237  236  234  230  223  221  212  208  196  192  180  174  165
  156  146  136  121  108  100   94   96   97                                   
    67.5-180.0 180.0   5.0 450.0                            LAT/LON1/LON2/DLON/H
   97   87   87   90   91   96   97  100   99  101  100  101  100  104  105  112
  113  123  127  135  140  147  153  158  164  170  177  183  193  199  210  215
  226  230  238  240  245  246  245  244  244  246  246  248  247  249  246  250
  249  252  249  249  245  242  236  229  221  214  206  198  190  182  174  168
  158  149  139  124  112  100   98   95   97                                   
    65.0-180.0 180.0   5.0 450.0                            LAT/LON1/LON2/DLON/H
   99   87   84   86   86   86   90   91   91   91   90   88   88   88   92   96
  103  112  122  130  139  145  155  158  167  170  178  182  192  198  209  214
  226  229  237  240  243  246  246  247  247  249  250  250  251  252  251  255
  255  259  253  252  245  240  232  221  216  203  199  186  181  172  166  161
  154  145  136  123  112  104   98   95   99                                   
    62.5-180.0 180.0   5.0 450.0                            LAT/LON1/LON2/DLON/H
   97   87   81   81   77   77   78   80   78   79   75   76   73   76   77   85
   89  103  110  126  131  143  149  157  162  169  174  181  188  193  202  207
  219  223  233  236  244  248  249  251  251  255  253  255  254  258  256  260
  259  261  254  249  241  234  224  215  206  197  189  181  172  164  155  152
  143  138  127  119  108  100  100   93   97                                   
    60.0-180.0 180.0   5.0 450.0                            LAT/LON1/LON2/DLON/H
   99   89   77   77   73   68   69   68   69   68   67   64   65   64   69   72
   84   92  108  118  131  138  149  153  162  165  173  176  184  188  198  205
  217  222  230  237  243  249  251  254  255  259  257  260  259  264  261  267
  263  264  254  247  238  229  221  208  203  189  184  172  167  157  150  144
  139  131  124  116  108  104   99   93   99                                   
    57.5-180.0 180.0   5.0 450.0                            LAT/LON1/LON2/DLON/H
  101   88   77   73   69   65   63   64   61   62   59   60   58   59   61   68
   76   89   99  115  122  134  139  149  153  163  167  176  181  189  198  207
  217  227  232  241  248  256  256  262  261  268  265  270  269  275  274  276
  272  269  260  251  242  234  226  215  208  198  193  182  174  165  155  148
  139  133  123  117  109  102  103   93  101                                   
    55.0-180.0 180.0   5.0 450.0                            LAT/LON1/LON2/DLON/H
  113   97   80   77   71   67   65   63   61   59   59   57   57   55   59   62
   73   82   96  106  118  124  134  141  150  157  167  172  182  188  201  211
  223  234  240  251  254  265  262  271  268  277  273  281  278  287  281  287
  279  279  266  259  250  242  234  222  217  208  203  193  187  176  169  160
  151  141  134  124  118  116  112  102  113                                   
    52.5-180.0 180.0   5.0 450.0                            LAT/LON1/LON2/DLON/H
  126  109   94   84   78   73   71   70   66   66   63   63   60   59   60   65
   72   82   94  107  114  125  130  143  149  161  168  180  186  199  210  224
  237  250  255  267  271  280  278  286  284  293  291  298  296  302  298  299
  294  290  279  271  264  256  249  238  234  225  224  215  210  198  190  179
  167  157  145  137  131  126  126  111  126                                   
    50.0-180.0 180.0   5.0 450.0                            LAT/LON1/LON2/DLON/H
  147  130  112  104   96   90   85   82   78   75   73   69   68   64   66   67
   75   82   95  106  115  123  131  142  154  166  177  187  199  209  223  239
  251  268  270  285  282  295  290  302  296  309  304  316  309  318  310  316
  307  307  293  292  281  276  264  254  247  239  237  230  228  216  212  197
  188  173  163  154  149  147  149  133  147                                   
    47.5-180.0 180.0   5.0 450.0                            LAT/LON1/LON2/DLON/H
  167  152  141  128  119  109  104   97   93   89   86   85   79   76   72   74
   80   90  101  114  122  133  139  155  164  180  189  204  212  226  238  254
  268  285  293  305  309  318  318  326  325  333  332  336  334  336  332  330
  326  321  312  307  299  291  280  268  259  249  247  240  240  232  226  214
  204  190  178  169  162  163  166  150  167                                   
    45.0-180.0 180.0   5.0 450.0                            LAT/LON1/LON2/DLON/H
  183  173  163  157  149  139  128  118  111  106  101   98   94   87   85   83
   90   98  111  125  134  144  151  168  181  198  210  222  230  243  254  269
  281  297  303  314  320  331  331  341  338  349  343  352  346  352  343  346
  337  335  324  323  308  303  284  273  259  250  243  238  236  231  228  216
  208  194  185  175  170  171  179  168  183                                   
    42.5-180.0 180.0   5.0 450.0                            LAT/LON1/LON2/DLON/H
  191  186  181  174  170  159  150  136  128  120  117  114  110  103   97   95
  100  109  123  138  147  159  166  187  199  219  228  241  248  259  270  284
  299  313  326  338  352  363  369  375  376  380  379  380  379  375  369  364
  356  350  340  332  320  307  290  274  259  245  240  230  230  222  221  209
  206  192  186  172  167  171  182  175  191                                   
    40.0-180.0 180.0   5.0 450.0                            LAT/LON1/LON2/DLON/H
  189  190  183  184  184  181  171  158  145  134  132  126  124  114  110  104
  111  119  133  147  156  168  178  199  214  234  244  256  261  275  286  303
  320  333  357  371  394  405  414  423  420  423  414  419  409  410  394  391
  375  369  351  347  327  318  292  277  258  244  235  224  220  214  212  203
  198  188  178  167  158  162  173  171  189                                   
    37.5-180.0 180.0   5.0 450.0                            LAT/LON1/LON2/DLON/H
  178  183  176  178  180  178  175  162  152  141  138  136  135  127  121  116
  119  128  141  154  162  173  185  206  222  244  253  266  273  287  304  319
  343  360  393  409  439  452  470  472  476  468  468  460  456  450  436  426
  409  397  382  374  358  342  318  297  274  258  245  232  227  212  210  198
  195  182  173  159  155  155  171  165  178                                   
    35.0-180.0 180.0   5.0 450.0                            LAT/LON1/LON2/DLON/H
  167  168  158  167  170  176  174  167  156  149  144  143  143  136  132  124
  127  133  144  156  161  174  183  207  221  246  256  275  282  304  320  340
  364  386  426  447  486  504  527  530  532  524  520  513  505  499  481  472
  452  442  420  412  399  377  353  328  305  290  273  258  242  228  221  213
  206  196  178  167  151  151  161  156  167                                   
    32.5-180.0 180.0   5.0 450.0                            LAT/LON1/LON2/DLON/H
  163  155  149  154  159  164  165  158  150  143  142  144  146  141  138  129
  132  135  145  155  162  171  183  201  220  242  257  276  291  312  332  357
  386  417  457  489  528  555  582  589  591  586  580  576  565  557  535  529
  507  499  479  475  466  449  429  396  369  336  313  294  280  259  246  238
  223  216  199  185  167  159  164  139  163                                   
    30.0-180.0 180.0   5.0 450.0                            LAT/LON1/LON2/DLON/H
  152  147  138  140  149  156  161  154  148  141  142  143  148  144  143  133
  135  135  142  151  158  170  178  200  213  238  248  277  293  319  338  368
  403  446  491  535  580  616  643  651  657  652  659  649  650  639  628  620
  604  596  586  575  573  561  545  519  482  449  397  381  332  314  270  270
  240  249  230  219  194  185  177  143  152                                   
    27.5-180.0 180.0   5.0 450.0                            LAT/LON1/LON2/DLON/H
  154  149  139  141  149  151  154  150  145  139  140  139  143  140  140  130
  131  131  139  150  158  170  182  198  214  233  248  278  299  327  349  384
  431  482  534  582  627  661  685  692  702  704  718  725  722  722  714  714
  706  703  702  698  699  694  684  667  639  600  556  513  473  433  379  360
  320  317  282  270  245  232  210  157  154                                   
    25.0-180.0 180.0   5.0 450.0                            LAT/LON1/LON2/DLON/H
  194  174  156  147  151  155  161  155  146  137  137  137  143  138  139  128
  129  126  137  148  159  176  188  205  215  237  251  283  304  331  362  406
  459  516  573  624  668  698  719  729  744  756  778  782  794  788  790  788
  791  790  790  783  774  766  750  744  716  705  655  631  582  566  502  477
  416  401  357  338  297  288  266  227  194                                   
    22.5-180.0 180.0   5.0 450.0                            LAT/LON1/LON2/DLON/H
  236  235  210  178  168  162  164  161  160  145  138  136  137  138  133  124
  121  122  131  147  163  182  197  211  222  240  261  290  313  343  385  434
  490  547  600  644  680  702  725  732  753  780  804  820  832  838  839  839
  842  839  840  832  827  821  811  797  772  751  721  703  664  649  609  592
  545  523  464  429  384  367  353  300  236                                   
    20.0-180.0 180.0   5.0 450.0                            LAT/LON1/LON2/DLON/H
  299  288  258  229  206  195  180  173  161  157  139  132  131  129  131  122
  123  122  135  149  169  191  206  220  229  246  268  299  329  364  407  458
  515  562  612  647  675  692  711  720  746  778  810  831  851  855  864  857
  864  856  857  845  841  838  825  813  782  758  730  717  687  687  657  660
  621  611  557  509  461  437  415  378  299                                   
    17.5-180.0 180.0   5.0 450.0                            LAT/LON1/LON2/DLON/H
  348  333  298  261  239  220  206  193  185  165  154  137  122  122  122  124
  121  124  136  156  178  200  214  226  238  255  283  314  350  388  436  484
  531  573  609  638  654  664  680  694  718  758  796  829  840  851  855  855
  858  852  846  836  831  827  817  798  765  729  688  662  647  646  636  639
  625  620  596  567  523  505  473  433  348                                   
    15.0-180.0 180.0   5.0 450.0                            LAT/LON1/LON2/DLON/H
  390  367  328  296  268  249  227  213  189  175  152  144  123  118  114  114
  117  120  133  149  173  193  209  227  242  265  296  332  366  412  454  499
  541  573  604  624  636  647  658  672  700  735  776  808  823  831  837  832
  833  818  815  795  797  787  781  757  708  650  595  571  561  567  566  595
  598  609  590  568  540  521  491  461  390                                   
    12.5-180.0 180.0   5.0 450.0                            LAT/LON1/LON2/DLON/H
  403  380  341  307  280  257  234  217  200  180  168  153  133  126  120  118
  122  126  135  152  170  191  206  222  240  268  302  338  384  432  475  515
  543  574  603  616  624  628  640  654  679  716  750  783  796  806  810  810
  802  791  778  763  754  746  733  701  641  574  521  496  477  490  497  521
  524  543  533  531  517  504  491  470  403                                   
    10.0-180.0 180.0   5.0 450.0                            LAT/LON1/LON2/DLON/H
  399  383  348  320  293  266  242  226  202  182  165  148  135  122  120  116
  119  129  136  153  170  189  203  221  242  273  305  352  396  449  488  516
  549  566  600  609  621  625  635  652  677  703  732  749  769  775  781  776
  772  756  749  732  725  709  692  649  593  516  475  432  416  411  416  439
  447  470  470  473  476  475  467  455  399                                   
     7.5-180.0 180.0   5.0 450.0                            LAT/LON1/LON2/DLON/H
  389  370  338  315  289  258  234  214  196  176  166  156  142  131  124  127
  122  132  141  155  171  190  204  220  241  276  312  364  415  463  492  519
