data/unet/pred2070.15i
     1.0            IONOSPHERE MAPS     GNSS                IONEX VERSION / TYPE
pyspatialgeodesy        IME             05-JAN-18 20:20     PGM / RUN BY / DATE 
Map Name                                                    COMMENT             
Predicted global ionosphere maps (GIM).                     DESCRIPTION         
  2015     7    26     0     0     0                        EPOCH OF FIRST MAP  
  2015     7    27     0     0     0                        EPOCH OF LAST MAP   
  7200                                                      INTERVAL            
    13                                                      # OF MAPS IN FILE   
  NONE                                                      MAPPING FUNCTION    
10.0                                                        ELEVATION CUTOFF    
One-way carrier phase leveled to code                       OBSERVABLES USED    
  6371.0                                                    BASE RADIUS         
 2                                                          MAP DIMENSION       
   450.0 450.0   0.0                                        HGT1 / HGT2 / DHGT  
    87.5 -87.5  -2.5                                        LAT1 / LAT2 / DLAT  
  -180.0 180.0   5.0                                        LON1 / LON2 / DLON  
    -1                                                      EXPONENT            
                                                            END OF HEADER       
[from data line 2574]
     7                                                      START OF TEC MAP    
  2015     7    26    12     0     0                        EPOCH OF CURRENT MAP
    87.5-180.0 180.0   5.0 450.0                            LAT/LON1/LON2/DLON/H
  125  134  133  132  133  132  132  132  133  132  133  132  133  131  132  130
  130  128  129  127  128  126  127  126  127  126  127  126  127  126  126  125
  126  125  125  124  124  123  122  122  122  121  121  121  121  121  121  120
  121  120  121  121  122  121  123  122  124  123  124  124  126  124  126  125
  127  126  129  127  128  128  138  119  125                                   
    85.0-180.0 180.0   5.0 450.0                            LAT/LON1/LON2/DLON/H
  129  127  131  127  130  127  131  128  131  128  130  127  129  126  128  124
  127  123  126  123  125  122  124  122  124  123  124  123  125  124  125  125
  126  125  126  124  125  124  125  123  124  123  123  122  122  121  122  120
  121  119  120  119  120  119  120  119  120  119  120  119  121  119  121  119
  123  121  124  123  125  125  131  130  129                                   
    82.5-180.0 180.0   5.0 450.0                            LAT/LON1/LON2/DLON/H
  125  126  129  125  129  124  128  124  128  123  127  120  124  118  122  116
  120  115  119  114  119  114  120  115  121  117  122  119  124  121  126  123
  127  124  128  125  128  125  127  125  127  124  126  123  125  122  123  121
  121  119  120  118  119  117  118  116  118  115  117  114  117  114  117  114
  118  115  121  117  122  119  123  118  125                                   
    80.0-180.0 180.0   5.0 450.0                            LAT/LON1/LON2/DLON/H
  119  122  123  125  126  125  126  125  125  124  123  121  120  118  117  115
  114  113  113  113  113  114  114  115  116  117  118  119  120  121  122  123
  124  125  127  127  128  128  129  128  128  127  127  126  125  124  123  123
  121  121  120  120  119  119  118  118  117  116  116  115  114  113  113  113
  113  114  115  116  117  116  113  115  119                                   
    77.5-180.0 180.0   5.0 450.0                            LAT/LON1/LON2/DLON/H
  115  119  118  120  121  123  121  121  119  118  116  114  112  110  108  107
  105  105  105  107  106  109  109  112  112  114  114  116  116  119  119  122
  122  125  125  128  127  130  129  130  127  129  127  128  125  126  123  124
  121  122  120  121  119  120  118  119  117  117  115  115  112  112  110  111
  110  111  111  111  112  111  109  109  115                                   
    75.0-180.0 180.0   5.0 450.0                            LAT/LON1/LON2/DLON/H
  108  112  114  118  117  120  118  119  114  115  110  109  104  103   99   99
   96   98   98  101  102  105  106  109  109  112  112  114  113  117  117  119
  119  123  124  128  126  131  129  132  128  131  128  129  125  127  124  124
  120  122  119  121  119  121  120  120  118  118  116  115  112  111  109  109
  107  108  107  108  108  109  104  108  108                                   
    72.5-180.0 180.0   5.0 450.0                            LAT/LON1/LON2/DLON/H
  105  111  109  112  112  114  112  112  108  106  102  100   95   94   91   91
   89   91   92   96   96  101  101  106  105  109  107  111  109  113  112  117
  116  122  122  127  127  131  130  132  130  132  129  130  127  127  124  124
  120  122  120  123  120  123  121  123  120  120  117  117  113  112  108  108
  106  106  105  105  105  105  105  105  105                                   
    70.0-180.0 180.0   5.0 450.0                            LAT/LON1/LON2/DLON/H
   99  100  103  105  106  108  107  106  102  101   97   94   91   89   87   87
   87   89   91   94   97  100  102  106  107  109  108  112  110  113  112  116
  116  122  123  128  128  133  132  135  132  134  132  133  130  130  127  126
  123  124  124  126  125  127  127  127  126  125  123  121  119  116  114  112
  110  109  107  105  105  104  101  103   99                                   
    67.5-180.0 180.0   5.0 450.0                            LAT/LON1/LON2/DLON/H
   98   97   94   95   96   98   96   96   93   92   89   87   84   83   83   83
   84   86   88   91   94   98  100  104  104  107  105  109  107  111  110  115
  115  121  123  128  129  133  133  134  133  135  133  134  130  131  126  126
  123  126  124  129  127  131  129  132  128  129  125  125  121  121  116  116
  112  112  109  107  106  103  100   99   98                                   
    65.0-180.0 180.0   5.0 450.0                            LAT/LON1/LON2/DLON/H
   92   88   87   85   85   87   88   87   86   84   84   83   83   83   83   84
   85   87   90   92   95   98  102  105  106  108  106  109  107  111  111  115
  116  122  124  130  130  135  133  137  134  138  135  137  133  133  130  129
  126  128  129  131  132  133  134  134  134  132  131  129  128  126  125  123
  120  119  117  112  110  106  100   98   92                                   
    62.5-180.0 180.0   5.0 450.0                            LAT/LON1/LON2/DLON/H
   90   83   78   76   75   74   75   76   74   75   75   76   77   79   81   82
   84   85   86   88   92   95   98  102  104  105  103  106  104  108  108  115
  116  123  125  130  131  133  134  136  136  139  138  140  136  136  131  131
  128  130  130  134  134  137  137  138  136  136  133  133  130  130  127  127
  123  124  120  116  113  107  102   95   90                                   
    60.0-180.0 180.0   5.0 450.0                            LAT/LON1/LON2/DLON/H
   87   77   75   68   68   65   67   66   67   67   69   71   74   76   80   82
   84   85   86   88   91   94   97  102  103  105  103  106  105  109  110  117
  119  125  128  133  133  136  136  139  139  143  142  144  141  140  135  134
  132  133  135  137  140  140  142  139  140  137  137  135  135  135  134  133
  130  129  127  123  119  110  102   95   87                                   
    57.5-180.0 180.0   5.0 450.0                            LAT/LON1/LON2/DLON/H
   87   80   70   65   62   58   58   57   57   58   60   62   67   70   75   78
   81   81   82   82   84   88   93   98  101  103  103  104  104  107  110  117
  121  128  131  135  137  138  140  142  144  147  148  148  146  144  139  138
  135  137  137  141  143  144  144  142  141  140  139  139  139  139  137  136
  132  132  129  125  120  111  105   92   87                                   
    55.0-180.0 180.0   5.0 450.0                            LAT/LON1/LON2/DLON/H
   88   79   73   64   60   56   55   52   53   53   55   58   62   66   70   75
   77   80   79   82   81   88   90   99  100  106  103  108  105  111  112  121
  125  133  136  142  142  146  145  150  150  154  154  156  152  151  146  145
  142  144  144  147  148  149  148  145  145  143  144  143  145  144  142  141
  137  136  133  129  125  116  107   95   88                                   
    52.5-180.0 180.0   5.0 450.0                            LAT/LON1/LON2/DLON/H
   92   86   76   67   63   57   56   52   51   50   51   53   56   61   65   72
   74   77   77   79   79   83   89   96  101  105  104  107  106  110  114  123
  129  136  141  146  150  152  155  156  159  160  164  163  162  158  154  151
  149  149  149  151  152  152  152  149  149  148  149  149  151  150  148  145
  140  139  135  131  126  118  112   96   92                                   
    50.0-180.0 180.0   5.0 450.0                            LAT/LON1/LON2/DLON/H
   96   89   84   73   68   63   61   57   56   53   54   54   56   58   63   68
   72   77   77   81   80   88   90  102  103  110  107  113  109  116  117  127
  132  142  146  155  157  163  162  167  167  172  172  174  171  169  164  163
  159  160  157  159  157  158  156  155  155  154  156  156  158  157  154  152
  146  144  140  136  130  122  113  102   96                                   
    47.5-180.0 180.0   5.0 450.0                            LAT/LON1/LON2/DLON/H
  101   97   90   82   79   71   71   65   63   61   59   59   58   59   61   67
   71   77   78   83   83   89   93  103  106  111  110  114  112  117  119  128
  136  145  154  160  168  169  174  174  179  178  182  180  181  178  175  172
  169  168  165  164  163  162  161  160  160  162  163  164  165  164  160  157
  150  147  141  136  130  124  120  106  101                                   
    45.0-180.0 180.0   5.0 450.0                            LAT/LON1/LON2/DLON/H
  104   99   96   90   85   83   80   77   75   72   72   68   67   63   65   68
   74   80   83   89   89   98   99  110  111  117  115  121  117  122  123  132
  139  151  160  171  176  183  184  189  190  194  194  195  193  192  187  185
  181  179  173  172  167  168  166  167  167  169  171  171  173  171  168  163
  156  152  147  141  135  129  121  114  104                                   
    42.5-180.0 180.0   5.0 450.0                            LAT/LON1/LON2/DLON/H
  110  106  101   96   96   91   92   87   86   85   83   81   75   72   69   73
   76   84   87   94   94  103  104  114  114  119  118  122  121  124  127  135
  145  157  170  179  189  191  198  198  204  202  206  203  205  202  199  195
  190  187  179  177  173  173  171  174  173  177  176  178  177  177  172  168
  159  154  148  141  135  129  127  119  110                                   
    40.0-180.0 180.0   5.0 450.0                            LAT/LON1/LON2/DLON/H
  113  109  105  103  100  100   98   96   96   97   96   94   89   80   79   77
   83   90   95  104  105  113  115  122  121  126  124  129  126  132  133  142
  151  166  179  192  200  207  211  215  218  220  222  220  222  218  216  211
  206  200  192  188  182  182  180  183  183  187  186  186  184  183  178  174
  165  160  152  146  138  132  128  124  113                                   
    37.5-180.0 180.0   5.0 450.0                            LAT/LON1/LON2/DLON/H
  118  115  109  106  106  102  103  100  103  104  104  103   95   90   83   83
   87   96  102  111  113  119  120  127  125  128  127  131  132  135  140  149
  161  175  191  203  215  220  228  228  233  232  237  236  237  235  233  228
  223  217  207  203  197  196  193  196  196  198  194  194  189  187  181  177
  169  163  154  146  138  132  131  129  118                                   
    35.0-180.0 180.0   5.0 450.0                            LAT/LON1/LON2/DLON/H
  122  118  112  110  108  105  103  101  103  106  108  109  103   97   90   89
   92  103  108  118  121  129  130  135  132  134  132  138  138  145  148  159
  170  186  202  216  228  238  243  247  250  252  255  257  257  257  252  251
  244  238  227  222  214  214  208  213  209  213  206  204  195  192  184  180
  171  167  156  149  138  135  134  133  122                                   
    32.5-180.0 180.0   5.0 450.0                            LAT/LON1/LON2/DLON/H
  126  124  117  115  110  106  103  100  101  104  106  108  101   98   89   91
   93  105  113  125  128  135  135  138  134  136  135  141  145  151  159  167
  182  198  216  229  244  251  257  261  262  268  269  275  274  275  271  268
  262  257  249  243  239  234  231  230  228  227  219  212  202  195  187  181
  172  166  157  148  139  135  139  136  126                                   
    30.0-180.0 180.0   5.0 450.0                            LAT/LON1/LON2/DLON/H
  133  128  121  119  113  107  102   97   96   98  100  102   99   95   89   90
   93  105  114  127  132  141  142  143  140  142  141  148  153  161  169  179
  193  209  228  242  257  265  270  276  278  285  288  294  295  297  292  289
  282  277  269  267  261  259  253  254  249  247  235  225  212  201  191  184
  174  168  156  150  139  139  142  139  133                                   
    27.5-180.0 180.0   5.0 450.0                            LAT/LON1/LON2/DLON/H
  140  134  130  126  118  111  104   97   92   93   92   95   92   90   84   87
   90  104  114  129  135  144  144  147  143  144  143  152  160  167  178  187
  203  220  238  254  268  276  278  286  288  299  301  310  310  313  308  306
  300  295  289  284  280  277  272  270  266  261  247  233  217  204  192  182
  173  165  155  148  140  140  146  142  140                                   
    25.0-180.0 180.0   5.0 450.0                            LAT/LON1/LON2/DLON/H
  146  142  134  132  123  116  105   97   90   87   86   87   86   84   81   82
   87  101  111  128  137  146  148  149  146  148  148  159  167  176  187  196
  213  227  250  265  276  284  286  297  300  312  316  323  325  326  323  321
  315  313  306  303  299  297  291  290  284  280  264  245  227  211  197  186
  173  166  153  148  139  144  149  145  146                                   
    22.5-180.0 180.0   5.0 450.0                            LAT/LON1/LON2/DLON/H
  152  147  144  140  132  121  113  103   93   88   83   83   82   81   79   82
   86   98  110  127  136  146  148  150  146  149  150  163  172  182  194  205
  218  237  258  274  283  292  294  305  309  321  322  329  328  329  326  324
  321  321  318  316  315  311  305  300  295  287  272  250  232  211  200  184
  173  160  152  144  140  142  151  143  152                                   
    20.0-180.0 180.0   5.0 450.0                            LAT/LON1/LON2/DLON/H
  152  149  144  142  135  127  117  106   96   89   83   81   80   79   78   78
   83   91  106  121  134  141  146  148  147  152  155  170  181  191  203  212
  229  245  267  280  285  292  295  307  313  322  324  328  330  331  328  329
  325  329  329  331  329  326  318  316  308  301  284  262  241  219  205  187
  175  162  153  144  138  143  150  141  152                                   
    17.5-180.0 180.0   5.0 450.0                            LAT/LON1/LON2/DLON/H
  153  149  146  143  137  129  123  112  103   93   86   82   82   82   81   81
   85   94  104  117  128  138  141  145  145  153  159  175  185  197  211  223
  238  256  273  285  290  298  302  313  315  325  323  331  329  334  329  333
  332  337  338  341  339  332  326  319  313  301  285  263  244  219  207  186
  177  161  156  145  140  138  145  133  153                                   
    15.0-180.0 180.0   5.0 450.0                            LAT/LON1/LON2/DLON/H
  147  142  138  137  131  126  120  113  105   96   90   85   85   85   85   83
   85   89  100  111  123  131  136  142  146  157  166  182  194  208  222  234
  250  266  276  288  291  300  304  315  316  325  321  330  328  337  334  342
  341  349  351  355  350  345  334  330  319  309  292  271  248  226  210  192
  179  167  159  148  139  137  141  127  147                                   
    12.5-180.0 180.0   5.0 450.0                            LAT/LON1/LON2/DLON/H
  144  138  131  127  122  117  114  110  105   97   91   87   88   88   89   88
   89   93  100  111  120  128  132  140  147  160  171  187  201  216  233  248
  265  278  288  297  305  312  316  325  323  329  324  333  331  341  341  349
  349  355  357  357  351  343  333  325  317  305  287  266  246  222  210  190
  182  168  164  150  143  134  136  119  144                                   
    10.0-180.0 180.0   5.0 450.0                            LAT/LON1/LON2/DLON/H
  137  125  117  113  106  104  103  100   98   93   89   87   89   90   92   91
   90   91   96  105  115  123  130  140  152  166  179  194  210  224  244  262
  274  290  297  310  313  323  323  333  328  336  327  336  332  342  344  352
  355  361  363  361  355  346  336  329  319  309  288  268  243  223  207  192
  181  171  166  153  143  135  133  117  137                                   
     7.5-180.0 180.0   5.0 450.0                            LAT/LON1/LON2/DLON/H
  133  121  110  102   96   93   91   90   88   86   83   84   86   87   89   89
   89   91   97  106  115  123  132  143  156  171  186  201  216  234  257  275
