data/unet/pred3160.15i
     1.0            IONOSPHERE MAPS     GNSS                IONEX VERSION / TYPE
pyspatialgeodesy        IME             05-JAN-18 20:20     PGM / RUN BY / DATE 
Map Name                                                    COMMENT             
Predicted global ionosphere maps (GIM).                     DESCRIPTION         
  2015    11    12     0     0     0                        EPOCH OF FIRST MAP  
  2015    11    13     0     0     0                        EPOCH OF LAST MAP   
  7200                                                      INTERVAL            
    13                                                      # OF MAPS IN FILE   
  NONE                                                      MAPPING FUNCTION    
10.0                                                        ELEVATION CUTOFF    
One-way carrier phase leveled to code                       OBSERVABLES USED    
  6371.0                                                    BASE RADIUS         
 2                                                          MAP DIMENSION       
   450.0 450.0   0.0                                        HGT1 / HGT2 / DHGT  
    87.5 -87.5  -2.5                                        LAT1 / LAT2 / DLAT  
  -180.0 180.0   5.0                                        LON1 / LON2 / DLON  
    -1                                                      EXPONENT            
                                                            END OF HEADER       
[from data line 5148]
    13                                                      START OF TEC MAP    
  2015    11    13     0     0     0                        EPOCH OF CURRENT MAP
    87.5-180.0 180.0   5.0 450.0                            LAT/LON1/LON2/DLON/H
  102   76   70   64   67   63   67   63   68   64   67   63   67   63   66   62
   65   61   65   61   65   61   64   60   63   60   62   58   62   58   60   56
   60   56   59   55   59   56   59   56   60   57   61   58   63   60   64   61
   66   63   67   63   68   64   68   64   68   63   66   62   66   61   65   60
   65   60   66   62   71   67   77   88  102                                   
    85.0-180.0 180.0   5.0 450.0                            LAT/LON1/LON2/DLON/H
   86   52   53   52   51   46   49   46   49   46   49   46   48   45   48   45
   47   44   46   43   45   42   43   40   41   38   38   35   36   33   33   31
   32   30   31   30   32   31   33   33   36   36   40   40   45   44   49   47
   52   50   54   51   55   52   55   51   55   50   53   49   52   48   50   46
   49   46   51   48   56   45   48   80   86                                   
    82.5-180.0 180.0   5.0 450.0                            LAT/LON1/LON2/DLON/H
   80   54   55   56   53   49   50   48   50   47   49   47   50   47   50   47
   49   46   47   45   46   42   43   39   39   36   35   32   32   29   29   27
   28   26   27   26   29   29   32   33   37   38   43   44   48   49   53   53
   56   55   58   57   59   57   59   57   58   55   57   54   56   53   55   53
   56   54   58   56   60   52   55   80   80                                   
    80.0-180.0 180.0   5.0 450.0                            LAT/LON1/LON2/DLON/H
   84   65   66   67   61   59   58   58   57   57   57   58   58   58   58   57
   57   56   55   53   52   49   48   44   42   39   37   34   33   30   30   28
   28   27   28   28   31   32   35   37   41   44   48   50   54   55   58   59
   60   60   61   61   61   61   60   60   60   60   59   60   60   61   61   63
   64   66   68   69   69   64   64   86   84                                   
    77.5-180.0 180.0   5.0 450.0                            LAT/LON1/LON2/DLON/H
   94   75   76   75   70   67   65   64   63   63   63   63   63   62   62   60
   59   57   56   53   51   47   45   41   39   36   34   31   30   28   27   26
   26   25   26   27   29   30   33   35   39   42   46   49   52   53   56   56
   57   56   56   55   54   53   53   52   53   52   53   54   56   57   59   61
   64   67   72   73   75   71   71   88   94                                   
    75.0-180.0 180.0   5.0 450.0                            LAT/LON1/LON2/DLON/H
   98   87   88   87   79   76   74   72   70   71   70   70   69   67   65   63
   60   57   55   52   49   47   44   42   39   37   35   33   32   31   30   30
   29   29   29   29   29   31   32   35   37   40   43   46   48   50   50   50
   49   48   46   45   43   43   42   42   42   43   45   47   49   52   55   59
   63   68   74   79   81   79   78   94   98                                   
    72.5-180.0 180.0   5.0 450.0                            LAT/LON1/LON2/DLON/H
  112  101  104  101   92   88   84   83   80   79   78   77   74   71   66   62
   58   52   50   46   44   41   40   38   37   35   36   35   35   35   36   35
   35   33   33   32   32   31   33   33   36   37   40   41   43   42   43   41
   40   37   36   33   32   30   31   30   32   33   37   40   45   48   53   57
   63   68   76   82   87   87   88  100  112                                   
    70.0-180.0 180.0   5.0 450.0                            LAT/LON1/LON2/DLON/H
  117  114  117  114  105  101   97   95   93   91   89   86   81   74   67   59
   53   47   44   40   38   36   36   35   35   35   37   38   39   40   42   42
   41   39   38   35   34   32   33   32   34   34   37   36   37   35   35   32
   31   27   26   22   22   20   21   21   25   28   33   38   44   49   54   59
   65   71   79   87   93   95   99  109  117                                   
    67.5-180.0 180.0   5.0 450.0                            LAT/LON1/LON2/DLON/H
  131  127  130  127  117  114  110  109  106  105  101   96   88   79   69   59
   50   42   39   34   33   32   33   32   33   34   37   39   42   44   47   46
   46   42   40   36   34   31   31   31   32   32   33   32   33   30   29   25
   23   19   18   15   14   13   16   17   23   27   36   42   50   55   61   65
   70   76   84   91   99  103  107  116  131                                   
    65.0-180.0 180.0   5.0 450.0                            LAT/LON1/LON2/DLON/H
  135  136  139  135  126  123  119  118  118  116  112  106   96   84   72   59
   50   41   37   33   33   31   32   31   33   34   37   40   44   46   49   48
   47   44   40   35   32   29   29   28   30   30   31   30   29   26   24   20
   18   15   14   11   11   11   14   18   25   32   43   51   60   66   72   75
   79   83   90   96  103  107  115  123  135                                   
    62.5-180.0 180.0   5.0 450.0                            LAT/LON1/LON2/DLON/H
  145  143  144  139  130  126  123  124  124  124  120  114  103   90   76   63
   52   44   40   37   36   34   34   33   32   33   35   38   41   44   46   46
   44   40   36   31   28   26   25   26   28   29   30   29   28   26   22   19
   17   14   13   12   12   13   17   22   32   41   54   63   74   80   85   87
   90   93   98  102  108  113  119  128  145                                   
    60.0-180.0 180.0   5.0 450.0                            LAT/LON1/LON2/DLON/H
  145  146  146  140  130  126  123  124  126  127  124  119  109   96   82   69
   60   52   48   45   43   40   38   35   33   32   32   35   38   40   41   41
   39   35   31   27   24   22   23   24   27   30   31   31   29   27   24   21
   19   17   16   14   16   16   21   26   38   48   63   74   86   93   98  101
  103  106  109  112  115  118  125  132  145                                   
    57.5-180.0 180.0   5.0 450.0                            LAT/LON1/LON2/DLON/H
  155  154  151  144  133  128  124  125  126  128  126  122  113  102   89   79
   70   64   60   56   53   49   43   38   34   32   30   32   34   36   36   36
   34   31   28   25   22   23   23   27   29   33   34   35   33   31   28   26
   25   24   22   22   22   24   27   34   44   56   71   84   97  105  112  115
  119  122  125  127  129  131  133  140  155                                   
    55.0-180.0 180.0   5.0 450.0                            LAT/LON1/LON2/DLON/H
  166  167  165  154  139  132  127  127  127  128  127  123  117  108   98   89
   83   77   73   67   62   55   48   41   36   32   30   30   32   33   34   33
   32   30   28   26   26   26   29   32   35   39   40   40   39   37   35   33
   32   31   30   29   30   30   34   38   50   61   77   89  104  113  123  128
  136  140  146  147  148  147  150  153  166                                   
    52.5-180.0 180.0   5.0 450.0                            LAT/LON1/LON2/DLON/H
  191  189  186  172  155  146  138  135  133  132  128  125  119  114  107  101
   95   90   83   76   68   60   51   44   38   35   32   33   34   36   36   36
   35   34   33   33   33   35   37   41   44   47   48   48   46   45   42   41
   40   41   40   40   39   39   40   46   55   67   81   94  108  120  132  142
  152  160  167  171  172  170  169  171  191                                   
    50.0-180.0 180.0   5.0 450.0                            LAT/LON1/LON2/DLON/H
  216  213  210  196  178  166  154  148  142  137  131  126  122  117  113  108
  103   95   87   77   68   58   51   44   41   38   37   38   40   41   42   41
   41   41   42   42   44   46   49   52   54   57   57   57   56   53   51   49
   49   50   50   49   49   49   50   54   65   76   90  101  116  127  141  154
  168  177  188  191  194  190  188  187  216                                   
    47.5-180.0 180.0   5.0 450.0                            LAT/LON1/LON2/DLON/H
  240  233  232  221  205  194  177  167  157  148  138  131  125  122  117  114
  106   98   87   77   66   59   53   49   46   45   45   47   48   50   50   50
   50   51   52   54   56   58   60   63   64   66   66   66   65   63   60   59
   59   60   61   61   61   61   62   68   77   88  100  112  125  136  151  165
  179  192  203  208  211  208  203  203  240                                   
    45.0-180.0 180.0   5.0 450.0                            LAT/LON1/LON2/DLON/H
  249  244  250  242  230  219  203  190  174  160  147  137  130  125  120  114
  106   95   83   72   64   59   56   54   53   54   54   56   58   59   59   58
   58   59   62   65   68   69   70   71   72   73   74   74   75   72   70   67
   69   69   70   70   72   73   76   82   92  102  113  123  136  147  162  173
  189  200  213  218  221  219  214  214  249                                   
    42.5-180.0 180.0   5.0 450.0                            LAT/LON1/LON2/DLON/H
  251  245  254  253  246  237  224  210  192  175  159  147  137  131  123  117
  105   94   82   74   68   66   64   64   62   63   62   64   65   66   65   64
   64   66   68   72   73   75   74   75   76   78   80   82   83   81   79   77
   77   78   79   80   84   85   90   96  107  116  128  137  150  160  172  182
  195  205  216  220  224  223  218  222  251                                   
    40.0-180.0 180.0   5.0 450.0                            LAT/LON1/LON2/DLON/H
  237  239  247  247  246  241  231  219  203  186  168  154  144  135  127  117
  106   94   85   79   78   77   77   75   73   69   68   67   68   68   68   66
   67   68   72   74   77   78   78   78   80   83   88   90   92   89   87   84
   85   85   88   89   94   98  104  111  122  132  145  154  168  175  186  191
  202  207  214  217  221  222  220  224  237                                   
    37.5-180.0 180.0   5.0 450.0                            LAT/LON1/LON2/DLON/H
  226  225  233  233  232  230  225  217  204  191  174  163  152  143  133  124
  112  104   97   95   95   97   94   90   82   76   71   70   70   71   69   69
   68   70   71   76   77   79   78   80   83   88   93   97   98   97   94   92
   91   92   94   98  104  109  116  124  136  148  161  172  184  191  198  202
  208  210  213  216  220  224  223  231  226                                   
    35.0-180.0 180.0   5.0 450.0                            LAT/LON1/LON2/DLON/H
  220  222  223  220  216  216  212  207  199  189  177  166  158  149  140  130
  121  115  112  112  114  114  109   99   88   78   73   70   72   73   74   73
   73   74   77   79   81   82   82   84   90   95  101  104  106  104  101   97
   96   96   99  103  110  116  123  132  145  158  174  185  198  204  213  213
  217  215  218  220  226  231  234  244  220                                   
    32.5-180.0 180.0   5.0 450.0                            LAT/LON1/LON2/DLON/H
  230  224  226  221  215  215  208  203  194  186  176  170  162  156  148  141
  134  131  130  132  131  128  117  105   91   81   76   77   79   84   84   85
   83   86   85   88   86   88   87   90   95  102  108  110  111  108  104   99
   98   97   99  104  110  117  124  134  147  162  179  194  208  217  228  229
  231  228  229  231  239  247  256  270  230                                   
    30.0-180.0 180.0   5.0 450.0                            LAT/LON1/LON2/DLON/H
  257  252  251  244  237  232  223  211  200  189  180  173  167  162  156  150
  145  143  143  142  139  129  117  103   91   85   85   89   96  102  105  105
  106  105  103  102  100   99   98  100  106  111  116  116  116  112  107  101
   99   97  100  103  111  116  124  133  147  162  181  198  217  228  242  245
  247  244  246  251  265  278  300  316  257                                   
    27.5-180.0 180.0   5.0 450.0                            LAT/LON1/LON2/DLON/H
  310  299  310  298  290  280  263  245  226  210  195  186  177  171  164  160
  156  154  150  145  135  123  108   98   92   96  102  113  121  130  133  135
  133  131  126  122  117  114  111  112  116  120  123  121  118  112  107  100
   97   93   95   98  106  112  121  131  144  161  181  200  220  235  251  258
  264  264  271  281  304  324  357  375  310                                   
    25.0-180.0 180.0   5.0 450.0                            LAT/LON1/LON2/DLON/H
  398  399  400  380  367  350  325  297  268  244  222  207  193  184  175  169
  164  159  150  138  122  107   96   93  100  114  130  145  156  165  169  170
  166  161  153  147  141  135  131  127  130  130  131  125  121  111  107   97
   93   88   89   91   99  106  117  128  143  159  179  199  222  240  258  268
  279  287  300  321  352  386  426  446  398                                   
    22.5-180.0 180.0   5.0 450.0                            LAT/LON1/LON2/DLON/H
  497  511  509  492  476  450  412  373  337  300  269  243  221  206  191  182
  170  160  144  126  106   92   87   98  117  143  165  186  198  206  205  203
  196  186  175  164  158  151  144  141  139  137  132  126  117  108  101   92
   87   81   82   83   89   98  112  127  145  162  183  204  228  247  266  280
  296  313  339  369  406  454  489  513  497                                   
    20.0-180.0 180.0   5.0 450.0                            LAT/LON1/LON2/DLON/H
  602  629  625  617  607  581  528  471  416  369  326  289  258  233  214  199
  181  163  140  119   98   88   94  115  148  182  210  230  238  243  237  232
  220  209  190  178  173  164  159  151  147  139  132  121  114  103   97   87
   82   75   73   72   80   89  107  125  148  167  190  211  236  257  276  293
  314  344  380  419  461  511  549  577  602                                   
    17.5-180.0 180.0   5.0 450.0                            LAT/LON1/LON2/DLON/H
  671  703  710  713  715  691  643  581  514  451  394  348  308  274  248  224
  199  174  145  123  105  105  120  152  190  227  255  266  268  263  254  244
  230  215  193  181  174  170  160  156  145  138  124  117  107   99   89   83
   74   69   66   66   73   85  105  130  155  177  201  224  248  268  287  307
  336  371  414  451  500  546  583  607  671                                   
    15.0-180.0 180.0   5.0 450.0                            LAT/LON1/LON2/DLON/H
  698  740  758  775  793  780  739  681  616  544  473  411  365  323  290  258
  227  196  167  145  137  143  166  203  241  276  291  292  281  270  255  246
  230  217  197  187  181  175  167  159  150  137  126  114  108   96   87   78
   71   64   59   59   67   82  106  134  162  187  214  238  262  281  301  327
  357  399  440  482  524  563  600  613  698                                   
    12.5-180.0 180.0   5.0 450.0                            LAT/LON1/LON2/DLON/H
  673  709  736  774  807  812  790  748  691  627  551  486  428  381  341  299
  267  232  207  192  191  205  230  264  298  314  317  302  284  266  252  244
  229  217  200  193  183  182  169  165  149  140  122  114  102   95   83   78
   68   62   55   55   65   84  111  141  171  199  228  252  276  294  314  340
  374  414  453  489  527  557  581  587  673                                   
    10.0-180.0 180.0   5.0 450.0                            LAT/LON1/LON2/DLON/H
  623  648  677  727  775  796  797  775  739  677  616  550  495  441  398  351
  314  278  257  247  255  272  299  325  340  340  323  299  275  258  245  237
  225  215  202  195  188  183  174  166  154  140  127  113  106   93   84   76
   67   60   54   56   69   89  119  147  177  207  237  262  286  307  330  359
  391  429  463  494  519  536  556  550  623                                   
     7.5-180.0 180.0   5.0 450.0                            LAT/LON1/LON2/DLON/H
  550  560  589  643  699  737  757  757  741  700  647  598  552  502  456  409
  369  328  311  306  321  337  357  367  366  345  318  286  266  251  246  240
