data/unet/pred0350.15i
     1.0            IONOSPHERE MAPS     GNSS                IONEX VERSION / TYPE
pyspatialgeodesy        IME             05-JAN-18 20:20     PGM / RUN BY / DATE 
Map Name                                                    COMMENT             
Predicted global ionosphere maps (GIM).                     DESCRIPTION         
  2015     2     4     0     0     0                        EPOCH OF FIRST MAP  
  2015     2     5     0     0     0                        EPOCH OF LAST MAP   
  7200                                                      INTERVAL            
    13                                                      # OF MAPS IN FILE   
  NONE                                                      MAPPING FUNCTION    
10.0                                                        ELEVATION CUTOFF    
One-way carrier phase leveled to code                       OBSERVABLES USED    
  6371.0                                                    BASE RADIUS         
 2                                                          MAP DIMENSION       
   450.0 450.0   0.0                                        HGT1 / HGT2 / DHGT  
    87.5 -87.5  -2.5                                        LAT1 / LAT2 / DLAT  
  -180.0 180.0   5.0                                        LON1 / LON2 / DLON  
    -1                                                      EXPONENT            
                                                            END OF HEADER       
[from data line 2574]
     7                                                      START OF TEC MAP    
  2015     2     4    12     0     0                        EPOCH OF CURRENT MAP
    87.5-180.0 180.0   5.0 450.0                            LAT/LON1/LON2/DLON/H
   90   96   96   98   96   96   96   98   97   98   97   98   97   97   95   96
   94   95   92   95   91   93   90   92   89   92   88   91   87   91   87   90
   86   90   85   88   84   86   82   84   80   82   78   80   76   78   75   77
   73   76   73   77   75   78   77   81   80   83   83   86   86   87   87   89
   89   90   89   90   90   90   98   87   90                                   
    85.0-180.0 180.0   5.0 450.0                            LAT/LON1/LON2/DLON/H
   90   86   87   84   88   85   90   90   93   93   95   94   96   94   96   93
   95   92   94   91   92   91   91   90   90   90   89   89   88   89   89   88
   88   87   88   85   86   83   83   79   80   75   76   71   71   67   67   62
   64   60   61   59   61   60   64   63   67   67   72   70   75   72   77   73
   79   74   80   76   83   79   85   84   90                                   
    82.5-180.0 180.0   5.0 450.0                            LAT/LON1/LON2/DLON/H
   86   79   72   74   78   75   81   80   85   83   86   83   85   81   83   79
   80   77   77   76   75   76   75   78   77   80   80   82   83   84   86   87
   89   89   91   89   90   87   87   83   80   76   72   68   63   61   55   53
   48   46   44   44   44   46   48   51   56   58   63   64   67   68   69   69
   70   69   69   68   68   68   66   67   86                                   
    80.0-180.0 180.0   5.0 450.0                            LAT/LON1/LON2/DLON/H
   76   72   63   67   71   69   75   76   80   79   81   78   79   73   74   68
   69   65   67   64   65   64   66   67   70   74   78   82   85   91   93   99
  100  104  105  106  105  104  102   99   95   90   85   78   73   66   64   57
   56   50   52   48   51   49   55   55   60   62   68   70   74   74   77   74
   76   71   73   67   67   60   57   59   76                                   
    77.5-180.0 180.0   5.0 450.0                            LAT/LON1/LON2/DLON/H
   71   65   57   60   62   63   67   70   73   75   76   76   74   70   67   63
   61   58   57   58   56   60   58   67   66   76   78   90   92  104  107  117
  118  127  126  131  128  129  124  121  113  110  100   96   85   82   74   71
   65   64   62   61   60   61   64   66   70   76   80   84   85   87   87   86
   84   80   77   71   68   60   53   59   71                                   
    75.0-180.0 180.0   5.0 450.0                            LAT/LON1/LON2/DLON/H
   67   59   57   58   61   62   67   69   72   74   74   73   69   66   60   57
   53   50   50   50   51   55   56   63   68   79   86   98  105  117  123  134
  137  146  147  153  153  155  151  148  142  136  130  121  114  107  100   93
   87   83   80   77   75   75   76   78   78   83   85   91   91   93   94   92
   92   87   84   76   72   63   57   59   67                                   
    72.5-180.0 180.0   5.0 450.0                            LAT/LON1/LON2/DLON/H
   69   64   57   60   62   64   68   70   73   75   74   73   68   65   60   55
   51   48   48   50   54   60   66   74   83   94  104  115  124  134  142  152
  161  168  173  177  182  181  180  174  169  164  160  152  144  137  129  122
  114  108  101   97   91   90   88   88   87   89   90   92   93   96   97   97
   96   93   90   83   77   68   63   66   69                                   
    70.0-180.0 180.0   5.0 450.0                            LAT/LON1/LON2/DLON/H
   72   66   64   64   67   67   74   73   78   75   76   71   66   63   55   51
   46   44   45   49   57   65   73   85   94  103  113  120  131  140  150  161
  173  183  192  197  204  205  203  202  197  196  191  188  181  175  166  157
  146  134  124  114  107   99   95   90   87   85   81   83   82   85   87   90
   91   91   91   85   80   72   69   72   72                                   
    67.5-180.0 180.0   5.0 450.0                            LAT/LON1/LON2/DLON/H
   77   73   65   69   70   72   75   76   77   75   73   70   66   62   57   51
   48   45   49   55   63   75   83   98  106  116  122  129  138  145  156  167
  181  193  204  210  221  220  222  218  217  214  213  210  207  202  197  186
  176  161  150  135  122  110  100   88   81   73   68   67   67   69   72   75
   78   82   83   82   79   72   74   78   77                                   
    65.0-180.0 180.0   5.0 450.0                            LAT/LON1/LON2/DLON/H
   79   73   69   71   75   75   82   78   82   75   76   69   68   62   57   54
   49   49   49   56   64   79   90  105  115  123  128  131  138  143  155  165
  184  197  214  224  234  236  237  237  234  234  230  232  230  227  220  211
  198  183  168  150  135  115  101   82   71   58   50   46   45   47   51   55
   59   65   68   72   72   71   71   80   79                                   
    62.5-180.0 180.0   5.0 450.0                            LAT/LON1/LON2/DLON/H
   76   72   66   71   74   76   78   78   78   73   71   67   64   61   59   54
   53   52   54   59   66   81   91  108  114  124  125  131  135  141  152  165
  183  198  219  226  241  239  245  243  243  240  239  239  243  239  238  226
  217  199  183  164  143  123  102   80   63   47   35   29   28   28   32   34
   40   46   52   59   61   63   65   77   76                                   
    60.0-180.0 180.0   5.0 450.0                            LAT/LON1/LON2/DLON/H
   70   63   63   64   71   70   76   73   74   68   66   63   61   60   56   57
   52   53   50   58   61   75   85  101  110  119  124  127  133  139  151  168
  188  206  226  238  250  251  252  255  255  257  254  258  258  259  251  240
  229  210  193  172  150  127  105   82   64   48   35   27   23   21   22   24
   28   31   38   46   51   56   57   69   70                                   
    57.5-180.0 180.0   5.0 450.0                            LAT/LON1/LON2/DLON/H
   62   55   52   57   62   64   67   67   65   63   59   58   57   55   55   53
   53   52   53   55   59   66   75   91   97  109  114  123  131  142  157  175
  197  216  238  248  258  256  260  263  270  270  273  274  278  271  261  245
  234  217  202  184  163  140  115   95   74   58   44   36   30   24   23   22
   25   27   33   41   45   51   50   61   62                                   
    55.0-180.0 180.0   5.0 450.0                            LAT/LON1/LON2/DLON/H
   56   45   44   46   54   55   60   60   61   59   56   56   53   55   51   54
   50   51   48   52   50   59   65   81   91  104  115  127  140  154  172  194
  216  239  255  266  270  274  275  284  288  297  296  304  298  293  277  261
  246  230  216  197  180  157  134  112   94   81   69   61   53   47   41   35
   37   34   39   43   48   54   54   56   56                                   
    52.5-180.0 180.0   5.0 450.0                            LAT/LON1/LON2/DLON/H
   59   46   39   43   49   52   55   57   57   57   53   54   52   52   51   53
   52   53   52   53   53   57   62   73   88  106  122  140  157  175  197  218
  241  261  274  282  291  291  299  302  313  317  324  324  319  308  292  273
  258  244  234  219  203  184  162  141  123  111  101   95   87   81   70   61
   56   53   55   59   61   62   61   62   59                                   
    50.0-180.0 180.0   5.0 450.0                            LAT/LON1/LON2/DLON/H
   66   51   42   42   49   51   56   58   59   59   54   59   52   56   50   55
   52   56   53   56   51   58   59   77   94  116  136  157  175  198  217  243
  263  280  289  301  306  310  312  322  329  340  343  345  336  326  307  292
  275  264  251  238  222  205  183  164  149  137  128  125  119  115  103   95
   84   76   73   75   75   79   77   73   66                                   
    47.5-180.0 180.0   5.0 450.0                            LAT/LON1/LON2/DLON/H
   82   66   54   53   56   59   62   64   62   63   62   62   60   58   56   56
   59   61   62   63   64   68   74   88  111  134  157  180  199  222  240  265
  281  295  305  314  321  320  327  331  344  350  357  354  347  332  317  301
  288  277  265  250  235  218  198  179  165  155  148  146  143  141  128  121
  107   98   92   91   92   93   92   93   82                                   
    45.0-180.0 180.0   5.0 450.0                            LAT/LON1/LON2/DLON/H
   96   83   72   67   71   72   74   75   74   73   69   72   65   67   60   64
   64   69   68   74   73   80   87  109  127  157  176  201  218  242  261  284
  294  310  315  328  328  333  333  345  351  362  363  363  354  344  327  315
  301  291  277  260  242  223  200  180  166  154  148  147  146  145  137  132
  119  112  105  103  101  107  107  110   96                                   
    42.5-180.0 180.0   5.0 450.0                            LAT/LON1/LON2/DLON/H
  109   99   90   87   88   87   87   86   84   84   82   81   78   74   71   71
   73   76   81   86   90   97  110  130  152  174  198  219  236  255  272  286
  301  312  326  330  339  340  348  353  363  368  371  367  360  348  334  320
  308  296  282  263  242  215  194  172  156  143  137  135  135  136  129  124
  115  109  106  102  105  107  114  122  109                                   
    40.0-180.0 180.0   5.0 450.0                            LAT/LON1/LON2/DLON/H
  115  112  107  102  105  103  102   98   97   95   95   95   87   85   76   79
   76   83   86   93   98  114  126  152  168  195  210  232  245  264  273  289
  300  318  332  343  355  361  369  378  382  388  386  385  375  366  349  337
  321  308  288  270  245  215  189  168  147  131  120  116  114  114  112  108
  104  102   97   94   94  103  109  124  115                                   
    37.5-180.0 180.0   5.0 450.0                            LAT/LON1/LON2/DLON/H
  112  114  111  114  114  112  110  103  103  101  102  103   97   90   86   84
   86   91   95  101  109  127  144  165  186  207  224  238  250  258  269  280
  301  323  350  365  386  392  405  404  409  404  406  397  391  378  363  348
  332  316  297  278  251  218  195  171  151  133  120  113  106  104  100   97
   94   90   87   83   82   89   97  112  112                                   
    35.0-180.0 180.0   5.0 450.0                            LAT/LON1/LON2/DLON/H
  108  110  107  108  116  113  116  107  110  105  109  108  103   99   91   91
   89   95   97  108  117  142  159  185  198  222  231  246  251  261  268  285
  310  340  377  400  428  432  443  437  439  431  427  419  411  399  382  368
  350  334  312  295  270  240  215  195  174  156  141  131  119  116  108  105
  100   93   84   76   71   76   85   96  108                                   
    32.5-180.0 180.0   5.0 450.0                            LAT/LON1/LON2/DLON/H
   99   99   97  106  109  111  111  106  108  106  109  109  106  102   98   97
   96   99  100  108  122  148  169  195  213  231  243  254  260  269  283  310
  347  386  432  460  490  492  495  481  477  463  459  447  441  428  414  403
  386  374  356  338  314  287  266  247  230  214  202  192  179  165  152  144
  132  120  103   86   74   69   76   75   99                                   
    30.0-180.0 180.0   5.0 450.0                            LAT/LON1/LON2/DLON/H
   84   80   81   89   99  100  106   99  106   99  107  105  105  102  100   98
   93   97   96  111  126  158  183  212  227  246  254  265  274  290  317  351
  400  446  498  534  557  558  548  534  520  506  498  488  479  470  460  452
  439  428  414  400  378  365  350  336  318  303  281  261  240  216  191  180
  165  164  139  122   90   73   74   60   84                                   
    27.5-180.0 180.0   5.0 450.0                            LAT/LON1/LON2/DLON/H
   72   86   76   82   86   94   94   93   92   92   95   98   99  100   99   98
   92   93   95  105  127  161  191  220  239  260  272  288  305  332  369  413
  471  523  583  615  638  626  613  595  579  563  555  543  536  524  518  509
  506  497  492  478  463  449  445  431  423  409  401  383  364  324  292  264
  242  222  193  160  127  104  103   51   72                                   
    25.0-180.0 180.0   5.0 450.0                            LAT/LON1/LON2/DLON/H
   88  111   95   90   82   79   79   76   82   79   87   86   90   89   91   92
   88   88   90  106  131  172  204  234  257  275  292  315  341  380  434  484
  552  608  660  696  704  696  672  656  641  631  618  607  592  587  577  578
  573  574  565  566  561  562  553  546  542  539  531  517  491  451  413  379
  350  318  272  226  180  143  123   94   88                                   
    22.5-180.0 180.0   5.0 450.0                            LAT/LON1/LON2/DLON/H
  140  138  126  117   98   92   72   75   75   74   80   77   82   83   86   89
   84   84   91  107  138  181  215  251  270  294  312  344  387  435  501  562
  631  681  729  753  756  742  725  714  702  695  675  666  649  648  644  651
  659  665  675  676  670  664  658  649  636  622  609  594  569  537  497  473
  440  424  392  340  284  241  201  157  140                                   
    20.0-180.0 180.0   5.0 450.0                            LAT/LON1/LON2/DLON/H
  205  201  189  150  138  113   97   86   86   80   85   81   80   76   76   79
   82   79   90  110  147  189  231  262  286  308  335  378  429  488  563  622
  678  729  760  778  781  771  757  755  750  748  732  722  709  712  716  728
  735  744  749  755  753  743  730  711  700  686  672  653  628  608  568  540
  505  481  447  415  380  326  282  244  205                                   
    17.5-180.0 180.0   5.0 450.0                            LAT/LON1/LON2/DLON/H
  275  263  226  197  171  148  129  118   94   87   80   83   76   79   77   81
   82   81   92  117  158  208  245  276  300  324  360  408  469  534  603  655
  700  745  766  785  788  782  778  778  780  787  772  770  758  765  772  788
  802  811  815  816  810  791  769  738  709  677  665  647  633  612  594  568
  542  514  484  457  435  415  375  328  275                                   
    15.0-180.0 180.0   5.0 450.0                            LAT/LON1/LON2/DLON/H
  327  317  284  249  211  176  158  147  128  112   96   87   73   82   73   83
   84   87  104  129  177  223  261  284  311  338  382  433  497  564  618  667
  704  738  755  764  769  773  777  786  796  805  801  798  793  804  819  826
  835  834  839  834  824  799  765  732  680  651  626  614  594  584  565  545
  525  505  483  459  452  432  416  373  327                                   
    12.5-180.0 180.0   5.0 450.0                            LAT/LON1/LON2/DLON/H
  357  345  301  275  243  204  178  160  152  138  116   98   77   79   79   87
   88   87  103  130  179  228  268  295  323  360  405  464  518  579  626  672
  700  726  737  742  753  761  780  793  812  820  815  814  815  828  839  845
  850  844  841  824  810  776  744  672  627  588  562  544  535  515  501  493
  482  476  465  461  459  450  434  401  357                                   
    10.0-180.0 180.0   5.0 450.0                            LAT/LON1/LON2/DLON/H
  364  364  324  295  265  233  196  171  156  153  139  123   91   90   86  100
  100  107  118  150  191  238  276  310  342  381  430  484  536  590  625  667
  690  700  706  708  723  744  768  792  813  819  815  811  814  826  837  842
  842  832  820  798  778  747  701  637  578  532  500  476  465  453  443  440
  422  422  414  416  422  423  422  397  364                                   
     7.5-180.0 180.0   5.0 450.0                            LAT/LON1/LON2/DLON/H
  360  359  323  299  273  244  217  189  171  162  157  149  117  110  105  100
  101  106  121  152  196  238  275  316  359  406  450  507  548  590  616  650
