data/unet/pred1250.15i
     1.0            IONOSPHERE MAPS     GNSS                IONEX VERSION / TYPE
pyspatialgeodesy        IME             05-JAN-18 20:20     PGM / RUN BY / DATE 
Map Name                                                    COMMENT             
Predicted global ionosphere maps (GIM).                     DESCRIPTION         
  2015     5     5     0     0     0                        EPOCH OF FIRST MAP  
  2015     5     6     0     0     0                        EPOCH OF LAST MAP   
  7200                                                      INTERVAL            
    13                                                      # OF MAPS IN FILE   
  NONE                                                      MAPPING FUNCTION    
10.0                                                        ELEVATION CUTOFF    
One-way carrier phase leveled to code                       OBSERVABLES USED    
  6371.0                                                    BASE RADIUS         
 2                                                          MAP DIMENSION       
   450.0 450.0   0.0                                        HGT1 / HGT2 / DHGT  
    87.5 -87.5  -2.5                                        LAT1 / LAT2 / DLAT  
  -180.0 180.0   5.0                                        LON1 / LON2 / DLON  
    -1                                                      EXPONENT            
                                                            END OF HEADER       
[from data line 5148]
    13                                                      START OF TEC MAP    
  2015     5     6     0     0     0                        EPOCH OF CURRENT MAP
    87.5-180.0 180.0   5.0 450.0                            LAT/LON1/LON2/DLON/H
  204  182  181  179  176  174  173  171  172  169  168  165  165  162  160  156
  155  151  149  145  145  141  141  137  139  137  138  136  139  137  139  137
  139  137  139  137  139  138  140  138  142  141  143  142  146  146  148  147
  150  150  152  151  154  154  156  156  159  159  161  161  164  164  166  165
  168  167  169  169  172  170  167  189  204                                   
    85.0-180.0 180.0   5.0 450.0                            LAT/LON1/LON2/DLON/H
  186  188  190  189  188  187  187  186  187  185  184  181  182  178  177  171
  171  165  163  156  156  150  149  144  145  142  142  140  141  139  139  136
  138  136  137  135  138  137  139  138  142  142  145  146  150  150  153  153
  157  157  160  160  164  163  166  166  170  169  172  172  175  174  175  174
  177  175  177  175  178  172  172  165  186                                   
    82.5-180.0 180.0   5.0 450.0                            LAT/LON1/LON2/DLON/H
  192  191  190  191  192  192  195  194  195  193  193  190  191  187  186  181
  180  175  171  165  162  156  152  147  147  143  141  138  138  134  134  130
  132  129  131  129  133  132  136  136  141  141  146  147  153  153  158  158
  163  162  167  166  171  170  174  173  178  176  179  177  180  178  179  177
  179  176  178  176  177  171  167  165  192                                   
    80.0-180.0 180.0   5.0 450.0                            LAT/LON1/LON2/DLON/H
  194  191  192  194  196  199  202  204  206  207  206  207  204  203  199  197
  193  190  183  179  173  168  162  157  154  149  145  142  140  136  134  132
  132  131  132  132  134  135  138  140  144  146  150  152  157  159  164  165
  170  171  175  176  180  181  183  185  187  187  188  188  188  187  185  184
  183  181  180  179  178  174  168  167  194                                   
    77.5-180.0 180.0   5.0 450.0                            LAT/LON1/LON2/DLON/H
  196  192  191  195  198  204  208  214  216  220  220  221  219  217  213  208
  204  197  191  184  179  172  166  159  155  149  145  141  138  135  134  132
  132  132  133  134  135  138  140  144  147  151  154  159  162  167  169  174
  175  180  180  185  185  189  189  192  191  194  192  193  191  191  188  187
  185  183  181  180  179  174  170  167  196                                   
    75.0-180.0 180.0   5.0 450.0                            LAT/LON1/LON2/DLON/H
  197  191  192  196  199  206  211  218  223  228  229  231  230  227  223  217
  211  203  196  187  180  172  167  158  153  146  144  139  138  135  136  134
  136  135  138  138  140  141  144  146  150  153  157  160  165  168  173  176
  180  182  186  187  190  191  193  193  194  194  195  194  194  192  191  189
  188  186  186  185  184  180  174  168  197                                   
    72.5-180.0 180.0   5.0 450.0                            LAT/LON1/LON2/DLON/H
  193  189  189  193  197  203  209  216  222  228  230  232  232  231  227  221
  214  206  198  189  180  172  164  157  150  145  142  139  138  137  138  137
  139  139  141  140  142  142  144  145  149  151  155  158  163  167  171  174
  178  180  183  184  186  186  186  187  187  187  188  188  188  187  187  186
  186  186  186  186  188  184  179  173  193                                   
    70.0-180.0 180.0   5.0 450.0                            LAT/LON1/LON2/DLON/H
  193  189  189  191  195  200  206  214  221  228  232  236  236  236  232  228
  219  212  203  194  185  176  167  158  152  146  143  140  139  139  140  140
  142  141  143  141  142  141  142  143  145  147  150  153  158  161  167  169
  174  175  179  179  183  181  183  181  183  182  184  182  184  182  183  182
  184  184  187  187  190  188  184  178  193                                   
    67.5-180.0 180.0   5.0 450.0                            LAT/LON1/LON2/DLON/H
  195  194  192  194  194  198  203  210  217  226  231  236  238  240  237  233
  226  219  210  202  192  184  174  165  157  150  146  142  141  140  141  141
  142  140  141  138  137  134  135  134  138  139  143  145  150  153  159  160
  166  167  172  173  177  176  179  178  180  180  181  180  180  179  179  179
  181  182  186  189  193  193  192  186  195                                   
    65.0-180.0 180.0   5.0 450.0                            LAT/LON1/LON2/DLON/H
  203  201  200  198  195  195  198  204  212  221  228  236  240  243  240  238
  232  226  217  210  202  194  184  174  165  157  152  147  145  143  143  142
  142  139  137  134  131  128  127  126  128  129  132  134  139  141  146  148
  154  157  162  165  171  172  176  177  180  179  181  179  180  177  177  176
  180  181  187  190  196  198  199  195  203                                   
    62.5-180.0 180.0   5.0 450.0                            LAT/LON1/LON2/DLON/H
  214  211  209  204  197  195  195  200  206  214  223  232  238  243  242  242
  237  233  226  220  212  206  196  187  177  168  160  155  151  149  148  145
  142  138  134  129  124  120  119  117  120  120  123  124  129  130  136  138
  145  149  156  160  167  170  176  178  182  182  184  183  183  179  178  177
  179  182  188  192  199  204  207  203  214                                   
    60.0-180.0 180.0   5.0 450.0                            LAT/LON1/LON2/DLON/H
  224  220  218  212  204  199  197  198  204  209  217  227  235  242  243  245
  242  240  235  231  224  219  210  201  190  181  173  167  162  159  156  152
  147  140  134  127  121  117  114  114  115  116  118  119  122  123  127  130
  137  143  150  158  167  173  180  184  188  189  191  190  189  185  183  180
  182  183  190  195  203  208  212  210  224                                   
    57.5-180.0 180.0   5.0 450.0                            LAT/LON1/LON2/DLON/H
  235  230  229  224  215  209  204  203  203  207  212  221  230  238  242  246
  246  247  244  242  237  232  225  217  207  198  191  184  179  175  170  164
  156  147  138  130  123  118  116  116  118  119  120  120  121  120  123  126
  132  139  149  158  170  178  187  192  198  199  202  199  199  194  191  187
  188  189  194  199  207  213  216  214  235                                   
    55.0-180.0 180.0   5.0 450.0                            LAT/LON1/LON2/DLON/H
  243  239  242  239  232  225  218  213  211  210  212  218  226  235  240  246
  248  252  249  250  247  245  240  234  225  218  209  204  198  193  186  178
  167  156  145  135  128  124  123  123  124  125  126  123  123  120  121  123
  130  138  148  160  174  186  196  203  211  213  216  213  213  207  203  197
  198  196  201  204  213  218  221  220  243                                   
    52.5-180.0 180.0   5.0 450.0                            LAT/LON1/LON2/DLON/H
  255  250  257  256  252  248  241  235  227  222  218  220  224  231  237  244
  248  252  254  256  257  257  256  252  246  237  230  224  218  212  203  193
  179  167  155  145  138  134  134  134  135  135  135  131  128  124  124  125
  131  138  149  163  179  192  206  215  224  227  229  228  226  220  215  209
  207  205  208  211  219  224  228  229  255                                   
    50.0-180.0 180.0   5.0 450.0                            LAT/LON1/LON2/DLON/H
  267  267  276  278  277  275  270  263  252  240  231  227  227  231  236  243
  246  252  253  259  262  266  268  268  263  258  249  243  235  228  216  205
  189  176  164  154  148  145  145  145  145  144  143  138  134  128  127  127
  132  139  150  164  182  196  213  223  235  239  243  240  240  233  229  223
  222  218  221  221  229  233  239  241  267                                   
    47.5-180.0 180.0   5.0 450.0                            LAT/LON1/LON2/DLON/H
  282  286  294  298  301  303  300  294  282  266  251  241  236  236  237  241
  244  248  254  259  267  273  280  281  280  273  266  258  249  239  228  214
  198  184  173  165  160  158  158  156  156  154  152  146  142  135  133  131
  136  141  153  167  186  202  220  232  245  249  252  249  249  243  242  237
  238  237  240  240  246  248  252  254  282                                   
    45.0-180.0 180.0   5.0 450.0                            LAT/LON1/LON2/DLON/H
  298  307  314  320  326  331  333  330  317  299  278  264  253  249  245  246
  246  250  252  261  269  280  287  291  290  285  276  269  257  247  232  219
  201  189  179  173  170  168  169  167  165  162  159  153  148  141  138  136
  138  143  153  166  185  203  221  234  248  252  255  252  252  248  249  248
  253  255  260  259  263  265  270  274  298                                   
    42.5-180.0 180.0   5.0 450.0                            LAT/LON1/LON2/DLON/H
  318  327  335  340  349  356  361  359  349  330  308  290  277  268  262  257
  255  255  260  267  278  287  295  298  297  290  283  274  264  251  238  224
  208  196  186  182  179  179  178  176  174  171  167  161  157  150  147  143
  145  148  157  169  189  206  225  237  250  253  257  252  255  252  257  260
  270  275  283  281  287  287  291  299  318                                   
    40.0-180.0 180.0   5.0 450.0                            LAT/LON1/LON2/DLON/H
  342  356  360  364  370  377  383  383  377  362  341  323  308  298  285  279
  270  270  270  280  288  297  302  304  301  296  286  280  267  258  242  230
  213  203  194  191  190  190  190  188  185  181  178  171  166  160  156  151
  151  151  159  169  189  206  225  237  250  254  256  256  258  261  269  277
  292  300  309  311  313  314  322  328  342                                   
    37.5-180.0 180.0   5.0 450.0                            LAT/LON1/LON2/DLON/H
  374  390  391  389  393  396  400  401  396  383  367  351  339  327  315  302
  294  289  291  297  306  309  311  308  304  296  289  282  273  262  250  235
  220  210  202  200  200  200  202  201  199  195  191  183  177  170  166  159
  156  154  160  169  187  204  222  235  248  254  257  260  265  274  285  300
  316  330  340  344  348  348  351  356  374                                   
    35.0-180.0 180.0   5.0 450.0                            LAT/LON1/LON2/DLON/H
  418  437  434  427  424  420  420  418  413  403  391  381  370  360  345  332
  318  314  312  318  322  324  321  317  308  302  292  289  279  271  256  243
  224  214  206  206  206  210  213  215  216  214  209  200  192  183  177  167
  162  157  160  166  183  197  216  229  243  250  256  262  272  284  303  323
  344  361  373  380  385  387  393  387  418                                   
    32.5-180.0 180.0   5.0 450.0                            LAT/LON1/LON2/DLON/H
  471  485  486  478  466  457  448  440  431  422  413  405  397  387  373  356
  345  336  336  337  339  335  332  323  315  305  300  294  288  277  265  247
  228  213  205  204  208  213  220  225  232  233  230  219  208  194  185  174
  166  159  158  162  175  189  208  221  236  244  253  263  278  295  317  342
  363  385  396  409  417  423  426  423  471                                   
    30.0-180.0 180.0   5.0 450.0                            LAT/LON1/LON2/DLON/H
  526  547  551  543  529  510  495  480  464  452  442  436  429  420  402  387
  371  364  358  359  354  351  342  335  323  316  308  304  295  284  267  245
  222  206  200  199  206  213  222  233  243  248  246  236  222  206  193  180
  170  161  157  158  168  180  197  212  230  242  256  272  293  312  338  361
  383  403  417  431  450  457  469  463  526                                   
    27.5-180.0 180.0   5.0 450.0                            LAT/LON1/LON2/DLON/H
  571  599  609  614  598  580  555  536  510  493  477  469  461  452  435  418
  401  389  381  376  369  361  353  345  335  327  320  314  305  289  269  243
  219  204  197  198  204  212  223  236  249  256  256  245  230  211  196  181
  171  159  154  152  161  172  191  208  229  245  265  285  311  335  360  381
  399  418  434  454  476  485  498  503  571                                   
    25.0-180.0 180.0   5.0 450.0                            LAT/LON1/LON2/DLON/H
  616  655  677  689  686  666  643  614  582  553  530  516  503  492  473  454
  432  419  405  397  384  376  365  361  350  344  333  324  308  287  263  237
  215  202  198  197  203  210  224  237  250  257  257  247  231  213  197  183
  171  160  152  149  155  167  188  208  231  251  274  299  329  358  384  405
  422  442  459  479  505  513  535  544  616                                   
    22.5-180.0 180.0   5.0 450.0                            LAT/LON1/LON2/DLON/H
  645  687  724  753  758  742  720  689  654  620  589  566  548  532  511  488
  463  445  428  413  399  389  379  374  364  353  340  324  305  280  256  231
  213  201  198  196  202  209  223  236  247  252  250  240  224  207  192  179
  167  155  146  138  143  156  182  206  234  260  285  312  343  376  401  425
  444  467  482  504  524  533  558  570  645                                   
    20.0-180.0 180.0   5.0 450.0                            LAT/LON1/LON2/DLON/H
  661  703  750  790  814  810  796  764  729  688  655  626  603  579  553  526
  495  474  449  436  416  408  395  389  375  359  336  314  288  261  237  217
  205  197  195  195  201  210  223  233  240  241  235  226  213  199  186  174
  162  151  139  132  135  152  178  207  238  268  297  326  361  387  420  442
  469  491  512  530  550  557  585  597  661                                   
    17.5-180.0 180.0   5.0 450.0                            LAT/LON1/LON2/DLON/H
  656  697  747  801  837  849  845  825  795  752  711  676  647  622  593  560
  526  499  472  452  434  422  409  396  377  351  322  291  265  240  223  207
  202  197  199  203  211  219  228  233  234  229  220  211  199  188  177  167
  156  144  132  124  127  143  172  208  239  276  304  338  373  409  435  462
  486  515  532  552  565  570  592  606  656                                   
    15.0-180.0 180.0   5.0 450.0                            LAT/LON1/LON2/DLON/H
  651  683  730  789  840  860  870  859  841  801  759  717  688  660  632  598
  560  530  498  479  455  443  422  401  370  333  294  260  232  215  205  201
  203  205  210  215  224  229  236  234  230  218  205  196  186  178  170  160
  152  141  133  126  128  145  178  214  249  285  316  348  390  421  454  477
  507  533  558  575  589  589  612  622  651                                   
    12.5-180.0 180.0   5.0 450.0                            LAT/LON1/LON2/DLON/H
  635  660  694  748  797  826  844  850  847  821  785  745  710  681  655  625
  591  555  524  497  473  450  423  389  348  302  260  230  212  203  204  208
  216  222  231  238  247  249  251  242  231  212  195  182  174  167  161  153
  146  138  132  125  129  150  184  223  258  296  321  362  396  433  460  491
  514  546  568  591  603  605  621  627  635                                   
    10.0-180.0 180.0   5.0 450.0                            LAT/LON1/LON2/DLON/H
  632  643  664  706  744  771  799  817  828  815  788  753  722  692  671  644
  613  579  544  518  487  457  418  369  315  263  224  203  197  200  211  221
  232  240  251  258  265  264  261  246  228  204  183  171  165  159  155  147
  140  133  128  124  129  150  185  225  262  298  325  362  399  432  465  491
  522  553  585  607  626  624  645  639  632                                   
     7.5-180.0 180.0   5.0 450.0                            LAT/LON1/LON2/DLON/H
  627  635  639  662  676  696  719  748  769  772  760  736  712  689  669  648
  621  589  555  522  489  448  398  339  278  230  201  194  203  215  234  246
