data/unet/pred2690.15i
     1.0            IONOSPHERE MAPS     GNSS                IONEX VERSION / TYPE
pyspatialgeodesy        IME             05-JAN-18 20:20     PGM / RUN BY / DATE 
Map Name                                                    COMMENT             
Predicted global ionosphere maps (GIM).                     DESCRIPTION         
  2015     9    26     0     0     0                        EPOCH OF FIRST MAP  
  2015     9    27     0     0     0                        EPOCH OF LAST MAP   
  7200                                                      INTERVAL            
    13                                                      # OF MAPS IN FILE   
  NONE                                                      MAPPING FUNCTION    
10.0                                                        ELEVATION CUTOFF    
One-way carrier phase leveled to code                       OBSERVABLES USED    
  6371.0                                                    BASE RADIUS         
 2                                                          MAP DIMENSION       
   450.0 450.0   0.0                                        HGT1 / HGT2 / DHGT  
    87.5 -87.5  -2.5                                        LAT1 / LAT2 / DLAT  
  -180.0 180.0   5.0                                        LON1 / LON2 / DLON  
    -1                                                      EXPONENT            
                                                            END OF HEADER       
[from data line 4290]
    11                                                      START OF TEC MAP    
  2015     9    26    20     0     0                        EPOCH OF CURRENT MAP
    87.5-180.0 180.0   5.0 450.0                            LAT/LON1/LON2/DLON/H
  156  125  108  112  110  111  111  112  114  115  117  119  120  122  123  124
  125  126  126  126  126  126  125  125  124  124  122  122  120  120  118  118
  116  116  113  114  111  111  108  109  106  107  104  105  103  105  102  104
  102  105  103  105  104  106  105  107  107  108  107  108  108  109  108  109
  108  109  108  107  108  108  105  139  156                                   
    85.0-180.0 180.0   5.0 450.0                            LAT/LON1/LON2/DLON/H
  106  100   99  103  104  104  106  108  110  113  115  118  120  123  124  127
  126  129  127  129  127  129  126  127  124  125  122  121  119  118  115  114
  111  111  108  107  105  104  102  101   99   98   97   96   97   96   97   96
   98   98  100   99  101  101  103  102  104  103  104  102  103  102  102  101
  102  100  100   97   99   95   95  117  106                                   
    82.5-180.0 180.0   5.0 450.0                            LAT/LON1/LON2/DLON/H
   95   94   92   94   94   95   97  100  104  108  111  115  119  123  125  128
  129  132  131  134  131  133  129  130  126  126  121  121  116  115  110  110
  104  105   99  100   95   96   91   92   89   90   87   89   88   90   90   92
   93   95   96   98   98   99   99  100  100   99   98   98   97   96   94   94
   91   92   89   90   88   87   85  100   95                                   
    80.0-180.0 180.0   5.0 450.0                            LAT/LON1/LON2/DLON/H
   90   82   80   81   82   84   89   92   98  102  109  113  119  124  129  132
  136  138  140  140  141  140  139  136  134  130  127  121  119  113  111  105
  104   98   97   91   91   85   84   79   79   74   75   72   76   74   77   77
   81   81   85   84   87   86   88   86   87   85   85   83   82   80   79   77
   76   75   75   73   75   73   72   87   90                                   
    77.5-180.0 180.0   5.0 450.0                            LAT/LON1/LON2/DLON/H
   78   76   72   71   75   76   81   85   92   96  105  110  118  123  130  133
  138  139  143  141  143  141  141  137  135  129  126  119  116  109  106  101
   98   92   89   84   80   75   72   67   64   60   59   59   59   60   62   65
   68   70   73   74   76   76   76   75   75   73   72   70   69   67   66   64
   64   62   63   62   63   64   64   73   78                                   
    75.0-180.0 180.0   5.0 450.0                            LAT/LON1/LON2/DLON/H
   77   75   73   75   77   80   85   89   96  102  111  118  126  132  139  142
  147  149  152  152  151  150  148  146  142  137  132  126  121  115  110  105
  101   96   92   86   81   75   70   64   59   55   52   52   51   53   55   58
   60   63   66   67   68   67   67   66   64   63   61   60   58   58   57   57
   57   59   59   60   62   64   67   75   77                                   
    72.5-180.0 180.0   5.0 450.0                            LAT/LON1/LON2/DLON/H
   82   82   79   80   82   83   89   92  100  105  115  122  130  136  144  148
  153  154  158  156  158  154  153  148  146  139  135  127  121  115  110  105
  101   96   92   86   80   74   67   60   54   49   45   44   43   45   46   50
   51   54   56   57   56   55   54   52   51   49   48   47   46   46   47   48
   50   52   55   58   61   64   70   73   82                                   
    70.0-180.0 180.0   5.0 450.0                            LAT/LON1/LON2/DLON/H
   91   88   89   89   91   94   98  102  109  115  124  131  139  144  151  154
  159  161  164  164  165  163  162  158  154  147  141  132  126  119  114  108
  106  101   97   90   85   77   70   62   55   49   45   43   43   44   45   47
   49   50   51   50   48   46   44   41   40   38   38   37   39   39   42   43
   48   51   57   59   66   68   76   79   91                                   
    67.5-180.0 180.0   5.0 450.0                            LAT/LON1/LON2/DLON/H
   98   97   97   99  100  101  106  109  116  121  130  136  144  148  154  155
  160  161  165  165  168  166  167  162  159  150  144  133  127  118  114  108
  105  100   96   89   84   75   68   59   52   46   41   40   39   41   41   44
   43   44   42   41   37   34   30   28   27   26   27   28   30   33   35   39
   43   48   54   59   66   72   80   82   98                                   
    65.0-180.0 180.0   5.0 450.0                            LAT/LON1/LON2/DLON/H
  105  101  105  105  106  109  114  117  124  128  137  142  149  151  157  157
  162  162  169  169  175  174  176  171  168  158  151  140  134  125  121  114
  111  105  100   92   86   77   70   61   54   48   45   43   42   43   43   44
   43   41   38   34   30   25   23   21   21   21   24   26   30   32   36   39
   44   48   56   59   68   73   85   89  105                                   
    62.5-180.0 180.0   5.0 450.0                            LAT/LON1/LON2/DLON/H
  105  103  106  112  113  115  119  122  127  132  140  144  151  152  157  156
  161  162  169  171  178  178  180  174  171  161  154  144  138  130  126  120
  116  109  102   92   85   75   68   59   53   48   45   43   42   42   42   42
   39   37   32   28   22   18   15   14   15   17   19   22   25   29   32   36
   39   45   50   55   64   71   82   88  105                                   
    60.0-180.0 180.0   5.0 450.0                            LAT/LON1/LON2/DLON/H
  107  102  110  113  116  119  125  127  133  137  143  146  152  152  156  154
  160  160  169  173  182  183  186  180  178  167  163  152  151  144  143  136
  132  122  113  101   92   81   73   65   59   54   51   50   49   47   46   43
   40   35   30   24   19   15   13   13   17   19   23   26   31   32   35   36
   41   43   50   53   63   68   81   90  107                                   
    57.5-180.0 180.0   5.0 450.0                            LAT/LON1/LON2/DLON/H
  104  103  108  116  119  123  127  130  135  139  145  147  153  152  156  154
  159  161  169  174  182  185  187  181  178  170  166  160  160  158  157  152
  146  135  122  109   96   84   76   67   63   58   57   54   53   50   49   44
   41   35   30   24   20   16   16   16   20   24   27   30   31   32   33   33
   36   39   46   51   59   66   77   87  104                                   
    55.0-180.0 180.0   5.0 450.0                            LAT/LON1/LON2/DLON/H
  107  105  112  120  125  130  138  138  144  145  151  150  155  153  156  155
  160  161  171  175  185  186  188  182  182  174  176  172  179  179  182  175
  169  154  139  123  109   96   87   79   74   71   68   66   63   59   56   50
   46   40   35   29   26   23   24   26   31   34   38   39   40   37   38   35
   39   41   49   54   63   67   80   90  107                                   
    52.5-180.0 180.0   5.0 450.0                            LAT/LON1/LON2/DLON/H
  111  116  119  128  134  139  145  147  152  151  155  155  159  157  160  159
  164  165  172  176  183  185  186  182  181  178  180  184  191  198  198  195
  183  169  151  134  119  106   97   89   85   80   79   75   73   67   63   56
   52   46   42   37   35   34   35   38   41   45   46   45   43   39   37   34
   38   42   51   58   68   74   84   95  111                                   
    50.0-180.0 180.0   5.0 450.0                            LAT/LON1/LON2/DLON/H
  125  126  132  142  149  153  162  161  168  164  167  163  166  163  166  165
  170  170  177  179  186  185  187  183  185  184  192  197  209  214  216  209
  197  180  162  146  130  119  110  104  100   96   93   90   86   80   75   68
   63   58   55   51   50   48   50   52   57   58   60   56   54   48   45   42
   46   52   63   70   81   87   97  107  125                                   
    47.5-180.0 180.0   5.0 450.0                            LAT/LON1/LON2/DLON/H
  137  145  148  157  164  168  175  177  181  179  180  176  177  175  176  175
  178  179  181  183  186  186  186  184  187  189  199  207  216  222  218  211
  196  180  162  150  136  128  120  114  110  105  103   98   95   89   84   78
   73   70   67   65   64   62   63   66   67   70   67   65   59   54   49   47
   51   58   71   80   93  102  109  120  137                                   
    45.0-180.0 180.0   5.0 450.0                            LAT/LON1/LON2/DLON/H
  156  160  167  175  181  185  194  193  199  196  198  192  192  188  190  188
  191  189  192  191  195  191  193  191  196  198  209  214  221  220  215  203
  188  172  159  149  141  135  129  124  120  116  113  110  106  100   95   90
   86   83   82   80   78   77   77   78   81   80   79   75   72   66   63   62
   66   74   86   97  109  120  129  139  156                                   
    42.5-180.0 180.0   5.0 450.0                            LAT/LON1/LON2/DLON/H
  167  174  180  189  194  199  204  209  214  216  216  213  211  208  207  206
  205  204  204  204  205  204  204  203  207  210  216  219  219  214  203  191
  175  163  152  147  142  141  135  130  125  120  118  115  112  107  102   98
   95   93   92   89   87   85   84   85   85   87   84   82   77   75   71   71
   75   82   95  105  119  131  139  153  167                                   
    40.0-180.0 180.0   5.0 450.0                            LAT/LON1/LON2/DLON/H
  179  184  193  201  206  210  217  221  231  233  236  233  232  228  227  224
  224  220  221  219  222  220  223  221  225  225  229  226  220  210  196  182
  169  160  154  153  152  151  146  140  133  127  124  121  119  115  111  107
  105  102  100   96   93   90   90   90   92   92   92   91   89   88   86   86
   90   97  107  119  130  143  154  166  179                                   
    37.5-180.0 180.0   5.0 450.0                            LAT/LON1/LON2/DLON/H
  179  188  195  206  211  216  222  231  240  249  253  254  252  251  248  245
  241  239  237  238  240  241  243  242  244  242  241  233  223  210  194  183
  172  168  164  167  165  165  157  149  138  131  126  123  121  119  115  113
  110  108  104   99   94   90   89   90   91   93   93   95   94   96   95   95
   97  101  111  119  131  143  154  171  179                                   
    35.0-180.0 180.0   5.0 450.0                            LAT/LON1/LON2/DLON/H
  185  194  204  215  218  226  230  240  251  262  270  272  273  271  269  264
  261  257  257  258  262  262  265  262  265  260  258  247  235  221  212  203
  203  197  199  195  193  186  176  163  149  138  132  128  127  123  121  118
  116  111  106   99   95   90   90   91   93   94   96   99  101  104  105  104
  105  108  116  125  135  149  160  177  185                                   
    32.5-180.0 180.0   5.0 450.0                            LAT/LON1/LON2/DLON/H
  185  195  206  218  224  229  235  246  259  273  282  289  290  291  289  285
  281  278  277  279  283  283  284  281  282  280  277  269  259  250  243  244
  243  246  242  237  224  211  193  179  161  148  138  134  130  128  123  121
  116  112  104   98   92   90   89   92   92   95   93   97   98  104  106  107
  107  110  117  125  136  148  159  181  185                                   
    30.0-180.0 180.0   5.0 450.0                            LAT/LON1/LON2/DLON/H
  194  204  219  233  236  245  246  258  269  284  294  304  307  310  307  305
  300  297  297  299  302  302  301  299  300  302  305  299  300  297  301  305
  312  314  307  286  264  240  217  197  176  162  151  144  139  134  131  126
  122  115  110  101   96   94   95   97   98   98   97   99  100  105  107  108
  109  112  122  132  143  157  170  189  194                                   
    27.5-180.0 180.0   5.0 450.0                            LAT/LON1/LON2/DLON/H
  201  212  235  249  257  260  266  274  283  297  308  319  324  328  327  326
  321  317  316  317  318  316  314  313  320  328  336  340  346  353  362  372
  380  380  364  336  297  262  231  210  188  174  161  155  146  141  135  131
  124  118  109  103   95   95   93   97   95   97   91   95   93   99  100  104
  107  114  126  140  153  168  178  202  201                                   
    25.0-180.0 180.0   5.0 450.0                            LAT/LON1/LON2/DLON/H
  223  231  258  274  279  289  291  301  306  318  325  336  343  350  350  352
  345  342  338  338  336  334  331  334  344  356  375  387  402  410  426  434
  439  432  408  370  326  280  245  219  198  185  175  167  160  152  146  138
  131  122  115  104  100   96   96   98   96   95   92   92   91   95   97  101
  106  115  134  150  170  186  200  219  223                                   
    22.5-180.0 180.0   5.0 450.0                            LAT/LON1/LON2/DLON/H
  239  248  277  293  303  314  320  329  334  344  350  361  364  374  375  377
  372  368  362  360  356  353  352  357  375  396  419  436  454  464  483  485
  486  463  428  382  330  281  240  217  201  192  183  178  170  165  155  148
  138  131  120  112  104  102  101  102   96   96   86   88   82   89   91   98
  106  122  141  165  187  205  218  243  239                                   
    20.0-180.0 180.0   5.0 450.0                            LAT/LON1/LON2/DLON/H
  262  267  298  317  328  345  352  361  365  373  377  387  390  402  403  408
  402  403  397  396  390  387  386  396  416  438  464  482  502  512  525  521
  510  476  431  376  320  271  232  213  202  197  195  191  186  179  173  163
  154  144  132  123  115  111  107  106   98   96   87   86   83   87   91   98
  109  125  151  175  202  218  236  258  262                                   
    17.5-180.0 180.0   5.0 450.0                            LAT/LON1/LON2/DLON/H
  273  284  315  335  354  368  379  387  392  400  402  415  420  436  439  446
  441  443  436  435  429  428  431  444  462  481  498  513  528  535  542  530
  510  471  417  352  294  247  214  199  195  197  198  199  196  191  185  177
  169  159  150  138  131  123  118  113  104   97   88   86   81   86   88   99
  108  130  152  183  209  229  245  271  273                                   
    15.0-180.0 180.0   5.0 450.0                            LAT/LON1/LON2/DLON/H
  286  296  329  351  369  388  397  408  410  421  425  443  450  472  473  485
  480  486  482  485  481  483  487  497  512  520  531  538  547  545  538  518
  491  447  386  322  264  227  200  194  195  201  208  210  212  207  203  193
  186  174  166  155  147  137  128  118  107  101   91   87   83   87   90   99
  112  130  157  181  210  225  248  270  286                                   
    12.5-180.0 180.0   5.0 450.0                            LAT/LON1/LON2/DLON/H
  285  302  336  361  386  401  415  420  429  439  451  468  481  498  505  514
  516  521  521  526  528  534  537  546  550  552  550  549  546  534  517  493
  458  410  346  288  242  211  194  193  197  206  212  218  222  218  216  209
  201  189  180  170  161  149  136  121  110  101   93   87   82   86   89   99
  108  130  148  178  198  222  241  272  285                                   
    10.0-180.0 180.0   5.0 450.0                            LAT/LON1/LON2/DLON/H
  290  307  345  373  396  416  428  437  445  464  478  500  508  531  535  554
  554  565  561  570  577  585  593  595  594  581  571  557  543  519  496  465
  429  376  319  271  239  220  210  212  214  219  227  231  236  235  232  224
  213  200  189  177  166  151  135  121  108  101   91   87   82   87   90   99
  110  125  147  165  190  206  234  266  290                                   
     7.5-180.0 180.0   5.0 450.0                            LAT/LON1/LON2/DLON/H
  287  314  351  380  408  426  444  450  462  480  500  516  530  546  561  577
  588  595  598  604  616  627  630  629  616  600  577  557  531  505  475  447
