data/unet/pred1280.15i
     1.0            IONOSPHERE MAPS     GNSS                IONEX VERSION / TYPE
pyspatialgeodesy        IME             05-JAN-18 20:20     PGM / RUN BY / DATE 
Map Name                                                    COMMENT             
Predicted global ionosphere maps (GIM).                     DESCRIPTION         
  2015     5     8     0     0     0                        EPOCH OF FIRST MAP  
  2015     5     9     0     0     0                        EPOCH OF LAST MAP   
  7200                                                      INTERVAL            
    13                                                      # OF MAPS IN FILE   
  NONE                                                      MAPPING FUNCTION    
10.0                                                        ELEVATION CUTOFF    
One-way carrier phase leveled to code                       OBSERVABLES USED    
  6371.0                                                    BASE RADIUS         
 2                                                          MAP DIMENSION       
   450.0 450.0   0.0                                        HGT1 / HGT2 / DHGT  
    87.5 -87.5  -2.5                                        LAT1 / LAT2 / DLAT  
  -180.0 180.0   5.0                                        LON1 / LON2 / DLON  
    -1                                                      EXPONENT            
                                                            END OF HEADER       
[from data line 1287]
     4                                                      START OF TEC MAP    
  2015     5     8     6     0     0                        EPOCH OF CURRENT MAP
    87.5-180.0 180.0   5.0 450.0                            LAT/LON1/LON2/DLON/H
  144  171  168  170  170  170  170  173  173  175  175  176  176  177  178  178
  179  178  178  176  175  172  171  166  166  161  162  157  159  154  156  151
  154  150  152  148  151  146  149  144  147  143  145  140  144  139  143  138
  143  139  144  140  145  141  146  142  146  144  147  145  149  147  150  149
  152  152  155  155  159  159  172  154  144                                   
    85.0-180.0 180.0   5.0 450.0                            LAT/LON1/LON2/DLON/H
  163  170  160  166  165  162  164  166  167  167  169  170  171  171  172  171
  172  170  171  167  168  164  163  158  158  153  154  148  150  146  147  143
  145  141  143  139  141  138  139  136  136  134  134  133  132  131  132  131
  131  131  132  132  132  132  133  134  134  136  136  139  138  141  140  143
  143  146  147  151  152  148  163  158  163                                   
    82.5-180.0 180.0   5.0 450.0                            LAT/LON1/LON2/DLON/H
  165  164  159  163  162  163  165  167  169  170  173  173  175  176  177  176
  177  175  175  172  171  167  165  161  158  155  153  151  150  149  147  148
  146  147  144  146  142  144  140  141  137  136  134  133  131  130  129  129
  129  129  130  130  130  129  131  130  131  131  133  133  135  133  135  133
  136  135  139  140  142  147  151  145  165                                   
    80.0-180.0 180.0   5.0 450.0                            LAT/LON1/LON2/DLON/H
  170  171  164  163  165  164  167  167  169  169  171  172  173  173  174  173
  174  171  171  168  167  162  161  155  154  148  149  144  145  141  144  140
  144  141  145  142  145  142  145  143  144  142  143  142  141  141  143  144
  145  146  148  148  148  149  149  150  149  151  150  151  150  151  149  149
  148  149  149  150  153  150  148  151  170                                   
    77.5-180.0 180.0   5.0 450.0                            LAT/LON1/LON2/DLON/H
  168  170  165  168  167  170  169  172  171  173  173  173  174  173  173  172
  171  169  167  164  160  158  153  149  145  141  137  135  133  133  133  135
  136  139  140  145  144  148  147  151  149  152  151  154  154  157  160  163
  164  167  170  172  172  174  174  176  174  175  174  174  172  171  170  167
  166  163  163  161  161  157  153  149  168                                   
    75.0-180.0 180.0   5.0 450.0                            LAT/LON1/LON2/DLON/H
  169  174  170  168  172  171  172  172  170  170  167  167  164  164  162  160
  160  157  155  150  148  142  137  133  127  125  120  120  117  118  118  121
  124  128  133  138  141  144  146  149  150  152  155  158  162  165  173  176
  181  184  188  189  191  191  193  193  193  192  192  189  187  183  181  176
  176  172  172  169  170  165  158  160  169                                   
    72.5-180.0 180.0   5.0 450.0                            LAT/LON1/LON2/DLON/H
  170  172  170  174  175  174  174  172  170  167  164  158  156  150  149  144
  145  141  141  136  135  129  125  121  117  113  109  108  107  108  110  114
  118  124  129  137  140  148  149  155  155  160  162  169  171  181  186  193
  196  202  204  207  206  210  209  211  208  209  207  206  201  198  193  190
  187  185  184  183  182  175  167  164  170                                   
    70.0-180.0 180.0   5.0 450.0                            LAT/LON1/LON2/DLON/H
  174  176  175  173  177  173  174  171  168  163  157  151  145  138  134  128
  129  124  125  122  122  118  115  112  106  103   99   99   97   99  101  105
  111  116  124  130  138  143  150  153  157  161  166  173  182  190  199  204
  208  211  212  212  211  212  211  210  209  207  205  204  200  198  193  192
  190  189  189  189  191  182  172  174  174                                   
    67.5-180.0 180.0   5.0 450.0                            LAT/LON1/LON2/DLON/H
  173  173  170  173  173  172  172  169  166  161  154  147  138  131  123  118
  116  114  115  113  115  112  111  105  103   97   96   92   93   94   97  103
  108  116  122  135  139  150  151  160  160  168  171  182  188  201  207  213
  215  218  216  216  212  213  210  211  207  207  203  202  199  197  193  191
  190  192  193  195  197  188  179  177  173                                   
    65.0-180.0 180.0   5.0 450.0                            LAT/LON1/LON2/DLON/H
  176  178  175  172  174  170  171  168  166  161  155  147  139  128  122  114
  114  108  110  107  110  107  107  101   98   93   90   87   87   90   93  100
  106  112  121  130  139  144  151  155  162  166  176  186  197  205  214  217
  220  219  218  214  210  206  204  200  198  195  192  189  187  184  183  182
  183  186  189  193  194  188  179  181  176                                   
    62.5-180.0 180.0   5.0 450.0                            LAT/LON1/LON2/DLON/H
  176  177  171  173  170  168  167  164  162  158  153  146  137  130  120  113
  110  105  105  102  107  103  105   97   97   89   89   85   86   87   92   97
  104  111  118  130  135  145  147  156  160  170  177  191  201  212  218  222
  222  221  218  215  210  209  205  203  199  196  192  190  185  184  181  181
  180  184  187  193  197  191  183  182  176                                   
    60.0-180.0 180.0   5.0 450.0                            LAT/LON1/LON2/DLON/H
  179  184  179  177  175  170  168  163  161  157  153  148  140  131  123  113
  110  103  104   99  103   99  101   94   94   86   86   80   83   84   90   96
  104  110  118  127  134  139  144  150  158  166  178  190  204  213  220  224
  225  223  220  215  211  207  204  201  198  195  192  191  187  184  178  175
  176  178  182  188  194  189  180  187  179                                   
    57.5-180.0 180.0   5.0 450.0                            LAT/LON1/LON2/DLON/H
  187  188  184  185  180  174  168  161  157  152  150  145  140  134  126  117
  114  105  105   97  102   94   98   89   91   82   84   79   84   84   92   96
  104  109  117  127  134  141  145  152  158  167  178  192  207  217  226  228
  231  228  225  223  220  219  217  215  212  210  206  204  198  194  187  183
  181  182  188  193  202  196  190  192  187                                   
    55.0-180.0 180.0   5.0 450.0                            LAT/LON1/LON2/DLON/H
  200  205  205  206  197  189  179  169  159  152  147  144  139  134  128  120
  116  106  105   96  100   91   95   86   90   81   84   78   83   83   91   96
  104  110  117  128  135  142  145  153  158  169  180  196  211  222  230  235
  238  237  232  232  230  229  230  230  231  229  226  223  217  212  203  197
  192  192  195  203  211  208  197  206  200                                   
    52.5-180.0 180.0   5.0 450.0                            LAT/LON1/LON2/DLON/H
  221  220  227  229  224  210  194  179  165  154  146  141  138  132  130  121
  119  109  110   98  100   90   92   84   88   81   84   79   85   85   94   98
  107  112  120  132  139  149  153  161  168  178  192  208  224  234  244  247
  252  251  251  251  251  253  253  256  256  254  253  248  243  235  226  218
  213  212  215  222  233  227  218  221  221                                   
    50.0-180.0 180.0   5.0 450.0                            LAT/LON1/LON2/DLON/H
  242  246  251  255  247  238  218  198  178  164  150  143  135  131  125  121
  117  111  111  101  103   92   96   87   93   85   91   83   90   88   97  100
  110  116  124  137  145  157  160  170  176  188  204  221  237  248  258  264
  269  269  269  269  271  270  272  272  277  276  276  274  270  264  253  245
  238  236  237  243  252  245  230  239  242                                   
    47.5-180.0 180.0   5.0 450.0                            LAT/LON1/LON2/DLON/H
  256  261  273  278  273  258  239  213  190  172  156  144  134  126  122  117
  117  112  115  107  106   98   99   95   98   95   96   92   95   93  101  102
  113  118  128  142  151  164  170  180  186  198  215  231  248  259  272  277
  284  283  286  285  287  285  284  285  288  287  288  288  288  285  277  271
  264  261  260  264  272  262  248  250  256                                   
    45.0-180.0 180.0   5.0 450.0                            LAT/LON1/LON2/DLON/H
  270  276  284  292  289  277  256  234  206  188  169  155  139  129  121  117
  116  116  118  112  113  106  110  106  111  107  108  102  104  100  105  107
  115  122  131  146  157  168  174  182  192  206  224  241  259  272  285  293
  301  302  305  304  304  301  296  295  296  294  295  298  299  300  295  292
  285  282  280  281  285  272  256  261  270                                   
    42.5-180.0 180.0   5.0 450.0                            LAT/LON1/LON2/DLON/H
  270  275  288  297  297  285  266  243  218  196  178  162  143  130  120  119
  119  124  125  124  122  117  120  119  123  119  119  112  113  107  112  111
  121  124  136  150  164  177  183  193  201  215  233  252  271  286  302  310
  320  322  327  326  327  322  315  311  309  305  306  307  310  312  312  309
  304  300  295  296  294  277  263  266  270                                   
    40.0-180.0 180.0   5.0 450.0                            LAT/LON1/LON2/DLON/H
  272  270  279  285  288  278  265  245  224  204  189  174  157  140  130  127
  129  133  136  135  134  131  133  134  136  135  129  125  118  115  112  115
  121  129  140  154  168  180  190  199  210  223  243  262  282  299  316  324
  336  339  346  347  348  344  336  331  330  326  324  326  325  330  327  327
  321  316  311  306  303  280  269  268  272                                   
    37.5-180.0 180.0   5.0 450.0                            LAT/LON1/LON2/DLON/H
  265  259  262  264  262  255  245  231  218  203  193  181  164  149  137  135
  137  145  148  150  148  145  147  147  151  146  142  131  128  120  122  119
  128  130  144  154  171  184  196  207  217  232  252  273  293  309  327  336
  347  351  360  364  369  368  365  365  364  365  362  362  360  360  358  355
  349  339  330  321  311  289  272  272  265                                   
    35.0-180.0 180.0   5.0 450.0                            LAT/LON1/LON2/DLON/H
  271  249  245  240  235  225  220  211  205  198  195  187  177  163  154  151
  154  161  164  167  164  162  161  164  161  160  148  142  130  128  122  125
  128  135  145  157  170  186  197  210  221  236  255  273  295  309  331  339
  355  361  377  382  395  396  403  409  419  421  418  414  407  405  398  392
  382  368  354  337  324  301  286  286  271                                   
    32.5-180.0 180.0   5.0 450.0                            LAT/LON1/LON2/DLON/H
  286  257  240  223  212  202  195  190  187  186  188  185  181  169  163  161
  165  174  178  181  180  179  180  178  177  168  159  145  138  128  129  126
  135  137  151  159  179  191  206  215  228  242  262  278  297  313  333  345
  361  372  391  404  425  435  450  467  479  485  484  479  469  459  450  440
  429  413  395  375  355  333  308  311  286                                   
    30.0-180.0 180.0   5.0 450.0                            LAT/LON1/LON2/DLON/H
  324  276  247  222  202  187  178  173  173  176  181  184  185  179  177  176
  183  189  194  197  196  195  193  193  188  180  166  156  141  137  130  133
  131  139  151  164  181  198  210  221  233  248  269  283  303  317  340  353
  376  392  419  436  469  487  519  550  572  581  569  560  542  529  512  499
  486  467  449  425  405  377  353  353  324                                   
    27.5-180.0 180.0   5.0 450.0                            LAT/LON1/LON2/DLON/H
  376  324  287  245  215  194  180  172  170  170  174  178  180  178  180  180
  186  194  200  206  208  211  212  211  208  194  182  164  156  143  143  138
  142  143  159  171  190  207  223  230  244  257  281  292  312  326  353  372
  403  421  455  484  527  568  612  651  674  682  679  656  632  604  584  563
  547  530  510  488  466  440  412  406  376                                   
    25.0-180.0 180.0   5.0 450.0                            LAT/LON1/LON2/DLON/H
  441  389  344  293  258  224  205  189  182  174  173  175  179  182  186  189
  197  201  207  213  216  223  227  231  224  212  193  178  160  152  141  138
  134  140  154  170  187  208  225  235  250  261  287  300  323  337  368  389
  429  454  501  539  603  646  684  725  749  759  750  731  708  686  657  637
  617  598  580  554  536  505  489  471  441                                   
    22.5-180.0 180.0   5.0 450.0                            LAT/LON1/LON2/DLON/H
  507  461  423  364  314  275  246  223  204  189  181  178  180  183  187  189
  194  199  203  215  224  236  244  251  244  227  209  186  176  160  152  138
  135  134  152  164  189  207  234  242  265  271  301  315  341  355  385  411
  453  489  541  594  651  704  736  776  799  810  799  777  756  724  712  691
  677  659  647  626  608  575  558  533  507                                   
    20.0-180.0 180.0   5.0 450.0                            LAT/LON1/LON2/DLON/H
  568  526  494  438  396  344  306  274  245  219  199  190  188  189  193  194
  198  201  205  215  227  245  255  265  255  239  212  192  178  163  152  139
  132  128  138  154  177  201  226  244  267  284  316  333  361  375  415  441
  492  527  588  636  685  725  761  789  812  821  814  794  773  746  730  712
  704  693  691  674  666  637  626  591  568                                   
    17.5-180.0 180.0   5.0 450.0                            LAT/LON1/LON2/DLON/H
  613  590  559  504  457  411  369  332  292  257  226  211  205  204  205  203
  201  201  203  216  231  250  262  269  258  241  215  196  179  163  152  133
  121  118  127  141  170  190  225  244  274  297  328  350  372  400  436  477
  519  566  617  660  694  729  750  772  783  791  788  779  766  745  736  723
  722  718  719  712  714  688  680  635  613                                   
    15.0-180.0 180.0   5.0 450.0                            LAT/LON1/LON2/DLON/H
  641  624  595  544  503  453  417  383  346  306  271  252  240  238  232  222
  215  215  214  226  237  258  264  273  254  237  209  193  178  162  145  123
  110  106  114  129  155  184  215  244  274  306  343  367  400  428  475  508
  554  589  637  666  687  704  713  722  730  737  736  736  733  724  720  717
  720  724  733  734  734  711  705  664  641                                   
    12.5-180.0 180.0   5.0 450.0                            LAT/LON1/LON2/DLON/H
  649  641  618  572  527  481  442  411  380  350  315  301  287  278  268  256
  240  231  227  234  245  260  265  267  248  228  202  187  164  143  124  103
   91   89  104  117  148  174  210  242  277  315  349  382  415  459  499  541
  573  611  645  667  673  678  665  669  666  676  682  691  700  703  705  710
  717  730  741  748  744  730  716  678  649                                   
    10.0-180.0 180.0   5.0 450.0                            LAT/LON1/LON2/DLON/H
  645  639  612  573  530  492  454  428  402  382  357  342  331  326  311  297
  277  267  254  255  257  271  262  261  231  218  193  179  156  139  117   96
   85   81   94  110  137  171  204  243  280  320  358  390  432  470  512  545
  579  611  638  658  658  651  637  628  631  635  647  660  677  687  695  705
  717  734  749  755  754  734  722  687  645                                   
     7.5-180.0 180.0   5.0 450.0                            LAT/LON1/LON2/DLON/H
  643  627  609  568  531  496  465  438  414  397  380  372  359  352  341  324
  305  293  279  274  271  272  261  249  224  210  183  158  142  124  109   91
