data/unet/pred0970.15i
     1.0            IONOSPHERE MAPS     GNSS                IONEX VERSION / TYPE
pyspatialgeodesy        IME             05-JAN-18 20:20     PGM / RUN BY / DATE 
Map Name                                                    COMMENT             
Predicted global ionosphere maps (GIM).                     DESCRIPTION         
  2015     4     7     0     0     0                        EPOCH OF FIRST MAP  
  2015     4     8     0     0     0                        EPOCH OF LAST MAP   
  7200                                                      INTERVAL            
    13                                                      # OF MAPS IN FILE   
  NONE                                                      MAPPING FUNCTION    
10.0                                                        ELEVATION CUTOFF    
One-way carrier phase leveled to code                       OBSERVABLES USED    
  6371.0                                                    BASE RADIUS         
 2                                                          MAP DIMENSION       
   450.0 450.0   0.0                                        HGT1 / HGT2 / DHGT  
    87.5 -87.5  -2.5                                        LAT1 / LAT2 / DLAT  
  -180.0 180.0   5.0                                        LON1 / LON2 / DLON  
    -1                                                      EXPONENT            
                                                            END OF HEADER       
[from data line 4290]
    11                                                      START OF TEC MAP    
  2015     4     7    20     0     0                        EPOCH OF CURRENT MAP
    87.5-180.0 180.0   5.0 450.0                            LAT/LON1/LON2/DLON/H
  234  214  216  216  214  213  213  212  212  213  213  214  213  215  215  217
  215  217  216  216  215  215  214  213  211  211  209  208  206  204  203  201
  200  198  197  196  195  194  194  193  193  193  194  193  194  194  196  195
  197  197  199  200  201  203  204  206  208  209  210  211  213  214  215  216
  217  218  220  218  220  218  214  207  234                                   
    85.0-180.0 180.0   5.0 450.0                            LAT/LON1/LON2/DLON/H
  201  207  211  212  210  208  209  209  210  211  212  212  214  215  217  217
  218  218  219  218  219  217  217  214  213  211  209  206  203  201  199  196
  194  192  189  188  186  185  183  184  183  184  183  184  185  186  187  189
  190  192  194  197  199  201  203  206  208  210  211  212  214  214  215  215
  217  217  218  216  215  212  213  211  201                                   
    82.5-180.0 180.0   5.0 450.0                            LAT/LON1/LON2/DLON/H
  197  197  199  201  198  201  201  204  205  209  209  213  214  218  219  223
  224  226  226  226  225  224  221  220  215  213  208  205  199  197  191  189
  184  182  177  175  172  171  168  169  167  169  169  170  171  174  176  178
  181  184  187  190  193  195  198  200  203  205  205  207  207  209  207  210
  208  211  208  209  204  203  197  194  197                                   
    80.0-180.0 180.0   5.0 450.0                            LAT/LON1/LON2/DLON/H
  188  180  180  180  181  183  187  190  193  197  202  206  210  214  219  222
  225  227  228  228  227  225  222  218  214  209  204  199  193  188  183  177
  173  168  165  160  158  155  154  152  151  151  152  153  155  157  160  163
  166  169  173  176  179  182  184  187  190  192  192  194  194  196  194  195
  194  194  192  190  187  183  179  178  188                                   
    77.5-180.0 180.0   5.0 450.0                            LAT/LON1/LON2/DLON/H
  174  168  167  167  169  171  177  180  187  192  200  206  213  219  225  229
  231  233  234  233  232  228  226  220  216  208  204  196  191  183  179  172
  168  162  159  154  150  146  144  141  140  139  140  140  142  144  148  150
  154  156  160  162  166  167  171  172  176  177  179  179  180  181  180  181
  180  180  179  176  172  170  167  166  174                                   
    75.0-180.0 180.0   5.0 450.0                            LAT/LON1/LON2/DLON/H
  167  160  161  161  164  167  174  178  186  194  204  212  220  227  233  237
  238  240  240  238  236  232  231  225  222  213  209  201  196  188  184  177
  173  166  163  156  153  147  145  139  138  136  137  136  138  139  142  143
  146  147  150  150  153  154  156  158  159  161  161  163  163  165  164  166
  166  168  168  166  164  161  162  165  167                                   
    72.5-180.0 180.0   5.0 450.0                            LAT/LON1/LON2/DLON/H
  167  163  163  164  166  171  176  182  190  199  210  219  228  237  241  247
  246  248  245  245  240  238  234  231  225  220  213  208  202  196  191  185
  179  174  168  164  156  153  145  143  137  136  134  135  134  136  137  138
  138  139  138  139  138  139  138  140  139  141  140  142  141  144  143  147
  148  153  155  157  156  158  158  168  167                                   
    70.0-180.0 180.0   5.0 450.0                            LAT/LON1/LON2/DLON/H
  173  167  171  172  174  179  185  191  201  209  222  232  241  249  253  256
  255  255  251  250  245  241  238  235  231  224  220  213  209  204  199  193
  188  183  177  170  164  156  151  144  140  136  136  133  134  132  133  131
  131  128  126  123  122  120  118  119  118  119  119  121  122  124  127  131
  135  143  148  153  156  158  163  175  173                                   
    67.5-180.0 180.0   5.0 450.0                            LAT/LON1/LON2/DLON/H
  182  178  181  183  186  190  195  202  210  221  232  245  254  263  266  270
  266  265  259  256  251  247  244  241  238  232  227  221  215  210  206  201
  195  190  183  176  167  160  151  146  138  136  132  131  129  128  126  124
  120  117  113  111  106  105  101  102   99  101  100  102  103  107  111  117
  123  131  140  146  151  158  164  180  182                                   
    65.0-180.0 180.0   5.0 450.0                            LAT/LON1/LON2/DLON/H
  191  188  195  196  198  203  208  213  222  232  245  256  268  277  280  282
  278  275  267  261  256  253  251  248  245  239  235  228  224  218  213  208
  204  197  191  181  173  161  153  144  138  133  130  127  125  122  119  116
  112  108  103   99   94   92   89   88   87   86   87   88   92   96  102  109
  117  127  137  146  154  163  173  189  191                                   
    62.5-180.0 180.0   5.0 450.0                            LAT/LON1/LON2/DLON/H
  194  192  199  203  207  210  215  222  229  242  253  267  279  289  292  295
  289  286  276  270  264  261  259  258  255  250  244  238  232  227  221  217
  211  205  196  186  173  163  151  142  134  129  125  122  118  114  111  106
  102   97   92   89   85   83   80   80   77   78   78   81   83   88   94  101
  110  120  131  142  152  162  170  190  194                                   
    60.0-180.0 180.0   5.0 450.0                            LAT/LON1/LON2/DLON/H
  196  195  205  211  215  221  224  231  237  248  259  273  287  297  302  305
  299  296  283  279  271  271  269  271  267  263  257  250  243  238  234  229
  222  214  205  191  179  165  155  143  137  130  127  121  117  112  108  101
   96   90   87   83   80   79   78   78   78   79   80   82   85   89   96  102
  112  122  135  145  155  164  174  194  196                                   
    57.5-180.0 180.0   5.0 450.0                            LAT/LON1/LON2/DLON/H
  194  196  207  216  222  227  231  237  243  255  265  282  293  307  311  316
  309  306  293  288  281  282  281  283  280  277  270  264  258  253  248  242
  233  224  212  198  183  170  158  149  141  135  129  123  117  111  105   98
   91   86   82   80   79   80   80   82   83   85   86   89   90   95   98  106
  112  123  133  143  154  161  171  192  194                                   
    55.0-180.0 180.0   5.0 450.0                            LAT/LON1/LON2/DLON/H
  197  205  216  227  232  241  246  251  256  265  275  289  302  314  321  325
  319  316  301  297  288  293  292  298  295  295  287  284  277  273  268  259
  249  237  224  208  194  180  172  161  155  147  141  132  126  117  110  101
   95   89   86   85   86   88   90   94   97   99  100  101  103  105  109  113
  121  130  141  151  159  165  176  193  197                                   
    52.5-180.0 180.0   5.0 450.0                            LAT/LON1/LON2/DLON/H
  202  217  230  241  249  255  261  268  271  281  288  304  314  328  331  337
  331  328  314  308  301  305  306  314  314  314  308  304  297  293  287  276
  263  249  234  218  204  193  184  175  167  159  153  144  136  128  118  109
  102   97   95   96   97  101  105  109  112  115  116  117  116  118  119  124
  130  140  150  161  170  177  184  205  202                                   
    50.0-180.0 180.0   5.0 450.0                            LAT/LON1/LON2/DLON/H
  216  236  251  265  269  280  284  292  296  304  310  322  332  343  347  352
  348  343  328  322  314  318  320  330  330  332  326  323  316  311  303  292
  276  259  245  229  217  206  200  190  183  175  167  158  150  141  132  122
  114  109  107  108  111  115  120  125  128  130  132  132  132  132  134  138
  146  156  170  181  192  196  206  226  216                                   
    47.5-180.0 180.0   5.0 450.0                            LAT/LON1/LON2/DLON/H
  232  257  273  286  295  301  307  314  319  327  332  345  353  365  368  375
  370  364  350  342  334  335  339  345  348  347  343  339  333  326  315  300
  281  263  248  234  224  216  208  199  191  181  175  167  160  153  144  136
  128  124  121  122  123  129  131  137  139  142  142  143  142  143  144  148
  156  169  184  198  210  220  225  250  232                                   
    45.0-180.0 180.0   5.0 450.0                            LAT/LON1/LON2/DLON/H
  254  278  295  312  317  330  333  343  346  356  361  371  378  388  392  399
  393  386  371  361  352  352  353  358  359  359  353  351  343  337  321  303
  281  262  248  236  229  222  215  206  196  186  180  173  169  162  156  148
  142  137  134  133  134  136  139  144  146  148  148  150  149  152  155  161
  171  185  203  217  232  239  252  271  254                                   
    42.5-180.0 180.0   5.0 450.0                            LAT/LON1/LON2/DLON/H
  271  298  315  332  340  349  356  367  375  385  390  401  405  418  420  427
  421  412  396  382  374  370  371  370  370  365  362  357  349  337  319  296
  274  254  241  233  228  223  215  204  193  182  176  172  170  166  162  157
  153  149  145  143  141  143  143  148  148  150  149  150  149  153  156  164
  174  191  208  227  244  259  268  290  271                                   
    40.0-180.0 180.0   5.0 450.0                            LAT/LON1/LON2/DLON/H
  286  313  331  352  357  372  376  393  401  415  417  429  436  447  446  453
  448  440  420  407  395  392  387  386  381  378  372  368  355  341  319  295
  272  254  242  237  233  230  221  210  197  186  180  177  175  172  169  165
  162  157  153  149  146  144  144  148  148  150  148  148  147  151  157  167
  179  196  216  235  255  267  282  300  286                                   
    37.5-180.0 180.0   5.0 450.0                            LAT/LON1/LON2/DLON/H
  291  319  339  358  368  378  387  400  415  431  439  452  458  469  471  478
  475  465  450  432  421  411  408  401  397  389  383  375  361  342  320  296
  276  257  250  246  246  242  234  218  205  191  186  181  180  177  174  170
  167  162  158  153  148  146  144  147  147  148  145  144  144  147  152  162
  173  190  209  230  253  272  285  303  291                                   
    35.0-180.0 180.0   5.0 450.0                            LAT/LON1/LON2/DLON/H
  298  326  346  367  374  390  398  417  431  450  460  477  484  497  499  505
  502  492  479  462  446  437  429  423  414  407  399  390  373  356  334  316
  298  288  282  285  281  278  262  247  228  217  206  203  198  194  188  184
  178  174  166  162  153  152  147  152  150  152  146  147  145  151  156  165
  175  192  211  231  254  270  286  302  298                                   
    32.5-180.0 180.0   5.0 450.0                            LAT/LON1/LON2/DLON/H
  305  329  349  367  381  395  409  423  445  462  480  493  506  519  525  531
  529  518  506  490  474  462  452  443  434  425  418  408  396  380  365  352
  347  342  343  343  339  326  303  278  257  244  236  231  227  221  215  208
  203  196  190  182  175  168  164  164  162  159  154  150  152  155  159  162
  171  181  200  218  242  263  286  301  305                                   
    30.0-180.0 180.0   5.0 450.0                            LAT/LON1/LON2/DLON/H
  320  338  357  375  387  406  422  441  464  485  505  519  535  548  555  563
  560  549  536  519  504  491  477  467  457  450  444  443  436  433  427  423
  418  419  412  418  416  409  381  349  318  300  286  277  269  259  250  239
  230  223  215  208  199  193  188  186  180  176  166  169  165  170  167  176
  179  190  207  225  250  268  293  305  320                                   
    27.5-180.0 180.0   5.0 450.0                            LAT/LON1/LON2/DLON/H
  337  354  369  383  400  417  436  457  485  511  537  552  570  581  591  597
  593  581  564  546  528  512  495  484  476  471  472  477  481  482  474  468
  454  448  444  450  450  442  417  384  355  337  325  323  315  303  288  277
  266  256  249  239  230  220  216  211  205  194  185  177  169  173  180  186
  191  194  213  227  252  271  298  319  337                                   
    25.0-180.0 180.0   5.0 450.0                            LAT/LON1/LON2/DLON/H
  356  366  388  402  414  436  453  480  517  550  577  598  612  624  633  638
  632  621  598  573  548  530  515  503  496  494  500  512  516  524  525  534
  516  509  484  482  475  477  454  430  403  387  370  366  358  354  336  320
  304  295  286  279  269  258  243  237  222  217  202  198  185  181  183  191
  203  214  222  243  264  288  314  335  356                                   
    22.5-180.0 180.0   5.0 450.0                            LAT/LON1/LON2/DLON/H
  372  385  406  420  441  459  479  506  542  581  609  632  651  666  680  681
  673  656  632  600  569  544  530  519  521  522  533  546  563  575  585  587
  569  547  516  496  482  480  462  451  429  421  406  397  387  376  374  357
  342  327  318  304  292  274  261  245  238  220  217  207  216  204  201  199
  205  219  242  255  279  303  326  355  372                                   
    20.0-180.0 180.0   5.0 450.0                            LAT/LON1/LON2/DLON/H
  393  402  430  447  464  485  504  534  574  608  637  671  690  708  719  732
  721  704  662  628  587  563  543  539  539  554  574  603  618  635  623  620
  584  551  512  484  463  450  438  429  423  420  411  404  395  388  389  379
  368  354  344  326  311  289  275  260  247  236  224  220  220  218  219  216
  223  231  246  272  292  319  338  370  393                                   
    17.5-180.0 180.0   5.0 450.0                            LAT/LON1/LON2/DLON/H
  401  421  453  471  488  507  529  563  598  631  665  699  727  750  770  775
  770  744  709  661  620  585  568  561  574  594  622  643  657  657  644  621
  576  526  478  441  412  389  376  370  375  380  383  379  378  379  386  380
  373  359  352  336  322  300  285  271  262  250  241  231  233  225  229  226
  234  242  255  275  304  329  342  379  401                                   
    15.0-180.0 180.0   5.0 450.0                            LAT/LON1/LON2/DLON/H
  416  433  470  490  510  529  554  586  622  656  693  733  763  797  815  831
  823  804  768  724  665  631  599  608  609  642  655  679  677  673  647  606
  548  480  432  382  353  323  314  312  323  333  338  340  350  359  372  375
  372  362  355  341  329  305  294  273  266  250  244  234  229  222  225  224
  234  245  258  274  298  322  337  379  416                                   
    12.5-180.0 180.0   5.0 450.0                            LAT/LON1/LON2/DLON/H
  413  442  483  504  527  549  575  608  642  677  719  756  804  837  877  891
  900  866  846  794  750  692  663  656  662  684  697  704  695  686  651  600
  523  449  396  341  311  279  271  270  284  293  301  308  320  332  347  355
  357  348  343  330  319  299  279  261  243  234  225  221  211  209  210  211
  222  237  248  266  292  323  334  380  413                                   
    10.0-180.0 180.0   5.0 450.0                            LAT/LON1/LON2/DLON/H
  410  441  489  515  544  563  595  627  667  697  735  784  832  876  918  950
  968  942  921  866  827  769  735  721  718  732  727  728  715  693  652  576
  506  425  369  317  290  263  257  260  273  279  288  293  302  314  328  339
  339  329  320  308  292  269  251  228  220  205  207  197  201  193  194  196
  207  221  237  257  288  315  334  376  410                                   
     7.5-180.0 180.0   5.0 450.0                            LAT/LON1/LON2/DLON/H
  402  443  494  529  558  587  612  643  676  707  743  787  847  896  952  986
 1008  997  984  951  916  849  808  778  775  777  761  754  731  700  650  584
