data/unet/pred0220.15i
     1.0            IONOSPHERE MAPS     GNSS                IONEX VERSION / TYPE
pyspatialgeodesy        IME             05-JAN-18 20:20     PGM / RUN BY / DATE 
Map Name                                                    COMMENT             
Predicted global ionosphere maps (GIM).                     DESCRIPTION         
  2015     1    22     0     0     0                        EPOCH OF FIRST MAP  
  2015     1    23     0     0     0                        EPOCH OF LAST MAP   
  7200                                                      INTERVAL            
    13                                                      # OF MAPS IN FILE   
  NONE                                                      MAPPING FUNCTION    
10.0                                                        ELEVATION CUTOFF    
One-way carrier phase leveled to code                       OBSERVABLES USED    
  6371.0                                                    BASE RADIUS         
 2                                                          MAP DIMENSION       
   450.0 450.0   0.0                                        HGT1 / HGT2 / DHGT  
    87.5 -87.5  -2.5                                        LAT1 / LAT2 / DLAT  
  -180.0 180.0   5.0                                        LON1 / LON2 / DLON  
    -1                                                      EXPONENT            
                                                            END OF HEADER       
[from data line 3432]
     9                                                      START OF TEC MAP    
  2015     1    22    16     0     0                        EPOCH OF CURRENT MAP
    87.5-180.0 180.0   5.0 450.0                            LAT/LON1/LON2/DLON/H
   93   98   96   99   98   98   97   98   97   98   98   99   98   99   98   99
   98  100   99  100   99  101   99  102  100  103  101  103  101  103  101  102
  100  101  100  100   99  100   98   99   97   98   96   97   95   96   94   95
   93   94   92   94   92   93   91   93   92   93   92   94   92   94   92   95
   92   95   92   95   95   95   96  111   93                                   
    85.0-180.0 180.0   5.0 450.0                            LAT/LON1/LON2/DLON/H
   70   79   77   80   79   80   79   82   80   83   81   85   83   86   84   87
   85   87   86   88   87   88   87   88   86   87   86   87   86   87   84   86
   84   86   83   85   83   84   82   83   81   82   79   80   78   78   75   76
   74   76   73   75   73   75   72   75   73   75   73   76   74   76   74   76
   75   76   75   75   75   75   77   80   70                                   
    82.5-180.0 180.0   5.0 450.0                            LAT/LON1/LON2/DLON/H
   71   64   66   66   66   67   67   69   69   70   71   72   73   74   75   75
   77   76   78   78   82   80   83   81   84   81   83   80   81   78   78   76
   75   74   73   72   71   70   68   68   66   66   64   64   62   62   60   61
   59   60   59   59   59   59   59   59   60   59   60   59   61   60   62   60
   62   59   62   60   62   56   72   63   71                                   
    80.0-180.0 180.0   5.0 450.0                            LAT/LON1/LON2/DLON/H
   64   61   61   59   62   61   63   62   64   63   64   64   65   65   66   66
   68   68   70   72   75   76   77   78   78   79   77   78   76   77   74   75
   71   74   68   71   65   68   62   65   59   62   57   61   56   60   56   59
   56   59   56   59   56   59   58   60   58   60   59   61   59   60   59   60
   58   59   57   57   56   57   61   61   64                                   
    77.5-180.0 180.0   5.0 450.0                            LAT/LON1/LON2/DLON/H
   61   61   60   56   58   58   60   59   59   58   60   59   61   59   63   60
   65   64   69   70   76   77   80   80   80   79   78   77   74   74   71   71
   67   68   65   66   62   63   58   59   54   55   51   53   51   53   52   55
   55   56   57   57   59   58   61   58   61   59   63   60   64   61   64   60
   62   58   61   55   56   51   56   58   61                                   
    75.0-180.0 180.0   5.0 450.0                            LAT/LON1/LON2/DLON/H
   61   62   63   62   65   64   65   63   63   60   60   58   58   56   57   58
   60   65   69   75   81   87   89   91   90   89   87   84   82   79   78   76
   75   74   73   71   68   66   61   59   55   55   52   53   52   55   56   59
   60   63   65   64   67   65   68   67   69   68   70   69   71   69   71   67
   69   65   66   60   62   58   64   62   61                                   
    72.5-180.0 180.0   5.0 450.0                            LAT/LON1/LON2/DLON/H
   66   70   66   66   65   64   64   63   62   58   58   56   56   53   56   56
   64   68   79   86   97  103  109  109  109  106  103  100   96   92   91   88
   89   87   86   83   79   74   67   62   56   54   51   52   51   55   55   60
   61   65   67   70   70   71   72   72   73   73   75   73   75   73   74   70
   72   68   69   63   65   61   64   61   66                                   
    70.0-180.0 180.0   5.0 450.0                            LAT/LON1/LON2/DLON/H
   69   73   71   69   70   70   68   66   65   61   61   56   58   53   57   59
   67   76   91  104  120  129  136  136  135  131  127  123  119  114  112  108
  108  105  105  100   95   88   79   71   64   58   54   54   54   57   60   65
   66   69   71   73   75   75   76   75   77   75   78   76   77   74   75   72
   73   69   69   64   66   63   67   62   69                                   
    67.5-180.0 180.0   5.0 450.0                            LAT/LON1/LON2/DLON/H
   69   70   64   67   64   63   64   61   62   57   59   55   56   52   57   59
   72   83  106  122  145  155  163  162  164  160  159  153  149  143  139  135
  134  131  128  122  112  103   90   81   69   63   55   53   52   55   57   61
   63   66   67   69   69   69   70   71   74   73   75   75   76   73   74   70
   70   66   66   61   62   57   62   57   69                                   
    65.0-180.0 180.0   5.0 450.0                            LAT/LON1/LON2/DLON/H
   66   66   63   59   63   60   60   56   59   54   58   53   58   54   61   65
   79   97  121  143  169  181  192  191  195  190  189  180  178  171  169  163
  162  156  153  142  133  119  105   92   78   70   62   59   55   59   59   64
   64   65   64   65   64   64   64   63   65   65   67   66   67   64   64   61
   61   57   58   52   54   53   58   52   66                                   
    62.5-180.0 180.0   5.0 450.0                            LAT/LON1/LON2/DLON/H
   54   55   52   58   55   54   54   52   54   52   55   51   57   53   62   65
   88  103  137  159  189  201  216  219  224  222  222  216  214  207  203  197
  190  183  173  162  147  134  116   99   84   74   64   60   57   56   57   58
   59   56   55   53   52   51   51   53   56   56   58   57   58   55   55   52
   52   49   48   44   44   41   47   40   54                                   
    60.0-180.0 180.0   5.0 450.0                            LAT/LON1/LON2/DLON/H
   47   49   53   48   54   50   54   47   52   48   55   51   59   57   69   74
   96  116  150  173  202  217  234  237  245  245  248  244  246  237  234  223
  216  203  192  177  159  145  126  110   94   84   73   70   65   64   61   60
   57   53   50   46   45   42   43   42   45   46   47   46   47   44   45   42
   43   39   42   37   39   38   41   32   47                                   
    57.5-180.0 180.0   5.0 450.0                            LAT/LON1/LON2/DLON/H
   27   38   42   48   48   47   46   47   47   49   53   57   64   66   81   89
  114  130  167  183  214  223  244  246  255  257  260  260  260  254  249  237
  226  212  197  183  165  151  134  119  104   92   83   77   72   67   65   58
   55   48   46   40   38   35   36   36   39   40   41   40   41   39   39   38
   38   37   38   36   33   32   34   22   27                                   
    55.0-180.0 180.0   5.0 450.0                            LAT/LON1/LON2/DLON/H
   27   38   45   44   47   45   47   43   49   49   61   65   78   83  101  111
  135  149  182  198  225  233  250  253  262  261  268  265  270  263  259  248
  236  224  208  194  176  162  145  131  118  108   98   91   86   79   74   66
   62   54   52   45   44   40   40   39   41   40   40   38   39   37   38   37
   41   39   44   39   38   36   38   24   27                                   
    52.5-180.0 180.0   5.0 450.0                            LAT/LON1/LON2/DLON/H
   21   35   45   50   49   41   38   32   36   39   53   65   85   97  113  129
  151  167  196  209  231  237  250  253  261  264  269  268  270  263  258  249
  240  227  213  199  184  170  155  144  132  122  113  105   98   89   83   75
   70   63   60   56   53   50   50   50   51   50   48   47   45   43   42   43
   45   47   49   49   44   42   42   26   21                                   
    50.0-180.0 180.0   5.0 450.0                            LAT/LON1/LON2/DLON/H
   36   50   57   57   56   50   40   36   35   45   58   79   98  114  132  148
  171  188  213  226  242  249  256  261  266  269  276  274  274  267  263  252
  245  234  223  208  195  182  169  159  150  139  131  122  114  105   97   90
   85   80   78   74   72   68   67   66   66   62   60   56   55   51   52   52
   58   58   64   60   60   56   57   40   36                                   
    47.5-180.0 180.0   5.0 450.0                            LAT/LON1/LON2/DLON/H
   47   59   66   67   67   54   46   36   40   48   65   86  105  123  139  160
  183  202  222  234  246  252  256  263  266  271  276  275  274  268  260  253
  247  238  231  215  207  190  183  172  164  153  144  134  124  114  107   99
   96   93   93   90   88   86   84   83   83   80   76   73   68   65   63   65
   66   69   71   73   68   66   66   53   47                                   
    45.0-180.0 180.0   5.0 450.0                            LAT/LON1/LON2/DLON/H
   67   77   81   77   76   73   60   56   50   70   80  107  120  137  153  175
  200  219  239  250  258  266  268  275  276  280  281  277  273  262  257  249
  248  241  237  226  217  202  195  184  176  164  154  145  136  127  119  113
  109  108  107  106  103  103   98   99   97   95   89   86   81   77   75   74
   78   78   83   82   82   78   82   69   67                                   
    42.5-180.0 180.0   5.0 450.0                            LAT/LON1/LON2/DLON/H
   78   81   86   88   87   81   79   70   74   86  102  119  127  143  161  182
  206  222  242  252  265  268  275  280  285  284  284  277  271  258  254  247
  250  241  245  231  228  213  205  193  184  170  159  149  141  130  124  117
  115  112  112  110  109  106  106  105  106  104   99   98   91   88   83   81
   79   81   81   84   81   82   86   78   78                                   
    40.0-180.0 180.0   5.0 450.0                            LAT/LON1/LON2/DLON/H
   85   88   93   92   91   87   83   85   90  106  115  131  138  157  173  195
  216  235  256  268  281  287  294  298  300  296  288  274  264  249  248  242
  248  244  250  241  239  226  217  202  191  176  163  154  146  137  129  124
  119  117  114  113  108  108  104  107  106  107  102  100   95   91   87   83
   81   79   80   79   80   81   88   81   85                                   
    37.5-180.0 180.0   5.0 450.0                            LAT/LON1/LON2/DLON/H
   85   83   92   95   92   91   87   91   99  113  127  142  152  166  179  197
  218  235  259  271  288  293  304  305  307  299  291  277  265  255  251  249
  257  257  265  257  256  243  234  216  202  184  171  159  151  142  136  128
  124  117  113  108  104  101   99  100  102  102   98   98   93   90   85   81
   74   70   67   69   68   74   80   75   85                                   
    35.0-180.0 180.0   5.0 450.0                            LAT/LON1/LON2/DLON/H
   81   84   89   90   91   90   90   94  106  122  138  156  168  180  191  209
  228  246  270  286  305  313  325  327  326  317  301  290  274  272  266  270
  276  280  290  284  280  264  253  233  216  196  183  172  163  156  149  143
  135  128  120  114  106  104  100  102  100  101   95   94   90   87   84   81
   73   67   62   62   64   68   74   70   81                                   
    32.5-180.0 180.0   5.0 450.0                            LAT/LON1/LON2/DLON/H
   74   77   79   87   84   87   82   91  103  122  144  166  179  191  200  212
  229  247  270  290  310  316  328  325  327  317  310  301  292  292  296  303
  314  320  326  322  315  298  281  260  242  220  206  195  186  177  169  162
  155  144  136  126  118  113  108  108  104  102   95   92   88   86   83   81
   71   66   59   59   57   63   64   60   74                                   
    30.0-180.0 180.0   5.0 450.0                            LAT/LON1/LON2/DLON/H
   63   72   73   75   76   79   80   88  104  125  150  175  192  204  213  226
  240  258  279  299  314  325  331  332  329  324  317  321  318  327  333  347
  362  371  376  370  356  337  313  289  268  249  234  225  220  214  208  199
  191  181  171  159  149  141  135  131  124  116  106   99   93   92   90   90
   84   78   71   68   66   66   67   57   63                                   
    27.5-180.0 180.0   5.0 450.0                            LAT/LON1/LON2/DLON/H
   64   71   69   75   72   75   73   85   99  123  150  180  201  215  225  234
  245  261  279  298  310  315  318  317  321  323  333  344  355  371  389  413
  429  440  440  428  407  382  355  330  300  279  264  256  251  248  243  239
  229  221  210  197  185  175  165  157  146  134  119  111  103  103  102  104
   98   95   84   81   74   74   69   54   64                                   
    25.0-180.0 180.0   5.0 450.0                            LAT/LON1/LON2/DLON/H
   60   72   68   72   69   74   76   87  101  125  154  186  211  229  241  250
  263  274  288  302  309  311  311  312  320  332  350  376  397  428  451  483
  501  511  503  484  453  429  395  374  339  317  295  287  278  280  278  279
  271  268  258  249  236  224  208  196  179  160  138  124  116  114  116  118
  121  118  109  101   95   90   83   67   60                                   
    22.5-180.0 180.0   5.0 450.0                            LAT/LON1/LON2/DLON/H
   77   74   75   78   77   82   80   91  101  129  154  193  218  243  252  265
  271  285  292  304  302  302  300  305  320  341  379  414  446  483  512  543
  559  561  548  522  492  460  429  404  374  349  326  313  308  305  305  311
  305  306  298  287  277  262  244  229  211  188  164  148  139  134  137  139
  142  139  130  121  114  103   96   73   77                                   
    20.0-180.0 180.0   5.0 450.0                            LAT/LON1/LON2/DLON/H
   81   90   83   86   83   89   89   98  109  132  159  196  225  252  267  280
  293  304  310  314  307  304  300  310  330  365  407  454  492  532  565  596
  607  602  583  555  522  493  460  438  404  387  355  344  331  330  328  335
  335  335  330  318  308  290  272  258  238  215  189  174  164  160  161  163
  166  164  156  144  126  115  103   90   81                                   
    17.5-180.0 180.0   5.0 450.0                            LAT/LON1/LON2/DLON/H
   99   91   92   92   93   97   96  107  117  143  166  207  232  264  279  299
  310  321  324  323  314  308  307  323  354  397  446  493  533  566  596  620
  625  614  596  568  539  511  481  459  431  408  383  363  354  346  346  352
  353  353  347  335  322  305  288  275  257  228  211  193  187  181  182  179
  180  177  172  157  141  124  117   91   99                                   
    15.0-180.0 180.0   5.0 450.0                            LAT/LON1/LON2/DLON/H
  100  106   98   94   96  102  107  120  136  162  189  223  252  280  300  320
  338  350  353  350  340  335  335  359  391  440  485  531  563  592  616  631
  632  619  603  583  554  536  505  487  452  430  400  384  366  356  353  356
  357  352  349  333  323  305  292  276  261  237  219  205  193  190  188  187
  184  183  180  165  147  133  119   99  100                                   
    12.5-180.0 180.0   5.0 450.0                            LAT/LON1/LON2/DLON/H
  106  105   98   96   93  101  107  124  142  175  199  234  260  289  308  338
  359  374  377  378  371  367  376  403  449  490  529  562  587  604  621  626
  622  610  597  582  564  545  522  500  471  441  412  388  370  355  350  349
  349  342  335  317  306  290  278  268  257  237  220  207  196  191  191  187
  188  183  183  168  155  140  127   95  106                                   
    10.0-180.0 180.0   5.0 450.0                            LAT/LON1/LON2/DLON/H
   95   94   90   90   88   97  110  132  157  189  220  253  284  312  336  367
  386  404  407  412  410  413  431  462  502  535  560  580  594  603  608  608
  603  596  589  585  574  561  539  519  484  456  420  396  374  354  344  337
  333  323  312  291  279  262  258  249  243  227  214  200  194  187  187  183
  181  177  173  161  152  136  119   98   95                                   
     7.5-180.0 180.0   5.0 450.0                            LAT/LON1/LON2/DLON/H
   92   92   84   80   76   84  101  130  157  196  223  260  291  319  347  379
  405  420  432  439  451  456  486  511  550  568  583  591  597  594  595  592
