data/unet/pred2730.15i
     1.0            IONOSPHERE MAPS     GNSS                IONEX VERSION / TYPE
pyspatialgeodesy        IME             05-JAN-18 20:20     PGM / RUN BY / DATE 
Map Name                                                    COMMENT             
Predicted global ionosphere maps (GIM).                     DESCRIPTION         
  2015     9    30     0     0     0                        EPOCH OF FIRST MAP  
  2015    10     1     0     0     0                        EPOCH OF LAST MAP   
  7200                                                      INTERVAL            
    13                                                      # OF MAPS IN FILE   
  NONE                                                      MAPPING FUNCTION    
10.0                                                        ELEVATION CUTOFF    
One-way carrier phase leveled to code                       OBSERVABLES USED    
  6371.0                                                    BASE RADIUS         
 2                                                          MAP DIMENSION       
   450.0 450.0   0.0                                        HGT1 / HGT2 / DHGT  
    87.5 -87.5  -2.5                                        LAT1 / LAT2 / DLAT  
  -180.0 180.0   5.0                                        LON1 / LON2 / DLON  
    -1                                                      EXPONENT            
                                                            END OF HEADER       
[from data line 1716]
     5                                                      START OF TEC MAP    
  2015     9    30     8     0     0                        EPOCH OF CURRENT MAP
    87.5-180.0 180.0   5.0 450.0                            LAT/LON1/LON2/DLON/H
   84   94   98   98   96   96   96   98   99  100  100  102  101  103  102  103
  103  104  103  103  103  103  103  103  103  103  104  103  105  104  105  105
  107  106  108  108  109  109  109  109  110  110  110  110  110  110  110  110
  110  110  110  110  110  110  109  109  108  107  106  105  105  104  103  101
  102  101  102  101  103  100  101   90   84                                   
    85.0-180.0 180.0   5.0 450.0                            LAT/LON1/LON2/DLON/H
   87   91   87   93   90   90   91   94   96   98   99  101  102  104  103  104
  104  105  104  104  104  104  104  104  104  105  105  106  107  108  109  110
  112  113  113  114  116  116  116  117  118  119  119  120  121  122  121  123
  123  124  123  123  122  122  120  120  118  116  113  112  110  108  106  104
  102  101   99   99  100   95   99   85   87                                   
    82.5-180.0 180.0   5.0 450.0                            LAT/LON1/LON2/DLON/H
   91   86   83   85   83   83   86   89   91   94   94   97   98   99   99   99
   98   97   97   95   95   94   94   93   94   94   95   96   98  100  102  104
  106  108  109  112  113  116  115  118  118  121  121  124  125  127  129  130
  132  132  132  132  132  130  129  126  125  122  119  116  113  110  107  103
  101   97   95   92   90   87   89   80   91                                   
    80.0-180.0 180.0   5.0 450.0                            LAT/LON1/LON2/DLON/H
   78   70   70   71   70   71   75   77   80   82   85   87   88   89   89   89
   88   86   85   83   81   79   79   78   78   79   80   83   86   89   93   96
  100  102  106  107  111  112  115  117  121  122  126  128  132  134  138  139
  143  142  143  141  143  139  139  134  134  127  127  120  119  112  110  103
  101   94   93   87   87   77   76   73   78                                   
    77.5-180.0 180.0   5.0 450.0                            LAT/LON1/LON2/DLON/H
   70   66   62   62   62   62   66   68   71   73   76   78   80   80   81   79
   78   75   73   70   67   64   63   60   61   61   63   66   71   75   81   85
   92   95  101  103  107  109  113  115  119  121  127  130  137  141  148  151
  157  157  160  159  161  158  158  153  151  146  141  135  131  124  120  113
  109  101   98   90   86   76   75   66   70                                   
    75.0-180.0 180.0   5.0 450.0                            LAT/LON1/LON2/DLON/H
   67   59   53   54   52   53   57   58   61   63   66   68   69   70   70   69
   67   64   61   58   54   51   48   47   46   49   51   56   60   67   73   81
   87   93   98  102  106  109  113  117  121  126  133  139  148  154  162  167
  173  177  177  180  178  178  173  171  166  162  155  149  142  136  129  124
  117  110  102   95   88   76   72   64   67                                   
    72.5-180.0 180.0   5.0 450.0                            LAT/LON1/LON2/DLON/H
   67   62   51   48   46   46   48   49   52   52   56   56   59   59   62   60
   60   57   55   50   47   43   41   38   39   40   43   47   54   60   67   76
   84   90   96  100  104  107  112  115  121  126  135  141  152  159  170  176
  185  188  193  193  195  192  190  186  183  177  171  163  158  149  143  134
  128  117  111  100   95   81   77   67   67                                   
    70.0-180.0 180.0   5.0 450.0                            LAT/LON1/LON2/DLON/H
   68   60   49   46   43   42   45   45   48   47   51   52   56   56   58   59
   59   57   55   51   46   43   39   37   36   38   40   46   52   60   67   78
   85   92   97  101  105  108  112  117  124  130  140  149  159  168  177  187
  194  200  202  206  203  203  196  194  188  183  176  171  165  159  152  145
  138  129  122  111  105   87   81   71   68                                   
    67.5-180.0 180.0   5.0 450.0                            LAT/LON1/LON2/DLON/H
   72   67   53   46   43   40   41   41   43   42   45   46   49   51   54   55
   56   56   54   50   46   42   38   35   34   35   39   43   49   56   64   73
   81   88   93   98  102  106  111  117  125  132  143  151  162  170  180  189
  197  201  205  206  206  201  198  192  188  181  176  170  166  161  156  149
  143  134  128  117  110   94   87   74   72                                   
    65.0-180.0 180.0   5.0 450.0                            LAT/LON1/LON2/DLON/H
   75   68   54   48   43   41   41   40   41   40   42   43   47   50   53   56
   57   58   55   53   48   44   39   38   36   38   39   45   50   58   63   74
   80   89   92   98  102  106  112  120  128  137  147  156  166  175  182  192
  197  203  202  206  202  200  191  188  181  177  170  167  162  160  154  151
  145  139  134  124  118  101   94   82   75                                   
    62.5-180.0 180.0   5.0 450.0                            LAT/LON1/LON2/DLON/H
   82   77   61   52   47   42   41   39   38   37   38   38   41   44   47   50
   52   53   51   49   44   41   38   36   36   37   39   43   47   53   59   65
   74   82   88   93  100  105  114  122  133  141  152  161  171  177  185  190
  195  198  201  200  200  194  189  182  178  173  167  162  159  155  151  146
  141  137  131  125  118  106   99   85   82                                   
    60.0-180.0 180.0   5.0 450.0                            LAT/LON1/LON2/DLON/H
   84   77   64   58   52   47   43   41   39   36   36   37   39   42   44   48
   49   50   47   46   42   40   37   38   37   39   40   45   47   53   56   65
   70   81   86   95  101  110  118  130  139  150  160  169  177  183  188  194
  197  201  202  204  201  198  189  185  179  173  166  161  157  152  146  141
  138  133  131  126  123  109  104   93   84                                   
    57.5-180.0 180.0   5.0 450.0                            LAT/LON1/LON2/DLON/H
   92   90   76   66   61   53   49   44   41   37   36   36   36   37   39   41
   41   41   39   38   35   34   34   35   36   38   40   42   45   48   52   58
   65   76   85   94  104  113  125  137  149  159  172  180  189  193  199  201
  205  207  210  210  210  205  201  193  188  181  174  167  160  153  146  137
  132  127  126  122  121  113  108   97   92                                   
    55.0-180.0 180.0   5.0 450.0                            LAT/LON1/LON2/DLON/H
  100   93   83   76   70   61   56   50   45   41   38   37   37   37   37   38
   37   37   34   33   31   32   32   35   37   41   41   44   44   49   51   59
   66   79   89  101  112  124  134  148  158  171  182  190  199  204  209  212
  216  220  222  226  224  224  216  212  203  195  185  178  171  161  151  140
  134  129  128  125  126  117  117  109  100                                   
    52.5-180.0 180.0   5.0 450.0                            LAT/LON1/LON2/DLON/H
  111  110   98   88   82   71   66   57   52   46   43   40   38   37   35   34
   32   31   28   28   27   30   32   37   41   44   45   46   46   47   49   56
   67   80   93  106  120  132  146  157  170  182  195  203  214  219  226  227
  233  235  240  241  242  239  234  228  222  212  204  193  185  174  162  150
  142  134  132  129  129  125  128  121  111                                   
    50.0-180.0 180.0   5.0 450.0                            LAT/LON1/LON2/DLON/H
  123  116  108  101   94   83   75   67   60   54   50   46   44   41   39   37
   34   32   30   30   30   33   37   42   47   51   51   51   49   51   53   61
   74   89  104  120  134  148  157  172  182  195  207  216  230  236  242  246
  250  257  261  264  263  261  254  248  241  230  220  210  199  189  177  167
  158  151  148  144  143  134  141  136  123                                   
    47.5-180.0 180.0   5.0 450.0                            LAT/LON1/LON2/DLON/H
  136  130  121  113  107   94   88   75   70   63   59   53   50   46   43   40
   38   36   34   35   36   41   45   52   56   59   59   57   53   53   55   64
   78   95  113  129  145  157  170  180  194  205  219  230  244  249  257  259
  267  270  276  276  275  270  263  257  248  239  230  218  210  198  190  179
  172  166  163  157  153  144  149  146  136                                   
    45.0-180.0 180.0   5.0 450.0                            LAT/LON1/LON2/DLON/H
  141  129  122  120  114  103   95   85   79   72   69   63   60   55   52   49
   47   45   44   46   48   53   57   63   66   68   67   64   59   59   61   72
   87  107  125  143  156  172  180  194  202  217  228  243  256  264  269  275
  280  286  290  290  285  279  269  261  254  242  232  223  215  207  198  193
  186  183  179  171  166  153  157  153  141                                   
    42.5-180.0 180.0   5.0 450.0                            LAT/LON1/LON2/DLON/H
  142  130  123  120  117  107  104   93   90   81   79   73   70   65   63   59
   57   56   57   59   62   67   70   74   76   76   73   68   63   61   65   74
   94  112  134  149  167  177  192  199  213  222  239  253  267  272  280  283
  290  293  297  294  287  279  268  260  251  240  230  220  215  209  203  198
  196  193  191  181  172  157  156  150  142                                   
    40.0-180.0 180.0   5.0 450.0                            LAT/LON1/LON2/DLON/H
  133  119  111  114  111  107  101   96   92   88   85   82   80   77   74   72
   70   70   70   74   76   79   81   83   84   82   78   71   66   65   69   81
   99  120  140  159  173  189  200  211  220  235  249  265  279  285  293  297
  303  307  309  306  296  288  274  268  256  245  231  224  218  214  208  206
  204  202  198  187  175  156  151  144  133                                   
    37.5-180.0 180.0   5.0 450.0                            LAT/LON1/LON2/DLON/H
  126  112  102  103  103  100  101   95   95   90   92   88   89   87   86   83
   82   82   83   86   88   90   92   90   89   84   79   71   66   65   72   82
  103  122  146  160  182  194  211  220  233  244  261  275  290  296  309  310
  320  321  326  320  314  305  294  285  274  259  246  235  229  223  218  216
  214  210  205  191  173  152  143  131  126                                   
    35.0-180.0 180.0   5.0 450.0                            LAT/LON1/LON2/DLON/H
  114  100   87   89   88   90   91   90   89   90   91   92   94   95   95   94
   93   93   93   95   98   98   98   94   91   86   80   71   68   69   76   88
  108  129  148  167  186  203  220  231  247  258  277  289  306  312  327  330
  343  347  356  356  352  349  337  334  315  301  277  263  248  241  233  231
  226  222  214  195  175  151  141  129  114                                   
    32.5-180.0 180.0   5.0 450.0                            LAT/LON1/LON2/DLON/H
  114  102   86   82   82   81   86   84   86   85   90   92   98  100  103  102
  101  100  101  101  104  102  102   95   92   84   78   71   67   70   78   90
  111  129  152  166  191  207  228  242  260  273  293  305  322  329  346  352
  370  378  393  395  400  398  396  388  374  353  327  304  284  271  259  255
  248  243  231  208  184  159  149  128  114                                   
    30.0-180.0 180.0   5.0 450.0                            LAT/LON1/LON2/DLON/H
  120  109   89   82   77   77   78   78   79   80   84   90   96  103  106  108
  107  104  105  105  107  105  103   97   93   86   79   72   69   72   80   95
  112  131  149  168  190  216  237  256  277  289  310  321  340  350  369  382
  402  420  437  453  462  471  471  468  448  426  392  369  339  324  300  297
  281  274  257  231  208  181  168  147  120                                   
    27.5-180.0 180.0   5.0 450.0                            LAT/LON1/LON2/DLON/H
  145  136  113   99   91   86   84   81   81   78   82   87   96  103  109  109
  109  105  105  104  107  105  104   98   95   88   81   73   69   74   83   96
  114  130  149  169  195  223  249  271  289  304  321  336  355  371  392  411
  436  460  483  506  525  541  547  539  523  494  465  429  400  370  348  336
  320  309  291  262  236  213  197  170  145                                   
    25.0-180.0 180.0   5.0 450.0                            LAT/LON1/LON2/DLON/H
  170  162  139  121  108  100   95   88   85   79   80   85   92  102  105  108
  107  104  103  104  105  106  105  102   99   93   86   76   72   76   87  102
  120  136  154  175  203  232  260  283  302  318  337  352  374  392  416  440
  466  498  529  563  592  613  624  617  599  564  530  497  462  431  397  382
  360  352  329  302  276  255  237  208  170                                   
    22.5-180.0 180.0   5.0 450.0                            LAT/LON1/LON2/DLON/H
  206  200  182  152  138  127  119  106   98   88   86   86   94   99  104  105
  103  100   99   99  102  103  107  105  104   96   89   78   73   77   90  103
  123  142  161  182  213  240  268  291  311  329  350  366  389  413  436  464
  489  527  565  601  631  656  657  653  639  615  583  550  518  479  449  420
  396  376  358  329  309  293  274  249  206                                   
    20.0-180.0 180.0   5.0 450.0                            LAT/LON1/LON2/DLON/H
  235  230  212  185  169  155  145  127  114   97   94   91   93   95   97   99
   97   95   94   95   98  102  109  109  108  100   94   83   80   81   94  106
  126  146  166  191  218  248  274  297  319  340  364  382  409  432  457  483
  508  545  582  615  640  657  660  657  646  631  611  587  560  533  499  467
  437  412  391  370  346  330  311  285  235                                   
    17.5-180.0 180.0   5.0 450.0                            LAT/LON1/LON2/DLON/H
  275  268  253  226  210  194  181  159  138  116  104   98  101   97   96   93
   93   90   90   92   95  100  109  110  108  102   96   87   84   83   96  106
  129  148  171  195  225  251  277  302  326  351  375  395  420  445  468  493
  515  547  577  600  618  635  638  637  630  623  610  595  575  549  522  499
  470  440  419  392  374  358  343  317  275                                   
    15.0-180.0 180.0   5.0 450.0                            LAT/LON1/LON2/DLON/H
  294  299  281  257  240  224  208  190  165  141  124  113  106   99   94   88
   87   83   84   85   91   97  108  109  110  105  102   92   88   87   98  110
  127  149  171  201  230  258  280  307  334  361  390  410  437  461  482  504
  518  541  553  573  579  591  590  596  597  596  589  583  573  552  527  508
  484  468  442  417  397  381  366  338  294                                   
    12.5-180.0 180.0   5.0 450.0                            LAT/LON1/LON2/DLON/H
  320  322  310  289  272  254  238  217  196  173  150  134  117  104   89   84
   82   82   81   82   86   94  104  110  110  110  104   95   90   86   97  108
  126  148  174  204  235  260  284  312  342  373  400  421  446  471  488  507
  517  530  533  538  535  538  536  540  539  550  553  561  559  546  527  510
  492  476  457  432  411  392  378  348  320                                   
    10.0-180.0 180.0   5.0 450.0                            LAT/LON1/LON2/DLON/H
  324  333  317  310  289  276  256  239  219  198  175  154  133  109   92   80
   78   77   79   78   83   91  102  106  113  111  109   98   93   91   98  112
  129  153  179  214  239  264  285  315  347  380  409  431  456  480  495  511
  514  520  512  514  509  511  504  511  514  526  532  542  544  538  522  511
  495  484  463  443  420  401  380  352  324                                   
     7.5-180.0 180.0   5.0 450.0                            LAT/LON1/LON2/DLON/H
  341  334  323  318  303  288  274  256  241  220  200  178  150  125   99   88
   82   78   76   78   81   91  100  105  110  114  110  102   95   90  100  112
