data/unet/pred1300.15i
     1.0            IONOSPHERE MAPS     GNSS                IONEX VERSION / TYPE
pyspatialgeodesy        IME             05-JAN-18 20:20     PGM / RUN BY / DATE 
Map Name                                                    COMMENT             
Predicted global ionosphere maps (GIM).                     DESCRIPTION         
  2015     5    10     0     0     0                        EPOCH OF FIRST MAP  
  2015     5    11     0     0     0                        EPOCH OF LAST MAP   
  7200                                                      INTERVAL            
    13                                                      # OF MAPS IN FILE   
  NONE                                                      MAPPING FUNCTION    
10.0                                                        ELEVATION CUTOFF    
One-way carrier phase leveled to code                       OBSERVABLES USED    
  6371.0                                                    BASE RADIUS         
 2                                                          MAP DIMENSION       
   450.0 450.0   0.0                                        HGT1 / HGT2 / DHGT  
    87.5 -87.5  -2.5                                        LAT1 / LAT2 / DLAT  
  -180.0 180.0   5.0                                        LON1 / LON2 / DLON  
    -1                                                      EXPONENT            
                                                            END OF HEADER       
[from data line 3861]
    10                                                      START OF TEC MAP    
  2015     5    10    18     0     0                        EPOCH OF CURRENT MAP
    87.5-180.0 180.0   5.0 450.0                            LAT/LON1/LON2/DLON/H
  248  231  235  239  241  240  242  242  244  245  246  247  248  247  248  248
  248  248  247  247  246  245  244  243  242  241  240  239  238  236  235  234
  232  230  230  228  228  226  227  226  226  226  227  228  229  230  231  232
  233  234  235  236  237  237  238  238  238  238  238  238  238  238  237  238
  238  238  237  234  231  227  230  223  248                                   
    85.0-180.0 180.0   5.0 450.0                            LAT/LON1/LON2/DLON/H
  230  228  230  233  236  233  239  236  242  239  244  241  245  242  245  242
  245  241  244  240  242  238  240  236  238  233  236  230  233  227  230  225
  227  223  225  222  224  221  223  222  223  222  225  224  226  225  228  226
  230  227  232  229  234  230  235  231  235  231  235  231  235  231  234  231
  234  231  234  229  228  222  228  228  230                                   
    82.5-180.0 180.0   5.0 450.0                            LAT/LON1/LON2/DLON/H
  231  222  224  226  228  230  233  234  237  237  240  240  242  241  243  242
  242  241  242  240  240  237  237  233  233  228  228  224  223  219  219  216
  215  213  214  212  213  212  214  214  215  215  217  217  219  219  221  221
  222  223  224  225  226  226  228  228  229  229  230  230  230  230  230  229
  229  229  229  225  225  214  216  222  231                                   
    80.0-180.0 180.0   5.0 450.0                            LAT/LON1/LON2/DLON/H
  226  219  213  218  217  221  223  225  228  229  231  233  235  235  237  236
  237  236  237  235  235  232  231  228  226  223  220  217  214  211  209  206
  205  204  203  203  203  204  205  206  207  208  209  210  211  212  213  214
  214  215  216  217  218  218  219  220  221  222  222  223  223  223  221  222
  220  221  218  219  212  210  202  208  226                                   
    77.5-180.0 180.0   5.0 450.0                            LAT/LON1/LON2/DLON/H
  219  210  206  206  209  211  215  217  220  222  225  227  230  232  233  235
  235  236  236  236  234  234  232  230  226  223  220  215  212  207  206  202
  201  199  198  198  199  200  201  203  204  206  206  208  208  210  209  210
  209  211  210  211  211  213  212  214  214  215  215  216  215  215  214  213
  212  211  210  206  206  198  199  208  219                                   
    75.0-180.0 180.0   5.0 450.0                            LAT/LON1/LON2/DLON/H
  222  210  202  204  206  207  213  212  218  217  223  223  228  227  232  231
  235  233  237  234  237  233  235  230  231  224  224  216  215  208  208  200
  202  196  199  195  199  197  202  200  204  203  206  204  207  204  207  204
  206  203  205  202  205  203  207  204  208  206  209  206  209  207  208  205
  206  205  205  204  202  200  195  207  222                                   
    72.5-180.0 180.0   5.0 450.0                            LAT/LON1/LON2/DLON/H
  227  214  209  211  210  213  214  218  218  223  224  228  228  232  232  236
  236  238  239  241  241  243  242  242  238  235  231  226  221  217  213  210
  206  205  202  203  202  204  204  206  206  208  207  208  207  207  204  204
  201  201  199  200  198  200  198  200  198  201  199  202  200  202  200  200
  199  201  200  200  201  199  201  214  227                                   
    70.0-180.0 180.0   5.0 450.0                            LAT/LON1/LON2/DLON/H
  236  222  215  219  220  220  223  223  227  227  232  232  235  235  237  237
  241  240  245  244  249  248  252  249  251  245  245  236  235  225  225  216
  217  211  213  208  211  207  210  208  210  207  208  205  206  202  201  197
  197  194  194  192  192  190  190  189  189  188  189  189  190  190  191  190
  192  193  197  198  200  201  202  218  236                                   
    67.5-180.0 180.0   5.0 450.0                            LAT/LON1/LON2/DLON/H
  240  230  227  230  229  232  231  234  234  237  239  241  242  243  243  244
  244  246  248  251  254  258  260  261  260  256  255  247  243  237  233  229
  225  223  219  218  214  215  212  212  209  209  206  205  201  199  195  193
  190  189  187  187  185  185  182  182  179  180  178  181  179  182  180  182
  183  186  189  192  197  200  206  221  240                                   
    65.0-180.0 180.0   5.0 450.0                            LAT/LON1/LON2/DLON/H
  244  238  232  239  239  241  243  244  249  249  254  252  256  252  254  250
  252  251  256  257  263  264  270  268  272  266  266  257  256  247  246  238
  239  231  232  223  224  217  218  212  213  208  207  201  199  193  191  186
  185  182  182  179  179  175  175  170  169  166  167  166  168  169  170  170
  173  176  181  186  191  198  203  219  244                                   
    62.5-180.0 180.0   5.0 450.0                            LAT/LON1/LON2/DLON/H
  236  237  236  243  243  246  246  250  250  255  257  259  259  259  257  255
  254  255  257  261  266  270  274  274  275  270  270  262  260  254  253  250
  247  244  238  234  228  225  219  218  214  212  206  203  196  193  188  185
  181  181  178  177  174  172  168  166  161  160  156  159  156  161  159  162
  162  166  169  175  183  188  198  211  236                                   
    60.0-180.0 180.0   5.0 450.0                            LAT/LON1/LON2/DLON/H
  226  233  233  241  245  249  251  254  258  261  265  265  268  265  266  261
  262  260  265  266  273  274  280  278  281  276  276  269  269  264  266  262
  263  255  253  242  239  229  229  221  222  215  213  203  200  192  190  183
  182  177  177  174  173  167  165  158  156  149  149  148  149  150  150  152
  153  157  161  167  172  179  189  202  226                                   
    57.5-180.0 180.0   5.0 450.0                            LAT/LON1/LON2/DLON/H
  209  220  224  232  239  243  247  252  253  259  261  265  264  265  264  263
  262  263  265  268  271  275  278  278  279  276  276  272  272  272  273  274
  272  268  261  254  247  242  237  235  231  229  222  215  206  201  194  191
  185  183  179  178  174  171  165  162  155  154  147  149  146  150  146  150
  148  153  155  159  164  167  181  190  209                                   
    55.0-180.0 180.0   5.0 450.0                            LAT/LON1/LON2/DLON/H
  201  212  216  226  235  243  249  254  258  262  268  268  272  270  272  268
  270  269  272  272  277  277  281  280  284  282  284  282  285  285  290  289
  291  283  278  265  261  252  251  246  247  240  237  226  220  208  203  195
  192  186  185  179  178  172  170  163  160  153  151  148  148  151  149  152
  150  153  154  158  161  165  176  184  201                                   
    52.5-180.0 180.0   5.0 450.0                            LAT/LON1/LON2/DLON/H
  190  204  210  221  231  241  249  254  259  264  265  270  269  270  269  270
  271  273  273  274  275  277  279  281  284  287  289  292  295  299  303  303
  302  296  288  279  272  268  264  264  261  259  251  243  232  224  214  209
  200  198  191  190  184  183  177  175  168  167  160  160  155  161  157  162
  157  161  159  161  162  162  177  183  190                                   
    50.0-180.0 180.0   5.0 450.0                            LAT/LON1/LON2/DLON/H
  195  207  213  227  240  253  263  269  273  275  279  277  280  278  282  280
  284  282  285  282  284  283  288  289  297  299  307  308  317  317  325  319
  321  309  304  293  289  281  281  277  277  270  265  253  246  233  227  216
  212  202  200  193  193  186  186  179  178  172  169  167  166  169  168  171
  169  171  170  172  174  174  185  188  195                                   
    47.5-180.0 180.0   5.0 450.0                            LAT/LON1/LON2/DLON/H
  201  213  218  234  249  263  273  279  282  285  284  285  283  285  285  288
  290  291  289  288  287  288  292  297  304  310  318  322  329  331  335  331
  328  320  314  305  301  297  293  293  287  283  273  264  252  244  234  228
  219  214  206  203  197  198  193  194  189  188  182  182  176  180  177  182
  179  181  180  181  182  180  194  199  201                                   
    45.0-180.0 180.0   5.0 450.0                            LAT/LON1/LON2/DLON/H
  218  229  235  251  266  285  295  302  305  305  304  301  302  300  303  302
  309  306  307  302  302  302  309  314  326  333  343  345  353  350  355  345
  344  333  329  321  318  311  310  302  299  288  281  267  260  247  242  231
  226  215  212  203  204  197  201  196  197  193  190  189  185  188  188  191
  191  191  192  193  196  196  208  211  218                                   
    42.5-180.0 180.0   5.0 450.0                            LAT/LON1/LON2/DLON/H
  229  240  250  264  280  294  305  310  314  315  315  313  312  313  313  317
  319  321  316  313  311  313  319  328  341  351  360  364  369  366  366  357
  355  345  342  333  331  325  320  312  302  292  281  271  259  251  241  235
  226  220  211  209  204  206  204  206  204  204  199  198  193  196  193  196
  194  195  195  196  203  202  219  225  229                                   
    40.0-180.0 180.0   5.0 450.0                            LAT/LON1/LON2/DLON/H
  244  260  267  283  298  314  323  331  334  338  336  338  337  336  338  338
  343  340  340  333  333  334  344  354  368  376  387  388  394  388  388  379
  376  367  364  357  354  348  339  327  314  298  287  273  266  253  247  236
  230  219  215  207  208  205  209  207  210  206  205  202  200  202  201  203
  202  200  201  200  208  211  225  227  244                                   
    37.5-180.0 180.0   5.0 450.0                            LAT/LON1/LON2/DLON/H
  249  263  276  288  304  317  328  334  341  345  349  347  350  349  353  354
  358  358  353  352  348  355  362  377  387  398  405  410  413  411  409  402
  398  391  385  382  375  370  356  344  326  310  293  281  270  261  252  244
  235  227  220  215  213  213  214  215  216  215  211  210  206  207  204  206
  202  201  199  198  206  209  229  230  249                                   
    35.0-180.0 180.0   5.0 450.0                            LAT/LON1/LON2/DLON/H
  252  274  281  296  311  326  339  349  358  365  368  370  371  374  376  380
  382  382  384  380  384  387  400  409  422  428  438  442  447  450  448  447
  441  439  435  431  426  415  397  378  355  333  314  299  287  274  264  253
  245  234  230  223  224  221  225  223  226  223  224  220  219  217  219  216
  216  209  207  198  204  207  226  225  252                                   
    32.5-180.0 180.0   5.0 450.0                            LAT/LON1/LON2/DLON/H
  245  262  276  287  305  317  335  348  362  374  381  383  387  389  396  397
  404  404  409  410  414  419  428  438  447  458  464  478  484  496  497  502
  498  497  489  485  471  461  437  415  389  366  341  325  307  295  279  270
  260  255  247  244  241  241  241  243  245  246  247  242  239  233  231  227
  225  219  214  203  204  204  228  225  245                                   
    30.0-180.0 180.0   5.0 450.0                            LAT/LON1/LON2/DLON/H
  240  264  270  288  301  319  335  355  373  390  399  405  408  414  416  425
  427  438  440  447  453  458  465  469  479  488  502  519  533  547  556  560
  559  551  539  528  519  502  482  457  431  407  384  365  346  328  309  294
  281  271  264  260  259  258  264  264  271  267  269  262  260  253  256  251
  246  234  226  215  209  208  222  225  240                                   
    27.5-180.0 180.0   5.0 450.0                            LAT/LON1/LON2/DLON/H
  234  255  267  276  299  308  332  357  377  399  409  421  426  432  438  444
  454  462  472  477  485  486  492  495  504  520  536  559  578  598  613  620
  623  612  590  569  546  524  502  479  453  434  412  391  364  345  317  306
  287  286  278  289  289  305  304  317  317  326  322  320  306  292  282  266
  259  247  243  222  211  205  219  231  234                                   
    25.0-180.0 180.0   5.0 450.0                            LAT/LON1/LON2/DLON/H
  237  250  274  289  306  325  339  365  387  413  426  440  448  460  463  475
  477  496  496  511  512  518  519  522  535  550  575  600  632  657  676  687
  688  676  649  615  578  551  521  494  467  447  425  397  371  351  328  320
  307  307  303  313  316  327  329  342  345  354  349  347  337  331  319  309
  295  272  253  231  217  205  214  234  237                                   
    22.5-180.0 180.0   5.0 450.0                            LAT/LON1/LON2/DLON/H
  240  249  278  295  315  332  347  369  395  422  441  460  471  485  496  502
  514  522  533  536  543  542  548  553  571  593  621  659  691  707  721  729
  725  718  687  651  602  565  527  492  462  435  408  380  356  341  319  320
  307  320  321  339  341  357  359  374  375  382  373  369  351  344  334  338
  328  313  282  250  230  215  212  243  240                                   
    20.0-180.0 180.0   5.0 450.0                            LAT/LON1/LON2/DLON/H
  243  240  280  309  337  352  364  381  407  432  451  474  488  512  523  541
  547  562  562  572  570  579  581  593  612  638  674  700  724  741  756  759
  749  737  705  670  622  580  537  503  462  436  396  366  344  332  326  326
  328  340  354  362  368  376  382  390  389  391  381  371  348  340  337  340
  345  336  315  279  252  227  217  240  243                                   
    17.5-180.0 180.0   5.0 450.0                            LAT/LON1/LON2/DLON/H
  245  249  283  315  350  366  379  393  417  440  460  488  508  533  554  570
  587  592  604  606  611  615  623  638  663  687  712  726  746  758  765  760
  742  728  695  664  615  573  530  491  447  412  368  340  318  317  319  332
  336  354  365  375  374  380  383  388  385  388  371  364  336  332  325  333
  339  340  325  293  263  239  225  246  245                                   
    15.0-180.0 180.0   5.0 450.0                            LAT/LON1/LON2/DLON/H
  239  246  288  319  359  378  394  402  428  440  466  489  520  549  573  600
  615  631  638  649  649  655  664  680  700  716  735  750  764  772  768  755
  735  715  683  655  610  572  529  487  439  399  354  325  310  315  330  341
  358  367  383  379  381  378  384  382  380  371  355  337  317  306  306  315
  321  325  316  288  257  234  220  233  239                                   
    12.5-180.0 180.0   5.0 450.0                            LAT/LON1/LON2/DLON/H
  228  242  280  319  354  377  396  404  430  449  469  502  529  564  589  616
  641  652  672  677  689  689  699  711  729  734  753  758  764  765  757  740
  716  694  668  640  601  567  522  482  434  396  350  325  311  326  339  357
  368  377  380  374  368  363  362  360  353  344  324  311  287  281  274  287
  292  298  282  262  236  221  207  228  228                                   
    10.0-180.0 180.0   5.0 450.0                            LAT/LON1/LON2/DLON/H
  219  227  268  308  345  369  388  408  439  458  483  507  539  570  602  632
  655  678  693  707  711  718  724  744  749  757  765  764  766  760  746  725
  699  678  657  640  610  576  526  489  446  409  367  345  335  347  362  373
  387  385  383  368  365  351  350  337  327  311  289  272  255  249  244  251
  250  250  238  223  204  191  187  204  219                                   
     7.5-180.0 180.0   5.0 450.0                            LAT/LON1/LON2/DLON/H
  198  220  250  292  326  356  383  411  446  469  496  519  548  578  606  632
  662  686  710  724  734  736  750  754  760  760  762  756  751  742  725  706
