data/unet/pred0300.15i
     1.0            IONOSPHERE MAPS     GNSS                IONEX VERSION / TYPE
pyspatialgeodesy        IME             05-JAN-18 20:20     PGM / RUN BY / DATE 
Map Name                                                    COMMENT             
Predicted global ionosphere maps (GIM).                     DESCRIPTION         
  2015     1    30     0     0     0                        EPOCH OF FIRST MAP  
  2015     1    31     0     0     0                        EPOCH OF LAST MAP   
  7200                                                      INTERVAL            
    13                                                      # OF MAPS IN FILE   
  NONE                                                      MAPPING FUNCTION    
10.0                                                        ELEVATION CUTOFF    
One-way carrier phase leveled to code                       OBSERVABLES USED    
  6371.0                                                    BASE RADIUS         
 2                                                          MAP DIMENSION       
   450.0 450.0   0.0                                        HGT1 / HGT2 / DHGT  
    87.5 -87.5  -2.5                                        LAT1 / LAT2 / DLAT  
  -180.0 180.0   5.0                                        LON1 / LON2 / DLON  
    -1                                                      EXPONENT            
                                                            END OF HEADER       
     1                                                      START OF TEC MAP    
  2015     1    30     0     0     0                        EPOCH OF CURRENT MAP
    87.5-180.0 180.0   5.0 450.0                            LAT/LON1/LON2/DLON/H
  114   85   80   74   76   70   75   71   76   72   77   72   77   72   76   71
   75   71   75   70   75   70   74   69   74   70   74   70   73   70   74   70
   73   70   74   71   74   71   75   72   76   74   78   76   79   78   81   80
   82   82   85   84   86   86   87   87   88   88   88   88   88   87   87   84
   85   82   83   80   86   83   91  116  114                                   
    85.0-180.0 180.0   5.0 450.0                            LAT/LON1/LON2/DLON/H
   97   71   75   74   71   65   67   64   69   66   69   66   69   66   68   64
   66   63   65   62   64   61   63   58   61   56   59   55   58   54   57   54
   57   54   58   55   59   57   61   60   64   64   69   69   73   73   77   77
   81   82   85   85   88   88   90   90   91   91   92   91   91   90   90   87
   88   84   85   82   87   80   80   98   97                                   
    82.5-180.0 180.0   5.0 450.0                            LAT/LON1/LON2/DLON/H
   99   85   91   89   86   79   81   78   82   78   81   77   81   76   80   75
   78   74   76   72   74   70   71   67   67   63   63   60   60   57   58   56
   57   56   59   58   61   60   66   65   71   71   77   77   82   82   88   88
   93   93   98   98  102  101  105  103  105  102  104  100  101   97   98   94
   96   92   96   94   99   94   97  106   99                                   
    80.0-180.0 180.0   5.0 450.0                            LAT/LON1/LON2/DLON/H
  110  105  110  109  103  100   99  100   99  100   99   99   98   98   97   96
   96   96   96   96   95   94   93   91   89   87   84   82   79   77   75   75
   73   74   74   76   77   80   83   86   89   93   96   99  101  104  106  108
  111  112  115  116  118  118  120  118  118  116  115  112  110  107  106  104
  104  105  107  110  112  111  115  120  110                                   
    77.5-180.0 180.0   5.0 450.0                            LAT/LON1/LON2/DLON/H
  126  119  124  121  116  114  114  114  114  114  113  112  111  109  108  106
  106  105  107  107  109  109  110  109  108  106  104  101   98   96   94   93
   92   93   94   96   99  101  106  108  112  114  119  119  122  122  124  124
  126  126  128  128  128  128  128  126  125  122  120  116  113  110  108  107
  107  109  113  117  122  122  126  133  126                                   
    75.0-180.0 180.0   5.0 450.0                            LAT/LON1/LON2/DLON/H
  141  139  143  141  136  133  134  134  134  133  132  129  125  121  117  114
  112  112  113  116  118  122  124  125  124  123  121  119  116  115  114  113
  113  115  116  119  121  125  128  131  133  135  137  137  138  137  137  136
  137  136  137  136  135  133  132  129  126  123  120  117  114  111  108  107
  108  112  118  124  131  134  140  146  141                                   
    72.5-180.0 180.0   5.0 450.0                            LAT/LON1/LON2/DLON/H
  168  164  169  166  161  159  160  161  161  159  156  151  143  135  127  120
  115  113  114  117  122  127  132  134  135  134  134  131  130  129  129  128
  129  130  134  135  139  140  143  144  146  145  147  145  145  142  141  138
  137  135  134  132  130  127  125  121  119  115  112  109  107  105  105  105
  109  114  122  131  141  147  154  163  168                                   
    70.0-180.0 180.0   5.0 450.0                            LAT/LON1/LON2/DLON/H
  195  192  199  196  192  193  194  194  193  191  186  178  166  152  139  125
  117  111  112  114  120  126  133  137  139  140  140  139  137  137  137  137
  138  140  142  143  145  146  147  147  148  146  147  144  144  140  140  133
  132  127  126  121  120  115  114  108  107  103  102   99  100   99  102  105
  112  119  129  139  151  159  170  181  195                                   
    67.5-180.0 180.0   5.0 450.0                            LAT/LON1/LON2/DLON/H
  225  219  225  225  224  224  227  227  227  223  217  207  190  172  153  134
  120  110  109  110  115  121  129  133  136  137  138  136  136  135  135  134
  135  135  136  135  136  135  136  135  136  135  134  133  133  130  127  122
  118  113  110  106  104  101  100   95   94   92   92   92   94   97  102  108
  117  125  137  147  162  172  182  198  225                                   
    65.0-180.0 180.0   5.0 450.0                            LAT/LON1/LON2/DLON/H
  248  242  251  251  251  254  256  258  258  255  249  234  216  193  169  147
  128  115  111  110  114  118  124  126  128  129  128  127  126  125  124  123
  123  122  122  120  120  118  118  116  118  117  118  116  117  112  112  105
  103   96   95   89   89   84   84   81   82   82   84   86   92   97  106  113
  125  133  145  156  171  181  193  213  248                                   
    62.5-180.0 180.0   5.0 450.0                            LAT/LON1/LON2/DLON/H
  263  256  265  267  271  274  279  281  284  282  277  261  241  215  188  163
  142  126  118  114  115  116  118  118  118  116  114  112  109  107  104  101
  100   98   97   95   95   92   92   91   92   92   93   93   92   89   88   84
   82   77   76   74   74   71   72   72   75   76   81   86   94  103  113  123
  134  142  153  164  178  188  198  221  263                                   
    60.0-180.0 180.0   5.0 450.0                            LAT/LON1/LON2/DLON/H
  270  263  275  277  281  285  291  295  301  300  298  283  265  236  209  184
  163  145  134  126  123  119  116  112  107  103   99   95   91   86   83   78
   77   73   73   69   70   66   68   65   69   66   70   66   69   64   67   61
   64   58   61   58   61   60   65   65   71   75   82   90  103  114  126  136
  148  155  165  173  185  193  202  226  270                                   
    57.5-180.0 180.0   5.0 450.0                            LAT/LON1/LON2/DLON/H
  271  265  278  282  287  292  298  303  311  312  312  299  283  256  231  207
  187  169  156  144  135  126  118  110  101   94   87   81   75   69   65   59
   57   53   53   50   50   48   48   49   50   51   51   51   51   50   49   46
   47   48   50   53   56   59   62   65   71   76   85   97  112  125  140  153
  165  172  180  186  194  199  204  229  271                                   
    55.0-180.0 180.0   5.0 450.0                            LAT/LON1/LON2/DLON/H
  275  271  284  288  292  296  302  307  315  317  319  308  296  272  254  229
  213  193  180  164  151  136  124  111  100   91   83   76   70   64   59   53
   51   47   48   46   48   46   47   48   50   49   52   50   52   47   48   42
   46   45   50   53   59   63   68   71   77   84   94  107  124  140  157  171
  184  192  198  202  207  210  214  236  275                                   
    52.5-180.0 180.0   5.0 450.0                            LAT/LON1/LON2/DLON/H
  284  278  293  298  301  304  309  312  318  319  320  311  302  284  270  249
  235  216  201  182  165  147  131  116  105   95   88   82   76   70   65   60
   56   55   55   56   57   58   59   61   62   63   63   63   61   57   53   49
   50   52   57   62   68   72   76   80   85   93  102  117  136  154  174  190
  205  215  222  225  229  228  228  250  284                                   
    50.0-180.0 180.0   5.0 450.0                            LAT/LON1/LON2/DLON/H
  300  298  313  318  319  320  322  324  326  323  321  310  303  288  281  264
  255  232  218  195  179  158  143  128  117  108  102   97   90   86   79   74
   70   68   69   70   74   74   76   77   79   79   80   77   76   70   68   62
   64   64   69   73   79   83   89   92   98  104  112  127  147  166  186  206
  224  237  245  250  254  253  254  269  300                                   
    47.5-180.0 180.0   5.0 450.0                            LAT/LON1/LON2/DLON/H
  319  322  337  342  342  342  342  342  340  332  325  312  303  291  286  273
  264  243  227  206  189  170  157  144  134  127  121  115  110  103   96   90
   84   82   82   86   89   92   92   94   95   96   96   96   93   89   85   81
   81   81   84   87   92   96  100  103  108  114  122  136  157  177  199  221
  242  256  268  277  284  283  283  295  319                                   
    45.0-180.0 180.0   5.0 450.0                            LAT/LON1/LON2/DLON/H
  339  351  362  369  368  371  367  369  360  351  336  319  307  296  291  280
  271  249  234  213  200  184  174  163  156  149  142  135  126  118  108  100
   93   90   92   95  101  103  107  107  109  109  111  110  108  104  101   98
   97   96   97   99  103  107  111  115  120  125  133  146  166  186  207  231
  251  271  286  301  312  315  316  322  339                                   
    42.5-180.0 180.0   5.0 450.0                            LAT/LON1/LON2/DLON/H
  351  364  376  384  386  389  387  387  378  366  348  328  315  303  297  284
  273  251  238  220  210  198  191  182  175  166  157  147  135  123  111  101
   93   91   93   98  103  108  110  112  113  116  118  119  117  115  114  112
  111  109  110  110  114  117  122  124  130  135  144  158  177  196  219  241
  262  281  300  321  337  341  340  343  351                                   
    40.0-180.0 180.0   5.0 450.0                            LAT/LON1/LON2/DLON/H
  350  369  378  387  389  396  393  398  389  382  360  342  325  314  307  294
  280  259  246  232  225  217  211  201  191  178  165  149  135  120  108   96
   90   86   90   95  103  107  112  112  116  119  123  124  125  123  123  120
  120  116  115  116  120  124  128  132  139  146  156  170  189  207  227  249
  267  287  307  329  349  356  359  356  350                                   
    37.5-180.0 180.0   5.0 450.0                            LAT/LON1/LON2/DLON/H
  341  355  366  372  376  380  385  390  388  380  365  348  335  323  316  301
  287  267  257  244  241  233  226  213  199  181  164  146  130  114  102   92
   85   83   86   93  100  105  107  110  114  118  123  125  126  126  125  123
  122  118  118  118  123  125  132  136  147  155  168  182  202  220  242  260
  278  296  313  334  353  360  362  361  341                                   
    35.0-180.0 180.0   5.0 450.0                            LAT/LON1/LON2/DLON/H
  328  343  353  357  360  366  369  380  378  379  365  355  343  335  326  314
  300  284  275  268  262  254  239  221  200  180  161  141  127  113  104   97
   93   92   96  101  106  109  111  112  116  120  125  126  127  125  124  121
  119  114  114  115  120  124  133  139  153  163  181  197  217  235  254  272
  288  304  318  336  353  360  367  364  328                                   
    32.5-180.0 180.0   5.0 450.0                            LAT/LON1/LON2/DLON/H
  324  332  343  343  345  347  355  361  367  364  360  350  345  337  331  319
  309  296  292  284  278  261  243  218  197  176  160  145  135  128  123  122
  120  121  122  125  124  124  120  120  121  125  127  127  126  122  119  114
  112  107  107  109  116  122  130  140  154  170  189  209  231  251  270  285
  301  315  328  343  357  362  368  366  324                                   
    30.0-180.0 180.0   5.0 450.0                            LAT/LON1/LON2/DLON/H
  332  338  346  346  345  346  350  360  362  364  356  352  347  342  335  327
  317  310  307  300  287  266  238  213  192  177  168  163  163  164  167  170
  171  170  169  166  161  154  145  139  137  135  136  132  127  120  113  108
  103   99   99  101  107  112  122  131  148  165  190  212  238  259  279  299
  315  331  342  356  369  375  385  380  332                                   
    27.5-180.0 180.0   5.0 450.0                            LAT/LON1/LON2/DLON/H
  363  362  371  369  365  361  365  370  372  368  363  354  350  341  335  324
  318  312  311  301  283  255  227  204  192  188  191  199  211  224  234  243
  243  239  230  222  207  194  178  167  158  152  147  140  131  120  111  102
   97   92   92   93   98  104  111  122  139  158  184  211  242  266  290  312
  332  348  361  374  387  395  406  403  363                                   
    25.0-180.0 180.0   5.0 450.0                            LAT/LON1/LON2/DLON/H
  414  411  419  417  414  408  404  408  401  400  386  380  364  356  341  331
  320  317  310  297  272  244  216  202  200  211  228  254  279  304  320  328
  325  315  299  281  259  237  215  198  183  172  162  151  137  124  110  102
   93   90   89   91   94  100  106  117  135  157  186  215  249  277  300  327
  350  370  388  402  416  426  446  447  414                                   
    22.5-180.0 180.0   5.0 450.0                            LAT/LON1/LON2/DLON/H
  481  484  488  491  488  481  470  465  453  444  428  411  392  373  355  336
  323  310  301  281  257  229  213  209  223  251  287  324  358  383  393  392
  380  364  345  325  299  276  247  226  206  192  177  163  146  131  117  107
  100   96   95   95   96   99  103  116  134  161  192  223  258  288  314  342
  371  395  416  431  445  460  485  497  481                                   
    20.0-180.0 180.0   5.0 450.0                            LAT/LON1/LON2/DLON/H
  549  561  569  575  575  568  554  541  521  506  480  461  431  412  382  360
  334  316  294  272  248  229  224  237  266  311  359  405  435  449  446  435
  413  392  371  348  322  295  263  241  221  206  188  174  156  142  129  122
  114  110  108  108  106  107  108  122  142  174  207  241  273  305  334  365
  401  429  455  473  489  506  543  559  549                                   
    17.5-180.0 180.0   5.0 450.0                            LAT/LON1/LON2/DLON/H
  612  629  642  656  663  657  642  626  603  577  545  512  480  451  420  388
  355  325  298  272  255  248  259  287  331  385  431  463  478  473  456  437
  411  390  367  346  319  293  264  245  227  213  198  184  169  155  146  137
  130  124  121  118  115  113  113  128  153  189  224  258  290  321  354  391
  431  462  489  509  529  555  592  610  612                                   
    15.0-180.0 180.0   5.0 450.0                            LAT/LON1/LON2/DLON/H
  660  683  697  714  728  728  717  703  683  657  619  583  539  507  468  438
  396  362  325  303  289  299  323  369  414  463  489  502  490  467  438  414
  390  369  346  325  298  276  255  241  227  217  205  194  183  172  163  155
  145  139  134  127  121  118  119  137  165  204  244  280  312  341  378  420
  464  497  529  553  579  609  641  654  660                                   
    12.5-180.0 180.0   5.0 450.0                            LAT/LON1/LON2/DLON/H
  687  714  725  745  761  763  760  753  745  724  692  651  607  565  526  491
  451  411  374  351  349  371  409  454  489  513  513  493  462  425  393  371
  349  329  308  288  268  254  243  233  225  217  209  200  193  183  175  166
  156  147  139  132  125  122  126  146  176  218  260  298  330  361  401  444
  483  521  554  584  607  637  667  676  687                                   
    10.0-180.0 180.0   5.0 450.0                            LAT/LON1/LON2/DLON/H
  705  734  742  761  775  777  775  775  778  769  748  712  672  632  591  559
  520  486  449  437  439  473  505  541  547  539  508  466  418  380  349  329
  311  293  273  258  244  240  233  231  225  221  214  207  200  191  183  173
  163  152  145  135  130  128  134  154  186  229  274  312  345  380  423  464
  505  541  578  609  634  661  688  684  705                                   
     7.5-180.0 180.0   5.0 450.0                            LAT/LON1/LON2/DLON/H
  703  730  737  758  770  772  771  775  785  785  777  751  719  683  648  616
  582  550  523  516  526  556  575  581  561  522  468  418  370  338  315  301
