data/unet/pred0820.15i
     1.0            IONOSPHERE MAPS     GNSS                IONEX VERSION / TYPE
pyspatialgeodesy        IME             05-JAN-18 20:20     PGM / RUN BY / DATE 
Map Name                                                    COMMENT             
Predicted global ionosphere maps (GIM).                     DESCRIPTION         
  2015     3    23     0     0     0                        EPOCH OF FIRST MAP  
  2015     3    24     0     0     0                        EPOCH OF LAST MAP   
  7200                                                      INTERVAL            
    13                                                      # OF MAPS IN FILE   
  NONE                                                      MAPPING FUNCTION    
10.0                                                        ELEVATION CUTOFF    
One-way carrier phase leveled to code                       OBSERVABLES USED    
  6371.0                                                    BASE RADIUS         
 2                                                          MAP DIMENSION       
   450.0 450.0   0.0                                        HGT1 / HGT2 / DHGT  
    87.5 -87.5  -2.5                                        LAT1 / LAT2 / DLAT  
  -180.0 180.0   5.0                                        LON1 / LON2 / DLON  
    -1                                                      EXPONENT            
                                                            END OF HEADER       
[from data line 4290]
    11                                                      START OF TEC MAP    
  2015     3    23    20     0     0                        EPOCH OF CURRENT MAP
    87.5-180.0 180.0   5.0 450.0                            LAT/LON1/LON2/DLON/H
  178  150  137  139  136  136  136  138  138  141  143  146  146  149  150  152
  152  154  154  155  153  154  152  152  150  150  147  146  143  142  138  138
  136  135  134  134  134  134  134  135  135  136  135  136  135  135  135  135
  135  136  136  137  138  139  140  141  142  143  143  144  144  145  145  145
  145  146  145  143  143  142  139  161  178                                   
    85.0-180.0 180.0   5.0 450.0                            LAT/LON1/LON2/DLON/H
  132  129  126  130  127  128  127  131  131  136  137  142  142  147  147  151
  151  153  152  153  152  152  150  150  147  146  144  142  139  137  133  132
  129  128  126  125  125  125  124  125  125  125  126  126  127  127  128  129
  130  131  133  134  136  136  138  138  140  139  140  139  140  139  139  138
  138  137  136  133  133  129  128  147  132                                   
    82.5-180.0 180.0   5.0 450.0                            LAT/LON1/LON2/DLON/H
  123  120  117  119  116  118  118  123  124  130  132  138  142  147  150  155
  156  159  158  160  157  158  154  153  149  147  143  140  135  131  127  123
  120  117  115  112  111  109  109  108  109  109  111  111  114  114  118  118
  123  123  127  128  132  132  135  135  136  136  135  135  134  134  132  132
  130  130  127  127  123  121  115  129  123                                   
    80.0-180.0 180.0   5.0 450.0                            LAT/LON1/LON2/DLON/H
  114  106  101   99  100  100  105  107  114  117  126  130  139  143  151  154
  160  162  165  165  166  164  163  160  157  152  148  142  137  130  125  119
  116  111  108  105  103  100  100   98   99   98  100  100  103  103  107  108
  112  113  117  119  121  122  124  124  125  124  123  122  121  120  118  116
  116  113  113  108  108  104  101  115  114                                   
    77.5-180.0 180.0   5.0 450.0                            LAT/LON1/LON2/DLON/H
   97   93   88   87   88   89   94   99  105  113  121  130  139  147  155  161
  166  169  172  170  171  168  168  162  161  153  151  143  138  130  125  118
  114  109  104  101   98   95   93   91   90   89   90   90   92   93   96   99
  101  104  107  109  112  112  114  114  115  113  112  110  109  107  106  104
  103  102  100   98   96   92   91   98   97                                   
    75.0-180.0 180.0   5.0 450.0                            LAT/LON1/LON2/DLON/H
   95   89   87   86   86   89   94   98  106  115  127  135  146  154  164  169
  175  177  179  179  178  178  175  173  168  166  159  155  147  141  133  126
  121  116  111  107  103  100   96   94   92   90   89   89   89   90   93   94
   97   98  102  103  105  104  105  104  105  102  102  100   99   98   97   96
   95   95   95   93   93   90   92  100   95                                   
    72.5-180.0 180.0   5.0 450.0                            LAT/LON1/LON2/DLON/H
   99   98   95   93   94   95  100  105  113  124  135  146  158  167  176  181
  186  187  188  187  187  184  183  178  176  170  167  159  154  144  139  131
  125  120  114  111  104  102   97   95   91   89   87   86   85   87   87   88
   89   91   92   93   93   92   92   90   90   88   87   86   86   86   85   87
   86   89   88   91   91   92   96  103   99                                   
    70.0-180.0 180.0   5.0 450.0                            LAT/LON1/LON2/DLON/H
  108  104  104  105  104  107  111  116  125  134  146  156  169  176  185  188
  192  191  193  189  190  187  186  185  181  179  173  168  160  154  146  139
  134  127  122  117  112  107  102  100   96   93   90   89   88   87   87   86
   87   87   88   86   87   84   83   80   80   77   76   75   77   77   79   80
   82   85   88   89   94   94  100  111  108                                   
    67.5-180.0 180.0   5.0 450.0                            LAT/LON1/LON2/DLON/H
  113  115  115  117  118  120  124  130  137  145  158  167  179  185  193  194
  196  194  194  191  191  188  189  186  185  181  176  169  163  154  147  140
  133  128  120  117  109  107  100   99   93   92   88   88   84   85   82   83
   79   81   77   78   74   73   69   68   65   64   62   62   63   66   67   71
   72   77   79   86   88   94  103  114  113                                   
    65.0-180.0 180.0   5.0 450.0                            LAT/LON1/LON2/DLON/H
  120  117  122  125  126  130  135  138  146  154  165  174  185  192  197  199
  199  196  195  192  191  191  191  190  188  185  178  172  164  157  150  143
  136  128  122  116  111  106  103   99   96   93   90   88   86   84   82   80
   77   76   74   71   69   65   63   60   59   57   57   57   60   61   64   65
   69   72   77   80   87   90  101  117  120                                   
    62.5-180.0 180.0   5.0 450.0                            LAT/LON1/LON2/DLON/H
  115  119  120  127  129  135  140  145  153  160  172  179  190  195  202  200
  202  197  196  191  192  190  193  191  190  185  179  173  165  159  152  146
  137  131  121  116  108  105   98   98   92   92   86   87   81   81   75   74
   68   69   65   65   59   58   54   53   50   50   49   49   51   53   55   58
   59   64   67   73   77   83   95  112  115                                   
    60.0-180.0 180.0   5.0 450.0                            LAT/LON1/LON2/DLON/H
  113  109  115  121  127  134  142  147  155  162  172  181  190  197  203  204
  204  200  197  195  195  194  195  193  191  186  182  176  171  165  161  156
  149  140  131  122  115  108  103  100   97   95   92   89   85   81   75   71
   66   64   62   61   57   55   52   51   50   49   49   49   52   52   56   55
   58   60   65   67   73   77   90  107  113                                   
    57.5-180.0 180.0   5.0 450.0                            LAT/LON1/LON2/DLON/H
  106  107  107  115  123  133  142  150  159  165  175  182  193  198  206  206
  208  202  201  196  197  195  196  193  193  189  186  184  181  179  176  173
  165  157  143  134  122  116  106  104   98   99   93   92   83   79   71   66
   59   58   55   56   54   52   50   50   49   49   48   48   48   50   50   51
   53   56   60   64   68   74   86  102  106                                   
    55.0-180.0 180.0   5.0 450.0                            LAT/LON1/LON2/DLON/H
  110  106  107  115  125  135  146  153  163  169  178  185  194  202  211  214
  216  212  210  204  204  201  202  198  196  193  193  191  195  196  199  195
  192  178  166  152  140  129  121  114  110  108  104  100   92   85   75   68
   62   59   58   59   57   57   56   57   56   55   54   54   55   53   57   54
   57   59   65   68   74   79   92  103  110                                   
    52.5-180.0 180.0   5.0 450.0                            LAT/LON1/LON2/DLON/H
  118  122  118  125  133  144  156  165  175  180  188  193  203  211  220  225
  227  222  219  212  209  206  205  203  201  200  201  206  212  219  224  225
  219  207  191  175  158  146  134  128  120  118  112  108   98   92   80   73
   65   63   61   63   62   64   63   65   65   64   61   59   56   56   55   56
   58   63   70   76   84   91  100  113  118                                   
    50.0-180.0 180.0   5.0 450.0                            LAT/LON1/LON2/DLON/H
  141  142  140  148  156  166  177  185  194  199  205  209  217  226  235  243
  244  241  234  225  221  214  213  210  209  208  214  220  230  239  246  246
  240  225  211  192  177  163  153  144  137  131  125  122  112  106   94   88
   79   77   73   75   74   75   76   78   78   76   73   70   68   66   67   66
   70   77   87   97  107  114  126  136  141                                   
    47.5-180.0 180.0   5.0 450.0                            LAT/LON1/LON2/DLON/H
  167  175  172  181  187  196  205  213  222  227  231  235  241  249  257  264
  264  260  250  240  231  223  220  219  219  221  226  236  246  255  261  259
  251  235  220  204  188  175  164  154  146  139  132  130  121  117  106  100
   91   89   84   84   82   82   84   86   87   85   83   79   75   74   72   74
   77   86   98  113  125  139  148  164  167                                   
    45.0-180.0 180.0   5.0 450.0                            LAT/LON1/LON2/DLON/H
  199  205  209  217  223  232  237  244  251  256  261  263  268  274  280  287
  285  280  269  255  245  234  233  230  231  233  240  248  257  262  264  256
  246  228  215  201  191  181  173  161  153  144  139  136  131  128  120  117
  108  105   97   96   90   92   90   95   95   96   93   92   89   87   86   86
   90  100  114  131  148  164  180  196  199                                   
    42.5-180.0 180.0   5.0 450.0                            LAT/LON1/LON2/DLON/H
  220  232  239  253  258  264  267  274  279  286  292  294  299  303  308  311
  308  302  289  275  262  252  249  246  247  250  254  259  262  262  258  246
  233  216  203  194  189  183  177  165  155  147  141  141  137  137  131  128
  120  114  105  100   94   92   94   96  100  101  100   98   94   94   91   93
   94  104  118  139  159  182  195  222  220                                   
    40.0-180.0 180.0   5.0 450.0                            LAT/LON1/LON2/DLON/H
  238  250  263  277  282  289  292  300  306  317  322  326  328  332  333  338
  332  326  310  297  283  272  270  264  265  266  269  268  268  259  250  233
  219  202  195  192  193  190  186  171  163  150  149  146  148  146  144  139
  132  123  113  105   96   95   94  100  102  106  105  106  103  103  101   99
   99  108  122  143  166  189  212  237  238                                   
    37.5-180.0 180.0   5.0 450.0                            LAT/LON1/LON2/DLON/H
  242  260  274  293  299  306  308  319  328  341  348  352  354  358  361  365
  361  352  337  323  309  299  293  289  288  288  287  282  274  259  245  227
  213  199  196  196  202  199  196  183  173  163  159  158  157  158  153  149
  137  127  111  102   92   90   91   96  101  105  106  105  103  101   98   94
   91   98  109  134  158  188  210  244  242                                   
    35.0-180.0 180.0   5.0 450.0                            LAT/LON1/LON2/DLON/H
  246  264  285  304  311  320  324  338  349  366  372  377  378  382  387  393
  388  382  366  355  341  331  323  317  314  310  310  299  290  270  260  244
  239  227  232  229  235  228  225  206  195  179  176  170  172  167  163  154
  141  128  113  103   93   92   90   97  102  111  111  113  109  107  102   96
   91   92  102  124  150  177  206  238  246                                   
    32.5-180.0 180.0   5.0 450.0                            LAT/LON1/LON2/DLON/H
  244  263  288  312  321  329  336  352  367  386  392  397  397  403  412  417
  416  408  397  387  376  363  354  345  341  337  332  324  312  299  293  288
  291  288  290  285  285  272  263  239  222  202  195  188  185  177  168  154
  141  123  111  100   97   94   97   99  105  111  113  116  111  108  100   92
   86   82   91  109  138  168  200  242  244                                   
    30.0-180.0 180.0   5.0 450.0                            LAT/LON1/LON2/DLON/H
  249  269  299  324  333  347  355  372  390  408  417  420  421  427  435  441
  440  437  426  420  408  396  382  371  367  361  364  358  361  360  370  377
  389  387  383  370  359  338  317  286  261  237  222  211  202  188  176  156
  139  127  117  110  101  103   98  110  110  128  127  133  123  119  110   99
   94   89  101  115  146  174  208  245  249                                   
    27.5-180.0 180.0   5.0 450.0                            LAT/LON1/LON2/DLON/H
  259  277  306  331  346  362  373  392  406  427  434  441  438  446  451  455
  456  452  446  441  429  417  403  393  390  392  399  409  421  437  454  476
  490  489  473  448  420  390  363  332  308  278  255  237  223  205  190  170
  155  137  131  124  123  118  121  118  122  119  128  132  138  133  123  111
  106  100  108  123  152  185  216  258  259                                   
    25.0-180.0 180.0   5.0 450.0                            LAT/LON1/LON2/DLON/H
  279  294  328  352  365  387  399  418  431  450  459  464  463  468  470  473
  473  472  466  463  453  442  428  417  419  426  444  463  487  515  546  573
  580  575  532  497  452  424  389  361  330  310  293  275  254  226  209  184
  172  158  157  153  154  152  149  148  142  138  133  135  133  138  136  127
  122  118  131  146  171  202  237  272  279                                   
    22.5-180.0 180.0   5.0 450.0                            LAT/LON1/LON2/DLON/H
  298  317  347  370  391  413  431  448  459  479  486  491  490  494  493  492
  490  490  485  481  471  462  449  445  451  469  494  527  551  580  609  639
  642  634  578  527  479  446  402  371  337  326  307  305  284  262  238  218
  206  198  199  198  200  192  189  180  177  163  156  149  141  142  141  146
  146  144  156  173  200  230  263  299  298                                   
    20.0-180.0 180.0   5.0 450.0                            LAT/LON1/LON2/DLON/H
  324  341  371  400  420  449  461  487  499  523  531  536  533  531  529  528
  523  523  519  514  504  492  484  481  492  516  548  574  601  630  656  675
  678  659  598  539  478  440  394  370  335  334  313  319  298  292  269  256
  244  238  236  236  234  226  214  201  193  180  172  163  155  148  149  150
  160  167  179  195  221  256  288  321  324                                   
    17.5-180.0 180.0   5.0 450.0                            LAT/LON1/LON2/DLON/H
  332  362  393  421  446  472  497  520  543  566  576  581  580  573  567  564
  562  561  556  552  540  528  522  523  537  560  587  617  643  666  668  684
  680  654  580  509  447  399  355  342  314  329  309  330  312  317  298  295
  284  278  274  268  262  248  233  212  199  187  178  169  163  160  157  163
  166  181  196  213  238  273  305  339  332                                   
    15.0-180.0 180.0   5.0 450.0                            LAT/LON1/LON2/DLON/H
  352  372  413  442  467  500  516  550  575  605  615  623  623  621  609  608
  604  611  607  601  589  577  570  564  581  598  634  657  680  676  681  688
  679  633  548  471  405  352  320  313  302  319  316  342  335  342  330  329
  317  309  301  290  281  258  241  216  200  188  179  171  168  163  168  168
  175  182  198  216  242  275  310  345  352                                   
    12.5-180.0 180.0   5.0 450.0                            LAT/LON1/LON2/DLON/H
  352  383  426  458  485  515  541  569  604  625  645  653  659  652  641  642
  650  661  659  658  641  624  615  610  623  649  678  697  692  684  683  684
  654  589  496  417  352  306  284  281  285  304  320  347  354  362  357  353
  344  334  320  302  282  254  231  204  194  184  178  174  169  171  169  175
  178  184  198  216  238  276  311  351  352                                   
    10.0-180.0 180.0   5.0 450.0                            LAT/LON1/LON2/DLON/H
  364  392  442  474  505  537  559  598  624  655  670  686  695  696  687  692
  701  716  714  715  699  679  670  658  679  696  725  719  712  698  693  672
  622  543  453  384  330  294  278  282  288  312  332  364  378  389  382  377
  361  350  330  304  272  238  214  191  187  179  181  172  175  170  176  174
  181  183  193  211  233  269  311  352  364                                   
     7.5-180.0 180.0   5.0 450.0                            LAT/LON1/LON2/DLON/H
  362  402  454  494  527  562  587  618  646  673  694  706  719  719  721  729
  748  761  756  750  735  724  716  715  725  741  748  736  724  712  691  651
