data/unet/pred2830.15i
     1.0            IONOSPHERE MAPS     GNSS                IONEX VERSION / TYPE
pyspatialgeodesy        IME             05-JAN-18 20:20     PGM / RUN BY / DATE 
Map Name                                                    COMMENT             
Predicted global ionosphere maps (GIM).                     DESCRIPTION         
  2015    10    10     0     0     0                        EPOCH OF FIRST MAP  
  2015    10    11     0     0     0                        EPOCH OF LAST MAP   
  7200                                                      INTERVAL            
    13                                                      # OF MAPS IN FILE   
  NONE                                                      MAPPING FUNCTION    
10.0                                                        ELEVATION CUTOFF    
One-way carrier phase leveled to code                       OBSERVABLES USED    
  6371.0                                                    BASE RADIUS         
 2                                                          MAP DIMENSION       
   450.0 450.0   0.0                                        HGT1 / HGT2 / DHGT  
    87.5 -87.5  -2.5                                        LAT1 / LAT2 / DLAT  
  -180.0 180.0   5.0                                        LON1 / LON2 / DLON  
    -1                                                      EXPONENT            
                                                            END OF HEADER       
[from data line 2145]
     6                                                      START OF TEC MAP    
  2015    10    10    10     0     0                        EPOCH OF CURRENT MAP
    87.5-180.0 180.0   5.0 450.0                            LAT/LON1/LON2/DLON/H
   41   59   46   49   46   48   47   48   47   49   48   49   48   50   48   50
   48   50   48   48   46   47   46   46   45   46   46   46   46   46   47   46
   46   46   46   45   45   45   46   46   45   46   45   46   44   46   44   46
   43   45   43   45   42   45   42   44   42   44   41   43   41   43   41   43
   41   43   42   45   44   43   44   45   41                                   
    85.0-180.0 180.0   5.0 450.0                            LAT/LON1/LON2/DLON/H
   60   57   54   56   53   54   54   56   55   57   56   59   57   59   58   60
   58   60   59   61   60   63   63   65   65   68   68   70   69   71   70   71
   69   69   68   68   66   66   63   64   61   61   59   60   56   58   55   57
   53   55   52   54   51   53   51   53   51   52   51   52   52   52   52   52
   52   53   54   51   52   53   54   49   60                                   
    82.5-180.0 180.0   5.0 450.0                            LAT/LON1/LON2/DLON/H
   51   62   52   53   47   48   48   50   49   52   50   53   50   54   51   55
   52   56   53   57   56   61   61   65   65   70   70   73   73   75   74   75
   73   74   71   71   67   67   63   63   59   60   56   58   54   56   52   54
   50   52   49   50   47   49   46   48   45   48   45   47   46   48   46   47
   46   48   48   48   49   51   51   37   51                                   
    80.0-180.0 180.0   5.0 450.0                            LAT/LON1/LON2/DLON/H
   51   57   47   47   42   44   43   45   44   45   44   44   44   45   44   45
   45   47   47   49   50   53   54   58   59   64   64   68   68   71   71   72
   71   70   69   67   65   63   60   59   56   56   54   54   52   54   51   53
   50   52   49   50   48   49   46   48   45   48   44   47   45   47   45   47
   45   47   45   45   44   45   47   38   51                                   
    77.5-180.0 180.0   5.0 450.0                            LAT/LON1/LON2/DLON/H
   44   53   46   45   42   42   43   42   43   41   42   40   41   41   42   41
   43   43   45   45   49   49   54   54   58   59   64   64   67   68   70   71
   70   71   69   68   65   64   61   60   57   57   56   57   56   58   57   59
   57   59   57   58   55   56   54   54   52   52   51   51   50   50   49   50
   48   48   48   47   48   47   48   31   44                                   
    75.0-180.0 180.0   5.0 450.0                            LAT/LON1/LON2/DLON/H
   42   48   43   42   38   42   39   42   38   40   38   39   36   39   37   39
   37   40   39   41   40   45   45   50   49   56   54   61   59   66   65   69
   66   69   66   67   63   63   60   60   57   59   58   60   59   63   61   65
   62   66   62   64   59   61   57   58   53   55   51   54   49   52   49   51
   47   50   47   49   47   49   47   34   42                                   
    72.5-180.0 180.0   5.0 450.0                            LAT/LON1/LON2/DLON/H
   42   48   43   42   39   40   40   40   38   38   37   37   35   37   36   37
   36   37   37   38   38   40   41   42   43   46   49   52   55   59   63   64
   66   66   67   66   65   63   63   61   61   62   63   65   67   70   70   72
   71   73   69   69   65   65   61   60   57   57   54   54   51   52   50   50
   48   48   47   47   47   46   48   31   42                                   
    70.0-180.0 180.0   5.0 450.0                            LAT/LON1/LON2/DLON/H
   41   41   40   38   37   39   39   40   38   39   37   37   36   37   36   36
   36   36   36   35   35   36   36   37   38   41   43   46   50   55   58   61
   64   65   66   66   66   65   65   64   67   68   72   73   78   81   82   83
   83   82   79   75   73   70   67   63   62   60   58   56   54   53   50   49
   47   48   46   46   45   47   46   35   41                                   
    67.5-180.0 180.0   5.0 450.0                            LAT/LON1/LON2/DLON/H
   39   43   40   39   38   38   39   40   39   39   37   38   36   38   37   37
   36   36   35   35   34   33   33   33   34   35   38   40   45   48   54   57
   61   62   65   65   67   66   67   67   71   74   79   82   86   90   91   92
   90   88   84   80   74   71   66   64   61   61   58   57   53   52   49   47
   44   43   43   42   43   41   45   29   39                                   
    65.0-180.0 180.0   5.0 450.0                            LAT/LON1/LON2/DLON/H
   39   38   36   36   34   38   39   40   40   40   39   39   39   39   40   38
   39   38   37   36   35   34   32   33   32   35   36   40   43   48   52   56
   59   62   64   66   67   68   70   73   77   82   88   93   98  102  104  103
  101   97   92   85   80   75   71   68   66   65   63   61   57   55   50   46
   42   41   40   40   40   42   43   31   39                                   
    62.5-180.0 180.0   5.0 450.0                            LAT/LON1/LON2/DLON/H
   36   40   35   36   36   37   39   40   39   39   38   39   38   39   39   39
   39   37   37   35   34   32   31   31   31   31   34   37   40   44   48   53
   56   59   62   65   66   68   71   74   80   85   92   98  104  108  110  109
  106  101   96   90   84   77   72   70   67   67   64   63   58   55   49   45
   40   38   36   37   38   37   41   26   36                                   
    60.0-180.0 180.0   5.0 450.0                            LAT/LON1/LON2/DLON/H
   35   36   30   33   31   36   36   40   38   39   37   38   38   38   39   38
   39   37   35   35   33   33   32   33   33   34   35   39   41   46   48   54
   56   60   62   67   68   71   75   79   86   92   99  106  111  115  116  116
  112  108  102   97   91   86   81   79   77   74   72   70   65   61   54   49
   43   41   38   40   38   40   40   27   35                                   
    57.5-180.0 180.0   5.0 450.0                            LAT/LON1/LON2/DLON/H
   38   40   32   32   32   33   36   36   36   35   34   35   36   37   38   37
   38   35   36   33   34   33   34   34   35   35   37   39   42   45   49   53
   56   60   63   67   69   73   78   83   89   95  103  109  116  119  123  121
  121  115  112  106  101   96   93   89   86   83   80   77   71   66   58   52
   46   43   41   41   41   40   41   26   38                                   
    55.0-180.0 180.0   5.0 450.0                            LAT/LON1/LON2/DLON/H
   41   38   30   32   29   33   32   35   32   33   30   32   31   32   32   33
   31   31   27   30   27   32   30   36   35   39   39   43   44   48   50   55
   57   61   65   70   75   80   85   91   96  103  108  116  121  127  127  130
  126  126  120  119  113  111  106  104  100   97   92   88   82   76   69   62
   57   52   50   50   48   50   48   37   41                                   
    52.5-180.0 180.0   5.0 450.0                            LAT/LON1/LON2/DLON/H
   48   48   37   36   34   33   35   32   32   30   28   29   29   30   30   30
   29   28   26   27   28   30   33   34   37   38   41   43   47   48   51   54
   59   62   68   73   79   85   91   96  104  108  117  121  130  133  139  137
  142  137  138  132  131  126  122  116  113  107  103   99   92   86   78   72
   66   61   60   58   58   56   56   42   48                                   
    50.0-180.0 180.0   5.0 450.0                            LAT/LON1/LON2/DLON/H
   56   50   42   40   35   37   34   35   30   29   25   27   25   27   26   26
   25   24   22   24   23   29   28   37   36   42   43   48   50   54   56   61
   64   69   74   82   89   96  103  108  114  119  125  131  137  144  146  151
  148  154  147  150  143  141  135  130  126  121  116  113  106  102   94   88
   82   77   75   74   70   71   66   57   56                                   
    47.5-180.0 180.0   5.0 450.0                            LAT/LON1/LON2/DLON/H
   63   62   51   46   44   41   40   36   32   29   26   27   25   26   26   25
   23   22   21   23   24   27   30   33   37   40   45   49   53   56   60   63
   68   73   80   88   96  104  112  118  125  127  135  137  147  148  157  155
  161  159  161  159  157  151  146  138  134  127  124  120  115  111  106  100
   93   89   85   83   81   76   76   64   63                                   
    45.0-180.0 180.0   5.0 450.0                            LAT/LON1/LON2/DLON/H
   72   64   58   55   49   49   45   42   36   33   28   30   27   29   27   27
   24   23   23   25   25   29   28   34   34   42   46   53   57   62   65   71
   74   83   88  100  107  118  126  133  138  140  144  147  153  158  163  166
  164  167  163  165  157  153  145  142  135  133  129  128  123  121  114  111
  103  100   95   93   88   86   82   76   72                                   
    42.5-180.0 180.0   5.0 450.0                            LAT/LON1/LON2/DLON/H
   74   73   64   60   57   55   52   48   42   38   35   35   34   34   33   32
   30   28   28   28   29   28   29   30   34   40   48   54   60   64   69   73
   79   86   94  104  114  125  136  142  148  149  153  153  160  161  169  166
  169  166  166  161  157  150  145  138  137  133  131  129  126  122  118  113
  107  102   98   94   90   84   85   77   74                                   
    40.0-180.0 180.0   5.0 450.0                            LAT/LON1/LON2/DLON/H
   80   70   67   64   60   60   57   55   48   44   40   42   41   42   41   40
   38   37   36   37   35   33   30   32   34   43   49   59   65   71   74   81
   86   96  102  116  126  139  149  157  161  162  164  166  169  172  175  175
  173  171  165  161  153  148  141  140  135  137  133  134  129  127  121  117
  109  105   97   95   88   85   82   82   80                                   
    37.5-180.0 180.0   5.0 450.0                            LAT/LON1/LON2/DLON/H
   77   73   67   64   61   60   59   56   52   49   48   49   50   51   51   50
   47   46   45   43   41   37   33   32   36   44   54   62   69   74   79   84
   90  100  109  122  134  147  159  164  170  170  173  172  178  178  184  181
  182  175  172  164  160  152  149  144  145  143  144  140  136  131  124  117
  110  102   97   89   84   78   81   75   77                                   
    35.0-180.0 180.0   5.0 450.0                            LAT/LON1/LON2/DLON/H
   77   66   65   61   59   59   58   59   55   55   55   58   60   63   63   62
   60   57   56   53   49   44   38   38   40   50   58   69   74   81   84   92
   98  110  119  134  146  160  171  179  183  184  185  186  189  194  197  198
  194  192  186  181  173  168  162  161  158  160  156  155  146  141  129  123
  111  106   95   91   81   78   78   78   77                                   
    32.5-180.0 180.0   5.0 450.0                            LAT/LON1/LON2/DLON/H
   73   68   62   59   55   56   54   57   56   58   60   65   69   73   74   73
   69   66   63   61   57   50   45   43   48   55   65   74   80   86   91   98
  106  118  129  143  158  170  182  188  193  193  196  197  204  210  216  216
  217  214  211  205  201  196  194  190  191  186  186  178  170  157  142  130
  118  109  102   91   84   77   80   76   73                                   
    30.0-180.0 180.0   5.0 450.0                            LAT/LON1/LON2/DLON/H
   78   63   61   56   54   52   53   56   57   60   64   70   77   82   83   82
   78   73   70   68   63   58   51   52   54   65   72   82   88   95  101  111
  121  134  147  162  177  189  200  204  210  210  214  218  226  232  238  242
  243  244  243  240  236  233  228  226  223  222  217  210  197  183  164  151
  131  124  109  105   93   87   85   83   78                                   
    27.5-180.0 180.0   5.0 450.0                            LAT/LON1/LON2/DLON/H
   85   75   66   60   54   53   52   55   55   60   63   72   79   88   88   87
   81   77   73   71   66   61   57   56   62   69   78   86   93  101  110  120
  133  148  162  178  195  207  217  222  228  229  235  239  251  258  267  270
  276  278  285  283  287  280  276  271  266  261  253  243  232  214  196  176
  162  143  135  122  112  101   98   90   85                                   
    25.0-180.0 180.0   5.0 450.0                            LAT/LON1/LON2/DLON/H
  100   83   75   66   62   59   57   56   57   59   64   71   80   87   89   87
   83   77   73   72   68   65   60   63   66   76   82   93  100  111  122  136
  151  168  183  199  218  226  239  242  251  253  259  266  277  287  295  301
  308  315  325  331  340  335  331  325  319  308  294  281  264  249  229  209
  190  178  162  153  140  129  120  109  100                                   
    22.5-180.0 180.0   5.0 450.0                            LAT/LON1/LON2/DLON/H
  117  109   95   87   78   73   66   63   59   60   60   68   74   83   85   84
   77   71   68   66   65   62   61   61   69   75   86   92  104  113  129  140
  161  178  200  216  236  245  259  264  275  278  286  293  305  314  321  329
  343  351  371  376  392  387  385  373  367  349  335  315  301  279  263  241
  226  205  196  179  168  152  143  122  117                                   
    20.0-180.0 180.0   5.0 450.0                            LAT/LON1/LON2/DLON/H
  137  128  117  108  101   94   85   79   70   66   63   64   70   74   78   75
   73   65   65   63   64   61   61   64   68   76   84   96  107  120  138  154
  177  197  219  237  257  265  281  286  299  302  311  316  330  336  346  356
  376  388  406  414  427  424  422  409  399  377  363  343  332  309  292  271
  254  235  220  207  194  178  164  145  137                                   
    17.5-180.0 180.0   5.0 450.0                            LAT/LON1/LON2/DLON/H
  155  151  140  138  127  118  108   96   85   76   68   65   63   67   67   67
   63   59   59   58   59   57   59   59   69   74   86   93  111  121  145  158
  188  204  233  250  273  285  300  308  319  325  336  345  359  367  379  386
  410  418  440  443  456  449  446  432  419  396  378  359  349  329  317  295
  278  259  246  232  216  195  182  158  155                                   
    15.0-180.0 180.0   5.0 450.0                            LAT/LON1/LON2/DLON/H
  172  166  160  160  155  150  136  120  105   92   78   69   63   59   59   56
   59   52   56   53   56   54   56   61   69   76   86   98  114  129  153  172
  198  219  242  265  286  299  316  323  338  346  362  373  391  397  408  415
  435  445  459  460  467  461  459  445  435  409  393  372  363  347  334  312
  295  278  266  255  237  217  202  182  172                                   
    12.5-180.0 180.0   5.0 450.0                            LAT/LON1/LON2/DLON/H
  187  179  176  179  173  171  158  143  124  107   92   77   66   60   56   55
   53   51   51   51   52   51   56   61   72   79   93  100  124  134  164  178
  210  225  253  274  296  313  326  338  353  371  386  403  418  422  430  431
  453  457  467  464  468  461  456  447  436  415  397  380  369  356  345  326
  306  292  282  272  255  239  220  199  187                                   
    10.0-180.0 180.0   5.0 450.0                            LAT/LON1/LON2/DLON/H
  202  188  185  185  185  181  171  157  140  120  105   88   76   66   62   56
   56   49   54   49   53   51   57   66   77   87   97  110  131  147  174  192
  220  238  260  282  300  315  330  343  363  378  399  414  432  435  441  443
  458  460  463  459  459  453  453  443  440  420  408  390  380  366  354  337
  317  305  294  285  272  258  240  225  202                                   
     7.5-180.0 180.0   5.0 450.0                            LAT/LON1/LON2/DLON/H
  215  198  191  191  188  187  175  164  146  131  116  100   87   74   69   63
   61   56   57   54   54   54   59   68   82   93  111  118  149  160  189  203
