data/unet/pred0180.15i
     1.0            IONOSPHERE MAPS     GNSS                IONEX VERSION / TYPE
pyspatialgeodesy        IME             05-JAN-18 20:20     PGM / RUN BY / DATE 
Map Name                                                    COMMENT             
Predicted global ionosphere maps (GIM).                     DESCRIPTION         
  2015     1    18     0     0     0                        EPOCH OF FIRST MAP  
  2015     1    19     0     0     0                        EPOCH OF LAST MAP   
  7200                                                      INTERVAL            
    13                                                      # OF MAPS IN FILE   
  NONE                                                      MAPPING FUNCTION    
10.0                                                        ELEVATION CUTOFF    
One-way carrier phase leveled to code                       OBSERVABLES USED    
  6371.0                                                    BASE RADIUS         
 2                                                          MAP DIMENSION       
   450.0 450.0   0.0                                        HGT1 / HGT2 / DHGT  
    87.5 -87.5  -2.5                                        LAT1 / LAT2 / DLAT  
  -180.0 180.0   5.0                                        LON1 / LON2 / DLON  
    -1                                                      EXPONENT            
                                                            END OF HEADER       
[from data line 4719]
    12                                                      START OF TEC MAP    
  2015     1    18    22     0     0                        EPOCH OF CURRENT MAP
    87.5-180.0 180.0   5.0 450.0                            LAT/LON1/LON2/DLON/H
  158  118  105  109  108  110  111  113  114  116  117  118  118  120  120  121
  120  122  120  121  119  120  118  120  117  119  117  118  115  117  115  116
  113  114  111  112  110  111  109  110  109  110  109  110  109  110  109  109
  109  109  109  108  108  107  107  106  106  105  104  103  102  102  100  100
   98   99   98   99   99  100   99  131  158                                   
    85.0-180.0 180.0   5.0 450.0                            LAT/LON1/LON2/DLON/H
  104   94   96  100  101  102  105  107  111  114  117  119  121  123  124  126
  125  126  125  125  122  121  119  119  115  116  113  114  110  110  108  108
  105  106  104  104  102  103  101  102  101  102  100  101  100  101  100  100
   99  100   98   99   98   98   97   96   95   94   93   91   90   88   87   85
   85   83   84   81   84   83   84  107  104                                   
    82.5-180.0 180.0   5.0 450.0                            LAT/LON1/LON2/DLON/H
   84   82   86   93   94   98  102  108  112  117  121  126  129  132  133  135
  134  135  132  132  128  127  123  122  118  116  114  112  109  106  106  103
  103  100  101   97   99   96   98   94   97   95   97   95   97   96   97   96
   97   96   97   96   97   95   95   92   92   90   88   85   84   80   80   76
   77   73   74   70   72   69   71   87   84                                   
    80.0-180.0 180.0   5.0 450.0                            LAT/LON1/LON2/DLON/H
   78   76   78   85   88   94  100  107  115  121  129  133  139  141  143  143
  142  138  135  130  126  121  115  113  108  106  102  101   97   96   93   93
   90   90   88   88   86   87   85   87   86   88   87   90   89   92   90   93
   92   94   94   94   94   93   91   89   87   84   81   77   75   71   69   66
   64   62   61   58   58   59   59   74   78                                   
    77.5-180.0 180.0   5.0 450.0                            LAT/LON1/LON2/DLON/H
   72   70   73   77   83   88   97  106  117  125  136  141  147  148  150  147
  143  137  131  123  116  109  103   97   92   87   86   82   81   78   78   77
   77   77   76   76   76   76   75   76   75   77   76   79   79   81   81   83
   83   85   85   85   86   86   84   83   81   79   75   72   69   65   62   58
   57   54   53   50   52   52   54   71   72                                   
    75.0-180.0 180.0   5.0 450.0                            LAT/LON1/LON2/DLON/H
   75   72   76   83   87   97  106  119  129  140  150  157  162  162  161  155
  148  138  129  118  107   98   88   81   74   71   68   68   65   67   65   67
   65   69   67   70   68   69   66   68   66   68   67   70   69   71   71   73
   74   75   76   77   78   78   77   77   75   73   70   67   63   61   57   55
   53   52   51   50   51   55   59   75   75                                   
    72.5-180.0 180.0   5.0 450.0                            LAT/LON1/LON2/DLON/H
   90   88   91   99  105  113  124  135  147  158  168  175  177  177  172  164
  153  141  129  116  103   90   79   70   64   60   58   57   57   57   58   59
   60   63   63   66   64   66   63   66   62   65   61   64   61   63   61   63
   63   66   66   68   69   70   70   69   68   67   64   62   59   57   55   53
   53   53   54   55   60   64   70   87   90                                   
    70.0-180.0 180.0   5.0 450.0                            LAT/LON1/LON2/DLON/H
  110  111  114  123  128  137  146  157  169  182  190  197  198  196  187  177
  162  147  132  118  102   89   75   66   58   53   50   50   49   51   49   53
   52   57   56   61   59   62   59   61   58   59   56   57   54   54   53   53
   53   55   56   57   59   60   59   59   58   58   55   54   51   51   49   50
   51   54   58   62   69   77   84  100  110                                   
    67.5-180.0 180.0   5.0 450.0                            LAT/LON1/LON2/DLON/H
  134  136  139  148  153  159  170  180  192  203  212  219  220  216  202  190
  172  157  138  123  108   93   80   69   61   55   51   49   47   46   46   46
   47   49   51   54   53   56   54   56   53   54   51   52   48   49   45   46
   44   46   46   48   48   50   49   50   49   48   46   46   44   44   44   46
   49   54   61   68   78   88   96  114  134                                   
    65.0-180.0 180.0   5.0 450.0                            LAT/LON1/LON2/DLON/H
  154  155  160  168  176  184  194  203  214  226  236  244  240  237  221  208
  187  170  152  137  121  105   91   79   70   61   56   50   44   41   39   39
   38   40   39   44   42   46   45   47   46   47   45   46   43   42   39   39
   37   37   37   38   39   39   39   40   39   39   38   38   37   37   38   41
   45   51   60   70   82   95  106  126  154                                   
    62.5-180.0 180.0   5.0 450.0                            LAT/LON1/LON2/DLON/H
  166  170  174  187  195  202  211  220  232  244  254  259  255  251  236  222
  203  185  167  153  137  119  104   90   79   68   60   52   45   38   35   32
   31   29   31   32   34   35   36   38   39   40   40   40   38   38   34   34
   31   31   29   32   30   32   30   32   31   32   30   31   31   31   32   34
   39   45   55   67   82   98  109  133  166                                   
    60.0-180.0 180.0   5.0 450.0                            LAT/LON1/LON2/DLON/H
  173  176  185  198  209  216  225  234  245  256  262  268  264  262  247  240
  222  208  189  176  159  140  122  105   91   76   66   54   46   36   32   30
   25   25   21   25   22   28   27   32   32   36   35   39   36   38   33   34
   29   29   27   28   27   28   26   28   27   29   28   29   28   29   30   31
   36   42   52   64   80   97  112  136  173                                   
    57.5-180.0 180.0   5.0 450.0                            LAT/LON1/LON2/DLON/H
  176  183  192  209  222  230  240  247  256  264  267  272  269  267  259  252
  240  226  212  196  180  161  140  120  102   85   74   60   52   42   38   33
   29   23   24   21   23   24   26   29   32   34   37   39   40   39   38   36
   34   32   30   30   29   29   27   28   29   30   30   30   31   30   32   33
   37   43   53   64   81   99  112  138  176                                   
    55.0-180.0 180.0   5.0 450.0                            LAT/LON1/LON2/DLON/H
  180  189  204  222  235  245  252  258  261  267  268  273  269  271  265  265
  255  247  233  220  200  181  158  136  115   95   83   69   63   51   49   45
   38   36   28   30   25   29   28   33   34   40   41   47   46   49   45   46
   42   42   38   38   35   35   32   34   33   35   34   36   35   37   37   39
   43   49   60   72   88  106  121  145  180                                   
    52.5-180.0 180.0   5.0 450.0                            LAT/LON1/LON2/DLON/H
  189  201  216  237  251  259  266  267  269  272  270  272  269  272  271  271
  267  258  247  230  214  193  172  149  129  108   97   83   78   68   66   59
   54   46   43   37   39   37   39   40   45   48   53   56   58   58   58   56
   54   52   50   48   46   45   43   42   42   42   42   42   44   43   46   48
   54   62   73   87  105  122  133  157  189                                   
    50.0-180.0 180.0   5.0 450.0                            LAT/LON1/LON2/DLON/H
  200  214  233  253  265  273  273  274  272  274  269  271  266  271  270  274
  271  265  252  237  221  202  181  162  142  122  111   97   95   83   81   74
   66   62   53   54   49   51   49   54   55   62   64   70   71   74   71   73
   69   68   64   63   59   58   54   55   51   52   50   52   51   53   55   60
   67   78   91  109  125  141  152  174  200                                   
    47.5-180.0 180.0   5.0 450.0                            LAT/LON1/LON2/DLON/H
  216  230  247  267  277  280  279  278  277  275  270  269  267  269  271  273
  272  263  253  236  225  208  192  175  158  139  129  115  110   98   94   85
   78   69   67   64   66   63   66   66   71   74   80   83   87   87   88   87
   86   84   82   78   75   72   69   67   64   61   61   60   61   62   66   71
   81   95  112  132  150  163  172  193  216                                   
    45.0-180.0 180.0   5.0 450.0                            LAT/LON1/LON2/DLON/H
  228  245  263  281  286  288  283  284  279  278  272  272  270  271  272  276
  273  265  251  239  229  216  203  189  175  156  143  128  121  105   98   87
   77   73   69   72   72   75   74   78   80   86   90   95   99  100  101  103
  102  101   98   94   90   85   80   78   73   70   67   66   66   68   72   80
   91  109  129  151  167  181  190  208  228                                   
    42.5-180.0 180.0   5.0 450.0                            LAT/LON1/LON2/DLON/H
  237  253  269  286  290  288  285  282  282  278  276  273  274  274  278  278
  277  265  254  241  233  223  216  204  190  172  156  138  126  109   97   84
   75   70   72   74   81   81   85   84   89   92   99  102  107  109  111  112
  115  113  111  106  101   96   91   85   80   76   72   70   70   71   77   84
   98  118  141  163  180  192  200  219  237                                   
    40.0-180.0 180.0   5.0 450.0                            LAT/LON1/LON2/DLON/H
  238  256  273  287  290  291  286  287  284  283  279  281  280  282  284  287
  284  275  260  252  244  237  229  218  205  182  161  139  122  103   88   77
   68   68   70   77   83   87   89   92   94   99  103  109  113  117  119  123
  125  125  123  118  111  106   98   92   85   79   73   71   70   72   77   86
  100  121  144  166  182  194  204  223  238                                   
    37.5-180.0 180.0   5.0 450.0                            LAT/LON1/LON2/DLON/H
  235  253  267  284  289  288  287  284  286  283  284  284  286  288  293  294
  294  283  273  263  258  250  243  228  212  186  163  138  118   99   86   75
   70   71   78   84   93   95   98   97  100  101  107  111  116  118  123  127
  130  131  128  123  117  111  104   97   90   83   76   73   72   73   78   86
  101  122  144  164  180  191  200  221  235                                   
    35.0-180.0 180.0   5.0 450.0                            LAT/LON1/LON2/DLON/H
  232  251  267  282  289  290  289  287  287  287  285  289  289  293  296  302
  302  296  286  280  273  266  255  235  214  185  160  136  117  102   92   89
   87   91   97  104  109  112  111  108  107  108  111  115  118  122  126  130
  133  134  131  126  119  114  107  100   92   85   77   74   71   74   78   89
  104  125  144  161  175  186  198  222  232                                   
    32.5-180.0 180.0   5.0 450.0                            LAT/LON1/LON2/DLON/H
  236  252  268  283  294  296  297  293  295  291  290  290  293  296  301  307
  311  306  301  295  289  278  262  235  209  182  159  140  128  121  121  120
  122  125  130  132  136  135  131  124  121  117  119  119  122  123  128  130
  132  131  128  123  118  113  107  100   92   86   79   75   73   75   83   94
  111  132  149  164  176  187  199  228  236                                   
    30.0-180.0 180.0   5.0 450.0                            LAT/LON1/LON2/DLON/H
  247  266  280  296  308  312  312  310  306  301  295  295  294  298  301  310
  315  315  311  309  301  286  261  230  204  180  163  153  154  157  165  170
  170  170  164  160  157  153  152  143  136  129  128  127  127  128  130  130
  130  126  123  118  115  112  109  103   97   92   85   84   80   84   90  105
  124  146  162  175  187  200  216  248  247                                   
    27.5-180.0 180.0   5.0 450.0                            LAT/LON1/LON2/DLON/H
  277  297  311  326  340  342  342  334  327  317  310  304  301  301  304  310
  317  318  317  314  305  287  258  225  202  185  180  182  196  214  231  250
  250  244  219  203  186  175  169  162  154  145  143  138  137  134  133  130
  126  119  112  106  104  102  101   97   93   89   87   86   86   91  101  119
  142  167  185  199  211  228  244  280  277                                   
    25.0-180.0 180.0   5.0 450.0                            LAT/LON1/LON2/DLON/H
  314  338  353  368  380  381  376  368  355  342  329  321  311  310  307  313
  315  318  316  315  304  284  253  225  207  203  209  227  256  289  323  345
  339  315  272  242  217  199  185  174  167  157  153  148  146  142  138  131
  124  114  106   97   94   91   91   89   88   86   86   87   90   98  112  135
  163  192  212  231  247  268  290  325  314                                   
    22.5-180.0 180.0   5.0 450.0                            LAT/LON1/LON2/DLON/H
  364  389  401  419  429  429  420  409  395  378  362  347  333  325  319  318
  318  318  317  315  305  285  260  238  234  242  263  294  337  387  427  443
  428  388  327  282  244  220  200  185  174  161  156  151  151  146  141  130
  118  104   93   84   80   75   79   78   81   79   81   84   91  101  121  150
  186  221  245  266  289  314  342  375  364                                   
    20.0-180.0 180.0   5.0 450.0                            LAT/LON1/LON2/DLON/H
  412  437  451  465  475  476  469  457  443  425  408  389  368  353  339  334
  327  325  319  318  307  294  274  267  272  299  334  376  425  469  504  513
  486  424  348  289  247  224  203  186  171  159  152  147  149  144  139  127
  115   99   89   80   75   71   73   72   73   72   74   76   83   96  120  159
  203  247  278  305  332  362  399  424  412                                   
    17.5-180.0 180.0   5.0 450.0                            LAT/LON1/LON2/DLON/H
  456  482  491  510  519  526  520  513  499  484  464  444  419  399  379  367
  354  345  337  334  325  315  306  316  338  378  418  460  498  531  555  550
  502  427  339  279  237  217  199  183  166  153  147  143  146  142  139  127
  115  101   91   83   77   70   72   71   71   72   73   77   84   98  124  168
  218  265  303  337  369  405  439  463  456                                   
    15.0-180.0 180.0   5.0 450.0                            LAT/LON1/LON2/DLON/H
  486  515  524  539  554  564  566  563  560  547  530  507  482  458  436  419
  400  385  371  365  357  355  360  384  419  461  496  520  544  557  560  531
  470  384  305  251  214  200  189  173  159  147  142  139  143  143  140  131
  120  109   98   92   83   78   76   76   73   74   74   79   86  101  131  179
  231  280  320  357  393  435  471  489  486                                   
    12.5-180.0 180.0   5.0 450.0                            LAT/LON1/LON2/DLON/H
  502  536  545  564  575  592  596  603  607  605  588  570  543  521  496  479
  460  442  425  416  411  415  427  460  498  535  555  558  555  542  519  478
  404  331  266  226  198  192  182  170  156  145  139  138  143  145  143  134
  125  114  107  100   94   90   88   87   83   83   82   86   93  110  145  193
  247  295  333  369  403  447  483  503  502                                   
    10.0-180.0 180.0   5.0 450.0                            LAT/LON1/LON2/DLON/H
  504  535  545  559  577  594  604  620  635  642  634  621  599  581  554  540
  523  507  490  480  478  485  497  528  561  584  585  560  530  491  448  393
  331  275  227  205  186  187  180  170  158  147  143  143  148  150  149  141
  133  123  115  112  105  103  100   98   94   92   91   93  104  124  160  211
  260  307  341  374  407  448  486  504  504                                   
     7.5-180.0 180.0   5.0 450.0                            LAT/LON1/LON2/DLON/H
  497  524  529  547  560  583  593  618  636  655  653  649  632  622  602  593
  579  567  554  544  543  546  554  577  601  606  587  540  486  427  370  323
