data/unet/pred0730.15i
     1.0            IONOSPHERE MAPS     GNSS                IONEX VERSION / TYPE
pyspatialgeodesy        IME             05-JAN-18 20:20     PGM / RUN BY / DATE 
Map Name                                                    COMMENT             
Predicted global ionosphere maps (GIM).                     DESCRIPTION         
  2015     3    14     0     0     0                        EPOCH OF FIRST MAP  
  2015     3    15     0     0     0                        EPOCH OF LAST MAP   
  7200                                                      INTERVAL            
    13                                                      # OF MAPS IN FILE   
  NONE                                                      MAPPING FUNCTION    
10.0                                                        ELEVATION CUTOFF    
One-way carrier phase leveled to code                       OBSERVABLES USED    
  6371.0                                                    BASE RADIUS         
 2                                                          MAP DIMENSION       
   450.0 450.0   0.0                                        HGT1 / HGT2 / DHGT  
    87.5 -87.5  -2.5                                        LAT1 / LAT2 / DLAT  
  -180.0 180.0   5.0                                        LON1 / LON2 / DLON  
    -1                                                      EXPONENT            
                                                            END OF HEADER       
[from data line 4290]
    11                                                      START OF TEC MAP    
  2015     3    14    20     0     0                        EPOCH OF CURRENT MAP
    87.5-180.0 180.0   5.0 450.0                            LAT/LON1/LON2/DLON/H
  216  193  186  189  186  187  186  188  188  189  190  191  191  192  192  192
  191  191  190  189  187  186  184  182  180  178  176  174  171  170  167  167
  164  164  161  161  159  160  158  159  158  159  159  160  160  162  163  164
  165  167  168  171  171  174  175  178  179  182  182  185  185  188  187  189
  188  190  189  190  190  192  191  193  216                                   
    85.0-180.0 180.0   5.0 450.0                            LAT/LON1/LON2/DLON/H
  181  179  179  185  180  183  181  186  185  190  189  193  193  196  195  197
  195  196  194  194  190  190  185  184  179  177  173  170  166  164  160  158
  155  153  151  150  149  149  149  148  149  149  150  151  152  154  155  157
  159  161  162  165  166  170  169  174  173  178  175  180  178  182  179  182
  180  183  181  181  180  180  185  187  181                                   
    82.5-180.0 180.0   5.0 450.0                            LAT/LON1/LON2/DLON/H
  177  168  172  175  174  178  178  183  184  189  191  196  198  202  203  206
  206  207  206  206  202  200  195  191  185  180  173  168  161  157  150  148
  141  140  135  135  132  133  130  132  131  134  133  136  136  140  140  145
  146  151  153  158  160  164  165  169  170  173  173  176  176  178  177  178
  176  178  175  175  171  171  170  170  177                                   
    80.0-180.0 180.0   5.0 450.0                            LAT/LON1/LON2/DLON/H
  164  147  150  149  152  154  160  164  170  176  182  189  195  201  206  210
  213  215  216  215  212  208  202  196  188  180  172  163  155  147  140  133
  128  123  121  117  117  115  115  114  115  115  115  116  118  120  123  125
  129  132  138  140  145  148  152  155  157  159  160  161  161  161  160  159
  158  156  154  150  149  148  151  153  164                                   
    77.5-180.0 180.0   5.0 450.0                            LAT/LON1/LON2/DLON/H
  146  131  132  132  136  138  146  150  159  165  176  182  194  200  210  216
  222  224  227  225  224  218  213  204  196  185  176  164  155  145  137  129
  123  117  115  111  110  108  108  106  106  104  104  104  104  105  107  110
  113  116  121  125  129  132  136  139  141  143  144  144  143  143  141  140
  138  136  135  131  129  129  131  134  146                                   
    75.0-180.0 180.0   5.0 450.0                            LAT/LON1/LON2/DLON/H
  137  124  126  126  128  132  140  145  154  162  174  184  197  207  217  227
  233  239  241  242  239  235  229  220  212  201  191  178  167  156  146  137
  130  125  122  118  117  115  113  111  109  107  105  103  102  101  102  103
  104  106  110  113  116  118  122  122  124  124  125  123  123  121  121  120
  119  118  119  117  118  117  124  131  137                                   
    72.5-180.0 180.0   5.0 450.0                            LAT/LON1/LON2/DLON/H
  134  130  130  130  134  135  142  145  155  163  176  187  203  214  227  238
  246  253  257  259  258  254  248  239  230  218  207  193  180  168  158  149
  141  136  131  128  125  123  120  118  113  110  106  103   98   97   94   95
   94   97   98  101  102  105  105  105  105  104  103  101  101   99  101  100
  102  102  106  106  110  113  121  133  134                                   
    70.0-180.0 180.0   5.0 450.0                            LAT/LON1/LON2/DLON/H
  140  137  140  140  143  146  152  155  163  171  184  195  211  222  237  248
  257  264  268  271  271  269  264  257  249  236  227  212  199  186  176  166
  157  150  144  139  136  133  129  125  120  115  110  105  100   96   93   91
   91   90   92   92   94   94   93   92   90   87   85   83   83   81   83   83
   87   89   95   98  106  110  123  138  140                                   
    67.5-180.0 180.0   5.0 450.0                            LAT/LON1/LON2/DLON/H
  146  151  153  155  157  158  162  165  172  179  191  202  217  229  243  254
  263  271  276  278  279  278  276  270  264  251  240  226  213  200  189  179
  169  161  153  147  140  136  130  125  118  112  106  100   94   89   86   83
   82   83   84   85   85   84   83   80   77   73   70   68   67   66   69   68
   74   77   85   91  101  111  125  144  146                                   
    65.0-180.0 180.0   5.0 450.0                            LAT/LON1/LON2/DLON/H
  152  157  164  167  168  172  175  178  183  190  200  209  224  236  251  260
  270  276  282  284  285  286  284  281  275  264  254  241  230  217  207  194
  184  173  163  154  144  137  129  123  115  109  103   97   92   85   82   78
   79   78   81   79   81   79   78   73   70   65   62   59   59   58   60   61
   66   70   78   84   96  105  123  146  152                                   
    62.5-180.0 180.0   5.0 450.0                            LAT/LON1/LON2/DLON/H
  151  161  166  173  175  178  181  184  189  196  205  214  228  240  253  263
  273  280  285  287  289  291  291  288  282  272  262  251  241  232  222  211
  197  184  169  157  142  131  120  113  104   99   94   89   84   79   74   71
   70   70   73   73   75   72   72   68   65   60   57   54   54   54   55   56
   59   62   68   76   87   99  119  143  151                                   
    60.0-180.0 180.0   5.0 450.0                            LAT/LON1/LON2/DLON/H
  147  155  165  174  177  183  187  191  197  203  211  221  233  245  257  268
  278  286  290  292  294  296  295  293  287  278  271  263  257  249  243  231
  218  198  182  164  147  131  120  110  102   96   93   88   84   76   74   67
   69   66   70   69   72   69   70   66   64   60   57   56   56   56   58   57
   60   61   67   71   80   90  111  136  147                                   
    57.5-180.0 180.0   5.0 450.0                            LAT/LON1/LON2/DLON/H
  142  153  160  172  178  185  190  196  201  208  217  225  236  246  259  270
  281  288  293  294  296  297  296  295  289  284  279  276  274  272  265  256
  239  218  194  174  151  134  118  108   98   94   90   87   82   76   70   65
   63   62   65   66   69   67   69   67   66   63   62   62   62   63   63   62
   61   61   64   68   76   86  105  127  142                                   
    55.0-180.0 180.0   5.0 450.0                            LAT/LON1/LON2/DLON/H
  144  153  165  178  186  197  205  213  219  226  231  237  244  254  265  276
  287  294  297  298  297  298  298  296  293  290  289  290  294  294  293  280
  263  237  213  186  164  145  129  116  108  103  101   97   93   86   80   72
   70   67   70   70   73   73   74   75   74   74   72   74   74   75   75   74
   72   69   72   74   80   88  108  126  144                                   
    52.5-180.0 180.0   5.0 450.0                            LAT/LON1/LON2/DLON/H
  152  166  175  191  205  216  225  233  239  246  249  253  257  264  272  283
  293  299  300  301  300  301  300  302  299  302  304  312  316  320  316  306
  283  257  226  199  175  156  140  128  118  114  110  108  103   97   89   81
   76   74   76   78   80   82   84   85   85   85   85   86   86   88   87   84
   80   79   80   84   91  101  117  136  152                                   
    50.0-180.0 180.0   5.0 450.0                            LAT/LON1/LON2/DLON/H
  174  187  203  221  237  249  258  266  270  275  276  277  277  279  285  293
  301  304  304  303  303  305  306  309  311  315  320  328  333  335  330  317
  293  263  235  207  186  169  155  143  135  130  128  125  122  114  108   99
   95   91   92   92   94   96   97   99   99   99   97   99   98  102  101   99
   94   95   96  103  112  123  140  160  174                                   
    47.5-180.0 180.0   5.0 450.0                            LAT/LON1/LON2/DLON/H
  199  219  235  257  272  285  292  301  303  309  305  307  301  302  300  306
  309  310  308  308  308  312  315  323  325  333  337  344  346  344  332  316
  286  257  228  205  186  173  162  153  144  141  138  137  132  128  121  115
  109  107  106  107  107  108  109  110  109  109  106  106  106  109  108  107
  103  105  110  124  137  154  166  191  199                                   
    45.0-180.0 180.0   5.0 450.0                            LAT/LON1/LON2/DLON/H
  231  253  272  294  305  319  324  333  335  340  340  337  333  326  324  323
  325  323  321  319  320  324  330  336  341  346  350  352  349  340  323  297
  267  235  213  192  183  174  166  158  152  148  148  146  145  142  138  132
  129  125  124  121  121  119  119  118  118  115  111  111  110  114  114  115
  112  119  126  142  161  181  202  223  231                                   
    42.5-180.0 180.0   5.0 450.0                            LAT/LON1/LON2/DLON/H
  249  277  296  319  330  343  347  357  361  370  369  371  363  358  349  346
  344  341  337  335  337  341  348  355  358  360  359  355  345  330  303  273
  240  212  192  182  176  170  164  157  151  149  148  149  149  148  146  143
  140  138  134  132  128  126  125  124  122  119  114  112  110  113  114  115
  113  121  131  152  175  204  223  249  249                                   
    40.0-180.0 180.0   5.0 450.0                            LAT/LON1/LON2/DLON/H
  267  293  315  338  350  362  367  378  384  395  398  398  393  387  377  372
  367  364  359  358  360  364  371  376  374  375  366  360  342  323  292  261
  231  204  193  184  184  177  173  164  159  155  156  155  157  155  155  153
  151  147  144  136  133  127  128  126  124  120  114  111  109  112  114  117
  116  125  135  156  184  214  238  261  267                                   
    37.5-180.0 180.0   5.0 450.0                            LAT/LON1/LON2/DLON/H
  269  294  313  339  352  362  371  382  394  407  413  419  414  413  401  397
  390  387  384  384  387  389  395  393  391  383  373  357  340  315  288  257
  233  214  208  203  200  193  186  174  166  161  161  160  159  158  157  156
  153  150  143  137  130  125  125  125  124  119  114  110  108  111  112  114
  112  118  126  147  175  210  235  264  269                                   
    35.0-180.0 180.0   5.0 450.0                            LAT/LON1/LON2/DLON/H
  269  287  313  336  352  365  374  387  399  415  424  432  431  430  420  417
  412  411  411  412  415  416  416  414  404  396  382  370  354  338  318  301
  284  275  269  264  255  240  223  206  194  186  183  176  174  167  165  160
  158  152  145  137  130  127  127  130  129  125  118  116  114  115  115  118
  113  117  120  137  163  194  223  256  269                                   
    32.5-180.0 180.0   5.0 450.0                            LAT/LON1/LON2/DLON/H
  259  275  297  326  342  356  367  382  398  413  426  435  439  442  435  434
  432  434  437  440  442  440  435  427  418  408  401  392  387  382  379  377
  377  374  368  356  336  301  270  241  226  214  208  198  189  177  171  163
  157  150  141  136  129  129  130  134  134  132  125  121  119  119  121  119
  115  110  112  119  146  174  209  245  259                                   
    30.0-180.0 180.0   5.0 450.0                            LAT/LON1/LON2/DLON/H
  253  261  287  310  331  352  367  384  398  416  429  443  446  454  450  450
  450  455  460  464  465  460  449  440  429  424  426  433  444  459  474  494
  502  503  492  471  436  392  342  301  276  260  247  233  218  202  189  178
  168  159  148  144  137  143  144  151  147  145  133  130  125  127  124  124
  118  116  115  119  138  166  201  237  253                                   
    27.5-180.0 180.0   5.0 450.0                            LAT/LON1/LON2/DLON/H
  252  259  280  304  326  349  367  389  404  422  430  444  450  459  461  466
  467  474  480  483  481  471  460  450  447  449  464  487  519  554  585  613
  626  620  599  557  511  453  407  356  321  295  277  256  238  219  208  195
  188  182  172  165  161  163  166  167  164  156  146  139  138  141  140  134
  133  126  127  127  144  167  206  241  252                                   
    25.0-180.0 180.0   5.0 450.0                            LAT/LON1/LON2/DLON/H
  258  266  291  315  338  365  389  412  425  443  448  462  463  471  471  480
  485  492  496  498  490  481  468  464  469  485  516  555  604  648  696  732
  749  748  715  656  577  499  437  398  362  333  307  284  267  251  243  228
  216  204  194  190  186  188  188  189  179  172  152  147  131  136  135  145
  145  143  140  146  157  181  217  251  258                                   
    22.5-180.0 180.0   5.0 450.0                            LAT/LON1/LON2/DLON/H
  275  289  314  336  364  393  418  444  460  475  479  487  488  488  484  490
  499  508  513  510  502  492  484  486  503  532  580  629  679  733  766  792
  807  804  776  714  618  517  446  402  373  349  325  308  294  280  265  251
  239  228  221  219  219  218  217  210  202  188  177  163  155  146  143  146
  148  151  160  172  184  213  241  282  275                                   
    20.0-180.0 180.0   5.0 450.0                            LAT/LON1/LON2/DLON/H
  305  312  341  364  394  428  457  485  507  526  525  535  528  529  514  519
  525  535  539  535  524  513  509  520  550  590  643  695  746  775  804  832
  841  826  786  711  605  503  431  393  365  348  327  314  304  298  290  282
  273  265  256  253  249  247  242  231  218  203  190  179  170  164  159  160
  163  164  176  197  216  246  269  303  305                                   
    17.5-180.0 180.0   5.0 450.0                            LAT/LON1/LON2/DLON/H
  322  340  366  397  423  461  493  524  552  568  577  581  571  568  559  560
  565  574  577  571  558  548  550  569  607  652  699  748  776  802  828  839
  825  794  734  643  535  446  381  351  331  323  307  304  306  315  319  316
  305  295  284  277  272  264  257  242  225  208  195  186  177  174  167  167
  168  172  182  202  230  267  289  330  322                                   
    15.0-180.0 180.0   5.0 450.0                            LAT/LON1/LON2/DLON/H
  348  361  396  425  456  488  521  554  584  610  623  635  622  626  607  615
  617  628  629  622  609  599  604  629  669  710  748  773  797  812  811  796
  762  712  633  529  443  370  321  305  294  295  292  302  318  333  342  339
  331  319  306  294  285  273  261  243  222  206  196  189  180  175  166  165
  167  174  187  206  235  270  300  340  348                                   
    12.5-180.0 180.0   5.0 450.0                            LAT/LON1/LON2/DLON/H
  347  372  413  446  475  506  534  569  603  632  660  674  674  674  662  664
  670  677  680  675  665  659  667  696  724  753  778  789  797  790  763  733
  675  596  505  422  349  290  265  261  263  274  283  304  329  348  357  356
  347  332  314  296  281  270  253  238  216  204  190  185  173  168  159  157
  162  173  185  204  226  266  295  343  347                                   
    10.0-180.0 180.0   5.0 450.0                            LAT/LON1/LON2/DLON/H
  353  378  429  463  497  521  551  584  619  654  686  710  718  727  717  727
  728  736  737  732  724  718  726  748  772  791  798  796  782  756  719  664
  581  493  415  347  295  257  242  244  258  278  294  321  352  370  376  367
  354  332  309  287  266  251  235  220  208  193  186  173  169  159  153  155
  156  163  173  194  215  256  286  335  353                                   
     7.5-180.0 180.0   5.0 450.0                            LAT/LON1/LON2/DLON/H
  342  379  433  478  507  534  560  593  626  662  698  726  743  754  756  762
  772  781  787  783  776  771  778  796  812  812  812  784  753  713  663  597
