data/unet/pred0230.15i
     1.0            IONOSPHERE MAPS     GNSS                IONEX VERSION / TYPE
pyspatialgeodesy        IME             05-JAN-18 20:20     PGM / RUN BY / DATE 
Map Name                                                    COMMENT             
Predicted global ionosphere maps (GIM).                     DESCRIPTION         
  2015     1    23     0     0     0                        EPOCH OF FIRST MAP  
  2015     1    24     0     0     0                        EPOCH OF LAST MAP   
  7200                                                      INTERVAL            
    13                                                      # OF MAPS IN FILE   
  NONE                                                      MAPPING FUNCTION    
10.0                                                        ELEVATION CUTOFF    
One-way carrier phase leveled to code                       OBSERVABLES USED    
  6371.0                                                    BASE RADIUS         
 2                                                          MAP DIMENSION       
   450.0 450.0   0.0                                        HGT1 / HGT2 / DHGT  
    87.5 -87.5  -2.5                                        LAT1 / LAT2 / DLAT  
  -180.0 180.0   5.0                                        LON1 / LON2 / DLON  
    -1                                                      EXPONENT            
                                                            END OF HEADER       
[from data line 1287]
     4                                                      START OF TEC MAP    
  2015     1    23     6     0     0                        EPOCH OF CURRENT MAP
    87.5-180.0 180.0   5.0 450.0                            LAT/LON1/LON2/DLON/H
   15   55   50   47   49   45   49   47   51   50   55   53   57   56   59   57
   60   58   61   59   60   60   62   61   62   63   64   64   64   64   65   64
   65   65   65   64   65   64   64   62   63   61   62   59   60   58   59   57
   58   57   57   57   57   57   57   57   57   57   56   55   56   55   55   53
   53   52   53   53   55   51   70   31   15                                   
    85.0-180.0 180.0   5.0 450.0                            LAT/LON1/LON2/DLON/H
   51   51   50   49   53   51   54   53   56   55   59   58   60   59   62   61
   60   61   60   61   58   60   59   61   59   61   60   63   61   64   63   65
   63   65   64   66   63   64   63   64   62   62   61   61   59   59   58   59
   58   59   59   59   60   60   61   61   62   61   62   60   61   58   59   56
   55   53   53   53   53   48   64   55   51                                   
    82.5-180.0 180.0   5.0 450.0                            LAT/LON1/LON2/DLON/H
   46   56   47   49   50   52   53   58   59   62   64   68   68   69   69   69
   67   65   64   61   60   55   58   54   58   53   60   55   63   57   66   61
   68   62   70   65   70   65   71   65   70   64   69   63   68   61   66   60
   66   59   67   61   68   62   69   64   69   65   68   65   67   63   64   61
   62   58   59   55   52   46   60   46   46                                   
    80.0-180.0 180.0   5.0 450.0                            LAT/LON1/LON2/DLON/H
   51   48   48   43   48   44   54   53   62   60   68   67   71   69   72   69
   67   64   60   58   52   53   47   51   45   52   49   56   53   61   60   65
   64   68   68   71   69   73   72   74   71   73   70   72   68   71   68   72
   68   72   71   75   74   78   77   81   79   81   78   80   77   77   74   72
   70   67   66   62   57   47   50   43   51                                   
    77.5-180.0 180.0   5.0 450.0                            LAT/LON1/LON2/DLON/H
   49   52   44   44   45   45   50   54   58   63   66   71   71   74   72   73
   69   68   64   61   57   53   52   48   49   48   51   52   55   57   61   63
   64   68   69   72   70   75   73   77   72   75   72   75   71   74   72   76
   75   81   81   87   87   91   92   95   94   96   94   95   91   90   86   84
   80   77   74   70   64   54   59   46   49                                   
    75.0-180.0 180.0   5.0 450.0                            LAT/LON1/LON2/DLON/H
   54   47   41   39   39   41   45   51   55   62   66   72   72   77   75   77
   71   71   65   62   54   54   47   49   43   48   46   50   49   55   55   60
   59   65   65   68   65   70   67   69   65   67   66   67   67   70   72   76
   80   85   91   96  102  107  111  114  115  115  115  115  114  111  107  103
   96   92   87   84   75   68   67   52   54                                   
    72.5-180.0 180.0   5.0 450.0                            LAT/LON1/LON2/DLON/H
   59   53   43   39   40   36   42   43   52   55   64   67   72   73   75   74
   71   70   67   65   61   59   55   53   50   51   50   51   52   56   57   58
   60   62   62   63   61   63   60   61   55   59   56   60   58   65   67   76
   80   93  102  115  123  131  135  139  140  142  140  140  137  134  131  125
  119  110  105   96   89   78   79   58   59                                   
    70.0-180.0 180.0   5.0 450.0                            LAT/LON1/LON2/DLON/H
   67   60   45   42   38   36   40   42   49   54   61   66   69   72   71   72
   68   68   65   64   61   61   58   57   56   56   57   57   57   58   58   60
   57   62   58   63   56   62   54   56   50   53   51   55   57   65   72   82
   94  107  123  136  146  152  158  160  164  162  163  160  161  156  154  147
  141  129  121  110  100   89   86   69   67                                   
    67.5-180.0 180.0   5.0 450.0                            LAT/LON1/LON2/DLON/H
   76   69   54   46   45   38   42   39   47   48   57   59   64   65   66   66
   65   65   64   65   62   64   61   64   60   64   61   63   60   62   59   59
   57   57   55   54   52   51   48   47   43   45   46   51   56   66   76   92
  105  124  141  155  165  173  177  181  183  184  183  180  180  176  172  164
  155  144  134  122  111  100   99   77   76                                   
    65.0-180.0 180.0   5.0 450.0                            LAT/LON1/LON2/DLON/H
   84   76   57   52   45   40   40   40   43   47   52   57   59   63   62   65
   61   64   62   65   62   67   65   68   67   70   67   69   63   65   56   58
   49   52   45   48   43   43   38   39   37   39   44   51   61   73   89  104
  122  139  157  170  182  187  194  195  198  196  196  192  193  187  184  173
  164  152  141  129  115  104  105   85   84                                   
    62.5-180.0 180.0   5.0 450.0                            LAT/LON1/LON2/DLON/H
   91   85   67   58   53   45   44   39   43   42   47   48   51   53   54   54
   56   56   58   59   60   63   63   67   66   69   67   68   63   62   56   53
   47   43   41   37   37   34   33   33   36   40   50   58   72   87  103  118
  135  154  170  183  192  198  201  202  202  201  200  198  200  195  191  178
  167  153  141  129  117  109  113   92   91                                   
    60.0-180.0 180.0   5.0 450.0                            LAT/LON1/LON2/DLON/H
   95   88   67   62   56   46   45   39   41   41   42   46   46   50   49   51
   50   52   51   56   53   60   58   64   61   64   61   62   58   56   50   46
   43   38   37   33   32   29   28   29   35   44   57   72   90  105  121  134
  151  168  183  196  205  209  211  209  210  207  207  204  207  201  196  182
  169  155  142  130  116  108  114   93   95                                   
    57.5-180.0 180.0   5.0 450.0                            LAT/LON1/LON2/DLON/H
  100   94   74   66   59   55   49   44   43   39   42   41   43   42   45   44
   47   44   48   45   48   50   52   55   56   57   56   56   53   51   47   43
   40   35   35   32   31   29   29   32   41   53   69   91  108  125  137  152
  167  182  196  207  215  219  218  214  214  212  211  209  212  207  202  187
  174  158  143  132  119  114  120   97  100                                   
    55.0-180.0 180.0   5.0 450.0                            LAT/LON1/LON2/DLON/H
  101   92   70   67   59   52   50   43   42   39   39   40   40   43   45   46
   47   48   46   47   44   49   46   52   50   53   52   53   52   52   47   45
   43   40   38   35   33   30   32   36   48   62   85  106  128  142  159  171
  185  200  213  224  232  234  232  226  226  222  221  218  221  215  208  193
  176  161  146  135  120  113  121   98  101                                   
    52.5-180.0 180.0   5.0 450.0                            LAT/LON1/LON2/DLON/H
  105   97   76   69   61   58   52   49   46   40   41   36   40   38   43   42
   48   44   48   41   44   39   44   43   47   47   51   50   52   49   49   45
   46   42   43   39   38   37   40   47   59   78   98  124  143  162  174  187
  201  216  229  239  245  247  242  237  234  230  227  226  229  224  217  201
  184  169  154  142  128  122  128  102  105                                   
    50.0-180.0 180.0   5.0 450.0                            LAT/LON1/LON2/DLON/H
  107   96   72   69   61   55   52   47   46   40   38   39   41   43   47   49
   52   52   51   50   47   48   46   49   50   54   54   57   57   58   53   55
   53   52   50   47   47   45   50   56   72   90  115  139  164  180  197  208
  223  236  246  256  261  262  257  250  248  241  237  234  237  231  224  209
  190  175  161  151  139  128  133  106  107                                   
    47.5-180.0 180.0   5.0 450.0                            LAT/LON1/LON2/DLON/H
  115  108   83   75   67   63   57   53   52   45   44   37   43   41   48   48
   54   52   56   52   54   50   52   51   55   57   62   63   64   62   59   58
   58   58   57   58   59   61   65   73   86  110  129  156  177  198  213  227
  240  252  261  268  271  270  265  258  253  245  240  237  238  232  225  210
  194  181  170  162  152  142  144  114  115                                   
    45.0-180.0 180.0   5.0 450.0                            LAT/LON1/LON2/DLON/H
  120  108   81   78   71   63   59   54   53   48   46   47   50   51   55   57
   61   63   64   64   64   65   64   67   68   72   74   76   74   73   67   66
   64   63   65   65   70   72   79   86  103  123  145  169  195  215  233  246
  257  266  274  280  280  278  272  263  256  247  239  234  233  226  218  205
  190  181  171  167  157  146  152  123  120                                   
    42.5-180.0 180.0   5.0 450.0                            LAT/LON1/LON2/DLON/H
  129  120   94   86   81   75   68   63   62   56   58   54   57   55   59   60
   66   66   72   72   77   77   83   83   86   87   88   89   85   81   75   71
   68   69   71   76   82   87   95  107  121  142  158  185  206  229  247  260
  269  276  281  282  281  276  271  263  255  244  235  228  225  215  206  193
  183  177  172  169  162  154  156  129  129                                   
    40.0-180.0 180.0   5.0 450.0                            LAT/LON1/LON2/DLON/H
  133  121   93   89   83   75   72   67   68   63   65   65   69   67   72   71
   77   78   85   88   96  100  103  106  105  106  102  101   96   91   82   76
   73   73   77   79   89   95  105  119  136  155  173  196  218  242  260  273
  280  286  289  289  287  283  278  269  261  248  235  228  223  211  202  188
  178  175  170  169  162  152  159  133  133                                   
    37.5-180.0 180.0   5.0 450.0                            LAT/LON1/LON2/DLON/H
  141  128  102   94   90   86   79   76   75   73   76   76   79   78   81   80
   86   89   98  103  112  116  121  120  120  118  115  110  105   96   88   80
   76   75   80   85   95  104  116  134  147  168  182  205  227  252  271  282
  289  292  296  293  293  287  285  277  271  257  246  237  230  216  205  190
  179  174  171  166  162  153  156  131  141                                   
    35.0-180.0 180.0   5.0 450.0                            LAT/LON1/LON2/DLON/H
  139  125  100   95   89   83   81   77   81   80   86   88   95   93   98   94
  101  103  113  118  127  130  133  132  127  125  119  115  107  100   90   82
   78   76   82   83   94  104  120  139  157  178  193  214  234  258  279  289
  300  304  311  310  310  308  307  301  295  281  265  255  247  235  224  210
  193  184  176  170  160  149  156  129  139                                   
    32.5-180.0 180.0   5.0 450.0                            LAT/LON1/LON2/DLON/H
  145  126  104   94   92   88   84   83   83   87   92   97  102  103  105  106
  110  114  120  127  133  136  137  133  128  122  119  112  107   98   91   81
   80   77   84   85   94  104  118  143  160  183  197  219  241  267  289  301
  314  320  330  331  335  332  337  332  334  318  307  295  286  274  260  245
  225  211  195  183  171  159  160  130  145                                   
    30.0-180.0 180.0   5.0 450.0                            LAT/LON1/LON2/DLON/H
  147  127  101   97   92   86   83   80   83   86   95  101  110  111  115  115
  121  123  131  135  141  140  138  132  124  119  114  111  104  100   89   83
   80   79   82   81   88   98  114  139  163  186  200  221  245  273  299  318
  334  346  360  367  372  376  383  385  389  381  369  356  347  329  313  291
  266  244  221  204  187  172  165  134  147                                   
    27.5-180.0 180.0   5.0 450.0                            LAT/LON1/LON2/DLON/H
  165  135  114  101   99   92   88   86   85   91   95  105  109  115  115  118
  122  127  131  135  136  135  130  123  117  110  108  102  104   94   94   83
   89   83   86   82   84   93  105  133  162  189  206  225  252  283  310  332
  352  370  388  400  410  417  431  436  446  438  433  422  415  400  382  358
  325  295  265  240  220  201  189  160  165                                   
    25.0-180.0 180.0   5.0 450.0                            LAT/LON1/LON2/DLON/H
  189  153  125  114  108  100   94   90   89   89   95  101  108  113  116  119
  124  128  132  133  133  127  122  115  109  104  102  101   99   98   94   91
   92   89   87   81   79   87  101  127  160  194  214  237  260  291  321  348
  373  395  419  436  452  468  484  496  504  498  489  482  480  468  453  427
  398  366  328  298  267  239  220  194  189                                   
    22.5-180.0 180.0   5.0 450.0                            LAT/LON1/LON2/DLON/H
  227  182  162  135  129  114  112  104  103  100  103  103  107  110  111  114
  117  121  124  124  122  117  111  105  103   98  102   99  107  101  105   87
   88   81   81   81   77   82   98  124  164  200  225  251  276  303  337  364
  396  417  444  463  485  507  525  541  547  545  540  537  539  533  519  499
  468  437  405  372  338  291  264  240  227                                   
    20.0-180.0 180.0   5.0 450.0                            LAT/LON1/LON2/DLON/H
  267  221  200  178  165  144  137  127  123  118  115  111  112  111  111  112
  115  115  118  115  114  108  104   99  100  101  104  106  112  101   99   83
   84   72   75   71   75   79   98  126  168  211  239  267  290  317  351  384
  416  441  466  491  512  541  562  581  589  586  583  577  583  576  567  547
  525  500  471  449  417  368  324  299  267                                   
    17.5-180.0 180.0   5.0 450.0                            LAT/LON1/LON2/DLON/H
  325  268  249  219  205  181  176  159  156  142  139  129  126  121  116  116
  113  114  111  110  108  102  102  100  108  112  121  113  108   94   91   81
   76   66   63   65   73   80  102  131  179  221  255  282  310  336  371  402
  434  454  482  504  530  556  578  595  603  601  596  593  598  592  587  573
  561  541  524  505  483  442  386  361  325                                   
    15.0-180.0 180.0   5.0 450.0                            LAT/LON1/LON2/DLON/H
  375  324  292  270  252  234  227  215  207  189  175  162  150  142  131  127
  120  117  114  108  108  102  106  108  119  128  125  111  103   91   92   80
   78   62   65   66   71   81  105  141  187  231  264  295  324  354  389  418
  445  465  487  511  534  562  577  592  600  594  590  579  587  579  578  569
  563  552  542  537  525  495  448  422  375                                   
    12.5-180.0 180.0   5.0 450.0                            LAT/LON1/LON2/DLON/H
  417  380  342  316  294  280  273  260  250  235  221  199  186  171  158  146
  136  128  118  116  112  113  122  130  137  136  129  116  103   92   90   83
   77   66   68   71   73   84  112  150  198  239  273  304  337  366  403  427
  453  464  485  502  525  543  553  561  568  566  562  556  560  559  556  552
  553  547  544  543  541  526  497  474  417                                   
    10.0-180.0 180.0   5.0 450.0                            LAT/LON1/LON2/DLON/H
  450  419  389  364  336  325  319  317  307  287  263  241  228  209  194  178
  162  150  135  129  129  126  132  136  142  141  132  119  107   95   96   88
   84   77   78   73   78   93  119  160  200  239  271  305  341  375  407  431
  453  463  477  494  513  530  538  547  554  551  548  539  539  534  531  529
  531  530  529  535  538  531  518  501  450                                   
     7.5-180.0 180.0   5.0 450.0                            LAT/LON1/LON2/DLON/H
  470  450  427  398  374  361  353  350  346  332  309  285  260  244  227  211
  197  183  164  149  142  137  144  146  153  151  141  128  116  107  106   97
