data/unet/pred0660.15i
     1.0            IONOSPHERE MAPS     GNSS                IONEX VERSION / TYPE
pyspatialgeodesy        IME             05-JAN-18 20:20     PGM / RUN BY / DATE 
Map Name                                                    COMMENT             
Predicted global ionosphere maps (GIM).                     DESCRIPTION         
  2015     3     7     0     0     0                        EPOCH OF FIRST MAP  
  2015     3     8     0     0     0                        EPOCH OF LAST MAP   
  7200                                                      INTERVAL            
    13                                                      # OF MAPS IN FILE   
  NONE                                                      MAPPING FUNCTION    
10.0                                                        ELEVATION CUTOFF    
One-way carrier phase leveled to code                       OBSERVABLES USED    
  6371.0                                                    BASE RADIUS         
 2                                                          MAP DIMENSION       
   450.0 450.0   0.0                                        HGT1 / HGT2 / DHGT  
    87.5 -87.5  -2.5                                        LAT1 / LAT2 / DLAT  
  -180.0 180.0   5.0                                        LON1 / LON2 / DLON  
    -1                                                      EXPONENT            
                                                            END OF HEADER       
[from data line 1287]
     4                                                      START OF TEC MAP    
  2015     3     7     6     0     0                        EPOCH OF CURRENT MAP
    87.5-180.0 180.0   5.0 450.0                            LAT/LON1/LON2/DLON/H
   89  126  125  122  125  122  128  128  136  137  145  146  154  155  162  162
  167  166  171  169  171  168  170  167  168  165  167  164  165  164  165  164
  164  163  163  163  162  163  163  165  164  166  165  166  165  166  165  165
  164  163  162  160  160  159  159  158  159  157  158  154  155  149  150  144
  146  139  141  137  140  132  142  101   89                                   
    85.0-180.0 180.0   5.0 450.0                            LAT/LON1/LON2/DLON/H
  116  135  125  132  128  130  130  136  137  144  144  151  151  158  158  164
  163  167  166  168  165  166  163  163  159  157  157  154  153  151  151  149
  149  147  149  148  150  150  152  153  155  157  158  161  159  162  161  164
  163  165  164  165  164  165  164  165  164  164  163  161  161  158  156  154
  152  149  146  144  142  134  143  126  116                                   
    82.5-180.0 180.0   5.0 450.0                            LAT/LON1/LON2/DLON/H
  109  120  116  118  117  122  123  131  134  140  142  148  151  158  160  165
  165  168  168  168  165  164  160  157  153  149  147  145  143  141  141  141
  141  142  145  147  150  153  157  159  163  165  169  170  173  172  176  175
  179  176  180  178  180  176  179  175  178  174  173  169  168  163  160  155
  151  146  143  139  135  130  133  114  109                                   
    80.0-180.0 180.0   5.0 450.0                            LAT/LON1/LON2/DLON/H
  112  114  104  102  102  103  110  113  121  125  132  136  142  146  153  155
  159  160  160  158  154  152  146  142  136  133  129  126  124  123  123  123
  125  126  132  133  141  144  153  154  162  164  171  172  177  179  185  188
  193  195  201  202  206  206  208  207  207  205  202  198  194  189  183  178
  171  165  156  148  139  128  129  114  112                                   
    77.5-180.0 180.0   5.0 450.0                            LAT/LON1/LON2/DLON/H
  115  113   98   95   93   95   98  103  110  116  123  129  134  140  143  147
  148  148  147  143  139  134  129  123  117  112  110  107  105  106  106  110
  111  117  119  129  132  146  149  161  163  173  175  183  183  192  196  205
  209  216  222  229  233  237  239  241  241  240  238  234  231  222  216  206
  199  190  182  173  162  147  141  123  115                                   
    75.0-180.0 180.0   5.0 450.0                            LAT/LON1/LON2/DLON/H
  133  116  101   93   87   85   89   92   99  105  111  116  121  126  130  132
  132  133  128  127  117  117  106  106   94   95   86   90   85   90   90   96
   99  105  110  116  124  131  141  148  157  163  171  177  184  193  203  214
  223  233  243  252  259  263  270  272  275  273  270  264  258  250  242  233
  224  215  206  195  182  171  160  141  133                                   
    72.5-180.0 180.0   5.0 450.0                            LAT/LON1/LON2/DLON/H
  148  133  112  101   93   88   87   89   93   96  102  103  107  108  111  111
  111  108  108  103  100   93   90   82   80   74   76   73   76   78   83   89
   93  101  105  114  118  129  135  147  151  162  167  179  185  199  211  229
  240  255  266  277  285  292  299  303  306  304  300  291  285  275  265  255
  248  239  233  221  212  196  181  163  148                                   
    70.0-180.0 180.0   5.0 450.0                            LAT/LON1/LON2/DLON/H
  169  148  126  112   96   88   85   86   88   92   94   98   98  102  101  103
  100  101   96   95   88   87   79   80   72   76   70   77   74   81   81   89
   91   99  103  110  115  123  131  140  148  155  163  173  187  201  219  237
  253  267  284  295  306  314  321  327  329  326  321  312  304  291  281  269
  262  251  247  237  230  220  205  183  169                                   
    67.5-180.0 180.0   5.0 450.0                            LAT/LON1/LON2/DLON/H
  179  167  140  123  108   97   91   90   92   92   95   91   94   89   91   87
   87   83   82   80   79   77   77   75   77   75   80   78   83   83   87   89
   92   95   97  103  108  114  122  131  139  149  158  171  185  205  224  247
  263  280  297  311  322  329  335  339  341  336  329  319  312  298  287  276
  267  259  255  247  241  231  218  199  179                                   
    65.0-180.0 180.0   5.0 450.0                            LAT/LON1/LON2/DLON/H
  191  174  147  130  110   95   89   88   90   92   94   93   92   92   89   88
   84   85   81   83   82   84   83   85   84   89   88   93   92   94   91   92
   89   90   90   94   97  106  113  126  133  146  156  171  190  210  236  256
  277  291  311  323  333  340  343  347  346  340  331  320  312  300  291  277
  270  259  256  246  243  237  229  212  191                                   
    62.5-180.0 180.0   5.0 450.0                            LAT/LON1/LON2/DLON/H
  194  181  151  131  116  102   95   93   95   96   98   94   96   88   89   83
   83   80   81   81   83   85   89   92   96   97  101  101  102   98   94   87
   83   79   79   81   88   96  109  121  135  146  161  174  195  217  244  266
  286  304  323  335  345  349  352  350  350  341  333  320  313  303  295  283
  272  262  256  247  242  235  228  215  194                                   
    60.0-180.0 180.0   5.0 450.0                            LAT/LON1/LON2/DLON/H
  196  177  148  127  109   93   88   85   86   89   92   93   92   92   89   90
   88   90   89   92   92   95   95   97   98  101  100  102   99   97   87   82
   73   70   67   71   77   90  101  119  131  148  161  178  200  226  255  275
  300  318  337  349  358  361  359  358  353  348  336  327  316  310  300  290
  275  264  256  245  241  234  229  219  196                                   
    57.5-180.0 180.0   5.0 450.0                            LAT/LON1/LON2/DLON/H
  203  184  151  128  110   97   86   83   82   86   87   88   88   88   88   88
   91   90   94   93   95   94   95   95   98   99  101   99   96   90   82   71
   64   57   58   63   74   88  107  123  141  154  171  186  211  238  265  286
  310  329  348  359  368  368  368  363  362  354  348  339  333  326  318  305
  291  277  267  255  247  241  231  223  203                                   
    55.0-180.0 180.0   5.0 450.0                            LAT/LON1/LON2/DLON/H
  210  192  162  139  114   96   85   78   76   78   79   82   84   88   89   95
   96  100  100  102   99   99   96   94   92   93   91   91   85   82   71   66
   58   57   58   64   73   89  107  126  143  159  177  194  224  251  280  301
  325  344  362  375  382  384  380  378  373  372  364  361  355  351  342  331
  315  299  286  271  263  252  242  235  210                                   
    52.5-180.0 180.0   5.0 450.0                            LAT/LON1/LON2/DLON/H
  231  212  186  162  133  114   96   86   78   76   74   76   76   82   85   90
   94   94   99   94   97   91   90   84   83   81   81   80   76   72   65   59
   54   52   57   65   78   94  117  137  155  170  189  209  240  267  293  314
  338  356  377  386  397  396  396  390  392  386  386  382  382  378  372  362
  348  331  314  300  287  275  261  253  231                                   
    50.0-180.0 180.0   5.0 450.0                            LAT/LON1/LON2/DLON/H
  254  230  213  189  165  137  118  101   89   80   73   73   72   79   83   90
   93   99   97   98   94   92   87   82   79   75   74   75   72   72   66   64
   59   60   66   74   88  104  126  142  161  175  198  221  257  280  308  327
  352  370  386  399  406  410  407  405  402  402  399  398  397  394  387  377
  364  348  333  320  311  296  280  276  254                                   
    47.5-180.0 180.0   5.0 450.0                            LAT/LON1/LON2/DLON/H
  278  258  247  225  201  176  149  127  109   92   82   75   74   77   81   85
   88   88   93   88   93   86   86   77   76   71   71   70   70   68   66   62
   64   63   74   82  100  117  138  155  172  188  209  238  271  295  320  339
  363  379  397  406  415  413  415  408  411  405  406  401  402  398  391  384
  372  358  347  334  326  315  300  295  278                                   
    45.0-180.0 180.0   5.0 450.0                            LAT/LON1/LON2/DLON/H
  293  271  264  248  229  204  181  155  132  111   94   85   78   81   80   85
   84   88   88   90   92   93   93   88   87   80   80   77   78   76   74   72
   72   76   86   96  113  126  147  159  180  193  221  251  287  310  335  354
  373  389  403  416  421  424  422  421  415  411  404  400  395  391  383  375
  362  354  344  336  329  319  309  309  293                                   
    42.5-180.0 180.0   5.0 450.0                            LAT/LON1/LON2/DLON/H
  297  277  277  263  245  221  199  174  152  129  111   96   91   86   88   87
   88   85   90   89   98   98  103  100   98   93   90   88   86   82   80   77
   81   84   96  106  122  139  156  174  192  210  240  273  305  331  355  370
  389  399  414  420  427  426  428  424  421  411  403  393  385  377  365  357
  348  340  335  329  325  316  307  307  297                                   
    40.0-180.0 180.0   5.0 450.0                            LAT/LON1/LON2/DLON/H
  283  262  253  243  235  217  203  183  166  145  128  111  102   97   94   93
   90   91   93   99  107  114  120  120  120  115  114  108  104   99   94   91
   93   96  105  113  129  143  163  180  203  224  259  291  323  348  371  386
  401  412  424  434  438  444  441  440  431  423  406  396  383  371  354  343
  334  327  323  318  317  306  299  299  283                                   
    37.5-180.0 180.0   5.0 450.0                            LAT/LON1/LON2/DLON/H
  261  236  225  211  202  194  184  174  164  150  139  124  118  110  108  102
  103   98  107  109  121  127  134  137  136  135  130  125  115  108  102   97
  101   99  107  114  128  146  167  192  214  243  277  310  341  365  389  401
  419  426  440  446  456  459  462  459  453  443  425  416  400  388  368  353
  343  334  330  320  316  302  290  281  261                                   
    35.0-180.0 180.0   5.0 450.0                            LAT/LON1/LON2/DLON/H
  238  207  182  171  162  157  156  154  154  148  143  132  128  122  119  115
  114  115  120  128  136  145  150  154  156  155  149  143  131  122  114  109
  107  102  104  108  123  143  170  198  226  255  292  324  353  376  402  417
  434  444  462  475  487  498  503  500  498  478  461  448  434  426  411  400
  381  373  361  351  340  313  294  284  238                                   
    32.5-180.0 180.0   5.0 450.0                            LAT/LON1/LON2/DLON/H
  246  193  169  140  125  117  118  119  124  129  133  131  133  129  128  123
  127  127  138  143  151  155  159  165  167  168  161  155  143  131  127  115
  112  101   99  103  115  138  170  203  234  263  299  333  365  385  413  428
  453  466  487  501  526  537  557  554  560  535  520  505  495  490  481  473
  459  443  430  410  394  360  316  302  246                                   
    30.0-180.0 180.0   5.0 450.0                            LAT/LON1/LON2/DLON/H
  283  214  168  138  103   83   85   90  103  114  121  125  130  131  132  132
  136  142  150  159  162  165  166  172  173  178  170  165  156  144  127  110
   99   94   96  100  109  130  163  200  237  265  298  331  363  385  411  434
  464  490  518  547  583  614  635  639  644  640  620  615  599  603  588  589
  570  556  532  510  480  443  386  364  283                                   
    27.5-180.0 180.0   5.0 450.0                            LAT/LON1/LON2/DLON/H
  367  273  220  160  121   93   80   74   87   97  110  118  127  131  136  136
  145  149  160  164  165  164  167  176  183  189  185  181  169  143  126  109
   96   91   87   97  112  131  163  200  240  270  302  330  358  382  407  438
  478  518  561  606  658  684  710  721  732  728  713  714  702  713  715  715
  707  690  659  624  586  550  489  447  367                                   
    25.0-180.0 180.0   5.0 450.0                            LAT/LON1/LON2/DLON/H
  485  395  314  248  190  156  122  103   97   96  105  117  124  130  133  137
  145  155  165  170  169  168  171  183  190  202  202  198  173  157  139  131
  110  102   93  102  120  143  171  209  244  276  305  335  361  383  410  448
  497  551  611  672  721  756  789  806  824  822  818  827  825  834  840  843
  833  808  776  738  706  663  619  573  485                                   
    22.5-180.0 180.0   5.0 450.0                            LAT/LON1/LON2/DLON/H
  621  540  470  388  302  232  192  161  142  133  124  123  134  139  143  144
  151  158  163  166  162  164  174  192  210  224  223  207  186  173  156  138
  118  107  100   98  110  141  175  208  248  278  301  333  361  390  416  461
  516  586  657  716  766  803  843  867  889  903  906  922  923  938  941  943
  934  911  884  838  804  772  735  697  621                                   
    20.0-180.0 180.0   5.0 450.0                            LAT/LON1/LON2/DLON/H
  729  682  612  547  463  380  297  247  212  195  175  163  158  157  156  156
  157  163  164  168  165  170  180  202  224  240  229  218  204  189  162  150
  129  120  115  111  117  146  179  211  242  274  297  337  369  402  435  477
  545  615  691  739  792  834  871  899  919  937  947  966  972  988  995 1000
  991  973  945  910  878  852  814  801  729                                   
    17.5-180.0 180.0   5.0 450.0                            LAT/LON1/LON2/DLON/H
  813  804  756  708  636  554  463  386  315  264  231  216  200  193  184  178
  174  176  173  174  172  176  197  222  247  248  239  225  196  174  155  144
  128  119  112  103  107  136  173  206  242  275  305  344  382  424  456  515
  575  641  707  757  802  841  870  895  910  924  932  945  952  971  978  993
  985  981  960  940  918  905  873  863  813                                   
    15.0-180.0 180.0   5.0 450.0                            LAT/LON1/LON2/DLON/H
  847  861  820  791  739  687  601  521  435  381  310  265  240  230  215  216
  201  203  195  200  193  202  222  244  262  264  241  220  190  176  157  149
  134  126  109  102  110  139  173  204  242  281  320  361  403  440  485  536
  593  649  705  749  788  817  840  852  863  869  878  887  895  909  921  934
  938  938  930  923  915  911  885  879  847                                   
    12.5-180.0 180.0   5.0 450.0                            LAT/LON1/LON2/DLON/H
  845  859  838  816  777  737  673  598  535  475  414  359  309  282  256  248
  234  226  217  216  216  220  237  256  265  251  228  201  178  167  157  150
  141  125  108  104  109  138  168  200  240  282  330  371  412  460  501  554
  597  649  695  737  758  786  795  807  806  815  823  828  834  843  851  866
  874  889  886  892  890  891  869  869  845                                   
    10.0-180.0 180.0   5.0 450.0                            LAT/LON1/LON2/DLON/H
  805  830  810  802  771  752  697  651  590  540  482  440  385  350  308  298
  268  265  246  254  249  256  265  268  272  255  228  203  177  168  152  143
  129  113  101   97  115  141  168  196  235  279  327  375  423  465  517  557
  604  640  681  711  729  741  752  751  755  754  772  774  783  786  797  807
  824  835  850  851  856  855  839  834  805                                   
     7.5-180.0 180.0   5.0 450.0                            LAT/LON1/LON2/DLON/H
  759  763  756  744  736  706  678  642  609  567  526  484  452  413  379  358
  321  306  282  275  266  257  260  257  261  246  225  205  186  174  158  145
