data/unet/pred0580.15i
     1.0            IONOSPHERE MAPS     GNSS                IONEX VERSION / TYPE
pyspatialgeodesy        IME             05-JAN-18 20:20     PGM / RUN BY / DATE 
Map Name                                                    COMMENT             
Predicted global ionosphere maps (GIM).                     DESCRIPTION         
  2015     2    27     0     0     0                        EPOCH OF FIRST MAP  
  2015     2    28     0     0     0                        EPOCH OF LAST MAP   
  7200                                                      INTERVAL            
    13                                                      # OF MAPS IN FILE   
  NONE                                                      MAPPING FUNCTION    
10.0                                                        ELEVATION CUTOFF    
One-way carrier phase leveled to code                       OBSERVABLES USED    
  6371.0                                                    BASE RADIUS         
 2                                                          MAP DIMENSION       
   450.0 450.0   0.0                                        HGT1 / HGT2 / DHGT  
    87.5 -87.5  -2.5                                        LAT1 / LAT2 / DLAT  
  -180.0 180.0   5.0                                        LON1 / LON2 / DLON  
    -1                                                      EXPONENT            
                                                            END OF HEADER       
[from data line 2145]
     6                                                      START OF TEC MAP    
  2015     2    27    10     0     0                        EPOCH OF CURRENT MAP
    87.5-180.0 180.0   5.0 450.0                            LAT/LON1/LON2/DLON/H
   81  105  102  102  106  105  109  108  112  112  115  115  117  116  117  116
  116  114  113  111  110  108  108  106  106  104  105  104  105  104  105  104
  104  104  104  103  103  103  104  104  104  103  103  101  101   98   98   96
   96   95   94   93   92   91   90   89   88   88   87   88   88   88   89   89
   91   90   92   92   93   93   98   86   81                                   
    85.0-180.0 180.0   5.0 450.0                            LAT/LON1/LON2/DLON/H
  101   98  106  112  113  115  118  121  124  126  128  130  131  132  133  133
  134  133  133  132  132  132  130  131  130  132  131  133  133  136  135  137
  135  138  136  136  133  133  129  128  122  120  114  112  104  104   97   97
   91   91   87   87   83   83   80   80   77   77   76   76   76   78   79   81
   83   85   89   89   92   95  101   90  101                                   
    82.5-180.0 180.0   5.0 450.0                            LAT/LON1/LON2/DLON/H
   87   97   98  104  105  106  111  115  119  122  124  126  127  128  127  128
  127  128  125  126  124  125  123  125  123  126  126  129  130  133  134  136
  137  139  140  141  141  141  139  136  133  128  124  117  113  106  103   96
   94   87   86   81   79   76   72   71   66   66   62   63   61   63   63   67
   67   72   73   77   79   86   91   83   87                                   
    80.0-180.0 180.0   5.0 450.0                            LAT/LON1/LON2/DLON/H
   87   92   93   95   96  100  101  106  107  111  111  113  113  114  113  112
  111  109  107  106  103  104  101  103  102  106  108  112  116  121  125  129
  133  136  140  142  145  145  148  146  144  141  136  130  125  120  117  111
  107  102   99   93   90   84   80   75   72   67   66   62   62   60   62   62
   64   66   69   72   74   77   83   81   87                                   
    77.5-180.0 180.0   5.0 450.0                            LAT/LON1/LON2/DLON/H
   81   87   91   92   92   94   96   97  100  101  101  102  101  101  100   98
   95   93   91   89   86   85   83   83   83   86   89   94   99  106  112  120
  126  133  140  145  150  153  157  157  157  156  154  150  147  145  141  139
  135  133  128  124  118  113  106  100   93   87   81   77   74   72   72   71
   73   72   75   75   77   78   81   75   81                                   
    75.0-180.0 180.0   5.0 450.0                            LAT/LON1/LON2/DLON/H
   80   80   82   85   85   89   89   91   90   91   89   89   86   85   83   82
   78   77   74   73   70   69   68   67   68   71   75   80   85   94  102  112
  121  131  140  148  153  160  164  168  169  171  171  171  169  169  167  167
  164  162  158  153  145  140  132  127  117  112  103   99   91   88   83   81
   80   79   78   80   79   80   82   79   80                                   
    72.5-180.0 180.0   5.0 450.0                            LAT/LON1/LON2/DLON/H
   77   78   77   82   80   82   84   85   84   84   81   80   77   76   74   72
   69   68   67   66   65   63   63   61   63   63   69   71   79   84   96  106
  118  128  139  148  156  163  170  174  179  182  186  189  192  197  200  202
  203  203  200  194  185  176  167  158  148  138  128  119  111  105   98   94
   90   87   85   83   82   81   83   78   77                                   
    70.0-180.0 180.0   5.0 450.0                            LAT/LON1/LON2/DLON/H
   78   73   74   77   78   81   82   84   83   81   78   75   72   69   67   65
   63   64   62   64   62   64   62   63   62   64   65   70   75   83   92  105
  117  132  140  153  160  171  177  184  189  195  201  207  215  220  226  229
  232  233  231  225  218  207  198  185  174  160  149  138  127  118  109  103
   96   93   88   87   83   82   83   76   78                                   
    67.5-180.0 180.0   5.0 450.0                            LAT/LON1/LON2/DLON/H
   73   74   71   75   73   76   79   80   80   79   76   74   70   69   66   65
   65   66   67   68   69   70   71   70   70   69   69   71   76   82   92  106
  119  133  144  155  165  174  182  188  194  201  208  216  225  233  241  244
  247  246  246  241  234  225  216  203  191  175  161  146  134  122  110  102
   95   89   85   82   79   77   79   69   73                                   
    65.0-180.0 180.0   5.0 450.0                            LAT/LON1/LON2/DLON/H
   67   67   68   70   70   75   78   81   81   81   78   75   73   69   69   66
   67   68   69   74   74   78   76   79   73   75   71   75   76   85   92  110
  122  140  149  165  171  184  190  197  203  211  220  228  238  245  250  255
  256  256  253  247  241  231  223  210  198  181  166  150  136  122  108   99
   89   83   77   76   73   73   75   63   67                                   
    62.5-180.0 180.0   5.0 450.0                            LAT/LON1/LON2/DLON/H
   60   67   63   66   64   70   73   77   77   77   75   75   71   70   68   69
   70   71   74   76   79   80   81   80   77   76   73   73   75   81   92  107
  124  141  154  167  178  188  195  202  210  217  226  235  244  252  256  259
  259  257  254  247  240  231  221  211  198  184  166  151  136  121  106   94
   82   73   67   64   61   61   66   56   60                                   
    60.0-180.0 180.0   5.0 450.0                            LAT/LON1/LON2/DLON/H
   57   59   61   59   59   64   68   71   73   73   72   72   70   68   69   68
   70   70   73   76   76   79   76   79   72   74   68   70   69   78   87  106
  123  147  160  180  187  201  207  215  222  229  236  244  251  257  259  261
  259  257  251  244  237  228  221  210  201  187  173  158  145  130  113   98
   81   71   60   59   54   58   63   52   57                                   
    57.5-180.0 180.0   5.0 450.0                            LAT/LON1/LON2/DLON/H
   58   66   60   58   53   57   58   62   61   63   62   65   63   65   64   66
   67   67   68   68   69   68   68   67   65   62   60   60   63   69   83  100
  123  145  164  182  195  208  217  225  232  238  245  252  258  263  266  265
  262  257  251  242  234  226  220  211  205  194  183  172  162  147  128  110
   90   75   64   57   55   59   63   56   58                                   
    55.0-180.0 180.0   5.0 450.0                            LAT/LON1/LON2/DLON/H
   66   65   64   56   50   51   50   53   52   54   54   58   56   59   57   60
   60   60   60   60   58   57   55   57   52   54   51   55   57   70   80  102
  123  152  169  194  205  221  228  239  243  253  257  266  268  275  272  274
  266  265  256  250  240  235  230  224  221  214  207  200  189  176  155  134
  108   91   74   71   66   71   74   65   66                                   
    52.5-180.0 180.0   5.0 450.0                            LAT/LON1/LON2/DLON/H
   81   83   75   66   52   49   44   47   45   48   47   52   51   55   53   56
   54   56   53   52   49   48   46   47   47   50   50   55   60   71   85  105
  129  153  175  196  214  227  238  247  254  262  269  277  281  285  285  284
  280  276  270  261  256  248  248  242  242  236  231  224  218  204  183  161
  135  114   99   91   87   88   90   85   81                                   
    50.0-180.0 180.0   5.0 450.0                            LAT/LON1/LON2/DLON/H
  100   91   89   74   60   54   46   46   43   46   44   50   48   52   49   52
   51   51   50   49   46   43   41   43   43   50   53   61   67   80   92  116
  136  163  182  207  223  237  247  259  266  279  284  295  295  301  298  300
  294  293  287  281  275  269  267  262  262  259  251  248  240  231  207  184
  156  135  116  112  106  108  106  102  100                                   
    47.5-180.0 180.0   5.0 450.0                            LAT/LON1/LON2/DLON/H
  115  109  101   90   75   65   55   51   48   49   47   50   50   52   51   53
   53   54   53   51   47   45   42   45   46   54   60   70   78   91  107  127
  149  170  189  212  229  243  254  266  277  291  301  308  313  313  315  313
  314  309  308  298  295  286  286  278  275  267  261  254  248  236  217  193
  166  145  130  121  119  119  119  113  115                                   
    45.0-180.0 180.0   5.0 450.0                            LAT/LON1/LON2/DLON/H
  123  115  109  100   89   81   71   67   61   61   57   60   57   58   56   58
   59   59   62   60   59   54   51   52   55   64   73   84   93  107  121  144
  160  182  199  221  237  251  263  279  290  309  317  326  327  330  329  331
  329  329  324  318  312  302  296  284  274  264  253  248  237  229  207  185
  160  144  128  125  120  123  122  116  123                                   
    42.5-180.0 180.0   5.0 450.0                            LAT/LON1/LON2/DLON/H
  121  116  114  109  100   95   88   82   77   74   71   70   67   65   65   66
   69   70   72   71   68   65   60   60   63   71   81   93  105  118  134  152
  167  186  205  227  244  260  274  291  305  324  334  341  347  345  348  345
  348  343  342  332  324  309  297  279  265  249  236  223  215  202  183  165
  144  129  121  114  113  110  111  107  121                                   
    40.0-180.0 180.0   5.0 450.0                            LAT/LON1/LON2/DLON/H
  109  108  108  111  104  104  100   98   93   90   85   82   80   76   77   77
   82   83   87   85   84   77   71   68   71   79   90  103  114  130  142  161
  175  194  215  238  256  274  289  309  323  342  352  361  365  365  364  363
  361  360  353  347  335  322  304  282  264  243  224  208  192  179  157  142
  121  115  105  103   97   95   96   87  109                                   
    37.5-180.0 180.0   5.0 450.0                            LAT/LON1/LON2/DLON/H
   93   98   99  103  102  105  102  103  101   99   95   92   89   88   87   89
   92   94   96   94   90   83   75   71   73   80   92  104  116  132  144  162
  175  198  220  248  266  287  304  323  342  361  375  384  390  387  385  379
  378  372  367  357  349  331  314  291  274  252  233  208  193  173  152  131
  115  107   99   92   86   80   82   69   93                                   
    35.0-180.0 180.0   5.0 450.0                            LAT/LON1/LON2/DLON/H
   76   82   84   86   88   95   97   99  101  100  101   98   99   97  100  101
  106  106  109  104   99   89   79   73   75   79   93  105  120  136  152  167
  186  207  231  260  280  304  324  350  368  390  402  414  418  415  413  407
  403  397  390  384  376  366  348  333  313  291  267  243  222  199  177  158
  139  128  115  106   92   83   80   57   76                                   
    32.5-180.0 180.0   5.0 450.0                            LAT/LON1/LON2/DLON/H
   68   78   68   74   75   80   84   89   92   96   97  100  101  104  106  109
  112  113  111  108  100   91   78   72   72   79   93  109  124  139  154  171
  191  214  239  268  292  317  342  372  393  413  427  441  447  447  443  440
  439  434  432  426  426  421  414  403  388  367  345  317  294  266  244  217
  198  179  165  147  124  103   92   63   68                                   
    30.0-180.0 180.0   5.0 450.0                            LAT/LON1/LON2/DLON/H
   74   78   66   60   59   66   69   77   80   87   91   96  102  106  112  113
  118  116  117  110  104   92   80   72   73   78   96  113  132  150  167  187
  208  235  260  288  311  339  367  398  417  440  452  467  473  476  474  479
  479  482  481  486  492  498  503  504  496  479  457  428  405  369  339  307
  278  255  229  205  177  151  129  102   74                                   
    27.5-180.0 180.0   5.0 450.0                            LAT/LON1/LON2/DLON/H
  107   99   77   67   61   63   63   70   74   81   85   92   99  106  113  117
  120  119  116  111  103   95   81   76   73   82   98  122  145  164  187  202
  229  254  283  308  334  360  390  419  440  463  481  497  509  512  520  524
  533  537  542  551  567  586  603  612  614  598  582  561  541  512  476  424
  387  353  322  278  243  205  177  137  107                                   
    25.0-180.0 180.0   5.0 450.0                            LAT/LON1/LON2/DLON/H
  146  136  108   87   76   68   66   67   70   76   81   89   97  105  112  115
  120  114  114  107  104   97   87   81   82   88  111  135  162  186  204  226
  247  274  298  334  357  386  411  441  461  489  509  530  543  554  556  573
  579  598  603  626  635  657  678  707  713  710  706  691  671  631  588  546
  513  479  437  380  325  282  235  207  146                                   
    22.5-180.0 180.0   5.0 450.0                            LAT/LON1/LON2/DLON/H
  213  188  154  128  115   98   85   81   78   79   85   90   97  103  110  113
  117  114  112  110  104  103   93   89   92   99  123  151  176  196  224  243
  265  289  323  353  382  408  431  456  480  505  530  549  569  574  591  612
  638  652  670  685  708  731  758  786  795  801  803  798  782  750  709  649
  605  564  528  477  418  359  315  286  213                                   
    20.0-180.0 180.0   5.0 450.0                            LAT/LON1/LON2/DLON/H
  284  255  216  193  170  146  128  106  101   90   94   92  100  102  107  108
  112  106  110  106  108  106  106  100  104  110  130  159  188  214  239  263
  281  318  344  375  402  432  455  484  506  534  556  580  596  619  639  671
  688  709  719  746  760  780  800  831  841  850  855  852  839  805  763  718
  667  622  582  536  496  448  397  371  284                                   
    17.5-180.0 180.0   5.0 450.0                            LAT/LON1/LON2/DLON/H
  353  309  271  241  220  201  179  156  132  118  108  105  104  104  106  107
  109  106  107  105  107  109  111  104  110  112  131  161  195  228  251  274
  299  325  360  388  420  445  469  497  526  547  574  593  621  647  679  702
  727  737  748  758  773  786  808  830  842  845  847  843  834  802  765  724
  684  645  611  567  534  492  460  437  353                                   
    15.0-180.0 180.0   5.0 450.0                            LAT/LON1/LON2/DLON/H
  392  358  320  294  272  244  225  200  181  150  137  119  117  110  111  107
  112  106  109  106  112  112  117  116  113  119  134  171  208  244  270  297
  325  350  372  405  435  462  487  518  543  569  591  619  640  674  706  727
  736  751  746  756  757  773  780  797  801  801  797  793  777  751  715  682
  647  625  597  566  534  503  486  467  392                                   
    12.5-180.0 180.0   5.0 450.0                            LAT/LON1/LON2/DLON/H
  411  390  358  331  313  282  260  236  215  190  164  141  130  119  115  109
  112  110  107  108  111  116  116  110  110  115  135  173  212  255  283  313
  338  356  385  409  446  470  498  525  557  580  606  632  658  691  720  733
  738  740  733  733  735  733  733  736  744  739  734  728  715  687  648  620
  589  569  560  537  518  497  492  474  411                                   
    10.0-180.0 180.0   5.0 450.0                            LAT/LON1/LON2/DLON/H
  401  395  376  359  337  313  286  261  244  219  196  168  150  132  124  117
  115  113  112  112  111  114  111  111  113  125  153  188  231  269  296  320
  338  361  380  413  446  481  511  545  573  603  627  652  677  708  726  742
  733  738  724  724  714  712  698  697  690  685  674  665  648  618  570  529
  500  482  478  470  471  463  474  445  401                                   
     7.5-180.0 180.0   5.0 450.0                            LAT/LON1/LON2/DLON/H
  390  402  387  376  355  331  307  282  264  238  217  190  167  143  133  122
  118  112  107  109  106  108  105  103  110  131  161  205  242  283  304  320
