data/unet/pred1940.15i
     1.0            IONOSPHERE MAPS     GNSS                IONEX VERSION / TYPE
pyspatialgeodesy        IME             05-JAN-18 20:20     PGM / RUN BY / DATE 
Map Name                                                    COMMENT             
Predicted global ionosphere maps (GIM).                     DESCRIPTION         
  2015     7    13     0     0     0                        EPOCH OF FIRST MAP  
  2015     7    14     0     0     0                        EPOCH OF LAST MAP   
  7200                                                      INTERVAL            
    13                                                      # OF MAPS IN FILE   
  NONE                                                      MAPPING FUNCTION    
10.0                                                        ELEVATION CUTOFF    
One-way carrier phase leveled to code                       OBSERVABLES USED    
  6371.0                                                    BASE RADIUS         
 2                                                          MAP DIMENSION       
   450.0 450.0   0.0                                        HGT1 / HGT2 / DHGT  
    87.5 -87.5  -2.5                                        LAT1 / LAT2 / DLAT  
  -180.0 180.0   5.0                                        LON1 / LON2 / DLON  
    -1                                                      EXPONENT            
                                                            END OF HEADER       
     1                                                      START OF TEC MAP    
  2015     7    13     0     0     0                        EPOCH OF CURRENT MAP
    87.5-180.0 180.0   5.0 450.0                            LAT/LON1/LON2/DLON/H
  201  177  174  174  172  169  170  170  172  171  172  171  173  171  172  169
  171  169  168  165  166  163  162  158  159  156  155  152  153  150  150  147
  149  147  147  145  147  146  146  145  147  146  148  147  150  149  150  149
  153  152  154  153  157  157  159  159  162  163  165  164  168  167  169  168
  170  169  171  170  175  172  165  185  201                                   
    85.0-180.0 180.0   5.0 450.0                            LAT/LON1/LON2/DLON/H
  181  185  186  187  185  181  182  182  184  184  184  182  184  182  182  180
  180  178  177  173  174  170  169  165  165  161  159  155  156  152  151  147
  148  145  145  143  145  144  145  143  146  146  148  147  151  150  153  152
  156  155  158  157  162  162  165  165  169  169  172  172  176  177  179  178
  181  181  183  182  185  181  174  165  181                                   
    82.5-180.0 180.0   5.0 450.0                            LAT/LON1/LON2/DLON/H
  182  188  187  188  186  183  185  185  187  186  186  186  186  185  184  183
  182  180  179  175  175  171  169  164  163  158  156  151  151  146  145  140
  141  137  138  134  137  135  137  136  140  139  142  142  146  146  150  149
  154  153  157  156  161  161  165  165  170  170  174  174  179  178  182  181
  184  183  186  185  188  183  174  167  182                                   
    80.0-180.0 180.0   5.0 450.0                            LAT/LON1/LON2/DLON/H
  183  187  187  188  186  186  187  189  190  192  190  192  191  192  190  190
  188  188  184  184  181  179  174  171  167  163  158  155  151  147  143  140
  138  135  134  133  134  133  135  135  138  138  141  143  146  147  151  151
  155  155  158  160  163  164  166  168  171  173  175  178  180  182  183  185
  187  188  190  190  192  188  177  172  183                                   
    77.5-180.0 180.0   5.0 450.0                            LAT/LON1/LON2/DLON/H
  181  184  185  185  184  184  187  188  191  191  193  193  195  195  195  193
  193  190  189  186  184  180  177  173  169  163  159  154  150  145  142  138
  136  133  133  132  133  133  135  136  139  141  144  147  149  152  154  156
  158  160  162  163  164  165  167  167  170  171  173  175  178  179  181  182
  184  184  187  186  190  185  177  171  181                                   
    75.0-180.0 180.0   5.0 450.0                            LAT/LON1/LON2/DLON/H
  180  181  181  180  180  179  183  185  188  190  193  194  196  196  196  194
  193  190  189  185  183  179  176  170  166  160  156  151  147  142  140  136
  135  133  133  133  134  135  137  138  141  143  147  150  154  155  159  160
  163  163  165  165  166  164  166  165  166  166  168  168  171  171  173  173
  176  176  180  180  184  180  170  166  180                                   
    72.5-180.0 180.0   5.0 450.0                            LAT/LON1/LON2/DLON/H
  177  177  177  177  176  176  179  182  186  189  193  195  197  196  196  194
  192  187  185  180  177  172  169  164  159  154  150  145  141  138  136  133
  132  131  132  132  134  135  137  139  142  144  149  152  156  158  162  163
  166  166  167  165  166  163  163  161  162  160  162  161  163  162  165  164
  166  166  171  171  175  173  164  161  177                                   
    70.0-180.0 180.0   5.0 450.0                            LAT/LON1/LON2/DLON/H
  173  173  174  173  173  173  177  180  185  189  193  196  198  198  196  194
  190  186  181  177  172  167  163  157  153  148  144  140  137  134  133  132
  133  132  134  134  136  135  138  139  142  144  148  151  156  159  163  165
  168  167  169  167  167  164  164  161  161  159  159  157  158  157  159  157
  159  158  163  163  169  166  159  156  173                                   
    67.5-180.0 180.0   5.0 450.0                            LAT/LON1/LON2/DLON/H
  173  174  174  174  171  172  175  179  184  190  194  198  200  200  198  194
  190  184  179  172  166  160  156  150  146  141  138  134  132  130  130  130
  131  132  134  134  135  134  135  135  137  139  143  146  151  155  160  163
  167  167  169  168  169  167  166  164  164  161  160  158  158  155  156  154
  154  153  157  158  164  163  156  153  173                                   
    65.0-180.0 180.0   5.0 450.0                            LAT/LON1/LON2/DLON/H
  173  175  176  175  173  172  175  178  184  190  195  200  201  202  200  196
  191  185  178  171  164  158  153  147  142  137  135  132  131  130  131  132
  134  134  136  135  135  133  132  130  131  131  135  138  144  148  155  158
  163  164  168  168  170  169  170  168  169  166  166  163  161  158  157  154
  153  151  154  156  163  162  156  153  173                                   
    62.5-180.0 180.0   5.0 450.0                            LAT/LON1/LON2/DLON/H
  177  180  180  180  175  174  175  178  183  188  194  199  202  203  202  200
  194  188  180  172  165  158  152  146  141  137  134  133  132  133  134  135
  137  137  137  135  133  130  127  124  123  123  126  129  136  140  147  151
  158  161  165  167  171  172  175  175  177  175  174  171  169  165  162  158
  156  153  155  156  164  165  158  155  177                                   
    60.0-180.0 180.0   5.0 450.0                            LAT/LON1/LON2/DLON/H
  180  185  185  184  179  176  176  177  181  186  191  197  201  203  203  201
  197  191  184  177  169  162  156  150  145  141  139  138  139  140  142  142
  144  142  142  137  135  129  125  120  119  117  120  122  128  132  139  143
  152  154  161  164  170  173  178  181  183  183  182  180  178  173  170  165
  162  158  159  160  167  168  164  158  180                                   
    57.5-180.0 180.0   5.0 450.0                            LAT/LON1/LON2/DLON/H
  189  193  193  191  185  180  179  178  180  183  187  192  197  202  203  203
  200  196  190  183  176  170  163  158  153  151  148  149  149  150  151  151
  151  149  146  141  136  130  125  120  117  115  116  118  123  127  133  138
  146  150  157  162  169  175  182  186  190  190  191  189  187  183  179  175
  170  167  166  167  173  175  170  164  189                                   
    55.0-180.0 180.0   5.0 450.0                            LAT/LON1/LON2/DLON/H
  195  202  203  199  193  188  185  183  183  183  185  189  194  198  201  203
  202  200  195  190  186  181  176  172  167  164  163  162  163  164  165  163
  162  158  154  147  142  135  131  124  121  117  118  117  121  122  128  130
  139  142  150  156  165  173  183  189  196  197  198  196  194  190  188  183
  181  176  176  175  180  181  177  170  195                                   
    52.5-180.0 180.0   5.0 450.0                            LAT/LON1/LON2/DLON/H
  207  212  213  211  205  199  195  191  188  186  184  186  189  193  197  200
  201  202  199  198  195  193  190  188  184  182  179  179  178  179  177  175
  171  166  159  153  147  142  137  132  128  124  124  122  123  123  127  129
  135  140  147  154  165  174  185  193  200  202  203  201  200  197  195  192
  190  187  186  185  188  189  185  178  207                                   
    50.0-180.0 180.0   5.0 450.0                            LAT/LON1/LON2/DLON/H
  217  223  226  224  219  213  208  203  199  193  189  187  188  190  194  197
  200  200  201  201  202  203  203  201  199  197  195  194  193  192  189  185
  179  172  166  159  155  150  147  143  140  136  134  130  130  126  128  127
  132  135  141  148  159  170  183  192  202  205  208  206  206  203  203  200
  201  197  198  196  199  197  194  188  217                                   
    47.5-180.0 180.0   5.0 450.0                            LAT/LON1/LON2/DLON/H
  234  235  239  240  235  230  224  218  212  205  197  192  190  190  191  194
  196  199  200  204  207  211  212  213  211  210  207  205  202  200  195  190
  183  176  170  165  161  158  158  156  154  151  149  144  140  136  135  133
  134  135  139  145  156  167  182  193  204  209  212  211  211  210  210  210
  211  210  211  209  212  210  205  198  234                                   
    45.0-180.0 180.0   5.0 450.0                            LAT/LON1/LON2/DLON/H
  245  247  254  254  251  246  241  236  229  219  210  202  197  193  194  194
  197  198  202  205  211  215  219  219  219  216  214  210  207  203  199  193
  187  181  177  173  171  170  171  170  170  167  165  158  153  145  142  136
  136  134  136  140  150  163  179  192  206  213  218  218  219  218  219  220
  223  223  226  224  227  224  219  214  245                                   
    42.5-180.0 180.0   5.0 450.0                            LAT/LON1/LON2/DLON/H
  262  259  268  270  268  264  259  255  249  240  227  216  208  203  199  200
  199  202  205  210  214  221  223  225  222  221  216  214  209  205  200  195
  191  187  184  183  182  183  185  187  188  186  183  176  169  159  154  147
  144  140  140  144  152  166  181  197  212  221  226  228  230  228  230  231
  235  237  242  241  245  242  235  233  262                                   
    40.0-180.0 180.0   5.0 450.0                            LAT/LON1/LON2/DLON/H
  278  277  286  289  284  281  276  273  269  260  249  236  226  218  213  210
  211  211  215  217  223  226  230  228  228  224  221  216  212  207  203  200
  198  197  196  196  198  199  202  205  207  206  203  194  186  174  166  156
  152  146  145  147  156  168  185  200  216  228  236  242  245  245  245  247
  251  254  259  261  266  263  256  254  278                                   
    37.5-180.0 180.0   5.0 450.0                            LAT/LON1/LON2/DLON/H
  297  296  306  308  304  300  295  292  290  284  273  262  250  240  232  228
  226  227  228  232  236  238  238  236  232  229  225  222  216  213  208  208
  208  210  211  212  213  215  219  222  227  226  223  213  204  191  181  169
  164  156  154  155  163  177  191  210  224  238  247  254  258  258  259  261
  266  270  276  280  289  287  279  277  297                                   
    35.0-180.0 180.0   5.0 450.0                            LAT/LON1/LON2/DLON/H
  315  319  328  330  324  318  311  310  308  306  299  290  279  268  259  253
  250  249  250  251  253  251  251  245  242  237  236  231  226  221  219  218
  221  223  226  226  229  231  235  240  244  245  241  229  219  203  192  177
  171  160  157  158  166  179  195  211  228  241  251  261  266  270  271  275
  280  286  292  300  311  313  305  300  315                                   
    32.5-180.0 180.0   5.0 450.0                            LAT/LON1/LON2/DLON/H
  334  335  348  350  346  339  331  329  329  329  326  320  310  298  289  282
  276  275  275  275  273  269  264  257  252  249  246  243  237  232  227  227
  229  232  235  236  239  242  248  252  260  260  258  245  232  216  201  186
  175  163  159  159  167  181  196  214  230  244  255  264  272  275  279  283
  289  297  306  316  330  333  326  323  334                                   
    30.0-180.0 180.0   5.0 450.0                            LAT/LON1/LON2/DLON/H
  350  355  368  372  369  361  352  351  352  355  355  352  344  334  322  314
  305  303  300  297  293  285  279  271  267  263  262  257  251  242  236  233
  234  236  239  240  243  246  252  258  265  268  266  255  240  222  206  188
  176  163  159  158  168  178  195  209  228  242  256  265  273  278  284  291
  298  307  316  327  343  349  343  340  350                                   
    27.5-180.0 180.0   5.0 450.0                            LAT/LON1/LON2/DLON/H
  366  369  388  395  394  387  379  378  382  387  388  387  379  368  355  345
  335  331  326  322  314  304  294  285  279  275  272  266  258  248  238  233
  230  231  232  233  236  239  246  253  262  266  266  255  241  221  202  184
  169  156  152  151  161  170  186  202  220  236  252  263  272  278  287  296
  304  313  323  335  351  357  352  354  366                                   
    25.0-180.0 180.0   5.0 450.0                            LAT/LON1/LON2/DLON/H
  381  388  409  419  424  417  412  411  416  422  425  425  418  406  390  378
  365  359  350  344  333  319  306  294  289  282  278  269  259  244  233  224
  222  220  220  221  222  227  232  240  248  255  254  244  229  209  190  171
  158  147  144  146  156  164  179  191  211  226  245  258  269  277  288  299
  310  321  330  341  358  363  361  367  381                                   
    22.5-180.0 180.0   5.0 450.0                            LAT/LON1/LON2/DLON/H
  391  395  420  435  443  443  440  443  448  456  461  462  454  443  425  411
  395  386  375  365  351  334  316  301  291  281  273  261  248  232  218  208
  202  198  196  197  197  201  206  215  224  232  232  223  207  188  169  151
  140  130  131  132  145  151  166  177  198  212  235  250  265  276  289  302
  314  325  334  345  360  367  367  380  391                                   
    20.0-180.0 180.0   5.0 450.0                            LAT/LON1/LON2/DLON/H
  397  404  428  446  459  461  463  469  478  488  496  498  494  481  462  445
  426  413  398  383  364  344  322  303  290  273  260  243  227  210  196  185
  176  169  165  165  166  171  175  185  195  202  202  192  180  161  144  128
  119  114  115  118  130  137  152  164  185  202  226  244  262  276  292  308
  319  330  337  347  361  367  375  388  397                                   
    17.5-180.0 180.0   5.0 450.0                            LAT/LON1/LON2/DLON/H
  402  405  432  449  462  469  475  485  497  511  521  527  524  513  494  477
  456  441  422  402  377  352  326  301  280  257  237  217  200  184  168  156
  144  136  131  131  131  136  139  149  159  166  165  157  145  128  115  102
   97   90   95   97  110  117  136  151  175  194  219  240  261  279  299  316
  328  338  345  353  364  373  381  398  402                                   
    15.0-180.0 180.0   5.0 450.0                            LAT/LON1/LON2/DLON/H
  405  410  431  448  461  469  479  492  507  523  538  547  547  539  521  503
  481  464  440  415  384  355  324  295  267  236  212  189  172  156  142  130
  118  110  107  106  108  109  112  119  125  131  128  122  112  101   91   85
   82   81   87   91  100  108  126  146  170  192  218  241  264  284  308  327
  340  351  358  366  373  381  395  409  405                                   
    12.5-180.0 180.0   5.0 450.0                            LAT/LON1/LON2/DLON/H
  412  415  435  445  455  462  472  487  500  517  533  546  551  549  536  522
  502  484  457  427  391  356  322  285  249  213  186  163  145  133  120  110
  100   96   93   96   94   95   93   94   97   99   96   92   85   76   71   66
   68   68   75   79   88   98  117  141  169  194  222  245  269  292  317  338
  353  368  377  386  389  398  407  422  412                                   
    10.0-180.0 180.0   5.0 450.0                            LAT/LON1/LON2/DLON/H
  427  431  441  445  453  455  464  473  487  502  519  535  545  549  541  531
  514  496  467  433  391  354  314  274  231  193  163  141  126  116  108  101
   94   94   95   98   97   92   89   85   85   82   79   76   72   69   64   62
   62   63   68   72   80   91  112  139  169  197  226  251  275  301  327  349
  368  383  395  404  410  416  427  437  427                                   
     7.5-180.0 180.0   5.0 450.0                            LAT/LON1/LON2/DLON/H
  448  450  455  454  454  454  456  461  468  480  493  511  524  532  531  526
  515  498  470  434  390  347  303  258  212  174  145  126  114  109  106  103
