data/unet/pred1170.15i
     1.0            IONOSPHERE MAPS     GNSS                IONEX VERSION / TYPE
pyspatialgeodesy        IME             05-JAN-18 20:20     PGM / RUN BY / DATE 
Map Name                                                    COMMENT             
Predicted global ionosphere maps (GIM).                     DESCRIPTION         
  2015     4    27     0     0     0                        EPOCH OF FIRST MAP  
  2015     4    28     0     0     0                        EPOCH OF LAST MAP   
  7200                                                      INTERVAL            
    13                                                      # OF MAPS IN FILE   
  NONE                                                      MAPPING FUNCTION    
10.0                                                        ELEVATION CUTOFF    
One-way carrier phase leveled to code                       OBSERVABLES USED    
  6371.0                                                    BASE RADIUS         
 2                                                          MAP DIMENSION       
   450.0 450.0   0.0                                        HGT1 / HGT2 / DHGT  
    87.5 -87.5  -2.5                                        LAT1 / LAT2 / DLAT  
  -180.0 180.0   5.0                                        LON1 / LON2 / DLON  
    -1                                                      EXPONENT            
                                                            END OF HEADER       
[from data line 3861]
    10                                                      START OF TEC MAP    
  2015     4    27    18     0     0                        EPOCH OF CURRENT MAP
    87.5-180.0 180.0   5.0 450.0                            LAT/LON1/LON2/DLON/H
  283  267  278  279  280  278  280  278  281  278  281  278  281  278  280  277
  280  277  279  277  279  277  279  278  279  277  279  277  278  276  277  275
  275  272  272  268  268  263  263  259  258  253  252  248  247  243  243  241
  242  240  243  242  245  245  249  249  253  254  258  258  262  263  266  267
  271  271  274  270  273  270  273  253  283                                   
    85.0-180.0 180.0   5.0 450.0                            LAT/LON1/LON2/DLON/H
  267  260  265  268  267  268  270  271  274  274  277  276  279  277  280  277
  280  278  281  278  281  279  280  278  279  277  278  276  276  274  273  270
  269  266  264  260  259  254  253  248  248  243  243  238  237  235  234  233
  233  233  234  235  236  239  240  244  245  249  249  253  253  256  256  259
  259  262  262  263  262  260  266  261  267                                   
    82.5-180.0 180.0   5.0 450.0                            LAT/LON1/LON2/DLON/H
  261  250  257  259  259  263  263  267  268  270  270  272  271  272  272  273
  272  273  272  273  272  272  271  271  269  269  267  267  264  264  260  258
  255  253  248  245  241  238  234  231  228  226  224  222  221  219  219  219
  218  221  221  225  225  231  231  237  238  244  244  249  249  253  252  255
  255  258  258  258  258  254  249  250  261                                   
    80.0-180.0 180.0   5.0 450.0                            LAT/LON1/LON2/DLON/H
  252  243  246  251  251  256  257  261  263  265  266  267  268  268  270  269
  271  269  272  270  271  269  270  267  268  265  266  263  262  259  257  253
  251  247  243  238  234  230  226  223  218  217  214  214  211  212  210  212
  211  214  214  219  218  224  225  231  231  237  237  241  241  244  243  246
  245  247  247  249  247  246  237  242  252                                   
    77.5-180.0 180.0   5.0 450.0                            LAT/LON1/LON2/DLON/H
  245  237  238  241  245  249  253  256  259  260  264  264  266  266  268  268
  269  269  271  270  271  270  271  269  269  267  267  265  263  260  257  254
  250  246  242  238  233  229  225  221  217  214  213  211  210  210  209  211
  210  212  213  215  217  220  223  226  228  230  232  233  234  234  235  234
  236  235  238  235  236  230  224  228  245                                   
    75.0-180.0 180.0   5.0 450.0                            LAT/LON1/LON2/DLON/H
  240  234  234  238  243  247  254  255  261  260  266  264  267  266  268  267
  269  267  270  268  270  268  270  268  270  268  269  266  265  261  259  254
  253  247  246  239  238  231  231  223  224  217  221  215  218  214  218  215
  217  215  218  217  219  220  223  222  224  223  225  223  225  222  223  221
  222  221  224  222  224  220  216  225  240                                   
    72.5-180.0 180.0   5.0 450.0                            LAT/LON1/LON2/DLON/H
  240  234  236  241  245  251  255  261  263  267  270  272  272  273  272  272
  271  271  271  272  271  272  273  275  276  276  276  274  270  267  263  260
  256  254  249  246  243  240  236  234  231  230  228  228  226  227  224  226
  222  223  219  221  217  219  217  219  216  217  215  214  211  211  207  207
  207  209  209  210  211  210  210  215  240                                   
    70.0-180.0 180.0   5.0 450.0                            LAT/LON1/LON2/DLON/H
  240  238  240  245  251  254  264  265  273  273  280  278  282  279  281  277
  278  274  276  273  276  274  279  278  284  281  286  279  280  271  271  262
  262  257  257  251  252  246  247  240  242  237  240  235  238  232  233  227
  226  220  219  213  212  208  208  204  205  200  201  196  198  193  194  190
  192  192  196  195  200  200  204  213  240                                   
    67.5-180.0 180.0   5.0 450.0                            LAT/LON1/LON2/DLON/H
  242  243  246  253  257  263  268  274  276  282  285  290  290  293  290  290
  285  286  282  284  282  286  286  290  289  292  289  288  282  278  272  269
  265  263  260  258  256  254  253  249  249  247  247  244  242  238  233  229
  221  216  209  205  198  195  189  187  183  181  179  177  177  175  175  174
  176  178  182  184  190  194  201  210  242                                   
    65.0-180.0 180.0   5.0 450.0                            LAT/LON1/LON2/DLON/H
  239  246  248  256  263  265  273  274  281  283  292  293  300  300  302  300
  299  296  295  292  293  292  295  295  298  294  295  287  285  277  275  269
  270  265  267  262  263  258  259  254  255  251  253  247  245  238  232  223
  214  206  197  190  183  176  171  164  162  158  159  157  160  158  159  159
  162  165  170  174  182  186  197  208  239                                   
    62.5-180.0 180.0   5.0 450.0                            LAT/LON1/LON2/DLON/H
  234  244  250  258  263  268  271  277  278  286  290  298  301  308  308  312
  307  309  303  305  301  304  301  305  301  301  296  292  285  281  275  273
  271  270  269  266  265  261  260  257  257  256  254  250  243  236  225  215
  204  194  184  175  166  159  151  145  141  139  138  138  139  140  142  143
  147  151  158  164  173  181  193  201  234                                   
    60.0-180.0 180.0   5.0 450.0                            LAT/LON1/LON2/DLON/H
  221  240  245  256  262  265  270  272  278  282  291  296  305  308  314  316
  316  314  313  311  311  309  311  309  309  303  301  292  290  282  282  277
  279  275  278  272  272  266  266  262  262  258  257  251  244  233  221  208
  195  184  172  163  154  146  138  131  127  124  125  125  129  129  133  135
  139  144  150  157  164  174  184  194  221                                   
    57.5-180.0 180.0   5.0 450.0                            LAT/LON1/LON2/DLON/H
  210  230  240  250  257  263  264  270  272  283  287  298  302  311  314  321
  319  321  317  318  315  317  315  316  312  310  304  301  295  292  290  288
  287  286  286  283  279  275  270  269  265  265  259  255  244  233  217  205
  190  179  167  157  148  140  133  126  123  120  121  122  124  125  128  130
  133  137  143  147  154  161  177  185  210                                   
    55.0-180.0 180.0   5.0 450.0                            LAT/LON1/LON2/DLON/H
  202  225  237  251  259  263  266  268  273  280  287  295  304  310  317  322
  325  325  324  322  322  320  321  320  319  316  315  309  309  305  307  303
  307  303  307  299  295  287  282  277  275  272  268  260  250  236  222  206
  192  180  168  159  151  142  138  131  131  127  131  130  134  131  134  133
  136  140  143  147  152  161  172  182  202                                   
    52.5-180.0 180.0   5.0 450.0                            LAT/LON1/LON2/DLON/H
  198  220  235  249  261  268  270  274  277  285  292  302  308  318  321  330
  330  334  330  331  327  328  327  329  328  329  327  327  326  325  326  324
  324  321  320  314  307  299  292  288  283  282  276  269  257  243  227  212
  198  186  174  166  158  154  148  145  144  143  145  145  145  142  140  139
  141  144  148  147  153  156  171  179  198                                   
    50.0-180.0 180.0   5.0 450.0                            LAT/LON1/LON2/DLON/H
  201  223  241  261  273  281  285  287  291  298  303  311  317  325  332  338
  343  344  344  340  338  336  338  339  342  343  346  345  350  346  352  346
  349  341  341  331  326  315  309  302  297  293  287  278  265  250  235  219
  207  194  184  175  169  163  161  157  158  158  162  160  162  156  153  148
  151  152  157  157  161  165  176  186  201                                   
    47.5-180.0 180.0   5.0 450.0                            LAT/LON1/LON2/DLON/H
  210  231  249  266  281  291  297  300  305  311  317  325  329  339  344  353
  355  359  355  353  349  349  350  353  357  360  364  365  367  366  368  362
  361  352  349  339  334  325  318  312  305  300  291  282  268  253  239  225
  215  203  193  184  178  174  170  169  169  171  174  174  172  167  160  157
  157  158  163  160  166  166  180  188  210                                   
    45.0-180.0 180.0   5.0 450.0                            LAT/LON1/LON2/DLON/H
  222  240  259  278  293  305  314  319  323  331  336  343  346  352  360  367
  374  375  375  369  369  367  371  375  381  384  389  387  390  385  386  377
  375  363  360  351  347  337  330  321  313  304  294  282  268  254  241  229
  221  210  202  192  186  179  177  173  175  175  179  178  179  172  169  163
  164  165  169  171  173  176  186  196  222                                   
    42.5-180.0 180.0   5.0 450.0                            LAT/LON1/LON2/DLON/H
  231  251  267  284  300  313  323  330  337  344  351  358  361  370  375  387
  390  395  390  389  387  390  394  402  407  411  413  411  408  402  398  390
  384  373  366  360  354  346  336  328  315  304  290  278  264  252  242  233
  225  215  207  197  190  182  177  174  174  176  179  179  178  173  170  167
  167  168  172  173  179  180  193  196  231                                   
    40.0-180.0 180.0   5.0 450.0                            LAT/LON1/LON2/DLON/H
  238  256  273  289  305  318  329  340  348  359  365  373  378  385  395  403
  413  412  413  408  411  412  422  428  437  439  441  436  431  424  419  408
  400  389  386  378  377  368  359  343  327  311  295  282  269  258  250  241
  236  224  217  204  195  184  179  173  174  173  177  176  177  173  171  169
  168  170  172  176  180  183  192  200  238                                   
    37.5-180.0 180.0   5.0 450.0                            LAT/LON1/LON2/DLON/H
  238  260  273  291  307  318  331  341  356  368  379  387  394  402  413  423
  430  433  430  428  430  436  445  453  459  463  462  459  453  451  444  439
  428  422  419  417  415  406  391  375  344  331  303  295  276  271  260  253
  245  234  224  213  202  194  189  186  184  181  184  181  182  177  177  174
  173  170  170  170  174  175  192  195  238                                   
    35.0-180.0 180.0   5.0 450.0                            LAT/LON1/LON2/DLON/H
  237  257  272  291  306  318  328  341  358  375  388  397  406  413  424  435
  443  445  447  445  453  458  470  475  485  486  490  490  490  493  492  490
  489  480  483  475  472  450  417  396  357  345  319  313  290  289  277  277
  270  258  248  232  223  211  205  198  196  194  197  196  197  193  193  190
  185  177  172  169  171  174  185  194  237                                   
    32.5-180.0 180.0   5.0 450.0                            LAT/LON1/LON2/DLON/H
  230  253  264  283  299  310  322  340  361  385  404  415  424  431  441  450
  458  461  464  469  476  485  493  501  505  513  514  523  529  539  547  550
  553  543  539  530  506  487  457  437  398  377  351  347  327  325  312  309
  297  285  273  262  252  247  241  240  235  237  234  230  222  213  205  198
  193  187  187  177  176  172  185  191  230                                   
    30.0-180.0 180.0   5.0 450.0                            LAT/LON1/LON2/DLON/H
  231  245  258  277  295  310  325  343  370  396  417  429  439  446  455  465
  470  475  480  489  499  509  519  524  530  538  548  566  580  598  614  621
  627  622  617  600  574  542  499  472  431  414  391  389  370  367  348  349
  335  330  313  305  293  288  280  276  269  266  263  258  254  246  241  231
  223  207  195  181  176  173  184  193  231                                   
    27.5-180.0 180.0   5.0 450.0                            LAT/LON1/LON2/DLON/H
  235  240  258  280  298  314  331  355  382  411  434  451  463  472  482  487
  495  499  508  517  530  540  546  552  556  569  586  608  638  661  693  708
  722  718  698  671  637  597  557  521  481  460  437  427  411  400  388  375
  369  355  350  346  345  342  334  324  316  309  303  298  290  282  275  267
  262  250  229  209  193  181  186  208  235                                   
    25.0-180.0 180.0   5.0 450.0                            LAT/LON1/LON2/DLON/H
  248  235  262  281  305  325  343  366  395  423  449  468  485  495  504  510
  515  522  530  542  553  561  569  576  587  606  632  664  702  732  764  784
  792  780  752  720  677  633  590  549  517  490  467  454  437  429  418  415
  403  395  391  389  391  394  385  379  364  360  346  342  330  315  303  291
  285  277  265  247  225  203  196  206  248                                   
    22.5-180.0 180.0   5.0 450.0                            LAT/LON1/LON2/DLON/H
  260  241  268  288  311  334  358  384  413  440  465  489  506  520  532  539
  545  553  563  573  581  588  593  603  620  649  686  725  756  793  824  843
  840  820  787  743  706  659  622  574  539  512  492  475  456  440  432  423
  426  421  425  430  437  446  432  434  419  417  399  387  363  343  326  310
  305  294  283  261  243  228  224  223  260                                   
    20.0-180.0 180.0   5.0 450.0                            LAT/LON1/LON2/DLON/H
  262  253  265  287  319  339  368  392  423  447  467  498  519  541  554  566
  572  582  589  601  604  608  617  633  662  699  735  764  802  837  860  872
  859  835  795  753  713  665  622  561  520  490  470  448  437  420  417  413
  422  425  440  448  463  467  462  462  454  447  437  408  387  356  339  323
  317  309  298  278  259  234  234  233  262                                   
    17.5-180.0 180.0   5.0 450.0                            LAT/LON1/LON2/DLON/H
  256  260  266  286  319  345  373  394  426  451  469  499  527  553  572  589
  597  606  617  628  631  637  647  675  706  735  764  798  839  860  877  874
  858  823  790  745  708  662  606  538  494  454  430  406  393  378  382  385
  406  416  443  460  477  480  477  472  463  458  446  416  389  355  335  317
  315  307  302  283  263  241  242  233  256                                   
    15.0-180.0 180.0   5.0 450.0                            LAT/LON1/LON2/DLON/H
  246  252  254  273  310  340  377  404  434  461  480  512  535  563  583  609
  621  641  647  661  659  667  686  715  747  775  809  834  855  863  866  857
  827  793  753  713  675  620  554  481  434  384  355  327  321  313  331  341
  368  387  426  447  468  473  466  458  447  438  427  396  367  334  318  302
  298  294  291  274  260  238  234  231  246                                   
    12.5-180.0 180.0   5.0 450.0                            LAT/LON1/LON2/DLON/H
  236  239  241  267  300  337  373  401  436  457  487  509  541  567  593  622
  645  667  677  688  685  698  718  744  766  792  822  833  839  837  830  814
  782  756  717  677  638  585  521  454  401  344  311  277  270  268  294  308
  341  369  411  432  443  443  437  424  415  401  390  369  339  311  296  279
  278  271  268  254  241  226  219  215  236                                   
    10.0-180.0 180.0   5.0 450.0                            LAT/LON1/LON2/DLON/H
  216  215  219  246  283  317  353  387  424  454  485  518  544  576  605  638
  666  697  710  719  718  729  752  776  794  811  821  819  813  806  794  772
  738  709  674  643  607  555  493  426  373  311  270  231  229  235  274  291
  332  352  393  407  413  413  399  395  379  369  347  326  309  286  272  260
  254  248  247  234  218  202  200  202  216                                   
     7.5-180.0 180.0   5.0 450.0                            LAT/LON1/LON2/DLON/H
  202  201  210  246  276  310  347  381  423  455  487  513  543  575  611  651
  682  713  726  735  735  745  763  783  792  799  796  786  775  763  742  722
