data/unet/pred0430.15i
     1.0            IONOSPHERE MAPS     GNSS                IONEX VERSION / TYPE
pyspatialgeodesy        IME             05-JAN-18 20:20     PGM / RUN BY / DATE 
Map Name                                                    COMMENT             
Predicted global ionosphere maps (GIM).                     DESCRIPTION         
  2015     2    12     0     0     0                        EPOCH OF FIRST MAP  
  2015     2    13     0     0     0                        EPOCH OF LAST MAP   
  7200                                                      INTERVAL            
    13                                                      # OF MAPS IN FILE   
  NONE                                                      MAPPING FUNCTION    
10.0                                                        ELEVATION CUTOFF    
One-way carrier phase leveled to code                       OBSERVABLES USED    
  6371.0                                                    BASE RADIUS         
 2                                                          MAP DIMENSION       
   450.0 450.0   0.0                                        HGT1 / HGT2 / DHGT  
    87.5 -87.5  -2.5                                        LAT1 / LAT2 / DLAT  
  -180.0 180.0   5.0                                        LON1 / LON2 / DLON  
    -1                                                      EXPONENT            
                                                            END OF HEADER       
[from data line 1287]
     4                                                      START OF TEC MAP    
  2015     2    12     6     0     0                        EPOCH OF CURRENT MAP
    87.5-180.0 180.0   5.0 450.0                            LAT/LON1/LON2/DLON/H
   50   95   90   86   88   82   88   84   90   88   95   93   99   98  103  101
  105  103  106  102  105  102  104  100  104  102  105  103  106  105  109  107
  111  111  114  113  117  116  119  118  121  119  122  120  123  121  124  122
  125  124  126  125  127  126  127  125  127  124  125  122  124  119  120  116
  116  112  111  109  109   99  107   62   50                                   
    85.0-180.0 180.0   5.0 450.0                            LAT/LON1/LON2/DLON/H
   95   85   95   91   95   86   95   91  102   98  110  107  114  110  117  113
  117  113  116  112  115  110  113  109  110  107  108  106  107  106  107  107
  107  107  108  109  109  110  110  113  112  115  115  117  117  120  121  124
  125  128  131  134  136  138  140  141  142  143  142  144  143  142  139  138
  134  132  128  127  122  106  103   88   95                                   
    82.5-180.0 180.0   5.0 450.0                            LAT/LON1/LON2/DLON/H
   90   92   89   87   86   84   88   88   93   93  100  101  108  109  114  115
  118  116  117  115  116  113  112  109  109  106  104  103  101  101  100  102
  100  104  102  107  105  110  108  115  112  116  115  120  119  124  124  129
  131  137  138  144  145  150  150  152  153  153  154  153  153  150  147  143
  139  134  127  122  113  108  110   82   90                                   
    80.0-180.0 180.0   5.0 450.0                            LAT/LON1/LON2/DLON/H
   88   84   78   72   74   67   75   71   82   78   90   89  101   99  110  108
  116  112  117  112  115  108  111  102  105   95   99   90   95   88   93   89
   94   92   96   96   98  100  102  104  106  108  112  114  118  122  130  134
  144  150  160  166  174  179  183  186  189  190  189  188  184  185  178  174
  167  158  145  133  119  107  104   79   88                                   
    77.5-180.0 180.0   5.0 450.0                            LAT/LON1/LON2/DLON/H
   94   93   72   68   64   62   64   65   71   73   81   86   93   97  102  105
  107  109  108  109  106  103  100   96   92   87   83   81   78   78   78   80
   82   84   87   90   92   94   96   97  100  101  107  109  115  123  132  143
  155  166  178  188  198  207  215  220  225  227  227  224  221  216  207  198
  191  181  167  153  135  118  117   91   94                                   
    75.0-180.0 180.0   5.0 450.0                            LAT/LON1/LON2/DLON/H
  103   94   70   66   61   55   57   56   60   62   69   74   82   87   93   97
   99  102  101  103   97   96   91   87   82   77   74   70   67   67   67   69
   71   76   78   82   83   87   88   90   90   93   99  103  112  121  136  149
  168  181  199  211  228  240  251  258  262  263  262  257  249  244  233  227
  215  204  186  175  152  135  130  107  103                                   
    72.5-180.0 180.0   5.0 450.0                            LAT/LON1/LON2/DLON/H
  119  106   79   72   63   56   54   52   55   55   61   64   71   73   80   80
   85   84   89   87   89   86   85   80   78   73   71   67   65   63   66   65
   69   69   74   73   78   78   83   82   87   87   96  101  113  125  142  161
  182  198  220  238  256  269  284  291  299  296  296  287  280  268  261  250
  243  228  215  193  174  158  148  128  119                                   
    70.0-180.0 180.0   5.0 450.0                            LAT/LON1/LON2/DLON/H
  127  114   85   78   66   59   55   52   53   52   57   58   64   65   69   68
   70   71   74   77   80   80   81   79   77   73   71   68   66   64   64   62
   65   64   68   68   71   70   73   73   75   77   87   96  110  127  147  167
  191  212  238  257  279  293  309  317  324  320  318  307  300  286  276  262
  253  239  227  212  188  171  161  143  127                                   
    67.5-180.0 180.0   5.0 450.0                            LAT/LON1/LON2/DLON/H
  140  123   98   86   77   65   61   55   56   52   55   53   57   56   60   56
   60   57   65   65   75   76   81   82   83   80   78   76   74   72   71   68
   69   65   67   64   66   62   65   62   69   71   85   98  118  134  156  172
  201  225  253  273  297  309  325  330  340  333  331  317  310  296  286  273
  265  250  241  226  205  188  175  154  140                                   
    65.0-180.0 180.0   5.0 450.0                            LAT/LON1/LON2/DLON/H
  143  130  104   93   80   69   66   59   61   57   59   55   56   54   55   51
   50   50   54   59   68   72   81   81   87   83   84   80   80   75   73   67
   66   60   61   57   58   54   56   55   62   69   84  105  124  145  165  183
  212  236  266  284  308  319  335  339  346  340  337  322  315  298  291  275
  266  252  241  232  213  194  185  167  143                                   
    62.5-180.0 180.0   5.0 450.0                            LAT/LON1/LON2/DLON/H
  150  137  111   95   84   74   67   62   61   58   58   56   53   51   51   49
   48   45   51   53   65   69   78   81   85   85   85   84   81   78   74   68
   64   58   55   51   50   46   48   51   59   70   91  112  134  155  174  191
  223  246  274  289  312  321  333  335  340  332  328  316  310  297  290  277
  269  257  247  239  222  205  192  170  150                                   
    60.0-180.0 180.0   5.0 450.0                            LAT/LON1/LON2/DLON/H
  149  139  116   97   84   70   67   61   63   60   62   58   57   53   52   50
   51   49   51   53   62   65   74   77   83   81   83   80   79   74   70   63
   58   54   51   47   46   43   46   51   60   76   97  124  146  167  185  203
  235  256  282  297  318  325  333  331  333  325  321  313  311  300  294  281
  274  261  252  245  230  212  199  177  149                                   
    57.5-180.0 180.0   5.0 450.0                            LAT/LON1/LON2/DLON/H
  159  146  119   99   82   74   65   62   61   58   58   53   53   50   51   52
   54   55   55   54   60   61   69   70   76   75   77   75   74   70   65   59
   57   52   49   46   44   43   46   52   65   86  111  137  161  181  199  220
  249  269  291  304  322  326  330  326  327  321  319  315  317  310  304  295
  287  277  265  259  243  229  209  186  159                                   
    55.0-180.0 180.0   5.0 450.0                            LAT/LON1/LON2/DLON/H
  166  150  129  106   90   72   68   62   61   57   55   53   52   52   52   54
   54   56   55   56   57   59   62   63   67   67   68   67   66   63   59   56
   55   52   50   47   46   46   52   59   75  101  126  154  176  196  214  238
  266  286  306  320  334  335  338  330  332  328  331  332  335  331  328  316
  307  293  279  270  256  238  219  199  166                                   
    52.5-180.0 180.0   5.0 450.0                            LAT/LON1/LON2/DLON/H
  188  166  143  121  100   88   76   68   63   56   54   49   51   48   55   54
   57   55   56   50   54   54   61   59   63   62   64   63   60   52   50   49
   55   54   53   51   52   53   60   71   92  120  143  171  190  210  231  256
  280  300  318  330  341  343  342  336  338  337  344  346  353  350  346  337
  325  312  295  285  271  255  227  213  188                                   
    50.0-180.0 180.0   5.0 450.0                            LAT/LON1/LON2/DLON/H
  208  180  159  138  121  104   93   82   74   64   56   52   51   54   57   61
   60   60   55   54   53   57   59   60   62   61   63   61   54   50   49   51
   60   59   59   58   62   64   74   86  112  138  161  184  203  224  248  271
  293  311  329  341  351  350  351  343  346  345  353  358  366  362  358  346
  333  315  298  286  275  259  239  224  208                                   
    47.5-180.0 180.0   5.0 450.0                            LAT/LON1/LON2/DLON/H
  231  203  184  167  144  131  114  100   91   74   65   55   56   54   61   60
   63   59   58   53   56   57   64   64   68   67   69   62   56   52   53   57
   65   66   67   68   74   79   90  107  131  158  176  199  217  240  264  284
  303  319  336  349  357  357  355  350  353  352  359  364  370  366  360  347
  332  317  300  288  278  266  244  230  231                                   
    45.0-180.0 180.0   5.0 450.0                            LAT/LON1/LON2/DLON/H
  243  211  193  185  168  154  137  123  110   94   79   68   65   63   66   68
   68   67   64   64   66   71   75   77   79   80   80   77   70   66   66   68
   71   70   75   76   85   91  107  123  150  171  191  210  229  254  275  294
  311  327  343  355  362  361  358  352  354  353  357  361  365  358  350  334
  315  301  286  276  266  254  242  230  243                                   
    42.5-180.0 180.0   5.0 450.0                            LAT/LON1/LON2/DLON/H
  243  223  205  198  186  174  158  143  129  111  101   85   82   74   78   75
   77   73   75   75   81   81   88   91   98   97   97   92   86   81   76   73
   74   76   80   85   95  104  118  141  163  188  203  225  245  269  285  300
  316  331  346  356  363  361  358  353  354  352  354  356  356  349  339  321
  303  289  277  267  255  242  228  223  243                                   
    40.0-180.0 180.0   5.0 450.0                            LAT/LON1/LON2/DLON/H
  225  209  193  198  190  182  168  155  142  126  113  102   98   92   91   88
   90   88   90   88   93   97  105  112  118  119  115  108  100   90   83   75
   76   76   82   87   97  109  127  149  177  196  217  237  260  280  293  309
  324  340  354  365  371  368  364  360  361  359  356  358  356  348  337  317
  296  285  269  259  243  222  212  201  225                                   
    37.5-180.0 180.0   5.0 450.0                            LAT/LON1/LON2/DLON/H
  203  193  178  180  179  177  167  157  148  134  124  113  111  104  105  101
  103  100  103  103  108  113  120  126  133  133  130  122  114   99   91   78
   79   76   82   85   97  111  131  159  185  211  229  253  273  290  301  314
  328  343  358  368  378  379  380  381  382  379  376  376  373  368  356  339
  319  305  283  269  249  226  209  190  203                                   
    35.0-180.0 180.0   5.0 450.0                            LAT/LON1/LON2/DLON/H
  191  173  155  161  159  159  156  149  144  135  129  122  118  116  114  114
  116  115  120  120  126  130  136  142  145  143  138  132  119  106   92   78
   74   73   76   81   89  105  130  160  194  218  243  265  287  303  314  325
  342  354  371  379  395  402  410  410  414  407  404  404  411  410  408  395
  375  357  328  306  278  246  222  197  191                                   
    32.5-180.0 180.0   5.0 450.0                            LAT/LON1/LON2/DLON/H
  200  168  149  141  140  142  139  136  134  129  126  123  124  123  123  124
  126  130  135  138  140  143  146  148  148  143  140  130  123  106   97   79
   78   75   79   81   88  106  133  170  203  232  254  279  299  315  328  339
  353  365  382  396  419  433  450  454  462  453  453  453  466  476  482  476
  460  441  411  376  338  294  257  239  200                                   
    30.0-180.0 180.0   5.0 450.0                            LAT/LON1/LON2/DLON/H
  243  187  159  144  129  126  121  118  119  115  116  118  120  122  123  127
  132  139  147  150  153  152  153  152  150  147  138  135  124  112   96   82
   75   73   78   89   94  106  133  166  207  234  262  283  310  325  341  353
  368  382  403  422  455  478  509  520  530  525  523  534  553  584  598  599
  579  557  519  481  433  381  319  289  243                                   
    27.5-180.0 180.0   5.0 450.0                            LAT/LON1/LON2/DLON/H
  316  223  185  154  134  133  122  117  113  111  112  115  120  121  123  126
  133  142  151  155  155  154  151  148  146  141  142  134  125  105   98   80
   79   67   69   73   91  117  140  176  220  250  275  298  320  341  359  374
  389  408  429  462  506  548  588  613  610  612  605  631  652  692  714  722
  708  691  652  601  545  492  420  374  316                                   
    25.0-180.0 180.0   5.0 450.0                            LAT/LON1/LON2/DLON/H
  400  300  238  198  164  150  139  126  119  109  109  111  115  117  118  122
  130  141  152  155  155  152  149  146  143  144  134  124  116  117  112  104
   93   75   71   70   89  120  149  182  224  257  286  310  340  359  381  397
  418  438  472  512  567  621  650  678  686  695  696  725  757  796  820  824
  816  784  758  711  662  598  535  482  400                                   
    22.5-180.0 180.0   5.0 450.0                            LAT/LON1/LON2/DLON/H
  489  389  321  248  211  194  175  168  146  137  126  127  126  124  120  121
  126  135  144  147  147  145  144  143  146  136  128  122  124  129  116  109
   92   68   57   64   79  110  155  190  235  272  299  330  356  381  397  421
  447  480  519  572  628  681  711  746  754  775  778  813  847  889  906  915
  899  871  838  805  767  716  658  606  489                                   
    20.0-180.0 180.0   5.0 450.0                            LAT/LON1/LON2/DLON/H
  569  476  398  339  277  257  228  216  200  183  170  159  154  142  133  127
  127  133  139  141  142  142  144  144  137  123  115  129  130  131  123  113
   85   63   54   61   82  111  158  196  237  277  306  342  376  405  426  447
  482  515  564  619  668  713  752  783  804  819  837  864  904  932  953  954
  931  905  880  858  828  799  757  711  569                                   
    17.5-180.0 180.0   5.0 450.0                            LAT/LON1/LON2/DLON/H
  649  564  506  423  373  335  301  280  254  236  216  209  196  187  165  152
  141  140  142  143  145  146  154  143  136  130  131  130  129  126  118  105
   83   67   56   63   74  108  153  197  243  284  314  354  388  425  448  480
  509  556  602  659  697  744  776  809  824  839  851  882  909  932  936  931
  909  887  874  872  862  842  811  789  649                                   
    15.0-180.0 180.0   5.0 450.0                            LAT/LON1/LON2/DLON/H
  712  655  599  526  470  429  384  367  328  309  279  266  256  239  216  193
  173  163  156  155  153  155  154  148  144  140  131  135  122  126  118  110
  101   87   75   69   79  112  159  203  245  289  318  362  403  440  472  501
  535  578  622  667  701  743  772  805  813  831  838  863  876  892  884  873
  845  838  830  848  848  845  823  808  712                                   
    12.5-180.0 180.0   5.0 450.0                            LAT/LON1/LON2/DLON/H
  739  714  682  618  571  517  481  441  411  379  348  331  317  303  276  246
  218  201  187  179  175  168  170  164  159  149  144  136  130  120  116  111
  101   90   78   75   83  116  159  202  247  287  325  366  407  448  480  517
  544  590  630  672  696  728  748  775  786  798  806  823  833  838  823  810
  788  785  787  804  819  818  806  803  739                                   
    10.0-180.0 180.0   5.0 450.0                            LAT/LON1/LON2/DLON/H
  742  744  717  688  638  596  553  515  483  445  415  394  378  362  340  311
  277  252  224  208  197  192  185  179  170  161  149  139  127  119  117  114
  102   93   82   78   90  120  164  207  247  294  326  372  412  452  488  523
  551  584  618  654  675  701  718  739  751  768  777  788  793  789  776  757
  739  732  737  751  766  771  762  757  742                                   
     7.5-180.0 180.0   5.0 450.0                            LAT/LON1/LON2/DLON/H
  725  743  736  710  677  634  597  562  532  499  472  449  439  421  404  374
  350  313  281  251  233  211  192  176  176  165  157  139  134  128  121  117
