data/unet/pred0820.15i
     1.0            IONOSPHERE MAPS     GNSS                IONEX VERSION / TYPE
pyspatialgeodesy        IME             05-JAN-18 20:20     PGM / RUN BY / DATE 
Map Name                                                    COMMENT             
Predicted global ionosphere maps (GIM).                     DESCRIPTION         
  2015     3    23     0     0     0                        EPOCH OF FIRST MAP  
  2015     3    24     0     0     0                        EPOCH OF LAST MAP   
  7200                                                      INTERVAL            
    13                                                      # OF MAPS IN FILE   
  NONE                                                      MAPPING FUNCTION    
10.0                                                        ELEVATION CUTOFF    
One-way carrier phase leveled to code                       OBSERVABLES USED    
  6371.0                                                    BASE RADIUS         
 2                                                          MAP DIMENSION       
   450.0 450.0   0.0                                        HGT1 / HGT2 / DHGT  
    87.5 -87.5  -2.5                                        LAT1 / LAT2 / DLAT  
  -180.0 180.0   5.0                                        LON1 / LON2 / DLON  
    -1                                                      EXPONENT            
                                                            END OF HEADER       
[from data line 3861]
    10                                                      START OF TEC MAP    
  2015     3    23    18     0     0                        EPOCH OF CURRENT MAP
    87.5-180.0 180.0   5.0 450.0                            LAT/LON1/LON2/DLON/H
  185  160  156  157  157  155  158  158  162  162  167  168  171  173  176  178
  180  182  184  184  185  185  185  184  184  183  183  180  180  176  176  172
  173  170  171  168  170  167  169  166  169  165  167  163  165  161  163  159
  161  158  160  158  160  158  160  159  161  160  161  160  162  161  162  161
  162  161  162  160  161  160  169  168  185                                   
    85.0-180.0 180.0   5.0 450.0                            LAT/LON1/LON2/DLON/H
  141  141  141  147  144  148  146  153  152  160  159  167  166  174  173  179
  179  183  183  185  185  186  185  185  183  183  180  180  177  176  172  172
  168  169  165  167  162  164  160  162  159  160  156  157  154  155  152  153
  150  152  150  152  150  152  150  153  150  152  149  152  149  151  148  150
  148  150  147  147  145  142  152  157  141                                   
    82.5-180.0 180.0   5.0 450.0                            LAT/LON1/LON2/DLON/H
  119  117  122  125  124  127  129  133  136  141  145  150  155  159  164  168
  172  175  177  179  180  181  181  179  179  175  174  170  169  163  162  157
  156  152  151  148  147  144  143  141  141  138  138  136  136  134  135  133
  135  133  135  134  136  134  136  134  136  133  135  132  133  130  130  128
  128  127  126  125  125  116  122  129  119                                   
    80.0-180.0 180.0   5.0 450.0                            LAT/LON1/LON2/DLON/H
   96  101  101  104  105  107  111  115  119  124  129  134  141  145  152  157
  163  167  171  174  176  177  177  176  175  172  169  165  161  156  153  148
  145  142  138  135  133  130  127  126  123  122  120  119  118  117  116  117
  116  117  117  119  119  120  119  121  119  120  117  117  115  115  112  112
  109  110  106  107  102   97  101  108   96                                   
    77.5-180.0 180.0   5.0 450.0                            LAT/LON1/LON2/DLON/H
   77   81   85   85   88   90   94   99  104  110  116  122  128  136  141  150
  154  161  164  170  171  174  174  172  171  167  165  159  156  149  147  142
  140  136  133  129  126  122  119  115  112  109  107  104  102  101  101  101
  103  104  107  108  110  110  112  111  112  109  109  105  104  101   99   96
   94   93   91   91   88   82   84   91   77                                   
    75.0-180.0 180.0   5.0 450.0                            LAT/LON1/LON2/DLON/H
   72   75   76   79   80   83   86   91   95  102  108  116  122  130  138  145
  152  160  165  170  173  175  176  175  174  170  167  161  157  152  148  143
  140  138  135  132  128  124  118  114  108  104  100   97   93   92   91   93
   93   97   98  102  102  105  104  105  104  102  100   97   95   93   89   88
   85   86   82   83   79   77   80   87   72                                   
    72.5-180.0 180.0   5.0 450.0                            LAT/LON1/LON2/DLON/H
   75   77   78   79   80   83   86   91   95  103  108  117  123  133  139  149
  154  164  168  176  177  182  181  182  179  177  173  168  164  157  154  149
  147  144  142  138  135  130  125  117  110  104   98   93   89   87   87   87
   90   91   95   96   98   98   99   98   98   95   93   90   89   85   84   81
   80   79   78   79   78   74   81   87   75                                   
    70.0-180.0 180.0   5.0 450.0                            LAT/LON1/LON2/DLON/H
   82   82   84   86   88   90   92   96  102  107  114  120  128  135  143  151
  158  167  172  181  183  189  188  189  187  186  182  177  172  166  162  158
  156  153  152  148  146  141  135  128  119  111  103   98   92   90   87   89
   88   91   92   94   94   95   93   92   90   89   85   84   82   81   78   78
   76   78   77   80   78   78   84   91   82                                   
    67.5-180.0 180.0   5.0 450.0                            LAT/LON1/LON2/DLON/H
   87   89   92   94   96  100  103  108  112  119  124  131  137  144  151  158
  164  172  177  185  187  193  193  196  195  197  193  190  183  177  172  167
  165  162  160  158  154  150  143  135  126  118  109  103   96   93   90   89
   88   89   89   90   89   88   86   84   81   79   77   75   75   73   73   71
   71   72   73   77   78   78   86   95   87                                   
    65.0-180.0 180.0   5.0 450.0                            LAT/LON1/LON2/DLON/H
   88   92   96  101  103  107  112  116  121  128  133  139  144  151  155  162
  166  175  179  188  189  196  196  201  202  204  202  197  194  188  183  179
  177  175  172  169  165  160  153  145  136  127  118  111  104  100   96   93
   89   90   87   88   84   83   80   78   74   72   69   68   66   67   65   66
   64   67   68   73   73   76   84   95   88                                   
    62.5-180.0 180.0   5.0 450.0                            LAT/LON1/LON2/DLON/H
   84   88   94  100  106  111  118  124  130  136  142  147  152  157  162  166
  171  176  181  186  189  193  196  201  204  209  207  205  201  198  194  192
  189  186  182  179  174  169  160  152  141  134  124  118  110  105   99   94
   89   87   83   81   77   75   71   69   65   64   60   59   59   59   59   57
   57   59   60   64   66   68   77   89   84                                   
    60.0-180.0 180.0   5.0 450.0                            LAT/LON1/LON2/DLON/H
   75   80   86   94  101  108  117  124  132  139  145  150  155  160  164  168
  171  176  178  183  185  190  191  198  201  208  211  211  212  211  210  208
  207  203  198  193  187  180  169  160  151  143  135  128  120  113  104   98
   90   87   82   80   75   72   68   66   63   60   57   56   54   54   53   52
   50   52   51   54   55   57   68   80   75                                   
    57.5-180.0 180.0   5.0 450.0                            LAT/LON1/LON2/DLON/H
   67   69   75   85   94  104  115  124  134  141  149  154  160  163  169  171
  176  177  179  180  182  183  188  192  199  206  212  217  222  224  225  226
  223  220  212  206  196  189  176  168  157  152  144  137  128  119  110   98
   91   84   81   77   72   70   66   65   62   60   56   55   53   53   50   50
   48   48   46   48   48   50   58   65   67                                   
    55.0-180.0 180.0   5.0 450.0                            LAT/LON1/LON2/DLON/H
   62   65   68   80   90  101  113  123  134  142  150  156  162  167  173  177
  181  180  181  179  179  180  182  189  195  205  214  224  233  238  245  244
  245  239  232  223  212  203  189  180  169  164  156  148  139  128  116  104
   95   87   83   79   76   74   72   70   69   67   64   62   59   58   54   53
   49   49   46   46   45   46   54   58   62                                   
    52.5-180.0 180.0   5.0 450.0                            LAT/LON1/LON2/DLON/H
   65   65   71   82   94  105  118  127  139  146  155  159  167  173  181  186
  190  189  187  183  181  180  184  189  198  207  221  231  245  253  261  264
  264  258  249  239  226  215  201  192  180  175  166  159  150  137  126  111
  101   92   88   85   83   83   81   81   79   78   75   74   69   68   63   62
   57   56   52   53   50   49   54   58   65                                   
    50.0-180.0 180.0   5.0 450.0                            LAT/LON1/LON2/DLON/H
   76   78   81   96  107  119  130  140  149  158  164  171  179  188  196  202
  206  202  199  191  190  185  189  193  202  213  227  241  256  265  276  277
  281  272  265  253  243  230  216  206  195  188  179  171  160  149  136  122
  111  102   98   95   95   96   95   96   94   92   90   87   84   82   79   75
   69   70   65   65   61   60   64   70   76                                   
    47.5-180.0 180.0   5.0 450.0                            LAT/LON1/LON2/DLON/H
   91   93  102  116  128  139  150  157  166  171  179  186  195  205  215  226
  227  226  216  208  201  197  200  204  215  225  240  252  268  277  286  290
  288  282  272  263  250  240  226  217  204  197  186  179  170  159  147  134
  123  114  110  108  106  106  105  106  103  104  101  102   97   98   92   90
   83   83   78   79   76   74   79   87   91                                   
    45.0-180.0 180.0   5.0 450.0                            LAT/LON1/LON2/DLON/H
  107  115  126  142  154  163  172  176  185  191  200  207  217  230  242  250
  256  249  242  228  224  215  220  221  231  239  254  264  278  283  293  292
  293  284  278  267  259  248  236  224  211  200  188  180  171  162  151  142
  132  125  120  119  114  115  111  113  111  112  111  111  110  111  107  104
   99   98   95   96   93   93   97  101  107                                   
    42.5-180.0 180.0   5.0 450.0                            LAT/LON1/LON2/DLON/H
  117  130  145  161  175  185  194  197  205  211  219  229  242  257  269  283
  283  282  268  257  247  241  242  244  252  258  271  278  289  294  299  298
  295  288  280  273  265  257  243  230  217  202  193  180  176  165  159  149
  142  134  131  125  121  118  113  112  110  113  113  115  115  117  114  112
  107  105  102  104  104  105  109  116  117                                   
    40.0-180.0 180.0   5.0 450.0                            LAT/LON1/LON2/DLON/H
  122  139  155  177  192  203  212  216  225  233  243  253  268  283  300  310
  316  307  301  284  278  267  271  268  274  277  288  292  301  301  307  302
  303  292  292  284  281  271  259  241  225  208  195  183  177  170  164  157
  149  143  135  130  121  119  113  113  111  113  114  117  117  120  118  116
  110  109  105  107  107  108  114  117  122                                   
    37.5-180.0 180.0   5.0 450.0                            LAT/LON1/LON2/DLON/H
  117  139  158  181  200  214  223  231  241  251  265  276  291  309  328  342
  344  341  328  318  307  300  297  295  297  300  308  312  317  316  319  315
  313  307  304  302  298  289  278  259  241  224  209  194  188  178  175  166
  159  150  141  132  123  117  113  111  110  112  114  116  116  116  115  108
  105   99   96   95   98  100  111  112  117                                   
    35.0-180.0 180.0   5.0 450.0                            LAT/LON1/LON2/DLON/H
  110  130  154  181  204  220  232  243  257  271  288  299  317  332  355  365
  376  366  362  345  342  330  330  322  324  323  333  330  337  333  339  334
  340  334  340  334  336  323  316  291  269  245  227  211  203  194  187  178
  169  158  148  137  126  123  120  121  124  125  128  126  124  120  117  108
   99   94   86   86   83   83   95   98  110                                   
    32.5-180.0 180.0   5.0 450.0                            LAT/LON1/LON2/DLON/H
  102  118  146  176  202  222  237  253  269  288  306  323  341  359  380  393
  404  403  395  387  378  370  362  354  352  351  355  355  359  359  366  371
  380  386  392  392  391  383  370  347  321  290  261  243  227  214  206  196
  181  163  146  135  122  115  112  112  119  125  138  143  143  135  127  114
  105   92   83   76   69   70   79   88  102                                   
    30.0-180.0 180.0   5.0 450.0                            LAT/LON1/LON2/DLON/H
  101  111  140  176  201  227  243  265  284  306  329  347  364  378  401  412
  428  426  428  415  414  400  394  384  385  382  390  388  401  405  421  432
  448  455  463  461  460  449  432  403  362  330  292  276  250  240  217  205
  183  176  159  158  145  144  138  136  136  143  144  147  147  144  138  128
  119  105   93   83   75   70   77   80  101                                   
    27.5-180.0 180.0   5.0 450.0                            LAT/LON1/LON2/DLON/H
  104  117  143  177  204  229  249  273  293  322  346  368  384  403  422  436
  452  458  461  459  451  440  430  422  419  421  430  442  459  475  496  518
  536  548  544  543  525  514  483  448  396  362  328  315  296  278  259  239
  214  198  188  190  189  190  187  181  185  176  182  175  177  167  160  138
  127  111  102   88   82   77   79   83  104                                   
    25.0-180.0 180.0   5.0 450.0                            LAT/LON1/LON2/DLON/H
  121  129  157  190  212  242  261  287  307  337  364  387  406  424  441  454
  471  480  489  486  485  472  468  458  459  466  483  505  532  559  588  615
  633  641  631  617  585  572  533  491  425  392  352  337  306  293  265  239
  212  194  191  193  210  218  222  216  215  212  209  204  195  188  179  171
  151  134  118  105   91   88   93   92  121                                   
    22.5-180.0 180.0   5.0 450.0                            LAT/LON1/LON2/DLON/H
  139  151  180  209  231  258  278  301  322  353  380  405  426  449  463  479
  493  507  514  517  513  506  499  495  500  516  541  573  609  642  673  706
  724  718  697  681  638  618  570  533  460  433  392  387  350  339  303  284
  264  248  251  258  275  277  272  268  262  252  240  231  219  214  204  203
  191  174  155  135  118  107  107  121  139                                   
    20.0-180.0 180.0   5.0 450.0                            LAT/LON1/LON2/DLON/H
  161  159  197  231  250  274  293  317  342  375  400  427  450  468  487  502
  518  531  540  542  543  535  533  531  545  564  598  634  678  718  747  769
  771  765  731  712  669  642  580  545  472  442  400  401  374  377  342  328
  309  293  303  307  320  320  314  311  299  292  269  257  234  234  218  221
  210  209  194  174  151  138  129  142  161                                   
    17.5-180.0 180.0   5.0 450.0                            LAT/LON1/LON2/DLON/H
  173  174  205  245  268  295  310  337  362  396  423  453  475  496  511  528
  542  556  563  570  569  567  567  572  591  618  655  694  739  764  785  801
  794  779  742  716  673  639  575  538  464  440  391  405  374  396  369  375
  360  351  357  359  368  360  358  342  331  312  291  272  250  242  230  236
  228  228  216  198  177  164  155  167  173                                   
    15.0-180.0 180.0   5.0 450.0                            LAT/LON1/LON2/DLON/H
  179  179  211  241  275  299  321  347  374  414  442  476  502  525  540  555
  570  585  594  601  606  602  613  619  643  669  708  745  773  794  809  821
  804  785  740  710  671  633  574  528  457  424  379  392  376  397  391  398
  397  391  395  391  397  385  381  361  346  321  297  276  251  243  231  242
  236  233  221  210  190  174  174  175  179                                   
    12.5-180.0 180.0   5.0 450.0                            LAT/LON1/LON2/DLON/H
  181  182  209  242  277  305  325  359  387  429  464  503  527  555  564  583
  600  623  628  640  645  647  659  667  692  720  750  772  790  806  816  821
  797  762  721  685  653  610  557  506  440  398  363  376  372  405  406  427
  426  424  427  421  422  407  397  375  353  328  295  280  253  245  231  239
  235  238  224  212  190  179  175  178  181                                   
    10.0-180.0 180.0   5.0 450.0                            LAT/LON1/LON2/DLON/H
  178  178  208  233  275  303  333  366  398  444  484  527  557  580  595  608
  627  652  664  679  688  691  707  717  743  760  778  791  803  817  815  816
  783  747  708  677  649  613  562  507  445  403  372  381  390  418  434  450
  457  453  449  429  418  394  379  353  337  312  285  264  241  236  224  232
  227  230  217  208  190  182  174  172  178                                   
     7.5-180.0 180.0   5.0 450.0                            LAT/LON1/LON2/DLON/H
  173  178  202  236  278  310  341  381  420  468  506  553  582  609  619  635
  649  676  688  710  722  733  750  764  780  791  801  805  810  809  802  790
