data/unet/pred2360.15i
     1.0            IONOSPHERE MAPS     GNSS                IONEX VERSION / TYPE
pyspatialgeodesy        IME             05-JAN-18 20:20     PGM / RUN BY / DATE 
Map Name                                                    COMMENT             
Predicted global ionosphere maps (GIM).                     DESCRIPTION         
  2015     8    24     0     0     0                        EPOCH OF FIRST MAP  
  2015     8    25     0     0     0                        EPOCH OF LAST MAP   
  7200                                                      INTERVAL            
    13                                                      # OF MAPS IN FILE   
  NONE                                                      MAPPING FUNCTION    
10.0                                                        ELEVATION CUTOFF    
One-way carrier phase leveled to code                       OBSERVABLES USED    
  6371.0                                                    BASE RADIUS         
 2                                                          MAP DIMENSION       
   450.0 450.0   0.0                                        HGT1 / HGT2 / DHGT  
    87.5 -87.5  -2.5                                        LAT1 / LAT2 / DLAT  
  -180.0 180.0   5.0                                        LON1 / LON2 / DLON  
    -1                                                      EXPONENT            
                                                            END OF HEADER       
[from data line 5148]
    13                                                      START OF TEC MAP    
  2015     8    25     0     0     0                        EPOCH OF CURRENT MAP
    87.5-180.0 180.0   5.0 450.0                            LAT/LON1/LON2/DLON/H
  154  121  119  115  115  111  114  111  114  112  114  112  114  112  114  111
  113  111  112  110  112  109  111  107  109  106  108  104  106  102  104  100
  102   99  101   97   99   97   99   96   99   97  100   98  100   99  102  100
  103  101  104  102  105  104  106  105  108  107  109  107  110  109  111  109
  112  111  113  112  117  116  121  146  154                                   
    85.0-180.0 180.0   5.0 450.0                            LAT/LON1/LON2/DLON/H
  127  122  124  122  121  117  119  117  120  118  120  117  120  117  119  115
  117  114  115  112  114  110  111  107  108  104  104  100  101   97   97   93
   94   91   92   89   90   88   90   88   90   89   91   90   93   92   94   93
   96   95   98   97  100  100  102  102  105  105  107  107  110  109  111  110
  113  112  115  114  120  114  115  117  127                                   
    82.5-180.0 180.0   5.0 450.0                            LAT/LON1/LON2/DLON/H
  124  123  127  126  126  121  126  123  128  124  128  124  127  123  126  121
  124  118  120  115  117  111  112  106  107  101  102   96   96   90   92   86
   88   83   86   82   86   81   86   82   87   83   88   85   90   87   92   89
   94   91   96   94   99   97  102  100  106  103  108  106  111  109  113  110
  115  112  118  115  121  116  117  118  124                                   
    80.0-180.0 180.0   5.0 450.0                            LAT/LON1/LON2/DLON/H
  127  128  130  131  129  129  131  131  134  133  135  134  135  134  133  132
  131  129  127  125  123  120  117  114  111  107  103  100   96   93   90   87
   86   83   83   82   83   81   83   82   85   84   87   86   88   87   90   89
   93   92   95   95   99   99  103  104  108  108  111  112  115  115  116  116
  118  118  120  121  123  121  120  122  127                                   
    77.5-180.0 180.0   5.0 450.0                            LAT/LON1/LON2/DLON/H
  132  129  129  130  128  128  130  131  133  134  136  136  137  136  136  135
  134  132  130  127  125  121  119  115  112  107  104   99   96   91   89   85
   83   80   80   78   79   78   80   80   81   81   83   83   85   85   86   86
   87   88   90   91   93   96   99  101  104  106  109  111  112  114  114  116
  116  116  117  119  121  119  119  120  132                                   
    75.0-180.0 180.0   5.0 450.0                            LAT/LON1/LON2/DLON/H
  129  126  126  127  126  126  129  131  134  135  137  138  140  139  140  138
  137  134  132  129  126  123  120  116  113  109  105  101   97   93   90   86
   83   81   80   78   79   78   79   79   80   80   82   82   83   83   84   83
   84   84   86   87   90   92   96   99  102  105  108  110  112  113  114  114
  114  114  115  116  118  116  116  117  129                                   
    72.5-180.0 180.0   5.0 450.0                            LAT/LON1/LON2/DLON/H
  130  124  123  124  122  123  126  128  131  133  137  138  140  139  139  136
  135  131  129  125  122  119  116  112  108  104  101   97   93   89   86   83
   80   78   77   75   75   74   75   75   76   76   77   77   77   77   78   77
   78   77   80   80   83   85   90   93   98  100  104  105  107  107  108  108
  108  108  109  110  113  111  112  115  130                                   
    70.0-180.0 180.0   5.0 450.0                            LAT/LON1/LON2/DLON/H
  124  120  121  122  121  122  126  129  132  135  139  141  142  141  140  137
  134  130  127  123  119  115  112  107  104   99   96   92   89   86   83   80
   78   76   75   73   72   71   71   70   71   70   72   71   72   71   72   71
   72   72   74   75   78   81   86   90   94   98  101  103  104  104  104  104
  104  104  105  107  109  109  109  113  124                                   
    67.5-180.0 180.0   5.0 450.0                            LAT/LON1/LON2/DLON/H
  127  122  122  122  120  122  125  128  133  136  141  142  144  142  141  136
  133  128  124  120  116  112  108  103   98   94   90   87   83   81   78   76
   73   71   69   67   65   63   63   61   61   61   63   62   63   62   64   63
   65   64   67   68   72   75   82   85   92   94   99  100  103  101  102  100
  101  100  103  104  108  107  108  112  127                                   
    65.0-180.0 180.0   5.0 450.0                            LAT/LON1/LON2/DLON/H
  126  124  124  124  122  123  126  129  134  138  142  145  146  145  142  138
  133  129  124  119  115  110  105   99   95   89   86   82   79   76   74   72
   70   67   65   62   60   57   55   53   53   53   54   54   55   55   57   56
   58   58   61   63   68   72   78   84   91   95  100  102  103  103  102  101
  102  102  105  107  110  110  111  114  126                                   
    62.5-180.0 180.0   5.0 450.0                            LAT/LON1/LON2/DLON/H
  134  130  127  126  124  124  126  128  133  137  142  144  147  146  145  141
  136  131  126  122  116  111  105   99   93   87   83   79   76   73   71   68
   66   62   59   55   52   48   46   44   44   43   45   45   47   47   50   49
   52   51   56   58   65   69   78   84   93   98  103  105  107  106  105  103
  104  104  108  110  115  115  116  118  134                                   
    60.0-180.0 180.0   5.0 450.0                            LAT/LON1/LON2/DLON/H
  137  135  132  131  127  126  127  128  132  136  140  144  146  148  146  144
  140  136  131  127  122  116  109  102   95   88   84   79   76   73   70   67
   64   60   57   52   48   44   42   39   39   39   40   41   42   43   45   45
   47   48   52   56   63   69   78   86   96  102  108  111  113  112  111  109
  110  111  114  117  122  121  123  123  137                                   
    57.5-180.0 180.0   5.0 450.0                            LAT/LON1/LON2/DLON/H
  146  143  140  137  132  130  129  130  132  135  138  142  145  147  147  146
  144  142  138  134  130  124  116  109  101   94   89   84   80   76   73   68
   64   59   55   50   46   42   40   39   38   39   40   40   42   41   44   43
   46   47   52   55   64   71   82   91  102  109  115  118  120  119  118  116
  117  117  121  124  129  130  130  128  146                                   
    55.0-180.0 180.0   5.0 450.0                            LAT/LON1/LON2/DLON/H
  150  149  148  146  141  138  135  134  134  135  136  139  143  146  147  148
  147  147  144  142  138  133  124  117  109  103   97   92   87   83   78   72
   67   61   57   52   50   47   46   44   45   45   45   45   46   45   46   46
   49   49   54   58   67   75   87   97  109  117  123  125  127  126  126  124
  125  125  130  132  137  137  137  135  150                                   
    52.5-180.0 180.0   5.0 450.0                            LAT/LON1/LON2/DLON/H
  159  158  156  156  151  149  145  143  140  138  138  139  142  146  148  150
  150  151  150  149  145  140  132  125  118  112  107  102   97   91   84   77
   71   66   61   58   57   55   55   55   55   55   55   54   54   52   53   52
   54   54   59   63   73   81   94  105  117  125  131  133  134  133  132  131
  132  133  136  139  144  145  145  142  159                                   
    50.0-180.0 180.0   5.0 450.0                            LAT/LON1/LON2/DLON/H
  162  164  166  167  164  163  159  155  150  145  142  141  143  146  147  150
  151  153  152  152  149  145  138  132  126  121  116  112  107  100   91   83
   77   70   68   66   67   66   68   68   69   68   68   67   65   64   63   62
   64   64   67   71   81   89  103  114  126  134  138  140  141  139  139  138
  140  140  144  146  151  151  152  149  162                                   
    47.5-180.0 180.0   5.0 450.0                            LAT/LON1/LON2/DLON/H
  169  171  174  178  177  179  176  173  165  158  153  150  149  151  151  153
  154  155  155  155  153  149  143  138  133  130  126  122  116  108   98   89
   81   76   74   74   75   77   79   80   81   81   80   78   77   75   75   73
   74   73   76   79   89   98  112  124  136  142  146  146  146  145  144  144
  145  146  149  151  155  156  157  154  169                                   
    45.0-180.0 180.0   5.0 450.0                            LAT/LON1/LON2/DLON/H
  169  174  181  187  189  194  194  192  184  175  166  162  159  158  157  157
  157  158  158  158  156  153  147  143  139  137  134  130  123  114  104   95
   87   82   81   82   86   88   91   92   94   93   93   92   90   88   87   85
   85   84   86   88   97  106  121  133  145  149  152  151  151  149  149  149
  151  152  155  156  160  161  162  161  169                                   
    42.5-180.0 180.0   5.0 450.0                            LAT/LON1/LON2/DLON/H
  174  179  185  192  197  204  207  207  201  193  184  178  174  172  169  167
  165  165  164  164  162  158  152  149  146  144  141  136  129  119  109  100
   92   88   87   89   92   95   98  100  102  102  103  101  100   98   97   95
   96   93   95   96  106  116  131  143  154  158  159  157  155  153  152  153
  155  156  159  161  165  165  167  167  174                                   
    40.0-180.0 180.0   5.0 450.0                            LAT/LON1/LON2/DLON/H
  177  183  190  197  203  211  218  220  215  209  201  195  189  186  181  178
  174  173  171  171  168  164  157  154  151  149  146  140  132  122  112  104
   97   93   92   93   97  100  104  105  109  110  112  111  110  108  107  105
  104  102  102  104  113  122  137  149  161  164  165  161  161  157  158  157
  160  161  165  166  171  171  175  175  177                                   
    37.5-180.0 180.0   5.0 450.0                            LAT/LON1/LON2/DLON/H
  187  190  193  199  204  213  222  226  225  221  214  210  204  201  194  190
  186  184  182  181  177  172  166  162  158  155  150  144  134  124  115  107
  101   98   97   98  100  103  105  108  112  114  117  118  118  116  115  112
  112  109  109  111  120  131  145  158  169  172  171  169  166  163  162  162
  163  165  169  172  177  178  182  183  187                                   
    35.0-180.0 180.0   5.0 450.0                            LAT/LON1/LON2/DLON/H
  197  197  201  203  208  215  225  231  231  230  225  221  216  212  206  201
  196  195  192  192  187  182  173  169  164  160  153  146  135  125  116  110
  105  102  101  100  103  104  108  110  116  119  123  124  124  121  119  117
  115  113  112  113  122  133  148  160  173  174  175  171  171  167  167  166
  168  169  174  177  184  187  193  195  197                                   
    32.5-180.0 180.0   5.0 450.0                            LAT/LON1/LON2/DLON/H
  214  211  211  212  213  221  229  235  238  237  234  231  225  222  215  211
  206  205  203  203  198  192  184  178  172  166  158  148  136  126  118  113
  108  106  104  103  104  105  108  111  117  122  126  127  126  123  120  116
  115  111  111  111  120  132  148  162  175  178  178  177  176  173  172  170
  171  173  177  182  191  197  205  209  214                                   
    30.0-180.0 180.0   5.0 450.0                            LAT/LON1/LON2/DLON/H
  230  227  230  229  229  234  241  248  249  250  246  243  237  231  224  219
  215  214  212  212  206  202  192  186  177  170  159  148  136  125  117  112
  109  106  105  104  105  105  108  111  118  122  127  128  126  120  116  111
  108  105  103  104  113  125  142  157  172  175  179  178  180  179  179  177
  178  180  185  192  201  209  219  229  230                                   
    27.5-180.0 180.0   5.0 450.0                            LAT/LON1/LON2/DLON/H
  251  245  253  253  253  256  262  266  268  267  263  258  250  243  234  228
  224  221  220  218  213  208  200  193  183  173  161  148  135  124  115  110
  108  106  104  103  103  104  105  109  114  119  123  123  120  112  106  101
   99   95   95   94  104  116  134  150  166  173  178  182  185  187  188  188
  188  192  197  205  214  223  235  246  251                                   
    25.0-180.0 180.0   5.0 450.0                            LAT/LON1/LON2/DLON/H
  270  267  280  282  285  287  293  297  297  296  290  284  271  262  248  241
  233  230  226  225  219  214  205  198  186  175  160  146  132  120  112  106
  104  102  102  100  100  101  102  104  110  114  118  116  112  103   96   90
   87   84   84   85   93  105  122  138  154  165  173  181  188  194  197  198
  199  204  211  220  228  239  254  270  270                                   
    22.5-180.0 180.0   5.0 450.0                            LAT/LON1/LON2/DLON/H
  288  286  306  313  321  323  332  333  335  332  325  313  299  285  270  258
  248  240  234  229  224  217  209  200  187  174  159  144  130  118  108  102
   99   97   96   96   96   97   97  100  104  108  111  109  104   95   87   80
   77   74   75   75   84   94  113  128  146  157  170  181  192  200  205  207
  210  216  224  234  242  255  270  288  288                                   
    20.0-180.0 180.0   5.0 450.0                            LAT/LON1/LON2/DLON/H
  307  310  333  346  358  364  372  374  376  375  366  353  334  318  297  284
  269  258  245  238  230  222  212  201  186  171  154  139  127  114  105   98
   95   93   93   92   93   94   94   95  100  103  106  104   99   90   82   75
   70   68   67   68   75   86  103  122  141  155  169  184  198  209  217  221
  225  231  241  251  259  270  287  309  307                                   
    17.5-180.0 180.0   5.0 450.0                            LAT/LON1/LON2/DLON/H
  328  333  360  380  394  405  412  412  414  413  406  394  375  355  334  315
  298  280  264  250  239  228  215  201  183  166  150  137  125  114  105   99
   95   94   93   93   92   93   92   94   98  102  105  104   99   90   81   72
   66   62   58   56   62   71   94  114  138  154  173  189  207  220  231  236
  242  250  262  271  278  288  303  326  328                                   
    15.0-180.0 180.0   5.0 450.0                            LAT/LON1/LON2/DLON/H
  351  358  385  405  425  437  445  447  448  449  444  436  417  396  370  351
  329  309  287  270  252  236  219  200  181  161  146  133  125  116  108  102
  100   98   98   96   95   94   94   95   99  101  105  104  102   93   85   76
   67   62   55   52   56   66   86  109  136  156  177  198  218  236  249  257
  263  274  284  292  297  304  323  346  351                                   
    12.5-180.0 180.0   5.0 450.0                            LAT/LON1/LON2/DLON/H
  370  375  404  424  443  457  465  470  471  473  472  468  454  437  411  388
  363  338  315  291  269  247  225  202  179  159  144  135  128  123  117  113
  111  109  107  104  101   99   97   99  102  104  107  108  105   98   89   79
   69   60   51   45   48   57   78  101  135  158  183  206  231  248  265  273
  285  295  307  313  317  324  343  364  370                                   
    10.0-180.0 180.0   5.0 450.0                            LAT/LON1/LON2/DLON/H
  385  390  413  431  452  469  479  484  488  490  492  489  480  468  445  422
  394  367  339  313  286  259  233  205  181  159  146  139  136  133  129  126
  125  123  120  115  110  105  104  104  108  107  111  111  110  103   95   83
   72   64   54   49   49   58   76  101  134  161  188  215  241  262  278  293
  304  316  325  333  334  343  366  381  385                                   
     7.5-180.0 180.0   5.0 450.0                            LAT/LON1/LON2/DLON/H
  395  402  420  437  453  471  482  490  492  497  498  499  492  485  467  446
  418  390  359  330  298  268  238  209  183  163  152  148  147  146  144  142
