data/unet/pred0520.15i
     1.0            IONOSPHERE MAPS     GNSS                IONEX VERSION / TYPE
pyspatialgeodesy        IME             05-JAN-18 20:20     PGM / RUN BY / DATE 
Map Name                                                    COMMENT             
Predicted global ionosphere maps (GIM).                     DESCRIPTION         
  2015     2    21     0     0     0                        EPOCH OF FIRST MAP  
  2015     2    22     0     0     0                        EPOCH OF LAST MAP   
  7200                                                      INTERVAL            
    13                                                      # OF MAPS IN FILE   
  NONE                                                      MAPPING FUNCTION    
10.0                                                        ELEVATION CUTOFF    
One-way carrier phase leveled to code                       OBSERVABLES USED    
  6371.0                                                    BASE RADIUS         
 2                                                          MAP DIMENSION       
   450.0 450.0   0.0                                        HGT1 / HGT2 / DHGT  
    87.5 -87.5  -2.5                                        LAT1 / LAT2 / DLAT  
  -180.0 180.0   5.0                                        LON1 / LON2 / DLON  
    -1                                                      EXPONENT            
                                                            END OF HEADER       
[from data line 2574]
     7                                                      START OF TEC MAP    
  2015     2    21    12     0     0                        EPOCH OF CURRENT MAP
    87.5-180.0 180.0   5.0 450.0                            LAT/LON1/LON2/DLON/H
  107  112  114  116  116  116  117  117  118  119  119  120  121  121  121  122
  122  122  122  122  122  123  123  124  123  124  123  123  120  122  118  120
  116  119  115  117  114  116  113  113  111  111  109  108  106  105  104  103
  103  103  103  104  103  104  104  105  106  107  107  109  109  110  109  111
  110  112  112  113  114  113  125  108  107                                   
    85.0-180.0 180.0   5.0 450.0                            LAT/LON1/LON2/DLON/H
  107  104  109  108  113  111  117  114  119  115  118  115  117  114  115  113
  113  112  112  112  112  113  113  114  114  115  116  117  118  120  121  121
  121  121  121  120  119  118  116  113  111  108  106  103  101   99   97   95
   95   94   94   94   95   96   97   97   98   99  100  100  102  101  102  101
  102  100  103  101  104  101  111  116  107                                   
    82.5-180.0 180.0   5.0 450.0                            LAT/LON1/LON2/DLON/H
  100   95  100  103  103  105  107  108  109  107  107  103  104   99  100   94
   97   92   95   91   96   93   99   96  104  102  111  109  118  115  125  120
  128  122  129  122  127  119  122  113  113  105  104   97   96   90   89   85
   83   82   81   81   79   81   80   82   81   83   83   83   85   85   88   87
   89   88   92   90   92   90   93   97  100                                   
    80.0-180.0 180.0   5.0 450.0                            LAT/LON1/LON2/DLON/H
   92   83   90   93   96   96  101   99  101   98   97   93   90   86   83   79
   77   76   74   75   73   75   76   78   84   89   97  102  110  114  124  125
  132  132  137  133  136  130  130  123  120  113  109  102   98   93   90   86
   85   81   82   80   81   79   81   80   81   80   82   81   84   82   85   83
   85   83   86   82   84   77   77   89   92                                   
    77.5-180.0 180.0   5.0 450.0                            LAT/LON1/LON2/DLON/H
   83   74   72   82   80   86   86   90   86   86   80   78   73   69   66   62
   59   57   56   56   56   58   61   66   71   79   88   99  108  120  128  136
  142  147  150  151  149  146  142  137  130  125  119  113  106  102   96   93
   89   89   87   87   86   86   86   86   85   86   86   88   89   89   90   89
   87   86   83   79   75   71   69   78   83                                   
    75.0-180.0 180.0   5.0 450.0                            LAT/LON1/LON2/DLON/H
   76   62   62   73   73   78   80   81   79   76   71   66   62   56   54   49
   48   46   45   46   47   51   54   62   67   80   87  106  114  132  139  152
  157  165  168  170  169  166  163  158  152  147  140  136  128  125  119  116
  110  110  106  107  103  103   99   99   96   96   93   95   94   96   96   95
   93   89   85   79   72   69   65   74   76                                   
    72.5-180.0 180.0   5.0 450.0                            LAT/LON1/LON2/DLON/H
   71   60   57   66   69   73   76   77   76   72   67   61   56   50   48   44
   43   43   43   44   47   54   58   68   75   89  100  116  127  143  153  165
  173  180  186  189  191  189  188  184  179  175  169  164  159  155  151  145
  142  137  135  128  125  119  116  111  108  105  103  102  104  103  104  103
  101   98   92   82   76   67   66   75   71                                   
    70.0-180.0 180.0   5.0 450.0                            LAT/LON1/LON2/DLON/H
   72   60   58   64   70   71   77   75   76   71   66   60   55   50   48   44
   45   44   47   50   54   62   69   79   86  104  111  129  136  152  162  175
  184  195  200  207  209  211  210  208  206  204  201  198  193  190  185  181
  177  171  165  157  149  140  131  122  114  108  103  104  103  106  107  107
  106  102   99   88   79   72   70   73   72                                   
    67.5-180.0 180.0   5.0 450.0                            LAT/LON1/LON2/DLON/H
   71   64   59   68   71   77   78   81   77   74   67   61   56   52   53   51
   54   54   59   63   69   76   84   96  105  117  126  138  146  159  167  180
  192  203  213  220  224  227  228  229  227  228  226  222  220  215  213  205
  201  192  186  173  163  148  136  123  113  105   98   95   96   98  101  103
  104  103   99   92   85   75   73   75   71                                   
    65.0-180.0 180.0   5.0 450.0                            LAT/LON1/LON2/DLON/H
   71   65   60   68   75   76   82   81   81   76   71   65   61   59   58   59
   62   63   68   72   79   88   98  109  117  131  136  149  152  164  170  185
  196  211  220  229  232  238  239  243  244  247  248  246  243  240  236  228
  222  209  201  183  168  149  133  116  104   92   84   81   78   83   86   91
   95   96   96   89   83   78   75   73   71                                   
    62.5-180.0 180.0   5.0 450.0                            LAT/LON1/LON2/DLON/H
   67   64   59   68   71   74   78   79   77   74   68   64   61   61   64   67
   72   75   81   84   90   98  107  117  126  135  141  149  154  163  172  185
  199  212  225  232  238  242  249  252  258  258  263  259  260  254  247  237
  229  215  206  188  170  147  129  110   95   81   70   63   62   63   67   73
   79   83   86   85   81   74   73   72   67                                   
    60.0-180.0 180.0   5.0 450.0                            LAT/LON1/LON2/DLON/H
   66   61   58   62   69   70   75   73   75   69   67   63   61   64   65   69
   72   75   78   84   87   99  105  119  126  139  141  152  152  164  169  187
  198  217  228  239  244  250  256  261  268  271  274  273  272  264  258  245
  236  222  212  191  172  146  126  107   92   77   65   58   52   53   56   60
   67   70   75   76   73   73   71   68   66                                   
    57.5-180.0 180.0   5.0 450.0                            LAT/LON1/LON2/DLON/H
   64   58   52   58   60   61   64   65   64   63   59   58   57   60   64   68
   72   75   78   82   84   93  100  114  123  134  140  147  154  164  173  189
  202  222  237  249  257  261  269  273  280  283  286  287  284  275  264  248
  238  224  213  194  175  153  132  116   98   85   71   61   56   54   53   56
   61   64   70   70   71   67   67   65   64                                   
    55.0-180.0 180.0   5.0 450.0                            LAT/LON1/LON2/DLON/H
   66   56   51   49   56   53   59   55   60   53   55   52   54   58   60   64
   65   67   67   72   72   86   90  111  118  135  139  152  156  171  178  198
  211  238  252  266  272  280  283  290  294  298  299  301  298  288  276  260
  249  237  225  209  192  171  153  136  121  107   95   84   75   71   65   62
   62   65   67   71   69   72   70   64   66                                   
    52.5-180.0 180.0   5.0 450.0                            LAT/LON1/LON2/DLON/H
   75   62   52   53   51   49   50   50   51   49   48   48   48   54   55   61
   62   64   65   70   71   81   89  109  122  136  148  157  168  181  193  212
  233  257  274  287  294  300  303  307  310  313  315  315  313  302  288  270
  260  248  239  224  211  196  180  164  150  136  123  113  103   97   88   81
   74   73   76   76   77   75   76   73   75                                   
    50.0-180.0 180.0   5.0 450.0                            LAT/LON1/LON2/DLON/H
   88   72   64   56   58   50   53   48   53   46   47   45   46   49   51   57
   56   60   59   64   66   82   89  114  128  148  155  169  177  194  204  231
  251  278  293  309  313  319  321  328  328  332  331  333  328  318  303  288
  277  267  258  247  236  223  210  193  178  164  152  143  136  128  118  111
  100   95   90   91   88   91   91   86   88                                   
    47.5-180.0 180.0   5.0 450.0                            LAT/LON1/LON2/DLON/H
  106   90   77   71   65   59   59   55   56   52   52   51   50   52   53   57
   58   61   64   70   75   88   99  123  140  158  171  182  194  207  224  247
  271  292  312  320  328  331  337  343  344  346  346  346  340  330  316  304
  293  283  273  262  254  242  230  212  197  181  170  162  155  151  141  134
  123  118  110  108  106  105  107  108  106                                   
    45.0-180.0 180.0   5.0 450.0                            LAT/LON1/LON2/DLON/H
  120  106   96   86   85   76   74   66   69   63   63   61   57   58   56   61
   60   67   68   77   80  101  109  137  151  172  181  195  205  221  237  260
  281  304  322  334  343  350  357  365  364  367  363  362  355  345  333  322
  313  302  291  279  267  255  239  221  203  187  175  170  167  164  157  151
  142  138  129  127  122  125  126  124  120                                   
    42.5-180.0 180.0   5.0 450.0                            LAT/LON1/LON2/DLON/H
  129  121  112  104  101   91   86   80   80   73   75   70   69   65   64   66
   70   78   84   91   97  113  125  147  163  181  193  204  214  227  244  261
  285  303  325  338  355  365  378  384  386  384  380  376  366  356  345  336
  325  314  299  285  269  252  232  208  189  175  165  161  160  160  155  152
  146  141  134  131  126  127  132  138  129                                   
    40.0-180.0 180.0   5.0 450.0                            LAT/LON1/LON2/DLON/H
  130  129  121  115  113  103  101   91   92   86   88   85   80   77   72   76
   77   88   90  104  107  126  134  158  173  190  198  211  220  231  245  261
  282  304  327  347  369  389  401  412  410  410  400  395  383  371  359  349
  337  324  308  291  269  250  221  197  174  159  149  146  147  149  146  144
  137  135  128  128  120  122  127  134  130                                   
    37.5-180.0 180.0   5.0 450.0                            LAT/LON1/LON2/DLON/H
  117  123  120  118  116  109  105   99   98   94   96   92   91   84   83   86
   91   98  103  114  118  134  144  165  177  193  201  211  218  227  240  255
  279  302  332  358  386  407  426  435  436  431  421  410  397  383  370  361
  348  335  317  297  272  249  217  190  165  150  139  135  135  137  135  132
  127  121  116  111  105  102  109  122  117                                   
    35.0-180.0 180.0   5.0 450.0                            LAT/LON1/LON2/DLON/H
  107  113  108  107  111  106  107   97  102   95  102   97   98   93   90   92
   96  104  109  122  126  143  152  172  183  196  205  213  221  228  240  256
  280  309  345  378  409  435  454  468  466  462  449  437  420  406  391  382
  371  359  342  324  298  273  240  211  185  164  150  144  139  139  133  130
  122  115  103   99   87   88   92  105  107                                   
    32.5-180.0 180.0   5.0 450.0                            LAT/LON1/LON2/DLON/H
   97   95   91  100  102  102   98   97   95   97   97   99   99   96   96   98
  101  106  109  121  128  145  156  175  185  200  209  218  224  234  248  267
  295  332  372  409  441  467  488  498  501  494  483  468  453  438  426  418
  410  401  388  371  352  328  300  270  242  216  198  183  176  165  159  146
  138  121  109   95   86   77   81   84   97                                   
    30.0-180.0 180.0   5.0 450.0                            LAT/LON1/LON2/DLON/H
   89   73   74   79   89   90   94   88   93   87   94   92   98   96   96   95
   99  102  107  120  132  150  164  182  194  209  219  231  240  255  274  297
  331  365  407  444  477  507  526  536  539  533  524  507  497  484  475  469
  465  455  445  430  416  399  373  352  324  305  279  267  248  233  213  201
  184  170  141  118   87   78   77   75   89                                   
    27.5-180.0 180.0   5.0 450.0                            LAT/LON1/LON2/DLON/H
   84   73   64   74   71   78   73   75   76   78   82   86   91   92   94   93
   96   98  102  117  130  153  167  189  200  217  234  249  265  284  312  338
  373  410  450  487  523  547  568  571  579  574  568  553  545  536  530  531
  533  531  523  511  503  488  467  441  416  389  365  354  340  320  301  275
  255  228  202  168  138  108   95   64   84                                   
    25.0-180.0 180.0   5.0 450.0                            LAT/LON1/LON2/DLON/H
  102  100   80   71   73   67   69   62   66   67   69   72   78   80   87   85
   89   89   95  112  133  157  179  200  217  232  252  269  293  318  351  382
  423  462  501  532  564  585  599  606  614  613  613  602  599  593  598  607
  617  618  615  604  603  594  584  570  530  500  462  453  430  417  382  363
  322  303  255  228  179  153  132   95  102                                   
    22.5-180.0 180.0   5.0 450.0                            LAT/LON1/LON2/DLON/H
  149  132  108   97   77   80   65   67   60   64   65   68   72   74   81   80
   85   85   94  110  134  165  186  211  227  248  270  296  322  355  390  430
  471  514  542  572  599  617  629  636  646  652  655  655  653  657  664  685
  702  712  713  710  711  708  698  683  656  611  571  554  544  521  493  463
  433  405  359  313  257  222  195  147  149                                   
    20.0-180.0 180.0   5.0 450.0                            LAT/LON1/LON2/DLON/H
  198  172  154  131  110   96   81   76   76   72   75   71   74   71   74   74
   84   81   91  110  140  172  199  217  239  255  285  310  349  388  430  475
  517  547  575  591  622  633  652  659  676  689  698  701  702  707  726  743
  758  766  772  770  779  777  766  749  714  681  629  613  593  584  551  539
  505  493  443  403  347  305  275  224  198                                   
    17.5-180.0 180.0   5.0 450.0                            LAT/LON1/LON2/DLON/H
  263  232  199  177  154  137  107  106   89   93   76   78   67   75   68   73
   80   82   96  118  149  183  207  229  247  269  300  331  378  423  467  507
  542  576  593  613  631  647  663  679  697  718  724  735  733  742  753  771
  789  794  796  791  799  798  783  757  725  674  635  610  606  592  577  558
  539  518  489  458  419  381  352  296  263                                   
    15.0-180.0 180.0   5.0 450.0                            LAT/LON1/LON2/DLON/H
  296  282  240  205  179  155  144  133  116  110   89   78   68   68   63   68
   78   86  103  125  158  188  217  229  253  276  315  351  405  451  490  529
  563  586  607  615  637  646  670  688  714  737  750  754  753  753  765  777
  788  785  780  770  770  770  760  739  701  650  600  584  573  573  562  562
  546  534  505  469  440  410  395  344  296                                   
    12.5-180.0 180.0   5.0 450.0                            LAT/LON1/LON2/DLON/H
  334  326  280  247  211  184  166  158  134  131  101   92   67   69   60   71
   71   85   96  124  163  199  222  238  263  293  330  375  430  475  513  549
  576  595  606  623  637  652  675  700  727  752  760  767  763  762  766  772
  773  761  744  731  726  723  709  683  640  577  540  519  518  518  525  536
  538  524  498  467  445  427  410  368  334                                   
    10.0-180.0 180.0   5.0 450.0                            LAT/LON1/LON2/DLON/H
  328  327  294  278  234  195  169  152  151  147  127  105   81   76   69   76
   71   88   97  137  175  212  235  249  277  309  348  393  447  492  521  558
  579  592  608  622  639  654  680  710  737  762  771  773  771  765  761  761
  750  735  714  696  695  688  668  643  593  533  492  465  466  469  471  480
  487  477  462  436  423  411  407  370  328                                   
     7.5-180.0 180.0   5.0 450.0                            LAT/LON1/LON2/DLON/H
  325  322  306  274  257  218  187  169  163  164  147  135   99   94   78   83
   76   85   91  135  180  214  242  255  286  329  365  417  465  507  531  560
