data/unet/pred2070.15i
     1.0            IONOSPHERE MAPS     GNSS                IONEX VERSION / TYPE
pyspatialgeodesy        IME             05-JAN-18 20:20     PGM / RUN BY / DATE 
Map Name                                                    COMMENT             
Predicted global ionosphere maps (GIM).                     DESCRIPTION         
  2015     7    26     0     0     0                        EPOCH OF FIRST MAP  
  2015     7    27     0     0     0                        EPOCH OF LAST MAP   
  7200                                                      INTERVAL            
    13                                                      # OF MAPS IN FILE   
  NONE                                                      MAPPING FUNCTION    
10.0                                                        ELEVATION CUTOFF    
One-way carrier phase leveled to code                       OBSERVABLES USED    
  6371.0                                                    BASE RADIUS         
 2                                                          MAP DIMENSION       
   450.0 450.0   0.0                                        HGT1 / HGT2 / DHGT  
    87.5 -87.5  -2.5                                        LAT1 / LAT2 / DLAT  
  -180.0 180.0   5.0                                        LON1 / LON2 / DLON  
    -1                                                      EXPONENT            
                                                            END OF HEADER       
[from data line 3861]
    10                                                      START OF TEC MAP    
  2015     7    26    18     0     0                        EPOCH OF CURRENT MAP
    87.5-180.0 180.0   5.0 450.0                            LAT/LON1/LON2/DLON/H
  168  142  140  141  142  140  142  141  143  142  144  143  144  143  144  142
  143  141  141  139  140  137  138  136  136  134  134  132  133  131  131  128
  129  126  126  124  124  122  122  120  121  119  120  118  119  117  119  117
  119  117  119  118  120  119  121  120  123  122  124  123  126  125  128  127
  130  129  133  132  135  133  144  154  168                                   
    85.0-180.0 180.0   5.0 450.0                            LAT/LON1/LON2/DLON/H
  131  130  132  137  136  138  136  139  137  140  139  141  139  141  139  141
  139  140  138  139  136  137  134  135  132  133  130  131  128  129  126  127
  123  124  121  122  118  119  115  117  114  116  112  114  111  114  111  113
  111  113  111  114  112  116  114  117  116  119  117  120  119  123  121  124
  123  127  126  128  128  126  136  153  131                                   
    82.5-180.0 180.0   5.0 450.0                            LAT/LON1/LON2/DLON/H
  131  131  134  135  138  137  139  139  142  141  143  142  144  143  145  143
  145  143  144  142  143  140  140  138  137  135  134  131  130  128  126  124
  123  121  119  118  116  116  114  113  112  112  110  110  109  109  108  108
  108  108  108  108  109  109  110  110  112  112  113  113  115  115  118  117
  120  120  124  123  127  121  127  134  131                                   
    80.0-180.0 180.0   5.0 450.0                            LAT/LON1/LON2/DLON/H
  129  135  131  136  137  137  139  139  141  142  143  143  144  144  145  145
  146  145  145  145  145  144  143  142  140  138  135  133  130  128  125  123
  121  120  117  117  115  115  112  113  111  111  109  109  108  108  106  106
  106  106  105  106  106  107  107  107  108  109  109  110  111  113  114  115
  117  119  120  123  124  120  124  132  129                                   
    77.5-180.0 180.0   5.0 450.0                            LAT/LON1/LON2/DLON/H
  127  129  129  129  132  132  135  135  137  137  139  138  140  139  141  140
  142  141  143  142  144  143  143  141  140  137  135  131  129  124  123  119
  117  115  115  113  112  111  111  110  109  108  108  106  106  104  105  103
  103  104  104  104  104  104  105  104  105  104  105  105  107  107  109  110
  113  114  118  118  120  115  117  125  127                                   
    75.0-180.0 180.0   5.0 450.0                            LAT/LON1/LON2/DLON/H
  124  125  124  127  129  130  131  133  133  135  135  136  135  137  136  138
  137  139  140  142  142  144  143  144  141  140  136  134  129  127  121  120
  115  116  113  114  111  114  112  113  110  111  109  109  106  106  105  105
  103  104  103  103  103  104  103  103  102  102  101  102  102  104  105  107
  109  113  114  117  118  115  115  127  124                                   
    72.5-180.0 180.0   5.0 450.0                            LAT/LON1/LON2/DLON/H
  124  123  124  123  126  127  129  129  130  130  132  131  131  131  132  132
  133  134  137  137  141  141  144  143  143  141  139  135  132  126  123  118
  116  114  115  113  115  115  116  115  115  113  113  110  109  107  106  105
  104  103  104  103  103  102  101  100   98   97   96   96   96   98  100  101
  104  107  112  114  117  112  113  122  124                                   
    70.0-180.0 180.0   5.0 450.0                            LAT/LON1/LON2/DLON/H
  122  121  120  124  126  127  128  129  129  130  130  130  129  129  129  128
  130  130  133  135  139  141  144  145  145  144  141  139  134  130  125  121
  117  117  116  117  117  120  120  120  118  118  115  113  110  108  106  106
  104  105  104  104  104  102  100   98   96   94   91   91   91   94   94   98
  100  105  108  112  115  111  112  125  122                                   
    67.5-180.0 180.0   5.0 450.0                            LAT/LON1/LON2/DLON/H
  123  122  124  122  126  126  128  127  128  128  129  128  128  126  128  126
  127  126  130  131  136  139  144  145  147  145  145  141  138  132  129  122
  121  117  119  118  121  121  124  122  122  119  118  113  111  107  107  104
  104  103  105  103  103   99   98   93   91   87   86   84   85   86   89   92
   96  101  106  110  114  110  113  122  123                                   
    65.0-180.0 180.0   5.0 450.0                            LAT/LON1/LON2/DLON/H
  123  123  123  127  129  130  131  131  131  131  132  131  132  130  131  128
  129  127  130  130  136  138  144  146  149  148  147  144  141  137  132  128
  124  123  122  123  124  126  127  127  125  124  119  116  111  110  107  106
  105  106  105  105  103  100   96   92   87   84   80   81   80   84   84   90
   92   99  103  109  112  110  114  126  123                                   
    62.5-180.0 180.0   5.0 450.0                            LAT/LON1/LON2/DLON/H
  123  125  128  127  131  132  132  131  132  132  134  133  134  132  133  130
  130  128  129  129  134  137  142  145  148  148  148  146  144  141  139  133
  132  128  129  127  129  129  132  130  130  126  124  118  114  111  110  107
  107  106  107  103  102   96   93   86   83   79   77   76   77   79   81   86
   90   95  101  106  111  110  115  124  123                                   
    60.0-180.0 180.0   5.0 450.0                            LAT/LON1/LON2/DLON/H
  122  127  128  133  136  137  137  136  137  137  138  138  140  139  140  137
  136  133  133  132  135  137  142  145  149  149  149  148  147  146  144  141
  138  136  134  134  134  135  135  136  133  131  127  124  119  117  113  113
  110  110  108  106  101   97   91   87   81   79   75   76   75   78   79   84
   85   92   96  104  108  108  115  127  122                                   
    57.5-180.0 180.0   5.0 450.0                            LAT/LON1/LON2/DLON/H
  120  127  132  133  138  138  138  137  138  137  139  139  142  140  142  140
  139  135  134  132  133  135  138  142  145  147  148  148  149  149  150  148
  147  144  143  141  142  142  143  142  141  137  134  129  125  120  119  116
  115  112  110  104  100   93   89   83   80   77   76   75   76   76   78   80
   82   88   93  100  105  106  114  121  120                                   
    55.0-180.0 180.0   5.0 450.0                            LAT/LON1/LON2/DLON/H
  118  129  132  138  143  143  143  142  143  142  144  143  146  145  147  145
  145  140  138  135  135  135  138  142  145  147  148  149  151  152  154  154
  153  151  150  149  149  149  150  150  148  146  142  138  132  129  125  123
  119  118  112  108  100   95   89   85   82   82   80   80   79   79   78   79
   79   85   88   96  101  103  114  123  118                                   
    52.5-180.0 180.0   5.0 450.0                            LAT/LON1/LON2/DLON/H
  117  129  134  139  145  146  147  145  147  145  146  145  147  146  148  147
  145  141  138  135  134  134  137  140  144  145  147  149  152  154  158  159
  161  158  159  158  160  160  162  160  159  155  152  145  141  136  133  129
  126  121  116  108  102   94   91   86   87   86   87   85   85   82   80   78
   78   81   86   94   98  102  112  118  117                                   
    50.0-180.0 180.0   5.0 450.0                            LAT/LON1/LON2/DLON/H
  117  130  135  143  151  152  155  154  156  154  154  152  152  150  151  149
  149  144  141  137  136  137  139  143  147  148  150  152  155  157  160  162
  164  163  164  165  167  169  170  170  168  164  159  154  149  145  141  138
  133  128  120  114  105   99   94   93   93   95   96   95   93   90   85   83
   79   83   85   93   97  100  111  120  117                                   
    47.5-180.0 180.0   5.0 450.0                            LAT/LON1/LON2/DLON/H
  118  131  137  145  155  159  163  163  165  163  163  158  157  153  153  150
  149  146  142  139  138  138  141  144  149  150  152  154  157  159  163  166
  168  168  171  173  177  180  183  181  179  174  169  163  158  153  149  145
  141  134  127  117  110  102  100   99  103  104  107  105  103   97   93   87
   84   84   87   93   97  100  110  117  118                                   
    45.0-180.0 180.0   5.0 450.0                            LAT/LON1/LON2/DLON/H
  119  133  138  150  161  168  175  176  180  179  177  172  167  161  159  156
  155  150  149  144  145  145  149  152  156  157  159  160  162  164  167  169
  171  173  176  181  186  191  193  193  189  184  178  172  166  162  157  153
  147  142  132  125  116  110  107  108  112  115  118  117  113  108  101   96
   91   91   92   96   99  101  112  121  119                                   
    42.5-180.0 180.0   5.0 450.0                            LAT/LON1/LON2/DLON/H
  120  134  141  153  166  175  185  188  194  193  192  185  179  169  167  161
  159  155  153  150  150  151  155  158  163  163  166  167  168  170  173  175
  178  180  185  191  199  204  207  205  201  195  190  183  178  171  166  160
  155  148  139  130  123  116  114  115  121  125  127  125  123  117  111  105
  100   98   98  101  102  102  112  123  120                                   
    40.0-180.0 180.0   5.0 450.0                            LAT/LON1/LON2/DLON/H
  121  136  143  158  171  184  195  201  208  211  210  204  195  186  179  173
  170  166  164  161  161  161  166  168  173  174  176  177  178  180  182  185
  188  191  196  203  211  218  220  218  212  207  200  194  187  180  172  167
  160  154  145  136  129  124  121  123  127  131  134  133  131  127  121  117
  110  108  105  108  106  106  114  126  121                                   
    37.5-180.0 180.0   5.0 450.0                            LAT/LON1/LON2/DLON/H
  122  136  145  158  174  186  200  207  217  221  223  218  210  199  192  184
  181  177  175  172  172  172  175  177  181  182  185  187  189  191  195  199
  202  206  212  219  227  232  234  231  225  219  213  206  199  189  181  173
  166  159  151  141  135  129  127  127  131  135  138  138  136  134  129  124
  118  115  111  112  109  107  117  127  122                                   
    35.0-180.0 180.0   5.0 450.0                            LAT/LON1/LON2/DLON/H
  122  138  145  162  175  190  203  213  224  231  236  236  228  221  209  204
  196  194  188  188  185  185  186  188  191  193  196  200  202  206  211  216
  220  225  231  238  246  249  249  244  238  232  226  219  209  199  187  178
  170  163  154  145  138  133  130  129  132  135  138  140  138  139  134  132
  125  123  116  116  111  111  118  130  122                                   
    32.5-180.0 180.0   5.0 450.0                            LAT/LON1/LON2/DLON/H
  122  136  146  157  174  186  202  211  224  232  241  244  242  237  229  222
  215  210  205  202  199  197  197  198  200  206  208  215  218  224  232  240
  247  252  257  261  265  266  264  257  250  242  236  228  218  204  191  179
  171  163  154  145  139  133  130  129  130  134  134  137  136  137  135  133
  127  123  117  115  112  109  120  130  122                                   
    30.0-180.0 180.0   5.0 450.0                            LAT/LON1/LON2/DLON/H
  120  136  143  160  171  186  198  211  223  234  244  251  252  252  245  242
  231  230  220  219  211  211  207  208  211  216  222  231  238  246  257  267
  275  280  284  284  286  282  279  268  259  251  244  235  223  209  193  179
  169  160  151  143  136  130  128  125  127  127  130  131  131  132  131  131
  125  123  116  114  109  109  118  130  120                                   
    27.5-180.0 180.0   5.0 450.0                            LAT/LON1/LON2/DLON/H
  123  134  144  155  169  181  196  206  220  232  244  253  260  263  261  258
  251  245  238  232  225  222  219  221  225  233  240  251  260  271  283  294
  303  306  308  306  304  297  291  278  267  256  249  237  224  207  189  174
  163  152  144  136  131  126  124  122  121  123  122  126  124  127  124  125
  120  117  112  108  106  105  117  128  123                                   
    25.0-180.0 180.0   5.0 450.0                            LAT/LON1/LON2/DLON/H
  124  136  143  158  168  182  194  206  219  231  244  253  265  272  273  274
  266  263  253  250  239  237  232  234  239  246  255  268  277  290  302  313
  323  326  326  319  315  306  296  283  269  259  248  238  221  204  183  167
  156  144  136  127  124  119  119  116  117  115  118  117  118  118  117  116
  113  111  106  104  101  103  113  126  124                                   
    22.5-180.0 180.0   5.0 450.0                            LAT/LON1/LON2/DLON/H
  128  136  146  156  169  181  195  206  219  230  241  253  267  278  286  289
  284  280  271  265  256  251  246  250  254  263  273  288  299  310  321  330
  338  338  336  329  323  312  301  287  270  256  244  230  214  195  175  159
  146  134  125  119  116  115  116  114  113  111  109  112  109  111  106  106
  102  101   99   97   96   97  109  122  128                                   
    20.0-180.0 180.0   5.0 450.0                            LAT/LON1/LON2/DLON/H
  129  138  147  160  171  184  197  209  221  231  240  253  267  282  293  301
  298  298  288  285  273  268  262  265  270  281  292  306  314  325  332  339
  343  343  337  332  323  315  301  288  267  255  238  225  207  188  170  152
  141  127  119  111  111  108  111  108  109  103  105  102  103  100   97   95
   94   94   93   94   93   96  105  120  129                                   
    17.5-180.0 180.0   5.0 450.0                            LAT/LON1/LON2/DLON/H
  131  138  150  160  173  185  200  212  224  232  241  253  268  285  298  306
  310  309  305  299  292  285  280  284  291  304  314  325  330  337  342  344
  346  345  339  333  325  316  305  290  268  252  236  220  202  184  166  150
  136  122  113  107  106  107  109  108  106  103   98   99   94   92   86   85
   82   84   85   86   86   89  101  114  131                                   
    15.0-180.0 180.0   5.0 450.0                            LAT/LON1/LON2/DLON/H
  128  139  150  163  175  189  205  218  230  238  244  255  269  288  301  313
  317  322  318  317  308  304  297  303  311  325  332  342  342  349  346  349
  344  343  334  330  321  317  304  292  269  253  235  218  201  183  169  150
  138  122  114  105  106  103  108  104  103   97   96   92   91   84   79   76
   77   79   82   85   86   90   97  111  128                                   
    12.5-180.0 180.0   5.0 450.0                            LAT/LON1/LON2/DLON/H
  125  136  148  161  175  191  207  222  234  241  248  256  270  287  302  315
  323  328  329  329  326  322  319  325  333  345  350  355  355  357  355  352
  345  341  333  327  322  318  308  296  273  256  236  219  202  185  170  152
  137  121  112  105  104  104  107  105  102   98   93   92   85   81   71   69
   69   70   74   75   77   80   90  104  125                                   
    10.0-180.0 180.0   5.0 450.0                            LAT/LON1/LON2/DLON/H
  119  135  147  164  177  192  208  223  235  244  248  258  269  284  299  313
  322  333  335  340  337  338  335  340  349  361  363  369  364  367  359  356
  343  338  329  323  320  317  309  298  278  259  242  222  209  189  177  155
  142  123  114  103  103  100  105  101  100   94   93   88   85   77   71   66
   66   67   71   73   74   79   86   98  119                                   
     7.5-180.0 180.0   5.0 450.0                            LAT/LON1/LON2/DLON/H
  111  128  143  160  174  191  208  223  236  243  249  257  266  281  294  310
  321  332  338  344  346  347  349  355  365  372  377  376  374  369  366  355
