data/unet/pred2780.15i
     1.0            IONOSPHERE MAPS     GNSS                IONEX VERSION / TYPE
pyspatialgeodesy        IME             05-JAN-18 20:20     PGM / RUN BY / DATE 
Map Name                                                    COMMENT             
Predicted global ionosphere maps (GIM).                     DESCRIPTION         
  2015    10     5     0     0     0                        EPOCH OF FIRST MAP  
  2015    10     6     0     0     0                        EPOCH OF LAST MAP   
  7200                                                      INTERVAL            
    13                                                      # OF MAPS IN FILE   
  NONE                                                      MAPPING FUNCTION    
10.0                                                        ELEVATION CUTOFF    
One-way carrier phase leveled to code                       OBSERVABLES USED    
  6371.0                                                    BASE RADIUS         
 2                                                          MAP DIMENSION       
   450.0 450.0   0.0                                        HGT1 / HGT2 / DHGT  
    87.5 -87.5  -2.5                                        LAT1 / LAT2 / DLAT  
  -180.0 180.0   5.0                                        LON1 / LON2 / DLON  
    -1                                                      EXPONENT            
                                                            END OF HEADER       
[from data line 3861]
    10                                                      START OF TEC MAP    
  2015    10     5    18     0     0                        EPOCH OF CURRENT MAP
    87.5-180.0 180.0   5.0 450.0                            LAT/LON1/LON2/DLON/H
  138  105  106  108  109  107  110  110  113  113  116  116  118  118  121  120
  123  121  124  122  124  122  124  121  123  119  121  117  119  114  116  111
  113  107  110  105  107  102  105  101  104  100  103  100  103   99  102   99
  102   98  102   99  102   99  101  100  102  100  102  100  102  100  102  100
  101  100  101  100  105  101  111  126  138                                   
    85.0-180.0 180.0   5.0 450.0                            LAT/LON1/LON2/DLON/H
   91   87   90   97   97  101  100  105  105  111  110  116  115  120  118  123
  121  126  123  126  123  126  122  124  120  121  117  117  113  113  109  109
  104  104   99  100   96   97   93   95   92   94   92   94   92   94   92   94
   93   95   93   95   93   96   93   96   93   95   93   95   92   93   91   92
   90   91   89   90   92   88   96  114   91                                   
    82.5-180.0 180.0   5.0 450.0                            LAT/LON1/LON2/DLON/H
   79   73   82   85   88   91   94   98  102  106  110  114  118  121  124  126
  129  130  131  131  131  130  130  128  125  124  120  118  113  111  106  105
   99   99   94   94   89   89   85   86   82   84   82   83   83   83   84   85
   86   87   88   87   89   88   89   87   88   86   86   84   84   81   81   79
   79   77   77   77   77   72   77   82   79                                   
    80.0-180.0 180.0   5.0 450.0                            LAT/LON1/LON2/DLON/H
   67   65   71   74   79   81   87   90   98  101  109  112  120  122  128  128
  134  133  136  135  136  134  132  131  126  125  118  117  109  108  101  100
   93   92   86   85   80   79   75   75   71   73   70   73   71   75   75   78
   79   83   82   85   85   87   85   86   84   84   82   80   78   76   74   71
   69   68   66   65   64   57   67   67   67                                   
    77.5-180.0 180.0   5.0 450.0                            LAT/LON1/LON2/DLON/H
   55   53   62   64   69   73   79   84   90   96  104  110  116  121  126  130
  132  135  136  137  135  133  131  126  123  118  115  109  104  100   96   93
   87   85   81   78   74   71   68   67   64   63   62   63   62   64   67   69
   72   75   78   80   82   81   83   80   81   78   78   73   73   69   68   64
   63   59   59   56   56   50   56   52   55                                   
    75.0-180.0 180.0   5.0 450.0                            LAT/LON1/LON2/DLON/H
   51   50   56   60   64   70   74   80   84   92   99  107  112  119  123  128
  130  135  135  137  134  134  129  125  119  116  108  105   98   96   89   88
   81   81   75   74   68   68   62   62   57   57   55   56   55   58   59   63
   65   70   72   76   76   79   78   79   76   76   72   71   67   65   61   59
   56   55   52   52   50   45   55   50   51                                   
    72.5-180.0 180.0   5.0 450.0                            LAT/LON1/LON2/DLON/H
   51   50   57   58   63   66   71   75   81   87   95  102  109  114  121  125
  129  133  135  135  134  132  128  122  117  111  106   99   95   91   87   83
   80   78   75   73   69   67   63   60   56   54   52   51   51   53   55   57
   62   64   69   70   73   72   75   72   72   68   68   63   63   58   59   54
   55   51   51   49   50   45   55   45   51                                   
    70.0-180.0 180.0   5.0 450.0                            LAT/LON1/LON2/DLON/H
   54   53   59   61   64   68   71   75   79   86   94  100  106  113  119  125
  127  132  133  136  133  133  126  123  115  111  104   99   93   91   85   84
   79   79   75   75   71   70   65   63   57   56   51   52   50   53   52   56
   56   60   61   64   64   66   64   65   62   62   59   59   56   56   54   54
   51   52   50   52   52   47   58   51   54                                   
    67.5-180.0 180.0   5.0 450.0                            LAT/LON1/LON2/DLON/H
   56   54   63   63   67   68   72   75   81   85   95  100  108  113  121  124
  130  133  137  137  137  134  132  125  121  113  108  101   96   91   88   84
   82   80   79   77   75   72   69   64   60   56   54   52   51   52   53   54
   55   56   57   57   57   57   57   55   55   53   53   51   51   49   52   49
   51   49   51   50   52   48   58   50   56                                   
    65.0-180.0 180.0   5.0 450.0                            LAT/LON1/LON2/DLON/H
   58   57   64   66   68   72   75   78   83   89   97  103  110  115  121  125
  129  133  137  139  139  139  136  131  124  119  112  107  100   97   92   90
   86   86   82   82   78   78   72   70   63   61   56   56   52   54   51   53
   51   53   50   51   47   48   45   46   43   46   43   46   44   48   47   50
   48   51   49   51   51   48   57   54   58                                   
    62.5-180.0 180.0   5.0 450.0                            LAT/LON1/LON2/DLON/H
   55   54   64   67   71   73   78   81   87   92  101  107  114  117  125  127
  133  136  141  143  146  145  144  140  135  128  123  116  111  105  103   98
   95   92   90   87   85   81   77   71   66   62   59   58   56   55   53   52
   50   48   45   43   40   39   37   37   36   37   38   39   41   42   46   45
   48   46   47   46   47   43   52   48   55                                   
    60.0-180.0 180.0   5.0 450.0                            LAT/LON1/LON2/DLON/H
   53   53   59   64   68   72   78   82   89   95  105  111  118  121  126  130
  134  137  143  147  150  151  150  147  141  135  130  125  119  116  113  110
  105  102   98   96   90   88   81   77   70   68   64   64   60   60   55   54
   49   47   41   40   35   35   32   33   32   35   34   39   39   44   44   48
   46   48   43   45   42   39   48   47   53                                   
    57.5-180.0 180.0   5.0 450.0                            LAT/LON1/LON2/DLON/H
   50   50   58   64   69   73   79   85   93   99  109  115  121  124  128  132
  135  139  146  150  154  155  155  152  147  142  138  136  132  130  129  125
  121  115  111  106  100   94   88   83   77   73   71   70   68   66   62   59
   53   47   42   38   36   34   34   33   35   35   38   39   42   44   48   48
   49   46   45   42   41   37   42   40   50                                   
    55.0-180.0 180.0   5.0 450.0                            LAT/LON1/LON2/DLON/H
   52   53   57   65   69   75   81   86   96  103  113  119  125  128  132  135
  138  142  148  152  157  157  159  154  150  146  144  143  143  144  143  140
  134  130  122  116  109  104   96   92   86   84   81   81   79   77   72   67
   60   54   47   44   40   41   40   41   41   43   43   47   47   50   52   54
   53   52   49   46   42   38   45   44   52                                   
    52.5-180.0 180.0   5.0 450.0                            LAT/LON1/LON2/DLON/H
   58   58   64   72   77   82   87   93  102  108  118  123  130  132  137  139
  143  146  152  156  160  160  161  157  154  151  151  154  155  159  161  159
  153  144  135  127  119  114  107  103   97   96   94   94   92   89   85   79
   71   64   58   54   51   51   52   53   54   55   56   57   58   59   61   61
   62   59   58   54   50   45   48   48   58                                   
    50.0-180.0 180.0   5.0 450.0                            LAT/LON1/LON2/DLON/H
   70   70   74   83   87   92   97  100  108  112  122  126  133  137  143  147
  152  154  160  162  166  164  165  159  157  154  157  160  166  170  173  171
  164  155  145  137  129  124  118  115  111  110  108  109  107  104   99   92
   85   78   72   70   67   69   67   70   69   71   70   71   70   71   71   71
   71   71   68   66   60   54   60   63   70                                   
    47.5-180.0 180.0   5.0 450.0                            LAT/LON1/LON2/DLON/H
   82   81   89   99  102  107  110  113  117  121  127  132  139  144  152  158
  164  167  171  172  173  171  170  166  162  161  163  170  175  182  183  181
  171  162  151  144  136  134  127  127  122  122  121  121  119  116  111  105
   97   92   87   85   83   84   84   85   86   85   85   83   83   81   83   80
   83   81   82   79   75   69   71   74   82                                   
    45.0-180.0 180.0   5.0 450.0                            LAT/LON1/LON2/DLON/H
   95   95  101  114  118  122  124  126  129  129  135  139  147  154  165  173
  182  185  189  187  188  184  182  175  171  169  172  177  182  186  186  182
  173  163  154  147  143  140  137  136  133  133  132  132  130  126  121  114
  109  103  101   99   98  100   98  100   98   98   95   95   92   92   91   92
   93   94   94   92   88   81   85   91   95                                   
    42.5-180.0 180.0   5.0 450.0                            LAT/LON1/LON2/DLON/H
  100  102  114  127  133  138  141  143  144  143  147  150  159  169  182  194
  203  206  208  206  204  200  196  190  185  182  183  186  188  189  186  181
  171  161  153  150  146  146  144  145  142  142  139  138  134  129  123  117
  112  109  106  107  105  106  105  106  104  102  101   99   99   97   99   98
  101  100  104  100   98   91   92   96  100                                   
    40.0-180.0 180.0   5.0 450.0                            LAT/LON1/LON2/DLON/H
  102  106  117  135  143  150  153  157  156  157  159  163  173  186  203  215
  226  227  229  224  222  217  213  207  201  198  196  195  193  190  185  178
  169  161  157  154  154  153  153  152  150  147  145  141  137  130  126  119
  117  112  113  111  112  110  109  109  105  105  101  102  101  102  103  104
  106  106  107  105  101   94   95   97  102                                   
    37.5-180.0 180.0   5.0 450.0                            LAT/LON1/LON2/DLON/H
   97  101  119  137  150  159  167  171  173  173  176  181  190  206  221  233
  244  244  246  241  239  235  232  227  221  215  211  206  200  194  187  179
  172  168  167  165  164  162  162  158  156  150  147  141  135  128  122  117
  113  111  110  111  109  109  106  106  101  102   99  102  101  103  106  105
  107  105  107  103  100   91   90   91   97                                   
    35.0-180.0 180.0   5.0 450.0                            LAT/LON1/LON2/DLON/H
   91   99  112  135  151  164  173  181  184  187  190  198  209  223  237  248
  257  257  259  254  253  252  249  245  240  233  227  221  211  203  195  190
  187  187  188  187  184  180  176  168  165  154  151  140  136  127  123  116
  114  110  111  109  108  106  103  101   98   98   98  100  102  106  107  108
  108  107  104   99   91   84   82   84   91                                   
    32.5-180.0 180.0   5.0 450.0                            LAT/LON1/LON2/DLON/H
   86   92  112  135  153  165  180  188  196  198  205  213  224  236  249  257
  266  266  269  266  267  266  266  263  260  252  247  236  226  218  214  212
  215  218  223  219  213  200  190  177  169  158  151  141  135  128  122  116
  112  108  106  105  103  102   99   99   95   98   97  102  103  107  109  108
  108  103  100   92   86   78   73   75   86                                   
    30.0-180.0 180.0   5.0 450.0                            LAT/LON1/LON2/DLON/H
   88   96  111  134  154  169  182  193  202  209  215  225  235  244  255  262
  270  272  276  275  279  279  279  279  276  272  267  259  252  246  246  250
  259  264  266  258  241  224  203  187  175  162  157  144  142  132  131  121
  120  111  109  104  104  102  102  100  100  101  104  104  108  108  110  110
  108  104   99   91   80   75   67   70   88                                   
    27.5-180.0 180.0   5.0 450.0                            LAT/LON1/LON2/DLON/H
   96  100  116  140  159  173  189  199  210  215  224  228  241  248  261  265
  275  278  286  287  292  292  294  294  296  292  293  289  286  285  290  297
  310  315  313  296  271  243  220  198  182  170  162  152  148  141  138  131
  127  119  114  109  107  109  110  111  110  112  113  117  114  117  114  113
  110  105   98   89   81   74   70   72   96                                   
    25.0-180.0 180.0   5.0 450.0                            LAT/LON1/LON2/DLON/H
  109  117  128  150  166  181  194  204  213  219  228  235  246  255  266  272
  282  287  294  297  303  305  306  311  313  316  320  324  328  331  341  349
  363  365  358  330  296  261  232  210  191  178  170  163  159  154  152  145
  141  132  128  122  123  123  125  122  123  123  124  122  122  118  117  114
  112  108  101   94   84   81   75   80  109                                   
    22.5-180.0 180.0   5.0 450.0                            LAT/LON1/LON2/DLON/H
  124  133  146  163  180  191  204  211  221  225  237  245  259  265  277  282
  296  298  310  313  320  320  325  329  334  342  352  363  374  383  397  407
  420  417  402  362  316  276  242  221  204  191  183  177  175  172  168  164
  160  153  149  146  142  141  140  137  134  132  132  133  131  126  121  118
  114  110  104   96   89   83   85   90  124                                   
    20.0-180.0 180.0   5.0 450.0                            LAT/LON1/LON2/DLON/H
  137  154  162  180  190  202  210  217  221  227  240  248  265  274  290  296
  315  317  331  332  341  342  347  355  365  379  395  413  429  440  453  457
  462  455  431  384  334  289  255  234  217  205  197  194  192  191  186  181
  178  172  167  159  157  152  151  145  140  137  132  131  129  128  125  118
  116  112  107  102   94   93   95  101  137                                   
    17.5-180.0 180.0   5.0 450.0                            LAT/LON1/LON2/DLON/H
  145  162  174  189  203  213  224  229  237  239  256  267  287  299  316  324
  344  352  362  367  370  378  380  395  406  427  446  464  481  488  495  488
  489  472  447  398  348  303  272  249  233  223  216  214  214  213  208  202
  195  190  184  179  174  171  164  158  151  144  141  134  132  127  128  121
  117  112  108  102   97   93   97  104  145                                   
    15.0-180.0 180.0   5.0 450.0                            LAT/LON1/LON2/DLON/H
  147  169  178  198  209  222  231  239  248  256  272  288  312  328  346  360
  381  391  402  403  413  415  430  445  464  484  499  513  523  522  514  501
  488  470  443  401  353  313  283  264  245  237  229  229  226  223  215  208
  204  196  193  186  183  178  172  166  156  152  143  139  130  127  122  121
  116  112  108  104   97   98  100  103  147                                   
    12.5-180.0 180.0   5.0 450.0                            LAT/LON1/LON2/DLON/H
  141  160  179  197  216  231  248  258  276  285  311  326  355  365  389  397
  429  434  452  455  461  473  481  501  513  527  534  540  543  530  519  498
  482  466  441  404  364  331  306  290  274  263  252  248  242  238  226  223
  217  212  205  200  192  187  178  171  162  154  147  139  133  125  120  117
  115  109  104   99   95   94   90   94  141                                   
    10.0-180.0 180.0   5.0 450.0                            LAT/LON1/LON2/DLON/H
  136  162  176  199  218  242  261  279  295  310  334  355  378  397  420  440
  470  484  503  506  521  526  541  548  559  557  559  555  549  531  509  490
  469  453  431  401  371  345  323  307  289  276  262  253  246  238  228  223
  222  217  212  205  196  189  178  171  161  154  146  140  130  125  116  113
  111  107   99   96   89   89   83   79  136                                   
     7.5-180.0 180.0   5.0 450.0                            LAT/LON1/LON2/DLON/H
  126  149  171  191  219  245  275  296  322  336  365  381  411  420  451  463
  503  510  541  545  563  572  579  589  584  579  570  561  546  525  502  481
