data/unet/pred2060.15i
     1.0            IONOSPHERE MAPS     GNSS                IONEX VERSION / TYPE
pyspatialgeodesy        IME             05-JAN-18 20:20     PGM / RUN BY / DATE 
Map Name                                                    COMMENT             
Predicted global ionosphere maps (GIM).                     DESCRIPTION         
  2015     7    25     0     0     0                        EPOCH OF FIRST MAP  
  2015     7    26     0     0     0                        EPOCH OF LAST MAP   
  7200                                                      INTERVAL            
    13                                                      # OF MAPS IN FILE   
  NONE                                                      MAPPING FUNCTION    
10.0                                                        ELEVATION CUTOFF    
One-way carrier phase leveled to code                       OBSERVABLES USED    
  6371.0                                                    BASE RADIUS         
 2                                                          MAP DIMENSION       
   450.0 450.0   0.0                                        HGT1 / HGT2 / DHGT  
    87.5 -87.5  -2.5                                        LAT1 / LAT2 / DLAT  
  -180.0 180.0   5.0                                        LON1 / LON2 / DLON  
    -1                                                      EXPONENT            
                                                            END OF HEADER       
[from data line 5148]
    13                                                      START OF TEC MAP    
  2015     7    26     0     0     0                        EPOCH OF CURRENT MAP
    87.5-180.0 180.0   5.0 450.0                            LAT/LON1/LON2/DLON/H
  161  129  127  125  125  123  125  125  127  126  128  126  128  126  127  125
  126  124  125  122  124  121  122  120  121  119  120  117  119  116  117  114
  116  113  114  111  113  109  111  108  110  106  109  105  108  105  107  104
  107  104  106  104  107  104  107  105  108  106  109  107  110  109  111  110
  113  112  115  114  119  118  123  149  161                                   
    85.0-180.0 180.0   5.0 450.0                            LAT/LON1/LON2/DLON/H
  136  133  136  136  137  133  137  136  139  138  140  138  140  137  138  135
  136  132  133  130  131  127  128  125  126  122  123  120  120  117  117  114
  114  111  112  108  109  106  107  104  105  102  104  101  103  100  101   99
  101   99  101  100  102  101  103  102  105  105  107  107  110  109  112  111
  115  115  119  119  124  119  118  120  136                                   
    82.5-180.0 180.0   5.0 450.0                            LAT/LON1/LON2/DLON/H
  137  138  141  144  144  141  146  144  149  146  149  146  149  144  146  141
  142  137  138  133  134  129  130  125  126  121  122  117  118  113  114  110
  111  106  108  104  106  102  104  101  102   99  101   98  100   97  100   97
  100   97  100   98  102   99  103  101  105  103  107  105  111  108  113  111
  117  115  122  121  128  124  124  122  137                                   
    80.0-180.0 180.0   5.0 450.0                            LAT/LON1/LON2/DLON/H
  142  143  146  149  148  148  151  153  155  155  156  155  155  153  151  148
  146  143  140  138  135  132  130  128  126  123  121  118  116  114  112  110
  109  107  107  105  105  104  104  103  104  102  103  102  102  101  102  100
  102  100  102  101  103  103  105  104  107  107  109  110  112  113  115  116
  119  120  125  127  131  130  129  128  142                                   
    77.5-180.0 180.0   5.0 450.0                            LAT/LON1/LON2/DLON/H
  143  141  143  146  145  146  149  151  154  155  156  156  155  153  151  148
  144  141  138  134  131  128  126  123  121  118  115  113  111  108  107  105
  104  102  102  101  101  100  101  101  101  100  101  101  100  100  100  100
  100  100  101  102  103  104  105  106  107  109  110  111  113  114  115  116
  118  119  122  124  128  127  129  125  143                                   
    75.0-180.0 180.0   5.0 450.0                            LAT/LON1/LON2/DLON/H
  139  136  138  141  140  141  145  148  151  153  154  154  153  151  148  144
  140  137  133  130  126  123  121  118  116  113  112  109  107  105  104  102
  100   99   99   98   99   98  100  100  100  100  101  101  101  101  103  103
  103  103  105  105  107  107  109  109  111  111  113  114  115  116  116  116
  117  118  120  121  124  124  124  123  139                                   
    72.5-180.0 180.0   5.0 450.0                            LAT/LON1/LON2/DLON/H
  135  132  133  135  134  135  138  142  145  148  150  150  149  146  143  139
  135  131  127  124  121  118  116  113  111  108  107  105  102  100   98   96
   95   94   94   94   93   94   95   96   96   97   98   99   99  100  101  103
  103  105  106  107  107  109  110  111  111  112  113  114  115  115  115  115
  115  114  116  117  120  120  121  119  135                                   
    70.0-180.0 180.0   5.0 450.0                            LAT/LON1/LON2/DLON/H
  131  127  129  131  131  131  136  139  143  146  149  149  148  145  142  137
  133  128  126  122  120  116  115  112  110  107  106  103  100   97   96   93
   92   91   91   90   90   90   91   91   91   91   93   94   95   96  100  101
  104  105  108  109  110  111  112  113  114  115  116  117  117  117  117  116
  115  115  117  117  119  118  118  119  131                                   
    67.5-180.0 180.0   5.0 450.0                            LAT/LON1/LON2/DLON/H
  131  128  128  129  127  128  132  135  140  143  147  148  147  145  141  137
  132  128  125  122  119  117  114  112  109  106  104  101   98   96   93   91
   89   87   87   85   84   83   83   82   82   82   84   86   87   90   94   97
  100  103  106  108  109  110  111  113  114  115  116  117  118  117  117  116
  115  114  116  117  120  119  119  117  131                                   
    65.0-180.0 180.0   5.0 450.0                            LAT/LON1/LON2/DLON/H
  130  129  129  130  129  129  132  135  140  143  147  149  149  147  143  139
  134  130  128  125  122  120  118  114  112  108  106  102   99   96   94   91
   89   86   85   82   80   78   77   75   75   75   78   79   82   86   90   94
   98  101  104  106  108  110  112  114  115  117  119  120  120  120  119  118
  117  117  120  121  124  122  121  120  130                                   
    62.5-180.0 180.0   5.0 450.0                            LAT/LON1/LON2/DLON/H
  136  134  133  133  131  130  131  134  139  143  147  149  150  149  146  142
  138  134  131  129  127  124  121  118  115  111  108  104  101   98   96   93
   89   85   81   78   74   71   70   68   68   68   71   73   76   80   85   90
   94   97  101  103  105  107  110  112  115  118  120  121  122  120  119  117
  117  118  121  124  128  128  127  124  136                                   
    60.0-180.0 180.0   5.0 450.0                            LAT/LON1/LON2/DLON/H
  140  138  139  138  136  134  134  136  140  144  147  149  151  151  148  145
  142  139  137  135  134  131  128  124  121  116  113  109  107  103  101   96
   92   87   83   77   73   69   67   65   65   66   68   70   73   77   82   86
   90   93   97  100  103  106  110  113  117  120  123  124  125  123  122  120
  120  121  126  130  135  134  134  130  140                                   
    57.5-180.0 180.0   5.0 450.0                            LAT/LON1/LON2/DLON/H
  149  147  146  145  141  138  137  138  141  144  147  150  152  152  150  149
  147  146  144  143  142  140  136  132  127  123  119  116  113  110  106  101
   95   89   83   77   71   67   66   65   65   66   68   70   72   75   79   81
   85   88   92   96  101  105  110  114  119  123  126  127  128  126  124  121
  122  123  129  134  140  142  141  135  149                                   
    55.0-180.0 180.0   5.0 450.0                            LAT/LON1/LON2/DLON/H
  155  154  154  153  149  145  143  143  145  146  148  150  152  152  151  151
  150  150  150  150  149  148  143  138  134  129  125  122  120  116  112  106
  100   93   87   79   75   71   69   69   70   71   72   73   74   76   78   80
   83   86   91   94  101  106  112  118  124  128  132  132  133  130  128  124
  125  127  134  140  147  149  147  142  155                                   
    52.5-180.0 180.0   5.0 450.0                            LAT/LON1/LON2/DLON/H
  166  164  163  161  156  153  149  148  148  149  149  150  152  153  152  153
  153  156  156  158  158  156  151  146  141  136  132  129  127  124  118  112
  104   97   89   83   78   76   75   76   77   78   78   79   79   79   80   81
   84   86   91   96  104  111  118  124  131  135  138  139  138  135  132  129
  129  131  138  144  152  154  154  148  166                                   
    50.0-180.0 180.0   5.0 450.0                            LAT/LON1/LON2/DLON/H
  171  170  171  171  166  163  160  157  156  155  153  153  154  153  153  154
  156  159  161  163  163  161  156  151  146  142  138  134  133  128  122  114
  108  100   93   87   84   83   83   84   85   86   85   85   83   82   82   82
   85   88   94   99  109  116  126  132  140  143  147  146  146  142  139  135
  137  138  145  150  158  159  158  152  171                                   
    47.5-180.0 180.0   5.0 450.0                            LAT/LON1/LON2/DLON/H
  181  178  179  179  176  173  169  167  164  162  159  158  157  157  157  159
  161  165  166  169  168  166  161  157  151  149  144  143  139  135  126  120
  111  105   97   93   91   90   91   92   93   93   92   91   88   87   86   86
   89   92   97  104  115  124  133  141  148  152  154  154  153  150  146  144
  144  146  152  157  163  163  162  156  181                                   
    45.0-180.0 180.0   5.0 450.0                            LAT/LON1/LON2/DLON/H
  185  185  187  188  186  184  182  178  175  172  168  166  164  164  162  164
  166  170  171  173  171  169  164  159  156  153  150  147  144  137  130  121
  114  107  103   99   98   97   98   99   99   99   97   95   92   90   89   90
   93   95  102  107  120  128  140  146  156  158  163  161  161  158  156  153
  154  155  161  165  170  169  166  162  185                                   
    42.5-180.0 180.0   5.0 450.0                            LAT/LON1/LON2/DLON/H
  194  192  195  196  195  194  192  189  186  182  177  175  173  173  171  174
  175  178  179  180  176  174  167  164  160  159  156  154  148  143  133  126
  118  115  110  108  106  106  106  106  105  104  102   99   96   95   94   95
   98  100  105  112  124  134  145  153  162  165  168  167  167  165  163  162
  163  165  170  173  176  174  173  169  194                                   
    40.0-180.0 180.0   5.0 450.0                            LAT/LON1/LON2/DLON/H
  201  202  206  207  205  204  202  199  196  191  188  185  184  184  182  185
  185  187  186  185  180  176  170  167  165  163  161  157  152  145  136  129
  124  121  119  116  115  113  112  111  110  109  106  103  100   98   98   99
  102  103  108  113  127  136  149  157  167  169  174  172  175  173  173  171
  175  176  182  183  185  183  182  179  201                                   
    37.5-180.0 180.0   5.0 450.0                            LAT/LON1/LON2/DLON/H
  214  214  217  218  217  216  213  209  205  200  196  194  193  194  193  196
  196  198  195  192  186  182  176  174  170  170  166  164  156  150  140  136
  131  131  129  128  125  123  119  117  116  114  111  108  104  103  103  105
  107  108  112  118  129  141  152  162  170  173  177  178  180  180  181  181
  185  188  193  194  195  193  194  191  214                                   
    35.0-180.0 180.0   5.0 450.0                            LAT/LON1/LON2/DLON/H
  227  228  235  236  234  231  227  221  217  210  206  204  204  204  204  207
  206  207  202  198  192  188  182  180  178  176  172  167  161  153  146  141
  139  139  139  137  134  130  126  122  121  119  117  114  110  108  108  108
  110  109  112  116  129  139  154  161  172  174  180  181  186  186  189  189
  194  196  204  205  207  206  207  207  227                                   
    32.5-180.0 180.0   5.0 450.0                            LAT/LON1/LON2/DLON/H
  248  244  253  256  254  251  245  239  232  226  218  215  214  214  214  216
  216  215  210  206  199  196  191  189  186  184  178  174  165  159  150  148
  145  147  146  145  140  136  131  128  126  125  122  120  115  112  111  111
  112  110  112  115  126  137  150  162  172  178  184  188  192  193  195  196
  201  205  212  214  217  218  222  226  248                                   
    30.0-180.0 180.0   5.0 450.0                            LAT/LON1/LON2/DLON/H
  266  265  275  279  278  275  269  261  255  246  239  233  232  229  227  228
  225  223  216  212  206  204  200  198  194  191  184  178  170  161  154  150
  149  150  150  147  142  136  131  128  128  128  126  123  118  114  111  109
  109  106  107  109  120  130  146  158  171  180  189  193  200  200  203  203
  209  213  222  227  229  232  238  245  266                                   
    27.5-180.0 180.0   5.0 450.0                            LAT/LON1/LON2/DLON/H
  286  285  295  302  303  302  295  289  281  273  263  257  252  247  244  241
  237  232  225  220  214  214  210  207  202  197  188  182  172  164  155  152
  149  150  147  145  138  133  127  126  127  129  127  124  118  113  109  106
  105  102  103  104  114  124  139  153  170  182  193  201  207  210  211  211
  215  222  231  238  243  247  252  258  286                                   
    25.0-180.0 180.0   5.0 450.0                            LAT/LON1/LON2/DLON/H
  301  306  317  326  330  331  325  318  310  302  292  284  279  272  265  260
  252  245  234  229  224  223  220  215  207  199  190  181  172  162  154  148
  145  142  139  134  129  122  120  118  121  123  124  120  115  107  103   98
   98   94   96   97  106  117  133  149  166  183  196  207  215  217  218  216
  222  227  239  248  253  260  266  273  301                                   
    22.5-180.0 180.0   5.0 450.0                            LAT/LON1/LON2/DLON/H
  315  319  334  346  354  356  352  347  340  332  322  313  306  297  288  278
  270  258  247  239  235  233  227  219  207  196  184  176  166  158  147  141
  134  130  125  121  114  110  106  108  111  115  117  114  108  101   95   91
   91   88   91   92  101  111  128  145  165  183  200  214  222  225  224  222
  226  231  245  253  261  268  273  282  315                                   
    20.0-180.0 180.0   5.0 450.0                            LAT/LON1/LON2/DLON/H
  322  332  347  360  371  375  374  371  366  359  350  342  333  323  311  300
  288  276  261  252  245  240  233  219  205  189  177  167  159  148  139  129
  121  114  109  103  100   94   93   94  101  104  108  105  100   93   88   83
   84   84   87   90  100  111  127  145  166  187  205  221  230  233  233  230
  235  239  253  260  268  276  284  292  322                                   
    17.5-180.0 180.0   5.0 450.0                            LAT/LON1/LON2/DLON/H
  328  336  352  366  380  387  388  389  386  384  376  369  359  348  335  322
  310  293  278  264  256  246  234  216  197  180  164  155  147  138  127  116
  105   98   93   89   85   83   81   84   90   94   98   97   92   87   82   79
   80   81   84   87   96  107  126  144  168  191  213  229  240  244  243  242
  245  252  264  270  278  285  289  299  328                                   
    15.0-180.0 180.0   5.0 450.0                            LAT/LON1/LON2/DLON/H
  328  339  354  368  382  389  394  397  399  399  396  391  382  370  356  343
  329  312  293  277  263  249  232  209  188  167  152  141  135  126  115  103
   93   85   82   78   78   75   76   77   84   86   91   89   88   83   81   77
   79   80   84   88   96  107  125  144  169  194  217  236  247  253  255  254
  258  265  276  280  285  291  299  306  328                                   
    12.5-180.0 180.0   5.0 450.0                            LAT/LON1/LON2/DLON/H
  330  338  353  364  377  383  389  396  400  405  405  406  398  388  374  361
  348  330  310  289  270  250  227  201  176  154  138  129  123  116  106   95
   85   80   78   77   75   74   73   74   78   80   83   84   83   81   79   77
   77   79   81   83   90  101  119  140  168  194  220  239  256  265  269  271
  274  280  289  292  297  302  308  317  330                                   
    10.0-180.0 180.0   5.0 450.0                            LAT/LON1/LON2/DLON/H
  331  339  352  360  370  374  380  384  392  399  402  406  403  396  383  372
  359  343  320  296  271  247  219  192  165  143  129  121  117  111  104   94
   88   84   84   84   82   79   78   77   79   79   83   83   85   83   83   81
   80   80   80   82   87   99  114  136  163  191  217  240  257  271  278  282
  287  293  302  307  309  317  323  328  331                                   
     7.5-180.0 180.0   5.0 450.0                            LAT/LON1/LON2/DLON/H
  335  344  356  359  364  366  369  373  379  387  392  399  398  394  384  375
  365  349  327  299  271  241  211  183  155  135  122  117  114  111  105   98
