data/unet/pred0290.15i
     1.0            IONOSPHERE MAPS     GNSS                IONEX VERSION / TYPE
pyspatialgeodesy        IME             05-JAN-18 20:20     PGM / RUN BY / DATE 
Map Name                                                    COMMENT             
Predicted global ionosphere maps (GIM).                     DESCRIPTION         
  2015     1    29     0     0     0                        EPOCH OF FIRST MAP  
  2015     1    30     0     0     0                        EPOCH OF LAST MAP   
  7200                                                      INTERVAL            
    13                                                      # OF MAPS IN FILE   
  NONE                                                      MAPPING FUNCTION    
10.0                                                        ELEVATION CUTOFF    
One-way carrier phase leveled to code                       OBSERVABLES USED    
  6371.0                                                    BASE RADIUS         
 2                                                          MAP DIMENSION       
   450.0 450.0   0.0                                        HGT1 / HGT2 / DHGT  
    87.5 -87.5  -2.5                                        LAT1 / LAT2 / DLAT  
  -180.0 180.0   5.0                                        LON1 / LON2 / DLON  
    -1                                                      EXPONENT            
                                                            END OF HEADER       
[from data line 858]
     3                                                      START OF TEC MAP    
  2015     1    29     4     0     0                        EPOCH OF CURRENT MAP
    87.5-180.0 180.0   5.0 450.0                            LAT/LON1/LON2/DLON/H
   80  101   82   80   80   76   78   75   78   75   77   74   76   73   75   72
   73   70   71   68   69   68   68   67   67   66   67   66   66   66   67   65
   67   66   68   66   69   67   70   68   71   69   71   69   72   71   73   72
   74   73   75   73   75   73   75   73   76   73   75   73   76   74   77   74
   78   75   78   75   78   72   94   81   80                                   
    85.0-180.0 180.0   5.0 450.0                            LAT/LON1/LON2/DLON/H
  106  103   83   85   82   80   80   79   80   79   78   78   77   77   75   75
   73   72   69   69   66   66   62   63   60   61   58   60   59   61   60   63
   63   66   66   69   70   72   73   75   76   77   77   79   79   81   81   82
   82   84   83   84   84   85   85   85   86   86   86   87   88   88   88   88
   90   88   89   86   86   82   93  105  106                                   
    82.5-180.0 180.0   5.0 450.0                            LAT/LON1/LON2/DLON/H
   98   84   81   82   77   74   74   74   75   74   74   74   74   72   71   70
   68   65   62   59   56   52   48   45   43   40   40   39   40   41   43   45
   48   51   53   57   59   63   64   68   69   72   72   75   75   77   76   79
   78   80   78   81   80   82   81   83   83   85   84   87   86   89   87   91
   90   93   91   91   87   83   91   97   98                                   
    80.0-180.0 180.0   5.0 450.0                            LAT/LON1/LON2/DLON/H
  107   93   90   89   86   84   82   84   83   84   82   85   83   84   81   82
   77   76   70   66   60   55   48   44   39   37   34   35   35   38   39   45
   47   53   55   63   65   71   73   78   79   81   81   83   82   84   82   83
   82   83   83   85   86   88   89   92   94   96   98  101  102  104  105  107
  108  109  108  107  102   96  101  102  107                                   
    77.5-180.0 180.0   5.0 450.0                            LAT/LON1/LON2/DLON/H
  115   93   92   89   82   79   77   78   78   79   80   82   83   84   82   82
   78   75   69   65   57   51   43   38   32   29   27   28   30   34   37   43
   47   54   59   67   71   76   78   82   83   84   84   84   82   82   80   81
   80   81   81   84   85   90   93   99  102  107  111  117  118  123  123  126
  125  126  124  120  114  108  114  108  115                                   
    75.0-180.0 180.0   5.0 450.0                            LAT/LON1/LON2/DLON/H
  121  101   95   90   82   79   77   76   77   78   79   82   82   83   83   81
   77   73   67   61   53   47   41   34   30   26   26   27   30   34   40   45
   51   58   64   71   75   79   81   84   83   83   81   80   76   77   74   74
   71   74   75   81   83   91   96  105  111  119  126  132  136  139  140  141
  140  141  139  137  128  120  124  119  121                                   
    72.5-180.0 180.0   5.0 450.0                            LAT/LON1/LON2/DLON/H
  135  104  101   93   83   78   74   73   72   73   74   77   77   79   78   76
   72   68   63   57   50   45   40   36   32   30   32   32   38   40   48   52
   59   65   71   75   78   80   82   82   81   80   77   74   72   68   67   62
   64   64   71   75   85   95  106  115  126  134  144  151  157  161  162  163
  161  159  155  151  145  140  140  133  135                                   
    70.0-180.0 180.0   5.0 450.0                            LAT/LON1/LON2/DLON/H
  144  121  111  100   89   82   76   74   72   71   71   73   74   73   73   69
   67   60   58   51   48   42   41   36   39   36   43   43   51   53   61   63
   70   71   76   77   80   80   81   79   78   74   71   67   61   58   54   54
   54   60   66   78   90  103  116  127  138  146  158  165  173  175  178  178
  178  174  173  168  164  158  159  149  144                                   
    67.5-180.0 180.0   5.0 450.0                            LAT/LON1/LON2/DLON/H
  160  135  123  110   95   86   78   74   71   70   68   69   67   67   63   61
   57   53   49   46   42   41   40   41   44   47   53   57   63   66   70   71
   73   73   74   75   74   74   73   71   69   64   62   55   53   47   48   46
   52   56   71   84  103  117  134  144  158  165  176  182  188  191  193  194
  193  192  187  184  177  176  175  163  160                                   
    65.0-180.0 180.0   5.0 450.0                            LAT/LON1/LON2/DLON/H
  169  150  136  120  104   93   83   78   74   71   68   66   64   60   57   53
   50   46   43   41   40   39   43   44   52   55   65   67   73   73   75   74
   73   71   69   67   66   64   61   58   55   52   48   43   40   39   38   41
   46   59   75   95  114  132  149  162  177  185  194  197  203  203  205  203
  203  200  197  192  189  186  189  173  169                                   
    62.5-180.0 180.0   5.0 450.0                            LAT/LON1/LON2/DLON/H
  181  160  147  129  110   98   87   80   76   74   70   67   62   58   53   49
   45   43   41   40   38   40   42   47   53   60   65   70   72   73   71   68
   65   61   58   55   53   50   49   46   45   40   40   34   35   33   36   40
   51   66   88  107  130  145  163  176  191  199  206  210  214  214  213  210
  208  205  201  199  196  196  197  183  181                                   
    60.0-180.0 180.0   5.0 450.0                            LAT/LON1/LON2/DLON/H
  186  169  154  135  115  102   90   83   78   75   70   67   62   56   51   47
   45   43   41   39   39   39   44   46   54   58   65   68   71   68   65   60
   56   51   47   43   43   41   40   37   37   34   34   31   32   32   36   42
   56   77   99  120  141  157  174  186  201  206  214  215  223  222  223  218
  215  210  205  203  202  198  203  188  186                                   
    57.5-180.0 180.0   5.0 450.0                            LAT/LON1/LON2/DLON/H
  193  175  162  145  119  105   92   84   77   75   70   68   62   57   52   50
   47   47   46   43   41   40   41   44   50   55   58   60   61   58   54   50
   46   43   41   39   41   38   38   36   38   35   37   33   37   36   43   50
   70   89  113  132  154  168  185  196  208  215  221  227  232  233  231  227
  220  215  209  209  207  205  207  194  193                                   
    55.0-180.0 180.0   5.0 450.0                            LAT/LON1/LON2/DLON/H
  199  184  170  150  126  110   96   88   79   76   68   66   61   57   55   53
   53   52   52   46   44   39   41   40   47   48   54   53   55   50   48   44
   43   41   42   41   44   42   43   41   44   42   44   41   43   43   51   61
   82  103  125  144  163  180  194  203  215  219  228  233  241  242  240  236
  229  225  219  218  216  211  215  202  199                                   
    52.5-180.0 180.0   5.0 450.0                            LAT/LON1/LON2/DLON/H
  210  195  181  164  137  121  104   93   81   76   67   65   59   59   57   58
   58   58   57   51   46   41   39   39   44   47   49   50   48   46   44   43
   43   44   48   49   53   51   53   52   55   53   55   52   55   56   63   76
   97  116  137  155  175  191  203  211  221  228  236  245  251  254  249  245
  237  233  227  225  223  222  223  214  210                                   
    50.0-180.0 180.0   5.0 450.0                            LAT/LON1/LON2/DLON/H
  221  206  191  173  152  134  116  101   88   79   67   64   58   56   57   58
   62   59   61   51   49   40   41   38   47   47   53   49   51   46   46   44
   49   52   58   60   64   64   66   65   67   66   67   65   67   69   77   93
  112  130  151  169  190  203  216  221  231  237  246  255  263  265  260  256
  248  245  239  237  233  228  232  222  221                                   
    47.5-180.0 180.0   5.0 450.0                            LAT/LON1/LON2/DLON/H
  234  218  204  194  173  155  131  115   95   84   72   66   58   58   58   60
   62   61   60   54   51   45   46   47   56   59   61   59   56   52   50   50
   54   60   66   70   76   75   79   77   80   78   80   78   82   84   96  110
  129  147  167  185  204  217  227  234  242  250  257  266  271  274  268  262
  253  250  244  242  238  236  235  230  234                                   
    45.0-180.0 180.0   5.0 450.0                            LAT/LON1/LON2/DLON/H
  235  222  211  203  188  170  147  126  106   91   76   69   61   59   58   58
   60   58   61   55   56   52   58   60   72   73   76   70   67   59   57   55
   60   65   70   75   78   81   82   85   85   87   86   88   91   98  112  127
  145  162  183  200  219  230  240  245  253  260  265  272  275  277  270  264
  256  252  247  244  241  235  238  228  235                                   
    42.5-180.0 180.0   5.0 450.0                            LAT/LON1/LON2/DLON/H
  235  220  211  210  197  184  161  140  117  102   86   78   69   66   63   62
   61   61   62   61   63   67   75   83   90   94   92   86   78   69   63   58
   62   63   70   72   79   80   86   86   92   91   95   95  103  111  128  143
  163  179  199  216  232  243  251  257  264  268  271  275  279  277  271  263
  253  250  243  240  236  233  232  225  235                                   
    40.0-180.0 180.0   5.0 450.0                            LAT/LON1/LON2/DLON/H
  220  209  198  198  195  184  166  145  126  110   95   88   79   75   70   67
   67   66   69   72   79   85   95  102  110  109  106   98   88   77   66   62
   60   65   65   74   74   83   83   92   92   97   97  102  111  125  141  157
  177  194  214  230  247  256  266  271  278  281  281  282  283  282  274  265
  256  252  246  242  238  229  232  217  220                                   
    37.5-180.0 180.0   5.0 450.0                            LAT/LON1/LON2/DLON/H
  211  194  181  185  181  177  163  149  131  118  105  100   93   89   82   79
   77   78   83   88   96  104  113  121  125  126  118  108   97   81   71   60
   62   64   68   74   78   85   88   95   99  102  106  109  124  134  156  170
  193  208  229  244  260  272  283  291  296  298  296  296  295  293  284  276
  265  263  255  250  241  233  230  216  211                                   
    35.0-180.0 180.0   5.0 450.0                            LAT/LON1/LON2/DLON/H
  202  182  166  163  164  160  153  143  131  121  112  108  105  100   95   92
   92   93  100  106  116  122  131  135  140  135  126  116  104   94   75   72
   65   69   69   75   78   84   89   97  100  105  107  115  129  145  163  182
  202  219  240  255  273  287  301  309  316  321  320  321  318  316  308  301
  292  288  280  272  261  244  243  225  202                                   
    32.5-180.0 180.0   5.0 450.0                            LAT/LON1/LON2/DLON/H
  214  186  163  154  147  146  139  134  125  119  114  114  111  109  105  104
  105  109  116  124  131  138  143  146  145  140  133  119  112  101   91   84
   81   81   82   87   91   94   98  104  108  111  114  122  137  153  173  191
  211  228  248  265  285  303  321  333  342  347  350  352  352  352  348  345
  338  333  324  313  299  277  265  250  214                                   
    30.0-180.0 180.0   5.0 450.0                            LAT/LON1/LON2/DLON/H
  229  204  172  150  141  133  129  124  119  114  112  113  114  113  112  112
  117  120  128  133  142  143  147  145  146  141  134  128  120  115  105  103
  102  102  107  104  106  104  107  107  112  112  115  121  140  158  180  201
  219  239  256  276  297  322  343  357  372  382  388  392  396  401  406  405
  403  397  389  375  361  335  312  290  229                                   
    27.5-180.0 180.0   5.0 450.0                            LAT/LON1/LON2/DLON/H
  282  238  205  177  154  145  132  126  117  112  108  110  111  113  112  116
  120  127  132  138  142  141  141  140  141  138  137  136  134  136  131  133
  127  134  133  135  125  121  115  111  112  113  115  124  141  159  181  201
  222  239  259  278  302  326  355  378  399  415  427  438  448  461  468  472
  469  467  461  445  431  409  370  354  282                                   
    25.0-180.0 180.0   5.0 450.0                            LAT/LON1/LON2/DLON/H
  341  288  249  209  180  163  148  133  121  110  105  104  106  108  109  112
  119  122  129  128  130  126  127  128  133  138  142  150  155  161  163  165
  162  160  157  148  141  131  122  116  113  112  116  125  140  159  179  203
  225  246  266  291  317  346  374  400  423  443  460  473  492  507  526  536
  542  545  541  529  514  494  457  441  341                                   
    22.5-180.0 180.0   5.0 450.0                            LAT/LON1/LON2/DLON/H
  410  366  313  266  221  205  173  159  137  126  114  111  106  108  105  109
  111  115  116  117  115  114  117  122  133  145  155  171  175  189  191  195
  189  185  171  162  144  133  119  110  106  107  112  124  139  159  183  205
  229  250  274  301  332  363  398  426  452  474  491  512  534  559  577  593
  599  606  607  596  587  579  560  537  410                                   
    20.0-180.0 180.0   5.0 450.0                            LAT/LON1/LON2/DLON/H
  477  444  395  337  274  244  210  186  164  141  127  114  110  105  104  103
  103  103  101   99  100  101  112  124  140  156  175  191  206  221  227  221
  207  189  178  162  145  129  114  105  100  103  110  122  137  163  188  212
  238  260  290  321  354  386  425  455  480  502  525  544  575  600  629  644
  652  659  662  655  645  654  648  623  477                                   
    17.5-180.0 180.0   5.0 450.0                            LAT/LON1/LON2/DLON/H
  553  526  482  417  352  310  258  232  197  177  153  140  128  123  117  112
  107  101   96   93   96  103  118  137  158  181  200  221  232  246  239  225
  204  183  169  151  136  119  104   99   90   97  103  118  136  167  195  221
  250  273  307  337  374  409  452  483  511  535  560  580  605  628  650  663
  667  674  678  679  684  711  710  688  553                                   
    15.0-180.0 180.0   5.0 450.0                            LAT/LON1/LON2/DLON/H
  610  599  552  484  425  375  319  277  237  209  195  172  161  146  142  132
  123  113  103  102  108  119  140  163  192  215  236  249  253  251  235  210
  190  168  151  137  119  108   97   94   84   89   95  113  135  168  201  231
  264  290  325  356  396  432  471  501  532  559  587  604  624  638  656  663
  668  670  677  680  690  725  734  732  610                                   
    12.5-180.0 180.0   5.0 450.0                            LAT/LON1/LON2/DLON/H
  657  653  609  553  503  445  391  334  284  244  221  211  198  190  181  173
  158  144  133  133  140  159  182  211  236  263  272  280  266  248  225  198
  181  155  138  121  107   99   91   89   80   84   92  109  138  174  211  239
  275  302  338  368  411  446  483  514  546  576  602  616  627  637  644  650
  648  651  654  660  674  719  738  738  657                                   
    10.0-180.0 180.0   5.0 450.0                            LAT/LON1/LON2/DLON/H
  681  682  653  605  569  507  463  394  349  300  267  243  239  233  231  220
  210  197  184  186  196  214  238  264  289  302  303  288  262  228  199  171
  153  133  121  109  100   95   90   88   77   81   88  107  141  179  219  249
  285  313  349  379  420  454  484  516  548  582  609  621  630  634  637  637
  635  631  635  635  652  687  715  728  681                                   
     7.5-180.0 180.0   5.0 450.0                            LAT/LON1/LON2/DLON/H
  685  694  677  653  618  572  518  459  409  360  328  297  282  278  269  273
  261  254  245  250  260  281  301  325  334  336  319  290  250  207  181  153
