data/unet/pred3530.15i
     1.0            IONOSPHERE MAPS     GNSS                IONEX VERSION / TYPE
pyspatialgeodesy        IME             05-JAN-18 20:20     PGM / RUN BY / DATE 
Map Name                                                    COMMENT             
Predicted global ionosphere maps (GIM).                     DESCRIPTION         
  2015    12    19     0     0     0                        EPOCH OF FIRST MAP  
  2015    12    20     0     0     0                        EPOCH OF LAST MAP   
  7200                                                      INTERVAL            
    13                                                      # OF MAPS IN FILE   
  NONE                                                      MAPPING FUNCTION    
10.0                                                        ELEVATION CUTOFF    
One-way carrier phase leveled to code                       OBSERVABLES USED    
  6371.0                                                    BASE RADIUS         
 2                                                          MAP DIMENSION       
   450.0 450.0   0.0                                        HGT1 / HGT2 / DHGT  
    87.5 -87.5  -2.5                                        LAT1 / LAT2 / DLAT  
  -180.0 180.0   5.0                                        LON1 / LON2 / DLON  
    -1                                                      EXPONENT            
                                                            END OF HEADER       
[from data line 3861]
    10                                                      START OF TEC MAP    
  2015    12    19    18     0     0                        EPOCH OF CURRENT MAP
    87.5-180.0 180.0   5.0 450.0                            LAT/LON1/LON2/DLON/H
  103   64   61   65   65   64   65   65   66   65   66   66   67   67   68   69
   69   70   70   71   71   71   71   72   71   72   72   72   72   71   71   71
   71   69   70   69   68   67   67   66   66   65   64   64   64   63   63   62
   62   62   62   62   62   62   62   62   62   63   63   63   63   63   64   63
   64   63   63   63   67   61   68   89  103                                   
    85.0-180.0 180.0   5.0 450.0                            LAT/LON1/LON2/DLON/H
   53   49   46   51   52   55   53   56   54   57   55   58   56   59   57   60
   58   62   60   63   61   64   61   64   62   65   63   65   63   65   63   64
   63   64   61   63   60   61   58   59   56   57   54   55   52   54   51   52
   50   52   49   51   49   52   49   51   50   52   50   52   50   53   50   52
   50   52   49   51   51   49   60   71   53                                   
    82.5-180.0 180.0   5.0 450.0                            LAT/LON1/LON2/DLON/H
   42   39   40   42   43   45   45   47   47   50   49   52   52   55   55   58
   57   61   60   62   61   64   62   65   63   65   63   65   63   65   62   64
   62   63   60   61   57   58   54   55   52   52   49   49   47   48   45   47
   44   46   44   46   44   47   45   47   45   47   45   47   45   47   44   46
   42   45   41   43   42   39   45   44   42                                   
    80.0-180.0 180.0   5.0 450.0                            LAT/LON1/LON2/DLON/H
   36   35   32   35   36   38   38   41   41   45   45   49   50   53   54   56
   58   60   61   62   63   64   63   64   64   64   63   64   63   64   62   63
   62   62   59   59   56   56   52   51   49   48   45   45   44   44   43   43
   43   44   44   44   45   46   46   47   46   48   47   48   46   47   44   45
   41   43   38   39   38   33   40   36   36                                   
    77.5-180.0 180.0   5.0 450.0                            LAT/LON1/LON2/DLON/H
   30   31   30   30   33   33   36   36   40   41   45   46   49   51   54   55
   58   59   61   61   62   62   63   61   61   59   60   59   59   58   59   57
   58   56   57   53   52   49   48   44   43   41   40   38   39   38   40   39
   41   41   43   44   46   47   49   48   50   50   50   49   49   48   47   44
   43   40   39   37   37   31   34   34   30                                   
    75.0-180.0 180.0   5.0 450.0                            LAT/LON1/LON2/DLON/H
   32   30   27   30   31   35   35   38   39   43   44   49   50   54   55   59
   60   64   65   67   66   67   65   63   61   60   58   57   56   56   56   55
   54   54   52   50   47   46   42   41   37   37   35   35   35   36   37   38
   40   42   44   46   48   50   51   53   53   55   54   54   53   53   50   49
   45   44   40   39   37   30   37   38   32                                   
    72.5-180.0 180.0   5.0 450.0                            LAT/LON1/LON2/DLON/H
   33   32   30   31   35   35   38   39   42   44   47   50   54   57   63   65
   71   72   76   75   77   75   74   69   67   62   61   56   57   54   56   52
   54   51   52   46   45   40   39   34   34   31   33   30   34   33   37   37
   41   42   47   47   51   51   54   53   56   55   58   56   57   54   55   51
   50   46   45   40   40   34   39   36   33                                   
    70.0-180.0 180.0   5.0 450.0                            LAT/LON1/LON2/DLON/H
   40   37   33   36   37   40   41   44   45   49   51   57   59   66   71   77
   82   86   90   91   92   90   85   80   75   70   66   61   58   57   55   53
   52   51   48   44   40   37   34   31   30   30   30   31   33   35   37   40
   42   44   46   48   49   51   52   53   54   55   56   56   56   56   55   53
   50   50   47   46   43   35   45   43   40                                   
    67.5-180.0 180.0   5.0 450.0                            LAT/LON1/LON2/DLON/H
   42   40   39   40   41   42   43   47   48   53   57   63   69   76   84   91
   98  103  108  110  111  106  101   93   86   77   73   66   63   59   59   55
   54   51   49   42   38   32   30   27   27   26   29   30   33   34   38   38
   41   41   44   44   45   45   47   46   49   49   52   51   53   52   54   51
   51   49   49   47   46   41   48   41   42                                   
    65.0-180.0 180.0   5.0 450.0                            LAT/LON1/LON2/DLON/H
   47   44   40   43   43   45   46   50   52   59   64   73   79   89   96  106
  113  122  127  131  129  124  114  106   95   87   79   73   67   65   61   60
   56   53   48   42   34   30   25   25   22   26   25   31   31   36   36   39
   37   40   38   39   38   39   39   39   41   42   45   45   47   48   49   48
   48   48   47   48   47   41   51   46   47                                   
    62.5-180.0 180.0   5.0 450.0                            LAT/LON1/LON2/DLON/H
   45   43   42   44   44   45   48   52   57   65   73   83   91  101  110  120
  130  138  146  147  147  139  131  117  108   96   89   80   76   71   68   65
   61   55   50   42   35   28   24   23   22   24   26   29   31   34   35   35
   34   31   31   29   29   28   30   29   31   32   36   37   41   41   44   43
   45   44   47   46   47   43   52   40   45                                   
    60.0-180.0 180.0   5.0 450.0                            LAT/LON1/LON2/DLON/H
   45   45   40   44   44   45   48   55   60   72   81   93  101  113  122  133
  141  152  156  161  160  153  141  129  115  105   95   89   83   80   75   74
   66   61   51   43   33   29   23   24   21   26   25   32   30   35   32   34
   29   29   25   25   22   22   23   23   25   26   31   32   36   36   40   39
   42   42   43   45   45   40   49   39   45                                   
    57.5-180.0 180.0   5.0 450.0                            LAT/LON1/LON2/DLON/H
   42   42   41   43   44   45   50   58   66   78   89  103  113  125  134  145
  154  161  167  171  171  166  155  141  127  116  108  102   97   93   90   86
   77   68   57   46   36   30   26   26   25   27   29   33   33   34   33   31
   29   24   24   20   21   18   22   21   25   24   29   30   34   35   38   38
   41   40   43   43   44   40   47   32   42                                   
    55.0-180.0 180.0   5.0 450.0                            LAT/LON1/LON2/DLON/H
   45   46   41   44   45   48   54   63   73   87   99  112  123  135  145  154
  161  169  173  176  175  171  160  148  134  125  117  114  110  109  104   99
   87   77   62   52   41   35   32   32   32   34   36   39   37   38   35   34
   29   27   24   23   22   22   24   25   28   28   32   34   36   38   40   41
   43   43   44   45   45   39   46   33   45                                   
    52.5-180.0 180.0   5.0 450.0                            LAT/LON1/LON2/DLON/H
   47   46   45   49   50   54   61   72   83   97  109  123  134  145  154  163
  168  176  178  181  179  173  166  155  146  138  133  131  129  126  122  114
  102   86   71   58   49   43   41   41   41   44   45   46   44   42   39   36
   34   30   30   27   29   28   33   33   37   37   40   41   43   43   45   46
   48   47   50   48   48   44   48   32   47                                   
    50.0-180.0 180.0   5.0 450.0                            LAT/LON1/LON2/DLON/H
   56   56   51   57   60   64   72   83   94  108  120  132  142  151  161  167
  175  179  183  181  181  172  168  159  154  148  145  143  140  138  132  124
  109   93   77   66   58   52   51   51   53   54   55   54   53   50   47   45
   40   40   37   39   38   42   43   48   49   52   52   54   52   53   52   54
   55   57   58   58   56   49   53   43   56                                   
    47.5-180.0 180.0   5.0 450.0                            LAT/LON1/LON2/DLON/H
   64   61   61   67   71   77   86   97  108  121  132  143  151  160  168  177
  182  188  189  191  184  179  173  167  163  160  158  154  150  144  138  126
  112   95   81   71   65   62   61   61   63   64   65   64   62   59   56   53
   50   49   49   50   52   54   60   63   67   66   68   65   63   60   61   60
   63   64   67   65   65   58   61   50   64                                   
    45.0-180.0 180.0   5.0 450.0                            LAT/LON1/LON2/DLON/H
   73   72   68   79   84   92  102  114  122  136  144  153  160  167  176  184
  191  194  199  195  193  184  181  175  173  169  165  160  152  146  136  124
  109   95   83   76   72   71   71   71   72   72   73   71   70   68   66   64
   61   61   60   63   63   70   73   79   79   81   77   75   70   69   67   69
   70   73   76   77   74   67   70   66   73                                   
    42.5-180.0 180.0   5.0 450.0                            LAT/LON1/LON2/DLON/H
   76   76   79   88   95  103  116  127  138  148  157  164  170  176  184  193
  198  205  207  208  201  197  191  188  183  179  172  162  152  140  131  117
  103   91   82   79   78   79   79   79   79   78   78   76   75   73   73   71
   70   70   70   71   74   77   83   86   89   86   84   79   75   71   72   71
   75   75   80   79   79   74   77   71   76                                   
    40.0-180.0 180.0   5.0 450.0                            LAT/LON1/LON2/DLON/H
   79   81   82   93  102  113  126  139  150  160  169  175  181  186  195  200
  209  213  219  215  214  206  203  197  193  186  175  162  148  137  124  113
  100   91   86   86   88   89   89   88   86   83   83   81   80   79   79   78
   76   76   73   76   74   81   83   89   88   88   82   80   74   73   73   74
   76   77   80   81   80   76   79   75   79                                   
    37.5-180.0 180.0   5.0 450.0                            LAT/LON1/LON2/DLON/H
   74   78   84   95  106  116  132  145  160  171  182  187  193  198  205  211
  218  223  227  226  222  219  214  209  201  192  178  163  148  135  125  115
  104   99   96   99  100  102   99   97   93   90   88   86   85   84   83   83
   81   79   77   76   76   77   81   84   85   83   80   75   74   71   74   72
   75   73   76   75   76   72   76   70   74                                   
    35.0-180.0 180.0   5.0 450.0                            LAT/LON1/LON2/DLON/H
   69   74   80   93  105  118  133  149  166  179  192  198  205  209  216  219
  228  230  236  233  231  226  221  215  207  196  182  168  153  143  134  129
  123  120  120  121  123  122  119  112  106  101   98   95   94   92   91   90
   87   83   78   77   73   76   75   80   78   78   74   72   70   72   74   74
   74   72   71   70   69   64   70   66   69                                   
    32.5-180.0 180.0   5.0 450.0                            LAT/LON1/LON2/DLON/H
   60   67   77   89  102  116  133  151  171  188  202  209  218  221  226  229
  234  237  240  239  235  231  224  218  209  201  189  177  167  163  161  161
  158  156  155  154  151  149  140  133  123  117  112  109  106  103  101   99
   95   91   84   80   75   74   74   75   74   72   70   69   70   72   77   75
   75   69   68   64   63   60   63   55   60                                   
    30.0-180.0 180.0   5.0 450.0                            LAT/LON1/LON2/DLON/H
   59   66   75   90  104  118  136  155  176  194  209  217  226  229  235  236
  240  239  241  239  237  230  224  218  213  208  201  198  196  201  206  211
  210  206  203  199  193  182  172  160  150  140  135  128  124  119  117  113
  109  102   95   89   84   82   79   81   77   76   73   71   72   76   80   80
   78   73   68   64   60   55   58   51   59                                   
    27.5-180.0 180.0   5.0 450.0                            LAT/LON1/LON2/DLON/H
   58   67   78   93  109  124  142  161  181  201  215  225  234  237  242  243
  243  241  241  239  234  227  221  216  214  216  218  225  235  251  265  272
  273  265  256  243  230  216  202  188  176  168  161  154  147  141  137  133
  127  119  111  103   96   94   92   92   90   87   84   82   82   85   88   86
   84   78   73   66   61   58   57   49   58                                   
    25.0-180.0 180.0   5.0 450.0                            LAT/LON1/LON2/DLON/H
   67   74   83  102  119  137  151  172  189  207  220  229  237  241  247  247
  246  242  240  236  231  224  220  219  223  233  246  264  284  303  320  331
  330  316  298  281  263  242  227  213  203  194  188  178  172  163  160  154
  149  140  131  122  116  113  111  109  106  103   99   95   96   97  100   96
   92   88   80   73   64   60   59   57   67                                   
    22.5-180.0 180.0   5.0 450.0                            LAT/LON1/LON2/DLON/H
   76   80   93  114  132  150  166  184  201  216  229  236  243  247  251  253
  249  245  239  234  228  221  219  222  233  251  274  300  325  349  374  386
  386  363  338  308  285  260  242  228  218  211  204  196  187  180  175  171
  167  160  151  144  137  133  130  127  124  119  114  110  110  110  111  107
  102   96   88   78   71   67   64   66   76                                   
    20.0-180.0 180.0   5.0 450.0                            LAT/LON1/LON2/DLON/H
   89   89  104  126  144  164  180  199  213  227  237  242  247  250  255  258
  256  249  242  236  232  225  228  236  255  279  307  334  364  393  422  436
  432  403  365  324  293  267  246  233  223  218  212  203  194  185  182  179
  177  173  168  160  155  149  147  141  138  130  126  121  121  120  119  114
  108  102   93   86   75   73   69   75   89                                   
    17.5-180.0 180.0   5.0 450.0                            LAT/LON1/LON2/DLON/H
   98   96  113  137  158  177  194  211  226  237  246  249  254  255  264  267
  269  261  252  245  240  237  242  256  278  306  334  364  397  431  461  467
  461  425  385  337  303  272  250  234  222  215  207  197  186  178  176  176
  176  176  172  168  163  159  155  152  146  140  134  130  127  127  124  117
  110  103   97   89   81   77   77   85   98                                   
    15.0-180.0 180.0   5.0 450.0                            LAT/LON1/LON2/DLON/H
  104  105  120  145  165  188  205  223  236  247  256  259  265  267  277  282
  289  283  275  265  260  259  268  285  310  336  364  391  423  452  470  471
  459  420  375  331  297  267  244  228  215  206  196  181  170  161  162  161
  167  167  169  165  163  157  153  149  146  140  136  130  128  124  122  114
  108  103   98   94   83   83   81   92  104                                   
    12.5-180.0 180.0   5.0 450.0                            LAT/LON1/LON2/DLON/H
  106  111  126  152  173  196  217  235  251  260  269  272  280  282  295  300
  311  306  303  295  288  291  300  319  342  367  390  416  439  457  466  458
  442  406  369  329  298  269  245  227  211  199  181  165  151  143  143  148
  154  160  163  163  159  154  149  147  143  141  136  132  126  125  118  111
  103   97   95   90   86   85   88   94  106                                   
    10.0-180.0 180.0   5.0 450.0                            LAT/LON1/LON2/DLON/H
  108  117  131  155  173  200  223  246  262  278  286  293  302  308  321  326
  334  331  331  324  327  329  343  359  381  398  412  428  441  446  444  430
  413  381  352  323  296  268  243  225  205  188  170  145  136  126  131  133
  144  149  156  155  153  146  143  140  140  139  138  133  129  122  116  106
  101   94   93   90   86   90   90   90  108                                   
     7.5-180.0 180.0   5.0 450.0                            LAT/LON1/LON2/DLON/H
  109  121  135  155  176  202  231  254  278  296  311  321  334  342  355  359
  370  362  363  358  363  370  383  402  418  429  434  439  441  438  428  413
