data/unet/pred2600.15i
     1.0            IONOSPHERE MAPS     GNSS                IONEX VERSION / TYPE
pyspatialgeodesy        IME             05-JAN-18 20:20     PGM / RUN BY / DATE 
Map Name                                                    COMMENT             
Predicted global ionosphere maps (GIM).                     DESCRIPTION         
  2015     9    17     0     0     0                        EPOCH OF FIRST MAP  
  2015     9    18     0     0     0                        EPOCH OF LAST MAP   
  7200                                                      INTERVAL            
    13                                                      # OF MAPS IN FILE   
  NONE                                                      MAPPING FUNCTION    
10.0                                                        ELEVATION CUTOFF    
One-way carrier phase leveled to code                       OBSERVABLES USED    
  6371.0                                                    BASE RADIUS         
 2                                                          MAP DIMENSION       
   450.0 450.0   0.0                                        HGT1 / HGT2 / DHGT  
    87.5 -87.5  -2.5                                        LAT1 / LAT2 / DLAT  
  -180.0 180.0   5.0                                        LON1 / LON2 / DLON  
    -1                                                      EXPONENT            
                                                            END OF HEADER       
[from data line 1716]
     5                                                      START OF TEC MAP    
  2015     9    17     8     0     0                        EPOCH OF CURRENT MAP
    87.5-180.0 180.0   5.0 450.0                            LAT/LON1/LON2/DLON/H
   70   78   79   77   77   77   79   79   81   81   83   83   85   84   86   85
   87   86   88   87   88   87   88   86   88   86   87   86   86   84   85   83
   84   83   83   82   82   80   80   79   79   78   78   76   77   75   76   74
   75   73   74   72   73   71   71   70   71   69   70   68   70   68   69   68
   70   69   71   71   76   75   79   69   70                                   
    85.0-180.0 180.0   5.0 450.0                            LAT/LON1/LON2/DLON/H
   75   89   83   88   86   86   87   89   91   91   94   93   96   95   98   96
   98   97  100   97   99   97  100   97  100   98  101   99  101   99  101   99
  101  100  100   99   99   98   97   97   95   95   94   94   92   92   90   91
   88   89   86   87   84   85   81   83   80   81   77   79   76   78   75   77
   75   77   76   78   80   79   83   71   75                                   
    82.5-180.0 180.0   5.0 450.0                            LAT/LON1/LON2/DLON/H
   80   85   78   80   79   79   82   83   85   85   87   86   88   87   88   87
   88   87   88   86   88   86   89   86   90   88   92   90   94   92   96   94
   97   96   98   96   98   96   97   95   96   94   95   93   93   92   92   90
   89   88   87   86   84   83   82   80   78   76   75   72   72   70   70   68
   69   67   68   66   70   67   75   65   80                                   
    80.0-180.0 180.0   5.0 450.0                            LAT/LON1/LON2/DLON/H
   73   73   68   67   68   69   72   73   75   75   76   75   75   75   75   74
   74   73   73   72   73   73   73   74   75   76   78   79   81   83   85   86
   88   89   90   91   92   92   92   92   92   92   92   92   91   91   90   90
   89   88   87   86   85   84   82   80   77   75   72   70   68   66   63   62
   60   59   58   58   59   55   60   61   73                                   
    77.5-180.0 180.0   5.0 450.0                            LAT/LON1/LON2/DLON/H
   63   73   63   64   64   66   67   70   69   70   69   68   66   65   65   64
   62   62   62   62   61   62   62   63   64   65   67   69   71   73   76   78
   80   82   85   86   88   89   90   90   90   91   91   92   92   93   93   94
   93   93   93   92   91   89   88   86   83   80   78   75   72   69   66   63
   60   58   56   55   56   52   58   52   63                                   
    75.0-180.0 180.0   5.0 450.0                            LAT/LON1/LON2/DLON/H
   61   63   57   57   57   59   61   62   62   61   60   57   56   54   55   51
   53   50   53   50   52   50   53   51   54   55   58   59   62   65   69   72
   75   79   82   85   86   88   89   91   91   92   93   95   96   97   99  100
  100  100  101  100  100   98   97   94   92   89   86   82   78   74   71   68
   64   61   59   56   56   50   56   48   61                                   
    72.5-180.0 180.0   5.0 450.0                            LAT/LON1/LON2/DLON/H
   58   64   53   50   49   50   52   53   52   51   50   48   47   46   46   45
   46   45   47   46   46   46   46   46   46   48   48   50   52   55   58   61
   65   69   75   78   82   85   87   89   90   92   94   97   98  101  103  104
  105  106  107  106  106  105  104  102  100   96   93   89   86   81   77   73
   69   65   62   58   57   51   57   49   58                                   
    70.0-180.0 180.0   5.0 450.0                            LAT/LON1/LON2/DLON/H
   59   56   51   46   47   45   50   46   50   45   48   42   45   40   45   40
   46   42   48   43   49   45   48   44   47   44   47   46   51   52   57   59
   65   69   76   80   85   87   91   93   95   97  100  103  106  108  111  112
  115  114  116  114  115  112  113  108  109  103  102   96   96   89   88   83
   80   75   73   67   66   57   61   50   59                                   
    67.5-180.0 180.0   5.0 450.0                            LAT/LON1/LON2/DLON/H
   60   63   50   44   42   42   43   42   42   41   40   39   39   39   41   42
   44   46   47   48   48   48   46   45   43   43   42   43   44   47   50   55
   58   64   70   76   80   85   88   92   93   97  100  104  107  111  113  115
  116  115  116  115  115  112  112  109  109  105  103  100   99   95   93   89
   87   82   80   75   72   63   65   54   60                                   
    65.0-180.0 180.0   5.0 450.0                            LAT/LON1/LON2/DLON/H
   64   59   49   43   40   38   40   37   40   36   39   34   39   36   42   40
   48   46   52   49   52   49   50   47   47   43   45   45   48   49   53   57
   62   68   73   79   83   88   90   94   96  100  105  108  112  115  118  119
  120  119  120  118  117  114  113  110  109  105  104  101  102   99  100   96
   95   92   91   86   83   73   73   61   64                                   
    62.5-180.0 180.0   5.0 450.0                            LAT/LON1/LON2/DLON/H
   68   68   52   44   38   36   35   34   34   33   33   34   35   36   39   42
   45   47   50   50   50   49   47   46   44   43   43   44   46   48   51   55
   60   65   70   77   81   86   89   93   96  100  104  109  113  116  117  118
  118  117  117  115  115  112  111  107  107  102  102   99  101   99  100   98
   99   96   96   92   90   81   79   68   68                                   
    60.0-180.0 180.0   5.0 450.0                            LAT/LON1/LON2/DLON/H
   74   66   53   45   38   34   33   31   31   29   32   30   34   33   39   38
   44   43   47   46   47   45   44   44   44   44   45   46   49   51   55   58
   63   70   73   82   85   90   91   96   98  104  108  113  117  120  122  122
  123  121  121  120  119  117  114  111  109  105  103  101  102  101  103  101
  103  101  103  100   99   89   87   78   74                                   
    57.5-180.0 180.0   5.0 450.0                            LAT/LON1/LON2/DLON/H
   82   80   61   50   41   37   33   30   28   28   28   30   31   33   34   36
   39   39   41   40   41   38   38   37   39   41   43   45   48   51   54   58
   62   68   72   80   84   89   92   96   99  104  109  116  121  124  126  126
  126  125  126  125  126  123  122  117  116  110  109  105  105  103  103  102
  103  103  105  104  103   97   94   84   82                                   
    55.0-180.0 180.0   5.0 450.0                            LAT/LON1/LON2/DLON/H
   91   82   67   57   47   41   35   31   29   27   27   27   29   29   31   31
   33   32   33   32   32   32   31   34   35   39   42   47   49   53   56   61
   65   73   77   86   89   94   96  100  103  109  115  122  128  132  135  135
  136  137  137  139  138  137  133  130  127  122  117  114  112  110  108  107
  107  108  111  110  112  104  104   95   91                                   
    52.5-180.0 180.0   5.0 450.0                            LAT/LON1/LON2/DLON/H
  100   96   80   68   57   49   42   37   32   30   27   28   28   29   29   29
   29   28   27   26   26   25   26   28   32   35   39   43   47   50   54   58
   64   72   77   86   91   97   99  104  107  114  120  129  135  141  143  146
  146  148  150  153  154  153  150  145  141  135  129  125  123  120  116  114
  111  112  112  114  114  113  111  104  100                                   
    50.0-180.0 180.0   5.0 450.0                            LAT/LON1/LON2/DLON/H
  109   99   89   79   71   59   53   45   40   35   32   31   30   29   29   27
   27   24   24   23   23   23   25   29   30   36   39   44   47   51   55   61
   68   78   85   96  101  106  108  112  116  122  130  138  148  152  157  158
  161  164  167  171  172  170  166  162  156  151  145  139  137  131  128  123
  122  121  122  121  123  118  120  112  109                                   
    47.5-180.0 180.0   5.0 450.0                            LAT/LON1/LON2/DLON/H
  115  111  102   91   82   73   66   56   49   43   39   36   34   32   30   28
   27   25   24   24   25   26   27   30   33   36   38   41   43   47   51   57
   65   77   86   98  104  112  114  120  123  131  138  148  156  163  166  170
  171  175  177  180  180  177  173  168  163  159  154  151  147  143  138  134
  130  129  127  127  125  124  123  117  115                                   
    45.0-180.0 180.0   5.0 450.0                            LAT/LON1/LON2/DLON/H
  118  109  106  100   93   85   79   68   60   53   48   45   41   39   35   33
   31   30   31   31   33   35   37   38   40   42   42   44   45   49   53   60
   69   84   96  109  116  123  126  132  136  142  151  159  169  173  179  181
  183  186  185  186  183  180  174  171  166  163  159  158  155  152  148  144
  143  141  140  135  134  128  129  119  118                                   
    42.5-180.0 180.0   5.0 450.0                            LAT/LON1/LON2/DLON/H
  115  111  110  102   98   92   87   78   70   62   57   53   49   46   42   39
   38   37   38   40   43   45   47   47   47   47   45   44   44   47   51   59
   70   86  100  113  123  131  135  140  145  152  160  169  176  184  187  191
  191  192  190  187  184  178  173  168  166  164  162  163  162  160  157  153
  153  150  149  142  136  130  128  122  115                                   
    40.0-180.0 180.0   5.0 450.0                            LAT/LON1/LON2/DLON/H
  112  104  104  101   97   91   89   82   76   69   65   62   59   56   51   50
   47   48   49   52   55   56   57   56   55   53   49   49   47   50   55   63
   76   94  108  123  133  142  147  154  159  166  174  182  190  196  201  203
  203  203  199  195  188  182  174  171  169  169  168  168  169  166  164  163
  163  162  161  151  144  131  128  120  112                                   
    37.5-180.0 180.0   5.0 450.0                            LAT/LON1/LON2/DLON/H
  105  100   96   90   89   86   86   81   78   73   72   68   68   65   62   59
   58   58   60   63   66   66   66   63   60   56   52   49   48   51   57   66
   80   97  113  126  139  147  157  162  171  178  186  193  201  209  214  217
  218  218  216  210  205  196  189  185  184  183  184  183  182  177  174  170
  171  169  169  156  144  130  124  119  105                                   
    35.0-180.0 180.0   5.0 450.0                            LAT/LON1/LON2/DLON/H
  100   91   85   80   79   76   79   76   76   74   76   74   76   73   72   70
   68   69   69   73   74   73   71   68   63   59   54   53   52   56   62   72
   87  104  120  135  147  159  166  176  184  193  202  209  219  227  234  239
  242  244  242  238  231  225  218  217  215  213  209  206  199  193  185  182
  178  179  175  163  150  132  126  120  100                                   
    32.5-180.0 180.0   5.0 450.0                            LAT/LON1/LON2/DLON/H
   95   90   77   69   68   66   70   70   72   74   77   79   83   80   82   79
   79   78   78   79   81   78   75   68   63   58   54   53   54   59   66   76
   90  104  121  135  152  162  176  184  197  206  217  226  236  247  257  264
  270  274  277  275  272  268  264  260  259  253  247  239  229  217  207  196
  192  187  185  170  155  134  129  119   95                                   
    30.0-180.0 180.0   5.0 450.0                            LAT/LON1/LON2/DLON/H
   97   89   72   63   59   58   61   61   66   68   74   78   83   84   87   86
   87   85   86   86   86   82   77   70   64   59   55   55   56   62   70   81
   95  108  122  139  156  172  184  198  211  223  235  246  260  272  287  298
  309  316  322  324  324  322  316  316  312  303  292  280  262  246  227  218
  206  205  197  182  168  145  139  128   97                                   
    27.5-180.0 180.0   5.0 450.0                            LAT/LON1/LON2/DLON/H
  106  101   80   66   60   58   58   58   61   65   72   77   84   88   92   92
   95   92   92   89   89   82   77   69   62   58   54   55   57   64   73   83
   96  107  121  138  157  172  191  204  220  232  248  261  278  294  311  326
  340  354  367  377  380  379  376  369  365  352  339  321  302  279  260  241
  231  221  217  198  183  160  153  131  106                                   
    25.0-180.0 180.0   5.0 450.0                            LAT/LON1/LON2/DLON/H
  118  116   94   80   71   66   64   61   62   63   70   74   82   88   93   96
   98   96   95   93   90   84   77   69   62   57   54   54   58   64   75   87
   98  112  126  145  163  183  199  217  231  247  264  279  302  319  342  359
  381  399  417  431  435  438  432  429  421  408  392  370  348  324  294  276
  254  247  236  220  204  182  173  147  118                                   
    22.5-180.0 180.0   5.0 450.0                            LAT/LON1/LON2/DLON/H
  138  132  122  106   96   88   82   77   72   72   73   76   80   86   93   97
  101   98   98   93   89   83   76   69   60   58   53   54   58   64   75   84
   99  112  130  147  167  185  205  221  240  256  276  295  320  343  363  386
  408  431  449  468  475  480  477  473  470  457  442  415  394  364  337  308
  286  270  260  240  227  206  195  157  138                                   
    20.0-180.0 180.0   5.0 450.0                            LAT/LON1/LON2/DLON/H
  152  147  135  120  110  101   96   91   86   80   79   78   81   84   89   95
   98   97   95   92   88   82   76   69   63   57   54   53   57   63   74   87
  100  118  136  157  175  197  213  232  250  269  290  315  341  364  388  409
  433  454  472  488  497  499  500  499  500  492  480  461  440  408  374  348
  319  304  289  273  252  235  221  176  152                                   
    17.5-180.0 180.0   5.0 450.0                            LAT/LON1/LON2/DLON/H
  177  167  158  139  130  121  115  103   98   95   90   87   85   87   90   94
   96   96   93   90   84   81   74   71   63   60   54   54   56   62   74   86
  103  122  142  162  184  203  224  240  259  278  304  327  353  379  402  423
  445  465  480  493  495  498  497  500  503  502  498  485  470  440  411  375
  351  329  314  295  278  260  242  197  177                                   
    15.0-180.0 180.0   5.0 450.0                            LAT/LON1/LON2/DLON/H
  194  188  180  162  147  133  125  114  106   99  100   95   91   89   90   92
   93   92   90   86   83   79   75   72   66   61   56   53   55   62   74   90
  108  129  149  173  192  214  233  252  272  290  319  343  371  394  418  434
  452  467  478  488  489  489  489  496  502  507  507  504  494  472  443  413
  383  365  341  323  302  283  263  218  194                                   
    12.5-180.0 180.0   5.0 450.0                            LAT/LON1/LON2/DLON/H
  220  217  209  191  177  159  147  134  126  115  110  103  102   97   96   95
   96   94   91   87   81   80   74   75   67   65   59   57   58   64   77   91
  111  133  155  178  203  224  244  263  282  304  330  356  379  402  423  437
  452  461  470  475  474  474  472  481  488  499  503  505  501  484  462  432
  411  387  369  345  324  302  282  249  220                                   
    10.0-180.0 180.0   5.0 450.0                            LAT/LON1/LON2/DLON/H
  236  240  227  217  200  182  164  148  140  132  126  114  112  103  104  100
  101   94   93   87   83   80   77   77   70   68   62   60   62   67   81   97
  116  137  160  183  208  230  250  272  293  316  345  368  394  413  431  438
  447  453  458  464  461  464  463  476  485  496  501  505  501  487  468  445
  427  408  390  372  347  324  307  272  236                                   
     7.5-180.0 180.0   5.0 450.0                            LAT/LON1/LON2/DLON/H
  266  264  247  235  223  203  188  170  163  157  151  139  126  114  111  109
  107  101   97   90   85   81   79   80   76   75   70   68   68   72   85   98
