data/unet/pred0810.15i
     1.0            IONOSPHERE MAPS     GNSS                IONEX VERSION / TYPE
pyspatialgeodesy        IME             05-JAN-18 20:20     PGM / RUN BY / DATE 
Map Name                                                    COMMENT             
Predicted global ionosphere maps (GIM).                     DESCRIPTION         
  2015     3    22     0     0     0                        EPOCH OF FIRST MAP  
  2015     3    23     0     0     0                        EPOCH OF LAST MAP   
  7200                                                      INTERVAL            
    13                                                      # OF MAPS IN FILE   
  NONE                                                      MAPPING FUNCTION    
10.0                                                        ELEVATION CUTOFF    
One-way carrier phase leveled to code                       OBSERVABLES USED    
  6371.0                                                    BASE RADIUS         
 2                                                          MAP DIMENSION       
   450.0 450.0   0.0                                        HGT1 / HGT2 / DHGT  
    87.5 -87.5  -2.5                                        LAT1 / LAT2 / DLAT  
  -180.0 180.0   5.0                                        LON1 / LON2 / DLON  
    -1                                                      EXPONENT            
                                                            END OF HEADER       
     1                                                      START OF TEC MAP    
  2015     3    22     0     0     0                        EPOCH OF CURRENT MAP
    87.5-180.0 180.0   5.0 450.0                            LAT/LON1/LON2/DLON/H
  155  124  123  121  120  117  119  117  121  119  122  119  123  121  123  120
  124  121  124  121  123  121  123  119  121  118  120  116  118  115  116  113
  115  112  113  110  113  111  113  111  114  112  115  113  116  115  117  116
  118  118  119  119  120  120  121  120  122  121  122  120  122  120  121  119
  121  119  119  118  121  120  125  148  155                                   
    85.0-180.0 180.0   5.0 450.0                            LAT/LON1/LON2/DLON/H
  127  123  123  121  119  115  117  116  119  118  122  120  125  123  127  125
  129  126  129  125  128  123  125  119  121  116  117  111  112  107  107  102
  104  100  101   98  101   99  102  100  104  103  106  105  109  108  111  111
  114  113  116  115  118  118  120  120  122  121  123  121  123  121  122  120
  122  120  120  118  122  116  119  120  127                                   
    82.5-180.0 180.0   5.0 450.0                            LAT/LON1/LON2/DLON/H
  123  121  121  119  117  112  116  115  120  119  125  125  131  131  135  134
  138  135  137  133  134  128  127  121  120  113  111  104  103   96   95   89
   90   85   88   84   89   86   92   90   97   95  101   99  105  103  108  106
  111  109  114  112  117  115  119  118  122  120  123  121  125  122  125  122
  126  121  124  119  124  117  118  118  123                                   
    80.0-180.0 180.0   5.0 450.0                            LAT/LON1/LON2/DLON/H
  127  126  126  123  120  118  120  121  125  127  133  136  141  144  148  151
  152  153  152  151  147  144  138  133  126  120  113  107  100   94   89   85
   82   80   81   81   83   85   89   91   95   97  101  101  105  103  106  105
  107  107  110  110  114  115  119  121  124  125  128  129  131  131  132  133
  133  132  131  130  131  127  126  126  127                                   
    77.5-180.0 180.0   5.0 450.0                            LAT/LON1/LON2/DLON/H
  140  137  134  130  125  124  125  126  129  132  136  140  145  149  154  156
  159  159  158  156  153  149  143  137  130  122  114  105   98   90   85   80
   77   75   76   76   79   82   87   90   95   98  102  103  104  102  103  100
  101   99  101  101  104  108  112  116  121  124  128  131  133  135  136  138
  139  139  138  138  139  136  135  133  140                                   
    75.0-180.0 180.0   5.0 450.0                            LAT/LON1/LON2/DLON/H
  153  149  147  143  139  135  136  134  137  138  143  146  152  154  159  159
  162  160  161  157  155  150  146  140  133  125  117  108   99   92   86   81
   77   76   76   78   81   85   89   94   98  102  105  104  104  101   99   95
   93   91   92   92   96   99  106  111  118  122  127  131  135  137  140  141
  144  145  146  147  149  147  146  147  153                                   
    72.5-180.0 180.0   5.0 450.0                            LAT/LON1/LON2/DLON/H
  172  167  165  160  153  149  147  146  146  147  151  153  156  157  159  156
  157  153  154  150  148  144  141  136  131  124  117  109  101   94   89   84
   81   79   80   80   83   87   91   94   99  101  104  101  100   95   92   86
   84   80   82   81   86   89   98  104  112  118  125  129  134  137  140  143
  146  148  152  155  160  160  160  162  172                                   
    70.0-180.0 180.0   5.0 450.0                            LAT/LON1/LON2/DLON/H
  186  183  185  181  173  169  166  164  164  164  165  164  164  160  158  153
  150  145  144  140  139  137  136  132  128  123  118  111  104   99   94   89
   85   83   83   83   85   88   91   94   97   99  100   97   93   88   84   78
   74   72   73   74   79   83   92   99  108  115  122  127  134  137  141  144
  148  151  156  160  167  169  170  177  186                                   
    67.5-180.0 180.0   5.0 450.0                            LAT/LON1/LON2/DLON/H
  202  199  201  198  191  188  183  181  181  180  180  176  172  164  159  149
  143  136  134  130  130  129  129  127  125  121  116  111  105  100   96   91
   86   83   82   80   81   81   85   86   89   89   90   86   83   77   72   66
   63   60   63   65   71   76   87   94  105  112  121  127  134  138  141  144
  147  150  154  159  167  171  175  184  202                                   
    65.0-180.0 180.0   5.0 450.0                            LAT/LON1/LON2/DLON/H
  211  209  213  211  204  201  196  196  196  196  194  190  181  170  159  147
  138  130  126  124  124  124  125  124  122  119  115  110  104  100   95   91
   86   81   78   75   74   73   75   76   79   79   79   76   71   66   61   57
   54   54   58   61   69   75   87   95  107  115  123  129  137  140  144  145
  147  148  151  154  162  167  173  185  211                                   
    62.5-180.0 180.0   5.0 450.0                            LAT/LON1/LON2/DLON/H
  215  212  215  214  209  206  202  202  204  206  204  200  190  176  162  147
  137  128  124  122  123  124  124  123  120  116  111  106  100   95   90   85
   79   73   68   63   62   60   63   64   67   66   67   64   60   55   51   47
   46   47   52   58   66   76   88   98  110  117  126  132  140  143  146  145
  146  145  146  148  154  158  167  181  215                                   
    60.0-180.0 180.0   5.0 450.0                            LAT/LON1/LON2/DLON/H
  213  211  216  215  210  206  203  204  207  212  211  208  197  182  166  151
  140  131  127  125  126  126  125  122  118  112  107  101   96   91   87   80
   74   66   61   55   53   52   54   55   58   59   58   56   52   49   45   44
   44   47   53   59   70   78   92  101  114  121  128  135  143  147  149  150
  149  148  146  146  149  152  160  174  213                                   
    57.5-180.0 180.0   5.0 450.0                            LAT/LON1/LON2/DLON/H
  215  211  214  216  210  208  204  206  209  214  215  212  203  189  173  159
  148  140  136  133  133  131  128  123  117  110  104   99   94   90   84   77
   70   61   55   49   47   46   48   51   54   55   55   53   49   45   43   42
   45   49   56   63   72   83   94  106  117  126  134  142  150  153  157  158
  158  157  154  154  155  154  159  171  215                                   
    55.0-180.0 180.0   5.0 450.0                            LAT/LON1/LON2/DLON/H
  220  215  222  223  219  214  210  210  212  216  218  215  208  196  182  170
  160  152  147  144  141  138  133  127  118  112  105  102   98   95   89   81
   72   62   55   49   48   48   50   52   56   56   56   54   51   48   46   47
   49   54   60   68   78   88  101  111  124  132  140  148  158  163  168  171
  173  174  173  172  171  168  169  178  220                                   
    52.5-180.0 180.0   5.0 450.0                            LAT/LON1/LON2/DLON/H
  235  228  235  238  234  230  223  221  220  222  222  219  212  203  193  183
  174  166  159  154  147  143  136  129  122  115  111  108  107  104   99   91
   80   69   61   56   55   55   58   60   62   63   62   61   57   55   52   53
   55   61   66   75   83   96  106  118  128  139  147  157  166  173  180  186
  191  196  197  198  198  193  191  196  235                                   
    50.0-180.0 180.0   5.0 450.0                            LAT/LON1/LON2/DLON/H
  257  247  258  261  258  252  244  237  233  231  228  222  217  210  204  196
  189  179  170  160  153  147  142  136  130  125  121  121  120  119  112  104
   92   81   73   69   68   68   69   69   72   71   71   69   67   65   63   65
   66   71   75   83   91  102  113  124  136  146  156  165  176  184  194  202
  210  218  224  229  230  225  217  225  257                                   
    47.5-180.0 180.0   5.0 450.0                            LAT/LON1/LON2/DLON/H
  283  274  285  291  288  282  271  262  254  246  239  230  224  218  214  210
  202  190  178  167  158  154  149  147  141  138  134  134  132  129  122  111
   98   88   81   79   78   78   78   78   78   78   78   78   77   77   75   77
   77   82   83   90   95  107  116  130  140  153  163  175  187  197  207  217
  228  240  250  259  263  259  249  257  283                                   
    45.0-180.0 180.0   5.0 450.0                            LAT/LON1/LON2/DLON/H
  307  307  318  326  324  317  303  290  276  264  252  240  233  227  227  223
  216  202  188  176  167  164  162  160  157  152  147  145  140  134  125  112
  100   90   87   85   88   86   87   83   85   82   85   85   89   89   89   91
   92   94   94   98  102  111  123  136  151  165  177  188  201  212  221  231
  243  257  270  284  293  292  283  290  307                                   
    42.5-180.0 180.0   5.0 450.0                            LAT/LON1/LON2/DLON/H
  326  333  345  355  353  345  330  314  298  283  267  252  243  238  239  236
  229  215  200  188  181  179  178  176  171  163  154  146  138  127  115  102
   92   84   83   84   86   87   86   84   83   84   87   91   96   99  102  104
  104  104  100  103  105  116  127  145  159  177  189  202  215  224  235  244
  255  268  284  300  313  316  312  314  326                                   
    40.0-180.0 180.0   5.0 450.0                            LAT/LON1/LON2/DLON/H
  337  353  364  370  367  358  343  328  310  293  277  262  253  248  250  248
  243  230  217  206  202  201  199  194  182  167  152  138  126  111  100   87
   81   75   77   78   84   83   84   80   83   83   90   93  102  105  110  113
  113  111  107  109  111  121  136  153  175  191  207  218  232  242  251  257
  266  278  295  313  329  335  336  336  337                                   
    37.5-180.0 180.0   5.0 450.0                            LAT/LON1/LON2/DLON/H
  349  366  374  374  368  357  343  329  314  300  283  270  261  258  260  259
  255  245  237  230  228  226  221  208  189  165  144  127  111   99   88   80
   73   71   71   76   79   83   80   81   82   86   91   97  105  110  117  118
  118  113  107  108  110  124  136  159  179  201  217  231  246  256  265  270
  277  287  303  322  340  350  354  350  349                                   
    35.0-180.0 180.0   5.0 450.0                            LAT/LON1/LON2/DLON/H
  361  380  382  376  366  354  339  327  313  302  287  276  269  268  269  270
  268  264  261  259  259  255  240  219  191  161  138  119  107   98   93   88
   85   84   86   89   92   92   91   87   91   92   98  102  110  114  121  121
  119  113  106  109  112  124  139  159  184  205  226  241  259  269  279  284
  292  302  318  338  359  372  381  372  361                                   
    32.5-180.0 180.0   5.0 450.0                            LAT/LON1/LON2/DLON/H
  390  401  402  391  377  361  345  332  320  309  295  285  280  276  278  277
  280  279  284  285  286  275  255  227  194  166  142  130  122  121  120  122
  123  125  125  126  122  118  111  108  106  108  110  112  115  119  122  121
  116  110  101  101  101  113  125  147  168  195  220  241  260  275  288  297
  309  321  336  355  379  393  404  395  390                                   
    30.0-180.0 180.0   5.0 450.0                            LAT/LON1/LON2/DLON/H
  438  440  439  425  410  391  374  359  344  329  314  303  295  291  287  287
  289  294  301  307  304  289  263  232  202  178  162  155  156  162  171  176
  179  177  176  170  163  152  141  133  131  128  128  128  128  126  126  120
  114  106   97   92   90  100  115  135  159  182  210  238  259  278  296  312
  327  344  361  381  401  419  437  437  438                                   
    27.5-180.0 180.0   5.0 450.0                            LAT/LON1/LON2/DLON/H
  505  499  495  479  466  448  430  411  389  368  348  332  321  310  303  297
  300  305  315  316  311  290  266  241  220  208  203  208  217  235  252  261
  262  254  241  227  211  195  177  167  160  155  149  145  141  135  128  120
  109  100   87   77   76   86  104  128  152  177  204  233  258  279  300  324
  346  366  386  403  423  440  468  488  505                                   
    25.0-180.0 180.0   5.0 450.0                            LAT/LON1/LON2/DLON/H
  590  586  568  550  537  527  512  493  464  432  400  377  358  343  328  319
  317  322  327  326  314  294  273  258  254  258  269  285  303  327  347  354
  350  333  309  283  254  230  210  198  188  180  171  163  157  147  137  126
  112   98   83   70   67   80  103  133  157  188  213  243  266  286  308  334
  361  388  415  436  454  476  511  552  590                                   
    22.5-180.0 180.0   5.0 450.0                            LAT/LON1/LON2/DLON/H
  678  683  667  648  633  622  612  592  557  514  472  439  409  384  361  346
  340  339  339  330  315  295  284  285  299  321  344  368  393  418  433  432
  416  389  356  323  285  254  229  218  207  199  188  178  167  156  141  129
  113   98   84   72   71   78  100  135  163  201  226  261  276  296  313  340
  372  407  442  468  491  515  556  614  678                                   
    20.0-180.0 180.0   5.0 450.0                            LAT/LON1/LON2/DLON/H
  751  773  770  756  751  748  739  713  671  618  562  518  480  445  410  388
  374  366  358  344  327  311  308  324  355  393  423  453  474  493  498  486
  457  423  380  341  296  264  236  227  218  211  201  188  180  161  148  128
  113   96   84   73   70   79  100  141  180  223  250  281  296  312  328  353
  387  426  467  495  523  556  606  670  751                                   
    17.5-180.0 180.0   5.0 450.0                            LAT/LON1/LON2/DLON/H
  790  839  851  850  851  860  852  827  780  714  653  600  554  514  474  445
  422  406  391  367  351  338  345  373  415  451  476  493  507  513  509  489
  454  416  369  326  279  249  228  226  216  214  202  195  182  169  151  137
  118  103   95   80   80   81  107  149  191  240  267  300  314  332  347  371
  403  441  485  517  552  588  638  708  790                                   
    15.0-180.0 180.0   5.0 450.0                            LAT/LON1/LON2/DLON/H
  820  877  903  913  931  949  954  930  885  816  746  684  634  588  543  510
  481  459  439  417  401  397  410  445  476  498  503  502  500  492  480  454
  419  384  338  293  255  231  220  219  212  209  202  192  186  168  158  138
  125  110  101   90   84   89  118  161  207  251  283  312  334  354  374  397
  426  461  501  534  567  612  662  724  820                                   
    12.5-180.0 180.0   5.0 450.0                            LAT/LON1/LON2/DLON/H
  807  872  895  917  940  981  995  987  947  880  817  750  696  651  611  576
  545  525  504  486  476  477  493  513  527  519  498  469  447  425  413  391
  365  332  297  264  236  219  211  207  197  199  193  190  180  170  156  140
  127  115  107   96   92   93  124  161  205  249  281  316  348  379  403  427
  451  482  519  553  588  623  669  724  807                                   
    10.0-180.0 180.0   5.0 450.0                            LAT/LON1/LON2/DLON/H
  801  845  863  881  919  972 1006 1009  983  923  868  804  754  706  673  643
  618  599  582  569  568  572  585  581  567  524  474  417  381  350  340  321
  308  288  271  250  233  221  214  205  198  194  193  182  177  164  153  137
  128  115  112   99   99  101  131  163  207  242  280  315  358  397  427  450
  476  500  539  571  602  641  681  719  801                                   
     7.5-180.0 180.0   5.0 450.0                            LAT/LON1/LON2/DLON/H
  774  814  823  842  868  933  965  987  968  928  884  835  795  756  724  700
  684  672  659  653  653  656  651  625  574  503  421  352  309  280  273  269
