data/unet/pred1640.15i
     1.0            IONOSPHERE MAPS     GNSS                IONEX VERSION / TYPE
pyspatialgeodesy        IME             05-JAN-18 20:20     PGM / RUN BY / DATE 
Map Name                                                    COMMENT             
Predicted global ionosphere maps (GIM).                     DESCRIPTION         
  2015     6    13     0     0     0                        EPOCH OF FIRST MAP  
  2015     6    14     0     0     0                        EPOCH OF LAST MAP   
  7200                                                      INTERVAL            
    13                                                      # OF MAPS IN FILE   
  NONE                                                      MAPPING FUNCTION    
10.0                                                        ELEVATION CUTOFF    
One-way carrier phase leveled to code                       OBSERVABLES USED    
  6371.0                                                    BASE RADIUS         
 2                                                          MAP DIMENSION       
   450.0 450.0   0.0                                        HGT1 / HGT2 / DHGT  
    87.5 -87.5  -2.5                                        LAT1 / LAT2 / DLAT  
  -180.0 180.0   5.0                                        LON1 / LON2 / DLON  
    -1                                                      EXPONENT            
                                                            END OF HEADER       
[from data line 1287]
     4                                                      START OF TEC MAP    
  2015     6    13     6     0     0                        EPOCH OF CURRENT MAP
    87.5-180.0 180.0   5.0 450.0                            LAT/LON1/LON2/DLON/H
  196  221  211  215  216  216  217  218  219  221  224  226  228  230  233  235
  236  238  239  239  238  238  237  236  235  235  234  233  232  231  231  230
  228  228  227  227  226  226  226  227  226  227  228  228  228  229  229  230
  229  230  230  231  230  231  230  231  229  230  228  229  226  227  224  224
  222  221  217  216  213  210  225  220  196                                   
    85.0-180.0 180.0   5.0 450.0                            LAT/LON1/LON2/DLON/H
  209  209  203  211  212  210  214  215  217  218  222  224  227  229  233  234
  236  236  238  237  237  235  236  232  233  229  231  226  227  223  224  220
  221  217  220  217  218  216  218  217  219  218  221  221  223  223  226  225
  227  227  230  230  230  230  231  231  231  230  229  227  226  224  222  219
  219  215  213  210  209  199  208  211  209                                   
    82.5-180.0 180.0   5.0 450.0                            LAT/LON1/LON2/DLON/H
  198  205  201  208  205  207  209  212  214  217  221  225  227  231  234  237
  237  239  239  240  238  237  235  233  230  229  227  225  222  220  218  216
  214  214  213  213  212  212  213  214  215  217  220  223  225  228  230  233
  235  237  240  241  242  243  244  243  244  242  241  238  237  232  229  224
  223  217  214  210  209  203  198  193  198                                   
    80.0-180.0 180.0   5.0 450.0                            LAT/LON1/LON2/DLON/H
  204  206  202  201  201  202  205  208  209  213  215  220  221  227  229  233
  234  236  236  235  233  231  229  224  222  218  216  212  210  207  205  203
  202  201  201  201  201  202  204  206  209  212  217  221  226  229  235  238
  243  246  251  252  255  255  258  257  257  255  254  252  248  244  239  234
  230  222  218  211  210  197  195  193  204                                   
    77.5-180.0 180.0   5.0 450.0                            LAT/LON1/LON2/DLON/H
  202  201  198  200  197  199  202  202  204  206  209  213  214  219  220  227
  225  230  227  229  223  223  216  215  207  206  200  199  194  195  191  194
  191  194  193  197  195  200  199  206  205  215  216  227  229  240  243  253
  254  263  263  270  269  275  273  277  274  275  271  270  265  261  255  249
  243  234  227  218  216  202  201  190  202                                   
    75.0-180.0 180.0   5.0 450.0                            LAT/LON1/LON2/DLON/H
  206  207  202  201  198  199  200  202  200  204  204  208  207  212  212  217
  217  221  220  221  216  213  207  201  195  188  185  181  179  178  179  182
  183  188  190  194  196  200  203  207  211  218  225  233  241  250  257  265
  270  276  280  284  286  289  290  291  291  290  288  286  282  277  270  263
  257  248  239  230  225  208  203  199  206                                   
    72.5-180.0 180.0   5.0 450.0                            LAT/LON1/LON2/DLON/H
  212  209  206  205  201  200  200  196  196  194  195  195  195  199  199  206
  206  212  210  212  206  204  195  189  179  175  169  169  165  171  170  178
  179  189  190  198  198  205  205  213  214  225  230  244  250  263  268  279
  282  290  290  297  295  301  299  303  300  303  299  299  294  291  284  278
  270  262  253  244  238  221  217  207  212                                   
    70.0-180.0 180.0   5.0 450.0                            LAT/LON1/LON2/DLON/H
  221  221  216  213  208  207  204  202  196  196  192  191  188  189  191  194
  198  200  203  202  200  194  187  178  171  164  161  158  160  162  170  177
  185  193  200  205  208  213  216  221  225  235  243  255  263  273  281  288
  292  296  297  299  298  299  299  299  299  299  299  298  298  294  290  283
  279  270  261  251  246  228  222  219  221                                   
    67.5-180.0 180.0   5.0 450.0                            LAT/LON1/LON2/DLON/H
  225  223  217  218  208  208  202  197  191  186  182  179  177  178  179  184
  185  190  190  193  186  184  173  169  158  155  149  152  152  164  168  184
  189  203  207  217  216  223  222  230  231  244  250  264  271  283  288  295
  295  300  297  298  292  293  288  290  286  289  287  291  290  292  289  287
  284  279  270  263  256  240  231  225  225                                   
    65.0-180.0 180.0   5.0 450.0                            LAT/LON1/LON2/DLON/H
  235  232  229  224  216  211  205  199  189  184  177  175  173  173  174  176
  180  182  185  183  181  175  169  160  154  148  147  148  154  163  176  189
  201  212  220  226  229  233  235  239  243  253  261  272  281  290  295  299
  298  299  295  292  286  281  277  274  272  272  274  276  280  280  284  282
  284  280  275  267  262  245  236  237  235                                   
    62.5-180.0 180.0   5.0 450.0                            LAT/LON1/LON2/DLON/H
  237  236  231  229  217  214  202  194  183  177  171  168  166  167  166  169
  170  173  173  174  168  164  156  151  143  142  140  147  152  168  175  196
  203  220  224  235  234  241  240  246  248  258  266  277  285  294  298  301
  299  299  291  289  277  274  263  262  255  259  256  263  264  272  274  279
  280  281  278  275  270  256  246  245  237                                   
    60.0-180.0 180.0   5.0 450.0                            LAT/LON1/LON2/DLON/H
  248  246  242  236  227  218  207  195  183  176  169  166  163  163  163  163
  164  163  164  161  158  152  147  142  139  138  142  147  157  168  182  196
  210  221  230  238  242  245  248  251  256  263  272  281  289  297  301  304
  302  300  292  288  277  271  263  259  254  253  251  255  257  262  267  271
  276  277  278  276  275  259  251  256  248                                   
    57.5-180.0 180.0   5.0 450.0                            LAT/LON1/LON2/DLON/H
  254  254  249  245  235  225  209  196  181  173  165  161  157  156  154  153
  152  151  149  146  141  137  132  132  130  133  137  146  154  168  177  193
  203  218  226  236  239  244  248  251  256  263  272  280  290  297  303  304
  303  301  294  291  280  277  266  265  257  259  252  256  254  261  261  269
  273  279  281  284  284  272  263  266  254                                   
    55.0-180.0 180.0   5.0 450.0                            LAT/LON1/LON2/DLON/H
  269  270  267  259  250  238  222  207  189  179  168  161  155  151  147  146
  143  142  137  135  131  129  125  127  128  133  137  147  157  166  176  187
  199  211  224  232  240  243  250  252  259  264  274  282  292  299  306  308
  308  308  303  302  294  291  284  282  276  275  268  268  263  266  265  271
  275  281  285  290  293  280  273  281  269                                   
    52.5-180.0 180.0   5.0 450.0                            LAT/LON1/LON2/DLON/H
  282  285  288  280  270  255  240  220  199  185  170  160  150  144  139  135
  134  130  128  124  122  119  119  121  125  130  137  146  155  164  172  182
  191  206  219  229  238  243  250  253  261  265  276  282  293  300  309  312
  314  316  314  314  310  309  302  302  295  294  286  285  278  278  276  281
  284  291  295  300  306  295  290  295  282                                   
    50.0-180.0 180.0   5.0 450.0                            LAT/LON1/LON2/DLON/H
  302  305  308  303  293  277  259  239  217  197  180  165  153  143  137  135
  131  130  126  125  121  123  121  127  128  137  141  151  158  165  172  180
  190  202  218  226  239  244  255  258  267  271  280  286  298  306  315  323
  326  331  329  332  327  328  323  322  316  315  305  303  294  294  289  293
  296  302  305  312  318  309  301  312  302                                   
    47.5-180.0 180.0   5.0 450.0                            LAT/LON1/LON2/DLON/H
  315  317  330  324  317  300  283  257  234  210  187  169  152  139  132  127
  128  125  126  123  125  123  126  128  136  141  149  156  163  167  173  180
  191  204  220  231  244  251  262  266  276  277  286  290  304  312  324  332
  339  343  344  344  342  341  337  337  332  331  323  320  312  310  305  309
  311  318  322  326  333  323  320  323  315                                   
    45.0-180.0 180.0   5.0 450.0                            LAT/LON1/LON2/DLON/H
  331  328  336  335  331  319  301  275  250  225  200  179  160  145  137  133
  132  133  134  135  135  136  137  142  146  154  161  167  172  176  180  190
  200  212  228  238  253  261  273  277  287  288  296  301  314  324  336  347
  351  358  355  358  352  354  348  349  343  345  337  339  329  331  324  331
  330  338  339  346  347  337  329  338  331                                   
    42.5-180.0 180.0   5.0 450.0                            LAT/LON1/LON2/DLON/H
  339  333  343  341  339  329  314  290  264  237  209  186  164  148  138  134
  137  139  146  146  151  149  154  155  165  169  178  179  183  184  190  200
  212  224  239  251  266  274  288  291  301  300  308  313  327  336  350  358
  365  369  369  371  367  366  360  360  356  359  354  355  347  347  343  349
  350  356  357  360  361  351  344  344  339                                   
    40.0-180.0 180.0   5.0 450.0                            LAT/LON1/LON2/DLON/H
  348  334  332  334  331  328  313  295  271  246  218  195  174  158  147  144
  145  149  155  160  164  166  169  174  181  186  191  193  196  198  205  217
  229  240  253  264  278  287  299  304  313  313  320  327  338  351  362  374
  377  386  383  390  383  385  377  378  374  377  373  377  369  372  366  374
  373  379  376  380  376  363  350  356  348                                   
    37.5-180.0 180.0   5.0 450.0                            LAT/LON1/LON2/DLON/H
  354  335  332  327  326  319  309  295  274  249  225  202  184  168  157  152
  155  158  167  173  182  184  190  191  199  199  205  202  206  207  216  228
  240  253  264  276  288  298  310  316  324  324  332  336  350  359  373  382
  389  396  399  405  405  407  402  405  401  404  400  399  391  391  386  391
  390  395  391  392  388  376  364  358  354                                   
    35.0-180.0 180.0   5.0 450.0                            LAT/LON1/LON2/DLON/H
  363  340  325  320  311  305  295  284  266  248  229  211  194  182  172  167
  166  170  176  185  192  200  204  210  213  216  216  214  216  219  228  239
  251  263  272  285  296  308  319  326  334  336  342  349  360  373  386  397
  403  415  419  431  434  442  441  445  444  445  441  438  426  422  413  415
  410  415  409  412  405  390  376  375  363                                   
    32.5-180.0 180.0   5.0 450.0                            LAT/LON1/LON2/DLON/H
  377  356  336  323  310  297  285  274  263  250  238  222  210  198  190  182
  179  179  187  194  207  214  222  224  228  224  225  219  223  224  234  243
  254  265  275  288  299  313  324  333  342  344  352  357  370  382  396  407
  417  427  441  453  468  479  486  492  492  492  487  476  462  449  437  432
  426  426  421  423  420  407  392  382  377                                   
    30.0-180.0 180.0   5.0 450.0                            LAT/LON1/LON2/DLON/H
  395  380  354  340  316  299  284  276  264  258  248  239  226  217  207  200
  194  192  195  203  214  226  233  238  238  233  229  223  227  229  238  243
  250  261  270  284  298  311  323  333  341  347  355  362  374  387  402  415
  428  446  466  491  510  528  543  550  557  552  543  526  506  491  470  463
  448  444  436  436  435  419  413  405  395                                   
    27.5-180.0 180.0   5.0 450.0                            LAT/LON1/LON2/DLON/H
  416  408  384  368  342  323  303  296  284  277  268  259  247  237  225  216
  207  203  205  214  228  241  249  250  248  237  230  221  223  222  228  228
  232  235  249  263  283  301  317  329  339  346  357  364  378  389  405  416
  438  457  490  517  550  575  599  614  622  617  603  576  552  523  503  484
  467  458  448  446  446  437  432  416  416                                   
    25.0-180.0 180.0   5.0 450.0                            LAT/LON1/LON2/DLON/H
  435  436  414  399  379  359  339  329  316  308  298  287  272  261  249  237
  227  220  220  228  241  255  263  265  258  242  231  217  215  210  209  206
  204  208  217  239  261  283  300  314  325  336  348  361  376  390  406  422
  447  477  513  552  592  621  644  657  669  664  655  633  602  570  539  516
  491  477  465  463  461  454  455  441  435                                   
    22.5-180.0 180.0   5.0 450.0                            LAT/LON1/LON2/DLON/H
  456  459  445  429  412  394  374  365  348  344  328  320  302  289  270  257
  245  238  236  244  257  270  277  275  263  241  225  206  202  190  187  177
  177  177  190  210  228  252  275  291  309  323  342  358  379  393  414  430
  460  485  526  568  612  642  663  681  690  689  678  660  640  601  568  535
  508  490  476  473  472  467  472  453  456                                   
    20.0-180.0 180.0   5.0 450.0                            LAT/LON1/LON2/DLON/H
  470  484  473  465  447  431  414  401  385  375  361  348  330  313  296  280
  266  258  254  261  272  286  290  283  267  238  217  194  184  172  161  155
  146  149  157  180  197  224  241  268  287  310  330  353  376  395  415  436
  466  498  539  580  621  644  662  676  683  683  677  667  654  627  593  559
  527  508  492  490  487  484  490  471  470                                   
    17.5-180.0 180.0   5.0 450.0                            LAT/LON1/LON2/DLON/H
  481  496  492  480  464  449  433  421  406  395  380  366  346  333  314  300
  285  276  270  273  281  288  289  276  256  225  201  176  165  150  144  129
  126  120  133  150  179  202  226  243  272  298  325  350  378  397  423  442
  473  500  536  572  605  627  641  649  655  654  651  647  644  626  605  571
  541  522  504  502  499  496  498  478  481                                   
    15.0-180.0 180.0   5.0 450.0                            LAT/LON1/LON2/DLON/H
  486  495  487  474  459  445  434  422  410  400  388  374  357  344  328  316
  301  292  282  280  280  282  277  263  239  206  180  159  144  130  118  107
   97   96  103  127  154  189  211  238  261  293  326  354  384  404  430  451
  479  506  539  569  590  601  608  612  612  612  609  611  619  617  606  584
  555  537  523  521  519  517  518  494  486                                   
    12.5-180.0 180.0   5.0 450.0                            LAT/LON1/LON2/DLON/H
  490  489  477  452  435  421  411  401  391  385  378  369  357  346  333  323
  311  299  287  277  271  263  254  236  212  180  162  141  132  115  107   90
   85   79   90  108  140  171  206  233  261  289  325  355  387  408  435  456
  482  507  533  553  567  571  571  573  575  573  574  580  595  605  607  591
  570  554  543  540  538  535  531  505  490                                   
    10.0-180.0 180.0   5.0 450.0                            LAT/LON1/LON2/DLON/H
  491  482  457  429  402  392  376  372  361  361  356  357  349  344  332  327
  313  300  283  266  252  238  223  205  179  158  141  122  114   99   93   76
   71   68   78   97  127  163  197  231  259  289  328  359  396  416  444  464
  490  514  536  556  566  568  568  570  573  570  568  571  583  600  607  602
  583  573  564  560  559  554  554  529  491                                   
     7.5-180.0 180.0   5.0 450.0                            LAT/LON1/LON2/DLON/H
  504  484  456  415  381  360  344  333  325  326  329  332  331  328  323  315
  306  290  272  249  230  210  195  174  158  135  125  108  103   86   80   71
