data/unet/pred3530.15i
     1.0            IONOSPHERE MAPS     GNSS                IONEX VERSION / TYPE
pyspatialgeodesy        IME             05-JAN-18 20:20     PGM / RUN BY / DATE 
Map Name                                                    COMMENT             
Predicted global ionosphere maps (GIM).                     DESCRIPTION         
  2015    12    19     0     0     0                        EPOCH OF FIRST MAP  
  2015    12    20     0     0     0                        EPOCH OF LAST MAP   
  7200                                                      INTERVAL            
    13                                                      # OF MAPS IN FILE   
  NONE                                                      MAPPING FUNCTION    
10.0                                                        ELEVATION CUTOFF    
One-way carrier phase leveled to code                       OBSERVABLES USED    
  6371.0                                                    BASE RADIUS         
 2                                                          MAP DIMENSION       
   450.0 450.0   0.0                                        HGT1 / HGT2 / DHGT  
    87.5 -87.5  -2.5                                        LAT1 / LAT2 / DLAT  
  -180.0 180.0   5.0                                        LON1 / LON2 / DLON  
    -1                                                      EXPONENT            
                                                            END OF HEADER       
[from data line 858]
     3                                                      START OF TEC MAP    
  2015    12    19     4     0     0                        EPOCH OF CURRENT MAP
    87.5-180.0 180.0   5.0 450.0                            LAT/LON1/LON2/DLON/H
   22   55   51   47   50   48   50   49   50   49   50   49   49   49   49   48
   48   48   48   47   46   46   46   46   45   45   45   45   44   44   44   45
   44   45   45   46   46   47   47   48   48   49   49   50   49   50   50   50
   50   50   51   50   51   50   52   49   52   49   53   49   53   48   53   48
   53   48   53   50   53   47   58   31   22                                   
    85.0-180.0 180.0   5.0 450.0                            LAT/LON1/LON2/DLON/H
   60   58   38   41   44   42   43   43   43   43   43   43   43   43   42   42
   40   40   39   38   36   35   35   33   32   32   32   31   31   31   32   32
   33   33   35   36   37   38   39   40   41   41   42   43   43   43   43   43
   43   42   43   41   43   41   42   40   43   40   43   40   43   41   44   41
   43   41   43   41   42   36   55   72   60                                   
    82.5-180.0 180.0   5.0 450.0                            LAT/LON1/LON2/DLON/H
   60   38   34   34   33   33   35   36   38   36   38   37   38   35   37   34
   35   30   31   26   27   22   24   19   21   16   20   16   19   16   20   18
   21   20   25   24   28   27   32   31   35   34   38   36   39   37   39   35
   37   33   36   31   34   30   33   29   33   29   34   30   35   31   35   33
   36   33   35   34   33   30   44   71   60                                   
    80.0-180.0 180.0   5.0 450.0                            LAT/LON1/LON2/DLON/H
   64   41   34   36   35   37   38   41   41   42   42   45   44   44   43   42
   39   37   34   32   28   26   23   21   19   18   17   17   16   17   18   20
   21   23   26   29   31   35   37   40   42   44   45   47   46   46   44   43
   40   38   37   35   34   33   33   33   33   33   34   35   36   37   37   39
   38   39   38   39   37   34   42   70   64                                   
    77.5-180.0 180.0   5.0 450.0                            LAT/LON1/LON2/DLON/H
   70   39   37   37   35   35   38   40   41   43   44   47   46   47   45   46
   41   40   36   34   28   26   23   20   18   16   16   15   15   16   17   19
   20   23   26   29   32   36   39   42   45   47   48   50   48   48   45   43
   40   38   36   34   33   33   33   34   35   36   38   40   41   43   43   45
   44   46   45   46   42   39   49   70   70                                   
    75.0-180.0 180.0   5.0 450.0                            LAT/LON1/LON2/DLON/H
   70   42   37   34   33   33   36   38   40   42   45   47   46   47   47   46
   42   41   38   35   30   27   25   21   19   18   19   17   18   18   21   20
   22   24   28   30   33   37   41   44   46   49   51   51   49   47   45   41
   39   35   36   33   34   33   36   36   39   41   45   47   49   51   53   54
   54   55   55   55   52   46   51   74   70                                   
    72.5-180.0 180.0   5.0 450.0                            LAT/LON1/LON2/DLON/H
   79   41   39   39   33   32   33   36   37   40   42   46   45   47   46   46
   42   41   39   36   31   29   28   25   24   23   25   23   24   25   26   26
   26   28   31   32   35   37   42   44   47   48   50   49   48   45   44   40
   38   36   36   35   36   38   40   43   45   50   53   57   59   64   64   67
   65   67   65   65   61   57   63   77   79                                   
    70.0-180.0 180.0   5.0 450.0                            LAT/LON1/LON2/DLON/H
   81   48   42   40   35   32   33   34   36   37   41   42   44   43   44   42
   41   39   38   36   34   31   32   30   32   30   34   32   34   32   35   32
   34   32   35   33   37   37   42   42   46   45   48   45   46   41   42   37
   39   36   39   39   43   44   50   52   58   61   67   69   74   77   80   80
   80   79   79   77   75   65   68   83   81                                   
    67.5-180.0 180.0   5.0 450.0                            LAT/LON1/LON2/DLON/H
   93   51   49   47   38   34   31   33   31   34   35   39   38   39   38   39
   36   36   35   34   32   33   33   33   34   36   38   38   39   39   39   37
   36   34   35   34   36   35   40   39   43   42   45   41   42   38   37   35
   37   37   41   45   49   55   59   65   69   75   78   85   86   91   91   92
   90   89   87   85   83   76   81   87   93                                   
    65.0-180.0 180.0   5.0 450.0                            LAT/LON1/LON2/DLON/H
   96   59   55   51   42   36   33   32   32   32   34   36   37   36   37   35
   35   33   34   33   34   33   37   36   40   40   45   43   46   44   45   40
   40   35   37   32   35   33   36   35   38   37   40   36   37   33   35   33
   37   39   47   52   62   67   75   78   85   89   95   98  103  104  106  104
  102   99   97   95   91   82   86   93   96                                   
    62.5-180.0 180.0   5.0 450.0                            LAT/LON1/LON2/DLON/H
  108   65   62   59   46   40   33   32   29   31   30   34   32   33   33   33
   32   32   32   32   32   33   34   36   39   40   43   45   45   44   43   41
   38   35   35   31   33   30   33   32   35   33   36   33   33   30   33   33
   39   44   53   63   72   81   87   94   98  103  109  114  118  118  119  116
  113  107  104  100   97   91   97   97  108                                   
    60.0-180.0 180.0   5.0 450.0                            LAT/LON1/LON2/DLON/H
  109   74   69   63   52   42   36   32   31   29   30   31   32   30   32   30
   32   29   31   29   31   29   32   31   37   35   40   39   42   38   40   35
   36   31   33   29   30   28   30   28   31   29   32   28   30   27   30   31
   40   48   60   72   85   93  101  104  110  113  120  123  128  127  127  126
  122  118  113  109  103   95  102  102  109                                   
    57.5-180.0 180.0   5.0 450.0                            LAT/LON1/LON2/DLON/H
  121   85   78   72   58   48   38   35   31   30   28   29   29   29   30   30
   31   30   29   28   27   26   26   27   29   30   32   32   32   31   31   28
   30   27   30   28   30   27   30   28   32   29   33   28   30   27   30   34
   44   54   68   82   93  103  110  113  119  123  127  131  135  135  136  133
  132  127  124  117  112  107  112  109  121                                   
    55.0-180.0 180.0   5.0 450.0                            LAT/LON1/LON2/DLON/H
  126   97   89   80   68   55   46   39   35   31   31   29   30   29   31   30
   33   30   30   26   26   21   22   21   24   23   27   25   27   25   27   25
   29   28   32   31   33   31   33   30   34   31   34   30   31   29   33   37
   49   60   76   89  103  111  119  120  126  128  132  134  140  140  143  142
  142  140  137  132  124  117  122  119  126                                   
    52.5-180.0 180.0   5.0 450.0                            LAT/LON1/LON2/DLON/H
  141  114  102   92   76   64   52   45   37   35   30   30   28   30   31   33
   34   33   30   27   24   21   20   19   21   20   23   22   23   21   24   24
   28   30   35   36   39   37   39   37   40   37   40   36   36   35   40   45
   57   68   82   96  108  119  125  128  132  135  136  140  144  147  150  150
  150  150  147  143  135  134  134  131  141                                   
    50.0-180.0 180.0   5.0 450.0                            LAT/LON1/LON2/DLON/H
  152  130  115  103   89   75   65   54   46   39   35   32   32   30   33   33
   37   34   32   27   26   21   21   19   22   21   24   23   26   24   27   27
   33   35   42   42   46   44   46   43   46   44   46   43   44   44   50   56
   68   79   93  104  118  126  135  136  141  143  145  147  152  155  161  161
  162  162  160  157  148  142  145  140  152                                   
    47.5-180.0 180.0   5.0 450.0                            LAT/LON1/LON2/DLON/H
  168  146  129  119  102   90   75   66   54   46   38   36   33   34   35   37
   38   36   33   30   28   26   27   26   29   28   32   31   34   32   34   34
   39   42   48   50   53   52   53   50   53   50   53   50   52   54   61   69
   79   91  102  114  126  136  142  147  149  152  152  156  158  163  166  169
  166  168  165  163  154  156  152  148  168                                   
    45.0-180.0 180.0   5.0 450.0                            LAT/LON1/LON2/DLON/H
  172  152  138  127  114  100   88   76   64   53   46   41   40   38   40   39
   41   37   37   33   35   33   37   36   40   39   44   44   47   44   45   42
   47   49   57   57   61   58   60   57   59   58   61   59   63   67   76   85
   95  105  116  126  137  144  151  155  158  160  161  162  165  167  172  171
  171  171  170  166  156  152  157  151  172                                   
    42.5-180.0 180.0   5.0 450.0                            LAT/LON1/LON2/DLON/H
  178  156  141  135  121  111   97   86   73   62   52   48   44   45   43   44
   41   41   40   39   43   45   49   50   52   54   56   58   58   57   55   52
   53   55   61   62   64   62   63   61   63   63   66   67   72   79   88   98
  109  119  127  135  144  153  158  162  165  166  165  166  166  168  168  169
  167  169  165  161  152  153  152  150  178                                   
    40.0-180.0 180.0   5.0 450.0                            LAT/LON1/LON2/DLON/H
  170  150  136  130  123  113  102   92   79   69   60   56   54   53   51   49
   48   46   48   49   57   60   66   66   70   68   70   70   71   67   65   59
   60   59   65   65   67   65   65   64   67   69   72   76   82   91  103  113
  124  134  139  146  152  161  166  171  174  174  171  171  171  170  170  169
  169  169  167  161  149  142  148  144  170                                   
    37.5-180.0 180.0   5.0 450.0                            LAT/LON1/LON2/DLON/H
  169  144  130  128  119  113  102   95   84   75   68   64   62   62   59   57
   54   55   58   64   72   79   82   83   81   79   77   77   76   74   70   64
   61   61   65   65   67   65   67   66   70   73   79   83   91  102  113  129
  138  145  148  154  162  169  176  180  183  181  179  177  175  174  173  173
  171  174  170  165  153  149  146  141  169                                   
    35.0-180.0 180.0   5.0 450.0                            LAT/LON1/LON2/DLON/H
  160  136  120  116  111  105   96   91   81   78   72   72   71   71   68   66
   65   67   73   81   89   95   96   95   90   86   83   81   80   77   74   68
   65   64   67   66   68   66   68   69   73   78   84   91  100  112  126  141
  148  155  157  164  172  183  191  192  195  190  189  184  183  182  184  184
  186  189  189  184  168  156  153  144  160                                   
    32.5-180.0 180.0   5.0 450.0                            LAT/LON1/LON2/DLON/H
  165  136  118  113  103   98   88   86   79   77   75   75   77   77   75   74
   74   79   85   94  101  106  103  100   92   88   83   81   80   79   75   70
   67   66   68   67   69   67   70   71   77   82   90   96  106  122  136  150
  157  163  167  176  189  202  210  212  213  206  202  197  197  198  203  206
  208  215  214  210  198  189  174  159  165                                   
    30.0-180.0 180.0   5.0 450.0                            LAT/LON1/LON2/DLON/H
  176  150  127  114  101   94   81   80   74   76   73   79   80   83   81   83
   84   90   96  104  109  112  107  102   95   89   86   84   85   84   81   77
   74   74   73   72   70   70   71   75   80   87   93  102  113  130  146  159
  166  173  180  191  209  223  236  236  238  229  227  222  226  228  236  242
  247  253  252  250  236  219  211  185  176                                   
    27.5-180.0 180.0   5.0 450.0                            LAT/LON1/LON2/DLON/H
  208  176  149  130  110  100   86   80   72   73   72   76   78   81   82   86
   88   96  101  109  110  111  105  101   94   91   88   89   90   89   88   84
   83   81   79   75   73   69   73   76   83   88   96  105  119  137  154  166
  176  182  193  208  228  246  258  264  265  259  257  256  260  266  277  285
  291  297  297  294  286  270  250  224  208                                   
    25.0-180.0 180.0   5.0 450.0                            LAT/LON1/LON2/DLON/H
  248  216  187  156  132  117   97   88   77   77   72   76   75   81   81   86
   90   96  101  105  106  104  101   98   97   96   98   99   99   99   98   97
   95   93   87   83   77   75   76   80   85   91   97  108  125  143  159  174
  184  194  205  223  248  268  284  291  296  294  298  298  305  311  324  333
  341  348  348  344  341  320  297  268  248                                   
    22.5-180.0 180.0   5.0 450.0                            LAT/LON1/LON2/DLON/H
  310  259  230  198  165  141  122  107   92   87   77   76   73   74   77   81
   85   92   95   99   98   98   96   99  102  107  110  111  111  109  109  107
  103   98   91   83   79   74   76   79   83   89   97  108  130  149  169  181
  197  207  225  242  267  288  307  319  328  331  336  338  345  357  376  382
  390  395  400  397  397  386  350  324  310                                   
    20.0-180.0 180.0   5.0 450.0                            LAT/LON1/LON2/DLON/H
  365  319  276  236  203  176  147  127  111  102   90   83   76   77   76   79
   81   86   88   90   91   92   96  103  113  121  125  126  122  121  118  117
  111  105   93   85   79   76   74   76   80   84   93  106  130  154  175  193
  207  225  240  262  288  311  331  346  359  362  369  372  380  392  414  426
  437  442  449  449  453  450  404  380  365                                   
    17.5-180.0 180.0   5.0 450.0                            LAT/LON1/LON2/DLON/H
  412  375  333  282  243  216  183  157  137  124  110  103   89   86   83   80
   79   81   82   85   89   95  103  117  131  141  145  142  136  132  127  123
  113  104   92   82   75   72   70   72   75   79   91  106  139  162  192  205
  229  242  264  285  309  334  356  374  386  395  405  413  422  434  454  462
  468  470  476  480  488  498  459  433  412                                   
    15.0-180.0 180.0   5.0 450.0                            LAT/LON1/LON2/DLON/H
  447  423  387  343  295  258  223  195  167  150  132  119  110  103   97   92
   86   85   84   88   96  106  119  135  150  160  162  157  147  141  131  124
  112  101   86   77   70   67   66   67   69   72   88  109  142  171  197  217
  238  259  279  304  327  352  373  392  405  420  431  440  448  461  475  481
  484  481  486  486  497  514  495  468  447                                   
    12.5-180.0 180.0   5.0 450.0                            LAT/LON1/LON2/DLON/H
  475  453  429  391  348  308  267  237  211  190  166  150  137  132  122  115
  107  101  100  105  116  130  145  162  176  180  178  170  158  146  133  123
  109   96   82   73   66   66   65   68   68   73   91  116  152  180  209  227
  254  273  297  318  340  363  383  401  421  437  450  460  470  477  483  483
  481  476  477  476  489  514  506  490  475                                   
    10.0-180.0 180.0   5.0 450.0                            LAT/LON1/LON2/DLON/H
  485  474  458  427  393  362  318  288  256  234  210  190  174  162  155  144
  133  126  123  132  145  163  181  192  201  199  190  178  164  147  134  120
  106   92   79   69   66   64   66   67   69   76   97  122  159  187  213  234
  261  281  306  323  343  365  384  405  427  445  457  468  477  483  484  484
  479  471  469  464  477  502  508  497  485                                   
     7.5-180.0 180.0   5.0 450.0                            LAT/LON1/LON2/DLON/H
  492  487  480  453  421  391  356  331  304  282  259  238  224  208  198  181
  167  158  157  169  186  203  215  222  221  213  197  184  167  150  133  119
