data/unet/pred0430.15i
     1.0            IONOSPHERE MAPS     GNSS                IONEX VERSION / TYPE
pyspatialgeodesy        IME             05-JAN-18 20:20     PGM / RUN BY / DATE 
Map Name                                                    COMMENT             
Predicted global ionosphere maps (GIM).                     DESCRIPTION         
  2015     2    12     0     0     0                        EPOCH OF FIRST MAP  
  2015     2    13     0     0     0                        EPOCH OF LAST MAP   
  7200                                                      INTERVAL            
    13                                                      # OF MAPS IN FILE   
  NONE                                                      MAPPING FUNCTION    
10.0                                                        ELEVATION CUTOFF    
One-way carrier phase leveled to code                       OBSERVABLES USED    
  6371.0                                                    BASE RADIUS         
 2                                                          MAP DIMENSION       
   450.0 450.0   0.0                                        HGT1 / HGT2 / DHGT  
    87.5 -87.5  -2.5                                        LAT1 / LAT2 / DLAT  
  -180.0 180.0   5.0                                        LON1 / LON2 / DLON  
    -1                                                      EXPONENT            
                                                            END OF HEADER       
[from data line 1716]
     5                                                      START OF TEC MAP    
  2015     2    12     8     0     0                        EPOCH OF CURRENT MAP
    87.5-180.0 180.0   5.0 450.0                            LAT/LON1/LON2/DLON/H
   48   65   70   69   72   73   76   77   81   83   86   88   90   92   94   95
   96   96   95   94   94   92   91   89   89   89   89   89   90   91   92   92
   94   94   95   95   96   96   96   96   96   96   97   96   96   96   95   95
   95   95   93   93   92   92   89   89   87   87   83   83   80   80   76   76
   73   73   72   73   74   67   64   56   48                                   
    85.0-180.0 180.0   5.0 450.0                            LAT/LON1/LON2/DLON/H
   49   73   67   73   71   76   76   84   83   90   89   97   96  101   99  104
  100  104   98  104   96  103   94  103   93  103   93  104   95  105   97  106
  100  108  103  110  107  112  109  113  111  115  112  116  114  117  113  116
  112  114  109  111  106  107  100  101   94   94   85   87   78   80   70   73
   65   69   61   66   64   60   60   53   49                                   
    82.5-180.0 180.0   5.0 450.0                            LAT/LON1/LON2/DLON/H
   44   66   60   60   61   64   69   75   80   85   89   94   99  101  105  105
  106  104  105  102  103   99  100   96   98   94   96   93   96   94   98   96
  100  100  104  105  109  110  115  117  121  122  126  127  130  131  132  133
  133  133  130  130  126  125  119  115  109  103   96   90   84   77   70   65
   60   55   51   49   46   40   40   39   44                                   
    80.0-180.0 180.0   5.0 450.0                            LAT/LON1/LON2/DLON/H
   42   56   50   53   55   62   66   74   78   83   88   93   98  101  103  105
  105  104  102  101   99   96   93   91   88   87   85   85   85   87   87   90
   92   96   99  103  109  112  119  122  130  133  141  143  151  151  157  157
  161  159  161  159  160  157  154  147  142  132  123  113  105   96   87   78
   71   64   57   51   47   36   33   36   42                                   
    77.5-180.0 180.0   5.0 450.0                            LAT/LON1/LON2/DLON/H
   40   59   51   50   54   57   64   68   74   78   84   89   94   95   99   98
   99   95   95   90   89   82   83   75   77   71   73   69   72   70   74   73
   79   81   89   92  101  104  115  120  133  139  152  158  168  173  182  185
  193  195  199  198  201  196  194  185  181  170  161  147  136  121  109   97
   89   80   73   63   57   46   42   36   40                                   
    75.0-180.0 180.0   5.0 450.0                            LAT/LON1/LON2/DLON/H
   47   58   49   54   52   59   61   68   69   75   77   84   87   91   93   95
   93   93   88   88   81   79   72   71   65   65   61   63   59   63   61   67
   67   75   79   88   95  105  116  128  140  153  167  178  191  200  212  220
  232  238  245  245  248  245  241  234  225  215  201  190  174  159  141  128
  114  102   93   80   73   57   54   48   47                                   
    72.5-180.0 180.0   5.0 450.0                            LAT/LON1/LON2/DLON/H
   56   71   58   57   57   59   62   65   69   72   75   78   80   83   84   83
   83   81   81   77   73   70   66   62   61   58   59   57   57   56   56   57
   60   63   69   75   87   97  112  127  144  160  178  192  207  220  235  247
  264  273  285  284  289  282  282  270  265  251  241  223  212  194  178  159
  143  126  114   99   91   77   74   62   56                                   
    70.0-180.0 180.0   5.0 450.0                            LAT/LON1/LON2/DLON/H
   63   68   58   60   59   61   62   66   66   69   70   74   75   78   78   78
   78   76   74   73   69   67   63   64   61   63   60   62   58   60   56   58
   57   62   65   72   84   94  112  128  147  166  186  203  223  238  258  274
  292  305  314  319  321  318  314  305  296  281  269  255  237  222  203  188
  167  150  131  116  104   89   87   75   63                                   
    67.5-180.0 180.0   5.0 450.0                            LAT/LON1/LON2/DLON/H
   70   78   63   61   61   62   65   67   68   70   69   72   71   74   73   74
   72   71   71   69   70   67   67   68   68   70   69   68   65   63   59   57
   56   58   61   68   77   89  108  127  150  172  194  215  235  258  274  292
  310  322  331  335  337  334  330  320  311  297  283  268  251  234  218  200
  182  162  144  125  114   98   97   81   70                                   
    65.0-180.0 180.0   5.0 450.0                            LAT/LON1/LON2/DLON/H
   70   69   58   57   58   60   63   66   67   69   68   70   69   71   71   73
   72   71   71   71   71   71   71   74   74   76   74   73   69   68   61   59
   55   58   60   69   78   92  113  133  158  180  202  225  249  268  292  304
  322  328  336  338  340  337  332  324  316  304  288  275  258  243  224  207
  185  167  144  127  114   99   96   81   70                                   
    62.5-180.0 180.0   5.0 450.0                            LAT/LON1/LON2/DLON/H
   69   67   57   54   55   58   62   66   66   69   66   70   66   70   66   72
   68   70   69   69   71   71   74   76   79   80   78   76   71   67   60   57
   55   56   60   68   80   96  119  139  166  186  213  235  259  281  299  313
  327  334  337  339  335  332  323  316  306  298  282  272  256  241  224  203
  185  161  144  123  114   97   94   76   69                                   
    60.0-180.0 180.0   5.0 450.0                            LAT/LON1/LON2/DLON/H
   65   57   50   47   47   51   54   60   62   66   63   66   63   66   64   68
   67   68   68   69   70   71   74   78   79   79   76   74   68   64   57   55
   53   58   62   76   88  108  132  152  178  200  223  247  268  287  308  317
  333  333  333  334  327  323  312  309  298  292  277  271  260  246  226  207
  185  162  140  124  112   93   88   68   65                                   
    57.5-180.0 180.0   5.0 450.0                            LAT/LON1/LON2/DLON/H
   68   58   53   48   48   50   54   59   60   64   60   64   60   65   62   67
   64   69   64   66   65   66   69   71   73   74   70   68   60   57   50   50
   50   56   65   80   98  121  146  166  191  212  237  259  278  299  314  328
  337  340  339  335  328  319  309  303  297  290  283  278  271  256  238  216
  194  167  147  127  115   97   93   67   68                                   
    55.0-180.0 180.0   5.0 450.0                            LAT/LON1/LON2/DLON/H
   75   62   59   52   48   52   53   58   58   60   58   60   60   63   61   65
   63   65   62   61   61   61   63   65   67   67   63   60   53   50   45   46
   49   60   72   96  114  140  164  185  208  230  251  270  290  308  323  333
  345  343  344  338  330  320  311  308  303  302  295  296  288  276  257  235
  209  183  157  138  124  105   99   71   75                                   
    52.5-180.0 180.0   5.0 450.0                            LAT/LON1/LON2/DLON/H
   94   80   77   67   61   61   61   63   60   61   55   57   54   61   60   66
   61   65   59   60   56   58   57   61   60   61   55   53   44   43   38   42
   48   62   81  105  131  155  179  199  224  244  264  282  300  317  330  342
  351  354  354  348  340  328  324  317  318  315  316  313  309  297  279  253
  227  195  170  148  135  118  115   86   94                                   
    50.0-180.0 180.0   5.0 450.0                            LAT/LON1/LON2/DLON/H
  109  101   99   87   78   73   67   69   65   62   57   58   58   61   62   65
   63   62   59   57   55   55   56   58   59   58   53   50   43   41   40   43
   53   71   93  123  148  173  194  216  238  258  275  291  310  324  341  348
  357  357  361  353  347  337  333  330  330  330  329  329  323  312  294  270
  239  210  182  163  148  135  128  103  109                                   
    47.5-180.0 180.0   5.0 450.0                            LAT/LON1/LON2/DLON/H
  131  133  123  113  104   94   83   79   72   70   62   62   59   62   62   65
   62   63   58   59   55   59   58   63   61   61   55   52   44   43   39   46
   57   79  106  137  165  186  208  227  248  268  281  300  316  333  345  352
  358  364  365  359  354  343  342  335  339  335  338  333  328  314  298  269
  241  209  186  166  158  147  145  124  131                                   
    45.0-180.0 180.0   5.0 450.0                            LAT/LON1/LON2/DLON/H
  139  151  137  131  122  111  101   93   87   81   75   70   69   69   69   70
   69   67   65   63   64   65   69   70   72   68   64   58   54   49   49   54
   68   91  120  154  178  201  219  239  259  276  291  307  325  339  352  353
  363  364  367  360  354  346  342  340  340  338  335  331  320  307  286  259
  228  202  180  166  158  150  147  132  139                                   
    42.5-180.0 180.0   5.0 450.0                            LAT/LON1/LON2/DLON/H
  144  156  147  144  139  129  119  110  103   94   88   82   81   78   77   76
   75   73   73   74   74   79   80   85   83   81   75   70   62   58   55   60
   74   98  133  163  191  210  231  249  267  285  301  318  333  347  352  358
  364  367  367  361  357  346  342  336  336  331  327  319  307  289  267  234
  208  183  166  154  149  141  144  132  144                                   
    40.0-180.0 180.0   5.0 450.0                            LAT/LON1/LON2/DLON/H
  129  147  138  140  137  130  125  116  110  103   96   95   93   92   88   86
   84   83   84   85   88   92   95   97   97   91   87   80   73   66   64   65
   80  104  140  173  198  221  239  260  278  296  314  329  346  354  361  363
  372  372  374  372  367  359  350  347  342  339  327  319  301  283  255  223
  195  170  157  146  138  127  126  114  129                                   
    37.5-180.0 180.0   5.0 450.0                            LAT/LON1/LON2/DLON/H
  117  133  127  130  131  127  125  121  117  111  109  106  108  104  102   98
   97   97  100  101  103  106  108  108  106  102   95   89   79   72   68   70
   83  106  144  172  203  225  246  269  286  308  326  344  358  364  369  373
  380  383  387  386  389  379  373  365  362  351  341  328  310  287  261  229
  202  178  162  148  138  119  116   92  117                                   
    35.0-180.0 180.0   5.0 450.0                            LAT/LON1/LON2/DLON/H
   99  107  107  112  114  115  116  114  116  113  112  115  115  114  110  109
  107  110  112  114  117  116  117  114  112  105   99   90   82   72   70   68
   85  107  141  174  202  231  253  280  300  325  346  362  378  384  390  393
  402  405  414  417  425  420  419  410  405  391  378  365  347  322  292  261
  238  214  195  171  150  122   99   80   99                                   
    32.5-180.0 180.0   5.0 450.0                            LAT/LON1/LON2/DLON/H
  102   92  100  101  105  106  107  108  110  113  116  119  122  120  117  116
  117  120  126  126  127  123  121  118  116  108  100   91   82   73   71   71
   85  108  142  175  205  235  263  294  314  341  363  382  398  404  412  417
  431  436  456  463  483  483  488  477  478  462  462  445  442  414  389  341
  311  278  250  216  178  143  108   87  102                                   
    30.0-180.0 180.0   5.0 450.0                            LAT/LON1/LON2/DLON/H
  116   96   95   99   98   98   98   98  103  105  111  117  120  120  117  118
  119  126  131  133  131  126  123  118  116  105   98   87   79   72   70   70
   83  107  142  188  215  248  273  308  331  361  385  407  424  430  444  448
  470  480  510  528  560  570  580  579  573  568  557  552  545  531  501  465
  421  387  339  296  242  203  152  126  116                                   
    27.5-180.0 180.0   5.0 450.0                            LAT/LON1/LON2/DLON/H
  166  128  119  114  110  111  106  105  104  105  108  114  118  118  115  117
  120  130  135  136  133  127  123  118  114  104   94   85   79   71   69   70
   85  115  152  195  233  265  291  324  350  382  408  432  455  467  482  496
  517  542  571  602  633  647  657  659  658  653  649  647  647  639  619  587
  544  498  445  385  329  288  231  203  166                                   
    25.0-180.0 180.0   5.0 450.0                            LAT/LON1/LON2/DLON/H
  245  208  182  155  141  131  122  116  113  107  108  111  115  114  114  114
  120  130  135  136  134  126  123  116  112  100   93   86   78   70   68   73
   98  127  171  219  251  285  311  344  374  408  438  466  494  507  528  544
  574  596  644  673  701  725  744  757  767  771  777  780  781  770  746  704
  655  597  545  497  432  372  320  297  245                                   
    22.5-180.0 180.0   5.0 450.0                            LAT/LON1/LON2/DLON/H
  349  292  276  223  197  177  160  149  134  126  121  123  120  118  113  114
  118  128  134  134  132  125  123  116  111  102   94   81   72   67   70   86
  108  141  185  233  270  301  332  362  392  426  456  493  523  551  570  591
  621  659  698  731  763  791  816  837  856  869  880  892  895  884  857  818
  761  700  640  589  542  494  431  398  349                                   
    20.0-180.0 180.0   5.0 450.0                            LAT/LON1/LON2/DLON/H
  422  367  332  304  267  235  201  190  165  149  133  129  127  126  121  116
  119  126  132  132  131  124  122  116  108   99   88   81   74   79   81   95
  123  157  203  250  285  315  351  377  411  440  483  524  562  586  609  629
  667  695  737  766  801  826  852  871  897  909  936  946  957  943  921  877
  831  767  717  669  633  593  554  496  422                                   
    17.5-180.0 180.0   5.0 450.0                            LAT/LON1/LON2/DLON/H
  515  470  416  355  326  307  270  241  212  189  164  155  145  143  136  135
  128  132  134  133  131  127  124  119  110   98   83   78   72   68   76  101
  132  179  222  263  297  327  363  389  424  456  502  548  588  619  643  667
  692  726  756  787  812  832  848  867  888  903  928  941  953  936  918  880
  842  793  756  721  697  662  626  595  515                                   
    15.0-180.0 180.0   5.0 450.0                            LAT/LON1/LON2/DLON/H
  578  542  497  416  372  340  319  311  263  230  193  183  166  163  151  150
  148  144  140  138  135  130  125  119  101   92   79   82   67   65   79  108
  144  191  237  275  305  336  368  396  436  466  517  568  606  637  664  677
  707  727  757  779  797  807  814  829  848  865  891  903  911  900  879  844
  809  775  749  729  713  687  657  641  578                                   
    12.5-180.0 180.0   5.0 450.0                            LAT/LON1/LON2/DLON/H
  595  574  557  482  435  390  363  352  324  275  235  207  195  190  177  167
  159  163  156  149  143  132  112  100   89   83   78   69   60   66   82  121
  153  205  245  279  316  344  373  401  442  473  524  573  618  650  671  691
  706  725  745  761  765  770  766  779  788  805  821  833  841  833  813  783
  759  738  723  709  699  674  646  652  595                                   
    10.0-180.0 180.0   5.0 450.0                            LAT/LON1/LON2/DLON/H
  592  584  561  518  470  422  404  379  353  326  281  242  221  212  197  186
  172  165  160  154  140  124  104   97   87   90   81   81   72   77   97  126
  163  205  247  281  319  341  374  400  442  472  522  573  615  646  673  681
  700  712  724  735  736  739  734  737  746  752  765  773  778  770  752  730
  708  696  683  673  660  636  616  602  592                                   
     7.5-180.0 180.0   5.0 450.0                            LAT/LON1/LON2/DLON/H
  562  563  558  522  490  453  435  412  390  357  324  280  257  234  223  200
  188  171  165  146  139  118  102   90   91   89   87   86   87   94  108  133
