data/unet/pred0160.15i
     1.0            IONOSPHERE MAPS     GNSS                IONEX VERSION / TYPE
pyspatialgeodesy        IME             05-JAN-18 20:20     PGM / RUN BY / DATE 
Map Name                                                    COMMENT             
Predicted global ionosphere maps (GIM).                     DESCRIPTION         
  2015     1    16     0     0     0                        EPOCH OF FIRST MAP  
  2015     1    17     0     0     0                        EPOCH OF LAST MAP   
  7200                                                      INTERVAL            
    13                                                      # OF MAPS IN FILE   
  NONE                                                      MAPPING FUNCTION    
10.0                                                        ELEVATION CUTOFF    
One-way carrier phase leveled to code                       OBSERVABLES USED    
  6371.0                                                    BASE RADIUS         
 2                                                          MAP DIMENSION       
   450.0 450.0   0.0                                        HGT1 / HGT2 / DHGT  
    87.5 -87.5  -2.5                                        LAT1 / LAT2 / DLAT  
  -180.0 180.0   5.0                                        LON1 / LON2 / DLON  
    -1                                                      EXPONENT            
                                                            END OF HEADER       
[from data line 4290]
    11                                                      START OF TEC MAP    
  2015     1    16    20     0     0                        EPOCH OF CURRENT MAP
    87.5-180.0 180.0   5.0 450.0                            LAT/LON1/LON2/DLON/H
  167  139  124  130  130  132  132  135  135  138  138  141  141  143  142  145
  143  145  142  144  141  143  140  141  138  140  136  138  135  137  133  135
  132  134  130  132  128  130  126  128  125  127  123  126  123  126  123  126
  124  128  126  129  128  130  128  129  128  129  127  128  125  127  124  125
  123  125  124  125  125  125  119  139  167                                   
    85.0-180.0 180.0   5.0 450.0                            LAT/LON1/LON2/DLON/H
  123  114  115  120  124  124  129  130  135  136  140  142  145  146  147  149
  148  149  147  148  145  145  142  141  138  138  135  135  132  132  130  130
  128  128  126  125  124  123  122  121  121  120  119  119  119  120  118  120
  119  121  119  122  119  122  118  121  117  120  116  117  114  115  112  112
  111  110  111  111  113  110  108  112  123                                   
    82.5-180.0 180.0   5.0 450.0                            LAT/LON1/LON2/DLON/H
  105   96   96  102  104  108  112  119  123  129  134  139  143  146  148  149
  149  148  147  144  141  138  134  131  127  124  120  119  115  115  112  113
  110  111  109  111  108  110  107  109  106  108  106  108  107  109  108  109
  109  111  111  112  112  115  113  115  113  114  111  112  109  109  105  105
  101  102   98   99   95   95   86   87  105                                   
    80.0-180.0 180.0   5.0 450.0                            LAT/LON1/LON2/DLON/H
   87   75   76   80   85   88   98  103  112  118  128  133  140  144  148  148
  148  145  142  137  132  125  119  112  106  100   96   92   90   87   88   85
   87   85   87   85   87   85   87   85   86   84   86   85   88   87   90   89
   94   94   98   98  102  102  104  103  104  103  102   99   98   94   93   88
   87   82   81   75   75   70   65   67   87                                   
    77.5-180.0 180.0   5.0 450.0                            LAT/LON1/LON2/DLON/H
   66   59   57   62   68   73   83   92  104  114  128  138  148  153  158  158
  158  152  148  138  130  118  110   99   92   82   78   71   69   67   67   67
   69   70   72   73   73   74   73   73   71   71   70   71   70   72   73   76
   77   82   83   87   89   93   93   95   94   94   92   91   88   86   82   78
   75   70   67   62   60   56   49   49   66                                   
    75.0-180.0 180.0   5.0 450.0                            LAT/LON1/LON2/DLON/H
   54   48   51   59   65   74   84   96  108  123  138  151  162  170  175  176
  174  169  161  150  137  123  110   96   84   73   65   59   54   53   53   55
   58   61   63   65   66   67   66   66   63   63   61   60   59   60   61   63
   66   68   74   75   81   82   86   85   88   85   86   83   83   79   77   73
   70   66   64   59   57   51   48   49   54                                   
    72.5-180.0 180.0   5.0 450.0                            LAT/LON1/LON2/DLON/H
   53   52   52   60   66   74   86   99  115  133  150  167  181  192  199  202
  200  194  184  170  155  138  121  101   85   71   62   54   51   48   49   51
   53   56   59   61   62   64   61   62   57   58   52   53   49   51   50   53
   55   59   62   66   69   73   74   76   76   77   76   75   73   72   71   68
   66   64   62   60   57   55   51   51   53                                   
    70.0-180.0 180.0   5.0 450.0                            LAT/LON1/LON2/DLON/H
   57   57   63   71   77   84   96  109  127  146  167  184  203  214  225  229
  229  224  213  198  180  161  143  119  100   81   70   59   54   51   50   50
   52   54   57   57   58   58   56   55   53   51   49   48   45   45   45   46
   48   50   55   57   62   63   66   65   68   67   68   65   67   65   67   64
   66   64   65   62   62   59   60   62   57                                   
    67.5-180.0 180.0   5.0 450.0                            LAT/LON1/LON2/DLON/H
   64   69   71   80   88   93  108  122  142  162  184  203  223  240  253  261
  263  259  247  231  210  191  170  148  124  103   87   74   65   59   57   55
   54   52   52   52   51   50   49   48   46   46   43   44   40   41   39   41
   40   44   45   49   51   54   55   55   56   56   56   56   56   58   58   59
   60   62   62   64   64   65   67   68   64                                   
    65.0-180.0 180.0   5.0 450.0                            LAT/LON1/LON2/DLON/H
   70   75   87   96  105  111  129  140  162  179  204  222  247  263  279  287
  291  287  274  260  241  224  203  181  159  134  115   96   84   73   65   60
   54   50   46   44   42   40   41   41   40   40   39   40   38   39   37   39
   38   40   41   42   43   45   45   45   46   45   45   45   47   48   50   51
   54   55   59   60   64   64   72   77   70                                   
    62.5-180.0 180.0   5.0 450.0                            LAT/LON1/LON2/DLON/H
   72   81   90  104  117  126  143  156  177  195  220  243  267  284  300  312
  318  312  299  283  270  254  237  216  191  168  145  124  105   91   77   66
   56   47   42   36   34   31   33   32   35   34   35   35   34   34   33   34
   33   35   33   35   33   36   33   35   34   35   34   35   36   38   40   42
   44   46   49   52   55   59   66   75   72                                   
    60.0-180.0 180.0   5.0 450.0                            LAT/LON1/LON2/DLON/H
   72   81  101  116  132  144  163  177  197  216  241  262  284  298  315  327
  334  331  320  306  294  282  267  249  225  198  175  151  131  111   92   77
   62   48   40   30   27   23   26   27   32   33   34   36   35   37   34   35
   33   34   33   32   31   32   31   30   30   29   29   30   31   32   33   35
   37   38   41   41   47   48   60   71   72                                   
    57.5-180.0 180.0   5.0 450.0                            LAT/LON1/LON2/DLON/H
   70   81   98  119  140  154  176  193  216  236  258  276  294  306  324  335
  345  341  334  320  311  301  288  271  248  225  198  176  152  131  109   89
   70   53   43   29   26   20   25   25   33   32   38   37   40   37   37   33
   33   32   32   32   31   31   30   30   29   29   28   29   29   30   30   30
   31   31   32   32   37   40   53   64   70                                   
    55.0-180.0 180.0   5.0 450.0                            LAT/LON1/LON2/DLON/H
   71   85  111  134  156  175  198  216  237  256  273  285  300  311  325  335
  343  341  336  326  318  310  297  280  262  241  219  194  174  149  127  103
   83   62   50   36   31   26   29   31   39   41   47   48   49   47   45   42
   39   39   38   38   38   38   36   37   36   36   34   34   33   33   32   32
   32   30   32   30   36   36   51   61   71                                   
    52.5-180.0 180.0   5.0 450.0                            LAT/LON1/LON2/DLON/H
   81   97  118  147  173  195  218  239  260  273  287  294  306  313  328  333
  340  335  329  321  315  309  296  284  268  253  232  211  189  167  142  117
   95   74   62   46   43   35   40   41   50   52   59   60   62   58   56   52
   50   47   46   45   45   45   44   44   44   42   42   40   40   39   38   37
   36   34   34   34   38   41   54   64   81                                   
    50.0-180.0 180.0   5.0 450.0                            LAT/LON1/LON2/DLON/H
   94  112  141  167  195  218  243  262  280  291  298  302  308  313  322  326
  328  322  317  309  307  300  291  279  272  254  242  219  202  175  153  127
  108   87   73   60   56   51   54   56   63   66   73   75   77   73   71   67
   65   62   60   60   58   59   57   57   55   54   51   50   48   47   46   44
   44   42   44   43   49   51   65   76   94                                   
    47.5-180.0 180.0   5.0 450.0                            LAT/LON1/LON2/DLON/H
  114  135  159  190  214  241  264  284  299  308  312  311  316  317  326  323
  325  315  311  306  302  300  291  286  276  265  249  232  210  186  159  135
  113   95   83   72   70   65   69   69   77   79   87   88   92   87   86   81
   79   76   75   73   72   71   70   69   66   63   61   58   57   55   54   54
   52   52   53   55   61   64   78   90  114                                   
    45.0-180.0 180.0   5.0 450.0                            LAT/LON1/LON2/DLON/H
  135  159  187  208  235  260  283  302  316  323  323  323  323  323  325  323
  321  312  310  306  305  302  300  293  286  269  258  233  215  184  160  134
  116   98   89   82   81   79   80   81   86   90   96  100  102  101   98   95
   93   91   89   88   85   84   82   80   76   72   68   64   62   60   60   59
   61   59   64   66   76   81   99  115  135                                   
    42.5-180.0 180.0   5.0 450.0                            LAT/LON1/LON2/DLON/H
  156  179  197  223  247  272  292  313  326  335  336  335  335  332  334  331
  329  320  318  318  317  318  315  311  299  284  264  240  212  182  153  128
  110   96   90   85   88   86   89   88   94   96  104  106  111  109  109  105
  104  101  100   96   95   91   90   85   82   76   71   67   64   63   62   62
   62   63   66   72   82   94  111  131  156                                   
    40.0-180.0 180.0   5.0 450.0                            LAT/LON1/LON2/DLON/H
  170  193  212  231  250  275  296  316  329  340  342  344  340  339  337  337
  335  329  329  331  333  333  331  323  311  288  269  236  210  175  147  124
  108   98   95   94   98   96   96   96   99  102  108  113  117  116  116  113
  113  109  108  103  100   97   93   90   84   78   72   67   65   63   62   60
   61   60   66   72   88  103  127  147  170                                   
    37.5-180.0 180.0   5.0 450.0                            LAT/LON1/LON2/DLON/H
  177  197  208  230  248  272  293  314  329  343  348  352  349  352  350  352
  350  347  346  349  351  353  348  338  320  297  270  238  206  172  145  124
  113  105  108  108  112  109  109  104  107  106  114  116  121  120  120  117
  117  114  113  108  105  101   98   93   86   79   72   67   64   61   59   57
   56   54   58   65   79  100  127  155  177                                   
    35.0-180.0 180.0   5.0 450.0                            LAT/LON1/LON2/DLON/H
  181  201  215  232  250  272  292  311  328  341  351  356  357  361  362  367
  367  365  364  368  368  370  361  346  325  300  273  242  213  182  157  142
  134  130  131  132  131  128  123  120  118  118  121  123  127  125  125  121
  120  117  116  112  111  108  105   99   92   84   76   70   65   62   60   56
   54   51   53   58   75   98  131  159  181                                   
    32.5-180.0 180.0   5.0 450.0                            LAT/LON1/LON2/DLON/H
  182  201  207  229  247  269  287  308  324  342  353  363  366  373  371  381
  382  384  381  385  385  383  371  352  329  304  281  255  230  208  191  180
  174  171  169  164  159  151  147  139  136  131  132  131  132  128  126  122
  121  117  115  112  113  112  111  105   97   87   77   70   65   61   59   55
   54   49   51   52   67   91  128  159  182                                   
    30.0-180.0 180.0   5.0 450.0                            LAT/LON1/LON2/DLON/H
  184  204  213  229  250  265  289  305  325  339  356  366  373  375  377  386
  387  389  387  391  390  386  371  352  328  310  293  277  261  245  235  229
  229  224  220  209  196  184  171  165  156  151  147  143  141  135  132  127
  125  122  120  119  120  122  122  116  105   93   82   74   71   68   66   62
   60   56   55   58   70   91  134  163  184                                   
    27.5-180.0 180.0   5.0 450.0                            LAT/LON1/LON2/DLON/H
  191  213  219  237  259  277  299  316  333  350  362  376  382  385  383  390
  392  393  392  394  392  386  371  353  336  325  318  312  309  305  310  314
  315  301  292  267  247  223  209  193  179  169  162  154  148  141  136  132
  128  124  122  120  124  123  124  115  107   94   84   77   74   72   73   71
   72   65   65   64   79  100  142  178  191                                   
    25.0-180.0 180.0   5.0 450.0                            LAT/LON1/LON2/DLON/H
  210  231  241  261  284  303  322  338  354  366  380  392  401  400  396  397
  395  395  392  394  389  382  367  357  348  350  352  362  377  390  388  388
  379  362  346  329  301  267  240  221  204  193  178  170  160  154  146  143
  137  135  130  130  131  133  130  121  110   95   86   80   77   74   76   77
   81   82   79   82   91  113  157  198  210                                   
    22.5-180.0 180.0   5.0 450.0                            LAT/LON1/LON2/DLON/H
  233  256  273  292  320  338  356  371  388  400  408  421  423  421  416  410
  407  401  398  394  390  382  377  371  378  388  411  435  455  458  466  454
  444  418  395  367  341  302  266  245  224  211  194  182  170  160  155  151
  151  145  144  141  142  139  137  125  114   98   91   85   86   81   83   84
   93   93  100  101  116  139  176  229  233                                   
    20.0-180.0 180.0   5.0 450.0                            LAT/LON1/LON2/DLON/H
  265  285  320  342  372  399  414  433  440  453  452  465  460  455  438  433
  425  417  409  405  398  392  391  400  422  448  481  506  530  540  541  527
  505  467  435  390  360  314  277  252  232  216  203  191  180  171  169  169
  169  163  155  150  144  144  138  131  117  105   94   92   91   88   88   92
  102  111  117  131  141  167  205  249  265                                   
    17.5-180.0 180.0   5.0 450.0                            LAT/LON1/LON2/DLON/H
  292  320  367  394  427  452  474  486  494  501  502  510  506  494  476  463
  453  442  438  428  427  419  432  449  489  518  558  580  604  605  599  581
  547  498  447  402  353  307  269  246  228  217  205  195  188  181  183  182
  180  168  162  151  149  144  140  133  123  112  106  102  101   95   96   99
  113  124  140  151  169  195  231  279  292                                   
    15.0-180.0 180.0   5.0 450.0                            LAT/LON1/LON2/DLON/H
  322  352  409  439  477  506  529  545  551  558  555  569  559  552  531  517
  503  493  482  471  472  468  490  518  569  601  635  651  655  646  625  593
  550  490  445  389  336  284  252  232  219  210  201  195  192  190  194  195
  192  181  173  164  159  157  149  147  138  132  124  119  111  103  105  107
  120  134  149  167  187  220  260  299  322                                   
    12.5-180.0 180.0   5.0 450.0                            LAT/LON1/LON2/DLON/H
  336  382  435  474  509  540  563  578  592  601  600  612  611  607  596  585
  574  561  548  534  534  537  563  602  643  674  696  698  686  663  624  583
  527  480  419  363  303  265  239  226  217  210  202  196  195  196  202  205
  204  195  185  175  169  161  157  151  147  139  133  121  116  108  109  112
  124  140  157  174  201  234  274  318  336                                   
    10.0-180.0 180.0   5.0 450.0                            LAT/LON1/LON2/DLON/H
  352  394  451  493  536  563  588  604  624  639  643  655  658  667  666  663
  657  642  628  612  615  620  649  679  713  726  731  713  685  647  604  548
  495  444  392  336  287  255  236  226  218  212  203  199  198  202  208  213
  213  205  195  182  173  167  161  159  154  148  141  130  122  114  113  114
  123  137  153  173  203  241  285  325  352                                   
     7.5-180.0 180.0   5.0 450.0                            LAT/LON1/LON2/DLON/H
  352  402  448  496  542  574  600  622  645  661  667  680  688  710  717  723
  720  708  699  685  688  695  714  733  749  751  732  697  653  614  561  513
