data/unet/pred0640.15i
     1.0            IONOSPHERE MAPS     GNSS                IONEX VERSION / TYPE
pyspatialgeodesy        IME             05-JAN-18 20:20     PGM / RUN BY / DATE 
Map Name                                                    COMMENT             
Predicted global ionosphere maps (GIM).                     DESCRIPTION         
  2015     3     5     0     0     0                        EPOCH OF FIRST MAP  
  2015     3     6     0     0     0                        EPOCH OF LAST MAP   
  7200                                                      INTERVAL            
    13                                                      # OF MAPS IN FILE   
  NONE                                                      MAPPING FUNCTION    
10.0                                                        ELEVATION CUTOFF    
One-way carrier phase leveled to code                       OBSERVABLES USED    
  6371.0                                                    BASE RADIUS         
 2                                                          MAP DIMENSION       
   450.0 450.0   0.0                                        HGT1 / HGT2 / DHGT  
    87.5 -87.5  -2.5                                        LAT1 / LAT2 / DLAT  
  -180.0 180.0   5.0                                        LON1 / LON2 / DLON  
    -1                                                      EXPONENT            
                                                            END OF HEADER       
[from data line 4290]
    11                                                      START OF TEC MAP    
  2015     3     5    20     0     0                        EPOCH OF CURRENT MAP
    87.5-180.0 180.0   5.0 450.0                            LAT/LON1/LON2/DLON/H
  210  189  180  183  183  182  184  184  186  186  188  188  190  189  191  189
  191  189  190  188  188  186  184  182  180  178  175  174  171  170  166  166
  162  163  158  159  155  157  152  155  152  156  154  157  156  159  159  160
  161  163  164  165  165  167  167  168  168  170  169  170  170  172  171  172
  172  173  173  173  173  172  168  188  210                                   
    85.0-180.0 180.0   5.0 450.0                            LAT/LON1/LON2/DLON/H
  174  168  168  171  171  172  173  175  178  180  183  184  187  186  189  187
  190  187  189  185  187  183  183  178  178  175  173  170  168  164  163  159
  158  154  153  150  149  147  146  145  145  145  146  146  148  148  149  149
  150  152  152  154  154  156  155  157  157  158  158  158  159  159  159  159
  160  160  161  159  160  156  157  179  174                                   
    82.5-180.0 180.0   5.0 450.0                            LAT/LON1/LON2/DLON/H
  165  156  157  161  161  164  166  171  174  179  182  186  188  191  191  194
  194  196  194  196  192  192  187  186  181  179  173  171  166  164  158  157
  152  152  147  148  144  144  140  142  139  141  139  141  140  142  141  144
  143  148  147  151  150  154  153  156  155  158  155  158  155  158  154  157
  153  156  153  155  152  150  144  161  165                                   
    80.0-180.0 180.0   5.0 450.0                            LAT/LON1/LON2/DLON/H
  153  138  138  137  142  144  152  156  165  170  179  182  188  190  195  195
  198  196  199  196  196  191  189  184  180  175  171  165  161  155  152  146
  145  138  139  133  134  129  130  126  128  125  126  125  127  126  127  128
  130  131  134  136  138  139  140  142  142  143  142  142  142  141  140  139
  138  138  138  134  135  130  128  146  153                                   
    77.5-180.0 180.0   5.0 450.0                            LAT/LON1/LON2/DLON/H
  136  123  122  122  127  129  140  145  158  163  176  179  189  189  198  195
  200  195  197  192  190  185  182  176  174  165  164  155  153  145  143  136
  134  129  129  124  123  119  119  116  115  114  114  113  114  113  116  116
  119  121  125  128  130  132  133  135  134  135  133  133  131  131  128  128
  125  125  124  121  119  116  112  128  136                                   
    75.0-180.0 180.0   5.0 450.0                            LAT/LON1/LON2/DLON/H
  131  118  119  122  125  132  141  151  163  173  187  194  206  207  216  210
  215  205  207  197  197  190  187  180  176  171  165  159  153  148  142  137
  133  129  127  123  121  118  117  113  112  109  109  106  106  106  107  108
  111  113  117  119  122  123  126  125  126  124  123  120  119  116  115  113
  113  113  114  114  113  111  112  130  131                                   
    72.5-180.0 180.0   5.0 450.0                            LAT/LON1/LON2/DLON/H
  130  124  125  127  132  137  148  156  173  184  201  211  226  228  234  229
  230  219  216  206  201  194  188  181  177  170  166  158  153  146  142  135
  131  127  124  121  118  116  113  112  108  107  102  102   99  100   98  100
  101  104  106  109  111  112  114  113  113  111  109  106  104  102  101   99
  100  102  104  106  107  109  112  130  130                                   
    70.0-180.0 180.0   5.0 450.0                            LAT/LON1/LON2/DLON/H
  139  134  138  140  145  151  161  172  189  201  222  232  249  248  255  246
  248  234  233  217  214  201  198  189  186  178  172  164  156  149  141  135
  129  124  121  118  116  113  112  109  107  104  101   99   96   95   95   94
   96   97  100  102  104  104  105  104  103   99   97   93   93   90   90   89
   91   93   98  102  105  108  116  137  139                                   
    67.5-180.0 180.0   5.0 450.0                            LAT/LON1/LON2/DLON/H
  146  147  151  155  159  163  174  183  199  213  233  248  259  265  266  264
  258  251  243  233  225  214  208  200  194  186  180  170  162  151  143  133
  126  119  116  111  110  107  105  103  100   97   93   92   88   87   85   87
   86   90   91   94   94   95   94   93   91   87   84   80   79   77   77   77
   78   81   86   92   99  106  116  137  146                                   
    65.0-180.0 180.0   5.0 450.0                            LAT/LON1/LON2/DLON/H
  158  156  166  168  175  180  190  199  215  230  252  266  282  285  293  284
  283  267  264  250  246  232  228  217  212  202  195  183  173  160  149  136
  127  118  112  106  103  100   99   96   94   90   87   83   81   79   77   77
   77   79   81   83   84   85   85   83   82   77   74   70   69   65   66   65
   67   70   75   82   91  102  116  140  158                                   
    62.5-180.0 180.0   5.0 450.0                            LAT/LON1/LON2/DLON/H
  158  161  171  178  184  188  196  204  218  234  254  273  289  300  306  304
  298  286  278  270  262  253  242  234  226  218  208  197  184  170  156  142
  130  119  110  103   98   94   90   88   85   81   77   73   70   66   64   62
   63   64   67   69   72   74   76   76   75   72   67   64   61   59   58   56
   57   59   64   72   81   92  108  135  158                                   
    60.0-180.0 180.0   5.0 450.0                            LAT/LON1/LON2/DLON/H
  161  159  175  183  191  200  208  218  231  245  263  280  299  312  325  322
  322  307  302  288  284  270  263  251  244  233  225  215  204  189  175  158
  143  129  118  107  101   94   90   84   82   77   75   69   67   60   58   53
   53   52   55   57   61   65   69   71   72   70   66   64   60   58   57   55
   56   56   61   66   75   85  103  127  161                                   
    57.5-180.0 180.0   5.0 450.0                            LAT/LON1/LON2/DLON/H
  156  159  170  182  194  200  211  221  234  247  263  280  296  319  329  340
  339  330  320  306  299  284  275  262  254  242  235  226  217  208  194  180
  162  146  131  117  107   98   91   85   80   75   72   66   62   54   51   45
   44   42   44   46   52   57   64   68   72   71   69   67   64   63   60   58
   57   56   59   63   70   80   95  117  156                                   
    55.0-180.0 180.0   5.0 450.0                            LAT/LON1/LON2/DLON/H
  161  159  176  190  203  217  229  242  252  263  274  287  303  323  341  351
  357  349  344  328  320  302  294  279  270  261  255  249  244  233  224  208
  192  172  154  135  123  111  103   96   91   86   83   77   73   64   59   51
   50   45   48   48   55   59   67   73   77   78   77   77   75   74   72   70
   67   67   69   72   78   86  103  120  161                                   
    52.5-180.0 180.0   5.0 450.0                            LAT/LON1/LON2/DLON/H
  165  170  186  203  223  238  252  266  275  285  290  302  311  334  347  366
  370  368  363  348  337  316  306  291  284  274  272  267  265  258  250  236
  217  197  174  155  139  126  116  108  101   97   93   89   84   75   69   62
   60   57   57   59   63   69   76   82   87   88   87   87   85   86   84   83
   82   80   83   86   92   99  111  130  165                                   
    50.0-180.0 180.0   5.0 450.0                            LAT/LON1/LON2/DLON/H
  186  186  208  229  250  271  288  304  310  319  319  327  332  348  362  378
  384  384  377  366  354  335  323  310  304  296  294  292  289  283  273  257
  239  215  193  173  156  143  133  126  120  116  114  110  107   98   94   85
   85   80   82   80   83   86   92   97  100  100   99   98   97   98   99   98
   98  100  104  109  117  124  139  156  186                                   
    47.5-180.0 180.0   5.0 450.0                            LAT/LON1/LON2/DLON/H
  204  214  235  259  282  305  324  339  346  355  351  359  357  372  378  393
  396  397  390  378  364  348  336  325  319  314  311  310  305  298  284  267
  244  220  197  180  164  153  142  136  130  128  125  124  120  115  110  106
  104  104  103  103  103  105  108  111  113  111  108  105  105  106  109  111
  114  118  123  132  140  151  161  186  204                                   
    45.0-180.0 180.0   5.0 450.0                            LAT/LON1/LON2/DLON/H
  235  243  267  289  314  341  362  377  385  390  389  393  391  400  402  413
  414  415  403  391  376  362  352  340  334  327  323  318  310  298  282  260
  238  213  194  180  169  160  153  146  141  138  137  136  136  132  130  126
  128  126  127  124  124  122  124  124  125  119  115  111  111  113  117  122
  125  134  143  153  167  180  198  219  235                                   
    42.5-180.0 180.0   5.0 450.0                            LAT/LON1/LON2/DLON/H
  250  269  289  316  340  367  389  406  413  423  419  427  421  430  425  435
  432  431  418  405  392  380  369  359  350  342  333  324  308  292  268  247
  221  200  183  175  169  164  157  150  143  139  138  139  140  139  138  138
  139  140  139  138  136  136  135  135  133  128  122  116  114  116  120  126
  130  140  147  163  180  201  217  246  250                                   
    40.0-180.0 180.0   5.0 450.0                            LAT/LON1/LON2/DLON/H
  272  289  310  336  360  388  410  427  438  444  446  452  450  456  452  458
  452  451  439  428  416  405  395  385  374  361  347  332  310  285  259  234
  211  193  183  181  181  180  172  162  151  144  143  143  145  144  146  145
  147  147  147  144  143  141  142  140  139  133  126  120  117  119  121  129
  132  141  149  164  188  209  235  259  272                                   
    37.5-180.0 180.0   5.0 450.0                            LAT/LON1/LON2/DLON/H
  276  297  319  346  370  393  415  433  445  457  457  466  464  471  468  475
  468  466  456  448  435  424  415  403  388  372  351  333  308  280  254  232
  212  200  197  199  204  203  193  177  163  153  148  147  147  146  146  146
  145  146  144  143  140  141  143  144  143  138  132  123  120  120  121  126
  125  131  134  152  176  207  235  267  276                                   
    35.0-180.0 180.0   5.0 450.0                            LAT/LON1/LON2/DLON/H
  284  304  329  355  375  401  419  437  450  459  468  474  478  486  484  489
  486  487  478  473  461  450  434  422  400  382  359  339  316  294  274  258
  245  240  238  246  247  245  226  209  188  176  167  164  160  155  152  149
  146  145  143  142  140  142  144  148  149  144  137  130  125  125  125  127
  123  125  125  140  164  196  230  265  284                                   
    32.5-180.0 180.0   5.0 450.0                            LAT/LON1/LON2/DLON/H
  282  302  329  358  379  398  417  430  447  459  469  476  484  495  496  500
  499  502  497  492  480  467  448  429  408  387  368  352  338  328  320  315
  311  311  313  316  312  296  270  243  221  204  193  187  179  171  161  153
  146  142  139  138  138  141  143  148  150  149  142  135  130  128  127  125
  120  113  113  120  148  181  224  264  282                                   
    30.0-180.0 180.0   5.0 450.0                            LAT/LON1/LON2/DLON/H
  284  302  333  364  383  408  422  438  451  465  478  491  498  510  510  513
  514  516  518  515  503  488  465  442  420  401  389  384  383  388  396  407
  417  426  426  419  401  370  328  292  262  244  230  222  209  196  180  170
  156  152  144  147  145  152  151  158  155  153  143  141  134  135  133  132
  126  120  120  124  145  176  220  262  284                                   
    27.5-180.0 180.0   5.0 450.0                            LAT/LON1/LON2/DLON/H
  284  302  336  362  388  408  428  444  458  477  487  501  511  521  522  524
  524  528  529  526  514  496  471  451  435  428  429  441  459  482  498  518
  537  547  538  528  495  450  400  351  310  284  270  261  247  229  213  195
  185  173  169  165  166  167  168  169  169  164  161  151  149  142  143  139
  139  131  134  132  149  177  223  268  284                                   
    25.0-180.0 180.0   5.0 450.0                            LAT/LON1/LON2/DLON/H
  293  307  343  374  397  421  439  463  477  505  516  531  531  537  533  537
  539  542  546  540  528  507  485  471  464  472  493  518  550  585  624  672
  673  667  644  622  575  511  443  383  345  326  310  295  283  263  249  229
  215  204  194  188  186  183  180  175  170  160  155  149  146  142  145  148
  151  153  152  157  168  196  236  277  293                                   
    22.5-180.0 180.0   5.0 450.0                            LAT/LON1/LON2/DLON/H
  306  323  366  388  414  433  458  483  511  540  555  563  553  550  543  546
  550  560  563  554  540  518  499  495  503  530  562  599  639  700  722  737
  737  713  679  649  599  534  450  391  353  339  337  337  323  304  284  272
  258  248  238  230  222  214  205  196  186  174  167  158  155  148  151  155
  161  166  175  186  197  228  258  303  306                                   
    20.0-180.0 180.0   5.0 450.0                            LAT/LON1/LON2/DLON/H
  334  344  390  416  444  464  492  525  556  592  600  614  591  592  571  576
  577  583  588  576  561  540  530  533  556  588  633  682  733  760  775  795
  772  744  690  643  585  518  445  386  359  350  353  359  356  340  326  311
  306  296  292  278  270  250  233  213  199  185  179  170  163  158  157  165
  173  180  187  200  219  260  290  322  334                                   
    17.5-180.0 180.0   5.0 450.0                            LAT/LON1/LON2/DLON/H
  353  377  421  454  476  501  528  568  603  632  644  651  637  623  606  603
  607  610  611  600  585  571  565  579  612  659  710  752  785  806  812  799
  762  713  647  593  525  467  400  362  343  347  356  371  374  366  353  347
  344  342  338  328  314  290  264  232  210  189  182  172  166  162  164  173
  181  187  195  206  230  272  309  344  353                                   
    15.0-180.0 180.0   5.0 450.0                            LAT/LON1/LON2/DLON/H
  383  408  452  485  516  535  571  604  645  674  682  699  692  696  663  662
  649  649  644  633  619  610  615  640  681  726  770  800  827  828  813  777
  718  646  578  517  461  398  356  333  332  346  366  381  387  383  376  367
  368  367  367  357  344  315  285  248  217  194  183  174  165  163  163  172
  181  186  193  204  233  274  320  355  383                                   
    12.5-180.0 180.0   5.0 450.0                            LAT/LON1/LON2/DLON/H
  390  429  479  519  547  574  603  640  678  702  720  733  740  742  734  725
  705  694  683  671  663  665  682  713  755  792  814  836  834  817  775  728
  646  576  499  445  388  344  321  319  329  352  378  398  402  399  387  380
  381  380  382  374  357  329  294  257  223  201  185  176  163  160  161  169
  175  184  189  206  232  280  322  366  390                                   
    10.0-180.0 180.0   5.0 450.0                            LAT/LON1/LON2/DLON/H
  402  443  503  540  582  602  636  670  706  729  743  773  783  799  788  780
  759  748  738  726  731  738  760  788  825  845  854  850  829  796  746  685
  592  509  438  383  346  322  318  332  349  377  402  422  424  419  402  391
  386  382  379  367  349  319  291  254  227  204  190  178  167  166  165  172
  170  177  182  204  227  280  321  367  402                                   
     7.5-180.0 180.0   5.0 450.0                            LAT/LON1/LON2/DLON/H
  400  452  515  562  603  630  660  697  727  746  765  791  812  832  834  821
  806  793  788  780  792  803  826  852  874  876  862  837  803  766  711  645
