data/unet/pred1020.15i
     1.0            IONOSPHERE MAPS     GNSS                IONEX VERSION / TYPE
pyspatialgeodesy        IME             05-JAN-18 20:20     PGM / RUN BY / DATE 
Map Name                                                    COMMENT             
Predicted global ionosphere maps (GIM).                     DESCRIPTION         
  2015     4    12     0     0     0                        EPOCH OF FIRST MAP  
  2015     4    13     0     0     0                        EPOCH OF LAST MAP   
  7200                                                      INTERVAL            
    13                                                      # OF MAPS IN FILE   
  NONE                                                      MAPPING FUNCTION    
10.0                                                        ELEVATION CUTOFF    
One-way carrier phase leveled to code                       OBSERVABLES USED    
  6371.0                                                    BASE RADIUS         
 2                                                          MAP DIMENSION       
   450.0 450.0   0.0                                        HGT1 / HGT2 / DHGT  
    87.5 -87.5  -2.5                                        LAT1 / LAT2 / DLAT  
  -180.0 180.0   5.0                                        LON1 / LON2 / DLON  
    -1                                                      EXPONENT            
                                                            END OF HEADER       
     1                                                      START OF TEC MAP    
  2015     4    12     0     0     0                        EPOCH OF CURRENT MAP
    87.5-180.0 180.0   5.0 450.0                            LAT/LON1/LON2/DLON/H
  164  137  130  124  126  121  124  122  126  124  127  125  128  126  129  126
  129  127  129  126  128  125  126  123  124  121  122  119  121  118  119  116
  118  114  116  112  115  112  114  110  113  111  113  110  114  111  115  112
  116  114  117  115  119  117  120  118  122  119  123  120  125  123  126  124
  128  127  131  131  137  134  135  148  164                                   
    85.0-180.0 180.0   5.0 450.0                            LAT/LON1/LON2/DLON/H
  139  133  135  129  127  123  127  126  131  130  134  133  137  136  138  136
  138  135  137  133  134  130  129  124  124  119  119  114  114  110  109  104
  106  101  102   98  101   98  100   96  100   98  100   99  103  102  105  104
  109  108  112  111  116  115  119  118  121  120  124  123  127  126  130  129
  133  131  137  135  141  133  126  129  139                                   
    82.5-180.0 180.0   5.0 450.0                            LAT/LON1/LON2/DLON/H
  129  126  126  126  124  122  125  127  131  132  137  139  142  142  145  144
  145  144  143  141  139  134  130  126  122  117  112  108  104  101   97   93
   92   89   87   86   86   85   85   85   86   87   88   89   92   93   95   97
   99  101  104  105  108  109  111  113  115  116  118  120  123  124  126  128
  130  131  134  134  136  129  121  125  129                                   
    80.0-180.0 180.0   5.0 450.0                            LAT/LON1/LON2/DLON/H
  128  127  128  130  126  128  130  135  137  142  145  151  154  157  158  160
  160  160  158  155  151  146  140  134  128  121  114  108  103   98   92   89
   86   84   82   82   81   82   81   83   83   85   85   87   88   91   91   94
   96   98   99  102  104  106  107  109  112  114  116  120  122  125  128  131
  133  134  137  137  137  132  125  126  128                                   
    77.5-180.0 180.0   5.0 450.0                            LAT/LON1/LON2/DLON/H
  134  131  131  132  127  130  131  136  138  145  149  156  159  165  166  169
  169  168  165  163  157  152  145  138  129  122  113  107   99   93   87   84
   80   79   77   77   76   77   77   78   78   78   79   80   81   82   83   85
   87   88   90   92   93   96   97  101  103  106  109  114  118  123  127  132
  134  138  140  142  139  137  131  130  134                                   
    75.0-180.0 180.0   5.0 450.0                            LAT/LON1/LON2/DLON/H
  139  135  136  135  129  130  132  137  140  147  152  160  163  168  170  172
  170  169  165  162  156  151  143  137  128  120  112  105   97   92   86   83
   78   77   75   75   74   74   74   74   72   73   72   73   72   73   73   75
   74   77   77   80   80   84   85   89   91   96  100  107  111  118  124  130
  134  139  144  147  147  148  140  139  139                                   
    72.5-180.0 180.0   5.0 450.0                            LAT/LON1/LON2/DLON/H
  152  145  147  145  136  135  136  142  143  151  155  163  164  167  167  166
  163  159  155  152  146  143  137  133  124  118  110  104   95   91   85   82
   77   76   74   75   72   72   71   70   67   67   66   66   65   65   66   66
   67   68   69   71   71   75   77   81   84   90   95  102  107  114  121  127
  133  139  147  152  155  158  154  151  152                                   
    70.0-180.0 180.0   5.0 450.0                            LAT/LON1/LON2/DLON/H
  159  156  158  151  143  140  141  145  148  154  159  164  165  164  161  157
  151  146  142  139  135  133  129  127  118  113  106  100   91   87   82   79
   75   73   72   71   68   68   66   63   60   58   57   55   54   54   55   56
   56   58   59   62   64   67   71   75   80   86   93   99  106  113  119  125
  130  136  145  152  157  165  164  165  159                                   
    67.5-180.0 180.0   5.0 450.0                            LAT/LON1/LON2/DLON/H
  171  166  167  162  149  146  144  150  151  159  160  165  162  159  153  147
  138  133  129  128  124  124  122  121  113  108  101   96   87   84   80   78
   73   71   69   68   64   62   59   56   52   49   48   46   45   46   47   49
   50   53   55   59   61   67   71   77   82   89   96  104  109  116  121  125
  129  134  143  151  157  168  172  174  171                                   
    65.0-180.0 180.0   5.0 450.0                            LAT/LON1/LON2/DLON/H
  178  177  177  167  155  148  147  149  152  156  160  160  157  150  143  134
  125  119  117  117  116  117  117  115  108  102   95   90   81   78   74   73
   68   67   64   63   58   57   53   50   45   42   40   38   38   38   40   41
   44   47   52   56   61   66   73   79   86   94  103  110  116  121  125  127
  129  131  140  146  154  168  175  182  178                                   
    62.5-180.0 180.0   5.0 450.0                            LAT/LON1/LON2/DLON/H
  185  183  182  175  159  152  146  150  149  157  156  159  151  146  136  128
  118  113  112  113  113  114  113  110  102   95   87   82   74   70   68   66
   62   59   57   56   51   48   45   42   38   36   35   34   34   35   38   40
   44   48   53   58   64   70   77   84   92  101  111  119  125  130  133  133
  132  132  137  143  149  166  177  183  185                                   
    60.0-180.0 180.0   5.0 450.0                            LAT/LON1/LON2/DLON/H
  189  190  187  176  163  152  147  146  149  151  153  150  146  136  129  120
  113  108  110  109  110  109  108  102   93   84   76   70   63   60   58   56
   52   50   49   47   43   41   39   37   36   34   34   32   34   34   38   39
   45   47   54   59   66   72   80   87   98  107  118  127  134  140  142  141
  139  136  140  141  147  161  173  182  189                                   
    57.5-180.0 180.0   5.0 450.0                            LAT/LON1/LON2/DLON/H
  195  195  193  186  169  160  151  151  148  153  149  150  141  136  126  121
  113  113  111  112  110  108  104   97   85   76   68   62   55   54   53   51
   47   45   43   41   37   38   36   38   36   38   37   38   39   40   42   45
   49   53   59   65   71   79   86   95  105  116  127  137  146  153  155  155
  152  149  150  151  152  164  175  181  195                                   
    55.0-180.0 180.0   5.0 450.0                            LAT/LON1/LON2/DLON/H
  202  205  204  194  180  168  162  156  154  152  150  146  141  133  128  121
  118  115  115  113  111  106  101   91   81   71   64   58   54   52   52   49
   46   42   39   37   35   38   40   43   45   47   47   47   49   48   52   51
   57   57   64   68   76   81   91   98  111  121  135  145  156  163  169  170
  169  168  169  167  165  174  183  187  202                                   
    52.5-180.0 180.0   5.0 450.0                            LAT/LON1/LON2/DLON/H
  218  218  219  213  197  188  178  173  166  164  155  153  143  142  133  133
  126  126  121  119  113  109  100   93   81   74   66   64   61   61   58   56
   50   47   42   44   41   48   50   59   59   63   61   62   62   63   64   64
   67   68   72   76   83   90   99  107  118  130  143  155  167  177  186  188
  190  190  191  189  186  192  199  200  218                                   
    50.0-180.0 180.0   5.0 450.0                            LAT/LON1/LON2/DLON/H
  239  240  243  234  223  212  205  195  189  179  168  158  151  144  140  137
  135  129  125  118  113  106  100   92   84   77   73   70   69   68   65   61
   56   52   48   50   51   60   65   74   77   79   78   77   79   79   81   78
   83   80   85   86   93   98  108  115  129  138  152  164  180  189  201  206
  212  215  219  218  216  218  223  223  239                                   
    47.5-180.0 180.0   5.0 450.0                            LAT/LON1/LON2/DLON/H
  268  266  271  265  255  246  237  227  216  205  186  176  162  159  150  151
  144  141  131  127  118  115  108  104   95   91   85   85   81   81   75   72
   65   63   60   66   67   79   84   93   94   97   94   96   96   97   98   97
   98   98   99  102  106  114  122  130  142  153  166  179  193  204  217  224
  234  241  250  251  253  253  253  254  268                                   
    45.0-180.0 180.0   5.0 450.0                            LAT/LON1/LON2/DLON/H
  292  299  301  293  286  276  269  255  245  226  210  191  176  168  160  157
  150  144  134  128  121  117  113  110  104   99   95   93   89   86   80   75
   70   70   70   78   81   95  100  110  112  114  113  114  115  115  117  114
  118  114  117  116  122  127  137  146  161  170  185  195  210  220  234  241
  256  266  278  283  289  289  290  290  292                                   
    42.5-180.0 180.0   5.0 450.0                            LAT/LON1/LON2/DLON/H
  315  321  326  318  311  302  294  280  268  249  228  211  190  183  170  168
  157  153  141  138  131  132  126  124  115  112  103  101   94   91   82   78
   73   75   78   90   94  109  112  122  124  128  128  130  131  134  134  134
  134  132  130  131  134  142  152  164  180  192  206  218  229  240  251  260
  274  285  299  308  318  319  321  323  315                                   
    40.0-180.0 180.0   5.0 450.0                            LAT/LON1/LON2/DLON/H
  345  356  354  341  333  322  313  298  287  266  247  224  208  196  183  177
  166  162  149  148  144  145  139  134  124  115  106  100   94   88   80   76
   73   79   83   97  103  118  121  133  136  141  141  145  147  150  151  149
  149  144  142  141  146  153  167  179  200  212  230  241  253  261  273  281
  296  307  321  332  345  349  354  353  345                                   
    37.5-180.0 180.0   5.0 450.0                            LAT/LON1/LON2/DLON/H
  377  388  381  368  352  342  327  313  301  280  261  243  224  214  197  192
  180  177  166  168  163  167  157  151  134  123  108  103   94   89   81   78
   77   84   90  106  112  127  130  141  144  150  152  157  158  162  160  160
  156  153  147  148  151  162  175  191  211  228  247  261  274  286  297  306
  318  331  343  356  370  376  380  379  377                                   
    35.0-180.0 180.0   5.0 450.0                            LAT/LON1/LON2/DLON/H
  430  433  419  393  379  361  344  328  314  295  278  257  242  227  212  204
  191  188  180  183  179  179  168  157  138  123  111  105   99   94   89   88
   89   97  103  118  124  137  139  149  152  160  161  168  168  172  168  166
  161  155  150  149  155  165  180  196  220  238  261  281  300  319  332  344
  355  368  378  391  407  412  421  411  430                                   
    32.5-180.0 180.0   5.0 450.0                            LAT/LON1/LON2/DLON/H
  491  488  469  445  413  394  368  354  337  320  299  277  259  245  226  217
  203  202  194  197  191  190  174  163  140  129  116  115  110  110  105  106
  108  117  120  136  139  152  152  162  163  171  170  178  176  178  171  169
  161  157  149  149  154  166  181  200  222  244  269  296  323  350  368  384
  396  410  418  431  446  455  462  455  491                                   
    30.0-180.0 180.0   5.0 450.0                            LAT/LON1/LON2/DLON/H
  569  580  558  527  498  457  427  398  380  352  326  299  281  262  243  231
  217  214  205  206  199  194  178  164  147  138  132  135  135  136  134  135
  136  142  145  156  157  168  170  179  181  185  184  190  186  184  175  171
  163  155  150  150  157  168  185  206  231  253  281  316  353  386  410  431
  445  461  470  482  497  506  519  515  569                                   
    27.5-180.0 180.0   5.0 450.0                            LAT/LON1/LON2/DLON/H
  641  664  653  641  601  557  507  474  440  408  370  337  312  287  264  248
  231  226  213  214  201  197  177  171  156  159  158  169  170  174  168  169
  166  169  165  175  174  189  191  204  199  204  197  202  194  191  178  173
  164  156  151  151  158  171  188  211  235  261  289  329  368  409  440  470
  488  509  515  530  543  554  568  574  641                                   
    25.0-180.0 180.0   5.0 450.0                            LAT/LON1/LON2/DLON/H
  724  762  762  755  727  669  616  567  526  473  425  376  347  315  291  269
  250  238  222  215  203  195  183  180  180  187  197  207  210  211  204  198
  194  189  183  184  188  200  205  214  212  211  204  202  194  185  174  164
  161  152  151  148  160  171  194  216  242  268  297  339  382  425  465  502
  528  553  564  577  591  601  630  637  724                                   
    22.5-180.0 180.0   5.0 450.0                            LAT/LON1/LON2/DLON/H
  769  820  840  849  825  773  715  662  608  559  502  448  404  366  333  301
  273  254  229  220  200  198  186  199  203  225  234  249  250  246  234  225
  214  210  199  201  203  216  216  226  217  219  208  207  193  185  171  165
  161  157  156  154  160  173  193  219  244  275  303  345  386  435  478  526
  557  587  598  613  623  632  667  684  769                                   
    20.0-180.0 180.0   5.0 450.0                            LAT/LON1/LON2/DLON/H
  822  883  910  925  918  870  818  763  708  650  591  527  476  424  387  344
  310  280  249  230  212  209  209  226  244  269  287  300  297  288  272  254
  242  228  219  213  217  224  226  231  222  218  209  203  191  181  173  162
  162  154  154  149  158  167  189  217  245  281  310  355  390  434  480  531
  571  608  632  646  660  670  721  736  822                                   
    17.5-180.0 180.0   5.0 450.0                            LAT/LON1/LON2/DLON/H
  835  901  940  963  979  953  905  852  798  741  684  624  565  512  460  413
  365  323  280  259  233  240  239  271  295  327  337  346  334  325  302  289
  272  261  243  239  234  241  239  244  229  227  212  209  195  189  180  171
  167  158  155  148  151  156  179  209  242  282  320  366  399  443  483  531
  571  613  638  661  677  692  744  763  835                                   
    15.0-180.0 180.0   5.0 450.0                            LAT/LON1/LON2/DLON/H
  865  917  958  984 1003  986  972  919  874  816  764  705  652  589  537  477
  428  376  330  300  281  287  297  333  360  386  384  372  354  333  315  298
  289  272  262  253  254  256  258  254  243  232  221  212  203  194  190  175
  172  159  149  139  138  144  166  198  233  278  322  373  411  449  488  528
  573  613  652  675  703  721  781  785  865                                   
    12.5-180.0 180.0   5.0 450.0                            LAT/LON1/LON2/DLON/H
  845  914  954  987 1012 1000  994  966  926  873  833  776  730  672  614  556
  501  452  401  374  351  367  373  412  426  440  411  387  350  335  314  307
  298  293  285  281  282  280  280  271  260  244  234  222  215  205  197  180
  170  153  141  127  128  134  159  191  227  273  320  372  415  459  493  534
  569  615  650  684  713  734  785  792  845                                   
    10.0-180.0 180.0   5.0 450.0                            LAT/LON1/LON2/DLON/H
  859  916  956  984 1006  998  995  981  958  913  881  832  795  743  691  632
  583  531  489  459  441  450  459  479  484  466  424  376  336  318  309  308
  312  311  315  308  308  300  296  282  268  250  240  229  225  211  202  179
  163  142  127  112  113  122  148  177  216  260  310  364  417  459  498  533
  575  621  665  698  739  762  809  801  859                                   
     7.5-180.0 180.0   5.0 450.0                            LAT/LON1/LON2/DLON/H
  842  908  939  974  988  984  985  975  961  936  914  873  845  798  753  697
  649  609  574  550  527  533  526  530  502  462  396  347  312  307  307  318
