data/unet/pred2060.15i
     1.0            IONOSPHERE MAPS     GNSS                IONEX VERSION / TYPE
pyspatialgeodesy        IME             05-JAN-18 20:20     PGM / RUN BY / DATE 
Map Name                                                    COMMENT             
Predicted global ionosphere maps (GIM).                     DESCRIPTION         
  2015     7    25     0     0     0                        EPOCH OF FIRST MAP  
  2015     7    26     0     0     0                        EPOCH OF LAST MAP   
  7200                                                      INTERVAL            
    13                                                      # OF MAPS IN FILE   
  NONE                                                      MAPPING FUNCTION    
10.0                                                        ELEVATION CUTOFF    
One-way carrier phase leveled to code                       OBSERVABLES USED    
  6371.0                                                    BASE RADIUS         
 2                                                          MAP DIMENSION       
   450.0 450.0   0.0                                        HGT1 / HGT2 / DHGT  
    87.5 -87.5  -2.5                                        LAT1 / LAT2 / DLAT  
  -180.0 180.0   5.0                                        LON1 / LON2 / DLON  
    -1                                                      EXPONENT            
                                                            END OF HEADER       
[from data line 429]
     2                                                      START OF TEC MAP    
  2015     7    25     2     0     0                        EPOCH OF CURRENT MAP
    87.5-180.0 180.0   5.0 450.0                            LAT/LON1/LON2/DLON/H
  137  135  133  129  132  128  132  130  134  131  133  130  132  129  130  127
  129  126  127  124  127  123  124  121  124  120  121  117  119  115  117  113
  116  112  114  111  114  110  112  108  112  107  110  105  109  104  107  103
  107  102  106  102  107  102  106  102  107  103  108  104  110  106  112  108
  114  111  118  114  120  114  118  132  137                                   
    85.0-180.0 180.0   5.0 450.0                            LAT/LON1/LON2/DLON/H
  131  145  130  134  134  132  135  135  137  137  137  136  136  135  134  132
  132  130  129  127  127  125  123  121  121  118  117  115  115  113  113  111
  112  111  111  110  111  110  110  109  110  108  108  107  106  105  104  103
  103  102  101  102  101  101  101  101  101  102  102  103  104  105  106  107
  108  110  113  114  115  111  119  121  131                                   
    82.5-180.0 180.0   5.0 450.0                            LAT/LON1/LON2/DLON/H
  133  136  134  138  137  137  141  142  145  143  145  143  144  140  140  137
  137  133  132  128  129  124  123  119  119  116  115  112  113  110  110  109
  110  109  110  109  111  110  112  111  112  110  110  109  109  107  106  106
  104  104  102  103  101  102  101  102  102  103  102  105  104  106  106  108
  108  111  113  114  115  112  121  118  133                                   
    80.0-180.0 180.0   5.0 450.0                            LAT/LON1/LON2/DLON/H
  133  133  134  138  144  142  149  150  155  152  155  152  153  148  149  144
  144  138  138  131  132  124  124  117  117  111  111  107  107  104  105  104
  106  105  108  108  111  110  113  112  114  111  112  110  112  108  109  106
  108  104  105  104  105  103  104  103  105  104  105  105  107  105  107  107
  109  108  113  112  114  110  116  113  133                                   
    77.5-180.0 180.0   5.0 450.0                            LAT/LON1/LON2/DLON/H
  130  135  133  142  142  148  151  156  157  159  158  159  155  154  150  148
  143  141  136  134  128  125  119  116  110  108  103  103   99  100   98  101
  101  104  105  109  110  114  114  116  115  116  113  114  112  112  110  111
  109  109  108  110  108  109  108  110  108  110  109  111  109  110  109  110
  108  111  111  113  110  112  116  112  130                                   
    75.0-180.0 180.0   5.0 450.0                            LAT/LON1/LON2/DLON/H
  127  128  129  135  141  141  149  150  154  154  155  152  152  148  146  141
  139  134  132  127  125  119  116  110  107  101   99   94   93   91   92   92
   96   98  103  105  110  111  116  115  117  115  116  114  115  112  114  112
  113  110  112  111  112  111  113  112  113  112  114  113  114  112  114  112
  112  111  114  113  113  111  117  110  127                                   
    72.5-180.0 180.0   5.0 450.0                            LAT/LON1/LON2/DLON/H
  122  125  123  130  132  136  141  144  147  148  148  147  144  141  137  134
  129  127  123  121  117  114  110  106  101   97   93   89   86   85   85   87
   90   94   98  102  105  109  111  113  112  113  112  113  112  112  112  112
  111  111  112  112  112  113  114  115  115  115  117  116  116  115  115  114
  113  112  114  113  113  110  115  108  122                                   
    70.0-180.0 180.0   5.0 450.0                            LAT/LON1/LON2/DLON/H
  118  119  118  124  127  130  135  139  141  142  141  140  137  133  129  126
  123  120  118  116  114  112  109  105  100   96   92   88   84   82   82   83
   86   90   95   99  103  106  109  110  111  111  111  112  112  113  114  114
  116  115  118  117  119  118  120  118  120  119  121  119  120  118  119  118
  117  116  118  117  116  113  116  110  118                                   
    67.5-180.0 180.0   5.0 450.0                            LAT/LON1/LON2/DLON/H
  116  118  116  120  120  124  127  132  134  136  135  135  130  128  122  120
  115  115  112  112  110  109  106  103   99   95   90   86   82   80   78   79
   81   85   88   92   93   97   98  101  100  102  102  105  106  109  110  114
  115  117  118  119  119  120  120  120  119  119  120  120  119  119  119  119
  118  118  119  119  119  114  117  107  116                                   
    65.0-180.0 180.0   5.0 450.0                            LAT/LON1/LON2/DLON/H
  117  118  115  119  122  121  125  129  131  132  132  131  128  125  121  118
  115  113  112  111  111  109  108  104  102   96   93   88   84   80   79   78
   80   80   84   85   88   89   91   92   94   95   98  101  105  109  114  116
  120  120  124  122  125  123  125  123  124  123  125  123  124  122  124  122
  123  123  126  125  126  121  123  114  117                                   
    62.5-180.0 180.0   5.0 450.0                            LAT/LON1/LON2/DLON/H
  118  119  116  119  116  118  119  124  125  128  127  130  125  124  118  117
  112  112  109  111  108  108  105  104   99   96   92   89   83   81   77   76
   73   75   73   76   74   77   76   79   80   85   89   95  101  107  113  117
  121  122  125  125  126  125  125  125  125  124  124  123  123  122  122  122
  123  124  127  128  128  125  126  114  118                                   
    60.0-180.0 180.0   5.0 450.0                            LAT/LON1/LON2/DLON/H
  122  124  119  123  124  121  121  123  125  126  128  128  128  125  122  119
  117  115  113  112  110  109  106  103  100   96   93   89   87   82   80   76
   75   72   73   70   71   70   71   72   75   80   86   94  100  107  114  119
  123  125  128  129  131  129  130  130  130  129  129  127  127  125  126  125
  127  128  132  133  134  130  132  120  122                                   
    57.5-180.0 180.0   5.0 450.0                            LAT/LON1/LON2/DLON/H
  128  129  126  128  124  122  120  121  121  124  124  128  126  128  123  123
  119  119  115  115  111  109  104  102   98   96   92   91   87   86   80   78
   72   71   66   66   62   63   61   65   67   74   81   90   99  106  114  118
  124  125  131  131  135  133  135  134  135  133  133  130  128  126  125  124
  126  128  134  135  136  135  135  121  128                                   
    55.0-180.0 180.0   5.0 450.0                            LAT/LON1/LON2/DLON/H
  131  135  132  135  133  128  126  124  124  125  127  129  130  131  130  129
  128  126  124  121  117  112  107  102   98   96   94   92   91   88   85   79
   77   72   70   66   65   64   64   66   70   77   83   93  100  109  115  120
  125  129  132  135  139  141  142  143  143  141  140  136  133  130  129  128
  128  132  137  140  140  139  141  128  131                                   
    52.5-180.0 180.0   5.0 450.0                            LAT/LON1/LON2/DLON/H
  142  143  142  143  139  134  131  128  127  127  127  129  130  133  132  134
  133  133  130  127  121  116  108  103   99   97   95   95   92   92   86   83
   76   75   70   69   66   67   66   69   71   77   84   92  101  110  116  122
  128  131  137  139  147  148  153  153  154  151  149  143  139  133  131  128
  130  133  139  140  141  143  144  131  142                                   
    50.0-180.0 180.0   5.0 450.0                            LAT/LON1/LON2/DLON/H
  144  149  148  152  150  143  140  137  134  132  130  132  132  135  136  138
  140  140  139  135  129  122  114  108  104  102  101  100   98   95   91   86
   83   78   78   75   75   75   76   77   79   84   88   96  103  112  118  125
  131  136  140  146  153  158  161  163  163  160  157  151  146  140  136  134
  134  137  142  145  145  146  149  137  144                                   
    47.5-180.0 180.0   5.0 450.0                            LAT/LON1/LON2/DLON/H
  158  157  160  164  159  153  150  146  143  139  137  135  135  138  139  143
  145  147  146  143  135  128  119  114  110  109  107  106  103  100   94   91
   86   85   82   83   82   84   84   84   84   86   89   95  101  111  117  127
  133  140  146  151  161  165  172  173  173  168  166  157  151  144  140  137
  139  141  147  149  149  151  153  141  158                                   
    45.0-180.0 180.0   5.0 450.0                            LAT/LON1/LON2/DLON/H
  163  165  170  175  172  166  162  158  153  149  145  142  140  142  144  148
  151  154  153  149  142  136  128  124  120  120  117  116  111  106  101   96
   94   92   93   92   94   94   95   94   93   93   94   98  103  111  119  128
  136  143  149  157  166  173  179  181  181  177  173  164  158  151  147  145
  147  149  155  157  157  158  162  151  163                                   
    42.5-180.0 180.0   5.0 450.0                            LAT/LON1/LON2/DLON/H
  178  177  180  183  181  175  172  168  165  159  155  150  148  149  150  154
  156  158  156  153  146  140  133  130  128  128  126  123  117  112  105  103
  100  101   99  101  101  102  101  100   97   96   94   97  101  109  117  129
  138  147  153  160  171  177  184  185  186  181  177  167  162  155  152  151
  153  156  161  164  163  167  171  161  178                                   
    40.0-180.0 180.0   5.0 450.0                            LAT/LON1/LON2/DLON/H
  188  188  192  194  193  185  182  179  175  169  163  159  156  157  156  159
  161  162  159  155  148  144  138  138  137  139  136  132  126  118  113  110
  110  109  111  110  111  110  110  109  106  104  101  102  105  112  121  131
  141  150  157  165  174  180  185  187  188  184  182  173  169  164  161  161
  165  167  174  176  178  180  185  178  188                                   
    37.5-180.0 180.0   5.0 450.0                            LAT/LON1/LON2/DLON/H
  205  204  204  203  200  194  191  188  186  180  177  171  169  167  167  167
  167  164  160  154  148  143  140  141  143  145  143  139  131  124  119  118
  116  118  117  116  116  115  113  112  110  107  104  103  105  113  121  134
  145  154  160  167  176  180  187  188  190  187  186  178  175  169  169  171
  176  180  186  189  190  197  201  196  205                                   
    35.0-180.0 180.0   5.0 450.0                            LAT/LON1/LON2/DLON/H
  223  220  222  218  214  206  201  198  194  190  186  182  180  179  177  175
  171  166  160  154  147  144  142  145  148  151  149  145  138  131  127  125
  126  125  126  122  121  118  117  115  114  113  110  110  111  117  124  135
  147  156  162  169  175  181  185  187  190  190  190  185  183  179  181  183
  190  195  204  207  211  216  223  222  223                                   
    32.5-180.0 180.0   5.0 450.0                            LAT/LON1/LON2/DLON/H
  244  243  238  234  227  217  213  208  207  201  199  194  194  191  190  183
  177  167  160  151  145  142  142  145  150  154  152  149  142  136  132  132
  132  132  130  126  123  119  118  116  117  115  113  111  111  115  122  134
  146  155  162  166  174  177  182  185  191  192  196  192  192  188  190  193
  201  209  218  223  228  237  245  245  244                                   
    30.0-180.0 180.0   5.0 450.0                            LAT/LON1/LON2/DLON/H
  268  265  267  259  251  237  231  225  221  216  211  207  206  203  200  192
  181  170  157  151  143  143  143  149  152  155  153  149  144  137  135  134
  135  133  130  125  120  116  115  114  115  115  114  113  112  115  120  129
  141  150  158  165  171  177  182  190  194  200  203  203  203  200  203  206
  216  224  236  241  248  255  265  269  268                                   
    27.5-180.0 180.0   5.0 450.0                            LAT/LON1/LON2/DLON/H
  288  294  291  288  277  264  255  246  242  234  230  223  221  217  213  202
  190  173  160  149  145  143  146  150  154  156  153  149  144  138  135  134
  133  131  127  121  116  112  111  110  113  111  112  108  107  107  111  119
  132  140  151  157  168  173  184  192  202  207  214  215  214  212  215  219
  228  238  250  259  267  277  283  288  288                                   
    25.0-180.0 180.0   5.0 450.0                            LAT/LON1/LON2/DLON/H
  312  318  323  317  309  294  283  274  267  258  250  242  238  231  224  212
  196  179  162  153  148  149  152  156  157  157  153  148  142  135  131  127
  125  123  118  113  108  103  103  101  104  103  103  100   98   99  102  109
  121  131  141  152  160  174  183  199  209  220  227  230  229  226  228  230
  240  252  265  275  286  295  301  308  312                                   
    22.5-180.0 180.0   5.0 450.0                            LAT/LON1/LON2/DLON/H
  327  336  340  343  336  325  312  303  294  284  274  266  260  250  239  223
  207  186  170  158  155  155  159  159  160  156  150  144  136  128  122  117
  114  110  106  101   96   93   93   92   94   93   93   89   87   85   89   95
  110  120  135  145  159  170  188  201  218  228  238  241  240  239  240  242
  253  264  280  290  302  313  317  323  327                                   
    20.0-180.0 180.0   5.0 450.0                            LAT/LON1/LON2/DLON/H
  340  347  358  362  364  356  347  337  326  313  300  289  279  266  252  234
  214  195  178  167  164  166  168  167  163  156  148  140  133  123  114  107
  101   97   93   90   86   83   85   82   85   81   82   78   77   75   78   86
   99  114  128  144  158  177  191  211  227  242  249  256  254  254  254  258
  267  280  293  303  313  323  326  335  340                                   
    17.5-180.0 180.0   5.0 450.0                            LAT/LON1/LON2/DLON/H
  345  353  361  369  376  375  370  365  353  343  325  313  296  283  268  246
  226  204  189  177  175  174  175  169  163  153  143  132  125  114  105   95
   89   84   80   77   74   74   74   73   74   71   72   68   69   68   73   80
   97  111  130  145  164  180  202  219  242  255  267  271  271  272  274  276
  288  296  310  316  325  333  335  344  345                                   
    15.0-180.0 180.0   5.0 450.0                            LAT/LON1/LON2/DLON/H
  354  358  365  371  381  382  385  383  378  368  352  333  314  296  277  257
  232  213  196  187  183  182  179  172  162  150  139  129  120  109   98   87
   79   74   71   69   68   65   69   65   68   62   65   61   63   62   67   75
   92  110  129  151  168  193  211  235  255  270  279  288  288  293  294  298
  306  314  323  327  335  342  343  353  354                                   
    12.5-180.0 180.0   5.0 450.0                            LAT/LON1/LON2/DLON/H
  356  359  362  367  376  377  383  385  383  378  362  347  325  309  286  264
  242  219  204  192  188  182  177  167  156  142  130  120  114  103   93   81
   74   69   66   64   62   61   62   61   63   59   62   59   62   61   66   73
   92  109  135  151  175  193  220  243  268  281  294  301  306  311  316  318
  327  332  339  340  344  350  351  362  356                                   
    10.0-180.0 180.0   5.0 450.0                            LAT/LON1/LON2/DLON/H
  372  370  369  364  370  368  374  378  381  377  368  353  335  313  291  269
  245  224  206  194  186  180  171  160  148  133  121  114  109  101   92   82
   75   70   67   63   61   58   63   59   63   58   62   60   64   61   66   72
   92  110  138  160  181  207  230  258  278  293  305  317  323  330  333  337
  342  347  350  350  354  359  360  370  372                                   
     7.5-180.0 180.0   5.0 450.0                            LAT/LON1/LON2/DLON/H
  381  379  372  363  362  359  365  365  368  366  359  348  330  314  290  268
  246  224  208  193  183  173  162  150  137  123  113  107  104  100   93   85
