data/unet/pred0820.15i
     1.0            IONOSPHERE MAPS     GNSS                IONEX VERSION / TYPE
pyspatialgeodesy        IME             05-JAN-18 20:20     PGM / RUN BY / DATE 
Map Name                                                    COMMENT             
Predicted global ionosphere maps (GIM).                     DESCRIPTION         
  2015     3    23     0     0     0                        EPOCH OF FIRST MAP  
  2015     3    24     0     0     0                        EPOCH OF LAST MAP   
  7200                                                      INTERVAL            
    13                                                      # OF MAPS IN FILE   
  NONE                                                      MAPPING FUNCTION    
10.0                                                        ELEVATION CUTOFF    
One-way carrier phase leveled to code                       OBSERVABLES USED    
  6371.0                                                    BASE RADIUS         
 2                                                          MAP DIMENSION       
   450.0 450.0   0.0                                        HGT1 / HGT2 / DHGT  
    87.5 -87.5  -2.5                                        LAT1 / LAT2 / DLAT  
  -180.0 180.0   5.0                                        LON1 / LON2 / DLON  
    -1                                                      EXPONENT            
                                                            END OF HEADER       
[from data line 5148]
    13                                                      START OF TEC MAP    
  2015     3    24     0     0     0                        EPOCH OF CURRENT MAP
    87.5-180.0 180.0   5.0 450.0                            LAT/LON1/LON2/DLON/H
  157  139  146  147  151  147  151  150  153  152  155  152  155  152  154  151
  152  149  150  146  146  142  142  137  137  133  133  129  130  126  127  123
  125  121  123  120  122  119  122  119  122  120  123  121  124  123  126  125
  129  129  132  132  135  134  137  136  138  137  138  136  138  136  136  134
  135  134  135  135  143  142  136  158  157                                   
    85.0-180.0 180.0   5.0 450.0                            LAT/LON1/LON2/DLON/H
  143  145  153  156  159  155  159  157  161  160  163  163  165  164  166  164
  165  162  162  158  158  153  151  145  143  138  136  131  130  125  125  120
  120  117  117  114  116  113  115  113  115  114  117  116  120  119  124  124
  129  129  134  134  138  139  143  142  146  144  147  144  147  145  146  143
  146  143  145  143  151  147  145  133  143                                   
    82.5-180.0 180.0   5.0 450.0                            LAT/LON1/LON2/DLON/H
  147  148  154  156  156  155  158  158  162  163  168  169  172  172  175  173
  174  171  171  167  165  159  156  149  145  137  134  127  124  118  117  112
  112  107  109  104  107  104  107  104  107  105  110  109  114  115  120  121
  126  127  132  134  138  140  143  144  147  147  149  148  150  148  149  147
  149  148  148  148  152  149  144  139  147                                   
    80.0-180.0 180.0   5.0 450.0                            LAT/LON1/LON2/DLON/H
  155  155  156  157  156  156  158  162  164  169  173  177  181  184  186  188
  187  187  184  182  176  172  164  159  150  144  136  131  123  120  114  112
  107  106  104  104  102  102  102  102  103  104  106  107  111  113  117  120
  125  128  132  136  139  142  145  148  149  151  151  152  153  153  153  153
  153  153  153  155  156  153  151  148  155                                   
    77.5-180.0 180.0   5.0 450.0                            LAT/LON1/LON2/DLON/H
  159  155  156  155  155  154  157  160  165  169  177  182  188  192  196  199
  199  198  195  192  186  180  173  166  157  149  140  134  126  121  116  113
  110  108  107  106  105  105  105  105  105  105  107  106  108  108  111  113
  117  120  124  127  130  134  136  140  141  143  144  145  146  146  148  148
  149  150  152  154  158  156  156  155  159                                   
    75.0-180.0 180.0   5.0 450.0                            LAT/LON1/LON2/DLON/H
  159  156  158  157  152  151  153  156  162  168  176  182  189  195  199  202
  201  201  197  194  188  183  175  170  160  154  144  138  130  125  120  118
  115  114  113  113  111  111  110  109  108  107  107  106  106  105  106  107
  110  112  116  119  123  125  130  132  135  136  138  138  140  139  140  141
  144  145  149  152  160  160  163  165  159                                   
    72.5-180.0 180.0   5.0 450.0                            LAT/LON1/LON2/DLON/H
  167  165  169  166  159  155  156  158  164  170  178  185  193  197  200  201
  200  197  193  189  183  178  171  165  157  150  142  135  129  124  121  119
  119  118  119  118  118  116  114  112  110  107  106  102  101   98   99   98
  101  102  106  108  113  115  120  122  127  128  131  131  133  132  134  134
  138  140  146  151  162  166  174  177  167                                   
    70.0-180.0 180.0   5.0 450.0                            LAT/LON1/LON2/DLON/H
  177  176  182  178  169  163  163  164  169  175  183  190  195  197  197  195
  191  187  181  177  171  167  161  154  147  140  134  126  122  117  117  116
  118  119  119  120  118  117  114  111  107  104  101   97   95   92   91   91
   92   94   97  101  104  109  113  118  122  125  128  129  131  131  133  133
  139  140  147  153  166  173  184  192  177                                   
    67.5-180.0 180.0   5.0 450.0                            LAT/LON1/LON2/DLON/H
  190  189  194  189  180  174  174  175  180  185  192  197  200  199  195  190
  183  176  170  165  160  155  149  143  135  127  121  113  109  105  105  106
  109  110  113  111  112  108  106  101   99   94   92   87   85   80   82   80
   83   83   88   92   98  104  110  116  122  126  129  130  132  132  133  135
  139  141  147  154  167  176  190  202  190                                   
    65.0-180.0 180.0   5.0 450.0                            LAT/LON1/LON2/DLON/H
  200  198  204  199  189  186  184  187  192  199  204  208  208  204  197  188
  179  170  164  157  153  147  142  133  125  115  106   97   92   90   91   92
   96   97   99   98   98   94   92   88   86   82   82   77   76   72   73   73
   76   79   85   91   97  105  112  120  127  133  136  139  141  141  142  143
  145  146  150  155  166  176  191  207  200                                   
    62.5-180.0 180.0   5.0 450.0                            LAT/LON1/LON2/DLON/H
  208  203  206  201  193  191  192  196  202  209  215  219  217  211  202  191
  181  171  164  159  155  149  142  131  120  106   94   84   78   75   76   77
   81   82   84   82   81   77   75   72   72   70   71   68   67   64   64   65
   69   73   80   88   95  105  113  123  132  141  146  151  152  153  152  153
  154  153  153  156  165  173  187  205  208                                   
    60.0-180.0 180.0   5.0 450.0                            LAT/LON1/LON2/DLON/H
  211  206  208  203  196  195  195  200  207  217  224  228  226  220  209  198
  188  178  172  166  164  157  147  134  119  103   88   76   70   66   67   68
   72   72   73   70   69   65   63   61   62   63   64   62   62   59   59   61
   66   71   79   88   97  106  117  128  140  150  157  164  166  167  166  166
  165  162  160  160  164  169  181  200  211                                   
    57.5-180.0 180.0   5.0 450.0                            LAT/LON1/LON2/DLON/H
  219  211  212  208  202  200  200  204  211  220  229  232  232  225  217  207
  199  190  185  180  177  169  158  142  125  106   89   76   69   66   66   68
   70   70   70   67   65   61   60   60   61   63   65   63   61   58   58   60
   65   70   77   86   94  106  117  131  145  158  168  177  181  183  183  182
  181  177  173  170  172  172  179  195  219                                   
    55.0-180.0 180.0   5.0 450.0                            LAT/LON1/LON2/DLON/H
  231  222  225  222  216  213  210  212  216  224  231  234  234  229  224  218
  212  205  200  194  189  181  169  155  135  117   99   88   80   77   76   78
   78   77   76   73   71   68   67   68   69   71   71   69   65   63   63   65
   70   74   81   87   95  106  119  134  150  165  177  187  194  198  200  201
  200  198  193  190  187  185  187  203  231                                   
    52.5-180.0 180.0   5.0 450.0                            LAT/LON1/LON2/DLON/H
  257  243  248  246  241  235  232  228  230  231  236  234  235  230  231  227
  226  220  214  206  200  191  181  167  151  134  119  107  100   97   95   94
   92   90   88   87   84   83   82   84   85   86   85   82   78   74   74   74
   78   81   85   89   95  106  119  136  152  170  184  196  205  211  217  221
  224  223  221  217  214  208  208  223  257                                   
    50.0-180.0 180.0   5.0 450.0                            LAT/LON1/LON2/DLON/H
  290  278  285  285  281  274  267  259  254  249  244  239  235  231  233  234
  235  230  223  213  205  197  189  181  169  158  144  136  127  123  117  112
  107  103  102   99   99   97   99  100  102  102  100   97   93   90   88   88
   90   93   94   97  100  109  122  138  157  175  190  203  212  220  228  237
  245  251  252  253  249  243  239  255  290                                   
    47.5-180.0 180.0   5.0 450.0                            LAT/LON1/LON2/DLON/H
  328  323  332  336  330  324  314  302  289  275  264  249  240  235  238  239
  243  237  229  217  210  204  201  195  190  181  172  164  155  147  136  127
  117  113  109  110  109  111  113  116  116  118  116  114  111  108  105  105
  104  107  106  107  107  115  125  142  162  183  198  212  223  233  244  257
  269  280  287  291  291  285  280  292  328                                   
    45.0-180.0 180.0   5.0 450.0                            LAT/LON1/LON2/DLON/H
  364  374  383  389  385  381  368  354  334  312  290  269  253  246  244  246
  246  240  228  217  211  209  210  210  206  201  192  183  172  159  146  131
  121  113  113  113  116  119  123  125  128  129  129  128  125  123  121  121
  120  121  119  120  119  125  134  150  172  193  210  224  234  246  259  274
  289  305  317  328  333  330  328  333  364                                   
    42.5-180.0 180.0   5.0 450.0                            LAT/LON1/LON2/DLON/H
  391  412  422  429  426  423  410  397  372  349  319  293  275  261  258  253
  252  241  231  221  218  219  223  224  221  213  203  190  174  158  139  125
  113  109  108  114  118  125  129  133  134  137  138  139  137  137  136  136
  133  134  130  132  130  139  146  164  185  207  225  239  253  266  279  295
  312  332  349  366  374  373  369  366  391                                   
    40.0-180.0 180.0   5.0 450.0                            LAT/LON1/LON2/DLON/H
  411  440  447  451  448  448  437  428  404  380  348  320  299  283  275  268
  259  248  236  229  229  233  238  238  230  217  201  182  163  143  126  111
  106  104  108  117  126  134  137  140  142  143  146  147  147  147  147  146
  142  141  138  139  139  147  157  173  196  218  237  255  270  285  300  316
  337  360  381  401  414  415  415  396  411                                   
    37.5-180.0 180.0   5.0 450.0                            LAT/LON1/LON2/DLON/H
  421  447  453  452  446  443  434  427  410  390  363  339  319  304  295  281
  271  257  249  244  249  251  253  246  230  210  187  163  140  124  109  102
   99  107  113  131  138  151  151  154  152  154  154  156  157  157  155  153
  148  145  140  141  140  149  158  178  199  225  245  265  285  306  325  346
  366  391  410  434  449  450  444  420  421                                   
    35.0-180.0 180.0   5.0 450.0                            LAT/LON1/LON2/DLON/H
  438  463  461  454  441  434  422  420  407  397  375  357  339  325  314  301
  288  278  269  271  272  274  268  253  228  200  175  150  131  120  110  110
  112  125  137  155  165  174  174  172  169  167  167  167  166  165  161  157
  149  145  139  139  139  148  158  177  199  226  247  272  296  325  353  378
  400  423  448  471  492  491  489  451  438                                   
    32.5-180.0 180.0   5.0 450.0                            LAT/LON1/LON2/DLON/H
  462  478  474  461  441  426  412  407  399  391  377  364  351  340  330  317
  309  300  298  296  295  287  273  247  216  186  164  146  137  135  138  145
  152  168  179  197  202  211  204  201  189  185  180  178  174  170  163  155
  145  138  130  130  130  139  148  168  188  216  239  269  301  340  378  409
  431  457  476  504  524  528  523  491  462                                   
    30.0-180.0 180.0   5.0 450.0                            LAT/LON1/LON2/DLON/H
  508  518  512  496  474  452  431  421  409  401  388  378  367  358  347  339
  332  330  327  326  315  297  273  241  213  184  172  162  164  170  184  195
  211  223  238  248  252  252  242  230  217  207  197  190  180  172  161  151
  138  129  125  122  125  130  141  159  180  205  233  270  314  358  402  437
  465  490  513  541  569  572  577  547  508                                   
    27.5-180.0 180.0   5.0 450.0                            LAT/LON1/LON2/DLON/H
  566  578  569  559  531  508  481  465  444  431  412  400  385  374  362  354
  351  351  350  341  321  291  261  231  211  198  199  202  216  233  254  272
  285  298  306  310  304  297  275  259  239  226  210  197  181  169  155  143
  130  124  119  118  119  124  134  152  176  202  231  272  321  372  420  464
  497  527  552  580  608  611  612  593  566                                   
    25.0-180.0 180.0   5.0 450.0                            LAT/LON1/LON2/DLON/H
  645  664  657  652  635  609  579  552  520  494  465  445  421  404  385  378
  372  375  366  351  319  281  253  227  226  226  247  263  294  319  358  376
  390  388  383  366  350  326  302  277  256  236  216  198  179  164  150  137
  129  119  117  112  111  113  125  145  169  201  233  278  324  379  435  488
  532  571  607  635  664  665  671  658  645                                   
    22.5-180.0 180.0   5.0 450.0                            LAT/LON1/LON2/DLON/H
  717  748  748  756  746  725  699  668  624  580  535  503  467  441  413  398
  388  383  371  343  307  266  247  238  253  278  316  353  384  421  448  467
  463  451  423  399  363  336  303  282  256  236  212  193  173  158  147  135
  128  121  120  111  111  107  122  136  170  204  238  283  327  377  434  494
  545  597  635  665  688  696  708  701  717                                   
    20.0-180.0 180.0   5.0 450.0                            LAT/LON1/LON2/DLON/H
  778  822  832  852  857  849  832  798  749  692  630  579  531  492  452  427
  407  394  371  338  302  264  257  263  297  341  395  435  466  493  510  517
  495  465  428  391  354  314  289  265  246  224  203  183  168  154  147  133
  132  123  118  108  102  101  114  138  173  215  253  296  341  383  442  497
  559  616  667  695  722  728  760  752  778                                   
    17.5-180.0 180.0   5.0 450.0                            LAT/LON1/LON2/DLON/H
  807  866  883  910  928  937  935  907  859  788  721  658  598  545  494  454
  425  395  369  330  302  275  281  309  362  416  463  494  510  523  524  507
  471  435  393  352  313  283  261  246  226  211  192  178  168  159  152  141
  140  129  124  106  106  100  121  144  187  230  268  307  347  392  441  494
  545  604  657  693  722  737  774  770  807                                   
    15.0-180.0 180.0   5.0 450.0                            LAT/LON1/LON2/DLON/H
  832  894  908  934  957  979  995  982  952  881  809  737  672  602  540  488
  444  404  369  335  317  303  325  367  428  475  503  505  501  481  462  426
  399  357  326  282  266  243  237  222  211  201  188  178  175  165  161  150
  144  133  121  108  103  105  128  160  209  250  288  319  359  398  455  499
  551  600  656  692  727  745  792  785  832                                   
    12.5-180.0 180.0   5.0 450.0                            LAT/LON1/LON2/DLON/H
  821  881  894  918  941  977 1006 1006  989  932  866  793  728  653  582  517
  465  418  381  353  350  353  389  434  487  512  509  480  452  410  384  346
  322  283  254  236  228  225  221  221  214  207  199  191  189  181  175  162
  153  136  126  112  112  114  145  179  225  263  295  323  359  406  451  497
  538  587  635  674  708  735  777  778  821                                   
    10.0-180.0 180.0   5.0 450.0                            LAT/LON1/LON2/DLON/H
  820  858  865  879  909  945  991 1006 1001  955  901  832  772  695  624  547
  491  443  407  391  398  417  452  491  518  503  472  404  367  313  295  261
  253  226  232  220  233  231  238  235  232  225  216  209  205  195  183  166
  151  136  124  115  116  124  155  192  236  266  300  321  359  401  455  493
  537  577  626  660  697  727  773  776  820                                   
     7.5-180.0 180.0   5.0 450.0                            LAT/LON1/LON2/DLON/H
  793  825  822  836  864  905  950  972  976  941  901  847  800  731  663  587
  528  480  454  441  457  477  508  522  520  470  406  322  275  241  227  220
