data/unet/pred2440.15i
     1.0            IONOSPHERE MAPS     GNSS                IONEX VERSION / TYPE
pyspatialgeodesy        IME             05-JAN-18 20:20     PGM / RUN BY / DATE 
Map Name                                                    COMMENT             
Predicted global ionosphere maps (GIM).                     DESCRIPTION         
  2015     9     1     0     0     0                        EPOCH OF FIRST MAP  
  2015     9     2     0     0     0                        EPOCH OF LAST MAP   
  7200                                                      INTERVAL            
    13                                                      # OF MAPS IN FILE   
  NONE                                                      MAPPING FUNCTION    
10.0                                                        ELEVATION CUTOFF    
One-way carrier phase leveled to code                       OBSERVABLES USED    
  6371.0                                                    BASE RADIUS         
 2                                                          MAP DIMENSION       
   450.0 450.0   0.0                                        HGT1 / HGT2 / DHGT  
    87.5 -87.5  -2.5                                        LAT1 / LAT2 / DLAT  
  -180.0 180.0   5.0                                        LON1 / LON2 / DLON  
    -1                                                      EXPONENT            
                                                            END OF HEADER       
[from data line 2145]
     6                                                      START OF TEC MAP    
  2015     9     1    10     0     0                        EPOCH OF CURRENT MAP
    87.5-180.0 180.0   5.0 450.0                            LAT/LON1/LON2/DLON/H
   95  116  110  111  110  108  109  108  109  108  109  108  109  108  107  106
  106  105  105  103  103  102  102  102  101  101  101  101  101  101  101  101
  101  101  101  101  101  101  101  101  101  101  101  100  100  100  100  100
  100  100   99   99   99   99   99   99  100   99  100  100  101  101  102  101
  103  103  104  105  105  103  102   96   95                                   
    85.0-180.0 180.0   5.0 450.0                            LAT/LON1/LON2/DLON/H
  118  111  117  120  116  117  116  116  116  116  115  115  115  113  113  112
  112  110  111  110  111  110  111  111  112  112  113  114  114  115  114  115
  114  115  114  115  113  114  111  111  109  110  108  108  106  108  106  107
  106  107  106  107  107  107  107  107  108  107  108  107  109  108  109  108
  110  109  110  109  112  108  118  113  118                                   
    82.5-180.0 180.0   5.0 450.0                            LAT/LON1/LON2/DLON/H
  107  113  119  117  117  114  115  113  115  112  114  111  112  108  110  106
  108  104  106  103  106  104  107  106  110  109  112  112  115  114  116  115
  118  115  118  114  117  113  114  110  112  108  110  106  108  106  108  106
  108  106  108  107  109  108  109  108  110  109  109  108  110  109  110  109
  110  109  111  110  113  111  116  120  107                                   
    80.0-180.0 180.0   5.0 450.0                            LAT/LON1/LON2/DLON/H
  111  105  109  108  108  105  108  104  107  103  106  101  103   98   99   96
   96   93   93   92   93   92   94   94   97   98  101  102  105  106  109  110
  112  113  114  113  114  111  112  109  109  107  107  106  107  106  107  107
  109  109  110  111  112  112  112  113  113  112  111  111  110  109  109  107
  107  106  106  105  106  103  106  111  111                                   
    77.5-180.0 180.0   5.0 450.0                            LAT/LON1/LON2/DLON/H
  105  102  101  100   98   98   98   97   97   96   95   94   92   91   90   89
   87   87   86   86   85   85   85   87   88   91   94   98  101  105  106  111
  110  115  113  116  113  114  111  112  109  110  108  110  110  113  113  116
  115  119  119  121  120  122  121  123  120  121  118  118  115  115  111  111
  107  108  104  104  103  100  102  100  105                                   
    75.0-180.0 180.0   5.0 450.0                            LAT/LON1/LON2/DLON/H
  101   94   90   93   90   92   90   92   89   90   88   87   85   84   82   82
   80   80   78   79   77   79   79   81   83   87   89   96   96  104  104  111
  109  116  113  117  114  116  112  114  111  112  112  114  115  118  120  123
  125  127  128  129  129  129  129  129  127  127  124  124  120  119  115  114
  109  108  104  104  100   99   98   94  101                                   
    72.5-180.0 180.0   5.0 450.0                            LAT/LON1/LON2/DLON/H
   94   92   86   85   83   84   85   84   83   82   82   80   79   77   77   76
   76   75   75   74   74   74   76   78   80   83   87   91   94  100  102  108
  108  113  111  115  113  114  111  113  111  114  114  118  120  125  127  130
  132  134  135  137  136  137  136  135  134  131  129  127  124  123  118  116
  111  109  104  101   98   94   95   89   94                                   
    70.0-180.0 180.0   5.0 450.0                            LAT/LON1/LON2/DLON/H
   92   84   79   78   78   77   78   77   76   75   74   73   73   73   73   73
   73   73   73   73   73   73   75   77   79   82   85   90   91   99  100  108
  108  114  111  116  113  116  112  115  113  118  120  126  129  134  137  141
  141  144  143  144  142  142  139  140  137  136  132  132  128  128  123  122
  115  115  107  106  100   96   93   86   92                                   
    67.5-180.0 180.0   5.0 450.0                            LAT/LON1/LON2/DLON/H
   88   86   78   74   73   71   72   69   69   68   69   69   69   70   71   71
   71   72   72   73   73   74   76   78   79   81   83   86   89   94   97  104
  105  109  108  110  108  109  107  110  110  115  119  125  129  134  138  141
  141  143  142  142  139  139  136  137  134  134  131  131  129  128  125  124
  118  117  110  107  103   96   95   84   88                                   
    65.0-180.0 180.0   5.0 450.0                            LAT/LON1/LON2/DLON/H
   90   83   75   72   69   68   67   66   65   64   64   65   65   66   68   69
   70   71   71   72   72   74   77   79   80   82   83   88   88   95   96  104
  104  110  108  112  108  111  108  113  114  120  124  132  136  141  143  145
  143  144  141  141  136  137  132  133  131  132  129  132  129  132  127  129
  122  124  116  114  107  102   97   88   90                                   
    62.5-180.0 180.0   5.0 450.0                            LAT/LON1/LON2/DLON/H
   90   89   78   72   68   64   63   61   59   59   58   59   60   62   63   66
   65   67   67   69   71   74   76   79   81   83   85   87   90   94   98  104
  106  110  109  110  109  110  110  113  116  122  126  134  137  141  142  142
  141  140  137  137  132  133  129  130  128  129  126  129  128  130  128  129
  124  124  119  116  112  104  101   89   90                                   
    60.0-180.0 180.0   5.0 450.0                            LAT/LON1/LON2/DLON/H
   95   88   79   73   68   65   61   59   55   55   53   55   55   57   58   60
   60   60   60   62   64   68   72   77   79   83   84   88   89   96   97  105
  105  111  108  114  111  115  114  120  123  131  135  143  144  147  145  145
  142  141  138  138  134  134  130  131  128  129  127  131  130  134  130  133
  128  131  124  123  117  112  105   97   95                                   
    57.5-180.0 180.0   5.0 450.0                            LAT/LON1/LON2/DLON/H
   98   96   84   77   70   65   61   57   52   50   48   48   48   50   50   52
   51   52   52   55   57   63   67   74   78   83   86   89   92   97  100  106
  109  113  113  116  116  119  122  127  132  139  143  149  150  150  149  146
  144  142  143  143  142  141  139  138  135  134  132  134  133  135  132  133
  130  131  126  125  120  114  109   98   98                                   
    55.0-180.0 180.0   5.0 450.0                            LAT/LON1/LON2/DLON/H
  104   98   87   81   74   69   63   57   52   48   45   45   43   45   44   45
   43   43   42   45   48   55   61   70   75   83   86   91   93  100  102  110
  110  117  116  123  122  130  131  141  145  153  156  163  160  160  155  153
  150  151  151  154  153  153  150  149  145  143  140  141  138  141  138  140
  134  137  131  131  126  122  113  107  104                                   
    52.5-180.0 180.0   5.0 450.0                            LAT/LON1/LON2/DLON/H
  106  105   93   87   79   74   68   61   54   49   45   43   41   41   40   41
   38   38   36   39   42   51   57   69   75   84   87   93   96  102  105  113
  116  121  124  130  133  140  145  152  159  164  169  170  171  165  163  158
  158  158  162  166  168  168  166  162  158  154  150  149  148  148  144  144
  139  139  134  134  129  123  117  108  106                                   
    50.0-180.0 180.0   5.0 450.0                            LAT/LON1/LON2/DLON/H
  111  106   97   93   85   80   74   67   60   53   48   44   41   40   37   37
   34   33   32   34   38   46   55   67   74   84   87   94   96  104  107  116
  118  126  127  138  141  152  155  168  172  181  183  186  182  178  173  170
  167  171  174  180  182  182  179  175  169  165  159  158  155  157  153  153
  147  148  141  141  134  129  120  115  111                                   
    47.5-180.0 180.0   5.0 450.0                            LAT/LON1/LON2/DLON/H
  111  110  103   99   90   85   80   74   66   59   53   49   45   43   39   39
   34   35   31   35   37   48   54   68   74   85   86   95   95  103  106  116
  120  129  134  144  151  161  168  177  184  188  193  192  192  184  183  177
  178  180  184  189  190  190  187  182  177  171  166  164  163  163  160  159
  154  152  146  143  136  128  122  113  111                                   
    45.0-180.0 180.0   5.0 450.0                            LAT/LON1/LON2/DLON/H
  112  108  102  103   94   92   85   80   73   67   62   56   51   47   43   42
   39   38   37   38   42   50   58   70   75   85   87   93   95  102  106  117
  121  132  138  152  159  172  178  190  195  202  205  207  206  201  197  193
  191  193  193  197  194  193  187  183  177  172  168  168  167  169  166  167
  160  161  152  149  140  132  125  118  112                                   
    42.5-180.0 180.0   5.0 450.0                            LAT/LON1/LON2/DLON/H
  109  106  103  102   95   93   88   83   79   74   70   64   60   55   51   50
   46   47   44   47   48   55   62   71   76   84   85   91   92  100  103  113
  122  132  143  157  167  181  190  198  207  210  218  217  220  214  212  206
  203  201  199  198  194  189  183  179  173  171  167  169  169  172  171  171
  166  165  157  151  141  131  125  115  109                                   
    40.0-180.0 180.0   5.0 450.0                            LAT/LON1/LON2/DLON/H
  108  103   99   99   90   91   87   87   83   81   78   74   69   65   58   57
   53   54   52   53   55   61   65   73   76   83   84   90   92   98  103  115
  122  137  147  165  175  191  199  211  219  224  231  234  236  234  230  225
  219  215  210  205  198  191  184  179  175  172  171  172  175  178  178  179
  172  173  163  158  145  134  127  119  108                                   
    37.5-180.0 180.0   5.0 450.0                            LAT/LON1/LON2/DLON/H
  106   99   93   90   84   84   83   84   84   84   83   80   78   72   68   64
   61   61   59   60   60   64   69   74   78   83   86   90   93   99  104  115
  128  143  157  174  187  202  214  222  234  239  250  251  256  253  252  245
  238  230  222  216  207  199  191  187  183  182  181  183  185  188  187  186
  180  176  168  157  145  133  127  116  106                                   
    35.0-180.0 180.0   5.0 450.0                            LAT/LON1/LON2/DLON/H
  109   96   90   83   78   78   78   80   82   86   88   88   86   83   76   73
   67   67   64   64   64   68   70   76   78   85   87   93   96  104  110  124
  136  152  167  187  200  216  227  239  251  259  271  277  281  281  278  276
  267  259  249  241  232  222  216  210  208  203  203  200  202  200  198  195
  188  183  171  162  147  135  130  121  109                                   
    32.5-180.0 180.0   5.0 450.0                            LAT/LON1/LON2/DLON/H
  111   95   87   80   73   72   72   76   79   84   88   90   91   88   82   79
   72   72   67   68   67   70   71   76   79   86   90   98  102  110  117  132
  147  167  181  202  218  233  244  257  269  284  294  303  308  311  311  309
  302  295  287  278  268  261  252  247  241  236  231  226  223  219  212  206
  196  188  176  161  147  135  129  119  111                                   
    30.0-180.0 180.0   5.0 450.0                            LAT/LON1/LON2/DLON/H
  115   95   88   78   72   69   71   72   77   82   89   91   96   94   92   86
   81   77   75   72   73   73   75   77   80   88   94  103  109  119  129  143
  159  178  196  217  234  250  262  276  290  307  316  330  335  343  346  349
  347  344  342  334  328  316  309  297  290  276  269  257  247  238  227  217
  202  194  177  164  147  136  135  126  115                                   
    27.5-180.0 180.0   5.0 450.0                            LAT/LON1/LON2/DLON/H
  120  102   93   87   78   75   73   74   77   82   87   92   96   97   95   92
   85   83   79   78   77   77   77   79   82   91   98  109  116  129  137  156
  171  194  211  235  250  268  279  296  308  328  338  354  362  374  381  387
  389  392  392  391  386  380  369  357  343  327  306  290  274  261  246  233
  214  200  184  167  152  140  138  127  120                                   
    25.0-180.0 180.0   5.0 450.0                            LAT/LON1/LON2/DLON/H
  127  114  106   97   89   82   80   78   79   82   88   92   98   99   99   96
   92   88   86   84   83   82   81   82   85   94  102  114  124  138  148  167
  183  205  224  249  264  283  293  314  325  346  356  376  387  405  415  428
  433  441  445  447  447  439  431  416  402  377  353  330  304  283  260  246
  223  209  190  174  159  150  153  137  127                                   
    22.5-180.0 180.0   5.0 450.0                            LAT/LON1/LON2/DLON/H
  136  130  122  117  106   99   94   89   88   87   89   92   95   99   98   97
   91   90   88   88   87   87   85   86   88   98  104  120  129  147  159  180
  197  218  239  262  280  298  310  328  342  363  377  396  409  428  441  456
  465  477  486  490  491  482  475  456  442  415  391  364  336  310  280  260
  236  220  200  182  168  160  160  141  136                                   
    20.0-180.0 180.0   5.0 450.0                            LAT/LON1/LON2/DLON/H
  144  142  136  133  122  113  108  101   96   94   94   95   98   99  100   97
   94   92   92   91   92   90   91   90   93  100  108  122  132  153  165  189
  204  228  248  272  289  307  320  342  357  377  390  410  426  448  464  483
  493  509  517  522  518  510  500  482  468  442  421  394  366  335  305  280
  256  238  217  199  181  175  175  152  144                                   
    17.5-180.0 180.0   5.0 450.0                            LAT/LON1/LON2/DLON/H
  157  155  151  151  139  133  122  116  110  103  100   98   98   98   98   95
   91   89   89   91   93   93   92   93   95  102  109  124  138  158  175  198
  216  236  261  282  301  317  333  352  368  384  397  417  434  457  473  490
  503  515  529  526  527  513  503  484  468  443  424  399  377  350  324  299
  273  252  233  210  196  186  184  158  157                                   
    15.0-180.0 180.0   5.0 450.0                            LAT/LON1/LON2/DLON/H
  167  165  159  159  148  142  129  127  118  114  108  106  103  101  100   94
   92   87   90   89   92   90   92   91   95  102  109  124  139  163  179  203
  221  245  267  289  307  325  340  362  377  393  402  424  439  463  474  491
  498  512  516  522  518  511  498  484  469  447  429  408  388  364  340  318
  291  270  250  227  209  198  197  175  167                                   
    12.5-180.0 180.0   5.0 450.0                            LAT/LON1/LON2/DLON/H
  183  177  170  168  155  149  137  135  126  121  115  112  108  103   99   93
   87   84   84   85   87   87   88   89   94  101  113  129  147  170  188  212
  230  253  276  298  317  333  351  372  389  403  411  430  443  463  473  481
  489  492  501  498  501  492  483  472  458  440  420  400  381  361  346  327
  306  282  265  240  224  211  210  186  183                                   
    10.0-180.0 180.0   5.0 450.0                            LAT/LON1/LON2/DLON/H
  195  189  182  176  161  153  141  142  130  131  121  120  116  110  105   96
   88   81   82   81   83   81   83   84   92  101  114  133  151  175  196  219
  235  261  279  303  322  340  358  382  400  415  421  436  447  464  469  478
  476  482  483  487  485  481  472  464  454  438  421  401  383  361  344  327
  308  290  273  251  235  224  222  206  195                                   
     7.5-180.0 180.0   5.0 450.0                            LAT/LON1/LON2/DLON/H
  212  201  191  183  166  156  143  142  134  134  127  125  120  114  106   94
   86   77   77   77   77   75   80   81   94  107  125  143  160  184  204  228
