data/unet/pred1890.15i
     1.0            IONOSPHERE MAPS     GNSS                IONEX VERSION / TYPE
pyspatialgeodesy        IME             05-JAN-18 20:20     PGM / RUN BY / DATE 
Map Name                                                    COMMENT             
Predicted global ionosphere maps (GIM).                     DESCRIPTION         
  2015     7     8     0     0     0                        EPOCH OF FIRST MAP  
  2015     7     9     0     0     0                        EPOCH OF LAST MAP   
  7200                                                      INTERVAL            
    13                                                      # OF MAPS IN FILE   
  NONE                                                      MAPPING FUNCTION    
10.0                                                        ELEVATION CUTOFF    
One-way carrier phase leveled to code                       OBSERVABLES USED    
  6371.0                                                    BASE RADIUS         
 2                                                          MAP DIMENSION       
   450.0 450.0   0.0                                        HGT1 / HGT2 / DHGT  
    87.5 -87.5  -2.5                                        LAT1 / LAT2 / DLAT  
  -180.0 180.0   5.0                                        LON1 / LON2 / DLON  
    -1                                                      EXPONENT            
                                                            END OF HEADER       
[from data line 5148]
    13                                                      START OF TEC MAP    
  2015     7     9     0     0     0                        EPOCH OF CURRENT MAP
    87.5-180.0 180.0   5.0 450.0                            LAT/LON1/LON2/DLON/H
  198  177  176  176  174  173  174  174  175  175  175  174  174  173  172  170
  170  168  167  164  163  160  158  154  154  151  150  147  147  144  143  141
  141  140  140  138  139  139  139  138  141  140  142  141  143  143  145  144
  147  146  148  147  150  150  152  151  154  154  155  154  158  158  159  159
  162  161  162  163  167  166  166  190  198                                   
    85.0-180.0 180.0   5.0 450.0                            LAT/LON1/LON2/DLON/H
  179  186  190  190  188  187  189  188  190  189  189  187  188  186  186  182
  182  179  178  173  173  168  166  161  161  156  154  149  149  144  143  139
  140  137  137  135  137  136  137  136  139  139  142  141  145  145  147  147
  151  150  153  152  156  156  159  158  162  161  163  162  167  166  169  168
  172  172  174  173  179  174  173  170  179                                   
    82.5-180.0 180.0   5.0 450.0                            LAT/LON1/LON2/DLON/H
  185  193  194  196  195  193  196  195  197  195  197  194  195  192  192  188
  188  184  183  178  177  172  170  163  162  156  154  147  146  140  139  133
  135  130  132  128  132  130  133  132  137  136  140  140  145  145  149  149
  154  153  157  156  161  160  163  162  166  165  167  166  170  169  172  172
  176  176  179  178  185  180  179  175  185                                   
    80.0-180.0 180.0   5.0 450.0                            LAT/LON1/LON2/DLON/H
  192  198  197  199  197  199  201  203  203  204  203  204  202  201  198  198
  194  193  190  188  184  181  176  172  167  162  156  151  147  142  139  135
  134  131  132  131  134  133  136  137  141  143  147  149  153  155  159  160
  165  166  169  169  172  172  174  173  175  174  175  174  176  176  177  178
  181  181  183  184  187  186  185  182  192                                   
    77.5-180.0 180.0   5.0 450.0                            LAT/LON1/LON2/DLON/H
  198  200  198  198  196  199  200  202  203  204  205  205  204  202  200  199
  196  194  191  188  186  182  178  173  169  163  158  152  148  143  140  136
  136  135  135  136  138  140  143  145  149  152  156  160  163  167  170  173
  176  178  179  181  181  182  181  181  180  179  178  178  178  178  179  180
  181  183  184  184  187  187  187  181  198                                   
    75.0-180.0 180.0   5.0 450.0                            LAT/LON1/LON2/DLON/H
  198  199  197  196  195  196  199  200  202  203  205  205  205  203  202  199
  197  193  192  188  187  181  179  173  170  162  159  153  150  144  143  139
  141  139  142  142  147  148  152  154  158  161  166  169  174  177  182  183
  187  187  189  189  190  188  188  185  185  181  181  178  179  177  179  178
  181  180  184  182  186  185  187  183  198                                   
    72.5-180.0 180.0   5.0 450.0                            LAT/LON1/LON2/DLON/H
  199  198  196  194  193  192  194  195  199  200  202  202  203  201  200  196
  195  191  190  186  184  180  177  171  168  162  158  154  151  148  147  146
  147  147  150  152  155  157  160  162  166  169  173  177  182  185  188  191
  193  194  195  194  193  192  190  187  185  181  179  177  177  175  176  176
  178  178  180  180  184  185  188  185  199                                   
    70.0-180.0 180.0   5.0 450.0                            LAT/LON1/LON2/DLON/H
  199  198  196  195  193  192  193  194  198  199  203  203  204  202  201  196
  195  190  189  184  183  178  176  171  168  163  161  158  156  155  155  155
  157  158  161  163  166  167  169  171  174  176  180  183  188  191  195  197
  200  199  200  198  198  194  192  188  186  182  180  178  178  177  178  178
  180  180  182  183  187  188  191  188  199                                   
    67.5-180.0 180.0   5.0 450.0                            LAT/LON1/LON2/DLON/H
  203  201  200  198  195  193  194  196  199  201  205  206  206  204  202  197
  194  189  187  183  181  177  175  171  168  164  162  160  159  159  160  162
  165  166  169  171  173  174  174  174  175  177  180  183  188  192  195  197
  199  199  199  197  195  192  189  186  184  181  180  178  179  179  181  181
  184  184  186  187  192  193  195  192  203                                   
    65.0-180.0 180.0   5.0 450.0                            LAT/LON1/LON2/DLON/H
  208  206  205  203  199  196  197  198  202  205  208  210  210  208  205  200
  196  190  187  183  180  177  175  172  170  167  164  163  163  164  166  168
  170  173  175  176  176  175  173  171  172  171  175  177  182  185  190  191
  195  194  195  192  191  188  186  184  183  181  181  180  182  183  185  186
  189  189  192  193  197  198  201  198  208                                   
    62.5-180.0 180.0   5.0 450.0                            LAT/LON1/LON2/DLON/H
  218  213  212  208  203  200  200  202  205  209  212  213  214  212  209  204
  200  194  190  185  183  180  178  174  173  169  167  166  166  167  169  171
  173  174  175  174  174  170  167  163  162  160  163  165  170  174  179  181
  184  184  185  184  184  182  181  180  181  180  181  182  185  186  189  190
  193  194  197  199  204  205  209  208  218                                   
    60.0-180.0 180.0   5.0 450.0                            LAT/LON1/LON2/DLON/H
  225  221  220  216  210  206  205  206  210  213  216  218  218  217  214  210
  205  200  195  192  189  186  183  181  177  175  173  173  173  174  174  176
  176  177  174  172  169  164  159  153  152  149  152  153  159  162  167  170
  174  174  176  176  178  178  180  180  182  182  185  185  189  190  194  196
  199  201  203  206  210  211  216  216  225                                   
    57.5-180.0 180.0   5.0 450.0                            LAT/LON1/LON2/DLON/H
  236  230  229  224  217  212  209  210  212  216  219  221  222  221  218  215
  211  207  203  199  197  193  190  186  184  181  180  180  181  181  181  180
  178  176  172  168  163  157  151  144  141  138  140  141  146  150  155  159
  164  166  169  171  175  177  180  183  186  187  189  191  194  196  199  201
  204  206  208  211  216  218  222  224  236                                   
    55.0-180.0 180.0   5.0 450.0                            LAT/LON1/LON2/DLON/H
  243  238  239  234  226  220  216  215  217  220  222  224  224  224  221  219
  216  213  209  206  203  201  196  194  191  190  189  191  191  192  189  187
  183  178  172  166  160  153  147  139  135  131  133  134  139  142  148  152
  158  160  166  169  176  180  187  190  194  195  197  197  199  200  204  205
  209  210  213  216  222  225  229  230  243                                   
    52.5-180.0 180.0   5.0 450.0                            LAT/LON1/LON2/DLON/H
  255  247  250  244  237  230  226  223  223  224  223  224  224  224  222  221
  219  217  215  212  210  207  204  201  199  199  200  201  203  202  198  193
  187  179  172  166  160  152  146  138  133  129  130  131  135  139  145  150
  156  160  167  173  181  188  195  200  205  206  206  205  205  205  206  208
  211  214  216  220  228  232  235  240  255                                   
    50.0-180.0 180.0   5.0 450.0                            LAT/LON1/LON2/DLON/H
  266  259  261  256  250  243  240  235  233  231  229  227  225  223  222  222
  221  221  220  220  217  216  212  210  208  209  210  212  213  213  208  201
  193  185  178  171  165  158  152  143  138  134  134  134  137  141  147  151
  158  163  171  178  188  195  205  211  216  217  215  213  211  209  210  211
  215  217  221  226  235  241  244  249  266                                   
    47.5-180.0 180.0   5.0 450.0                            LAT/LON1/LON2/DLON/H
  278  271  275  271  265  260  256  251  247  242  236  231  226  224  222  222
  223  224  226  227  227  226  224  221  219  219  221  222  224  221  216  208
  199  191  184  178  172  166  161  153  148  143  143  142  145  148  153  157
  164  169  178  186  197  205  216  223  229  229  226  221  217  212  212  212
  216  219  224  231  242  249  253  258  278                                   
    45.0-180.0 180.0   5.0 450.0                            LAT/LON1/LON2/DLON/H
  290  286  289  286  282  279  277  272  267  260  251  243  235  230  225  225
  226  229  232  237  238  239  237  235  232  233  232  234  233  231  224  216
  208  200  195  190  186  180  174  167  162  157  156  155  156  158  162  166
  172  177  186  192  203  212  223  233  238  240  236  230  223  216  215  213
  218  220  228  236  250  258  263  270  290                                   
    42.5-180.0 180.0   5.0 450.0                            LAT/LON1/LON2/DLON/H
  302  298  303  301  299  298  297  294  289  281  270  260  248  240  234  233
  233  238  243  250  254  257  255  253  250  249  248  247  245  240  233  224
  218  211  208  203  200  194  189  181  178  173  172  170  171  170  173  174
  180  183  192  197  209  217  230  239  247  248  246  238  231  221  218  215
  221  224  234  244  259  270  277  283  302                                   
    40.0-180.0 180.0   5.0 450.0                            LAT/LON1/LON2/DLON/H
  316  315  318  316  316  318  319  317  316  309  297  286  271  262  251  249
  248  255  260  270  274  279  277  275  271  269  265  263  258  252  242  235
  229  225  223  220  219  214  208  202  197  193  190  188  186  184  183  183
  186  188  195  200  210  218  231  242  250  254  253  245  238  227  224  221
  228  232  245  256  274  286  295  301  316                                   
    37.5-180.0 180.0   5.0 450.0                            LAT/LON1/LON2/DLON/H
  331  330  333  332  333  336  337  339  339  334  323  311  297  284  274  269
  271  275  284  293  300  304  302  298  294  289  285  279  273  264  256  248
  245  240  239  235  234  229  225  217  214  208  207  202  200  193  191  187
  188  188  194  197  208  215  229  238  251  255  258  252  248  238  235  233
  240  246  260  273  291  304  314  319  331                                   
    35.0-180.0 180.0   5.0 450.0                            LAT/LON1/LON2/DLON/H
  345  350  353  351  353  356  360  362  366  363  356  345  330  317  304  299
  297  303  310  320  325  328  326  322  316  312  305  299  289  279  270  264
  259  257  254  252  248  244  238  232  227  224  221  217  212  205  198  193
  190  188  190  193  201  209  224  235  248  255  262  259  257  249  246  245
  253  261  276  292  310  326  340  342  345                                   
    32.5-180.0 180.0   5.0 450.0                            LAT/LON1/LON2/DLON/H
  362  370  371  369  370  374  376  380  383  384  381  373  361  349  337  330
  328  332  339  346  350  351  348  344  339  334  327  319  308  296  286  278
  274  270  268  262  258  250  245  237  235  230  228  223  217  207  199  191
  187  184  184  185  193  202  217  231  246  255  264  266  266  261  260  260
  269  278  293  309  330  347  363  365  362                                   
    30.0-180.0 180.0   5.0 450.0                            LAT/LON1/LON2/DLON/H
  378  393  392  390  392  396  398  401  406  409  411  406  398  388  375  367
  363  365  369  373  374  374  370  366  362  357  350  339  326  311  298  288
  282  277  273  267  259  250  242  236  233  230  226  221  214  204  193  184
  178  173  172  173  181  190  206  222  241  254  266  269  272  267  269  268
  280  290  308  327  350  370  394  389  378                                   
    27.5-180.0 180.0   5.0 450.0                            LAT/LON1/LON2/DLON/H
  394  410  410  410  410  414  412  418  421  429  432  436  429  424  411  405
  398  401  400  404  400  398  391  388  383  378  369  356  340  322  304  291
  283  275  270  259  249  238  232  226  224  220  217  210  203  190  179  169
  163  158  157  159  168  178  194  212  232  249  262  270  274  274  276  279
  291  304  322  341  368  388  413  410  394                                   
    25.0-180.0 180.0   5.0 450.0                            LAT/LON1/LON2/DLON/H
  406  423  424  422  429  431  433  436  444  452  461  467  468  466  455  449
  438  438  433  432  424  418  411  404  400  393  383  366  345  324  302  287
  275  267  255  243  229  220  211  208  206  205  201  195  186  173  162  151
  144  139  139  143  153  165  182  199  221  240  256  266  273  276  280  286
  301  314  334  353  381  399  432  425  406                                   
    22.5-180.0 180.0   5.0 450.0                            LAT/LON1/LON2/DLON/H
  419  437  440  443  447  451  451  457  462  473  482  493  497  499  490  484
  473  469  460  454  443  434  422  416  406  397  382  363  338  313  290  271
  257  242  227  214  201  193  186  184  184  183  180  174  167  154  143  132
  126  121  124  129  142  155  173  189  212  232  251  263  272  278  285  293
  309  324  344  363  388  404  433  435  419                                   
    20.0-180.0 180.0   5.0 450.0                            LAT/LON1/LON2/DLON/H
  432  453  461  462  472  470  475  474  485  492  506  518  529  533  526  522
  509  503  487  476  458  445  432  421  409  393  374  349  321  294  268  246
  226  209  194  182  171  166  161  162  163  163  160  154  147  135  125  113
  108  104  107  113  131  145  163  181  204  226  246  261  272  281  291  302
  320  336  354  373  394  408  439  438  432                                   
    17.5-180.0 180.0   5.0 450.0                            LAT/LON1/LON2/DLON/H
  442  467  480  484  489  487  490  493  500  508  521  536  550  557  555  550
  539  529  510  493  470  455  436  422  402  380  352  322  292  262  235  209
  187  172  160  150  144  140  139  140  143  143  141  137  130  120  110  101
   96   91   97  103  122  137  157  177  201  224  245  261  275  286  297  312
  331  347  364  380  396  408  430  437  442                                   
    15.0-180.0 180.0   5.0 450.0                            LAT/LON1/LON2/DLON/H
  444  473  487  494  500  499  504  505  514  518  533  547  566  575  577  573
  562  551  529  509  480  461  439  420  392  360  324  290  258  228  199  174
  155  142  133  128  124  124  124  127  129  130  128  125  119  110  101   93
   88   83   90   95  114  127  150  172  197  222  244  262  278  290  303  320
  338  355  372  388  402  411  435  438  444                                   
    12.5-180.0 180.0   5.0 450.0                            LAT/LON1/LON2/DLON/H
  440  465  483  490  498  501  508  512  519  524  536  551  570  581  586  584
  576  563  541  517  486  465  439  411  374  330  288  252  221  192  167  146
  131  122  118  116  117  118  120  121  122  121  119  116  112  104   98   90
   85   80   85   90  108  122  147  170  199  224  248  267  285  297  313  328
  347  364  380  394  405  414  428  435  440                                   
    10.0-180.0 180.0   5.0 450.0                            LAT/LON1/LON2/DLON/H
  439  456  470  480  488  496  504  510  516  520  533  547  567  579  585  585
  578  566  542  517  484  462  431  396  349  297  254  218  190  165  146  131
  121  117  117  118  121  122  123  121  120  118  115  112  110  105   99   93
   87   82   85   89  106  119  143  168  199  226  251  272  291  305  320  335
  352  369  386  400  412  420  438  440  439                                   
     7.5-180.0 180.0   5.0 450.0                            LAT/LON1/LON2/DLON/H
  441  451  464  468  476  485  496  503  508  512  522  537  555  568  573  574
  569  557  533  508  476  449  413  369  315  263  222  190  167  149  136  126
