data/unet/pred0650.15i
     1.0            IONOSPHERE MAPS     GNSS                IONEX VERSION / TYPE
pyspatialgeodesy        IME             05-JAN-18 20:20     PGM / RUN BY / DATE 
Map Name                                                    COMMENT             
Predicted global ionosphere maps (GIM).                     DESCRIPTION         
  2015     3     6     0     0     0                        EPOCH OF FIRST MAP  
  2015     3     7     0     0     0                        EPOCH OF LAST MAP   
  7200                                                      INTERVAL            
    13                                                      # OF MAPS IN FILE   
  NONE                                                      MAPPING FUNCTION    
10.0                                                        ELEVATION CUTOFF    
One-way carrier phase leveled to code                       OBSERVABLES USED    
  6371.0                                                    BASE RADIUS         
 2                                                          MAP DIMENSION       
   450.0 450.0   0.0                                        HGT1 / HGT2 / DHGT  
    87.5 -87.5  -2.5                                        LAT1 / LAT2 / DLAT  
  -180.0 180.0   5.0                                        LON1 / LON2 / DLON  
    -1                                                      EXPONENT            
                                                            END OF HEADER       
[from data line 858]
     3                                                      START OF TEC MAP    
  2015     3     6     4     0     0                        EPOCH OF CURRENT MAP
    87.5-180.0 180.0   5.0 450.0                            LAT/LON1/LON2/DLON/H
  146  152  144  142  141  137  137  136  138  136  139  137  140  139  141  139
  141  140  142  140  141  139  140  138  138  136  136  133  134  131  131  128
  128  126  126  124  125  124  125  124  125  125  126  127  128  129  129  131
  132  133  134  136  137  139  141  144  145  148  149  151  152  154  154  156
  156  157  154  155  153  154  161  166  146                                   
    85.0-180.0 180.0   5.0 450.0                            LAT/LON1/LON2/DLON/H
  160  149  136  141  135  130  130  129  129  130  131  132  132  134  134  135
  134  135  134  134  131  131  128  127  124  123  120  120  116  117  115  115
  113  115  113  115  115  117  116  118  118  120  119  121  122  125  125  129
  130  133  135  139  141  146  149  153  156  160  161  165  166  169  168  169
  168  168  164  165  160  157  160  158  160                                   
    82.5-180.0 180.0   5.0 450.0                            LAT/LON1/LON2/DLON/H
  155  144  139  133  128  123  123  122  122  124  125  127  128  131  132  133
  133  134  133  132  129  128  124  122  117  116  112  110  108  106  106  105
  106  106  109  108  112  112  116  115  120  120  124  125  128  130  132  135
  138  142  146  151  155  161  166  171  175  179  181  182  185  184  185  183
  184  180  180  173  172  162  167  157  155                                   
    80.0-180.0 180.0   5.0 450.0                            LAT/LON1/LON2/DLON/H
  168  159  146  138  131  123  121  121  120  123  124  129  130  135  137  139
  139  140  138  136  132  129  125  120  115  111  108  105  101  101   99  102
  101  105  106  110  111  116  117  120  122  125  126  130  131  134  136  140
  144  149  156  161  169  174  184  188  197  200  206  207  212  211  212  211
  211  207  205  201  194  185  182  172  168                                   
    77.5-180.0 180.0   5.0 450.0                            LAT/LON1/LON2/DLON/H
  178  170  162  147  134  124  119  116  115  117  119  124  127  133  137  140
  140  140  138  134  128  125  119  114  107  103   98   96   93   94   94   96
   98  102  105  108  112  115  120  122  125  125  128  127  128  129  133  138
  145  152  163  171  180  189  200  207  216  222  228  232  237  238  241  239
  241  237  235  228  223  208  204  194  178                                   
    75.0-180.0 180.0   5.0 450.0                            LAT/LON1/LON2/DLON/H
  193  190  178  163  145  130  123  117  115  115  118  120  125  126  133  132
  135  131  132  126  124  118  115  107  104   97   94   90   90   89   91   93
   98  101  106  109  112  116  118  121  120  122  120  122  119  122  124  133
  140  152  163  175  185  196  210  218  229  234  243  245  252  254  257  257
  258  257  253  250  244  233  224  216  193                                   
    72.5-180.0 180.0   5.0 450.0                            LAT/LON1/LON2/DLON/H
  214  210  202  182  159  143  131  122  119  117  118  120  120  124  124  128
  126  127  123  122  118  115  110  106  101   96   94   91   91   92   94   97
  101  105  109  112  114  116  118  118  118  117  115  114  113  114  120  127
  138  150  165  179  192  205  218  229  237  245  249  255  258  262  263  266
  267  268  268  266  265  258  248  241  214                                   
    70.0-180.0 180.0   5.0 450.0                            LAT/LON1/LON2/DLON/H
  240  236  225  206  182  161  145  134  127  123  123  121  122  119  121  118
  120  116  118  115  115  110  109  104  102   96   96   93   96   95  100  101
  107  108  112  113  115  115  115  114  113  112  110  109  108  110  115  128
  139  155  170  187  201  214  230  238  248  252  258  260  263  264  265  268
  270  273  274  277  276  274  266  258  240                                   
    67.5-180.0 180.0   5.0 450.0                            LAT/LON1/LON2/DLON/H
  260  254  247  227  200  181  160  149  137  132  127  126  119  118  112  112
  109  111  110  112  111  112  109  108  104  101   99   98  100  101  104  106
  109  109  110  110  109  109  107  107  105  104  103  103  101  106  116  128
  146  159  180  195  212  226  238  246  254  258  260  262  261  261  259  261
  264  268  273  278  284  286  279  273  260                                   
    65.0-180.0 180.0   5.0 450.0                            LAT/LON1/LON2/DLON/H
  276  269  261  243  220  198  177  164  150  143  136  133  126  119  114  108
  107  105  109  110  113  113  114  112  110  106  104  103  104  103  106  105
  107  104  104  100   98   96   95   95   92   93   91   93   94  104  115  133
  148  168  185  204  222  235  248  256  265  267  268  266  265  262  260  259
  260  265  270  277  284  288  284  278  276                                   
    62.5-180.0 180.0   5.0 450.0                            LAT/LON1/LON2/DLON/H
  283  275  271  253  229  211  188  175  160  153  142  138  127  121  111  108
  103  105  106  111  114  117  116  116  112  111  107  106  105  105  104  102
  100   97   92   89   84   83   81   83   82   84   84   88   93  104  120  136
  155  173  195  213  232  245  258  268  276  278  276  276  274  270  264  261
  259  260  265  272  281  285  283  280  283                                   
    60.0-180.0 180.0   5.0 450.0                            LAT/LON1/LON2/DLON/H
  285  278  272  260  236  218  195  182  165  157  146  141  132  124  117  109
  108  106  111  112  118  118  119  116  114  108  106  102  103   99   99   93
   92   85   78   74   69   70   66   71   70   75   78   83   91  106  121  142
  157  180  202  224  242  255  270  281  291  295  297  295  294  288  283  274
  270  266  269  272  277  277  276  276  285                                   
    57.5-180.0 180.0   5.0 450.0                            LAT/LON1/LON2/DLON/H
  283  276  275  260  237  219  197  184  166  158  145  140  130  126  116  113
  109  111  111  115  116  118  113  112  106  104   98   98   95   94   90   87
   81   77   68   66   62   62   62   65   68   73   77   83   93  109  125  145
  164  186  211  232  251  264  280  293  303  311  314  316  317  314  306  297
  287  279  276  274  277  276  273  277  283                                   
    55.0-180.0 180.0   5.0 450.0                            LAT/LON1/LON2/DLON/H
  282  278  276  267  246  227  202  187  166  156  142  137  129  125  120  116
  116  113  117  114  117  113  111  104  100   94   91   87   87   84   82   78
   73   68   63   61   58   60   60   65   67   72   77   82   95  112  129  151
  168  194  219  242  261  274  292  306  320  331  340  346  349  346  341  329
  319  306  299  290  289  284  276  280  282                                   
    52.5-180.0 180.0   5.0 450.0                            LAT/LON1/LON2/DLON/H
  288  284  284  276  257  237  211  194  169  157  140  134  126  123  119  119
  118  119  115  115  111  108  100   96   89   86   81   81   78   79   74   74
   68   67   64   66   66   68   69   72   74   78   82   88  101  117  135  156
  176  201  228  250  269  286  303  318  333  345  356  365  370  372  367  359
  347  334  323  313  311  301  290  295  288                                   
    50.0-180.0 180.0   5.0 450.0                            LAT/LON1/LON2/DLON/H
  306  301  300  295  278  260  231  209  180  160  139  130  122  120  119  119
  121  117  115  109  107  100   98   91   89   83   82   79   78   75   74   72
   71   69   70   73   76   78   80   81   81   82   85   91  107  125  143  165
  186  214  241  265  283  301  319  334  350  362  374  383  390  393  392  385
  376  360  351  339  338  325  313  311  306                                   
    47.5-180.0 180.0   5.0 450.0                            LAT/LON1/LON2/DLON/H
  328  320  323  319  302  283  255  229  197  171  144  131  121  118  117  120
  118  117  111  107  102  100   95   93   90   89   85   84   81   79   77   76
   74   76   78   85   89   93   94   95   93   92   95  103  120  136  157  179
  203  231  257  278  298  317  334  347  359  370  379  388  394  399  398  395
  387  377  368  360  358  350  334  337  328                                   
    45.0-180.0 180.0   5.0 450.0                            LAT/LON1/LON2/DLON/H
  348  337  340  337  323  307  282  254  218  186  155  136  125  119  119  119
  119  113  111  104  104  100  102   99  101   97   96   92   91   85   85   81
   82   83   88   94  100  104  105  103   99   96   99  110  127  149  168  197
  223  252  276  299  319  339  354  367  376  383  387  393  397  401  400  398
  393  385  379  373  374  368  353  354  348                                   
    42.5-180.0 180.0   5.0 450.0                            LAT/LON1/LON2/DLON/H
  358  344  346  345  336  324  302  276  237  204  168  144  130  124  120  121
  117  115  110  109  108  110  110  112  113  111  108  103   98   94   89   88
   87   91   95  103  109  114  116  114  109  106  111  122  142  164  190  218
  248  272  294  318  339  359  373  382  386  388  386  390  393  394  390  390
  387  383  379  378  379  377  359  367  358                                   
    40.0-180.0 180.0   5.0 450.0                            LAT/LON1/LON2/DLON/H
  357  336  333  331  328  319  303  282  249  214  180  154  141  132  128  125
  124  120  120  118  122  122  125  125  127  124  121  115  111  103  100   97
   97   99  104  111  118  122  121  118  113  110  116  131  152  180  207  240
  267  291  312  337  359  380  393  401  403  402  397  397  397  395  393  393
  393  388  387  385  388  382  368  368  357                                   
    37.5-180.0 180.0   5.0 450.0                            LAT/LON1/LON2/DLON/H
  357  327  319  317  313  312  296  278  249  219  188  165  148  141  135  134
  130  131  131  135  138  141  141  142  141  138  133  127  121  116  113  112
  110  112  114  120  125  130  129  126  120  120  129  145  170  195  227  257
  284  303  323  347  370  392  407  414  415  413  407  406  404  403  400  405
  405  405  402  402  402  395  372  376  357                                   
    35.0-180.0 180.0   5.0 450.0                            LAT/LON1/LON2/DLON/H
  366  327  312  300  292  285  274  258  239  214  192  170  159  150  148  145
  145  144  149  153  160  159  157  152  150  144  141  136  136  132  132  128
  127  125  126  127  130  130  131  128  125  124  134  151  176  206  236  264
  291  312  329  351  376  403  423  434  438  437  434  432  432  432  437  442
  450  451  451  446  444  430  405  397  366                                   
    32.5-180.0 180.0   5.0 450.0                            LAT/LON1/LON2/DLON/H
  402  354  328  305  288  275  259  245  227  207  188  174  162  157  152  153
  153  158  165  172  176  173  165  159  155  152  151  152  155  157  156  153
  146  144  138  138  137  136  134  133  131  132  142  160  187  213  243  267
  291  312  330  356  382  410  437  455  463  466  464  467  471  476  485  499
  510  516  515  509  503  487  454  438  402                                   
    30.0-180.0 180.0   5.0 450.0                            LAT/LON1/LON2/DLON/H
  473  432  390  348  311  284  258  235  220  198  185  171  166  159  159  159
  163  167  177  182  187  178  169  158  158  158  165  171  180  183  185  179
  171  161  154  148  146  141  143  137  135  134  146  164  188  212  238  262
  285  306  324  353  384  422  455  483  496  503  508  514  524  538  557  583
  597  612  610  602  588  565  545  519  473                                   
    27.5-180.0 180.0   5.0 450.0                            LAT/LON1/LON2/DLON/H
  574  535  489  434  377  325  285  255  229  205  185  173  165  162  160  161
  164  170  180  186  186  176  167  161  165  174  188  203  215  224  220  218
  199  193  177  168  156  148  141  138  134  136  146  166  189  213  238  255
  276  298  323  356  391  441  481  520  538  555  565  580  597  623  656  692
  716  729  733  711  698  674  650  614  574                                   
    25.0-180.0 180.0   5.0 450.0                            LAT/LON1/LON2/DLON/H
  708  672  624  553  490  424  353  300  265  231  203  182  175  168  167  163
  166  169  178  180  182  172  167  166  181  199  223  245  263  271  268  262
  240  223  202  188  171  159  146  138  134  135  144  164  193  214  238  256
  276  299  327  364  409  464  516  561  589  617  635  663  685  721  755  795
  821  844  852  841  824  803  784  741  708                                   
    22.5-180.0 180.0   5.0 450.0                            LAT/LON1/LON2/DLON/H
  842  825  760  685  607  532  460  398  336  285  248  218  200  188  181  172
  169  168  172  174  175  170  172  183  207  242  273  306  319  330  319  312
  275  252  217  195  168  155  129  116  114  121  127  151  181  214  243  262
  285  312  344  383  432  495  550  597  632  666  692  722  750  783  819  857
  889  916  939  929  924  914  889  847  842                                   
    20.0-180.0 180.0   5.0 450.0                            LAT/LON1/LON2/DLON/H
  950  943  872  802  723  651  574  509  450  384  321  275  247  226  213  195
  183  173  172  171  174  174  182  209  252  301  345  372  381  377  354  334
  286  244  216  192  165  144  116  103  101  104  121  142  178  209  243  267
  295  326  364  410  462  527  579  631  668  707  731  765  790  825  854  890
  913  943  964  971  980  977  952  927  950                                   
    17.5-180.0 180.0   5.0 450.0                            LAT/LON1/LON2/DLON/H
 1001 1019  981  916  834  761  685  623  558  490  419  354  311  281  258  231
  211  192  185  180  183  187  205  247  305  365  401  419  411  391  354  325
  271  231  202  179  155  134  106   93   88   94  111  137  174  214  250  281
  313  350  391  440  492  554  602  652  687  724  752  783  806  833  856  881
  904  927  955  963  985  994  977  955 1001                                   
    15.0-180.0 180.0   5.0 450.0                            LAT/LON1/LON2/DLON/H
 1017 1046 1023  985  912  842  779  725  661  588  513  443  393  351  318  289
  255  230  216  208  211  218  247  298  371  417  450  441  415  373  333  290
  247  212  184  164  143  124  102   89   87   93  108  134  178  222  259  293
  325  367  408  463  516  574  616  656  693  727  754  784  805  830  844  867
  878  900  919  937  960  973  961  951 1017                                   
    12.5-180.0 180.0   5.0 450.0                            LAT/LON1/LON2/DLON/H
  979 1011 1020  982  945  886  840  795  748  672  595  519  465  426  390  349
  311  282  264  252  258  267  308  363  427  460  462  437  383  331  291  248
  219  193  171  159  140  124  106   92   87   94  102  131  174  226  264  304
  339  379  423  475  530  577  613  650  679  710  736  764  782  800  814  829
  842  862  877  891  914  934  922  924  979                                   
    10.0-180.0 180.0   5.0 450.0                            LAT/LON1/LON2/DLON/H
  920  951  951  946  916  880  853  827  804  736  668  592  538  496  467  430
  388  354  334  317  325  331  375  420  476  478  463  400  338  283  252  220
  198  181  161  152  139  129  114   99   96   96  107  131  179  232  271  314
  346  388  429  485  532  574  609  631  662  691  720  748  773  790  805  815
  822  835  848  863  883  891  881  890  920                                   
     7.5-180.0 180.0   5.0 450.0                            LAT/LON1/LON2/DLON/H
  846  868  882  866  863  830  829  817  809  758  704  638  590  554  529  496
  463  430  408  391  399  403  436  469  487  472  419  347  285  245  223  207
