data/unet/pred0510.15i
     1.0            IONOSPHERE MAPS     GNSS                IONEX VERSION / TYPE
pyspatialgeodesy        IME             05-JAN-18 20:20     PGM / RUN BY / DATE 
Map Name                                                    COMMENT             
Predicted global ionosphere maps (GIM).                     DESCRIPTION         
  2015     2    20     0     0     0                        EPOCH OF FIRST MAP  
  2015     2    21     0     0     0                        EPOCH OF LAST MAP   
  7200                                                      INTERVAL            
    13                                                      # OF MAPS IN FILE   
  NONE                                                      MAPPING FUNCTION    
10.0                                                        ELEVATION CUTOFF    
One-way carrier phase leveled to code                       OBSERVABLES USED    
  6371.0                                                    BASE RADIUS         
 2                                                          MAP DIMENSION       
   450.0 450.0   0.0                                        HGT1 / HGT2 / DHGT  
    87.5 -87.5  -2.5                                        LAT1 / LAT2 / DLAT  
  -180.0 180.0   5.0                                        LON1 / LON2 / DLON  
    -1                                                      EXPONENT            
                                                            END OF HEADER       
[from data line 3432]
     9                                                      START OF TEC MAP    
  2015     2    20    16     0     0                        EPOCH OF CURRENT MAP
    87.5-180.0 180.0   5.0 450.0                            LAT/LON1/LON2/DLON/H
  143  141  142  142  143  139  141  139  141  140  143  144  146  148  150  150
  151  151  151  150  150  149  150  148  148  147  147  145  145  142  142  139
  139  136  136  134  134  132  133  131  132  131  133  133  133  134  135  136
  136  138  138  140  140  141  141  143  143  143  143  144  144  144  144  145
  145  145  145  145  145  146  150  169  143                                   
    85.0-180.0 180.0   5.0 450.0                            LAT/LON1/LON2/DLON/H
  107  131  126  130  130  130  131  132  133  136  137  141  142  146  146  149
  148  150  149  150  150  149  149  146  149  145  147  142  144  139  140  134
  135  129  131  124  125  121  122  118  120  117  121  118  121  120  124  122
  127  126  131  129  135  132  138  134  140  136  141  137  142  137  140  135
  139  134  136  132  135  131  136  138  107                                   
    82.5-180.0 180.0   5.0 450.0                            LAT/LON1/LON2/DLON/H
  101  104  112  114  115  117  118  121  121  125  125  129  130  133  134  136
  136  137  138  136  139  135  139  134  139  134  137  133  135  132  131  128
  124  124  119  117  112  112  107  107  104  104  104  105  106  107  110  112
  115  117  121  121  125  124  128  126  131  127  130  125  130  124  127  120
  122  117  118  115  115  109  119  115  101                                   
    80.0-180.0 180.0   5.0 450.0                            LAT/LON1/LON2/DLON/H
   77   83   89   90   92   95   97  100  103  107  108  113  113  117  119  122
  124  126  127  129  130  130  130  131  131  133  131  134  132  133  129  129
  123  122  116  113  107  104   98   96   92   91   90   90   91   92   94   99
  101  107  109  113  115  116  117  118  118  118  116  117  113  114  110  107
  104  101   99   94   91   88   92   94   77                                   
    77.5-180.0 180.0   5.0 450.0                            LAT/LON1/LON2/DLON/H
   65   66   69   68   72   76   81   83   88   90   95   97  102  105  111  113
  118  120  125  124  128  126  130  128  132  130  134  132  134  133  133  128
  126  120  116  107  103   94   90   82   79   75   75   75   75   78   79   83
   87   92   99  103  107  109  111  113  111  112  108  109  104  102   97   93
   89   83   81   75   70   63   69   71   65                                   
    75.0-180.0 180.0   5.0 450.0                            LAT/LON1/LON2/DLON/H
   53   50   53   53   58   60   67   66   71   75   82   88   95  100  108  112
  121  123  130  130  136  135  138  137  139  140  141  140  143  140  141  133
  132  123  121  109  105   92   87   75   74   66   68   63   69   69   75   75
   83   86   93   97  103  104  109  107  108  104  103   99   99   93   92   86
   84   76   75   66   62   57   65   65   53                                   
    72.5-180.0 180.0   5.0 450.0                            LAT/LON1/LON2/DLON/H
   53   48   48   47   48   52   58   58   66   69   81   86   97  105  116  124
  132  138  144  148  151  154  155  158  158  162  161  161  160  160  157  154
  147  143  134  127  117  109   97   88   80   74   69   66   66   68   69   73
   75   82   86   92   96  100  103  104  105  104   99   98   94   93   90   87
   82   78   73   66   58   54   58   60   53                                   
    70.0-180.0 180.0   5.0 450.0                            LAT/LON1/LON2/DLON/H
   54   50   50   45   51   50   57   55   67   67   81   86  100  109  122  131
  141  149  159  163  168  172  174  175  177  178  178  177  176  175  172  169
  163  158  148  140  130  121  112  101   93   85   80   76   74   73   74   74
   78   81   87   89   94   95   99  100  101   98   98   94   95   91   92   86
   87   80   81   71   65   59   65   65   54                                   
    67.5-180.0 180.0   5.0 450.0                            LAT/LON1/LON2/DLON/H
   60   54   52   50   50   49   54   56   64   69   80   90  102  115  128  142
  153  165  175  183  188  191  191  192  195  196  196  193  193  192  190  186
  183  176  170  158  151  137  130  116  112  100   96   88   84   80   76   75
   73   75   77   79   82   84   86   87   87   88   87   90   89   91   90   90
   87   85   82   78   67   63   65   69   60                                   
    65.0-180.0 180.0   5.0 450.0                            LAT/LON1/LON2/DLON/H
   64   57   58   51   55   50   56   52   63   65   79   87  103  115  134  147
  164  175  190  197  208  209  212  212  214  213  208  206  202  203  197  197
  191  187  178  171  160  152  141  133  126  118  111  104   97   91   83   78
   72   70   68   66   69   69   71   71   73   75   76   79   81   84   85   85
   85   84   83   78   73   67   71   73   64                                   
    62.5-180.0 180.0   5.0 450.0                            LAT/LON1/LON2/DLON/H
   63   57   56   57   55   51   53   52   59   65   75   88  102  117  135  153
  170  184  199  209  220  223  224  223  222  220  215  211  210  207  206  205
  202  198  190  181  172  161  153  145  139  131  125  115  107   96   85   76
   69   62   60   54   56   55   58   58   60   63   64   70   73   76   78   80
   79   81   77   76   66   65   66   71   63                                   
    60.0-180.0 180.0   5.0 450.0                            LAT/LON1/LON2/DLON/H
   61   51   54   50   52   46   50   46   55   58   72   83   99  114  134  151
  172  185  206  216  234  235  240  231  228  220  214  210  209  210  209  212
  208  209  200  193  182  173  166  160  154  147  140  129  117  104   89   79
   66   58   51   46   45   43   44   46   50   53   55   63   67   70   72   72
   72   73   72   67   62   62   63   64   61                                   
    57.5-180.0 180.0   5.0 450.0                            LAT/LON1/LON2/DLON/H
   58   49   50   52   51   47   47   46   50   58   71   85   99  116  131  153
  173  192  211  223  239  242  246  239  230  220  214  212  214  217  221  225
  227  227  220  211  197  186  178  172  165  159  151  141  127  111   94   81
   72   59   54   45   45   40   41   41   46   48   51   56   62   65   69   68
   67   67   63   63   56   58   55   55   58                                   
    55.0-180.0 180.0   5.0 450.0                            LAT/LON1/LON2/DLON/H
   56   42   47   44   46   42   45   44   50   56   69   85   99  115  133  152
  175  191  215  226  244  247  252  242  236  222  217  215  220  226  232  239
  242  243  236  226  213  202  195  189  181  174  166  155  142  125  107   94
   81   72   64   57   52   49   48   49   53   55   57   59   64   64   67   66
   66   64   64   63   60   60   59   52   56                                   
    52.5-180.0 180.0   5.0 450.0                            LAT/LON1/LON2/DLON/H
   53   50   51   51   50   48   48   50   54   65   77   93  103  121  136  158
  181  202  223  237  249  252  253  244  236  226  223  225  231  240  248  257
  260  262  255  243  229  218  211  204  196  189  181  171  158  142  124  110
  100   90   84   78   73   70   67   67   69   69   69   69   72   71   72   71
   69   69   68   69   65   66   64   57   53                                   
    50.0-180.0 180.0   5.0 450.0                            LAT/LON1/LON2/DLON/H
   69   58   61   55   56   51   53   51   59   72   84   98  110  125  142  164
  188  207  228  240  252  254  255  246  241  234  235  238  248  257  266  273
  275  274  267  256  245  234  228  221  214  205  196  186  175  160  143  133
  122  115  108  103   98   94   91   89   89   87   84   83   85   84   85   85
   85   83   85   84   83   82   84   73   69                                   
    47.5-180.0 180.0   5.0 450.0                            LAT/LON1/LON2/DLON/H
   83   77   74   73   71   67   68   69   76   89  100  115  124  140  157  180
  202  222  241  254  263  264  259  253  246  244  243  251  259  268  275  281
  280  278  271  262  254  247  242  236  228  218  208  198  188  174  162  150
  144  135  130  124  119  116  111  110  107  106  101  100   99  101  100  102
  101  103  100  104   99   99  103   95   83                                   
    45.0-180.0 180.0   5.0 450.0                            LAT/LON1/LON2/DLON/H
  101   92   89   85   83   78   79   79   87  101  113  128  140  156  174  196
  216  235  252  265  273  273  271  266  263  261  261  267  273  280  282  285
  282  278  272  265  263  259  257  252  243  231  218  207  198  187  177  168
  160  155  147  143  135  131  126  123  120  118  114  111  112  114  118  121
  124  125  126  125  125  121  126  118  101                                   
    42.5-180.0 180.0   5.0 450.0                            LAT/LON1/LON2/DLON/H
  114  107  101   99   97   92   95   96  106  119  133  149  161  176  195  215
  235  255  269  282  287  288  284  282  276  277  276  281  283  284  282  282
  276  273  271  271  272  273  271  265  255  241  227  214  205  194  184  175
  169  162  156  148  140  135  129  127  124  122  116  117  118  124  128  134
  135  141  136  141  134  135  140  135  114                                   
    40.0-180.0 180.0   5.0 450.0                            LAT/LON1/LON2/DLON/H
  122  113  106  103  103   99  102  103  114  127  145  165  178  193  211  231
  249  266  282  291  297  300  300  298  294  295  294  296  290  287  280  278
  273  273  277  280  288  290  291  283  272  254  238  222  213  202  192  181
  175  166  159  149  139  133  127  124  122  121  118  118  120  125  134  141
  145  148  147  145  143  137  143  139  122                                   
    37.5-180.0 180.0   5.0 450.0                            LAT/LON1/LON2/DLON/H
  122  110  106  104  104   99  104  107  120  137  157  180  196  212  229  249
  267  284  297  303  308  311  312  310  309  309  310  306  298  288  281  280
  278  284  291  301  310  313  313  305  288  271  252  234  219  206  192  182
  172  163  154  144  136  129  124  121  121  117  112  114  115  121  127  135
  136  141  134  136  128  130  132  133  122                                   
    35.0-180.0 180.0   5.0 450.0                            LAT/LON1/LON2/DLON/H
  114  101  100   95   98   94  100  104  120  140  165  189  210  227  245  264
  282  295  309  314  321  327  328  327  324  322  320  317  308  299  293  295
  299  312  321  338  348  354  346  334  315  295  275  254  237  221  207  194
  182  169  158  147  139  134  128  125  123  121  116  116  114  116  122  127
  132  132  126  119  113  108  115  118  114                                   
    32.5-180.0 180.0   5.0 450.0                            LAT/LON1/LON2/DLON/H
  104   90   90   88   88   85   92   98  116  138  170  196  221  240  259  280
  298  312  321  326  334  339  341  340  338  337  336  334  328  323  325  332
  345  363  380  399  409  410  395  378  353  329  306  284  266  246  229  216
  203  190  178  168  161  154  150  143  143  136  131  126  123  118  119  119
  120  121  110  106   94   97   94  102  104                                   
    30.0-180.0 180.0   5.0 450.0                            LAT/LON1/LON2/DLON/H
   90   81   83   77   80   75   83   86  110  130  166  196  228  249  271  289
  309  319  332  339  350  356  359  357  354  350  350  351  351  357  370  392
  411  441  457  479  478  476  449  430  396  374  346  324  300  281  265  253
  239  226  213  204  196  191  185  180  176  169  158  149  138  130  127  123
  122  120  116  110  105   96   93   88   90                                   
    27.5-180.0 180.0   5.0 450.0                            LAT/LON1/LON2/DLON/H
   83   85   83   80   77   74   77   82  104  128  168  202  239  260  284  304
  324  336  346  356  367  372  373  371  366  368  373  384  398  420  451  482
  517  536  550  553  546  532  502  478  446  421  394  369  344  323  308  294
  291  272  265  248  243  232  229  221  222  213  200  184  168  152  146  140
  141  137  132  126  118  114   98   84   83                                   
    25.0-180.0 180.0   5.0 450.0                            LAT/LON1/LON2/DLON/H
   79   82   80   77   76   71   75   77  102  125  168  203  244  266  294  315
  339  351  366  378  387  393  394  389  383  390  402  430  457  496  544  582
  622  633  637  624  599  580  547  528  495  475  446  425  388  366  346  342
  335  336  324  321  309  300  286  277  265  255  241  229  214  203  192  185
  178  164  150  138  125  108  104   97   79                                   
    22.5-180.0 180.0   5.0 450.0                            LAT/LON1/LON2/DLON/H
   79   83   84   80   81   70   72   71   99  127  173  213  252  276  305  332
  359  375  389  401  407  408  406  402  403  423  449  490  532  579  640  684
  731  734  730  697  651  617  587  566  544  522  496  466  442  417  405  402
  404  408  403  401  389  382  364  351  328  310  290  274  253  235  222  216
  213  208  195  171  151  133  118  118   79                                   
    20.0-180.0 180.0   5.0 450.0                            LAT/LON1/LON2/DLON/H
   96   91   85   83   79   84   86   94  112  142  185  222  257  284  314  348
  376  398  415  429  432  432  426  428  434  466  504  551  605  661  730  782
  821  825  797  762  698  654  615  605  580  564  536  518  488  474  460  465
  468  481  478  479  465  453  436  412  385  366  343  324  298  280  255  244
  235  239  228  212  190  165  139  138   96                                   
    17.5-180.0 180.0   5.0 450.0                            LAT/LON1/LON2/DLON/H
  112  111  101   93   94   95  100  107  129  156  198  240  275  303  332  369
  400  427  448  459  462  461  459  465  486  527  573  620  678  735  802  839
  850  845  816  779  719  676  653  639  628  608  588  558  531  504  492  489
  497  504  504  501  488  481  458  443  420  406  382  364  339  318  297  281
  256  254  247  231  215  194  169  159  112                                   
    15.0-180.0 180.0   5.0 450.0                            LAT/LON1/LON2/DLON/H
  119  122  111  101   97  102  107  130  157  191  225  259  290  322  350  394
  424  454  477  494  497  498  500  514  547  591  636  688  737  789  822  845
  847  835  806  771  722  689  671  666  650  637  614  590  558  530  514  503
  508  509  514  504  495  480  462  446  431  419  403  388  366  350  324  304
  276  263  256  244  227  204  180  162  119                                   
    12.5-180.0 180.0   5.0 450.0                            LAT/LON1/LON2/DLON/H
  126  132  118  109  100  106  113  142  173  209  245  275  305  344  373  415
  450  484  509  527  532  535  540  568  610  654  698  741  777  805  824  837
  827  814  786  755  723  701  692  687  679  663  639  602  564  524  501  487
  489  491  492  482  466  453  439  433  421  413  398  387  368  358  329  309
  275  260  248  241  225  194  183  151  126                                   
    10.0-180.0 180.0   5.0 450.0                            LAT/LON1/LON2/DLON/H
  116  123  113  103  100  104  117  149  186  224  265  293  327  361  399  438
  472  506  538  552  565  569  586  618  665  710  745  778  794  805  818  814
  803  781  759  739  729  716  711  707  692  683  654  612  568  519  496  474
  471  465  460  440  427  417  412  415  408  405  391  378  360  347  325  298
  266  245  239  224  211  186  176  144  116                                   
     7.5-180.0 180.0   5.0 450.0                            LAT/LON1/LON2/DLON/H
  110  117  112  100   97   99  116  151  195  238  276  310  341  375  413  453
  487  518  545  565  586  601  627  666  713  752  775  792  795  799  798  786
