data/unet/pred0260.15i
     1.0            IONOSPHERE MAPS     GNSS                IONEX VERSION / TYPE
pyspatialgeodesy        IME             05-JAN-18 20:20     PGM / RUN BY / DATE 
Map Name                                                    COMMENT             
Predicted global ionosphere maps (GIM).                     DESCRIPTION         
  2015     1    26     0     0     0                        EPOCH OF FIRST MAP  
  2015     1    27     0     0     0                        EPOCH OF LAST MAP   
  7200                                                      INTERVAL            
    13                                                      # OF MAPS IN FILE   
  NONE                                                      MAPPING FUNCTION    
10.0                                                        ELEVATION CUTOFF    
One-way carrier phase leveled to code                       OBSERVABLES USED    
  6371.0                                                    BASE RADIUS         
 2                                                          MAP DIMENSION       
   450.0 450.0   0.0                                        HGT1 / HGT2 / DHGT  
    87.5 -87.5  -2.5                                        LAT1 / LAT2 / DLAT  
  -180.0 180.0   5.0                                        LON1 / LON2 / DLON  
    -1                                                      EXPONENT            
                                                            END OF HEADER       
[from data line 2145]
     6                                                      START OF TEC MAP    
  2015     1    26    10     0     0                        EPOCH OF CURRENT MAP
    87.5-180.0 180.0   5.0 450.0                            LAT/LON1/LON2/DLON/H
   62   83   74   72   72   69   72   70   73   71   73   71   71   69   70   67
   67   65   65   63   63   62   61   60   60   59   60   58   58   58   58   57
   57   58   57   57   57   58   58   58   57   58   58   57   57   57   56   56
   55   55   54   54   53   53   53   53   54   53   55   53   56   54   57   56
   59   58   62   63   67   63   68   65   62                                   
    85.0-180.0 180.0   5.0 450.0                            LAT/LON1/LON2/DLON/H
   91  101  106  107  107  105  106  105  105  103  103  100   99   96   95   92
   90   87   86   84   81   81   78   78   75   77   75   77   74   78   76   79
   77   81   79   82   80   83   81   82   81   81   80   79   77   75   74   71
   70   68   67   64   64   62   63   61   63   63   65   65   69   69   74   74
   80   80   87   86   92   91   97   81   91                                   
    82.5-180.0 180.0   5.0 450.0                            LAT/LON1/LON2/DLON/H
   84  106  110  111  109  107  107  106  105  101  100   96   92   89   83   81
   75   75   69   70   65   68   63   66   62   66   63   67   65   69   68   72
   71   75   74   78   77   81   78   81   78   80   75   76   71   71   66   64
   59   58   53   51   47   46   44   43   43   43   44   46   48   52   55   60
   64   69   74   79   83   89   95   79   84                                   
    80.0-180.0 180.0   5.0 450.0                            LAT/LON1/LON2/DLON/H
   81   94   98  101   99  100   98   98   95   92   87   83   77   74   68   64
   58   56   51   50   47   48   46   47   46   49   50   53   53   58   59   63
   65   70   71   76   77   82   81   84   82   84   80   80   75   73   67   65
   58   56   49   47   40   40   34   35   30   33   29   33   31   37   38   46
   49   57   61   66   71   75   83   76   81                                   
    77.5-180.0 180.0   5.0 450.0                            LAT/LON1/LON2/DLON/H
   70   82   88   90   89   89   88   88   85   82   78   73   68   63   58   53
   48   45   42   40   40   39   40   40   42   42   46   46   50   52   57   59
   65   69   75   80   85   89   93   94   96   95   95   92   89   85   81   76
   71   66   61   57   52   48   44   39   35   33   31   30   30   31   34   37
   43   47   54   57   62   66   73   60   70                                   
    75.0-180.0 180.0   5.0 450.0                            LAT/LON1/LON2/DLON/H
   63   69   73   76   75   77   75   76   71   70   63   60   51   48   40   38
   30   32   28   31   29   34   33   37   35   42   40   45   44   50   50   57
   60   70   75   84   88   97   99  106  105  109  106  107  103  101   97   93
   88   83   79   73   69   63   59   52   48   41   38   34   33   32   33   35
   38   43   47   51   54   59   64   54   63                                   
    72.5-180.0 180.0   5.0 450.0                            LAT/LON1/LON2/DLON/H
   53   61   63   64   64   64   65   65   63   61   56   51   44   39   33   30
   26   26   27   28   31   34   37   38   40   41   43   42   43   44   48   51
   57   65   75   84   92  101  108  113  116  119  120  120  119  119  118  115
  111  106  103   96   91   83   77   69   62   54   49   42   39   35   36   36
   39   41   47   47   49   50   58   43   53                                   
    70.0-180.0 180.0   5.0 450.0                            LAT/LON1/LON2/DLON/H
   47   50   51   54   54   56   57   57   56   54   49   44   37   32   26   23
   21   22   25   30   35   40   44   46   47   49   47   45   44   44   45   48
   54   64   74   87   96  110  116  125  127  132  133  135  136  138  139  139
  136  134  130  123  118  107  100   89   82   71   65   55   51   44   44   43
   44   46   48   49   47   50   52   41   47                                   
    67.5-180.0 180.0   5.0 450.0                            LAT/LON1/LON2/DLON/H
   41   48   45   46   47   48   50   52   51   50   47   42   37   31   27   23
   23   25   30   36   43   48   53   54   54   53   50   46   43   40   40   43
   50   59   72   82   96  108  120  127  133  137  142  144  148  151  154  154
  156  152  152  144  139  126  118  104   96   83   75   64   57   50   47   44
   46   46   49   47   47   45   50   32   41                                   
    65.0-180.0 180.0   5.0 450.0                            LAT/LON1/LON2/DLON/H
   38   42   40   41   41   45   47   49   50   48   46   42   38   33   29   26
   27   29   33   41   45   53   56   60   57   58   52   48   42   40   39   41
   49   59   71   86   98  113  121  133  137  144  147  153  156  162  164  169
  166  168  161  158  150  139  127  115  104   93   83   73   64   57   52   49
   49   49   49   51   46   46   47   34   38                                   
    62.5-180.0 180.0   5.0 450.0                            LAT/LON1/LON2/DLON/H
   35   44   39   38   37   41   42   46   46   46   44   43   39   37   33   33
   32   34   37   43   48   52   56   58   55   54   48   44   39   35   36   39
   49   59   73   87  101  114  123  132  138  143  148  154  160  164  171  173
  174  171  170  163  157  143  131  117  106   95   84   74   63   55   49   45
   44   43   45   45   43   42   45   29   35                                   
    60.0-180.0 180.0   5.0 450.0                            LAT/LON1/LON2/DLON/H
   35   38   38   36   35   38   39   42   43   43   44   43   42   39   38   36
   34   34   34   40   41   47   48   52   48   48   43   41   36   37   38   45
   54   66   79   97  109  123  131  140  144  151  154  161  164  170  173  179
  175  176  168  165  153  142  128  118  107   99   86   76   66   56   49   44
   42   42   43   46   41   43   42   30   35                                   
    57.5-180.0 180.0   5.0 450.0                            LAT/LON1/LON2/DLON/H
   35   44   41   39   36   35   34   36   35   38   39   42   41   42   40   39
   36   36   34   36   38   40   41   41   40   38   37   35   36   38   44   51
   64   76   93  110  123  133  142  147  152  156  161  165  170  174  179  179
  179  175  172  162  153  138  129  118  110   99   89   77   66   55   46   40
   37   36   39   40   39   40   42   29   35                                   
    55.0-180.0 180.0   5.0 450.0                            LAT/LON1/LON2/DLON/H
   38   42   43   40   35   35   31   32   30   33   35   40   41   44   41   42
   36   35   31   33   31   36   33   36   32   34   32   36   38   46   52   65
   78   94  111  128  140  150  157  165  167  171  172  178  178  184  182  187
  180  182  173  166  150  140  127  121  111  105   92   83   70   60   50   43
   39   38   39   43   40   43   43   34   38                                   
    52.5-180.0 180.0   5.0 450.0                            LAT/LON1/LON2/DLON/H
   45   54   50   46   40   37   31   31   28   32   33   40   42   46   45   44
   41   36   34   32   33   34   35   33   34   33   36   39   46   54   65   79
   97  114  131  145  158  165  174  177  181  182  185  186  189  190  194  191
  192  187  183  170  159  145  135  126  120  111  101   90   78   67   57   48
   44   42   43   46   44   46   48   36   45                                   
    50.0-180.0 180.0   5.0 450.0                            LAT/LON1/LON2/DLON/H
   54   56   56   53   48   45   38   36   32   34   36   43   45   51   48   50
   42   40   35   36   35   40   37   40   37   40   39   46   52   65   76   96
  113  134  147  163  174  185  190  195  197  199  198  201  199  204  201  205
  201  203  193  184  169  158  144  137  128  124  112  104   89   81   69   62
   55   54   52   56   52   55   54   46   54                                   
    47.5-180.0 180.0   5.0 450.0                            LAT/LON1/LON2/DLON/H
   66   71   66   64   58   55   48   45   40   41   42   48   52   56   55   53
   50   45   45   45   48   50   51   49   50   47   50   53   62   72   88  106
  126  146  161  175  189  197  204  207  210  210  210  209  210  210  212  212
  214  210  206  194  184  168  158  146  139  131  123  112  101   91   81   73
   66   64   63   64   62   64   66   53   66                                   
    45.0-180.0 180.0   5.0 450.0                            LAT/LON1/LON2/DLON/H
   76   75   76   74   70   70   64   61   57   56   57   61   63   66   64   63
   58   57   55   59   62   66   64   64   60   59   58   63   70   82   95  117
  133  155  170  188  201  212  219  224  226  225  223  221  218  221  218  224
  222  223  215  208  194  182  165  155  144  138  128  121  109  101   89   83
   75   75   70   74   70   73   76   67   76                                   
    42.5-180.0 180.0   5.0 450.0                            LAT/LON1/LON2/DLON/H
   84   86   83   84   80   82   79   77   71   70   69   71   73   73   73   70
   68   67   70   74   80   81   82   77   74   67   68   69   77   84   98  114
  133  154  173  192  210  221  231  234  236  234  231  227  224  223  223  224
  226  224  220  211  201  184  170  155  145  134  126  117  107  101   91   85
   77   76   74   75   73   76   81   72   84                                   
    40.0-180.0 180.0   5.0 450.0                            LAT/LON1/LON2/DLON/H
   87   86   89   89   89   94   93   94   89   88   85   87   86   86   84   81
   79   78   82   88   94   96   96   90   83   77   74   78   83   92  103  119
  135  157  176  200  217  233  242  247  247  246  238  235  228  229  227  232
  231  232  227  219  206  190  171  157  143  134  122  116  104   99   87   84
   76   76   71   74   70   76   80   73   87                                   
    37.5-180.0 180.0   5.0 450.0                            LAT/LON1/LON2/DLON/H
   84   87   87   92   91   98   98  101   98   97   94   96   95   94   92   89
   88   88   93   99  104  106  105   97   91   82   80   82   89   96  106  116
  133  154  178  202  226  244  256  258  260  258  253  246  239  235  235  234
  236  234  230  220  209  192  176  158  147  133  124  113  103   94   85   78
   72   70   66   67   64   69   74   67   84                                   
    35.0-180.0 180.0   5.0 450.0                            LAT/LON1/LON2/DLON/H
   78   78   84   87   90   96  101  103  103  102  103  104  104  102  100   96
   96   95  100  104  109  111  109  101   93   86   85   91   98  107  118  125
  140  159  187  211  241  259  274  278  278  279  271  267  255  253  248  251
  248  248  240  232  218  202  185  170  154  145  131  122  107  100   87   80
   71   68   60   61   55   61   65   60   78                                   
    32.5-180.0 180.0   5.0 450.0                            LAT/LON1/LON2/DLON/H
   66   73   72   78   81   90   92   97   96   98   98  103  103  105  102  101
  100  101  103  108  110  111  107   99   92   86   87   95  107  116  128  132
  148  166  194  220  255  273  291  294  302  303  301  294  286  278  277  272
  274  265  259  244  233  217  204  187  176  163  153  139  127  112  100   89
   77   71   64   59   54   56   58   48   66                                   
    30.0-180.0 180.0   5.0 450.0                            LAT/LON1/LON2/DLON/H
   59   64   65   67   72   79   84   86   87   89   93   98  103  104  104  102
  104  103  105  107  109  107  103   95   91   87   92  104  120  131  144  149
  164  182  211  239  272  290  306  315  325  332  331  330  323  319  312  311
  305  302  289  276  261  246  233  218  206  195  182  170  157  143  127  115
  102   94   78   74   63   61   60   51   59                                   
    27.5-180.0 180.0   5.0 450.0                            LAT/LON1/LON2/DLON/H
   60   68   65   67   68   72   73   76   74   78   81   90   95  101  101  103
  103  105  104  107  105  104   98   91   87   85   94  108  130  143  159  164
  182  198  232  257  292  308  328  334  351  361  369  368  369  363  360  352
  350  338  332  314  304  286  273  257  248  235  225  212  200  183  171  155
  142  130  115  102   89   77   70   53   60                                   
    25.0-180.0 180.0   5.0 450.0                            LAT/LON1/LON2/DLON/H
   65   78   73   71   69   71   70   70   69   71   75   82   90   94   98   99
  102  102  104  103  102   99   94   87   87   89  100  117  138  155  170  182
  199  222  251  282  316  331  346  356  375  392  401  404  407  408  406  402
  395  384  374  360  348  336  323  311  299  287  275  260  248  233  221  206
  195  183  168  153  128  109   91   73   65                                   
    22.5-180.0 180.0   5.0 450.0                            LAT/LON1/LON2/DLON/H
   83   95   88   85   80   80   75   71   69   69   71   78   83   89   92   95
   97  100   99  100   98   96   90   86   86   88  103  117  142  158  181  192
  209  231  270  295  328  338  354  370  399  418  432  439  446  448  453  448
  449  432  429  412  407  389  378  364  356  343  331  315  302  284  273  257
  249  235  221  204  180  154  131   95   83                                   
    20.0-180.0 180.0   5.0 450.0                            LAT/LON1/LON2/DLON/H
  106  121  112  105   98   92   86   81   77   74   75   79   82   84   87   88
   92   92   95   93   96   90   90   87   90   92  104  119  139  163  187  208
  228  256  284  313  344  349  369  384  417  437  459  468  480  486  494  491
  492  483  477  466  456  443  428  414  406  394  382  368  354  335  320  304
  294  282  268  246  223  200  175  133  106                                   
    17.5-180.0 180.0   5.0 450.0                            LAT/LON1/LON2/DLON/H
  144  151  143  136  124  118  105   97   93   85   86   84   84   83   83   83
   86   87   87   89   88   87   87   88   93   94  104  117  140  166  193  207
  239  260  299  320  344  352  366  392  425  454  473  490  505  511  521  520
  532  522  522  505  500  483  469  453  443  430  419  401  385  367  351  336
  323  309  303  284  269  240  223  176  144                                   
    15.0-180.0 180.0   5.0 450.0                            LAT/LON1/LON2/DLON/H
  172  179  167  161  151  138  127  116  108  101  101   94   94   85   86   79
   84   80   85   81   85   82   86   89   91   92  101  116  140  171  205  234
  258  284  307  329  346  352  374  391  431  457  485  502  519  532  541  549
  552  550  540  528  516  502  488  474  466  455  444  423  405  383  368  348
  336  324  316  304  293  269  248  213  172                                   
    12.5-180.0 180.0   5.0 450.0                            LAT/LON1/LON2/DLON/H
  197  201  193  186  172  162  146  138  128  117  114  104  100   89   86   79
   81   77   81   79   82   81   87   89   93   92  101  118  144  174  211  238
  270  291  321  330  343  356  370  399  430  462  481  501  514  524  535  542
  551  546  537  519  510  494  483  470  465  456  446  427  410  387  370  351
  337  325  317  306  297  286  268  242  197                                   
    10.0-180.0 180.0   5.0 450.0                            LAT/LON1/LON2/DLON/H
  211  214  208  205  192  178  163  154  145  136  128  115  113   97   99   86
   90   81   86   82   84   83   86   89   88   90  101  119  149  178  218  246
  273  296  322  333  349  356  379  399  428  453  471  492  504  517  525  533
  533  529  516  505  494  484  473  463  459  451  442  423  408  385  365  342
  325  309  301  293  286  282  272  258  211                                   
     7.5-180.0 180.0   5.0 450.0                            LAT/LON1/LON2/DLON/H
  227  224  218  214  203  190  174  164  153  145  138  124  119  103  104   93
   92   85   83   86   88   87   89   88   87   91  105  126  154  184  218  249
