data/unet/pred2470.15i
     1.0            IONOSPHERE MAPS     GNSS                IONEX VERSION / TYPE
pyspatialgeodesy        IME             05-JAN-18 20:20     PGM / RUN BY / DATE 
Map Name                                                    COMMENT             
Predicted global ionosphere maps (GIM).                     DESCRIPTION         
  2015     9     4     0     0     0                        EPOCH OF FIRST MAP  
  2015     9     5     0     0     0                        EPOCH OF LAST MAP   
  7200                                                      INTERVAL            
    13                                                      # OF MAPS IN FILE   
  NONE                                                      MAPPING FUNCTION    
10.0                                                        ELEVATION CUTOFF    
One-way carrier phase leveled to code                       OBSERVABLES USED    
  6371.0                                                    BASE RADIUS         
 2                                                          MAP DIMENSION       
   450.0 450.0   0.0                                        HGT1 / HGT2 / DHGT  
    87.5 -87.5  -2.5                                        LAT1 / LAT2 / DLAT  
  -180.0 180.0   5.0                                        LON1 / LON2 / DLON  
    -1                                                      EXPONENT            
                                                            END OF HEADER       
[from data line 5148]
    13                                                      START OF TEC MAP    
  2015     9     5     0     0     0                        EPOCH OF CURRENT MAP
    87.5-180.0 180.0   5.0 450.0                            LAT/LON1/LON2/DLON/H
  145  111  107  102  102   98  100   98  101   97   99   96   98   95   97   93
   95   92   93   89   92   88   90   85   88   83   85   80   83   78   81   75
   79   74   77   72   76   72   76   71   76   72   77   74   80   76   82   79
   84   82   87   84   90   87   92   90   95   92   96   94   98   96   99   96
  100   98  101   99  103  100  106  130  145                                   
    85.0-180.0 180.0   5.0 450.0                            LAT/LON1/LON2/DLON/H
  117  107  110  107  106  100  104  101  105  100  102   97  100   96   96   92
   94   90   89   85   86   81   81   76   76   71   70   65   65   60   59   54
   55   50   51   48   50   47   49   47   51   50   54   54   59   59   64   64
   70   71   76   76   82   82   87   86   92   90   95   93   97   95   99   96
  100   98  102   99  103   95   91  102  117                                   
    82.5-180.0 180.0   5.0 450.0                            LAT/LON1/LON2/DLON/H
  116  110  114  115  112  108  111  110  113  109  110  107  109  105  105  101
  102   98   97   93   92   87   85   80   78   73   70   66   64   58   56   52
   51   46   47   44   45   42   45   44   48   47   52   54   59   60   66   67
   73   74   80   81   87   87   92   92   97   96  100   99  103  102  104  103
  106  104  107  105  108  100   96  103  116                                   
    80.0-180.0 180.0   5.0 450.0                            LAT/LON1/LON2/DLON/H
  117  115  119  121  119  120  121  123  123  123  122  122  121  120  117  116
  114  112  109  106  103  100   95   92   87   83   78   74   70   66   61   58
   55   52   50   49   48   47   48   50   52   54   58   61   66   69   73   76
   81   83   88   90   95   96  100  101  104  105  108  109  110  111  111  112
  112  112  114  114  115  111  104  108  117                                   
    77.5-180.0 180.0   5.0 450.0                            LAT/LON1/LON2/DLON/H
  122  118  121  124  122  124  126  128  128  129  129  130  129  127  125  124
  121  118  115  112  108  103   99   95   91   86   81   77   72   67   63   59
   56   52   51   48   48   47   49   50   53   55   60   63   67   70   75   78
   81   84   88   91   94   96  100  102  105  106  109  110  111  112  112  112
  113  113  114  115  116  112  108  108  122                                   
    75.0-180.0 180.0   5.0 450.0                            LAT/LON1/LON2/DLON/H
  120  117  120  123  122  124  127  129  131  133  134  134  134  132  130  127
  123  120  116  113  108  105  100   97   91   88   82   79   74   70   65   62
   57   54   51   50   48   49   50   52   53   56   60   64   67   71   74   77
   80   83   86   89   92   95   98  101  103  106  107  110  110  112  112  113
  112  113  114  115  117  114  107  108  120                                   
    72.5-180.0 180.0   5.0 450.0                            LAT/LON1/LON2/DLON/H
  121  115  119  121  120  123  127  131  133  136  137  139  137  135  131  128
  123  119  114  110  106  102   98   94   89   85   81   78   74   70   67   63
   59   56   54   52   51   50   51   52   54   57   61   64   67   70   73   75
   77   78   81   83   86   88   92   95   98  100  104  106  107  108  109  109
  110  110  112  112  116  113  108  109  121                                   
    70.0-180.0 180.0   5.0 450.0                            LAT/LON1/LON2/DLON/H
  117  111  116  120  119  122  127  131  135  138  141  142  141  138  134  129
  122  117  111  107  101   97   92   88   82   79   75   73   69   67   65   62
   59   56   54   52   50   49   50   50   52   54   57   60   63   65   67   68
   69   70   72   74   77   80   84   87   91   94   98  101  103  104  105  106
  106  106  109  110  114  114  109  111  117                                   
    67.5-180.0 180.0   5.0 450.0                            LAT/LON1/LON2/DLON/H
  119  112  116  119  118  122  126  132  136  141  144  147  145  143  137  132
  123  117  110  104   98   93   87   82   76   72   69   66   64   62   62   59
   57   54   53   50   49   47   47   47   48   50   53   55   58   59   61   61
   62   62   63   64   68   70   76   79   85   88   94   97  100  102  104  104
  105  105  108  109  114  113  111  114  119                                   
    65.0-180.0 180.0   5.0 450.0                            LAT/LON1/LON2/DLON/H
  118  114  118  120  118  121  125  130  135  141  146  149  149  147  141  134
  125  118  110  103   97   90   83   76   69   65   61   59   57   56   55   54
   53   51   49   46   44   42   41   41   42   44   46   48   51   52   53   52
   53   52   54   55   59   62   68   73   80   86   91   96   99  102  104  104
  105  106  109  110  115  116  114  118  118                                   
    62.5-180.0 180.0   5.0 450.0                            LAT/LON1/LON2/DLON/H
  124  119  120  123  120  122  125  131  135  142  147  151  152  151  145  139
  129  122  113  107   99   92   84   75   67   61   56   53   52   51   51   50
   49   47   45   42   40   37   36   36   37   38   41   43   46   46   47   46
   47   46   48   49   54   58   65   72   80   86   94   98  103  105  107  108
  109  110  113  114  119  120  119  122  124                                   
    60.0-180.0 180.0   5.0 450.0                            LAT/LON1/LON2/DLON/H
  125  124  125  127  124  124  125  129  133  139  145  150  151  152  147  141
  133  126  118  111  103   96   87   77   68   60   54   50   49   48   47   47
   45   43   41   38   36   33   32   32   33   36   38   40   42   43   44   44
   45   44   47   48   54   58   67   74   84   90   98  102  108  109  112  112
  114  115  117  119  123  125  125  127  125                                   
    57.5-180.0 180.0   5.0 450.0                            LAT/LON1/LON2/DLON/H
  134  131  132  134  129  128  127  130  132  137  141  147  150  151  148  144
  137  132  124  119  112  104   95   86   76   68   61   56   53   52   51   49
   47   45   42   39   36   34   34   34   35   38   40   41   44   44   46   47
   48   50   52   55   60   67   75   83   92   99  106  111  115  117  119  120
  121  122  125  126  131  132  133  132  134                                   
    55.0-180.0 180.0   5.0 450.0                            LAT/LON1/LON2/DLON/H
  136  139  141  142  137  133  131  130  131  133  137  141  144  147  146  144
  139  136  131  127  121  114  105   96   86   77   71   65   61   58   57   54
   51   48   46   42   41   39   39   39   42   44   46   47   50   50   53   53
   57   58   62   63   71   75   85   91  101  106  115  117  122  122  126  125
  128  127  131  132  137  140  141  139  136                                   
    52.5-180.0 180.0   5.0 450.0                            LAT/LON1/LON2/DLON/H
  145  146  149  152  145  142  137  136  132  135  134  139  141  145  143  144
  141  140  136  135  130  126  117  109  100   92   85   79   75   71   67   64
   60   57   55   53   51   50   51   51   53   55   57   57   59   60   62   64
   67   70   74   76   83   88   95  101  110  116  122  124  127  129  131  131
  133  134  137  138  144  146  148  144  145                                   
    50.0-180.0 180.0   5.0 450.0                            LAT/LON1/LON2/DLON/H
  149  154  157  158  154  150  146  142  137  135  134  135  136  139  139  140
  139  140  139  140  138  134  127  120  112  105   98   92   87   82   78   73
   70   67   67   65   66   65   67   67   69   69   71   70   72   72   75   77
   81   83   88   89   97  100  108  112  122  126  132  133  137  137  139  138
  141  140  143  144  150  152  154  150  149                                   
    47.5-180.0 180.0   5.0 450.0                            LAT/LON1/LON2/DLON/H
  156  158  163  166  162  161  156  153  145  143  137  138  136  140  138  141
  140  143  143  146  145  143  137  132  124  118  112  106  101   95   90   85
   82   80   81   82   83   84   84   84   86   86   86   85   85   85   87   88
   93   95   98  100  106  110  116  122  132  136  141  143  145  146  146  147
  147  148  149  151  155  157  159  155  156                                   
    45.0-180.0 180.0   5.0 450.0                            LAT/LON1/LON2/DLON/H
  157  162  166  168  167  167  166  162  155  149  143  140  139  139  139  140
  140  143  146  150  150  150  145  140  133  127  121  115  110  104   98   93
   92   92   95   96   99   99  100   99  101  100  100   98   98   97   98   98
  102  103  107  107  114  117  126  131  142  147  153  153  156  155  157  154
  155  153  155  155  159  160  162  160  157                                   
    42.5-180.0 180.0   5.0 450.0                            LAT/LON1/LON2/DLON/H
  159  160  164  169  168  172  172  172  165  161  153  151  146  148  144  146
  145  149  152  157  157  156  151  147  139  134  127  121  115  109  103   99
   99  100  103  106  108  110  110  109  110  110  110  109  109  106  106  105
  107  108  109  110  116  122  130  139  150  156  162  164  166  166  166  163
  161  159  159  159  161  162  164  163  159                                   
    40.0-180.0 180.0   5.0 450.0                            LAT/LON1/LON2/DLON/H
  159  162  163  166  169  173  176  177  173  168  162  158  156  155  152  152
  152  155  159  164  166  164  158  151  143  138  130  124  117  111  106  104
  105  107  110  112  116  116  117  116  118  119  120  120  120  117  116  113
  114  112  114  114  123  129  140  148  160  166  173  175  178  177  177  172
  170  165  164  163  165  165  166  167  159                                   
    37.5-180.0 180.0   5.0 450.0                            LAT/LON1/LON2/DLON/H
  163  162  163  166  167  173  177  181  179  178  172  171  167  168  163  164
  162  167  170  176  175  172  164  156  147  140  132  124  117  111  106  105
  107  108  111  113  116  117  117  118  121  124  127  128  128  126  123  120
  118  116  115  117  123  132  142  154  166  173  180  183  186  186  185  180
  176  170  170  168  171  170  172  172  163                                   
    35.0-180.0 180.0   5.0 450.0                            LAT/LON1/LON2/DLON/H
  169  169  168  166  167  170  177  180  181  180  178  177  175  175  173  173
  173  176  181  185  184  178  169  158  148  140  132  125  117  111  107  106
  108  109  112  113  116  116  118  118  124  129  134  135  136  133  129  123
  121  116  115  115  124  131  144  153  168  174  183  185  191  191  192  186
  183  175  176  175  178  179  182  183  169                                   
    32.5-180.0 180.0   5.0 450.0                            LAT/LON1/LON2/DLON/H
  181  179  176  175  172  175  178  183  183  187  185  188  185  188  184  186
  184  189  191  194  189  182  171  160  148  140  132  124  116  110  106  106
  107  107  109  110  111  112  114  117  124  130  137  139  139  135  131  124
  119  112  110  110  117  125  137  149  162  171  181  188  194  197  197  193
  188  182  183  182  186  190  195  200  181                                   
    30.0-180.0 180.0   5.0 450.0                            LAT/LON1/LON2/DLON/H
  199  199  196  191  187  187  189  193  194  197  195  197  197  197  195  195
  196  198  198  198  192  183  171  158  147  140  132  124  117  112  108  107
  108  108  109  109  110  111  114  118  126  134  141  143  143  137  132  123
  117  109  105  103  109  116  129  139  153  162  174  183  193  199  203  200
  199  192  197  197  202  208  217  227  199                                   
    27.5-180.0 180.0   5.0 450.0                            LAT/LON1/LON2/DLON/H
  218  217  220  218  211  212  211  213  212  214  211  213  211  213  209  209
  207  206  203  199  191  181  167  156  146  140  132  125  118  113  110  110
  110  109  109  109  109  111  113  117  125  133  140  141  140  133  128  119
  112  103   98   94   99  106  119  129  141  151  164  175  190  201  208  211
  211  210  215  217  223  230  240  256  218                                   
    25.0-180.0 180.0   5.0 450.0                            LAT/LON1/LON2/DLON/H
  240  242  248  244  241  237  238  238  237  236  233  231  229  227  225  222
  219  213  206  198  188  177  164  153  144  139  133  126  121  116  114  114
  114  112  112  111  111  112  115  118  125  131  137  136  133  126  120  111
  104   95   90   86   91   98  111  122  134  145  156  170  187  202  214  221
  228  229  240  243  251  259  272  293  240                                   
    22.5-180.0 180.0   5.0 450.0                            LAT/LON1/LON2/DLON/H
  260  262  278  275  272  265  266  263  263  262  260  258  255  251  246  241
  236  225  211  199  185  175  161  153  143  139  133  128  122  119  118  118
  117  116  115  115  115  116  118  119  123  126  130  126  122  114  109  100
   93   83   78   73   80   87  104  117  132  143  157  171  192  209  226  239
  248  257  268  275  282  290  303  328  260                                   
    20.0-180.0 180.0   5.0 450.0                            LAT/LON1/LON2/DLON/H
  282  287  304  300  299  291  293  290  293  293  293  291  288  284  277  269
  260  244  224  207  190  177  165  155  147  141  136  130  126  124  124  124
  124  122  122  122  122  123  124  123  123  122  122  117  112  104   98   88
   82   73   69   65   71   79   96  114  131  146  160  178  201  222  243  258
  273  284  299  309  316  324  340  365  282                                   
    17.5-180.0 180.0   5.0 450.0                            LAT/LON1/LON2/DLON/H
  306  315  331  327  324  318  320  316  321  322  329  329  330  324  317  306
  292  270  246  222  201  187  173  164  152  146  138  134  129  129  130  132
  131  130  130  131  131  132  131  128  125  120  117  110  104   96   89   79
   72   63   59   54   59   67   88  109  134  151  169  189  215  237  262  282
  301  319  334  347  352  360  371  395  306                                   
    15.0-180.0 180.0   5.0 450.0                            LAT/LON1/LON2/DLON/H
  334  341  357  348  347  343  347  343  349  352  363  369  373  371  364  349
  331  303  275  248  225  206  191  176  163  152  144  138  137  137  140  142
  143  141  141  141  142  142  140  134  128  121  116  108  101   92   83   74
   67   61   57   53   56   66   87  112  139  160  179  203  231  256  281  306
  328  348  365  377  383  388  406  419  334                                   
    12.5-180.0 180.0   5.0 450.0                            LAT/LON1/LON2/DLON/H
  366  370  383  376  373  371  372  374  378  386  399  412  420  421  414  402
  380  347  312  281  257  235  213  194  175  162  150  146  144  148  151  155
  156  156  155  154  153  152  148  140  132  124  117  108  101   91   81   72
   66   60   55   51   53   63   87  114  145  169  193  217  248  273  302  329
  352  374  392  407  411  415  423  440  366                                   
    10.0-180.0 180.0   5.0 450.0                            LAT/LON1/LON2/DLON/H
  401  403  405  397  398  400  402  407  415  425  441  455  468  469  463  449
  424  389  349  315  290  267  240  212  190  172  161  157  159  163  169  172
  173  172  169  166  164  161  157  148  139  129  121  113  104   94   83   74
   68   63   57   54   55   65   90  116  148  174  200  230  261  291  321  348
  371  392  410  424  431  435  447  457  401                                   
     7.5-180.0 180.0   5.0 450.0                            LAT/LON1/LON2/DLON/H
  437  435  429  426  425  428  431  437  445  457  470  484  497  499  494  480
  457  422  383  347  320  293  264  231  202  185  174  173  176  182  187  189
