data/unet/pred0670.15i
     1.0            IONOSPHERE MAPS     GNSS                IONEX VERSION / TYPE
pyspatialgeodesy        IME             05-JAN-18 20:20     PGM / RUN BY / DATE 
Map Name                                                    COMMENT             
Predicted global ionosphere maps (GIM).                     DESCRIPTION         
  2015     3     8     0     0     0                        EPOCH OF FIRST MAP  
  2015     3     9     0     0     0                        EPOCH OF LAST MAP   
  7200                                                      INTERVAL            
    13                                                      # OF MAPS IN FILE   
  NONE                                                      MAPPING FUNCTION    
10.0                                                        ELEVATION CUTOFF    
One-way carrier phase leveled to code                       OBSERVABLES USED    
  6371.0                                                    BASE RADIUS         
 2                                                          MAP DIMENSION       
   450.0 450.0   0.0                                        HGT1 / HGT2 / DHGT  
    87.5 -87.5  -2.5                                        LAT1 / LAT2 / DLAT  
  -180.0 180.0   5.0                                        LON1 / LON2 / DLON  
    -1                                                      EXPONENT            
                                                            END OF HEADER       
[from data line 3861]
    10                                                      START OF TEC MAP    
  2015     3     8    18     0     0                        EPOCH OF CURRENT MAP
    87.5-180.0 180.0   5.0 450.0                            LAT/LON1/LON2/DLON/H
  207  181  179  182  180  181  182  182  182  183  182  185  182  186  183  187
  186  190  190  193  193  194  196  195  197  193  196  191  194  188  191  186
  189  182  185  176  179  170  174  165  169  161  166  158  162  155  160  153
  159  153  159  154  159  156  161  158  163  161  164  164  167  167  169  169
  171  171  173  174  177  176  184  178  207                                   
    85.0-180.0 180.0   5.0 450.0                            LAT/LON1/LON2/DLON/H
  170  169  171  175  174  176  175  176  177  176  179  176  181  178  184  182
  189  188  195  192  199  196  200  197  200  196  197  194  194  191  188  186
  182  181  175  173  167  165  159  158  153  152  148  147  145  143  143  142
  143  142  145  145  148  148  150  152  154  155  156  158  160  162  162  164
  164  167  167  168  170  166  173  168  170                                   
    82.5-180.0 180.0   5.0 450.0                            LAT/LON1/LON2/DLON/H
  156  154  156  157  158  158  159  159  162  162  165  165  170  172  177  180
  187  190  195  197  201  202  203  203  202  202  199  200  195  196  189  189
  182  181  174  172  164  162  155  152  145  141  137  133  131  128  129  127
  130  130  133  134  138  138  142  142  147  146  150  150  154  153  155  154
  157  156  158  158  159  152  154  142  156                                   
    80.0-180.0 180.0   5.0 450.0                            LAT/LON1/LON2/DLON/H
  136  139  138  140  140  140  140  142  143  144  148  150  158  160  171  173
  184  186  195  197  202  203  205  205  205  205  203  202  197  196  190  189
  182  179  172  167  161  156  149  143  135  129  123  118  114  111  109  110
  111  114  116  120  123  128  130  134  136  140  141  144  145  147  148  148
  149  149  149  148  147  141  140  130  136                                   
    77.5-180.0 180.0   5.0 450.0                            LAT/LON1/LON2/DLON/H
  113  122  120  118  118  119  119  122  123  128  133  139  147  154  165  172
  182  187  195  197  201  202  204  203  204  202  201  197  195  192  188  186
  179  178  169  167  158  153  145  139  130  123  116  111  105  103  101  102
  103  106  110  113  119  121  128  128  135  134  140  138  143  142  144  142
  144  142  143  139  136  129  128  120  113                                   
    75.0-180.0 180.0   5.0 450.0                            LAT/LON1/LON2/DLON/H
  106  110  110  109  109  108  109  111  116  122  129  139  146  159  166  179
  185  195  198  204  203  206  201  202  200  201  198  198  193  193  187  188
  180  179  169  169  158  156  144  140  128  124  114  111  104  104  100  103
  103  109  111  117  120  124  128  130  133  136  137  138  139  141  141  141
  140  140  139  137  133  125  126  121  106                                   
    72.5-180.0 180.0   5.0 450.0                            LAT/LON1/LON2/DLON/H
  108  110  111  106  106  107  107  113  117  127  135  145  156  167  179  189
  200  205  213  214  217  213  211  205  203  198  197  192  191  186  184  182
  179  177  172  169  161  157  148  142  133  125  119  113  109  107  107  108
  111  115  119  123  127  128  132  132  135  134  136  133  137  134  136  132
  134  132  134  130  129  123  126  123  108                                   
    70.0-180.0 180.0   5.0 450.0                            LAT/LON1/LON2/DLON/H
  111  114  115  113  111  112  113  119  125  136  145  158  166  182  192  209
  217  227  231  235  232  229  219  213  201  198  188  187  181  183  177  178
  176  175  171  170  163  158  150  144  135  129  122  118  114  113  112  114
  116  120  121  126  125  129  127  130  127  130  126  127  126  126  125  124
  124  124  125  125  123  120  125  125  111                                   
    67.5-180.0 180.0   5.0 450.0                            LAT/LON1/LON2/DLON/H
  114  116  119  117  117  118  122  129  137  149  160  172  183  197  211  226
  237  249  253  261  257  255  242  233  217  206  196  187  183  176  176  170
  171  167  165  164  159  154  148  141  134  127  122  117  114  112  113  113
  116  117  119  120  120  120  119  119  118  116  115  113  113  111  112  108
  110  107  111  111  112  110  119  123  114                                   
    65.0-180.0 180.0   5.0 450.0                            LAT/LON1/LON2/DLON/H
  110  115  120  121  122  126  129  140  148  164  173  186  199  215  229  247
  259  272  279  283  280  276  266  252  236  221  207  198  190  184  177  173
  171  168  165  163  158  154  146  140  134  128  123  119  115  113  112  111
  112  111  111  110  107  106  103  103  101  101   98   98   96   95   93   91
   90   89   92   94   96   97  108  114  110                                   
    62.5-180.0 180.0   5.0 450.0                            LAT/LON1/LON2/DLON/H
  100  103  113  116  122  126  135  146  158  173  184  198  210  227  241  262
  278  295  306  312  310  306  297  285  269  254  239  225  214  203  196  186
  184  175  172  164  159  151  145  138  131  125  121  117  113  109  106  102
  103  100  100   96   93   90   86   86   84   84   82   82   81   80   78   74
   73   70   73   74   78   78   88   98  100                                   
    60.0-180.0 180.0   5.0 450.0                            LAT/LON1/LON2/DLON/H
   87   92  100  107  116  125  135  148  159  177  187  203  215  233  250  270
  291  304  321  323  330  321  318  304  295  280  267  254  243  232  222  213
  204  195  185  177  166  157  147  139  133  126  122  118  113  107  101   95
   93   88   88   84   80   77   73   73   72   72   71   72   71   70   68   63
   60   57   57   58   59   62   70   79   87                                   
    57.5-180.0 180.0   5.0 450.0                            LAT/LON1/LON2/DLON/H
   74   75   86   96  108  119  134  146  161  176  190  203  218  233  251  274
  294  318  335  347  350  346  338  331  322  314  304  297  286  278  267  255
  242  225  210  194  181  167  154  145  136  131  126  122  116  107  100   90
   86   80   79   76   73   71   68   68   68   68   68   69   69   68   64   59
   56   52   52   50   52   51   54   59   74                                   
    55.0-180.0 180.0   5.0 450.0                            LAT/LON1/LON2/DLON/H
   68   72   79   92  106  120  136  148  164  177  191  204  217  234  251  276
  301  323  346  352  365  354  352  337  335  326  324  318  315  310  303  292
  278  257  237  215  199  181  168  155  149  141  138  130  126  114  106   92
   88   79   80   76   76   75   75   75   75   75   75   76   75   74   70   64
   60   57   54   54   51   51   53   52   68                                   
    52.5-180.0 180.0   5.0 450.0                            LAT/LON1/LON2/DLON/H
   72   72   83   98  115  131  148  159  173  184  197  206  221  233  253  278
  305  333  355  371  373  371  360  355  347  349  343  347  342  342  333  325
  310  288  262  238  217  199  182  170  160  155  149  144  137  126  116  103
   96   90   90   89   90   92   92   94   93   93   90   91   87   87   81   76
   73   69   67   64   63   59   57   54   72                                   
    50.0-180.0 180.0   5.0 450.0                            LAT/LON1/LON2/DLON/H
   85   88   99  118  136  151  165  176  187  196  207  218  229  243  261  288
  316  344  368  378  386  376  372  361  361  357  362  358  363  356  352  341
  330  305  283  254  235  214  200  186  177  168  166  157  154  141  134  119
  116  108  111  109  113  115  117  117  117  114  112  109  106  103   99   94
   89   88   85   86   82   80   78   74   85                                   
    47.5-180.0 180.0   5.0 450.0                            LAT/LON1/LON2/DLON/H
  106  108  122  142  162  179  192  198  208  214  225  232  243  255  276  300
  331  361  382  394  394  387  377  374  371  377  377  382  377  373  360  352
  333  314  286  263  241  225  209  196  184  178  173  169  163  155  148  139
  134  131  132  134  135  137  137  138  135  133  127  126  119  118  113  110
  106  104  106  107  106  103  102  100  106                                   
    45.0-180.0 180.0   5.0 450.0                            LAT/LON1/LON2/DLON/H
  127  134  152  176  194  210  216  223  231  240  248  257  267  281  298  323
  352  380  404  412  415  403  399  389  392  391  398  394  394  377  368  349
  332  307  284  261  245  228  215  200  188  179  177  172  171  164  161  154
  153  149  151  150  152  151  151  150  149  144  139  135  132  130  127  125
  122  124  126  131  130  130  131  122  127                                   
    42.5-180.0 180.0   5.0 450.0                            LAT/LON1/LON2/DLON/H
  141  156  177  201  221  235  241  246  254  266  277  288  296  307  325  347
  375  401  420  428  429  423  418  414  413  413  414  409  401  382  365  345
  323  301  277  262  244  232  215  203  188  179  175  170  170  166  166  165
  164  162  161  159  157  156  155  155  151  147  139  137  132  134  131  130
  130  131  136  141  145  145  150  141  141                                   
    40.0-180.0 180.0   5.0 450.0                            LAT/LON1/LON2/DLON/H
  149  169  192  221  242  257  261  269  280  299  311  325  329  341  353  375
  399  419  438  442  451  444  446  438  438  430  428  414  402  377  364  338
  323  299  287  268  258  240  226  209  195  183  179  173  172  172  173  174
  173  168  163  156  153  151  150  149  146  139  135  131  131  131  132  134
  133  137  138  145  145  148  156  143  149                                   
    37.5-180.0 180.0   5.0 450.0                            LAT/LON1/LON2/DLON/H
  139  165  192  223  250  265  276  285  299  323  341  356  362  372  381  398
  417  436  450  457  463  465  465  462  457  445  438  419  405  381  370  351
  340  323  312  302  288  270  250  232  213  199  187  179  174  173  176  178
  178  172  165  153  146  142  141  139  135  131  127  125  124  127  128  130
  129  129  128  131  133  138  151  139  139                                   
    35.0-180.0 180.0   5.0 450.0                            LAT/LON1/LON2/DLON/H
  129  152  183  220  248  270  281  299  321  351  371  388  395  403  410  422
  438  449  465  471  482  483  487  479  473  460  449  431  418  400  396  386
  392  377  377  357  345  318  295  267  249  232  217  204  194  191  190  192
  189  182  170  157  146  140  138  136  134  128  126  121  126  123  129  124
  126  121  119  118  119  119  130  123  129                                   
    32.5-180.0 180.0   5.0 450.0                            LAT/LON1/LON2/DLON/H
  110  131  163  204  240  265  287  304  337  368  397  415  426  433  439  445
  457  467  478  488  496  504  500  497  486  476  469  459  455  453  460  468
  480  476  471  450  426  392  362  336  309  287  264  248  230  220  210  211
  201  197  178  169  151  150  143  145  140  138  137  135  139  139  141  132
  128  118  112  105  101  104  104  107  110                                   
    30.0-180.0 180.0   5.0 450.0                            LAT/LON1/LON2/DLON/H
  106  119  154  200  236  271  291  321  352  391  419  444  456  463  465  468
  475  480  491  499  509  513  512  506  500  495  494  496  508  527  562  591
  630  633  628  579  531  472  419  383  352  343  326  309  278  266  243  243
  222  221  199  194  176  179  171  172  164  158  155  152  155  156  154  147
  141  131  119  110   99  102   95   96  106                                   
    27.5-180.0 180.0   5.0 450.0                            LAT/LON1/LON2/DLON/H
  109  126  153  197  238  271  298  325  365  402  437  461  478  484  487  489
  493  498  504  514  521  525  519  516  512  517  529  548  583  625  694  757
  793  790  776  719  645  552  480  441  414  406  384  374  339  325  294  288
  266  263  243  241  230  228  225  221  217  209  204  200  200  198  202  195
  178  156  133  111  103   99   97   97  109                                   
    25.0-180.0 180.0   5.0 450.0                            LAT/LON1/LON2/DLON/H
  129  134  167  205  250  285  311  344  380  420  451  478  494  504  509  509
  511  512  519  524  531  532  528  527  533  546  577  614  672  748  802  838
  861  857  835  783  715  613  526  478  458  459  436  419  379  365  334  327
  305  294  280  274  280  280  271  260  250  242  230  227  219  221  219  215
  207  191  174  144  122  109  105  110  129                                   
    22.5-180.0 180.0   5.0 450.0                            LAT/LON1/LON2/DLON/H
  153  150  185  228  261  295  325  353  392  432  467  490  515  525  533  534
  536  536  537  541  544  543  542  540  559  581  633  691  759  813  864  906
  928  923  891  828  750  654  557  514  490  498  478  466  424  411  386  383
  370  364  358  358  364  362  347  330  310  292  273  259  245  233  229  226
  216  207  190  175  159  149  133  128  153                                   
    20.0-180.0 180.0   5.0 450.0                            LAT/LON1/LON2/DLON/H
  179  163  196  237  274  312  335  368  401  448  478  513  535  555  563  565
  564  558  558  559  558  554  556  559  588  629  700  759  816  865  914  956
  971  957  916  849  763  672  577  537  510  518  495  484  443  435  417  421
  418  412  417  422  433  429  411  392  364  339  309  285  260  247  236  232
  223  218  201  189  177  165  163  156  179                                   
    17.5-180.0 180.0   5.0 450.0                            LAT/LON1/LON2/DLON/H
  199  190  215  246  279  320  340  376  405  457  485  529  552  583  599  605
  603  596  592  587  585  578  581  591  630  684  745  799  853  900  945  968
  973  947  898  827  745  662  569  530  501  497  480  473  441  441  437  445
  449  451  457  459  475  465  452  425  405  369  343  308  284  257  250  234
  236  225  216  199  187  179  177  177  199                                   
    15.0-180.0 180.0   5.0 450.0                            LAT/LON1/LON2/DLON/H
  196  195  221  249  281  320  344  378  408  461  496  542  572  608  626  641
  637  638  630  625  612  606  610  626  676  730  788  835  878  909  937  946
  939  906  845  790  706  636  552  511  472  465  450  446  424  431  433  446
  463  468  479  482  498  486  468  443  417  388  352  323  289  263  246  238
  229  227  217  206  191  181  183  188  196                                   
    12.5-180.0 180.0   5.0 450.0                            LAT/LON1/LON2/DLON/H
  186  187  211  244  281  322  347  388  412  474  509  559  587  629  649  670
  676  678  674  662  655  646  653  674  725  778  826  856  886  895  906  895
  870  834  784  732  664  601  530  482  443  432  411  410  394  413  425  446
  471  483  489  494  496  484  469  444  420  385  353  315  285  260  249  239
  232  224  216  200  187  178  179  172  186                                   
    10.0-180.0 180.0   5.0 450.0                            LAT/LON1/LON2/DLON/H
  167  174  205  242  285  326  357  396  431  487  530  574  610  647  677  710
  721  730  730  730  715  708  710  735  781  820  853  871  875  869  859  840
  807  773  725  691  638  591  526  470  427  401  382  376  374  390  413  444
  477  491  502  498  486  481  459  437  410  376  338  301  260  244  227  231
  224  219  205  192  175  164  164  156  167                                   
     7.5-180.0 180.0   5.0 450.0                            LAT/LON1/LON2/DLON/H
  153  168  198  239  287  334  373  412  459  522  560  606  637  673  706  739
  754  765  766  763  759  755  769  792  827  851  873  871  863  839  812  787
