data/unet/pred0330.15i
     1.0            IONOSPHERE MAPS     GNSS                IONEX VERSION / TYPE
pyspatialgeodesy        IME             05-JAN-18 20:20     PGM / RUN BY / DATE 
Map Name                                                    COMMENT             
Predicted global ionosphere maps (GIM).                     DESCRIPTION         
  2015     2     2     0     0     0                        EPOCH OF FIRST MAP  
  2015     2     3     0     0     0                        EPOCH OF LAST MAP   
  7200                                                      INTERVAL            
    13                                                      # OF MAPS IN FILE   
  NONE                                                      MAPPING FUNCTION    
10.0                                                        ELEVATION CUTOFF    
One-way carrier phase leveled to code                       OBSERVABLES USED    
  6371.0                                                    BASE RADIUS         
 2                                                          MAP DIMENSION       
   450.0 450.0   0.0                                        HGT1 / HGT2 / DHGT  
    87.5 -87.5  -2.5                                        LAT1 / LAT2 / DLAT  
  -180.0 180.0   5.0                                        LON1 / LON2 / DLON  
    -1                                                      EXPONENT            
                                                            END OF HEADER       
[from data line 2574]
     7                                                      START OF TEC MAP    
  2015     2     2    12     0     0                        EPOCH OF CURRENT MAP
    87.5-180.0 180.0   5.0 450.0                            LAT/LON1/LON2/DLON/H
   86   86   82   85   81   83   82   84   84   86   87   88   88   87   88   86
   86   84   84   83   81   82   79   81   78   81   79   82   80   82   82   82
   82   82   81   81   80   79   78   77   77   74   75   73   74   73   73   73
   75   75   76   75   77   76   77   77   78   77   78   77   79   77   78   77
   79   78   80   80   83   82   90   83   86                                   
    85.0-180.0 180.0   5.0 450.0                            LAT/LON1/LON2/DLON/H
   85   80   78   75   78   79   84   84   89   89   93   92   95   94   97   96
   98   96   97   96   96   94   94   93   93   92   92   91   92   91   90   90
   89   89   87   87   84   84   81   80   78   76   74   70   70   67   66   64
   64   65   64   66   66   69   68   71   71   73   73   75   75   77   76   77
   78   78   78   78   80   77   85   90   85                                   
    82.5-180.0 180.0   5.0 450.0                            LAT/LON1/LON2/DLON/H
   83   74   70   73   71   74   75   78   79   81   83   82   84   84   84   84
   84   83   83   82   82   81   80   82   80   83   81   87   83   89   87   90
   90   91   92   90   89   87   84   82   77   77   71   73   66   69   62   67
   61   67   62   66   64   67   66   69   69   73   72   76   74   78   76   79
   76   79   75   76   73   70   69   73   83                                   
    80.0-180.0 180.0   5.0 450.0                            LAT/LON1/LON2/DLON/H
   75   64   63   64   65   65   69   69   73   72   77   74   76   76   76   75
   75   73   72   71   70   70   69   70   70   72   76   80   85   88   95   97
  102  102  106  102  105   98  100   90   91   81   83   73   76   69   73   67
   71   67   69   67   70   69   72   73   75   77   78   80   81   81   82   81
   80   78   76   73   72   64   63   71   75                                   
    77.5-180.0 180.0   5.0 450.0                            LAT/LON1/LON2/DLON/H
   72   62   54   59   60   63   63   65   66   68   71   71   74   72   74   71
   72   68   69   65   67   64   66   66   67   70   73   81   84   95  100  111
  115  121  125  124  124  120  118  109  109   98  100   91   92   85   86   82
   83   81   80   80   79   82   81   84   85   88   88   91   90   92   91   91
   87   85   80   77   71   67   61   68   72                                   
    75.0-180.0 180.0   5.0 450.0                            LAT/LON1/LON2/DLON/H
   71   60   56   58   61   61   65   65   69   68   74   71   76   71   75   71
   69   66   63   62   59   61   61   64   66   70   76   81   93  104  116  124
  135  140  147  150  151  146  146  135  136  124  126  116  117  111  112  109
  105  103  100   99   97   96   96   96   97   97   98   99   99  100   99   97
   95   90   85   80   73   67   64   69   71                                   
    72.5-180.0 180.0   5.0 450.0                            LAT/LON1/LON2/DLON/H
   76   68   57   60   60   63   65   67   69   73   76   78   79   78   78   73
   73   66   67   63   65   65   68   70   74   78   85   95  106  119  132  144
  155  163  171  175  178  176  173  168  163  158  156  148  149  143  146  141
  140  133  129  121  118  109  107  101  102   99  101  101  102  102  103  100
  100   94   91   83   78   70   66   77   76                                   
    70.0-180.0 180.0   5.0 450.0                            LAT/LON1/LON2/DLON/H
   79   69   63   66   68   70   72   73   76   78   82   84   87   86   85   83
   76   77   70   76   70   76   73   78   78   84   90  100  115  126  143  154
  168  179  190  199  200  205  197  197  191  192  186  186  180  183  178  179
  171  164  153  142  133  120  111  102   97   92   91   91   93   95   96   95
   94   91   89   83   78   73   72   80   79                                   
    67.5-180.0 180.0   5.0 450.0                            LAT/LON1/LON2/DLON/H
   81   77   68   71   73   76   77   78   81   83   86   88   91   90   92   87
   87   85   87   86   89   88   91   90   92   95  100  108  120  130  146  158
  173  190  203  216  219  223  217  217  211  210  207  204  202  200  201  197
  193  180  172  152  140  118  108   92   83   75   71   72   76   77   82   82
   84   83   83   78   77   71   73   86   81                                   
    65.0-180.0 180.0   5.0 450.0                            LAT/LON1/LON2/DLON/H
   81   72   66   72   76   79   81   83   84   86   89   92   91   96   93   93
   89   90   92   92   96   97  100  100   99  102  106  112  122  131  148  162
  180  200  214  231  234  242  234  238  234  236  231  230  226  225  220  219
  209  195  180  160  139  117   98   80   65   54   48   48   51   54   59   63
   67   69   71   70   70   68   71   82   81                                   
    62.5-180.0 180.0   5.0 450.0                            LAT/LON1/LON2/DLON/H
   75   70   64   71   74   79   81   82   81   83   86   88   92   92   96   93
   95   93   99   95  100  102  105  107  106  108  109  113  119  129  144  163
  183  205  224  240  249  250  250  249  249  244  245  240  244  237  237  227
  220  199  187  161  142  114   93   71   55   42   35   32   36   38   44   46
   52   54   60   61   64   62   66   79   75                                   
    60.0-180.0 180.0   5.0 450.0                            LAT/LON1/LON2/DLON/H
   69   58   56   62   66   72   75   74   77   77   81   83   83   90   87   88
   87   86   89   88   92   96  102  107  110  112  114  118  123  134  148  168
  189  211  232  249  258  260  261  260  264  259  262  260  261  256  250  239
  228  207  188  164  142  116   93   71   53   40   31   28   27   29   34   36
   41   44   50   54   57   58   61   70   69                                   
    57.5-180.0 180.0   5.0 450.0                            LAT/LON1/LON2/DLON/H
   62   52   47   55   59   64   65   67   66   68   72   74   79   81   87   81
   85   78   84   78   83   83   91   97  104  108  113  117  127  139  158  179
  202  224  246  260  270  270  273  274  279  277  278  277  278  269  258  243
  231  208  193  170  151  126  104   83   66   51   43   39   37   36   37   38
   42   42   50   53   58   56   58   64   62                                   
    55.0-180.0 180.0   5.0 450.0                            LAT/LON1/LON2/DLON/H
   64   48   43   47   51   56   56   57   60   61   66   69   71   76   72   75
   68   66   62   63   62   70   75   89   95  107  113  125  136  152  172  194
  217  241  263  274  283  284  289  291  295  296  297  297  292  281  265  250
  236  218  203  184  165  143  125  105   91   79   71   66   62   58   55   50
   49   50   54   59   60   62   62   58   64                                   
    52.5-180.0 180.0   5.0 450.0                            LAT/LON1/LON2/DLON/H
   71   53   43   48   49   52   52   55   54   57   59   63   66   68   71   67
   67   61   60   57   60   64   71   83   95  108  122  135  154  174  195  215
  245  265  281  293  300  299  302  305  310  310  314  309  304  286  268  250
  239  225  214  201  188  166  150  132  120  111  104   99   94   90   80   74
   68   64   68   69   74   68   70   68   71                                   
    50.0-180.0 180.0   5.0 450.0                            LAT/LON1/LON2/DLON/H
   83   66   54   55   58   58   58   58   57   57   57   62   59   65   60   66
   58   61   51   58   52   63   70   91  102  121  132  154  170  193  212  239
  263  282  296  310  316  316  317  319  324  326  330  326  320  303  284  265
  253  240  233  220  209  193  176  161  148  142  137  136  131  126  115  103
   92   85   84   86   87   89   89   78   83                                   
    47.5-180.0 180.0   5.0 450.0                            LAT/LON1/LON2/DLON/H
  102   78   69   67   68   66   65   65   64   62   63   64   64   65   64   64
   64   61   63   62   67   73   85  105  121  137  156  175  197  216  236  259
  278  294  310  321  326  324  325  325  331  333  336  331  325  306  292  271
  262  250  245  234  225  209  193  176  164  159  155  155  151  147  135  125
  111  103  102  100  106  102  107  103  102                                   
    45.0-180.0 180.0   5.0 450.0                            LAT/LON1/LON2/DLON/H
  117  103   89   87   88   85   82   80   77   75   70   75   66   73   63   71
   65   76   67   79   74   94  101  127  137  162  173  200  213  237  254  273
  287  306  321  334  338  339  338  339  341  343  347  343  334  319  304  287
  278  265  260  248  237  221  199  181  168  161  159  160  158  156  147  135
  124  115  112  113  115  122  127  118  117                                   
    42.5-180.0 180.0   5.0 450.0                            LAT/LON1/LON2/DLON/H
  132  114  105  104  103   99   99   93   93   89   87   86   83   80   78   77
   81   84   88   90   98  108  126  144  161  179  198  218  236  251  266  277
  293  309  329  343  352  352  353  350  351  348  350  343  335  320  310  294
  286  272  265  250  237  214  192  171  157  150  146  148  147  147  139  132
  122  118  114  118  120  125  135  135  132                                   
    40.0-180.0 180.0   5.0 450.0                            LAT/LON1/LON2/DLON/H
  139  139  122  123  120  117  112  107  103  100   95   98   86   91   80   88
   84   98   92  108  107  129  136  163  171  198  210  237  244  260  266  279
  291  315  335  360  369  374  373  368  366  361  360  354  344  335  323  313
  300  289  274  261  240  212  187  165  146  136  132  133  134  133  131  122
  118  110  109  112  114  120  133  135  139                                   
    37.5-180.0 180.0   5.0 450.0                            LAT/LON1/LON2/DLON/H
  136  133  123  130  127  126  121  116  114  109  106  103   98   93   91   91
   97  101  108  111  121  135  152  170  186  205  223  239  251  257  264  274
  292  320  350  379  395  401  400  391  387  376  373  360  355  344  337  325
  315  298  287  266  245  215  191  167  148  135  128  127  126  126  121  117
  110  106   99  100  101  105  118  126  136                                   
    35.0-180.0 180.0   5.0 450.0                            LAT/LON1/LON2/DLON/H
  131  130  117  125  123  124  121  113  112  108  107  108  101  102   92   96
   95  106  104  121  125  147  159  183  192  217  225  247  249  260  265  283
  306  345  380  417  433  441  433  421  413  402  394  383  377  370  361  351
  338  323  306  287  265  235  213  192  176  161  153  147  145  140  137  127
  119  109   97   96   86   93  103  117  131                                   
    32.5-180.0 180.0   5.0 450.0                            LAT/LON1/LON2/DLON/H
  120  109  104  113  115  118  115  110  109  107  107  109  107  101   99   97
  101  102  110  115  129  146  166  186  203  221  235  250  258  269  283  308
  343  388  430  465  483  484  474  457  447  430  423  409  407  399  394  386
  378  365  351  335  313  287  265  246  234  221  213  203  197  187  178  164
  150  135  116  105   90   85   91  103  120                                   
    30.0-180.0 180.0   5.0 450.0                            LAT/LON1/LON2/DLON/H
  120   94   90   96  107  106  109   99  102   99  101  106  105  106   99   99
   96  103  103  120  129  154  168  196  205  230  236  260  266  286  308  340
  383  430  481  520  539  537  525  507  492  474  463  450  445  439  436  433
  430  423  415  402  385  363  345  331  322  315  307  298  285  267  248  227
  206  189  163  145  112  102   95  100  120                                   
    27.5-180.0 180.0   5.0 450.0                            LAT/LON1/LON2/DLON/H
  131   91   88   93   97   97   96   90   89   90   93  100  103  102  102   96
  100   96  105  110  129  150  174  196  214  233  252  272  289  314  346  385
  432  482  538  569  594  585  573  552  538  518  510  497  495  489  492  493
  495  497  494  487  479  464  454  441  437  425  418  410  396  375  350  333
  301  277  246  213  170  138  119  103  131                                   
    25.0-180.0 180.0   5.0 450.0                            LAT/LON1/LON2/DLON/H
  124  113   97  101  102  101   99   91   88   83   89   90   95   97   96   96
   93   97   99  116  131  161  176  209  218  249  264  293  313  345  385  427
  484  539  596  627  643  626  616  599  592  575  567  555  552  549  550  558
  562  571  571  573  566  560  549  547  544  544  532  529  502  475  435  409
  366  346  296  266  219  195  163  123  124                                   
    22.5-180.0 180.0   5.0 450.0                            LAT/LON1/LON2/DLON/H
  153  140  122  122  108  111   97   95   84   83   83   87   94   94  101   95
   98   95  104  113  138  165  191  219  239  264  286  316  342  384  429  482
  546  596  643  669  677  662  651  643  639  633  624  618  608  615  614  636
  637  656  653  664  652  648  631  627  623  623  617  607  589  567  533  502
  457  426  376  339  280  252  219  165  153                                   
    20.0-180.0 180.0   5.0 450.0                            LAT/LON1/LON2/DLON/H
  188  180  161  158  139  133  116  111  101   97   96   94   96   93   93   95
   93   96  104  123  144  181  201  234  249  279  301  340  374  420  474  528
  599  645  684  702  704  683  683  683  692  688  684  671  666  674  681  704
  712  724  721  723  710  706  680  673  658  665  663  664  636  615  570  554
  512  497  442  406  345  315  285  222  188                                   
    17.5-180.0 180.0   5.0 450.0                            LAT/LON1/LON2/DLON/H
  247  236  205  188  168  155  132  124  105  103   92   97   95  100  101   99
   99  102  114  132  160  192  220  244  265  293  320  363  404  464  516  575
  634  672  698  711  707  695  698  715  724  737  722  725  708  728  729  751
  751  763  754  755  741  728  700  681  666  664  661  653  637  613  582  560
  529  511  473  448  400  386  356  282  247                                   
    15.0-180.0 180.0   5.0 450.0                            LAT/LON1/LON2/DLON/H
  277  282  238  219  201  187  164  154  125  120   94   90   86   98   97  106
  101  107  119  141  171  203  231  252  272  298  331  381  434  491  550  602
  656  686  700  702  698  692  708  730  752  763  759  756  746  756  761  778
  775  779  766  764  740  729  690  672  640  629  613  618  598  585  560  544
  518  503  466  437  416  399  396  320  277                                   
    12.5-180.0 180.0   5.0 450.0                            LAT/LON1/LON2/DLON/H
  312  314  272  255  229  210  175  168  140  124   98   88   77   87   90  101
   99  104  117  148  183  216  245  264  287  316  347  410  462  520  562  614
  649  671  679  680  683  690  712  746  769  787  779  776  762  772  773  787
  782  780  769  760  739  715  679  632  589  555  540  530  523  516  500  483
  450  441  414  415  401  404  401  345  312                                   
    10.0-180.0 180.0   5.0 450.0                            LAT/LON1/LON2/DLON/H
  294  303  268  255  226  206  181  166  151  139  114  101   76   85   80   99
  103  109  119  146  186  228  256  280  306  337  373  433  488  536  576  612
  638  650  654  658  667  687  713  753  779  795  788  781  770  773  775  781
  774  769  756  749  723  703  650  596  540  505  479  468  455  442  418  408
  387  391  374  384  381  384  391  339  294                                   
     7.5-180.0 180.0   5.0 450.0                            LAT/LON1/LON2/DLON/H
  290  298  276  255  227  202  179  168  158  150  128  116   94   92   92   95
  104  105  122  147  187  224  258  294  325  366  402  461  503  544  566  601
