data/unet/pred0710.15i
     1.0            IONOSPHERE MAPS     GNSS                IONEX VERSION / TYPE
pyspatialgeodesy        IME             05-JAN-18 20:20     PGM / RUN BY / DATE 
Map Name                                                    COMMENT             
Predicted global ionosphere maps (GIM).                     DESCRIPTION         
  2015     3    12     0     0     0                        EPOCH OF FIRST MAP  
  2015     3    13     0     0     0                        EPOCH OF LAST MAP   
  7200                                                      INTERVAL            
    13                                                      # OF MAPS IN FILE   
  NONE                                                      MAPPING FUNCTION    
10.0                                                        ELEVATION CUTOFF    
One-way carrier phase leveled to code                       OBSERVABLES USED    
  6371.0                                                    BASE RADIUS         
 2                                                          MAP DIMENSION       
   450.0 450.0   0.0                                        HGT1 / HGT2 / DHGT  
    87.5 -87.5  -2.5                                        LAT1 / LAT2 / DLAT  
  -180.0 180.0   5.0                                        LON1 / LON2 / DLON  
    -1                                                      EXPONENT            
                                                            END OF HEADER       
[from data line 2145]
     6                                                      START OF TEC MAP    
  2015     3    12    10     0     0                        EPOCH OF CURRENT MAP
    87.5-180.0 180.0   5.0 450.0                            LAT/LON1/LON2/DLON/H
   85  117  114  113  115  114  120  121  129  131  139  141  149  150  156  156
  160  159  161  158  160  157  159  154  156  153  156  152  157  153  158  155
  160  157  161  159  162  160  162  160  161  158  157  154  152  148  144  142
  137  135  129  127  122  119  115  114  111  109  107  106  106  105  105  104
  105  105  105  106  106  103  108   90   85                                   
    85.0-180.0 180.0   5.0 450.0                            LAT/LON1/LON2/DLON/H
   99   94  105  106  111  114  121  125  130  136  140  147  151  157  159  163
  164  167  167  167  167  168  168  168  167  168  170  171  172  175  176  179
  179  183  182  185  184  187  184  186  183  184  178  176  170  166  157  152
  143  137  127  122  115  110  103   99   94   91   86   84   82   80   78   78
   78   78   79   81   88   87  105   97   99                                   
    82.5-180.0 180.0   5.0 450.0                            LAT/LON1/LON2/DLON/H
   77   86   96  101  106  112  120  127  132  139  143  148  153  158  160  162
  163  164  165  166  166  168  168  170  170  172  174  176  178  181  184  186
  189  191  195  195  200  199  203  200  202  198  197  190  189  179  175  162
  157  144  138  127  121  110  103   96   89   82   75   71   68   63   60   59
   59   59   60   63   70   75   80   79   77                                   
    80.0-180.0 180.0   5.0 450.0                            LAT/LON1/LON2/DLON/H
   76   81   89   94  100  110  114  125  128  135  137  142  144  147  147  148
  148  148  147  147  147  148  148  149  150  153  155  160  162  169  172  180
  184  193  196  205  207  214  215  219  218  219  215  213  207  201  193  183
  175  164  154  144  134  125  115  107   98   89   81   74   68   62   58   56
   54   55   54   58   60   65   71   71   76                                   
    77.5-180.0 180.0   5.0 450.0                            LAT/LON1/LON2/DLON/H
   72   76   88   91   97  106  113  121  126  130  132  134  133  133  131  130
  127  127  125  125  124  126  127  127  129  131  135  140  145  153  161  170
  180  189  199  206  214  220  226  230  233  234  234  232  230  225  220  212
  204  195  186  176  168  157  148  137  129  119  109  100   93   85   79   75
   71   68   67   67   67   71   69   71   72                                   
    75.0-180.0 180.0   5.0 450.0                            LAT/LON1/LON2/DLON/H
   76   76   84   90   94  101  107  113  117  119  118  117  113  111  106  103
  100   99   99   99  100  101  104  105  108  109  115  119  128  136  147  156
  168  182  194  207  216  227  233  240  243  250  248  251  246  247  241  237
  231  226  217  211  201  193  181  173  163  155  144  135  125  117  107  103
   95   91   85   83   79   81   80   81   76                                   
    72.5-180.0 180.0   5.0 450.0                            LAT/LON1/LON2/DLON/H
   81   74   84   89   92   97  102  105  108  106  106  101   97   91   86   83
   79   80   79   83   83   86   87   89   90   93   99  105  113  121  133  143
  157  169  184  198  211  223  231  240  248  254  259  261  263  261  260  256
  253  247  244  237  232  224  219  209  203  192  182  170  161  150  142  132
  126  116  109   99   96   92   91   93   81                                   
    70.0-180.0 180.0   5.0 450.0                            LAT/LON1/LON2/DLON/H
   83   75   80   83   85   90   94   97   98   97   95   89   83   76   71   67
   66   66   70   73   78   79   84   84   87   88   95   99  109  116  129  138
  153  164  181  196  211  222  234  244  253  263  268  274  275  277  275  274
  271  270  266  263  258  252  246  240  230  221  207  197  183  175  163  156
  145  138  126  118  108  102   98   99   83                                   
    67.5-180.0 180.0   5.0 450.0                            LAT/LON1/LON2/DLON/H
   85   70   74   76   78   80   86   89   92   90   88   82   75   69   62   61
   58   62   64   72   75   81   83   86   87   89   93   97  103  114  123  136
  147  161  177  191  206  216  228  238  249  257  268  272  280  279  283  279
  282  277  279  274  272  264  261  252  246  235  223  209  196  184  173  162
  153  142  134  123  115  105  102  101   85                                   
    65.0-180.0 180.0   5.0 450.0                            LAT/LON1/LON2/DLON/H
   82   68   68   67   68   72   77   81   84   85   83   79   72   66   60   57
   57   60   67   73   80   84   88   89   89   91   93   98  106  116  129  140
  157  166  185  196  211  218  231  237  250  259  268  277  283  287  288  289
  289  289  287  284  280  273  267  262  253  244  227  213  197  185  171  161
  149  142  132  123  111  104   98   96   82                                   
    62.5-180.0 180.0   5.0 450.0                            LAT/LON1/LON2/DLON/H
   80   64   60   61   59   61   66   71   76   79   78   76   70   64   58   58
   57   62   67   76   80   87   88   92   91   92   94   99  105  118  129  145
  159  175  190  203  214  221  230  236  247  254  267  274  283  285  290  289
  294  288  291  283  281  270  266  256  250  238  224  207  194  179  167  154
  144  132  124  113  106   97   92   90   80                                   
    60.0-180.0 180.0   5.0 450.0                            LAT/LON1/LON2/DLON/H
   76   61   57   53   51   52   55   60   67   71   73   73   69   64   59   58
   59   63   68   75   80   83   84   86   85   88   89   98  105  121  134  155
  171  187  205  217  229  233  242  244  255  261  272  280  288  292  296  297
  299  297  296  291  285  277  270  263  255  243  228  210  194  179  165  151
  138  128  116  109  100   93   87   85   76                                   
    57.5-180.0 180.0   5.0 450.0                            LAT/LON1/LON2/DLON/H
   79   67   57   55   48   48   47   53   57   64   66   69   66   64   59   59
   59   63   67   72   73   75   75   75   77   80   84   92  103  120  137  162
  179  201  218  235  243  248  251  255  263  270  281  286  293  296  301  301
  306  300  302  292  289  278  275  264  260  246  236  218  204  187  174  158
  144  130  118  107  103   94   89   86   79                                   
    55.0-180.0 180.0   5.0 450.0                            LAT/LON1/LON2/DLON/H
   89   75   67   59   50   46   44   45   50   55   60   64   64   63   59   59
   59   62   64   66   65   64   62   63   64   71   77   91  103  127  145  175
  194  219  236  255  262  269  269  275  280  289  295  303  306  311  315  318
  319  317  314  307  301  291  285  277  273  262  250  236  221  206  188  174
  157  143  127  121  112  104   98   93   89                                   
    52.5-180.0 180.0   5.0 450.0                            LAT/LON1/LON2/DLON/H
  105   94   81   74   61   53   46   46   47   53   56   61   61   61   58   59
   59   62   61   63   59   57   54   55   59   66   78   91  109  130  156  185
  207  234  254  273  278  286  287  293  300  307  314  319  324  326  329  330
  333  329  329  319  315  302  300  290  287  275  268  253  243  227  214  196
  180  162  150  138  133  122  118  107  105                                   
    50.0-180.0 180.0   5.0 450.0                            LAT/LON1/LON2/DLON/H
  127  112  100   90   78   68   57   54   52   56   58   62   63   63   62   62
   63   64   64   62   59   53   51   51   57   67   80   96  113  141  163  198
  217  249  266  287  293  303  307  317  323  332  338  345  348  351  351  353
  352  351  348  339  331  320  313  306  301  291  280  272  261  253  237  223
  202  188  171  164  153  144  136  125  127                                   
    47.5-180.0 180.0   5.0 450.0                            LAT/LON1/LON2/DLON/H
  144  132  119  111   96   86   75   68   63   63   63   66   67   67   66   68
   68   71   70   69   65   60   57   59   64   76   89  106  126  149  176  203
  229  257  280  295  306  318  327  338  349  357  366  369  373  370  370  365
  365  360  360  349  341  326  318  306  302  292  283  274  269  260  250  235
  219  201  186  175  169  160  152  140  144                                   
    45.0-180.0 180.0   5.0 450.0                            LAT/LON1/LON2/DLON/H
  157  142  132  127  117  110   97   90   82   79   76   77   78   77   78   79
   82   83   84   83   79   74   71   71   77   88  102  120  139  163  185  211
  234  265  285  302  318  332  345  359  371  382  391  395  396  394  390  385
  380  378  371  362  350  333  321  308  300  288  279  272  267  261  250  237
  220  206  189  182  173  166  158  149  157                                   
    42.5-180.0 180.0   5.0 450.0                            LAT/LON1/LON2/DLON/H
  158  144  137  139  132  128  119  110  103   95   91   89   89   89   90   92
   94   97   98   97   94   89   86   86   91  102  116  134  151  172  189  213
  236  266  287  306  324  344  362  379  397  406  417  417  418  411  406  397
  392  384  380  367  355  335  320  302  291  277  269  259  255  246  237  223
  207  192  179  170  164  156  155  147  158                                   
    40.0-180.0 180.0   5.0 450.0                            LAT/LON1/LON2/DLON/H
  145  133  128  135  138  141  137  132  123  115  110  106  106  105  107  107
  111  112  115  113  110  103  100   97  101  109  123  141  157  173  188  208
  228  255  282  303  332  353  380  399  421  434  445  447  446  439  431  420
  410  404  396  388  372  355  335  318  301  284  270  255  245  232  219  204
  186  174  159  152  145  140  142  137  145                                   
    37.5-180.0 180.0   5.0 450.0                            LAT/LON1/LON2/DLON/H
  128  120  114  128  132  142  143  139  135  126  123  119  118  119  120  121
  124  126  126  124  120  114  109  106  106  113  123  140  154  169  180  195
  214  240  272  300  330  366  395  424  447  464  478  480  480  470  460  447
  438  430  426  416  407  386  369  347  332  309  289  267  247  226  205  186
  171  155  143  133  130  122  123  117  128                                   
    35.0-180.0 180.0   5.0 450.0                            LAT/LON1/LON2/DLON/H
  107  101   97  107  119  133  142  144  142  137  133  129  132  131  134  134
  137  136  136  132  128  119  114  107  108  111  121  135  153  165  177  191
  211  235  269  299  336  371  411  441  470  492  507  513  514  508  496  488
  480  477  474  470  461  449  430  414  395  367  337  306  279  248  220  194
  175  160  143  134  124  116  113  104  107                                   
    32.5-180.0 180.0   5.0 450.0                            LAT/LON1/LON2/DLON/H
  103   99   89   98  106  122  132  133  137  133  134  134  136  140  140  141
  142  140  139  134  129  121  114  106  104  106  116  131  150  162  175  185
  210  233  269  302  342  379  424  462  496  520  543  549  557  549  549  543
  546  546  550  554  555  546  533  513  490  458  425  387  347  308  272  244
  214  192  173  155  141  123  119  100  103                                   
    30.0-180.0 180.0   5.0 450.0                            LAT/LON1/LON2/DLON/H
  110  101   89   88   98  110  122  125  130  128  131  132  138  140  146  144
  146  140  139  132  128  119  112  104  102  103  115  132  153  169  183  196
  220  249  285  317  357  397  446  486  519  552  575  593  603  607  610  613
  615  630  645  653  660  663  660  645  622  590  560  529  479  427  375  336
  297  268  235  211  185  162  147  123  110                                   
    27.5-180.0 180.0   5.0 450.0                            LAT/LON1/LON2/DLON/H
  133  125  107  102   99  109  115  118  122  122  125  130  135  140  142  143
  141  139  133  129  123  118  110  104  103  105  120  140  166  178  191  207
  240  270  305  335  377  413  463  502  538  572  602  624  643  657  673  688
  702  711  729  743  762  778  783  772  751  720  683  650  604  563  518  480
  430  385  339  294  252  220  195  152  133                                   
    25.0-180.0 180.0   5.0 450.0                            LAT/LON1/LON2/DLON/H
  173  164  145  123  116  109  115  114  119  118  122  126  131  134  136  134
  135  129  128  122  119  115  110  106  107  111  128  152  178  193  208  233
  257  296  321  361  402  443  489  528  566  598  629  656  683  706  724  745
  765  795  816  836  853  870  877  879  872  853  826  792  748  699  643  589
  545  507  476  411  343  297  261  221  173                                   
    22.5-180.0 180.0   5.0 450.0                            LAT/LON1/LON2/DLON/H
  236  217  200  169  149  133  123  122  120  122  125  130  133  134  132  130
  129  124  121  118  117  118  116  116  118  124  140  160  185  202  221  247
  276  317  351  385  430  465  509  540  579  610  640  670  701  731  757  782
  814  839  866  882  902  922  936  945  945  939  921  898  858  814  757  708
  656  612  564  506  457  394  359  303  236                                   
    20.0-180.0 180.0   5.0 450.0                            LAT/LON1/LON2/DLON/H
  316  285  256  217  195  173  158  143  144  130  136  133  138  133  132  122
  122  115  115  110  114  117  120  123  129  137  153  172  192  215  238  272
  302  344  380  421  462  496  532  562  596  619  650  679  720  750  772  804
  828  855  872  889  902  922  938  951  955  951  940  921  894  860  807  769
  722  697  648  599  538  487  456  383  316                                   
    17.5-180.0 180.0   5.0 450.0                            LAT/LON1/LON2/DLON/H
  386  359  330  283  245  222  199  188  173  161  153  149  147  139  136  125
  124  117  118  112  115  119  127  133  138  145  157  178  193  224  252  291
  320  361  410  449  491  518  551  574  598  621  648  684  721  754  778  801
  825  840  854  859  875  887  905  920  927  926  919  908  886  858  816  776
  740  716  690  647  599  553  509  444  386                                   
    15.0-180.0 180.0   5.0 450.0                            LAT/LON1/LON2/DLON/H
  427  405  387  341  308  267  243  229  220  200  183  165  164  145  145  131
  130  122  122  117  119  125  133  140  145  152  160  183  208  244  273  306
  340  388  437  475  504  533  564  581  604  621  649  683  728  757  771  792
  798  804  805  808  812  823  839  856  865  868  863  855  840  811  773  740
  711  699  676  654  611  574  534  472  427                                   
    12.5-180.0 180.0   5.0 450.0                            LAT/LON1/LON2/DLON/H
  447  433  426  399  360  315  279  260  245  231  216  199  181  167  154  143
  137  131  124  127  125  133  137  140  146  148  164  192  221  256  284  321
  360  406  454  487  516  547  572  585  607  622  652  687  725  751  760  765
  764  757  750  742  742  748  761  775  787  792  796  797  781  755  716  683
  656  645  635  614  596  564  541  482  447                                   
    10.0-180.0 180.0   5.0 450.0                            LAT/LON1/LON2/DLON/H
  451  440  441  414  391  346  314  285  275  257  245  227  207  185  173  157
  151  145  140  138  140  136  133  132  138  151  169  204  242  271  302  343
  376  424  466  496  521  546  576  589  612  629  660  692  731  751  749  750
  734  727  709  699  688  693  697  706  714  718  725  725  718  682  646  606
  580  574  570  564  555  536  531  471  451                                   
     7.5-180.0 180.0   5.0 450.0                            LAT/LON1/LON2/DLON/H
  450  460  453  441  405  369  340  314  299  278  261  240  221  195  176  157
  147  138  134  131  121  124  115  124  134  155  183  224  259  286  312  346
