data/unet/pred1690.15i
     1.0            IONOSPHERE MAPS     GNSS                IONEX VERSION / TYPE
pyspatialgeodesy        IME             05-JAN-18 20:20     PGM / RUN BY / DATE 
Map Name                                                    COMMENT             
Predicted global ionosphere maps (GIM).                     DESCRIPTION         
  2015     6    18     0     0     0                        EPOCH OF FIRST MAP  
  2015     6    19     0     0     0                        EPOCH OF LAST MAP   
  7200                                                      INTERVAL            
    13                                                      # OF MAPS IN FILE   
  NONE                                                      MAPPING FUNCTION    
10.0                                                        ELEVATION CUTOFF    
One-way carrier phase leveled to code                       OBSERVABLES USED    
  6371.0                                                    BASE RADIUS         
 2                                                          MAP DIMENSION       
   450.0 450.0   0.0                                        HGT1 / HGT2 / DHGT  
    87.5 -87.5  -2.5                                        LAT1 / LAT2 / DLAT  
  -180.0 180.0   5.0                                        LON1 / LON2 / DLON  
    -1                                                      EXPONENT            
                                                            END OF HEADER       
[from data line 4290]
    11                                                      START OF TEC MAP    
  2015     6    18    20     0     0                        EPOCH OF CURRENT MAP
    87.5-180.0 180.0   5.0 450.0                            LAT/LON1/LON2/DLON/H
  194  171  157  162  157  158  154  157  154  157  153  156  154  157  154  157
  154  156  153  155  152  154  151  152  149  150  146  148  145  146  143  145
  142  143  140  142  139  141  138  140  137  140  136  140  137  140  137  140
  137  141  138  142  140  143  141  145  143  147  144  148  146  150  148  152
  150  155  154  157  156  158  155  179  194                                   
    85.0-180.0 180.0   5.0 450.0                            LAT/LON1/LON2/DLON/H
  159  157  155  157  155  153  152  152  153  152  152  152  153  153  154  153
  154  153  154  153  153  151  151  149  149  146  146  143  144  140  141  138
  140  136  138  135  137  133  135  132  135  132  135  132  135  133  136  134
  137  136  138  138  140  140  141  142  142  144  143  145  145  147  146  148
  147  150  150  152  151  151  151  175  159                                   
    82.5-180.0 180.0   5.0 450.0                            LAT/LON1/LON2/DLON/H
  162  157  159  162  158  158  157  160  158  161  159  163  161  165  163  167
  165  167  165  167  164  165  161  162  157  158  153  153  148  148  144  145
  140  141  137  138  134  136  132  135  132  134  132  136  134  137  137  140
  140  143  143  147  146  149  148  151  149  153  150  153  151  154  152  155
  153  157  155  158  154  155  149  164  162                                   
    80.0-180.0 180.0   5.0 450.0                            LAT/LON1/LON2/DLON/H
  163  151  151  151  150  149  151  151  154  154  157  158  161  162  165  165
  167  167  168  167  167  165  165  162  160  156  154  150  148  144  143  138
  138  133  133  129  130  126  128  125  127  124  127  126  129  128  132  133
  136  137  140  141  143  143  145  145  146  146  147  146  147  147  147  147
  148  149  149  148  148  147  144  160  163                                   
    77.5-180.0 180.0   5.0 450.0                            LAT/LON1/LON2/DLON/H
  155  146  145  144  143  143  145  146  148  150  154  156  160  161  165  166
  169  169  171  170  170  169  167  165  162  158  155  150  148  142  141  136
  135  131  131  127  127  124  124  122  122  121  123  123  125  126  129  131
  133  134  138  139  141  141  143  142  143  143  144  143  144  144  145  144
  146  145  146  144  143  141  136  151  155                                   
    75.0-180.0 180.0   5.0 450.0                            LAT/LON1/LON2/DLON/H
  150  138  138  139  138  138  141  142  146  147  153  155  160  162  167  168
  172  173  175  175  176  175  174  171  168  163  160  155  152  147  145  141
  139  135  135  131  131  128  127  125  124  123  124  124  126  127  130  131
  134  134  137  137  138  138  139  138  139  138  140  138  141  139  142  140
  143  142  144  141  142  139  135  151  150                                   
    72.5-180.0 180.0   5.0 450.0                            LAT/LON1/LON2/DLON/H
  147  138  137  138  137  137  139  141  144  147  151  156  160  164  167  170
  172  174  176  177  177  177  175  173  169  165  161  156  152  148  147  142
  142  138  139  135  135  132  131  128  128  126  127  126  128  128  131  131
  133  133  135  135  135  135  135  135  134  135  135  136  136  138  138  140
  141  143  143  143  142  141  137  149  147                                   
    70.0-180.0 180.0   5.0 450.0                            LAT/LON1/LON2/DLON/H
  150  139  140  142  141  140  142  143  147  149  155  158  163  165  169  172
  174  175  178  179  180  178  178  175  173  168  164  159  155  151  150  147
  147  145  145  142  142  139  138  135  134  131  132  131  133  132  134  133
  135  133  135  134  134  132  133  131  132  131  133  133  136  137  140  141
  145  145  149  148  149  147  143  155  150                                   
    67.5-180.0 180.0   5.0 450.0                            LAT/LON1/LON2/DLON/H
  157  149  148  149  147  146  147  149  151  154  158  161  165  167  170  171
  174  174  177  177  178  177  177  174  172  166  163  157  155  151  152  149
  151  147  150  146  148  143  144  140  140  137  138  135  137  134  137  134
  135  133  134  132  131  129  130  128  129  129  131  133  135  138  141  144
  146  150  153  154  156  154  149  158  157                                   
    65.0-180.0 180.0   5.0 450.0                            LAT/LON1/LON2/DLON/H
  166  156  158  159  156  155  155  156  159  160  164  166  169  170  172  173
  174  174  176  177  179  177  178  174  172  166  164  159  157  155  156  155
  156  156  157  156  155  153  153  150  150  148  148  144  145  141  143  138
  139  135  135  132  130  127  127  125  127  128  131  134  138  141  145  148
  153  155  161  161  164  162  159  168  166                                   
    62.5-180.0 180.0   5.0 450.0                            LAT/LON1/LON2/DLON/H
  176  168  166  167  163  162  161  162  164  166  169  170  173  172  174  173
  174  172  175  175  176  176  176  174  171  166  163  159  159  157  160  159
  163  161  164  161  163  159  161  158  160  157  158  153  153  148  148  142
  141  136  134  130  128  124  124  122  125  127  132  135  140  144  148  151
  154  159  163  166  170  169  165  174  176                                   
    60.0-180.0 180.0   5.0 450.0                            LAT/LON1/LON2/DLON/H
  182  176  176  178  173  171  169  170  170  172  173  175  176  176  176  175
  174  173  174  174  176  176  177  175  173  167  166  163  165  165  169  169
  173  172  174  172  172  171  172  171  172  170  171  166  165  157  155  147
  146  139  136  130  127  121  122  120  123  126  132  136  142  146  151  154
  159  162  167  169  173  173  171  181  182                                   
    57.5-180.0 180.0   5.0 450.0                            LAT/LON1/LON2/DLON/H
  187  183  183  184  181  177  175  175  175  175  176  177  178  177  178  175
  174  171  172  171  173  174  176  175  173  169  169  168  170  171  176  177
  181  179  181  178  180  177  181  179  182  179  180  175  173  164  160  152
  148  140  135  128  125  119  120  118  122  125  133  138  144  148  152  156
  159  163  166  169  173  174  171  182  187                                   
    55.0-180.0 180.0   5.0 450.0                            LAT/LON1/LON2/DLON/H
  188  187  189  193  190  187  184  184  181  181  179  181  179  179  178  176
  174  171  170  170  172  173  176  176  175  173  174  175  179  182  188  189
  192  190  190  188  188  187  190  189  192  190  190  184  181  171  166  155
  151  142  136  128  124  118  117  114  119  122  131  136  143  147  152  155
  159  162  167  169  172  174  173  186  188                                   
    52.5-180.0 180.0   5.0 450.0                            LAT/LON1/LON2/DLON/H
  191  191  193  199  198  195  192  190  188  185  183  182  181  180  180  176
  174  170  169  168  170  172  175  177  177  177  178  182  186  191  196  198
  199  197  197  194  196  194  198  196  198  196  195  187  183  172  166  156
  150  141  136  127  124  117  116  112  117  120  130  134  142  145  152  154
  158  162  166  168  171  175  172  185  191                                   
    50.0-180.0 180.0   5.0 450.0                            LAT/LON1/LON2/DLON/H
  190  192  198  206  206  203  202  200  196  192  188  187  185  184  181  179
  175  170  168  167  168  171  173  176  177  178  182  188  195  200  207  207
  211  206  208  204  206  204  208  204  206  201  199  190  186  174  168  157
  152  142  138  130  126  118  117  112  117  119  129  134  142  145  153  156
  162  167  171  172  175  178  176  190  190                                   
    47.5-180.0 180.0   5.0 450.0                            LAT/LON1/LON2/DLON/H
  196  197  201  211  213  213  212  210  205  200  195  192  189  187  184  180
  176  171  168  168  169  172  175  177  179  181  186  193  201  208  213  215
  216  214  214  213  214  214  215  213  212  206  201  193  186  175  168  159
  153  144  140  133  129  122  121  117  119  122  130  135  142  147  155  159
  168  174  178  180  181  183  177  191  196                                   
    45.0-180.0 180.0   5.0 450.0                            LAT/LON1/LON2/DLON/H
  199  199  206  216  219  221  221  220  217  210  206  201  199  194  191  185
  180  175  172  171  172  175  177  179  181  184  190  198  207  213  220  220
  225  221  226  222  226  223  226  221  221  211  207  194  188  176  171  162
  158  149  147  140  136  129  127  122  124  125  134  138  147  152  162  168
  179  187  191  192  192  192  189  201  199                                   
    42.5-180.0 180.0   5.0 450.0                            LAT/LON1/LON2/DLON/H
  210  205  209  220  225  229  231  231  229  223  218  214  210  205  200  194
  188  183  179  179  180  182  183  185  187  191  197  205  213  220  224  227
  231  232  235  236  237  237  237  234  230  220  211  202  192  183  175  169
  163  157  154  149  145  139  136  132  132  133  139  143  150  158  170  178
  189  198  203  205  203  203  196  209  210                                   
    40.0-180.0 180.0   5.0 450.0                            LAT/LON1/LON2/DLON/H
  215  208  213  221  228  232  237  239  240  235  233  228  225  216  211  203
  198  190  188  187  190  190  192  193  195  199  205  213  222  227  233  235
  243  243  249  247  251  248  252  245  241  227  220  207  200  189  184  176
  172  166  164  159  157  150  148  142  142  141  147  149  159  166  180  187
  200  209  214  217  215  214  209  221  215                                   
    37.5-180.0 180.0   5.0 450.0                            LAT/LON1/LON2/DLON/H
  227  215  216  224  230  236  243  249  251  251  249  246  242  235  227  219
  211  204  202  202  204  206  207  208  210  214  221  227  235  239  245  250
  257  260  264  264  265  264  264  259  252  240  230  219  209  201  194  188
  182  177  175  171  168  162  159  156  154  152  156  157  164  173  185  196
  206  213  220  222  222  221  214  227  227                                   
    35.0-180.0 180.0   5.0 450.0                            LAT/LON1/LON2/DLON/H
  230  219  220  225  231  236  246  254  262  263  265  263  262  255  248  236
  228  220  218  218  221  222  224  224  228  232  239  245  252  256  264  268
  278  279  283  280  282  276  277  267  263  249  241  227  219  209  203  196
  190  186  184  180  177  172  169  163  162  159  163  161  170  176  190  197
  210  215  222  226  226  227  223  233  230                                   
    32.5-180.0 180.0   5.0 450.0                            LAT/LON1/LON2/DLON/H
  239  225  222  229  234  241  252  265  275  281  285  286  286  281  272  261
  251  241  238  237  240  241  244  243  248  251  260  267  275  280  286  291
  298  301  301  299  294  289  282  275  266  257  247  237  228  220  212  204
  199  193  190  186  184  179  175  169  166  162  163  163  170  177  188  197
  206  213  218  220  224  226  223  236  239                                   
    30.0-180.0 180.0   5.0 450.0                            LAT/LON1/LON2/DLON/H
  239  229  228  231  237  243  257  272  286  295  303  307  309  304  297  285
  274  264  259  258  260  263  263  264  267  274  282  291  301  305  310  311
  317  312  313  303  300  287  283  268  267  254  250  239  232  222  215  206
  199  193  191  187  184  179  175  170  166  159  160  158  165  171  182  187
  198  201  210  214  221  225  227  238  239                                   
    27.5-180.0 180.0   5.0 450.0                            LAT/LON1/LON2/DLON/H
  245  236  235  242  247  256  268  285  302  315  323  329  335  331  325  314
  305  292  285  281  281  282  283  283  288  294  305  314  325  326  329  329
  327  322  312  300  286  275  265  257  252  246  243  236  229  220  212  202
  194  187  182  177  174  168  167  161  157  151  151  151  155  161  171  178
  187  192  200  206  214  223  222  238  245                                   
    25.0-180.0 180.0   5.0 450.0                            LAT/LON1/LON2/DLON/H
  244  242  245  251  257  267  280  298  316  332  344  354  363  361  356  346
  336  323  313  307  305  304  303  303  307  314  326  336  345  346  347  341
  336  321  309  284  269  249  245  234  238  229  233  225  223  210  205  192
  187  175  173  164  162  154  154  148  146  141  140  137  144  147  157  163
  176  182  194  201  213  223  228  242  244                                   
    22.5-180.0 180.0   5.0 450.0                            LAT/LON1/LON2/DLON/H
  247  247  253  264  273  285  299  318  335  354  369  383  395  396  394  383
  375  359  350  339  335  331  327  325  327  333  344  353  362  362  359  351
  337  318  293  265  239  224  214  210  210  210  211  209  205  196  188  178
  169  160  152  146  142  137  136  132  131  128  127  125  130  135  143  151
  164  175  189  201  213  226  227  245  247                                   
    20.0-180.0 180.0   5.0 450.0                            LAT/LON1/LON2/DLON/H
  248  256  264  276  286  297  313  332  350  371  390  410  426  433  434  426
  416  399  385  372  365  359  351  347  346  350  360  368  376  373  369  353
  336  308  280  244  220  198  189  182  186  186  191  188  188  178  174  161
  156  141  138  126  128  118  121  115  118  113  116  113  117  119  129  138
  155  168  189  202  217  228  234  249  248                                   
    17.5-180.0 180.0   5.0 450.0                            LAT/LON1/LON2/DLON/H
  255  260  269  282  296  309  327  346  366  389  409  431  453  470  478  473
  467  446  431  412  403  392  382  374  370  369  376  381  385  381  371  353
  331  300  270  237  211  190  180  173  170  173  176  176  175  168  161  150
  141  130  120  113  110  105  106  103  104  103  105  104  104  106  115  127
  146  163  189  206  222  231  233  250  255                                   
    15.0-180.0 180.0   5.0 450.0                            LAT/LON1/LON2/DLON/H
  260  270  279  292  305  319  336  357  375  398  419  444  470  497  515  518
  515  496  480  459  444  428  416  402  395  388  390  390  394  385  377  355
  334  300  270  238  215  193  183  174  170  170  172  171  171  161  157  142
  135  120  114  102  102   93   98   93   98   96  101   97   98   95  103  115
  137  158  188  209  225  235  242  257  260                                   
    12.5-180.0 180.0   5.0 450.0                            LAT/LON1/LON2/DLON/H
  267  273  282  292  307  320  339  356  378  401  424  449  475  507  532  545
  549  538  524  506  490  471  451  433  419  408  403  401  401  393  382  360
  338  307  280  253  234  216  207  197  192  186  185  183  180  171  162  149
  137  123  111  102   97   92   91   89   91   92   94   92   89   85   91  102
  126  148  182  205  224  235  243  259  267                                   
    10.0-180.0 180.0   5.0 450.0                            LAT/LON1/LON2/DLON/H
  273  283  291  300  313  326  343  360  377  397  416  443  468  502  530  551
  563  559  551  534  521  499  479  455  438  419  413  408  410  399  390  364
  346  315  291  268  254  239  233  224  218  210  205  199  194  181  171  152
  140  121  113  101   99   89   91   88   92   92   96   90   88   80   85   93
  114  139  172  201  222  235  248  262  273                                   
     7.5-180.0 180.0   5.0 450.0                            LAT/LON1/LON2/DLON/H
  279  285  297  305  317  328  344  359  374  391  412  436  459  489  516  542
  557  562  558  550  538  521  498  476  455  437  426  422  420  409  397  373
