data/unet/pred0590.15i
     1.0            IONOSPHERE MAPS     GNSS                IONEX VERSION / TYPE
pyspatialgeodesy        IME             05-JAN-18 20:20     PGM / RUN BY / DATE 
Map Name                                                    COMMENT             
Predicted global ionosphere maps (GIM).                     DESCRIPTION         
  2015     2    28     0     0     0                        EPOCH OF FIRST MAP  
  2015     3     1     0     0     0                        EPOCH OF LAST MAP   
  7200                                                      INTERVAL            
    13                                                      # OF MAPS IN FILE   
  NONE                                                      MAPPING FUNCTION    
10.0                                                        ELEVATION CUTOFF    
One-way carrier phase leveled to code                       OBSERVABLES USED    
  6371.0                                                    BASE RADIUS         
 2                                                          MAP DIMENSION       
   450.0 450.0   0.0                                        HGT1 / HGT2 / DHGT  
    87.5 -87.5  -2.5                                        LAT1 / LAT2 / DLAT  
  -180.0 180.0   5.0                                        LON1 / LON2 / DLON  
    -1                                                      EXPONENT            
                                                            END OF HEADER       
[from data line 4719]
    12                                                      START OF TEC MAP    
  2015     2    28    22     0     0                        EPOCH OF CURRENT MAP
    87.5-180.0 180.0   5.0 450.0                            LAT/LON1/LON2/DLON/H
  179  148  140  143  144  143  146  147  149  150  152  152  154  154  156  155
  156  155  155  153  152  150  149  146  145  142  142  139  138  135  135  131
  131  127  127  124  123  121  120  118  118  117  118  117  118  118  119  120
  121  121  123  124  126  125  127  126  129  127  129  127  130  128  130  128
  131  130  133  132  134  133  136  157  179                                   
    85.0-180.0 180.0   5.0 450.0                            LAT/LON1/LON2/DLON/H
  144  136  139  142  144  144  147  150  153  156  159  162  165  166  168  168
  169  167  167  164  162  158  156  151  148  143  140  135  132  128  125  121
  118  114  113  109  109  105  106  103  105  103  105  104  107  107  110  110
  113  113  117  117  120  120  122  122  123  123  123  123  124  124  124  123
  124  124  127  125  129  127  128  143  144                                   
    82.5-180.0 180.0   5.0 450.0                            LAT/LON1/LON2/DLON/H
  137  130  134  140  140  143  146  153  156  163  166  174  176  182  182  185
  183  184  180  179  173  170  163  159  152  147  140  136  129  124  118  115
  109  106  102  100   97   95   94   93   93   93   95   95   99   99  103  103
  107  108  112  113  116  117  118  119  120  120  120  120  120  120  119  118
  118  119  119  120  120  119  119  134  137                                   
    80.0-180.0 180.0   5.0 450.0                            LAT/LON1/LON2/DLON/H
  132  127  128  135  135  140  145  153  159  168  174  182  188  193  196  198
  198  195  193  188  183  176  170  162  157  148  143  135  130  122  118  111
  106  100   97   93   91   86   86   83   84   82   86   84   89   89   93   94
   98  100  103  104  107  108  110  111  112  111  111  111  111  111  110  110
  109  110  110  111  110  111  110  122  132                                   
    77.5-180.0 180.0   5.0 450.0                            LAT/LON1/LON2/DLON/H
  126  124  124  129  133  136  144  153  162  171  180  189  196  202  205  206
  205  201  197  190  185  176  170  161  155  146  141  133  129  122  118  111
  107  101   99   94   92   87   87   84   84   83   84   84   87   88   90   92
   95   97   99  100  101  102  103  102  102  102  100  101  100  100  100  100
  100  101  103  103  104  104  106  118  126                                   
    75.0-180.0 180.0   5.0 450.0                            LAT/LON1/LON2/DLON/H
  126  126  126  133  135  141  147  157  165  177  186  197  204  210  212  212
  209  204  199  190  183  173  166  156  151  142  138  129  127  120  118  112
  109  104  102   99   96   94   92   90   89   89   89   89   90   90   93   93
   94   94   96   95   96   95   95   94   93   92   91   91   90   91   90   92
   93   96   98  101  102  105  110  125  126                                   
    72.5-180.0 180.0   5.0 450.0                            LAT/LON1/LON2/DLON/H
  139  140  139  145  148  149  159  167  178  189  200  209  216  220  220  216
  211  204  196  186  177  167  159  150  144  137  131  125  121  117  114  111
  109  105  104  101  101   98   97   95   95   92   92   90   91   90   91   88
   89   87   88   85   85   83   82   82   81   80   79   79   79   81   81   84
   86   90   96  100  104  110  117  137  139                                   
    70.0-180.0 180.0   5.0 450.0                            LAT/LON1/LON2/DLON/H
  157  157  158  162  166  169  179  186  198  207  219  225  232  232  228  222
  214  204  195  182  175  162  156  145  141  132  129  121  120  113  113  108
  109  106  106  103  102  100   99   97   95   92   91   89   88   86   85   83
   82   79   78   74   73   71   70   68   68   67   66   67   67   69   71   75
   81   87   96  103  111  120  130  152  157                                   
    67.5-180.0 180.0   5.0 450.0                            LAT/LON1/LON2/DLON/H
  179  177  179  183  186  188  198  206  218  228  239  247  248  246  238  230
  218  206  193  181  171  160  152  144  138  132  126  119  114  110  107  104
  103  101  101   99   98   97   95   92   89   86   83   80   78   75   74   71
   70   67   65   62   59   58   56   55   54   54   54   55   57   60   63   69
   75   85   95  105  118  131  140  167  179                                   
    65.0-180.0 180.0   5.0 450.0                            LAT/LON1/LON2/DLON/H
  198  190  197  199  206  207  219  225  239  248  261  267  269  264  255  243
  229  215  203  191  182  170  163  153  148  138  131  120  114  105  101   95
   95   91   92   89   90   86   86   81   80   74   73   68   67   64   62   60
   58   57   55   52   49   48   46   46   44   45   44   46   48   52   56   63
   73   82   96  107  124  138  152  178  198                                   
    62.5-180.0 180.0   5.0 450.0                            LAT/LON1/LON2/DLON/H
  210  199  208  216  222  226  236  244  256  267  278  284  286  281  271  258
  242  228  217  205  193  185  174  166  154  144  132  120  110  100   93   88
   84   80   79   76   76   73   72   68   66   62   59   56   54   51   50   48
   47   47   45   44   41   41   40   41   39   41   39   42   43   48   53   61
   70   82   95  111  127  143  155  184  210                                   
    60.0-180.0 180.0   5.0 450.0                            LAT/LON1/LON2/DLON/H
  214  201  213  221  230  235  245  252  263  273  284  289  292  290  283  271
  257  243  231  222  212  202  190  178  165  149  136  121  112  100   94   85
   82   75   72   67   66   61   60   56   55   51   50   47   45   43   42   42
   41   41   40   41   40   41   40   42   42   43   40   43   44   49   55   63
   74   85  100  113  129  142  156  184  214                                   
    57.5-180.0 180.0   5.0 450.0                            LAT/LON1/LON2/DLON/H
  214  204  217  231  240  247  255  262  270  277  285  290  294  294  290  282
  270  260  250  240  232  220  205  190  174  156  141  127  118  109  101   92
   85   76   69   63   59   54   53   50   50   48   47   45   43   41   39   39
   37   39   38   40   39   43   44   47   47   49   46   49   49   55   61   71
   80   94  107  121  132  143  152  184  214                                   
    55.0-180.0 180.0   5.0 450.0                            LAT/LON1/LON2/DLON/H
  217  207  224  239  252  259  266  270  275  280  285  289  294  296  297  293
  288  279  270  260  248  235  220  201  184  165  150  137  130  122  116  106
   99   86   78   68   64   58   57   55   55   55   54   54   51   50   46   46
   44   45   45   48   47   52   53   57   59   60   58   59   60   65   73   81
   94  107  122  131  141  148  157  187  217                                   
    52.5-180.0 180.0   5.0 450.0                            LAT/LON1/LON2/DLON/H
  224  220  238  258  273  281  287  289  289  289  289  292  295  301  302  304
  300  296  287  276  263  247  231  212  193  176  163  153  148  141  136  126
  116  101   91   80   74   68   67   66   67   68   69   67   65   61   58   56
   54   54   54   56   57   62   65   69   70   71   68   70   70   76   84   96
  110  127  141  151  157  161  165  198  224                                   
    50.0-180.0 180.0   5.0 450.0                            LAT/LON1/LON2/DLON/H
  241  240  265  285  300  309  312  314  310  306  301  299  300  305  308  313
  312  309  300  289  275  256  240  222  206  190  180  172  167  162  154  144
  131  116  105   93   87   82   81   81   83   85   87   87   85   82   78   76
   73   73   72   73   73   77   79   83   84   83   81   80   81   87   98  111
  130  148  165  175  181  183  188  219  241                                   
    47.5-180.0 180.0   5.0 450.0                            LAT/LON1/LON2/DLON/H
  260  270  295  316  331  340  343  343  335  328  315  312  308  313  314  320
  318  314  305  293  279  260  245  230  216  202  194  187  183  176  168  154
  142  125  115  104  100   95   96   95   98   99  104  103  104   99   97   92
   91   89   89   89   89   91   94   96   97   96   91   90   91   98  110  127
  148  171  188  201  207  210  212  245  260                                   
    45.0-180.0 180.0   5.0 450.0                            LAT/LON1/LON2/DLON/H
  288  302  329  347  362  368  369  366  359  351  337  330  322  325  323  329
  324  319  310  299  286  268  256  241  232  217  210  200  194  183  171  155
  141  126  117  109  108  105  105  106  107  110  114  116  117  115  113  111
  109  107  106  105  104  105  107  108  108  104  101   97   99  104  119  137
  161  186  206  222  232  239  245  271  288                                   
    42.5-180.0 180.0   5.0 450.0                            LAT/LON1/LON2/DLON/H
  308  329  352  371  381  386  386  383  376  370  354  349  339  341  336  337
  330  321  313  302  292  277  267  253  243  229  217  202  191  176  163  146
  132  118  113  109  112  111  114  112  115  116  123  123  127  124  126  124
  124  122  122  119  118  116  117  116  115  110  106  102  104  110  125  146
  170  195  217  235  250  262  269  295  308                                   
    40.0-180.0 180.0   5.0 450.0                            LAT/LON1/LON2/DLON/H
  328  347  369  382  391  393  393  391  388  383  372  368  358  359  350  348
  337  330  323  315  307  295  285  270  259  240  224  203  185  165  151  134
  122  111  111  111  118  118  121  119  120  121  126  129  133  132  134  133
  135  134  132  130  128  126  125  123  121  115  110  107  108  115  129  149
  172  195  215  235  253  271  284  309  328                                   
    37.5-180.0 180.0   5.0 450.0                            LAT/LON1/LON2/DLON/H
  337  360  376  390  394  397  396  395  392  390  381  381  373  372  363  358
  347  341  334  330  324  315  304  285  269  245  223  196  176  154  143  128
  120  113  116  121  129  130  131  126  126  124  131  133  137  135  137  136
  139  138  138  135  134  131  130  128  125  121  115  112  112  119  132  150
  169  190  209  227  249  272  291  319  337                                   
    35.0-180.0 180.0   5.0 450.0                            LAT/LON1/LON2/DLON/H
  350  370  387  396  396  394  393  391  392  390  388  389  384  384  374  368
  357  353  351  348  346  336  323  300  279  250  224  196  178  161  155  147
  144  138  143  146  156  155  155  147  142  138  141  141  143  140  141  140
  142  142  142  141  138  138  137  136  133  128  122  118  117  123  136  152
  168  184  199  215  237  263  288  321  350                                   
    32.5-180.0 180.0   5.0 450.0                            LAT/LON1/LON2/DLON/H
  361  383  398  406  404  401  398  397  393  397  394  397  393  394  384  378
  369  368  366  368  365  355  338  313  287  257  231  206  193  185  189  188
  187  181  179  178  183  180  180  173  167  161  160  157  155  149  145  141
  141  141  141  139  138  138  139  140  137  133  125  121  120  127  139  156
  169  182  193  208  229  259  291  327  361                                   
    30.0-180.0 180.0   5.0 450.0                            LAT/LON1/LON2/DLON/H
  377  400  415  423  419  417  409  407  400  404  401  406  402  404  394  390
  381  381  383  385  382  369  351  326  299  274  254  237  234  237  248  256
  256  249  237  226  224  216  211  202  198  194  191  184  177  165  157  149
  146  142  140  137  136  137  139  140  141  134  129  123  124  132  148  165
  179  187  197  207  227  256  294  336  377                                   
    27.5-180.0 180.0   5.0 450.0                            LAT/LON1/LON2/DLON/H
  395  418  438  448  447  445  440  437  427  428  419  424  418  418  406  403
  394  398  399  403  394  379  358  338  318  302  290  287  293  314  336  358
  359  347  316  292  273  260  246  233  225  221  218  213  200  183  168  155
  146  138  131  126  122  122  126  128  130  126  120  117  122  136  156  181
  194  205  209  220  235  267  309  355  395                                   
    25.0-180.0 180.0   5.0 450.0                            LAT/LON1/LON2/DLON/H
  419  443  466  476  482  484  477  474  461  457  441  444  433  434  420  419
  411  413  415  413  402  384  366  351  344  338  342  350  371  401  440  463
  464  438  393  346  317  293  280  267  255  250  244  235  220  197  179  161
  150  136  128  120  119  119  124  126  127  123  118  115  120  135  161  190
  212  225  234  240  261  291  337  380  419                                   
    22.5-180.0 180.0   5.0 450.0                            LAT/LON1/LON2/DLON/H
  450  471  500  517  526  528  526  525  517  508  488  481  463  460  444  443
  433  437  432  428  409  394  377  374  378  394  408  432  461  502  540  564
  557  517  452  391  343  317  303  292  281  274  265  254  237  214  192  175
  161  150  140  134  132  133  136  136  136  128  123  119  124  138  167  202
  228  247  258  274  294  329  370  412  450                                   
    20.0-180.0 180.0   5.0 450.0                            LAT/LON1/LON2/DLON/H
  481  502  536  555  574  578  579  582  576  567  541  527  499  494  473  471
  462  459  452  439  424  408  403  409  433  456  483  508  539  573  609  621
  600  550  473  399  343  314  302  294  284  277  268  259  244  226  211  193
  180  167  158  153  150  150  149  147  145  134  126  120  126  141  173  208
  243  265  285  304  329  363  403  445  481                                   
    17.5-180.0 180.0   5.0 450.0                            LAT/LON1/LON2/DLON/H
  511  539  580  605  624  633  636  642  639  632  603  585  549  540  518  514
  503  498  481  468  451  447  453  479  509  542  566  582  599  619  631  631
  602  542  456  381  330  305  293  283  273  265  259  251  244  233  223  210
  197  182  172  166  163  162  159  153  148  134  126  120  126  144  177  216
  254  283  305  331  353  390  428  472  511                                   
    15.0-180.0 180.0   5.0 450.0                            LAT/LON1/LON2/DLON/H
  537  571  610  640  660  667  679  690  692  687  659  641  609  599  573  566
  552  540  522  505  497  501  524  555  587  614  623  621  615  611  602  590
  549  486  407  346  307  283  272  262  251  248  243  242  238  233  228  217
  207  195  183  179  173  171  161  154  144  132  122  117  125  147  184  223
  264  292  321  348  375  412  451  494  537                                   
    12.5-180.0 180.0   5.0 450.0                            LAT/LON1/LON2/DLON/H
  548  591  634  666  682  684  699  717  729  730  708  693  664  654  628  622
  607  596  577  567  561  580  603  637  658  669  659  636  602  568  537  509
  465  413  356  316  287  273  258  248  239  235  231  231  230  229  228  221
  215  207  198  192  183  176  165  159  148  137  127  121  128  152  190  233
  271  306  332  362  387  425  464  509  548                                   
    10.0-180.0 180.0   5.0 450.0                            LAT/LON1/LON2/DLON/H
  557  601  638  671  688  686  697  715  736  746  738  726  708  704  681  675
  661  651  633  626  627  651  676  700  707  699  671  623  560  499  448  413
  378  344  317  298  283  273  265  256  244  239  231  229  228  225  224  219
  215  209  200  195  183  179  168  164  152  143  129  128  135  164  202  242
  281  315  345  375  405  440  481  517  557                                   
     7.5-180.0 180.0   5.0 450.0                            LAT/LON1/LON2/DLON/H
  557  603  632  668  677  679  684  702  728  746  744  743  731  735  719  716
  705  692  679  679  687  709  727  738  733  712  663  591  505  424  367  336
