data/unet/pred2940.15i
     1.0            IONOSPHERE MAPS     GNSS                IONEX VERSION / TYPE
pyspatialgeodesy        IME             05-JAN-18 20:20     PGM / RUN BY / DATE 
Map Name                                                    COMMENT             
Predicted global ionosphere maps (GIM).                     DESCRIPTION         
  2015    10    21     0     0     0                        EPOCH OF FIRST MAP  
  2015    10    22     0     0     0                        EPOCH OF LAST MAP   
  7200                                                      INTERVAL            
    13                                                      # OF MAPS IN FILE   
  NONE                                                      MAPPING FUNCTION    
10.0                                                        ELEVATION CUTOFF    
One-way carrier phase leveled to code                       OBSERVABLES USED    
  6371.0                                                    BASE RADIUS         
 2                                                          MAP DIMENSION       
   450.0 450.0   0.0                                        HGT1 / HGT2 / DHGT  
    87.5 -87.5  -2.5                                        LAT1 / LAT2 / DLAT  
  -180.0 180.0   5.0                                        LON1 / LON2 / DLON  
    -1                                                      EXPONENT            
                                                            END OF HEADER       
[from data line 1287]
     4                                                      START OF TEC MAP    
  2015    10    21     6     0     0                        EPOCH OF CURRENT MAP
    87.5-180.0 180.0   5.0 450.0                            LAT/LON1/LON2/DLON/H
   57   88   84   80   86   79   86   82   90   88   94   92   98   96  101   98
  103  100  105  101  106  102  105  101  105  100  104   99  104   98  104   98
  105   98  106   99  107  101  108  102  110  103  110  103  110  103  109  103
  109  102  107  100  105   99  103   96  100   92   95   88   92   85   88   81
   86   78   84   77   86   80  100   57   57                                   
    85.0-180.0 180.0   5.0 450.0                            LAT/LON1/LON2/DLON/H
   81   84   78   81   81   82   84   87   88   91   92   97   97  101  102  105
  105  106  106  105  104  104  101  101   98   98   95   96   93   94   91   93
   91   91   91   92   92   92   94   94   97   96   98   99  100  102  103  105
  105  107  107  109  109  110  110  110  110  108  108  105  105  101  100   95
   96   90   91   86   87   76   94   77   81                                   
    82.5-180.0 180.0   5.0 450.0                            LAT/LON1/LON2/DLON/H
   67   67   65   64   69   66   74   72   80   80   88   89   96   96  102  101
  106  104  106  103  104  100   99   95   95   89   89   83   85   79   82   77
   82   78   82   80   86   84   89   88   94   93   98   98  103  102  106  106
  110  110  113  113  116  115  116  114  116  112  112  105  107   98   99   89
   92   81   84   74   77   66   82   56   67                                   
    80.0-180.0 180.0   5.0 450.0                            LAT/LON1/LON2/DLON/H
   59   56   46   47   47   51   54   61   65   73   76   85   88   95   97  101
  103  103  103  101   99   96   92   88   84   80   76   74   71   70   68   68
   68   69   69   72   73   77   77   82   83   88   89   94   97  102  107  111
  116  120  124  127  130  131  134  133  134  130  127  122  118  112  106  100
   94   88   82   76   69   59   64   45   59                                   
    77.5-180.0 180.0   5.0 450.0                            LAT/LON1/LON2/DLON/H
   56   50   38   36   37   41   44   52   58   66   71   79   84   91   92   97
   96   97   94   92   88   84   79   74   69   65   60   59   55   57   55   57
   57   60   61   65   67   71   74   79   83   88   92   99  103  112  116  126
  129  137  140  148  149  153  153  155  152  151  144  143  134  131  119  114
  102   97   87   82   74   62   69   43   56                                   
    75.0-180.0 180.0   5.0 450.0                            LAT/LON1/LON2/DLON/H
   63   51   38   33   31   34   37   45   49   60   63   74   75   84   84   90
   87   89   83   82   74   73   65   63   55   56   49   52   48   52   49   53
   50   54   53   57   57   63   64   71   74   82   87   96  103  112  121  129
  138  145  153  159  166  169  173  174  174  169  165  158  154  147  141  130
  121  110  101   91   83   70   76   50   63                                   
    72.5-180.0 180.0   5.0 450.0                            LAT/LON1/LON2/DLON/H
   73   60   45   38   35   35   36   40   45   51   58   64   69   73   76   78
   79   77   75   70   66   61   57   52   49   47   46   45   46   46   47   48
   48   48   48   49   51   54   59   65   72   81   89   99  108  120  130  140
  149  158  165  175  181  187  193  195  197  195  190  184  175  169  157  151
  140  133  120  112  100   87   87   66   73                                   
    70.0-180.0 180.0   5.0 450.0                            LAT/LON1/LON2/DLON/H
   86   74   56   48   42   40   41   43   46   53   56   63   64   70   69   71
   70   68   66   62   58   54   51   47   47   44   47   45   51   48   54   50
   54   50   51   48   50   52   57   62   71   78   90  100  114  124  140  148
  160  167  181  187  196  202  208  211  214  212  208  201  197  186  177  164
  159  148  142  130  123  105  104   88   86                                   
    67.5-180.0 180.0   5.0 450.0                            LAT/LON1/LON2/DLON/H
   98   88   72   61   54   50   48   48   51   53   57   59   62   63   63   64
   63   62   60   58   55   52   49   48   48   48   50   52   55   57   57   58
   56   55   52   50   49   50   55   62   72   83   96  111  125  138  150  161
  172  180  192  200  209  214  219  223  225  222  217  209  204  196  187  176
  167  160  154  147  138  123  117  102   98                                   
    65.0-180.0 180.0   5.0 450.0                            LAT/LON1/LON2/DLON/H
  107   99   80   69   60   57   53   53   54   56   58   60   60   61   60   60
   59   58   57   56   53   51   48   48   50   50   54   55   61   58   62   57
   58   53   51   48   47   49   54   60   71   83  100  115  133  145  161  167
  182  190  200  211  220  227  231  236  236  232  223  215  209  200  192  181
  173  164  159  153  147  136  128  118  107                                   
    62.5-180.0 180.0   5.0 450.0                            LAT/LON1/LON2/DLON/H
  113  104   87   74   67   60   58   55   58   57   59   59   59   58   56   57
   55   56   54   54   52   50   49   48   50   51   55   58   59   60   58   56
   53   49   44   42   42   45   51   60   73   90  106  124  137  154  164  176
  187  198  209  220  229  236  241  245  245  239  229  216  210  200  191  181
  171  161  155  152  146  139  133  121  113                                   
    60.0-180.0 180.0   5.0 450.0                            LAT/LON1/LON2/DLON/H
  111  105   86   74   64   60   55   56   56   57   58   58   58   57   55   55
   57   56   56   56   54   52   49   50   50   53   54   57   56   55   50   49
   42   42   36   38   38   44   51   61   75   94  111  127  144  158  171  182
  194  206  216  228  238  245  249  254  254  248  232  222  213  205  193  183
  169  160  152  149  144  139  132  127  111                                   
    57.5-180.0 180.0   5.0 450.0                            LAT/LON1/LON2/DLON/H
  116  103   87   71   64   56   54   51   55   53   57   56   56   55   53   55
   54   57   54   55   51   50   47   47   50   51   54   54   54   50   46   41
   38   36   34   36   40   47   56   68   84  103  118  135  150  165  177  189
  201  214  228  239  250  256  261  264  264  256  243  231  224  215  203  191
  174  162  153  148  142  138  134  123  116                                   
    55.0-180.0 180.0   5.0 450.0                            LAT/LON1/LON2/DLON/H
  116  109   86   73   63   57   51   50   50   52   54   54   55   54   55   55
   58   57   58   56   55   52   49   51   51   55   53   55   49   47   39   38
   32   35   33   40   44   53   62   75   90  107  123  139  154  169  184  197
  210  224  238  252  263  271  276  280  279  272  257  245  237  230  218  204
  187  173  160  154  146  143  135  130  116                                   
    52.5-180.0 180.0   5.0 450.0                            LAT/LON1/LON2/DLON/H
  129  112   95   78   69   60   56   51   52   50   54   54   56   55   56   56
   57   58   55   55   49   49   44   48   50   54   55   56   53   48   43   39
   37   39   43   50   58   67   76   90  103  121  135  151  165  181  196  209
  225  238  255  268  280  288  295  297  297  288  277  265  258  250  238  225
  207  190  175  165  157  152  146  135  129                                   
    50.0-180.0 180.0   5.0 450.0                            LAT/LON1/LON2/DLON/H
  141  130  108   93   82   73   66   60   56   54   54   55   56   55   57   55
   59   56   59   54   54   50   51   54   57   63   61   62   56   53   47   45
   43   46   51   60   69   79   89  102  115  131  144  161  176  193  209  225
  240  255  271  286  298  307  311  314  313  306  295  285  277  269  257  246
  230  214  197  182  173  166  160  150  141                                   
    47.5-180.0 180.0   5.0 450.0                            LAT/LON1/LON2/DLON/H
  162  145  129  112  103   91   84   73   69   62   61   59   60   59   59   58
   58   59   56   57   52   54   51   59   60   69   68   69   63   58   52   50
   49   54   62   73   84   95  108  121  134  147  162  177  195  211  230  244
  260  272  289  302  313  319  324  323  322  313  306  297  292  285  272  263
  246  232  217  202  192  184  179  162  162                                   
    45.0-180.0 180.0   5.0 450.0                            LAT/LON1/LON2/DLON/H
  175  163  150  135  124  113  104   91   81   73   69   65   65   61   61   57
   60   55   60   54   59   55   62   66   74   77   79   75   72   64   61   57
   60   63   74   86   98  111  123  136  147  161  177  193  212  230  248  263
  277  290  303  317  324  330  332  332  329  322  311  306  299  294  280  270
  255  244  232  219  210  197  194  181  175                                   
    42.5-180.0 180.0   5.0 450.0                            LAT/LON1/LON2/DLON/H
  184  172  161  153  145  135  123  109   96   85   80   74   72   69   66   64
   61   63   62   65   65   69   71   80   83   89   85   83   73   69   62   61
   62   70   82   97  112  127  142  155  169  181  198  216  236  252  270  282
  295  306  318  327  334  336  337  335  333  324  314  308  303  299  286  276
  259  247  237  227  220  207  203  189  184                                   
    40.0-180.0 180.0   5.0 450.0                            LAT/LON1/LON2/DLON/H
  181  173  161  155  151  144  136  122  108   97   90   84   83   75   74   67
   70   66   72   70   77   77   85   89   97   95   95   85   81   73   69   68
   68   77   87  105  120  138  155  171  185  201  220  240  257  273  288  302
  312  323  331  341  344  349  348  348  344  338  324  319  308  303  287  275
  257  247  237  227  220  204  205  191  181                                   
    37.5-180.0 180.0   5.0 450.0                            LAT/LON1/LON2/DLON/H
  170  162  145  144  140  141  134  124  111  101   95   90   90   84   82   78
   77   79   82   86   90   92   96  100  100   99   91   85   74   69   66   65
   70   77   92  108  127  147  168  187  206  228  248  265  280  292  306  317
  327  337  346  354  359  363  366  365  366  357  346  336  324  314  295  280
  259  246  236  224  214  199  197  181  170                                   
    35.0-180.0 180.0   5.0 450.0                            LAT/LON1/LON2/DLON/H
  158  145  125  121  122  124  123  118  109  103   97   97   97   93   94   89
   91   91   98   99  107  105  111  109  109  103   95   85   76   72   68   70
   71   80   90  108  129  152  177  198  225  248  268  283  295  308  319  331
  340  352  360  372  377  387  392  399  399  395  383  372  356  341  314  294
  269  255  241  225  213  192  194  177  158                                   
    32.5-180.0 180.0   5.0 450.0                            LAT/LON1/LON2/DLON/H
  150  139  111  103   98  102  101  100   97   92   92   92   98   97  101   99
  103  106  112  114  118  116  114  112  106  101   89   81   73   69   71   72
   78   81   95  110  132  158  182  210  237  266  283  297  308  317  328  336
  347  357  370  382  396  410  424  436  442  443  434  423  406  386  357  329
  300  280  263  244  226  204  194  175  150                                   
    30.0-180.0 180.0   5.0 450.0                            LAT/LON1/LON2/DLON/H
  157  133  104   90   79   78   80   81   83   85   85   90   96  102  107  110
  115  118  124  125  128  122  120  115  112  105   96   88   81   80   80   80
   80   83   92  110  133  160  190  213  247  272  292  306  317  326  335  344
  357  370  386  403  422  442  462  480  494  501  494  485  467  443  414  383
  352  327  304  279  257  229  211  196  157                                   
    27.5-180.0 180.0   5.0 450.0                            LAT/LON1/LON2/DLON/H
  186  154  122  102   85   76   73   71   75   76   80   80   89   94  106  110
  120  123  128  128  126  120  114  115  114  113  104   97   92   91   90   90
   88   87   96  113  137  167  195  220  243  272  292  309  320  330  343  351
  370  383  407  423  450  473  499  523  544  559  556  551  530  508  478  449
  420  392  369  341  311  278  250  242  186                                   
    25.0-180.0 180.0   5.0 450.0                            LAT/LON1/LON2/DLON/H
  245  191  164  134  109   94   80   76   76   78   81   83   88   97  107  115
  120  124  124  122  118  113  112  118  123  125  121  114  112  110  108  107
  101  100  104  117  142  168  199  220  243  265  289  307  323  336  352  368
  390  408  435  458  490  515  545  576  606  627  631  632  611  583  551  521
  494  470  445  416  389  354  316  309  245                                   
    22.5-180.0 180.0   5.0 450.0                            LAT/LON1/LON2/DLON/H
  319  256  229  193  162  134  115  104   99   95   91   89   89   92  102  107
  114  115  114  109  106  105  109  127  137  147  144  141  137  135  131  128
  120  116  115  126  144  172  200  223  237  256  278  304  325  344  365  386
  411  437  473  504  538  562  595  623  651  674  681  682  673  654  631  598
  572  546  521  491  462  430  395  386  319                                   
    20.0-180.0 180.0   5.0 450.0                            LAT/LON1/LON2/DLON/H
  393  342  308  274  232  201  172  150  136  126  114  105  100  102  105  111
  112  111  106  102   99  105  117  142  157  173  173  171  161  158  151  149
  139  128  129  132  151  170  198  219  238  253  276  304  333  356  382  407
  443  475  519  549  581  601  619  646  678  705  712  715  711  697  681  658
  638  609  584  554  528  497  473  455  393                                   
    17.5-180.0 180.0   5.0 450.0                            LAT/LON1/LON2/DLON/H
  451  425  407  368  324  285  245  214  192  172  153  134  120  114  110  108
  105  100   97   96   97  112  128  164  184  210  204  193  177  168  154  149
  135  132  130  129  144  163  191  210  233  255  279  310  337  367  393  424
  463  502  545  574  602  620  635  656  686  708  722  729  733  728  717  697
  680  655  628  598  575  550  537  520  451                                   
    15.0-180.0 180.0   5.0 450.0                            LAT/LON1/LON2/DLON/H
  499  488  476  454  417  379  323  291  258  231  201  179  156  146  133  129
  116  111  105  105  109  129  150  190  216  241  235  219  201  179  167  154
  145  134  131  123  135  151  176  205  232  260  286  319  350  381  416  448
  491  526  567  588  610  626  633  654  673  693  706  720  730  733  729  712
  694  672  651  627  607  589  587  571  499                                   
    12.5-180.0 180.0   5.0 450.0                            LAT/LON1/LON2/DLON/H
  541  543  542  519  486  445  400  355  321  290  258  221  196  178  165  146
  126  110  105  107  116  141  172  215  242  258  249  230  200  179  158  142
  130  119  120  117  130  143  173  198  234  265  298  331  361  392  426  459
  501  535  565  584  601  611  622  635  649  665  679  698  715  728  727  718
  700  683  665  649  636  622  627  607  541                                   
    10.0-180.0 180.0   5.0 450.0                            LAT/LON1/LON2/DLON/H
  564  574  572  556  530  488  449  411  374  339  303  274  242  222  205  188
  163  141  130  128  137  164  195  241  266  278  268  235  207  177  159  136
  130  113  114  107  118  138  163  202  234  270  302  337  370  402  440  472
  511  540  565  580  594  604  607  623  632  646  657  676  696  711  712  703
  688  672  659  648  645  637  640  622  564                                   
     7.5-180.0 180.0   5.0 450.0                            LAT/LON1/LON2/DLON/H
  575  588  593  580  557  520  480  447  418  385  346  311  282  260  245  224
  201  174  161  153  164  184  221  253  276  282  262  230  199  170  149  130
