data/unet/pred2260.15i
     1.0            IONOSPHERE MAPS     GNSS                IONEX VERSION / TYPE
pyspatialgeodesy        IME             05-JAN-18 20:20     PGM / RUN BY / DATE 
Map Name                                                    COMMENT             
Predicted global ionosphere maps (GIM).                     DESCRIPTION         
  2015     8    14     0     0     0                        EPOCH OF FIRST MAP  
  2015     8    15     0     0     0                        EPOCH OF LAST MAP   
  7200                                                      INTERVAL            
    13                                                      # OF MAPS IN FILE   
  NONE                                                      MAPPING FUNCTION    
10.0                                                        ELEVATION CUTOFF    
One-way carrier phase leveled to code                       OBSERVABLES USED    
  6371.0                                                    BASE RADIUS         
 2                                                          MAP DIMENSION       
   450.0 450.0   0.0                                        HGT1 / HGT2 / DHGT  
    87.5 -87.5  -2.5                                        LAT1 / LAT2 / DLAT  
  -180.0 180.0   5.0                                        LON1 / LON2 / DLON  
    -1                                                      EXPONENT            
                                                            END OF HEADER       
[from data line 4719]
    12                                                      START OF TEC MAP    
  2015     8    14    22     0     0                        EPOCH OF CURRENT MAP
    87.5-180.0 180.0   5.0 450.0                            LAT/LON1/LON2/DLON/H
  174  125  109  113  113  112  113  113  114  113  114  114  115  114  115  114
  115  114  114  113  114  112  112  111  110  109  109  108  107  106  105  104
  103  103  102  101  100  100   99   99   98   98   98   98   98   97   98   98
   98   98   99   99  100  100  100  101  101  102  102  102  103  103  104  104
  105  105  106  107  108  108  112  148  174                                   
    85.0-180.0 180.0   5.0 450.0                            LAT/LON1/LON2/DLON/H
  113  105  106  110  110  110  111  111  112  113  114  114  115  115  115  115
  116  115  115  114  114  112  112  110  109  107  106  104  102  101   99   99
   97   96   95   94   93   92   91   91   90   91   90   91   90   91   91   92
   91   92   92   93   93   94   95   96   96   97   97   98   98   99   99  100
  100  101  101  102  103  104  105  126  113                                   
    82.5-180.0 180.0   5.0 450.0                            LAT/LON1/LON2/DLON/H
  104  105  107  110  111  110  113  114  116  116  119  119  122  122  124  123
  124  123  124  123  122  120  120  117  116  113  112  108  107  104  103  100
  100   97   97   95   96   93   94   92   94   92   94   92   94   93   95   94
   96   94   96   95   97   96   98   97   99   97  100   98  100   99  101   99
  101  100  102  101  103  101  105  116  104                                   
    80.0-180.0 180.0   5.0 450.0                            LAT/LON1/LON2/DLON/H
  105  105  103  107  106  109  110  114  114  118  119  123  124  127  127  130
  129  130  129  129  127  126  123  121  117  114  111  108  105  102  100   98
   96   95   93   92   91   91   90   91   90   91   90   92   91   93   92   94
   93   94   93   96   94   96   94   97   95   97   96   97   96   97   96   98
   96   98   96   98   98  100   99  107  105                                   
    77.5-180.0 180.0   5.0 450.0                            LAT/LON1/LON2/DLON/H
   98  101  100  102  103  104  108  110  114  116  121  123  128  129  133  133
  135  133  135  132  131  127  126  121  118  113  110  106  103  100   98   96
   94   92   91   91   89   89   89   89   88   88   89   90   90   90   91   92
   92   92   92   93   93   93   94   94   94   94   95   94   95   94   95   94
   95   93   94   93   96   93   94   99   98                                   
    75.0-180.0 180.0   5.0 450.0                            LAT/LON1/LON2/DLON/H
   92   97   94   99   98  103  104  109  112  118  121  127  130  134  136  139
  139  139  137  137  133  130  125  122  116  112  106  104   99   98   94   94
   91   91   89   90   87   88   86   87   86   87   86   87   86   88   88   89
   88   89   89   90   89   91   89   91   90   92   91   93   91   93   92   93
   91   92   90   91   91   91   91   99   92                                   
    72.5-180.0 180.0   5.0 450.0                            LAT/LON1/LON2/DLON/H
   88   94   94   96   97   99  104  106  112  116  123  127  133  135  139  139
  141  138  138  135  133  127  124  117  114  107  104   98   96   93   92   90
   90   89   89   88   87   86   86   84   84   83   83   82   82   82   83   83
   83   83   84   84   84   85   85   86   86   87   88   89   89   89   90   89
   89   88   88   87   89   87   88   96   88                                   
    70.0-180.0 180.0   5.0 450.0                            LAT/LON1/LON2/DLON/H
   87   94   91   96   96  100  102  108  112  119  124  131  135  139  140  142
  141  141  138  136  131  127  120  116  108  104   97   94   89   89   86   87
   86   88   86   87   85   85   82   82   79   79   77   77   76   76   76   76
   76   76   74   75   74   75   75   77   78   80   81   84   85   87   87   88
   87   87   86   87   87   87   87   97   87                                   
    67.5-180.0 180.0   5.0 450.0                            LAT/LON1/LON2/DLON/H
   88   96   95   97   98  100  105  108  115  120  127  132  138  140  143  142
  143  139  138  133  131  125  121  113  109  100   96   90   88   85   85   85
   86   85   86   86   85   83   82   79   76   73   73   71   70   69   69   68
   67   66   65   65   64   65   66   68   70   73   77   80   83   85   87   87
   88   88   88   88   90   89   89   98   88                                   
    65.0-180.0 180.0   5.0 450.0                            LAT/LON1/LON2/DLON/H
   93  101   99  103  102  105  108  114  118  124  129  136  139  143  144  145
  144  142  139  137  133  128  121  116  108  103   95   92   87   87   85   87
   85   88   86   87   83   83   79   77   72   71   67   66   63   63   61   60
   57   57   54   54   52   54   55   59   62   67   71   76   80   83   86   87
   88   90   90   91   93   93   94  104   93                                   
    62.5-180.0 180.0   5.0 450.0                            LAT/LON1/LON2/DLON/H
  100  108  106  107  108  108  113  115  120  124  131  135  141  143  146  144
  145  142  142  137  136  129  126  118  114  104  101   94   93   90   91   90
   91   89   90   87   86   83   80   76   72   68   66   63   61   58   57   54
   52   50   46   45   44   46   48   52   57   63   69   74   79   83   86   89
   91   93   94   95   98   99   99  110  100                                   
    60.0-180.0 180.0   5.0 450.0                            LAT/LON1/LON2/DLON/H
  109  117  114  117  115  116  117  119  122  126  130  137  140  144  145  147
  145  144  142  142  139  136  130  126  118  113  106  104  100  101   98  100
   97   97   93   94   88   88   81   80   73   72   66   65   61   60   55   54
   48   47   41   41   38   41   42   49   54   61   67   74   79   84   87   90
   92   95   96   99  102  104  107  118  109                                   
    57.5-180.0 180.0   5.0 450.0                            LAT/LON1/LON2/DLON/H
  118  126  124  125  123  121  122  121  124  125  130  133  139  141  144  143
  144  142  143  141  142  138  136  129  127  119  117  112  113  110  112  109
  108  103  102   98   95   91   89   84   81   76   74   70   67   64   60   56
   51   47   42   40   38   40   42   48   54   61   69   75   81   85   88   93
   94   98  100  103  107  109  111  124  118                                   
    55.0-180.0 180.0   5.0 450.0                            LAT/LON1/LON2/DLON/H
  126  135  133  135  132  130  129  127  126  127  129  133  135  138  140  142
  141  142  141  144  143  143  140  137  133  129  126  126  124  126  123  122
  117  114  108  106  100   99   94   94   88   87   82   80   75   73   66   64
   56   53   46   45   41   43   44   51   56   64   70   77   82   88   90   95
   97  101  103  107  111  113  118  132  126                                   
    52.5-180.0 180.0   5.0 450.0                            LAT/LON1/LON2/DLON/H
  134  142  142  144  141  138  137  133  132  129  130  131  134  134  137  136
  137  137  139  139  142  141  142  139  139  135  136  135  138  137  138  132
  129  121  117  111  108  104  103  100   99   95   93   88   85   80   75   70
   64   58   53   49   47   47   49   54   60   67   75   80   86   91   94   99
  101  105  108  111  116  118  120  137  134                                   
    50.0-180.0 180.0   5.0 450.0                            LAT/LON1/LON2/DLON/H
  139  148  148  151  150  148  146  143  139  135  133  133  133  133  133  134
  133  134  135  139  140  143  142  143  142  142  142  146  147  149  146  143
  136  130  122  119  113  113  109  110  107  107  102  100   93   90   83   80
   72   68   62   59   56   56   56   61   66   73   79   85   90   95   98  104
  107  112  115  118  122  123  127  142  139                                   
    47.5-180.0 180.0   5.0 450.0                            LAT/LON1/LON2/DLON/H
  142  151  152  157  156  156  156  152  149  145  142  138  137  134  133  132
  131  130  133  134  138  139  142  141  144  144  149  152  157  157  157  151
  145  135  129  123  121  118  118  117  117  113  111  106  102   96   92   87
   82   77   73   68   66   64   65   69   74   79   86   91   97  101  106  111
  116  121  124  126  130  129  127  145  142                                   
    45.0-180.0 180.0   5.0 450.0                            LAT/LON1/LON2/DLON/H
  144  153  155  161  162  163  165  164  162  158  153  149  144  140  136  135
  132  132  132  137  139  142  142  145  146  149  153  160  162  165  162  158
  149  142  134  130  126  125  123  124  121  121  116  115  107  104   98   95
   90   88   83   81   76   76   74   78   81   87   92   99  104  110  115  122
  129  134  138  138  140  138  137  152  144                                   
    42.5-180.0 180.0   5.0 450.0                            LAT/LON1/LON2/DLON/H
  146  155  157  164  166  170  174  176  176  174  170  164  158  150  145  140
  138  136  137  139  143  144  147  148  151  153  160  164  170  170  169  163
  157  148  143  136  134  131  130  127  127  123  121  117  112  108  104  100
   97   94   92   89   86   84   84   85   89   93   99  105  113  119  127  135
  143  149  152  153  153  148  142  160  146                                   
    40.0-180.0 180.0   5.0 450.0                            LAT/LON1/LON2/DLON/H
  149  159  160  167  171  176  181  187  190  191  187  183  174  166  157  152
  147  145  145  149  150  153  155  158  159  163  168  174  176  177  173  169
  162  155  150  145  140  137  134  132  130  128  124  123  116  115  109  109
  104  104  100   98   93   92   89   92   93   99  105  114  123  131  140  149
  159  165  169  169  168  160  155  170  149                                   
    37.5-180.0 180.0   5.0 450.0                            LAT/LON1/LON2/DLON/H
  156  164  164  172  176  182  190  198  204  207  206  201  193  184  174  167
  162  158  158  158  162  163  168  169  173  175  181  183  186  184  182  176
  172  164  160  153  148  143  140  136  135  131  129  126  122  119  116  114
  112  109  106  103   99   96   94   94   97  102  110  119  130  141  153  163
  174  181  186  186  183  175  163  182  156                                   
    35.0-180.0 180.0   5.0 450.0                            LAT/LON1/LON2/DLON/H
  165  174  175  180  185  192  199  210  217  224  224  222  213  205  194  187
  180  176  172  174  175  178  182  186  188  193  195  199  196  195  190  185
  179  172  167  159  153  147  143  139  137  135  132  131  125  124  120  120
  115  114  109  107  100   98   95   96   99  105  113  125  138  150  165  174
  187  195  200  200  198  190  181  197  165                                   
    32.5-180.0 180.0   5.0 450.0                            LAT/LON1/LON2/DLON/H
  180  187  187  195  199  204  212  221  231  239  243  240  234  225  216  208
  201  195  191  189  190  193  199  202  208  209  213  212  211  207  203  196
  190  181  175  165  158  150  146  140  139  137  135  131  127  124  121  119
  116  113  109  105   99   97   94   95   97  105  113  126  140  156  172  184
  196  204  211  213  212  205  193  215  180                                   
    30.0-180.0 180.0   5.0 450.0                            LAT/LON1/LON2/DLON/H
  197  206  208  214  216  221  226  235  245  255  257  259  252  246  235  230
  221  214  207  205  204  209  214  220  224  227  227  228  223  219  211  204
  197  187  179  167  159  149  145  140  139  137  135  132  126  123  119  118
  114  111  106  103   98   96   93   94   97  103  113  125  142  157  175  187
  201  210  219  223  224  220  212  232  197                                   
    27.5-180.0 180.0   5.0 450.0                            LAT/LON1/LON2/DLON/H
  219  226  230  237  239  242  246  252  261  267  272  273  270  264  256  248
  241  230  223  218  219  221  229  232  239  240  242  238  235  225  219  209
  203  189  182  167  158  147  142  136  136  134  133  128  122  118  113  111
  106  103   98   97   93   92   90   91   93  100  108  122  136  155  173  187
  201  212  222  229  232  231  225  249  219                                   
    25.0-180.0 180.0   5.0 450.0                            LAT/LON1/LON2/DLON/H
  238  248  253  262  264  267  268  273  278  284  287  292  287  285  276  272
  260  250  237  233  230  236  241  247  251  253  250  246  238  229  221  211
  202  187  178  161  151  138  134  129  129  129  127  123  117  112  106  103
   98   95   92   90   89   88   87   88   91   96  106  117  134  151  171  185
  200  212  224  232  240  242  242  264  238                                   
    22.5-180.0 180.0   5.0 450.0                            LAT/LON1/LON2/DLON/H
  259  265  273  281  285  286  288  290  297  301  305  308  307  304  299  292
  283  268  256  247  246  247  254  256  261  258  256  246  238  226  220  206
  200  181  173  154  143  129  125  120  121  121  120  115  109  102   96   92
   87   85   81   81   80   82   82   85   88   94  100  114  128  147  167  184
  198  213  226  237  246  251  252  279  259                                   
    20.0-180.0 180.0   5.0 450.0                            LAT/LON1/LON2/DLON/H
  273  281  289  296  299  304  305  309  314  321  323  330  329  330  322  319
  306  291  274  268  263  266  268  270  269  264  257  246  237  224  217  201
  193  170  162  140  132  119  117  112  115  114  115  109  104   96   91   87
   83   79   77   75   76   77   79   81   85   88   97  109  126  145  167  185
  200  214  229  240  253  259  266  291  273                                   
    17.5-180.0 180.0   5.0 450.0                            LAT/LON1/LON2/DLON/H
  287  293  299  305  309  313  318  322  330  335  341  347  350  350  347  342
  332  317  302  291  289  286  288  283  280  267  259  244  235  220  213  196
  188  167  158  139  130  118  116  111  113  112  112  105   98   91   85   81
   76   73   69   69   70   74   76   80   82   88   93  106  120  144  166  188
  204  220  234  247  260  268  274  302  287                                   
    15.0-180.0 180.0   5.0 450.0                            LAT/LON1/LON2/DLON/H
  295  300  306  310  314  321  327  334  339  348  352  363  366  371  368  365
  356  346  330  323  315  312  307  300  289  274  261  245  235  217  209  191
  185  161  156  137  133  122  122  116  118  115  114  106  100   92   87   82
   77   73   69   67   69   73   77   79   82   84   90  100  116  141  169  193
  211  227  241  253  267  276  284  310  295                                   
    12.5-180.0 180.0   5.0 450.0                            LAT/LON1/LON2/DLON/H
  301  307  309  314  317  325  332  340  347  355  361  370  378  383  383  381
  377  370  356  349  342  334  327  313  302  280  266  248  236  217  209  194
  187  169  163  150  146  138  138  131  130  126  124  115  107   98   92   86
   80   74   70   69   70   73   75   78   79   82   85   97  110  138  167  196
  216  234  248  261  274  282  292  320  301                                   
    10.0-180.0 180.0   5.0 450.0                            LAT/LON1/LON2/DLON/H
  308  312  314  317  319  328  336  346  351  360  363  375  382  390  390  391
  391  387  376  371  361  352  339  324  308  286  270  250  237  216  209  192
  190  171  171  159  163  157  157  150  146  141  136  128  119  110  101   94
   86   79   74   72   73   72   73   74   75   78   81   90  106  132  167  197
  220  239  255  266  279  290  303  329  308                                   
     7.5-180.0 180.0   5.0 450.0                            LAT/LON1/LON2/DLON/H
  318  326  324  328  327  335  342  352  356  363  366  376  384  392  394  397
  398  397  391  386  376  364  349  332  315  293  276  256  240  221  211  198
