data/unet/pred1090.15i
     1.0            IONOSPHERE MAPS     GNSS                IONEX VERSION / TYPE
pyspatialgeodesy        IME             05-JAN-18 20:20     PGM / RUN BY / DATE 
Map Name                                                    COMMENT             
Predicted global ionosphere maps (GIM).                     DESCRIPTION         
  2015     4    19     0     0     0                        EPOCH OF FIRST MAP  
  2015     4    20     0     0     0                        EPOCH OF LAST MAP   
  7200                                                      INTERVAL            
    13                                                      # OF MAPS IN FILE   
  NONE                                                      MAPPING FUNCTION    
10.0                                                        ELEVATION CUTOFF    
One-way carrier phase leveled to code                       OBSERVABLES USED    
  6371.0                                                    BASE RADIUS         
 2                                                          MAP DIMENSION       
   450.0 450.0   0.0                                        HGT1 / HGT2 / DHGT  
    87.5 -87.5  -2.5                                        LAT1 / LAT2 / DLAT  
  -180.0 180.0   5.0                                        LON1 / LON2 / DLON  
    -1                                                      EXPONENT            
                                                            END OF HEADER       
[from data line 3003]
     8                                                      START OF TEC MAP    
  2015     4    19    14     0     0                        EPOCH OF CURRENT MAP
    87.5-180.0 180.0   5.0 450.0                            LAT/LON1/LON2/DLON/H
  202  218  230  236  240  243  244  247  248  250  252  253  254  255  256  257
  258  258  259  258  259  258  258  255  255  252  252  247  247  242  242  237
  237  233  233  229  228  224  224  220  222  218  220  216  218  215  216  213
  215  212  214  212  214  212  215  213  215  214  215  215  216  216  216  218
  218  221  221  221  219  218  231  196  202                                   
    85.0-180.0 180.0   5.0 450.0                            LAT/LON1/LON2/DLON/H
  210  213  216  227  227  232  231  237  236  242  241  245  244  249  248  251
  249  252  251  252  251  252  251  251  250  249  248  246  244  242  240  237
  234  231  228  224  221  218  215  213  210  209  208  207  206  207  206  206
  206  207  208  207  209  208  210  209  210  210  209  209  209  208  209  208
  211  209  214  210  214  211  214  213  210                                   
    82.5-180.0 180.0   5.0 450.0                            LAT/LON1/LON2/DLON/H
  201  196  201  211  210  216  218  223  225  229  231  235  237  240  241  243
  243  245  244  247  245  248  245  249  246  250  246  249  244  245  240  239
  233  230  224  221  215  211  206  202  200  197  196  195  196  196  196  198
  198  201  201  203  203  205  205  206  205  206  203  204  202  204  201  203
  201  205  203  206  204  204  206  203  201                                   
    80.0-180.0 180.0   5.0 450.0                            LAT/LON1/LON2/DLON/H
  178  179  179  189  187  193  194  201  202  208  209  214  215  219  220  222
  222  224  224  225  225  226  225  227  227  229  229  229  229  227  225  223
  220  217  212  209  203  198  192  188  184  182  181  181  182  185  185  189
  190  194  195  198  199  202  202  203  203  202  202  201  201  199  197  197
  195  194  192  189  188  185  182  184  178                                   
    77.5-180.0 180.0   5.0 450.0                            LAT/LON1/LON2/DLON/H
  159  156  163  171  167  176  177  186  187  194  195  202  203  207  207  209
  208  209  209  211  211  213  213  215  216  218  220  220  223  220  223  219
  221  215  214  207  204  195  192  185  185  179  182  178  183  181  186  187
  192  194  198  200  202  205  205  207  205  207  203  206  201  203  196  198
  192  192  185  184  176  176  171  169  159                                   
    75.0-180.0 180.0   5.0 450.0                            LAT/LON1/LON2/DLON/H
  150  148  150  157  156  161  164  170  174  179  184  186  189  190  191  190
  191  191  194  193  197  197  201  202  207  207  213  212  217  216  220  217
  219  214  214  209  206  199  195  189  188  185  187  185  190  190  195  196
  201  203  208  209  213  213  213  213  212  211  208  207  204  202  199  196
  192  189  186  179  176  169  163  162  150                                   
    72.5-180.0 180.0   5.0 450.0                            LAT/LON1/LON2/DLON/H
  144  143  143  150  147  157  157  167  166  175  175  180  180  181  183  181
  182  183  186  189  191  195  199  203  207  212  215  219  223  224  226  227
  227  226  223  221  216  211  205  199  198  195  198  197  201  203  208  209
  214  216  219  220  220  221  218  218  214  213  207  207  201  201  194  193
  187  187  180  177  170  165  163  160  144                                   
    70.0-180.0 180.0   5.0 450.0                            LAT/LON1/LON2/DLON/H
  142  139  139  144  144  149  154  158  165  169  175  175  179  177  180  177
  178  176  181  183  189  191  198  200  208  211  218  221  227  226  231  229
  232  228  229  226  224  217  214  209  210  207  212  212  218  218  225  224
  228  227  229  226  227  222  221  215  212  206  202  197  195  190  187  182
  180  175  173  167  164  157  155  155  142                                   
    67.5-180.0 180.0   5.0 450.0                            LAT/LON1/LON2/DLON/H
  137  136  135  141  140  148  150  160  161  170  171  176  176  177  178  176
  178  179  184  188  193  198  202  209  213  220  223  228  230  233  234  236
  236  237  236  237  233  231  225  224  221  224  226  229  233  235  239  237
  239  235  234  229  225  219  213  209  202  197  190  188  181  179  171  170
  163  161  155  154  147  145  150  147  137                                   
    65.0-180.0 180.0   5.0 450.0                            LAT/LON1/LON2/DLON/H
  132  128  130  133  137  141  148  153  162  166  175  175  183  180  185  180
  181  179  186  187  196  198  206  209  217  221  226  229  232  233  236  236
  239  239  241  240  241  237  235  233  234  235  240  241  247  247  249  246
  244  238  232  225  218  209  201  193  187  180  174  169  166  158  154  148
  143  138  135  131  129  127  129  135  132                                   
    62.5-180.0 180.0   5.0 450.0                            LAT/LON1/LON2/DLON/H
  123  118  117  123  126  134  138  147  152  161  167  174  178  181  183  184
  184  186  189  194  201  207  211  218  221  226  228  231  230  233  235  238
  242  246  248  250  247  247  244  244  244  246  251  253  257  256  257  251
  246  238  231  220  211  200  191  183  175  169  161  158  149  145  136  131
  122  117  110  107  104  104  113  118  123                                   
    60.0-180.0 180.0   5.0 450.0                            LAT/LON1/LON2/DLON/H
  109  102  101  104  108  114  121  128  137  145  157  161  173  174  182  181
  183  184  189  191  200  204  212  215  220  224  225  226  225  229  231  238
  244  251  256  258  257  256  253  253  255  256  262  263  267  265  263  255
  248  238  228  217  206  195  186  177  170  161  154  147  142  132  125  113
  106   96   92   83   85   82   86   99  109                                   
    57.5-180.0 180.0   5.0 450.0                            LAT/LON1/LON2/DLON/H
   97   89   87   90   92   98  103  113  120  132  142  152  161  168  174  178
  182  186  190  193  200  205  213  219  221  225  222  226  223  230  231  242
  249  260  264  270  267  268  265  266  266  268  272  274  276  274  268  261
  251  242  233  221  213  202  195  186  179  172  164  158  148  139  124  113
   98   91   80   75   71   70   74   82   97                                   
    55.0-180.0 180.0   5.0 450.0                            LAT/LON1/LON2/DLON/H
   85   78   74   76   78   82   86   93  101  114  125  136  147  155  166  170
  179  183  189  196  201  206  211  216  219  222  222  225  223  231  236  249
  258  272  278  284  280  281  278  281  283  287  291  294  293  292  283  278
  265  257  247  239  230  221  214  207  199  194  184  179  168  158  144  124
  110   93   87   74   75   69   71   74   85                                   
    52.5-180.0 180.0   5.0 450.0                            LAT/LON1/LON2/DLON/H
   86   78   68   70   70   77   80   87   94  106  116  129  138  151  160  173
  180  191  197  206  210  216  221  227  228  232  231  235  235  243  249  266
  275  290  296  302  298  299  296  299  301  307  310  312  311  310  301  296
  284  276  269  261  255  245  240  233  227  221  212  206  197  186  171  155
  135  120  105   96   92   87   85   86   86                                   
    50.0-180.0 180.0   5.0 450.0                            LAT/LON1/LON2/DLON/H
  104   91   79   76   75   76   80   82   90   98  108  121  129  144  154  171
  184  198  207  218  219  228  227  237  236  246  242  252  249  263  270  288
  300  314  319  325  320  322  318  326  327  334  338  340  337  335  328  322
  313  305  299  289  284  273  267  258  251  245  236  231  220  213  200  186
  171  153  141  126  121  111  109  110  104                                   
    47.5-180.0 180.0   5.0 450.0                            LAT/LON1/LON2/DLON/H
  130  110   96   92   86   88   86   90   94  103  111  123  130  147  158  180
  194  213  222  234  234  243  242  253  252  263  261  270  268  281  286  305
  317  334  340  347  344  345  343  347  347  352  353  355  353  349  344  337
  332  324  320  311  304  291  282  273  266  260  253  247  238  229  222  211
  201  189  175  167  159  152  155  147  130                                   
    45.0-180.0 180.0   5.0 450.0                            LAT/LON1/LON2/DLON/H
  160  141  122  110  106  103  100  100  103  109  116  128  133  149  161  187
  203  227  235  248  244  256  251  267  264  277  276  289  287  303  308  328
  339  359  364  373  371  377  372  379  374  378  376  377  370  367  360  356
  350  342  336  324  314  297  285  272  264  258  253  250  244  239  232  228
  222  215  208  198  195  189  185  180  160                                   
    42.5-180.0 180.0   5.0 450.0                            LAT/LON1/LON2/DLON/H
  183  167  150  138  131  122  118  114  115  121  127  137  145  157  173  198
  219  244  254  266  263  272  269  282  281  294  291  304  302  317  322  341
  353  371  380  391  395  403  401  402  397  396  392  387  382  376  372  365
  362  350  345  329  318  298  281  265  253  246  240  239  236  233  230  230
  228  226  218  218  212  211  214  211  183                                   
    40.0-180.0 180.0   5.0 450.0                            LAT/LON1/LON2/DLON/H
  199  185  171  161  154  143  136  132  130  135  140  150  157  169  183  209
  230  257  266  277  273  281  279  290  292  304  307  321  320  336  338  361
  369  391  402  421  427  440  435  439  427  426  415  410  398  393  384  377
  371  360  349  335  315  294  267  247  228  217  213  211  213  213  216  217
  219  217  215  211  212  213  215  220  199                                   
    37.5-180.0 180.0   5.0 450.0                            LAT/LON1/LON2/DLON/H
  204  191  178  171  165  158  146  140  139  145  151  159  169  180  197  223
  247  271  283  291  288  293  293  301  305  314  319  329  335  344  353  369
  385  409  430  452  464  478  477  477  469  461  449  440  428  420  411  404
  396  387  375  359  337  313  283  258  235  223  212  207  203  201  204  205
  210  207  202  198  192  200  205  217  204                                   
    35.0-180.0 180.0   5.0 450.0                            LAT/LON1/LON2/DLON/H
  196  184  173  167  163  158  150  146  146  155  162  175  186  198  216  240
  258  281  291  298  300  303  307  313  317  327  334  344  350  361  368  391
  414  446  472  502  519  536  536  539  524  518  500  490  472  466  452  442
  424  405  386  370  342  316  284  262  237  222  208  208  209  212  213  213
  212  203  196  181  175  176  185  202  196                                   
    32.5-180.0 180.0   5.0 450.0                            LAT/LON1/LON2/DLON/H
  184  171  159  158  151  151  145  142  142  154  163  182  194  214  234  256
  278  294  305  311  313  318  323  331  336  346  354  365  376  392  409  441
  469  505  529  560  581  603  609  610  597  582  564  552  532  523  508  498
  474  472  450  444  408  389  348  333  306  294  264  252  232  233  232  241
  239  230  214  198  181  169  170  183  184                                   
    30.0-180.0 180.0   5.0 450.0                            LAT/LON1/LON2/DLON/H
  170  170  159  157  149  147  138  135  137  154  166  192  210  232  255  278
  292  309  316  324  328  334  341  352  358  370  381  399  416  438  462  493
  529  564  596  630  655  680  688  690  677  664  645  630  613  602  591  572
  564  556  550  534  509  486  451  427  393  373  334  328  288  293  260  264
  241  241  224  211  187  172  180  176  170                                   
    27.5-180.0 180.0   5.0 450.0                            LAT/LON1/LON2/DLON/H
  152  163  153  153  148  144  136  133  135  153  167  194  214  243  267  291
  311  325  333  340  346  356  364  377  389  406  421  448  466  498  521  564
  601  649  683  725  750  759  761  753  742  735  721  716  698  693  682  672
  661  651  636  618  599  578  548  529  493  470  433  418  385  382  348  342
  301  299  262  260  229  208  189  173  152                                   
    25.0-180.0 180.0   5.0 450.0                            LAT/LON1/LON2/DLON/H
  153  161  139  139  132  134  134  133  136  148  167  191  222  252  282  307
  329  345  355  368  376  388  394  406  417  438  464  488  518  550  587  627
  675  723  772  799  812  813  813  803  803  791  793  786  788  781  775  760
  746  729  711  698  681  658  623  601  561  542  496  500  466  473  435  426
  379  369  325  318  285  262  233  202  153                                   
    22.5-180.0 180.0   5.0 450.0                            LAT/LON1/LON2/DLON/H
  187  190  170  149  133  133  126  131  142  154  169  190  216  252  281  316
  342  363  374  390  402  416  421  436  445  477  507  546  576  618  646  693
  737  795  834  847  857  850  849  843  843  848  848  849  849  842  843  825
  807  783  758  740  723  697  668  640  614  589  568  556  535  520  497  478
  461  437  385  371  330  305  278  232  187                                   
    20.0-180.0 180.0   5.0 450.0                            LAT/LON1/LON2/DLON/H
  222  214  187  166  148  141  126  131  134  150  168  186  216  251  285  319
  350  375  392  416  428  443  447  459  478  507  551  589  629  666  703  751
  801  847  866  873  872  861  859  852  862  862  877  879  879  884  882  873
  844  814  763  743  716  696  681  655  641  621  608  608  594  582  552  534
  509  484  446  411  378  341  309  284  222                                   
    17.5-180.0 180.0   5.0 450.0                            LAT/LON1/LON2/DLON/H
  256  235  210  181  164  150  141  137  136  149  162  179  205  238  274  316
  350  381  403  427  446  460  460  474  491  532  577  626  672  717  753  806
  846  860  884  879  875  861  858  857  863  871  880  885  893  892  900  879
  854  801  754  692  675  643  643  625  628  616  615  620  616  606  591  573
  556  527  487  448  409  376  343  325  256                                   
    15.0-180.0 180.0   5.0 450.0                            LAT/LON1/LON2/DLON/H
  287  243  219  201  172  159  141  134  136  144  152  170  193  229  267  304
  340  374  399  429  451  461  469  487  521  566  620  669  725  765  801  832
  851  860  874  866  857  847  846  848  862  868  882  882  887  887  888  867
  831  782  719  659  624  597  595  595  592  607  599  622  605  612  589  583
  563  537  508  472  434  400  364  347  287                                   
    12.5-180.0 180.0   5.0 450.0                            LAT/LON1/LON2/DLON/H
  298  259  224  207  182  166  151  135  126  130  137  154  177  213  252  293
  327  363  391  422  446  461  470  500  539  607  664  725  764  802  826  835
  846  850  857  843  842  830  837  840  853  852  857  854  858  856  851  827
  791  737  668  586  547  527  528  533  535  561  555  583  559  574  552  563
  552  536  503  477  442  412  372  358  298                                   
    10.0-180.0 180.0   5.0 450.0                            LAT/LON1/LON2/DLON/H
  295  259  227  211  189  173  152  132  117  120  128  144  170  209  253  293
  327  359  386  416  442  462  482  524  579  650  707  762  796  814  821  824
  827  830  832  828  827  824  834  838  850  840  841  826  828  819  825  794
  770  702  639  549  520  492  493  503  511  534  534  550  525  531  508  511
  501  489  469  446  419  394  364  336  295                                   
     7.5-180.0 180.0   5.0 450.0                            LAT/LON1/LON2/DLON/H
  281  258  225  204  181  171  151  135  122  116  121  139  156  203  242  291
  326  358  387  419  441  469  504  552  616  684  737  787  803  806  808  811
