data/unet/pred3200.15i
     1.0            IONOSPHERE MAPS     GNSS                IONEX VERSION / TYPE
pyspatialgeodesy        IME             05-JAN-18 20:20     PGM / RUN BY / DATE 
Map Name                                                    COMMENT             
Predicted global ionosphere maps (GIM).                     DESCRIPTION         
  2015    11    16     0     0     0                        EPOCH OF FIRST MAP  
  2015    11    17     0     0     0                        EPOCH OF LAST MAP   
  7200                                                      INTERVAL            
    13                                                      # OF MAPS IN FILE   
  NONE                                                      MAPPING FUNCTION    
10.0                                                        ELEVATION CUTOFF    
One-way carrier phase leveled to code                       OBSERVABLES USED    
  6371.0                                                    BASE RADIUS         
 2                                                          MAP DIMENSION       
   450.0 450.0   0.0                                        HGT1 / HGT2 / DHGT  
    87.5 -87.5  -2.5                                        LAT1 / LAT2 / DLAT  
  -180.0 180.0   5.0                                        LON1 / LON2 / DLON  
    -1                                                      EXPONENT            
                                                            END OF HEADER       
[from data line 858]
     3                                                      START OF TEC MAP    
  2015    11    16     4     0     0                        EPOCH OF CURRENT MAP
    87.5-180.0 180.0   5.0 450.0                            LAT/LON1/LON2/DLON/H
   52   81   72   70   68   67   67   67   68   68   68   68   67   68   67   68
   66   68   66   67   65   66   64   65   63   65   64   65   62   64   63   65
   63   65   65   67   66   68   68   70   70   71   71   72   71   72   72   72
   72   73   72   74   73   75   74   75   74   75   73   75   73   73   73   72
   73   71   73   71   74   69   80   49   52                                   
    85.0-180.0 180.0   5.0 450.0                            LAT/LON1/LON2/DLON/H
   86   75   53   56   54   52   52   53   54   54   56   56   57   58   58   59
   58   59   58   59   57   58   56   56   54   55   55   54   54   54   56   56
   57   58   60   61   62   63   65   65   67   66   68   67   68   67   68   67
   68   67   69   68   70   69   71   69   71   70   71   69   70   68   69   67
   68   65   66   63   63   57   74   86   86                                   
    82.5-180.0 180.0   5.0 450.0                            LAT/LON1/LON2/DLON/H
   86   52   50   46   44   38   42   39   45   41   47   44   50   46   53   48
   53   47   52   45   49   42   47   40   43   37   41   36   40   37   42   39
   45   43   49   48   54   53   60   58   64   61   67   64   68   64   68   65
   68   65   69   67   71   68   73   70   75   72   76   72   76   72   74   70
   71   66   68   63   63   54   67   84   86                                   
    80.0-180.0 180.0   5.0 450.0                            LAT/LON1/LON2/DLON/H
   91   56   50   47   41   39   37   38   39   41   44   47   50   53   55   57
   57   57   56   55   52   50   47   44   41   40   38   38   37   38   39   41
   43   46   49   53   55   59   62   65   66   68   68   70   68   69   68   69
   68   69   69   71   72   74   77   78   81   83   84   85   85   86   85   85
   83   82   79   78   73   66   70   88   91                                   
    77.5-180.0 180.0   5.0 450.0                            LAT/LON1/LON2/DLON/H
  101   62   54   50   40   35   33   33   34   36   40   44   47   54   56   62
   61   64   61   62   56   55   47   46   38   37   33   33   31   32   33   36
   38   42   46   50   53   57   60   63   64   65   65   65   63   63   61   63
   60   64   62   67   67   73   75   81   82   87   88   91   92   94   94   94
   94   91   90   87   82   76   83   90  101                                   
    75.0-180.0 180.0   5.0 450.0                            LAT/LON1/LON2/DLON/H
  105   71   60   53   44   37   34   32   33   34   38   42   46   51   57   59
   63   62   64   60   58   53   48   43   38   34   32   30   30   29   32   32
   36   39   45   48   52   55   59   60   61   61   62   60   58   57   55   55
   54   56   58   62   66   71   76   81   86   89   94   96   99  100  101  101
  101  101  101   97   94   85   91   97  105                                   
    72.5-180.0 180.0   5.0 450.0                            LAT/LON1/LON2/DLON/H
  118   80   71   65   54   45   39   35   34   33   38   41   46   51   55   60
   61   63   61   60   55   52   45   42   37   34   33   31   32   31   34   35
   38   41   45   48   52   53   56   56   57   56   56   53   51   49   48   48
   48   52   55   62   67   75   80   88   91  100  103  108  108  111  111  112
  111  112  112  110  107  102  107  105  118                                   
    70.0-180.0 180.0   5.0 450.0                            LAT/LON1/LON2/DLON/H
  126   93   81   73   64   53   47   40   39   36   39   39   44   45   52   52
   57   55   57   54   52   47   44   41   40   37   38   36   38   37   39   40
   42   44   48   48   52   51   54   52   53   50   51   48   46   44   43   44
   47   51   59   67   78   86   97  104  113  116  122  123  126  124  123  122
  122  122  123  123  119  112  118  115  126                                   
    67.5-180.0 180.0   5.0 450.0                            LAT/LON1/LON2/DLON/H
  135  101   91   83   69   60   52   47   43   40   40   39   41   42   43   46
   46   46   44   45   41   42   38   40   38   40   39   42   41   43   41   44
   43   46   45   46   47   45   47   45   46   44   45   43   41   41   41   44
   48   57   66   80   89  102  113  125  130  137  138  140  140  138  134  131
  127  128  129  130  128  125  129  122  135                                   
    65.0-180.0 180.0   5.0 450.0                            LAT/LON1/LON2/DLON/H
  138  110   95   87   76   67   60   54   50   44   42   38   39   36   38   36
   40   37   39   37   38   37   38   39   42   43   46   48   48   48   47   47
   46   45   44   42   43   41   41   39   41   39   41   40   40   40   42   47
   54   65   79   91  106  119  134  142  151  153  155  154  156  151  147  139
  135  133  133  133  132  128  133  128  138                                   
    62.5-180.0 180.0   5.0 450.0                            LAT/LON1/LON2/DLON/H
  139  109   97   88   76   68   61   55   54   47   45   40   38   34   33   34
   33   35   34   35   35   36   37   40   43   46   47   51   48   49   45   45
   41   41   39   38   37   34   34   33   35   35   39   39   41   43   46   53
   62   76   88  103  118  135  146  155  163  167  168  168  168  163  156  149
  142  138  136  136  136  135  138  133  139                                   
    60.0-180.0 180.0   5.0 450.0                            LAT/LON1/LON2/DLON/H
  140  114   97   89   77   68   63   59   56   50   47   39   38   31   32   30
   35   32   35   32   35   32   35   36   42   42   47   47   48   45   42   39
   39   36   36   33   33   29   30   29   33   34   39   40   44   46   52   60
   73   86  102  114  133  144  159  165  175  178  179  179  180  174  169  161
  153  148  144  141  139  135  136  135  140                                   
    57.5-180.0 180.0   5.0 450.0                            LAT/LON1/LON2/DLON/H
  140  112   98   87   73   65   59   55   54   48   46   40   39   34   32   33
   35   37   36   36   34   34   34   37   39   43   42   44   41   39   34   33
   33   33   33   32   32   29   30   30   34   37   42   45   49   53   59   70
   83   98  111  126  142  156  169  176  185  188  190  190  193  190  184  177
  168  162  155  151  147  144  143  140  140                                   
    55.0-180.0 180.0   5.0 450.0                            LAT/LON1/LON2/DLON/H
  148  124  105   92   76   66   60   56   54   48   47   40   40   34   38   36
   42   41   43   39   38   34   36   34   39   38   41   37   35   30   29   28
   32   32   36   35   36   34   34   35   38   41   47   50   56   59   68   81
   96  108  124  137  154  167  180  186  194  196  199  201  205  205  202  197
  187  181  174  168  161  156  152  150  148                                   
    52.5-180.0 180.0   5.0 450.0                            LAT/LON1/LON2/DLON/H
  161  137  121  102   82   71   62   57   53   48   45   40   41   38   40   40
   44   46   45   45   40   39   37   39   39   41   39   36   32   27   25   26
   31   35   40   41   44   42   43   43   46   48   53   57   63   69   79   94
  108  123  138  152  168  181  192  198  205  206  209  211  216  218  217  214
  205  197  189  184  178  174  171  165  161                                   
    50.0-180.0 180.0   5.0 450.0                            LAT/LON1/LON2/DLON/H
  181  161  139  120   98   84   73   66   58   51   47   41   43   39   45   42
   49   47   49   44   44   39   41   40   45   43   44   37   35   28   29   29
   38   42   50   52   55   54   53   53   54   56   61   65   72   79   93  107
  126  140  157  171  187  196  206  209  216  215  218  220  227  231  230  229
  222  214  207  200  192  187  185  177  181                                   
    47.5-180.0 180.0   5.0 450.0                            LAT/LON1/LON2/DLON/H
  200  181  165  143  120  104   89   79   69   58   52   45   48   43   47   45
   49   47   48   46   45   45   46   49   51   52   50   46   41   36   35   37
   45   52   60   63   67   65   65   63   63   65   69   74   81   92  107  125
  144  161  180  193  206  214  221  225  226  226  226  229  233  236  238  236
  230  223  212  206  200  197  196  187  200                                   
    45.0-180.0 180.0   5.0 450.0                            LAT/LON1/LON2/DLON/H
  211  196  181  166  146  128  110   96   82   69   60   52   54   49   52   46
   51   46   49   47   49   49   54   56   63   61   62   56   54   47   47   48
   56   62   71   74   77   76   73   72   71   72   76   81   92  105  124  144
  165  183  201  215  225  231  237  237  239  235  234  234  238  241  241  239
  232  224  215  208  200  196  197  188  211                                   
    42.5-180.0 180.0   5.0 450.0                            LAT/LON1/LON2/DLON/H
  206  198  191  181  164  149  131  116   99   84   74   64   65   57   58   50
   53   48   52   52   55   59   63   68   72   74   73   69   64   59   57   58
   64   69   78   80   84   81   80   78   77   78   83   89  102  120  141  164
  186  206  221  234  242  248  252  251  249  245  240  238  238  240  240  236
  227  218  209  202  195  191  192  185  206                                   
    40.0-180.0 180.0   5.0 450.0                            LAT/LON1/LON2/DLON/H
  196  188  179  179  170  159  143  129  111   97   86   77   76   69   67   59
   61   57   62   64   68   72   77   80   85   84   84   79   76   71   69   68
   72   77   81   85   86   86   82   82   80   84   89   98  116  136  159  184
  206  225  239  248  258  261  264  262  260  253  247  242  243  243  241  235
  226  219  211  202  190  181  181  175  196                                   
    37.5-180.0 180.0   5.0 450.0                            LAT/LON1/LON2/DLON/H
  174  162  159  162  155  152  141  131  116  105   97   90   91   83   81   72
   74   72   78   81   87   91   93   96   95   95   91   87   83   78   76   74
   76   78   83   85   88   88   87   86   86   90   98  110  129  152  176  201
  223  241  253  263  270  274  275  274  271  264  257  250  249  247  245  240
  233  226  217  208  193  180  175  169  174                                   
    35.0-180.0 180.0   5.0 450.0                            LAT/LON1/LON2/DLON/H
  164  148  133  136  134  135  130  125  116  108  103  100  101   95   94   87
   92   91   99  103  107  109  108  106  102   98   95   90   87   83   80   78
   78   80   82   85   86   88   85   89   87   95  104  119  139  162  186  211
  232  249  260  269  278  283  287  287  287  280  274  269  269  266  266  263
  261  256  249  236  217  198  185  173  164                                   
    32.5-180.0 180.0   5.0 450.0                            LAT/LON1/LON2/DLON/H
  163  137  119  115  108  112  109  111  105  104  103  104  107  105  107  103
  109  111  118  121  122  123  118  114  106  102   95   92   88   85   84   80
   80   78   81   83   86   89   89   93   95  102  114  127  147  167  192  215
  236  250  263  273  283  293  302  307  308  307  304  301  302  303  304  304
  304  303  295  283  260  234  219  196  163                                   
    30.0-180.0 180.0   5.0 450.0                            LAT/LON1/LON2/DLON/H
  185  152  123  111   97   97   93   96   93   95   97  100  105  106  110  111
  119  122  129  131  131  128  122  115  106  101   96   94   91   90   88   85
   83   79   82   84   86   90   90   95   96  104  115  131  150  171  194  216
  236  253  268  278  293  306  323  332  343  345  350  351  354  357  362  368
  376  377  374  358  336  293  267  241  185                                   
    27.5-180.0 180.0   5.0 450.0                            LAT/LON1/LON2/DLON/H
  230  185  150  122  100   92   83   84   81   85   88   94  101  105  111  116
  125  129  134  134  132  128  122  117  110  106  102  101   98   98   96   94
   91   87   86   88   90   94   93   97  100  107  119  134  154  173  194  211
  231  246  266  282  302  320  340  356  371  384  394  402  410  416  422  433
  444  452  452  443  428  395  344  309  230                                   
    25.0-180.0 180.0   5.0 450.0                            LAT/LON1/LON2/DLON/H
  303  246  205  163  129  107   90   81   77   77   80   83   91   95  103  108
  118  121  124  123  120  118  114  113  112  113  112  112  110  109  110  107
  107  101   98   93   94   94   94   96   98  104  116  132  154  175  197  214
  234  250  273  297  320  342  363  382  401  422  436  451  462  474  487  500
  516  529  534  531  520  492  444  401  303                                   
    22.5-180.0 180.0   5.0 450.0                            LAT/LON1/LON2/DLON/H
  400  341  280  226  181  142  117   99   89   84   84   84   88   91   99  104
  114  113  114  106  104  101  105  114  121  129  130  134  131  129  127  124
  119  115  109  100   97   92   93   94   96  101  112  131  157  179  204  223
  246  264  290  316  343  370  395  418  439  460  473  488  504  520  533  550
  567  585  599  606  602  580  536  490  400                                   
    20.0-180.0 180.0   5.0 450.0                            LAT/LON1/LON2/DLON/H
  513  464  400  327  262  210  166  136  114  100   98   90   92   89   96   96
  103   96   93   84   83   88  103  121  135  147  155  157  153  146  144  139
  134  127  119  105   97   90   89   89   90   95  108  128  159  186  216  238
  265  284  315  344  373  406  433  458  480  500  513  528  545  560  576  589
  607  626  643  658  665  647  621  570  513                                   
    17.5-180.0 180.0   5.0 450.0                            LAT/LON1/LON2/DLON/H
  598  562  504  448  374  299  241  192  167  139  133  117  116  108  112  109
  111   98   90   78   78   89  108  136  156  178  186  186  174  162  154  145
  137  129  118  104   96   88   86   83   84   92  106  130  167  198  233  256
  287  313  345  379  417  452  476  500  521  542  553  564  577  588  597  609
  622  639  656  673  689  687  666  620  598                                   
    15.0-180.0 180.0   5.0 450.0                            LAT/LON1/LON2/DLON/H
  648  623  579  537  479  413  343  285  240  206  183  164  159  147  148  137
  133  112  102   88   93  107  132  162  187  210  219  212  193  172  160  150
  140  131  116  101   93   85   80   78   77   85  104  131  171  208  244  271
  309  338  377  417  460  488  511  534  553  571  579  586  594  599  606  613
  621  633  648  667  684  690  679  647  648                                   
    12.5-180.0 180.0   5.0 450.0                            LAT/LON1/LON2/DLON/H
  659  651  621  590  546  489  427  371  326  280  253  225  220  209  206  194
  180  161  145  132  134  149  170  200  226  247  247  232  203  179  161  148
  139  126  112  100   93   86   82   76   77   85  104  135  181  219  259  291
  331  366  407  454  489  512  532  548  568  584  592  597  600  601  600  603
  606  613  624  638  658  672  665  645  659                                   
    10.0-180.0 180.0   5.0 450.0                            LAT/LON1/LON2/DLON/H
  649  651  632  611  577  530  476  433  396  362  336  310  292  279  271  259
  245  221  203  194  193  205  222  244  261  267  256  232  205  178  160  147
  134  124  108  102   90   86   79   73   74   85  104  140  185  226  269  306
  348  384  430  472  500  522  538  555  569  585  589  597  596  595  592  592
  592  595  600  611  625  639  640  628  649                                   
     7.5-180.0 180.0   5.0 450.0                            LAT/LON1/LON2/DLON/H
  620  635  632  616  589  546  498  458  428  403  387  370  364  349  342  323
  308  287  269  261  258  264  272  284  287  280  252  226  198  177  158  145
