data/unet/pred1720.15i
     1.0            IONOSPHERE MAPS     GNSS                IONEX VERSION / TYPE
pyspatialgeodesy        IME             05-JAN-18 20:20     PGM / RUN BY / DATE 
Map Name                                                    COMMENT             
Predicted global ionosphere maps (GIM).                     DESCRIPTION         
  2015     6    21     0     0     0                        EPOCH OF FIRST MAP  
  2015     6    22     0     0     0                        EPOCH OF LAST MAP   
  7200                                                      INTERVAL            
    13                                                      # OF MAPS IN FILE   
  NONE                                                      MAPPING FUNCTION    
10.0                                                        ELEVATION CUTOFF    
One-way carrier phase leveled to code                       OBSERVABLES USED    
  6371.0                                                    BASE RADIUS         
 2                                                          MAP DIMENSION       
   450.0 450.0   0.0                                        HGT1 / HGT2 / DHGT  
    87.5 -87.5  -2.5                                        LAT1 / LAT2 / DLAT  
  -180.0 180.0   5.0                                        LON1 / LON2 / DLON  
    -1                                                      EXPONENT            
                                                            END OF HEADER       
[from data line 3861]
    10                                                      START OF TEC MAP    
  2015     6    21    18     0     0                        EPOCH OF CURRENT MAP
    87.5-180.0 180.0   5.0 450.0                            LAT/LON1/LON2/DLON/H
  222  200  197  202  202  203  203  204  204  205  205  206  206  205  206  205
  205  204  205  203  203  201  202  199  200  198  198  196  197  195  196  194
  194  192  193  192  192  191  192  192  192  193  193  194  194  195  194  195
  194  194  194  194  193  194  193  194  193  194  193  194  193  194  193  195
  195  197  197  196  195  196  205  200  222                                   
    85.0-180.0 180.0   5.0 450.0                            LAT/LON1/LON2/DLON/H
  200  198  199  205  204  206  206  207  207  208  208  209  208  209  209  209
  208  208  207  207  205  205  203  203  200  201  198  199  196  197  194  195
  192  194  191  193  191  193  191  193  191  194  193  195  194  195  194  196
  194  195  194  195  193  194  193  193  192  193  192  193  192  194  193  194
  195  197  197  197  196  193  203  201  200                                   
    82.5-180.0 180.0   5.0 450.0                            LAT/LON1/LON2/DLON/H
  203  198  201  202  206  207  209  210  211  212  212  213  212  213  212  212
  211  211  210  209  208  206  205  203  201  199  198  195  194  192  191  188
  187  186  186  186  186  187  187  187  187  189  189  190  190  191  191  191
  191  191  191  190  190  189  189  188  188  188  187  187  188  187  188  188
  190  191  193  192  193  187  191  192  203                                   
    80.0-180.0 180.0   5.0 450.0                            LAT/LON1/LON2/DLON/H
  201  201  197  202  203  206  207  209  209  210  210  210  210  210  210  210
  209  210  209  209  207  207  205  204  201  200  197  195  191  190  187  186
  183  183  181  182  182  183  183  185  185  186  187  188  188  189  189  189
  188  189  187  187  186  185  184  184  183  183  182  182  182  182  182  183
  184  187  187  190  186  186  184  188  201                                   
    77.5-180.0 180.0   5.0 450.0                            LAT/LON1/LON2/DLON/H
  198  198  195  196  198  202  203  205  204  206  205  206  205  207  206  207
  206  207  207  208  207  207  206  205  202  201  197  195  191  189  186  183
  181  180  179  180  179  181  182  184  184  187  186  189  187  189  186  188
  184  186  183  184  180  181  179  179  177  177  176  176  175  176  175  176
  177  179  181  180  181  178  180  188  198                                   
    75.0-180.0 180.0   5.0 450.0                            LAT/LON1/LON2/DLON/H
  199  197  192  194  197  197  201  199  201  199  202  199  201  198  201  199
  202  200  204  203  207  205  208  205  206  202  201  196  195  190  188  184
  183  180  181  179  182  181  185  184  188  187  190  188  190  187  188  185
  185  182  182  179  179  176  177  174  175  172  174  172  173  171  174  172
  175  176  179  179  180  180  179  191  199                                   
    72.5-180.0 180.0   5.0 450.0                            LAT/LON1/LON2/DLON/H
  203  199  195  196  197  200  200  201  200  200  199  199  197  198  196  198
  197  200  200  204  205  208  208  210  208  208  203  202  197  195  190  188
  185  184  182  183  183  186  187  190  190  193  192  194  191  191  187  187
  183  183  181  181  179  179  178  177  176  176  175  175  175  175  174  176
  175  178  179  180  181  180  183  196  203                                   
    70.0-180.0 180.0   5.0 450.0                            LAT/LON1/LON2/DLON/H
  211  203  198  200  202  201  203  200  202  199  200  196  197  194  194  192
  194  194  197  199  204  205  209  208  210  207  207  203  201  196  195  190
  189  186  187  185  188  188  192  191  195  194  195  193  192  188  187  183
  182  179  180  178  179  178  179  177  179  177  178  177  179  178  180  180
  183  183  186  187  188  188  188  203  211                                   
    67.5-180.0 180.0   5.0 450.0                            LAT/LON1/LON2/DLON/H
  220  211  206  206  206  208  206  206  205  204  203  201  199  197  194  194
  192  194  194  199  201  206  207  210  209  210  207  206  202  201  197  196
  192  191  189  190  189  192  193  196  196  198  195  195  190  189  184  182
  179  180  179  181  181  182  181  181  180  180  180  181  182  184  185  187
  188  192  192  194  194  194  195  211  220                                   
    65.0-180.0 180.0   5.0 450.0                            LAT/LON1/LON2/DLON/H
  229  219  212  214  215  213  214  211  212  208  209  205  205  200  199  194
  194  192  195  195  201  202  207  207  209  207  207  204  203  200  200  196
  195  192  193  190  192  192  195  195  197  196  196  192  189  184  182  178
  178  177  180  180  182  181  182  180  181  179  181  180  184  185  189  190
  194  196  199  200  202  203  203  217  229                                   
    62.5-180.0 180.0   5.0 450.0                            LAT/LON1/LON2/DLON/H
  235  226  221  222  221  222  218  219  216  214  213  211  209  206  203  199
  196  195  195  197  199  202  205  206  206  206  204  204  202  203  200  201
  198  198  195  194  193  194  195  197  197  199  196  194  188  185  180  179
  178  180  181  183  183  183  181  181  178  178  177  179  181  184  188  191
  194  199  201  204  207  206  208  223  235                                   
    60.0-180.0 180.0   5.0 450.0                            LAT/LON1/LON2/DLON/H
  236  230  225  228  229  227  227  224  224  221  221  216  216  211  209  203
  201  197  198  197  200  200  203  202  204  202  203  201  203  201  203  201
  203  200  200  196  197  194  197  197  199  198  197  193  189  184  181  178
  180  179  182  182  183  181  179  175  173  171  171  172  176  178  183  185
  191  194  200  203  206  209  211  224  236                                   
    57.5-180.0 180.0   5.0 450.0                            LAT/LON1/LON2/DLON/H
  232  231  229  232  232  233  229  230  225  226  222  220  218  214  212  207
  205  201  200  199  200  201  203  203  203  202  202  203  202  206  205  209
  207  208  204  202  199  198  199  200  201  202  199  196  191  187  183  181
  180  181  181  182  180  177  172  169  165  164  161  164  165  170  173  178
  182  188  192  198  203  205  210  222  232                                   
    55.0-180.0 180.0   5.0 450.0                            LAT/LON1/LON2/DLON/H
  227  230  228  234  238  237  237  234  233  231  230  226  225  220  219  213
  212  207  206  203  203  202  204  203  204  202  204  203  207  207  212  212
  215  211  212  205  205  201  204  203  205  204  204  200  196  192  187  184
  183  183  182  180  177  172  167  162  157  155  153  155  156  160  162  166
  170  177  183  190  196  200  207  216  227                                   
    52.5-180.0 180.0   5.0 450.0                            LAT/LON1/LON2/DLON/H
  218  227  229  235  239  242  240  240  235  236  230  229  224  223  221  218
  217  213  211  208  208  206  208  207  208  208  208  210  211  215  217  221
  221  221  218  215  211  209  209  210  211  212  210  208  203  197  192  187
  184  182  179  176  171  166  161  155  151  149  146  147  147  151  151  155
  158  166  171  181  187  193  203  209  218                                   
    50.0-180.0 180.0   5.0 450.0                            LAT/LON1/LON2/DLON/H
  213  223  227  236  244  246  249  247  245  242  238  235  233  230  230  227
  228  224  223  218  218  214  215  214  215  214  216  215  219  220  225  226
  230  227  228  222  223  218  220  218  221  220  220  215  210  204  197  192
  186  183  177  174  167  162  156  152  148  147  144  146  145  146  145  146
  148  155  162  172  179  186  199  202  213                                   
    47.5-180.0 180.0   5.0 450.0                            LAT/LON1/LON2/DLON/H
  207  220  227  235  244  250  254  256  252  253  245  245  237  238  234  235
  234  232  230  226  226  222  223  222  223  224  224  225  226  229  230  234
  236  237  236  234  233  232  232  232  232  232  229  224  217  210  202  195
  188  180  174  168  162  157  153  150  148  147  147  148  147  146  143  144
  142  149  153  166  171  180  196  197  207                                   
    45.0-180.0 180.0   5.0 450.0                            LAT/LON1/LON2/DLON/H
  207  218  227  237  249  256  265  267  268  265  262  256  252  248  247  245
  247  244  244  240  240  236  236  234  235  233  235  234  236  235  240  239
  245  245  250  247  250  248  250  247  248  244  241  233  226  216  207  198
  190  182  174  168  162  159  155  154  153  155  156  158  156  153  148  145
  143  147  152  162  169  179  193  193  207                                   
    42.5-180.0 180.0   5.0 450.0                            LAT/LON1/LON2/DLON/H
  206  218  226  239  249  260  270  276  279  280  276  274  264  263  256  257
  254  254  252  250  249  247  246  246  246  246  245  246  245  245  247  250
  255  260  265  268  270  270  270  267  263  258  251  242  232  221  212  202
  193  184  175  168  163  160  158  158  160  164  166  169  165  163  154  151
  146  151  153  164  167  177  193  195  206                                   
    40.0-180.0 180.0   5.0 450.0                            LAT/LON1/LON2/DLON/H
  207  217  228  238  252  263  277  285  293  296  294  289  282  277  272  269
  269  267  268  266  267  264  265  261  262  260  262  258  261  258  263  264
  273  278  289  291  297  292  293  287  282  274  264  253  242  230  219  207
  198  188  180  172  169  165  166  167  171  175  178  180  178  173  165  159
  154  157  158  165  171  178  193  192  207                                   
    37.5-180.0 180.0   5.0 450.0                            LAT/LON1/LON2/DLON/H
  205  218  226  238  250  262  277  289  300  306  307  306  299  295  286  285
  281  282  279  281  279  280  277  276  274  275  275  276  277  278  281  287
  297  307  317  322  322  319  314  307  299  288  278  264  251  237  226  213
  203  194  186  181  177  176  175  177  179  184  186  188  185  181  172  167
  160  163  162  167  171  175  191  192  205                                   
    35.0-180.0 180.0   5.0 450.0                            LAT/LON1/LON2/DLON/H
  202  216  223  235  247  260  275  289  302  313  317  319  312  308  302  299
  297  296  298  297  300  297  297  292  293  290  294  294  301  302  311  317
  331  340  352  352  353  344  338  328  319  307  294  279  264  249  236  223
  212  200  195  186  186  181  184  182  187  185  189  188  188  184  177  172
  167  167  168  169  173  174  187  189  202                                   
    32.5-180.0 180.0   5.0 450.0                            LAT/LON1/LON2/DLON/H
  197  213  220  228  241  254  269  285  301  314  323  327  325  324  317  317
  313  316  315  318  316  317  311  310  306  308  309  317  323  332  340  352
  363  375  380  380  372  363  351  341  330  318  304  288  272  255  242  228
  217  207  200  195  191  189  187  187  187  188  186  188  184  183  176  172
  167  168  166  168  169  169  183  186  197                                   
    30.0-180.0 180.0   5.0 450.0                            LAT/LON1/LON2/DLON/H
  192  209  216  225  236  248  264  279  295  312  322  334  336  339  334  333
  330  332  334  335  338  334  332  327  325  324  330  338  351  360  374  383
  397  405  409  405  397  382  367  355  341  329  313  297  280  263  248  234
  222  211  205  197  194  189  188  183  184  179  181  177  177  173  171  167
  166  165  166  165  167  165  176  184  192                                   
    27.5-180.0 180.0   5.0 450.0                            LAT/LON1/LON2/DLON/H
  186  205  212  220  231  242  257  272  289  306  321  336  345  350  351  351
  348  353  351  357  354  354  346  344  338  341  345  361  373  391  400  415
  424  433  431  426  410  395  374  358  341  327  311  295  277  261  246  230
  218  207  200  193  190  187  183  179  176  174  172  171  167  163  160  158
  157  158  158  160  160  159  171  180  186                                   
    25.0-180.0 180.0   5.0 450.0                            LAT/LON1/LON2/DLON/H
  183  199  207  217  226  236  249  265  282  300  317  337  350  363  366  371
  372  374  378  378  376  372  367  360  356  357  366  382  401  416  430  443
  452  457  452  440  422  401  377  358  337  325  307  292  274  258  241  225
  211  198  191  184  181  175  172  166  165  160  162  156  156  148  148  145
  147  147  149  151  152  151  163  177  183                                   
    22.5-180.0 180.0   5.0 450.0                            LAT/LON1/LON2/DLON/H
  179  193  204  215  223  234  245  259  276  293  313  334  355  371  381  388
  392  397  398  402  397  394  384  377  369  376  382  405  420  440  449  461
  464  465  454  437  416  394  368  348  328  314  295  278  261  244  228  211
  196  182  176  170  168  162  158  153  149  148  148  147  141  138  134  132
  132  134  137  141  143  144  158  175  179                                   
    20.0-180.0 180.0   5.0 450.0                            LAT/LON1/LON2/DLON/H
  178  187  201  216  225  235  243  258  272  292  310  334  355  380  391  404
  410  418  422  424  418  411  399  392  386  391  401  421  441  455  461  466
  466  460  445  426  403  378  355  334  316  301  283  267  248  232  214  201
  183  173  163  158  152  146  141  138  137  137  138  134  132  122  121  117
  120  120  126  129  133  137  152  169  178                                   
    17.5-180.0 180.0   5.0 450.0                            LAT/LON1/LON2/DLON/H
  176  184  199  216  228  239  247  260  275  292  312  335  360  385  402  419
  426  437  440  443  438  431  419  412  403  407  414  435  448  460  464  464
  460  449  435  413  391  369  346  328  309  292  274  256  239  220  206  190
  176  161  153  144  141  135  131  128  128  129  130  128  123  116  110  108
  108  110  114  118  121  129  146  163  176                                   
    15.0-180.0 180.0   5.0 450.0                            LAT/LON1/LON2/DLON/H
  173  180  198  218  230  241  248  260  274  292  309  335  359  386  406  425
  438  451  454  458  451  445  433  426  418  421  427  443  456  463  465  461
  452  438  424  400  383  360  343  322  305  285  267  248  233  217  201  187
  172  158  145  136  129  127  123  123  124  126  128  124  120  111  105  100
   99   99  103  107  112  122  138  152  173                                   
    12.5-180.0 180.0   5.0 450.0                            LAT/LON1/LON2/DLON/H
  163  176  195  218  230  243  252  265  279  295  314  334  363  387  412  433
  447  461  464  468  463  458  447  439  429  430  435  448  459  463  464  456
  446  430  415  396  380  363  344  326  305  287  266  249  234  217  203  187
  174  156  145  134  129  124  122  123  126  127  126  124  118  110  101   96
   92   91   91   93   99  106  124  139  163                                   
    10.0-180.0 180.0   5.0 450.0                            LAT/LON1/LON2/DLON/H
  150  168  190  213  227  237  249  261  277  292  308  330  354  383  407  431
  447  465  468  475  471  470  460  455  444  445  447  459  467  468  464  453
  440  423  409  392  379  364  346  326  307  284  266  249  237  221  206  189
  174  158  143  133  126  125  122  125  126  126  126  121  117  108  100   93
   89   84   84   84   88  101  111  122  150                                   
     7.5-180.0 180.0   5.0 450.0                            LAT/LON1/LON2/DLON/H
  135  156  180  205  220  234  246  261  278  292  308  323  347  370  397  420
  439  455  463  471  473  473  469  464  454  452  456  464  471  469  464  450
