data/unet/pred2880.15i
     1.0            IONOSPHERE MAPS     GNSS                IONEX VERSION / TYPE
pyspatialgeodesy        IME             05-JAN-18 20:20     PGM / RUN BY / DATE 
Map Name                                                    COMMENT             
Predicted global ionosphere maps (GIM).                     DESCRIPTION         
  2015    10    15     0     0     0                        EPOCH OF FIRST MAP  
  2015    10    16     0     0     0                        EPOCH OF LAST MAP   
  7200                                                      INTERVAL            
    13                                                      # OF MAPS IN FILE   
  NONE                                                      MAPPING FUNCTION    
10.0                                                        ELEVATION CUTOFF    
One-way carrier phase leveled to code                       OBSERVABLES USED    
  6371.0                                                    BASE RADIUS         
 2                                                          MAP DIMENSION       
   450.0 450.0   0.0                                        HGT1 / HGT2 / DHGT  
    87.5 -87.5  -2.5                                        LAT1 / LAT2 / DLAT  
  -180.0 180.0   5.0                                        LON1 / LON2 / DLON  
    -1                                                      EXPONENT            
                                                            END OF HEADER       
[from data line 4290]
    11                                                      START OF TEC MAP    
  2015    10    15    20     0     0                        EPOCH OF CURRENT MAP
    87.5-180.0 180.0   5.0 450.0                            LAT/LON1/LON2/DLON/H
  122   96   76   82   79   81   79   82   80   84   81   85   82   86   83   86
   83   86   82   85   81   83   79   81   77   79   75   77   73   75   71   73
   69   71   68   69   67   69   65   67   64   67   64   66   63   66   63   66
   64   68   65   68   66   70   67   71   69   72   69   73   70   74   71   75
   72   76   73   76   76   78   71  112  122                                   
    85.0-180.0 180.0   5.0 450.0                            LAT/LON1/LON2/DLON/H
   66   69   67   72   73   74   74   76   77   79   80   82   82   84   83   85
   84   85   84   84   84   83   81   80   79   78   75   74   72   71   68   67
   66   65   63   62   61   60   59   58   58   57   57   56   57   57   57   57
   58   58   59   59   60   61   61   62   62   63   63   64   64   64   64   65
   64   65   65   65   67   66   63   80   66                                   
    82.5-180.0 180.0   5.0 450.0                            LAT/LON1/LON2/DLON/H
   61   62   62   64   65   67   68   72   75   78   81   85   87   90   91   94
   94   95   94   95   93   93   89   88   84   84   78   78   73   73   67   67
   62   62   58   58   54   54   50   50   48   48   47   47   48   48   49   50
   51   52   53   55   56   58   58   59   60   61   60   62   61   62   61   61
   60   61   59   60   60   58   56   60   61                                   
    80.0-180.0 180.0   5.0 450.0                            LAT/LON1/LON2/DLON/H
   57   52   53   52   56   56   61   63   70   71   79   81   88   89   95   95
   99   97  100   96   96   92   90   85   82   78   75   71   69   65   63   59
   58   54   52   49   48   44   43   40   40   37   38   36   39   37   41   40
   44   43   47   46   50   49   52   51   54   52   54   52   54   52   54   51
   52   49   51   47   50   46   46   49   57                                   
    77.5-180.0 180.0   5.0 450.0                            LAT/LON1/LON2/DLON/H
   46   44   42   43   45   47   51   56   62   68   75   82   87   94   97  102
  102  103  102   99   95   90   86   82   77   73   69   66   62   60   57   55
   52   50   47   44   40   38   35   33   31   30   29   30   30   33   33   36
   37   40   40   43   43   45   45   47   46   48   47   48   47   47   46   45
   43   42   41   40   40   38   38   39   46                                   
    75.0-180.0 180.0   5.0 450.0                            LAT/LON1/LON2/DLON/H
   42   38   39   41   43   46   52   55   63   68   78   84   94  100  106  109
  111  110  108  103   98   92   85   79   73   68   64   61   57   56   54   52
   50   48   46   43   39   36   33   31   28   28   27   28   29   31   33   35
   37   39   40   42   43   43   44   44   45   45   45   44   44   43   42   41
   40   39   38   36   37   35   37   40   42                                   
    72.5-180.0 180.0   5.0 450.0                            LAT/LON1/LON2/DLON/H
   43   41   40   42   43   46   50   56   63   72   80   91  100  109  115  120
  121  118  114  106   99   89   81   71   65   60   55   53   50   50   49   50
   48   48   44   43   37   35   30   28   25   25   24   26   27   30   31   33
   34   36   36   37   37   38   38   39   39   39   39   39   38   37   36   35
   34   33   33   33   33   33   36   37   43                                   
    70.0-180.0 180.0   5.0 450.0                            LAT/LON1/LON2/DLON/H
   47   43   45   46   48   50   56   58   68   72   85   92  105  112  121  125
  127  123  118  109  100   90   80   69   61   55   50   47   45   45   45   46
   46   45   43   41   37   34   29   27   24   24   24   26   28   31   32   34
   35   36   36   36   36   35   36   35   36   35   36   35   36   34   34   32
   31   30   31   29   33   32   37   42   47                                   
    67.5-180.0 180.0   5.0 450.0                            LAT/LON1/LON2/DLON/H
   53   51   51   54   54   56   58   63   68   77   86   98  109  119  127  131
  133  129  125  114  105   91   81   68   59   50   45   41   40   40   41   42
   42   43   40   39   33   31   25   24   21   22   22   25   26   29   30   32
   31   31   30   29   28   27   27   27   28   29   29   30   30   29   29   28
   27   26   27   28   30   32   38   41   53                                   
    65.0-180.0 180.0   5.0 450.0                            LAT/LON1/LON2/DLON/H
   59   54   58   59   62   61   66   66   74   77   90   96  111  118  129  133
  137  135  131  121  112   99   86   74   63   53   46   41   38   38   39   40
   40   39   37   35   30   27   23   21   19   21   22   25   27   30   31   32
   30   30   27   25   23   21   22   21   23   24   26   26   28   27   27   25
   26   24   27   25   31   32   41   48   59                                   
    62.5-180.0 180.0   5.0 450.0                            LAT/LON1/LON2/DLON/H
   62   62   63   66   67   67   68   71   74   80   87   97  109  119  129  135
  140  139  138  130  121  109   97   83   71   58   50   42   39   37   37   37
   36   35   32   30   24   22   18   17   15   18   19   22   24   26   26   25
   23   21   19   15   14   13   13   14   16   18   20   21   23   23   24   22
   22   22   23   24   28   32   41   47   62                                   
    60.0-180.0 180.0   5.0 450.0                            LAT/LON1/LON2/DLON/H
   65   64   68   71   74   73   76   74   78   79   87   92  105  113  125  133
  141  144  144  140  134  124  112   98   85   71   61   52   46   43   40   39
   37   35   31   28   23   20   17   16   16   19   20   24   25   26   25   23
   21   17   14   10    9    7    9    9   14   15   19   20   23   22   24   22
   24   22   26   24   31   33   45   52   65                                   
    57.5-180.0 180.0   5.0 450.0                            LAT/LON1/LON2/DLON/H
   68   70   71   77   80   80   81   80   81   82   85   92  101  110  122  131
  141  146  150  150  147  138  128  113  100   85   74   63   57   51   48   44
   41   38   32   29   24   21   18   18   19   21   23   25   26   25   24   20
   17   13   10    6    5    4    5    7   11   14   17   19   21   22   23   23
   25   24   28   28   32   36   46   51   68                                   
    55.0-180.0 180.0   5.0 450.0                            LAT/LON1/LON2/DLON/H
   71   74   78   83   88   89   91   88   89   86   89   91   99  106  118  130
  141  150  156  160  159  154  144  132  118  103   92   81   73   66   61   56
   50   45   39   35   29   27   25   26   26   30   31   33   32   30   27   22
   19   14   12    8    7    6    9   11   16   18   21   23   25   25   27   27
   31   31   35   35   41   42   54   59   71                                   
    52.5-180.0 180.0   5.0 450.0                            LAT/LON1/LON2/DLON/H
   78   83   83   90   96   98  101   99   98   95   95   96  101  107  118  128
  142  150  159  163  165  162  154  142  131  118  108   98   90   82   76   68
   61   54   48   42   38   36   35   35   37   39   41   41   40   36   32   27
   24   19   17   13   13   12   15   17   21   24   26   27   28   28   30   30
   35   36   42   43   49   51   61   65   78                                   
    50.0-180.0 180.0   5.0 450.0                            LAT/LON1/LON2/DLON/H
   86   92   95  100  106  111  114  113  112  108  106  104  107  111  119  129
  142  152  161  167  169  169  162  155  145  134  126  116  110  101   92   84
   74   67   58   54   50   49   48   50   52   54   55   54   52   48   43   38
   36   32   30   27   27   26   29   31   35   37   38   37   38   36   39   38
   44   46   53   55   62   64   75   79   86                                   
    47.5-180.0 180.0   5.0 450.0                            LAT/LON1/LON2/DLON/H
   98  104  103  111  118  123  128  128  129  125  122  118  119  120  128  135
  147  155  162  167  169  168  163  157  151  143  137  131  124  116  106   96
   85   75   68   63   61   60   61   62   65   65   67   65   63   58   53   50
   48   45   43   41   42   41   43   45   48   48   48   46   44   42   43   43
   49   52   60   64   72   77   86   90   98                                   
    45.0-180.0 180.0   5.0 450.0                            LAT/LON1/LON2/DLON/H
  109  115  120  126  133  139  145  146  146  142  138  135  133  134  139  146
  156  161  167  170  172  173  168  166  161  154  150  144  138  127  117  106
   93   84   76   73   70   71   72   75   76   78   78   77   74   70   66   63
   62   60   60   58   59   59   61   63   65   64   62   58   56   52   53   54
   58   62   71   77   85   92  102  109  109                                   
    42.5-180.0 180.0   5.0 450.0                            LAT/LON1/LON2/DLON/H
  119  124  126  137  144  151  157  160  162  160  158  154  153  152  157  161
  167  171  173  176  176  175  172  169  166  162  157  152  143  134  122  109
   97   87   82   77   79   79   82   82   85   84   86   83   81   77   74   72
   72   71   71   70   71   71   74   75   76   74   71   65   62   58   58   57
   62   66   75   82   92  101  111  122  119                                   
    40.0-180.0 180.0   5.0 450.0                            LAT/LON1/LON2/DLON/H
  128  136  142  149  157  163  170  172  177  175  175  172  171  172  175  178
  184  184  187  187  188  187  184  182  178  172  167  158  149  136  124  112
  101   92   86   85   85   87   89   90   91   92   92   90   88   84   82   80
   81   80   80   79   81   81   85   86   87   84   80   75   71   67   66   66
   68   72   81   89  101  110  123  136  128                                   
    37.5-180.0 180.0   5.0 450.0                            LAT/LON1/LON2/DLON/H
  138  143  146  156  160  169  172  179  184  188  190  190  191  191  194  197
  199  201  201  203  203  200  198  193  188  181  173  163  150  136  124  112
  103   95   93   90   93   92   95   94   96   94   95   92   91   87   86   84
   85   82   83   81   84   84   89   90   91   86   82   76   72   69   68   67
   70   72   81   89  101  114  127  144  138                                   
    35.0-180.0 180.0   5.0 450.0                            LAT/LON1/LON2/DLON/H
  147  156  160  166  171  176  180  184  193  196  202  203  206  208  212  213
  217  218  220  223  223  223  216  211  202  193  184  171  157  142  130  120
  113  109  105  106  104  105  104  104  101  101   99   98   95   92   90   88
   87   85   84   82   84   86   91   93   93   90   85   80   76   75   75   74
   75   77   85   94  109  121  138  153  147                                   
    32.5-180.0 180.0   5.0 450.0                            LAT/LON1/LON2/DLON/H
  156  163  167  173  178  180  182  189  194  203  206  214  217  221  224  227
  230  235  238  244  245  241  236  225  216  206  195  182  166  152  140  133
  129  126  124  121  120  116  115  110  108  104  103  100   99   94   92   88
   86   81   79   76   79   83   89   92   90   87   81   78   74   75   75   74
   75   76   85   94  110  125  142  163  156                                   
    30.0-180.0 180.0   5.0 450.0                            LAT/LON1/LON2/DLON/H
  168  181  187  196  197  201  200  202  207  209  216  220  228  231  236  238
  243  249  255  261  261  260  251  241  231  220  210  197  185  171  164  159
  158  157  151  148  140  136  127  124  116  114  111  111  107  104  100   94
   90   82   78   74   78   82   90   93   91   86   81   79   77   79   80   82
   83   85   94  104  121  138  158  175  168                                   
    27.5-180.0 180.0   5.0 450.0                            LAT/LON1/LON2/DLON/H
  180  192  206  215  222  221  218  216  218  222  223  232  235  243  246  250
  255  263  269  274  273  269  260  250  240  233  224  216  204  198  191  191
  189  187  179  170  159  149  141  133  127  122  121  119  116  111  104   98
   89   81   73   69   71   77   85   88   86   83   76   76   73   78   78   81
   83   87   99  111  129  149  169  191  180                                   
    25.0-180.0 180.0   5.0 450.0                            LAT/LON1/LON2/DLON/H
  198  213  231  247  253  259  254  252  245  244  245  247  252  256  261  264
  270  275  281  284  282  277  269  260  255  249  248  240  236  230  230  229
  226  220  206  194  176  166  153  148  139  137  136  135  131  125  118  109
   99   88   79   73   74   79   86   88   86   81   75   74   75   79   83   87
   91  100  114  127  147  167  189  209  198                                   
    22.5-180.0 180.0   5.0 450.0                            LAT/LON1/LON2/DLON/H
  217  229  257  275  290  294  293  289  283  278  272  273  273  278  280  285
  287  292  294  294  291  285  278  273  270  272  271  274  269  270  268  265
  255  243  223  206  189  174  163  157  151  150  148  149  143  137  126  117
  104   94   82   78   75   82   85   89   85   83   74   74   70   77   79   87
   92  103  121  142  161  184  201  233  217                                   
    20.0-180.0 180.0   5.0 450.0                            LAT/LON1/LON2/DLON/H
  241  253  288  312  327  338  337  336  326  321  309  303  300  302  304  309
  311  315  316  315  310  304  296  293  295  299  306  309  310  309  307  300
  279  262  234  218  194  185  172  170  163  165  163  164  158  153  142  133
  120  109   98   92   90   91   93   94   91   86   79   76   74   79   83   91
   98  112  132  154  175  195  219  250  241                                   
    17.5-180.0 180.0   5.0 450.0                            LAT/LON1/LON2/DLON/H
  261  279  317  337  360  367  374  371  366  359  350  344  338  336  334  339
  340  345  345  345  338  332  323  321  322  332  340  347  347  346  340  328
  302  274  246  223  202  192  185  182  178  179  178  177  170  164  156  147
  136  124  113  106  100  101  100  102   97   94   83   80   72   78   79   91
   96  115  136  164  182  209  225  265  261                                   
    15.0-180.0 180.0   5.0 450.0                            LAT/LON1/LON2/DLON/H
  280  300  339  363  386  403  410  416  406  408  396  398  385  384  376  381
  382  387  390  394  386  379  368  366  369  378  387  393  394  388  378  358
  329  295  266  240  221  210  205  201  197  195  192  189  183  179  172  165
  154  145  134  125  118  115  113  112  106  102   90   85   77   81   81   90
  100  116  141  167  189  212  237  265  280                                   
    12.5-180.0 180.0   5.0 450.0                            LAT/LON1/LON2/DLON/H
  288  319  358  381  408  420  436  437  443  442  443  439  431  424  418  427
  433  439  446  451  445  436  425  419  418  423  430  434  431  419  402  379
  348  317  287  262  244  233  229  225  220  215  210  203  199  192  187  179
  171  159  149  138  129  124  118  116  109  105   93   87   76   80   79   89
   96  117  137  170  189  217  236  272  288                                   
    10.0-180.0 180.0   5.0 450.0                            LAT/LON1/LON2/DLON/H
  299  329  370  398  424  442  458  466  470  480  475  480  468  471  458  472
  482  497  503  506  505  496  483  474  468  472  474  473  466  442  423  392
  367  336  312  288  271  259  252  245  238  230  225  216  212  206  200  191
  181  170  159  148  138  130  122  118  110  106   93   88   78   81   80   87
   96  114  139  165  190  212  242  272  299                                   
     7.5-180.0 180.0   5.0 450.0                            LAT/LON1/LON2/DLON/H
  304  339  381  409  438  455  471  477  487  494  502  505  501  498  491  503
  519  545  557  564  563  551  533  516  505  503  501  497  483  459  436  411
