data/unet/pred2600.15i
     1.0            IONOSPHERE MAPS     GNSS                IONEX VERSION / TYPE
pyspatialgeodesy        IME             05-JAN-18 20:20     PGM / RUN BY / DATE 
Map Name                                                    COMMENT             
Predicted global ionosphere maps (GIM).                     DESCRIPTION         
  2015     9    17     0     0     0                        EPOCH OF FIRST MAP  
  2015     9    18     0     0     0                        EPOCH OF LAST MAP   
  7200                                                      INTERVAL            
    13                                                      # OF MAPS IN FILE   
  NONE                                                      MAPPING FUNCTION    
10.0                                                        ELEVATION CUTOFF    
One-way carrier phase leveled to code                       OBSERVABLES USED    
  6371.0                                                    BASE RADIUS         
 2                                                          MAP DIMENSION       
   450.0 450.0   0.0                                        HGT1 / HGT2 / DHGT  
    87.5 -87.5  -2.5                                        LAT1 / LAT2 / DLAT  
  -180.0 180.0   5.0                                        LON1 / LON2 / DLON  
    -1                                                      EXPONENT            
                                                            END OF HEADER       
[from data line 3003]
     8                                                      START OF TEC MAP    
  2015     9    17    14     0     0                        EPOCH OF CURRENT MAP
    87.5-180.0 180.0   5.0 450.0                            LAT/LON1/LON2/DLON/H
   96  110  117  118  115  118  117  121  120  124  123  126  124  128  126  129
  127  129  128  129  127  129  127  127  125  126  124  125  121  122  119  120
  116  117  114  115  112  113  110  112  109  110  108  109  107  109  106  108
  106  109  107  109  107  110  108  110  108  110  108  110  110  111  110  111
  110  112  112  114  113  117  125  113   96                                   
    85.0-180.0 180.0   5.0 450.0                            LAT/LON1/LON2/DLON/H
   98  108  107  106  108  107  110  110  114  114  119  118  123  121  126  123
  127  124  128  124  127  123  126  120  123  119  121  116  117  113  114  109
  110  106  106  102  102   99   98   96   95   94   93   92   93   92   93   92
   93   93   94   94   96   96   98   97  100   99  100  100  102  101  102  101
  103  102  104  103  107  107  109  107   98                                   
    82.5-180.0 180.0   5.0 450.0                            LAT/LON1/LON2/DLON/H
   98   94   95   98   99  102  103  106  108  112  114  117  119  122  123  125
  127  127  129  127  128  126  126  123  124  122  122  120  119  117  115  112
  110  107  104  101   98   95   92   90   87   86   83   83   82   83   81   83
   82   85   84   87   87   89   89   91   91   92   92   93   94   94   94   94
   94   94   94   94   94   92   95   87   98                                   
    80.0-180.0 180.0   5.0 450.0                            LAT/LON1/LON2/DLON/H
   81   78   77   84   82   88   87   94   94  101  100  108  107  113  113  118
  118  121  121  123  124  123  123  122  122  121  121  120  117  116  112  110
  105  104   98   96   90   89   84   83   78   78   75   75   73   74   72   74
   73   76   74   78   76   80   78   82   80   83   80   84   81   83   79   82
   78   80   76   79   75   75   73   71   81                                   
    77.5-180.0 180.0   5.0 450.0                            LAT/LON1/LON2/DLON/H
   65   63   62   63   66   70   72   77   79   84   87   92   95  100  103  107
  108  111  112  116  116  118  118  119  119  120  119  119  116  115  111  109
  104  101   97   93   89   84   81   77   74   71   69   68   67   66   66   66
   66   67   67   69   67   70   68   71   68   71   68   71   68   69   67   67
   65   65   63   62   60   57   55   51   65                                   
    75.0-180.0 180.0   5.0 450.0                            LAT/LON1/LON2/DLON/H
   54   47   51   53   54   58   60   64   66   72   74   81   82   91   92   98
   98  105  104  109  109  113  113  116  115  118  118  117  116  114  112  108
  105  101   98   93   89   84   81   76   74   70   70   66   66   64   65   63
   63   63   63   62   62   62   61   60   59   59   58   58   57   57   56   55
   54   54   54   52   53   48   50   42   54                                   
    72.5-180.0 180.0   5.0 450.0                            LAT/LON1/LON2/DLON/H
   43   47   48   48   50   53   56   60   62   67   70   77   78   87   88   95
   95  101  101  106  106  112  111  117  115  121  119  122  119  121  116  116
  110  109  104  102   96   93   87   85   81   78   75   74   71   70   68   67
   65   65   63   62   60   59   57   56   54   53   51   52   51   52   50   52
   51   50   50   49   48   44   44   34   43                                   
    70.0-180.0 180.0   5.0 450.0                            LAT/LON1/LON2/DLON/H
   40   38   44   45   47   49   53   52   56   59   63   68   72   79   80   89
   88   97   96  103  103  110  109  115  114  117  116  118  117  117  115  113
  110  107  104  102   98   94   91   88   85   82   81   77   77   73   73   70
   70   66   66   62   60   55   54   49   49   44   45   43   44   43   45   44
   46   45   48   45   47   41   44   31   40                                   
    67.5-180.0 180.0   5.0 450.0                            LAT/LON1/LON2/DLON/H
   37   44   45   44   46   46   50   50   53   56   60   66   70   78   80   89
   88   96   98  103  106  112  112  118  116  120  117  121  117  119  114  115
  110  111  106  106  101  100   96   95   91   91   87   86   83   81   78   77
   74   73   69   67   63   58   54   50   47   43   41   42   41   42   42   45
   45   46   46   47   45   41   41   31   37                                   
    65.0-180.0 180.0   5.0 450.0                            LAT/LON1/LON2/DLON/H
   37   36   40   40   42   43   46   46   49   51   55   60   64   74   75   87
   85   96   95  105  105  113  114  118  117  118  115  115  112  112  109  110
  108  107  105  102   99   98   95   94   93   92   91   88   87   83   83   79
   79   74   73   67   65   58   54   47   45   40   41   39   42   40   43   42
   45   44   46   44   45   39   42   32   37                                   
    62.5-180.0 180.0   5.0 450.0                            LAT/LON1/LON2/DLON/H
   35   39   37   36   37   38   41   42   46   47   53   57   64   73   77   88
   90   99  100  107  111  118  119  124  122  123  117  118  113  114  111  113
  110  111  106  106  101  101   97   98   96   97   94   94   90   90   86   86
   82   81   77   75   69   64   58   53   49   45   43   45   44   46   45   46
   45   46   45   45   42   38   39   31   35                                   
    60.0-180.0 180.0   5.0 450.0                            LAT/LON1/LON2/DLON/H
   32   28   29   29   30   31   35   35   40   42   47   53   58   70   73   86
   87   98  100  109  112  119  121  124  123  121  116  114  110  110  109  111
  109  109  106  104  100   98   96   96   95   95   94   94   92   90   89   87
   86   83   82   77   74   66   61   55   53   49   50   48   50   48   49   48
   47   46   45   42   42   34   37   28   32                                   
    57.5-180.0 180.0   5.0 450.0                            LAT/LON1/LON2/DLON/H
   29   30   25   24   24   25   28   30   35   38   45   50   58   67   74   85
   89   98  102  109  114  121  124  128  126  125  119  119  115  118  118  122
  120  121  115  113  107  104  101  102  100  101   99  100   96   97   93   94
   91   92   88   86   81   76   69   65   61   58   58   58   57   56   53   52
   48   47   44   43   38   34   33   24   29                                   
    55.0-180.0 180.0   5.0 450.0                            LAT/LON1/LON2/DLON/H
   32   24   22   20   20   20   24   25   30   33   40   47   54   64   70   82
   86   96   99  109  113  122  125  128  127  123  121  119  121  123  127  130
  132  131  125  120  112  108  105  104  103  104  103  102  101   99   98   97
   97   96   96   91   89   81   77   71   70   66   67   66   66   62   59   54
   51   48   45   42   41   34   35   23   32                                   
    52.5-180.0 180.0   5.0 450.0                            LAT/LON1/LON2/DLON/H
   34   32   26   23   21   22   24   27   30   35   41   49   56   64   72   82
   86   97  100  110  115  124  128  132  130  130  127  129  131  138  142  149
  149  148  140  134  125  121  117  117  114  116  113  113  110  110  107  107
  106  107  104  102   96   92   86   83   79   78   76   76   72   70   63   59
   53   51   47   45   41   38   36   25   34                                   
    50.0-180.0 180.0   5.0 450.0                            LAT/LON1/LON2/DLON/H
   47   36   33   30   27   26   27   29   32   36   41   48   54   62   68   79
   83   95   97  110  114  126  129  133  133  132  133  134  141  146  154  160
  162  158  150  142  135  129  127  125  125  123  122  120  120  117  117  116
  116  114  114  109  105   97   94   90   90   88   89   85   82   75   71   64
   60   54   53   49   50   43   45   32   47                                   
    47.5-180.0 180.0   5.0 450.0                            LAT/LON1/LON2/DLON/H
   55   52   44   43   37   38   37   40   41   44   47   53   58   66   72   82
   87   99  102  115  120  131  134  140  140  142  143  148  153  160  165  172
  171  167  158  152  145  143  141  142  139  139  136  136  133  133  130  130
  127  127  122  118  110  106  100  100   97   98   96   96   89   84   76   71
   64   62   58   57   54   52   52   44   55                                   
    45.0-180.0 180.0   5.0 450.0                            LAT/LON1/LON2/DLON/H
   65   60   58   54   50   47   48   46   48   49   53   56   61   67   72   82
   88  100  105  117  123  134  138  145  148  149  153  155  161  166  171  175
  175  170  163  157  155  154  155  153  154  149  149  145  146  142  144  139
  139  134  131  123  118  110  107  104  106  105  107  103   98   91   84   77
   74   68   68   64   67   62   64   57   65                                   
    42.5-180.0 180.0   5.0 450.0                            LAT/LON1/LON2/DLON/H
   72   73   69   67   61   60   58   59   59   62   63   67   69   75   80   89
   96  108  115  127  133  143  147  154  157  161  164  168  170  175  176  178
  175  171  168  166  165  167  168  169  167  164  161  159  159  157  156  153
  149  145  138  131  122  117  111  111  111  112  111  111  103   98   90   86
   81   80   76   76   73   72   74   69   72                                   
    40.0-180.0 180.0   5.0 450.0                            LAT/LON1/LON2/DLON/H
   76   76   74   72   68   64   65   61   65   66   71   73   77   81   86   95
  104  114  123  133  141  148  154  160  166  168  173  174  178  177  179  180
  180  179  178  179  182  185  188  187  185  176  174  168  172  167  169  162
  160  152  147  136  129  120  116  113  116  117  119  116  111  105  100   93
   91   87   88   82   82   77   80   75   76                                   
    37.5-180.0 180.0   5.0 450.0                            LAT/LON1/LON2/DLON/H
   75   78   76   73   69   68   67   68   70   76   81   87   90   95   99  108
  117  127  136  145  150  157  161  168  171  177  181  183  185  184  185  186
  191  192  197  200  206  208  210  206  200  192  187  184  183  182  180  176
  170  164  155  146  136  127  120  118  119  120  120  120  114  111  105  103
   97   97   93   90   83   81   80   77   75                                   
    35.0-180.0 180.0   5.0 450.0                            LAT/LON1/LON2/DLON/H
   72   72   69   68   65   64   65   65   72   78   87   94  100  107  111  119
  128  137  147  153  160  163  170  173  181  183  190  190  195  194  200  205
  215  224  231  238  242  243  240  232  223  213  207  199  201  196  196  187
  183  173  166  153  145  133  129  123  124  122  122  120  116  113  110  106
  105  101  100   92   90   81   80   75   72                                   
    32.5-180.0 180.0   5.0 450.0                            LAT/LON1/LON2/DLON/H
   65   65   63   59   56   57   59   63   69   80   91  100  110  117  125  132
  140  149  157  163  167  172  174  180  184  193  198  203  209  214  225  237
  256  268  281  286  288  283  275  262  249  237  230  225  222  219  214  207
  199  189  180  168  158  148  140  134  131  127  123  120  115  113  109  108
  105  105  101   96   87   82   78   73   65                                   
    30.0-180.0 180.0   5.0 450.0                            LAT/LON1/LON2/DLON/H
   64   56   52   50   48   49   50   55   63   74   90  100  113  125  132  142
  149  157  166  170  174  175  179  183  190  197  208  215  229  239  259  279
  301  317  329  332  330  323  312  296  280  266  258  251  249  242  238  227
  219  204  195  180  171  158  151  143  139  134  128  123  117  114  110  108
  105  104  103   96   92   82   79   71   64                                   
    27.5-180.0 180.0   5.0 450.0                            LAT/LON1/LON2/DLON/H
   64   57   49   48   44   44   43   49   56   70   84   99  115  126  137  144
  155  161  171  178  177  182  181  189  194  208  219  235  253  271  297  320
  347  364  377  375  370  356  344  328  313  299  292  285  281  274  266  254
  241  224  212  195  186  171  162  151  146  137  131  123  118  113  110  107
  104  105  102   98   92   88   84   74   64                                   
    25.0-180.0 180.0   5.0 450.0                            LAT/LON1/LON2/DLON/H
   70   57   50   47   45   44   44   45   52   64   79   95  113  125  137  147
  157  165  175  180  182  184  187  191  202  214  234  253  277  301  332  361
  390  409  416  411  399  386  372  358  347  339  333  329  322  313  301  288
  270  253  236  220  205  190  175  163  153  145  138  131  122  118  110  108
  104  105  106  102  101   97   92   80   70                                   
    22.5-180.0 180.0   5.0 450.0                            LAT/LON1/LON2/DLON/H
   80   73   62   57   49   51   45   49   49   61   72   92  106  121  134  141
  154  162  176  182  187  191  191  202  210  229  249  275  301  330  364  398
  430  447  450  440  425  409  396  386  378  376  373  373  365  356  339  322
  303  283  267  247  229  211  193  181  168  157  147  136  127  119  114  110
  107  109  109  110  106  107  101   90   80                                   
    20.0-180.0 180.0   5.0 450.0                            LAT/LON1/LON2/DLON/H
   90   85   76   71   61   58   54   51   55   58   69   84  101  114  130  137
  151  162  177  186  193  197  201  209  223  240  266  292  323  355  392  426
  454  468  466  455  439  427  416  409  405  407  409  410  402  390  371  352
  332  315  294  277  253  233  215  203  190  176  162  152  136  128  118  117
  113  115  117  118  118  117  111  101   90                                   
    17.5-180.0 180.0   5.0 450.0                            LAT/LON1/LON2/DLON/H
   94  103   89   83   70   67   58   58   55   59   63   78   91  111  125  136
  149  157  175  184  195  202  208  222  235  259  283  314  346  379  417  443
  465  473  469  459  445  436  428  426  424  430  433  438  431  422  399  380
  356  337  318  297  273  252  236  224  210  195  181  166  151  136  126  121
  119  122  120  122  121  121  114  111   94                                   
    15.0-180.0 180.0   5.0 450.0                            LAT/LON1/LON2/DLON/H
  104  109   98   91   78   72   68   66   62   62   64   69   84  102  123  132
  150  159  177  190  201  209  218  231  251  272  304  331  368  397  432  449
  464  467  464  455  446  442  439  441  441  448  451  459  451  442  420  401
  376  359  337  321  300  285  267  255  238  223  202  187  169  156  139  132
  128  130  128  127  124  122  114  107  104                                   
    12.5-180.0 180.0   5.0 450.0                            LAT/LON1/LON2/DLON/H
  105  114  101   92   81   73   69   69   65   66   63   71   80  105  121  141
  157  170  183  196  205  213  224  242  263  291  321  355  387  414  437  448
  455  455  453  446  444  444  448  451  454  459  463  468  463  454  432  413
  388  369  350  335  317  306  290  282  265  247  227  206  186  169  156  145
  141  139  136  131  127  121  114  113  105                                   
    10.0-180.0 180.0   5.0 450.0                            LAT/LON1/LON2/DLON/H
  106  111   99   98   84   79   73   72   70   69   67   73   83  105  126  144
  164  176  192  204  212  221  234  252  282  305  345  369  404  419  439  443
  450  447  446  445  447  454  458  465  463  471  469  476  467  458  433  416
  391  376  357  344  327  319  307  302  286  272  247  229  203  186  169  160
  154  151  145  138  129  122  114   98  106                                   
     7.5-180.0 180.0   5.0 450.0                            LAT/LON1/LON2/DLON/H
  102  106   96   92   82   74   70   69   69   69   68   76   88  115  132  154
  170  185  196  212  218  232  243  269  294  330  361  393  416  430  440  444
