data/unet/pred1940.15i
     1.0            IONOSPHERE MAPS     GNSS                IONEX VERSION / TYPE
pyspatialgeodesy        IME             05-JAN-18 20:20     PGM / RUN BY / DATE 
Map Name                                                    COMMENT             
Predicted global ionosphere maps (GIM).                     DESCRIPTION         
  2015     7    13     0     0     0                        EPOCH OF FIRST MAP  
  2015     7    14     0     0     0                        EPOCH OF LAST MAP   
  7200                                                      INTERVAL            
    13                                                      # OF MAPS IN FILE   
  NONE                                                      MAPPING FUNCTION    
10.0                                                        ELEVATION CUTOFF    
One-way carrier phase leveled to code                       OBSERVABLES USED    
  6371.0                                                    BASE RADIUS         
 2                                                          MAP DIMENSION       
   450.0 450.0   0.0                                        HGT1 / HGT2 / DHGT  
    87.5 -87.5  -2.5                                        LAT1 / LAT2 / DLAT  
  -180.0 180.0   5.0                                        LON1 / LON2 / DLON  
    -1                                                      EXPONENT            
                                                            END OF HEADER       
[from data line 4290]
    11                                                      START OF TEC MAP    
  2015     7    13    20     0     0                        EPOCH OF CURRENT MAP
    87.5-180.0 180.0   5.0 450.0                            LAT/LON1/LON2/DLON/H
  204  183  173  176  173  173  172  173  174  175  175  176  177  178  178  178
  178  178  177  176  176  175  174  173  172  171  170  169  167  167  165  165
  163  163  161  161  160  160  159  159  158  158  157  157  157  157  157  156
  156  156  156  156  156  156  157  157  158  158  159  160  161  162  163  164
  165  166  167  166  166  167  169  183  204                                   
    85.0-180.0 180.0   5.0 450.0                            LAT/LON1/LON2/DLON/H
  168  172  171  176  174  174  174  176  177  179  180  181  182  184  183  185
  184  184  183  183  182  181  178  177  176  174  172  171  169  167  166  164
  164  161  161  158  159  157  157  155  157  154  156  153  156  153  155  153
  155  153  154  152  155  153  155  153  155  155  156  156  158  158  159  160
  161  162  162  162  161  160  164  181  168                                   
    82.5-180.0 180.0   5.0 450.0                            LAT/LON1/LON2/DLON/H
  171  172  177  180  179  181  181  184  185  188  188  191  192  194  194  195
  194  195  193  192  191  190  187  185  182  180  177  175  172  171  168  167
  164  164  160  161  158  159  156  157  155  156  154  156  154  156  154  155
  154  155  154  155  154  156  155  156  155  157  156  158  157  159  158  160
  159  162  161  163  161  162  162  170  171                                   
    80.0-180.0 180.0   5.0 450.0                            LAT/LON1/LON2/DLON/H
  173  167  170  173  174  175  178  181  184  185  188  190  193  194  195  196
  196  196  195  194  193  190  188  184  182  178  176  171  170  165  164  160
  160  156  157  154  155  153  154  152  153  151  152  150  152  150  151  149
  151  150  151  150  152  151  152  151  153  152  153  151  153  152  153  152
  154  154  155  153  155  154  157  164  173                                   
    77.5-180.0 180.0   5.0 450.0                            LAT/LON1/LON2/DLON/H
  163  161  163  167  168  170  175  177  181  182  186  187  190  191  193  193
  194  193  194  192  191  188  186  183  180  175  173  168  165  161  159  155
  154  152  152  150  151  150  151  150  151  149  150  148  149  147  148  146
  148  147  148  148  149  148  150  149  150  148  150  148  149  148  149  148
  150  149  151  149  149  150  148  154  163                                   
    75.0-180.0 180.0   5.0 450.0                            LAT/LON1/LON2/DLON/H
  159  156  160  164  166  168  172  174  178  179  183  185  187  189  191  192
  193  193  193  193  192  190  189  185  182  178  175  170  167  162  160  156
  155  153  154  152  155  154  156  155  156  154  154  152  151  150  150  149
  149  149  151  150  151  151  152  150  150  149  149  147  148  146  148  145
  148  146  149  147  150  148  150  156  159                                   
    72.5-180.0 180.0   5.0 450.0                            LAT/LON1/LON2/DLON/H
  159  160  162  165  166  168  170  173  175  178  181  183  185  186  188  189
  189  189  190  190  189  188  186  184  181  177  173  169  165  161  157  154
  152  151  151  151  153  154  155  155  155  154  152  150  149  148  147  146
  146  148  148  149  149  150  149  149  147  146  146  144  144  144  145  145
  147  148  149  150  151  152  152  157  159                                   
    70.0-180.0 180.0   5.0 450.0                            LAT/LON1/LON2/DLON/H
  166  163  168  170  171  171  173  174  177  179  182  184  186  187  189  189
  190  190  191  190  191  189  189  186  184  179  176  170  167  162  159  154
  153  151  152  152  155  155  158  157  157  155  153  150  149  145  146  144
  147  147  149  149  150  150  150  148  147  146  146  145  145  145  148  148
  151  151  155  155  159  157  160  165  166                                   
    67.5-180.0 180.0   5.0 450.0                            LAT/LON1/LON2/DLON/H
  174  174  176  176  176  175  176  177  179  181  184  185  188  188  190  189
  190  189  190  189  190  189  189  186  184  180  177  171  167  162  159  154
  153  150  151  151  153  154  156  156  154  152  149  146  143  141  140  141
  141  144  145  146  146  146  146  145  144  142  143  143  144  146  149  151
  154  157  160  162  165  165  164  168  174                                   
    65.0-180.0 180.0   5.0 450.0                            LAT/LON1/LON2/DLON/H
  185  182  184  184  183  181  182  181  184  185  189  191  194  194  196  195
  196  194  195  194  195  194  194  192  190  186  183  178  174  168  165  160
  158  155  155  155  157  158  160  159  157  153  150  145  142  139  139  138
  141  142  145  144  145  143  143  141  141  140  142  143  146  149  153  156
  161  164  168  170  174  172  173  176  185                                   
    62.5-180.0 180.0   5.0 450.0                            LAT/LON1/LON2/DLON/H
  191  190  190  190  188  186  185  186  187  189  192  194  198  197  200  197
  199  196  197  195  197  195  197  194  194  189  187  182  179  174  172  165
  163  159  158  157  159  159  161  159  157  153  148  143  138  136  135  135
  137  138  139  138  137  136  134  133  133  134  137  139  144  149  154  158
  163  167  171  175  177  179  176  180  191                                   
    60.0-180.0 180.0   5.0 450.0                            LAT/LON1/LON2/DLON/H
  195  193  193  194  193  191  190  190  191  192  196  198  202  202  205  204
  205  203  203  201  202  201  202  200  199  196  194  191  188  185  182  178
  175  170  168  167  167  168  169  167  164  158  153  146  142  138  138  136
  138  137  137  133  132  128  128  125  129  129  134  137  143  148  155  160
  166  170  175  178  181  180  180  185  195                                   
    57.5-180.0 180.0   5.0 450.0                            LAT/LON1/LON2/DLON/H
  197  195  195  197  197  194  192  192  192  194  196  199  202  202  205  204
  205  202  203  201  203  200  203  200  202  197  199  194  197  192  194  188
  187  180  179  175  176  175  177  174  170  165  158  152  146  141  140  137
  137  134  131  126  122  119  117  117  120  122  128  132  139  145  153  158
  166  171  177  179  182  183  178  186  197                                   
    55.0-180.0 180.0   5.0 450.0                            LAT/LON1/LON2/DLON/H
  198  196  197  201  201  200  198  199  198  199  199  202  203  205  207  207
  207  205  205  204  204  203  204  202  203  202  202  203  204  204  206  203
  200  195  192  189  189  188  189  186  183  176  170  161  155  149  146  141
  139  133  129  121  117  111  112  111  116  119  126  130  138  143  151  157
  165  171  177  180  182  183  183  190  198                                   
    52.5-180.0 180.0   5.0 450.0                            LAT/LON1/LON2/DLON/H
  200  200  201  206  206  205  202  203  202  202  200  202  202  203  204  203
  204  202  203  200  202  200  202  200  203  200  205  204  210  210  215  212
  210  204  201  197  198  197  199  195  192  186  178  169  162  155  150  144
  138  131  124  115  109  105  106  107  113  117  122  127  133  138  147  153
  163  168  176  178  181  183  182  192  200                                   
    50.0-180.0 180.0   5.0 450.0                            LAT/LON1/LON2/DLON/H
  203  204  207  212  213  214  211  213  211  210  206  208  205  206  205  205
  205  203  203  201  201  200  202  201  203  203  206  209  214  217  222  221
  220  214  212  209  210  210  213  208  206  198  192  181  175  165  159  150
  142  132  124  113  109  103  106  107  116  118  125  127  133  137  146  152
  162  169  177  180  183  188  190  199  203                                   
    47.5-180.0 180.0   5.0 450.0                            LAT/LON1/LON2/DLON/H
  212  213  217  223  224  225  224  226  223  221  216  214  210  208  206  204
  204  201  200  198  199  198  200  199  203  202  207  209  217  220  226  225
  224  220  218  215  217  219  222  218  213  206  200  191  183  174  165  156
  145  135  125  117  110  107  109  112  118  122  126  128  130  135  143  150
  161  169  179  182  187  192  194  206  212                                   
    45.0-180.0 180.0   5.0 450.0                            LAT/LON1/LON2/DLON/H
  220  222  228  233  235  240  238  241  237  236  229  227  221  218  214  212
  209  206  204  201  201  201  203  203  206  207  211  215  221  225  230  230
  230  226  226  225  230  231  236  231  228  220  214  203  197  186  177  165
  153  142  131  122  118  114  117  119  126  129  132  132  134  137  145  154
  165  175  185  191  196  203  207  218  220                                   
    42.5-180.0 180.0   5.0 450.0                            LAT/LON1/LON2/DLON/H
  233  236  240  247  249  253  254  257  255  253  246  242  235  230  225  221
  215  211  207  205  204  204  206  207  211  212  217  220  227  231  235  236
  235  234  236  237  243  245  249  244  240  232  224  215  207  198  186  176
  163  152  143  135  129  126  127  129  135  136  137  136  137  140  148  157
  170  180  192  197  205  210  215  230  233                                   
    40.0-180.0 180.0   5.0 450.0                            LAT/LON1/LON2/DLON/H
  242  248  253  258  259  265  266  272  270  270  263  260  253  248  242  236
  230  223  217  214  212  214  214  217  220  224  228  234  239  243  247  248
  249  249  253  256  263  266  268  264  259  251  242  233  224  212  203  189
  177  166  156  148  143  138  140  140  145  144  144  143  144  147  156  167
  180  190  202  209  216  222  228  243  242                                   
    37.5-180.0 180.0   5.0 450.0                            LAT/LON1/LON2/DLON/H
  254  262  265  271  271  275  276  283  284  285  282  279  274  269  261  255
  247  238  230  224  222  222  224  226  231  237  243  249  254  259  262  265
  268  270  276  281  289  291  292  286  279  270  262  252  241  231  217  206
  193  183  174  166  159  155  153  152  154  152  152  150  151  155  163  175
  187  197  208  214  223  229  234  253  254                                   
    35.0-180.0 180.0   5.0 450.0                            LAT/LON1/LON2/DLON/H
  261  272  277  283  280  285  284  294  294  301  297  300  295  294  285  280
  268  261  249  243  237  238  239  245  251  260  267  277  282  287  292  296
  302  304  312  314  322  320  318  309  301  292  282  274  262  250  235  222
  209  198  189  179  171  164  160  156  156  152  153  151  155  160  169  182
  194  204  215  222  230  237  244  262  261                                   
    32.5-180.0 180.0   5.0 450.0                            LAT/LON1/LON2/DLON/H
  267  279  286  293  291  294  292  300  304  311  312  316  316  313  307  300
  290  281  270  261  254  253  255  261  269  281  290  302  309  317  324  333
  338  344  346  348  348  344  337  327  320  311  303  292  279  265  249  235
  221  210  199  187  178  168  163  156  154  150  149  150  156  163  174  187
  198  208  218  223  233  240  246  266  267                                   
    30.0-180.0 180.0   5.0 450.0                            LAT/LON1/LON2/DLON/H
  272  289  300  307  304  306  303  312  314  324  324  333  333  335  328  324
  311  304  290  283  272  272  270  278  287  301  314  327  340  348  361  368
  378  377  377  370  366  357  349  338  330  320  313  302  288  273  256  240
  226  212  203  190  182  169  163  153  151  144  145  145  154  162  175  188
  199  209  220  226  235  243  254  270  272                                   
    27.5-180.0 180.0   5.0 450.0                            LAT/LON1/LON2/DLON/H
  277  292  307  315  313  314  311  318  321  329  334  344  351  351  347  339
  331  322  312  302  292  288  287  293  303  320  333  350  363  376  388  398
  405  404  397  384  372  357  347  335  328  320  313  302  286  270  251  236
  219  207  195  184  173  165  158  151  146  140  141  143  150  158  173  186
  197  208  219  226  237  247  256  272  277                                   
    25.0-180.0 180.0   5.0 450.0                            LAT/LON1/LON2/DLON/H
  280  301  317  325  325  325  326  332  335  343  348  362  369  373  367  361
  351  345  333  325  312  309  304  310  320  335  351  368  386  399  413  421
  427  422  411  392  368  348  331  319  310  304  296  285  271  254  236  217
  202  189  180  167  158  151  148  142  137  132  132  135  143  151  163  177
  190  203  215  227  239  252  266  279  280                                   
    22.5-180.0 180.0   5.0 450.0                            LAT/LON1/LON2/DLON/H
  285  304  322  333  335  335  336  342  346  354  359  372  383  388  386  379
  374  366  357  346  333  326  319  324  332  349  363  384  398  413  423  428
  429  421  406  377  345  315  296  281  276  271  264  256  243  228  208  192
  178  166  154  144  136  135  132  131  126  121  120  122  129  136  148  160
  176  192  209  224  240  257  271  284  285                                   
    20.0-180.0 180.0   5.0 450.0                            LAT/LON1/LON2/DLON/H
  288  312  332  346  349  351  355  362  365  371  377  387  397  404  405  403
  397  391  382  372  356  348  338  339  347  359  376  392  409  417  424  424
  420  409  385  350  308  275  250  239  234  229  225  218  208  192  180  164
  153  139  129  120  117  118  120  119  116  111  109  110  118  122  132  142
  159  178  200  219  237  255  274  286  288                                   
    17.5-180.0 180.0   5.0 450.0                            LAT/LON1/LON2/DLON/H
  291  314  336  353  359  364  369  374  377  382  386  395  406  415  423  423
  421  415  407  396  381  369  356  356  359  371  383  399  410  414  415  409
  400  382  351  308  263  228  206  196  191  187  184  180  172  163  151  140
  129  118  109  104  102  106  109  110  106  101   97   98  104  108  115  127
  145  166  190  212  232  255  271  285  291                                   
    15.0-180.0 180.0   5.0 450.0                            LAT/LON1/LON2/DLON/H
  290  315  334  352  360  370  376  385  391  393  396  402  412  424  437  442
  444  438  431  421  406  394  378  374  376  382  396  405  413  411  407  394
  378  352  314  270  227  195  175  166  163  160  159  155  150  141  134  123
  115  104   97   91   91   96  101  103   99   95   89   88   94   95  103  112
  131  153  180  205  226  247  266  281  290                                   
    12.5-180.0 180.0   5.0 450.0                            LAT/LON1/LON2/DLON/H
  285  309  327  349  358  370  377  386  393  395  397  404  416  431  446  456
  462  461  454  443  426  413  396  392  391  396  402  408  410  404  394  376
  351  320  280  240  203  176  159  151  148  146  144  141  137  132  124  116
  107   99   89   86   85   90   96   96   94   89   84   82   83   86   90  100
  117  141  166  193  215  241  256  276  285                                   
    10.0-180.0 180.0   5.0 450.0                            LAT/LON1/LON2/DLON/H
  278  301  318  335  346  357  367  378  388  393  397  402  415  429  450  462
  473  472  470  461  443  430  412  406  405  404  409  409  408  398  383  357
  333  298  265  230  199  178  166  159  154  150  146  142  138  133  129  119
  110   99   91   85   85   88   92   93   91   85   81   76   79   77   81   89
  106  127  154  180  203  226  246  265  278                                   
     7.5-180.0 180.0   5.0 450.0                            LAT/LON1/LON2/DLON/H
  272  295  313  330  340  352  358  371  380  386  390  400  411  428  448  464
  477  481  480  472  453  441  425  420  414  412  412  410  404  393  373  349
