data/unet/pred3030.15i
     1.0            IONOSPHERE MAPS     GNSS                IONEX VERSION / TYPE
pyspatialgeodesy        IME             05-JAN-18 20:20     PGM / RUN BY / DATE 
Map Name                                                    COMMENT             
Predicted global ionosphere maps (GIM).                     DESCRIPTION         
  2015    10    30     0     0     0                        EPOCH OF FIRST MAP  
  2015    10    31     0     0     0                        EPOCH OF LAST MAP   
  7200                                                      INTERVAL            
    13                                                      # OF MAPS IN FILE   
  NONE                                                      MAPPING FUNCTION    
10.0                                                        ELEVATION CUTOFF    
One-way carrier phase leveled to code                       OBSERVABLES USED    
  6371.0                                                    BASE RADIUS         
 2                                                          MAP DIMENSION       
   450.0 450.0   0.0                                        HGT1 / HGT2 / DHGT  
    87.5 -87.5  -2.5                                        LAT1 / LAT2 / DLAT  
  -180.0 180.0   5.0                                        LON1 / LON2 / DLON  
    -1                                                      EXPONENT            
                                                            END OF HEADER       
     1                                                      START OF TEC MAP    
  2015    10    30     0     0     0                        EPOCH OF CURRENT MAP
    87.5-180.0 180.0   5.0 450.0                            LAT/LON1/LON2/DLON/H
  150  123  123  120  120  115  117  114  116  112  114  110  112  109  111  107
  109  106  108  105  107  104  106  102  104  101  103  100  102  100  102  100
  102  101  103  101  104  102  105  102  105  103  107  104  107  106  108  107
  109  108  110  109  111  110  112  111  112  112  113  112  113  112  114  113
  115  113  115  115  121  119  122  145  150                                   
    85.0-180.0 180.0   5.0 450.0                            LAT/LON1/LON2/DLON/H
  133  122  125  124  123  116  117  113  114  110  111  106  107  103  104  100
  102   99  100   97   98   95   97   94   95   92   94   92   93   92   94   93
   95   94   97   96   99   98  101  100  103  102  105  104  107  106  108  107
  109  108  110  109  111  111  112  112  113  113  114  114  115  115  116  116
  118  117  119  119  124  118  121  123  133                                   
    82.5-180.0 180.0   5.0 450.0                            LAT/LON1/LON2/DLON/H
  137  132  131  131  126  122  120  117  115  111  110  106  104  100  100   96
   96   92   93   90   90   87   88   85   87   83   86   83   86   84   87   86
   89   88   92   91   95   93   98   96  101   99  104  102  106  103  107  104
  108  105  108  105  109  107  111  108  112  110  114  112  116  115  119  118
  121  121  125  125  129  125  126  127  137                                   
    80.0-180.0 180.0   5.0 450.0                            LAT/LON1/LON2/DLON/H
  151  147  144  144  136  134  129  127  122  120  115  113  107  105  100   98
   93   91   88   87   84   83   81   80   79   78   78   78   78   79   81   82
   84   85   87   89   91   92   94   95   97   98  100  100  101  100  101  100
  100   99  100   99  101  100  103  104  106  107  110  111  114  116  120  123
  126  130  133  137  139  138  138  142  151                                   
    77.5-180.0 180.0   5.0 450.0                            LAT/LON1/LON2/DLON/H
  163  159  157  155  149  145  139  136  131  127  122  118  111  107  101   97
   91   87   84   80   78   75   74   71   70   69   70   71   72   73   75   76
   78   79   81   82   83   84   85   86   87   87   88   87   87   85   85   84
   84   83   83   83   85   86   89   91   94   97  100  103  106  110  114  119
  124  130  135  141  147  147  148  153  163                                   
    75.0-180.0 180.0   5.0 450.0                            LAT/LON1/LON2/DLON/H
  170  168  170  170  161  157  150  146  140  134  128  122  115  108  101   94
   88   82   78   75   72   69   67   66   64   65   66   67   69   71   73   74
   75   76   77   77   78   78   79   78   79   77   78   75   74   71   71   69
   68   67   68   69   71   73   77   80   84   87   91   95   99  103  109  115
  123  129  137  145  153  156  160  164  170                                   
    72.5-180.0 180.0   5.0 450.0                            LAT/LON1/LON2/DLON/H
  180  181  186  185  175  168  160  156  149  143  136  129  120  111  102   93
   84   77   73   68   65   62   62   60   60   60   63   64   67   69   71   72
   73   73   73   72   72   70   71   70   69   67   66   64   61   58   56   54
   52   51   52   54   57   60   64   68   74   78   84   88   94   98  105  111
  120  128  138  147  158  165  170  177  180                                   
    70.0-180.0 180.0   5.0 450.0                            LAT/LON1/LON2/DLON/H
  192  193  200  198  187  179  170  164  158  152  145  136  127  117  106   94
   84   75   70   64   61   59   58   57   58   59   61   64   66   68   70   70
   70   69   68   66   65   63   63   61   60   58   57   54   52   48   46   44
   41   41   42   44   48   52   59   64   71   76   82   88   94  100  107  113
  123  130  143  151  162  171  180  189  192                                   
    67.5-180.0 180.0   5.0 450.0                            LAT/LON1/LON2/DLON/H
  209  207  214  210  198  191  182  177  172  167  160  151  140  128  114  101
   87   77   70   64   61   58   58   57   58   58   61   62   64   65   66   65
   64   62   60   57   55   53   53   51   50   48   47   45   43   41   38   36
   34   33   35   38   41   47   54   61   68   75   83   90   98  105  112  119
  127  136  148  158  169  179  188  201  209                                   
    65.0-180.0 180.0   5.0 450.0                            LAT/LON1/LON2/DLON/H
  221  221  227  223  210  203  195  191  186  181  175  166  154  140  125  110
   96   85   77   70   66   63   62   60   60   60   62   63   64   64   63   61
   59   56   53   49   47   45   44   43   42   42   41   40   40   38   37   35
   33   32   33   36   39   46   53   60   70   78   88   97  108  114  123  128
  138  144  157  165  176  188  196  208  221                                   
    62.5-180.0 180.0   5.0 450.0                            LAT/LON1/LON2/DLON/H
  234  232  237  231  220  212  206  202  199  195  189  181  169  154  137  123
  109   97   89   82   77   72   69   66   64   63   63   63   63   61   59   56
   52   48   45   42   40   38   37   37   37   38   38   39   39   39   37   35
   33   32   33   36   39   46   52   61   71   81   92  103  115  124  133  141
  150  157  166  175  186  195  201  216  234                                   
    60.0-180.0 180.0   5.0 450.0                            LAT/LON1/LON2/DLON/H
  247  245  251  243  230  222  215  212  209  207  202  194  180  166  149  135
  122  112  103   95   89   83   77   72   69   66   65   64   63   61   57   53
   49   45   42   39   38   37   37   37   39   40   42   44   45   44   43   40
   38   36   36   38   41   46   54   62   73   84   98  110  125  136  148  155
  165  171  179  186  194  203  207  219  247                                   
    57.5-180.0 180.0   5.0 450.0                            LAT/LON1/LON2/DLON/H
  263  258  265  255  245  233  226  221  220  216  211  203  190  176  161  148
  137  127  118  111  103   96   87   80   75   71   68   66   64   61   56   51
   47   44   41   40   39   41   40   42   43   46   49   51   52   52   50   47
   44   42   41   43   45   49   56   63   75   87  101  115  133  147  160  170
  180  186  192  198  206  212  213  226  263                                   
    55.0-180.0 180.0   5.0 450.0                            LAT/LON1/LON2/DLON/H
  279  279  285  276  264  251  242  234  230  225  219  209  197  184  170  160
  150  141  132  123  115  104   95   86   81   76   73   70   68   63   58   53
   50   47   46   46   48   50   51   52   54   56   60   61   64   62   60   56
   53   50   49   49   52   55   62   69   80   92  106  121  140  156  171  183
  194  202  207  214  220  226  225  236  279                                   
    52.5-180.0 180.0   5.0 450.0                            LAT/LON1/LON2/DLON/H
  295  294  302  295  286  273  263  251  245  234  226  214  202  190  179  170
  161  152  143  133  122  111  100   92   86   82   78   76   72   68   62   58
   55   54   54   57   59   63   64   65   65   68   70   72   73   72   70   66
   63   60   59   59   60   65   70   78   88   99  112  126  147  162  179  192
  206  215  224  231  238  241  239  251  295                                   
    50.0-180.0 180.0   5.0 450.0                            LAT/LON1/LON2/DLON/H
  308  316  325  321  313  301  289  274  262  247  234  219  208  195  186  177
  168  158  147  136  125  114  105   98   93   89   86   83   79   74   69   65
   63   63   65   70   75   78   80   79   79   79   81   81   83   82   80   77
   74   71   70   72   74   78   85   92  102  111  122  135  153  169  185  201
  216  229  238  246  253  257  256  264  308                                   
    47.5-180.0 180.0   5.0 450.0                            LAT/LON1/LON2/DLON/H
  316  324  337  339  335  326  316  299  284  262  246  228  215  203  193  184
  174  162  148  137  125  117  108  104  100   97   93   91   86   81   76   72
   71   72   75   82   87   93   93   92   89   88   88   90   90   90   88   86
   83   82   82   85   88   93  100  108  117  125  133  144  161  174  192  206
  223  236  247  257  265  268  268  277  316                                   
    45.0-180.0 180.0   5.0 450.0                            LAT/LON1/LON2/DLON/H
  313  328  343  349  350  347  338  324  305  282  261  241  227  214  202  190
  177  162  147  134  125  118  113  110  108  105  100   96   91   86   81   77
   77   78   84   91   99  103  105  101   99   95   96   96   98   97   97   95
   94   94   96  100  104  111  118  127  136  143  149  157  169  181  196  211
  226  241  252  262  271  276  276  283  313                                   
    42.5-180.0 180.0   5.0 450.0                            LAT/LON1/LON2/DLON/H
  304  312  331  341  349  350  348  337  322  298  278  257  243  229  214  199
  182  165  149  138  129  125  121  120  117  113  106  100   94   88   83   80
   80   83   89   96  103  109  109  107  102  100  100  101  103  104  103  103
  102  104  107  112  118  126  134  145  155  161  166  171  181  189  202  214
  229  241  252  262  273  276  276  285  304                                   
    40.0-180.0 180.0   5.0 450.0                            LAT/LON1/LON2/DLON/H
  290  300  317  329  337  344  344  342  329  312  292  274  260  246  228  209
  188  169  154  143  137  133  131  129  125  118  109  101   94   89   85   82
   84   86   93  100  108  113  114  111  108  105  105  106  109  109  110  109
  109  112  116  122  128  136  147  159  170  176  181  185  194  200  211  222
  233  243  253  261  270  274  274  282  290                                   
    37.5-180.0 180.0   5.0 450.0                            LAT/LON1/LON2/DLON/H
  284  285  303  312  320  327  334  334  330  317  303  288  276  261  243  220
  198  180  166  157  151  148  143  138  130  121  110  101   95   91   88   87
   87   91   96  103  109  114  114  114  109  108  108  110  112  113  113  112
  113  115  119  124  131  140  153  166  180  188  193  198  207  213  225  233
  241  248  255  262  270  272  271  281  284                                   
    35.0-180.0 180.0   5.0 450.0                            LAT/LON1/LON2/DLON/H
  290  293  305  310  312  320  324  330  326  322  311  301  290  277  257  233
  210  192  180  173  166  159  151  143  132  121  110  102   98   95   95   94
   95   98  103  109  115  119  121  119  117  114  115  115  117  116  116  114
  114  115  117  121  127  137  151  167  183  193  200  207  216  226  238  247
  254  260  267  272  279  282  284  290  290                                   
    32.5-180.0 180.0   5.0 450.0                            LAT/LON1/LON2/DLON/H
  319  315  327  324  322  323  326  327  326  322  318  310  302  288  268  245
  223  209  198  190  179  168  154  142  129  119  110  106  106  107  108  110
  109  112  114  120  122  126  125  124  120  118  118  118  118  116  113  111
  110  109  110  111  116  126  140  158  177  191  201  209  222  235  253  263
  273  279  287  291  299  303  306  314  319                                   
    30.0-180.0 180.0   5.0 450.0                            LAT/LON1/LON2/DLON/H
  371  373  373  365  355  350  343  341  335  331  326  320  309  297  275  255
  236  223  212  201  185  167  149  136  126  120  117  120  124  128  131  132
  131  132  133  135  136  136  135  131  128  123  122  120  119  114  110  106
  104  101   99   98  101  110  126  145  166  183  194  207  223  241  262  279
  292  304  314  321  331  339  354  353  371                                   
    27.5-180.0 180.0   5.0 450.0                            LAT/LON1/LON2/DLON/H
  445  449  446  434  416  402  384  371  359  347  340  329  318  300  280  261
  245  232  219  203  180  157  138  128  124  127  133  142  150  157  159  161
  158  158  155  154  149  147  141  137  129  125  122  119  117  111  106   99
   96   91   87   83   85   92  110  131  155  174  190  204  225  245  269  289
  309  325  342  354  369  382  401  398  445                                   
    25.0-180.0 180.0   5.0 450.0                            LAT/LON1/LON2/DLON/H
  525  550  547  531  506  478  446  422  397  379  363  347  330  310  286  268
  250  237  217  194  166  143  128  125  131  144  158  173  184  191  192  190
  186  182  178  172  167  159  152  143  134  125  121  117  114  107  102   95
   90   84   77   72   72   81   99  123  148  168  186  203  227  250  275  300
  324  346  370  388  409  431  462  457  525                                   
    22.5-180.0 180.0   5.0 450.0                            LAT/LON1/LON2/DLON/H
  605  639  642  635  608  572  526  491  453  426  398  376  352  325  298  274
  256  236  210  180  150  131  125  134  151  173  192  210  219  221  219  215
  208  202  194  187  178  170  158  148  135  125  118  115  111  105   99   92
   84   77   65   61   60   74   96  122  148  172  192  210  236  259  284  309
  338  364  394  415  446  472  510  514  605                                   
    20.0-180.0 180.0   5.0 450.0                            LAT/LON1/LON2/DLON/H
  671  714  726  724  704  669  619  573  526  487  450  419  386  352  319  291
  265  239  203  169  140  129  136  156  186  211  231  244  250  246  241  231
  222  213  206  198  188  175  163  150  136  122  115  110  109  103   96   87
   79   70   59   55   57   72   97  130  159  185  207  226  253  275  300  326
  356  386  420  449  482  514  554  565  671                                   
    17.5-180.0 180.0   5.0 450.0                            LAT/LON1/LON2/DLON/H
  699  749  768  773  761  736  696  654  602  554  506  469  429  392  352  318
  286  249  208  171  148  147  166  199  231  256  269  273  272  261  252  239
  226  218  209  202  190  177  164  151  134  122  112  109  103   97   87   81
   72   65   54   52   57   74  101  141  174  202  224  245  271  291  317  345
  378  409  445  474  510  543  582  592  699                                   
    15.0-180.0 180.0   5.0 450.0                            LAT/LON1/LON2/DLON/H
  700  747  769  781  782  772  749  718  674  626  574  528  484  443  399  359
  319  276  229  194  177  189  217  257  287  300  297  287  275  261  250  236
  224  216  209  199  187  174  164  151  137  121  114  103   99   86   80   72
   67   60   53   52   62   84  117  153  190  215  239  260  288  308  338  366
  400  432  465  495  524  553  593  599  700                                   
    12.5-180.0 180.0   5.0 450.0                            LAT/LON1/LON2/DLON/H
  669  707  729  743  754  761  759  744  714  675  628  581  537  495  452  409
  365  316  272  239  231  251  286  321  342  336  315  289  270  253  242  231
  219  213  206  196  184  173  163  154  138  124  109   99   89   79   70   67
   63   60   55   57   72   98  130  168  200  229  251  273  301  325  352  381
  413  442  470  496  522  542  576  581  669                                   
    10.0-180.0 180.0   5.0 450.0                            LAT/LON1/LON2/DLON/H
  619  646  669  688  709  726  741  745  734  706  671  629  588  547  508  464
  418  368  326  300  302  327  362  386  386  358  315  279  256  242  232  225
  217  211  203  192  181  171  166  156  143  126  112   95   85   71   65   61
   61   59   58   63   82  108  142  176  212  237  260  283  314  337  364  390
  422  448  473  493  513  525  551  551  619                                   
     7.5-180.0 180.0   5.0 450.0                            LAT/LON1/LON2/DLON/H
  562  579  598  619  642  670  694  713  719  708  687  655  623  583  550  512
  470  422  384  364  373  399  429  437  410  361  305  266  245  236  232  229
