data/unet/pred0400.15i
     1.0            IONOSPHERE MAPS     GNSS                IONEX VERSION / TYPE
pyspatialgeodesy        IME             05-JAN-18 20:20     PGM / RUN BY / DATE 
Map Name                                                    COMMENT             
Predicted global ionosphere maps (GIM).                     DESCRIPTION         
  2015     2     9     0     0     0                        EPOCH OF FIRST MAP  
  2015     2    10     0     0     0                        EPOCH OF LAST MAP   
  7200                                                      INTERVAL            
    13                                                      # OF MAPS IN FILE   
  NONE                                                      MAPPING FUNCTION    
10.0                                                        ELEVATION CUTOFF    
One-way carrier phase leveled to code                       OBSERVABLES USED    
  6371.0                                                    BASE RADIUS         
 2                                                          MAP DIMENSION       
   450.0 450.0   0.0                                        HGT1 / HGT2 / DHGT  
    87.5 -87.5  -2.5                                        LAT1 / LAT2 / DLAT  
  -180.0 180.0   5.0                                        LON1 / LON2 / DLON  
    -1                                                      EXPONENT            
                                                            END OF HEADER       
[from data line 429]
     2                                                      START OF TEC MAP    
  2015     2     9     2     0     0                        EPOCH OF CURRENT MAP
    87.5-180.0 180.0   5.0 450.0                            LAT/LON1/LON2/DLON/H
  147  143  142  136  139  135  139  136  138  135  136  132  133  129  130  127
  128  125  126  122  124  120  122  117  119  114  116  110  112  107  110  105
  108  106  110  107  112  112  117  116  121  121  126  124  128  128  132  131
  135  134  138  137  140  139  142  141  144  143  146  144  148  145  147  143
  145  141  144  140  147  139  136  148  147                                   
    85.0-180.0 180.0   5.0 450.0                            LAT/LON1/LON2/DLON/H
  146  157  144  146  145  141  143  140  141  139  139  136  135  134  133  131
  130  128  127  126  124  122  120  118  114  112  109  106  104  102  101   99
   99   98  100   99  103  103  107  107  111  112  116  116  120  120  124  124
  128  128  132  132  135  136  139  139  142  143  145  145  147  146  147  146
  148  147  149  148  153  145  150  151  146                                   
    82.5-180.0 180.0   5.0 450.0                            LAT/LON1/LON2/DLON/H
  161  160  159  159  156  150  151  147  148  144  146  141  143  138  140  135
  137  132  135  129  130  123  124  116  115  107  108   99  100   93   96   90
   93   89   94   91   97   95  102  101  106  106  111  111  116  116  121  121
  126  126  131  130  135  135  140  139  144  142  148  147  153  153  158  158
  163  162  165  165  170  162  161  155  161                                   
    80.0-180.0 180.0   5.0 450.0                            LAT/LON1/LON2/DLON/H
  179  173  170  170  167  161  158  154  150  148  145  144  142  142  141  140
  139  138  138  135  134  129  128  121  117  110  107  100   97   91   90   86
   88   85   89   88   93   92   99   99  104  105  110  111  114  115  119  120
  123  124  128  130  133  135  138  140  142  146  150  155  159  165  170  174
  179  181  185  187  190  181  174  169  179                                   
    77.5-180.0 180.0   5.0 450.0                            LAT/LON1/LON2/DLON/H
  195  193  189  188  180  177  170  167  160  157  151  150  146  147  144  145
  142  145  143  144  140  140  135  132  124  120  114  110  104  101   98   97
   95   96   95   98   99  102  104  107  107  110  111  113  113  115  116  118
  119  121  123  125  125  130  131  136  137  144  148  157  162  171  177  185
  192  198  203  206  208  199  195  189  195                                   
    75.0-180.0 180.0   5.0 450.0                            LAT/LON1/LON2/DLON/H
  214  213  208  208  201  193  186  179  172  166  159  157  150  149  146  145
  143  143  143  143  143  141  141  135  133  126  124  117  117  110  110  107
  107  105  107  106  108  108  111  111  112  113  113  114  113  114  113  114
  113  115  115  115  115  118  121  127  130  138  145  155  165  176  185  194
  204  213  218  223  226  218  218  210  214                                   
    72.5-180.0 180.0   5.0 450.0                            LAT/LON1/LON2/DLON/H
  238  238  236  232  224  216  204  196  184  178  167  161  151  146  139  137
  131  132  130  134  133  136  133  134  130  129  124  123  120  118  116  115
  113  113  108  110  107  108  106  107  105  105  106  106  106  106  106  105
  102  102  100  100   99  104  108  115  122  132  140  152  164  177  189  201
  213  223  232  238  246  238  240  236  238                                   
    70.0-180.0 180.0   5.0 450.0                            LAT/LON1/LON2/DLON/H
  255  256  254  254  245  238  225  216  203  194  182  173  158  149  138  130
  123  119  117  119  122  124  127  126  129  125  127  122  127  122  126  122
  124  120  117  115  111  110  105  105   99   99   97   99   97   98   95   95
   90   89   86   87   87   93   99  112  123  137  148  161  175  187  201  212
  226  237  249  257  266  262  265  261  255                                   
    67.5-180.0 180.0   5.0 450.0                            LAT/LON1/LON2/DLON/H
  272  275  276  274  270  261  248  239  223  213  196  184  164  150  133  120
  109  102   98  100  104  108  112  115  115  117  114  118  117  120  119  122
  118  117  109  108   98   97   89   88   83   82   82   83   82   83   82   81
   77   75   75   76   79   86   97  111  129  146  159  174  188  201  212  224
  237  247  261  269  284  281  283  280  272                                   
    65.0-180.0 180.0   5.0 450.0                            LAT/LON1/LON2/DLON/H
  282  289  291  291  285  278  266  255  242  231  216  201  181  160  140  119
  107   95   90   89   94   97  101  101  104  100  104  100  108  103  111  105
  110  102   99   91   85   80   74   71   68   69   68   72   72   73   73   71
   70   67   69   70   78   89  105  126  149  168  183  197  210  220  231  239
  251  259  273  282  297  295  299  294  282                                   
    62.5-180.0 180.0   5.0 450.0                            LAT/LON1/LON2/DLON/H
  292  299  301  300  299  291  280  271  256  247  230  214  190  168  143  121
  103   91   83   83   84   87   88   88   89   85   86   86   86   89   88   91
   88   86   77   72   63   58   53   50   50   51   54   57   60   61   61   59
   60   59   63   67   80   95  117  144  171  192  206  223  235  245  255  261
  270  276  287  294  308  307  306  304  292                                   
    60.0-180.0 180.0   5.0 450.0                            LAT/LON1/LON2/DLON/H
  302  308  311  308  303  295  286  277  265  255  240  224  203  180  156  130
  113   96   89   84   86   84   86   80   81   73   75   68   74   67   75   68
   74   65   65   55   55   48   48   46   50   48   54   57   63   61   62   58
   60   58   64   71   90  112  139  169  199  218  235  247  263  271  281  285
  294  295  301  306  319  315  316  310  302                                   
    57.5-180.0 180.0   5.0 450.0                            LAT/LON1/LON2/DLON/H
  318  322  321  315  308  297  289  280  270  260  245  229  208  189  165  144
  124  108   97   93   89   87   83   78   71   65   61   57   58   56   59   57
   58   52   50   44   44   40   42   41   46   47   55   57   61   60   59   57
   58   59   65   77  100  127  159  195  224  246  259  276  290  300  312  317
  321  320  323  326  337  328  320  320  318                                   
    55.0-180.0 180.0   5.0 450.0                            LAT/LON1/LON2/DLON/H
  343  340  340  327  319  304  293  282  271  260  246  229  213  194  177  157
  142  124  114  104   99   91   87   78   73   63   61   55   59   54   60   54
   58   51   50   46   47   46   48   47   54   57   66   68   72   67   68   61
   66   64   74   88  115  143  181  214  246  264  281  295  311  323  337  342
  349  350  353  354  365  353  342  334  343                                   
    52.5-180.0 180.0   5.0 450.0                            LAT/LON1/LON2/DLON/H
  370  368  360  346  336  321  305  289  275  260  244  228  213  198  184  170
  155  140  127  117  107   99   91   84   76   69   63   61   60   60   61   60
   60   56   56   54   58   57   62   63   70   72   78   79   81   76   74   70
   73   73   84  101  129  161  197  234  261  284  297  315  330  343  357  368
  377  383  386  390  396  383  364  358  370                                   
    50.0-180.0 180.0   5.0 450.0                            LAT/LON1/LON2/DLON/H
  398  400  391  373  363  343  323  301  281  264  243  226  214  200  191  177
  165  150  137  123  113  103   96   89   84   75   73   68   72   68   72   68
   71   67   71   70   76   75   81   82   88   89   95   93   95   87   85   79
   84   85   98  117  145  178  215  247  275  293  309  326  341  356  369  384
  397  408  414  419  424  414  391  381  398                                   
    47.5-180.0 180.0   5.0 450.0                            LAT/LON1/LON2/DLON/H
  418  420  410  400  392  373  350  323  296  273  247  227  214  201  192  182
  171  157  142  129  119  111  105  101   97   92   89   88   86   85   84   83
   83   83   87   89   94   96  100  101  106  106  109  106  106   98   95   91
   95   97  111  130  161  194  230  262  286  305  316  333  348  363  378  395
  409  422  430  437  440  430  408  398  418                                   
    45.0-180.0 180.0   5.0 450.0                            LAT/LON1/LON2/DLON/H
  433  437  428  422  419  403  377  349  315  288  254  232  217  204  196  183
  172  157  142  130  121  116  113  110  107  102  100   96   94   90   90   87
   90   91   99  100  109  109  115  114  119  118  121  117  116  107  106  102
  107  113  129  150  180  213  245  272  295  312  324  340  353  368  380  396
  410  425  433  440  444  441  419  403  433                                   
    42.5-180.0 180.0   5.0 450.0                            LAT/LON1/LON2/DLON/H
  427  432  425  427  430  419  398  371  340  306  269  241  224  209  198  187
  174  161  147  138  131  129  129  126  124  118  114  110  104  100   95   94
   96  100  107  112  117  121  123  124  128  127  130  125  125  117  117  114
  121  128  146  169  202  234  264  290  309  324  332  345  358  373  384  395
  409  419  429  435  440  432  415  398  427                                   
    40.0-180.0 180.0   5.0 450.0                            LAT/LON1/LON2/DLON/H
  413  421  417  423  429  426  407  387  356  326  283  254  232  216  205  189
  178  162  152  145  142  143  142  139  135  128  123  116  110  103   98   97
  102  106  115  117  124  123  128  128  135  134  137  134  133  127  126  127
  135  146  163  188  222  253  281  302  321  332  341  354  364  379  389  400
  408  416  424  431  436  427  406  386  413                                   
    37.5-180.0 180.0   5.0 450.0                            LAT/LON1/LON2/DLON/H
  391  397  392  399  409  407  400  386  365  338  300  268  245  227  213  198
  184  174  166  163  163  163  161  153  146  137  130  123  115  109  104  105
  110  117  122  124  124  124  127  130  136  138  143  139  139  132  134  134
  143  154  174  201  238  271  301  321  337  348  357  369  380  393  403  411
  417  423  428  435  439  426  405  378  391                                   
    35.0-180.0 180.0   5.0 450.0                            LAT/LON1/LON2/DLON/H
  388  390  382  382  387  388  383  377  360  341  308  278  255  236  224  206
  195  183  181  179  181  180  175  163  153  142  137  131  126  120  118  117
  127  130  136  130  129  126  128  132  141  144  147  145  145  141  141  141
  149  162  182  209  245  280  312  336  352  365  375  391  405  419  430  437
  441  446  450  458  464  452  430  396  388                                   
    32.5-180.0 180.0   5.0 450.0                            LAT/LON1/LON2/DLON/H
  408  402  383  371  371  365  363  358  349  334  309  286  265  247  233  219
  206  202  200  203  203  199  185  170  155  148  145  147  146  144  142  147
  154  157  157  148  138  129  131  133  142  146  149  148  150  146  147  146
  153  165  184  211  246  283  321  346  363  376  388  408  430  449  466  474
  479  483  485  492  499  492  477  438  408                                   
    30.0-180.0 180.0   5.0 450.0                            LAT/LON1/LON2/DLON/H
  465  457  428  400  382  368  355  347  333  323  301  283  267  252  240  224
  216  209  213  212  213  201  187  169  159  154  162  170  176  179  183  189
  199  196  195  176  162  145  144  142  151  155  156  156  152  150  148  149
  155  168  184  214  249  286  323  351  370  389  404  428  458  485  509  529
  542  550  555  560  566  564  554  523  465                                   
    27.5-180.0 180.0   5.0 450.0                            LAT/LON1/LON2/DLON/H
  555  539  504  460  432  401  377  356  336  321  302  287  273  258  246  231
  221  219  217  218  211  199  180  169  164  173  188  207  220  229  235  242
  245  241  227  205  181  162  154  151  156  155  154  148  145  139  136  133
  139  150  174  207  247  287  328  357  379  399  418  447  481  519  547  576
  605  627  645  647  657  652  645  627  555                                   
    25.0-180.0 180.0   5.0 450.0                            LAT/LON1/LON2/DLON/H
  677  680  642  583  527  481  435  405  367  340  309  293  275  261  247  229
  221  211  212  202  199  183  175  170  180  198  225  254  277  287  296  299
  299  283  263  229  209  181  167  164  162  162  153  150  141  134  123  120
  118  132  156  205  254  300  337  372  400  427  445  480  515  559  599  650
  694  737  760  779  790  790  783  758  677                                   
    22.5-180.0 180.0   5.0 450.0                            LAT/LON1/LON2/DLON/H
  809  832  791  737  677  608  545  487  436  386  348  314  295  273  255  236
  222  212  202  192  182  178  177  191  212  246  287  321  342  352  352  354
  338  320  283  251  222  196  174  166  162  150  146  133  134  119  111  100
  101  112  144  193  258  308  348  382  417  448  472  509  545  594  648  713
  773  825  856  870  881  884  896  863  809                                   
    20.0-180.0 180.0   5.0 450.0                            LAT/LON1/LON2/DLON/H
  928  961  931  879  824  758  696  621  549  476  418  370  335  302  273  245
  227  206  199  180  180  178  197  223  270  320  363  387  402  400  398  381
  363  329  299  261  233  203  178  167  156  147  136  126  122  119  102   96
   91  110  142  204  264  323  358  395  432  472  506  543  580  633  694  764
  823  872  905  915  935  943  955  954  928                                   
    17.5-180.0 180.0   5.0 450.0                            LAT/LON1/LON2/DLON/H
 1000 1028 1023  988  945  881  826  749  679  593  517  449  399  352  315  280
  252  229  211  200  198  210  241  294  350  400  431  445  443  430  406  389
  361  338  300  264  233  207  184  163  152  136  128  113  111  108   94   88
   92  116  162  226  287  336  371  408  445  488  530  573  612  667  730  798
  852  891  916  929  943  955  969  969 1000                                   
    15.0-180.0 180.0   5.0 450.0                            LAT/LON1/LON2/DLON/H
 1029 1052 1061 1045 1014  964  922  856  790  703  626  552  488  431  380  339
  305  271  251  234  245  273  327  390  450  483  495  482  463  428  398  371
  353  324  293  257  229  207  185  164  151  135  123  111  108  103   89   87
   94  128  176  244  297  340  374  407  449  495  549  596  638  687  743  805
  844  884  904  917  931  941  960  968 1029                                   
    12.5-180.0 180.0   5.0 450.0                            LAT/LON1/LON2/DLON/H
 1007 1041 1066 1065 1053 1015  988  927  876  790  711  643  573  516  462  417
  386  355  332  322  330  370  425  483  526  533  516  478  436  398  367  346
  326  296  271  240  219  201  187  168  152  135  122  107  105   93   84   83
  102  140  195  254  301  342  377  415  455  501  559  613  648  699  740  787
  819  850  868  882  897  904  917  937 1007                                   
    10.0-180.0 180.0   5.0 450.0                            LAT/LON1/LON2/DLON/H
  961 1001 1030 1041 1040 1029 1009  967  919  857  781  720  660  607  558  514
  482  458  441  432  454  489  539  570  585  559  512  454  395  353  323  305
  290  261  249  230  215  205  196  178  164  145  130  119  109   96   88   92
  112  153  207  255  300  337  377  412  457  503  562  610  655  700  738  772
  789  812  820  837  848  862  881  897  961                                   
     7.5-180.0 180.0   5.0 450.0                            LAT/LON1/LON2/DLON/H
  896  938  972  995 1009 1013 1008  981  948  895  839  787  738  702  653  623
  591  567  551  550  566  594  618  620  600  545  476  406  351  315  292  271
