data/unet/pred1490.15i
     1.0            IONOSPHERE MAPS     GNSS                IONEX VERSION / TYPE
pyspatialgeodesy        IME             05-JAN-18 20:20     PGM / RUN BY / DATE 
Map Name                                                    COMMENT             
Predicted global ionosphere maps (GIM).                     DESCRIPTION         
  2015     5    29     0     0     0                        EPOCH OF FIRST MAP  
  2015     5    30     0     0     0                        EPOCH OF LAST MAP   
  7200                                                      INTERVAL            
    13                                                      # OF MAPS IN FILE   
  NONE                                                      MAPPING FUNCTION    
10.0                                                        ELEVATION CUTOFF    
One-way carrier phase leveled to code                       OBSERVABLES USED    
  6371.0                                                    BASE RADIUS         
 2                                                          MAP DIMENSION       
   450.0 450.0   0.0                                        HGT1 / HGT2 / DHGT  
    87.5 -87.5  -2.5                                        LAT1 / LAT2 / DLAT  
  -180.0 180.0   5.0                                        LON1 / LON2 / DLON  
    -1                                                      EXPONENT            
                                                            END OF HEADER       
[from data line 1287]
     4                                                      START OF TEC MAP    
  2015     5    29     6     0     0                        EPOCH OF CURRENT MAP
    87.5-180.0 180.0   5.0 450.0                            LAT/LON1/LON2/DLON/H
  152  171  166  166  166  163  165  164  167  166  169  167  170  169  172  170
  174  172  176  173  176  172  175  170  172  168  170  166  168  165  167  164
  166  163  165  163  165  163  165  163  165  164  166  165  166  165  166  165
  166  164  164  163  164  161  161  159  160  157  157  155  156  154  155  153
  155  154  158  156  161  155  169  145  152                                   
    85.0-180.0 180.0   5.0 450.0                            LAT/LON1/LON2/DLON/H
  159  166  157  162  160  156  159  160  162  162  163  164  165  166  167  167
  169  169  170  169  169  168  167  164  164  161  161  158  159  156  157  154
  156  153  155  153  155  153  155  154  156  154  157  157  159  158  160  159
  161  160  160  159  160  159  158  157  158  156  155  153  154  152  152  150
  152  150  153  152  154  150  153  156  159                                   
    82.5-180.0 180.0   5.0 450.0                            LAT/LON1/LON2/DLON/H
  157  161  157  162  155  158  156  163  161  165  163  167  165  169  167  169
  169  171  171  171  170  170  168  166  163  162  159  158  155  154  152  153
  151  153  151  153  151  153  152  153  153  154  155  157  158  160  160  161
  161  163  161  162  162  164  161  163  161  163  159  161  158  160  156  158
  155  157  155  157  152  155  155  145  157                                   
    80.0-180.0 180.0   5.0 450.0                            LAT/LON1/LON2/DLON/H
  162  159  157  158  155  152  157  157  160  158  161  160  164  162  166  165
  168  167  169  167  168  165  164  158  158  152  152  146  147  143  145  142
  146  143  148  145  150  147  152  151  156  155  160  160  165  166  170  170
  173  173  175  174  176  174  175  172  173  169  169  165  167  162  163  158
  160  155  158  153  153  151  150  144  162                                   
    77.5-180.0 180.0   5.0 450.0                            LAT/LON1/LON2/DLON/H
  158  157  154  155  157  155  157  158  158  158  158  158  160  160  162  162
  165  165  166  165  164  161  157  153  149  145  140  138  135  135  134  137
  138  141  143  147  149  152  155  157  160  162  167  168  174  176  183  184
  189  188  192  190  193  189  190  186  186  182  179  177  175  172  170  168
  166  164  163  158  156  156  151  141  158                                   
    75.0-180.0 180.0   5.0 450.0                            LAT/LON1/LON2/DLON/H
  161  159  155  155  154  152  152  151  149  149  146  147  146  148  148  150
  151  153  154  154  153  149  145  139  135  129  126  121  122  121  125  127
  132  135  141  143  148  150  156  156  162  163  170  174  182  186  192  195
  200  201  202  202  201  200  197  195  189  188  182  181  176  175  170  169
  165  165  163  160  154  158  156  146  161                                   
    72.5-180.0 180.0   5.0 450.0                            LAT/LON1/LON2/DLON/H
  159  157  153  153  153  149  148  146  144  140  138  136  135  134  136  138
  141  142  144  144  142  139  134  128  121  117  112  112  110  114  116  123
  128  135  143  148  154  157  162  163  169  172  180  185  194  198  205  208
  213  213  215  213  213  209  207  202  198  193  189  186  182  179  176  172
  170  168  167  162  159  160  155  149  159                                   
    70.0-180.0 180.0   5.0 450.0                            LAT/LON1/LON2/DLON/H
  165  161  157  157  153  149  145  144  138  135  129  128  124  125  124  127
  128  133  134  136  134  132  126  120  114  109  104  102  103  106  112  119
  129  136  147  151  158  160  166  169  175  179  188  194  201  205  211  213
  217  216  217  214  212  207  204  199  194  191  186  184  181  179  177  174
  172  170  168  164  161  161  157  152  165                                   
    67.5-180.0 180.0   5.0 450.0                            LAT/LON1/LON2/DLON/H
  163  160  155  154  152  146  143  139  135  129  124  120  118  116  116  117
  119  122  124  127  126  125  119  116  108  104   99  100   99  106  110  121
  130  142  152  159  165  167  173  175  181  184  194  200  209  212  218  219
  222  218  218  213  211  205  202  196  192  188  185  182  180  178  177  174
  173  171  171  167  165  164  157  153  163                                   
    65.0-180.0 180.0   5.0 450.0                            LAT/LON1/LON2/DLON/H
  168  164  160  158  152  148  143  139  133  128  121  119  114  115  111  115
  112  118  116  122  118  121  113  111  102  100   94   96   97  104  112  122
  135  145  156  162  170  173  179  181  187  191  200  206  214  217  222  221
  224  216  215  207  205  197  193  188  183  180  178  176  175  173  175  172
  173  171  172  168  168  164  161  156  168                                   
    62.5-180.0 180.0   5.0 450.0                            LAT/LON1/LON2/DLON/H
  171  168  162  160  155  148  144  138  133  127  121  119  115  113  111  110
  108  110  110  113  113  112  109  105  100   96   93   96   98  106  113  126
  136  150  158  166  171  175  180  184  189  195  204  211  221  224  228  227
  227  220  215  207  204  196  192  187  183  179  179  176  175  173  173  172
  172  171  172  169  170  168  161  159  171                                   
    60.0-180.0 180.0   5.0 450.0                            LAT/LON1/LON2/DLON/H
  177  173  168  165  159  153  147  141  134  129  122  120  115  114  108  108
  102  105  101  106  102  104   98   97   91   91   88   93   97  106  114  126
  137  148  156  163  170  173  180  182  190  195  205  212  224  227  231  229
  229  220  216  206  204  195  191  186  183  180  179  177  175  173  173  170
  172  170  172  170  173  170  166  165  177                                   
    57.5-180.0 180.0   5.0 450.0                            LAT/LON1/LON2/DLON/H
  185  183  176  175  169  163  156  147  140  132  127  122  119  114  109  104
  101   97   97   96   96   94   93   89   89   87   88   93  100  108  115  126
  134  146  151  159  164  170  176  182  191  198  209  219  230  236  239  238
  237  229  224  217  213  208  202  199  194  192  190  189  186  182  180  177
  176  176  177  176  180  178  170  172  185                                   
    55.0-180.0 180.0   5.0 450.0                            LAT/LON1/LON2/DLON/H
  198  196  194  191  185  176  167  157  147  138  131  126  119  115  106  103
   95   93   88   89   87   88   84   85   83   85   87   94  101  109  116  125
  132  140  148  155  163  168  178  182  194  202  215  224  238  243  247  245
  246  238  234  227  227  221  218  213  210  207  206  202  198  193  187  183
  181  180  182  182  187  186  181  185  198                                   
    52.5-180.0 180.0   5.0 450.0                            LAT/LON1/LON2/DLON/H
  213  211  212  211  206  196  184  170  159  146  137  128  121  115  108  101
   95   90   88   85   87   83   85   82   86   86   92   98  106  113  118  125
  129  137  142  153  161  171  179  188  198  208  220  233  245  252  254  255
  256  252  249  246  245  243  239  235  231  228  226  220  215  206  200  194
  191  191  192  192  199  199  193  198  213                                   
    50.0-180.0 180.0   5.0 450.0                            LAT/LON1/LON2/DLON/H
  230  226  231  230  228  217  205  188  173  157  144  134  124  116  105  101
   93   91   87   87   86   85   85   85   88   91   95  102  108  114  118  122
  127  131  140  150  164  173  187  194  206  216  230  241  256  260  265  265
  268  265  263  260  263  258  255  250  246  240  237  230  225  216  209  205
  200  200  200  201  208  211  209  210  230                                   
    47.5-180.0 180.0   5.0 450.0                            LAT/LON1/LON2/DLON/H
  241  239  245  246  244  234  223  205  188  170  154  140  128  118  109  102
   98   95   94   92   93   90   92   90   94   98  103  109  113  119  120  124
  126  132  140  154  169  183  195  206  217  229  242  253  265  270  274  276
  279  277  277  276  277  275  270  265  259  252  247  240  235  227  223  217
  215  214  215  214  221  222  220  221  241                                   
    45.0-180.0 180.0   5.0 450.0                            LAT/LON1/LON2/DLON/H
  252  247  254  257  257  249  240  223  206  184  167  148  133  121  109  104
   99   99   99  100  100   99  100   99  102  106  110  115  118  119  121  122
  127  132  142  155  174  188  206  215  229  238  252  259  273  276  282  283
  287  285  285  282  282  277  272  264  258  251  245  238  234  229  227  225
  224  225  226  225  231  232  234  229  252                                   
    42.5-180.0 180.0   5.0 450.0                            LAT/LON1/LON2/DLON/H
  255  250  253  257  260  254  248  232  218  196  178  157  141  125  115  107
  106  106  108  108  110  107  108  107  109  113  116  121  121  123  122  126
  128  137  145  162  181  199  216  230  242  252  262  269  278  281  287  288
  293  292  293  291  290  285  278  270  263  254  248  242  238  236  237  239
  241  242  244  242  246  243  242  239  255                                   
    40.0-180.0 180.0   5.0 450.0                            LAT/LON1/LON2/DLON/H
  263  255  253  256  256  255  249  239  228  209  191  170  153  134  121  113
  112  113  115  116  117  116  116  116  118  120  122  125  125  124  125  127
  133  141  150  165  186  205  226  238  251  258  268  274  284  285  292  293
  298  298  298  297  297  290  283  273  267  257  252  247  246  245  249  254
  260  262  264  261  262  256  256  246  263                                   
    37.5-180.0 180.0   5.0 450.0                            LAT/LON1/LON2/DLON/H
  267  257  249  249  248  246  243  234  227  214  199  180  164  144  132  121
  121  119  123  121  124  122  123  122  124  127  127  128  127  127  127  132
  136  146  154  169  188  211  229  246  256  265  273  278  286  290  297  299
  306  307  310  311  313  309  301  293  285  279  272  269  266  268  272  280
  287  291  292  288  285  278  268  263  267                                   
    35.0-180.0 180.0   5.0 450.0                            LAT/LON1/LON2/DLON/H
  285  264  251  245  238  235  230  226  223  216  207  191  176  156  143  131
  128  125  127  126  128  128  129  128  131  131  132  131  130  129  131  135
  143  151  161  172  193  215  236  251  261  269  275  281  288  293  300  305
  312  316  322  327  331  329  323  315  309  300  297  292  292  292  297  303
  310  315  317  311  309  300  291  284  285                                   
    32.5-180.0 180.0   5.0 450.0                            LAT/LON1/LON2/DLON/H
  307  283  261  249  235  229  220  217  216  214  209  197  184  167  154  142
  137  131  132  129  132  131  134  133  135  135  134  134  131  132  134  140
  146  156  164  178  195  218  236  255  264  272  277  282  289  295  302  309
  319  327  337  347  356  359  359  354  352  343  338  333  329  328  329  335
  341  346  348  346  340  336  319  315  307                                   
    30.0-180.0 180.0   5.0 450.0                            LAT/LON1/LON2/DLON/H
  340  307  278  258  239  226  214  210  211  211  212  203  194  176  164  151
  144  135  135  132  136  137  142  142  145  142  141  137  136  135  137  140
  148  156  165  177  194  214  232  254  263  272  277  282  288  296  304  313
  325  336  351  364  381  388  397  395  400  389  387  376  374  366  368  368
  375  375  380  376  374  366  349  350  340                                   
    27.5-180.0 180.0   5.0 450.0                            LAT/LON1/LON2/DLON/H
  375  350  312  287  262  245  224  217  212  214  213  208  198  184  171  160
  152  143  142  139  145  147  154  152  154  150  147  144  139  139  138  141
  147  154  164  176  192  210  227  246  258  265  271  276  283  293  302  313
  327  343  360  382  399  417  428  438  444  440  434  426  419  411  406  403
  405  406  410  409  411  411  391  387  375                                   
    25.0-180.0 180.0   5.0 450.0                            LAT/LON1/LON2/DLON/H
  411  390  355  319  293  270  248  233  223  219  216  210  202  187  177  165
  159  150  148  145  153  158  165  165  166  158  154  147  142  140  136  136
  140  146  156  167  181  198  213  233  246  256  263  270  278  289  300  313
  331  350  374  397  420  439  458  470  484  478  477  464  462  450  445  434
  432  429  433  436  441  440  429  424  411                                   
    22.5-180.0 180.0   5.0 450.0                            LAT/LON1/LON2/DLON/H
  443  432  401  365  333  304  279  259  241  234  223  218  207  195  181  172
  164  157  156  157  167  173  182  180  182  170  164  154  145  139  132  127
  129  132  146  156  175  187  203  218  232  243  254  262  273  286  299  317
  337  361  384  411  432  455  473  490  502  501  498  489  485  478  469  456
  448  442  445  451  459  467  462  457  443                                   
    20.0-180.0 180.0   5.0 450.0                            LAT/LON1/LON2/DLON/H
  470  464  440  406  377  345  315  291  268  253  238  228  215  200  189  178
  172  166  166  168  179  186  194  194  191  179  166  154  143  134  124  116
  113  116  128  142  158  175  190  205  218  230  244  255  269  282  300  317
  342  367  392  419  440  462  479  495  506  507  504  500  501  496  488  474
  460  454  450  460  466  474  479  477  470                                   
    17.5-180.0 180.0   5.0 450.0                            LAT/LON1/LON2/DLON/H
  483  482  466  435  408  380  350  322  293  273  252  238  220  210  196  188
  180  177  175  180  192  199  208  203  202  183  172  157  145  132  119  105
  104  101  116  127  149  166  186  200  214  224  238  252  266  283  299  320
  343  372  394  421  439  459  471  482  490  493  493  498  502  501  494  482
  466  456  451  460  467  476  482  482  483                                   
    15.0-180.0 180.0   5.0 450.0                            LAT/LON1/LON2/DLON/H
  482  483  466  442  423  398  373  348  316  293  269  251  231  219  210  201
  195  189  188  192  200  207  210  207  198  183  165  151  138  124  109   93
   89   87  101  115  137  159  180  196  212  220  238  251  272  285  306  325
  351  377  398  420  434  449  455  469  473  482  483  495  501  505  500  492
  473  464  453  461  464  474  481  483  482                                   
    12.5-180.0 180.0   5.0 450.0                            LAT/LON1/LON2/DLON/H
  475  476  459  436  415  394  372  353  325  302  279  262  242  233  223  218
  207  204  198  202  207  210  212  201  195  174  159  143  129  115  100   83
   80   76   89  104  129  153  180  197  216  226  239  256  273  291  308  332
  356  383  400  421  430  442  445  458  465  474  478  490  500  507  505  496
  480  468  458  461  464  469  474  474  475                                   
    10.0-180.0 180.0   5.0 450.0                            LAT/LON1/LON2/DLON/H
  462  461  439  418  401  380  361  342  321  303  284  270  255  248  239  233
  224  216  209  209  208  207  201  193  180  163  144  131  119  106   94   77
   73   70   80   97  117  148  176  199  217  228  243  257  280  294  316  337
  364  387  403  422  430  442  449  465  475  484  487  497  506  515  512  507
  490  479  466  465  463  467  468  470  462                                   
     7.5-180.0 180.0   5.0 450.0                            LAT/LON1/LON2/DLON/H
  450  449  429  406  381  360  338  321  305  292  282  273  263  259  253  249
  238  230  218  214  207  199  191  179  167  145  129  116  108   96   86   71
