data/unet/pred2450.15i
     1.0            IONOSPHERE MAPS     GNSS                IONEX VERSION / TYPE
pyspatialgeodesy        IME             05-JAN-18 20:20     PGM / RUN BY / DATE 
Map Name                                                    COMMENT             
Predicted global ionosphere maps (GIM).                     DESCRIPTION         
  2015     9     2     0     0     0                        EPOCH OF FIRST MAP  
  2015     9     3     0     0     0                        EPOCH OF LAST MAP   
  7200                                                      INTERVAL            
    13                                                      # OF MAPS IN FILE   
  NONE                                                      MAPPING FUNCTION    
10.0                                                        ELEVATION CUTOFF    
One-way carrier phase leveled to code                       OBSERVABLES USED    
  6371.0                                                    BASE RADIUS         
 2                                                          MAP DIMENSION       
   450.0 450.0   0.0                                        HGT1 / HGT2 / DHGT  
    87.5 -87.5  -2.5                                        LAT1 / LAT2 / DLAT  
  -180.0 180.0   5.0                                        LON1 / LON2 / DLON  
    -1                                                      EXPONENT            
                                                            END OF HEADER       
[from data line 429]
     2                                                      START OF TEC MAP    
  2015     9     2     2     0     0                        EPOCH OF CURRENT MAP
    87.5-180.0 180.0   5.0 450.0                            LAT/LON1/LON2/DLON/H
  135  130  128  124  126  123  127  126  130  128  132  129  132  129  132  128
  130  125  127  122  124  119  122  117  120  116  119  114  117  113  116  112
  116  112  115  111  115  112  115  112  116  113  116  113  117  114  117  114
  119  116  120  118  122  120  123  121  125  123  126  124  127  124  126  123
  126  122  123  121  126  121  127  143  135                                   
    85.0-180.0 180.0   5.0 450.0                            LAT/LON1/LON2/DLON/H
  126  139  125  130  130  130  132  133  134  136  137  138  138  138  137  137
  135  134  132  131  129  127  126  123  123  120  120  118  118  116  116  114
  115  113  114  113  114  114  114  114  115  115  115  116  116  117  117  117
  118  119  120  121  122  124  124  125  126  128  127  129  129  129  128  129
  129  128  127  127  127  124  132  134  126                                   
    82.5-180.0 180.0   5.0 450.0                            LAT/LON1/LON2/DLON/H
  130  133  132  135  135  134  138  139  143  143  147  145  148  145  147  142
  144  138  139  133  133  127  128  122  123  116  119  112  115  109  113  107
  112  107  113  109  114  110  115  112  116  113  117  114  118  115  119  117
  121  119  124  122  127  126  130  129  134  132  135  132  137  132  135  131
  135  130  134  131  136  127  137  133  130                                   
    80.0-180.0 180.0   5.0 450.0                            LAT/LON1/LON2/DLON/H
  136  135  137  137  139  136  142  141  146  144  149  147  150  146  149  144
  146  139  140  133  133  126  125  118  117  110  110  103  104   98  101   96
  100   96  102   99  104  101  106  103  109  106  111  108  113  110  114  113
  118  117  122  121  127  126  132  132  137  136  140  138  142  139  141  138
  140  137  139  137  139  132  137  135  136                                   
    77.5-180.0 180.0   5.0 450.0                            LAT/LON1/LON2/DLON/H
  141  143  141  143  140  142  145  147  150  151  154  155  156  154  154  151
  149  146  143  139  135  130  124  120  114  110  105  102   98   97   95   95
   95   97   98  100  102  104  105  107  108  109  109  110  111  113  114  116
  118  120  123  126  129  131  135  138  142  143  145  146  148  147  148  146
  147  144  146  144  145  140  143  137  141                                   
    75.0-180.0 180.0   5.0 450.0                            LAT/LON1/LON2/DLON/H
  145  142  144  143  143  142  146  146  151  151  155  153  155  152  153  148
  149  143  143  136  135  126  124  115  113  104  102   94   94   88   91   86
   91   88   94   92   97   96  100   98  102  100  103  102  105  105  109  109
  114  115  120  122  128  129  136  138  144  145  149  148  152  149  151  148
  150  146  148  145  146  142  147  141  145                                   
    72.5-180.0 180.0   5.0 450.0                            LAT/LON1/LON2/DLON/H
  147  146  147  146  143  145  147  150  151  154  154  155  153  153  149  147
  143  142  137  135  129  127  120  117  108  105   98   95   89   88   85   86
   84   88   88   91   91   94   94   96   95   96   95   97   97  100  101  106
  108  112  116  120  124  128  133  137  142  145  148  149  151  150  151  150
  150  148  149  148  148  146  151  145  147                                   
    70.0-180.0 180.0   5.0 450.0                            LAT/LON1/LON2/DLON/H
  151  147  148  148  146  145  149  149  152  151  153  150  149  144  143  138
  137  132  132  127  126  120  118  110  106   98   96   87   87   81   84   79
   84   80   85   83   87   84   87   84   87   84   86   85   90   91   97  100
  105  109  114  118  122  126  130  135  139  143  145  147  149  149  150  148
  150  147  150  149  150  148  154  149  151                                   
    67.5-180.0 180.0   5.0 450.0                            LAT/LON1/LON2/DLON/H
  153  149  150  148  143  145  145  150  148  151  148  148  142  140  134  132
  126  126  122  123  117  117  110  108   99   97   90   89   83   83   79   81
   77   79   77   80   78   79   77   78   76   76   77   79   82   87   91   98
  103  108  113  115  119  121  126  129  135  136  141  141  146  144  147  145
  147  145  148  149  150  149  155  150  153                                   
    65.0-180.0 180.0   5.0 450.0                            LAT/LON1/LON2/DLON/H
  155  150  149  148  143  142  143  145  146  145  144  140  137  131  128  122
  120  116  116  113  112  107  105   99   96   89   88   83   83   78   80   74
   76   70   73   68   70   65   66   63   65   63   66   67   74   79   87   94
  101  106  110  113  114  117  119  123  126  130  132  135  138  139  140  140
  143  143  146  147  149  149  155  152  155                                   
    62.5-180.0 180.0   5.0 450.0                            LAT/LON1/LON2/DLON/H
  158  152  150  146  139  139  137  141  140  143  139  139  132  129  121  119
  112  112  108  109  103  104   96   95   88   88   83   84   80   81   77   76
   71   69   65   64   61   59   57   57   56   56   58   62   68   76   84   92
  100  104  108  109  112  112  115  117  122  124  128  130  135  134  137  136
  138  139  144  145  148  150  157  151  158                                   
    60.0-180.0 180.0   5.0 450.0                            LAT/LON1/LON2/DLON/H
  160  153  151  148  140  136  135  135  136  135  136  132  130  123  120  112
  111  105  106  101  101   94   92   85   85   80   82   80   83   78   80   71
   71   62   61   54   55   49   50   47   49   48   52   56   64   72   82   91
   98  103  106  107  107  108  109  113  117  121  124  128  131  133  134  135
  138  139  143  145  149  150  158  153  160                                   
    57.5-180.0 180.0   5.0 450.0                            LAT/LON1/LON2/DLON/H
  164  159  155  150  140  136  133  133  131  133  132  132  127  124  116  114
  108  108  103  103   96   93   85   82   77   79   78   82   82   83   78   75
   67   63   57   54   51   50   49   49   49   50   52   56   63   72   81   90
   98  102  106  107  108  110  113  117  121  126  129  132  136  136  137  138
  140  143  147  150  153  156  161  152  164                                   
    55.0-180.0 180.0   5.0 450.0                            LAT/LON1/LON2/DLON/H
  170  164  162  158  149  141  136  132  130  128  130  128  128  121  120  111
  113  106  108  101  100   89   87   78   80   75   81   81   87   82   83   74
   71   61   59   52   53   49   50   49   51   51   54   57   64   72   81   89
   96  102  105  107  109  111  115  120  125  130  133  136  139  140  143  144
  147  148  153  154  160  159  167  158  170                                   
    52.5-180.0 180.0   5.0 450.0                            LAT/LON1/LON2/DLON/H
  177  174  172  170  159  150  144  137  133  131  130  130  127  125  119  118
  114  114  111  109  102   95   86   82   78   80   82   87   88   89   85   81
   73   68   62   60   58   58   58   59   59   60   61   63   68   75   82   90
   97  103  107  112  115  121  125  132  136  141  142  146  148  150  151  153
  154  157  160  164  168  170  175  163  177                                   
    50.0-180.0 180.0   5.0 450.0                            LAT/LON1/LON2/DLON/H
  184  180  182  181  174  163  155  145  140  133  132  129  129  123  124  117
  121  116  120  112  112   99   96   85   87   83   90   89   96   91   93   83
   82   72   71   65   67   64   66   64   66   65   66   68   72   77   83   91
   98  106  113  119  125  130  136  142  148  150  151  152  156  156  159  161
  164  165  169  172  177  175  182  174  184                                   
    47.5-180.0 180.0   5.0 450.0                            LAT/LON1/LON2/DLON/H
  190  191  193  194  188  179  171  158  150  143  138  137  133  131  127  126
  124  126  125  124  117  111  102   97   93   94   96  100  100  100   96   94
   88   84   80   78   76   76   75   75   75   74   74   74   76   80   85   93
   99  109  116  126  132  142  147  156  159  163  161  164  164  166  166  169
  170  174  176  180  183  184  187  180  190                                   
    45.0-180.0 180.0   5.0 450.0                            LAT/LON1/LON2/DLON/H
  195  195  200  204  200  192  185  171  162  152  148  141  140  133  135  129
  134  130  136  130  129  118  115  105  107  102  108  104  109  102  105   97
   99   91   92   86   87   82   82   79   81   79   80   79   82   84   89   97
  105  114  125  134  145  154  163  168  173  172  172  171  173  171  173  175
  178  180  183  185  189  186  191  189  195                                   
    42.5-180.0 180.0   5.0 450.0                            LAT/LON1/LON2/DLON/H
  196  198  204  208  207  202  196  185  174  164  157  152  148  145  141  139
  139  141  141  141  136  130  122  118  115  115  115  115  113  111  108  107
  104  103   99   97   93   90   87   86   86   86   85   85   86   88   93  102
  111  122  130  144  153  168  174  182  182  183  179  178  177  177  177  180
  181  185  186  189  191  191  194  193  196                                   
    40.0-180.0 180.0   5.0 450.0                            LAT/LON1/LON2/DLON/H
  199  199  205  210  208  206  201  192  185  173  167  160  158  151  151  145
  150  146  150  144  144  134  132  123  126  121  125  118  120  112  115  109
  112  106  107  100   98   90   89   85   89   88   90   89   92   93  101  109
  120  129  141  151  165  176  185  189  191  188  187  184  185  183  186  185
  189  189  193  192  196  191  198  200  199                                   
    37.5-180.0 180.0   5.0 450.0                            LAT/LON1/LON2/DLON/H
  203  202  207  208  208  207  205  199  193  185  178  172  169  166  162  159
  158  157  156  154  149  143  136  134  132  132  130  126  122  119  117  116
  115  113  109  105   99   94   91   91   92   93   94   95   95  100  106  116
  126  137  146  160  172  186  193  198  199  197  195  192  193  191  192  193
  195  197  199  200  201  201  203  207  203                                   
    35.0-180.0 180.0   5.0 450.0                            LAT/LON1/LON2/DLON/H
  215  212  214  211  209  208  207  203  199  191  188  181  180  175  174  167
  169  163  164  155  153  142  141  134  137  133  134  127  126  118  120  116
  118  112  111  102   99   91   92   90   95   95   99   98  102  104  112  121
  133  142  155  165  180  191  202  205  209  208  208  208  210  208  210  209
  213  212  215  213  215  211  218  223  215                                   
    32.5-180.0 180.0   5.0 450.0                            LAT/LON1/LON2/DLON/H
  238  234  228  221  219  216  214  212  208  203  198  194  192  188  185  180
  176  171  167  160  153  146  141  139  139  138  137  132  127  123  120  119
  117  115  110  106  100   98   95   97  100  102  103  102  102  105  112  122
  134  144  155  168  184  200  211  219  224  226  229  229  231  229  230  230
  232  232  233  231  232  233  239  245  238                                   
    30.0-180.0 180.0   5.0 450.0                            LAT/LON1/LON2/DLON/H
  265  257  251  241  234  229  226  224  220  214  210  204  202  197  196  187
  184  174  170  159  155  143  143  137  141  137  138  131  129  123  122  118
  117  110  108  101   99   96   98   98  104  105  106  103  103  104  110  118
  130  139  154  166  183  198  215  225  235  241  248  251  254  252  253  253
  257  257  259  256  257  257  268  279  265                                   
    27.5-180.0 180.0   5.0 450.0                            LAT/LON1/LON2/DLON/H
  302  295  284  274  264  257  252  251  242  237  227  222  215  211  205  196
  187  178  171  162  154  147  142  141  140  140  138  135  130  126  122  120
  115  113  108  107  104  105  104  106  108  108  106  101   98   97  102  109
  121  131  145  158  176  194  212  227  241  251  264  270  275  276  278  281
  286  287  290  288  291  296  299  311  302                                   
    25.0-180.0 180.0   5.0 450.0                            LAT/LON1/LON2/DLON/H
  343  337  337  319  306  295  287  280  270  260  247  238  229  221  213  199
  189  178  171  161  156  147  147  142  145  141  141  135  133  126  123  117
  115  108  108  105  107  107  109  108  110  107  105  100   93   91   94  101
  111  122  138  155  176  195  216  229  249  260  277  284  293  296  300  307
  316  320  324  323  331  338  341  351  343                                   
    22.5-180.0 180.0   5.0 450.0                            LAT/LON1/LON2/DLON/H
  373  380  382  376  362  352  337  330  312  299  278  265  247  237  222  207
  191  180  171  164  158  154  150  149  146  145  142  138  133  130  123  121
  116  115  112  114  114  115  113  111  108  104   98   92   85   83   83   92
  103  116  133  154  177  198  223  241  260  273  290  297  308  310  322  330
  342  350  356  358  363  377  379  385  373                                   
    20.0-180.0 180.0   5.0 450.0                            LAT/LON1/LON2/DLON/H
  403  418  429  425  417  406  392  379  359  338  312  292  269  251  232  213
  194  180  171  164  162  158  158  153  153  147  146  139  137  129  126  120
  120  115  117  117  119  118  116  108  106   96   93   84   79   74   76   84
   97  113  132  155  180  205  231  252  272  286  302  311  322  330  340  352
  364  373  380  380  388  403  409  414  403                                   
    17.5-180.0 180.0   5.0 450.0                            LAT/LON1/LON2/DLON/H
  416  433  449  454  451  444  432  423  403  382  352  326  295  271  243  222
  198  184  173  170  167  168  165  162  156  151  145  142  135  133  127  127
  125  126  125  127  126  124  117  108  100   91   84   77   72   70   69   78
   92  110  131  156  182  212  240  262  283  299  315  324  336  342  357  366
  380  387  395  398  402  418  426  429  416                                   
    15.0-180.0 180.0   5.0 450.0                            LAT/LON1/LON2/DLON/H
  430  442  459  467  472  468  461  456  441  421  391  359  325  293  258  231
  207  192  182  177  176  174  173  165  161  152  147  140  138  132  131  129
  132  131  133  131  129  125  116  103   93   83   80   72   70   65   68   72
   90  107  134  158  190  218  247  272  296  316  329  339  346  355  365  378
  389  398  405  406  414  428  437  442  430                                   
    12.5-180.0 180.0   5.0 450.0                            LAT/LON1/LON2/DLON/H
  425  434  451  463  472  472  470  469  460  445  419  389  354  319  276  247
  218  204  191  191  186  186  178  172  161  153  143  141  135  134  132  135
  135  138  138  137  132  125  115  100   87   79   76   70   69   65   66   73
   89  110  135  164  193  222  251  282  310  329  342  349  359  361  375  383
  397  401  411  413  420  430  441  444  425                                   
    10.0-180.0 180.0   5.0 450.0                            LAT/LON1/LON2/DLON/H
  426  431  443  456  468  473  473  476  472  462  443  415  382  343  301  264
  234  216  206  201  197  192  182  172  163  152  146  140  138  136  137  137
  141  140  139  136  128  122  108   95   81   76   76   71   71   64   65   68
   87  104  134  161  193  222  255  288  320  344  356  366  372  378  387  397
  403  409  415  419  428  437  445  449  426                                   
     7.5-180.0 180.0   5.0 450.0                            LAT/LON1/LON2/DLON/H
  423  425  435  444  459  461  466  467  468  460  448  426  397  360  318  281
  248  233  220  216  207  203  187  176  162  153  144  142  137  138  136  139
