data/unet/pred1930.15i
     1.0            IONOSPHERE MAPS     GNSS                IONEX VERSION / TYPE
pyspatialgeodesy        IME             05-JAN-18 20:20     PGM / RUN BY / DATE 
Map Name                                                    COMMENT             
Predicted global ionosphere maps (GIM).                     DESCRIPTION         
  2015     7    12     0     0     0                        EPOCH OF FIRST MAP  
  2015     7    13     0     0     0                        EPOCH OF LAST MAP   
  7200                                                      INTERVAL            
    13                                                      # OF MAPS IN FILE   
  NONE                                                      MAPPING FUNCTION    
10.0                                                        ELEVATION CUTOFF    
One-way carrier phase leveled to code                       OBSERVABLES USED    
  6371.0                                                    BASE RADIUS         
 2                                                          MAP DIMENSION       
   450.0 450.0   0.0                                        HGT1 / HGT2 / DHGT  
    87.5 -87.5  -2.5                                        LAT1 / LAT2 / DLAT  
  -180.0 180.0   5.0                                        LON1 / LON2 / DLON  
    -1                                                      EXPONENT            
                                                            END OF HEADER       
[from data line 1287]
     4                                                      START OF TEC MAP    
  2015     7    12     6     0     0                        EPOCH OF CURRENT MAP
    87.5-180.0 180.0   5.0 450.0                            LAT/LON1/LON2/DLON/H
  154  170  165  163  163  157  160  156  161  157  161  157  162  157  162  157
  161  156  160  155  159  154  158  153  157  152  156  151  155  151  154  150
  154  150  153  149  152  149  151  147  149  146  148  144  146  144  145  142
  144  143  144  142  144  143  144  142  144  143  145  143  145  144  146  145
  147  148  152  151  157  150  162  139  154                                   
    85.0-180.0 180.0   5.0 450.0                            LAT/LON1/LON2/DLON/H
  162  162  152  154  151  148  147  149  148  149  148  149  149  149  149  149
  148  148  146  147  146  146  144  144  142  142  141  141  140  139  139  138
  138  138  138  138  137  136  137  136  135  134  135  134  135  134  135  135
  136  135  138  137  139  138  141  139  141  139  142  141  142  141  143  142
  143  143  146  145  147  143  149  152  162                                   
    82.5-180.0 180.0   5.0 450.0                            LAT/LON1/LON2/DLON/H
  157  159  152  154  145  146  142  148  144  148  143  147  143  145  141  143
  140  142  138  140  138  140  136  139  136  139  135  139  135  140  134  140
  134  140  134  140  134  140  134  140  134  139  134  140  136  141  138  144
  141  147  144  151  147  153  149  155  150  154  150  156  150  155  150  155
  149  154  150  154  145  154  148  146  157                                   
    80.0-180.0 180.0   5.0 450.0                            LAT/LON1/LON2/DLON/H
  163  157  156  154  150  147  149  150  150  150  149  150  150  149  149  148
  148  146  147  144  145  143  142  140  140  137  137  135  136  133  134  133
  135  133  136  135  137  135  138  134  137  134  138  135  139  137  142  140
  147  144  151  150  155  152  158  155  159  156  160  157  160  156  160  156
  159  154  159  153  153  147  150  145  163                                   
    77.5-180.0 180.0   5.0 450.0                            LAT/LON1/LON2/DLON/H
  159  156  152  153  150  152  153  153  152  152  150  151  148  148  147  148
  147  146  146  146  144  143  141  139  136  134  132  132  130  131  129  132
  131  134  134  138  138  140  140  141  140  141  141  142  142  145  145  149
  150  154  155  160  159  164  163  166  164  167  165  168  164  166  164  164
  161  162  160  158  153  156  150  146  159                                   
    75.0-180.0 180.0   5.0 450.0                            LAT/LON1/LON2/DLON/H
  166  156  151  149  145  147  148  148  145  144  142  142  140  139  138  139
  139  139  140  139  138  135  133  129  126  123  122  120  119  118  121  122
  126  128  133  136  140  141  143  143  144  142  145  144  147  146  151  151
  155  156  160  161  163  163  166  165  167  166  169  166  167  165  166  162
  161  159  160  157  154  155  155  150  166                                   
    72.5-180.0 180.0   5.0 450.0                            LAT/LON1/LON2/DLON/H
  165  157  151  150  146  149  147  147  141  140  134  135  130  132  129  133
  131  135  134  137  132  133  128  127  121  119  116  116  114  117  118  123
  127  132  138  143  147  147  150  149  151  149  151  151  154  155  157  159
  161  164  165  167  167  168  167  169  168  170  171  172  171  171  170  169
  165  165  163  162  158  160  156  154  165                                   
    70.0-180.0 180.0   5.0 450.0                            LAT/LON1/LON2/DLON/H
  171  160  153  150  146  147  144  143  135  132  124  124  119  118  116  117
  117  119  121  122  121  118  116  112  110  105  104  103  104  106  112  116
  126  131  141  146  153  152  155  154  156  153  155  155  160  160  163  163
  167  167  169  168  169  167  167  165  167  165  170  168  172  170  172  168
  167  164  165  162  163  160  157  156  171                                   
    67.5-180.0 180.0   5.0 450.0                            LAT/LON1/LON2/DLON/H
  172  165  159  155  152  149  145  142  134  131  122  122  116  116  112  114
  112  115  114  116  114  113  108  106  101   99   96   98   98  104  109  119
  127  136  146  152  158  159  161  161  162  161  163  165  167  171  170  174
  172  176  172  174  170  170  165  166  164  167  168  172  172  175  175  175
  172  171  170  168  168  166  159  161  172                                   
    65.0-180.0 180.0   5.0 450.0                            LAT/LON1/LON2/DLON/H
  175  169  161  157  152  149  146  142  135  128  121  117  113  109  107  107
  106  106  106  106  105  102  100   96   94   91   91   92   96  100  110  117
  130  137  150  155  163  163  167  165  168  166  170  170  174  175  177  178
  177  177  174  172  169  166  162  160  160  160  164  165  169  169  173  170
  172  169  170  168  173  166  163  162  175                                   
    62.5-180.0 180.0   5.0 450.0                            LAT/LON1/LON2/DLON/H
  177  175  165  164  159  152  149  143  136  131  123  121  113  110  104  105
  102  101  100   99   97   94   92   89   87   87   87   91   94  103  109  121
  131  141  153  161  169  170  174  172  175  175  178  181  183  188  185  190
  184  188  178  182  171  173  163  166  160  165  163  169  168  172  172  173
  172  171  170  171  175  173  164  168  177                                   
    60.0-180.0 180.0   5.0 450.0                            LAT/LON1/LON2/DLON/H
  179  177  167  162  159  152  149  143  137  128  123  117  111  106  101   99
   95   94   91   89   88   84   83   80   82   82   86   89   96  102  113  120
  135  142  157  163  173  174  181  179  184  181  187  187  192  193  192  194
  190  191  184  184  176  175  166  167  162  163  164  166  169  169  172  169
  170  166  166  166  175  167  167  168  179                                   
    57.5-180.0 180.0   5.0 450.0                            LAT/LON1/LON2/DLON/H
  183  182  171  171  165  159  153  148  141  135  126  123  113  108  100   98
   92   90   87   84   82   77   78   76   79   81   86   92   98  107  115  125
  135  147  159  169  178  182  188  189  194  194  199  202  205  208  204  207
  202  206  198  203  194  196  182  185  176  179  173  177  175  177  175  175
  173  171  168  171  177  176  170  178  183                                   
    55.0-180.0 180.0   5.0 450.0                            LAT/LON1/LON2/DLON/H
  190  188  178  173  169  161  160  153  147  138  131  122  114  104   97   93
   89   85   83   79   77   73   75   74   79   81   89   93  102  108  119  125
  137  147  163  171  185  188  200  198  206  205  213  212  217  216  215  216
  212  216  211  218  212  214  203  202  191  191  187  187  186  184  184  180
  178  172  169  169  178  175  180  181  190                                   
    52.5-180.0 180.0   5.0 450.0                            LAT/LON1/LON2/DLON/H
  197  197  188  190  182  176  171  165  157  149  137  131  117  108   98   95
   90   86   83   78   77   72   75   75   81   83   91   97  105  114  122  130
  138  151  164  176  188  196  205  208  216  217  225  224  230  228  229  230
  228  233  230  240  237  242  232  229  219  214  208  204  201  197  194  189
  187  181  176  177  183  183  182  195  197                                   
    50.0-180.0 180.0   5.0 450.0                            LAT/LON1/LON2/DLON/H
  208  205  197  193  190  182  177  169  164  152  143  129  120  105   97   91
   89   86   86   81   82   78   81   81   88   89   96  100  109  115  126  131
  143  152  169  178  198  203  218  218  229  227  237  234  243  240  243  242
  245  249  248  259  257  262  253  250  241  236  229  225  220  214  209  203
  199  192  188  186  193  191  197  201  208                                   
    47.5-180.0 180.0   5.0 450.0                            LAT/LON1/LON2/DLON/H
  216  216  210  212  207  201  193  183  175  162  149  138  123  112  100   97
   93   94   92   90   89   87   90   91   96   97  102  105  113  120  129  138
  146  160  172  186  202  214  227  235  243  245  252  251  259  257  263  261
  266  270  272  280  281  283  277  273  265  259  253  246  242  233  229  221
  217  209  204  204  206  206  206  219  216                                   
    45.0-180.0 180.0   5.0 450.0                            LAT/LON1/LON2/DLON/H
  228  226  221  216  214  205  199  186  179  160  150  130  124  105  102   94
   97   96   99   98  102   99  106  105  111  108  113  112  119  121  133  138
  151  159  177  188  211  223  240  246  257  258  266  265  275  272  282  277
  283  285  288  293  295  295  291  286  281  276  272  267  262  253  247  239
  236  227  224  219  224  222  228  229  228                                   
    42.5-180.0 180.0   5.0 450.0                            LAT/LON1/LON2/DLON/H
  234  234  228  230  223  216  208  197  186  171  154  142  127  119  107  108
  106  111  110  113  113  115  120  121  124  122  122  122  125  129  137  144
  154  165  178  194  214  232  250  263  273  278  284  286  294  294  302  297
  303  301  304  306  308  307  303  298  294  290  288  284  280  273  267  259
  253  245  241  240  243  244  242  253  234                                   
    40.0-180.0 180.0   5.0 450.0                            LAT/LON1/LON2/DLON/H
  246  242  233  226  222  213  207  194  185  166  152  134  129  112  112  103
  114  111  118  118  126  126  136  137  141  136  136  131  135  134  143  145
  158  164  180  195  219  238  258  270  282  288  296  299  309  309  319  313
  320  318  319  321  323  321  316  310  307  303  303  300  300  291  285  277
  274  265  264  260  265  264  265  264  246                                   
    37.5-180.0 180.0   5.0 450.0                            LAT/LON1/LON2/DLON/H
  256  251  239  234  226  217  209  202  189  177  160  152  137  132  121  125
  121  129  127  134  135  144  150  155  155  152  148  143  143  144  147  152
  160  167  178  195  219  243  264  281  293  302  310  318  326  330  339  337
  342  342  342  344  344  341  335  327  325  320  320  318  317  312  305  300
  293  289  284  285  286  288  283  287  256                                   
    35.0-180.0 180.0   5.0 450.0                            LAT/LON1/LON2/DLON/H
  273  262  247  235  223  214  203  193  181  167  157  148  142  129  129  119
  130  124  135  133  146  149  164  166  170  164  160  152  152  148  152  151
  161  164  175  191  216  239  264  282  296  307  317  324  335  338  349  346
  356  354  361  363  369  370  373  368  369  362  362  354  351  342  337  327
  321  313  311  306  310  309  314  301  273                                   
    32.5-180.0 180.0   5.0 450.0                            LAT/LON1/LON2/DLON/H
  295  282  267  251  238  225  215  205  190  183  166  167  153  151  139  140
  136  142  138  148  150  164  173  182  186  180  175  165  161  156  156  154
  159  163  174  189  213  239  265  287  303  314  324  336  344  355  360  364
  367  370  376  383  392  402  410  417  419  417  412  398  389  379  371  362
  355  347  339  334  331  335  333  326  295                                   
    30.0-180.0 180.0   5.0 450.0                            LAT/LON1/LON2/DLON/H
  326  312  291  272  246  234  213  204  186  178  166  167  159  153  146  140
  144  136  147  144  159  165  184  192  200  195  186  174  167  160  155  152
  150  156  164  183  206  232  261  282  302  312  326  335  345  354  363  369
  377  382  391  401  414  430  443  458  465  466  459  447  434  423  413  398
  390  372  367  352  352  354  361  346  326                                   
    27.5-180.0 180.0   5.0 450.0                            LAT/LON1/LON2/DLON/H
  357  342  322  303  273  259  234  227  207  201  183  188  173  174  157  159
  147  152  147  161  163  183  195  207  214  207  198  182  174  165  157  147
  147  146  161  177  202  226  252  277  294  311  320  333  337  351  357  371
  377  388  398  414  428  450  466  488  495  503  494  485  469  458  446  435
  422  410  394  383  375  383  380  373  357                                   
    25.0-180.0 180.0   5.0 450.0                            LAT/LON1/LON2/DLON/H
  388  369  359  331  303  280  248  238  208  207  186  193  178  180  163  162
  157  154  161  162  178  186  207  218  222  215  203  187  175  164  150  141
  134  138  146  168  192  215  243  264  288  301  319  324  334  341  354  359
  373  381  398  415  436  465  486  509  520  524  519  510  496  487  476  465
  452  434  418  405  399  403  408  397  388                                   
    22.5-180.0 180.0   5.0 450.0                            LAT/LON1/LON2/DLON/H
  414  404  399  370  338  312  275  262  234  232  209  214  194  196  177  178
  165  171  165  181  184  205  221  230  233  220  208  189  176  160  148  133
  129  124  140  156  187  209  232  255  276  295  306  318  325  338  350  360
  371  381  401  421  446  471  498  519  530  534  529  522  508  499  489  482
  469  456  437  428  419  428  425  418  414                                   
    20.0-180.0 180.0   5.0 450.0                            LAT/LON1/LON2/DLON/H
  432  421  424  395  368  334  298  281  250  247  216  222  199  203  182  187
  175  179  183  188  202  216  228  236  233  219  202  183  163  151  132  119
  106  104  116  136  166  191  216  237  265  282  303  308  324  329  351  356
  373  381  404  422  448  468  494  511  526  528  528  522  515  509  501  497
  483  469  452  440  432  433  439  429  432                                   
    17.5-180.0 180.0   5.0 450.0                            LAT/LON1/LON2/DLON/H
  441  438  439  415  392  359  325  306  276  267  242  241  220  217  199  203
  193  200  196  209  218  234  242  244  238  218  196  172  154  138  124  105
   96   89  100  116  151  178  208  229  255  275  294  304  321  335  354  367
  380  393  414  432  450  466  481  497  506  515  514  516  511  510  506  502
  492  483  467  458  449  453  443  432  441                                   
    15.0-180.0 180.0   5.0 450.0                            LAT/LON1/LON2/DLON/H
  432  429  426  408  391  361  335  311  290  277  256  253  229  226  200  210
  198  207  208  216  227  237  238  238  226  205  176  153  133  122  106   89
   79   73   82  100  133  167  196  224  244  271  291  308  326  347  364  381
  391  405  422  438  452  459  471  478  490  494  500  502  506  510  512  512
  502  494  479  469  462  455  447  436  432                                   
    12.5-180.0 180.0   5.0 450.0                            LAT/LON1/LON2/DLON/H
  423  419  409  393  377  356  334  318  302  291  277  270  251  247  225  229
  224  231  231  234  240  242  240  231  214  188  159  137  122  106   95   77
   69   62   72   86  119  151  190  218  241  265  290  308  334  355  376  390
  401  415  430  444  453  456  459  466  474  483  485  495  500  508  514  515
  511  504  491  483  478  469  452  438  423                                   
    10.0-180.0 180.0   5.0 450.0                            LAT/LON1/LON2/DLON/H
  411  402  386  368  352  332  317  305  299  293  286  283  269  264  243  242
  229  238  234  238  236  232  225  212  189  162  134  118  101   94   82   71
   62   57   61   79  104  146  179  210  232  253  282  301  328  349  371  385
  401  416  435  448  454  457  458  465  475  482  487  494  501  513  519  525
  518  513  498  491  483  472  455  446  411                                   
     7.5-180.0 180.0   5.0 450.0                            LAT/LON1/LON2/DLON/H
  409  398  372  347  322  306  291  285  283  289  291  295  288  282  269  263
  252  252  251  244  239  225  214  192  168  141  122  103   93   83   77   65
