data/unet/pred2530.15i
     1.0            IONOSPHERE MAPS     GNSS                IONEX VERSION / TYPE
pyspatialgeodesy        IME             05-JAN-18 20:20     PGM / RUN BY / DATE 
Map Name                                                    COMMENT             
Predicted global ionosphere maps (GIM).                     DESCRIPTION         
  2015     9    10     0     0     0                        EPOCH OF FIRST MAP  
  2015     9    11     0     0     0                        EPOCH OF LAST MAP   
  7200                                                      INTERVAL            
    13                                                      # OF MAPS IN FILE   
  NONE                                                      MAPPING FUNCTION    
10.0                                                        ELEVATION CUTOFF    
One-way carrier phase leveled to code                       OBSERVABLES USED    
  6371.0                                                    BASE RADIUS         
 2                                                          MAP DIMENSION       
   450.0 450.0   0.0                                        HGT1 / HGT2 / DHGT  
    87.5 -87.5  -2.5                                        LAT1 / LAT2 / DLAT  
  -180.0 180.0   5.0                                        LON1 / LON2 / DLON  
    -1                                                      EXPONENT            
                                                            END OF HEADER       
[from data line 2574]
     7                                                      START OF TEC MAP    
  2015     9    10    12     0     0                        EPOCH OF CURRENT MAP
    87.5-180.0 180.0   5.0 450.0                            LAT/LON1/LON2/DLON/H
   99  108  106  107  105  106  106  107  108  108  110  109  111  110  112  112
  113  113  114  114  114  114  114  114  113  113  112  112  111  111  110  111
  110  110  109  109  108  107  106  106  105  104  103  103  102  102  101  102
  101  101  100  101  100  100   99  100  100  100   99  100  100  100  100  100
  100  100  100  100  101   99  108   96   99                                   
    85.0-180.0 180.0   5.0 450.0                            LAT/LON1/LON2/DLON/H
  105  104  100   98   99  100  102  102  104  105  107  107  109  109  111  111
  113  114  115  116  117  117  119  118  119  118  118  117  117  116  116  115
  114  113  112  110  110  108  108  106  106  104  105  102  104  101  102   99
  101   98   99   96   98   95   97   94   96   94   95   93   95   93   95   93
   95   93   95   94   96   96  102  103  105                                   
    82.5-180.0 180.0   5.0 450.0                            LAT/LON1/LON2/DLON/H
  102  100  101  100  101  101  101  103  103  104  103  104  104  104  105  106
  108  108  111  111  114  114  117  116  118  117  117  117  116  116  114  115
  113  113  111  111  109  109  106  107  104  105  103  103  101  101   99   99
   97   97   95   95   93   92   91   90   89   89   88   87   88   87   89   88
   89   89   91   90   92   91   89   84  102                                   
    80.0-180.0 180.0   5.0 450.0                            LAT/LON1/LON2/DLON/H
   90   89   91   93   91   92   93   94   95   94   95   94   95   95   96   96
   98   99  101  104  105  108  109  111  110  111  110  111  108  109  107  108
  106  107  105  106  104  104  103  102  101  100  101   98   99   97   98   95
   96   93   93   92   90   89   88   87   85   85   84   83   82   82   83   82
   83   83   84   84   85   82   77   78   90                                   
    77.5-180.0 180.0   5.0 450.0                            LAT/LON1/LON2/DLON/H
   84   84   82   84   82   85   83   86   83   84   82   83   81   82   83   84
   84   87   89   92   94   98  100  102  101  103  102  102   99  101   98  100
   96   99   96   99   95   99   95   98   94   98   95   97   94   96   93   95
   92   93   90   90   87   87   83   83   80   81   79   79   78   78   77   78
   77   78   77   77   77   75   70   71   84                                   
    75.0-180.0 180.0   5.0 450.0                            LAT/LON1/LON2/DLON/H
   77   78   78   78   75   77   76   75   73   72   70   69   69   69   69   70
   71   77   76   85   83   94   92   99   95  102   97  100   94   98   93   94
   90   94   93   95   92   96   94   96   92   96   94   97   94   97   94   96
   92   94   90   90   86   86   82   82   78   79   77   77   74   76   74   75
   72   74   73   74   73   73   67   72   77                                   
    72.5-180.0 180.0   5.0 450.0                            LAT/LON1/LON2/DLON/H
   72   75   71   72   70   71   71   69   68   65   64   63   62   61   62   63
   64   69   71   77   79   88   89   95   93   99   96   98   93   96   92   93
   89   94   91   95   91   96   93   95   92   97   96   98   96   98   96   96
   93   93   91   90   87   86   83   82   79   78   76   75   73   73   72   71
   71   70   70   68   68   67   65   69   72                                   
    70.0-180.0 180.0   5.0 450.0                            LAT/LON1/LON2/DLON/H
   64   68   67   64   64   64   65   63   63   60   59   58   56   56   56   58
   58   65   66   74   73   86   84   93   88   96   90   95   89   94   89   91
   88   92   91   94   92   96   94   96   93   97   97   98   97   99   97   97
   94   95   92   92   89   90   87   86   82   81   78   76   74   72   72   69
   69   68   68   66   66   64   61   70   64                                   
    67.5-180.0 180.0   5.0 450.0                            LAT/LON1/LON2/DLON/H
   58   62   59   59   59   61   60   60   59   58   57   56   54   54   55   56
   56   62   64   71   70   82   81   88   84   91   87   91   87   92   89   92
   89   95   93   96   93   98   96   97   95   99   98  100   98  100   98   97
   94   94   93   92   91   90   89   87   85   83   80   77   75   73   71   68
   67   66   65   63   63   59   59   65   58                                   
    65.0-180.0 180.0   5.0 450.0                            LAT/LON1/LON2/DLON/H
   52   55   55   51   53   54   57   55   57   54   55   53   51   53   54   54
   54   61   62   67   66   77   77   81   78   84   81   84   83   87   87   88
   90   93   94   96   95   99   97   99   95  100   97   99   96   99   96   96
   92   94   92   93   91   93   91   90   87   86   83   79   75   72   70   65
   64   62   62   59   59   56   56   64   52                                   
    62.5-180.0 180.0   5.0 450.0                            LAT/LON1/LON2/DLON/H
   47   49   46   46   47   49   50   52   51   51   51   51   50   51   52   53
   54   60   61   65   65   72   72   74   73   78   76   81   80   86   86   90
   90   94   95   96   96   98   96   97   95   98   97   97   96   97   95   94
   92   93   93   93   93   94   92   92   89   88   84   82   77   73   70   65
   63   60   60   56   57   52   55   60   47                                   
    60.0-180.0 180.0   5.0 450.0                            LAT/LON1/LON2/DLON/H
   45   44   43   39   41   42   46   44   46   44   45   45   46   48   51   51
   54   58   61   62   62   67   68   68   69   73   74   77   80   84   88   89
   93   94   98   98   97   99   97   98   96   98   96   97   95   96   95   94
   94   96   97   99   99  100   98   98   94   92   89   85   81   76   72   66
   63   60   59   56   56   51   52   57   45                                   
    57.5-180.0 180.0   5.0 450.0                            LAT/LON1/LON2/DLON/H
   43   43   37   36   38   40   40   41   39   40   39   42   41   46   47   51
   51   57   58   59   59   63   62   64   64   70   69   75   75   82   83   88
   90   95   97   98   98   98   98   98   97  100   99  101   99  101   99  100
  100  104  104  108  107  108  105  104   99   99   94   92   86   83   77   71
   67   63   62   58   58   51   53   53   43                                   
    55.0-180.0 180.0   5.0 450.0                            LAT/LON1/LON2/DLON/H
   44   40   37   34   32   32   35   29   30   25   27   26   28   33   36   39
   42   48   50   50   52   54   56   57   61   65   67   71   72   79   80   85
   88   93   95   98   96   99   97  101   98  105  103  106  104  107  107  110
  112  117  118  121  119  120  115  111  108  106  103  100   95   91   84   78
   73   69   66   63   61   57   54   54   44                                   
    52.5-180.0 180.0   5.0 450.0                            LAT/LON1/LON2/DLON/H
   46   45   38   38   36   36   34   32   28   25   23   25   24   30   32   38
   40   46   47   49   50   53   54   58   61   67   68   73   73   78   79   84
   88   93   96   98   99  101  102  104  105  110  110  114  112  118  118  122
  125  130  132  134  132  129  125  121  117  115  112  111  107  104   98   89
   83   77   74   69   68   60   60   57   46                                   
    50.0-180.0 180.0   5.0 450.0                            LAT/LON1/LON2/DLON/H
   49   49   44   41   39   36   37   30   28   19   21   14   18   18   24   25
   32   36   43   44   50   51   57   58   65   69   72   74   74   78   79   84
   88   94   96  100  100  105  106  112  112  119  118  123  122  128  130  136
  138  145  144  147  141  140  132  129  125  124  122  122  120  117  110  103
   92   87   81   76   74   69   64   62   49                                   
    47.5-180.0 180.0   5.0 450.0                            LAT/LON1/LON2/DLON/H
   52   53   50   49   48   45   42   36   29   21   19   15   17   17   22   25
   32   36   44   46   53   55   61   65   71   76   79   80   80   82   83   86
   91   96  101  104  108  113  117  121  123  128  129  132  134  138  142  146
  152  154  156  154  151  145  139  135  132  131  131  132  133  131  126  118
  107  100   92   86   84   74   71   68   52                                   
    45.0-180.0 180.0   5.0 450.0                            LAT/LON1/LON2/DLON/H
   55   58   52   53   53   49   46   41   34   26   21   16   14   13   16   18
   23   29   38   45   54   56   67   69   79   81   86   85   86   86   87   89
   95  100  105  111  116  123  127  133  135  141  141  144  145  150  153  158
  160  164  160  158  151  148  140  138  135  136  137  140  140  140  135  127
  115  107   97   89   86   78   73   74   55                                   
    42.5-180.0 180.0   5.0 450.0                            LAT/LON1/LON2/DLON/H
   56   56   56   59   58   54   52   44   40   28   25   17   16   10   14   12
   20   24   37   44   56   60   70   76   83   88   91   92   91   90   91   93
   98  105  112  119  126  133  139  144  148  151  154  154  157  159  164  164
  168  165  163  157  152  147  141  141  138  140  141  145  146  146  142  134
  123  112  104   93   92   80   77   76   56                                   
    40.0-180.0 180.0   5.0 450.0                            LAT/LON1/LON2/DLON/H
   56   57   51   59   56   57   52   49   42   36   30   24   20   17   15   17
   20   27   37   48   57   65   77   79   89   91   97   96   97   94   96   96
  105  110  122  128  138  144  152  157  163  165  168  167  170  172  175  175
  174  172  165  160  153  150  146  147  147  150  151  154  154  153  149  139
  128  113  105   92   89   81   78   82   56                                   
    37.5-180.0 180.0   5.0 450.0                            LAT/LON1/LON2/DLON/H
   58   50   49   52   53   50   51   45   43   35   33   26   24   16   17   12
   20   22   37   45   59   67   78   83   90   96  100  102  101   99   99  103
  109  119  129  140  150  158  167  172  179  181  184  182  187  185  190  187
  187  180  176  168  164  160  158  159  160  162  162  164  161  158  152  140
  130  112  108   93   93   86   82   82   58                                   
    35.0-180.0 180.0   5.0 450.0                            LAT/LON1/LON2/DLON/H
   62   52   44   49   46   47   45   45   40   37   33   32   28   25   22   22
   24   32   42   53   65   73   82   85   96   97  105  105  108  103  107  107
  119  126  142  152  167  176  186  191  199  202  204  205  208  209  211  210
  207  204  194  188  180  177  174  177  176  180  180  179  175  166  160  144
  133  117  112   94   92   85   85   85   62                                   
    32.5-180.0 180.0   5.0 450.0                            LAT/LON1/LON2/DLON/H
   68   53   45   45   43   38   39   35   35   31   32   30   29   25   24   21
   25   29   42   52   64   73   81   86   94  100  106  109  110  109  111  116
  125  138  154  170  185  196  208  216  224  227  231  233  237  238  242  239
  236  231  223  218  213  208  204  202  205  204  203  199  191  182  171  156
  142  127  119  103   99   93   87   91   68                                   
    30.0-180.0 180.0   5.0 450.0                            LAT/LON1/LON2/DLON/H
   80   68   52   53   44   43   37   37   32   32   29   33   30   31   26   27
   26   35   43   56   66   74   81   85   96  100  109  111  116  114  119  122
  135  148  167  186  202  216  228  238  246  254  257  265  268  276  276  277
  271  269  262  255  250  242  239  237  240  241  237  229  217  202  189  168
  158  140  132  115  108   99   99   93   80                                   
    27.5-180.0 180.0   5.0 450.0                            LAT/LON1/LON2/DLON/H
   97   77   64   61   53   44   39   32   30   24   26   26   28   25   25   21
   23   27   40   50   61   72   78   85   93  103  110  117  120  123  127  135
  148  164  185  205  226  242  256  267  276  286  290  299  301  310  311  315
  313  315  312  305  298  288  279  275  275  272  266  255  241  225  211  194
  179  165  153  135  124  113  108  110   97                                   
    25.0-180.0 180.0   5.0 450.0                            LAT/LON1/LON2/DLON/H
  119  103   78   73   64   61   48   43   32   30   25   28   24   28   20   23
   19   29   35   50   61   70   79   86   97  105  117  122  131  132  141  147
  162  180  204  227  251  267  279  291  295  310  313  328  330  344  346  354
  356  360  359  353  346  335  328  323  317  309  296  282  263  244  229  207
  198  181  174  160  142  135  127  119  119                                   
    22.5-180.0 180.0   5.0 450.0                            LAT/LON1/LON2/DLON/H
  132  117   98   92   83   75   67   52   40   30   26   21   22   18   16   11
   14   17   31   43   57   66   76   86   97  109  120  129  138  144  154  163
  179  197  225  250  276  289  303  312  323  334  344  357  363  375  383  393
  402  406  409  403  397  385  376  366  359  344  325  303  284  265  245  229
  217  204  194  177  167  151  151  144  132                                   
    20.0-180.0 180.0   5.0 450.0                            LAT/LON1/LON2/DLON/H
  149  135  122  111  108   99   86   75   61   48   35   32   23   23   15   16
   13   21   30   46   58   70   81   91  105  115  130  137  153  158  172  181
  200  219  249  271  294  308  318  330  339  355  363  378  383  399  408  424
  431  441  442  439  430  417  407  396  387  369  351  327  300  279  258  240
  232  218  217  203  193  182  175  164  149                                   
    17.5-180.0 180.0   5.0 450.0                            LAT/LON1/LON2/DLON/H
  163  141  131  124  121  112  105   89   77   60   46   35   28   20   14    8
   11   14   30   43   59   69   83   95  109  123  136  147  163  174  189  201
  222  240  271  289  312  324  342  354  368  382  393  405  412  425  437  451
  460  468  472  470  459  448  430  417  403  385  365  343  313  289  264  248
  232  226  218  210  204  194  191  184  163                                   
    15.0-180.0 180.0   5.0 450.0                            LAT/LON1/LON2/DLON/H
  169  154  143  134  136  124  120   99   90   71   63   51   39   32   21   18
   18   24   36   50   65   76   92  102  120  131  149  157  180  189  211  221
  249  260  287  304  325  343  358  372  383  399  406  418  424  438  448  462
  468  479  477  479  467  458  440  427  412  395  376  351  321  292  264  242
  227  217  212  209  205  202  200  197  169                                   
    12.5-180.0 180.0   5.0 450.0                            LAT/LON1/LON2/DLON/H
  170  163  154  145  143  133  126  106   97   76   68   53   47   34   27   20
   24   29   42   57   74   84   97  111  126  143  157  173  192  209  228  244
  267  277  305  315  341  352  370  382  395  409  419  430  438  448  456  465
  470  475  474  473  465  458  443  432  418  402  380  356  325  295  261  235
  215  205  197  198  198  203  203  195  170                                   
    10.0-180.0 180.0   5.0 450.0                            LAT/LON1/LON2/DLON/H
  174  172  163  152  151  137  136  112  104   80   72   60   57   47   40   36
   38   42   55   67   86   93  108  119  140  151  171  185  210  224  249  258
  285  290  316  329  351  360  376  387  398  410  418  429  435  445  452  460
  462  467  461  462  455  454  442  437  426  411  388  362  331  298  260  233
  208  199  192  196  194  201  202  200  174                                   
     7.5-180.0 180.0   5.0 450.0                            LAT/LON1/LON2/DLON/H
  174  174  166  155  152  139  132  113  101   80   72   58   57   48   48   46
   50   58   69   84   96  108  115  131  148  163  180  201  220  238  256  267
