data/unet/pred1040.15i
     1.0            IONOSPHERE MAPS     GNSS                IONEX VERSION / TYPE
pyspatialgeodesy        IME             05-JAN-18 20:20     PGM / RUN BY / DATE 
Map Name                                                    COMMENT             
Predicted global ionosphere maps (GIM).                     DESCRIPTION         
  2015     4    14     0     0     0                        EPOCH OF FIRST MAP  
  2015     4    15     0     0     0                        EPOCH OF LAST MAP   
  7200                                                      INTERVAL            
    13                                                      # OF MAPS IN FILE   
  NONE                                                      MAPPING FUNCTION    
10.0                                                        ELEVATION CUTOFF    
One-way carrier phase leveled to code                       OBSERVABLES USED    
  6371.0                                                    BASE RADIUS         
 2                                                          MAP DIMENSION       
   450.0 450.0   0.0                                        HGT1 / HGT2 / DHGT  
    87.5 -87.5  -2.5                                        LAT1 / LAT2 / DLAT  
  -180.0 180.0   5.0                                        LON1 / LON2 / DLON  
    -1                                                      EXPONENT            
                                                            END OF HEADER       
[from data line 5148]
    13                                                      START OF TEC MAP    
  2015     4    15     0     0     0                        EPOCH OF CURRENT MAP
    87.5-180.0 180.0   5.0 450.0                            LAT/LON1/LON2/DLON/H
  212  200  209  213  214  217  219  221  221  224  223  225  224  226  225  227
  226  228  228  229  227  228  225  224  220  217  211  207  201  197  192  189
  184  182  179  177  175  174  171  170  168  167  165  164  161  160  159  158
  159  159  161  162  166  168  171  173  177  179  182  184  187  187  189  188
  191  190  189  189  193  193  194  211  212                                   
    85.0-180.0 180.0   5.0 450.0                            LAT/LON1/LON2/DLON/H
  207  205  210  213  213  215  218  220  222  224  226  227  228  230  231  234
  234  237  237  238  237  237  234  232  226  223  217  212  206  201  197  193
  189  186  183  180  178  176  174  171  169  167  165  163  162  160  160  159
  160  161  163  165  169  170  175  177  182  184  188  191  194  196  196  198
  198  199  197  197  199  195  200  193  207                                   
    82.5-180.0 180.0   5.0 450.0                            LAT/LON1/LON2/DLON/H
  218  209  211  213  213  216  220  223  227  230  235  237  241  243  247  248
  251  252  254  254  253  251  247  242  237  230  224  217  210  204  199  192
  188  182  178  173  171  167  165  162  160  156  155  151  151  149  150  149
  152  152  156  157  162  165  170  172  179  181  186  188  193  195  198  199
  201  201  201  201  202  197  197  200  218                                   
    80.0-180.0 180.0   5.0 450.0                            LAT/LON1/LON2/DLON/H
  219  212  214  214  215  219  223  228  233  238  243  248  250  254  256  260
  260  263  263  266  263  262  257  253  245  238  229  222  213  206  199  192
  185  179  173  169  166  163  159  157  153  150  147  145  144  142  142  142
  144  144  148  149  154  156  162  166  172  177  181  187  191  196  197  202
  203  206  205  207  206  202  203  207  219                                   
    77.5-180.0 180.0   5.0 450.0                            LAT/LON1/LON2/DLON/H
  217  212  213  213  216  220  227  232  239  244  250  253  257  259  261  261
  260  260  260  259  259  256  254  249  244  235  228  219  211  203  196  189
  182  176  171  167  163  161  156  154  149  147  143  141  137  137  135  136
  135  139  140  144  147  153  157  164  169  175  179  185  189  194  196  200
  202  206  207  209  209  206  208  213  217                                   
    75.0-180.0 180.0   5.0 450.0                            LAT/LON1/LON2/DLON/H
  220  213  214  215  217  224  230  237  243  249  254  258  260  261  260  258
  254  251  248  247  245  245  243  242  237  232  224  216  208  201  193  186
  179  174  168  165  162  160  157  154  151  147  145  140  139  135  136  134
  137  136  142  143  150  153  161  164  171  175  181  185  189  193  195  199
  201  205  206  210  213  212  212  219  220                                   
    72.5-180.0 180.0   5.0 450.0                            LAT/LON1/LON2/DLON/H
  223  216  217  218  220  225  232  239  247  252  257  259  260  258  254  247
  240  232  227  221  220  217  219  218  218  214  210  204  197  189  182  174
  169  164  161  158  156  155  153  152  148  146  142  139  135  134  134  135
  137  140  145  149  153  158  164  168  173  177  181  184  187  189  191  194
  196  200  203  207  213  214  217  228  223                                   
    70.0-180.0 180.0   5.0 450.0                            LAT/LON1/LON2/DLON/H
  231  221  222  223  222  227  233  242  249  256  260  262  259  255  246  236
  224  212  201  195  189  190  192  195  197  198  195  190  183  176  167  160
  154  150  148  146  146  147  147  147  145  142  139  137  134  134  133  136
  139  144  149  155  159  164  168  173  175  180  182  185  186  189  189  192
  193  197  201  207  213  218  222  235  231                                   
    67.5-180.0 180.0   5.0 450.0                            LAT/LON1/LON2/DLON/H
  241  228  229  229  227  231  236  245  255  263  268  269  264  256  243  227
  210  194  180  171  165  166  169  173  177  177  176  169  163  154  148  139
  135  130  131  129  133  134  137  137  136  135  132  131  128  130  130  135
  138  147  152  159  163  168  171  174  178  181  183  185  186  187  187  188
  189  192  196  204  212  219  223  237  241                                   
    65.0-180.0 180.0   5.0 450.0                            LAT/LON1/LON2/DLON/H
  252  236  238  237  232  235  239  248  258  270  275  277  270  259  242  223
  203  187  171  163  158  157  160  161  162  159  155  148  142  132  125  117
  113  110  111  112  116  120  124  125  126  125  124  123  122  124  127  133
  139  148  155  163  167  172  175  178  181  184  186  188  189  189  187  186
  185  187  191  198  207  216  223  240  252                                   
    62.5-180.0 180.0   5.0 450.0                            LAT/LON1/LON2/DLON/H
  263  244  246  243  238  238  241  249  261  274  282  285  279  266  247  226
  207  190  176  168  163  161  160  156  152  145  138  129  122  112  105   98
   96   93   94   95  100  104  109  112  114  114  113  114  113  117  120  128
  134  144  152  160  166  172  176  180  184  187  191  193  194  193  191  187
  185  183  186  192  203  211  220  238  263                                   
    60.0-180.0 180.0   5.0 450.0                            LAT/LON1/LON2/DLON/H
  271  251  252  248  241  240  241  250  261  276  284  288  283  271  254  234
  215  202  189  184  177  174  167  160  149  139  128  119  110  102   94   88
   86   83   84   85   89   93   98  103  105  107  108  110  111  115  119  126
  134  143  152  159  165  171  176  180  185  190  194  197  199  198  196  192
  189  185  186  189  197  206  218  239  271                                   
    57.5-180.0 180.0   5.0 450.0                            LAT/LON1/LON2/DLON/H
  283  260  261  256  248  245  245  252  262  275  285  290  287  278  264  248
  234  223  215  209  204  197  186  173  158  142  129  119  110  103   96   90
   87   83   82   81   85   88   94   98  103  105  107  109  110  114  117  125
  131  140  148  155  161  167  172  178  184  190  195  199  203  203  203  200
  198  194  195  196  203  210  221  239  283                                   
    55.0-180.0 180.0   5.0 450.0                            LAT/LON1/LON2/DLON/H
  297  274  273  267  258  255  252  257  263  275  283  288  287  282  274  263
  255  247  242  235  228  216  202  183  165  148  135  124  116  112  105  102
   95   92   89   89   90   94   99  104  108  112  113  115  117  120  123  128
  134  141  148  153  159  164  171  176  184  190  196  202  208  211  214  213
  214  212  212  213  218  223  233  251  297                                   
    52.5-180.0 180.0   5.0 450.0                            LAT/LON1/LON2/DLON/H
  318  297  295  287  278  273  269  268  271  277  282  286  287  287  284  282
  278  276  271  263  253  237  218  199  179  165  151  144  135  132  126  121
  114  109  105  104  104  107  112  117  121  124  125  127  128  130  131  134
  137  141  145  149  154  159  167  174  183  190  198  205  214  219  227  232
  237  239  241  244  247  250  255  270  318                                   
    50.0-180.0 180.0   5.0 450.0                            LAT/LON1/LON2/DLON/H
  346  329  325  317  308  301  295  291  289  288  287  287  287  289  292  294
  297  294  294  281  272  250  234  209  195  178  171  161  158  151  145  137
  130  125  121  121  121  125  130  135  138  141  142  144  145  146  145  146
  145  145  146  147  150  156  165  173  185  193  203  211  222  230  241  251
  260  268  273  278  281  281  283  298  346                                   
    47.5-180.0 180.0   5.0 450.0                            LAT/LON1/LON2/DLON/H
  374  368  365  358  348  340  331  323  315  307  298  293  291  295  300  307
  310  311  305  295  283  265  247  228  212  202  193  189  182  177  167  159
  148  143  138  139  139  144  148  154  156  159  161  163  162  162  159  157
  152  150  146  145  148  154  166  176  190  199  211  219  232  242  257  270
  285  297  305  314  320  320  321  329  374                                   
    45.0-180.0 180.0   5.0 450.0                            LAT/LON1/LON2/DLON/H
  406  409  405  397  391  381  373  361  350  336  322  310  303  304  310  316
  320  316  312  299  293  273  265  242  235  221  218  209  205  194  185  172
  161  154  151  152  155  160  165  170  174  177  180  181  180  178  174  169
  161  155  148  146  149  157  170  184  200  211  222  231  243  255  270  287
  305  321  334  348  360  364  365  364  406                                   
    42.5-180.0 180.0   5.0 450.0                            LAT/LON1/LON2/DLON/H
  433  440  438  434  427  420  411  400  386  367  349  333  322  320  322  326
  324  320  312  306  298  291  281  270  258  248  239  232  221  212  196  186
  171  166  162  166  169  175  179  184  189  193  195  197  195  192  185  178
  168  159  152  150  154  165  182  200  218  229  241  249  262  272  289  304
  325  344  362  381  397  402  403  392  433                                   
    40.0-180.0 180.0   5.0 450.0                            LAT/LON1/LON2/DLON/H
  467  480  476  469  462  450  444  430  419  397  380  361  349  342  342  339
  337  327  323  315  316  309  306  292  285  268  261  244  236  219  206  192
  180  176  175  180  184  189  194  198  203  208  210  212  209  203  195  184
  172  162  153  152  158  173  192  213  232  245  258  268  281  294  309  325
  346  364  384  404  424  432  438  418  467                                   
    37.5-180.0 180.0   5.0 450.0                            LAT/LON1/LON2/DLON/H
  500  513  509  505  491  481  467  457  442  427  407  391  378  370  363  359
  351  344  338  338  338  337  329  318  300  285  269  255  240  229  214  207
  196  196  194  200  202  207  210  213  216  221  223  225  220  212  199  185
  172  161  153  155  162  179  200  223  243  258  273  286  301  316  331  346
  365  382  399  421  442  451  459  440  500                                   
    35.0-180.0 180.0   5.0 450.0                            LAT/LON1/LON2/DLON/H
  544  564  559  546  530  510  495  479  466  450  435  417  408  398  393  384
  377  370  371  372  378  372  362  338  319  295  282  264  256  242  235  225
  221  221  221  225  224  227  226  227  228  232  233  232  225  213  200  185
  171  160  153  155  162  181  203  227  247  264  279  295  315  332  350  365
  383  398  417  440  461  474  487  473  544                                   
    32.5-180.0 180.0   5.0 450.0                            LAT/LON1/LON2/DLON/H
  588  612  606  594  570  548  523  507  489  475  457  445  434  429  420  413
  403  402  403  409  408  401  380  354  324  305  288  281  275  272  267  266
  262  263  259  258  252  249  244  241  240  240  239  233  223  210  196  181
  169  158  152  153  160  176  201  226  250  270  286  303  322  341  359  376
  393  409  429  449  470  488  510  509  588                                   
    30.0-180.0 180.0   5.0 450.0                            LAT/LON1/LON2/DLON/H
  654  684  674  661  636  602  573  546  523  503  485  470  463  455  451  443
  438  437  443  443  442  422  399  364  340  321  317  316  323  323  326  322
  317  312  301  293  280  273  261  255  250  249  243  234  222  209  197  186
  172  164  155  156  159  178  197  226  248  276  293  315  332  351  370  390
  408  425  446  465  485  506  540  554  654                                   
    27.5-180.0 180.0   5.0 450.0                            LAT/LON1/LON2/DLON/H
  713  748  743  728  701  663  625  589  562  537  515  500  488  483  474  468
  463  464  464  460  449  425  396  370  352  350  357  375  387  400  396  395
  381  370  346  330  305  290  274  264  256  251  244  233  221  211  202  192
  181  172  163  160  164  179  201  227  258  288  308  329  346  366  385  408
  429  446  466  486  505  535  577  606  713                                   
    25.0-180.0 180.0   5.0 450.0                            LAT/LON1/LON2/DLON/H
  778  820  828  822  795  748  703  657  624  591  562  539  522  511  500  492
  487  485  481  468  451  420  397  380  380  397  420  453  473  492  485  477
  448  423  384  357  321  301  279  270  257  251  241  234  224  217  207  198
  185  178  166  165  163  179  194  228  255  294  314  339  355  377  400  427
  451  474  497  521  547  590  639  677  778                                   
    22.5-180.0 180.0   5.0 450.0                            LAT/LON1/LON2/DLON/H
  808  879  903  908  883  839  789  736  693  651  619  588  562  542  525  513
  501  494  480  459  431  403  386  390  408  445  480  523  542  564  554  537
  497  457  407  369  327  303  281  270  256  248  237  231  224  216  205  195
  183  173  164  159  160  174  193  229  260  302  325  352  367  392  418  447
  473  503  532  561  597  637  694  739  808                                   
    20.0-180.0 180.0   5.0 450.0                            LAT/LON1/LON2/DLON/H
  839  919  968  989  978  942  895  838  784  731  690  651  618  586  559  538
  519  507  486  457  425  397  392  411  445  494  531  572  585  601  584  559
  511  464  406  365  321  298  278  271  256  246  235  229  223  213  205  189
  179  167  160  156  157  170  189  227  263  305  334  361  382  406  439  469
  503  533  570  602  637  681  747  784  839                                   
    17.5-180.0 180.0   5.0 450.0                            LAT/LON1/LON2/DLON/H
  827  927  990 1021 1022 1002  964  916  865  812  768  720  679  639  602  567
  539  515  488  456  422  402  404  435  477  529  559  588  588  583  559  518
  472  428  376  339  300  284  272  270  254  244  230  226  217  209  196  182
  167  155  147  141  145  154  179  216  255  298  332  365  392  425  455  489
  522  557  596  629  665  704  765  797  827                                   
    15.0-180.0 180.0   5.0 450.0                            LAT/LON1/LON2/DLON/H
  822  910  981 1018 1032 1021 1008  974  934  884  845  797  750  696  651  603
  565  532  502  471  440  427  433  468  506  550  565  572  553  528  490  448
  410  376  325  298  271  266  267  268  257  245  229  221  215  202  192  173
  160  152  146  140  139  154  180  222  263  303  343  375  414  446  486  517
  556  593  636  665  696  724  785  798  822                                   
    12.5-180.0 180.0   5.0 450.0                            LAT/LON1/LON2/DLON/H
  780  866  929  975  994  994  993  979  954  919  886  844  804  747  693  633
  591  545  513  479  456  448  460  491  519  539  533  505  464  421  381  350
  314  293  266  258  249  258  261  269  257  245  226  219  208  198  181  167
  153  147  143  143  144  158  186  231  266  307  341  382  423  468  504  542
  579  624  662  692  713  731  774  780  780                                   
    10.0-180.0 180.0   5.0 450.0                            LAT/LON1/LON2/DLON/H
  761  816  871  908  934  938  950  949  948  925  903  868  835  783  726  661
  612  566  529  497  475  472  481  502  512  504  470  418  363  308  268  242
  230  226  223  232  239  254  264  266  255  244  224  211  203  188  175  158
  148  139  138  133  140  151  183  224  266  303  342  377  431  477  526  559
  605  648  691  711  730  733  774  762  761                                   
     7.5-180.0 180.0   5.0 450.0                            LAT/LON1/LON2/DLON/H
  730  781  813  843  858  871  884  903  912  907  893  868  839  796  741  678
  629  584  549  513  493  483  487  486  474  434  379  310  254  210  187  182
