data/unet/pred0950.15i
     1.0            IONOSPHERE MAPS     GNSS                IONEX VERSION / TYPE
pyspatialgeodesy        IME             05-JAN-18 20:20     PGM / RUN BY / DATE 
Map Name                                                    COMMENT             
Predicted global ionosphere maps (GIM).                     DESCRIPTION         
  2015     4     5     0     0     0                        EPOCH OF FIRST MAP  
  2015     4     6     0     0     0                        EPOCH OF LAST MAP   
  7200                                                      INTERVAL            
    13                                                      # OF MAPS IN FILE   
  NONE                                                      MAPPING FUNCTION    
10.0                                                        ELEVATION CUTOFF    
One-way carrier phase leveled to code                       OBSERVABLES USED    
  6371.0                                                    BASE RADIUS         
 2                                                          MAP DIMENSION       
   450.0 450.0   0.0                                        HGT1 / HGT2 / DHGT  
    87.5 -87.5  -2.5                                        LAT1 / LAT2 / DLAT  
  -180.0 180.0   5.0                                        LON1 / LON2 / DLON  
    -1                                                      EXPONENT            
                                                            END OF HEADER       
[from data line 1716]
     5                                                      START OF TEC MAP    
  2015     4     5     8     0     0                        EPOCH OF CURRENT MAP
    87.5-180.0 180.0   5.0 450.0                            LAT/LON1/LON2/DLON/H
  141  151  160  160  163  162  165  166  169  170  172  172  173  173  174  174
  175  174  176  175  177  176  179  178  181  180  182  181  182  182  182  182
  182  182  183  181  182  181  183  181  183  182  184  181  182  180  181  179
  179  177  177  176  175  175  174  172  171  168  167  164  162  158  157  153
  153  149  150  148  150  146  155  136  141                                   
    85.0-180.0 180.0   5.0 450.0                            LAT/LON1/LON2/DLON/H
  147  151  150  160  158  160  161  165  166  169  170  172  172  175  174  176
  175  176  176  176  176  177  176  178  177  179  178  180  178  181  180  183
  182  185  185  188  187  190  189  192  189  193  190  192  188  190  186  188
  184  186  183  184  180  180  178  176  174  172  169  166  164  161  157  155
  152  151  148  147  147  142  149  137  147                                   
    82.5-180.0 180.0   5.0 450.0                            LAT/LON1/LON2/DLON/H
  149  144  145  147  148  150  153  157  160  163  165  168  169  171  171  173
  172  173  172  172  171  171  170  170  170  171  172  174  174  177  178  183
  183  188  190  195  196  201  202  206  204  207  206  207  203  203  199  200
  195  196  193  192  188  187  183  182  179  177  172  170  167  164  159  156
  153  150  147  144  142  139  139  133  149                                   
    80.0-180.0 180.0   5.0 450.0                            LAT/LON1/LON2/DLON/H
  154  138  138  138  138  141  144  147  151  154  157  158  162  162  164  163
  163  162  160  159  156  155  153  152  151  150  151  151  155  156  163  165
  174  175  186  187  198  200  209  210  216  217  221  221  221  218  219  217
  217  213  214  209  210  204  205  198  200  192  192  186  185  177  174  168
  164  160  155  152  148  143  139  134  154                                   
    77.5-180.0 180.0   5.0 450.0                            LAT/LON1/LON2/DLON/H
  155  144  138  135  136  137  140  142  145  147  149  150  153  152  153  151
  150  147  146  143  141  137  136  133  132  130  132  134  138  144  150  159
  166  177  185  197  203  214  218  230  230  241  240  249  244  250  246  251
  246  247  243  244  240  238  236  234  232  229  227  222  218  211  205  198
  193  185  180  171  166  157  154  136  155                                   
    75.0-180.0 180.0   5.0 450.0                            LAT/LON1/LON2/DLON/H
  162  146  139  135  133  132  135  134  138  137  140  139  140  139  139  137
  136  132  131  127  125  122  119  115  113  111  111  114  118  125  133  144
  155  166  181  190  204  212  225  233  241  249  255  262  263  268  267  271
  266  269  264  266  261  262  259  260  258  257  254  252  248  243  237  232
  224  218  209  200  193  178  169  153  162                                   
    72.5-180.0 180.0   5.0 450.0                            LAT/LON1/LON2/DLON/H
  169  154  144  135  131  128  129  128  130  129  130  127  127  123  124  121
  120  117  117  114  113  109  108  104  103  100  101  101  106  112  122  132
  146  160  175  190  202  217  228  243  250  265  270  285  287  296  295  300
  296  298  294  294  289  289  285  285  283  281  278  276  273  267  262  255
  250  242  235  223  215  199  185  163  169                                   
    70.0-180.0 180.0   5.0 450.0                            LAT/LON1/LON2/DLON/H
  172  154  144  133  127  122  122  121  123  121  122  118  116  112  110  108
  107  106  107  107  108  107  106  103  100   98   98  100  102  110  117  131
  142  158  175  190  205  218  231  245  257  271  281  295  302  309  312  315
  315  315  314  311  309  305  304  301  299  295  292  287  284  279  272  267
  260  256  249  239  233  212  196  180  172                                   
    67.5-180.0 180.0   5.0 450.0                            LAT/LON1/LON2/DLON/H
  173  157  144  129  121  115  114  113  115  115  115  110  107  101   98   94
   96   93   97   97  103  101  104  100  101   97   97   97  100  106  114  125
  137  151  168  184  199  214  227  242  255  273  286  304  311  321  324  331
  330  332  329  327  321  317  312  308  304  298  293  287  282  276  270  264
  259  252  249  238  232  215  202  182  173                                   
    65.0-180.0 180.0   5.0 450.0                            LAT/LON1/LON2/DLON/H
  170  156  141  128  117  110  108  107  108  108  107  104   99   93   90   86
   87   87   92   95  100  101  104  101  101   98   98  100  101  110  115  129
  139  155  170  186  203  215  230  244  259  274  292  306  316  324  329  336
  337  340  338  334  329  322  316  309  304  295  290  281  275  267  260  254
  247  243  238  230  226  213  202  190  170                                   
    62.5-180.0 180.0   5.0 450.0                            LAT/LON1/LON2/DLON/H
  171  160  145  126  114  105  101   99  100  101  101   99   94   88   84   80
   80   80   87   88   96   94  100   95   97   93   96   95  101  106  115  126
  139  154  171  187  203  217  230  246  258  277  292  309  318  328  334  342
  343  348  343  342  332  326  315  308  300  292  283  273  265  256  248  239
  232  227  225  217  212  205  200  186  171                                   
    60.0-180.0 180.0   5.0 450.0                            LAT/LON1/LON2/DLON/H
  174  164  149  133  117  105   98   94   93   94   95   93   89   83   79   75
   77   77   84   86   91   90   92   88   90   86   91   91   96  105  113  129
  141  159  173  191  205  219  231  248  262  279  297  316  327  337  344  352
  354  358  355  354  345  338  326  317  308  296  286  272  263  251  241  231
  224  218  217  209  208  201  198  193  174                                   
    57.5-180.0 180.0   5.0 450.0                            LAT/LON1/LON2/DLON/H
  183  176  162  141  126  110   99   92   90   89   91   90   87   82   76   73
   73   74   79   80   84   82   83   79   80   78   81   82   88   93  107  121
  139  157  174  192  207  222  232  250  263  283  300  321  335  348  354  364
  365  370  364  363  353  346  333  326  316  305  294  281  271  257  246  232
  225  216  217  209  208  202  205  194  183                                   
    55.0-180.0 180.0   5.0 450.0                            LAT/LON1/LON2/DLON/H
  199  192  178  159  138  118  103   92   86   86   87   88   85   82   77   74
   74   74   78   78   80   76   75   71   72   70   72   75   78   87   98  120
  137  160  175  198  210  227  241  258  274  292  314  334  352  363  375  383
  387  387  383  381  372  365  352  346  335  325  314  300  288  276  263  251
  241  233  232  223  224  218  219  216  199                                   
    52.5-180.0 180.0   5.0 450.0                            LAT/LON1/LON2/DLON/H
  221  216  202  180  159  135  118  102   93   89   90   90   89   84   80   76
   77   75   79   77   78   73   71   67   68   67   71   72   77   84   95  113
  134  156  175  198  214  233  247  266  280  301  323  344  362  377  389  399
  403  407  402  399  388  379  366  358  350  340  331  320  311  300  290  276
  266  257  256  247  245  236  240  226  221                                   
    50.0-180.0 180.0   5.0 450.0                            LAT/LON1/LON2/DLON/H
  244  237  222  207  185  160  137  116  104   96   94   94   92   90   85   83
   83   83   86   83   83   77   75   71   72   71   74   75   80   86   96  116
  135  159  177  202  219  239  256  275  294  315  341  360  381  393  409  417
  426  427  426  421  411  402  386  382  368  361  349  341  333  326  317  307
  295  288  283  276  271  257  257  249  244                                   
    47.5-180.0 180.0   5.0 450.0                            LAT/LON1/LON2/DLON/H
  261  253  240  227  212  186  162  139  122  111  105  102  100   96   93   89
   92   91   96   91   92   86   85   82   83   82   84   83   85   89   99  117
  137  157  181  202  223  242  262  282  304  327  354  371  393  403  420  429
  439  443  442  438  430  418  404  394  381  369  358  349  344  341  336  328
  317  309  304  299  290  278  274  258  261                                   
    45.0-180.0 180.0   5.0 450.0                            LAT/LON1/LON2/DLON/H
  261  253  241  237  227  211  188  164  145  130  122  115  110  107  102  101
  102  105  108  108  108  104  102  100  101   99  100   96   96   96  106  121
  142  160  182  202  224  247  270  294  319  341  373  391  413  422  440  450
  461  465  465  461  454  446  430  419  397  384  364  356  347  345  340  336
  328  324  315  311  301  286  280  268  261                                   
    42.5-180.0 180.0   5.0 450.0                            LAT/LON1/LON2/DLON/H
  249  241  236  234  232  222  210  189  170  153  140  131  124  117  114  111
  116  116  124  122  126  121  121  120  121  119  116  111  105  106  112  127
  143  161  182  199  225  250  278  305  334  361  391  406  430  439  460  470
  483  486  488  484  477  467  450  434  407  386  364  351  343  340  335  333
  325  323  314  310  300  282  273  261  249                                   
    40.0-180.0 180.0   5.0 450.0                            LAT/LON1/LON2/DLON/H
  214  211  205  214  220  220  217  204  194  174  163  149  142  132  126  125
  128  133  140  145  147  145  144  142  140  135  128  117  109  105  115  129
  146  162  185  204  235  265  298  327  363  383  420  431  457  468  487  497
  509  514  516  514  507  497  478  462  428  405  373  358  343  337  331  325
  318  315  307  303  289  271  251  244  214                                   
    37.5-180.0 180.0   5.0 450.0                            LAT/LON1/LON2/DLON/H
  185  184  179  186  198  204  211  209  205  194  180  168  160  148  141  137
  142  145  155  157  164  160  161  157  154  146  134  122  109  111  116  132
  145  166  188  213  242  280  313  355  383  412  443  461  483  499  520  533
  548  555  563  563  557  543  521  499  465  432  399  373  355  340  331  322
  315  311  303  298  282  254  228  215  185                                   
    35.0-180.0 180.0   5.0 450.0                            LAT/LON1/LON2/DLON/H
  161  168  152  160  170  179  194  198  206  199  193  183  176  166  159  154
  155  161  168  174  176  176  175  170  163  151  136  120  110  108  119  127
  150  169  202  226  264  301  340  379  415  444  473  493  520  540  570  594
  619  633  640  639  630  612  594  570  539  497  464  431  399  377  356  345
  335  326  316  303  286  256  219  203  161                                   
    32.5-180.0 180.0   5.0 450.0                            LAT/LON1/LON2/DLON/H
  164  164  144  141  149  158  173  185  195  197  196  191  188  179  173  167
  169  170  177  178  183  183  183  178  167  154  135  123  110  114  118  141
  154  187  207  245  274  320  354  400  429  468  492  529  557  595  628  662
  681  697  711  717  716  700  682  657  631  594  559  526  491  454  430  403
  393  374  359  339  314  279  238  205  164                                   
    30.0-180.0 180.0   5.0 450.0                            LAT/LON1/LON2/DLON/H
  184  168  156  143  146  148  162  172  186  190  196  196  197  191  186  181
  179  178  181  182  184  185  184  177  165  150  134  121  119  117  135  152
  174  198  234  255  295  336  371  410  447  488  522  567  597  638  683  711
  745  771  797  812  821  808  797  776  755  713  671  633  597  565  536  500
  461  431  403  385  362  326  274  233  184                                   
    27.5-180.0 180.0   5.0 450.0                            LAT/LON1/LON2/DLON/H
  246  218  195  168  157  161  164  170  180  186  194  198  202  199  194  189
  187  182  183  181  183  185  183  178  163  152  134  127  121  128  145  172
  189  223  254  277  311  345  387  418  454  503  547  594  624  680  721  758
  800  832  866  886  910  909  912  907  891  861  814  771  719  678  636  600
  563  532  487  447  415  370  341  295  246                                   
    25.0-180.0 180.0   5.0 450.0                            LAT/LON1/LON2/DLON/H
  325  291  263  224  201  187  182  182  188  190  199  203  209  208  205  198
  192  186  182  179  178  179  177  172  160  147  136  129  125  143  161  185
  205  233  260  287  316  364  397  436  470  521  565  610  647  696  742  782
  828  875  918  953  979  999 1007 1021 1015  997  956  912  857  804  756  709
  667  626  585  555  508  453  404  374  325                                   
    22.5-180.0 180.0   5.0 450.0                            LAT/LON1/LON2/DLON/H
  399  353  328  294  262  240  220  208  202  204  208  211  215  212  211  203
  195  188  184  180  179  179  175  170  157  149  140  139  144  152  173  190
  221  250  278  309  347  391  428  460  491  532  577  619  657  702  749  791
  844  896  946  980 1014 1034 1061 1082 1089 1082 1053 1015  961  905  854  811
  768  725  677  641  595  547  487  443  399                                   
    20.0-180.0 180.0   5.0 450.0                            LAT/LON1/LON2/DLON/H
  453  410  384  347  325  304  271  251  229  224  222  225  223  223  217  206
  200  187  184  174  174  174  172  169  160  157  151  152  151  160  171  195
  230  251  288  316  366  406  444  474  507  547  591  627  670  702  758  794
  849  895  942  972 1002 1023 1052 1078 1099 1103 1093 1059 1025  967  925  877
  843  798  762  722  682  627  582  511  453                                   
    17.5-180.0 180.0   5.0 450.0                            LAT/LON1/LON2/DLON/H
  499  467  442  406  376  355  336  308  277  262  252  249  243  231  228  216
  206  198  191  183  180  174  176  171  169  172  171  167  159  155  174  195
  229  258  291  331  376  417  456  490  527  563  610  643  681  717  760  791
  839  873  911  928  950  967  993 1018 1046 1060 1066 1052 1035  995  961  918
  888  851  816  779  739  682  637  579  499                                   
    15.0-180.0 180.0   5.0 450.0                            LAT/LON1/LON2/DLON/H
  537  510  488  460  430  408  380  368  334  310  284  274  262  255  242  234
  222  204  196  188  187  183  184  184  179  180  177  165  162  157  184  199
  236  260  305  337  388  421  467  499  538  576  624  651  695  712  758  778
  812  837  858  867  876  889  908  931  957  975  992  993  993  970  949  915
  888  855  827  791  760  697  659  603  537                                   
    12.5-180.0 180.0   5.0 450.0                            LAT/LON1/LON2/DLON/H
  549  525  533  508  484  456  430  411  392  360  330  307  291  276  264  244
  238  224  208  201  198  194  197  193  195  189  179  161  156  156  171  199
  233  273  308  347  385  424  463  506  544  587  631  667  699  725  751  767
  788  798  807  803  802  807  815  833  844  869  890  914  928  923  914  886
  867  842  819  790  754  695  653  612  549                                   
    10.0-180.0 180.0   5.0 450.0                            LAT/LON1/LON2/DLON/H
  548  536  548  546  526  502  469  456  430  417  372  342  311  292  276  257
  238  230  214  207  204  202  200  200  191  182  172  152  152  143  167  184
  229  267  310  337  386  411  464  500  546  587  636  667  704  723  747  756
  767  767  766  758  748  752  751  757  764  777  803  835  863  871  867  850
  832  815  791  766  733  675  637  594  548                                   
     7.5-180.0 180.0   5.0 450.0                            LAT/LON1/LON2/DLON/H
  547  542  568  569  556  534  506  483  468  446  412  369  336  307  289  267
  252  234  221  221  202  204  195  191  186  174  171  152  147  144  155  186
