data/unet/pred3050.15i
     1.0            IONOSPHERE MAPS     GNSS                IONEX VERSION / TYPE
pyspatialgeodesy        IME             05-JAN-18 20:20     PGM / RUN BY / DATE 
Map Name                                                    COMMENT             
Predicted global ionosphere maps (GIM).                     DESCRIPTION         
  2015    11     1     0     0     0                        EPOCH OF FIRST MAP  
  2015    11     2     0     0     0                        EPOCH OF LAST MAP   
  7200                                                      INTERVAL            
    13                                                      # OF MAPS IN FILE   
  NONE                                                      MAPPING FUNCTION    
10.0                                                        ELEVATION CUTOFF    
One-way carrier phase leveled to code                       OBSERVABLES USED    
  6371.0                                                    BASE RADIUS         
 2                                                          MAP DIMENSION       
   450.0 450.0   0.0                                        HGT1 / HGT2 / DHGT  
    87.5 -87.5  -2.5                                        LAT1 / LAT2 / DLAT  
  -180.0 180.0   5.0                                        LON1 / LON2 / DLON  
    -1                                                      EXPONENT            
                                                            END OF HEADER       
[from data line 2145]
     6                                                      START OF TEC MAP    
  2015    11     1    10     0     0                        EPOCH OF CURRENT MAP
    87.5-180.0 180.0   5.0 450.0                            LAT/LON1/LON2/DLON/H
   24   45   31   32   28   32   32   36   35   40   39   44   42   48   46   50
   48   53   51   54   52   55   53   55   53   57   54   56   53   56   53   55
   52   54   51   52   50   51   49   50   48   49   47   48   45   46   43   44
   41   42   38   39   36   37   33   34   31   32   29   30   27   29   25   27
   24   26   24   26   23   24   31   30   24                                   
    85.0-180.0 180.0   5.0 450.0                            LAT/LON1/LON2/DLON/H
   37   38   40   46   44   48   48   53   53   59   58   63   61   67   64   69
   65   71   66   72   67   74   69   76   71   77   73   77   73   78   73   77
   72   76   72   75   71   73   70   70   67   67   65   63   61   58   57   54
   52   48   47   44   42   39   37   35   34   32   31   30   29   29   28   28
   27   29   28   29   29   33   39   30   37                                   
    82.5-180.0 180.0   5.0 450.0                            LAT/LON1/LON2/DLON/H
   23   40   36   42   38   45   45   54   52   61   58   65   62   68   64   69
   65   70   66   70   68   72   70   74   73   77   75   79   77   81   78   82
   79   83   79   83   79   82   78   80   75   77   73   73   68   67   62   61
   55   53   47   46   39   38   31   30   25   24   19   20   16   17   14   16
   14   16   15   17   18   20   26    7   23                                   
    80.0-180.0 180.0   5.0 450.0                            LAT/LON1/LON2/DLON/H
   26   33   31   33   36   37   42   44   49   51   55   56   59   60   61   61
   62   62   63   61   64   63   66   65   69   70   74   74   79   78   83   82
   86   85   87   86   88   86   88   85   86   83   83   80   79   77   75   72
   68   65   61   57   51   48   41   39   32   31   24   25   19   20   16   18
   14   16   14   14   15   17   25    9   26                                   
    77.5-180.0 180.0   5.0 450.0                            LAT/LON1/LON2/DLON/H
   25   33   32   33   34   38   42   45   49   51   54   55   58   59   60   61
   61   61   62   60   61   61   62   61   64   65   69   70   74   77   81   84
   87   90   92   93   94   96   97   98   97   98   97   98   96   96   94   93
   89   86   82   78   73   67   62   56   51   45   43   38   36   32   32   28
   28   26   26   23   23   23   28    6   25                                   
    75.0-180.0 180.0   5.0 450.0                            LAT/LON1/LON2/DLON/H
   28   31   33   33   31   38   37   42   43   46   47   50   50   53   53   55
   54   55   53   53   52   53   51   53   53   58   58   64   67   73   76   83
   86   94   94  102  100  108  106  113  110  117  115  121  118  122  118  121
  116  117  111  108  101   96   89   82   76   69   63   58   53   50   46   45
   41   42   38   39   33   35   33   14   28                                   
    72.5-180.0 180.0   5.0 450.0                            LAT/LON1/LON2/DLON/H
   33   36   33   33   31   35   36   39   39   42   43   46   47   50   50   52
   52   52   52   51   50   50   47   47   46   49   51   56   60   66   72   78
   85   94   98  105  108  114  116  122  124  131  134  140  142  145  146  145
  144  141  139  133  128  119  113  104   98   89   83   76   71   66   64   59
   57   53   52   47   45   42   40   21   33                                   
    70.0-180.0 180.0   5.0 450.0                            LAT/LON1/LON2/DLON/H
   35   33   36   30   30   30   34   32   37   35   40   38   44   44   48   48
   52   50   52   48   50   47   47   43   45   45   49   51   59   64   73   79
   89   98  103  112  115  125  126  134  137  148  150  161  161  169  165  169
  163  164  157  152  145  135  127  118  111  103   96   90   84   79   75   70
   68   64   60   58   52   51   44   30   35                                   
    67.5-180.0 180.0   5.0 450.0                            LAT/LON1/LON2/DLON/H
   35   37   34   31   29   29   31   31   33   32   35   36   39   43   46   49
   52   52   53   51   50   48   45   42   41   41   44   47   54   60   71   79
   90  100  108  116  121  130  134  141  146  158  165  174  181  184  187  184
  183  177  175  166  157  144  135  123  115  107  101   94   89   83   78   73
   69   65   63   58   55   50   46   32   35                                   
    65.0-180.0 180.0   5.0 450.0                            LAT/LON1/LON2/DLON/H
   33   34   35   30   27   27   29   29   31   30   33   34   38   43   46   51
   52   53   55   52   52   49   48   44   43   44   47   50   58   64   76   85
   96  108  114  124  129  137  142  150  156  168  175  186  190  197  194  195
  187  185  177  171  158  146  135  123  115  106   98   93   86   82   77   72
   69   65   61   59   53   51   46   35   33                                   
    62.5-180.0 180.0   5.0 450.0                            LAT/LON1/LON2/DLON/H
   34   38   36   33   30   30   31   31   32   31   33   36   40   45   48   53
   55   56   58   56   55   52   49   46   43   44   46   51   56   64   75   87
  100  113  123  132  136  144  149  159  165  176  184  192  199  201  202  197
  195  186  180  169  158  144  133  121  112  102   93   86   80   75   69   65
   61   57   55   50   48   44   42   32   34                                   
    60.0-180.0 180.0   5.0 450.0                            LAT/LON1/LON2/DLON/H
   32   36   35   31   28   29   28   30   28   29   29   33   35   41   43   50
   50   52   51   51   49   48   45   44   41   44   45   53   59   68   80   96
  108  125  132  145  150  158  162  171  176  186  191  200  202  207  203  200
  195  189  181  171  158  144  133  120  112  101   92   84   77   72   66   61
   56   53   50   49   45   44   42   34   32                                   
    57.5-180.0 180.0   5.0 450.0                            LAT/LON1/LON2/DLON/H
   42   46   42   40   34   34   32   32   30   29   29   32   34   39   43   46
   48   48   48   46   46   44   43   42   42   45   48   56   63   74   86  105
  119  135  146  155  162  169  173  182  186  195  200  206  210  211  210  205
  202  194  187  174  164  150  139  126  117  106   96   86   79   72   66   61
   55   52   50   48   48   46   47   37   42                                   
    55.0-180.0 180.0   5.0 450.0                            LAT/LON1/LON2/DLON/H
   53   53   52   46   41   40   35   35   30   30   28   30   31   36   37   43
   40   43   38   40   36   39   37   40   39   45   48   58   66   80   92  114
  127  147  155  171  174  184  186  196  199  208  210  217  217  220  217  215
  209  204  194  187  174  163  150  139  128  119  109  101   91   83   74   68
   62   58   56   56   55   56   56   51   53                                   
    52.5-180.0 180.0   5.0 450.0                            LAT/LON1/LON2/DLON/H
   75   72   66   63   56   52   46   42   37   34   31   33   33   37   38   40
   39   39   36   36   36   37   39   41   44   48   53   61   71   84  100  120
  138  154  166  178  185  193  197  206  212  218  223  225  230  228  228  222
  220  212  208  199  191  179  168  155  145  135  125  116  109  100   90   82
   74   71   69   68   70   69   70   64   75                                   
    50.0-180.0 180.0   5.0 450.0                            LAT/LON1/LON2/DLON/H
   94   87   85   80   74   68   60   55   48   43   39   38   38   40   40   43
   40   39   36   37   35   40   40   47   47   55   58   68   76   93  106  129
  145  167  178  193  197  207  211  221  227  234  237  240  240  240  237  236
  229  228  221  217  207  198  185  174  164  154  144  137  128  122  111  103
   92   88   83   85   85   86   87   87   94                                   
    47.5-180.0 180.0   5.0 450.0                            LAT/LON1/LON2/DLON/H
  112  105  102  100   92   87   77   70   62   56   50   49   47   49   48   50
   47   46   43   44   44   48   51   54   58   63   69   75   84   98  114  134
  153  170  185  198  205  214  222  231  239  245  251  251  253  249  248  243
  239  236  233  227  220  209  198  185  175  164  155  146  142  135  126  117
  107  102   97   96   98   99  102  101  112                                   
    45.0-180.0 180.0   5.0 450.0                            LAT/LON1/LON2/DLON/H
  123  113  112  110  108  102   95   86   78   70   65   62   62   61   62   61
   59   57   56   57   56   60   60   65   66   72   75   83   90  106  120  142
  160  181  193  208  215  226  234  244  250  257  260  261  260  258  254  252
  247  247  239  236  224  216  200  191  178  168  157  153  145  142  131  124
  112  111  103  107  105  106  112  113  123                                   
    42.5-180.0 180.0   5.0 450.0                            LAT/LON1/LON2/DLON/H
  125  118  115  118  115  113  108  100   92   84   79   76   76   76   75   75
   72   71   70   71   71   73   72   74   75   78   82   89   96  109  124  144
  161  179  196  210  220  232  242  252  260  265  269  266  267  262  262  258
  253  248  244  236  225  212  199  186  174  163  154  147  142  137  128  120
  112  107  103  102  103  103  110  112  125                                   
    40.0-180.0 180.0   5.0 450.0                            LAT/LON1/LON2/DLON/H
  116  107  109  112  115  114  114  108  103   96   92   91   92   92   92   90
   88   86   85   85   85   85   83   82   82   85   88   96  103  117  130  150
  167  187  201  218  229  243  251  262  265  270  271  271  269  268  268  265
  260  257  249  242  229  215  198  187  172  162  150  145  138  132  121  115
  105  103   94   97   93   94  101  102  116                                   
    37.5-180.0 180.0   5.0 450.0                            LAT/LON1/LON2/DLON/H
  100   95   92  101  103  109  111  108  106  101  101   99  104  104  105  103
  101   99   96   97   94   94   89   87   84   88   91  100  107  121  132  151
  167  186  204  222  235  250  260  270  274  280  281  280  281  279  280  277
  272  266  261  250  241  223  211  195  183  170  160  148  140  129  119  109
  101   94   88   87   85   84   87   84  100                                   
    35.0-180.0 180.0   5.0 450.0                            LAT/LON1/LON2/DLON/H
   82   72   74   79   89   95  103  102  105  102  105  107  114  115  119  115
  114  109  107  104  102   98   93   88   87   90   97  108  118  132  143  161
  176  195  214  234  249  265  274  284  289  294  297  298  299  302  304  303
  299  296  289  283  273  261  246  230  213  195  179  166  152  140  124  115
  104   99   90   88   83   78   78   69   82                                   
    32.5-180.0 180.0   5.0 450.0                            LAT/LON1/LON2/DLON/H
   68   64   56   65   71   83   89   94   96   96  102  105  115  118  123  120
  119  115  110  108  103   99   91   86   84   91  100  113  125  140  150  167
  181  202  223  246  263  279  291  302  309  315  320  323  329  333  338  338
  338  335  336  329  324  311  298  280  265  241  222  199  185  169  153  138
  128  117  108  102   93   86   79   60   68                                   
    30.0-180.0 180.0   5.0 450.0                            LAT/LON1/LON2/DLON/H
   65   55   50   52   59   68   76   82   86   90   96  102  113  118  124  122
  121  116  112  108  102   96   88   84   85   94  108  125  139  155  165  181
  195  216  240  263  280  296  308  319  328  334  344  351  364  374  384  389
  392  394  396  396  394  387  372  355  332  305  276  252  231  211  195  181
  167  154  142  132  116  104   92   65   65                                   
    27.5-180.0 180.0   5.0 450.0                            LAT/LON1/LON2/DLON/H
   74   71   54   51   52   61   66   73   76   81   87   96  105  112  118  117
  116  112  107  105   98   91   84   81   84   98  114  134  148  164  175  192
  206  230  255  279  294  311  325  337  348  359  371  383  400  414  431  438
  448  454  463  466  471  463  454  432  412  379  348  312  284  261  246  230
  219  202  187  173  154  132  118   81   74                                   
    25.0-180.0 180.0   5.0 450.0                            LAT/LON1/LON2/DLON/H
   91   91   72   60   57   58   62   66   69   74   81   90   99  104  111  109
  110  105  103  100   94   89   82   83   90  107  126  148  162  179  188  208
  223  248  270  292  306  325  342  358  371  385  400  415  435  457  476  493
  508  522  536  545  548  541  530  511  488  456  420  379  344  315  298  285
  276  262  243  224  201  177  156  113   91                                   
    22.5-180.0 180.0   5.0 450.0                            LAT/LON1/LON2/DLON/H
  123  123  100   81   74   71   66   66   65   69   72   83   88   96  100  101
  101   98   95   93   89   84   81   84   95  112  133  154  170  185  200  219
  238  261  286  306  322  340  359  380  396  411  428  443  470  493  520  536
  559  575  598  607  614  603  591  571  552  515  473  429  392  368  350  340
  329  317  301  284  258  232  205  156  123                                   
    20.0-180.0 180.0   5.0 450.0                            LAT/LON1/LON2/DLON/H
  167  166  135  111  102   95   85   76   70   67   70   77   81   87   91   91
   93   88   87   86   84   84   82   90  103  120  139  158  172  191  205  230
  248  275  297  317  332  354  375  399  417  435  455  476  504  534  559  580
  600  619  641  651  650  642  625  609  593  559  523  473  430  406  389  378
  370  359  346  329  309  284  253  210  167                                   
    17.5-180.0 180.0   5.0 450.0                            LAT/LON1/LON2/DLON/H
  211  215  182  155  137  124  109   95   85   75   71   72   74   79   80   82
   82   81   81   80   82   82   85   89  104  119  140  159  176  194  216  238
  264  286  309  329  345  367  390  416  434  457  478  502  531  556  583  599
  621  632  652  652  650  639  625  611  597  571  533  489  447  422  400  393
  380  374  362  351  335  315  291  249  211                                   
    15.0-180.0 180.0   5.0 450.0                            LAT/LON1/LON2/DLON/H
  241  253  225  192  172  151  136  119  105   90   81   74   73   73   73   73
   74   71   75   74   77   80   83   91  104  120  137  153  173  196  220  249
  272  297  321  338  356  378  402  428  453  477  499  527  547  575  592  610
  622  632  641  641  634  625  605  595  582  561  527  487  453  422  401  384
  370  357  352  344  340  325  304  274  241                                   
    12.5-180.0 180.0   5.0 450.0                            LAT/LON1/LON2/DLON/H
  255  260  242  222  196  172  152  136  121  106   96   85   79   73   72   69
   69   69   70   72   76   79   83   91  106  123  138  156  177  202  229  258
  282  308  330  350  365  390  411  440  464  487  510  538  555  575  588  591
  597  598  610  609  604  597  576  567  554  538  505  470  432  405  377  357
  336  325  320  320  317  313  299  277  255                                   
    10.0-180.0 180.0   5.0 450.0                            LAT/LON1/LON2/DLON/H
  251  249  239  220  205  179  164  145  137  119  112   98   92   80   78   74
   74   68   71   68   73   76   81   92  108  125  142  161  182  209  236  266
  287  315  337  356  372  394  419  447  474  498  516  542  552  568  568  566
  565  569  579  582  580  573  558  549  539  520  493  458  426  390  360  330
  308  296  293  293  294  289  280  274  251                                   
     7.5-180.0 180.0   5.0 450.0                            LAT/LON1/LON2/DLON/H
  246  236  227  216  199  180  163  148  138  128  122  111  105   93   88   83
   82   78   76   74   76   80   85   97  113  131  150  172  191  218  244  272
