data/unet/pred2310.15i
     1.0            IONOSPHERE MAPS     GNSS                IONEX VERSION / TYPE
pyspatialgeodesy        IME             05-JAN-18 20:20     PGM / RUN BY / DATE 
Map Name                                                    COMMENT             
Predicted global ionosphere maps (GIM).                     DESCRIPTION         
  2015     8    19     0     0     0                        EPOCH OF FIRST MAP  
  2015     8    20     0     0     0                        EPOCH OF LAST MAP   
  7200                                                      INTERVAL            
    13                                                      # OF MAPS IN FILE   
  NONE                                                      MAPPING FUNCTION    
10.0                                                        ELEVATION CUTOFF    
One-way carrier phase leveled to code                       OBSERVABLES USED    
  6371.0                                                    BASE RADIUS         
 2                                                          MAP DIMENSION       
   450.0 450.0   0.0                                        HGT1 / HGT2 / DHGT  
    87.5 -87.5  -2.5                                        LAT1 / LAT2 / DLAT  
  -180.0 180.0   5.0                                        LON1 / LON2 / DLON  
    -1                                                      EXPONENT            
                                                            END OF HEADER       
[from data line 858]
     3                                                      START OF TEC MAP    
  2015     8    19     4     0     0                        EPOCH OF CURRENT MAP
    87.5-180.0 180.0   5.0 450.0                            LAT/LON1/LON2/DLON/H
  115  124  111  107  109  105  108  106  110  108  111  110  113  112  114  113
  115  114  115  114  115  114  114  113  113  112  112  111  111  110  110  109
  109  109  109  109  109  109  108  108  108  107  107  105  107  105  107  104
  107  104  107  103  107  104  106  103  107  103  106  103  106  103  106  103
  107  103  108  105  109  104  121  117  115                                   
    85.0-180.0 180.0   5.0 450.0                            LAT/LON1/LON2/DLON/H
  131  122  105  110  107  106  107  109  109  111  110  112  111  114  113  116
  114  116  114  116  113  115  111  113  109  111  107  109  105  107  104  107
  104  107  104  107  105  108  105  108  106  108  106  107  106  107  106  106
  107  107  107  106  107  106  107  106  107  106  107  105  107  105  106  105
  106  105  106  105  104  103  112  124  131                                   
    82.5-180.0 180.0   5.0 450.0                            LAT/LON1/LON2/DLON/H
  117  104  103  107  101  103  102  106  104  107  106  109  108  110  109  111
  110  111  110  111  108  108  106  105  102  101   99   98   96   95   94   94
   94   93   94   95   95   96   95   96   95   97   95   97   96   98   96   99
   97  100   98  101   99  102   99  103  100  103  101  104  101  104  101  104
  101  103  101  102  101  101  111  110  117                                   
    80.0-180.0 180.0   5.0 450.0                            LAT/LON1/LON2/DLON/H
  121  108  107  109  107  106  108  109  110  110  111  112  112  112  113  113
  113  112  112  110  109  107  105  102  100   97   95   93   92   90   90   90
   90   90   92   93   94   96   96   98   98  100  100  102  102  103  103  105
  105  106  106  108  108  110  109  111  109  111  109  111  109  110  108  108
  106  107  106  105  104  100  112  112  121                                   
    77.5-180.0 180.0   5.0 450.0                            LAT/LON1/LON2/DLON/H
  120  104  103  106  102  102  103  105  104  105  105  106  105  106  105  106
  105  105  104  103  100   98   95   92   88   85   83   81   78   77   77   77
   78   79   81   83   84   85   87   89   90   91   92   95   95   98   98  101
  101  103  104  107  107  109  110  112  111  112  112  112  111  111  110  109
  107  106  105  104  103  100  112  109  120                                   
    75.0-180.0 180.0   5.0 450.0                            LAT/LON1/LON2/DLON/H
  118  107  102  103  102  100  102  101  101  100  100   99   99   97   98   97
   98   96   97   94   93   89   87   82   79   74   73   69   68   67   67   67
   68   70   72   74   76   77   80   82   84   85   88   89   93   94   97   98
  101  101  104  105  107  107  109  109  110  110  111  111  111  110  111  109
  109  107  109  106  106  103  115  113  118                                   
    72.5-180.0 180.0   5.0 450.0                            LAT/LON1/LON2/DLON/H
  119  106  103  106  102  100  100   99   98   96   95   93   92   91   91   90
   90   90   90   89   86   84   80   76   71   67   65   62   61   60   60   62
   63   65   67   69   71   72   75   76   79   80   83   86   89   91   94   96
   98  100  101  103  103  105  105  107  107  108  109  110  110  110  110  110
  109  109  110  109  110  107  120  116  119                                   
    70.0-180.0 180.0   5.0 450.0                            LAT/LON1/LON2/DLON/H
  118  111  106  106  105  101  102   98   98   92   92   87   88   84   85   83
   85   83   86   83   83   78   77   70   68   61   60   56   56   54   55   55
   58   58   62   63   67   67   71   72   76   77   83   85   90   92   96   97
  100  102  103  104  105  105  106  106  107  108  109  110  111  111  112  112
  112  113  114  115  115  112  124  122  118                                   
    67.5-180.0 180.0   5.0 450.0                            LAT/LON1/LON2/DLON/H
  120  109  106  110  104  101  100   98   95   91   88   85   82   80   79   80
   80   80   81   81   79   77   74   69   65   60   57   55   52   52   51   53
   54   55   57   59   62   63   66   68   73   75   81   85   90   93   96  100
  102  104  103  105  103  104  103  104  103  105  105  107  107  109  109  111
  111  113  115  118  119  116  127  123  120                                   
    65.0-180.0 180.0   5.0 450.0                            LAT/LON1/LON2/DLON/H
  119  114  109  110  107  102  102   98   96   90   88   82   81   76   76   75
   76   75   78   77   77   74   72   67   64   59   56   53   52   50   49   49
   50   50   52   53   56   57   62   63   70   73   81   85   92   95  100  104
  106  107  107  106  105  105  104  104  104  105  105  107  107  108  109  111
  112  115  117  120  123  120  130  126  119                                   
    62.5-180.0 180.0   5.0 450.0                            LAT/LON1/LON2/DLON/H
  122  111  107  110  104  100   98   96   92   88   84   81   76   74   71   72
   71   72   72   73   71   70   66   64   60   56   53   50   49   47   46   45
   46   45   46   48   50   52   56   60   66   71   79   85   92   98  104  109
  109  110  107  107  104  104  102  103  102  103  103  104  104  105  105  108
  108  112  115  120  123  122  131  125  122                                   
    60.0-180.0 180.0   5.0 450.0                            LAT/LON1/LON2/DLON/H
  118  113  108  107  103   98   99   94   93   87   85   80   78   73   71   69
   69   67   69   67   68   64   61   58   55   52   50   47   47   44   42   41
   42   40   41   42   45   47   53   57   65   71   80   88   96  103  107  113
  113  113  110  108  106  106  105  106  106  107  106  107  106  106  106  107
  109  112  115  120  124  121  131  126  118                                   
    57.5-180.0 180.0   5.0 450.0                            LAT/LON1/LON2/DLON/H
  124  112  106  108  102   98   96   94   91   87   83   80   76   74   69   68
   65   65   63   63   60   58   53   52   49   47   44   43   42   40   38   36
   37   36   37   39   41   45   50   56   63   72   80   90   99  107  113  117
  117  116  113  110  109  109  109  111  111  112  111  111  109  109  107  108
  107  110  113  119  123  121  130  123  124                                   
    55.0-180.0 180.0   5.0 450.0                            LAT/LON1/LON2/DLON/H
  124  118  111  110  106  102  101   98   96   90   87   83   80   76   72   69
   67   63   61   58   56   51   49   45   45   42   42   39   40   37   35   33
   34   34   35   37   41   45   51   56   66   75   86   95  106  114  118  123
  122  122  119  118  116  118  117  119  120  122  121  120  119  118  116  115
  113  114  117  121  125  122  132  129  124                                   
    52.5-180.0 180.0   5.0 450.0                            LAT/LON1/LON2/DLON/H
  134  124  116  118  112  110  107  105  100   96   90   87   82   79   73   70
   66   64   60   57   53   49   46   44   42   41   41   39   38   35   34   32
   34   34   37   39   44   47   54   59   69   78   88  100  110  121  126  129
  129  129  128  127  128  129  130  131  132  132  130  129  127  126  124  122
  119  119  121  124  128  128  136  131  134                                   
    50.0-180.0 180.0   5.0 450.0                            LAT/LON1/LON2/DLON/H
  139  136  129  130  126  123  119  116  111  104   99   93   89   82   78   72
   70   64   62   56   54   48   48   44   46   43   44   40   40   35   35   34
   37   37   40   43   48   51   57   63   72   82   93  106  117  128  132  136
  136  139  137  139  139  142  141  144  142  143  141  140  139  138  137  134
  131  130  131  133  136  134  142  142  139                                   
    47.5-180.0 180.0   5.0 450.0                            LAT/LON1/LON2/DLON/H
  150  143  142  144  140  138  133  129  121  114  106   99   93   88   81   76
   71   69   65   61   57   54   53   51   53   52   51   47   43   40   39   38
   41   43   46   49   53   56   62   66   76   85   97  111  123  134  140  144
  146  149  151  150  153  153  154  153  153  151  150  149  148  148  146  144
  140  139  139  141  143  142  147  145  150                                   
    45.0-180.0 180.0   5.0 450.0                            LAT/LON1/LON2/DLON/H
  154  152  154  156  154  152  149  144  135  125  116  107  101   93   86   79
   77   71   70   65   64   60   62   60   65   62   62   55   52   46   47   46
   49   50   54   56   59   61   65   70   78   89  102  117  130  141  146  152
  154  159  159  162  162  164  161  161  159  159  156  156  156  157  157  155
  153  152  153  153  153  150  154  157  154                                   
    42.5-180.0 180.0   5.0 450.0                            LAT/LON1/LON2/DLON/H
  159  154  160  162  160  160  155  151  142  133  122  114  105   99   89   83
   78   76   74   72   70   68   70   71   74   75   72   67   60   56   54   54
   56   57   60   61   63   65   68   73   82   93  106  122  135  146  153  159
  165  168  172  172  174  172  170  168  167  164  162  161  162  164  164  163
  161  161  161  161  161  159  161  161  159                                   
    40.0-180.0 180.0   5.0 450.0                            LAT/LON1/LON2/DLON/H
  162  159  164  166  165  164  161  157  148  141  129  121  114  104   96   87
   84   79   80   77   77   76   79   82   87   85   84   77   72   66   63   62
   64   64   64   66   67   68   70   75   84   96  109  125  138  150  156  166
  171  179  180  183  183  182  179  176  176  172  170  169  171  172  174  174
  175  176  177  176  172  167  169  170  162                                   
    37.5-180.0 180.0   5.0 450.0                            LAT/LON1/LON2/DLON/H
  167  159  166  166  162  162  158  156  148  142  133  127  118  111  100   93
   87   86   84   83   81   82   85   89   93   95   90   86   79   75   71   69
   70   67   69   68   69   70   72   77   87   99  112  128  141  152  162  170
  179  186  190  193  195  194  193  190  191  185  184  182  183  183  184  185
  186  188  189  186  182  179  179  175  167                                   
    35.0-180.0 180.0   5.0 450.0                            LAT/LON1/LON2/DLON/H
  175  169  173  169  164  161  157  154  147  144  137  133  127  118  108   98
   94   88   88   84   85   86   90   95   99   99   97   90   86   80   78   75
   74   71   70   70   69   71   73   79   88  101  113  128  141  154  162  176
  183  192  197  202  206  209  211  209  210  204  202  198  197  195  195  198
  201  207  209  206  196  190  193  188  175                                   
    32.5-180.0 180.0   5.0 450.0                            LAT/LON1/LON2/DLON/H
  189  183  185  176  165  160  152  148  143  142  139  137  132  125  112  105
   96   93   89   89   86   88   91   97  101  103   98   94   88   85   81   79
   75   71   70   69   70   72   75   81   90  102  114  129  142  154  167  176
  188  195  203  209  216  222  228  231  234  230  227  221  218  212  210  211
  214  220  225  220  213  209  211  205  189                                   
    30.0-180.0 180.0   5.0 450.0                            LAT/LON1/LON2/DLON/H
  215  211  205  195  181  170  160  154  147  147  146  146  142  134  121  110
  102   94   92   88   87   90   93   99  103  103   99   95   91   88   85   81
   77   71   69   68   69   71   74   81   90  101  112  126  138  151  164  178
  188  198  206  216  227  239  247  255  263  261  260  253  246  237  232  230
  233  241  248  247  237  232  231  227  215                                   
    27.5-180.0 180.0   5.0 450.0                            LAT/LON1/LON2/DLON/H
  256  242  235  218  202  187  173  163  155  154  153  153  149  140  126  115
  103   98   92   91   88   93   98  104  107  107  103   98   93   91   87   83
   76   69   66   65   67   69   73   79   88   99  109  124  136  148  164  176
  192  201  214  227  245  262  275  284  292  294  292  286  276  267  257  255
  255  266  276  274  266  266  263  261  256                                   
    25.0-180.0 180.0   5.0 450.0                            LAT/LON1/LON2/DLON/H
  296  289  277  256  233  218  199  187  174  171  166  165  158  148  133  119
  108  100   94   92   91   98  102  107  108  107  103   98   95   92   89   82
   76   67   63   61   64   66   69   74   82   92  102  116  129  143  159  175
  190  204  219  239  262  284  297  311  317  320  320  312  307  297  289  283
  285  293  306  306  297  296  301  295  296                                   
    22.5-180.0 180.0   5.0 450.0                            LAT/LON1/LON2/DLON/H
  340  333  326  303  274  250  229  212  197  187  177  172  161  151  133  122
  108  102   94   93   94  101  108  113  115  112  107  101   97   94   88   81
   72   64   58   55   59   61   64   68   75   85   95  109  125  141  163  178
  196  209  231  256  283  307  322  333  340  342  340  333  327  321  316  311
  312  322  335  335  331  334  337  333  340                                   
    20.0-180.0 180.0   5.0 450.0                            LAT/LON1/LON2/DLON/H
  376  376  368  348  318  297  267  248  228  214  196  186  170  157  140  128
  116  108  103  101  105  112  118  120  117  114  107  103   99   93   89   79
   71   58   53   50   53   54   57   60   67   74   84   98  119  140  163  182
  201  217  240  268  295  322  332  347  353  356  355  350  350  346  342  340
  342  351  363  363  356  362  372  363  376                                   
    17.5-180.0 180.0   5.0 450.0                            LAT/LON1/LON2/DLON/H
  402  403  401  387  358  339  308  285  257  237  212  195  175  159  142  130
  118  110  107  106  113  119  124  126  123  118  110  104   98   92   84   76
   66   55   49   46   49   49   52   54   61   69   80   95  118  142  168  188
  207  227  253  284  310  334  347  359  364  365  362  362  362  365  365  366
  369  376  387  383  381  388  392  389  402                                   
    15.0-180.0 180.0   5.0 450.0                            LAT/LON1/LON2/DLON/H
  418  422  420  408  390  374  342  318  287  262  231  209  186  168  152  141
  131  122  121  118  127  129  133  131  125  119  110  103   97   89   83   72
   61   52   45   43   44   45   47   49   56   62   75   90  117  142  170  190
  212  235  265  293  320  341  355  365  371  372  370  372  377  383  385  389
  391  399  408  405  400  408  411  405  418                                   
    12.5-180.0 180.0   5.0 450.0                            LAT/LON1/LON2/DLON/H
  425  430  433  422  404  393  366  343  311  283  247  220  195  176  158  147
  137  129  128  125  132  133  134  132  126  117  107   97   91   85   78   68
   60   51   47   43   44   44   48   49   56   62   76   94  120  146  174  195
  218  243  273  303  326  346  359  369  376  378  377  381  386  394  399  405
  411  416  423  416  417  424  420  418  425                                   
    10.0-180.0 180.0   5.0 450.0                            LAT/LON1/LON2/DLON/H
  429  435  437  430  417  404  376  355  323  295  259  231  206  189  171  161
  153  146  143  141  143  141  139  134  124  114  103   94   87   81   74   66
   58   52   46   45   45   46   49   52   58   63   77   93  123  147  175  197
  221  246  279  304  329  346  362  374  384  388  390  394  400  406  411  419
  423  428  433  428  424  431  431  424  429                                   
     7.5-180.0 180.0   5.0 450.0                            LAT/LON1/LON2/DLON/H
  427  432  439  431  419  403  376  355  325  302  269  242  217  202  186  175
  164  157  153  149  149  144  140  132  121  108   98   88   82   78   73   66
