data/unet/pred2240.15i
     1.0            IONOSPHERE MAPS     GNSS                IONEX VERSION / TYPE
pyspatialgeodesy        IME             05-JAN-18 20:20     PGM / RUN BY / DATE 
Map Name                                                    COMMENT             
Predicted global ionosphere maps (GIM).                     DESCRIPTION         
  2015     8    12     0     0     0                        EPOCH OF FIRST MAP  
  2015     8    13     0     0     0                        EPOCH OF LAST MAP   
  7200                                                      INTERVAL            
    13                                                      # OF MAPS IN FILE   
  NONE                                                      MAPPING FUNCTION    
10.0                                                        ELEVATION CUTOFF    
One-way carrier phase leveled to code                       OBSERVABLES USED    
  6371.0                                                    BASE RADIUS         
 2                                                          MAP DIMENSION       
   450.0 450.0   0.0                                        HGT1 / HGT2 / DHGT  
    87.5 -87.5  -2.5                                        LAT1 / LAT2 / DLAT  
  -180.0 180.0   5.0                                        LON1 / LON2 / DLON  
    -1                                                      EXPONENT            
                                                            END OF HEADER       
[from data line 1287]
     4                                                      START OF TEC MAP    
  2015     8    12     6     0     0                        EPOCH OF CURRENT MAP
    87.5-180.0 180.0   5.0 450.0                            LAT/LON1/LON2/DLON/H
  108  135  136  134  134  130  133  131  134  131  134  131  133  130  133  129
  132  128  131  127  130  126  128  124  126  123  125  122  124  121  123  120
  122  120  122  120  121  119  120  118  120  118  119  117  121  118  121  119
  124  121  125  122  127  124  127  124  129  125  129  126  130  126  130  127
  130  127  131  128  132  125  136  105  108                                   
    85.0-180.0 180.0   5.0 450.0                            LAT/LON1/LON2/DLON/H
  122  131  121  125  123  120  121  122  123  123  123  123  123  123  122  122
  121  120  120  119  118  116  116  114  113  112  110  109  108  107  106  106
  105  105  105  105  104  105  104  104  104  104  104  105  106  107  108  109
  111  112  113  114  117  117  118  118  120  120  121  121  123  123  123  123
  124  123  124  124  122  115  124  123  122                                   
    82.5-180.0 180.0   5.0 450.0                            LAT/LON1/LON2/DLON/H
  118  122  121  122  120  119  121  122  123  123  124  124  125  125  124  124
  123  122  120  120  118  118  116  115  113  112  110  110  107  107  105  105
  103  103  103  103  103  103  103  102  103  102  104  104  107  107  110  111
  114  115  117  119  121  123  124  126  126  128  127  129  129  130  128  129
  128  128  128  128  124  122  125  116  118                                   
    80.0-180.0 180.0   5.0 450.0                            LAT/LON1/LON2/DLON/H
  119  122  117  117  114  113  116  117  118  118  120  119  120  120  120  120
  118  117  116  115  112  111  108  107  104  103  100  100   97   97   96   97
   96   96   96   97   96   96   96   96   96   97   97   99  101  102  105  107
  111  113  118  119  124  124  129  127  131  129  132  129  132  128  130  127
  128  126  127  124  123  117  118  115  119                                   
    77.5-180.0 180.0   5.0 450.0                            LAT/LON1/LON2/DLON/H
  116  115  112  112  112  112  112  114  114  115  115  117  117  118  117  118
  115  115  112  112  108  107  102  102   96   96   92   93   89   92   89   93
   90   94   91   95   92   95   92   95   92   95   95   99  100  105  107  113
  117  122  126  131  134  138  139  142  141  143  141  142  140  139  136  136
  132  132  130  129  126  121  120  112  116                                   
    75.0-180.0 180.0   5.0 450.0                            LAT/LON1/LON2/DLON/H
  120  117  113  109  106  105  106  106  105  107  106  109  107  110  108  111
  108  110  106  107  101  100   94   93   86   86   81   83   80   83   83   87
   87   91   91   94   92   94   91   94   91   95   95  100  102  108  113  119
  124  130  135  140  143  146  148  148  150  148  148  146  145  142  142  139
  137  135  134  133  131  124  125  115  120                                   
    72.5-180.0 180.0   5.0 450.0                            LAT/LON1/LON2/DLON/H
  118  113  106  105  102  101   99  100   99  100  100  101  102  102  103  104
  103  103  102  100   96   93   88   84   79   76   73   74   72   76   78   83
   85   90   90   94   92   94   92   94   93   97   98  104  109  115  122  129
  135  141  146  149  152  154  155  155  154  154  152  152  149  149  145  144
  141  140  138  138  136  130  128  116  118                                   
    70.0-180.0 180.0   5.0 450.0                            LAT/LON1/LON2/DLON/H
  123  115  109  104   98   95   93   91   90   90   90   92   92   95   95   98
   96   97   95   94   88   85   79   75   68   66   62   64   63   68   71   78
   81   86   89   92   93   93   93   95   96  100  105  112  120  129  135  142
  146  151  153  155  155  155  154  152  152  149  149  147  147  145  146  143
  144  141  143  142  141  134  129  122  123                                   
    67.5-180.0 180.0   5.0 450.0                            LAT/LON1/LON2/DLON/H
  126  117  110  105   97   94   89   88   86   86   86   87   88   89   91   92
   93   91   91   88   84   80   74   70   64   61   58   59   60   65   69   78
   81   88   89   94   93   96   94   98   98  107  114  126  134  143  149  154
  156  158  157  156  154  152  148  146  144  143  142  143  144  145  144  145
  144  146  146  149  147  139  132  124  126                                   
    65.0-180.0 180.0   5.0 450.0                            LAT/LON1/LON2/DLON/H
  134  122  118  110  102   96   91   87   84   83   81   83   83   85   85   87
   86   85   83   81   76   72   66   62   56   55   51   54   54   60   64   72
   77   83   86   89   92   93   95   99  105  115  126  137  147  154  161  164
  164  163  159  155  148  142  138  134  133  131  132  132  135  136  138  139
  141  141  146  146  148  141  134  131  134                                   
    62.5-180.0 180.0   5.0 450.0                            LAT/LON1/LON2/DLON/H
  140  127  121  118  106  100   92   90   85   84   81   82   82   81   82   80
   81   78   77   74   70   66   62   58   53   51   49   50   52   57   62   70
   74   83   84   91   91   98   99  109  114  128  138  151  159  166  170  170
  168  164  158  152  143  137  131  126  125  123  123  125  128  130  133  136
  138  142  145  149  149  143  136  132  140                                   
    60.0-180.0 180.0   5.0 450.0                            LAT/LON1/LON2/DLON/H
  145  134  130  123  113  104   97   92   87   84   81   80   79   78   76   74
   72   69   66   62   60   56   53   51   47   47   45   49   48   55   57   65
   69   75   79   84   89   95  102  112  123  136  148  160  170  176  177  176
  172  166  159  150  142  134  129  123  121  118  118  120  124  126  128  130
  133  135  140  142  144  142  136  138  145                                   
    57.5-180.0 180.0   5.0 450.0                            LAT/LON1/LON2/DLON/H
  150  143  137  133  123  114  103   99   91   88   83   81   79   75   73   68
   66   61   59   54   53   49   48   47   46   46   46   47   49   51   55   61
   66   73   77   85   89  101  107  120  131  146  156  169  179  183  184  181
  178  172  165  158  150  143  136  130  128  123  124  123  126  127  129  129
  130  132  137  140  141  140  136  138  150                                   
    55.0-180.0 180.0   5.0 450.0                            LAT/LON1/LON2/DLON/H
  156  154  151  144  136  126  116  107   97   93   85   82   76   73   67   63
   59   54   50   46   45   42   42   44   44   47   46   49   48   52   52   59
   61   69   74   82   90  102  111  124  138  152  166  178  187  191  191  189
  185  180  175  169  162  154  147  140  137  133  132  131  132  132  131  130
  128  129  133  135  137  140  138  144  156                                   
    52.5-180.0 180.0   5.0 450.0                            LAT/LON1/LON2/DLON/H
  160  163  159  157  150  140  129  119  107   99   90   84   78   72   67   61
   58   52   49   44   44   42   44   44   48   49   50   50   50   50   53   56
   61   68   76   87   96  112  121  137  150  164  176  188  196  200  200  199
  197  194  191  186  182  175  168  159  154  150  147  145  144  141  139  135
  133  130  134  134  138  140  139  147  160                                   
    50.0-180.0 180.0   5.0 450.0                            LAT/LON1/LON2/DLON/H
  169  172  172  168  164  153  145  133  120  109   95   89   78   72   64   60
   55   52   48   46   45   44   46   49   52   53   53   53   52   52   52   57
   60   69   77   88   99  115  127  143  158  172  186  198  205  209  210  209
  210  208  206  202  198  191  184  175  169  162  158  156  153  153  148  145
  140  139  140  140  142  147  145  155  169                                   
    47.5-180.0 180.0   5.0 450.0                            LAT/LON1/LON2/DLON/H
  172  176  176  179  175  167  157  146  132  119  105   95   83   75   69   64
   63   59   58   54   56   54   59   60   64   64   65   61   60   58   58   60
   65   74   83   97  109  128  139  157  169  184  196  207  213  219  221  222
  224  222  222  218  215  206  200  191  184  178  173  170  166  165  159  156
  151  150  150  150  151  153  150  161  172                                   
    45.0-180.0 180.0   5.0 450.0                            LAT/LON1/LON2/DLON/H
  180  181  183  185  183  174  168  156  142  128  112  100   86   78   69   67
   65   65   64   63   64   65   68   71   73   73   71   67   65   62   61   64
   68   78   88  101  114  129  145  161  175  191  203  215  222  229  232  233
  236  234  232  225  221  211  205  195  191  184  181  178  174  174  168  164
  158  160  158  158  159  163  162  169  180                                   
    42.5-180.0 180.0   5.0 450.0                            LAT/LON1/LON2/DLON/H
  182  181  179  182  182  177  171  162  149  137  120  108   94   84   78   75
   76   76   78   77   79   79   84   85   87   86   83   79   75   71   71   72
   77   86   96  110  122  141  154  172  184  200  213  224  233  241  247  249
  251  249  245  237  231  219  212  203  198  193  190  188  184  183  180  175
  171  172  172  171  173  172  170  179  182                                   
    40.0-180.0 180.0   5.0 450.0                            LAT/LON1/LON2/DLON/H
  188  183  177  178  174  171  166  159  150  140  127  115  101   93   83   82
   82   84   85   86   88   91   94   96   96   94   90   87   82   80   78   80
   83   92  101  112  126  141  157  172  188  204  218  230  240  249  257  260
  263  261  256  246  239  226  219  211  208  203  200  198  195  192  190  186
  182  184  184  184  184  186  185  186  188                                   
    37.5-180.0 180.0   5.0 450.0                            LAT/LON1/LON2/DLON/H
  194  186  174  170  165  162  157  154  147  142  132  124  112  103   95   92
   92   93   95   96  100  103  107  107  107  105  100   97   92   91   89   90
   94  100  108  118  130  146  159  176  190  207  222  235  246  257  265  269
  272  270  267  259  253  242  235  229  225  221  218  215  211  208  206  200
  198  200  201  200  201  201  197  196  194                                   
    35.0-180.0 180.0   5.0 450.0                            LAT/LON1/LON2/DLON/H
  202  192  175  165  153  150  146  144  142  140  135  130  120  113  103  100
   97   98   98  101  105  110  114  116  114  113  107  106  101  101   98  100
  101  106  112  120  132  144  159  175  191  209  224  238  249  259  269  272
  277  276  276  271  269  261  255  252  249  245  240  234  227  221  217  213
  211  214  216  215  215  218  218  211  202                                   
    32.5-180.0 180.0   5.0 450.0                            LAT/LON1/LON2/DLON/H
  220  206  185  171  155  148  140  139  137  139  138  136  128  122  114  108
  104  103  103  105  110  116  122  123  123  121  117  116  112  111  110  110
  110  111  116  123  132  145  158  176  190  207  223  238  251  260  270  275
  281  282  286  286  290  287  286  283  284  279  273  264  254  244  237  232
  231  233  235  234  235  235  236  229  220                                   
    30.0-180.0 180.0   5.0 450.0                            LAT/LON1/LON2/DLON/H
  241  225  207  187  165  152  142  136  136  138  139  139  135  128  119  112
  106  104  102  106  112  120  126  130  129  130  125  125  120  121  116  117
  113  114  115  121  131  142  157  172  188  201  217  232  247  257  269  274
  283  287  295  302  311  314  317  319  320  316  308  297  282  268  259  253
  252  254  256  254  255  256  259  249  241                                   
    27.5-180.0 180.0   5.0 450.0                            LAT/LON1/LON2/DLON/H
  266  254  235  215  191  177  158  149  142  144  144  145  140  135  125  116
  110  106  105  107  116  123  132  136  138  139  136  134  130  128  124  120
  115  112  113  117  127  139  152  170  181  197  208  224  239  254  267  277
  286  295  307  322  338  349  358  362  364  356  345  329  315  300  287  281
  278  280  282  279  280  280  282  273  266                                   
    25.0-180.0 180.0   5.0 450.0                            LAT/LON1/LON2/DLON/H
  294  279  263  243  219  198  180  164  154  148  148  147  144  138  130  120
  111  108  107  112  120  129  137  143  145  147  143  141  133  130  122  118
  110  106  106  110  122  133  149  162  177  187  200  214  234  249  267  278
  293  305  324  344  366  383  394  401  401  393  378  360  344  327  316  304
  300  299  302  300  302  303  304  296  294                                   
    22.5-180.0 180.0   5.0 450.0                            LAT/LON1/LON2/DLON/H
  318  307  292  271  252  233  211  195  177  166  158  156  150  144  135  124
  116  111  113  116  126  134  144  148  152  152  148  143  135  126  119  110
  101   96   98  103  116  127  142  160  173  187  195  209  227  248  265  281
  298  317  340  364  389  409  423  433  432  424  405  387  372  357  344  333
  326  323  323  322  325  328  325  317  318                                   
    20.0-180.0 180.0   5.0 450.0                            LAT/LON1/LON2/DLON/H
  341  327  311  296  278  259  234  214  195  179  168  160  154  148  140  132
  123  121  120  126  136  143  151  156  158  156  149  142  128  119  107   98
   89   83   88   89  107  117  137  152  170  181  195  204  227  246  268  285
  307  329  357  382  405  426  439  451  450  443  423  407  396  382  372  359
  355  345  347  343  346  347  339  337  341                                   
    17.5-180.0 180.0   5.0 450.0                            LAT/LON1/LON2/DLON/H
  357  348  334  314  296  278  255  237  214  198  180  171  162  156  149  141
  137  132  134  136  145  151  159  162  162  157  148  135  122  109   97   84
   76   70   76   81   98  113  133  154  171  185  197  212  229  255  275  294
  317  342  371  394  413  433  444  454  451  447  432  425  417  411  400  390
  381  376  371  369  368  373  359  355  357                                   
    15.0-180.0 180.0   5.0 450.0                            LAT/LON1/LON2/DLON/H
  371  357  339  321  302  284  263  246  225  209  192  180  170  165  159  156
  150  150  147  151  154  160  164  165  162  154  141  126  110   95   84   71
   67   59   67   70   89  105  130  153  171  185  202  214  236  259  283  304
  330  358  385  406  422  439  446  457  456  455  445  443  439  436  428  418
  408  402  398  394  391  391  372  372  371                                   
    12.5-180.0 180.0   5.0 450.0                            LAT/LON1/LON2/DLON/H
  382  372  351  326  305  285  266  251  233  216  202  189  180  173  170  165
  166  162  162  161  164  165  168  165  161  150  135  118  102   86   74   61
   58   53   61   67   86  104  131  157  177  194  209  224  244  271  292  315
  339  366  390  410  425  437  443  451  453  457  453  456  456  457  449  441
  431  426  423  419  413  413  397  391  382                                   
    10.0-180.0 180.0   5.0 450.0                            LAT/LON1/LON2/DLON/H
  390  376  350  325  301  281  263  250  235  223  210  203  196  191  187  187
  182  184  174  175  169  170  167  164  155  141  126  108   93   77   70   58
   56   47   55   59   81  101  128  158  179  195  211  225  250  273  296  319
  345  370  394  413  427  440  447  460  464  473  471  478  479  478  471  463
  453  449  443  440  432  430  414  408  390                                   
     7.5-180.0 180.0   5.0 450.0                            LAT/LON1/LON2/DLON/H
  403  390  362  326  301  279  263  251  239  228  221  211  209  201  202  194
  197  189  186  177  173  166  164  156  147  132  117  100   87   75   68   58
