data/unet/pred3570.15i
     1.0            IONOSPHERE MAPS     GNSS                IONEX VERSION / TYPE
pyspatialgeodesy        IME             05-JAN-18 20:20     PGM / RUN BY / DATE 
Map Name                                                    COMMENT             
Predicted global ionosphere maps (GIM).                     DESCRIPTION         
  2015    12    23     0     0     0                        EPOCH OF FIRST MAP  
  2015    12    24     0     0     0                        EPOCH OF LAST MAP   
  7200                                                      INTERVAL            
    13                                                      # OF MAPS IN FILE   
  NONE                                                      MAPPING FUNCTION    
10.0                                                        ELEVATION CUTOFF    
One-way carrier phase leveled to code                       OBSERVABLES USED    
  6371.0                                                    BASE RADIUS         
 2                                                          MAP DIMENSION       
   450.0 450.0   0.0                                        HGT1 / HGT2 / DHGT  
    87.5 -87.5  -2.5                                        LAT1 / LAT2 / DLAT  
  -180.0 180.0   5.0                                        LON1 / LON2 / DLON  
    -1                                                      EXPONENT            
                                                            END OF HEADER       
     1                                                      START OF TEC MAP    
  2015    12    23     0     0     0                        EPOCH OF CURRENT MAP
    87.5-180.0 180.0   5.0 450.0                            LAT/LON1/LON2/DLON/H
  100   72   65   60   61   58   61   57   61   57   60   56   60   55   59   55
   59   54   58   54   58   55   58   55   58   55   58   55   58   55   58   55
   58   56   59   56   60   57   60   57   61   58   62   59   63   60   63   61
   64   61   64   62   65   62   65   62   66   62   65   62   65   62   65   61
   64   61   65   62   69   66   77   87  100                                   
    85.0-180.0 180.0   5.0 450.0                            LAT/LON1/LON2/DLON/H
   81   42   42   38   37   34   37   34   37   34   36   33   36   33   36   33
   36   33   36   32   36   31   35   30   34   29   32   28   32   28   31   28
   32   29   33   30   35   32   36   33   39   36   41   38   44   40   45   42
   47   44   48   45   50   46   50   46   50   45   49   45   48   43   46   42
   45   41   46   41   48   37   42   75   81                                   
    82.5-180.0 180.0   5.0 450.0                            LAT/LON1/LON2/DLON/H
   70   39   39   40   39   35   39   36   41   37   41   38   42   39   42   40
   43   39   42   39   40   37   38   34   35   31   33   29   31   28   30   27
   31   28   32   31   35   34   37   37   41   40   43   43   46   46   48   48
   50   49   51   50   53   50   52   49   51   47   50   46   48   44   46   42
   45   42   46   43   46   38   44   73   70                                   
    80.0-180.0 180.0   5.0 450.0                            LAT/LON1/LON2/DLON/H
   73   49   49   51   48   47   48   49   51   50   51   51   53   53   55   55
   55   54   54   54   52   50   48   46   44   41   40   38   37   35   34   34
   35   35   37   38   40   42   44   47   49   51   53   55   56   58   59   60
   61   61   62   62   62   60   60   58   57   54   54   52   51   50   50   49
   50   49   51   51   51   46   48   74   73                                   
    77.5-180.0 180.0   5.0 450.0                            LAT/LON1/LON2/DLON/H
   80   56   56   57   54   52   54   54   56   54   56   56   58   58   60   60
   61   60   61   60   60   57   56   53   51   47   46   42   41   38   39   37
   38   38   40   41   44   46   49   51   54   56   58   60   62   63   65   65
   66   65   66   65   65   62   61   58   57   53   52   49   48   46   47   46
   48   48   52   52   54   50   53   75   80                                   
    75.0-180.0 180.0   5.0 450.0                            LAT/LON1/LON2/DLON/H
   82   65   66   67   63   62   62   63   62   62   62   63   63   64   64   65
   65   66   65   66   64   65   62   61   58   55   52   50   47   45   44   44
   43   44   45   48   49   51   53   56   57   60   62   65   65   66   66   67
   66   67   66   66   64   62   60   57   54   51   48   46   44   43   44   45
   47   51   54   58   60   57   59   81   82                                   
    72.5-180.0 180.0   5.0 450.0                            LAT/LON1/LON2/DLON/H
   93   77   79   79   73   72   72   71   71   70   70   68   68   67   67   66
   66   66   67   67   66   66   66   64   62   59   56   53   51   49   48   47
   47   47   49   50   51   53   55   56   58   59   62   62   63   63   63   62
   62   61   61   60   58   56   54   51   47   44   42   39   38   37   39   40
   45   49   56   62   66   66   67   85   93                                   
    70.0-180.0 180.0   5.0 450.0                            LAT/LON1/LON2/DLON/H
   97   89   92   92   86   85   84   83   82   80   79   76   74   70   68   65
   64   62   62   62   63   63   64   63   62   60   58   55   53   51   51   49
   49   49   50   50   51   51   53   54   54   55   57   57   57   57   56   55
   54   53   53   52   50   49   47   44   41   38   36   33   32   32   35   38
   43   51   59   68   74   75   78   96   97                                   
    67.5-180.0 180.0   5.0 450.0                            LAT/LON1/LON2/DLON/H
  109  101  107  106  100   98   97   96   94   91   89   84   81   75   71   65
   62   59   58   58   59   60   62   61   61   59   58   55   54   51   51   49
   50   48   49   48   49   48   49   49   50   49   51   50   50   49   49   47
   46   46   45   45   45   44   43   40   39   35   35   32   33   32   36   40
   47   54   65   73   82   85   88  100  109                                   
    65.0-180.0 180.0   5.0 450.0                            LAT/LON1/LON2/DLON/H
  113  112  118  117  111  109  108  106  104  101   97   92   87   79   73   65
   61   56   55   53   55   55   58   58   58   57   56   54   52   50   49   47
   46   45   45   43   43   42   43   42   43   43   44   43   43   41   40   38
   37   37   37   38   39   39   39   38   37   35   35   35   35   37   41   46
   53   61   71   80   89   93   98  109  113                                   
    62.5-180.0 180.0   5.0 450.0                            LAT/LON1/LON2/DLON/H
  123  121  128  127  120  117  116  115  112  109  105   99   93   84   77   68
   63   58   56   54   55   55   56   56   55   54   52   50   48   45   44   41
   40   38   38   37   36   35   36   36   37   36   38   37   36   34   33   32
   31   31   32   33   36   36   39   38   39   38   40   40   43   45   50   54
   63   69   80   88   96  101  105  114  123                                   
    60.0-180.0 180.0   5.0 450.0                            LAT/LON1/LON2/DLON/H
  124  127  134  133  126  123  121  120  117  114  109  104   98   89   82   73
   68   62   60   56   56   54   54   52   51   49   47   45   42   40   37   36
   33   32   31   31   30   30   30   31   32   33   34   33   32   30   28   26
   25   25   27   29   33   34   37   38   40   42   45   48   52   56   62   67
   74   80   89   97  103  107  112  119  124                                   
    57.5-180.0 180.0   5.0 450.0                            LAT/LON1/LON2/DLON/H
  132  133  141  140  132  130  127  125  122  118  113  108  102   95   88   81
   76   71   67   63   59   56   53   51   48   46   43   40   38   35   32   30
   28   27   27   27   27   28   28   30   31   32   33   33   32   30   28   26
   24   24   26   28   33   34   39   40   44   46   52   56   63   69   75   80
   88   94  102  107  113  116  119  124  132                                   
    55.0-180.0 180.0   5.0 450.0                            LAT/LON1/LON2/DLON/H
  134  141  149  149  141  138  134  131  126  122  116  112  107  102   96   90
   86   80   75   69   64   58   53   48   45   42   40   37   35   33   30   28
   27   26   26   27   27   28   28   30   31   33   35   36   35   33   31   28
   26   25   27   28   33   35   40   41   46   50   57   64   73   80   89   94
  102  108  115  120  124  126  128  130  134                                   
    52.5-180.0 180.0   5.0 450.0                            LAT/LON1/LON2/DLON/H
  148  153  161  161  154  150  145  140  133  128  121  117  112  108  104  100
   96   90   84   77   68   61   54   50   45   43   41   39   37   34   32   30
   29   29   29   30   31   32   32   34   34   36   38   40   39   39   36   33
   29   28   29   31   36   38   43   45   50   54   62   70   81   90   99  107
  115  122  129  134  138  138  137  139  148                                   
    50.0-180.0 180.0   5.0 450.0                            LAT/LON1/LON2/DLON/H
  158  166  177  178  170  166  158  151  142  134  126  121  117  114  111  109
  104   97   89   80   70   61   54   49   46   44   43   41   39   37   35   33
   32   32   33   35   35   37   37   37   37   39   41   44   45   45   42   39
   35   32   33   33   38   40   45   48   53   58   67   76   89   98  109  118
  127  135  144  150  155  153  149  149  158                                   
    47.5-180.0 180.0   5.0 450.0                            LAT/LON1/LON2/DLON/H
  177  182  194  196  190  185  176  166  154  144  135  129  123  122  119  116
  109  103   93   83   72   65   58   55   51   50   48   45   43   40   38   36
   36   36   38   40   42   43   43   44   42   44   46   50   51   52   49   46
   42   38   39   38   42   44   49   53   59   65   74   84   96  107  118  128
  137  148  158  165  172  169  162  161  177                                   
    45.0-180.0 180.0   5.0 450.0                            LAT/LON1/LON2/DLON/H
  189  197  211  213  208  204  193  182  166  154  143  135  130  127  124  120
  112  103   93   83   74   67   63   59   57   55   52   49   45   43   40   38
   37   39   41   44   47   49   48   48   47   48   52   55   58   58   56   52
   49   45   44   43   46   49   53   58   64   71   81   91  104  115  126  135
  146  156  169  178  186  183  177  176  189                                   
    42.5-180.0 180.0   5.0 450.0                            LAT/LON1/LON2/DLON/H
  203  207  221  225  223  219  209  196  179  165  152  145  137  134  129  124
  114  105   94   87   78   75   70   68   64   60   55   51   46   42   40   39
   39   40   43   47   50   52   52   52   51   53   57   60   63   64   63   59
   57   53   52   51   53   56   60   66   72   79   89   99  112  123  133  142
  151  162  175  185  194  194  186  188  203                                   
    40.0-180.0 180.0   5.0 450.0                            LAT/LON1/LON2/DLON/H
  203  212  225  231  229  226  216  204  188  172  159  150  143  138  132  125
  116  105   97   89   85   81   78   74   68   62   55   50   45   41   39   38
   38   40   43   48   52   54   54   54   54   57   62   65   69   69   69   65
   63   60   58   57   59   62   67   72   80   87   98  108  122  132  142  149
  157  166  179  189  199  198  194  196  203                                   
    37.5-180.0 180.0   5.0 450.0                            LAT/LON1/LON2/DLON/H
  205  209  221  228  227  226  218  208  191  178  164  157  150  146  138  131
  121  113  104  100   95   93   87   81   71   63   54   48   43   40   38   38
   39   41   44   49   53   57   57   59   59   64   69   73   77   76   75   72
   70   67   65   64   66   69   73   79   87   96  107  119  132  142  150  157
  162  170  181  191  201  202  197  202  205                                   
    35.0-180.0 180.0   5.0 450.0                            LAT/LON1/LON2/DLON/H
  197  205  216  220  219  221  215  206  192  179  168  161  156  151  144  136
  128  121  116  111  108  102   93   83   71   61   52   46   43   41   42   42
   45   46   49   54   58   61   63   63   65   68   75   78   81   80   79   75
   74   70   69   67   69   73   78   85   94  105  117  129  143  153  162  166
  171  176  187  194  203  205  203  208  197                                   
    32.5-180.0 180.0   5.0 450.0                            LAT/LON1/LON2/DLON/H
  201  202  211  214  213  217  213  206  192  182  170  166  161  158  151  145
  138  135  130  128  121  113  100   86   71   61   53   50   49   52   54   57
   58   60   61   65   67   72   71   73   73   78   83   86   86   84   82   79
   76   72   70   67   69   73   80   89  101  114  128  142  156  166  174  178
  180  186  194  200  209  211  210  219  201                                   
    30.0-180.0 180.0   5.0 450.0                            LAT/LON1/LON2/DLON/H
  208  210  216  214  214  216  214  208  197  185  176  170  167  163  157  152
  147  144  142  138  130  118  101   85   72   64   60   62   66   71   76   79
   81   80   80   81   83   85   85   83   84   86   90   90   91   87   85   80
   77   71   68   65   66   71   80   90  106  122  140  156  173  183  191  194
  198  201  208  211  218  220  224  235  208                                   
    27.5-180.0 180.0   5.0 450.0                            LAT/LON1/LON2/DLON/H
  234  230  236  235  233  235  233  227  214  202  189  183  176  173  164  160
  155  154  150  145  134  121  103   89   78   76   78   86   94  103  108  112
  111  109  104  103  101  102   98   97   95   96   96   96   94   89   86   79
   74   67   63   60   60   66   77   89  108  128  149  169  188  200  207  212
  216  220  227  230  238  239  246  259  234                                   
    25.0-180.0 180.0   5.0 450.0                            LAT/LON1/LON2/DLON/H
  271  270  278  275  273  273  270  259  241  223  208  197  190  182  174  167
  162  159  153  145  133  118  103   93   90   95  105  116  128  136  142  143
  142  136  130  124  120  117  114  108  106  103  102   98   96   90   87   77
   72   65   61   54   59   62   80   92  115  132  157  176  197  212  223  230
  236  243  250  255  260  263  276  292  271                                   
    22.5-180.0 180.0   5.0 450.0                            LAT/LON1/LON2/DLON/H
  324  321  335  338  337  337  330  314  292  265  242  224  212  201  188  179
  170  165  155  145  129  119  107  107  111  125  138  154  165  175  177  177
  170  163  152  144  135  130  123  117  111  108  104  100   95   89   84   75
   68   60   57   53   58   63   80   95  121  139  163  184  207  226  240  251
  261  270  279  283  291  297  313  333  324                                   
    20.0-180.0 180.0   5.0 450.0                            LAT/LON1/LON2/DLON/H
  393  403  409  417  423  426  416  392  360  323  289  260  239  221  206  192
  180  169  155  142  128  120  118  125  140  158  177  194  205  209  210  203
  195  182  169  157  147  139  132  124  118  112  108  102  100   92   87   78
   72   64   63   61   67   71   86  100  127  146  171  193  219  239  256  272
  286  301  311  320  325  336  359  381  393                                   
    17.5-180.0 180.0   5.0 450.0                            LAT/LON1/LON2/DLON/H
  460  477  486  506  523  531  518  494  453  404  355  314  284  255  233  215
  198  182  162  149  136  136  140  158  175  200  217  230  235  233  226  217
  205  194  178  165  153  144  134  126  119  115  110  104   99   92   84   75
   67   60   61   60   66   70   84  100  127  153  179  205  232  254  273  296
  315  332  344  353  363  378  404  426  460                                   
    15.0-180.0 180.0   5.0 450.0                            LAT/LON1/LON2/DLON/H
  518  550  564  586  614  626  620  596  551  491  430  373  332  296  269  246
  227  205  184  167  158  162  175  197  219  241  256  262  259  248  235  220
  210  196  183  170  159  149  140  130  124  119  115  108  105   96   88   79
   73   66   68   66   69   72   83  100  130  159  187  215  244  266  288  313
  336  354  369  381  391  413  449  466  518                                   
    12.5-180.0 180.0   5.0 450.0                            LAT/LON1/LON2/DLON/H
  555  582  599  631  661  682  682  671  632  576  503  440  387  343  313  284
  265  242  219  204  197  205  219  243  262  277  283  277  266  249  233  218
  206  197  184  173  163  154  143  135  129  126  119  114  106   98   88   79
   72   66   67   64   66   68   80   99  132  164  195  225  253  276  299  327
  348  368  385  400  414  440  472  489  555                                   
    10.0-180.0 180.0   5.0 450.0                            LAT/LON1/LON2/DLON/H
  571  603  622  653  688  705  712  708  684  633  564  490  434  386  353  325
  306  285  269  254  250  258  273  291  301  305  296  281  264  244  230  215
  207  199  190  181  172  162  152  143  137  132  126  119  111  100   92   82
   79   72   72   66   66   66   78   98  133  167  202  233  261  286  312  336
  360  380  397  414  432  458  494  504  571                                   
     7.5-180.0 180.0   5.0 450.0                            LAT/LON1/LON2/DLON/H
  572  599  615  648  677  694  700  703  688  652  593  531  470  423  391  365
  349  328  316  306  306  312  324  331  330  319  299  275  256  239  227  217
