data/unet/pred2780.15i
     1.0            IONOSPHERE MAPS     GNSS                IONEX VERSION / TYPE
pyspatialgeodesy        IME             05-JAN-18 20:20     PGM / RUN BY / DATE 
Map Name                                                    COMMENT             
Predicted global ionosphere maps (GIM).                     DESCRIPTION         
  2015    10     5     0     0     0                        EPOCH OF FIRST MAP  
  2015    10     6     0     0     0                        EPOCH OF LAST MAP   
  7200                                                      INTERVAL            
    13                                                      # OF MAPS IN FILE   
  NONE                                                      MAPPING FUNCTION    
10.0                                                        ELEVATION CUTOFF    
One-way carrier phase leveled to code                       OBSERVABLES USED    
  6371.0                                                    BASE RADIUS         
 2                                                          MAP DIMENSION       
   450.0 450.0   0.0                                        HGT1 / HGT2 / DHGT  
    87.5 -87.5  -2.5                                        LAT1 / LAT2 / DLAT  
  -180.0 180.0   5.0                                        LON1 / LON2 / DLON  
    -1                                                      EXPONENT            
                                                            END OF HEADER       
[from data line 3432]
     9                                                      START OF TEC MAP    
  2015    10     5    16     0     0                        EPOCH OF CURRENT MAP
    87.5-180.0 180.0   5.0 450.0                            LAT/LON1/LON2/DLON/H
  117  123  124  126  126  125  127  127  129  129  130  131  132  132  133  133
  134  134  134  134  135  134  134  133  133  132  132  131  131  129  129  128
  127  126  124  124  123  122  122  121  121  120  121  120  121  120  120  120
  121  120  120  119  120  119  120  119  120  119  120  119  120  119  120  119
  120  119  120  120  121  119  122  135  117                                   
    85.0-180.0 180.0   5.0 450.0                            LAT/LON1/LON2/DLON/H
   86  103   99  103  105  106  108  110  113  114  117  118  121  122  124  124
  127  126  127  126  127  126  126  124  124  122  120  119  117  116  114  112
  110  108  107  105  104  102  101  101  101  100  100  100  101  100  101  101
  102  101  102  102  103  102  103  102  103  101  102  101  101   99   99   98
   99   98   98   98   98   95   96  101   86                                   
    82.5-180.0 180.0   5.0 450.0                            LAT/LON1/LON2/DLON/H
   82   78   81   85   85   88   91   95   98  102  105  107  112  112  116  115
  119  117  120  118  121  119  121  119  119  118  117  115  113  111  108  107
  103  102   98   97   93   92   89   89   86   87   85   86   86   87   87   89
   89   90   91   92   91   92   90   91   89   90   87   87   84   84   81   82
   78   79   77   77   75   71   83   75   82                                   
    80.0-180.0 180.0   5.0 450.0                            LAT/LON1/LON2/DLON/H
   63   60   63   65   68   72   76   82   86   91   94   99  103  106  108  111
  113  114  115  116  117  117  116  118  116  116  113  114  109  109  103  104
   97   97   90   90   82   83   77   78   72   74   70   73   71   75   73   78
   77   81   79   83   82   85   82   84   80   81   77   78   74   74   69   69
   65   65   61   60   57   56   61   59   63                                   
    77.5-180.0 180.0   5.0 450.0                            LAT/LON1/LON2/DLON/H
   50   47   52   50   57   59   66   70   75   79   86   90   96   98  103  104
  108  107  112  110  113  112  114  113  114  112  112  110  107  105  102   99
   95   91   87   82   77   73   68   66   62   61   60   60   60   62   64   67
   70   74   76   79   80   82   81   81   79   77   74   71   69   65   63   59
   57   53   53   49   47   40   46   44   50                                   
    75.0-180.0 180.0   5.0 450.0                            LAT/LON1/LON2/DLON/H
   43   40   45   44   51   52   60   61   68   72   80   83   89   92   96   97
  101  103  106  109  111  112  113  112  114  112  114  111  109  107  104  100
   95   93   87   83   76   73   66   62   57   56   54   53   53   55   58   60
   64   68   72   74   77   77   79   76   76   71   70   64   64   57   58   52
   53   48   50   44   46   43   48   41   43                                   
    72.5-180.0 180.0   5.0 450.0                            LAT/LON1/LON2/DLON/H
   43   42   47   43   48   51   57   59   65   69   76   79   83   87   91   93
   96  100  104  107  111  113  115  116  117  118  118  117  115  114  110  107
  101   99   93   90   82   79   71   68   60   58   54   53   51   54   54   58
   60   66   69   74   75   78   77   77   73   72   66   65   59   58   54   53
   51   51   49   48   47   43   45   40   43                                   
    70.0-180.0 180.0   5.0 450.0                            LAT/LON1/LON2/DLON/H
   44   42   47   43   49   48   56   55   63   65   71   75   79   83   87   89
   93   98  103  109  114  117  122  123  125  125  126  124  122  119  116  112
  108  104  100   97   92   88   81   76   69   65   60   58   56   57   57   59
   61   65   68   72   73   74   74   71   69   65   63   57   56   52   52   49
   52   49   53   50   52   50   53   45   44                                   
    67.5-180.0 180.0   5.0 450.0                            LAT/LON1/LON2/DLON/H
   48   48   50   44   48   49   54   57   63   66   73   76   80   82   87   89
   94   98  106  111  119  123  130  132  134  134  133  132  127  126  122  119
  114  112  108  106  101   99   91   88   78   76   68   66   61   60   59   60
   61   63   66   67   68   68   67   66   63   62   57   56   52   51   50   51
   51   52   53   54   54   51   53   48   48                                   
    65.0-180.0 180.0   5.0 450.0                            LAT/LON1/LON2/DLON/H
   47   46   49   44   48   48   55   54   61   65   71   75   80   83   88   91
   95  101  109  117  126  133  140  143  145  144  143  140  136  132  130  125
  122  118  115  112  110  107  102   97   92   87   80   77   72   69   64   64
   62   63   61   62   61   61   59   57   55   52   51   49   48   47   49   47
   51   50   54   51   54   54   57   50   47                                   
    62.5-180.0 180.0   5.0 450.0                            LAT/LON1/LON2/DLON/H
   45   46   48   42   44   46   51   54   61   65   73   79   84   87   92   95
  101  105  115  121  132  138  147  149  151  150  149  146  142  138  134  131
  127  123  121  118  115  113  109  106   98   96   89   86   80   75   70   66
   63   59   58   55   54   51   50   49   48   47   46   46   45   46   47   48
   49   50   50   50   50   47   48   48   45                                   
    60.0-180.0 180.0   5.0 450.0                            LAT/LON1/LON2/DLON/H
   40   38   41   37   41   41   47   48   56   61   70   77   84   88   95  100
  105  110  118  126  134  143  150  153  154  154  150  148  145  142  140  137
  134  129  128  123  122  119  116  113  108  104   98   95   88   83   75   70
   64   59   53   50   47   44   42   41   41   41   42   42   44   44   46   45
   47   45   47   44   45   46   45   43   40                                   
    57.5-180.0 180.0   5.0 450.0                            LAT/LON1/LON2/DLON/H
   39   37   39   34   36   37   42   46   54   61   71   80   88   94  100  105
  111  114  122  128  137  142  151  151  153  150  149  148  147  147  146  145
  142  137  134  130  128  124  121  119  114  112  107  104   97   91   84   77
   69   60   55   48   45   40   40   39   41   41   42   44   44   45   46   46
   46   45   44   43   41   38   37   37   39                                   
    55.0-180.0 180.0   5.0 450.0                            LAT/LON1/LON2/DLON/H
   39   36   38   35   37   37   43   43   53   59   70   79   89   96  104  110
  115  118  124  129  137  142  148  150  149  148  148  149  150  151  154  152
  152  146  144  137  135  131  128  127  122  121  117  114  107  101   92   84
   75   67   57   52   47   45   43   43   45   46   48   48   50   50   51   49
   50   46   47   42   42   43   43   39   39                                   
    52.5-180.0 180.0   5.0 450.0                            LAT/LON1/LON2/DLON/H
   46   45   44   40   42   41   45   49   57   62   72   82   93  100  109  115
  121  124  130  133  139  142  147  147  148  145  147  148  153  157  162  164
  164  158  154  147  143  139  136  134  131  129  127  125  120  113  105   96
   86   76   69   61   57   52   55   53   57   57   59   58   59   59   59   56
   55   51   50   48   47   44   46   42   46                                   
    50.0-180.0 180.0   5.0 450.0                            LAT/LON1/LON2/DLON/H
   56   54   54   52   53   51   55   55   63   67   76   85   95  102  113  121
  128  130  136  137  142  142  147  148  147  146  147  152  157  162  170  171
  172  166  163  157  153  149  145  144  141  140  138  137  132  126  117  108
   98   89   80   75   70   68   67   68   70   70   72   71   72   71   71   67
   66   60   61   56   56   59   61   55   56                                   
    47.5-180.0 180.0   5.0 450.0                            LAT/LON1/LON2/DLON/H
   69   70   69   67   65   64   67   69   75   79   84   92  101  108  118  127
  135  138  143  145  149  149  152  153  152  150  153  157  163  170  177  179
  178  173  170  167  164  161  159  156  154  152  150  148  143  137  129  120
  110  100   93   87   84   82   84   84   87   86   86   85   83   83   80   80
   77   73   73   70   69   68   73   70   69                                   
    45.0-180.0 180.0   5.0 450.0                            LAT/LON1/LON2/DLON/H
   78   81   79   78   78   77   80   83   87   91   96  101  109  115  127  135
  144  148  153  153  157  158  162  161  160  160  160  164  169  173  179  177
  178  172  172  170  171  170  170  168  167  164  162  159  155  148  140  129
  120  110  103   98   95   95   96   97   99   99   99   96   96   95   95   93
   91   88   86   82   81   84   91   88   78                                   
    42.5-180.0 180.0   5.0 450.0                            LAT/LON1/LON2/DLON/H
   86   90   88   89   88   89   92   97  104  107  112  116  122  126  136  145
  154  158  162  166  169  172  175  175  174  173  173  175  175  176  177  176
  174  173  173  175  177  180  181  182  181  177  173  166  162  152  143  132
  123  113  107  102  100   98  100  102  104  103  101  101   99  101  100  102
   99   98   95   94   90   90   99   94   86                                   
    40.0-180.0 180.0   5.0 450.0                            LAT/LON1/LON2/DLON/H
   87   90   87   91   92   96  100  108  116  121  126  129  134  138  149  157
  165  169  174  178  184  187  192  192  192  189  188  184  182  177  175  171
  171  170  175  179  185  188  191  191  190  186  181  173  165  156  147  135
  126  116  109  105  100  101   99  103  104  105  104  104  104  105  107  108
  108  104  102   96   94   95  100   97   87                                   
    37.5-180.0 180.0   5.0 450.0                            LAT/LON1/LON2/DLON/H
   86   86   85   88   90   94  104  114  128  135  141  144  150  152  163  170
  177  181  185  194  197  203  207  210  210  207  203  197  189  182  176  174
  172  176  182  190  195  200  201  200  198  192  186  177  168  158  147  136
  125  118  111  107  101   99   98  101  102  102  101  103  103  105  106  109
  107  105  100   97   91   89   93   89   86                                   
    35.0-180.0 180.0   5.0 450.0                            LAT/LON1/LON2/DLON/H
   80   76   73   74   79   87   98  114  130  143  151  156  161  167  176  183
  189  194  200  206  212  218  223  224  226  220  216  207  199  189  184  180
  184  189  201  208  216  217  216  212  208  200  194  183  173  161  151  139
  130  122  115  109  102   99   95   98   96  100   98  103  104  108  109  110
  110  106  100   91   84   83   84   81   80                                   
    32.5-180.0 180.0   5.0 450.0                            LAT/LON1/LON2/DLON/H
   76   68   67   66   67   72   86  105  127  142  155  163  173  177  186  193
  200  206  210  219  223  231  233  236  237  232  228  220  211  204  201  203
  210  220  233  241  244  242  237  228  219  209  201  190  180  167  156  145
  136  128  120  113  105  100   96   97   97   98   99  103  106  109  111  110
  107  102   94   86   78   75   72   71   76                                   
    30.0-180.0 180.0   5.0 450.0                            LAT/LON1/LON2/DLON/H
   73   62   59   54   59   63   74   92  117  137  153  166  178  187  196  203
  211  217  225  232  240  243  247  247  248  243  242  237  234  231  234  240
  253  265  280  283  284  271  260  246  233  221  210  200  191  179  169  156
  151  138  132  121  115  106  104  101  102  103  104  109  111  116  116  116
  112  105   97   86   77   74   69   64   73                                   
    27.5-180.0 180.0   5.0 450.0                            LAT/LON1/LON2/DLON/H
   77   64   59   58   57   62   72   89  114  133  152  166  181  191  200  209
  217  225  233  243  249  254  254  256  258  255  259  261  267  272  283  293
  308  321  332  333  322  306  287  269  253  238  226  215  203  196  187  178
  169  160  152  142  132  124  120  116  118  117  121  121  125  123  124  121
  118  111   99   90   79   76   68   65   77                                   
    25.0-180.0 180.0   5.0 450.0                            LAT/LON1/LON2/DLON/H
   85   70   65   58   59   63   71   87  108  127  146  162  180  193  206  213
  226  232  245  252  263  264  267  267  273  275  284  295  308  322  335  350
  367  379  385  377  364  338  318  296  278  260  245  232  223  216  210  202
  196  187  181  168  164  152  150  140  140  134  135  135  135  134  131  126
  123  117  111  101   92   88   82   75   85                                   
    22.5-180.0 180.0   5.0 450.0                            LAT/LON1/LON2/DLON/H
   95   84   77   72   72   74   85  100  120  133  152  166  185  196  212  216
  233  237  252  259  272  273  278  279  289  297  315  333  356  370  393  407
  428  435  435  419  397  370  347  325  305  287  270  256  248  242  237  231
  228  220  216  206  198  185  180  170  165  156  154  152  150  145  143  134
  129  123  117  111  102   99   91   83   95                                   
    20.0-180.0 180.0   5.0 450.0                            LAT/LON1/LON2/DLON/H
  108   96   89   84   83   86   96  109  128  141  155  167  187  199  216  223
  242  245  266  270  283  283  291  297  312  329  350  372  397  420  443  462
  477  477  469  447  423  394  374  353  336  318  303  291  283  275  268  259
  256  249  237  223  213  201  195  183  177  168  165  159  158  151  147  139
  135  127  124  119  116  114  111   98  108                                   
    17.5-180.0 180.0   5.0 450.0                            LAT/LON1/LON2/DLON/H
  118  107  101   98  100  105  118  130  153  159  175  182  203  212  231  234
  257  261  285  290  301  299  313  323  347  363  389  405  439  460  491  498
  512  497  487  459  437  414  397  380  365  349  334  323  316  308  297  288
  278  268  257  247  237  231  217  209  194  187  178  174  167  162  155  147
  143  135  129  124  121  120  115  102  118                                   
    15.0-180.0 180.0   5.0 450.0                            LAT/LON1/LON2/DLON/H
  120  111  104  102  105  113  129  143  164  172  190  196  217  227  246  255
  279  287  309  312  324  323  341  357  383  399  423  441  471  495  512  517
  517  505  485  465  443  432  416  408  393  378  361  348  339  323  310  294
  277  267  256  251  248  245  235  220  208  196  187  179  172  166  159  150
  146  137  134  128  125  125  120  107  120                                   
    12.5-180.0 180.0   5.0 450.0                            LAT/LON1/LON2/DLON/H
  106  105  104  100  109  123  143  162  187  195  214  224  247  256  275  284
  313  321  345  343  357  357  378  394  416  429  450  468  498  509  526  515
  513  494  479  461  449  443  439  433  422  406  385  368  354  339  318  304
  291  281  271  270  258  254  237  231  214  205  192  183  173  167  160  152
  146  138  133  126  124  121  116   97  106                                   
    10.0-180.0 180.0   5.0 450.0                            LAT/LON1/LON2/DLON/H
   97   99   90   90   95  114  139  162  190  203  228  239  265  275  300  310
  346  356  379  381  394  398  418  433  451  460  480  493  513  517  518  507
  495  482  466  458  448  454  449  451  436  421  396  375  357  335  315  299
  290  284  276  273  259  254  238  231  216  202  190  180  168  163  157  149
  143  135  129  123  117  109  105   90   97                                   
     7.5-180.0 180.0   5.0 450.0                            LAT/LON1/LON2/DLON/H
   86   91   83   79   84   99  129  157  193  211  240  259  286  299  322  337
  375  385  403  405  415  432  445  467  476  492  504  514  525  521  518  500
