data/unet/pred3180.15i
     1.0            IONOSPHERE MAPS     GNSS                IONEX VERSION / TYPE
pyspatialgeodesy        IME             05-JAN-18 20:20     PGM / RUN BY / DATE 
Map Name                                                    COMMENT             
Predicted global ionosphere maps (GIM).                     DESCRIPTION         
  2015    11    14     0     0     0                        EPOCH OF FIRST MAP  
  2015    11    15     0     0     0                        EPOCH OF LAST MAP   
  7200                                                      INTERVAL            
    13                                                      # OF MAPS IN FILE   
  NONE                                                      MAPPING FUNCTION    
10.0                                                        ELEVATION CUTOFF    
One-way carrier phase leveled to code                       OBSERVABLES USED    
  6371.0                                                    BASE RADIUS         
 2                                                          MAP DIMENSION       
   450.0 450.0   0.0                                        HGT1 / HGT2 / DHGT  
    87.5 -87.5  -2.5                                        LAT1 / LAT2 / DLAT  
  -180.0 180.0   5.0                                        LON1 / LON2 / DLON  
    -1                                                      EXPONENT            
                                                            END OF HEADER       
[from data line 858]
     3                                                      START OF TEC MAP    
  2015    11    14     4     0     0                        EPOCH OF CURRENT MAP
    87.5-180.0 180.0   5.0 450.0                            LAT/LON1/LON2/DLON/H
   53   80   67   65   64   61   61   61   63   62   64   63   64   63   64   62
   63   62   63   61   62   60   61   59   60   59   60   59   60   59   60   59
   60   59   61   59   62   60   63   61   63   63   65   64   65   65   66   65
   67   66   68   66   68   67   68   67   68   67   68   66   67   66   67   65
   67   65   67   65   69   68   84   61   53                                   
    85.0-180.0 180.0   5.0 450.0                            LAT/LON1/LON2/DLON/H
   86   72   49   54   50   48   49   49   51   51   52   52   52   53   53   53
   53   53   53   52   52   51   51   50   50   49   49   48   49   49   50   49
   51   50   52   51   53   53   55   55   57   57   59   59   60   61   62   62
   63   63   64   64   65   65   66   65   65   65   65   64   64   63   62   61
   61   59   59   58   59   56   74   91   86                                   
    82.5-180.0 180.0   5.0 450.0                            LAT/LON1/LON2/DLON/H
   83   45   42   38   38   31   35   33   38   35   41   38   43   40   45   41
   45   41   44   39   41   37   39   34   36   32   34   31   34   31   35   33
   36   35   39   38   42   42   46   45   49   48   53   52   55   54   58   56
   60   57   63   59   65   60   68   62   69   63   69   63   68   61   66   58
   63   54   61   51   56   45   62   82   83                                   
    80.0-180.0 180.0   5.0 450.0                            LAT/LON1/LON2/DLON/H
   91   54   42   40   36   33   33   35   37   39   41   44   45   48   49   51
   50   51   49   49   45   44   40   39   36   35   33   33   32   33   33   35
   35   38   39   42   43   46   48   50   51   54   55   57   58   60   60   62
   62   64   65   68   68   72   73   76   77   80   79   81   78   79   76   76
   73   72   70   68   64   57   64   87   91                                   
    77.5-180.0 180.0   5.0 450.0                            LAT/LON1/LON2/DLON/H
   93   54   45   42   33   31   28   32   31   36   37   42   43   48   48   53
   50   53   49   50   44   42   37   35   31   30   27   27   26   27   28   30
   31   34   35   39   40   43   45   48   49   51   52   53   53   55   55   57
   56   60   60   65   65   72   73   80   80   85   84   87   84   85   82   82
   77   77   74   73   69   63   71   89   93                                   
    75.0-180.0 180.0   5.0 450.0                            LAT/LON1/LON2/DLON/H
   95   59   47   42   35   30   30   29   32   33   38   40   45   46   50   50
   52   49   49   45   42   37   34   30   28   25   25   24   25   25   27   28
   30   32   35   36   38   41   43   44   46   47   50   49   51   50   52   52
   53   54   58   61   65   70   75   80   84   87   90   91   91   90   90   87
   87   83   83   79   79   69   79   95   95                                   
    72.5-180.0 180.0   5.0 450.0                            LAT/LON1/LON2/DLON/H
  101   63   56   51   40   35   31   30   31   34   37   40   43   46   48   50
   48   49   45   43   38   35   31   29   27   25   26   26   27   28   30   31
   32   33   35   36   38   39   41   43   44   45   46   46   45   45   46   46
   46   50   53   59   63   72   77   84   88   95   97  100   99  100   97   98
   94   94   92   91   88   86   94  102  101                                   
    70.0-180.0 180.0   5.0 450.0                            LAT/LON1/LON2/DLON/H
  108   74   64   58   48   41   37   35   37   36   41   40   45   44   47   45
   47   41   43   36   36   30   30   26   28   26   29   29   33   33   36   36
   38   37   39   37   38   38   40   40   42   42   44   42   43   43   44   43
   46   50   56   62   70   80   89   97  103  110  111  114  112  111  108  106
  104  103  104  102  101   96  105  110  108                                   
    67.5-180.0 180.0   5.0 450.0                            LAT/LON1/LON2/DLON/H
  118   81   74   69   55   49   41   41   39   41   41   43   42   43   42   41
   40   37   36   32   30   27   25   25   27   28   32   34   38   39   41   41
   40   38   38   36   35   35   35   36   36   38   38   38   37   39   38   40
   43   49   55   66   74   86   95  108  115  126  126  130  126  125  118  114
  111  111  109  111  109  109  116  117  118                                   
    65.0-180.0 180.0   5.0 450.0                            LAT/LON1/LON2/DLON/H
  122   93   80   74   63   55   50   46   48   44   47   43   45   41   42   38
   39   34   34   29   28   24   25   24   29   29   36   37   42   43   45   43
   43   39   38   34   32   30   30   31   32   33   35   36   37   38   39   41
   46   53   63   76   87   99  112  126  136  144  145  146  143  138  131  125
  121  119  118  119  117  114  122  123  122                                   
    62.5-180.0 180.0   5.0 450.0                            LAT/LON1/LON2/DLON/H
  130   97   86   78   65   59   52   52   51   51   50   48   45   42   39   38
   35   34   31   29   27   25   24   25   29   32   36   39   42   44   43   42
   40   36   34   30   28   26   25   28   28   31   32   35   35   38   40   44
   49   59   70   84   96  111  124  141  150  158  159  159  156  150  142  135
  129  127  124  125  123  122  129  128  130                                   
    60.0-180.0 180.0   5.0 450.0                            LAT/LON1/LON2/DLON/H
  132  104   87   78   67   57   54   49   54   49   52   45   47   40   41   38
   38   35   35   30   30   26   26   25   30   31   37   37   41   39   40   36
   37   32   30   25   25   22   22   24   26   29   33   34   38   40   44   49
   56   69   81   95  109  123  138  153  164  171  172  172  170  164  158  150
  143  140  136  134  131  127  132  133  132                                   
    57.5-180.0 180.0   5.0 450.0                            LAT/LON1/LON2/DLON/H
  138  107   93   81   66   57   52   50   52   51   51   48   45   43   40   41
   39   40   37   37   32   30   27   27   30   32   35   36   36   34   33   31
   31   28   27   25   24   23   23   26   28   31   34   37   40   45   49   57
   66   80   92  106  121  136  149  162  174  180  183  184  183  179  172  166
  158  154  150  148  144  140  143  142  138                                   
    55.0-180.0 180.0   5.0 450.0                            LAT/LON1/LON2/DLON/H
  144  120  101   87   72   58   54   48   51   47   49   43   45   40   43   42
   45   44   45   41   39   33   32   29   33   32   36   33   34   29   30   26
   29   26   29   26   28   26   27   28   30   33   37   40   45   50   57   66
   79   93  105  119  134  148  160  173  183  191  193  196  197  196  192  188
  181  177  171  167  160  155  154  153  144                                   
    52.5-180.0 180.0   5.0 450.0                            LAT/LON1/LON2/DLON/H
  158  134  118   99   79   64   58   50   50   46   46   43   43   42   43   45
   47   48   47   46   40   38   32   33   33   35   35   34   31   28   27   25
   28   30   32   33   34   34   34   36   37   39   42   47   51   59   66   80
   92  108  120  135  147  162  173  184  195  199  203  206  208  209  207  206
  200  196  190  186  180  176  174  169  158                                   
    50.0-180.0 180.0   5.0 450.0                            LAT/LON1/LON2/DLON/H
  175  157  139  119   98   80   71   60   56   48   46   40   44   39   46   42
   50   46   52   45   47   40   40   37   41   39   42   37   37   31   32   29
   35   35   42   42   45   43   43   43   44   45   49   53   60   68   80   96
  111  126  139  152  165  179  189  199  207  211  214  216  220  222  221  221
  218  214  208  204  196  190  188  181  175                                   
    47.5-180.0 180.0   5.0 450.0                            LAT/LON1/LON2/DLON/H
  193  176  163  142  119  100   86   72   63   52   47   43   43   43   44   44
   46   46   46   45   43   43   41   43   44   47   47   46   42   39   36   37
   41   46   50   54   55   55   53   53   53   54   57   63   69   81   95  114
  130  146  157  172  183  196  205  213  219  222  222  225  227  229  227  228
  225  221  216  211  206  200  198  189  193                                   
    45.0-180.0 180.0   5.0 450.0                            LAT/LON1/LON2/DLON/H
  205  190  179  164  144  123  107   91   76   63   54   47   48   43   48   40
   47   40   47   42   48   45   50   49   55   54   58   54   54   47   47   45
   52   54   62   64   67   65   63   61   61   61   66   71   80   94  113  132
  150  165  179  193  203  213  221  227  232  233  231  231  232  233  230  229
  225  222  218  214  205  200  198  189  205                                   
    42.5-180.0 180.0   5.0 450.0                            LAT/LON1/LON2/DLON/H
  201  192  191  178  159  141  124  107   89   75   64   56   54   51   49   45
   44   42   43   43   47   51   54   58   62   65   65   65   61   58   53   53
   56   60   67   69   72   71   68   67   67   69   74   80   90  108  129  149
  166  183  197  209  218  228  234  239  241  241  235  233  231  230  225  222
  218  214  211  205  199  195  192  183  201                                   
    40.0-180.0 180.0   5.0 450.0                            LAT/LON1/LON2/DLON/H
  194  184  174  172  157  146  134  119  101   87   76   68   65   58   59   49
   51   44   51   50   59   60   67   68   73   72   74   70   70   64   61   58
   62   64   72   74   76   74   72   71   72   75   81   88  103  121  144  161
  179  197  209  221  231  239  247  250  253  249  243  238  235  230  224  220
  215  213  210  204  191  186  183  174  194                                   
    37.5-180.0 180.0   5.0 450.0                            LAT/LON1/LON2/DLON/H
  173  159  153  150  140  135  130  120  107   95   86   79   75   70   66   62
   58   58   60   64   71   76   80   82   83   82   79   76   71   67   63   60
   63   64   72   73   77   75   75   75   79   81   89   96  115  134  158  173
  193  207  221  230  240  250  258  262  263  259  250  245  239  233  226  221
  217  213  211  204  190  182  175  171  173                                   
    35.0-180.0 180.0   5.0 450.0                            LAT/LON1/LON2/DLON/H
  170  148  131  128  121  118  117  113  104   96   91   86   85   79   79   72
   75   72   81   82   92   93   96   93   91   86   82   77   74   68   65   61
   64   64   71   72   73   75   74   77   81   85   93  103  122  144  165  182
  199  212  225  236  249  261  272  276  279  275  268  261  257  250  245  239
  234  234  232  223  206  194  185  177  170                                   
    32.5-180.0 180.0   5.0 450.0                            LAT/LON1/LON2/DLON/H
  169  138  120  113   98   97   95   95   93   90   91   89   90   89   87   87
   89   93   98  103  105  108  106  104   97   93   85   79   75   70   67   61
   63   61   69   69   75   75   77   81   86   92  101  110  133  149  173  187
  205  216  231  245  261  277  291  297  302  298  291  287  285  279  276  271
  269  271  271  261  243  227  212  200  169                                   
    30.0-180.0 180.0   5.0 450.0                            LAT/LON1/LON2/DLON/H
  191  157  127  110   95   86   84   81   82   82   85   86   91   90   95   95
  104  106  113  114  118  115  113  108  102   96   89   82   79   73   72   66
   65   62   68   69   74   77   78   82   87   92  102  113  132  153  170  189
  204  221  240  257  276  293  312  320  330  328  328  325  330  329  329  325
  326  331  334  321  305  272  256  236  191                                   
    27.5-180.0 180.0   5.0 450.0                            LAT/LON1/LON2/DLON/H
  225  185  151  125   99   87   74   72   70   73   76   80   85   88   93  100
  107  115  119  122  120  118  112  110  104  100   93   88   85   81   78   72
   71   66   71   70   76   80   80   83   87   94  103  114  135  153  174  188
  210  223  249  269  293  313  335  346  359  363  367  371  377  379  381  385
  392  400  404  391  382  351  313  289  225                                   
    25.0-180.0 180.0   5.0 450.0                            LAT/LON1/LON2/DLON/H
  282  232  193  152  121  101   83   76   71   71   73   74   80   80   89   94
  106  110  114  112  111  107  108  108  109  105  102   95   96   90   90   85
   83   77   76   74   76   80   81   84   85   95  102  116  133  157  175  197
  218  241  266  288  312  334  357  375  392  403  410  417  428  436  448  452
  464  473  480  473  466  444  395  359  282                                   
    22.5-180.0 180.0   5.0 450.0                            LAT/LON1/LON2/DLON/H
  367  303  253  207  163  130  107   93   86   85   81   80   79   80   84   91
   99  102  103   99   96   97   99  107  112  114  112  109  107  103  102   96
   90   82   77   72   76   76   81   80   84   90  101  114  137  159  186  206
  235  258  288  310  336  360  385  404  423  439  445  456  468  481  492  502
  516  527  539  540  540  525  479  441  367                                   
    20.0-180.0 180.0   5.0 450.0                            LAT/LON1/LON2/DLON/H
  461  416  356  288  227  187  148  126  111  104   99   92   89   82   86   86
   92   89   86   79   79   83   96  108  121  126  130  126  127  121  118  113
  102   95   79   74   73   74   74   77   75   86   95  117  141  174  202  227
  258  286  315  341  367  392  415  434  457  473  480  490  504  515  529  541
  557  568  583  591  597  590  556  517  461                                   
    17.5-180.0 180.0   5.0 450.0                            LAT/LON1/LON2/DLON/H
  542  506  457  399  325  262  214  179  157  143  129  123  109  103   96   96
   93   87   77   71   68   79   93  113  129  142  147  146  143  139  131  121
  108   97   82   72   68   66   63   64   65   76   90  116  151  188  224  249
  282  308  339  367  396  423  442  465  484  500  506  515  522  531  540  554
  568  579  595  606  622  621  600  564  542                                   
    15.0-180.0 180.0   5.0 450.0                            LAT/LON1/LON2/DLON/H
  590  573  539  493  429  362  294  250  212  189  168  154  143  132  126  116
  108   97   85   74   75   85  105  126  148  162  170  168  163  154  142  133
  117  105   85   76   71   69   61   61   60   72   88  119  158  199  234  263
  292  323  356  391  419  444  463  486  501  515  519  525  528  530  538  549
  561  571  584  597  611  620  615  582  590                                   
    12.5-180.0 180.0   5.0 450.0                            LAT/LON1/LON2/DLON/H
  607  606  585  555  501  440  369  318  276  244  217  200  186  176  165  155
  139  125  107  101   99  110  129  151  173  189  193  188  177  165  151  140
  124  111   93   83   78   70   63   58   58   70   88  125  169  212  244  277
  304  336  367  405  429  456  473  492  503  518  521  524  522  520  520  527
  533  542  552  560  576  591  588  571  607                                   
    10.0-180.0 180.0   5.0 450.0                            LAT/LON1/LON2/DLON/H
  603  619  608  584  545  491  431  381  342  310  276  252  238  223  213  199
  185  167  150  140  138  146  161  179  199  208  208  196  182  167  153  140
  124  113   98   90   82   76   67   60   57   69   90  127  172  214  249  281
  309  340  377  410  437  457  476  489  498  514  514  519  512  508  503  504
  507  512  516  521  534  546  551  542  603                                   
     7.5-180.0 180.0   5.0 450.0                            LAT/LON1/LON2/DLON/H
  577  602  604  591  558  519  467  428  388  359  333  308  291  278  267  256
  241  223  204  194  190  196  206  219  227  228  220  205  188  171  155  143
