data/unet/pred2680.15i
     1.0            IONOSPHERE MAPS     GNSS                IONEX VERSION / TYPE
pyspatialgeodesy        IME             05-JAN-18 20:20     PGM / RUN BY / DATE 
Map Name                                                    COMMENT             
Predicted global ionosphere maps (GIM).                     DESCRIPTION         
  2015     9    25     0     0     0                        EPOCH OF FIRST MAP  
  2015     9    26     0     0     0                        EPOCH OF LAST MAP   
  7200                                                      INTERVAL            
    13                                                      # OF MAPS IN FILE   
  NONE                                                      MAPPING FUNCTION    
10.0                                                        ELEVATION CUTOFF    
One-way carrier phase leveled to code                       OBSERVABLES USED    
  6371.0                                                    BASE RADIUS         
 2                                                          MAP DIMENSION       
   450.0 450.0   0.0                                        HGT1 / HGT2 / DHGT  
    87.5 -87.5  -2.5                                        LAT1 / LAT2 / DLAT  
  -180.0 180.0   5.0                                        LON1 / LON2 / DLON  
    -1                                                      EXPONENT            
                                                            END OF HEADER       
[from data line 4719]
    12                                                      START OF TEC MAP    
  2015     9    25    22     0     0                        EPOCH OF CURRENT MAP
    87.5-180.0 180.0   5.0 450.0                            LAT/LON1/LON2/DLON/H
  162  109   89   92   91   90   90   91   91   91   92   92   92   93   93   93
   93   93   93   92   92   91   90   90   89   88   88   87   86   86   85   84
   83   83   82   81   81   80   80   79   80   79   80   79   80   80   81   82
   83   83   85   85   87   87   88   89   90   90   91   91   91   92   91   91
   91   91   91   92   93   92   97  138  162                                   
    85.0-180.0 180.0   5.0 450.0                            LAT/LON1/LON2/DLON/H
   95   80   79   81   81   80   81   81   83   83   84   85   86   86   87   87
   87   87   87   86   85   85   83   82   80   80   77   77   75   74   72   72
   69   69   67   66   65   64   64   63   63   63   63   64   65   66   67   69
   70   73   74   76   77   79   80   81   82   83   83   83   83   84   84   83
   83   83   82   81   83   82   84  112   95                                   
    82.5-180.0 180.0   5.0 450.0                            LAT/LON1/LON2/DLON/H
   85   80   79   81   80   79   82   82   86   86   89   90   92   93   94   95
   96   95   95   94   94   91   91   88   87   83   83   79   79   75   75   71
   71   67   68   64   65   61   63   60   62   60   62   61   64   64   67   67
   71   71   75   74   78   77   81   80   83   81   84   81   84   82   84   81
   83   80   81   80   82   78   82  101   85                                   
    80.0-180.0 180.0   5.0 450.0                            LAT/LON1/LON2/DLON/H
   89   83   78   81   78   81   81   85   87   92   94   99  100  104  104  107
  106  107  105  105  102  102   97   97   92   91   87   86   82   81   77   75
   71   70   66   65   61   60   57   57   56   55   55   56   57   58   60   62
   64   67   69   71   73   76   77   79   79   81   80   81   81   82   80   81
   80   81   79   80   79   79   78   93   89                                   
    77.5-180.0 180.0   5.0 450.0                            LAT/LON1/LON2/DLON/H
   87   84   79   80   79   80   83   86   91   95  101  105  110  113  116  117
  117  116  115  112  111  106  104  100   97   92   91   87   85   81   79   76
   73   69   67   63   60   58   55   53   52   51   51   51   52   54   55   58
   59   62   64   67   68   70   71   73   73   74   74   75   76   76   77   76
   77   77   78   77   79   76   77   92   87                                   
    75.0-180.0 180.0   5.0 450.0                            LAT/LON1/LON2/DLON/H
   90   87   81   84   82   85   87   93   96  104  110  118  123  127  129  131
  129  128  125  122  118  114  108  105   99   96   92   90   86   85   81   80
   75   73   69   67   61   59   55   53   49   50   47   49   48   50   51   54
   55   57   59   61   62   63   64   65   66   67   67   68   69   70   71   73
   74   76   77   79   79   80   82   98   90                                   
    72.5-180.0 180.0   5.0 450.0                            LAT/LON1/LON2/DLON/H
   96   93   89   89   88   89   92   96  102  109  117  124  130  134  137  137
  136  133  130  126  121  115  112  105  101   95   92   88   86   82   81   78
   75   72   70   66   62   59   55   52   48   46   45   45   44   45   47   48
   49   51   52   53   53   54   54   55   56   57   58   59   61   63   66   68
   71   74   77   79   82   84   85  105   96                                   
    70.0-180.0 180.0   5.0 450.0                            LAT/LON1/LON2/DLON/H
  104   99   96   97   93   94   96  101  107  115  123  131  136  141  142  143
  142  139  136  130  125  118  113  106  101   95   89   85   82   79   76   74
   72   69   66   64   58   57   51   49   44   44   41   41   40   42   42   43
   44   44   44   44   44   44   44   45   47   48   49   51   55   57   61   64
   69   73   79   83   87   89   92  110  104                                   
    67.5-180.0 180.0   5.0 450.0                            LAT/LON1/LON2/DLON/H
  112  106  102  101   97   96   99  102  109  116  125  132  138  141  142  142
  141  138  136  131  127  120  116  107  102   93   87   80   76   72   69   66
   65   63   60   58   54   51   47   45   40   39   37   37   36   38   37   38
   38   38   37   36   35   35   35   37   38   42   42   47   50   55   59   63
   68   73   79   84   90   94   94  115  112                                   
    65.0-180.0 180.0   5.0 450.0                            LAT/LON1/LON2/DLON/H
  119  111  109  107  102  100  100  104  108  116  124  133  138  142  143  143
  141  140  138  135  132  126  120  111  103   93   85   78   71   67   62   60
   57   56   52   52   47   46   41   41   36   37   34   36   34   35   35   35
   33   32   30   29   27   28   28   31   33   37   40   44   49   54   59   63
   69   74   80   85   92   95   99  118  119                                   
    62.5-180.0 180.0   5.0 450.0                            LAT/LON1/LON2/DLON/H
  122  114  110  108  105  100  102  102  108  113  122  129  135  138  140  140
  139  139  139  138  137  132  127  116  108   95   87   76   71   64   60   56
   53   50   48   46   43   41   38   37   34   35   33   34   33   34   33   33
   30   28   25   24   21   23   22   27   29   36   38   45   48   55   59   65
   68   74   78   84   90   95   97  119  122                                   
    60.0-180.0 180.0   5.0 450.0                            LAT/LON1/LON2/DLON/H
  124  118  115  115  111  106  104  105  108  113  120  127  133  136  138  140
  140  141  143  144  145  142  136  126  116  103   92   83   75   69   63   59
   54   52   47   46   42   42   38   39   36   38   35   37   36   37   34   34
   30   28   24   23   20   21   22   26   31   36   40   46   51   57   63   67
   72   76   79   83   88   92   98  120  124                                   
    57.5-180.0 180.0   5.0 450.0                            LAT/LON1/LON2/DLON/H
  125  121  118  119  116  111  111  107  111  112  119  123  130  132  135  137
  139  142  146  149  151  149  145  135  126  112  103   92   87   79   75   68
   64   58   55   51   48   46   43   43   42   42   41   42   41   41   39   38
   33   30   25   24   21   23   23   29   32   39   41   49   51   59   62   70
   72   78   79   83   87   91   95  120  125                                   
    55.0-180.0 180.0   5.0 450.0                            LAT/LON1/LON2/DLON/H
  127  126  125  129  127  124  120  118  117  118  121  126  130  134  136  139
  142  146  151  155  159  157  153  146  136  126  116  109  103   96   89   82
   76   71   65   62   56   56   52   54   51   53   50   53   49   50   46   45
   39   36   32   30   28   28   30   34   38   42   46   50   55   60   66   71
   76   80   83   85   90   92   99  124  127                                   
    52.5-180.0 180.0   5.0 450.0                            LAT/LON1/LON2/DLON/H
  132  134  134  138  139  136  134  128  128  124  127  127  132  134  138  139
  143  147  153  157  161  159  157  150  145  137  132  126  123  115  109  100
   92   85   80   74   70   67   65   65   63   63   62   63   60   60   55   53
   47   44   39   39   36   38   38   42   44   49   48   54   55   62   64   73
   77   84   87   91   95   98  102  130  132                                   
    50.0-180.0 180.0   5.0 450.0                            LAT/LON1/LON2/DLON/H
  140  144  146  153  156  155  152  148  144  140  138  139  141  144  145  148
  150  153  157  161  164  163  160  157  153  149  146  142  138  132  123  113
  104   96   90   86   81   80   76   78   75   76   74   75   72   71   66   63
   58   55   52   51   50   50   51   53   55   55   56   57   60   64   70   76
   83   90   96  100  106  107  113  141  140                                   
    47.5-180.0 180.0   5.0 450.0                            LAT/LON1/LON2/DLON/H
  152  156  159  168  172  173  171  165  160  154  151  150  151  152  154  153
  155  155  157  159  162  160  160  158  159  158  157  154  150  142  132  122
  112  104   99   95   92   91   90   88   87   87   86   85   83   80   76   73
   68   66   64   63   62   64   64   66   64   65   62   64   64   70   73   82
   87   97  104  112  117  121  123  153  152                                   
    45.0-180.0 180.0   5.0 450.0                            LAT/LON1/LON2/DLON/H
  165  167  175  183  191  192  193  188  183  176  171  169  168  168  167  167
  164  164  163  165  166  165  165  165  166  166  165  161  153  143  130  120
  112  105  102  102   99  100   98   98   95   96   94   94   91   89   86   82
   79   77   77   76   77   77   78   77   77   74   72   71   74   77   83   89
   97  105  115  122  131  134  139  167  165                                   
    42.5-180.0 180.0   5.0 450.0                            LAT/LON1/LON2/DLON/H
  177  178  185  195  202  207  210  207  202  195  190  186  185  183  181  177
  174  170  168  169  169  170  171  172  175  175  171  162  152  138  125  114
  108  103  104  103  106  105  107  105  105  103  103  101  100   96   93   90
   88   86   87   86   87   88   88   88   86   84   80   81   83   88   92   99
  104  115  124  135  143  150  150  182  177                                   
    40.0-180.0 180.0   5.0 450.0                            LAT/LON1/LON2/DLON/H
  189  187  197  206  215  220  226  225  224  217  213  209  206  203  198  194
  188  184  181  183  185  185  187  187  188  185  176  162  146  130  115  105
  102  101  103  106  109  112  111  112  109  109  107  107  105  102   99   96
   95   93   94   93   95   95   97   95   95   91   90   91   97  101  106  110
  116  123  133  143  154  160  165  195  189                                   
    37.5-180.0 180.0   5.0 450.0                            LAT/LON1/LON2/DLON/H
  198  196  203  212  221  230  235  239  238  237  233  230  227  223  216  210
  203  198  196  198  200  203  203  204  202  195  182  163  144  124  111  101
  102  101  108  111  117  118  120  117  116  113  114  111  111  106  104  101
  100   97   97   96   96   98   98  100   98   97   96  101  106  114  117  123
  126  134  141  152  162  171  173  206  198                                   
    35.0-180.0 180.0   5.0 450.0                            LAT/LON1/LON2/DLON/H
  209  206  215  223  230  239  246  251  255  255  252  249  244  240  231  227
  219  217  215  220  224  226  226  223  218  207  189  167  144  123  112  104
  107  108  118  120  127  128  126  124  120  119  116  115  113  110  107  105
  102  100   99   96   97   97   99   99  100   99  101  107  116  124  130  133
  136  140  147  156  168  176  183  215  209                                   
    32.5-180.0 180.0   5.0 450.0                            LAT/LON1/LON2/DLON/H
  224  223  230  239  243  249  254  260  265  269  267  266  261  257  249  244
  238  237  237  242  246  246  244  238  230  214  195  172  153  134  126  121
  126  128  136  137  142  139  138  132  129  124  123  119  118  113  111  106
  103   99   96   93   91   93   93   95   94   96   97  108  116  130  136  142
  143  149  154  164  175  186  193  228  224                                   
    30.0-180.0 180.0   5.0 450.0                            LAT/LON1/LON2/DLON/H
  242  243  259  263  264  266  263  269  273  278  278  278  273  270  262  258
  253  251  254  258  262  260  257  248  240  223  203  184  166  151  147  142
  145  145  149  148  153  150  145  142  136  133  130  126  123  118  114  110
  106  100   97   91   90   88   91   90   90   89   94  103  118  131  142  147
  150  154  160  171  183  195  206  243  242                                   
    27.5-180.0 180.0   5.0 450.0                            LAT/LON1/LON2/DLON/H
  269  277  294  300  296  290  283  285  288  293  293  293  289  285  279  276
  272  271  273  275  276  270  264  253  246  231  216  199  190  180  179  176
  177  175  177  171  171  161  157  150  147  142  141  136  132  124  119  111
  106   97   92   85   81   80   81   82   80   81   84   97  110  129  141  152
  155  163  170  183  195  212  223  262  269                                   
    25.0-180.0 180.0   5.0 450.0                            LAT/LON1/LON2/DLON/H
  303  313  333  335  333  323  312  312  311  314  314  313  309  307  302  298
  296  292  294  292  290  279  271  259  254  241  233  220  216  209  211  205
  205  205  200  194  183  173  163  157  153  153  153  149  145  136  128  119
  111  101   93   84   80   77   77   76   75   74   79   89  106  124  141  155
  164  172  182  195  212  229  244  282  303                                   
    22.5-180.0 180.0   5.0 450.0                            LAT/LON1/LON2/DLON/H
  336  348  368  370  367  358  347  342  341  342  341  338  337  333  331  327
  325  319  316  309  301  287  278  266  265  257  255  250  252  251  250  244
  240  231  225  209  193  180  168  160  159  162  165  165  159  150  139  127
  115  102   91   79   75   71   72   71   69   71   74   87  101  123  139  159
  171  185  197  214  232  254  269  305  336                                   
    20.0-180.0 180.0   5.0 450.0                            LAT/LON1/LON2/DLON/H
  366  379  395  396  397  391  381  377  373  374  370  372  369  371  367  367
  361  356  347  336  322  307  297  287  289  281  282  279  281  277  272  263
  245  235  218  208  188  178  165  161  161  167  175  177  174  165  153  139
  125  111   97   86   79   76   74   72   71   71   76   87  103  124  145  165
  182  197  213  231  253  278  296  328  366                                   
    17.5-180.0 180.0   5.0 450.0                            LAT/LON1/LON2/DLON/H
  390  406  421  425  425  420  414  407  405  404  403  405  407  410  412  411
  407  399  386  370  353  335  323  316  317  311  310  305  303  298  289  273
  249  233  214  202  183  173  162  160  163  173  181  188  184  177  163  148
  132  117  104   92   84   77   75   73   70   72   77   90  106  128  149  174
  192  211  229  251  274  301  321  349  390                                   
    15.0-180.0 180.0   5.0 450.0                            LAT/LON1/LON2/DLON/H
  409  423  436  442  448  444  439  435  431  435  431  441  443  455  455  459
  454  447  431  414  394  374  361  352  350  337  330  320  310  301  282  263
  234  222  198  191  175  165  157  159  166  176  187  190  189  181  170  154
  139  125  113  102   93   85   79   77   75   76   82   93  111  132  157  183
  205  225  246  267  292  321  344  369  409                                   
    12.5-180.0 180.0   5.0 450.0                            LAT/LON1/LON2/DLON/H
  421  439  447  461  465  466  460  458  458  462  464  475  481  492  496  500
  497  490  474  456  434  413  397  387  380  365  350  333  318  298  274  250
  224  210  193  185  171  163  161  166  172  184  189  197  191  187  172  159
  143  131  121  110   99   91   84   81   78   80   83   97  113  138  163  192
  213  236  258  280  307  337  362  387  421                                   
    10.0-180.0 180.0   5.0 450.0                            LAT/LON1/LON2/DLON/H
  431  447  454  467  479  479  480  478  480  492  494  513  516  532  532  537
  535  529  513  495  473  451  436  422  412  388  366  341  318  292  267  245
  219  204  191  184  175  171  172  176  182  188  195  194  192  183  172  155
  144  132  123  112  102   92   86   83   81   81   85   97  116  138  168  197
  221  244  269  291  320  353  381  404  431                                   
     7.5-180.0 180.0   5.0 450.0                            LAT/LON1/LON2/DLON/H
  438  460  462  481  489  497  498  498  503  514  525  540  550  562  564  566
  566  560  546  525  505  483  468  455  440  412  379  348  319  289  264  241
