data/unet/pred1290.15i
     1.0            IONOSPHERE MAPS     GNSS                IONEX VERSION / TYPE
pyspatialgeodesy        IME             05-JAN-18 20:20     PGM / RUN BY / DATE 
Map Name                                                    COMMENT             
Predicted global ionosphere maps (GIM).                     DESCRIPTION         
  2015     5     9     0     0     0                        EPOCH OF FIRST MAP  
  2015     5    10     0     0     0                        EPOCH OF LAST MAP   
  7200                                                      INTERVAL            
    13                                                      # OF MAPS IN FILE   
  NONE                                                      MAPPING FUNCTION    
10.0                                                        ELEVATION CUTOFF    
One-way carrier phase leveled to code                       OBSERVABLES USED    
  6371.0                                                    BASE RADIUS         
 2                                                          MAP DIMENSION       
   450.0 450.0   0.0                                        HGT1 / HGT2 / DHGT  
    87.5 -87.5  -2.5                                        LAT1 / LAT2 / DLAT  
  -180.0 180.0   5.0                                        LON1 / LON2 / DLON  
    -1                                                      EXPONENT            
                                                            END OF HEADER       
[from data line 4290]
    11                                                      START OF TEC MAP    
  2015     5     9    20     0     0                        EPOCH OF CURRENT MAP
    87.5-180.0 180.0   5.0 450.0                            LAT/LON1/LON2/DLON/H
  210  187  178  180  179  178  179  179  181  181  183  182  184  183  185  183
  184  183  184  183  185  184  186  186  187  187  188  189  189  190  189  190
  188  189  187  188  186  186  184  185  182  182  180  179  177  176  175  174
  173  172  172  172  172  172  173  172  174  173  174  173  174  174  175  175
  176  177  178  176  177  177  180  195  210                                   
    85.0-180.0 180.0   5.0 450.0                            LAT/LON1/LON2/DLON/H
  175  177  177  181  179  179  178  180  181  183  184  186  186  188  188  190
  189  191  190  191  191  192  192  193  193  194  194  195  194  194  194  193
  192  191  190  188  188  186  186  184  183  181  180  178  177  176  174  174
  172  173  172  173  172  173  173  174  174  175  173  175  174  176  174  176
  176  177  177  176  174  172  179  201  175                                   
    82.5-180.0 180.0   5.0 450.0                            LAT/LON1/LON2/DLON/H
  176  175  175  177  175  178  177  181  182  186  188  191  193  196  197  200
  200  202  201  202  201  202  201  201  200  200  199  199  197  196  194  193
  191  190  188  187  186  185  183  183  181  181  179  179  177  177  175  175
  173  175  174  175  175  177  176  178  178  178  177  177  177  177  176  177
  176  178  176  176  173  173  174  193  176                                   
    80.0-180.0 180.0   5.0 450.0                            LAT/LON1/LON2/DLON/H
  177  169  167  167  166  169  171  174  177  181  184  188  191  195  198  199
  201  202  203  202  203  201  202  199  200  198  198  195  196  191  192  188
  188  184  185  181  182  179  180  177  178  175  176  174  175  172  172  170
  170  169  170  170  171  172  173  173  174  174  174  174  174  174  173  173
  172  173  172  171  169  167  165  186  177                                   
    77.5-180.0 180.0   5.0 450.0                            LAT/LON1/LON2/DLON/H
  171  165  161  159  161  162  167  169  174  178  184  188  193  196  200  202
  203  204  205  205  204  204  203  202  201  201  198  198  194  193  189  188
  184  183  181  180  178  177  176  175  174  174  172  172  170  170  167  167
  165  166  164  166  165  167  167  169  169  170  170  170  170  170  169  169
  169  169  169  166  164  163  162  179  171                                   
    75.0-180.0 180.0   5.0 450.0                            LAT/LON1/LON2/DLON/H
  176  169  167  169  167  172  172  177  179  186  190  196  199  204  206  209
  209  210  210  209  208  207  207  205  204  203  202  199  197  194  192  188
  186  183  182  180  179  177  177  176  176  174  174  172  171  169  168  166
  165  164  164  164  163  165  165  167  168  168  169  169  169  170  170  170
  170  172  172  171  168  168  169  186  176                                   
    72.5-180.0 180.0   5.0 450.0                            LAT/LON1/LON2/DLON/H
  183  178  176  175  174  176  178  180  185  189  196  200  205  209  212  213
  212  212  211  211  210  210  208  209  207  208  205  205  201  200  194  193
  188  187  182  182  179  180  178  179  176  177  173  174  169  169  163  164
  158  161  155  159  154  159  156  162  159  163  160  164  162  166  164  168
  167  172  171  172  171  173  176  194  183                                   
    70.0-180.0 180.0   5.0 450.0                            LAT/LON1/LON2/DLON/H
  194  189  189  190  186  189  189  193  194  201  204  210  213  216  218  218
  218  216  216  215  214  215  215  215  214  214  213  210  207  204  200  196
  192  189  186  184  183  181  181  179  179  177  175  171  169  164  161  157
  154  152  150  149  148  149  149  151  152  153  155  156  159  160  162  164
  167  171  175  177  179  182  187  206  194                                   
    67.5-180.0 180.0   5.0 450.0                            LAT/LON1/LON2/DLON/H
  204  200  200  198  195  195  196  197  201  204  210  214  218  220  223  222
  221  220  219  219  219  220  220  221  221  222  219  218  213  210  204  201
  195  191  187  184  182  181  180  179  177  176  172  169  162  160  151  150
  142  143  136  139  133  138  135  140  138  144  142  147  148  153  153  158
  160  168  171  176  179  185  192  215  204                                   
    65.0-180.0 180.0   5.0 450.0                            LAT/LON1/LON2/DLON/H
  213  207  211  210  205  207  206  209  210  215  219  223  226  229  230  230
  229  228  227  227  227  230  229  231  229  230  226  224  220  216  211  205
  201  195  191  187  185  182  182  180  179  175  172  165  160  153  148  142
  137  133  130  128  125  126  126  128  130  131  135  138  143  145  151  154
  159  165  171  177  183  190  199  222  213                                   
    62.5-180.0 180.0   5.0 450.0                            LAT/LON1/LON2/DLON/H
  215  213  215  213  210  210  210  210  213  215  222  224  231  232  236  234
  234  233  233  233  234  236  236  237  235  235  231  229  225  221  216  212
  205  199  194  189  185  182  181  179  177  173  167  162  153  148  139  136
  128  128  120  121  116  119  115  120  119  124  124  131  133  140  143  149
  153  161  166  173  179  187  197  224  215                                   
    60.0-180.0 180.0   5.0 450.0                            LAT/LON1/LON2/DLON/H
  216  213  221  219  216  218  217  218  219  223  227  232  235  239  241  242
  241  241  241  242  242  244  244  243  241  240  236  234  230  228  226  220
  216  208  204  196  193  188  187  183  182  176  171  162  155  146  139  133
  128  123  120  116  114  113  113  115  117  118  122  125  132  136  144  149
  156  162  168  173  180  187  197  225  216                                   
    57.5-180.0 180.0   5.0 450.0                            LAT/LON1/LON2/DLON/H
  212  212  218  218  218  217  218  216  219  221  227  230  236  239  244  245
  247  246  247  246  247  247  247  245  243  241  239  237  236  235  234  231
  226  220  213  205  199  194  191  188  184  179  171  163  153  145  137  132
  126  124  118  117  113  114  112  115  115  118  118  124  127  137  141  150
  155  163  167  172  177  183  192  219  212                                   
    55.0-180.0 180.0   5.0 450.0                            LAT/LON1/LON2/DLON/H
  211  212  220  221  223  224  225  224  225  227  231  235  239  245  249  251
  253  253  252  252  250  252  250  250  247  246  244  245  246  247  249  245
  243  234  229  217  213  204  203  196  195  187  181  170  161  150  144  137
  134  129  126  122  119  118  118  119  120  120  122  125  131  138  147  155
  163  169  174  177  181  185  192  216  211                                   
    52.5-180.0 180.0   5.0 450.0                            LAT/LON1/LON2/DLON/H
  212  217  224  227  232  232  235  232  234  234  238  240  244  248  254  256
  259  258  258  255  256  254  256  253  253  251  251  253  257  259  262  260
  257  250  242  232  224  218  213  209  203  198  188  180  168  159  150  145
  140  138  132  131  127  127  126  128  127  128  127  131  133  144  151  164
  171  180  184  188  190  191  194  217  212                                   
    50.0-180.0 180.0   5.0 450.0                            LAT/LON1/LON2/DLON/H
  225  227  236  240  246  248  251  250  252  252  254  255  258  260  266  269
  271  268  267  264  262  263  263  264  263  263  264  267  272  275  278  276
  273  263  256  244  238  229  226  219  215  205  199  187  179  168  162  156
  153  148  144  141  138  137  137  138  137  137  135  138  141  151  162  175
  187  196  203  207  211  209  212  229  225                                   
    47.5-180.0 180.0   5.0 450.0                            LAT/LON1/LON2/DLON/H
  238  246  251  258  265  265  270  268  271  270  272  271  271  273  277  280
  280  277  274  270  270  268  273  272  275  274  278  280  285  288  289  287
  282  273  265  255  247  241  235  228  220  213  202  195  184  178  170  167
  160  158  152  150  146  147  146  148  147  147  143  146  147  159  167  183
  195  207  217  221  226  224  227  244  238                                   
    45.0-180.0 180.0   5.0 450.0                            LAT/LON1/LON2/DLON/H
  261  265  273  279  285  285  290  288  291  291  292  290  289  290  292  294
  292  288  284  281  282  284  289  291  293  293  296  297  300  299  299  292
  288  276  272  260  256  248  244  234  227  216  207  198  191  184  180  175
  171  167  162  158  155  154  154  155  155  154  151  152  154  164  176  192
  207  222  234  241  248  246  253  265  261                                   
    42.5-180.0 180.0   5.0 450.0                            LAT/LON1/LON2/DLON/H
  276  286  292  298  304  304  308  307  310  310  312  310  311  310  313  311
  310  303  300  297  301  304  312  313  318  315  317  314  314  309  305  297
  290  281  275  267  262  256  249  241  229  220  209  203  196  193  188  186
  179  176  168  165  160  161  160  163  161  162  158  159  158  168  178  194
  211  225  241  249  261  262  271  284  276                                   
    40.0-180.0 180.0   5.0 450.0                            LAT/LON1/LON2/DLON/H
  297  300  310  315  320  321  324  322  327  328  332  331  332  334  336  335
  331  327  322  323  328  336  345  347  348  344  341  336  330  320  314  303
  298  288  284  277  273  266  259  249  237  226  216  209  204  200  196  194
  188  184  177  172  168  167  166  168  167  167  163  163  163  173  184  201
  221  237  256  264  277  279  291  302  297                                   
    37.5-180.0 180.0   5.0 450.0                            LAT/LON1/LON2/DLON/H
  306  312  321  326  331  331  335  335  341  343  350  351  357  359  364  363
  360  355  353  355  363  372  379  377  376  367  361  351  344  330  322  311
  307  301  298  291  287  280  271  261  245  237  224  220  213  211  205  202
  195  192  184  181  173  174  170  174  170  172  167  169  168  177  188  205
  224  240  259  270  284  292  303  315  306                                   
    35.0-180.0 180.0   5.0 450.0                            LAT/LON1/LON2/DLON/H
  323  327  337  342  346  347  351  351  360  363  372  375  383  388  394  395
  393  389  388  393  402  409  413  410  404  393  384  373  364  350  341  332
  330  326  322  318  312  305  295  281  266  252  242  235  229  225  218  213
  206  202  195  192  186  185  181  182  180  179  177  177  178  187  199  216
  233  250  268  279  292  301  311  324  323                                   
    32.5-180.0 180.0   5.0 450.0                            LAT/LON1/LON2/DLON/H
  330  337  350  355  360  361  367  369  379  386  395  402  409  416  422  425
  425  423  423  430  437  442  441  436  428  416  408  398  390  378  372  367
  368  366  360  351  340  330  317  301  284  271  259  253  246  241  233  227
  220  215  209  206  201  198  193  194  189  191  186  189  189  196  206  222
  238  254  270  281  295  310  322  331  330                                   
    30.0-180.0 180.0   5.0 450.0                            LAT/LON1/LON2/DLON/H
  344  353  367  377  379  389  391  398  407  414  423  430  438  445  452  456
  456  455  457  462  470  472  468  460  454  445  444  437  434  426  426  427
  430  424  410  392  371  356  339  325  307  293  281  274  266  259  249  242
  234  230  224  225  220  219  212  210  203  204  200  202  202  209  221  235
  252  266  281  292  304  318  330  340  344                                   
    27.5-180.0 180.0   5.0 450.0                            LAT/LON1/LON2/DLON/H
  350  360  383  390  403  409  418  426  436  448  454  462  467  476  478  481
  478  477  479  485  489  491  486  480  476  476  480  481  482  481  487  492
  493  478  452  420  388  363  345  330  313  301  290  282  274  265  258  250
  248  241  242  237  234  225  220  212  210  205  207  213  217  216  227  238
  256  270  282  293  308  324  340  348  350                                   
    25.0-180.0 180.0   5.0 450.0                            LAT/LON1/LON2/DLON/H
  363  374  398  415  424  442  445  462  472  489  495  503  509  515  517  515
  509  507  506  510  513  511  508  503  507  512  524  531  534  532  538  542
  541  522  488  442  400  367  346  331  320  310  302  296  288  282  267  261
  254  256  254  256  251  244  235  225  217  210  214  212  221  228  234  241
  257  273  289  303  318  333  350  358  363                                   
    22.5-180.0 180.0   5.0 450.0                            LAT/LON1/LON2/DLON/H
  369  382  411  425  447  458  477  493  515  533  544  554  559  558  556  547
  540  533  530  531  530  527  523  526  535  549  561  565  566  572  572  578
  569  542  495  445  394  353  333  323  315  314  307  302  293  280  271  262
  266  268  275  278  276  270  259  247  236  231  225  225  224  232  241  244
  256  265  284  296  318  335  357  372  369                                   
    20.0-180.0 180.0   5.0 450.0                            LAT/LON1/LON2/DLON/H
  382  393  421  441  465  487  505  532  556  581  599  613  616  614  603  592
  582  576  567  565  558  554  550  557  565  569  576  584  593  599  610  610
  598  557  495  440  384  342  322  314  314  315  306  299  293  285  279  279
  281  289  294  299  293  283  265  251  242  237  240  237  235  232  239  244
  253  263  279  295  319  341  365  385  382                                   
    17.5-180.0 180.0   5.0 450.0                            LAT/LON1/LON2/DLON/H
  382  401  430  451  476  500  529  553  583  611  632  650  661  661  659  643
  633  617  608  597  587  577  572  574  581  582  592  597  610  616  617  611
  590  539  479  413  355  316  295  295  292  298  293  294  288  288  286  290
  296  302  306  305  295  280  263  249  241  240  242  243  238  235  236  241
  247  254  271  284  310  335  367  390  382                                   
    15.0-180.0 180.0   5.0 450.0                            LAT/LON1/LON2/DLON/H
  389  403  437  451  481  501  535  560  594  620  648  672  687  691  691  692
  682  668  651  630  613  598  594  596  599  602  609  611  622  621  621  607
  579  530  469  400  342  304  288  287  286  283  287  291  292  295  300  304
  310  311  312  303  291  269  254  239  235  231  239  236  235  227  229  227
  234  240  259  273  301  328  362  393  389                                   
    12.5-180.0 180.0   5.0 450.0                            LAT/LON1/LON2/DLON/H
  384  408  442  460  483  505  532  560  595  629  653  685  705  716  722  724
  722  705  686  661  641  623  617  617  620  620  626  624  627  619  607  587
  554  510  449  387  334  303  290  287  283  285  285  296  299  305  313  318
  322  319  309  295  273  253  236  226  224  225  229  225  221  218  219  213
  216  225  241  259  291  320  355  389  384                                   
    10.0-180.0 180.0   5.0 450.0                            LAT/LON1/LON2/DLON/H
  390  404  446  459  488  500  532  556  595  622  652  679  705  719  732  743
  743  735  716  695  672  657  646  644  640  639  644  637  634  616  601  572
  539  496  445  394  352  329  316  307  303  298  301  311  317  323  335  336
  333  318  305  280  260  235  223  209  212  205  211  207  207  201  197  190
  192  201  219  242  276  308  345  386  390                                   
     7.5-180.0 180.0   5.0 450.0                            LAT/LON1/LON2/DLON/H
  386  414  454  473  496  514  538  559  591  618  646  676  698  720  736  752
  757  754  742  721  701  681  669  665  662  657  662  653  642  621  598  565
