data/unet/pred3280.15i
     1.0            IONOSPHERE MAPS     GNSS                IONEX VERSION / TYPE
pyspatialgeodesy        IME             05-JAN-18 20:20     PGM / RUN BY / DATE 
Map Name                                                    COMMENT             
Predicted global ionosphere maps (GIM).                     DESCRIPTION         
  2015    11    24     0     0     0                        EPOCH OF FIRST MAP  
  2015    11    25     0     0     0                        EPOCH OF LAST MAP   
  7200                                                      INTERVAL            
    13                                                      # OF MAPS IN FILE   
  NONE                                                      MAPPING FUNCTION    
10.0                                                        ELEVATION CUTOFF    
One-way carrier phase leveled to code                       OBSERVABLES USED    
  6371.0                                                    BASE RADIUS         
 2                                                          MAP DIMENSION       
   450.0 450.0   0.0                                        HGT1 / HGT2 / DHGT  
    87.5 -87.5  -2.5                                        LAT1 / LAT2 / DLAT  
  -180.0 180.0   5.0                                        LON1 / LON2 / DLON  
    -1                                                      EXPONENT            
                                                            END OF HEADER       
[from data line 1287]
     4                                                      START OF TEC MAP    
  2015    11    24     6     0     0                        EPOCH OF CURRENT MAP
    87.5-180.0 180.0   5.0 450.0                            LAT/LON1/LON2/DLON/H
    8   52   45   44   44   42   45   44   46   45   46   44   44   42   43   40
   41   39   39   38   38   37   39   37   39   38   40   38   40   39   40   39
   41   40   41   40   41   40   42   39   41   39   41   38   40   38   39   37
   38   36   37   36   37   36   37   36   37   36   36   35   36   34   35   33
   35   34   36   36   39   34   43   11    8                                   
    85.0-180.0 180.0   5.0 450.0                            LAT/LON1/LON2/DLON/H
   49   44   55   52   55   51   55   56   56   55   56   55   54   52   52   47
   49   43   47   40   44   38   44   38   44   39   46   42   47   44   49   46
   50   47   50   48   50   47   50   47   48   46   49   47   49   46   50   47
   51   47   53   48   53   48   54   48   53   47   52   46   49   43   47   41
   44   39   46   42   48   37   50   26   49                                   
    82.5-180.0 180.0   5.0 450.0                            LAT/LON1/LON2/DLON/H
   41   54   49   47   47   45   49   49   52   49   51   48   49   44   45   40
   41   35   37   32   34   30   33   30   33   31   35   34   37   36   39   38
   41   39   41   40   43   41   43   42   44   43   45   45   47   47   48   49
   50   50   51   53   53   54   54   56   55   56   54   56   52   54   49   52
   47   49   46   46   41   37   56   25   41                                   
    80.0-180.0 180.0   5.0 450.0                            LAT/LON1/LON2/DLON/H
   41   48   47   41   38   40   41   46   45   48   46   48   44   44   39   39
   33   33   27   27   21   24   20   23   21   26   26   31   30   36   36   40
   38   43   40   43   39   41   39   40   38   40   40   42   42   45   46   49
   50   53   55   57   60   61   63   63   64   62   63   61   59   56   55   51
   49   45   45   42   36   31   38   24   41                                   
    77.5-180.0 180.0   5.0 450.0                            LAT/LON1/LON2/DLON/H
   35   42   41   37   38   39   42   45   46   48   48   50   48   48   44   43
   37   34   31   27   24   22   21   21   21   24   27   31   33   37   40   43
   43   46   44   45   42   42   40   40   39   39   40   43   44   47   49   54
   56   61   63   69   69   73   72   75   73   75   72   72   67   66   60   58
   53   50   48   43   37   31   41   24   35                                   
    75.0-180.0 180.0   5.0 450.0                            LAT/LON1/LON2/DLON/H
   34   37   42   34   32   36   39   43   43   47   48   51   48   50   46   45
   39   37   32   29   24   23   21   22   22   27   30   35   38   43   46   49
   49   50   48   47   42   41   37   36   33   36   36   41   42   49   53   60
   65   71   76   80   84   86   88   89   89   89   88   86   82   79   73   69
   62   57   54   50   43   36   41   24   34                                   
    72.5-180.0 180.0   5.0 450.0                            LAT/LON1/LON2/DLON/H
   37   36   36   31   32   31   36   38   41   43   45   49   48   49   47   47
   41   39   35   31   27   24   23   24   25   28   32   37   41   46   49   52
   51   51   48   45   40   35   32   28   28   27   33   35   44   49   59   66
   74   81   88   95   99  102  104  104  104  102  101   99   96   91   86   80
   73   67   63   56   49   41   46   25   37                                   
    70.0-180.0 180.0   5.0 450.0                            LAT/LON1/LON2/DLON/H
   38   36   38   31   28   28   31   34   36   38   41   44   46   47   47   47
   44   41   37   33   31   27   28   28   30   33   36   41   45   49   52   53
   53   50   46   41   35   28   24   21   21   23   29   37   47   56   67   77
   89   96  105  110  119  120  126  124  127  123  124  117  116  109  106   95
   88   78   74   66   58   48   49   31   38                                   
    67.5-180.0 180.0   5.0 450.0                            LAT/LON1/LON2/DLON/H
   47   42   42   35   34   30   31   32   33   34   38   40   42   43   44   44
   43   41   39   36   35   32   32   33   34   37   40   44   47   51   52   53
   50   48   42   36   29   22   18   15   17   19   29   37   52   62   78   89
  102  109  118  125  132  136  138  139  140  139  137  134  129  124  119  111
  100   92   84   78   69   58   59   37   47                                   
    65.0-180.0 180.0   5.0 450.0                            LAT/LON1/LON2/DLON/H
   53   49   48   41   35   32   31   32   32   35   36   41   42   45   46   47
   46   45   43   41   39   37   36   37   38   40   41   44   46   49   48   48
   45   40   35   29   22   16   12   12   15   22   33   46   60   75   89  101
  112  118  127  132  140  141  147  144  150  145  149  144  144  135  133  122
  113   99   93   84   76   65   65   48   53                                   
    62.5-180.0 180.0   5.0 450.0                            LAT/LON1/LON2/DLON/H
   66   59   54   47   41   35   33   31   31   31   33   35   37   38   41   42
   42   40   40   37   38   34   36   37   38   39   41   42   43   43   42   40
   37   31   28   22   18   12   10   11   17   25   40   51   69   83   98  107
  117  123  130  137  143  146  148  148  151  151  152  151  149  144  136  128
  116  106   95   89   79   71   71   55   66                                   
    60.0-180.0 180.0   5.0 450.0                            LAT/LON1/LON2/DLON/H
   71   63   60   52   45   38   35   33   32   32   32   36   35   40   39   43
   41   42   38   39   36   36   34   36   37   37   37   37   36   35   32   32
   28   26   23   20   17   13   13   17   24   35   50   65   80   93  106  114
  123  128  136  140  147  146  150  147  155  151  156  153  154  147  142  132
  122  109   99   92   83   73   74   62   71                                   
    57.5-180.0 180.0   5.0 450.0                            LAT/LON1/LON2/DLON/H
   80   72   63   56   48   40   36   32   31   29   30   29   32   32   35   34
   36   34   33   30   30   28   31   31   34   35   35   34   32   31   27   26
   25   23   22   20   18   17   19   24   35   46   60   76   90  101  111  119
  127  134  142  148  153  154  154  153  156  156  160  158  157  152  146  138
  125  113  102   95   85   78   77   64   80                                   
    55.0-180.0 180.0   5.0 450.0                            LAT/LON1/LON2/DLON/H
   84   74   65   59   51   44   40   36   33   32   31   33   31   35   35   37
   35   36   31   32   28   30   30   33   35   36   36   34   32   29   27   26
   26   25   27   25   27   26   31   38   48   59   74   88  103  110  122  127
  138  143  153  155  163  159  162  158  163  160  165  162  162  157  153  143
  130  116  105   97   86   79   80   69   84                                   
    52.5-180.0 180.0   5.0 450.0                            LAT/LON1/LON2/DLON/H
   92   81   69   61   54   46   42   36   35   30   30   27   30   29   33   31
   33   29   29   25   26   26   30   34   38   41   41   41   36   34   30   29
   29   30   31   34   35   38   43   52   61   75   87  103  111  122  128  138
  148  158  166  172  176  176  175  172  173  172  173  173  171  167  159  151
  136  123  110  102   91   84   85   69   92                                   
    50.0-180.0 180.0   5.0 450.0                            LAT/LON1/LON2/DLON/H
   96   84   68   65   57   52   48   44   41   36   33   33   32   34   34   37
   34   34   30   31   30   33   35   41   44   48   49   48   44   40   37   35
   36   38   41   44   48   52   58   65   77   89  103  113  124  131  142  149
  162  168  179  185  192  189  189  183  185  181  184  183  183  178  169  159
  145  132  117  108   96   88   88   76   96                                   
    47.5-180.0 180.0   5.0 450.0                            LAT/LON1/LON2/DLON/H
  104   91   75   70   65   59   56   51   48   41   38   33   34   33   38   36
   38   34   35   33   37   40   45   51   55   61   61   62   56   53   46   45
   45   49   52   57   61   67   72   82   91  108  117  130  135  145  154  165
  174  185  194  201  205  204  200  197  195  193  193  193  193  191  181  169
  155  142  128  120  110   99   99   78  104                                   
    45.0-180.0 180.0   5.0 450.0                            LAT/LON1/LON2/DLON/H
  105   93   74   75   70   68   64   61   58   51   46   42   40   41   42   44
   41   41   40   42   45   51   56   62   65   70   72   71   67   60   53   52
   51   56   61   67   72   77   85   94  107  121  133  139  150  156  169  176
  189  197  205  209  213  207  206  199  199  194  196  194  196  194  187  175
  159  149  135  129  118  105  104   88  105                                   
    42.5-180.0 180.0   5.0 450.0                            LAT/LON1/LON2/DLON/H
  108   98   82   79   78   76   73   69   66   59   56   49   48   47   49   48
   47   46   47   51   57   64   69   74   78   84   84   84   77   72   62   60
   59   65   70   77   82   87   94  107  119  136  145  155  163  171  181  190
  199  205  208  211  212  207  201  195  194  189  190  189  192  190  185  174
  160  151  139  134  125  112  111   88  108                                   
    40.0-180.0 180.0   5.0 450.0                            LAT/LON1/LON2/DLON/H
  102   94   77   82   79   80   77   76   74   69   66   59   58   57   56   57
   54   56   57   64   70   77   80   83   85   88   88   87   81   73   64   60
   60   66   72   78   85   92  101  116  133  148  160  166  176  182  193  200
  208  210  212  210  213  206  202  195  195  189  190  188  192  190  185  175
  163  153  142  137  128  113  110   92  102                                   
    37.5-180.0 180.0   5.0 450.0                            LAT/LON1/LON2/DLON/H
   98   92   78   79   80   81   80   77   76   73   73   68   68   66   66   66
   64   66   69   77   84   91   94   94   94   94   93   92   84   77   67   65
   63   70   75   82   88   95  107  126  143  162  174  182  190  197  205  210
  214  215  213  212  214  209  206  201  201  195  195  192  195  191  188  178
  166  156  144  139  131  114  111   85   98                                   
    35.0-180.0 180.0   5.0 450.0                            LAT/LON1/LON2/DLON/H
   91   84   68   74   72   73   74   75   75   76   77   76   75   76   75   76
   73   77   81   90   96  102  101   98   93   92   89   87   80   73   64   61
   61   65   72   79   85   97  111  134  155  173  188  195  207  212  220  222
  226  225  225  224  226  224  221  217  217  213  212  208  211  208  206  194
  180  168  155  146  135  116  111   88   91                                   
    32.5-180.0 180.0   5.0 450.0                            LAT/LON1/LON2/DLON/H
   95   82   66   64   65   65   64   65   67   68   73   74   80   80   83   83
   84   88   93  102  107  110  107  101   95   92   88   86   80   75   67   64
   63   68   73   80   88   99  118  143  165  185  200  211  221  229  236  239
  243  244  247  250  254  256  256  254  252  249  246  241  242  239  235  225
  207  189  171  159  146  124  117   91   95                                   
    30.0-180.0 180.0   5.0 450.0                            LAT/LON1/LON2/DLON/H
   98   81   58   59   56   53   56   56   61   64   69   74   80   85   86   90
   91   97  101  108  111  112  106  100   92   90   84   83   78   73   67   63
   62   65   70   79   86  103  122  151  174  196  213  226  239  247  255  259
  263  267  272  283  291  300  302  304  302  299  296  290  291  284  279  268
  251  230  205  183  165  140  128  108   98                                   
    27.5-180.0 180.0   5.0 450.0                            LAT/LON1/LON2/DLON/H
  124   92   70   59   58   52   51   47   54   56   62   66   75   80   87   90
   95  101  105  111  112  111  106  100   94   91   90   87   86   79   76   70
   68   68   69   76   83  101  126  156  179  202  221  239  254  263  272  277
  285  293  306  322  338  350  358  360  362  364  364  360  358  353  344  331
  307  281  252  227  201  175  155  134  124                                   
    25.0-180.0 180.0   5.0 450.0                            LAT/LON1/LON2/DLON/H
  146  106   79   69   62   53   49   42   47   49   62   66   73   79   84   90
   93  101  102  105  104  102   99   97   94   96   95   92   90   84   81   78
   75   75   74   79   84  103  127  159  183  205  224  244  262  275  287  295
  306  322  338  363  383  403  411  420  422  429  430  428  426  419  411  396
  371  341  307  273  246  217  190  174  146                                   
    22.5-180.0 180.0   5.0 450.0                            LAT/LON1/LON2/DLON/H
  197  134  116   93   89   72   74   59   60   50   59   60   71   72   78   82
   87   94   95   97   95   95   95   98  103  105  107  102  100   88   88   85
   85   81   75   77   82  101  128  161  186  210  227  246  269  284  302  313
  332  350  375  402  427  446  458  472  477  487  491  495  495  490  479  464
  439  411  375  339  305  272  238  230  197                                   
    20.0-180.0 180.0   5.0 450.0                            LAT/LON1/LON2/DLON/H
  237  176  161  137  125  109  102   93   84   72   70   68   75   75   78   80
   83   87   86   86   84   85   92   99  109  113  115  102   94   85   88   88
   88   84   81   81   84  103  129  163  188  212  232  252  274  298  318  340
  359  388  415  449  467  485  495  509  518  529  534  536  536  530  524  508
  488  466  433  403  372  339  299  296  237                                   
    17.5-180.0 180.0   5.0 450.0                            LAT/LON1/LON2/DLON/H
  295  230  218  198  182  159  151  134  127  111  101   86   86   77   79   77
   79   80   80   78   79   83   95  105  122  125  117   97   89   81   82   83
   83   78   79   79   86  105  136  170  197  220  243  266  292  318  345  368
  395  426  460  487  504  514  522  531  545  553  559  558  557  552  548  538
  520  502  479  454  432  406  369  364  295                                   
    15.0-180.0 180.0   5.0 450.0                            LAT/LON1/LON2/DLON/H
  346  287  266  246  233  222  213  190  174  155  137  122  109   95   86   82
   81   81   80   79   81   85   99  112  127  123  112   95   88   80   83   83
   83   77   77   76   86  110  142  177  205  232  256  281  312  339  371  398
  426  458  487  510  520  525  531  536  552  557  566  561  561  556  555  547
  534  518  501  486  472  454  432  423  346                                   
    12.5-180.0 180.0   5.0 450.0                            LAT/LON1/LON2/DLON/H
  390  341  328  305  287  271  260  237  219  193  173  152  137  115  100   84
   83   80   84   83   89   94  106  113  125  122  109   95   84   81   76   82
   80   80   78   78   91  115  153  186  218  244  271  300  333  364  397  423
  452  474  497  511  518  515  517  524  541  548  558  552  554  551  550  547
  533  522  510  501  494  482  472  464  390                                   
    10.0-180.0 180.0   5.0 450.0                            LAT/LON1/LON2/DLON/H
  416  371  356  334  321  312  304  285  262  233  209  186  168  143  121  104
   95   91   91   92   96   97  104  110  120  120  108   97   88   79   79   79
   84   79   75   77   93  120  156  192  224  251  280  312  352  382  417  440
  465  480  496  504  510  502  504  505  524  528  538  531  532  529  532  528
  523  516  511  504  504  495  489  482  416                                   
     7.5-180.0 180.0   5.0 450.0                            LAT/LON1/LON2/DLON/H
  423  389  374  346  330  321  321  305  292  262  235  213  193  174  152  131
  120  106  107  101  105   98  104  107  119  117  106   98   86   83   75   82
