data/unet/pred2380.15i
     1.0            IONOSPHERE MAPS     GNSS                IONEX VERSION / TYPE
pyspatialgeodesy        IME             05-JAN-18 20:20     PGM / RUN BY / DATE 
Map Name                                                    COMMENT             
Predicted global ionosphere maps (GIM).                     DESCRIPTION         
  2015     8    26     0     0     0                        EPOCH OF FIRST MAP  
  2015     8    27     0     0     0                        EPOCH OF LAST MAP   
  7200                                                      INTERVAL            
    13                                                      # OF MAPS IN FILE   
  NONE                                                      MAPPING FUNCTION    
10.0                                                        ELEVATION CUTOFF    
One-way carrier phase leveled to code                       OBSERVABLES USED    
  6371.0                                                    BASE RADIUS         
 2                                                          MAP DIMENSION       
   450.0 450.0   0.0                                        HGT1 / HGT2 / DHGT  
    87.5 -87.5  -2.5                                        LAT1 / LAT2 / DLAT  
  -180.0 180.0   5.0                                        LON1 / LON2 / DLON  
    -1                                                      EXPONENT            
                                                            END OF HEADER       
[from data line 3861]
    10                                                      START OF TEC MAP    
  2015     8    26    18     0     0                        EPOCH OF CURRENT MAP
    87.5-180.0 180.0   5.0 450.0                            LAT/LON1/LON2/DLON/H
  166  136  134  135  136  133  135  133  136  134  136  135  137  135  137  135
  137  135  137  134  136  133  134  131  133  129  131  127  129  125  127  123
  125  121  123  119  122  117  120  115  119  115  118  114  118  114  118  115
  119  116  119  117  120  118  121  120  123  121  124  122  125  124  126  124
  127  126  129  128  132  129  141  151  166                                   
    85.0-180.0 180.0   5.0 450.0                            LAT/LON1/LON2/DLON/H
  126  122  123  129  128  130  128  131  129  132  130  133  131  133  131  134
  132  134  131  133  130  131  128  128  125  125  122  122  119  119  116  116
  113  114  111  112  109  110  107  109  106  108  106  108  106  108  106  108
  107  110  108  111  109  113  111  114  113  116  114  117  115  119  116  120
  117  122  119  123  122  120  128  144  126                                   
    82.5-180.0 180.0   5.0 450.0                            LAT/LON1/LON2/DLON/H
  120  117  121  121  124  123  125  126  128  129  131  131  133  133  135  135
  136  135  136  135  135  133  132  130  128  125  122  120  117  115  113  111
  109  108  106  106  104  105  103  103  102  102  101  102  101  101  101  101
  101  102  102  102  103  103  104  104  106  105  107  106  108  107  109  108
  111  110  113  113  116  110  114  121  120                                   
    80.0-180.0 180.0   5.0 450.0                            LAT/LON1/LON2/DLON/H
  112  116  113  117  118  119  120  122  123  125  126  127  129  130  132  132
  134  133  134  133  134  132  130  128  125  123  118  117  111  111  105  106
  101  103   99  101   98  100   96   99   95   98   94   97   94   96   94   96
   95   97   95   97   97   98   97   98   99  100  100  101  101  102  103  103
  105  106  107  109  109  105  107  114  112                                   
    77.5-180.0 180.0   5.0 450.0                            LAT/LON1/LON2/DLON/H
  103  105  108  107  110  111  113  114  117  117  120  121  124  124  128  128
  131  130  133  132  133  130  130  127  125  120  117  113  109  106  103  101
   98   97   96   96   95   94   94   94   93   92   93   91   91   90   91   90
   91   90   91   90   91   91   92   91   93   91   93   92   94   93   96   95
   98   98  101  101  103   97   96  103  103                                   
    75.0-180.0 180.0   5.0 450.0                            LAT/LON1/LON2/DLON/H
   97   99  100  103  104  108  107  112  111  116  116  121  121  124  125  128
  129  131  133  134  134  134  132  131  126  123  117  114  108  106  101  100
   96   97   95   97   95   98   96   98   94   96   93   93   90   92   90   90
   89   90   89   89   88   89   87   88   87   88   86   87   86   88   87   89
   89   92   93   96   96   92   92  103   97                                   
    72.5-180.0 180.0   5.0 450.0                            LAT/LON1/LON2/DLON/H
   92   92   98   98  101  102  105  107  110  111  115  116  119  120  123  124
  128  129  133  134  136  135  135  133  130  125  121  115  110  105  102   99
   97   97   98   98  100  100  101   99   98   96   95   93   92   91   91   89
   88   88   87   86   85   84   83   81   81   79   79   77   78   77   79   78
   82   82   86   87   91   86   88   95   92                                   
    70.0-180.0 180.0   5.0 450.0                            LAT/LON1/LON2/DLON/H
   88   89   93   96   98  102  103  107  108  112  114  117  119  121  124  125
  129  129  134  135  139  138  139  136  133  129  123  119  111  107  102  101
   99  100   99  102  102  105  103  104   99   99   95   95   91   91   89   89
   88   87   85   84   81   81   77   76   73   73   70   71   69   71   70   73
   72   77   78   82   83   80   85   96   88                                   
    67.5-180.0 180.0   5.0 450.0                            LAT/LON1/LON2/DLON/H
   87   87   93   94   98   99  105  106  111  112  117  118  121  121  125  125
  129  130  134  136  140  140  141  139  136  130  126  120  115  108  106  102
  102  101  103  104  106  107  107  105  102   99   96   93   91   90   88   87
   86   84   83   79   78   74   72   68   67   64   63   62   62   63   64   66
   67   70   73   76   79   76   83   91   87                                   
    65.0-180.0 180.0   5.0 450.0                            LAT/LON1/LON2/DLON/H
   85   85   90   95   99  102  106  109  113  116  120  123  126  127  130  131
  134  134  138  139  143  142  145  142  139  133  128  124  117  113  108  107
  104  106  106  109  108  112  109  109  103  101   96   95   91   90   88   87
   85   84   80   78   73   71   66   63   60   59   56   57   55   58   57   61
   60   65   66   71   73   71   80   91   85                                   
    62.5-180.0 180.0   5.0 450.0                            LAT/LON1/LON2/DLON/H
   84   84   91   92   99  100  107  109  115  117  124  127  132  133  137  136
  139  137  141  140  144  143  146  143  141  135  131  126  122  118  115  113
  111  111  112  114  114  114  113  109  106  102   99   95   93   90   89   87
   85   82   79   75   71   66   62   59   57   55   53   54   53   55   54   57
   57   61   62   67   70   69   77   84   84                                   
    60.0-180.0 180.0   5.0 450.0                            LAT/LON1/LON2/DLON/H
   82   85   89   95  100  103  109  112  118  122  129  134  138  141  144  144
  145  143  144  143  145  144  146  143  143  137  133  130  126  123  121  120
  118  117  117  119  119  119  117  115  111  107  103  100   96   94   91   90
   86   84   79   74   69   65   60   58   55   54   52   53   51   53   51   55
   53   58   58   63   65   64   74   81   82                                   
    57.5-180.0 180.0   5.0 450.0                            LAT/LON1/LON2/DLON/H
   81   85   91   94  100  102  108  111  118  122  130  135  142  144  149  148
  149  145  146  142  144  142  145  142  142  137  136  133  132  131  130  129
  128  127  126  127  126  126  124  121  117  113  110  106  103  100   98   94
   91   86   80   75   69   64   61   59   57   57   56   55   53   53   52   53
   52   55   56   60   62   63   70   73   81                                   
    55.0-180.0 180.0   5.0 450.0                            LAT/LON1/LON2/DLON/H
   82   88   92   99  103  107  112  116  122  126  133  139  145  149  152  152
  152  148  147  143  143  140  143  140  142  137  138  136  138  137  139  138
  137  135  134  133  133  133  133  131  128  124  121  117  114  111  107  103
   97   92   84   77   71   66   63   62   62   63   61   61   57   57   54   55
   52   56   55   60   60   60   69   74   82                                   
    52.5-180.0 180.0   5.0 450.0                            LAT/LON1/LON2/DLON/H
   83   90   96  101  107  110  116  119  124  128  134  139  146  149  154  153
  153  148  147  141  142  138  141  139  140  138  139  141  143  146  147  149
  146  146  142  144  142  144  143  142  139  135  132  128  125  121  117  111
  105   97   89   81   75   70   68   68   70   71   71   69   66   64   61   60
   58   59   59   61   62   62   68   71   83                                   
    50.0-180.0 180.0   5.0 450.0                            LAT/LON1/LON2/DLON/H
   87   95  100  109  114  119  124  128  133  136  141  145  150  153  157  155
  156  150  148  143  143  140  141  139  140  138  142  144  149  152  156  156
  155  153  152  152  153  154  155  154  152  148  146  142  139  135  131  124
  116  107   97   88   82   77   76   78   80   82   81   80   75   73   69   68
   64   66   63   67   65   62   71   79   87                                   
    47.5-180.0 180.0   5.0 450.0                            LAT/LON1/LON2/DLON/H
   93  100  108  114  123  127  135  137  142  143  147  149  154  156  160  159
  158  153  150  146  145  143  145  142  143  142  145  149  153  160  161  165
  162  163  161  163  164  166  168  167  164  160  157  153  150  146  141  133
  124  114  105   96   90   86   86   87   90   92   92   89   86   82   78   76
   73   73   71   71   70   67   74   82   93                                   
    45.0-180.0 180.0   5.0 450.0                            LAT/LON1/LON2/DLON/H
   99  106  114  125  132  139  146  151  156  157  160  160  163  164  168  166
  166  160  157  153  152  151  151  150  149  149  151  154  160  165  169  171
  170  171  171  173  177  179  181  179  178  172  169  165  161  158  153  146
  136  126  115  106  101   97   96   98  100  102  102   99   96   92   88   86
   82   83   78   80   76   72   80   94   99                                   
    42.5-180.0 180.0   5.0 450.0                            LAT/LON1/LON2/DLON/H
  104  113  121  131  142  149  159  163  169  169  172  170  174  173  177  175
  174  169  167  164  163  161  162  160  159  158  160  163  166  173  175  180
  179  182  184  188  192  196  197  195  191  185  180  176  171  167  162  154
  144  133  123  115  110  106  106  106  109  110  110  108  105  100   97   94
   92   90   88   87   83   78   85   98  104                                   
    40.0-180.0 180.0   5.0 450.0                            LAT/LON1/LON2/DLON/H
  107  118  127  139  150  159  170  176  183  184  187  186  189  188  191  189
  188  183  180  178  175  175  173  173  170  171  171  174  177  182  186  189
  192  195  201  204  210  211  213  207  204  195  191  184  180  175  170  163
  152  142  132  124  118  115  113  113  114  116  116  116  113  110  107  105
  102  101   97   95   89   84   91  105  107                                   
    37.5-180.0 180.0   5.0 450.0                            LAT/LON1/LON2/DLON/H
  112  122  131  142  156  164  178  183  192  194  198  197  200  200  203  202
  201  198  195  192  190  188  187  185  183  183  184  186  191  195  199  205
  209  216  222  228  232  234  231  224  217  209  201  194  188  182  176  166
  158  147  137  129  123  119  117  116  117  118  119  121  119  117  115  112
  110  107  104  100   95   88   94  106  112                                   
    35.0-180.0 180.0   5.0 450.0                            LAT/LON1/LON2/DLON/H
  113  125  135  149  161  171  184  191  202  206  211  212  215  216  217  217
  216  213  210  207  203  202  197  198  195  198  198  201  206  212  222  228
  237  243  252  255  262  257  253  240  232  220  213  202  196  187  181  171
  162  151  141  131  125  120  116  114  115  117  119  121  122  122  121  119
  116  114  109  106   98   92   98  107  113                                   
    32.5-180.0 180.0   5.0 450.0                            LAT/LON1/LON2/DLON/H
  117  129  139  152  165  174  187  195  205  210  217  221  224  228  229  231
  228  229  224  224  218  217  212  212  210  213  216  223  229  237  246  257
  267  277  283  289  289  285  275  260  247  235  223  213  201  191  181  170
  161  149  139  129  123  118  115  114  115  117  119  123  124  125  124  123
  121  117  113  108  102   94   99  107  117                                   
    30.0-180.0 180.0   5.0 450.0                            LAT/LON1/LON2/DLON/H
  119  134  144  160  169  181  191  200  210  218  225  230  234  237  239  240
  239  240  236  237  230  229  223  224  223  231  236  244  256  265  281  292
  307  314  324  324  325  314  301  280  264  247  236  221  209  193  182  169
  159  146  135  125  118  114  112  112  113  116  120  122  125  125  126  125
  123  120  115  112  103   98  101  106  119                                   
    27.5-180.0 180.0   5.0 450.0                            LAT/LON1/LON2/DLON/H
  125  138  150  165  177  187  196  204  213  221  230  235  241  244  248  252
  252  254  250  252  245  244  238  239  241  250  259  271  283  297  312  328
  340  347  350  349  344  334  317  295  275  258  241  226  209  192  176  162
  151  137  128  119  115  113  112  113  115  118  121  123  127  127  127  126
  123  120  117  111  106   99  103  105  125                                   
    25.0-180.0 180.0   5.0 450.0                            LAT/LON1/LON2/DLON/H
  131  147  158  176  184  196  203  213  220  231  239  246  251  255  259  263
  265  269  266  267  261  259  255  256  260  270  283  296  317  331  351  363
  376  378  380  373  366  351  333  310  290  268  251  230  212  191  174  157
  145  131  122  114  112  112  112  114  115  118  121  124  128  128  128  126
  125  121  118  113  106  102  106  109  131                                   
    22.5-180.0 180.0   5.0 450.0                            LAT/LON1/LON2/DLON/H
  137  149  164  180  192  202  211  218  227  235  245  252  260  266  273  277
  283  288  287  288  282  279  276  278  285  297  310  330  347  367  383  395
  404  404  397  386  373  357  336  315  294  275  253  230  207  185  166  147
  135  121  116  111  111  112  113  114  116  117  121  124  129  128  128  124
  121  119  115  111  107  101  105  110  137                                   
    20.0-180.0 180.0   5.0 450.0                            LAT/LON1/LON2/DLON/H
  141  156  169  189  199  211  219  230  237  248  255  266  274  282  290  298
  305  312  312  313  310  307  307  307  315  325  344  359  382  396  414  424
  431  427  417  400  385  366  345  325  304  284  262  234  211  187  168  149
  136  123  119  113  115  116  119  119  119  118  121  122  128  125  127  122
  119  115  112  108  103  101  106  114  141                                   
    17.5-180.0 180.0   5.0 450.0                            LAT/LON1/LON2/DLON/H
  142  154  173  187  201  212  223  232  243  252  263  274  285  298  306  317
  327  336  341  344  340  340  339  343  350  363  375  394  412  427  439  446
  447  435  419  398  381  363  343  323  302  285  261  235  210  187  170  151
  140  128  124  119  120  122  125  126  125  123  123  124  126  124  122  118
  112  110  107  103  101   98  103  113  142                                   
    15.0-180.0 180.0   5.0 450.0                            LAT/LON1/LON2/DLON/H
  140  154  172  192  202  216  227  240  250  265  276  292  306  319  330  341
  352  363  370  374  376  376  379  378  385  391  407  416  438  446  459  461
  458  443  425  405  389  372  354  333  314  294  272  245  221  200  181  166
  154  143  138  133  132  135  136  136  134  129  127  123  124  118  118  112
  108  104  101   96   94   93  101  113  140                                   
    12.5-180.0 180.0   5.0 450.0                            LAT/LON1/LON2/DLON/H
  136  148  169  186  200  212  227  241  253  267  282  299  317  334  345  358
  370  383  392  399  405  409  411  415  417  424  434  447  458  465  468  463
  454  433  413  398  383  373  354  338  316  300  276  253  229  211  195  181
  169  158  151  145  143  145  146  147  141  136  128  124  121  115  110  104
   99   96   93   89   87   88   96  110  136                                   
    10.0-180.0 180.0   5.0 450.0                            LAT/LON1/LON2/DLON/H
  129  144  163  182  194  207  221  238  252  271  285  309  326  347  359  372
  384  398  408  419  427  433  437  437  443  444  458  461  475  473  473  464
  453  433  418  404  396  385  373  352  334  311  290  265  242  225  210  198
  186  175  165  159  155  157  156  155  148  139  129  121  118  109  104   97
   93   89   86   80   79   82   92  103  129                                   
     7.5-180.0 180.0   5.0 450.0                            LAT/LON1/LON2/DLON/H
  123  142  160  175  187  203  218  237  253  271  289  310  331  352  366  380
  394  409  421  431  440  445  451  455  459  466  472  479  482  475  469  456
