data/unet/pred1160.15i
     1.0            IONOSPHERE MAPS     GNSS                IONEX VERSION / TYPE
pyspatialgeodesy        IME             05-JAN-18 20:20     PGM / RUN BY / DATE 
Map Name                                                    COMMENT             
Predicted global ionosphere maps (GIM).                     DESCRIPTION         
  2015     4    26     0     0     0                        EPOCH OF FIRST MAP  
  2015     4    27     0     0     0                        EPOCH OF LAST MAP   
  7200                                                      INTERVAL            
    13                                                      # OF MAPS IN FILE   
  NONE                                                      MAPPING FUNCTION    
10.0                                                        ELEVATION CUTOFF    
One-way carrier phase leveled to code                       OBSERVABLES USED    
  6371.0                                                    BASE RADIUS         
 2                                                          MAP DIMENSION       
   450.0 450.0   0.0                                        HGT1 / HGT2 / DHGT  
    87.5 -87.5  -2.5                                        LAT1 / LAT2 / DLAT  
  -180.0 180.0   5.0                                        LON1 / LON2 / DLON  
    -1                                                      EXPONENT            
                                                            END OF HEADER       
[from data line 3003]
     8                                                      START OF TEC MAP    
  2015     4    26    14     0     0                        EPOCH OF CURRENT MAP
    87.5-180.0 180.0   5.0 450.0                            LAT/LON1/LON2/DLON/H
  212  238  247  252  257  258  263  263  267  266  271  269  274  272  277  274
  279  276  281  277  282  276  282  276  281  276  280  276  279  275  276  273
  273  270  270  266  265  262  261  258  257  255  254  252  251  248  248  245
  244  241  242  239  240  237  239  235  237  234  236  233  235  233  235  234
  237  237  241  237  237  236  251  205  212                                   
    85.0-180.0 180.0   5.0 450.0                            LAT/LON1/LON2/DLON/H
  227  237  243  253  257  261  265  267  270  271  274  276  278  280  281  283
  283  285  285  285  285  285  284  285  283  283  282  281  280  279  278  275
  274  272  271  267  265  262  260  257  254  252  250  247  244  243  240  238
  235  234  232  230  229  228  227  227  226  225  224  223  224  223  223  223
  226  227  232  231  234  231  243  232  227                                   
    82.5-180.0 180.0   5.0 450.0                            LAT/LON1/LON2/DLON/H
  221  228  229  236  241  247  255  257  262  263  268  268  272  271  275  274
  278  276  280  276  281  275  280  275  280  275  279  275  277  274  275  271
  271  268  267  264  261  258  255  250  246  242  240  235  234  230  230  226
  225  221  222  219  219  216  218  215  217  212  215  209  213  207  211  206
  211  210  215  214  215  214  225  223  221                                   
    80.0-180.0 180.0   5.0 450.0                            LAT/LON1/LON2/DLON/H
  205  214  214  219  223  231  236  241  244  248  250  253  254  256  257  259
  259  262  261  263  262  263  261  264  261  264  262  265  263  265  262  264
  261  261  259  258  256  253  249  246  241  239  234  233  228  227  223  223
  220  220  218  218  217  217  217  217  216  215  213  211  210  207  204  204
  202  203  203  203  200  202  205  211  205                                   
    77.5-180.0 180.0   5.0 450.0                            LAT/LON1/LON2/DLON/H
  196  202  200  206  210  219  226  232  236  239  243  246  248  249  250  251
  251  252  252  252  251  250  251  251  252  252  254  254  256  255  257  256
  257  256  258  256  256  253  252  246  244  240  238  235  233  231  231  229
  230  228  232  228  231  228  231  228  229  224  224  218  216  208  206  199
  199  195  193  189  186  187  194  200  196                                   
    75.0-180.0 180.0   5.0 450.0                            LAT/LON1/LON2/DLON/H
  189  192  191  197  203  210  218  223  227  230  233  234  237  237  238  238
  239  238  238  237  237  235  237  237  240  242  243  247  247  251  251  253
  253  255  257  256  258  256  257  253  252  250  248  248  246  248  247  250
  249  253  253  255  253  256  254  256  250  250  242  240  230  226  216  214
  205  204  196  191  186  182  185  196  189                                   
    72.5-180.0 180.0   5.0 450.0                            LAT/LON1/LON2/DLON/H
  188  189  187  194  199  207  216  220  225  227  232  233  236  236  238  237
  238  237  238  237  235  235  235  237  239  241  246  247  251  251  256  255
  259  259  263  264  266  266  267  266  265  264  264  264  264  265  268  270
  273  274  278  276  278  274  276  271  270  262  258  249  245  232  228  217
  215  207  202  193  186  183  186  192  188                                   
    70.0-180.0 180.0   5.0 450.0                            LAT/LON1/LON2/DLON/H
  181  183  180  186  193  200  209  213  219  222  227  229  233  235  237  238
  238  239  238  237  236  235  236  237  240  243  245  249  250  254  255  258
  259  262  265  266  271  271  275  272  275  274  277  277  280  283  287  290
  292  296  294  296  291  292  285  285  276  272  263  259  249  242  231  227
  217  214  204  197  187  183  177  188  181                                   
    67.5-180.0 180.0   5.0 450.0                            LAT/LON1/LON2/DLON/H
  175  174  170  178  183  192  203  207  215  217  225  226  232  233  238  240
  243  244  245  245  245  246  247  249  250  253  255  258  260  262  264  265
  268  269  273  275  279  280  283  283  284  286  288  290  294  296  301  301
  304  303  304  299  297  289  285  276  270  260  254  246  240  230  227  219
  216  209  203  194  183  179  175  180  175                                   
    65.0-180.0 180.0   5.0 450.0                            LAT/LON1/LON2/DLON/H
  161  160  155  160  168  176  188  195  204  210  218  223  229  235  238  244
  246  251  251  253  252  253  253  254  255  257  258  259  261  264  265  267
  268  270  276  277  283  282  288  287  292  293  299  301  306  308  310  310
  309  306  303  298  291  283  274  264  253  246  237  233  226  222  214  213
  205  202  193  186  175  172  162  170  161                                   
    62.5-180.0 180.0   5.0 450.0                            LAT/LON1/LON2/DLON/H
  147  141  134  141  144  152  165  173  186  193  206  211  220  226  234  241
  247  252  254  257  257  259  260  261  262  263  263  267  267  272  271  276
  274  279  282  285  287  288  291  292  297  300  307  309  314  314  315  313
  310  305  299  292  283  273  261  248  237  227  221  216  212  206  202  196
  192  186  180  171  162  157  151  155  147                                   
    60.0-180.0 180.0   5.0 450.0                            LAT/LON1/LON2/DLON/H
  131  122  113  117  124  131  143  152  165  176  190  198  210  218  229  237
  242  251  251  256  255  258  257  260  259  262  262  267  267  274  273  279
  278  283  287  289  292  294  298  300  306  310  317  319  323  322  321  317
  309  303  294  285  275  265  251  240  227  220  213  211  207  201  195  188
  180  174  166  156  147  142  133  137  131                                   
    57.5-180.0 180.0   5.0 450.0                            LAT/LON1/LON2/DLON/H
  120  105   99  102  103  111  118  131  144  157  172  183  195  205  217  229
  239  246  249  250  251  252  253  258  259  264  264  270  271  278  281  288
  289  294  297  299  301  303  309  311  317  320  326  327  330  329  326  320
  312  304  295  285  274  263  251  239  228  220  216  213  210  202  196  185
  177  167  157  146  137  129  124  124  120                                   
    55.0-180.0 180.0   5.0 450.0                            LAT/LON1/LON2/DLON/H
  116   96   88   89   91   98  107  118  129  145  158  170  184  197  210  223
  234  243  244  248  246  251  248  257  257  265  264  270  273  281  286  295
  298  306  308  311  314  317  322  324  330  333  339  342  344  343  338  332
  321  314  303  296  284  276  264  256  244  242  234  234  228  221  210  199
  185  172  161  149  138  129  121  121  116                                   
    52.5-180.0 180.0   5.0 450.0                            LAT/LON1/LON2/DLON/H
  121  101   92   86   87   90   97  112  121  138  150  166  177  191  204  219
  233  245  250  253  251  251  252  257  262  269  271  277  281  291  300  311
  318  323  330  331  337  338  343  342  348  350  355  356  359  355  352  342
  336  325  318  309  302  293  284  276  266  262  256  256  250  241  230  216
  201  186  175  162  153  140  139  130  121                                   
    50.0-180.0 180.0   5.0 450.0                            LAT/LON1/LON2/DLON/H
  136  120  109  101   93   92   96  107  120  136  150  166  178  191  205  221
  238  251  261  264  264  264  263  270  272  281  282  289  294  305  317  329
  338  343  349  352  358  359  365  364  371  371  375  376  377  373  367  360
  351  345  334  330  319  314  304  299  286  284  278  280  272  266  251  238
  223  207  195  183  174  164  159  153  136                                   
    47.5-180.0 180.0   5.0 450.0                            LAT/LON1/LON2/DLON/H
  158  144  133  118  110  102  103  109  120  136  151  168  181  195  210  229
  249  265  276  281  281  281  280  285  289  296  297  305  312  323  337  351
  360  366  373  378  385  388  393  393  395  393  396  393  393  387  382  371
  365  356  350  342  332  323  312  304  293  288  284  286  282  275  262  249
  236  221  209  199  194  187  189  175  158                                   
    45.0-180.0 180.0   5.0 450.0                            LAT/LON1/LON2/DLON/H
  181  175  160  153  135  129  119  124  131  148  166  184  195  208  223  242
  263  281  293  300  302  303  303  309  306  315  313  322  326  339  353  368
  381  388  399  404  415  419  426  424  426  421  419  413  409  401  393  383
  374  367  357  350  334  324  307  295  283  277  274  275  274  271  260  253
  241  231  221  214  211  207  203  193  181                                   
    42.5-180.0 180.0   5.0 450.0                            LAT/LON1/LON2/DLON/H
  197  193  182  176  165  151  141  138  144  157  174  191  207  217  234  253
  276  294  305  313  317  321  322  331  327  334  330  337  338  350  362  379
  393  406  419  430  443  452  459  457  456  448  442  432  424  410  400  388
  382  375  368  359  339  320  295  276  261  255  251  256  255  256  248  246
  237  230  220  217  212  215  216  204  197                                   
    40.0-180.0 180.0   5.0 450.0                            LAT/LON1/LON2/DLON/H
  205  205  197  195  186  177  162  160  159  175  190  211  225  235  249  266
  286  304  316  324  328  332  337  345  344  353  349  361  360  377  385  408
  421  440  454  470  486  499  507  508  503  491  474  455  441  427  415  404
  397  391  380  365  342  322  293  271  251  240  232  231  235  233  235  232
  230  222  216  212  210  212  211  207  205                                   
    37.5-180.0 180.0   5.0 450.0                            LAT/LON1/LON2/DLON/H
  203  211  203  201  195  188  177  168  168  181  200  220  235  244  258  274
  292  309  318  330  334  343  346  357  357  366  364  377  379  396  407  432
  449  471  492  512  532  547  557  553  541  525  503  486  468  458  447  434
  417  403  383  364  337  310  287  265  253  242  242  239  239  240  240  239
  234  225  216  209  204  204  207  206  203                                   
    35.0-180.0 180.0   5.0 450.0                            LAT/LON1/LON2/DLON/H
  200  207  204  202  199  191  184  178  176  191  209  230  243  255  266  280
  294  309  319  330  338  345  353  363  368  378  379  395  400  418  437  465
  490  518  548  577  600  611  613  608  591  574  546  527  507  494  473  460
  446  434  414  396  366  347  320  307  284  270  257  251  241  235  232  238
  246  234  230  212  207  200  200  201  200                                   
    32.5-180.0 180.0   5.0 450.0                            LAT/LON1/LON2/DLON/H
  196  208  198  197  193  190  183  180  179  194  212  234  250  261  273  286
  298  311  320  334  341  353  360  377  382  395  399  415  425  446  468  502
  533  574  620  654  679  692  690  681  658  635  600  583  556  543  525  516
  502  489  470  451  430  410  390  370  352  339  326  322  303  291  269  261
  253  253  259  241  227  214  212  190  196                                   
    30.0-180.0 180.0   5.0 450.0                            LAT/LON1/LON2/DLON/H
  191  214  205  201  191  185  179  175  177  190  211  235  251  265  275  287
  296  309  319  331  344  355  369  382  397  407  423  435  452  475  503  541
  592  644  699  733  746  748  750  733  715  680  657  629  613  590  573  568
  553  550  533  531  513  505  484  473  450  437  419  407  382  360  327  313
  290  283  268  252  241  216  223  202  191                                   
    27.5-180.0 180.0   5.0 450.0                            LAT/LON1/LON2/DLON/H
  178  211  201  198  202  190  182  174  176  186  203  229  245  265  279  291
  301  314  324  339  352  373  386  408  419  441  453  474  488  516  550  603
  659  722  771  786  795  800  797  790  774  745  715  689  668  653  639  630
  616  614  595  594  575  576  561  566  549  554  534  534  499  469  424  402
  371  356  324  302  272  251  245  204  178                                   
    25.0-180.0 180.0   5.0 450.0                            LAT/LON1/LON2/DLON/H
  195  230  207  199  186  184  182  180  175  179  192  215  236  260  274  290
  302  313  332  340  365  380  403  419  445  464  492  516  539  573  612  673
  724  785  808  821  830  826  830  816  810  790  773  752  734  711  701  697
  688  679  662  653  637  634  626  630  624  619  603  602  572  560  515  507
  477  454  414  380  338  301  288  235  195                                   
    22.5-180.0 180.0   5.0 450.0                            LAT/LON1/LON2/DLON/H
  235  262  237  218  209  188  178  172  177  182  186  209  228  257  269  290
  301  322  336  357  379  407  423  453  471  506  524  562  593  637  673  729
  789  821  843  853  853  850  841  835  827  819  806  795  777  765  751  743
  729  724  705  698  679  676  663  663  659  662  659  656  648  625  586  568
  541  524  497  464  419  364  342  274  235                                   
    20.0-180.0 180.0   5.0 450.0                            LAT/LON1/LON2/DLON/H
  281  296  265  242  216  200  183  168  159  164  175  194  217  245  261  283
  299  318  343  361  394  413  444  471  506  540  572  621  650  689  727  777
  808  827  849  850  849  830  827  813  823  816  815  806  800  790  778  772
  752  739  711  693  672  662  657  650  654  660  662  668  661  654  622  612
  582  564  538  514  469  406  366  333  281                                   
    17.5-180.0 180.0   5.0 450.0                            LAT/LON1/LON2/DLON/H
  321  316  280  254  233  213  196  178  168  161  164  188  211  241  256  276
  291  320  344  375  401  435  460  504  539  582  611  662  696  734  767  792
  810  826  840  833  827  808  804  799  809  810  811  804  805  796  792  780
  763  734  701  670  645  626  620  608  613  612  636  647  649  641  622  608
  594  572  544  519  481  423  379  370  321                                   
    15.0-180.0 180.0   5.0 450.0                            LAT/LON1/LON2/DLON/H
  340  318  288  268  238  224  206  186  167  165  158  169  195  229  252  267
  286  310  344  373  405  438  475  526  564  608  651  701  732  756  773  786
  798  804  812  800  795  776  777  767  782  777  788  787  791  790  788  775
  752  717  670  628  593  552  543  530  540  548  568  596  589  603  574  577
  559  547  520  491  459  413  374  373  340                                   
    12.5-180.0 180.0   5.0 450.0                            LAT/LON1/LON2/DLON/H
  334  310  280  259  236  220  210  193  177  164  161  169  183  218  242  266
  277  306  334  377  406  448  484  538  575  626  666  713  738  754  765  768
  779  770  776  756  755  738  743  744  759  765  774  781  781  784  778  765
  738  691  638  576  529  477  465  445  454  453  474  506  502  513  482  490
  493  494  477  450  424  387  352  363  334                                   
    10.0-180.0 180.0   5.0 450.0                            LAT/LON1/LON2/DLON/H
  309  286  266  250  223  214  200  189  173  164  159  164  177  201  233  264
  285  305  333  376  408  453  490  542  585  635  681  715  736  743  743  744
  745  741  745  732  734  724  733  739  755  763  771  775  775  769  767  749
  725  669  619  531  469  395  380  356  363  359  375  404  407  418  399  407
  416  413  413  390  376  354  328  325  309                                   
     7.5-180.0 180.0   5.0 450.0                            LAT/LON1/LON2/DLON/H
  281  262  239  222  201  190  185  175  170  162  157  163  171  203  224  267
  282  310  332  372  403  454  490  540  582  638  676  708  722  725  736  731
