data/unet/pred2080.15i
     1.0            IONOSPHERE MAPS     GNSS                IONEX VERSION / TYPE
pyspatialgeodesy        IME             05-JAN-18 20:20     PGM / RUN BY / DATE 
Map Name                                                    COMMENT             
Predicted global ionosphere maps (GIM).                     DESCRIPTION         
  2015     7    27     0     0     0                        EPOCH OF FIRST MAP  
  2015     7    28     0     0     0                        EPOCH OF LAST MAP   
  7200                                                      INTERVAL            
    13                                                      # OF MAPS IN FILE   
  NONE                                                      MAPPING FUNCTION    
10.0                                                        ELEVATION CUTOFF    
One-way carrier phase leveled to code                       OBSERVABLES USED    
  6371.0                                                    BASE RADIUS         
 2                                                          MAP DIMENSION       
   450.0 450.0   0.0                                        HGT1 / HGT2 / DHGT  
    87.5 -87.5  -2.5                                        LAT1 / LAT2 / DLAT  
  -180.0 180.0   5.0                                        LON1 / LON2 / DLON  
    -1                                                      EXPONENT            
                                                            END OF HEADER       
[from data line 4290]
    11                                                      START OF TEC MAP    
  2015     7    27    20     0     0                        EPOCH OF CURRENT MAP
    87.5-180.0 180.0   5.0 450.0                            LAT/LON1/LON2/DLON/H
  166  141  124  129  127  127  126  127  127  128  127  128  127  129  128  129
  128  129  129  129  128  128  127  126  125  124  123  122  120  119  118  117
  116  116  115  115  114  114  114  114  113  114  114  115  114  115  115  116
  116  117  116  118  117  119  117  119  117  119  117  118  117  119  117  119
  118  120  121  121  123  124  123  153  166                                   
    85.0-180.0 180.0   5.0 450.0                            LAT/LON1/LON2/DLON/H
  124  124  123  126  127  125  127  126  129  128  130  129  131  130  132  131
  133  132  133  131  132  130  131  127  127  124  124  120  120  117  117  114
  114  111  112  110  110  109  109  108  109  108  108  108  109  109  110  110
  111  111  112  112  113  113  114  113  114  113  114  112  114  112  114  113
  115  115  118  116  119  117  119  143  124                                   
    82.5-180.0 180.0   5.0 450.0                            LAT/LON1/LON2/DLON/H
  126  125  124  128  127  128  127  131  130  134  133  136  135  138  137  139
  138  140  138  139  137  138  134  134  130  130  125  125  120  120  114  115
  110  111  106  107  103  105  101  103  101  103  101  104  102  106  105  108
  107  111  110  113  111  115  113  115  113  116  113  115  112  115  112  114
  113  116  115  118  117  117  115  132  126                                   
    80.0-180.0 180.0   5.0 450.0                            LAT/LON1/LON2/DLON/H
  129  119  118  119  120  119  123  123  126  126  129  129  132  132  135  134
  137  136  138  136  137  135  135  131  130  125  124  119  117  112  111  106
  105  101  100   96   97   93   95   92   94   91   95   93   97   96  100   99
  104  103  107  106  109  108  111  109  111  108  109  107  107  106  106  105
  107  107  109  108  111  109  108  126  129                                   
    77.5-180.0 180.0   5.0 450.0                            LAT/LON1/LON2/DLON/H
  119  115  111  113  113  114  116  118  120  122  124  126  128  130  132  133
  135  135  137  136  137  135  134  131  128  123  120  115  112  108  105  101
   98   96   94   91   90   88   87   86   86   85   86   87   89   91   93   96
   98  100  102  103  105  105  106  105  105  103  103  101  101  100  100   99
  100  101  103  103  104  101  101  115  119                                   
    75.0-180.0 180.0   5.0 450.0                            LAT/LON1/LON2/DLON/H
  116  108  108  111  110  113  115  116  118  120  123  124  127  128  131  132
  134  135  137  137  138  137  137  133  130  126  122  117  113  109  106  102
   99   97   96   93   92   89   89   86   86   84   86   85   87   89   92   93
   96   98  101  101  103  103  104  102  102  100  100   98   98   97   98   97
   98   99  102  101  104   99  100  117  116                                   
    72.5-180.0 180.0   5.0 450.0                            LAT/LON1/LON2/DLON/H
  110  108  107  109  109  110  113  113  115  117  120  121  123  125  128  129
  131  132  134  134  135  135  135  132  129  124  120  114  111  107  105  102
  100   98   97   95   93   91   89   87   85   84   83   83   84   86   88   90
   92   95   96   97   97   97   96   95   94   93   92   92   91   92   92   93
   95   97   99  100  102   99   99  114  110                                   
    70.0-180.0 180.0   5.0 450.0                            LAT/LON1/LON2/DLON/H
  110  106  106  108  108  110  113  113  115  117  120  121  123  124  126  127
  129  130  132  132  134  133  135  131  129  124  120  114  112  108  107  104
  103  102  102   99   99   96   95   90   89   86   86   84   86   86   89   90
   93   93   94   93   94   92   92   89   90   88   89   88   90   90   93   93
   96   97  101  101  105  100  100  116  110                                   
    67.5-180.0 180.0   5.0 450.0                            LAT/LON1/LON2/DLON/H
  111  109  108  109  108  109  111  112  115  116  119  119  122  122  124  124
  126  125  129  128  131  130  132  128  128  122  120  114  112  109  109  107
  107  106  106  104  103  101   98   95   92   89   87   86   85   86   86   88
   88   88   87   85   83   82   79   79   78   78   78   81   83   86   89   92
   94   97  100  102  105  103  102  114  111                                   
    65.0-180.0 180.0   5.0 450.0                            LAT/LON1/LON2/DLON/H
  115  112  111  113  112  112  114  114  117  118  122  122  125  125  127  125
  127  126  129  128  132  130  133  129  129  123  122  116  116  113  114  112
  113  112  113  110  110  107  105  100   98   94   93   91   91   91   91   90
   90   87   85   81   78   74   73   71   72   72   75   76   82   85   90   92
   97   99  104  104  109  106  105  119  115                                   
    62.5-180.0 180.0   5.0 450.0                            LAT/LON1/LON2/DLON/H
  120  118  117  117  114  113  115  115  117  119  123  124  127  127  128  127
  128  126  129  128  131  130  132  129  129  124  123  120  121  119  121  119
  120  118  118  115  114  112  110  106  103  101   98   97   95   94   92   90
   88   83   78   73   68   65   61   61   61   64   66   72   76   82   87   91
   95   99  103  105  108  109  107  119  120                                   
    60.0-180.0 180.0   5.0 450.0                            LAT/LON1/LON2/DLON/H
  126  122  122  123  121  119  120  118  121  121  126  126  130  130  132  129
  130  128  130  129  132  131  134  131  132  127  128  125  128  127  129  127
  128  125  124  121  121  117  117  112  112  108  107  105  103  100   98   94
   90   84   78   70   65   60   58   56   58   60   65   69   76   80   87   90
   96   98  104  105  111  110  109  124  126                                   
    57.5-180.0 180.0   5.0 450.0                            LAT/LON1/LON2/DLON/H
  131  129  129  129  127  124  123  121  122  122  126  128  131  132  133  131
  132  129  131  129  132  131  134  131  132  129  131  130  134  134  137  135
  134  130  129  125  125  122  122  120  119  117  115  112  110  105  102   96
   91   83   76   67   61   56   53   53   54   58   62   67   72   77   82   87
   91   95  100  104  107  111  110  123  131                                   
    55.0-180.0 180.0   5.0 450.0                            LAT/LON1/LON2/DLON/H
  136  133  135  139  136  134  132  127  127  125  129  129  134  134  136  133
  133  130  132  130  133  133  135  133  135  133  136  136  141  142  145  143
  142  138  136  133  133  131  133  130  131  129  127  123  120  115  110  104
   96   88   79   71   64   61   58   58   60   63   66   69   74   76   82   84
   90   92   99  102  109  112  114  130  136                                   
    52.5-180.0 180.0   5.0 450.0                            LAT/LON1/LON2/DLON/H
  140  140  144  147  146  142  140  135  132  130  131  131  135  136  138  136
  135  132  132  131  133  132  135  133  135  134  138  140  146  148  151  148
  147  143  141  139  140  140  141  141  140  138  135  131  125  120  114  107
  100   91   82   74   68   65   63   64   66   68   69   71   73   75   77   80
   84   89   95  100  106  111  115  132  140                                   
    50.0-180.0 180.0   5.0 450.0                            LAT/LON1/LON2/DLON/H
  144  144  150  157  156  155  152  145  142  137  137  135  138  138  140  137
  137  132  133  131  134  133  136  135  137  137  142  145  151  153  157  154
  153  150  150  148  151  152  155  153  154  149  147  141  136  128  122  115
  107   99   90   84   79   77   75   77   78   79   79   78   78   77   80   80
   86   89   98  103  110  115  121  140  144                                   
    47.5-180.0 180.0   5.0 450.0                            LAT/LON1/LON2/DLON/H
  147  152  158  163  166  163  163  157  153  147  144  142  143  143  144  142
  140  136  134  133  134  134  136  136  138  139  144  148  154  156  159  158
  157  156  156  157  160  163  165  164  162  157  152  146  139  132  126  119
  112  104   96   91   86   86   85   88   88   89   86   84   80   79   78   81
   85   91   98  105  111  118  124  144  147                                   
    45.0-180.0 180.0   5.0 450.0                            LAT/LON1/LON2/DLON/H
  151  157  163  172  174  176  175  171  167  159  156  151  152  149  150  147
  146  140  139  136  139  138  141  140  143  144  150  154  160  162  165  164
  164  164  167  170  175  177  179  176  174  167  162  154  148  140  134  127
  120  114  106  102   99   99   99  101  101  100   97   92   89   85   86   88
   93   99  108  114  122  127  134  154  151                                   
    42.5-180.0 180.0   5.0 450.0                            LAT/LON1/LON2/DLON/H
  155  162  168  175  180  183  186  183  181  175  170  165  164  161  160  156
  154  149  145  143  143  143  145  145  148  150  156  160  165  167  170  170
  171  173  177  182  186  189  190  186  182  175  168  161  153  147  139  134
  126  121  114  111  107  108  107  110  110  109  104  100   94   93   91   94
   99  107  115  122  128  134  141  161  155                                   
    40.0-180.0 180.0   5.0 450.0                            LAT/LON1/LON2/DLON/H
  160  167  171  179  184  192  195  197  195  190  186  179  178  172  171  166
  164  157  156  152  154  152  156  155  161  162  169  171  177  178  180  180
  183  186  192  196  202  202  203  197  193  185  179  172  166  159  152  145
  138  131  125  120  118  116  117  118  119  116  113  108  105  103  104  107
  113  120  128  136  142  147  154  172  160                                   
    37.5-180.0 180.0   5.0 450.0                            LAT/LON1/LON2/DLON/H
  168  172  175  180  187  194  201  205  208  205  202  197  195  190  187  181
  177  170  167  163  163  162  165  165  170  174  181  184  189  190  191  192
  194  199  203  208  211  212  209  205  198  193  186  181  173  169  160  154
  144  138  129  125  120  121  119  122  121  121  115  115  110  113  112  117
  121  129  136  144  149  155  161  180  168                                   
    35.0-180.0 180.0   5.0 450.0                            LAT/LON1/LON2/DLON/H
  175  179  181  187  192  201  208  215  220  220  219  215  212  207  204  198
  194  186  183  178  179  177  181  181  189  192  201  203  209  208  209  209
  213  216  220  222  224  221  218  211  206  200  196  190  185  178  170  161
  153  143  135  129  124  122  122  122  122  120  118  118  118  121  123  128
  132  140  147  154  160  165  171  188  175                                   
    32.5-180.0 180.0   5.0 450.0                            LAT/LON1/LON2/DLON/H
  184  185  187  190  195  201  210  218  227  232  234  233  231  227  222  216
  211  203  197  191  190  189  192  194  202  207  216  221  224  225  225  227
  228  230  230  231  228  225  219  214  208  205  199  196  189  184  173  166
  153  147  134  129  122  120  117  119  118  120  117  121  121  127  127  133
  135  143  149  157  163  170  176  196  184                                   
    30.0-180.0 180.0   5.0 450.0                            LAT/LON1/LON2/DLON/H
  194  196  197  200  203  210  217  227  237  245  249  251  250  247  242  238
  231  224  216  210  208  205  209  211  220  226  237  241  244  245  246  246
  246  246  244  241  236  229  222  216  211  207  203  198  191  182  173  162
  153  144  134  126  119  115  113  112  113  114  115  119  122  127  130  134
  138  145  153  161  168  175  183  204  194                                   
    27.5-180.0 180.0   5.0 450.0                            LAT/LON1/LON2/DLON/H
  204  207  208  209  212  216  221  231  241  253  260  267  269  268  264  259
  253  245  236  229  223  221  222  225  234  243  252  258  260  262  261  261
  259  258  252  246  236  229  218  214  207  204  197  193  182  175  162  156
  145  139  127  122  114  111  107  108  107  109  110  116  118  124  125  129
  131  139  147  157  166  178  187  209  204                                   
    25.0-180.0 180.0   5.0 450.0                            LAT/LON1/LON2/DLON/H
  215  221  224  225  224  230  232  241  250  262  272  282  289  291  289  286
  280  272  263  254  247  244  242  247  254  261  269  273  274  275  274  274
  271  268  259  250  239  228  218  211  203  197  188  181  169  160  150  143
  134  128  120  114  109  105  102  101  101  102  104  108  112  116  118  121
  125  135  144  156  166  179  191  214  215                                   
    22.5-180.0 180.0   5.0 450.0                            LAT/LON1/LON2/DLON/H
  222  230  233  236  238  239  243  249  258  271  281  296  306  313  314  313
  308  302  290  282  271  268  264  267  272  276  280  283  283  284  282  281
  277  272  260  250  236  226  212  203  191  184  171  163  150  143  132  127
  118  116  109  107  101   99   96   95   94   96   98  102  104  107  107  111
  115  126  137  151  163  180  192  217  222                                   
    20.0-180.0 180.0   5.0 450.0                            LAT/LON1/LON2/DLON/H
  229  240  248  254  253  259  257  267  271  284  294  310  324  335  339  339
  337  331  321  312  301  297  291  294  292  295  295  295  292  291  288  285
  281  273  261  248  236  222  209  195  181  171  158  149  137  128  118  111
  106  103  100   99   97   94   92   90   90   89   91   92   95   96   97  101
  109  123  137  152  164  179  194  220  229                                   
    17.5-180.0 180.0   5.0 450.0                            LAT/LON1/LON2/DLON/H
  231  244  251  259  263  268  271  276  282  292  304  324  340  354  360  363
  362  358  351  342  334  328  320  316  312  310  307  304  300  297  292  289
  281  273  258  248  230  218  200  187  169  159  144  136  122  115  103  100
   92   93   89   91   88   89   87   86   84   85   83   85   84   86   86   92
  101  117  133  150  163  179  194  220  231                                   
    15.0-180.0 180.0   5.0 450.0                            LAT/LON1/LON2/DLON/H
  235  249  259  270  273  283  284  293  294  308  317  338  355  368  377  381
  384  382  377  373  364  363  350  348  338  331  322  315  308  302  297  290
  283  271  258  242  228  212  196  180  163  151  140  130  120  109  101   93
   89   86   85   84   86   86   86   83   81   79   78   77   76   75   77   84
   97  115  134  151  163  178  193  220  235                                   
    12.5-180.0 180.0   5.0 450.0                            LAT/LON1/LON2/DLON/H
  232  248  257  270  276  285  290  298  302  313  325  345  362  378  388  396
  403  404  405  398  392  386  378  370  358  348  334  325  315  309  301  293
  282  271  254  241  223  210  190  176  158  149  136  130  118  111  100   95
   86   85   81   82   82   85   83   81   77   75   72   71   68   69   70   79
   91  109  129  148  161  177  192  222  232                                   
    10.0-180.0 180.0   5.0 450.0                            LAT/LON1/LON2/DLON/H
  237  251  264  278  284  297  301  314  316  329  337  353  370  385  397  408
  419  423  426  419  411  405  395  390  374  361  345  332  322  312  305  292
  282  265  254  236  223  205  188  171  158  148  140  133  126  117  110  100
   93   87   85   82   83   83   82   79   75   71   68   66   64   64   68   75
   89  107  129  148  162  178  197  224  237                                   
     7.5-180.0 180.0   5.0 450.0                            LAT/LON1/LON2/DLON/H
  236  254  267  280  288  299  307  318  323  333  340  356  369  385  397  410
  425  433  439  430  424  414  405  397  384  370  353  340  327  317  304  291
