data/unet/pred3100.15i
     1.0            IONOSPHERE MAPS     GNSS                IONEX VERSION / TYPE
pyspatialgeodesy        IME             05-JAN-18 20:20     PGM / RUN BY / DATE 
Map Name                                                    COMMENT             
Predicted global ionosphere maps (GIM).                     DESCRIPTION         
  2015    11     6     0     0     0                        EPOCH OF FIRST MAP  
  2015    11     7     0     0     0                        EPOCH OF LAST MAP   
  7200                                                      INTERVAL            
    13                                                      # OF MAPS IN FILE   
  NONE                                                      MAPPING FUNCTION    
10.0                                                        ELEVATION CUTOFF    
One-way carrier phase leveled to code                       OBSERVABLES USED    
  6371.0                                                    BASE RADIUS         
 2                                                          MAP DIMENSION       
   450.0 450.0   0.0                                        HGT1 / HGT2 / DHGT  
    87.5 -87.5  -2.5                                        LAT1 / LAT2 / DLAT  
  -180.0 180.0   5.0                                        LON1 / LON2 / DLON  
    -1                                                      EXPONENT            
                                                            END OF HEADER       
[from data line 429]
     2                                                      START OF TEC MAP    
  2015    11     6     2     0     0                        EPOCH OF CURRENT MAP
    87.5-180.0 180.0   5.0 450.0                            LAT/LON1/LON2/DLON/H
   82   69   66   56   58   52   54   50   53   48   52   47   50   46   50   45
   48   45   48   44   47   43   45   42   44   41   43   39   43   39   43   38
   44   39   45   39   47   41   49   43   51   46   55   50   58   53   60   56
   62   58   63   59   64   61   65   62   67   63   68   63   68   62   68   62
   68   62   69   64   73   63   72   79   82                                   
    85.0-180.0 180.0   5.0 450.0                            LAT/LON1/LON2/DLON/H
   70   76   56   58   54   51   50   49   49   48   48   48   47   48   48   48
   48   48   47   47   46   46   43   43   40   40   38   38   36   36   35   35
   35   34   36   35   37   37   40   41   43   45   48   50   51   53   54   56
   55   57   57   58   58   59   59   60   61   61   63   62   63   62   64   63
   64   63   65   64   65   58   65   87   70                                   
    82.5-180.0 180.0   5.0 450.0                            LAT/LON1/LON2/DLON/H
   75   69   67   62   58   52   54   49   52   47   51   48   52   49   55   51
   56   51   56   50   54   47   50   42   44   36   37   31   33   28   30   28
   29   30   32   34   36   38   42   44   47   49   52   55   56   56   58   58
   59   57   59   58   59   57   60   59   62   61   65   65   67   67   70   70
   71   71   73   73   73   68   79   95   75                                   
    80.0-180.0 180.0   5.0 450.0                            LAT/LON1/LON2/DLON/H
   84   74   68   64   59   52   51   47   48   46   48   48   51   52   56   57
   59   60   60   59   58   55   51   47   43   38   35   31   30   26   27   25
   28   27   31   31   36   38   43   45   51   52   56   58   60   59   61   60
   61   58   60   58   60   57   61   60   65   64   70   70   76   74   81   79
   84   82   87   85   86   79   83   97   84                                   
    77.5-180.0 180.0   5.0 450.0                            LAT/LON1/LON2/DLON/H
   94   88   80   76   63   61   53   54   48   51   50   55   54   61   62   68
   68   72   71   73   68   67   60   57   49   45   39   37   31   31   27   29
   27   32   32   38   38   45   46   53   54   59   59   63   59   62   58   60
   55   56   53   55   52   56   55   61   61   67   69   76   77   83   85   91
   91   97   96  101   97   97   98  106   94                                   
    75.0-180.0 180.0   5.0 450.0                            LAT/LON1/LON2/DLON/H
  106   98   89   85   73   66   60   56   52   52   52   55   57   63   66   72
   74   79   79   80   78   75   70   63   57   51   45   40   36   33   31   31
   32   33   36   39   42   47   50   55   57   61   61   63   61   61   58   55
   52   50   50   49   49   51   54   58   62   68   72   77   81   85   90   94
   98  102  107  110  111  108  110  112  106                                   
    72.5-180.0 180.0   5.0 450.0                            LAT/LON1/LON2/DLON/H
  117  112  105   96   82   75   66   62   55   55   52   56   55   62   64   71
   73   79   79   82   79   78   72   68   61   56   49   45   39   39   35   37
   35   38   39   42   44   48   51   54   56   57   58   58   56   54   51   49
   45   44   43   45   44   49   52   59   62   70   73   80   82   88   91   96
   98  105  109  116  118  121  122  117  117                                   
    70.0-180.0 180.0   5.0 450.0                            LAT/LON1/LON2/DLON/H
  128  122  111  107   92   83   73   67   60   58   53   54   52   57   58   64
   67   73   76   78   78   76   73   69   65   60   56   52   51   47   47   45
   47   46   48   48   50   52   54   56   56   57   57   57   53   51   47   44
   42   40   42   43   47   52   58   65   72   79   84   89   93   95   98   99
  103  106  113  118  125  125  129  122  128                                   
    67.5-180.0 180.0   5.0 450.0                            LAT/LON1/LON2/DLON/H
  132  129  124  117  101   93   81   76   67   64   57   57   51   54   51   57
   57   65   65   72   68   72   66   68   62   64   59   61   57   58   53   56
   51   53   49   51   48   50   50   52   50   51   50   49   46   45   41   41
   37   39   39   44   47   56   63   73   80   90   95  101  102  103  101  100
   99  103  107  116  121  127  131  123  132                                   
    65.0-180.0 180.0   5.0 450.0                            LAT/LON1/LON2/DLON/H
  135  132  126  123  109  100   90   84   76   72   63   59   50   50   44   48
   48   55   57   61   62   63   62   61   61   61   62   62   64   61   61   59
   58   54   52   50   48   48   48   49   49   50   49   49   46   45   42   41
   41   42   45   49   56   64   75   87   98  108  114  119  119  117  113  107
  105  104  108  113  120  124  131  123  135                                   
    62.5-180.0 180.0   5.0 450.0                            LAT/LON1/LON2/DLON/H
  134  132  129  122  108  101   91   89   81   77   68   62   50   46   39   40
   39   45   46   51   50   54   51   55   53   59   58   64   63   66   61   62
   55   54   47   46   42   42   41   43   42   44   44   45   44   44   43   43
   42   44   47   54   61   72   84   97  109  119  126  130  130  125  121  112
  108  103  105  108  113  119  128  122  134                                   
    60.0-180.0 180.0   5.0 450.0                            LAT/LON1/LON2/DLON/H
  133  131  125  122  111  103   96   94   90   85   76   68   56   49   40   40
   40   42   45   47   49   48   47   47   50   51   54   57   60   59   59   56
   52   48   42   40   38   38   38   40   41   43   45   47   48   48   47   48
   48   50   53   60   68   80   94  108  120  130  137  140  141  137  131  124
  118  112  110  112  114  118  126  120  133                                   
    57.5-180.0 180.0   5.0 450.0                            LAT/LON1/LON2/DLON/H
  140  136  130  121  108  102   94   95   90   88   78   71   58   52   41   41
   39   44   43   46   44   44   39   41   40   46   46   52   52   54   51   50
   45   42   37   36   36   36   37   38   40   42   46   49   51   53   53   52
   53   54   58   64   73   84  100  113  127  136  145  149  153  150  148  139
  135  125  123  120  119  123  132  125  140                                   
    55.0-180.0 180.0   5.0 450.0                            LAT/LON1/LON2/DLON/H
  154  149  138  132  118  108  100   99   96   93   84   76   66   56   51   47
   49   49   51   49   47   43   41   40   42   43   46   47   49   48   46   43
   41   38   38   38   40   41   42   43   46   48   53   56   58   60   59   59
   58   60   63   69   79   93  107  122  133  142  153  158  162  163  162  156
  151  146  142  140  137  139  144  136  154                                   
    52.5-180.0 180.0   5.0 450.0                            LAT/LON1/LON2/DLON/H
  179  171  159  146  132  120  109  105   99   94   85   79   67   62   53   54
   51   53   51   51   47   45   41   42   41   44   44   46   45   44   41   40
   40   40   43   45   48   50   51   51   53   56   60   63   66   67   66   65
   64   65   68   75   86   99  114  126  138  148  158  166  172  175  179  175
  176  170  168  162  158  160  165  155  179                                   
    50.0-180.0 180.0   5.0 450.0                            LAT/LON1/LON2/DLON/H
  201  194  183  173  158  143  128  121  108  102   90   83   73   66   62   59
   60   56   56   52   51   47   46   45   48   48   50   48   49   45   45   43
   47   47   54   56   62   61   62   61   62   64   68   71   73   73   72   70
   70   72   75   85   97  114  126  138  147  155  165  173  180  186  190  192
  193  191  190  187  181  182  184  172  201                                   
    47.5-180.0 180.0   5.0 450.0                            LAT/LON1/LON2/DLON/H
  227  222  215  201  184  166  150  136  121  108   95   86   77   72   65   63
   58   57   52   51   50   51   49   52   52   55   53   53   52   50   50   50
   53   58   64   69   73   74   73   70   70   72   75   77   79   79   77   75
   75   79   84   97  112  128  139  149  156  166  173  180  185  191  197  199
  204  205  208  205  201  201  201  189  227                                   
    45.0-180.0 180.0   5.0 450.0                            LAT/LON1/LON2/DLON/H
  246  245  240  232  217  196  176  160  138  124  106   97   86   81   74   69
   64   58   55   53   55   56   59   60   63   64   64   63   64   60   62   60
   67   69   79   81   85   84   81   77   76   77   79   82   84   84   82   81
   83   88   97  112  130  147  156  165  171  178  183  187  191  196  202  205
  208  213  215  215  212  213  215  204  246                                   
    42.5-180.0 180.0   5.0 450.0                            LAT/LON1/LON2/DLON/H
  251  256  251  250  236  217  196  175  154  134  117  105   94   89   80   74
   65   61   54   57   58   64   64   70   70   73   71   70   69   68   67   70
   73   79   83   88   90   88   84   81   80   81   84   86   87   86   85   86
   89   97  109  127  144  159  169  177  183  187  190  192  195  197  202  202
  207  210  214  214  212  214  214  207  251                                   
    40.0-180.0 180.0   5.0 450.0                            LAT/LON1/LON2/DLON/H
  251  251  251  254  245  231  209  192  168  150  129  119  108  101   91   82
   74   67   64   65   71   74   77   80   81   82   80   79   79   76   77   75
   80   81   87   89   91   88   84   81   82   84   86   89   90   91   91   93
   99  109  124  142  159  175  185  194  199  202  202  203  203  202  202  200
  201  202  203  205  201  206  212  203  251                                   
    37.5-180.0 180.0   5.0 450.0                            LAT/LON1/LON2/DLON/H
  237  240  235  239  232  224  209  193  172  153  137  126  117  111  100   92
   83   79   76   81   83   88   86   88   86   86   82   81   80   79   78   79
   79   81   84   85   88   83   82   79   82   86   90   91   93   92   93   97
  105  118  134  151  168  183  195  203  212  214  216  213  214  208  209  202
  200  198  200  198  194  198  205  199  237                                   
    35.0-180.0 180.0   5.0 450.0                            LAT/LON1/LON2/DLON/H
  230  227  221  222  217  216  203  192  173  159  143  136  127  122  112  105
   97   94   94   98  100  100   97   95   92   90   86   84   84   81   82   79
   80   79   82   82   84   81   81   80   85   90   94   96   96   95   97  101
  111  123  140  156  173  188  200  213  223  227  230  228  227  225  222  216
  209  210  207  206  198  200  211  200  230                                   
    32.5-180.0 180.0   5.0 450.0                            LAT/LON1/LON2/DLON/H
  236  227  213  206  204  200  193  181  168  153  141  134  129  124  118  112
  108  108  108  112  110  108   99   95   90   88   85   83   83   82   82   80
   79   79   80   80   83   79   82   81   88   93   98   99   97   97   97  103
  112  125  142  157  174  189  204  218  233  239  246  245  253  249  252  244
  241  238  237  234  227  225  235  223  236                                   
    30.0-180.0 180.0   5.0 450.0                            LAT/LON1/LON2/DLON/H
  259  247  225  212  202  196  188  180  166  154  141  136  131  128  121  118
  116  117  117  118  113  107   97   93   91   90   89   87   88   85   85   83
   82   80   82   81   84   82   84   84   91   96  101  101   99   96   99  102
  115  126  142  159  175  194  210  228  244  253  264  268  279  284  290  288
  285  284  285  280  278  275  278  263  259                                   
    27.5-180.0 180.0   5.0 450.0                            LAT/LON1/LON2/DLON/H
  314  294  262  241  224  209  198  184  172  156  145  135  129  124  119  116
  115  116  114  111  104   96   88   87   90   93   95   95   95   92   91   89
   88   87   88   88   90   87   90   88   94   96   99   99   95   94   93  101
  110  125  139  155  174  193  212  233  251  263  274  287  303  316  330  332
  334  335  343  343  351  351  347  326  314                                   
    25.0-180.0 180.0   5.0 450.0                            LAT/LON1/LON2/DLON/H
  407  384  341  291  261  237  217  201  184  170  153  142  131  123  115  113
  110  109  103   98   87   82   79   85   95  104  110  109  108  106  103  102
  100  100  100  100  102   99   97   93   96   95   98   95   92   89   91   96
  108  120  137  153  173  195  217  239  259  272  288  304  327  349  369  380
  391  395  408  416  428  441  438  409  407                                   
    22.5-180.0 180.0   5.0 450.0                            LAT/LON1/LON2/DLON/H
  526  503  449  390  346  300  267  236  218  194  179  157  143  128  116  109
  103   98   87   78   67   65   71   86  105  118  125  124  124  120  118  116
  114  114  114  113  113  108  105   97   96   92   90   87   83   82   84   93
  104  118  135  154  176  200  224  245  267  283  301  320  347  372  402  423
  441  455  470  483  500  516  522  503  526                                   
    20.0-180.0 180.0   5.0 450.0                            LAT/LON1/LON2/DLON/H
  651  639  588  524  469  409  353  307  263  231  206  185  163  143  125  113
  102   93   78   68   61   64   80  101  124  137  143  142  140  137  136  137
  134  134  131  129  127  120  112  101   96   90   88   83   80   78   81   90
  106  120  142  162  187  214  241  263  286  303  323  344  372  401  439  465
  492  510  530  545  571  595  601  600  651                                   
    17.5-180.0 180.0   5.0 450.0                            LAT/LON1/LON2/DLON/H
  726  740  693  648  596  531  461  400  343  296  256  224  199  171  149  129
  113   97   78   69   67   79  100  124  146  159  164  162  159  156  154  155
  152  149  144  138  134  125  115  101   91   83   79   76   73   71   75   87
  104  125  148  174  199  231  257  282  308  328  348  368  397  432  466  495
  523  551  571  592  619  647  660  664  726                                   
    15.0-180.0 180.0   5.0 450.0                            LAT/LON1/LON2/DLON/H
  769  791  769  735  700  639  575  499  435  373  319  274  234  206  178  157
  135  116   97   88   93  105  131  150  172  181  185  180  176  171  171  171
  167  162  154  145  139  130  116  102   92   83   77   73   73   71   75   86
  108  132  161  188  219  251  280  306  334  352  371  391  421  453  485  511
  539  566  587  610  639  667  683  691  769                                   
    12.5-180.0 180.0   5.0 450.0                            LAT/LON1/LON2/DLON/H
  744  789  779  767  745  697  642  577  514  452  391  337  287  247  217  191
  172  151  136  132  141  153  173  190  205  209  205  200  191  190  186  184
  176  170  158  146  138  127  115  101   92   81   73   67   65   63   69   84
  109  140  170  203  232  266  296  323  350  367  386  404  432  459  486  510
  529  551  571  593  622  649  671  686  744                                   
    10.0-180.0 180.0   5.0 450.0                            LAT/LON1/LON2/DLON/H
  694  730  746  757  748  715  678  622  575  515  463  403  347  296  257  228
  208  191  181  181  194  203  221  226  236  231  224  215  208  203  200  195
  183  173  159  148  138  128  115  105   94   85   75   70   68   65   71   84
  112  143  178  211  242  276  305  329  353  369  387  406  430  459  479  500
  514  531  545  569  594  613  629  652  694                                   
     7.5-180.0 180.0   5.0 450.0                            LAT/LON1/LON2/DLON/H
  618  652  677  703  714  697  677  639  606  559  514  461  408  354  309  273
  254  236  234  236  248  257  263  263  261  252  240  231  220  219  210  204
