data/unet/pred0780.15i
     1.0            IONOSPHERE MAPS     GNSS                IONEX VERSION / TYPE
pyspatialgeodesy        IME             05-JAN-18 20:20     PGM / RUN BY / DATE 
Map Name                                                    COMMENT             
Predicted global ionosphere maps (GIM).                     DESCRIPTION         
  2015     3    19     0     0     0                        EPOCH OF FIRST MAP  
  2015     3    20     0     0     0                        EPOCH OF LAST MAP   
  7200                                                      INTERVAL            
    13                                                      # OF MAPS IN FILE   
  NONE                                                      MAPPING FUNCTION    
10.0                                                        ELEVATION CUTOFF    
One-way carrier phase leveled to code                       OBSERVABLES USED    
  6371.0                                                    BASE RADIUS         
 2                                                          MAP DIMENSION       
   450.0 450.0   0.0                                        HGT1 / HGT2 / DHGT  
    87.5 -87.5  -2.5                                        LAT1 / LAT2 / DLAT  
  -180.0 180.0   5.0                                        LON1 / LON2 / DLON  
    -1                                                      EXPONENT            
                                                            END OF HEADER       
[from data line 3432]
     9                                                      START OF TEC MAP    
  2015     3    19    16     0     0                        EPOCH OF CURRENT MAP
    87.5-180.0 180.0   5.0 450.0                            LAT/LON1/LON2/DLON/H
  124  130  132  133  134  131  133  131  132  131  133  131  132  130  132  130
  130  129  130  129  129  128  130  129  129  129  130  129  129  128  128  127
  125  125  124  124  121  122  120  121  118  119  117  119  116  118  116  118
  116  118  115  118  115  118  115  118  117  119  118  121  120  123  122  125
  125  127  127  129  130  130  133  138  124                                   
    85.0-180.0 180.0   5.0 450.0                            LAT/LON1/LON2/DLON/H
   94  114  116  123  122  124  123  126  124  126  125  126  124  125  124  124
  122  123  121  122  119  120  119  119  118  118  119  117  117  116  117  114
  113  111  110  108  105  104  102  100   99   98   97   95   95   94   94   92
   94   92   94   92   94   93   94   94   96   97   97  100  101  104  103  107
  107  112  111  116  116  116  112  118   94                                   
    82.5-180.0 180.0   5.0 450.0                            LAT/LON1/LON2/DLON/H
   95   97  112  114  115  117  120  121  122  122  125  124  125  122  124  121
  121  118  119  116  116  115  116  114  116  114  118  116  118  115  118  115
  115  112  112  109  108  106  104  102  101   99   98   96   95   94   93   91
   90   90   89   88   88   89   87   88   88   90   89   90   91   92   92   94
   95   97   98   99  101   96  106  101   95                                   
    80.0-180.0 180.0   5.0 450.0                            LAT/LON1/LON2/DLON/H
   81   90   97  100  102  107  110  114  116  117  120  120  120  118  117  116
  113  112  109  109  107  108  108  110  111  113  115  118  119  121  121  123
  120  122  117  119  112  114  108  108  103  103   99   98   95   95   92   92
   90   89   87   86   85   84   83   82   82   82   81   81   81   81   80   82
   81   83   82   83   83   80   88   93   81                                   
    77.5-180.0 180.0   5.0 450.0                            LAT/LON1/LON2/DLON/H
   70   75   83   84   90   93  101  104  109  110  114  113  114  111  111  108
  106  104  103  102  103  103  106  108  111  114  118  119  123  123  125  125
  125  125  123  122  119  117  113  111  106  104  101   99   97   96   93   93
   91   91   88   88   86   86   83   82   81   80   78   78   76   76   74   73
   72   72   72   69   70   63   67   79   70                                   
    75.0-180.0 180.0   5.0 450.0                            LAT/LON1/LON2/DLON/H
   57   59   65   67   74   80   88   92   98  100  105  106  106  106  105  105
  102  102  101  103  103  107  109  114  117  123  125  129  130  133  133  132
  132  130  130  125  125  120  120  113  111  105  106   98  101   96  100   94
   98   94   97   93   94   91   92   88   88   85   84   80   79   76   75   71
   70   68   67   63   61   58   62   70   57                                   
    72.5-180.0 180.0   5.0 450.0                            LAT/LON1/LON2/DLON/H
   53   53   58   56   61   68   76   81   88   91   95   98  100  101  101  102
  102  103  104  108  111  117  121  127  131  136  140  142  143  144  144  141
  140  137  136  132  130  127  124  120  115  113  108  107  103  105  103  103
  101  103  101  101   98   99   96   96   92   91   88   86   83   80   77   75
   72   69   68   62   60   54   53   59   53                                   
    70.0-180.0 180.0   5.0 450.0                            LAT/LON1/LON2/DLON/H
   52   50   53   51   58   61   69   73   81   84   89   92   97   99  101  106
  105  109  111  118  122  131  135  145  146  150  151  151  149  148  147  142
  143  137  140  133  136  129  131  123  123  116  116  110  110  107  110  105
  107  106  106  105  104  103  102   99   98   94   93   88   87   82   82   77
   77   73   72   67   62   60   60   58   52                                   
    67.5-180.0 180.0   5.0 450.0                            LAT/LON1/LON2/DLON/H
   56   53   54   53   55   57   64   67   75   76   84   88   95   99  103  108
  110  115  120  128  135  144  152  159  160  161  161  157  155  151  149  143
  141  135  136  132  132  129  128  126  121  120  116  113  109  110  107  106
  104  105  102  104  102  103  100   99   97   95   92   90   87   84   82   80
   79   77   76   72   67   62   60   57   56                                   
    65.0-180.0 180.0   5.0 450.0                            LAT/LON1/LON2/DLON/H
   57   56   56   52   57   55   62   62   70   72   78   83   92   98  105  111
  115  122  128  137  145  156  162  169  171  171  169  163  159  151  152  141
  142  133  137  130  133  128  131  126  126  121  120  115  112  108  105  103
   99   98   94   95   93   94   92   91   90   87   86   83   83   78   79   76
   78   76   77   73   70   67   68   62   57                                   
    62.5-180.0 180.0   5.0 450.0                            LAT/LON1/LON2/DLON/H
   56   56   55   54   56   54   59   58   67   67   76   79   91   98  107  114
  120  127  134  142  152  159  167  172  174  172  171  163  158  150  149  139
  139  131  134  127  129  126  127  125  123  121  117  113  107  105   98   96
   89   89   82   83   80   80   79   79   79   78   76   75   72   71   69   69
   70   71   72   70   68   63   62   60   56                                   
    60.0-180.0 180.0   5.0 450.0                            LAT/LON1/LON2/DLON/H
   55   55   53   48   53   50   54   53   60   60   71   75   87   95  108  114
  122  128  135  143  152  161  168  172  173  172  169  165  162  157  157  151
  151  145  145  140  139  135  134  131  130  126  122  117  110  105   99   94
   86   82   74   72   68   69   67   69   70   70   68   66   65   62   62   60
   62   62   65   63   62   62   62   59   55                                   
    57.5-180.0 180.0   5.0 450.0                            LAT/LON1/LON2/DLON/H
   49   48   49   49   51   50   52   55   59   60   68   73   86   93  107  116
  124  128  136  141  151  157  166  168  171  169  169  167  167  165  170  169
  171  166  166  158  157  150  149  142  138  133  127  121  113  108  100   94
   84   79   69   66   60   60   60   62   63   63   62   61   59   57   54   54
   52   54   56   56   54   52   52   49   49                                   
    55.0-180.0 180.0   5.0 450.0                            LAT/LON1/LON2/DLON/H
   48   46   47   44   48   47   52   52   60   59   69   71   86   93  108  115
  124  128  135  140  148  155  164  168  170  172  173  175  178  184  193  198
  199  198  193  187  183  176  172  165  161  154  146  138  129  122  112  104
   94   87   77   72   66   65   63   65   65   67   63   62   59   57   54   52
   53   51   54   52   52   53   53   49   48                                   
    52.5-180.0 180.0   5.0 450.0                            LAT/LON1/LON2/DLON/H
   47   42   48   48   50   53   57   61   65   70   76   82   91   97  110  117
  125  128  135  137  147  151  162  166  174  174  181  186  198  207  221  228
  231  229  224  218  212  203  197  189  182  174  166  157  147  135  124  114
  104   96   87   81   75   72   70   71   70   72   69   70   65   65   61   61
   57   56   54   53   52   50   52   44   47                                   
    50.0-180.0 180.0   5.0 450.0                            LAT/LON1/LON2/DLON/H
   55   49   55   55   57   62   66   71   74   82   88   93  100  104  117  122
  131  132  137  140  149  155  168  174  185  189  199  207  222  233  249  256
  261  256  250  243  236  226  221  213  207  196  188  178  168  156  142  131
  120  112  102   96   90   87   84   83   83   83   80   80   77   76   74   73
   72   70   69   65   63   63   66   55   55                                   
    47.5-180.0 180.0   5.0 450.0                            LAT/LON1/LON2/DLON/H
   66   58   64   65   70   73   80   88   93  102  105  115  117  122  129  133
  139  140  144  147  156  163  177  185  197  202  216  224  243  250  270  275
  284  277  274  267  261  252  247  240  230  219  209  197  185  172  158  145
  132  123  114  108  102   99   96   96   93   95   92   95   91   93   90   91
   87   86   83   80   78   73   75   65   66                                   
    45.0-180.0 180.0   5.0 450.0                            LAT/LON1/LON2/DLON/H
   79   73   77   78   80   86   91  101  105  119  123  134  137  139  145  146
  151  150  155  157  168  176  193  202  217  224  237  246  264  272  291  296
  306  300  297  290  285  277  271  262  253  237  227  212  200  184  170  154
  140  131  122  118  111  109  104  104  101  103  100  103  102  104  104  105
  104  105  102   99   93   90   94   87   79                                   
    42.5-180.0 180.0   5.0 450.0                            LAT/LON1/LON2/DLON/H
   91   85   90   88   94   98  107  116  123  138  142  159  160  166  166  169
  168  168  170  177  185  195  212  224  237  246  257  266  282  287  303  307
  317  311  315  311  309  302  293  284  270  254  240  225  210  194  175  159
  145  135  127  122  115  111  106  104  101  101  100  106  105  110  110  114
  113  114  112  109  105  101  101   99   91                                   
    40.0-180.0 180.0   5.0 450.0                            LAT/LON1/LON2/DLON/H
   96   94   97   97  100  105  110  120  128  145  157  176  180  183  186  184
  185  180  183  188  200  212  234  246  264  269  282  286  301  301  315  314
  324  321  327  326  327  320  312  301  286  267  250  232  217  198  180  162
  149  135  127  119  114  108  101   99   95   98   97  105  106  112  113  118
  118  119  117  115  111  110  109  111   96                                   
    37.5-180.0 180.0   5.0 450.0                            LAT/LON1/LON2/DLON/H
   98   93   99   99  103  108  113  126  136  157  169  191  199  206  204  206
  203  202  201  210  223  239  257  272  286  292  302  306  318  313  326  325
  339  340  351  354  355  348  334  321  302  280  261  240  224  203  185  167
  152  140  129  122  112  106   98   96   92   94   93  102  103  109  110  115
  114  117  113  113  106  106  101  108   98                                   
    35.0-180.0 180.0   5.0 450.0                            LAT/LON1/LON2/DLON/H
   94   90   96   96  103  106  112  125  138  163  183  204  219  222  227  224
  224  217  223  228  245  260  280  293  308  310  322  322  335  328  341  342
  359  371  384  395  396  387  366  348  323  299  272  252  232  214  196  178
  164  149  139  128  121  113  104  100   98   98   97  103  103  109  109  114
  113  116  109  106  100   96   95  104   94                                   
    32.5-180.0 180.0   5.0 450.0                            LAT/LON1/LON2/DLON/H
   88   82   86   89   91   96  103  115  134  158  184  209  229  241  247  251
  250  249  250  257  268  284  299  313  323  325  336  339  354  348  365  370
  397  414  439  453  457  442  414  386  355  324  296  272  254  232  219  200
  188  168  156  142  133  125  116  113  108  111  109  113  112  115  112  117
  113  114  104  101   91   89   79   86   88                                   
    30.0-180.0 180.0   5.0 450.0                            LAT/LON1/LON2/DLON/H
   76   72   79   81   87   91   98  109  129  156  189  215  243  256  270  269
  276  271  276  277  290  302  317  323  335  336  350  354  373  374  393  413
  445  478  501  520  514  502  462  431  389  362  326  304  279  267  253  240
  226  209  195  180  169  159  150  144  140  138  134  135  129  127  122  125
  122  121  110  105   95   86   77   76   76                                   
    27.5-180.0 180.0   5.0 450.0                            LAT/LON1/LON2/DLON/H
   65   72   73   74   75   79   89  103  126  155  192  222  254  271  284  291
  297  298  300  306  313  322  331  336  349  351  372  382  408  417  448  478
  515  546  568  577  571  547  510  471  434  394  364  330  318  299  300  290
  289  272  257  231  220  205  199  194  190  179  167  162  155  148  145  145
  141  138  124  115  101   92   71   57   65                                   
    25.0-180.0 180.0   5.0 450.0                            LAT/LON1/LON2/DLON/H
   61   70   78   75   73   76   86  102  129  155  199  233  268  286  304  307
  319  318  326  327  338  339  348  349  365  373  402  423  457  476  514  550
  592  624  638  639  619  592  551  515  477  440  401  383  361  358  352  363
  362  360  344  324  302  282  266  253  236  230  215  208  190  186  179  184
  185  179  165  152  132  113   94   58   61                                   
    22.5-180.0 180.0   5.0 450.0                            LAT/LON1/LON2/DLON/H
   53   72   81   77   71   68   82  110  139  174  213  250  280  300  318  329
  343  345  352  356  364  361  369  369  389  400  438  472  518  554  597  641
  681  709  709  696  663  630  592  559  522  484  453  429  410  402  405  419
  429  431  417  399  370  350  330  317  295  284  262  249  224  208  191  196
  192  200  190  179  154  130  102   66   53                                   
    20.0-180.0 180.0   5.0 450.0                            LAT/LON1/LON2/DLON/H
   59   81   86   81   69   76   92  120  154  192  226  258  288  310  330  346
  362  366  379  381  390  387  392  394  415  437  487  530  590  631  675  712
  746  761  751  726  696  660  630  601  568  536  502  475  452  442  440  459
  471  475  461  438  409  386  364  352  329  313  282  267  236  225  204  213
  208  220  205  200  166  151  127   84   59                                   
    17.5-180.0 180.0   5.0 450.0                            LAT/LON1/LON2/DLON/H
   75  105  101   92   82   82  101  138  178  215  244  275  299  323  346  367
  385  393  410  412  422  416  421  421  446  478  535  591  654  695  734  767
  790  790  772  743  709  675  646  621  597  573  544  513  487  471  472  486
  495  494  468  444  407  393  370  363  337  327  292  281  249  244  222  229
  222  231  222  209  185  165  146  104   75                                   
    15.0-180.0 180.0   5.0 450.0                            LAT/LON1/LON2/DLON/H
   95  123  114  102   93  102  122  160  202  239  262  289  311  333  360  384
  405  418  435  444  449  448  445  453  476  520  577  628  689  723  757  781
  793  785  768  736  705  677  658  637  616  595  567  537  511  492  485  490
  493  480  448  418  388  372  354  348  327  314  283  271  243  240  220  225
  220  229  218  211  186  177  159  120   95                                   
    12.5-180.0 180.0   5.0 450.0                            LAT/LON1/LON2/DLON/H
  109  135  124  108   98  100  121  165  210  251  272  298  320  343  372  401
  427  443  465  472  475  471  469  476  509  557  608  656  711  733  763  770
  783  769  754  730  710  689  673  658  638  620  585  552  520  493  476  475
  468  450  411  386  363  353  342  337  320  302  282  263  246  236  221  216
  215  218  211  202  185  172  159  127  109                                   
    10.0-180.0 180.0   5.0 450.0                            LAT/LON1/LON2/DLON/H
  110  129  121  103   94   99  120  165  215  259  285  310  332  358  390  419
  446  465  487  495  498  496  493  511  544  586  629  672  714  736  762  767
  773  758  742  728  718  712  702  688  668  642  611  569  533  497  476  457
  441  413  384  361  346  344  339  334  313  302  275  258  237  217  203  197
  195  193  190  184  166  163  152  126  110                                   
     7.5-180.0 180.0   5.0 450.0                            LAT/LON1/LON2/DLON/H
  110  122  114  100   93   92  114  158  209  255  284  312  339  372  409  441
  467  489  514  517  524  520  518  535  570  616  654  687  727  741  762  764
