data/unet/pred1810.15i
     1.0            IONOSPHERE MAPS     GNSS                IONEX VERSION / TYPE
pyspatialgeodesy        IME             05-JAN-18 20:20     PGM / RUN BY / DATE 
Map Name                                                    COMMENT             
Predicted global ionosphere maps (GIM).                     DESCRIPTION         
  2015     6    30     0     0     0                        EPOCH OF FIRST MAP  
  2015     7     1     0     0     0                        EPOCH OF LAST MAP   
  7200                                                      INTERVAL            
    13                                                      # OF MAPS IN FILE   
  NONE                                                      MAPPING FUNCTION    
10.0                                                        ELEVATION CUTOFF    
One-way carrier phase leveled to code                       OBSERVABLES USED    
  6371.0                                                    BASE RADIUS         
 2                                                          MAP DIMENSION       
   450.0 450.0   0.0                                        HGT1 / HGT2 / DHGT  
    87.5 -87.5  -2.5                                        LAT1 / LAT2 / DLAT  
  -180.0 180.0   5.0                                        LON1 / LON2 / DLON  
    -1                                                      EXPONENT            
                                                            END OF HEADER       
[from data line 3003]
     8                                                      START OF TEC MAP    
  2015     6    30    14     0     0                        EPOCH OF CURRENT MAP
    87.5-180.0 180.0   5.0 450.0                            LAT/LON1/LON2/DLON/H
  127  143  148  149  148  151  150  153  152  156  155  157  155  157  154  155
  152  153  150  151  148  148  145  145  143  143  141  141  140  141  140  140
  140  140  139  139  139  139  138  138  137  137  136  136  136  137  136  137
  137  138  137  138  139  139  140  140  140  141  141  141  141  142  141  142
  142  143  143  144  140  143  154  133  127                                   
    85.0-180.0 180.0   5.0 450.0                            LAT/LON1/LON2/DLON/H
  130  140  136  140  139  141  141  142  143  144  146  144  146  144  146  143
  144  141  142  139  139  136  136  133  133  131  130  128  129  127  127  125
  126  124  125  123  124  122  122  120  121  120  120  120  120  122  121  123
  124  126  126  128  128  131  130  133  133  134  133  135  134  136  134  136
  134  136  135  137  136  135  140  137  130                                   
    82.5-180.0 180.0   5.0 450.0                            LAT/LON1/LON2/DLON/H
  134  128  130  133  132  135  134  136  137  138  139  140  141  141  143  141
  142  140  142  139  140  138  137  136  135  134  131  131  129  130  127  127
  125  125  122  122  119  119  117  117  115  116  115  116  116  118  118  120
  121  123  124  126  127  129  130  131  131  133  132  133  132  133  132  132
  131  132  132  132  132  130  140  124  134                                   
    80.0-180.0 180.0   5.0 450.0                            LAT/LON1/LON2/DLON/H
  127  121  120  127  125  127  127  130  131  132  134  135  137  138  139  139
  140  140  140  139  139  137  136  135  134  134  131  132  129  131  127  129
  125  126  121  122  118  119  114  116  112  115  112  115  113  117  117  120
  121  123  124  126  128  129  130  131  132  132  132  132  132  132  131  130
  129  128  126  127  125  124  123  121  127                                   
    77.5-180.0 180.0   5.0 450.0                            LAT/LON1/LON2/DLON/H
  114  111  112  117  117  120  121  125  125  129  128  133  131  136  135  138
  137  139  137  138  136  136  135  134  133  132  132  132  132  131  131  130
  129  127  125  123  120  118  115  114  112  113  112  114  114  117  118  121
  121  124  125  127  128  130  130  131  130  131  129  130  128  128  125  126
  122  122  119  117  114  112  114  109  114                                   
    75.0-180.0 180.0   5.0 450.0                            LAT/LON1/LON2/DLON/H
  109  102  104  108  111  112  116  116  121  122  126  127  131  132  136  135
  139  137  140  136  138  135  136  132  135  132  134  132  135  133  135  133
  133  131  130  127  124  121  118  116  114  115  115  116  117  120  122  124
  125  127  128  128  130  129  130  128  129  127  128  126  126  124  123  120
  119  116  115  110  111  105  106  107  109                                   
    72.5-180.0 180.0   5.0 450.0                            LAT/LON1/LON2/DLON/H
  107  100   99  104  107  112  114  119  120  125  126  131  131  136  137  139
  140  140  140  139  139  137  136  134  134  133  135  135  137  138  140  140
  140  138  136  133  130  126  123  120  118  119  118  121  121  124  124  127
  127  130  129  130  129  130  127  128  125  126  123  125  121  122  118  119
  114  114  109  108  104  101  105  100  107                                   
    70.0-180.0 180.0   5.0 450.0                            LAT/LON1/LON2/DLON/H
  105   94   96  102  107  109  116  116  122  123  129  129  135  135  141  139
  143  139  142  136  139  133  135  129  133  128  134  132  137  138  141  142
  143  142  141  137  135  129  128  123  123  122  124  124  127  128  130  131
  131  131  132  130  130  127  127  124  125  122  123  121  121  119  120  117
  115  111  111  104  104   96  101   99  105                                   
    67.5-180.0 180.0   5.0 450.0                            LAT/LON1/LON2/DLON/H
  104   98   97  103  107  113  117  122  124  129  131  136  137  141  143  144
  144  142  142  138  136  132  131  129  129  129  132  134  137  140  143  146
  148  148  146  143  139  135  131  129  127  128  129  131  132  134  134  135
  134  135  133  132  129  129  126  126  123  123  121  123  121  122  119  119
  114  114  109  107  102   97  101   96  104                                   
    65.0-180.0 180.0   5.0 450.0                            LAT/LON1/LON2/DLON/H
  106   97   98  105  111  114  121  123  128  130  136  136  142  141  146  144
  147  141  142  135  135  127  129  124  127  125  129  130  135  138  141  146
  148  148  148  144  142  136  135  130  132  132  136  136  139  139  139  138
  137  136  135  132  131  128  128  124  126  123  126  124  126  124  124  121
  119  115  114  107  107   97  101   98  106                                   
    62.5-180.0 180.0   5.0 450.0                            LAT/LON1/LON2/DLON/H
  105  102  100  106  112  118  123  127  131  134  137  140  143  144  147  147
  148  144  141  136  132  128  127  127  128  129  131  134  137  142  145  151
  153  154  153  150  147  142  140  138  138  141  143  145  145  146  144  143
  140  139  136  135  132  132  130  131  130  131  130  132  132  131  129  126
  122  120  115  112  106  100  103   97  105                                   
    60.0-180.0 180.0   5.0 450.0                            LAT/LON1/LON2/DLON/H
  104   99   99  104  111  115  122  124  130  132  137  137  142  141  147  144
  147  139  138  130  129  123  126  124  129  129  132  134  138  142  146  151
  154  155  155  150  150  143  144  141  144  145  150  150  151  149  148  144
  142  139  139  135  135  133  134  134  136  135  139  137  140  135  136  129
  128  121  118  111  111   99  102   99  104                                   
    57.5-180.0 180.0   5.0 450.0                            LAT/LON1/LON2/DLON/H
  100  100   97  100  106  112  118  122  127  129  133  134  138  139  144  144
  144  140  136  131  129  127  129  130  134  137  139  143  146  152  155  161
  162  164  162  159  156  152  150  150  151  155  156  159  156  155  150  148
  144  143  140  141  138  141  140  143  144  146  145  147  146  143  139  134
  128  124  118  113  107   99  100   95  100                                   
    55.0-180.0 180.0   5.0 450.0                            LAT/LON1/LON2/DLON/H
  100   93   92   93  100  102  111  113  122  122  129  127  134  134  141  139
  142  136  134  128  128  125  130  132  138  142  145  150  153  159  163  167
  170  169  169  164  163  156  158  154  159  159  165  163  163  159  155  150
  148  146  146  144  144  146  147  148  151  151  153  151  151  144  142  133
  130  122  119  111  109   96   98   97  100                                   
    52.5-180.0 180.0   5.0 450.0                            LAT/LON1/LON2/DLON/H
   98   93   88   88   92   97  102  109  115  118  122  123  127  130  136  138
  141  140  137  134  132  133  136  140  145  152  155  162  165  172  175  180
  180  181  179  176  173  168  167  166  167  169  170  170  167  165  159  156
  152  153  150  152  150  155  154  158  158  160  158  157  154  149  142  135
  129  123  118  112  106   97   97   92   98                                   
    50.0-180.0 180.0   5.0 450.0                            LAT/LON1/LON2/DLON/H
   98   86   83   82   87   88   96   98  109  110  118  116  123  124  133  135
  141  139  139  135  136  134  140  143  151  156  163  170  176  182  187  190
  192  190  191  186  185  179  179  175  178  177  180  177  174  171  166  162
  160  159  159  158  158  159  160  161  163  162  161  158  156  148  144  135
  131  123  120  112  109   95   96   95   98                                   
    47.5-180.0 180.0   5.0 450.0                            LAT/LON1/LON2/DLON/H
   99   90   83   79   81   84   91   97  104  110  114  116  120  124  132  137
  145  146  147  146  145  146  148  154  158  166  172  182  188  195  198  201
  203  203  203  201  198  195  192  189  188  187  186  184  180  176  171  171
  167  169  165  167  163  166  164  167  167  166  163  162  157  151  144  138
  132  126  122  116  109  101  101   94   99                                   
    45.0-180.0 180.0   5.0 450.0                            LAT/LON1/LON2/DLON/H
  105   89   83   78   80   80   88   93  104  107  115  114  122  123  135  141
  150  153  154  153  153  152  155  158  165  171  179  188  197  202  206  209
  210  213  213  214  214  211  209  204  203  198  197  193  189  185  181  179
  178  177  176  174  170  169  167  169  168  168  164  162  159  153  149  141
  139  132  129  121  117  103  105  102  105                                   
    42.5-180.0 180.0   5.0 450.0                            LAT/LON1/LON2/DLON/H
  111   98   89   81   80   82   88   96  105  113  118  122  126  131  140  149
  158  163  165  164  163  163  164  167  172  178  186  195  204  208  216  216
  224  226  232  234  236  234  230  224  218  212  207  203  199  195  191  191
  189  190  185  183  175  174  172  172  173  171  167  166  163  160  154  150
  144  141  135  130  122  115  116  105  111                                   
    40.0-180.0 180.0   5.0 450.0                            LAT/LON1/LON2/DLON/H
  120  103   94   86   84   83   90   95  107  112  122  123  132  135  147  155
  166  171  174  174  174  173  175  175  181  185  194  201  211  214  222  224
  233  240  249  258  262  262  259  253  244  235  227  221  215  211  206  205
  204  201  197  192  184  179  176  176  177  175  172  171  168  166  164  159
  156  150  147  137  135  120  119  114  120                                   
    37.5-180.0 180.0   5.0 450.0                            LAT/LON1/LON2/DLON/H
  127  112  101   90   85   85   90   99  107  118  124  133  139  148  156  166
  175  182  185  186  185  185  185  186  190  195  203  210  219  223  233  239
  251  264  277  290  295  298  294  288  277  266  255  246  238  231  226  224
  220  217  209  203  192  189  184  185  183  183  179  180  178  178  174  173
  166  163  153  148  139  133  132  120  127                                   
    35.0-180.0 180.0   5.0 450.0                            LAT/LON1/LON2/DLON/H
  134  117  105   95   90   88   92   97  107  116  126  134  145  153  163  172
  181  187  191  193  194  193  195  196  201  204  214  218  230  233  245  255
  273  289  307  321  331  333  331  324  314  302  290  280  268  259  250  246
  240  234  226  216  206  198  194  191  191  189  186  187  185  186  183  181
  176  168  163  152  149  137  134  128  134                                   
    32.5-180.0 180.0   5.0 450.0                            LAT/LON1/LON2/DLON/H
  140  124  110   99   91   89   90   96  103  114  123  138  147  161  170  181
  188  195  197  202  201  203  203  206  211  216  224  231  242  249  263  276
  294  315  333  351  359  366  363  359  348  336  325  312  301  288  277  268
  259  251  240  230  219  212  204  203  198  196  192  194  192  194  189  189
  180  175  163  158  149  145  145  137  140                                   
    30.0-180.0 180.0   5.0 450.0                            LAT/LON1/LON2/DLON/H
  144  127  114  104   98   94   92   94  100  109  122  136  149  161  172  183
  189  194  198  202  204  206  210  213  220  223  236  240  255  262  280  294
  317  338  358  375  386  391  391  388  381  367  356  342  330  316  301  291
  279  269  258  246  235  223  215  209  204  198  195  195  193  195  190  189
  182  172  166  156  153  144  141  140  144                                   
    27.5-180.0 180.0   5.0 450.0                            LAT/LON1/LON2/DLON/H
  148  134  120  110  102   97   92   91   93  103  115  130  144  159  170  183
  189  199  199  206  207  212  214  219  226  232  244  254  266  278  292  311
  331  353  371  389  397  406  402  401  391  383  372  360  348  332  319  306
  294  283  271  259  245  231  220  212  204  197  193  192  191  193  188  188
  178  173  160  157  148  147  146  144  148                                   
    25.0-180.0 180.0   5.0 450.0                            LAT/LON1/LON2/DLON/H
  149  137  125  117  112  106   99   94   94   99  110  126  141  157  167  180
  186  195  197  204  207  212  218  223  232  239  252  261  277  286  303  319
  339  359  379  395  405  410  411  407  401  391  384  373  363  347  333  319
  306  296  284  272  255  241  224  213  202  194  188  185  184  184  182  181
  174  166  158  150  146  143  142  144  149                                   
    22.5-180.0 180.0   5.0 450.0                            LAT/LON1/LON2/DLON/H
  150  140  130  125  120  115  105  100   95   98  105  120  134  150  161  174
  183  195  199  207  209  214  218  223  232  242  256  271  282  295  307  326
  341  360  377  390  398  405  402  402  392  388  379  375  364  353  337  325
  311  302  289  276  259  243  223  209  197  186  178  174  172  173  172  172
  165  161  150  148  140  141  142  144  150                                   
    20.0-180.0 180.0   5.0 450.0                            LAT/LON1/LON2/DLON/H
  147  140  132  130  129  124  116  107  101  100  105  117  131  146  158  171
  181  192  197  205  208  213  219  225  234  243  259  272  288  297  312  326
  342  357  371  380  389  392  393  393  390  386  381  377  372  360  346  332
  318  310  294  283  262  244  221  207  192  182  171  166  161  161  160  162
  159  154  147  140  136  134  135  142  147                                   
    17.5-180.0 180.0   5.0 450.0                            LAT/LON1/LON2/DLON/H
  143  138  132  133  132  128  120  113  105  104  106  116  126  142  152  167
  176  189  198  208  209  213  216  224  231  244  260  278  291  304  317  331
  344  354  364  371  375  381  381  384  381  381  376  376  371  362  350  339
  325  315  299  283  261  239  217  200  189  176  163  154  148  148  149  152
  152  149  141  136  130  129  129  136  143                                   
    15.0-180.0 180.0   5.0 450.0                            LAT/LON1/LON2/DLON/H
  136  131  128  128  130  128  122  115  108  106  108  115  126  138  151  163
  175  187  197  207  209  213  217  225  234  247  264  280  297  308  323  334
  349  356  363  366  369  371  372  376  374  376  373  374  371  365  354  344
  330  320  302  287  262  239  215  201  185  176  161  151  141  140  141  146
  146  144  140  132  128  122  122  130  136                                   
    12.5-180.0 180.0   5.0 450.0                            LAT/LON1/LON2/DLON/H
  127  122  117  118  119  119  114  111  106  107  108  116  125  140  149  164
  173  187  197  208  211  216  219  228  237  252  269  289  306  320  334  346
  356  362  365  368  367  369  368  372  369  372  367  372  367  368  354  351
  334  324  304  287  261  236  211  195  184  172  158  145  136  134  137  142
  146  145  138  131  122  117  112  120  127                                   
    10.0-180.0 180.0   5.0 450.0                            LAT/LON1/LON2/DLON/H
  119  107  106  105  105  107  103  102   99  103  106  114  123  136  149  160
  174  185  198  208  214  218  225  233  246  259  278  297  316  331  346  356
  367  370  374  375  373  370  366  369  364  366  363  366  364  363  355  348
  335  323  304  288  260  235  211  196  182  173  158  148  137  137  136  145
  145  145  140  130  123  114  108  112  119                                   
     7.5-180.0 180.0   5.0 450.0                            LAT/LON1/LON2/DLON/H
  110   99   92   90   88   89   86   88   87   94   98  111  121  139  149  165
  174  190  202  214  219  226  231  241  254  271  289  309  329  343  357  367
