data/unet/pred0390.15i
     1.0            IONOSPHERE MAPS     GNSS                IONEX VERSION / TYPE
pyspatialgeodesy        IME             05-JAN-18 20:20     PGM / RUN BY / DATE 
Map Name                                                    COMMENT             
Predicted global ionosphere maps (GIM).                     DESCRIPTION         
  2015     2     8     0     0     0                        EPOCH OF FIRST MAP  
  2015     2     9     0     0     0                        EPOCH OF LAST MAP   
  7200                                                      INTERVAL            
    13                                                      # OF MAPS IN FILE   
  NONE                                                      MAPPING FUNCTION    
10.0                                                        ELEVATION CUTOFF    
One-way carrier phase leveled to code                       OBSERVABLES USED    
  6371.0                                                    BASE RADIUS         
 2                                                          MAP DIMENSION       
   450.0 450.0   0.0                                        HGT1 / HGT2 / DHGT  
    87.5 -87.5  -2.5                                        LAT1 / LAT2 / DLAT  
  -180.0 180.0   5.0                                        LON1 / LON2 / DLON  
    -1                                                      EXPONENT            
                                                            END OF HEADER       
[from data line 2145]
     6                                                      START OF TEC MAP    
  2015     2     8    10     0     0                        EPOCH OF CURRENT MAP
    87.5-180.0 180.0   5.0 450.0                            LAT/LON1/LON2/DLON/H
   95  115  106  109  106  108  107  110  109  111  110  113  112  114  113  115
  112  113  110  111  108  108  105  106  103  104  101  102  100  100   98   98
   96   95   94   93   93   93   92   92   91   92   90   92   89   90   88   89
   88   88   87   88   87   87   86   86   85   86   85   87   87   90   90   92
   92   95   95   99   98  105  110   99   95                                   
    85.0-180.0 180.0   5.0 450.0                            LAT/LON1/LON2/DLON/H
  119  115  118  124  122  127  126  130  129  132  131  133  133  134  132  133
  130  129  126  125  122  123  119  121  117  119  115  118  115  117  115  116
  116  116  116  115  116  115  115  113  114  111  112  108  108  104  104  100
   99   97   94   93   90   90   88   88   87   87   86   88   88   90   90   93
   94   97   99  101  104  108  123  110  119                                   
    82.5-180.0 180.0   5.0 450.0                            LAT/LON1/LON2/DLON/H
  106  116  116  120  122  123  128  128  133  132  135  135  135  134  132  130
  126  123  121  117  115  112  110  108  106  105  104  104  104  105  107  108
  110  111  113  115  118  120  122  123  124  123  124  121  121  116  115  109
  107  101   97   94   90   87   84   83   80   81   78   81   78   82   80   86
   85   90   90   95   97  102  111  110  106                                   
    80.0-180.0 180.0   5.0 450.0                            LAT/LON1/LON2/DLON/H
  113  112  110  111  116  115  122  121  127  124  129  125  127  121  120  114
  111  104  101   95   92   88   85   81   80   79   79   79   82   84   88   93
  100  105  113  118  126  131  138  141  143  145  146  144  143  138  137  129
  126  118  115  107  104   95   94   88   88   83   83   81   83   82   83   85
   87   89   91   94   96   99  106  107  113                                   
    77.5-180.0 180.0   5.0 450.0                            LAT/LON1/LON2/DLON/H
  107  109  109  109  111  114  116  117  120  117  118  116  112  110  105  103
   97   94   87   84   78   76   72   71   67   67   66   68   70   73   80   86
   98  105  117  127  138  150  158  167  171  177  178  178  177  173  171  163
  159  150  145  136  130  122  117  111  108  104  101   99   98   98   97   98
   98   99  100  101  103  103  107  102  107                                   
    75.0-180.0 180.0   5.0 450.0                            LAT/LON1/LON2/DLON/H
  101  101  103  104  107  111  114  114  114  113  112  108  107  101   97   91
   87   81   76   72   68   66   63   62   59   59   58   60   61   67   72   82
   92  107  119  136  147  166  176  196  206  219  224  228  225  221  218  210
  205  194  190  177  171  156  151  140  136  128  124  120  116  114  112  111
  108  108  105  107  104  104  107  102  101                                   
    72.5-180.0 180.0   5.0 450.0                            LAT/LON1/LON2/DLON/H
   99   99   99  100  103  107  110  111  112  110  109  106  102   97   91   88
   80   78   71   69   64   64   60   60   57   58   56   58   60   64   72   81
   96  109  128  144  163  180  201  220  238  255  267  276  276  272  266  255
  250  237  231  216  206  188  180  168  162  154  149  143  136  130  124  121
  115  112  107  107  105  103  102   98   99                                   
    70.0-180.0 180.0   5.0 450.0                            LAT/LON1/LON2/DLON/H
   92   87   90   93   97  102  108  110  113  112  114  109  107   99   94   87
   83   76   75   70   70   69   69   69   67   69   66   68   69   73   77   87
  102  120  139  160  178  202  222  249  268  296  307  323  325  324  316  305
  293  277  271  252  242  221  211  193  184  170  164  156  147  137  128  120
  114  110  104  103   96   94   97   95   92                                   
    67.5-180.0 180.0   5.0 450.0                            LAT/LON1/LON2/DLON/H
   83   80   81   87   91   99  105  110  113  115  116  114  112  107  101   95
   89   86   81   80   78   80   79   81   77   78   74   75   73   77   82   93
  109  128  149  169  194  219  247  273  295  321  338  353  360  356  350  336
  324  308  299  281  268  245  229  207  194  178  166  155  144  131  119  109
  100   95   90   87   86   84   85   82   83                                   
    65.0-180.0 180.0   5.0 450.0                            LAT/LON1/LON2/DLON/H
   73   68   72   76   81   91   98  106  111  115  118  119  118  114  110  103
   99   93   90   87   88   89   90   91   90   88   85   84   83   87   92  106
  122  143  162  185  209  242  269  300  316  348  362  384  389  388  381  367
  353  335  324  306  289  263  245  220  204  183  169  150  138  121  108   94
   86   80   72   74   71   71   75   71   73                                   
    62.5-180.0 180.0   5.0 450.0                            LAT/LON1/LON2/DLON/H
   65   63   61   66   69   83   91  102  106  112  115  118  118  117  113  110
  105  100   98   97   97  100   99  101   96   95   88   86   83   87   94  111
  129  151  172  194  225  257  284  312  327  357  375  395  403  400  395  380
  369  349  338  319  301  276  253  232  210  188  166  148  128  110   92   77
   67   62   57   58   61   62   63   62   65                                   
    60.0-180.0 180.0   5.0 450.0                            LAT/LON1/LON2/DLON/H
   59   54   56   56   60   70   80   90   96  103  108  111  114  114  114  110
  107  101  100   95   96   97   98   99   96   94   88   85   85   91  101  123
  145  171  190  218  246  280  297  325  333  363  378  403  408  408  404  395
  378  364  348  330  309  285  262  240  220  196  175  152  133  111   92   74
   65   55   52   52   54   57   58   58   59                                   
    57.5-180.0 180.0   5.0 450.0                            LAT/LON1/LON2/DLON/H
   61   59   52   52   51   60   67   77   82   90   94  100  102  105  106  105
  102   98   94   92   91   92   92   94   89   88   82   82   81   91  105  133
  156  184  206  237  263  292  306  328  336  360  378  397  403  404  404  393
  381  367  352  335  313  291  267  250  230  209  186  165  145  124  102   83
   71   60   55   54   59   62   64   60   61                                   
    55.0-180.0 180.0   5.0 450.0                            LAT/LON1/LON2/DLON/H
   70   64   59   51   47   51   58   64   69   76   81   86   92   93   97   95
   94   86   85   78   78   77   78   81   76   78   72   76   79   94  112  147
  174  206  229  265  284  311  318  336  341  363  380  395  403  406  405  400
  385  378  363  348  328  304  285  267  251  232  211  193  171  156  133  113
   95   82   73   71   73   76   77   71   70                                   
    52.5-180.0 180.0   5.0 450.0                            LAT/LON1/LON2/DLON/H
   85   82   70   60   49   46   49   52   56   64   67   75   76   81   82   84
   81   79   74   72   70   70   70   71   69   71   69   75   82  100  125  161
  191  220  247  281  298  325  330  347  352  370  383  396  403  406  405  397
  389  380  371  355  340  317  302  283  272  254  238  221  205  186  168  148
  128  110  100   96   97   96   97   87   85                                   
    50.0-180.0 180.0   5.0 450.0                            LAT/LON1/LON2/DLON/H
  101   93   85   71   60   52   50   50   52   59   63   67   71   71   73   71
   70   65   65   60   61   59   61   62   62   64   66   75   87  111  136  178
  203  238  260  299  313  340  345  362  366  383  393  405  410  416  414  412
  402  397  387  374  358  338  324  304  292  277  262  251  234  220  197  180
  158  139  125  120  118  116  114  104  101                                   
    47.5-180.0 180.0   5.0 450.0                            LAT/LON1/LON2/DLON/H
  119  111   98   89   74   65   58   56   59   62   66   69   70   72   70   69
   66   64   64   63   62   62   62   63   63   68   73   84  101  127  157  192
  219  249  276  309  321  347  353  369  379  394  402  411  416  416  417  410
  406  396  390  377  365  345  332  311  299  285  274  262  251  235  214  195
  173  154  139  131  130  129  131  116  119                                   
    45.0-180.0 180.0   5.0 450.0                            LAT/LON1/LON2/DLON/H
  125  120  111  104   96   86   77   74   71   74   73   77   74   75   72   69
   66   64   66   65   67   65   66   68   70   76   83   99  114  145  170  204
  224  257  279  313  327  354  362  383  394  409  415  423  424  426  422  420
  414  409  402  390  376  357  339  318  302  288  271  265  246  238  210  196
  169  154  136  132  129  127  125  120  125                                   
    42.5-180.0 180.0   5.0 450.0                            LAT/LON1/LON2/DLON/H
  133  125  117  119  112  106   97   92   91   89   90   90   89   87   83   79
   77   77   79   80   79   79   78   80   82   89   98  116  136  163  185  209
  230  261  285  315  331  358  373  395  409  422  429  432  430  423  422  414
  412  405  400  389  375  353  330  305  289  272  257  241  227  212  191  173
  153  139  124  121  118  114  118  113  133                                   
    40.0-180.0 180.0   5.0 450.0                            LAT/LON1/LON2/DLON/H
  116  120  118  131  127  124  116  113  108  108  104  105  100  100   92   91
   87   88   88   91   89   88   85   87   87   96  107  131  153  177  194  212
  231  259  283  318  339  370  390  412  427  442  449  451  445  438  432  426
  420  416  411  400  384  362  335  309  287  268  246  229  209  195  172  155
  136  125  111  109  102   95   95   99  116                                   
    37.5-180.0 180.0   5.0 450.0                            LAT/LON1/LON2/DLON/H
  107  110  112  130  128  137  127  126  121  119  117  116  114  112  108  106
  104  105  105  105  101   99   94   94   94  101  115  139  160  184  197  212
  229  257  285  323  351  386  410  434  452  465  471  470  462  452  445  435
  430  424  420  411  394  370  342  314  290  268  246  224  205  185  166  148
  132  123  112  105   98   84   84   82  107                                   
    35.0-180.0 180.0   5.0 450.0                            LAT/LON1/LON2/DLON/H
   93   96  101  117  124  133  130  129  126  123  120  122  121  122  117  118
  115  117  114  114  107  102   94   93   93  100  119  143  168  187  199  212
  228  255  287  331  367  404  433  457  476  490  498  498  493  486  476  468
  457  454  448  443  428  406  378  351  323  299  277  256  236  214  191  174
  160  151  137  129  109   92   81   77   93                                   
    32.5-180.0 180.0   5.0 450.0                            LAT/LON1/LON2/DLON/H
   90   91   96  109  113  127  125  128  125  123  120  121  123  126  123  125
  125  126  123  121  112  106   98   96   93  102  119  143  164  187  198  212
  233  261  297  348  389  435  460  488  504  522  531  537  535  529  520  506
  498  490  490  483  476  456  435  410  389  367  346  324  302  282  259  244
  228  219  200  181  155  119  104   82   90                                   
    30.0-180.0 180.0   5.0 450.0                            LAT/LON1/LON2/DLON/H
   96   89   89   93   98  109  110  113  115  113  113  116  120  124  124  128
  128  130  129  122  113  103   97   93   95  100  119  143  164  185  200  212
  237  274  305  363  415  467  495  525  540  566  579  594  596  601  592  581
  571  567  563  558  545  535  520  511  496  483  465  446  425  401  377  364
  345  328  301  270  228  188  151  125   96                                   
    27.5-180.0 180.0   5.0 450.0                            LAT/LON1/LON2/DLON/H
  128  118  104   99   96  102  105  107  107  107  106  110  114  120  121  125
  129  131  129  123  114  108  100  100   99  106  120  142  173  196  217  230
  265  291  335  389  442  495  529  561  578  609  629  657  668  682  679  672
  664  653  647  633  622  613  609  610  611  604  591  579  561  542  525  512
  494  478  428  382  327  273  227  182  128                                   
    25.0-180.0 180.0   5.0 450.0                            LAT/LON1/LON2/DLON/H
  177  163  135  110  104   97   98   99  105  103  104  108  112  117  116  121
  123  128  126  121  115  110  107  106  106  109  124  150  183  206  233  255
  280  322  360  421  480  532  570  603  624  653  682  715  734  748  749  749
  740  735  724  721  712  716  720  734  737  741  734  725  708  689  665  650
  627  601  557  511  446  371  318  269  177                                   
    22.5-180.0 180.0   5.0 450.0                            LAT/LON1/LON2/DLON/H
  262  241  195  159  138  122  113  110  110  109  109  112  114  116  114  117
  120  126  124  121  115  115  113  117  114  116  134  164  199  230  252  276
  307  356  397  464  515  568  601  633  660  691  724  763  784  806  815  817
  814  810  806  806  805  814  825  838  840  844  836  829  810  790  766  753
  732  712  665  611  549  485  417  364  262                                   
    20.0-180.0 180.0   5.0 450.0                            LAT/LON1/LON2/DLON/H
  356  318  272  226  192  153  138  123  124  115  119  117  120  117  113  112
  114  119  120  117  116  118  122  119  123  127  149  179  221  249  280  315
  358  405  450  513  564  603  638  665  693  723  769  801  826  843  852  856
  856  855  852  856  859  869  878  891  899  907  904  889  867  841  814  793
  774  757  731  697  634  575  506  455  356                                   
    17.5-180.0 180.0   5.0 450.0                            LAT/LON1/LON2/DLON/H
  442  402  348  291  255  212  186  160  150  138  134  129  124  122  113  115
  113  119  118  118  114  119  124  124  127  136  151  188  226  262  291  341
  387  438  491  547  593  629  660  689  715  753  792  821  843  856  865  868
  873  875  879  885  891  897  906  912  920  920  919  898  877  840  811  782
  764  746  726  707  670  621  562  522  442                                   
    15.0-180.0 180.0   5.0 450.0                            LAT/LON1/LON2/DLON/H
  494  477  421  354  315  258  239  206  191  160  151  137  132  119  111  108
  114  119  121  118  115  118  128  127  134  142  168  206  253  291  333  383
  427  482  530  579  613  649  683  706  738  773  804  826  839  849  858  860
  867  869  877  882  888  890  894  895  891  885  875  850  825  788  755  726
  704  694  680  675  654  621  583  539  494                                   
    12.5-180.0 180.0   5.0 450.0                            LAT/LON1/LON2/DLON/H
  512  503  459  400  358  305  272  246  235  206  183  162  150  136  119  115
  109  119  115  118  114  118  127  125  122  143  166  219  256  306  346  401
  447  505  550  586  616  653  679  713  747  784  808  819  830  830  837  836
  840  842  849  856  862  863  862  856  845  827  809  785  754  716  680  649
  623  615  609  605  596  578  564  536  512                                   
    10.0-180.0 180.0   5.0 450.0                            LAT/LON1/LON2/DLON/H
  500  511  482  435  394  344  310  279  270  240  219  187  168  151  128  124
  115  120  115  120  114  124  123  121  130  149  189  240  279  325  365  421
  464  523  550  591  618  652  682  714  754  788  807  813  816  811  809  805
  807  810  818  822  830  824  821  812  794  772  754  723  690  651  606  564
  526  515  506  515  517  515  525  492  500                                   
     7.5-180.0 180.0   5.0 450.0                            LAT/LON1/LON2/DLON/H
  477  501  473  444  405  364  333  310  290  265  241  209  188  169  151  140
  130  130  125  121  111  114  111  113  114  149  195  255  286  336  373  417
