data/unet/pred0670.15i
     1.0            IONOSPHERE MAPS     GNSS                IONEX VERSION / TYPE
pyspatialgeodesy        IME             05-JAN-18 20:20     PGM / RUN BY / DATE 
Map Name                                                    COMMENT             
Predicted global ionosphere maps (GIM).                     DESCRIPTION         
  2015     3     8     0     0     0                        EPOCH OF FIRST MAP  
  2015     3     9     0     0     0                        EPOCH OF LAST MAP   
  7200                                                      INTERVAL            
    13                                                      # OF MAPS IN FILE   
  NONE                                                      MAPPING FUNCTION    
10.0                                                        ELEVATION CUTOFF    
One-way carrier phase leveled to code                       OBSERVABLES USED    
  6371.0                                                    BASE RADIUS         
 2                                                          MAP DIMENSION       
   450.0 450.0   0.0                                        HGT1 / HGT2 / DHGT  
    87.5 -87.5  -2.5                                        LAT1 / LAT2 / DLAT  
  -180.0 180.0   5.0                                        LON1 / LON2 / DLON  
    -1                                                      EXPONENT            
                                                            END OF HEADER       
[from data line 4290]
    11                                                      START OF TEC MAP    
  2015     3     8    20     0     0                        EPOCH OF CURRENT MAP
    87.5-180.0 180.0   5.0 450.0                            LAT/LON1/LON2/DLON/H
  195  176  168  169  169  169  171  171  172  172  174  174  175  174  176  176
  177  177  179  178  180  178  178  175  175  171  171  167  165  161  160  156
  155  150  149  145  144  140  140  137  137  135  136  134  136  134  137  136
  139  138  141  141  144  145  148  148  152  152  154  154  156  156  157  158
  159  160  161  161  164  164  164  173  195                                   
    85.0-180.0 180.0   5.0 450.0                            LAT/LON1/LON2/DLON/H
  155  158  158  166  163  166  164  168  166  170  170  172  173  174  176  177
  180  180  183  181  184  180  182  176  177  170  170  165  164  158  158  152
  151  144  144  135  137  128  130  122  126  118  124  117  123  118  125  120
  128  124  132  129  136  134  139  138  143  142  145  145  148  147  149  149
  151  151  154  153  155  152  153  163  155                                   
    82.5-180.0 180.0   5.0 450.0                            LAT/LON1/LON2/DLON/H
  151  147  151  154  155  156  158  162  163  167  170  173  177  179  184  186
  190  192  194  194  195  192  189  186  181  177  172  169  163  161  155  155
  147  147  138  138  129  128  121  120  114  114  110  112  109  112  111  116
  115  121  121  127  127  133  133  137  138  141  141  144  143  146  145  147
  146  149  147  149  147  146  139  143  151                                   
    80.0-180.0 180.0   5.0 450.0                            LAT/LON1/LON2/DLON/H
  139  132  134  134  137  139  144  149  155  160  168  173  181  185  195  197
  204  203  208  204  207  200  200  192  189  182  179  172  169  162  159  152
  148  141  137  130  126  119  116  108  106  100  101   96   99   96  100   99
  105  106  112  112  120  120  126  126  131  130  134  132  135  134  135  134
  136  135  136  133  133  129  125  130  139                                   
    77.5-180.0 180.0   5.0 450.0                            LAT/LON1/LON2/DLON/H
  119  115  115  114  117  120  127  135  145  155  168  178  189  197  208  211
  218  215  220  214  215  206  205  194  194  181  183  170  170  160  160  151
  147  140  136  128  125  118  114  107  104   98   97   94   94   93   96   96
  100  102  107  110  115  118  122  124  127  127  129  128  129  129  129  127
  128  126  126  122  120  116  110  113  119                                   
    75.0-180.0 180.0   5.0 450.0                            LAT/LON1/LON2/DLON/H
  112  108  108  107  111  113  123  131  145  157  172  185  197  208  218  222
  229  227  229  223  221  213  207  199  195  187  184  176  174  166  165  158
  153  146  142  134  130  123  119  113  110  105  103  100   99   99   99  101
  103  106  110  113  116  118  122  123  125  125  126  125  125  125  124  122
  122  121  121  117  116  110  109  113  112                                   
    72.5-180.0 180.0   5.0 450.0                            LAT/LON1/LON2/DLON/H
  115  113  112  111  113  118  127  138  153  168  186  201  215  227  235  244
  247  247  245  237  230  219  211  202  197  189  185  176  175  167  167  160
  158  151  147  139  136  128  126  118  116  110  109  105  105  104  104  105
  105  109  109  114  114  118  118  120  120  120  118  118  117  117  115  115
  113  114  114  113  111  109  109  116  115                                   
    70.0-180.0 180.0   5.0 450.0                            LAT/LON1/LON2/DLON/H
  127  122  124  123  125  130  139  148  163  177  198  210  227  238  251  257
  264  259  261  245  240  222  213  200  191  185  175  172  164  163  159  156
  152  148  144  138  135  129  126  121  118  115  113  111  110  107  107  106
  106  107  108  108  110  110  112  110  111  108  108  104  106  104  105  104
  105  106  109  108  111  111  115  127  127                                   
    67.5-180.0 180.0   5.0 450.0                            LAT/LON1/LON2/DLON/H
  140  137  139  138  140  143  152  163  178  195  214  230  247  258  269  277
  280  280  273  263  248  234  219  207  195  187  176  171  163  160  152  150
  143  139  133  129  124  120  117  113  112  109  109  107  107  104  103  100
  100   99  100   99  100   99  100   98   98   95   92   91   90   90   89   90
   91   94   97  100  104  109  118  133  140                                   
    65.0-180.0 180.0   5.0 450.0                            LAT/LON1/LON2/DLON/H
  155  146  153  151  155  158  166  175  189  204  223  240  257  273  287  296
  306  303  299  281  270  247  235  216  203  192  179  173  162  159  146  143
  134  130  123  120  113  110  105  104  103  102  102  101  102   98   97   93
   92   90   91   88   90   88   89   86   85   81   79   76   76   74   76   75
   76   79   84   89   97  104  117  136  155                                   
    62.5-180.0 180.0   5.0 450.0                            LAT/LON1/LON2/DLON/H
  158  155  160  163  167  171  178  187  200  215  233  253  270  287  302  318
  327  328  320  306  289  270  251  234  219  205  195  183  175  164  154  144
  135  127  120  112  105   99   94   90   90   89   91   89   90   85   84   78
   77   74   75   73   76   75   77   75   76   72   70   67   65   65   65   64
   64   65   70   75   84   95  112  133  158                                   
    60.0-180.0 180.0   5.0 450.0                            LAT/LON1/LON2/DLON/H
  160  153  161  166  172  177  186  192  205  219  235  252  270  289  307  328
  342  347  345  336  318  303  283  264  248  232  221  206  198  186  175  163
  151  140  128  118  106   98   90   86   84   83   84   83   83   78   75   68
   66   62   64   63   67   68   72   71   73   69   67   64   62   60   60   58
   59   59   62   67   76   87  105  128  160                                   
    57.5-180.0 180.0   5.0 450.0                            LAT/LON1/LON2/DLON/H
  153  155  160  166  174  181  189  197  210  221  235  251  269  289  311  336
  355  367  369  363  350  330  310  289  271  255  244  232  225  213  202  189
  175  159  144  128  114  101   92   83   82   79   81   79   78   72   67   58
   54   50   52   53   58   62   68   69   73   70   70   67   66   64   62   59
   58   57   58   61   69   81   99  121  153                                   
    55.0-180.0 180.0   5.0 450.0                            LAT/LON1/LON2/DLON/H
  153  156  162  171  181  190  202  208  221  229  241  253  269  286  308  338
  361  381  388  387  376  357  335  314  296  282  271  261  255  243  236  220
  206  184  166  147  129  116  100   94   88   87   87   87   84   78   71   62
   58   54   56   57   63   67   74   77   80   79   78   76   74   73   71   68
   66   65   66   69   75   86  104  125  153                                   
    52.5-180.0 180.0   5.0 450.0                            LAT/LON1/LON2/DLON/H
  159  169  172  182  194  207  217  226  234  241  250  257  272  287  311  342
  370  393  403  408  394  379  356  335  319  305  298  287  283  271  261  248
  230  208  184  163  147  130  118  107  103   99   99   97   94   87   79   70
   66   64   66   69   74   79   86   89   94   93   92   89   88   86   84   80
   78   77   79   81   89  101  116  138  159                                   
    50.0-180.0 180.0   5.0 450.0                            LAT/LON1/LON2/DLON/H
  180  189  195  208  223  235  246  254  261  265  270  274  283  296  316  348
  375  402  414  421  410  394  375  355  342  330  326  316  311  296  285  266
  250  220  197  176  158  145  130  125  116  117  115  116  112  106   99   91
   88   87   90   92   97  100  104  107  110  108  106  103  101   99   97   96
   96   99  103  109  118  131  148  167  180                                   
    47.5-180.0 180.0   5.0 450.0                            LAT/LON1/LON2/DLON/H
  204  222  228  243  256  269  278  287  292  296  295  296  303  312  332  358
  385  411  424  430  418  405  387  372  361  353  349  341  331  314  295  275
  248  222  196  178  163  151  143  135  131  129  129  129  126  122  116  112
  110  112  113  117  119  121  123  124  125  123  119  115  111  108  106  105
  108  113  122  133  147  164  178  203  204                                   
    45.0-180.0 180.0   5.0 450.0                            LAT/LON1/LON2/DLON/H
  240  257  269  282  296  309  318  324  331  333  332  331  333  341  355  379
  400  427  439  444  433  422  408  397  389  381  377  365  353  328  303  273
  242  211  186  172  160  155  145  145  137  138  137  139  137  137  133  133
  132  135  137  138  138  138  139  139  137  133  128  123  119  116  114  116
  119  130  141  156  174  195  215  238  240                                   
    42.5-180.0 180.0   5.0 450.0                            LAT/LON1/LON2/DLON/H
  265  288  301  319  330  343  350  360  365  372  368  369  367  373  383  400
  420  440  450  453  445  436  425  417  409  401  393  379  359  329  293  260
  221  194  173  163  157  154  149  148  141  141  140  143  143  145  144  147
  147  151  151  152  150  149  149  148  146  141  135  128  122  119  117  119
  124  134  147  166  189  219  238  268  265                                   
    40.0-180.0 180.0   5.0 450.0                            LAT/LON1/LON2/DLON/H
  290  310  329  349  363  376  383  392  398  406  406  408  403  408  412  429
  444  460  465  469  464  458  449  442  431  422  406  390  364  329  292  253
  218  191  177  170  167  170  162  163  151  150  146  149  149  151  153  156
  159  160  160  157  155  153  152  152  148  144  138  132  126  123  121  125
  126  137  148  169  194  225  253  283  290                                   
    37.5-180.0 180.0   5.0 450.0                            LAT/LON1/LON2/DLON/H
  293  316  343  367  383  396  403  412  419  431  434  438  432  438  440  453
  462  472  476  480  477  475  467  457  443  426  408  387  360  327  290  259
  229  211  201  198  199  197  189  181  169  162  157  157  156  156  157  159
  158  159  155  154  149  150  151  152  151  148  143  136  130  125  122  122
  122  126  135  153  180  217  250  289  293                                   
    35.0-180.0 180.0   5.0 450.0                            LAT/LON1/LON2/DLON/H
  293  316  348  375  393  412  418  430  437  451  457  463  463  468  470  480
  485  491  495  498  497  493  485  473  454  435  414  394  370  346  322  300
  286  269  266  259  256  249  233  219  197  187  178  174  168  167  164  165
  161  159  152  151  146  149  148  154  154  154  148  143  137  132  127  125
  120  122  125  140  166  199  240  278  293                                   
    32.5-180.0 180.0   5.0 450.0                            LAT/LON1/LON2/DLON/H
  281  306  343  374  401  418  431  440  454  469  474  480  482  487  488  496
  499  505  507  512  509  505  494  482  463  445  427  415  403  397  392  392
  391  386  381  367  349  324  297  267  242  220  208  196  189  180  176  168
  162  154  145  139  138  142  148  154  158  158  154  149  145  141  137  130
  124  115  115  119  145  178  221  268  281                                   
    30.0-180.0 180.0   5.0 450.0                            LAT/LON1/LON2/DLON/H
  278  303  345  382  406  434  444  461  472  491  496  503  503  507  508  513
  520  523  527  529  527  518  507  493  478  465  456  456  464  479  502  520
  533  531  513  485  448  411  381  345  300  270  252  235  220  209  196  189
  173  165  149  149  146  159  161  172  168  171  160  161  150  149  143  140
  133  124  119  119  138  171  220  261  278                                   
    27.5-180.0 180.0   5.0 450.0                            LAT/LON1/LON2/DLON/H
  283  306  346  381  416  440  461  477  492  509  516  518  520  519  519  522
  528  534  534  537  532  526  511  502  490  491  497  521  550  589  623  662
  661  652  629  595  547  490  437  404  365  335  305  284  266  246  231  211
  197  177  166  158  161  168  174  178  176  170  164  155  151  149  159  155
  153  139  137  132  149  174  218  265  283                                   
    25.0-180.0 180.0   5.0 450.0                            LAT/LON1/LON2/DLON/H
  295  316  361  403  431  465  481  510  528  551  550  549  545  541  538  536
  542  546  546  545  542  534  523  519  518  534  556  598  640  697  724  743
  742  738  707  671  614  558  481  434  397  364  338  318  298  277  262  243
  226  204  193  185  188  191  194  196  188  183  167  162  146  149  147  162
  163  163  155  155  170  195  232  273  295                                   
    22.5-180.0 180.0   5.0 450.0                            LAT/LON1/LON2/DLON/H
  311  336  381  420  452  482  513  544  571  593  596  588  581  568  559  554
  555  559  555  555  546  542  533  538  550  585  621  676  724  762  786  807
  805  789  753  713  641  577  498  447  410  381  355  343  326  309  294  285
  269  253  240  232  233  231  229  220  215  198  192  177  175  162  165  166
  176  173  177  185  202  233  258  299  311                                   
    20.0-180.0 180.0   5.0 450.0                            LAT/LON1/LON2/DLON/H
  341  361  405  444  473  510  540  582  606  634  643  646  636  619  604  588
  584  579  573  565  561  556  558  573  604  639  689  746  784  819  834  844
  829  805  753  696  623  556  484  434  398  373  353  345  335  330  323  316
  309  294  287  276  276  268  262  245  228  209  194  184  177  172  170  179
  185  192  196  211  235  268  290  315  341                                   
    17.5-180.0 180.0   5.0 450.0                            LAT/LON1/LON2/DLON/H
  355  383  423  460  486  520  558  598  637  668  683  689  682  672  653  632
  617  607  597  588  584  584  593  618  653  700  755  796  822  846  849  840
  804  762  693  630  552  489  429  392  361  347  333  336  332  340  340  344
  340  332  326  318  316  305  292  269  245  222  202  189  177  174  173  183
  191  197  210  221  244  284  311  343  355                                   
    15.0-180.0 180.0   5.0 450.0                            LAT/LON1/LON2/DLON/H
  373  410  446  480  505  543  569  621  659  699  721  733  732  724  710  688
  674  655  642  627  626  629  649  669  715  759  798  830  848  849  838  802
  750  678  600  525  460  403  361  339  321  319  316  327  328  342  348  361
  360  359  359  354  353  336  319  288  260  232  208  194  177  176  171  185
  188  202  211  230  250  286  322  356  373                                   
    12.5-180.0 180.0   5.0 450.0                            LAT/LON1/LON2/DLON/H
  370  420  463  497  524  558  587  632  675  714  744  763  778  775  763  741
  722  707  697  684  683  689  707  734  783  807  832  847  841  822  783  737
  669  585  497  428  373  330  305  299  291  299  303  322  331  348  357  372
  376  378  382  385  377  365  336  306  267  242  213  199  179  174  170  179
  184  192  205  220  244  280  323  361  370                                   
    10.0-180.0 180.0   5.0 450.0                            LAT/LON1/LON2/DLON/H
  377  426  480  518  550  583  607  655  690  737  767  800  816  819  808  796
  773  764  754  745  743  750  773  793  827  841  856  848  830  793  742  680
  587  487  415  357  316  292  280  283  283  296  306  326  342  363  373  385
  389  392  396  394  386  364  340  300  274  242  222  197  187  176  175  178
  177  188  193  215  234  275  320  359  377                                   
     7.5-180.0 180.0   5.0 450.0                            LAT/LON1/LON2/DLON/H
  373  432  489  537  576  614  641  677  712  752  782  813  827  833  835  822
  814  806  802  798  799  804  824  841  866  869  866  839  807  760  700  622
