data/unet/pred1030.15i
     1.0            IONOSPHERE MAPS     GNSS                IONEX VERSION / TYPE
pyspatialgeodesy        IME             05-JAN-18 20:20     PGM / RUN BY / DATE 
Map Name                                                    COMMENT             
Predicted global ionosphere maps (GIM).                     DESCRIPTION         
  2015     4    13     0     0     0                        EPOCH OF FIRST MAP  
  2015     4    14     0     0     0                        EPOCH OF LAST MAP   
  7200                                                      INTERVAL            
    13                                                      # OF MAPS IN FILE   
  NONE                                                      MAPPING FUNCTION    
10.0                                                        ELEVATION CUTOFF    
One-way carrier phase leveled to code                       OBSERVABLES USED    
  6371.0                                                    BASE RADIUS         
 2                                                          MAP DIMENSION       
   450.0 450.0   0.0                                        HGT1 / HGT2 / DHGT  
    87.5 -87.5  -2.5                                        LAT1 / LAT2 / DLAT  
  -180.0 180.0   5.0                                        LON1 / LON2 / DLON  
    -1                                                      EXPONENT            
                                                            END OF HEADER       
[from data line 3003]
     8                                                      START OF TEC MAP    
  2015     4    13    14     0     0                        EPOCH OF CURRENT MAP
    87.5-180.0 180.0   5.0 450.0                            LAT/LON1/LON2/DLON/H
  160  181  187  188  188  190  192  193  196  197  199  200  201  202  202  202
  203  203  204  203  205  204  205  203  204  202  204  200  202  197  199  195
  197  193  195  191  192  189  190  188  188  186  186  185  184  184  183  183
  182  181  181  180  179  178  178  177  177  176  176  176  176  176  175  176
  176  177  177  178  177  180  190  165  160                                   
    85.0-180.0 180.0   5.0 450.0                            LAT/LON1/LON2/DLON/H
  168  176  182  186  187  192  192  196  196  200  199  202  201  204  202  204
  202  204  202  204  203  204  203  203  202  203  202  201  200  200  198  198
  196  197  194  194  191  192  188  189  185  186  183  182  181  180  179  177
  177  175  174  173  172  172  171  171  170  170  169  169  169  169  169  169
  170  171  172  174  176  176  176  174  168                                   
    82.5-180.0 180.0   5.0 450.0                            LAT/LON1/LON2/DLON/H
  169  170  181  187  188  193  194  198  199  203  203  205  204  206  204  206
  204  206  204  207  205  208  206  208  207  209  209  210  210  210  209  208
  207  206  205  204  201  200  197  196  193  193  189  190  186  186  183  183
  180  179  177  175  174  171  171  168  170  166  167  163  165  161  164  161
  164  163  166  168  168  170  171  157  169                                   
    80.0-180.0 180.0   5.0 450.0                            LAT/LON1/LON2/DLON/H
  151  153  165  171  173  179  179  185  185  190  189  193  190  193  191  194
  191  195  193  196  195  198  196  199  198  202  200  204  202  205  202  205
  202  204  200  202  196  198  192  194  188  191  185  188  182  184  180  181
  177  177  173  173  170  169  167  166  163  161  158  157  154  152  148  148
  145  146  145  146  146  148  145  142  151                                   
    77.5-180.0 180.0   5.0 450.0                            LAT/LON1/LON2/DLON/H
  133  134  145  154  156  163  166  170  172  174  175  176  176  176  177  176
  179  178  182  182  186  186  190  190  194  195  200  200  204  203  207  205
  208  206  208  205  204  200  200  196  195  192  191  190  188  187  186  185
  183  182  179  178  175  173  170  169  165  163  158  157  151  148  141  138
  133  131  127  128  125  127  127  119  133                                   
    75.0-180.0 180.0   5.0 450.0                            LAT/LON1/LON2/DLON/H
  120  118  128  138  142  151  152  158  158  162  161  162  160  162  160  163
  162  166  167  171  174  179  182  187  189  195  197  201  204  208  210  212
  212  213  213  212  210  207  205  203  202  199  199  197  196  195  194  191
  190  187  185  182  180  177  175  172  168  165  159  156  150  146  139  134
  128  124  119  116  114  112  113  108  120                                   
    72.5-180.0 180.0   5.0 450.0                            LAT/LON1/LON2/DLON/H
  110  110  114  127  130  140  142  149  147  151  148  150  147  149  148  151
  151  156  158  164  168  175  179  186  190  196  199  205  205  212  211  217
  214  219  216  219  215  217  213  215  212  213  210  211  207  208  205  204
  200  200  194  194  187  187  181  180  173  171  162  161  153  150  140  138
  128  125  116  115  107  105  106  100  110                                   
    70.0-180.0 180.0   5.0 450.0                            LAT/LON1/LON2/DLON/H
  102  101  103  115  118  126  128  132  132  133  132  133  132  135  136  141
  142  149  150  159  162  171  175  185  188  195  197  202  204  210  209  215
  212  218  215  219  217  219  217  217  217  217  217  215  215  212  210  206
  203  199  194  190  186  181  177  173  168  163  157  153  148  143  137  132
  128  121  117  109  105   98   98   91  102                                   
    67.5-180.0 180.0   5.0 450.0                            LAT/LON1/LON2/DLON/H
   96   96   97  106  109  117  119  123  121  123  121  124  123  129  131  141
  142  152  153  161  163  172  176  184  187  193  195  202  201  208  204  210
  205  212  209  215  213  217  216  219  218  221  220  221  218  218  214  212
  205  201  194  189  182  178  172  168  161  157  150  148  142  141  134  132
  125  122  113  112  100   94   95   87   96                                   
    65.0-180.0 180.0   5.0 450.0                            LAT/LON1/LON2/DLON/H
   89   88   88   96  100  105  108  110  111  111  112  113  116  122  128  137
  143  153  154  163  165  173  176  184  187  193  195  200  199  204  199  204
  201  207  206  211  211  214  216  217  219  220  222  220  221  218  217  212
  207  200  192  185  177  170  164  157  151  144  140  136  134  130  128  123
  121  115  112  105  100   90   88   84   89                                   
    62.5-180.0 180.0   5.0 450.0                            LAT/LON1/LON2/DLON/H
   82   82   80   86   88   94   97  100  100  103  104  110  113  126  130  146
  147  163  160  172  169  179  178  186  186  194  194  201  200  206  201  207
  202  209  207  213  212  218  217  222  220  224  223  225  222  223  219  216
  208  201  191  184  174  168  159  153  144  140  133  130  126  125  120  119
  114  112  106  104   94   87   83   80   82                                   
    60.0-180.0 180.0   5.0 450.0                            LAT/LON1/LON2/DLON/H
   77   69   68   72   75   80   84   86   88   91   95  103  107  121  126  143
  147  160  162  169  169  175  176  182  184  190  192  198  197  205  199  207
  200  209  207  213  213  218  219  222  222  224  224  223  224  222  221  215
  211  203  194  185  175  168  160  153  145  137  131  125  122  117  117  112
  110  106  103   98   94   83   76   77   77                                   
    57.5-180.0 180.0   5.0 450.0                            LAT/LON1/LON2/DLON/H
   74   66   60   64   64   71   73   78   80   87   91  101  107  124  128  148
  150  167  165  176  171  180  176  183  182  191  192  202  204  212  210  216
  213  220  219  224  223  228  227  229  228  230  229  230  229  229  227  223
  217  211  202  195  185  180  170  165  156  149  139  133  126  121  116  113
  108  107  103   99   92   83   76   74   74                                   
    55.0-180.0 180.0   5.0 450.0                            LAT/LON1/LON2/DLON/H
   77   60   55   55   56   59   62   67   70   78   85   96  103  119  125  144
  148  164  165  172  169  173  172  177  179  187  189  200  202  214  211  224
  219  231  229  239  235  241  237  241  236  239  237  236  236  235  235  232
  228  224  217  210  201  196  188  183  173  166  155  146  138  129  125  117
  115  111  109  103  100   86   79   76   77                                   
    52.5-180.0 180.0   5.0 450.0                            LAT/LON1/LON2/DLON/H
   84   70   58   59   57   62   62   68   70   80   87  100  108  127  131  151
  155  173  173  181  175  180  175  183  183  194  198  210  214  227  229  238
  238  248  249  257  255  259  255  257  254  254  252  252  250  251  250  249
  246  242  237  231  224  219  211  206  198  190  179  169  159  149  140  135
  128  126  121  119  111  101   93   85   84                                   
    50.0-180.0 180.0   5.0 450.0                            LAT/LON1/LON2/DLON/H
   98   79   70   68   66   67   66   68   72   81   90  103  109  129  132  153
  156  175  175  183  178  181  179  185  189  198  204  219  221  238  239  254
  254  269  271  280  278  282  277  277  272  273  270  270  268  268  267  266
  264  261  256  250  242  238  231  228  218  213  198  192  179  170  162  153
  149  141  140  133  130  115  108  100   98                                   
    47.5-180.0 180.0   5.0 450.0                            LAT/LON1/LON2/DLON/H
  114   97   87   86   82   83   79   82   82   91  100  111  121  137  143  162
  166  184  185  194  189  193  190  198  200  212  216  229  231  247  248  264
  266  281  284  295  294  300  296  297  292  292  290  289  286  286  284  283
  281  277  271  264  254  250  241  239  232  226  216  208  199  193  182  176
  165  164  155  155  148  142  136  125  114                                   
    45.0-180.0 180.0   5.0 450.0                            LAT/LON1/LON2/DLON/H
  130  120  109  105  102  100   94   94   93  103  110  123  129  146  149  166
  171  188  191  199  197  200  201  208  212  224  227  240  238  255  255  276
  278  299  304  316  317  323  322  323  318  318  315  312  307  305  302  298
  294  288  279  269  258  252  243  241  233  231  221  219  209  205  196  191
  183  176  172  168  167  160  153  146  130                                   
    42.5-180.0 180.0   5.0 450.0                            LAT/LON1/LON2/DLON/H
  143  136  131  127  124  122  113  112  109  113  123  132  143  153  162  173
  182  196  203  211  211  216  217  226  229  239  240  250  249  260  264  281
  291  309  321  334  341  347  350  350  347  344  340  333  326  323  318  312
  305  295  282  268  253  243  233  231  226  223  219  215  211  209  203  199
  190  187  178  178  174  174  170  167  143                                   
    40.0-180.0 180.0   5.0 450.0                            LAT/LON1/LON2/DLON/H
  150  151  142  140  138  134  125  124  118  127  131  146  152  165  168  181
  185  199  204  215  216  224  226  237  241  251  251  260  259  274  275  297
  308  330  345  362  373  380  384  383  381  375  368  356  348  341  335  325
  312  298  279  262  242  232  221  218  214  212  209  208  203  204  199  197
  192  186  180  177  175  173  171  173  150                                   
    37.5-180.0 180.0   5.0 450.0                            LAT/LON1/LON2/DLON/H
  149  152  146  147  142  141  132  130  126  130  139  150  161  169  178  185
  193  200  210  216  222  231  235  247  250  260  261  268  272  282  291  310
  327  351  373  393  407  415  418  415  410  401  390  378  368  361  350  340
  323  308  286  268  248  233  220  214  209  205  203  200  199  196  195  192
  187  183  173  172  168  169  164  174  149                                   
    35.0-180.0 180.0   5.0 450.0                            LAT/LON1/LON2/DLON/H
  146  152  145  142  140  137  131  129  126  135  143  158  167  179  182  194
  194  204  207  217  220  233  239  254  260  270  276  283  290  304  316  338
  362  388  417  437  456  463  467  459  452  437  425  408  401  386  379  363
  350  332  313  296  274  258  241  230  217  211  203  198  196  191  194  189
  189  180  174  166  162  155  158  163  146                                   
    32.5-180.0 180.0   5.0 450.0                            LAT/LON1/LON2/DLON/H
  136  144  136  136  129  133  124  124  124  131  142  158  172  184  193  198
  203  204  211  216  225  237  246  262  269  283  291  304  313  330  349  380
  409  445  477  503  522  531  524  513  495  480  465  451  441  431  421  408
  395  379  362  346  329  315  296  279  262  248  230  221  206  200  193  191
  189  185  178  171  161  152  145  160  136                                   
    30.0-180.0 180.0   5.0 450.0                            LAT/LON1/LON2/DLON/H
  136  140  130  129  121  118  114  111  116  124  139  157  175  188  199  207
  207  213  212  225  229  248  256  276  286  301  311  330  344  372  396  438
  477  516  552  581  598  602  587  569  545  528  512  499  488  476  468  456
  444  431  416  404  391  384  366  353  332  314  289  271  249  236  223  215
  216  207  203  187  173  157  146  155  136                                   
    27.5-180.0 180.0   5.0 450.0                            LAT/LON1/LON2/DLON/H
  132  143  132  128  115  114  104  105  103  113  126  145  166  189  205  214
  220  220  225  230  241  254  268  285  296  316  329  357  381  423  458  511
  548  593  622  654  663  666  642  624  593  580  561  556  542  539  525  523
  508  500  479  469  458  448  434  427  411  401  380  362  333  316  285  281
  262  256  238  222  200  179  162  158  132                                   
    25.0-180.0 180.0   5.0 450.0                            LAT/LON1/LON2/DLON/H
  141  157  131  128  112  116  102  102  101  110  122  136  159  184  208  221
  227  230  234  246  256  275  286  301  313  331  352  388  426  479  532  577
  616  658  686  710  716  710  688  667  639  626  612  608  597  595  588  587
  576  572  563  555  540  527  505  490  466  455  441  430  408  392  366  355
  336  324  299  268  234  197  190  168  141                                   
    22.5-180.0 180.0   5.0 450.0                            LAT/LON1/LON2/DLON/H
  155  170  148  132  114  108  101  102  101  104  117  135  158  184  208  232
  244  249  258  271  284  294  301  314  325  352  380  428  470  535  583  637
  679  722  743  764  757  742  722  707  686  679  665  664  652  649  646  649
  646  645  638  631  609  594  566  546  523  514  498  495  462  444  406  401
  374  365  335  310  269  246  218  188  155                                   
    20.0-180.0 180.0   5.0 450.0                            LAT/LON1/LON2/DLON/H
  194  215  191  165  138  129  111  113  106  113  121  137  165  190  216  240
  256  267  280  297  308  320  322  331  348  377  413  464  512  571  624  676
  716  753  769  777  765  746  729  719  709  705  696  693  687  690  692  699
  700  696  682  665  637  611  590  578  560  552  551  549  529  509  476  465
  441  433  402  372  324  292  267  219  194                                   
    17.5-180.0 180.0   5.0 450.0                            LAT/LON1/LON2/DLON/H
  228  260  234  209  179  154  133  126  117  111  125  139  170  200  227  253
  272  289  307  321  334  336  341  354  372  409  446  502  541  601  652  697
  735  762  778  775  767  744  739  731  734  733  731  726  724  727  731  738
  733  721  695  655  616  590  566  561  551  567  568  582  563  548  519  504
  488  475  451  420  372  342  309  249  228                                   
    15.0-180.0 180.0   5.0 450.0                            LAT/LON1/LON2/DLON/H
  253  279  249  228  207  181  156  142  128  127  125  143  174  201  236  262
  288  306  325  343  351  360  365  379  404  441  483  528  568  618  665  699
  729  747  755  753  750  738  737  744  749  760  756  760  756  765  770  771
  755  727  679  623  591  554  542  533  539  554  572  587  572  560  537  524
  510  499  475  435  396  362  346  281  253                                   
    12.5-180.0 180.0   5.0 450.0                            LAT/LON1/LON2/DLON/H
  266  283  255  235  218  191  169  151  134  131  134  146  170  202  237  263
  284  307  333  350  364  372  386  406  434  478  512  556  591  639  677  700
  724  727  738  735  742  736  749  757  774  786  787  786  781  787  785  779
  756  703  641  578  541  512  502  502  514  538  550  566  552  536  514  502
  493  483  464  431  397  378  354  296  266                                   
    10.0-180.0 180.0   5.0 450.0                            LAT/LON1/LON2/DLON/H
  262  270  245  231  211  193  173  153  142  135  138  154  177  205  245  269
  291  320  344  369  382  393  407  433  464  505  541  577  615  648  677  687
  703  707  719  730  743  747  762  782  799  812  811  803  798  795  792  778
  744  679  617  548  519  483  488  487  503  524  535  541  517  508  483  470
  458  446  431  399  386  369  351  300  262                                   
     7.5-180.0 180.0   5.0 450.0                            LAT/LON1/LON2/DLON/H
  257  257  236  221  207  185  180  159  148  144  140  154  173  206  243  275
  293  317  340  366  387  397  418  451  483  530  566  605  634  665  680  693
