data/unet/pred0210.15i
     1.0            IONOSPHERE MAPS     GNSS                IONEX VERSION / TYPE
pyspatialgeodesy        IME             05-JAN-18 20:20     PGM / RUN BY / DATE 
Map Name                                                    COMMENT             
Predicted global ionosphere maps (GIM).                     DESCRIPTION         
  2015     1    21     0     0     0                        EPOCH OF FIRST MAP  
  2015     1    22     0     0     0                        EPOCH OF LAST MAP   
  7200                                                      INTERVAL            
    13                                                      # OF MAPS IN FILE   
  NONE                                                      MAPPING FUNCTION    
10.0                                                        ELEVATION CUTOFF    
One-way carrier phase leveled to code                       OBSERVABLES USED    
  6371.0                                                    BASE RADIUS         
 2                                                          MAP DIMENSION       
   450.0 450.0   0.0                                        HGT1 / HGT2 / DHGT  
    87.5 -87.5  -2.5                                        LAT1 / LAT2 / DLAT  
  -180.0 180.0   5.0                                        LON1 / LON2 / DLON  
    -1                                                      EXPONENT            
                                                            END OF HEADER       
[from data line 429]
     2                                                      START OF TEC MAP    
  2015     1    21     2     0     0                        EPOCH OF CURRENT MAP
    87.5-180.0 180.0   5.0 450.0                            LAT/LON1/LON2/DLON/H
   93   87   80   72   75   69   71   66   70   64   67   62   66   61   64   60
   63   59   62   58   61   57   60   56   60   56   60   56   60   57   61   57
   62   59   63   60   65   62   67   64   69   66   70   68   72   70   73   71
   74   73   75   74   77   76   78   77   80   79   81   80   83   81   83   81
   84   82   85   83   89   82   90   93   93                                   
    85.0-180.0 180.0   5.0 450.0                            LAT/LON1/LON2/DLON/H
   90   97   78   77   76   72   71   68   69   66   67   64   65   62   63   61
   62   59   60   58   59   57   57   56   56   55   56   55   56   55   57   56
   58   57   60   59   63   62   65   64   68   67   70   69   72   70   73   71
   73   72   74   73   75   74   76   76   78   77   79   79   82   82   84   84
   87   85   88   87   89   82   90  105   90                                   
    82.5-180.0 180.0   5.0 450.0                            LAT/LON1/LON2/DLON/H
   93   93   84   85   78   78   71   75   69   72   66   71   65   69   63   68
   62   65   59   63   57   59   54   56   51   53   49   52   49   51   50   53
   52   54   55   58   59   62   63   66   67   70   71   74   74   75   75   75
   75   74   74   74   73   73   73   74   75   76   78   80   82   84   87   90
   93   93   96   95   95   89  101  110   93                                   
    80.0-180.0 180.0   5.0 450.0                            LAT/LON1/LON2/DLON/H
  102   98   93   88   86   80   78   74   74   70   70   68   69   67   68   66
   66   63   63   60   60   55   55   51   51   46   48   44   46   43   46   45
   49   47   52   52   57   57   62   62   68   67   72   71   75   72   75   71
   73   68   70   66   68   63   67   63   68   65   73   72   81   80   90   90
  100   97  106  103  107  100  104  111  102                                   
    77.5-180.0 180.0   5.0 450.0                            LAT/LON1/LON2/DLON/H
  114  113  105  105   93   91   83   85   78   80   75   79   74   78   74   77
   72   74   69   71   63   64   58   59   52   53   48   50   45   48   44   49
   46   51   49   56   54   61   60   66   65   70   69   74   70   73   68   71
   64   65   59   60   54   56   52   56   55   60   63   70   75   83   89   97
  103  109  113  117  117  116  120  121  114                                   
    75.0-180.0 180.0   5.0 450.0                            LAT/LON1/LON2/DLON/H
  126  121  115  113  105  100   92   90   85   84   81   82   80   81   79   79
   77   76   74   72   68   66   62   59   56   54   53   51   50   49   50   49
   50   51   53   54   55   57   60   62   64   66   68   70   69   68   66   63
   59   55   52   48   45   44   43   44   46   50   56   63   71   80   90  100
  109  116  123  129  131  130  131  130  126                                   
    72.5-180.0 180.0   5.0 450.0                            LAT/LON1/LON2/DLON/H
  144  137  129  124  112  107   98   95   89   88   85   86   82   83   80   80
   76   76   73   72   67   66   62   61   57   58   54   56   52   55   52   55
   51   53   52   54   52   55   56   59   59   62   63   64   61   61   57   54
   49   46   42   40   36   36   36   38   41   47   55   64   74   85   97  107
  118  126  135  140  146  146  148  143  144                                   
    70.0-180.0 180.0   5.0 450.0                            LAT/LON1/LON2/DLON/H
  155  146  137  135  125  118  110  106  101   97   94   92   88   85   81   78
   75   73   71   69   66   64   62   59   59   58   60   59   61   61   62   60
   61   58   59   56   56   54   55   55   56   57   59   60   58   56   53   49
   44   40   38   36   34   34   36   39   44   51   61   71   84   95  106  117
  126  135  144  151  155  158  159  153  155                                   
    67.5-180.0 180.0   5.0 450.0                            LAT/LON1/LON2/DLON/H
  167  159  150  145  133  126  118  113  107  105   99   97   88   86   78   76
   71   70   67   66   63   63   59   60   58   61   59   63   61   65   62   64
   60   60   56   55   51   51   48   49   48   51   52   53   51   50   47   44
   41   39   36   36   35   38   42   48   55   64   77   87  100  109  120  126
  136  141  152  156  164  166  168  162  167                                   
    65.0-180.0 180.0   5.0 450.0                            LAT/LON1/LON2/DLON/H
  172  164  156  154  142  135  128  123  118  112  107  101   92   85   77   72
   68   66   63   62   60   59   57   56   57   56   60   60   63   63   65   64
   63   59   58   54   51   47   46   45   46   48   50   51   50   50   47   46
   42   41   38   39   40   46   52   62   71   85   96  109  118  128  134  140
  143  149  155  162  166  170  174  168  172                                   
    62.5-180.0 180.0   5.0 450.0                            LAT/LON1/LON2/DLON/H
  180  173  164  157  145  137  130  124  119  114  107  101   89   84   73   70
   64   64   62   62   58   58   53   54   51   54   53   56   54   58   55   57
   53   53   49   48   42   41   38   40   39   43   45   48   48   49   47   46
   43   42   39   42   45   54   63   76   90  103  116  126  137  143  149  151
  154  155  160  162  169  172  178  173  180                                   
    60.0-180.0 180.0   5.0 450.0                            LAT/LON1/LON2/DLON/H
  183  175  166  162  150  141  134  128  123  117  110  103   91   83   73   68
   64   63   62   61   58   55   52   49   49   47   49   48   50   49   50   49
   49   47   46   44   42   39   39   40   42   45   48   51   52   52   51   49
   46   44   43   48   53   64   77   93  108  124  134  147  156  164  166  167
  165  163  164  166  169  173  180  176  183                                   
    57.5-180.0 180.0   5.0 450.0                            LAT/LON1/LON2/DLON/H
  193  187  179  168  154  144  136  128  123  116  108  100   88   81   71   69
   65   66   64   64   59   56   49   48   43   44   40   42   40   41   38   40
   37   40   38   40   39   39   39   41   43   46   50   52   53   55   53   53
   48   47   46   52   59   73   87  106  122  136  149  161  172  178  184  181
  180  174  175  173  178  180  186  180  193                                   
    55.0-180.0 180.0   5.0 450.0                            LAT/LON1/LON2/DLON/H
  201  197  187  177  162  151  141  133  127  119  110  102   90   84   74   73
   70   69   68   65   61   56   51   47   45   42   42   40   40   37   37   35
   37   38   42   43   47   47   50   51   55   56   60   62   64   63   62   58
   54   53   52   58   68   84  102  121  137  154  165  180  189  199  203  202
  196  190  187  185  186  189  194  188  201                                   
    52.5-180.0 180.0   5.0 450.0                            LAT/LON1/LON2/DLON/H
  218  217  205  191  173  160  148  138  129  120  109  100   89   84   75   75
   71   74   70   69   62   59   53   51   47   47   43   43   40   39   35   36
   36   41   44   50   54   56   60   61   64   64   67   68   69   69   66   63
   58   58   58   66   77   97  116  135  150  164  177  192  202  212  218  215
  211  204  202  198  200  202  204  197  218                                   
    50.0-180.0 180.0   5.0 450.0                            LAT/LON1/LON2/DLON/H
  231  229  219  204  187  173  158  147  136  125  113  105   94   89   81   80
   76   76   72   69   65   61   59   56   56   55   55   51   51   46   45   42
   46   49   57   62   70   72   76   76   79   78   81   81   81   79   76   73
   70   68   68   76   90  111  129  149  164  180  190  205  216  226  231  230
  222  217  211  209  208  209  211  204  231                                   
    47.5-180.0 180.0   5.0 450.0                            LAT/LON1/LON2/DLON/H
  245  246  235  222  207  192  174  158  143  130  118  107   97   91   83   82
   76   75   71   70   66   66   65   67   66   67   64   64   59   58   55   54
   56   61   69   75   82   84   87   85   88   86   88   87   86   86   84   83
   80   80   81   91  107  128  147  165  179  192  202  215  224  232  237  235
  229  224  220  217  216  216  216  210  245                                   
    45.0-180.0 180.0   5.0 450.0                            LAT/LON1/LON2/DLON/H
  251  249  245  236  222  208  187  170  152  140  124  115  105   99   91   87
   80   77   72   71   71   73   76   78   80   80   79   76   76   71   71   68
   71   75   83   89   96   97   98   97   98   97   97   96   96   96   96   95
   93   93   96  108  124  145  163  181  194  205  213  222  231  237  239  235
  227  223  218  216  213  216  217  212  251                                   
    42.5-180.0 180.0   5.0 450.0                            LAT/LON1/LON2/DLON/H
  251  254  248  244  234  221  202  182  162  146  130  121  110  105   95   91
   81   79   75   78   79   85   88   92   92   93   88   88   84   84   81   80
   81   85   93   97  104  102  103  100  102   99  102  100  101  102  104  105
  104  107  111  125  141  161  177  196  205  215  219  227  232  232  232  226
  221  215  213  210  207  208  213  210  251                                   
    40.0-180.0 180.0   5.0 450.0                            LAT/LON1/LON2/DLON/H
  246  244  245  246  240  230  210  193  169  155  137  130  121  115  106  100
   91   89   87   92   96  101  105  106  105  101   98   95   95   92   92   89
   91   94  100  104  107  106  104  104  104  105  105  106  107  110  112  114
  114  117  124  138  156  174  193  208  219  225  232  235  240  237  234  226
  218  212  208  205  200  203  209  204  246                                   
    37.5-180.0 180.0   5.0 450.0                            LAT/LON1/LON2/DLON/H
  236  239  236  242  238  232  217  200  176  159  143  134  127  122  115  110
  104  103  105  111  115  121  120  119  112  107   99   97   95   96   95   93
   95   96  101  102  106  103  103  101  105  103  108  104  109  110  114  116
  118  124  130  145  162  184  201  218  227  236  241  245  246  241  237  227
  221  216  213  208  200  202  208  203  236                                   
    35.0-180.0 180.0   5.0 450.0                            LAT/LON1/LON2/DLON/H
  235  229  229  233  235  232  219  206  180  166  147  141  134  132  128  125
  122  124  127  133  135  137  132  125  117  107  100   96   98   99  102  100
  101  101  103  104  102  102   98  100  100  105  105  106  107  111  113  116
  119  122  131  147  166  188  209  226  237  245  253  259  262  260  257  247
  244  235  235  223  215  214  219  209  235                                   
    32.5-180.0 180.0   5.0 450.0                            LAT/LON1/LON2/DLON/H
  239  234  225  228  228  228  219  206  184  166  149  140  136  135  133  134
  135  140  145  148  149  146  136  127  113  103   95   94   97  102  106  105
  104  102  105  102  101   98   97   97  101  101  106  102  105  105  108  111
  113  117  125  143  164  188  209  227  240  251  264  273  282  283  288  284
  285  279  278  262  250  245  245  231  239                                   
    30.0-180.0 180.0   5.0 450.0                            LAT/LON1/LON2/DLON/H
  255  241  227  226  225  225  219  210  186  171  152  144  139  140  140  144
  147  152  156  157  154  147  134  123  112  103   99  100  106  114  118  117
  115  112  111  108  101   99   93   95   96   99  100  100  101  101  104  104
  107  109  122  138  164  190  214  234  251  263  282  296  310  319  328  330
  341  341  342  320  307  293  283  266  255                                   
    27.5-180.0 180.0   5.0 450.0                            LAT/LON1/LON2/DLON/H
  284  269  248  236  230  228  225  212  194  174  157  145  140  139  140  144
  148  153  155  152  145  136  122  115  107  105  105  111  120  129  134  132
  130  124  121  114  108  101   97   95   96   96   99   94   96   92   93   92
   93   98  109  131  158  187  212  237  257  277  300  319  339  354  371  386
  401  412  417  402  391  372  347  316  284                                   
    25.0-180.0 180.0   5.0 450.0                            LAT/LON1/LON2/DLON/H
  327  309  287  262  247  239  232  224  205  188  167  155  145  143  141  144
  146  147  145  139  127  120  110  110  113  117  124  132  143  149  154  151
  150  142  136  127  117  110  101   99   95   94   93   90   90   86   86   82
   82   87  102  128  158  189  217  242  269  293  326  351  373  396  421  444
  467  485  495  490  479  466  428  384  327                                   
    22.5-180.0 180.0   5.0 450.0                            LAT/LON1/LON2/DLON/H
  379  366  340  309  283  266  254  239  226  205  188  168  158  146  140  137
  134  132  124  115  105  100  101  112  125  138  148  155  164  171  173  170
  167  156  148  137  128  114  105  100   95   90   88   81   80   76   74   70
   70   78   94  122  155  189  222  249  278  309  350  378  405  428  461  494
  523  545  558  558  553  537  503  457  379                                   
    20.0-180.0 180.0   5.0 450.0                            LAT/LON1/LON2/DLON/H
  438  426  404  368  337  313  292  270  250  230  208  192  174  161  147  138
  128  118  105   96   88   95  108  129  152  165  175  182  191  191  194  186
  181  170  157  145  131  116  106  101   94   88   81   77   73   71   70   64
   66   73   93  121  159  194  228  257  295  330  375  404  438  465  504  539
  569  595  605  608  601  590  560  525  438                                   
    17.5-180.0 180.0   5.0 450.0                            LAT/LON1/LON2/DLON/H
  487  472  449  418  392  370  349  321  297  270  247  221  206  182  164  144
  128  113  100   90   95  108  135  161  184  201  210  213  216  212  208  197
  189  176  162  150  135  119  111  104   95   86   78   70   67   63   62   63
   67   80   98  130  170  207  241  275  315  355  400  430  464  488  524  555
  584  601  614  614  617  606  589  568  487                                   
    15.0-180.0 180.0   5.0 450.0                            LAT/LON1/LON2/DLON/H
  531  513  490  460  440  420  405  381  357  326  294  261  238  215  193  170
  151  130  117  115  124  149  177  204  226  238  241  236  234  221  214  202
  191  180  163  152  134  119  110  103   94   85   75   70   65   63   62   62
   70   83  106  141  183  220  257  291  337  376  421  449  478  497  529  556
  576  592  602  607  614  611  601  599  531                                   
    12.5-180.0 180.0   5.0 450.0                            LAT/LON1/LON2/DLON/H
  551  541  521  494  474  454  442  429  411  389  357  324  292  260  235  211
  192  172  165  164  182  208  238  263  279  282  273  258  246  228  217  204
  191  178  163  150  133  117  112  104   97   86   76   67   63   62   61   66
   74   93  117  156  194  235  267  307  353  398  437  459  479  495  518  533
  548  556  567  573  590  595  599  606  551                                   
    10.0-180.0 180.0   5.0 450.0                            LAT/LON1/LON2/DLON/H
  573  567  553  530  511  491  478  469  461  445  422  391  356  319  288  261
  242  224  218  227  250  284  314  334  335  323  299  268  246  223  213  198
  187  176  161  149  131  118  112  108  100   92   81   73   69   67   65   70
   81  100  127  168  204  241  275  310  357  394  434  451  469  481  501  510
  519  524  530  547  565  579  579  604  573                                   
     7.5-180.0 180.0   5.0 450.0                            LAT/LON1/LON2/DLON/H
  582  588  577  558  544  518  505  496  490  485  466  446  412  381  349  326
  307  295  295  311  338  370  389  393  377  346  303  265  237  219  207  194
