data/unet/pred1660.15i
     1.0            IONOSPHERE MAPS     GNSS                IONEX VERSION / TYPE
pyspatialgeodesy        IME             05-JAN-18 20:20     PGM / RUN BY / DATE 
Map Name                                                    COMMENT             
Predicted global ionosphere maps (GIM).                     DESCRIPTION         
  2015     6    15     0     0     0                        EPOCH OF FIRST MAP  
  2015     6    16     0     0     0                        EPOCH OF LAST MAP   
  7200                                                      INTERVAL            
    13                                                      # OF MAPS IN FILE   
  NONE                                                      MAPPING FUNCTION    
10.0                                                        ELEVATION CUTOFF    
One-way carrier phase leveled to code                       OBSERVABLES USED    
  6371.0                                                    BASE RADIUS         
 2                                                          MAP DIMENSION       
   450.0 450.0   0.0                                        HGT1 / HGT2 / DHGT  
    87.5 -87.5  -2.5                                        LAT1 / LAT2 / DLAT  
  -180.0 180.0   5.0                                        LON1 / LON2 / DLON  
    -1                                                      EXPONENT            
                                                            END OF HEADER       
[from data line 1287]
     4                                                      START OF TEC MAP    
  2015     6    15     6     0     0                        EPOCH OF CURRENT MAP
    87.5-180.0 180.0   5.0 450.0                            LAT/LON1/LON2/DLON/H
  168  187  179  179  180  175  177  174  178  174  178  175  179  176  181  177
  182  177  180  175  179  172  175  169  174  168  172  167  173  168  172  169
  174  170  173  170  173  170  172  168  170  166  167  164  166  163  165  164
  167  166  169  167  172  169  173  170  175  171  175  171  176  172  176  172
  177  174  178  175  183  174  192  179  168                                   
    85.0-180.0 180.0   5.0 450.0                            LAT/LON1/LON2/DLON/H
  177  175  166  170  167  166  166  168  168  169  169  170  171  172  173  173
  175  173  174  172  173  170  170  166  167  164  165  162  165  162  164  161
  165  162  165  162  166  163  165  162  164  161  162  160  162  162  162  163
  165  166  167  168  170  171  171  171  172  172  171  171  171  170  170  169
  169  169  168  168  171  166  173  182  177                                   
    82.5-180.0 180.0   5.0 450.0                            LAT/LON1/LON2/DLON/H
  173  173  164  169  163  166  165  171  169  174  171  176  174  178  175  180
  177  181  177  180  177  178  173  175  170  172  166  170  165  169  162  167
  164  168  164  168  166  168  164  167  164  166  162  166  165  169  167  172
  171  176  174  179  178  182  178  182  179  180  176  178  175  176  172  173
  169  170  165  165  164  167  165  161  173                                   
    80.0-180.0 180.0   5.0 450.0                            LAT/LON1/LON2/DLON/H
  175  172  164  165  160  164  165  168  169  170  170  172  173  175  176  178
  179  179  180  179  179  175  174  170  169  164  164  159  162  156  160  156
  161  157  162  160  165  162  165  163  166  164  167  166  171  171  175  177
  182  183  187  189  193  193  194  193  195  192  193  190  191  188  187  184
  182  179  174  171  170  166  165  159  175                                   
    77.5-180.0 180.0   5.0 450.0                            LAT/LON1/LON2/DLON/H
  172  171  162  160  158  161  164  167  167  169  168  170  170  172  172  174
  175  177  176  177  175  174  169  166  160  157  152  150  148  147  147  149
  152  155  157  163  164  167  167  168  167  169  168  172  174  179  182  187
  191  196  199  203  206  207  208  208  208  206  205  204  202  199  196  192
  190  184  181  172  172  170  169  157  172                                   
    75.0-180.0 180.0   5.0 450.0                            LAT/LON1/LON2/DLON/H
  175  174  165  164  161  164  166  167  165  165  164  164  164  165  165  168
  169  171  170  172  169  167  162  157  150  145  139  136  134  134  136  139
  145  149  156  160  164  166  169  168  169  168  171  173  177  182  188  194
  200  205  209  212  214  215  216  216  215  214  214  212  210  208  206  202
  199  195  190  181  179  178  175  163  175                                   
    72.5-180.0 180.0   5.0 450.0                            LAT/LON1/LON2/DLON/H
  178  180  169  171  169  169  169  168  166  164  161  160  158  158  157  159
  160  161  162  163  162  159  155  148  141  134  128  124  121  122  124  129
  138  144  153  160  166  168  170  170  170  171  173  178  184  191  197  204
  209  216  218  222  222  222  221  220  220  219  220  218  217  216  214  211
  207  203  198  189  189  184  181  173  178                                   
    70.0-180.0 180.0   5.0 450.0                            LAT/LON1/LON2/DLON/H
  183  184  177  177  173  172  170  167  162  159  155  152  149  147  146  148
  148  151  152  155  154  152  147  140  131  124  118  113  112  112  116  122
  134  142  154  159  167  167  172  170  173  172  178  182  192  198  206  213
  221  224  227  226  228  223  223  218  219  216  218  216  218  215  216  211
  210  203  201  191  191  184  186  178  183                                   
    67.5-180.0 180.0   5.0 450.0                            LAT/LON1/LON2/DLON/H
  187  188  178  179  175  172  170  166  162  157  152  148  143  140  137  137
  138  139  142  144  145  143  139  133  125  118  112  108  107  109  113  121
  132  143  155  163  170  171  174  173  177  179  185  192  201  210  216  226
  229  234  233  231  228  223  219  215  213  211  212  212  213  214  214  213
  211  207  202  196  194  187  185  184  187                                   
    65.0-180.0 180.0   5.0 450.0                            LAT/LON1/LON2/DLON/H
  192  192  184  181  175  170  167  161  156  150  146  141  136  131  127  128
  126  129  131  135  135  134  129  125  119  114  110  107  108  110  116  123
  137  147  160  165  173  172  177  174  181  181  192  196  210  216  226  230
  237  235  234  228  225  216  212  203  202  194  197  193  199  197  204  202
  207  202  202  193  196  185  188  187  192                                   
    62.5-180.0 180.0   5.0 450.0                            LAT/LON1/LON2/DLON/H
  196  197  185  182  174  167  162  156  151  146  142  138  132  129  124  124
  122  123  124  125  126  125  122  119  114  111  109  109  112  115  121  129
  141  152  163  168  175  175  179  178  185  189  199  207  219  229  235  242
  243  241  235  228  223  213  206  197  191  185  182  181  184  185  191  193
  199  198  198  194  195  188  185  192  196                                   
    60.0-180.0 180.0   5.0 450.0                            LAT/LON1/LON2/DLON/H
  204  202  191  184  176  166  161  152  146  140  136  131  126  121  116  114
  111  112  112  115  115  115  113  111  108  108  107  111  116  121  128  136
  149  157  168  170  179  176  182  180  189  193  205  213  228  237  244  248
  250  245  238  230  224  213  205  194  190  179  178  173  179  177  187  186
  197  195  201  196  202  191  193  196  204                                   
    57.5-180.0 180.0   5.0 450.0                            LAT/LON1/LON2/DLON/H
  214  212  198  193  182  172  163  152  146  138  134  131  125  122  115  113
  108  109  107  108  108  106  105  104  104  105  109  115  123  129  136  142
  152  161  171  174  182  181  186  186  196  202  215  227  240  251  257  260
  261  256  249  241  234  224  216  205  197  188  182  178  179  179  186  187
  196  196  202  199  207  200  196  206  214                                   
    55.0-180.0 180.0   5.0 450.0                            LAT/LON1/LON2/DLON/H
  229  225  218  209  200  185  175  162  153  143  136  130  124  118  112  107
  103  102  100  101  100   98   97   98   99  104  109  119  126  136  141  149
  157  163  173  175  185  184  193  193  204  210  225  235  249  259  266  271
  270  268  261  254  248  239  232  221  215  203  198  190  192  189  196  193
  202  202  210  207  217  208  211  213  229                                   
    52.5-180.0 180.0   5.0 450.0                            LAT/LON1/LON2/DLON/H
  243  244  239  233  221  207  191  175  162  151  141  133  126  120  114  110
  106  106  103  102  100   97   96   97   99  105  113  122  131  139  144  149
  156  164  175  179  189  192  203  204  218  224  239  248  261  270  278  283
  284  283  279  275  270  265  257  247  238  227  220  211  209  205  208  207
  212  212  218  215  225  220  219  229  243                                   
    50.0-180.0 180.0   5.0 450.0                            LAT/LON1/LON2/DLON/H
  260  262  264  257  249  232  218  197  181  164  151  138  128  119  112  107
  107  106  107  105  104  100   99  100  102  109  115  127  134  142  146  151
  157  164  176  180  195  200  214  217  231  237  250  258  270  281  287  296
  295  298  294  293  288  283  277  266  260  248  242  233  228  223  222  221
  223  224  229  228  236  232  233  240  260                                   
    47.5-180.0 180.0   5.0 450.0                            LAT/LON1/LON2/DLON/H
  271  279  282  281  275  260  241  220  198  178  161  145  134  124  117  114
  115  117  117  117  114  111  107  109  109  116  122  132  139  145  147  150
  158  166  180  187  203  211  228  231  249  253  267  273  287  295  305  309
  314  315  313  312  309  303  295  284  276  266  260  251  245  239  237  235
  235  236  240  240  248  246  245  256  271                                   
    45.0-180.0 180.0   5.0 450.0                            LAT/LON1/LON2/DLON/H
  286  291  295  294  297  282  265  239  219  192  172  153  139  126  119  115
  119  121  126  124  125  121  120  119  121  123  128  135  143  146  149  152
  160  170  184  192  211  220  239  243  259  262  275  281  293  304  314  322
  327  331  328  328  323  316  308  297  290  281  275  268  261  256  251  249
  248  251  253  258  260  261  259  267  286                                   
    42.5-180.0 180.0   5.0 450.0                            LAT/LON1/LON2/DLON/H
  293  299  301  301  302  293  279  256  232  207  182  161  145  133  126  124
  128  134  137  141  140  140  137  137  136  138  140  144  148  150  153  157
  168  177  192  202  222  235  254  261  275  278  292  296  310  315  330  336
  345  346  345  344  339  331  321  308  300  292  288  279  275  269  266  264
  265  266  270  272  277  277  275  284  293                                   
    40.0-180.0 180.0   5.0 450.0                            LAT/LON1/LON2/DLON/H
  305  302  299  299  301  296  283  264  243  217  190  168  151  136  129  126
  133  136  144  146  151  150  153  149  151  147  151  150  155  155  162  165
  178  187  203  214  233  245  266  271  286  287  301  305  319  328  342  350
  358  359  358  357  354  349  339  328  320  312  308  301  294  288  284  281
  281  284  285  290  292  292  289  293  305                                   
    37.5-180.0 180.0   5.0 450.0                            LAT/LON1/LON2/DLON/H
  308  304  297  293  292  287  277  264  243  219  195  173  155  143  135  133
  137  145  149  156  158  164  166  168  169  164  162  159  161  164  170  176
  190  201  216  232  249  267  285  296  308  311  321  323  337  342  358  363
  373  372  373  372  372  369  365  357  349  341  333  324  315  308  304  300
  300  300  303  304  307  308  305  312  308                                   
    35.0-180.0 180.0   5.0 450.0                            LAT/LON1/LON2/DLON/H
  321  307  292  284  278  274  265  254  236  214  195  175  160  147  140  137
  142  144  153  156  165  168  177  176  181  172  172  164  169  170  179  185
  203  213  230  244  265  278  299  307  321  320  331  331  346  353  368  375
  384  386  389  392  397  401  398  392  385  375  364  352  338  326  320  315
  315  317  320  323  325  324  322  323  321                                   
    32.5-180.0 180.0   5.0 450.0                            LAT/LON1/LON2/DLON/H
  335  322  297  281  271  263  253  242  227  211  195  178  165  153  146  143
  146  151  156  163  170  180  187  191  192  184  179  173  177  180  188  197
  212  226  240  260  276  296  309  323  330  338  339  345  353  363  376  386
  396  400  407  413  428  433  437  434  426  414  399  383  365  351  340  336
  334  334  339  341  344  347  348  349  335                                   
    30.0-180.0 180.0   5.0 450.0                            LAT/LON1/LON2/DLON/H
  365  341  311  288  270  258  245  236  223  211  198  186  175  164  158  154
  157  157  163  169  178  187  198  199  203  190  186  176  180  183  194  201
  217  228  243  257  276  289  306  316  326  327  335  339  352  362  379  389
  405  410  425  435  458  469  480  480  476  461  440  418  395  377  365  356
  357  356  362  364  366  369  369  368  365                                   
    27.5-180.0 180.0   5.0 450.0                            LAT/LON1/LON2/DLON/H
  392  377  345  312  291  270  255  241  230  217  208  195  187  176  169  166
  168  170  175  183  193  204  215  217  217  203  194  182  184  186  194  200
  211  222  234  251  267  283  296  307  312  318  320  330  341  357  372  388
  405  416  436  452  479  500  515  520  514  501  477  453  428  407  393  382
  381  382  388  388  394  399  396  394  392                                   
    25.0-180.0 180.0   5.0 450.0                            LAT/LON1/LON2/DLON/H
  425  410  383  350  324  299  280  265  247  237  217  211  197  193  186  185
  184  185  189  196  204  216  228  230  227  211  201  184  182  180  182  186
  193  203  216  233  252  266  281  290  296  303  310  320  333  350  370  389
  408  425  444  464  496  522  545  553  546  534  512  487  460  438  422  410
  408  406  413  415  419  423  422  417  425                                   
    22.5-180.0 180.0   5.0 450.0                            LAT/LON1/LON2/DLON/H
  456  448  426  387  361  331  313  290  276  256  240  224  216  209  208  203
  203  204  207  214  225  235  250  249  245  225  208  190  182  179  176  175
  176  184  198  220  236  252  264  277  283  294  300  318  331  352  371  394
  415  431  452  476  505  532  556  565  561  550  534  510  486  465  449  437
  434  430  435  434  442  451  448  440  456                                   
    20.0-180.0 180.0   5.0 450.0                            LAT/LON1/LON2/DLON/H
  478  473  457  423  397  370  351  326  306  288  261  252  232  231  224  225
  222  227  224  232  239  251  259  258  247  224  204  181  170  161  150  144
  143  148  164  185  209  225  240  254  267  281  298  315  334  352  377  396
  421  435  459  477  508  527  549  556  552  541  530  513  499  481  468  458
  453  451  453  455  459  463  465  456  478                                   
    17.5-180.0 180.0   5.0 450.0                            LAT/LON1/LON2/DLON/H
  494  495  480  448  421  399  379  358  338  317  293  278  260  259  253  257
  251  252  251  252  260  265  275  268  256  225  200  178  162  148  134  122
  118  119  129  153  179  206  226  243  260  278  297  317  338  358  382  404
  427  442  463  479  500  513  529  533  533  524  521  510  509  498  488  481
  474  473  472  474  480  482  479  470  494                                   
    15.0-180.0 180.0   5.0 450.0                            LAT/LON1/LON2/DLON/H
  498  496  480  451  430  407  390  370  355  333  312  299  282  282  275  278
  270  272  264  266  266  272  272  264  243  213  186  163  146  127  112   97
   90   86   98  118  149  181  210  232  255  276  304  326  353  371  395  415
  439  450  468  480  496  505  517  519  522  514  516  511  516  511  506  499
  493  493  493  499  498  500  496  484  498                                   
    12.5-180.0 180.0   5.0 450.0                            LAT/LON1/LON2/DLON/H
  502  504  482  454  428  408  389  375  363  348  333  322  307  306  295  298
  288  288  278  277  275  274  273  259  238  206  177  152  136  115   99   80
   74   70   82   99  130  163  201  231  259  283  312  338  364  383  405  426
  449  462  479  486  497  502  512  517  523  517  521  518  525  523  520  515
  510  512  513  516  520  516  510  498  502                                   
    10.0-180.0 180.0   5.0 450.0                            LAT/LON1/LON2/DLON/H
  503  499  469  438  412  392  373  366  354  353  338  335  321  321  309  310
  297  298  280  278  267  263  253  238  214  186  158  135  119   97   86   70
   63   59   70   86  115  150  190  225  257  282  315  339  371  387  411  429
  453  467  483  490  503  506  523  524  534  531  536  533  536  534  531  530
  526  529  530  534  534  532  529  516  503                                   
     7.5-180.0 180.0   5.0 450.0                            LAT/LON1/LON2/DLON/H
  511  501  472  433  402  379  361  350  348  346  347  344  336  333  321  321
  305  302  284  278  260  248  234  215  195  166  145  119  108   89   76   64
