data/unet/pred1230.15i
     1.0            IONOSPHERE MAPS     GNSS                IONEX VERSION / TYPE
pyspatialgeodesy        IME             05-JAN-18 20:20     PGM / RUN BY / DATE 
Map Name                                                    COMMENT             
Predicted global ionosphere maps (GIM).                     DESCRIPTION         
  2015     5     3     0     0     0                        EPOCH OF FIRST MAP  
  2015     5     4     0     0     0                        EPOCH OF LAST MAP   
  7200                                                      INTERVAL            
    13                                                      # OF MAPS IN FILE   
  NONE                                                      MAPPING FUNCTION    
10.0                                                        ELEVATION CUTOFF    
One-way carrier phase leveled to code                       OBSERVABLES USED    
  6371.0                                                    BASE RADIUS         
 2                                                          MAP DIMENSION       
   450.0 450.0   0.0                                        HGT1 / HGT2 / DHGT  
    87.5 -87.5  -2.5                                        LAT1 / LAT2 / DLAT  
  -180.0 180.0   5.0                                        LON1 / LON2 / DLON  
    -1                                                      EXPONENT            
                                                            END OF HEADER       
[from data line 858]
     3                                                      START OF TEC MAP    
  2015     5     3     4     0     0                        EPOCH OF CURRENT MAP
    87.5-180.0 180.0   5.0 450.0                            LAT/LON1/LON2/DLON/H
  190  182  175  178  176  176  173  176  175  177  174  176  175  177  175  175
  174  174  172  173  172  172  171  171  171  170  169  168  167  166  164  163
  161  160  157  156  155  153  152  149  150  149  149  148  149  150  150  152
  153  154  154  156  157  159  158  161  161  163  162  164  164  166  164  166
  166  168  167  170  172  170  178  191  190                                   
    85.0-180.0 180.0   5.0 450.0                            LAT/LON1/LON2/DLON/H
  192  186  180  189  184  184  180  186  183  189  184  189  187  191  186  190
  186  189  183  185  181  182  176  176  172  171  166  166  160  160  155  156
  152  152  149  149  147  146  144  145  144  144  144  145  147  147  149  150
  154  154  157  157  162  162  164  165  168  169  170  171  173  175  174  176
  177  178  177  181  181  179  179  185  192                                   
    82.5-180.0 180.0   5.0 450.0                            LAT/LON1/LON2/DLON/H
  181  180  182  187  182  182  180  186  185  190  187  191  190  194  190  194
  191  194  188  189  184  183  176  174  168  166  160  158  153  151  147  146
  144  144  142  143  142  141  141  142  142  144  144  147  148  152  153  156
  159  162  163  166  170  171  173  174  177  179  180  181  183  185  184  185
  185  187  185  187  186  183  184  175  181                                   
    80.0-180.0 180.0   5.0 450.0                            LAT/LON1/LON2/DLON/H
  187  187  190  191  190  189  188  192  192  196  195  199  199  203  200  205
  203  204  199  200  194  191  183  179  172  166  158  154  147  144  138  137
  135  135  134  135  135  136  136  138  140  142  144  146  150  152  156  158
  164  165  170  171  177  178  182  182  186  187  190  191  194  194  195  196
  197  197  196  198  196  190  187  180  187                                   
    77.5-180.0 180.0   5.0 450.0                            LAT/LON1/LON2/DLON/H
  189  187  188  189  187  185  186  187  189  189  190  192  193  195  196  199
  198  199  196  195  190  184  178  171  164  155  147  139  133  127  124  121
  121  121  123  125  128  130  133  135  139  142  146  150  155  159  163  168
  172  176  180  183  187  189  191  194  197  198  201  202  204  205  205  206
  205  206  206  205  204  196  191  181  189                                   
    75.0-180.0 180.0   5.0 450.0                            LAT/LON1/LON2/DLON/H
  192  194  191  190  188  184  184  183  183  183  183  184  183  185  185  187
  187  187  186  184  180  174  168  159  150  140  130  123  117  113  112  110
  113  113  118  120  124  127  131  133  138  141  146  150  157  161  169  172
  180  183  189  191  196  198  201  203  206  208  210  211  212  213  213  213
  212  213  213  212  209  200  197  187  192                                   
    72.5-180.0 180.0   5.0 450.0                            LAT/LON1/LON2/DLON/H
  199  195  192  190  187  182  180  179  177  177  174  174  171  172  171  173
  171  172  171  170  166  160  153  144  134  123  115  107  105  101  102  102
  107  109  114  118  123  126  131  133  139  144  151  155  164  169  178  182
  190  194  200  203  207  210  212  213  215  216  217  218  218  219  217  218
  217  218  218  215  215  209  203  192  199                                   
    70.0-180.0 180.0   5.0 450.0                            LAT/LON1/LON2/DLON/H
  202  201  195  192  190  185  183  181  179  177  173  169  165  161  160  159
  159  158  159  157  155  149  142  132  121  111  105   98   96   94   96   99
  104  107  114  118  124  127  131  136  141  148  155  163  172  179  188  194
  202  207  213  215  220  222  223  223  223  223  222  222  221  221  219  218
  218  219  220  219  218  210  207  197  202                                   
    67.5-180.0 180.0   5.0 450.0                            LAT/LON1/LON2/DLON/H
  208  202  197  192  189  186  183  183  179  179  172  167  159  154  150  148
  147  147  147  147  143  139  132  122  112  104   97   92   90   89   92   96
  102  105  111  116  121  125  129  136  144  150  161  170  182  191  200  208
  216  223  227  231  234  237  234  234  231  229  225  224  221  220  215  215
  212  215  216  217  217  215  209  199  208                                   
    65.0-180.0 180.0   5.0 450.0                            LAT/LON1/LON2/DLON/H
  210  207  200  194  192  188  187  187  186  183  178  170  160  151  145  140
  139  138  139  138  135  131  123  115  106   97   91   86   85   86   90   94
  100  103  108  112  117  121  127  136  144  155  165  176  190  201  211  220
  229  237  241  245  248  250  247  245  240  236  231  228  224  221  214  212
  208  211  212  214  214  211  210  200  210                                   
    62.5-180.0 180.0   5.0 450.0                            LAT/LON1/LON2/DLON/H
  216  207  200  194  189  187  186  189  186  186  179  174  162  154  143  139
  134  133  131  131  129  124  118  110  101   93   87   84   83   84   87   92
   95   98  101  105  109  115  123  134  147  157  172  186  200  212  222  232
  241  248  252  257  260  261  257  253  248  243  238  232  227  220  212  208
  202  204  204  207  210  212  209  201  216                                   
    60.0-180.0 180.0   5.0 450.0                            LAT/LON1/LON2/DLON/H
  218  212  203  196  193  189  190  189  190  187  184  176  167  156  147  139
  134  130  128  127  125  121  114  106   99   90   86   83   83   83   86   89
   92   94   96  100  104  110  120  135  148  164  178  193  208  220  231  240
  249  256  261  268  271  274  270  268  262  256  250  245  238  230  220  214
  206  205  204  208  209  210  211  203  218                                   
    57.5-180.0 180.0   5.0 450.0                            LAT/LON1/LON2/DLON/H
  226  215  210  203  197  193  192  192  190  189  183  178  167  161  149  144
  135  132  126  126  121  118  111  104   96   90   86   85   84   85   86   87
   88   89   91   94  100  107  120  136  155  171  188  205  218  231  239  248
  254  262  267  276  282  286  283  281  277  272  268  261  256  246  234  223
  213  209  207  208  213  216  212  208  226                                   
    55.0-180.0 180.0   5.0 450.0                            LAT/LON1/LON2/DLON/H
  239  230  224  218  214  206  204  197  194  189  183  177  170  162  154  145
  138  132  127  124  121  116  111  104  100   94   93   91   91   90   90   88
   89   89   90   94  100  110  122  142  160  179  197  212  227  236  245  252
  258  265  272  283  289  297  297  298  295  292  290  283  279  270  259  244
  231  224  221  221  223  225  224  221  239                                   
    52.5-180.0 180.0   5.0 450.0                            LAT/LON1/LON2/DLON/H
  256  246  247  239  234  223  217  208  199  193  185  180  171  166  155  150
  140  137  127  126  121  119  114  110  106  102  101  100  100   99   97   94
   93   93   95   99  107  116  131  149  169  189  206  222  233  244  250  257
  262  270  278  290  301  309  312  315  314  312  310  306  303  294  284  269
  255  244  240  237  242  244  239  239  256                                   
    50.0-180.0 180.0   5.0 450.0                            LAT/LON1/LON2/DLON/H
  279  274  273  269  263  253  242  228  215  204  193  183  174  166  157  149
  142  136  130  127  124  121  119  116  114  113  115  113  114  110  108  104
  103  102  105  108  116  124  138  156  174  194  212  226  239  247  255  261
  268  277  285  301  311  323  327  331  331  329  327  323  323  316  310  296
  284  273  268  265  267  266  265  264  279                                   
    47.5-180.0 180.0   5.0 450.0                            LAT/LON1/LON2/DLON/H
  299  295  298  295  291  280  268  250  234  218  203  192  178  172  158  152
  142  140  131  132  128  129  127  126  125  126  128  128  128  123  121  116
  115  114  117  120  126  133  145  161  179  199  215  231  240  253  259  270
  275  287  296  313  324  336  341  346  345  344  340  338  336  333  330  321
  311  302  297  293  295  295  288  289  299                                   
    45.0-180.0 180.0   5.0 450.0                            LAT/LON1/LON2/DLON/H
  320  317  318  318  314  310  294  279  259  242  222  206  190  175  162  150
  144  139  135  135  136  135  137  135  138  139  142  143  144  140  137  132
  131  129  131  132  136  141  151  163  179  200  216  232  243  254  264  275
  284  297  307  325  335  350  354  360  358  357  352  350  349  348  348  340
  334  326  323  320  319  317  317  311  320                                   
    42.5-180.0 180.0   5.0 450.0                            LAT/LON1/LON2/DLON/H
  336  329  329  331  328  327  318  302  283  264  240  221  200  186  166  156
  146  145  140  145  143  148  147  149  150  152  154  155  157  155  153  150
  149  147  147  145  147  148  155  163  180  198  217  233  244  258  268  281
  292  306  319  336  347  360  365  371  371  369  365  361  359  357  358  354
  349  344  340  338  339  338  332  334  336                                   
    40.0-180.0 180.0   5.0 450.0                            LAT/LON1/LON2/DLON/H
  345  334  332  332  334  337  330  321  301  284  261  239  219  198  177  161
  155  150  151  154  156  157  159  157  159  159  162  163  166  167  168  168
  168  167  164  159  156  154  157  165  177  198  217  233  248  261  274  289
  302  316  330  346  358  373  378  385  387  389  385  384  383  382  382  376
  372  366  362  362  359  360  353  346  345                                   
    37.5-180.0 180.0   5.0 450.0                            LAT/LON1/LON2/DLON/H
  356  341  328  329  330  336  332  327  313  295  273  253  229  211  186  173
  164  164  162  167  165  169  166  168  166  168  170  173  176  180  182  183
  184  183  178  170  164  159  160  165  178  197  217  233  248  264  280  295
  309  324  337  352  366  380  391  400  405  408  408  409  410  412  410  408
  401  397  391  393  390  390  369  367  356                                   
    35.0-180.0 180.0   5.0 450.0                            LAT/LON1/LON2/DLON/H
  379  360  341  333  333  331  329  324  311  296  277  257  240  220  200  184
  178  174  177  177  180  179  179  179  178  178  181  182  187  190  194  197
  198  196  190  180  171  165  164  169  179  200  221  239  254  268  286  298
  314  327  341  354  368  385  401  417  427  438  444  452  458  463  466  462
  455  448  442  441  440  435  418  396  379                                   
    32.5-180.0 180.0   5.0 450.0                            LAT/LON1/LON2/DLON/H
  422  400  371  358  345  342  331  327  312  298  278  260  244  226  207  196
  188  188  187  190  187  190  187  190  189  192  194  197  200  204  205  208
  207  205  196  187  177  169  170  173  185  201  223  240  257  272  288  302
  315  327  342  355  370  386  406  427  447  466  478  496  505  518  518  521
  509  506  495  500  498  496  467  452  422                                   
    30.0-180.0 180.0   5.0 450.0                            LAT/LON1/LON2/DLON/H
  481  460  434  405  386  369  355  339  322  302  279  260  246  230  217  206
  201  198  199  198  199  199  203  205  210  212  217  218  219  218  219  218
  217  211  202  190  179  172  173  175  188  200  219  235  253  266  281  294
  309  321  335  346  364  385  412  442  471  497  521  547  565  583  588  592
  583  579  570  569  569  560  556  525  481                                   
    27.5-180.0 180.0   5.0 450.0                            LAT/LON1/LON2/DLON/H
  552  529  505  477  450  426  397  375  344  319  289  267  251  236  223  216
  209  207  204  205  205  210  215  224  230  238  240  242  238  233  230  225
  221  211  201  187  177  170  169  171  184  194  215  227  246  258  271  283
  296  309  325  341  363  390  425  456  492  529  558  594  622  646  656  665
  652  647  632  636  638  634  629  609  552                                   
    25.0-180.0 180.0   5.0 450.0                            LAT/LON1/LON2/DLON/H
  626  609  595  556  533  501  471  436  397  351  315  287  270  252  238  227
  220  214  211  208  212  217  232  245  261  268  274  266  259  244  239  229
  224  213  201  189  176  169  164  167  173  185  204  219  236  251  263  273
  283  298  320  344  370  400  437  473  510  553  592  637  670  707  720  737
  725  724  706  711  715  704  713  704  626                                   
    22.5-180.0 180.0   5.0 450.0                            LAT/LON1/LON2/DLON/H
  696  701  690  653  625  588  549  508  460  409  356  321  298  278  258  243
  230  223  217  216  220  232  249  271  289  302  299  288  271  252  240  230
  220  209  198  183  172  164  153  154  154  165  183  205  229  245  259  266
  279  298  325  359  386  422  452  488  526  568  606  653  695  728  747  760
  756  752  742  744  757  752  761  756  696                                   
    20.0-180.0 180.0   5.0 450.0                            LAT/LON1/LON2/DLON/H
  754  781  780  749  725  685  644  593  538  479  421  375  343  315  291  271
  251  238  230  228  234  247  273  299  322  326  318  297  273  251  237  225
  213  200  187  176  163  152  138  138  133  147  163  194  220  240  257  266
  280  299  330  366  399  436  465  500  537  577  612  662  698  739  757  777
  772  776  765  768  779  770  789  801  754                                   
    17.5-180.0 180.0   5.0 450.0                            LAT/LON1/LON2/DLON/H
  783  825  841  826  807  772  731  679  621  552  485  435  393  359  325  302
  281  262  251  248  255  273  299  329  342  341  319  294  265  245  229  213
  199  186  173  163  149  136  121  117  111  124  141  178  208  237  255  270
  286  312  341  384  419  459  485  516  552  586  617  657  692  722  744  760
  762  765  762  760  777  776  794  803  783                                   
    15.0-180.0 180.0   5.0 450.0                            LAT/LON1/LON2/DLON/H
  781  831  853  857  853  826  790  740  685  614  545  489  444  411  374  343
  318  302  288  282  285  300  325  348  355  339  311  274  249  228  214  197
  184  171  160  150  134  122  105   99   96  108  132  166  204  231  253  270
  291  318  350  393  434  472  496  528  561  596  624  659  684  712  731  753
  756  768  761  763  771  761  776  795  781                                   
    12.5-180.0 180.0   5.0 450.0                            LAT/LON1/LON2/DLON/H
  752  795  824  841  851  833  804  762  711  645  581  526  483  450  415  388
  359  344  331  323  321  332  344  354  345  324  285  251  227  207  194  179
  165  156  147  137  123  109   95   87   89  100  128  164  203  233  258  280
  305  335  368  416  453  490  514  545  579  610  632  657  675  690  706  721
  730  737  739  739  745  741  751  763  752                                   
    10.0-180.0 180.0   5.0 450.0                            LAT/LON1/LON2/DLON/H
  712  741  761  788  803  792  770  734  699  639  589  540  506  477  451  429
  406  394  380  370  360  358  355  350  336  300  261  226  204  187  179  165
  154  145  132  126  108   98   83   76   80   93  124  156  197  225  254  280
  308  337  374  417  456  491  518  551  590  616  641  657  670  676  686  702
  713  725  729  729  733  720  714  734  712                                   
     7.5-180.0 180.0   5.0 450.0                            LAT/LON1/LON2/DLON/H
  676  690  704  723  731  721  697  674  648  608  565  531  507  485  469  453
  441  434  427  413  390  372  355  339  313  274  234  203  186  173  168  156
