data/unet/pred1640.15i
     1.0            IONOSPHERE MAPS     GNSS                IONEX VERSION / TYPE
pyspatialgeodesy        IME             05-JAN-18 20:20     PGM / RUN BY / DATE 
Map Name                                                    COMMENT             
Predicted global ionosphere maps (GIM).                     DESCRIPTION         
  2015     6    13     0     0     0                        EPOCH OF FIRST MAP  
  2015     6    14     0     0     0                        EPOCH OF LAST MAP   
  7200                                                      INTERVAL            
    13                                                      # OF MAPS IN FILE   
  NONE                                                      MAPPING FUNCTION    
10.0                                                        ELEVATION CUTOFF    
One-way carrier phase leveled to code                       OBSERVABLES USED    
  6371.0                                                    BASE RADIUS         
 2                                                          MAP DIMENSION       
   450.0 450.0   0.0                                        HGT1 / HGT2 / DHGT  
    87.5 -87.5  -2.5                                        LAT1 / LAT2 / DLAT  
  -180.0 180.0   5.0                                        LON1 / LON2 / DLON  
    -1                                                      EXPONENT            
                                                            END OF HEADER       
[from data line 2574]
     7                                                      START OF TEC MAP    
  2015     6    13    12     0     0                        EPOCH OF CURRENT MAP
    87.5-180.0 180.0   5.0 450.0                            LAT/LON1/LON2/DLON/H
  199  209  213  216  216  215  215  216  216  218  219  222  224  227  229  232
  233  235  236  236  236  236  236  235  234  233  232  232  230  230  228  228
  226  226  225  225  223  223  222  222  221  222  222  223  222  223  223  224
  223  225  223  225  223  225  224  226  224  226  224  225  224  224  223  223
  223  223  221  219  214  213  219  180  199                                   
    85.0-180.0 180.0   5.0 450.0                            LAT/LON1/LON2/DLON/H
  206  212  211  213  211  213  214  215  217  218  222  223  226  227  231  232
  234  235  237  237  238  238  238  237  237  236  236  235  234  233  233  231
  230  228  228  226  225  223  224  222  222  221  222  221  222  221  223  222
  223  222  224  223  224  224  224  224  224  224  222  223  222  222  220  221
  220  221  218  217  213  213  218  202  206                                   
    82.5-180.0 180.0   5.0 450.0                            LAT/LON1/LON2/DLON/H
  198  200  199  203  202  206  207  210  211  214  216  219  221  224  227  229
  231  233  235  236  236  237  237  237  236  236  236  235  234  233  232  231
  228  227  224  223  219  219  216  216  213  214  213  214  213  215  215  218
  217  220  220  222  221  223  222  223  221  221  219  219  217  215  213  212
  211  210  208  203  205  200  205  206  198                                   
    80.0-180.0 180.0   5.0 450.0                            LAT/LON1/LON2/DLON/H
  189  194  190  195  194  199  201  204  205  208  210  213  214  217  219  221
  222  224  226  227  227  229  228  229  229  230  229  231  229  231  229  229
  226  226  223  222  218  217  213  213  211  212  211  214  213  217  217  221
  222  226  227  229  229  231  230  230  228  227  224  223  219  217  212  211
  207  206  200  200  193  194  194  193  189                                   
    77.5-180.0 180.0   5.0 450.0                            LAT/LON1/LON2/DLON/H
  186  185  184  187  188  194  196  200  200  204  205  208  208  211  210  213
  212  215  214  217  215  218  217  220  218  221  220  223  222  226  225  227
  224  226  222  222  216  217  212  214  209  214  211  218  215  224  223  232
  230  239  237  243  239  245  240  244  238  239  232  234  226  225  216  216
  208  206  197  194  187  186  190  193  186                                   
    75.0-180.0 180.0   5.0 450.0                            LAT/LON1/LON2/DLON/H
  177  182  179  183  183  190  191  195  195  198  197  200  198  200  199  201
  200  203  202  205  204  207  205  208  207  210  210  215  215  221  221  224
  222  225  222  222  216  217  212  213  211  214  214  220  221  229  231  239
  241  248  248  253  250  254  250  252  247  247  240  241  234  233  222  222
  213  212  200  198  187  187  187  189  177                                   
    72.5-180.0 180.0   5.0 450.0                            LAT/LON1/LON2/DLON/H
  179  178  178  179  181  186  189  191  192  193  194  193  193  192  191  192
  191  193  194  196  196  198  197  199  199  201  204  207  212  216  221  224
  226  227  227  225  221  219  217  216  215  219  220  226  229  238  242  250
  252  258  258  261  259  261  258  258  254  253  248  248  242  239  230  228
  221  217  207  200  190  184  191  195  179                                   
    70.0-180.0 180.0   5.0 450.0                            LAT/LON1/LON2/DLON/H
  174  179  173  177  178  184  185  188  188  189  189  188  186  187  185  186
  186  188  188  190  190  192  191  194  193  196  199  204  208  215  221  225
  229  231  230  228  224  224  221  222  221  224  227  232  237  244  249  254
  256  260  260  260  258  258  256  255  252  251  248  248  244  242  235  233
  226  223  213  207  194  190  191  195  174                                   
    67.5-180.0 180.0   5.0 450.0                            LAT/LON1/LON2/DLON/H
  176  176  171  173  174  179  180  183  183  183  183  183  183  183  183  185
  183  186  186  188  187  189  188  190  189  193  196  201  208  215  223  228
  233  234  235  232  228  227  224  224  224  228  231  238  241  249  252  257
  257  260  257  257  253  253  250  251  247  249  247  249  247  247  242  239
  233  229  219  210  200  193  198  200  176                                   
    65.0-180.0 180.0   5.0 450.0                            LAT/LON1/LON2/DLON/H
  173  178  167  169  170  175  176  180  179  181  181  182  183  184  185  185
  186  186  188  188  189  189  189  190  189  193  196  202  210  219  227  233
  237  239  239  237  233  233  230  231  231  235  238  244  247  252  255  256
  255  254  252  249  246  244  243  242  243  244  245  248  249  249  246  245
  239  236  226  218  205  199  201  199  173                                   
    62.5-180.0 180.0   5.0 450.0                            LAT/LON1/LON2/DLON/H
  176  173  165  163  161  164  164  168  167  170  172  175  178  181  182  185
  184  186  185  187  186  187  187  188  190  193  198  206  213  223  231  238
  241  243  242  239  235  233  231  232  233  238  242  248  251  255  255  257
  253  252  247  246  240  240  237  241  240  245  245  251  251  252  250  249
  244  240  231  222  212  204  206  202  176                                   
    60.0-180.0 180.0   5.0 450.0                            LAT/LON1/LON2/DLON/H
  174  173  160  157  155  157  156  158  159  162  165  169  174  178  181  184
  185  186  185  185  184  185  186  189  190  195  200  208  216  227  235  241
  244  246  244  242  238  237  235  237  238  243  248  252  255  257  257  255
  252  249  245  242  239  239  239  242  245  248  251  254  257  256  255  252
  248  244  234  228  215  206  207  196  174                                   
    57.5-180.0 180.0   5.0 450.0                            LAT/LON1/LON2/DLON/H
  174  167  156  149  142  141  138  139  139  143  147  154  161  167  172  177
  177  178  177  177  177  178  180  184  189  195  201  211  219  231  239  246
  247  248  246  242  239  237  236  238  241  247  252  258  259  262  260  259
  254  253  247  247  243  246  246  252  254  259  259  263  261  261  257  254
  248  243  235  228  219  210  209  194  174                                   
    55.0-180.0 180.0   5.0 450.0                            LAT/LON1/LON2/DLON/H
  173  164  150  142  136  132  128  126  126  130  136  143  151  159  166  171
  173  175  173  175  174  177  179  185  188  197  203  213  223  234  242  249
  250  251  248  245  242  241  240  243  247  253  258  263  265  265  264  261
  259  257  255  255  254  257  260  266  270  275  275  276  273  271  265  261
  253  248  239  233  222  214  211  185  173                                   
    52.5-180.0 180.0   5.0 450.0                            LAT/LON1/LON2/DLON/H
  174  159  145  134  126  120  115  112  109  112  117  125  135  145  153  160
  163  166  166  168  169  172  176  182  189  198  206  219  229  242  249  256
  257  257  254  250  247  246  247  250  254  261  267  272  274  275  272  272
  267  269  265  269  268  275  276  284  288  292  290  290  283  279  268  264
  254  248  240  234  226  216  214  184  174                                   
    50.0-180.0 180.0   5.0 450.0                            LAT/LON1/LON2/DLON/H
  175  159  143  132  127  120  115  109  106  106  111  117  125  136  145  154
  159  163  165  168  170  175  179  186  193  203  213  225  237  248  257  264
  266  266  262  259  257  256  256  259  262  269  274  278  281  282  281  279
  276  276  276  278  281  285  291  298  301  305  302  301  292  288  275  272
  261  255  247  241  230  221  217  179  175                                   
    47.5-180.0 180.0   5.0 450.0                            LAT/LON1/LON2/DLON/H
  178  157  144  133  125  117  114  107  103  102  104  108  115  124  135  145
  152  159  163  168  171  176  182  188  198  208  219  233  246  259  268  275
  277  278  274  274  272  273  272  276  277  285  288  296  295  298  294  294
  290  293  290  294  292  298  299  307  307  312  306  305  295  290  278  273
  263  256  247  240  231  221  222  185  178                                   
    45.0-180.0 180.0   5.0 450.0                            LAT/LON1/LON2/DLON/H
  181  164  149  140  133  128  125  119  113  111  110  112  114  124  133  144
  153  162  169  175  180  186  192  200  209  219  231  244  257  268  279  285
  288  291  290  290  291  292  293  297  299  304  307  312  313  313  310  309
  306  306  302  302  299  301  300  305  305  310  304  307  296  295  283  282
  270  265  256  249  235  226  229  189  181                                   
    42.5-180.0 180.0   5.0 450.0                            LAT/LON1/LON2/DLON/H
  187  167  157  147  140  132  130  124  121  116  115  113  114  119  128  139
  151  162  173  181  188  193  201  208  219  229  242  257  269  283  290  299
  302  309  310  318  319  326  325  331  330  337  337  344  341  344  338  339
  331  329  318  316  307  307  301  307  304  309  303  306  297  297  288  286
  276  268  259  250  238  228  239  205  187                                   
    40.0-180.0 180.0   5.0 450.0                            LAT/LON1/LON2/DLON/H
  193  182  167  158  151  146  142  140  136  133  129  126  123  125  132  144
  157  171  184  195  203  210  216  225  234  244  257  270  281  291  299  311
  317  328  336  346  356  361  366  369  370  372  372  374  372  371  366  363
  354  350  337  330  317  313  305  308  305  310  304  309  301  305  298  300
  288  285  269  260  244  235  248  214  193                                   
    37.5-180.0 180.0   5.0 450.0                            LAT/LON1/LON2/DLON/H
  200  189  180  168  161  151  149  143  143  139  139  131  131  127  136  143
  160  173  190  200  212  218  226  235  245  258  272  286  294  305  312  324
  334  348  360  377  388  400  404  410  408  411  408  410  406  406  399  396
  385  377  361  350  333  328  317  321  316  321  314  318  310  313  306  306
  297  290  276  266  250  243  259  235  200                                   
    35.0-180.0 180.0   5.0 450.0                            LAT/LON1/LON2/DLON/H
  213  211  195  189  178  171  160  160  153  157  150  147  141  140  141  153
  166  182  200  214  227  235  241  250  260  273  286  295  303  310  319  335
  350  369  386  402  417  430  440  445  448  448  446  445  443  441  434  429
  419  409  392  380  363  354  345  344  340  340  334  336  328  331  324  325
  313  309  293  284  265  257  272  249  213                                   
    32.5-180.0 180.0   5.0 450.0                            LAT/LON1/LON2/DLON/H
  231  224  215  206  196  181  172  163  163  162  161  154  153  145  151  156
  173  187  207  221  238  246  252  263  272  289  300  313  319  328  335  350
  366  387  405  422  437  452  460  471  474  477  475  477  477  479  474  473
  463  454  436  422  406  396  383  379  371  365  354  353  344  345  335  334
  322  319  304  297  282  275  284  270  231                                   
    30.0-180.0 180.0   5.0 450.0                            LAT/LON1/LON2/DLON/H
  249  249  237  231  217  207  188  183  174  178  172  172  162  160  155  165
  175  192  211  231  246  258  264  273  284  299  313  324  330  335  341  355
  373  394  415  435  453  467  480  488  497  498  503  504  509  511  513  510
  505  497  484  475  456  448  431  426  415  403  385  375  361  358  347  348
  335  331  315  310  297  288  293  282  249                                   
    27.5-180.0 180.0   5.0 450.0                            LAT/LON1/LON2/DLON/H
  266  260  257  255  239  224  207  192  186  181  183  174  171  161  162  164
  178  195  218  235  256  266  275  284  292  312  321  336  339  344  348  364
  381  407  427  447  461  475  485  497  505  513  517  524  528  535  538  542
  542  538  529  517  496  480  465  458  449  435  423  402  381  367  351  346
  334  330  317  314  303  298  296  287  266                                   
    25.0-180.0 180.0   5.0 450.0                            LAT/LON1/LON2/DLON/H
  270  270  268  266  257  243  224  214  201  200  193  191  179  173  166  171
  179  199  220  243  259  273  280  288  299  312  330  340  349  347  356  366
  388  411  433  452  467  480  492  502  516  523  534  541  551  557  566  570
  576  576  572  552  531  525  510  503  484  465  443  431  402  381  356  348
  331  330  316  316  302  300  294  293  270                                   
    22.5-180.0 180.0   5.0 450.0                            LAT/LON1/LON2/DLON/H
  274  268  271  276  266  258  243  229  221  209  206  194  183  173  169  170
  181  200  225  247  266  277  281  290  297  316  328  346  351  357  362  378
  396  418  439  456  469  483  493  509  519  532  542  554  562  573  581  588
  594  597  587  572  561  562  553  543  521  490  461  436  420  383  353  335
  316  312  303  304  295  299  293  288  274                                   
    20.0-180.0 180.0   5.0 450.0                            LAT/LON1/LON2/DLON/H
  267  276  277  281  275  271  254  249  230  227  212  204  188  182  173  178
  183  204  223  250  265  277  280  286  296  310  330  345  357  364  377  389
  409  422  439  453  468  483  494  511  524  537  551  560  575  579  590  594
  602  603  601  591  587  591  577  561  529  497  458  434  411  383  346  327
  305  303  294  302  291  299  287  291  267                                   
    17.5-180.0 180.0   5.0 450.0                            LAT/LON1/LON2/DLON/H
  252  264  266  273  266  264  251  246  233  226  214  201  186  177  172  172
  181  197  219  240  257  268  272  281  288  308  328  346  363  373  392  400
  418  425  441  451  467  480  494  510  525  538  552  563  573  579  583  586
  590  592  594  584  587  580  569  543  516  477  445  418  399  374  338  314
  297  291  285  290  286  292  287  279  252                                   
    15.0-180.0 180.0   5.0 450.0                            LAT/LON1/LON2/DLON/H
  243  255  250  255  253  260  247  246  231  229  210  203  184  182  174  178
  180  196  213  235  249  261  267  276  287  306  331  349  371  385  406  412
  427  431  446  459  473  488  498  514  527  539  554  561  573  574  580  577
  581  578  583  587  588  582  553  529  490  459  420  400  374  357  328  308
  292  289  284  290  285  288  278  280  243                                   
    12.5-180.0 180.0   5.0 450.0                            LAT/LON1/LON2/DLON/H
  231  238  231  231  225  231  224  224  215  210  198  187  177  170  169  167
  172  180  200  216  232  243  253  269  283  307  333  353  379  394  417  421
  438  439  460  469  488  500  511  521  533  543  554  562  570  570  571  568
  567  563  567  566  571  548  532  496  472  434  401  376  354  335  318  302
  289  284  280  279  274  273  274  268  231                                   
    10.0-180.0 180.0   5.0 450.0                            LAT/LON1/LON2/DLON/H
  222  224  211  206  203  206  203  204  197  197  184  180  166  167  160  162
  159  171  186  205  218  232  246  264  284  312  336  358  386  403  424  429
  444  449  466  484  499  515  524  534  540  551  557  565  570  573  571  569
  562  559  558  559  556  544  515  491  460  429  394  366  339  325  309  305
  289  285  277  275  266  263  259  259  222                                   
     7.5-180.0 180.0   5.0 450.0                            LAT/LON1/LON2/DLON/H
  220  214  198  185  179  178  177  179  175  171  166  156  155  148  147  144
  147  153  171  187  203  218  238  264  288  315  340  362  394  407  430  434
