data/unet/pred0150.15i
     1.0            IONOSPHERE MAPS     GNSS                IONEX VERSION / TYPE
pyspatialgeodesy        IME             05-JAN-18 20:20     PGM / RUN BY / DATE 
Map Name                                                    COMMENT             
Predicted global ionosphere maps (GIM).                     DESCRIPTION         
  2015     1    15     0     0     0                        EPOCH OF FIRST MAP  
  2015     1    16     0     0     0                        EPOCH OF LAST MAP   
  7200                                                      INTERVAL            
    13                                                      # OF MAPS IN FILE   
  NONE                                                      MAPPING FUNCTION    
10.0                                                        ELEVATION CUTOFF    
One-way carrier phase leveled to code                       OBSERVABLES USED    
  6371.0                                                    BASE RADIUS         
 2                                                          MAP DIMENSION       
   450.0 450.0   0.0                                        HGT1 / HGT2 / DHGT  
    87.5 -87.5  -2.5                                        LAT1 / LAT2 / DLAT  
  -180.0 180.0   5.0                                        LON1 / LON2 / DLON  
    -1                                                      EXPONENT            
                                                            END OF HEADER       
[from data line 3432]
     9                                                      START OF TEC MAP    
  2015     1    15    16     0     0                        EPOCH OF CURRENT MAP
    87.5-180.0 180.0   5.0 450.0                            LAT/LON1/LON2/DLON/H
  118  141  144  145  147  145  148  147  149  149  151  150  152  151  153  151
  151  148  148  145  145  142  142  139  139  136  136  134  134  132  132  131
  131  130  131  129  129  127  128  126  127  125  127  124  127  125  128  126
  129  127  130  128  131  130  132  131  133  132  134  133  134  134  135  134
  135  135  137  135  138  137  140  140  118                                   
    85.0-180.0 180.0   5.0 450.0                            LAT/LON1/LON2/DLON/H
  106  130  134  140  141  143  144  146  148  150  152  154  155  155  156  155
  154  153  150  148  144  142  137  136  131  131  127  125  121  121  119  117
  116  114  114  112  112  110  111  109  109  110  110  110  110  111  112  112
  114  115  118  117  121  121  124  123  126  126  127  127  127  127  127  126
  126  126  127  127  128  127  128  121  106                                   
    82.5-180.0 180.0   5.0 450.0                            LAT/LON1/LON2/DLON/H
  104  114  119  122  126  129  133  136  140  143  147  149  153  153  156  153
  154  150  149  143  141  135  131  126  121  117  112  109  104  102   99   97
   96   93   94   92   92   90   92   90   92   92   93   94   95   96   98   99
  102  103  106  107  111  110  114  112  116  113  116  113  116  112  114  110
  111  109  110  108  110  102  111  101  104                                   
    80.0-180.0 180.0   5.0 450.0                            LAT/LON1/LON2/DLON/H
   83   91   93   99  104  110  115  120  123  128  131  134  136  139  141  141
  141  140  137  135  129  127  119  118  108  105   97   95   87   85   80   80
   76   76   73   73   70   70   67   68   65   68   66   70   69   73   72   77
   77   83   83   88   89   94   95   98   98  100   99  101  100  100   98   97
   96   95   93   90   87   85   90   89   83                                   
    77.5-180.0 180.0   5.0 450.0                            LAT/LON1/LON2/DLON/H
   68   75   74   77   80   87   91   97  101  105  111  113  118  120  125  125
  129  128  132  130  130  127  124  117  111  103   97   90   85   78   76   72
   71   68   68   65   63   58   58   54   53   51   54   52   56   56   61   62
   67   68   73   76   80   82   86   86   90   89   92   91   93   90   91   87
   87   83   82   76   74   67   69   72   68                                   
    75.0-180.0 180.0   5.0 450.0                            LAT/LON1/LON2/DLON/H
   62   62   61   61   67   71   75   78   85   88   95   97  104  104  112  112
  120  123  130  133  137  137  134  127  119  113  104   96   89   82   79   74
   74   72   73   69   67   63   59   54   53   50   51   50   52   53   57   59
   64   66   72   73   78   80   85   85   90   89   93   90   94   90   93   88
   89   82   84   74   72   64   68   68   62                                   
    72.5-180.0 180.0   5.0 450.0                            LAT/LON1/LON2/DLON/H
   64   62   57   56   57   61   65   69   75   77   84   84   92   91  100  102
  112  120  133  140  151  154  154  149  144  136  126  117  107  100   95   91
   89   86   86   81   78   70   64   55   52   48   48   45   49   49   54   55
   60   63   69   72   76   80   84   86   89   91   93   94   94   95   94   94
   90   88   84   78   72   64   66   64   64                                   
    70.0-180.0 180.0   5.0 450.0                            LAT/LON1/LON2/DLON/H
   67   60   59   51   56   55   62   62   69   70   78   78   86   87   95   96
  112  123  142  158  175  186  190  188  182  176  162  153  140  132  124  119
  115  111  108  102   96   86   77   66   59   52   53   50   54   53   58   58
   63   65   70   73   77   79   83   83   87   87   90   89   94   93   97   94
   97   92   94   84   80   70   74   65   67                                   
    67.5-180.0 180.0   5.0 450.0                            LAT/LON1/LON2/DLON/H
   72   66   58   57   57   60   62   66   69   70   75   74   82   83   91   96
  111  130  157  177  202  219  236  239  234  224  208  195  179  168  160  154
  150  141  136  122  112   98   87   73   63   55   52   48   51   53   57   58
   59   62   64   65   69   71   74   76   78   79   81   84   86   89   90   93
   93   93   92   88   82   73   74   67   72                                   
    65.0-180.0 180.0   5.0 450.0                            LAT/LON1/LON2/DLON/H
   70   63   63   57   63   61   67   64   70   66   72   73   80   81   93  100
  118  139  172  199  232  255  281  284  282  272  255  241  222  211  200  191
  184  174  165  149  135  116   99   82   71   61   56   53   55   57   58   60
   58   58   58   59   59   60   62   63   65   66   69   70   75   76   82   83
   89   88   92   85   82   72   78   67   70                                   
    62.5-180.0 180.0   5.0 450.0                            LAT/LON1/LON2/DLON/H
   61   61   58   61   62   68   67   70   71   69   72   68   72   76   87  103
  121  148  183  214  249  276  303  313  310  300  285  272  255  245  236  226
  218  206  194  175  154  133  110   91   75   66   58   56   55   54   56   55
   55   51   50   47   48   46   50   50   55   55   56   57   59   62   64   70
   72   77   77   77   70   65   67   61   61                                   
    60.0-180.0 180.0   5.0 450.0                            LAT/LON1/LON2/DLON/H
   48   50   57   57   63   66   67   66   66   60   61   60   66   74   89  105
  134  159  197  227  265  290  319  329  330  317  303  290  276  268  258  251
  241  230  215  196  171  148  124  104   87   75   68   66   62   61   56   54
   49   45   40   38   36   36   37   40   42   44   45   46   48   48   52   54
   60   61   68   63   60   54   58   52   48                                   
    57.5-180.0 180.0   5.0 450.0                            LAT/LON1/LON2/DLON/H
   36   42   50   54   59   66   62   61   53   52   53   59   69   81   98  117
  144  172  208  236  272  297  323  333  334  323  311  299  290  281  276  268
  261  249  235  213  187  162  138  119   98   85   77   73   68   62   58   50
   47   39   37   31   32   30   33   35   39   40   41   40   41   40   40   43
   45   48   50   50   44   43   43   42   36                                   
    55.0-180.0 180.0   5.0 450.0                            LAT/LON1/LON2/DLON/H
   25   35   48   50   56   51   44   40   37   37   47   56   75   88  114  131
  161  185  221  246  279  301  327  333  335  328  318  308  302  295  291  287
  279  267  253  230  205  179  158  138  121  106   97   90   84   76   66   58
   50   44   40   37   36   37   39   41   44   45   44   42   41   39   40   40
   44   43   48   46   44   42   43   38   25                                   
    52.5-180.0 180.0   5.0 450.0                            LAT/LON1/LON2/DLON/H
   28   39   47   50   49   45   32   29   27   34   46   63   83  103  128  150
  176  200  232  249  280  296  319  324  328  327  322  316  310  305  302  298
  292  280  264  239  213  191  170  155  139  126  113  106   97   88   76   67
   59   53   51   47   50   49   52   55   58   57   55   51   48   44   42   43
   43   46   47   49   44   44   43   38   28                                   
    50.0-180.0 180.0   5.0 450.0                            LAT/LON1/LON2/DLON/H
   36   44   54   54   51   37   27   20   21   29   48   64   92  112  146  163
  192  211  240  255  281  293  314  319  324  325  322  321  316  311  309  306
  299  286  267  245  223  204  186  173  161  148  135  126  114  103   90   82
   75   71   68   67   67   68   70   73   74   72   70   65   61   56   54   52
   53   53   58   57   58   57   57   50   36                                   
    47.5-180.0 180.0   5.0 450.0                            LAT/LON1/LON2/DLON/H
   57   64   64   64   62   50   35   27   29   41   56   79  104  129  154  179
  208  225  251  260  282  289  307  313  320  324  324  323  318  312  310  303
  295  280  263  242  227  210  199  188  178  167  153  140  127  115  104   94
   90   85   85   83   86   86   87   90   90   89   84   80   76   70   66   64
   61   65   66   71   69   70   68   62   57                                   
    45.0-180.0 180.0   5.0 450.0                            LAT/LON1/LON2/DLON/H
   77   76   79   73   76   68   58   42   44   54   74   93  120  140  170  193
  221  235  259  267  286  294  310  316  326  328  326  322  315  305  300  291
  283  269  254  238  228  218  210  203  193  181  165  151  137  124  115  107
  103   99   97   97   96   97   98  101  101  100   95   91   86   81   79   74
   74   73   78   81   84   85   87   82   77                                   
    42.5-180.0 180.0   5.0 450.0                            LAT/LON1/LON2/DLON/H
   93   94   88   85   85   77   73   68   71   82   98  116  135  156  186  210
  237  252  275  281  296  301  317  323  333  331  327  317  308  296  289  279
  271  258  246  237  231  225  220  214  203  191  175  159  145  132  125  116
  111  106  103  100   98   99   99  102  102  103   97   96   91   87   84   80
   76   78   80   88   92   95   98   94   93                                   
    40.0-180.0 180.0   5.0 450.0                            LAT/LON1/LON2/DLON/H
  100   96   95   88   92   83   80   76   87   99  118  134  156  175  204  224
  250  262  286  292  308  316  331  336  343  338  327  314  299  285  276  269
  264  255  249  244  243  240  236  230  217  201  184  168  152  141  131  123
  117  110  103   98   93   93   93   95   96   94   93   91   90   87   87   82
   80   79   85   88   96   99  107  102  100                                   
    37.5-180.0 180.0   5.0 450.0                            LAT/LON1/LON2/DLON/H
   95   96   95   92   93   88   86   84   98  112  135  156  178  194  221  239
  264  277  299  304  320  328  342  344  347  337  325  307  293  278  276  270
  272  269  269  268  265  262  255  247  230  214  195  178  163  150  140  130
  122  113  102   94   88   86   87   87   87   86   83   84   84   81   80   76
   70   72   74   81   87   94  102   97   95                                   
    35.0-180.0 180.0   5.0 450.0                            LAT/LON1/LON2/DLON/H
   82   84   87   84   87   82   84   82  103  121  153  173  198  213  240  253
  278  285  307  314  331  342  353  353  349  341  324  310  295  287  289  291
  301  304  308  307  302  297  284  272  253  237  216  199  183  170  157  145
  134  121  109   96   89   85   86   87   88   85   83   81   82   80   80   75
   71   70   70   71   78   83   90   90   82                                   
    32.5-180.0 180.0   5.0 450.0                            LAT/LON1/LON2/DLON/H
   69   72   74   77   80   79   79   84  101  124  158  182  210  226  250  265
  288  295  315  323  341  350  360  355  351  337  327  316  316  313  329  343
  357  368  370  365  354  341  324  304  282  264  245  228  213  197  185  167
  155  139  126  111  103   94   95   92   94   88   85   82   83   82   84   83
   82   80   76   75   74   77   77   74   69                                   
    30.0-180.0 180.0   5.0 450.0                            LAT/LON1/LON2/DLON/H
   54   58   63   65   70   67   72   76   96  120  161  187  220  237  264  276
  298  304  322  333  349  360  364  359  349  345  337  338  343  361  385  416
  435  457  453  444  416  399  373  354  325  307  284  269  251  240  224  210
  194  181  169  152  137  129  124  124  120  122  117  111  108  108  107  108
  103  103   95   90   88   83   78   68   54                                   
    27.5-180.0 180.0   5.0 450.0                            LAT/LON1/LON2/DLON/H
   56   59   59   60   62   56   58   67   86  120  156  189  221  244  269  283
  306  310  328  338  357  362  366  358  355  351  359  364  392  422  468  515
  549  567  559  532  497  463  434  407  383  359  340  324  309  294  278  260
  245  225  207  186  169  161  151  146  135  134  125  127  123  132  136  135
  129  122  115  105  100   89   85   68   56                                   
    25.0-180.0 180.0   5.0 450.0                            LAT/LON1/LON2/DLON/H
   66   58   61   60   62   56   54   56   78  112  153  188  226  248  277  291
  313  320  337  353  367  375  370  368  366  376  390  418  458  515  575  631
  667  681  660  621  567  532  493  470  437  417  386  369  345  335  321  318
  307  299  282  265  245  227  202  188  169  165  153  153  148  155  160  174
  169  156  143  129  118  100   94   91   66                                   
    22.5-180.0 180.0   5.0 450.0                            LAT/LON1/LON2/DLON/H
   88   67   67   68   64   63   57   64   76  116  154  195  227  253  277  295
  319  325  345  357  373  372  375  371  384  400  436  481  542  603  676  727
  767  771  746  687  630  580  545  510  483  454  427  406  389  382  377  378
  376  371  359  341  311  282  252  234  213  202  187  188  182  195  195  208
  211  201  184  164  145  128  117  118   88                                   
    20.0-180.0 180.0   5.0 450.0                            LAT/LON1/LON2/DLON/H
  112   71   70   67   74   74   78   88  102  134  165  203  238  262  285  307
  326  340  358  376  383  387  385  392  410  447  495  553  614  677  746  798
  821  820  788  731  661  621  575  553  511  491  457  444  426  421  418  422
  424  423  417  402  371  337  302  274  251  237  219  220  213  221  225  235
  238  234  217  199  177  156  139  147  112                                   
    17.5-180.0 180.0   5.0 450.0                            LAT/LON1/LON2/DLON/H
  130   95   89   84   88   90   94  108  125  155  183  221  253  279  297  319
  340  354  374  383  392  391  400  417  449  497  552  607  667  725  791  821
  831  817  785  730  671  626  592  565  531  502  476  459  449  443  444  450
  454  454  450  434  402  363  322  292  267  251  241  240  233  237  237  244
  247  249  242  222  206  186  168  159  130                                   
    15.0-180.0 180.0   5.0 450.0                            LAT/LON1/LON2/DLON/H
  139  107  102   95   95  105  111  126  150  181  212  241  274  298  319  343
  360  379  390  404  407  420  429  460  498  552  601  656  702  751  796  818
  812  793  753  702  650  623  587  577  539  519  487  472  456  451  446  448
  450  448  444  425  397  359  321  293  266  258  242  248  234  238  231  239
  240  249  242  233  216  200  179  162  139                                   
    12.5-180.0 180.0   5.0 450.0                            LAT/LON1/LON2/DLON/H
  140  123  114  109  105  116  123  145  173  212  244  272  297  323  342  370
  382  398  404  414  419  437  455  489  539  591  640  684  726  749  770  766
  755  729  698  658  623  603  584  572  547  520  491  468  452  439  432  428
  428  422  417  400  381  346  315  289  271  263  257  255  249  247  239  239
  239  243  237  229  218  203  185  161  140                                   
    10.0-180.0 180.0   5.0 450.0                            LAT/LON1/LON2/DLON/H
  132  120  114  109  108  118  137  164  205  243  280  304  325  345  367  394
  405  420  425  438  447  469  490  537  587  641  676  707  723  728  721  704
  685  666  643  623  597  593  576  577  546  525  489  465  440  427  411  401
  394  383  375  359  342  319  301  289  276  276  266  271  256  255  236  237
  229  233  222  216  202  193  173  148  132                                   
     7.5-180.0 180.0   5.0 450.0                            LAT/LON1/LON2/DLON/H
  122  119  108  105  108  114  138  172  216  261  296  325  345  373  393  423
  435  446  449  454  463  480  507  564  622  672  699  707  706  690  671  645
