data/unet/pred2360.15i
     1.0            IONOSPHERE MAPS     GNSS                IONEX VERSION / TYPE
pyspatialgeodesy        IME             05-JAN-18 20:20     PGM / RUN BY / DATE 
Map Name                                                    COMMENT             
Predicted global ionosphere maps (GIM).                     DESCRIPTION         
  2015     8    24     0     0     0                        EPOCH OF FIRST MAP  
  2015     8    25     0     0     0                        EPOCH OF LAST MAP   
  7200                                                      INTERVAL            
    13                                                      # OF MAPS IN FILE   
  NONE                                                      MAPPING FUNCTION    
10.0                                                        ELEVATION CUTOFF    
One-way carrier phase leveled to code                       OBSERVABLES USED    
  6371.0                                                    BASE RADIUS         
 2                                                          MAP DIMENSION       
   450.0 450.0   0.0                                        HGT1 / HGT2 / DHGT  
    87.5 -87.5  -2.5                                        LAT1 / LAT2 / DLAT  
  -180.0 180.0   5.0                                        LON1 / LON2 / DLON  
    -1                                                      EXPONENT            
                                                            END OF HEADER       
[from data line 1716]
     5                                                      START OF TEC MAP    
  2015     8    24     8     0     0                        EPOCH OF CURRENT MAP
    87.5-180.0 180.0   5.0 450.0                            LAT/LON1/LON2/DLON/H
   86   96  100  103  100  100  101  103  105  105  108  107  110  109  110  109
  111  110  111  110  111  110  111  110  111  109  110  108  108  106  106  104
  105  103  104  102  104  102  104  102  104  103  104  103  105  103  104  102
  103  101  101   99   99   98   97   95   95   94   93   92   92   91   90   89
   90   90   90   92   93   92   95   90   86                                   
    85.0-180.0 180.0   5.0 450.0                            LAT/LON1/LON2/DLON/H
   87  104  103  112  110  110  113  116  118  119  119  120  121  122  121  122
  121  121  120  120  120  120  119  119  119  117  116  115  114  113  112  111
  110  110  109  109  110  110  111  112  113  114  115  116  117  117  117  117
  117  117  115  115  113  113  110  109  107  107  103  103  101  101   98   98
   97   97   96   97   97   95   97   88   87                                   
    82.5-180.0 180.0   5.0 450.0                            LAT/LON1/LON2/DLON/H
   92   99  101  106  107  108  112  115  117  118  119  120  120  119  119  118
  118  117  116  116  116  115  115  114  114  113  112  112  110  110  107  107
  105  106  104  106  106  108  108  111  113  116  117  119  121  122  123  123
  124  123  122  121  120  118  116  113  111  108  106  102  101   98   96   94
   93   91   91   90   90   86   90   80   92                                   
    80.0-180.0 180.0   5.0 450.0                            LAT/LON1/LON2/DLON/H
   88   89   94   97   98  101  104  107  110  110  112  111  112  110  110  108
  109  106  106  104  106  104  104  103  102  101   99  100   97   98   95   96
   95   96   96   98  100  102  105  107  112  114  118  120  124  125  128  128
  130  129  130  128  128  124  122  118  116  111  108  104  101   97   94   91
   89   87   86   84   85   79   82   77   88                                   
    77.5-180.0 180.0   5.0 450.0                            LAT/LON1/LON2/DLON/H
   83   89   89   91   94   95   99  100  103  102  104  102  103  101  100   98
   97   95   95   94   94   92   92   90   90   88   87   86   85   84   84   83
   84   84   87   89   92   95  100  104  109  114  119  123  128  130  135  135
  138  136  138  135  136  132  131  126  124  117  115  108  106   99   98   92
   92   87   88   83   85   78   80   67   83                                   
    75.0-180.0 180.0   5.0 450.0                            LAT/LON1/LON2/DLON/H
   88   87   86   86   88   89   92   92   94   94   94   93   92   90   88   86
   85   83   82   81   80   79   78   77   76   76   74   73   72   72   72   72
   74   75   79   82   86   91   96  102  109  115  123  128  134  137  141  144
  146  147  147  146  145  143  140  136  132  128  124  119  114  109  104  100
   97   94   92   89   90   81   82   73   88                                   
    72.5-180.0 180.0   5.0 450.0                            LAT/LON1/LON2/DLON/H
   90   90   83   82   83   82   85   83   85   82   83   80   78   75   73   71
   69   68   67   66   66   66   66   65   64   64   63   63   62   63   63   64
   66   68   73   76   82   86   94  100  109  117  126  131  139  142  148  148
  152  151  153  151  151  148  146  141  138  132  129  123  120  114  111  105
  103   99   99   95   96   89   88   77   90                                   
    70.0-180.0 180.0   5.0 450.0                            LAT/LON1/LON2/DLON/H
   96   87   83   80   80   77   78   76   77   74   73   70   68   64   63   60
   60   58   58   59   59   60   60   61   60   60   60   60   61   61   63   63
   67   69   74   77   85   89   97  105  114  122  131  138  145  148  152  153
  155  155  154  153  153  149  148  143  141  135  133  127  126  120  118  113
  112  108  109  105  106   96   95   88   96                                   
    67.5-180.0 180.0   5.0 450.0                            LAT/LON1/LON2/DLON/H
   97   93   83   78   75   72   72   69   69   65   65   61   59   55   53   51
   50   48   49   49   52   52   55   56   57   57   58   58   59   59   61   63
   66   69   75   78   85   90   99  106  116  123  133  138  146  146  150  148
  150  148  148  145  145  141  140  136  134  130  129  125  124  120  120  116
  116  114  116  113  113  106  102   93   97                                   
    65.0-180.0 180.0   5.0 450.0                            LAT/LON1/LON2/DLON/H
  104   92   85   79   74   70   68   64   63   60   59   56   55   52   51   48
   49   47   49   50   52   54   56   58   58   59   60   60   61   62   65   67
   71   74   79   83   90   96  104  112  121  130  137  143  148  150  149  149
  146  145  142  140  138  135  132  129  127  125  124  122  123  121  121  120
  122  121  124  121  122  113  110  103  104                                   
    62.5-180.0 180.0   5.0 450.0                            LAT/LON1/LON2/DLON/H
  106  100   89   81   75   67   64   59   58   54   54   52   53   49   50   47
   48   46   48   47   51   51   54   54   55   56   57   58   59   61   64   67
   71   75   80   85   92   97  106  113  124  130  138  142  149  147  149  144
  143  138  137  131  131  126  125  120  122  118  120  118  121  119  121  120
  123  123  127  125  127  121  117  107  106                                   
    60.0-180.0 180.0   5.0 450.0                            LAT/LON1/LON2/DLON/H
  114  101   94   86   78   70   64   58   55   52   51   51   52   51   50   50
   49   49   49   50   51   52   53   54   53   55   55   57   58   61   64   69
   73   79   84   91   97  104  111  119  127  136  143  149  154  155  151  149
  144  141  135  132  129  126  123  121  120  119  118  119  120  121  122  124
  126  129  133  132  135  127  123  116  114                                   
    57.5-180.0 180.0   5.0 450.0                            LAT/LON1/LON2/DLON/H
  119  112  102   93   84   73   65   56   52   48   48   47   50   49   50   48
   49   46   47   46   47   46   47   47   47   47   49   51   53   58   61   66
   71   78   85   91   99  106  114  121  131  139  148  154  160  159  158  152
  151  144  142  136  136  130  129  124  126  122  125  122  125  124  127  126
  130  132  138  137  141  135  131  121  119                                   
    55.0-180.0 180.0   5.0 450.0                            LAT/LON1/LON2/DLON/H
  129  118  113  104   93   80   70   59   52   47   45   45   47   49   49   49
   47   46   44   44   43   43   42   43   42   44   44   48   50   56   59   66
   72   81   88   97  104  112  120  127  137  146  156  164  169  171  167  166
  161  159  153  151  147  144  139  137  133  133  131  133  132  133  133  133
  135  139  143  145  148  141  139  133  129                                   
    52.5-180.0 180.0   5.0 450.0                            LAT/LON1/LON2/DLON/H
  138  130  124  113  103   88   76   62   53   45   43   42   44   45   46   45
   45   41   40   38   38   36   36   36   36   38   39   43   47   53   57   64
   69   80   89   99  108  116  125  133  143  153  164  172  179  181  182  178
  178  175  173  169  167  161  158  152  151  148  148  145  146  143  143  140
  142  145  151  151  154  148  146  140  138                                   
    50.0-180.0 180.0   5.0 450.0                            LAT/LON1/LON2/DLON/H
  148  137  135  127  115  100   86   70   58   48   44   42   43   44   44   45
   42   40   37   36   34   34   33   34   34   37   38   44   47   54   59   66
   73   85   96  107  118  125  135  141  152  162  175  183  191  195  196  197
  195  196  192  192  187  183  176  172  167  165  160  161  159  158  155  153
  152  156  158  160  162  156  154  154  148                                   
    47.5-180.0 180.0   5.0 450.0                            LAT/LON1/LON2/DLON/H
  157  147  143  133  125  109   96   78   65   52   46   42   42   42   42   42
   41   39   37   35   34   34   33   34   34   37   39   44   48   55   60   66
   74   87   99  112  124  134  142  150  160  172  184  193  203  208  212  211
  213  212  211  207  203  196  192  185  182  177  176  173  173  170  168  163
  163  162  168  165  168  160  159  158  157                                   
    45.0-180.0 180.0   5.0 450.0                            LAT/LON1/LON2/DLON/H
  162  148  147  141  131  119  104   88   73   61   53   47   46   45   45   44
   43   42   40   40   38   38   37   39   39   43   44   50   53   60   64   71
   80   94  107  122  135  144  153  160  171  181  192  201  212  221  225  229
  228  231  225  223  215  210  199  196  188  185  180  181  179  178  174  172
  169  170  170  169  170  163  164  168  162                                   
    42.5-180.0 180.0   5.0 450.0                            LAT/LON1/LON2/DLON/H
  163  152  148  139  133  121  111   94   83   69   62   54   51   49   48   47
   47   47   46   46   46   45   45   46   46   48   49   54   58   63   67   73
   84   97  112  127  142  151  160  169  178  188  199  210  222  229  237  239
  242  240  236  230  224  215  207  200  196  192  190  189  190  187  185  180
  178  174  176  170  171  162  162  165  163                                   
    40.0-180.0 180.0   5.0 450.0                            LAT/LON1/LON2/DLON/H
  162  145  141  136  130  122  113  101   90   79   72   64   61   57   56   55
   55   55   55   56   56   55   54   55   53   55   56   60   64   69   73   80
   90  104  119  135  150  160  170  177  187  196  209  219  233  242  248  254
  254  256  249  245  236  228  217  213  207  203  199  199  196  196  192  188
  184  180  179  173  173  162  166  168  162                                   
    37.5-180.0 180.0   5.0 450.0                            LAT/LON1/LON2/DLON/H
  162  144  135  126  124  115  112  101   98   88   84   75   72   66   65   63
   64   64   66   66   66   65   63   61   60   59   60   63   67   71   78   84
   95  108  124  139  154  164  173  181  192  203  214  226  240  249  259  265
  268  268  264  258  251  242  236  230  227  223  220  218  216  212  209  203
  198  190  187  178  176  166  166  167  162                                   
    35.0-180.0 180.0   5.0 450.0                            LAT/LON1/LON2/DLON/H
  159  137  124  118  115  108  106  100   98   94   90   85   80   76   72   72
   72   74   75   76   75   74   70   68   64   64   63   65   69   75   82   90
  100  116  130  145  158  168  178  187  199  211  223  235  249  261  271  280
  286  290  288  286  279  273  265  261  258  254  248  246  237  235  228  222
  214  207  198  188  185  172  175  171  159                                   
    32.5-180.0 180.0   5.0 450.0                            LAT/LON1/LON2/DLON/H
  169  140  122  113  110  103  103   98  100   96   98   90   90   82   82   79
   81   81   83   84   83   81   77   72   69   66   65   66   70   76   85   92
  105  118  132  146  160  168  179  188  203  215  228  240  255  269  283  295
  306  314  317  319  315  313  306  305  300  295  285  279  271  265  259  250
  243  231  222  205  200  185  186  178  169                                   
    30.0-180.0 180.0   5.0 450.0                            LAT/LON1/LON2/DLON/H
  178  146  123  114  107  101   98   95   97   96   97   95   93   88   85   84
   84   86   86   89   87   86   81   77   72   69   67   67   72   79   87   98
  109  124  136  149  161  171  182  194  209  223  236  248  263  279  295  312
  326  341  353  361  367  368  368  365  363  353  343  331  318  308  298  287
  275  263  250  235  223  204  202  190  178                                   
    27.5-180.0 180.0   5.0 450.0                            LAT/LON1/LON2/DLON/H
  202  170  141  126  116  107  103   98   99   96  100   95   96   90   89   86
   88   87   90   90   91   89   86   80   77   72   70   70   73   79   89   99
  113  124  138  147  160  168  183  194  212  225  243  254  270  284  304  323
  342  363  379  396  405  414  416  417  411  401  385  373  360  350  341  330
  322  307  297  276  262  239  230  218  202                                   
    25.0-180.0 180.0   5.0 450.0                            LAT/LON1/LON2/DLON/H
  222  188  161  143  128  117  109  102  100   97   97   97   95   92   90   88
   88   87   88   90   90   91   88   86   81   78   74   73   74   81   91  104
  118  131  142  151  164  175  187  203  219  237  253  267  281  298  320  342
  364  390  411  435  449  464  469  469  460  446  431  418  404  392  381  370
  362  351  337  319  299  274  255  244  222                                   
    22.5-180.0 180.0   5.0 450.0                            LAT/LON1/LON2/DLON/H
  252  215  190  167  152  136  126  116  110  103  102   98   97   93   92   89
   88   86   87   88   91   92   93   89   88   83   79   76   76   82   92  104
  119  129  141  149  163  174  193  207  227  244  263  276  292  310  334  357
  378  409  431  460  477  495  498  500  491  480  461  449  436  425  414  403
  396  383  372  350  337  315  293  279  252                                   
    20.0-180.0 180.0   5.0 450.0                            LAT/LON1/LON2/DLON/H
  269  234  208  189  173  159  144  130  120  110  106  103  100   96   93   90
   90   87   88   89   93   95   96   95   92   89   82   79   77   83   92  109
  122  135  144  155  168  185  200  219  238  259  277  291  310  327  353  375
  399  429  451  484  499  518  520  523  512  501  488  476  467  453  444  432
  423  411  396  380  358  336  315  303  269                                   
    17.5-180.0 180.0   5.0 450.0                            LAT/LON1/LON2/DLON/H
  286  252  231  213  199  181  167  149  137  125  117  110  107  101  100   94
   94   90   90   91   94   97  101   99   99   92   86   80   78   82   92  107
  122  134  143  157  173  190  210  228  251  269  290  300  321  339  364  388
  412  440  463  491  507  523  521  525  514  510  498  494  487  476  464  448
  438  422  410  391  375  356  335  317  286                                   
    15.0-180.0 180.0   5.0 450.0                            LAT/LON1/LON2/DLON/H
  291  268  244  228  212  197  180  163  150  134  128  119  116  109  105  100
  100   96   96   96   98  100  102  101  100   93   84   79   76   82   91  110
  123  139  149  166  182  202  220  241  265  282  304  317  340  357  383  404
  428  453  471  498  507  524  521  526  515  511  507  504  502  491  481  465
  452  438  424  406  387  367  347  332  291                                   
    12.5-180.0 180.0   5.0 450.0                            LAT/LON1/LON2/DLON/H
  302  279  258  243  227  207  195  177  166  152  143  133  128  120  116  109
  109  104  103  100  101  101  103  101  100   92   84   77   75   80   90  107
  123  140  154  171  191  209  230  250  273  290  313  326  350  367  394  418
  440  461  478  498  506  517  514  520  512  513  509  513  508  504  491  476
  462  447  434  411  394  374  357  333  302                                   
    10.0-180.0 180.0   5.0 450.0                            LAT/LON1/LON2/DLON/H
  302  292  269  254  238  217  200  185  174  161  155  145  141  132  128  121
  120  114  111  105  103  100  101   98   95   87   80   75   74   80   91  111
  126  147  161  180  198  216  236  256  282  299  325  339  365  382  409  430
  451  469  481  498  501  513  512  518  514  517  517  518  518  507  496  481
  469  455  442  418  399  379  366  343  302                                   
     7.5-180.0 180.0   5.0 450.0                            LAT/LON1/LON2/DLON/H
  313  298  282  267  250  225  207  191  183  172  166  156  150  142  138  132
  129  123  116  108  104   98   99   94   91   84   81   75   76   81   92  112
