data/unet/pred3450.15i
     1.0            IONOSPHERE MAPS     GNSS                IONEX VERSION / TYPE
pyspatialgeodesy        IME             05-JAN-18 20:20     PGM / RUN BY / DATE 
Map Name                                                    COMMENT             
Predicted global ionosphere maps (GIM).                     DESCRIPTION         
  2015    12    11     0     0     0                        EPOCH OF FIRST MAP  
  2015    12    12     0     0     0                        EPOCH OF LAST MAP   
  7200                                                      INTERVAL            
    13                                                      # OF MAPS IN FILE   
  NONE                                                      MAPPING FUNCTION    
10.0                                                        ELEVATION CUTOFF    
One-way carrier phase leveled to code                       OBSERVABLES USED    
  6371.0                                                    BASE RADIUS         
 2                                                          MAP DIMENSION       
   450.0 450.0   0.0                                        HGT1 / HGT2 / DHGT  
    87.5 -87.5  -2.5                                        LAT1 / LAT2 / DLAT  
  -180.0 180.0   5.0                                        LON1 / LON2 / DLON  
    -1                                                      EXPONENT            
                                                            END OF HEADER       
[from data line 3003]
     8                                                      START OF TEC MAP    
  2015    12    11    14     0     0                        EPOCH OF CURRENT MAP
    87.5-180.0 180.0   5.0 450.0                            LAT/LON1/LON2/DLON/H
   40   60   60   58   57   56   58   55   57   55   56   53   54   53   52   51
   51   51   51   50   51   51   52   51   52   52   53   52   53   52   53   52
   53   52   53   52   53   52   53   51   53   52   52   51   52   51   51   49
   50   49   50   48   50   49   51   49   52   51   53   52   55   53   56   54
   57   56   58   56   56   56   70   59   40                                   
    85.0-180.0 180.0   5.0 450.0                            LAT/LON1/LON2/DLON/H
   53   66   58   54   56   54   56   54   56   55   57   55   56   55   56   54
   56   54   55   52   54   52   53   51   52   52   52   51   51   51   51   49
   49   49   49   47   48   46   47   45   46   45   46   45   48   47   49   49
   51   51   52   52   54   54   55   54   55   55   55   55   56   55   55   55
   55   55   55   54   57   56   62   46   53                                   
    82.5-180.0 180.0   5.0 450.0                            LAT/LON1/LON2/DLON/H
   43   54   45   48   45   47   44   47   45   48   46   48   46   48   46   48
   46   47   45   46   44   47   44   47   44   48   45   48   44   47   43   45
   40   43   38   39   34   37   32   34   31   34   31   35   33   38   36   42
   41   46   44   49   47   52   49   52   50   53   49   52   49   51   47   50
   46   49   45   47   43   44   46   32   43                                   
    80.0-180.0 180.0   5.0 450.0                            LAT/LON1/LON2/DLON/H
   35   44   37   41   38   41   38   41   39   42   40   43   41   43   41   43
   42   43   41   43   41   43   42   43   42   44   43   45   42   44   40   42
   37   39   33   34   28   29   24   26   22   25   22   27   25   31   31   37
   37   43   42   47   46   50   48   50   48   50   47   49   46   47   44   45
   42   44   40   43   39   39   42   27   35                                   
    77.5-180.0 180.0   5.0 450.0                            LAT/LON1/LON2/DLON/H
   24   38   34   33   33   34   33   35   34   36   36   37   37   38   39   40
   40   40   41   41   41   42   41   42   42   44   44   45   44   45   43   43
   39   39   34   32   26   25   20   19   16   17   16   18   19   23   26   31
   34   39   42   45   47   49   48   49   48   48   46   46   44   44   42   42
   40   40   38   38   35   33   34   20   24                                   
    75.0-180.0 180.0   5.0 450.0                            LAT/LON1/LON2/DLON/H
   26   31   29   29   30   30   30   30   31   32   34   35   38   39   41   41
   43   42   44   43   45   44   46   44   47   46   49   48   50   49   50   48
   46   43   39   34   29   24   20   16   13   12   12   13   17   21   26   29
   36   40   45   47   50   50   51   49   50   47   48   45   46   42   43   40
   41   38   38   36   34   31   35   22   26                                   
    72.5-180.0 180.0   5.0 450.0                            LAT/LON1/LON2/DLON/H
   25   34   30   30   31   31   31   34   33   37   38   42   44   46   48   50
   50   51   51   52   52   54   53   56   54   59   57   61   60   63   61   62
   58   57   51   45   39   33   26   22   18   17   16   19   21   26   30   36
   40   47   50   53   54   55   54   54   52   51   49   49   47   47   46   46
   44   44   42   41   38   34   34   22   25                                   
    70.0-180.0 180.0   5.0 450.0                            LAT/LON1/LON2/DLON/H
   28   30   29   30   31   32   33   33   35   36   41   43   48   50   54   55
   57   56   58   59   60   63   63   67   67   69   70   73   73   74   74   75
   72   69   63   56   49   40   33   26   22   19   20   21   24   28   34   38
   44   48   52   52   54   52   52   50   50   48   49   48   49   48   50   49
   50   48   47   44   42   36   37   27   28                                   
    67.5-180.0 180.0   5.0 450.0                            LAT/LON1/LON2/DLON/H
   29   35   34   31   35   34   37   37   40   42   46   50   54   57   60   62
   63   63   64   69   69   73   74   77   77   81   81   85   83   87   86   89
   85   84   78   73   65   56   46   38   33   30   29   31   33   36   40   43
   46   49   49   51   48   48   46   46   45   46   47   49   49   51   52   54
   54   54   52   50   46   40   36   27   29                                   
    65.0-180.0 180.0   5.0 450.0                            LAT/LON1/LON2/DLON/H
   30   32   32   33   35   36   37   37   39   40   45   48   54   56   61   62
   64   65   68   71   75   78   80   83   85   88   90   93   95   97   98  100
   98   96   92   85   77   67   56   46   38   33   33   33   37   37   42   41
   44   42   43   40   40   37   38   35   38   38   42   43   47   48   51   52
   54   53   53   50   48   39   38   30   30                                   
    62.5-180.0 180.0   5.0 450.0                            LAT/LON1/LON2/DLON/H
   29   36   34   34   37   37   38   38   39   40   44   48   52   56   59   62
   63   66   66   74   76   83   85   90   91   95   96  100  101  105  107  110
  110  109  104   99   90   81   70   60   52   48   45   45   46   45   44   43
   41   39   35   34   30   29   28   29   29   33   35   41   42   46   47   51
   50   52   51   50   46   39   36   27   29                                   
    60.0-180.0 180.0   5.0 450.0                            LAT/LON1/LON2/DLON/H
   27   33   34   34   36   37   34   34   33   34   37   40   45   46   51   54
   56   58   61   68   75   80   86   90   94   95  100  102  107  110  114  118
  118  118  114  109  100   88   77   67   61   53   51   48   48   43   42   37
   34   29   26   22   20   18   20   20   24   27   32   36   38   39   41   41
   44   43   45   44   44   35   37   27   27                                   
    57.5-180.0 180.0   5.0 450.0                            LAT/LON1/LON2/DLON/H
   27   39   37   38   39   38   36   34   32   32   33   36   39   42   45   49
   51   56   59   67   73   82   88   95   98  101  105  110  113  120  124  130
  131  131  126  121  112  101   90   82   74   70   65   62   58   52   49   40
   37   29   24   20   16   15   16   18   20   25   29   34   35   36   35   37
   37   39   40   41   40   36   36   25   27                                   
    55.0-180.0 180.0   5.0 450.0                            LAT/LON1/LON2/DLON/H
   37   42   43   43   43   40   35   32   28   27   27   29   32   33   36   39
   43   49   55   62   71   80   88   94  100  104  109  114  120  127  133  138
  140  138  133  126  118  107   97   89   84   78   74   67   64   53   47   37
   33   24   22   16   16   13   17   17   23   28   33   35   35   34   33   30
   32   32   36   38   41   36   41   30   37                                   
    52.5-180.0 180.0   5.0 450.0                            LAT/LON1/LON2/DLON/H
   43   54   51   54   50   48   42   37   32   29   28   29   30   32   34   40
   44   50   58   67   74   87   94  103  108  114  119  127  133  141  146  152
  151  149  142  136  126  119  110  106   99   97   91   85   76   66   59   49
   45   37   33   28   25   24   24   28   31   37   38   42   39   38   34   33
   31   34   38   43   45   44   47   37   43                                   
    50.0-180.0 180.0   5.0 450.0                            LAT/LON1/LON2/DLON/H
   59   62   63   63   62   55   49   40   35   30   29   27   28   27   31   36
   43   51   61   70   79   90   98  107  115  120  127  135  143  149  154  158
  157  153  147  139  132  125  120  115  111  106  102   93   86   73   66   54
   51   43   41   35   35   32   35   37   42   46   48   49   46   42   40   35
   37   37   45   49   55   54   59   49   59                                   
    47.5-180.0 180.0   5.0 450.0                            LAT/LON1/LON2/DLON/H
   68   76   74   77   73   67   59   51   45   40   39   37   37   35   38   44
   54   62   73   83   92  102  109  119  125  133  138  148  153  161  163  165
  160  157  148  145  139  137  132  132  126  124  116  110   99   88   78   70
   66   61   58   54   51   48   47   51   53   57   56   58   53   51   47   46
   45   49   54   61   66   67   68   63   68                                   
    45.0-180.0 180.0   5.0 450.0                            LAT/LON1/LON2/DLON/H
   76   83   83   83   82   74   69   57   55   47   48   44   44   42   44   50
   61   72   85   94  104  112  118  127  134  141  146  153  159  162  163  160
  157  152  147  145  143  144  142  141  139  133  128  116  110   96   90   79
   77   70   69   62   61   56   57   58   60   62   62   62   59   57   55   53
   56   58   66   71   78   77   80   72   76                                   
    42.5-180.0 180.0   5.0 450.0                            LAT/LON1/LON2/DLON/H
   79   87   88   90   87   82   77   70   67   63   65   61   61   55   60   66
   78   89  103  113  121  127  132  139  144  151  152  161  160  162  156  155
  147  147  143  147  148  151  151  151  147  142  136  128  117  107   98   91
   85   82   78   73   66   62   58   61   61   62   61   64   61   62   61   62
   63   68   72   79   83   83   82   78   79                                   
    40.0-180.0 180.0   5.0 450.0                            LAT/LON1/LON2/DLON/H
   76   83   87   88   89   83   81   74   75   71   75   71   71   68   72   78
   92  102  119  127  134  139  143  148  153  156  160  162  161  158  153  147
  145  144  146  151  157  159  161  159  156  149  145  134  127  113  107   97
   94   87   82   73   68   60   58   58   58   59   59   61   62   64   66   66
   71   72   79   82   86   83   84   75   76                                   
    37.5-180.0 180.0   5.0 450.0                            LAT/LON1/LON2/DLON/H
   69   76   79   82   83   82   80   79   80   81   86   84   86   82   87   95
  107  119  133  142  148  154  156  162  161  166  164  166  158  156  148  148
  146  152  156  164  171  173  175  170  166  158  154  143  136  123  115  105
   99   91   84   75   66   57   54   55   56   56   55   59   60   63   66   69
   70   73   73   78   79   77   75   72   69                                   
    35.0-180.0 180.0   5.0 450.0                            LAT/LON1/LON2/DLON/H
   60   63   72   72   77   73   75   73   79   81   88   88   93   92  100  108
  124  134  148  154  162  166  170  172  171  170  168  165  160  156  153  153
  160  167  179  185  194  192  193  182  178  168  164  153  148  134  128  114
  108   96   88   76   69   60   56   56   56   56   56   59   60   65   68   68
   71   70   73   71   72   67   70   63   60                                   
    32.5-180.0 180.0   5.0 450.0                            LAT/LON1/LON2/DLON/H
   46   53   58   62   62   64   65   68   73   79   88   93   99  102  112  124
  135  148  158  169  176  184  184  187  179  179  171  171  163  165  165  176
  187  202  214  220  225  218  215  202  196  185  181  170  168  153  149  132
  126  112  105   90   83   74   72   69   69   66   64   65   65   68   69   70
   67   67   62   64   59   58   58   57   46                                   
    30.0-180.0 180.0   5.0 450.0                            LAT/LON1/LON2/DLON/H
   43   43   52   50   53   52   54   53   61   65   80   87   99  107  121  133
  148  159  171  180  190  196  196  194  187  183  180  181  179  187  194  215
  234  255  267  269  267  255  247  228  220  206  204  194  192  179  175  159
  153  139  133  120  112  103   98   96   93   89   86   84   81   79   79   74
   73   67   66   60   58   52   56   51   43                                   
    27.5-180.0 180.0   5.0 450.0                            LAT/LON1/LON2/DLON/H
   42   45   46   48   47   48   46   48   52   58   71   80   95  105  122  138
  153  166  180  194  202  210  206  204  194  195  193  201  203  221  236  267
  292  314  325  320  314  297  286  265  255  240  236  226  225  213  209  193
  189  175  174  162  159  148  143  138  135  129  121  115  107  102   93   86
   77   74   66   65   61   59   55   56   42                                   
    25.0-180.0 180.0   5.0 450.0                            LAT/LON1/LON2/DLON/H
   54   47   50   46   47   43   44   40   44   48   60   71   89  102  125  141
  159  173  188  203  211  217  212  209  201  203  207  222  231  260  280  320
  345  371  376  371  358  340  324  303  291  275  272  262  262  252  246  234
  228  221  218  213  209  200  191  184  177  171  159  151  139  131  118  105
   94   86   80   78   74   73   69   65   54                                   
    22.5-180.0 180.0   5.0 450.0                            LAT/LON1/LON2/DLON/H
   65   64   55   55   50   50   46   45   45   49   56   66   84   99  121  144
  163  183  198  216  220  227  217  219  211  221  227  251  263  301  325  371
  395  419  422  415  399  381  365  347  334  321  314  309  307  302  292  285
  272  270  264  264  260  254  243  232  223  209  195  180  167  158  143  128
  111  101   96   93   91   91   81   85   65                                   
    20.0-180.0 180.0   5.0 450.0                            LAT/LON1/LON2/DLON/H
   84   78   67   63   58   54   52   47   48   48   55   65   81   99  124  149
  171  191  204  220  224  228  222  224  222  237  249  276  295  336  365  414
  437  462  458  452  433  415  398  384  372  361  355  350  349  344  335  329
  318  315  310  310  307  297  286  274  259  245  226  208  191  178  163  147
  131  117  111  112  107  107   98   92   84                                   
    17.5-180.0 180.0   5.0 450.0                            LAT/LON1/LON2/DLON/H
   94   93   78   74   65   63   61   58   58   59   61   70   83  104  126  155
  178  200  212  227  228  235  228  237  239  262  277  308  327  369  399  444
  470  489  489  479  460  444  426  415  404  399  390  388  381  379  368  364
  351  348  344  343  337  326  311  296  279  263  245  223  207  190  178  160
  144  133  124  121  120  117  105  107   94                                   
    15.0-180.0 180.0   5.0 450.0                            LAT/LON1/LON2/DLON/H
  104   96   81   73   68   65   66   63   66   63   68   74   91  111  135  164
  188  210  220  233  233  241  240  255  261  289  306  340  359  397  423  459
  483  501  499  489  473  456  444  434  429  424  421  417  411  406  398  389
  377  372  366  359  349  334  314  298  277  265  247  230  210  197  181  169
  153  143  136  130  123  125  113  105  104                                   
    12.5-180.0 180.0   5.0 450.0                            LAT/LON1/LON2/DLON/H
   99   98   79   73   65   66   68   70   71   74   75   84   96  121  143  174
  196  219  227  238  239  253  258  280  294  322  338  370  386  413  437  465
  489  502  505  497  483  472  457  456  445  449  439  442  429  430  417  414
  396  390  377  365  347  327  299  277  257  244  228  216  204  191  182  168
  157  148  141  132  127  121  111  109   99                                   
    10.0-180.0 180.0   5.0 450.0                            LAT/LON1/LON2/DLON/H
   97   92   75   70   63   65   68   71   76   78   85   88  108  129  156  187
  212  231  242  251  255  272  282  311  327  356  368  398  404  424  441  465
  484  497  499  493  485  477  468  466  462  464  458  461  450  449  436  430
  410  399  376  359  332  306  276  252  231  219  209  200  193  185  175  165
  155  148  142  133  124  121  109  100   97                                   
     7.5-180.0 180.0   5.0 450.0                            LAT/LON1/LON2/DLON/H
   82   90   75   71   62   64   67   74   76   85   88  101  116  142  169  203
  227  248  258  268  277  300  315  346  361  388  398  417  422  433  447  465
