data/unet/pred2630.15i
     1.0            IONOSPHERE MAPS     GNSS                IONEX VERSION / TYPE
pyspatialgeodesy        IME             05-JAN-18 20:20     PGM / RUN BY / DATE 
Map Name                                                    COMMENT             
Predicted global ionosphere maps (GIM).                     DESCRIPTION         
  2015     9    20     0     0     0                        EPOCH OF FIRST MAP  
  2015     9    21     0     0     0                        EPOCH OF LAST MAP   
  7200                                                      INTERVAL            
    13                                                      # OF MAPS IN FILE   
  NONE                                                      MAPPING FUNCTION    
10.0                                                        ELEVATION CUTOFF    
One-way carrier phase leveled to code                       OBSERVABLES USED    
  6371.0                                                    BASE RADIUS         
 2                                                          MAP DIMENSION       
   450.0 450.0   0.0                                        HGT1 / HGT2 / DHGT  
    87.5 -87.5  -2.5                                        LAT1 / LAT2 / DLAT  
  -180.0 180.0   5.0                                        LON1 / LON2 / DLON  
    -1                                                      EXPONENT            
                                                            END OF HEADER       
[from data line 4290]
    11                                                      START OF TEC MAP    
  2015     9    20    20     0     0                        EPOCH OF CURRENT MAP
    87.5-180.0 180.0   5.0 450.0                            LAT/LON1/LON2/DLON/H
  140  110   93   99   96   98   97   99   98  101  100  102  102  104  103  104
  104  105  103  104  103  104  102  102  100  100   98   97   95   95   92   92
   89   90   87   88   86   87   85   86   85   85   85   85   85   85   85   85
   85   86   85   86   85   87   86   87   86   87   86   87   86   88   87   89
   88   91   90   91   93   95   94  131  140                                   
    85.0-180.0 180.0   5.0 450.0                            LAT/LON1/LON2/DLON/H
   89   86   87   91   92   91   93   93   97   97   99   99  102  102  104  103
  105  104  104  104  104  102  103  100  100   97   97   93   93   89   90   86
   86   83   83   80   80   78   78   77   78   76   77   76   77   76   78   76
   78   77   78   77   78   78   78   78   78   78   78   78   78   78   79   78
   80   80   82   81   85   84   86  106   89                                   
    82.5-180.0 180.0   5.0 450.0                            LAT/LON1/LON2/DLON/H
   87   86   86   89   89   91   91   95   96  100  100  105  105  110  108  113
  111  115  111  114  111  112  108  108  103  102   97   96   90   89   84   84
   79   80   75   77   73   75   71   73   71   73   70   73   71   73   71   73
   71   73   71   73   72   73   71   73   71   73   70   72   70   73   70   73
   72   74   73   76   76   77   74   91   87                                   
    80.0-180.0 180.0   5.0 450.0                            LAT/LON1/LON2/DLON/H
   88   80   80   79   82   82   86   87   93   93   99   99  105  105  111  110
  114  113  116  114  116  112  113  107  106   99   98   89   87   80   78   72
   70   66   66   63   63   62   62   61   62   61   62   60   62   61   63   61
   64   62   64   63   65   63   64   62   63   61   62   60   61   60   61   60
   62   62   65   64   68   67   67   83   88                                   
    77.5-180.0 180.0   5.0 450.0                            LAT/LON1/LON2/DLON/H
   80   76   72   74   75   75   79   81   85   87   93   95  100  102  107  109
  113  114  117  116  117  115  113  109  105   99   94   87   82   75   71   66
   64   61   60   58   58   57   57   56   56   55   55   55   55   54   55   55
   56   55   56   55   55   54   54   52   52   50   50   48   48   48   48   48
   50   51   54   55   57   58   59   72   80                                   
    75.0-180.0 180.0   5.0 450.0                            LAT/LON1/LON2/DLON/H
   79   72   71   73   74   76   79   81   86   88   93   96  101  103  108  109
  114  114  118  118  120  118  118  114  110  104   99   90   83   76   71   65
   62   60   59   58   58   57   57   56   55   54   53   52   51   51   51   52
   51   52   52   52   50   50   48   47   45   43   41   40   40   40   41   41
   44   46   51   52   58   58   64   77   79                                   
    72.5-180.0 180.0   5.0 450.0                            LAT/LON1/LON2/DLON/H
   81   76   73   75   75   76   78   80   84   87   92   94   99  101  105  106
  110  111  115  116  119  119  119  115  111  105   99   90   82   74   69   65
   61   61   60   61   60   61   59   59   55   55   50   50   47   47   46   47
   46   46   46   45   44   43   40   39   36   34   31   31   30   31   32   35
   36   42   46   51   54   58   65   75   81                                   
    70.0-180.0 180.0   5.0 450.0                            LAT/LON1/LON2/DLON/H
   85   76   75   77   77   78   80   82   87   89   94   96  100  100  104  102
  107  105  112  111  118  117  119  116  113  107  100   91   82   74   69   64
   62   61   61   63   63   63   61   59   55   52   48   45   43   42   42   42
   43   43   43   42   40   38   36   33   31   28   26   25   27   26   29   30
   36   39   47   49   58   59   70   79   85                                   
    67.5-180.0 180.0   5.0 450.0                            LAT/LON1/LON2/DLON/H
   87   82   78   79   79   79   81   84   88   91   95   97  100  100  100   99
  100  101  104  108  112  115  117  116  113  106  100   91   82   75   69   66
   63   64   64   66   65   66   63   60   53   50   43   40   37   36   36   37
   37   38   37   36   33   32   28   26   23   22   20   20   21   22   25   28
   32   38   44   50   56   60   69   77   87                                   
    65.0-180.0 180.0   5.0 450.0                            LAT/LON1/LON2/DLON/H
   88   82   80   80   81   81   84   86   92   95  100  103  106  103  104   99
  101   98  103  104  113  114  119  117  115  108  102   93   85   77   71   68
   65   66   66   67   66   66   62   58   51   45   40   36   33   33   33   34
   35   36   35   34   31   29   25   23   21   19   19   18   22   22   27   28
   35   37   46   48   58   60   72   80   88                                   
    62.5-180.0 180.0   5.0 450.0                            LAT/LON1/LON2/DLON/H
   86   84   81   83   82   82   85   87   93   97  103  106  109  107  105  101
   99   98  101  104  110  114  118  117  115  109  103   94   87   81   76   73
   70   70   69   70   68   66   61   56   47   42   35   32   29   30   30   31
   31   32   30   29   26   24   20   19   17   16   16   16   18   21   24   27
   32   36   43   48   55   60   69   76   86                                   
    60.0-180.0 180.0   5.0 450.0                            LAT/LON1/LON2/DLON/H
   85   83   83   84   84   85   88   90   97  101  108  111  115  113  112  106
  106  102  106  108  115  117  122  120  119  112  107  100   94   89   84   81
   77   76   73   73   69   67   61   55   47   41   36   32   31   31   32   32
   32   32   30   28   25   23   21   18   19   18   19   19   22   23   28   28
   35   37   45   47   57   58   70   78   85                                   
    57.5-180.0 180.0   5.0 450.0                            LAT/LON1/LON2/DLON/H
   84   87   86   88   89   88   92   94  100  104  110  114  117  117  116  112
  111  109  111  112  118  120  123  121  119  114  111  106  103   99   96   93
   88   84   81   77   73   69   63   56   49   44   39   37   35   36   35   36
   33   32   30   27   25   22   21   20   20   20   21   22   23   25   27   29
   34   37   43   47   54   59   68   75   84                                   
    55.0-180.0 180.0   5.0 450.0                            LAT/LON1/LON2/DLON/H
   89   91   93   96   98   98  102  103  108  111  115  118  122  122  123  120
  121  118  120  120  123  124  126  123  122  118  118  116  116  115  112  108
  101   96   89   85   79   75   68   63   57   53   49   48   47   46   45   43
   40   38   35   32   30   28   27   27   28   28   29   29   31   30   33   33
   39   41   49   51   59   62   73   82   89                                   
    52.5-180.0 180.0   5.0 450.0                            LAT/LON1/LON2/DLON/H
   94  101  102  109  111  112  115  116  119  120  122  123  126  126  128  127
  128  126  127  127  128  127  128  124  124  122  125  127  131  131  129  123
  116  107  100   93   88   82   77   72   67   63   61   60   59   58   55   52
   47   44   41   38   36   35   35   36   37   37   38   37   36   36   36   38
   41   46   52   56   62   67   78   87   94                                   
    50.0-180.0 180.0   5.0 450.0                            LAT/LON1/LON2/DLON/H
  105  110  116  124  128  131  134  133  135  132  132  131  132  131  134  133
  136  133  134  132  133  130  129  126  127  127  133  138  145  147  145  138
  129  119  109  103   97   93   88   84   80   78   76   75   74   72   68   63
   58   54   52   49   49   48   49   49   52   50   51   48   48   44   46   45
   51   55   63   66   74   76   88   99  105                                   
    47.5-180.0 180.0   5.0 450.0                            LAT/LON1/LON2/DLON/H
  115  124  130  141  146  150  152  151  151  148  145  142  141  141  142  142
  143  141  140  138  136  134  132  130  132  134  142  149  156  158  155  147
  136  124  117  109  106  102  100   95   92   90   89   88   87   84   79   74
   68   66   63   62   62   61   62   63   65   64   63   60   56   54   52   53
   57   63   70   76   82   88   98  109  115                                   
    45.0-180.0 180.0   5.0 450.0                            LAT/LON1/LON2/DLON/H
  127  133  145  156  163  169  173  171  172  166  163  158  156  152  154  152
  153  149  148  144  143  138  139  136  139  142  151  157  164  164  159  150
  139  128  121  117  114  112  109  107  103  101  101  100   98   95   90   85
   81   79   78   77   77   76   77   78   80   79   78   74   71   66   66   64
   69   74   83   89   97  100  109  123  127                                   
    42.5-180.0 180.0   5.0 450.0                            LAT/LON1/LON2/DLON/H
  134  144  154  167  175  182  185  188  189  186  182  176  173  170  169  167
  166  161  158  154  152  148  148  148  150  154  160  165  167  165  158  148
  137  128  124  120  121  119  118  114  112  109  108  107  106  103   99   95
   92   91   92   91   91   90   90   91   92   92   89   85   80   77   74   74
   76   84   91  100  106  112  119  135  134                                   
    40.0-180.0 180.0   5.0 450.0                            LAT/LON1/LON2/DLON/H
  143  151  164  175  184  192  200  203  208  206  204  199  196  191  190  185
  183  175  172  167  167  162  164  162  166  168  172  172  170  163  154  144
  136  130  128  128  128  128  126  122  118  115  115  114  113  111  108  105
  104  104  105  104  103  100  101  100  102  102  100   97   95   91   88   86
   89   94  103  110  118  122  131  147  143                                   
    37.5-180.0 180.0   5.0 450.0                            LAT/LON1/LON2/DLON/H
  146  156  165  177  185  193  201  209  217  220  222  219  218  215  211  207
  201  193  188  183  182  180  181  181  182  184  183  179  173  162  153  144
  138  134  135  135  138  135  133  126  123  119  119  118  118  116  114  112
  112  113  113  113  110  107  105  105  105  106  104  104  100   99   95   94
   93  100  106  116  122  130  138  153  146                                   
    35.0-180.0 180.0   5.0 450.0                            LAT/LON1/LON2/DLON/H
  153  163  174  184  190  199  208  215  228  233  239  239  241  238  234  229
  222  212  207  202  202  200  201  201  201  201  197  191  180  168  159  152
  149  147  149  150  150  148  142  136  129  127  125  125  124  123  120  119
  119  119  119  117  113  109  107  107  108  108  108  108  108  106  104  102
  102  105  113  121  129  135  145  159  153                                   
    32.5-180.0 180.0   5.0 450.0                            LAT/LON1/LON2/DLON/H
  158  166  173  184  188  194  204  215  231  241  250  254  258  257  255  248
  241  232  226  222  221  221  219  219  218  218  214  205  195  183  175  170
  169  168  170  168  165  157  151  141  136  132  131  130  129  127  122  122
  120  121  118  116  109  106  102  104  103  105  103  105  104  106  103  103
  101  106  112  123  131  142  151  165  158                                   
    30.0-180.0 180.0   5.0 450.0                            LAT/LON1/LON2/DLON/H
  170  178  187  196  198  207  213  224  239  248  260  266  274  274  272  266
  259  250  246  242  240  238  236  235  235  235  230  224  215  205  199  195
  197  194  195  188  179  169  160  152  145  142  141  140  137  132  127  123
  122  119  117  112  107  101  101  100  102  101  100  101  102  104  104  104
  104  109  117  129  140  150  160  176  170                                   
    27.5-180.0 180.0   5.0 450.0                            LAT/LON1/LON2/DLON/H
  183  186  195  203  208  211  219  229  244  257  268  279  285  289  287  282
  276  269  263  260  256  253  250  250  251  252  251  247  241  233  228  225
  225  226  220  209  193  178  166  157  151  149  149  147  142  136  128  124
  118  117  111  108  102  100   96   98   97   98   95   96   94   97   96   99
   98  107  116  131  143  158  169  187  183                                   
    25.0-180.0 180.0   5.0 450.0                            LAT/LON1/LON2/DLON/H
  202  209  221  230  232  239  242  253  263  273  283  293  301  305  304  301
  295  289  284  279  274  270  266  265  268  271  275  273  271  261  260  252
  255  249  242  221  201  184  171  165  160  160  158  154  147  139  131  124
  119  114  111  106  103  100   99   98   97   93   91   90   89   91   92   94
   97  108  121  137  152  165  180  201  202                                   
    22.5-180.0 180.0   5.0 450.0                            LAT/LON1/LON2/DLON/H
  217  220  238  248  257  261  269  275  284  293  300  310  318  325  323  321
  317  313  308  303  297  290  285  284  288  292  298  299  298  295  292  290
  288  280  262  237  209  191  177  170  165  164  162  158  149  141  131  124
  117  114  108  107  102  102  100  100   96   92   87   85   82   84   85   88
   92  105  119  139  155  174  189  215  217                                   
    20.0-180.0 180.0   5.0 450.0                            LAT/LON1/LON2/DLON/H
  230  237  257  272  280  293  299  310  315  323  328  336  343  348  349  350
  347  346  342  340  331  323  314  314  315  318  322  320  325  316  322  313
  314  297  275  243  214  197  185  180  174  172  169  164  156  146  137  129
  123  117  114  110  108  107  106  103   97   91   84   80   78   78   80   84
   92  106  125  145  163  179  197  224  230                                   
    17.5-180.0 180.0   5.0 450.0                            LAT/LON1/LON2/DLON/H
  234  244  267  285  299  314  323  333  341  350  355  364  372  379  382  384
  384  384  386  383  377  366  357  352  350  348  349  349  352  347  348  343
  336  317  289  253  222  203  192  186  180  176  172  167  160  152  144  136
  128  123  117  115  112  113  109  107   98   92   83   77   73   75   76   80
   87  102  122  143  161  182  198  230  234                                   
    15.0-180.0 180.0   5.0 450.0                            LAT/LON1/LON2/DLON/H
  239  256  279  301  317  337  346  358  364  376  383  394  402  410  411  417
  419  425  424  427  423  414  400  392  384  378  376  373  376  366  366  351
  343  321  290  259  231  214  204  195  190  184  180  174  170  162  156  147
  141  133  129  123  121  118  114  109   99   91   82   75   71   71   72   75
   85  101  123  144  161  178  198  227  239                                   
    12.5-180.0 180.0   5.0 450.0                            LAT/LON1/LON2/DLON/H
  235  259  284  309  331  348  360  369  379  392  404  418  427  436  441  448
  455  462  467  469  466  460  448  435  422  409  403  397  392  383  375  362
  348  324  292  263  239  225  212  207  198  191  187  184  180  174  167  159
  150  141  134  130  124  122  115  109   98   91   81   75   68   68   69   73
   81   97  118  139  156  177  194  230  235                                   
    10.0-180.0 180.0   5.0 450.0                            LAT/LON1/LON2/DLON/H
  241  266  292  318  338  359  369  381  388  406  415  436  444  459  464  475
  484  498  506  510  510  507  494  478  456  436  422  411  402  389  379  364
  345  322  292  269  250  238  230  220  213  204  202  197  195  187  180  169
  159  147  138  131  125  119  112  105   95   87   79   72   67   66   66   71
   80   95  118  137  156  170  194  227  241                                   
     7.5-180.0 180.0   5.0 450.0                            LAT/LON1/LON2/DLON/H
  244  276  300  325  348  366  379  384  395  408  423  440  460  472  482  496
  510  527  538  547  551  545  531  509  484  455  435  420  408  397  384  369
