data/unet/pred0330.15i
     1.0            IONOSPHERE MAPS     GNSS                IONEX VERSION / TYPE
pyspatialgeodesy        IME             05-JAN-18 20:20     PGM / RUN BY / DATE 
Map Name                                                    COMMENT             
Predicted global ionosphere maps (GIM).                     DESCRIPTION         
  2015     2     2     0     0     0                        EPOCH OF FIRST MAP  
  2015     2     3     0     0     0                        EPOCH OF LAST MAP   
  7200                                                      INTERVAL            
    13                                                      # OF MAPS IN FILE   
  NONE                                                      MAPPING FUNCTION    
10.0                                                        ELEVATION CUTOFF    
One-way carrier phase leveled to code                       OBSERVABLES USED    
  6371.0                                                    BASE RADIUS         
 2                                                          MAP DIMENSION       
   450.0 450.0   0.0                                        HGT1 / HGT2 / DHGT  
    87.5 -87.5  -2.5                                        LAT1 / LAT2 / DLAT  
  -180.0 180.0   5.0                                        LON1 / LON2 / DLON  
    -1                                                      EXPONENT            
                                                            END OF HEADER       
[from data line 1716]
     5                                                      START OF TEC MAP    
  2015     2     2     8     0     0                        EPOCH OF CURRENT MAP
    87.5-180.0 180.0   5.0 450.0                            LAT/LON1/LON2/DLON/H
   48   60   64   65   64   66   68   70   73   74   77   76   81   77   83   79
   84   81   84   81   83   81   82   80   81   80   80   79   79   78   78   77
   77   77   78   76   77   75   76   74   76   74   76   74   76   74   75   74
   75   73   74   71   72   69   69   67   67   64   63   62   61   59   58   56
   56   55   55   57   58   58   57   65   48                                   
    85.0-180.0 180.0   5.0 450.0                            LAT/LON1/LON2/DLON/H
   50   66   63   71   68   74   76   84   85   90   91   94   94   95   96   95
   98   95   98   94   95   92   94   91   92   91   92   90   91   90   91   90
   91   91   93   92   94   91   93   89   91   88   90   87   90   87   88   86
   87   86   84   84   81   81   75   75   70   71   64   65   60   61   54   57
   51   54   49   54   54   53   58   54   50                                   
    82.5-180.0 180.0   5.0 450.0                            LAT/LON1/LON2/DLON/H
   57   65   59   62   66   72   78   83   89   91   96   95   99   96   98   96
   97   94   94   92   91   88   88   85   85   85   85   86   85   87   87   89
   90   92   93   95   96   97   98   97   98   97   99   97  100   98  100   98
  100   96   96   92   92   86   84   79   77   71   69   65   62   58   53   52
   48   47   44   46   44   41   44   48   57                                   
    80.0-180.0 180.0   5.0 450.0                            LAT/LON1/LON2/DLON/H
   50   57   54   57   64   68   77   82   90   93   98   98  101   99  101   96
   97   91   91   85   85   78   79   73   75   71   75   73   77   78   82   82
   86   87   92   90   96   93  100   95  103   98  106  102  112  106  116  110
  119  112  117  111  112  105  104   97   95   87   85   77   76   67   65   58
   57   52   50   48   48   37   39   45   50                                   
    77.5-180.0 180.0   5.0 450.0                            LAT/LON1/LON2/DLON/H
   47   59   55   58   62   69   76   83   89   95   98  100  100   99   98   94
   91   84   82   74   72   66   65   60   62   60   63   65   68   71   74   76
   81   81   87   88   92   93   97   99  104  107  113  116  123  126  133  135
  139  138  140  138  137  131  130  122  119  110  105   96   93   84   82   73
   70   62   59   54   52   43   39   38   47                                   
    75.0-180.0 180.0   5.0 450.0                            LAT/LON1/LON2/DLON/H
   55   62   55   59   65   70   80   83   90   94   97   98  100   96   97   88
   88   77   77   66   66   58   58   52   55   52   58   57   65   65   71   74
   78   82   85   85   88   87   92   92  101  104  116  121  136  142  157  161
  173  171  174  172  170  165  159  154  148  141  132  123  116  108  101   93
   86   79   71   68   62   47   45   50   55                                   
    72.5-180.0 180.0   5.0 450.0                            LAT/LON1/LON2/DLON/H
   59   68   58   59   63   70   77   83   88   93   95   96   97   93   94   84
   85   73   73   63   63   56   58   54   57   56   62   64   71   75   78   82
   83   86   88   90   91   92   95   99  107  118  131  143  157  170  186  196
  206  208  215  211  213  202  199  188  184  172  162  152  145  135  127  114
  108   95   90   78   74   60   57   58   59                                   
    70.0-180.0 180.0   5.0 450.0                            LAT/LON1/LON2/DLON/H
   67   69   60   61   65   69   77   79   84   88   92   92   95   92   94   86
   87   76   77   67   68   62   64   58   63   61   68   68   77   77   83   82
   85   84   86   84   87   85   93   96  111  123  142  153  176  188  213  221
  236  239  248  247  245  236  231  220  214  202  193  179  171  158  149  136
  126  112  103   92   87   67   65   68   67                                   
    67.5-180.0 180.0   5.0 450.0                            LAT/LON1/LON2/DLON/H
   65   73   62   62   64   69   76   78   82   84   89   89   92   90   92   87
   86   79   79   74   73   72   72   74   74   78   80   85   88   90   91   91
   89   89   86   88   86   93   96  110  122  144  159  179  195  216  234  248
  261  271  280  277  277  264  260  248  244  229  219  202  192  178  167  152
  140  123  113   99   93   77   74   70   65                                   
    65.0-180.0 180.0   5.0 450.0                            LAT/LON1/LON2/DLON/H
   68   71   61   61   63   67   71   75   77   81   86   86   90   90   94   88
   90   81   85   78   81   78   80   80   83   85   88   89   92   89   90   85
   84   81   81   82   85   90  102  116  136  153  174  191  213  231  252  264
  280  287  295  293  291  283  276  268  260  248  232  218  204  191  176  161
  146  130  114  102   93   76   75   71   68                                   
    62.5-180.0 180.0   5.0 450.0                            LAT/LON1/LON2/DLON/H
   66   73   60   59   60   65   70   72   75   77   82   81   86   88   90   89
   86   84   83   82   82   83   84   87   89   93   94   96   94   90   87   82
   78   78   77   82   88   98  112  131  152  172  192  210  234  248  271  285
  302  306  310  305  302  293  287  278  270  259  241  227  214  198  183  165
  149  129  113   98   92   77   77   65   66                                   
    60.0-180.0 180.0   5.0 450.0                            LAT/LON1/LON2/DLON/H
   70   69   57   56   58   61   65   68   70   72   77   77   84   84   90   86
   88   82   85   80   83   81   85   86   88   91   90   90   85   80   75   71
   68   69   72   81   92  104  124  142  166  182  203  224  247  266  283  296
  306  309  309  306  303  297  290  285  276  266  246  235  220  205  186  170
  151  132  114  100   92   77   77   66   70                                   
    57.5-180.0 180.0   5.0 450.0                            LAT/LON1/LON2/DLON/H
   80   76   61   59   57   60   63   63   67   67   72   71   77   80   84   82
   81   79   75   76   73   74   74   75   78   77   79   74   73   66   63   60
   58   63   67   80   95  114  136  157  181  200  223  243  267  287  301  315
  318  317  313  308  303  295  291  286  279  268  252  239  224  209  193  174
  157  134  118  102   96   81   83   68   80                                   
    55.0-180.0 180.0   5.0 450.0                            LAT/LON1/LON2/DLON/H
   93   82   64   63   58   59   61   59   62   63   68   68   74   75   81   77
   79   72   71   68   64   64   63   64   65   64   64   60   58   53   52   51
   52   59   69   88  108  130  155  178  200  221  241  263  282  299  313  322
  324  320  314  309  303  302  297  297  289  281  264  254  239  225  206  189
  172  151  134  118  108   95   93   81   93                                   
    52.5-180.0 180.0   5.0 450.0                            LAT/LON1/LON2/DLON/H
  115   98   81   76   69   64   65   61   62   61   64   66   70   72   74   72
   72   67   65   62   59   59   56   58   57   56   54   51   48   46   44   47
   50   60   73   95  120  146  172  197  219  239  261  280  298  316  326  333
  333  328  323  314  311  306  306  303  299  290  278  266  253  240  225  207
  191  170  153  135  126  112  113  101  115                                   
    50.0-180.0 180.0   5.0 450.0                            LAT/LON1/LON2/DLON/H
  135  120   94   87   76   70   68   61   61   60   62   64   68   70   74   71
   72   68   65   63   58   57   55   56   54   53   50   49   46   46   46   49
   56   69   87  114  140  167  193  217  238  257  277  296  317  331  344  347
  346  340  335  327  325  324  323  323  317  310  295  287  274  265  248  232
  214  195  176  159  147  135  132  122  135                                   
    47.5-180.0 180.0   5.0 450.0                            LAT/LON1/LON2/DLON/H
  155  136  119  107   95   82   78   68   66   63   65   67   69   71   72   69
   69   64   64   60   60   58   56   57   54   55   52   50   49   49   50   54
   62   79  101  130  159  185  210  231  250  269  286  306  325  343  353  357
  356  349  347  339  339  334  334  330  326  317  306  295  286  276  263  246
  228  208  191  172  162  148  150  144  155                                   
    45.0-180.0 180.0   5.0 450.0                            LAT/LON1/LON2/DLON/H
  163  150  127  120  107   95   89   78   75   69   69   71   73   76   76   75
   76   74   73   73   71   74   70   72   69   69   65   64   61   59   59   62
   72   94  121  151  179  207  228  247  265  281  300  320  343  355  368  368
  369  361  360  352  354  350  350  346  339  329  315  307  296  287  273  255
  235  215  193  177  164  154  154  148  163                                   
    42.5-180.0 180.0   5.0 450.0                            LAT/LON1/LON2/DLON/H
  161  148  140  132  122  111  105   92   88   80   79   79   81   82   81   79
   79   78   81   82   86   86   87   86   83   81   77   74   70   68   65   69
   79  105  136  168  199  223  243  262  276  292  307  330  349  363  371  374
  374  369  369  363  363  357  355  348  340  328  315  305  296  285  271  252
  231  208  188  167  154  141  147  140  161                                   
    40.0-180.0 180.0   5.0 450.0                            LAT/LON1/LON2/DLON/H
  146  145  130  131  126  121  117  107   99   91   90   89   90   91   90   89
   91   92   96  101  104  108  108  110  106  102   95   88   81   74   69   71
   84  115  146  183  215  240  261  278  294  307  327  345  364  374  384  384
  385  378  378  372  373  366  363  357  348  335  321  312  302  287  271  248
  224  199  177  155  138  122  124  118  146                                   
    37.5-180.0 180.0   5.0 450.0                            LAT/LON1/LON2/DLON/H
  129  125  124  127  125  125  123  117  110  104  101  100  100  100   97   97
   97  100  106  111  118  123  125  125  121  117  108   99   87   79   68   70
   82  112  151  191  227  254  278  295  311  326  341  358  374  385  391  392
  391  387  388  386  387  380  375  366  355  343  329  320  309  294  275  251
  226  199  176  148  130  106  107   94  129                                   
    35.0-180.0 180.0   5.0 450.0                            LAT/LON1/LON2/DLON/H
  112  116  104  109  110  116  117  116  113  109  108  107  108  108  107  105
  109  111  121  128  136  140  141  141  137  130  118  106   90   77   66   67
   80  111  154  200  239  269  295  313  332  345  364  373  392  397  406  404
  406  399  400  397  399  394  389  384  377  367  357  348  338  322  305  279
  251  221  197  167  139  108   97   88  112                                   
    32.5-180.0 180.0   5.0 450.0                            LAT/LON1/LON2/DLON/H
  117  106   97   98   99  106  110  113  113  112  112  111  114  113  110  110
  112  117  125  134  139  144  144  144  140  133  121  109   90   77   66   69
   83  111  158  207  252  283  314  336  355  368  381  391  405  411  419  421
  422  422  423  428  428  430  425  420  416  407  399  390  380  367  347  325
  300  278  248  212  181  143  122   94  117                                   
    30.0-180.0 180.0   5.0 450.0                            LAT/LON1/LON2/DLON/H
  139  123   95   94   91   98  101  104  108  106  110  110  114  113  115  113
  120  124  134  139  143  145  145  144  137  129  118  104   88   72   68   70
   90  116  165  215  264  299  331  358  379  389  405  409  427  426  441  438
  448  446  458  461  471  477  477  480  478  481  476  475  463  451  426  411
  384  375  343  308  253  204  171  145  139                                   
    27.5-180.0 180.0   5.0 450.0                            LAT/LON1/LON2/DLON/H
  195  156  129  108  105   97  102   99  104  100  108  105  112  110  110  110
  114  122  127  133  135  137  135  132  128  122  111   99   87   76   75   74
   98  123  179  225  277  310  351  380  402  413  428  436  448  454  462  466
  476  484  499  510  526  534  545  549  556  561  568  572  568  561  543  536
  518  514  488  456  392  312  259  215  195                                   
    25.0-180.0 180.0   5.0 450.0                            LAT/LON1/LON2/DLON/H
  266  237  191  162  134  122  108  108  102  102  102  103  106  107  110  108
  116  121  129  131  132  129  125  123  119  114  108   96   88   79   77   91
  106  147  197  245  289  325  362  398  421  435  453  461  479  483  501  501
  521  528  555  573  604  626  647  643  638  636  632  639  635  631  619  619
  611  611  594  570  525  456  384  320  266                                   
    22.5-180.0 180.0   5.0 450.0                            LAT/LON1/LON2/DLON/H
  386  338  269  222  189  156  141  124  119  109  106  102  105  102  104  103
  108  114  118  122  121  118  116  116  115  113  108   99   93   87   91   99
  127  159  216  257  305  335  380  415  442  460  480  494  512  527  550  561
  587  600  634  661  693  702  713  710  711  702  707  715  718  717  707  707
  702  706  689  668  621  579  502  445  386                                   
    20.0-180.0 180.0   5.0 450.0                            LAT/LON1/LON2/DLON/H
  481  451  381  321  272  231  195  167  147  131  121  110  108  105  107  103
  110  111  119  117  117  114  114  117  119  115  114  101   96  100   96  115
  134  186  233  272  314  351  390  431  462  487  511  530  557  581  609  628
  658  677  712  733  751  758  768  765  764  760  768  779  790  789  786  783
  787  788  782  754  714  667  608  538  481                                   
    17.5-180.0 180.0   5.0 450.0                            LAT/LON1/LON2/DLON/H
  561  537  463  416  348  304  247  224  194  168  152  137  128  119  113  106
  107  108  113  114  115  116  119  124  129  120  108   99   98  106  112  122
  158  202  249  284  325  362  403  443  476  509  538  567  601  628  660  682
  713  734  758  768  785  792  798  794  788  788  797  813  825  829  826  822
  827  824  820  795  766  724  671  620  561                                   
    15.0-180.0 180.0   5.0 450.0                            LAT/LON1/LON2/DLON/H
  584  593  515  466  417  388  329  295  262  234  203  180  160  146  134  121
  117  111  117  117  120  122  130  132  127  119  110  104  100  116  116  137
  164  212  252  293  333  376  413  454  493  532  567  603  637  663  700  722
  750  762  775  782  792  799  798  796  791  794  805  818  833  835  833  825
  824  814  808  787  764  738  699  657  584                                   
    12.5-180.0 180.0   5.0 450.0                            LAT/LON1/LON2/DLON/H
  591  598  542  497  455  430  396  367  318  292  253  230  205  182  162  143
  134  122  122  121  129  131  128  124  130  124  120  120  118  122  127  142
  179  219  263  306  343  384  421  462  504  549  586  627  660  690  714  736
  756  762  773  778  782  784  781  777  774  776  783  797  808  813  806  795
  786  772  760  740  727  704  683  650  591                                   
    10.0-180.0 180.0   5.0 450.0                            LAT/LON1/LON2/DLON/H
  571  572  518  479  450  438  417  402  353  333  294  274  246  221  189  168
  150  143  137  134  135  126  121  129  134  139  134  135  131  129  126  144
  175  219  262  308  347  389  424  464  509  556  600  637  674  692  717  729
  742  746  755  761  763  766  763  760  759  759  763  774  782  781  771  755
  735  718  696  680  667  656  647  617  571                                   
     7.5-180.0 180.0   5.0 450.0                            LAT/LON1/LON2/DLON/H
  542  536  490  456  433  433  426  421  394  380  340  315  280  250  221  187
  166  152  151  139  134  122  128  127  142  150  157  158  145  132  134  147
