data/unet/pred3250.15i
     1.0            IONOSPHERE MAPS     GNSS                IONEX VERSION / TYPE
pyspatialgeodesy        IME             05-JAN-18 20:20     PGM / RUN BY / DATE 
Map Name                                                    COMMENT             
Predicted global ionosphere maps (GIM).                     DESCRIPTION         
  2015    11    21     0     0     0                        EPOCH OF FIRST MAP  
  2015    11    22     0     0     0                        EPOCH OF LAST MAP   
  7200                                                      INTERVAL            
    13                                                      # OF MAPS IN FILE   
  NONE                                                      MAPPING FUNCTION    
10.0                                                        ELEVATION CUTOFF    
One-way carrier phase leveled to code                       OBSERVABLES USED    
  6371.0                                                    BASE RADIUS         
 2                                                          MAP DIMENSION       
   450.0 450.0   0.0                                        HGT1 / HGT2 / DHGT  
    87.5 -87.5  -2.5                                        LAT1 / LAT2 / DLAT  
  -180.0 180.0   5.0                                        LON1 / LON2 / DLON  
    -1                                                      EXPONENT            
                                                            END OF HEADER       
[from data line 4290]
    11                                                      START OF TEC MAP    
  2015    11    21    20     0     0                        EPOCH OF CURRENT MAP
    87.5-180.0 180.0   5.0 450.0                            LAT/LON1/LON2/DLON/H
  132  102   84   88   87   88   89   91   91   93   94   95   95   96   96   97
   96   97   95   95   94   94   93   92   91   91   89   88   87   86   85   84
   83   82   80   79   77   77   75   75   73   75   73   75   74   76   76   78
   78   81   80   83   81   84   83   85   83   86   84   86   84   86   83   85
   82   84   82   82   82   84   79  118  132                                   
    85.0-180.0 180.0   5.0 450.0                            LAT/LON1/LON2/DLON/H
   77   73   72   78   79   81   82   84   87   89   91   92   93   94   95   95
   95   95   94   93   93   92   91   89   89   87   86   84   83   81   80   78
   77   75   74   72   71   69   68   66   66   65   65   65   66   67   67   68
   68   71   70   73   72   75   74   76   74   77   74   76   73   74   72   72
   71   71   70   69   71   69   69   86   77                                   
    82.5-180.0 180.0   5.0 450.0                            LAT/LON1/LON2/DLON/H
   68   66   66   68   69   72   73   78   81   85   89   93   95   99  100  102
  102  102  100   99   98   95   93   90   88   85   83   81   79   78   76   75
   73   73   71   70   68   68   65   65   63   64   61   63   62   64   63   66
   66   70   69   73   71   76   74   78   75   80   75   79   73   77   71   73
   68   70   66   66   63   62   55   66   68                                   
    80.0-180.0 180.0   5.0 450.0                            LAT/LON1/LON2/DLON/H
   64   55   55   56   59   61   67   72   80   84   92   96  103  105  110  109
  111  109  108  104  102   96   93   88   85   80   79   75   75   71   72   69
   69   66   67   63   63   59   58   55   55   52   52   50   52   51   55   54
   60   59   65   63   69   68   72   70   74   72   74   70   71   68   67   64
   62   59   58   54   53   48   43   54   64                                   
    77.5-180.0 180.0   5.0 450.0                            LAT/LON1/LON2/DLON/H
   52   46   44   45   50   51   59   65   75   82   92   98  107  112  118  120
  121  118  115  109  103   96   91   84   80   75   72   69   68   66   66   65
   64   63   61   60   57   56   52   50   46   45   41   42   40   42   43   46
   48   51   53   57   58   62   62   65   64   66   64   64   60   61   57   56
   51   50   46   44   41   38   34   40   52                                   
    75.0-180.0 180.0   5.0 450.0                            LAT/LON1/LON2/DLON/H
   50   42   43   46   50   55   63   70   81   90  101  110  120  126  132  132
  133  129  124  117  110  100   93   85   79   74   70   67   65   66   65   65
   65   65   64   63   60   57   52   49   44   42   38   37   35   36   39   39
   44   46   51   51   56   56   59   58   60   58   58   55   55   53   52   49
   47   45   44   40   40   35   35   42   50                                   
    72.5-180.0 180.0   5.0 450.0                            LAT/LON1/LON2/DLON/H
   55   51   50   53   57   61   70   77   88   99  110  122  131  139  144  147
  145  141  135  126  117  106   97   88   80   74   69   65   64   64   64   65
   65   65   63   63   58   57   50   49   40   40   33   34   30   33   33   37
   38   43   44   48   49   52   51   52   50   51   48   47   45   46   43   43
   41   41   40   40   39   38   38   41   55                                   
    70.0-180.0 180.0   5.0 450.0                            LAT/LON1/LON2/DLON/H
   63   58   60   62   67   73   81   88   99  110  122  134  144  151  157  157
  157  151  145  135  126  114  105   92   85   75   70   65   64   62   64   63
   64   63   62   60   56   53   47   44   39   36   32   31   30   30   32   34
   37   38   41   42   44   43   44   42   42   40   40   38   39   37   39   37
   39   38   41   38   42   40   44   48   63                                   
    67.5-180.0 180.0   5.0 450.0                            LAT/LON1/LON2/DLON/H
   70   71   73   77   82   85   95  101  113  123  135  146  155  162  167  169
  168  164  157  148  137  126  114  102   90   80   72   66   62   61   61   60
   59   58   55   54   49   47   41   40   33   34   28   30   26   30   29   33
   34   37   37   38   36   36   34   33   31   31   29   29   29   31   31   33
   33   36   37   40   42   43   48   51   70                                   
    65.0-180.0 180.0   5.0 450.0                            LAT/LON1/LON2/DLON/H
   80   76   84   86   94   99  109  116  128  137  151  159  168  173  178  179
  179  175  170  161  152  140  128  112   99   85   75   67   62   60   58   56
   54   50   47   43   39   37   34   32   29   29   27   28   28   30   31   33
   34   34   33   31   29   26   24   22   22   20   21   20   24   23   27   26
   31   30   35   34   41   42   52   58   80                                   
    62.5-180.0 180.0   5.0 450.0                            LAT/LON1/LON2/DLON/H
   81   84   92   99  107  111  121  128  140  150  161  169  177  182  186  188
  188  186  182  176  167  156  142  126  108   93   80   70   63   59   56   52
   48   43   38   34   30   28   26   25   23   24   24   26   26   29   29   31
   29   30   25   24   19   17   14   13   12   14   14   16   17   20   22   24
   25   27   29   32   36   40   50   56   81                                   
    60.0-180.0 180.0   5.0 450.0                            LAT/LON1/LON2/DLON/H
   85   84   98  105  115  123  135  144  156  165  175  183  190  193  197  198
  199  197  195  190  181  170  156  138  120  101   86   76   68   64   59   55
   48   41   35   29   26   23   23   23   22   24   24   28   28   31   31   31
   29   26   23   19   15   12   11   10   11   12   14   15   19   19   24   23
   27   25   29   27   34   36   50   58   85                                   
    57.5-180.0 180.0   5.0 450.0                            LAT/LON1/LON2/DLON/H
   84   88  101  111  122  130  143  152  166  174  185  190  196  199  203  206
  209  210  208  205  196  185  169  150  131  111   96   85   79   73   69   62
   55   44   38   30   27   23   24   23   26   26   28   29   31   31   31   30
   26   24   20   17   12   11    9   11   12   16   17   20   22   24   26   28
   28   27   28   28   31   34   46   53   84                                   
    55.0-180.0 180.0   5.0 450.0                            LAT/LON1/LON2/DLON/H
   90   93  110  121  133  144  159  171  185  195  202  206  208  210  214  217
  220  221  218  215  206  195  180  161  143  123  109   98   92   87   82   76
   67   55   46   37   34   30   31   32   34   36   37   38   38   39   37   35
   31   29   24   22   19   19   18   20   23   26   28   30   32   33   35   35
   37   35   36   32   37   37   51   57   90                                   
    52.5-180.0 180.0   5.0 450.0                            LAT/LON1/LON2/DLON/H
   96  105  119  133  145  157  170  185  200  211  216  217  216  219  222  228
  231  233  228  224  214  203  190  173  155  139  125  115  109  104   99   91
   81   67   58   47   45   40   43   42   46   45   47   46   47   45   43   40
   36   34   31   29   27   29   29   34   37   40   42   42   42   43   43   44
   45   44   44   42   44   44   58   64   96                                   
    50.0-180.0 180.0   5.0 450.0                            LAT/LON1/LON2/DLON/H
  110  117  136  150  162  176  190  208  220  230  230  230  227  229  232  237
  239  239  233  226  217  206  197  183  168  153  142  131  127  120  114  105
   94   79   70   60   57   54   57   56   59   59   60   59   58   57   55   52
   48   48   45   46   44   47   48   52   55   58   58   57   55   54   54   54
   57   55   57   55   59   58   72   79  110                                   
    47.5-180.0 180.0   5.0 450.0                            LAT/LON1/LON2/DLON/H
  124  140  155  169  181  195  209  228  238  247  245  243  240  239  243  246
  248  245  238  229  220  211  204  195  182  170  157  147  137  129  120  110
   99   84   77   69   69   66   70   68   71   68   71   69   69   66   65   63
   61   60   60   62   62   65   67   71   73   74   72   69   64   62   61   62
   64   65   67   68   72   75   88   95  124                                   
    45.0-180.0 180.0   5.0 450.0                            LAT/LON1/LON2/DLON/H
  142  158  176  189  200  216  228  247  254  262  258  256  252  251  254  257
  257  251  242  232  224  217  212  206  198  185  173  156  145  130  121  110
   98   85   79   75   78   76   80   79   80   78   79   78   79   78   77   76
   75   76   77   79   80   82   85   86   87   86   82   76   71   67   67   67
   70   71   76   78   85   91  105  117  142                                   
    42.5-180.0 180.0   5.0 450.0                            LAT/LON1/LON2/DLON/H
  154  178  192  207  216  233  244  262  269  276  272  269  265  263  267  269
  268  261  250  240  232  227  223  219  211  198  180  159  139  122  109   97
   87   77   76   75   83   84   89   86   88   84   87   85   87   86   86   85
   85   87   89   91   92   93   95   94   95   91   86   79   73   69   67   68
   70   73   77   82   91  100  115  130  154                                   
    40.0-180.0 180.0   5.0 450.0                            LAT/LON1/LON2/DLON/H
  166  188  201  215  225  242  253  271  276  285  279  276  272  272  275  279
  277  270  262  252  246  241  238  232  223  205  185  155  132  111   97   87
   78   73   76   81   91   94   99   95   95   90   93   92   94   92   94   93
   93   93   95   96   98   98   99   98   97   92   87   79   74   68   68   66
   70   70   77   82   94  104  123  142  166                                   
    37.5-180.0 180.0   5.0 450.0                            LAT/LON1/LON2/DLON/H
  168  192  203  220  229  246  258  274  282  290  286  283  280  282  286  290
  290  284  278  270  264  259  253  245  230  208  182  149  123  102   90   80
   78   73   84   91  105  107  111  105  104   97   99   97   99   97   98   97
   97   96   97   97   98   98   98   97   95   92   86   80   74   69   67   65
   66   65   69   77   88  103  121  144  168                                   
    35.0-180.0 180.0   5.0 450.0                            LAT/LON1/LON2/DLON/H
  169  191  202  217  230  246  259  275  283  293  290  291  288  293  297  304
  304  302  296  292  285  281  269  257  237  211  184  150  128  111  103   99
   98  101  111  123  135  134  132  121  117  108  108  104  105  102  103   99
   98   95   95   93   94   94   95   94   94   91   87   82   77   71   70   66
   66   62   67   71   87  101  124  146  169                                   
    32.5-180.0 180.0   5.0 450.0                            LAT/LON1/LON2/DLON/H
  166  185  194  212  225  240  255  268  281  290  292  293  296  302  307  313
  316  316  314  311  306  297  281  262  238  214  188  165  148  139  139  136
  141  145  158  168  175  170  159  143  132  121  118  112  111  107  105  101
   97   92   88   86   87   88   91   91   91   90   87   85   82   78   76   72
   69   64   64   69   81   99  122  143  166                                   
    30.0-180.0 180.0   5.0 450.0                            LAT/LON1/LON2/DLON/H
  170  187  197  213  227  239  252  263  274  284  288  293  297  305  310  318
  319  324  322  324  318  307  288  265  245  224  210  196  193  195  203  209
  215  219  224  227  222  210  194  171  154  138  133  124  121  116  113  106
  100   91   87   83   86   90   94   98   98   98   95   94   91   88   86   81
   78   73   74   75   89  105  132  150  170                                   
    27.5-180.0 180.0   5.0 450.0                            LAT/LON1/LON2/DLON/H
  183  198  204  224  235  246  252  262  269  279  285  292  298  307  312  318
  322  327  329  331  324  313  291  273  256  247  245  247  260  276  296  305
  307  296  292  279  267  248  222  196  172  154  145  135  130  122  118  110
  101   91   82   80   82   91   98  105  105  105  102  102  100   97   95   89
   86   81   84   86  100  121  144  161  183                                   
    25.0-180.0 180.0   5.0 450.0                            LAT/LON1/LON2/DLON/H
  206  216  231  246  255  263  265  267  274  278  285  294  301  310  312  320
  321  327  327  330  322  311  296  286  285  288  303  320  342  371  390  402
  391  373  348  331  303  277  244  214  191  172  161  150  144  136  131  122
  111   98   89   86   90   99  108  114  115  113  110  108  107  103  101   96
   94   94   98  106  121  142  168  185  206                                   
    22.5-180.0 180.0   5.0 450.0                            LAT/LON1/LON2/DLON/H
  234  244  258  277  283  290  286  286  286  292  294  303  307  315  316  320
  320  324  324  323  318  312  306  309  327  345  371  390  425  452  466  456
  441  412  384  354  322  286  249  217  196  181  171  160  153  146  141  133
  122  111  102   99  105  114  122  126  124  120  113  111  107  105  102   97
   98  101  112  122  140  166  190  214  234                                   
    20.0-180.0 180.0   5.0 450.0                            LAT/LON1/LON2/DLON/H
  264  271  293  306  313  319  314  311  310  314  316  320  322  327  324  329
  325  326  321  321  318  318  328  346  375  402  432  457  475  492  491  479
  452  418  390  349  313  274  238  208  192  185  180  173  167  162  156  150
  141  132  123  124  127  136  139  142  137  129  119  115  109  105  102   96
  100  108  120  137  154  178  207  233  264                                   
    17.5-180.0 180.0   5.0 450.0                            LAT/LON1/LON2/DLON/H
  285  296  317  336  343  352  348  347  343  347  346  350  350  351  348  346
  344  337  334  328  332  339  364  390  431  460  483  500  521  526  525  497
  458  416  374  328  282  248  217  196  186  187  186  181  177  170  167  160
  157  149  144  142  146  152  153  153  145  136  123  117  109  103   99   93
   97  108  127  145  168  197  220  253  285                                   
    15.0-180.0 180.0   5.0 450.0                            LAT/LON1/LON2/DLON/H
  302  315  342  361  376  387  384  388  380  389  386  391  391  388  385  380
  373  363  355  352  355  370  399  436  481  505  527  539  546  545  530  489
  444  395  339  287  245  217  194  184  184  190  194  192  189  185  180  176
  173  168  164  163  163  168  166  164  155  142  126  116  105  100   95   93
   98  113  133  160  182  211  240  266  302                                   
    12.5-180.0 180.0   5.0 450.0                            LAT/LON1/LON2/DLON/H
  304  328  357  382  401  417  416  422  424  433  435  441  443  440  432  425
  420  406  397  388  398  409  447  478  528  549  566  569  576  562  525  478
  416  358  295  257  223  204  192  195  202  212  214  213  206  200  193  188
  184  180  176  175  175  175  175  171  161  145  128  113  102   97   92   90
   95  109  132  161  186  221  246  281  304                                   
    10.0-180.0 180.0   5.0 450.0                            LAT/LON1/LON2/DLON/H
  314  340  374  397  422  437  439  453  462  482  484  498  497  499  488  479
  470  454  438  430  434  452  488  530  567  574  575  573  555  530  490  438
  374  307  259  234  213  204  205  215  226  233  235  229  224  213  207  199
  192  188  185  184  182  181  180  176  166  147  130  114  105  100   94   91
   96  111  135  164  190  224  259  287  314                                   
     7.5-180.0 180.0   5.0 450.0                            LAT/LON1/LON2/DLON/H
  311  347  381  408  435  451  462  477  497  521  532  543  549  551  543  535
  522  508  491  479  488  498  541  571  594  589  592  570  531  500  458  411
