data/unet/pred2110.15i
     1.0            IONOSPHERE MAPS     GNSS                IONEX VERSION / TYPE
pyspatialgeodesy        IME             05-JAN-18 20:20     PGM / RUN BY / DATE 
Map Name                                                    COMMENT             
Predicted global ionosphere maps (GIM).                     DESCRIPTION         
  2015     7    30     0     0     0                        EPOCH OF FIRST MAP  
  2015     7    31     0     0     0                        EPOCH OF LAST MAP   
  7200                                                      INTERVAL            
    13                                                      # OF MAPS IN FILE   
  NONE                                                      MAPPING FUNCTION    
10.0                                                        ELEVATION CUTOFF    
One-way carrier phase leveled to code                       OBSERVABLES USED    
  6371.0                                                    BASE RADIUS         
 2                                                          MAP DIMENSION       
   450.0 450.0   0.0                                        HGT1 / HGT2 / DHGT  
    87.5 -87.5  -2.5                                        LAT1 / LAT2 / DLAT  
  -180.0 180.0   5.0                                        LON1 / LON2 / DLON  
    -1                                                      EXPONENT            
                                                            END OF HEADER       
[from data line 4290]
    11                                                      START OF TEC MAP    
  2015     7    30    20     0     0                        EPOCH OF CURRENT MAP
    87.5-180.0 180.0   5.0 450.0                            LAT/LON1/LON2/DLON/H
  182  156  142  145  144  143  144  143  144  144  145  144  145  144  145  144
  144  143  143  142  141  140  139  137  136  135  133  132  130  130  128  128
  126  126  125  125  124  125  123  124  123  124  124  125  125  126  127  128
  129  130  131  132  132  133  134  135  135  136  136  137  137  137  136  137
  137  138  138  138  139  140  139  166  182                                   
    85.0-180.0 180.0   5.0 450.0                            LAT/LON1/LON2/DLON/H
  143  143  141  144  144  143  145  144  147  146  148  147  149  147  149  147
  149  146  147  145  145  142  143  139  139  135  135  131  132  128  128  124
  126  122  123  120  122  119  120  118  120  119  120  119  121  122  124  124
  126  127  129  129  131  131  133  132  134  134  135  134  136  134  135  134
  136  135  137  134  137  135  138  159  143                                   
    82.5-180.0 180.0   5.0 450.0                            LAT/LON1/LON2/DLON/H
  147  143  143  145  144  145  145  148  148  150  150  152  152  154  153  155
  154  155  153  153  150  150  146  145  141  140  136  134  130  129  125  125
  121  121  118  118  115  115  113  113  112  113  113  115  115  117  118  121
  122  124  125  128  129  131  131  133  133  135  134  135  134  136  134  135
  134  136  135  137  136  136  133  151  147                                   
    80.0-180.0 180.0   5.0 450.0                            LAT/LON1/LON2/DLON/H
  149  136  134  134  135  136  139  140  143  144  147  148  151  151  153  153
  155  154  155  153  153  150  149  145  143  138  135  130  128  124  122  118
  117  113  113  109  109  106  106  104  105  104  106  105  108  108  113  113
  117  117  121  121  125  124  127  126  129  127  129  127  129  127  129  126
  128  127  129  127  129  126  126  143  149                                   
    77.5-180.0 180.0   5.0 450.0                            LAT/LON1/LON2/DLON/H
  142  129  125  126  127  129  132  134  136  138  141  143  146  148  150  151
  153  153  154  153  152  150  149  144  141  136  133  128  125  121  119  115
  114  111  110  107  106  103  102  100  100   99  100  100  102  104  107  109
  112  114  117  119  120  122  122  124  123  124  123  123  122  122  121  120
  120  120  121  120  120  118  115  130  142                                   
    75.0-180.0 180.0   5.0 450.0                            LAT/LON1/LON2/DLON/H
  140  123  122  124  125  128  131  133  136  138  141  144  147  150  152  154
  156  157  158  158  158  157  154  151  147  142  137  133  128  125  123  120
  118  117  115  112  111  107  106  103  101  100  101  100  102  104  107  109
  112  113  116  117  119  119  120  120  120  120  120  119  119  118  118  118
  118  119  120  119  120  117  116  134  140                                   
    72.5-180.0 180.0   5.0 450.0                            LAT/LON1/LON2/DLON/H
  137  123  120  121  123  124  127  129  132  134  138  140  144  146  150  151
  154  154  157  156  157  154  153  148  145  138  135  129  126  122  121  119
  119  117  117  114  112  109  107  103  101   99   99   99  100  102  104  107
  109  110  112  113  113  114  113  114  113  114  112  113  112  113  112  113
  113  115  116  117  118  116  115  132  137                                   
    70.0-180.0 180.0   5.0 450.0                            LAT/LON1/LON2/DLON/H
  140  123  122  122  124  125  128  130  134  136  140  142  146  148  151  152
  155  155  158  157  159  157  155  151  146  140  135  130  127  124  123  123
  123  123  123  120  118  114  112  106  104  101  101  101  102  104  106  107
  108  109  109  109  108  107  107  106  106  106  107  107  109  110  113  114
  116  117  120  120  123  119  120  136  140                                   
    67.5-180.0 180.0   5.0 450.0                            LAT/LON1/LON2/DLON/H
  141  129  127  125  125  125  128  129  133  135  139  141  145  146  149  150
  153  153  155  155  157  153  152  146  143  135  131  124  123  120  122  121
  123  123  124  122  120  116  113  108  105  102  102  101  102  103  104  104
  104  103  102  100   97   96   94   95   94   98   97  101  102  107  108  112
  114  117  120  122  123  122  122  136  141                                   
    65.0-180.0 180.0   5.0 450.0                            LAT/LON1/LON2/DLON/H
  147  133  133  132  132  131  134  133  137  139  143  145  150  150  154  153
  156  155  158  157  159  156  154  149  145  138  133  128  126  125  127  128
  130  131  131  128  126  121  117  111  109  105  106  104  106  105  106  105
  104  101   97   92   90   85   85   83   87   88   93   95  101  104  111  113
  119  121  125  126  130  128  129  141  147                                   
    62.5-180.0 180.0   5.0 450.0                            LAT/LON1/LON2/DLON/H
  148  140  140  137  137  134  136  135  139  140  144  146  151  152  155  154
  156  154  157  155  157  153  153  146  144  134  132  126  127  124  129  129
  133  132  133  130  128  123  119  114  112  109  108  108  108  107  106  104
  100   96   89   83   78   75   73   74   76   82   84   92   95  102  106  110
  115  118  122  125  128  129  130  144  148                                   
    60.0-180.0 180.0   5.0 450.0                            LAT/LON1/LON2/DLON/H
  154  145  147  145  144  142  143  141  144  144  149  150  157  156  160  158
  160  157  159  157  159  156  156  151  148  142  138  134  134  135  139  140
  143  142  141  138  135  129  126  121  120  116  117  115  115  113  112  108
  102   95   86   78   72   68   67   68   73   76   83   87   95   99  107  110
  117  120  126  128  132  133  137  150  154                                   
    57.5-180.0 180.0   5.0 450.0                            LAT/LON1/LON2/DLON/H
  156  151  152  150  149  146  146  144  146  146  150  151  156  157  159  157
  158  154  155  152  156  152  154  148  149  141  141  136  140  139  146  146
  149  146  146  141  138  133  131  127  125  123  122  121  119  117  114  108
  100   91   80   72   65   62   60   64   67   75   78   86   89   96  100  105
  110  113  120  123  128  131  137  152  156                                   
    55.0-180.0 180.0   5.0 450.0                            LAT/LON1/LON2/DLON/H
  161  155  158  158  156  154  154  150  152  150  154  153  160  158  163  159
  160  154  155  153  155  155  156  154  153  149  148  147  150  152  158  159
  161  158  156  152  149  144  143  139  138  134  133  129  128  124  120  113
  104   92   82   72   66   62   63   66   72   75   81   84   89   92   99  101
  109  112  120  124  129  134  141  158  161                                   
    52.5-180.0 180.0   5.0 450.0                            LAT/LON1/LON2/DLON/H
  164  161  162  163  162  161  160  157  156  155  155  156  160  160  162  158
  158  151  151  147  152  150  155  151  154  149  153  149  157  157  166  165
  168  164  162  158  157  154  152  149  146  142  138  135  131  126  121  114
  103   93   81   73   66   65   64   70   74   81   81   86   85   90   91   96
  102  108  116  119  127  130  141  160  164                                   
    50.0-180.0 180.0   5.0 450.0                            LAT/LON1/LON2/DLON/H
  170  165  169  171  171  172  170  168  166  163  164  162  166  164  167  162
  162  154  153  149  153  153  158  157  159  157  159  160  165  169  176  178
  179  176  175  172  172  169  169  163  160  153  149  142  138  132  127  118
  109   97   87   79   75   73   75   80   86   88   90   88   89   87   92   94
  104  109  121  126  134  140  151  171  170                                   
    47.5-180.0 180.0   5.0 450.0                            LAT/LON1/LON2/DLON/H
  175  173  174  176  178  178  178  177  174  172  170  170  170  170  169  165
  161  154  152  148  153  152  159  157  162  159  164  163  171  172  182  181
  185  181  183  180  181  179  177  173  165  158  150  144  137  133  126  120
  110  101   90   86   80   82   83   90   93   98   95   95   88   90   89   96
  102  112  123  131  138  144  154  177  175                                   
    45.0-180.0 180.0   5.0 450.0                            LAT/LON1/LON2/DLON/H
  184  181  183  186  186  190  190  189  188  184  183  180  181  178  179  172
  170  161  161  156  161  160  167  165  170  168  172  172  179  181  189  190
  194  193  196  194  196  193  192  183  176  165  158  148  144  137  133  124
  118  108  101   95   93   92   96  100  105  105  105   99   96   92   95   97
  109  118  133  141  151  157  168  187  184                                   
    42.5-180.0 180.0   5.0 450.0                            LAT/LON1/LON2/DLON/H
  189  188  188  189  192  193  196  195  196  194  192  190  188  187  184  181
  175  168  166  163  167  166  173  171  177  175  181  179  187  187  196  196
  202  201  206  205  209  205  202  193  183  172  161  155  147  143  137  132
  123  118  109  106  102  103  105  110  113  115  112  109  102  101  100  106
  115  129  142  152  162  167  176  199  189                                   
    40.0-180.0 180.0   5.0 450.0                            LAT/LON1/LON2/DLON/H
  199  195  196  197  196  202  203  206  205  206  204  203  200  198  196  191
  187  180  180  176  181  180  186  184  190  188  194  193  199  200  206  209
  214  216  222  222  226  220  217  205  196  183  174  166  161  155  150  142
  136  128  123  117  114  113  114  116  120  119  119  114  111  108  110  115
  127  140  157  167  178  182  191  211  199                                   
    37.5-180.0 180.0   5.0 450.0                            LAT/LON1/LON2/DLON/H
  202  201  200  198  200  198  205  203  208  208  211  207  208  205  203  200
  195  191  189  188  191  191  196  195  201  201  208  207  212  211  218  219
  226  229  235  236  237  232  226  216  205  195  185  180  172  169  161  156
  147  141  133  128  121  120  118  120  122  124  123  122  118  119  119  128
  137  151  165  176  187  191  200  222  202                                   
    35.0-180.0 180.0   5.0 450.0                            LAT/LON1/LON2/DLON/H
  214  211  211  210  207  210  211  215  217  222  222  223  221  220  218  215
  212  208  208  206  210  208  212  211  217  218  225  225  230  230  234  236
  242  246  252  251  251  243  236  224  217  207  202  195  191  184  177  168
  161  152  144  137  130  124  121  120  123  124  126  125  125  125  128  134
  146  158  174  184  196  199  208  227  214                                   
    32.5-180.0 180.0   5.0 450.0                            LAT/LON1/LON2/DLON/H
  218  219  219  219  217  212  215  214  222  224  231  229  231  229  228  226
  223  220  220  220  223  221  225  224  231  233  242  244  249  247  251  252
  258  261  264  262  258  250  241  232  224  219  214  212  204  199  188  181
  170  162  151  143  132  127  121  120  121  124  126  129  128  131  132  140
  148  161  174  185  198  203  213  235  218                                   
    30.0-180.0 180.0   5.0 450.0                            LAT/LON1/LON2/DLON/H
  231  227  232  232  228  228  225  228  232  238  241  245  244  246  243  243
  238  238  238  237  239  237  239  239  245  251  258  263  266  267  269  271
  275  277  276  271  264  252  243  233  229  224  224  220  215  206  195  185
  174  166  154  145  134  126  120  117  118  120  124  127  129  131  134  140
  150  161  175  185  199  205  216  240  231                                   
    27.5-180.0 180.0   5.0 450.0                            LAT/LON1/LON2/DLON/H
  233  236  241  247  245  244  243  243  248  252  258  261  262  262  260  259
  255  255  254  255  255  254  254  253  259  263  272  277  281  282  285  288
  290  289  283  275  262  250  239  231  227  227  224  223  214  205  191  182
  169  163  149  142  130  125  116  115  113  116  118  123  124  129  131  138
  144  155  168  180  196  206  220  245  233                                   
    25.0-180.0 180.0   5.0 450.0                            LAT/LON1/LON2/DLON/H
  246  244  256  262  265  268  267  269  270  276  279  282  282  283  281  281
  277  277  275  275  274  271  269  268  271  277  285  291  294  297  299  301
  299  295  285  273  258  244  232  225  220  221  218  216  204  194  179  168
  159  150  141  133  125  118  112  108  107  108  111  114  118  124  128  134
  143  152  167  179  194  204  217  245  246                                   
    22.5-180.0 180.0   5.0 450.0                            LAT/LON1/LON2/DLON/H
  244  249  263  277  284  289  291  294  297  301  303  306  305  305  304  305
  301  301  298  296  294  290  286  282  283  287  295  301  305  308  309  308
  304  297  283  267  249  234  220  213  206  205  200  196  185  174  159  151
  141  136  127  123  115  112  106  104  100  102  102  107  110  116  120  129
  136  148  161  175  192  205  221  247  244                                   
    20.0-180.0 180.0   5.0 450.0                            LAT/LON1/LON2/DLON/H
  251  255  271  287  300  309  314  318  322  325  328  329  330  331  332  333
  332  330  327  323  319  315  308  303  300  302  305  310  312  314  313  312
  307  297  281  261  241  223  210  199  193  187  180  174  164  153  142  133
  127  120  116  111  109  105  102   98   95   93   94   98  102  107  115  123
  135  147  164  178  192  204  217  245  251                                   
    17.5-180.0 180.0   5.0 450.0                            LAT/LON1/LON2/DLON/H
  246  255  273  293  310  321  332  336  342  344  346  348  349  353  355  360
  357  357  354  351  346  339  331  322  318  315  316  316  318  318  317  315
  309  298  278  256  231  215  197  188  176  169  157  153  143  137  126  120
  113  109  104  103  101  101   96   95   90   89   87   91   92  100  105  116
  128  144  160  177  192  206  220  245  246                                   
    15.0-180.0 180.0   5.0 450.0                            LAT/LON1/LON2/DLON/H
  248  259  273  294  312  328  339  349  354  360  364  368  370  377  381  385
  387  386  385  383  377  370  359  348  339  332  328  326  325  324  323  317
  312  295  278  251  232  211  197  184  173  160  151  144  138  129  123  115
  110  104  102   98   98   97   95   92   87   84   81   83   84   89   98  107
  123  141  161  178  192  203  215  241  248                                   
    12.5-180.0 180.0   5.0 450.0                            LAT/LON1/LON2/DLON/H
  243  256  269  288  309  323  340  348  359  366  373  381  387  397  399  407
  407  410  408  410  406  399  387  373  361  351  343  338  335  333  328  322
  312  299  277  258  234  218  201  188  173  161  149  144  136  132  124  118
  110  105   99   97   95   96   92   92   84   82   77   77   76   82   87   99
  112  133  152  173  188  202  215  241  243                                   
    10.0-180.0 180.0   5.0 450.0                            LAT/LON1/LON2/DLON/H
  242  253  264  283  297  317  330  347  356  370  377  391  397  409  415  422
  425  429  428  431  428  423  411  397  383  370  359  354  347  343  336  323
  313  296  282  261  248  230  217  200  187  171  162  153  150  143  137  129
  121  111  105   99   96   94   92   90   83   78   73   72   70   74   79   89
  103  123  146  168  183  196  211  236  242                                   
     7.5-180.0 180.0   5.0 450.0                            LAT/LON1/LON2/DLON/H
  240  255  264  277  292  306  323  335  349  362  374  388  395  410  415  427
  429  439  439  445  442  439  427  415  398  384  372  365  358  350  338  325
