data/unet/pred0240.15i
     1.0            IONOSPHERE MAPS     GNSS                IONEX VERSION / TYPE
pyspatialgeodesy        IME             05-JAN-18 20:20     PGM / RUN BY / DATE 
Map Name                                                    COMMENT             
Predicted global ionosphere maps (GIM).                     DESCRIPTION         
  2015     1    24     0     0     0                        EPOCH OF FIRST MAP  
  2015     1    25     0     0     0                        EPOCH OF LAST MAP   
  7200                                                      INTERVAL            
    13                                                      # OF MAPS IN FILE   
  NONE                                                      MAPPING FUNCTION    
10.0                                                        ELEVATION CUTOFF    
One-way carrier phase leveled to code                       OBSERVABLES USED    
  6371.0                                                    BASE RADIUS         
 2                                                          MAP DIMENSION       
   450.0 450.0   0.0                                        HGT1 / HGT2 / DHGT  
    87.5 -87.5  -2.5                                        LAT1 / LAT2 / DLAT  
  -180.0 180.0   5.0                                        LON1 / LON2 / DLON  
    -1                                                      EXPONENT            
                                                            END OF HEADER       
[from data line 2574]
     7                                                      START OF TEC MAP    
  2015     1    24    12     0     0                        EPOCH OF CURRENT MAP
    87.5-180.0 180.0   5.0 450.0                            LAT/LON1/LON2/DLON/H
   78   85   84   83   82   80   80   78   80   77   78   75   76   73   74   71
   73   69   72   68   71   67   68   65   67   63   64   61   63   61   61   60
   62   60   62   60   63   61   63   62   65   63   65   63   66   63   65   63
   64   64   64   64   64   65   65   66   67   68   68   70   71   71   72   72
   74   74   76   76   76   70   83   68   78                                   
    85.0-180.0 180.0   5.0 450.0                            LAT/LON1/LON2/DLON/H
   89   87   84   80   84   81   84   82   84   81   83   79   81   77   78   74
   75   71   72   68   69   66   67   65   66   64   65   64   65   64   65   64
   66   65   67   66   68   66   67   65   67   63   65   61   62   59   59   56
   57   55   56   54   56   55   57   57   60   59   63   62   66   65   69   68
   73   71   77   74   79   78   83   78   89                                   
    82.5-180.0 180.0   5.0 450.0                            LAT/LON1/LON2/DLON/H
   90   83   82   82   82   80   81   78   79   75   75   72   69   68   63   64
   59   60   55   58   53   56   52   56   52   55   53   56   54   57   56   59
   59   62   61   64   63   65   62   64   60   62   57   58   52   52   47   48
   42   43   40   41   38   41   40   44   44   48   49   53   54   59   59   64
   64   69   69   71   72   72   70   61   90                                   
    80.0-180.0 180.0   5.0 450.0                            LAT/LON1/LON2/DLON/H
   76   71   75   71   76   72   75   71   72   66   66   61   59   54   52   48
   47   43   45   42   44   41   45   42   46   44   48   47   52   51   58   57
   64   63   69   68   73   70   73   69   70   64   64   58   57   50   50   43
   43   37   39   34   36   33   37   36   40   39   45   45   50   50   55   55
   59   59   63   61   65   59   60   59   76                                   
    77.5-180.0 180.0   5.0 450.0                            LAT/LON1/LON2/DLON/H
   67   63   60   62   62   63   61   62   58   56   52   49   43   39   35   34
   31   30   29   31   29   33   32   37   36   41   41   47   47   54   55   62
   63   71   71   79   76   81   76   80   72   74   65   66   57   56   48   49
   41   41   35   36   32   34   31   35   34   38   38   44   43   48   48   52
   50   54   52   54   53   51   51   53   67                                   
    75.0-180.0 180.0   5.0 450.0                            LAT/LON1/LON2/DLON/H
   60   55   57   56   58   58   59   56   55   48   46   39   36   29   27   23
   22   19   22   22   24   26   29   32   34   37   40   44   48   53   59   65
   71   78   85   91   93   96   94   94   88   86   79   75   67   63   57   53
   49   45   43   40   38   37   36   36   37   38   41   42   44   45   48   47
   48   47   49   48   49   46   48   50   60                                   
    72.5-180.0 180.0   5.0 450.0                            LAT/LON1/LON2/DLON/H
   57   55   52   53   56   55   55   53   50   45   41   35   30   24   20   18
   16   16   17   20   23   27   32   36   40   43   47   52   56   63   67   79
   85   98  103  112  113  117  113  113  104  101   94   88   82   77   71   66
   62   59   56   52   50   47   46   44   44   44   45   46   48   48   50   49
   50   49   49   47   48   43   47   48   57                                   
    70.0-180.0 180.0   5.0 450.0                            LAT/LON1/LON2/DLON/H
   57   51   52   50   54   54   58   54   54   45   43   35   31   23   19   15
   14   13   16   19   25   29   36   41   45   51   53   60   63   69   76   85
   97  108  120  127  133  135  133  130  123  117  108  104   97   94   87   84
   78   75   70   66   60   57   52   51   48   47   48   48   49   48   50   49
   50   49   50   47   48   45   46   48   57                                   
    67.5-180.0 180.0   5.0 450.0                            LAT/LON1/LON2/DLON/H
   56   53   50   48   53   50   54   53   51   46   42   36   32   24   20   17
   15   15   18   22   29   34   43   47   53   60   63   69   70   79   83   96
  107  123  133  144  148  151  148  144  136  129  122  116  111  108  105  100
   96   90   85   77   71   64   60   54   52   49   50   49   50   48   50   48
   50   49   51   49   50   45   49   51   56                                   
    65.0-180.0 180.0   5.0 450.0                            LAT/LON1/LON2/DLON/H
   55   48   47   44   49   49   53   52   53   47   45   39   34   28   23   21
   18   18   21   25   32   37   45   52   57   65   69   75   79   84   93  102
  118  128  144  151  161  162  160  155  147  141  132  129  123  123  117  116
  109  104   94   87   77   70   62   56   50   48   47   46   45   45   45   44
   46   47   49   48   49   48   49   49   55                                   
    62.5-180.0 180.0   5.0 450.0                            LAT/LON1/LON2/DLON/H
   51   44   40   38   41   41   45   47   47   45   42   39   36   31   29   24
   23   22   24   27   34   38   47   53   59   67   71   78   82   89   99  110
  125  136  148  157  165  166  164  158  152  146  141  137  135  132  131  126
  121  113  103   93   82   72   62   54   50   45   44   41   42   40   40   39
   41   42   45   45   49   45   48   50   51                                   
    60.0-180.0 180.0   5.0 450.0                            LAT/LON1/LON2/DLON/H
   48   35   33   29   33   33   39   41   44   41   41   40   35   34   29   29
   26   24   26   27   32   35   43   49   58   63   73   77   88   92  107  115
  132  139  155  162  172  170  169  163  160  153  148  146  144  143  137  136
  126  120  107   98   85   75   63   54   48   44   42   40   39   37   37   35
   37   39   43   45   47   47   48   46   48                                   
    57.5-180.0 180.0   5.0 450.0                            LAT/LON1/LON2/DLON/H
   43   34   25   21   22   24   27   31   34   34   35   35   35   34   33   32
   31   29   30   30   33   35   41   46   55   64   73   82   93  102  115  126
  139  149  159  168  173  172  170  167  164  160  157  156  155  151  148  141
  133  124  114  104   91   80   67   58   51   47   44   41   38   36   35   33
   35   38   42   45   49   47   47   48   43                                   
    55.0-180.0 180.0   5.0 450.0                            LAT/LON1/LON2/DLON/H
   46   30   21   17   20   19   24   26   29   30   32   34   32   33   31   33
   31   30   31   30   32   33   39   43   55   64   79   87  104  110  128  137
  152  160  171  175  183  178  180  177  177  173  170  170  166  163  156  151
  138  132  118  109   95   85   71   63   55   51   47   45   42   40   39   36
   38   39   44   46   50   52   51   47   46                                   
    52.5-180.0 180.0   5.0 450.0                            LAT/LON1/LON2/DLON/H
   49   38   24   21   19   19   21   23   26   28   31   33   33   33   34   35
   36   36   36   37   37   38   41   47   58   70   85   99  114  126  141  152
  164  173  181  187  188  186  187  185  186  184  184  181  180  174  170  158
  149  138  128  117  106   94   83   74   67   61   58   54   51   49   47   45
   44   46   50   53   57   55   54   56   49                                   
    50.0-180.0 180.0   5.0 450.0                            LAT/LON1/LON2/DLON/H
   62   47   37   34   34   30   32   30   33   34   36   37   36   36   35   39
   40   42   42   43   42   42   46   51   66   78   98  109  131  139  155  165
  179  185  195  197  201  198  200  199  200  200  197  198  192  189  178  170
  158  150  137  127  115  106   94   86   77   73   67   66   63   61   60   57
   55   54   56   58   62   64   65   64   62                                   
    47.5-180.0 180.0   5.0 450.0                            LAT/LON1/LON2/DLON/H
   74   65   55   53   49   45   42   40   41   40   42   42   43   40   40   42
   46   49   52   53   53   53   56   63   76   91  109  126  144  155  167  179
  189  199  203  206  206  206  208  207  211  208  211  206  207  198  192  178
  171  158  150  138  129  117  108   97   91   85   81   78   74   74   72   69
   67   65   66   67   72   70   73   79   74                                   
    45.0-180.0 180.0   5.0 450.0                            LAT/LON1/LON2/DLON/H
   88   80   74   72   73   65   64   57   57   55   57   56   55   51   50   52
   55   60   63   65   65   67   71   79   94  107  129  142  161  167  179  188
  200  205  212  212  217  216  219  220  222  222  219  219  214  210  200  191
  180  172  160  149  138  127  116  106   98   93   88   87   83   84   81   78
   76   72   72   71   74   78   82   92   88                                   
    42.5-180.0 180.0   5.0 450.0                            LAT/LON1/LON2/DLON/H
   96   95   88   91   87   81   76   69   67   64   67   66   67   62   61   62
   65   70   74   76   77   81   84   94  108  124  142  156  170  176  184  193
  201  207  212  216  221  223  228  227  233  227  229  222  221  212  209  196
  190  177  170  156  146  133  123  110  102   96   92   88   85   85   83   81
   78   75   73   72   76   76   84  101   96                                   
    40.0-180.0 180.0   5.0 450.0                            LAT/LON1/LON2/DLON/H
  101  102   99   98  100   92   90   80   80   77   81   81   82   77   77   76
   79   83   86   88   91   95  103  111  130  140  160  170  182  182  188  192
  203  208  220  226  237  241  244  246  247  244  237  233  227  223  215  207
  197  187  176  162  149  135  123  111  102   96   92   87   85   84   83   81
   79   75   73   70   74   76   85  101  101                                   
    37.5-180.0 180.0   5.0 450.0                            LAT/LON1/LON2/DLON/H
   98  102   99  102  100   95   91   83   82   80   85   87   90   86   86   85
   89   91   94   95   98  104  112  123  139  151  167  177  184  185  189  195
  204  217  229  244  253  262  266  266  268  259  255  245  240  230  227  214
  207  193  184  166  152  138  126  113  103   97   91   85   80   78   77   76
   73   69   68   64   67   69   77   99   98                                   
    35.0-180.0 180.0   5.0 450.0                            LAT/LON1/LON2/DLON/H
   92   96   97   95   99   92   92   83   84   83   90   94   98   96   97   96
  100  100  101  101  105  110  124  132  154  160  179  183  192  190  196  203
  219  236  257  275  289  298  300  301  296  291  279  273  260  254  241  232
  218  206  191  175  156  142  128  118  107  101   95   88   82   77   76   72
   71   66   64   59   60   63   73   87   92                                   
    32.5-180.0 180.0   5.0 450.0                            LAT/LON1/LON2/DLON/H
   81   85   86   89   89   84   83   79   79   79   87   92   98   97  100  100
  103  102  103  103  105  113  126  141  157  168  181  188  194  195  202  215
  234  259  286  308  325  332  338  335  334  323  316  302  292  279  265  250
  235  219  204  185  169  152  141  130  121  115  109  102   94   87   84   81
   78   73   68   61   58   57   63   76   81                                   
    30.0-180.0 180.0   5.0 450.0                            LAT/LON1/LON2/DLON/H
   73   76   76   76   84   79   83   74   78   75   85   89   97   96  102  102
  106  104  103  103  109  117  137  147  168  173  189  193  202  202  212  227
  256  289  322  347  366  374  374  376  371  368  354  348  330  320  298  283
  262  246  226  208  191  178  162  152  143  137  131  126  118  112  107  102
   99   94   87   79   72   67   70   65   73                                   
    27.5-180.0 180.0   5.0 450.0                            LAT/LON1/LON2/DLON/H
   72   73   70   74   78   76   77   74   73   71   78   81   89   90   97   98
  102  100  102  101  110  123  139  156  170  181  193  200  207  211  226  246
  285  322  363  389  410  413  418  416  417  412  404  391  377  360  341  320
  298  280  260  243  226  210  197  182  177  172  170  166  162  155  152  145
  142  131  122  106   93   80   77   65   72                                   
    25.0-180.0 180.0   5.0 450.0                            LAT/LON1/LON2/DLON/H
   75   68   65   66   75   76   83   75   78   70   78   76   85   83   90   91
   97   96   98  102  113  131  150  164  179  187  201  208  219  226  251  279
  326  365  405  434  450  455  455  459  457  459  446  437  415  401  377  357
  332  319  298  290  270  258  237  226  214  212  210  209  207  209  205  195
  185  172  157  140  124  107  102   80   75                                   
    22.5-180.0 180.0   5.0 450.0                            LAT/LON1/LON2/DLON/H
   86   88   81   77   77   78   83   80   78   72   74   71   77   75   82   84
   90   90   96  100  114  134  154  172  184  195  208  218  232  244  282  317
  372  408  448  467  483  482  489  489  496  492  490  474  457  435  414  391
  368  352  338  330  316  304  287  279  272  269  269  269  268  261  253  241
  226  207  189  170  150  136  121   98   86                                   
    20.0-180.0 180.0   5.0 450.0                            LAT/LON1/LON2/DLON/H
  115  114  103   94   89   85   90   84   84   74   75   66   73   69   77   76
   84   85   92  101  119  142  164  181  194  204  217  230  247  271  310  349
  402  438  475  492  502  504  502  510  511  516  510  502  480  465  440  425
  402  393  375  370  355  348  333  328  320  325  325  327  326  315  298  279
  260  243  223  204  181  159  146  129  115                                   
    17.5-180.0 180.0   5.0 450.0                            LAT/LON1/LON2/DLON/H
  144  146  140  123  109   98   99   92   91   84   80   69   71   67   74   74
   80   83   91  101  121  147  170  189  201  213  229  242  267  287  334  372
  422  455  487  498  503  502  507  509  523  521  527  514  502  486  470  458
  443  433  418  410  399  391  379  369  362  363  366  368  364  347  330  308
  290  270  255  234  213  191  176  152  144                                   
    15.0-180.0 180.0   5.0 450.0                            LAT/LON1/LON2/DLON/H
  166  169  156  140  128  113  107   95   96   84   82   70   69   63   73   74
   79   81   94  104  131  156  180  196  208  222  239  261  280  307  349  387
  424  455  478  493  494  497  502  512  521  526  527  519  509  504  491  489
  478  472  454  446  435  426  408  397  382  380  380  372  372  358  345  323
  303  284  271  253  236  217  204  187  166                                   
    12.5-180.0 180.0   5.0 450.0                            LAT/LON1/LON2/DLON/H
  183  190  175  157  142  127  117  102  100   90   87   79   75   69   73   79
   86   90  100  120  141  167  186  204  217  235  256  274  299  321  364  391
  425  443  466  472  477  482  494  507  524  527  530  521  517  511  507  504
  497  490  474  468  454  442  419  400  383  369  365  356  357  350  339  321
  304  289  277  260  246  232  228  204  183                                   
    10.0-180.0 180.0   5.0 450.0                            LAT/LON1/LON2/DLON/H
  183  203  184  170  150  136  122  108  100   90   86   81   77   73   72   77
   85   93  107  127  157  175  199  213  229  247  265  290  312  342  374  395
  415  432  445  455  461  474  490  512  525  534  534  529  525  520  518  515
  509  499  482  476  460  444  418  396  372  353  344  332  336  326  317  307
  290  282  272  260  249  243  232  218  183                                   
     7.5-180.0 180.0   5.0 450.0                            LAT/LON1/LON2/DLON/H
  184  203  187  170  152  134  126  111  105   92   88   81   80   78   74   79
   83   98  112  141  162  190  201  225  234  257  277  303  330  363  384  399
