data/unet/pred1940.15i
     1.0            IONOSPHERE MAPS     GNSS                IONEX VERSION / TYPE
pyspatialgeodesy        IME             05-JAN-18 20:20     PGM / RUN BY / DATE 
Map Name                                                    COMMENT             
Predicted global ionosphere maps (GIM).                     DESCRIPTION         
  2015     7    13     0     0     0                        EPOCH OF FIRST MAP  
  2015     7    14     0     0     0                        EPOCH OF LAST MAP   
  7200                                                      INTERVAL            
    13                                                      # OF MAPS IN FILE   
  NONE                                                      MAPPING FUNCTION    
10.0                                                        ELEVATION CUTOFF    
One-way carrier phase leveled to code                       OBSERVABLES USED    
  6371.0                                                    BASE RADIUS         
 2                                                          MAP DIMENSION       
   450.0 450.0   0.0                                        HGT1 / HGT2 / DHGT  
    87.5 -87.5  -2.5                                        LAT1 / LAT2 / DLAT  
  -180.0 180.0   5.0                                        LON1 / LON2 / DLON  
    -1                                                      EXPONENT            
                                                            END OF HEADER       
[from data line 5148]
    13                                                      START OF TEC MAP    
  2015     7    14     0     0     0                        EPOCH OF CURRENT MAP
    87.5-180.0 180.0   5.0 450.0                            LAT/LON1/LON2/DLON/H
  176  141  132  126  127  122  125  122  126  122  125  121  125  121  125  121
  125  122  125  121  125  121  124  119  123  118  120  115  118  113  116  110
  114  109  113  108  112  108  112  108  112  109  113  109  114  111  115  112
  117  114  118  115  119  116  121  117  122  119  123  120  124  121  125  121
  125  123  128  128  137  137  138  160  176                                   
    85.0-180.0 180.0   5.0 450.0                            LAT/LON1/LON2/DLON/H
  151  143  139  133  131  127  129  128  130  127  129  126  128  126  127  125
  128  125  127  125  127  124  125  121  122  118  118  114  114  109  110  105
  106  101  103   99  102   99  102   99  103  102  105  104  109  108  111  110
  114  113  116  115  119  118  121  120  123  122  124  123  125  124  125  123
  125  125  130  134  145  141  131  134  151                                   
    82.5-180.0 180.0   5.0 450.0                            LAT/LON1/LON2/DLON/H
  147  145  143  142  141  138  139  139  141  138  139  137  139  136  138  136
  138  136  138  137  138  135  135  132  131  127  126  121  120  115  113  108
  107  102  103   99  101   98  100   98  101  101  104  105  109  109  113  113
  117  117  121  121  125  124  127  127  130  129  132  130  132  130  133  130
  132  131  136  138  148  142  133  132  147                                   
    80.0-180.0 180.0   5.0 450.0                            LAT/LON1/LON2/DLON/H
  146  151  149  151  149  151  151  155  153  154  152  153  151  153  151  153
  152  154  152  154  151  152  148  148  144  142  137  135  130  127  121  119
  115  112  109  108  106  106  105  107  108  110  112  115  117  120  122  125
  126  129  130  133  134  136  136  139  139  140  140  141  140  141  140  140
  138  139  141  144  148  144  134  131  146                                   
    77.5-180.0 180.0   5.0 450.0                            LAT/LON1/LON2/DLON/H
  148  150  151  156  155  158  159  164  162  163  160  161  159  160  159  161
  160  161  161  162  160  160  157  156  152  148  144  140  135  130  126  122
  118  114  112  110  109  108  110  111  113  114  118  121  124  127  130  133
  134  137  138  141  142  143  144  146  145  147  147  148  146  146  144  144
  140  141  142  144  146  144  134  131  148                                   
    75.0-180.0 180.0   5.0 450.0                            LAT/LON1/LON2/DLON/H
  146  151  153  157  158  161  164  167  166  166  165  165  164  164  164  165
  164  164  164  165  163  162  160  158  153  149  144  139  134  129  124  120
  116  113  111  109  109  108  111  112  114  116  121  124  126  129  133  135
  137  139  141  143  143  144  145  146  145  147  147  148  146  146  144  143
  139  140  141  143  144  144  133  131  146                                   
    72.5-180.0 180.0   5.0 450.0                            LAT/LON1/LON2/DLON/H
  148  149  153  161  161  165  167  171  170  171  169  170  167  167  166  165
  163  163  162  162  160  159  157  153  149  144  140  135  130  125  121  118
  114  111  110  109  109  110  112  114  116  119  123  126  129  132  135  138
  140  141  143  144  144  145  145  145  145  146  146  147  144  144  142  141
  137  138  139  140  143  144  133  132  148                                   
    70.0-180.0 180.0   5.0 450.0                            LAT/LON1/LON2/DLON/H
  145  149  154  159  162  166  169  173  173  174  172  173  170  170  167  166
  163  162  159  159  155  154  150  148  143  140  134  131  125  123  119  117
  113  111  110  109  109  109  111  112  114  116  120  122  126  128  133  134
  138  139  142  141  142  141  142  141  142  142  143  143  142  141  140  138
  135  134  136  138  141  141  130  130  145                                   
    67.5-180.0 180.0   5.0 450.0                            LAT/LON1/LON2/DLON/H
  146  147  152  159  160  165  169  175  176  178  176  177  174  173  169  167
  162  160  156  154  150  147  143  139  135  130  127  124  120  118  116  114
  112  111  110  109  107  107  107  108  108  110  112  116  118  122  126  130
  132  135  137  138  138  138  138  138  138  140  140  141  140  139  138  136
  132  133  134  136  140  141  131  131  146                                   
    65.0-180.0 180.0   5.0 450.0                            LAT/LON1/LON2/DLON/H
  145  148  153  156  157  161  167  173  175  179  178  179  176  174  171  168
  163  159  154  150  145  140  135  131  125  121  118  116  113  113  112  112
  110  109  107  106  103  102  101  100  100  101  104  107  110  114  119  122
  127  129  133  133  135  134  136  136  138  138  141  140  141  138  138  134
  132  130  133  135  140  141  133  132  145                                   
    62.5-180.0 180.0   5.0 450.0                            LAT/LON1/LON2/DLON/H
  147  147  151  155  153  158  162  170  173  178  179  181  178  178  173  171
  165  161  154  149  142  136  129  123  117  113  110  110  108  109  109  109
  107  106  104  101   97   95   92   92   90   93   94   98  101  106  110  116
  120  125  127  130  131  133  134  136  137  140  142  143  143  141  138  135
  132  131  132  134  141  143  137  136  147                                   
    60.0-180.0 180.0   5.0 450.0                            LAT/LON1/LON2/DLON/H
  148  150  152  153  152  154  158  165  170  175  177  181  179  178  175  173
  168  164  157  151  143  135  128  119  113  108  106  105  106  107  107  107
  105  103   99   96   91   89   86   85   86   86   89   90   95   99  105  109
  115  119  124  127  131  132  135  137  142  144  148  147  148  144  142  137
  135  132  135  136  143  146  142  140  148                                   
    57.5-180.0 180.0   5.0 450.0                            LAT/LON1/LON2/DLON/H
  152  152  152  154  150  153  155  162  166  172  175  180  178  181  177  177
  172  169  162  158  149  142  131  124  115  111  108  109  108  110  109  109
  104  103   98   95   89   87   83   84   83   85   86   89   91   97  100  107
  110  117  120  126  128  133  136  141  146  150  153  155  154  151  147  142
  138  137  138  140  147  151  148  145  152                                   
    55.0-180.0 180.0   5.0 450.0                            LAT/LON1/LON2/DLON/H
  156  157  158  158  156  156  158  163  165  170  174  177  178  180  178  178
  175  173  169  164  157  150  141  132  125  119  118  116  117  116  115  112
  108  104  100   95   91   89   87   87   87   87   89   89   93   94   99  101
  108  112  119  122  129  132  140  144  152  156  162  160  161  155  153  146
  143  140  143  144  152  155  154  150  156                                   
    52.5-180.0 180.0   5.0 450.0                            LAT/LON1/LON2/DLON/H
  161  161  162  166  163  165  164  168  167  171  171  175  175  179  178  180
  177  179  175  174  169  165  157  151  143  139  135  134  131  130  126  123
  116  113  106  103   97   97   94   95   94   96   96   97   97   99   99  102
  105  111  115  122  127  134  140  149  156  164  168  170  168  165  160  154
  149  148  148  150  158  162  161  156  161                                   
    50.0-180.0 180.0   5.0 450.0                            LAT/LON1/LON2/DLON/H
  168  170  172  174  176  175  176  176  175  174  174  174  175  177  177  179
  180  181  181  181  180  178  173  168  163  157  153  149  146  141  136  131
  125  120  115  111  109  107  107  107  108  107  109  106  107  104  104  103
  107  109  116  121  130  136  146  153  166  171  179  178  179  174  171  164
  160  156  158  158  166  168  168  163  168                                   
    47.5-180.0 180.0   5.0 450.0                            LAT/LON1/LON2/DLON/H
  176  178  181  187  187  189  187  188  183  182  177  176  173  176  176  180
  179  184  185  189  190  192  191  188  184  179  172  168  160  156  147  142
  135  132  127  126  122  122  120  123  123  125  123  121  117  113  109  108
  108  111  116  124  131  142  151  164  174  185  189  192  188  186  182  176
  170  166  165  166  173  177  179  171  176                                   
    45.0-180.0 180.0   5.0 450.0                            LAT/LON1/LON2/DLON/H
  186  190  194  198  202  202  202  201  195  190  185  180  177  177  178  180
  181  185  190  194  199  203  205  203  200  194  187  178  171  163  156  149
  145  143  141  140  139  138  138  137  140  139  138  133  130  122  118  113
  113  115  122  128  139  149  163  174  188  197  204  204  202  198  197  190
  184  178  177  176  184  186  189  183  186                                   
    42.5-180.0 180.0   5.0 450.0                            LAT/LON1/LON2/DLON/H
  194  199  203  210  213  215  214  214  206  203  194  189  182  183  181  184
  184  189  192  199  204  210  213  212  209  203  195  187  177  171  162  160
  155  157  156  158  156  156  154  155  156  157  154  149  142  134  127  121
  120  122  127  135  145  160  172  189  201  213  218  220  216  213  212  204
  197  190  188  187  195  199  203  196  194                                   
    40.0-180.0 180.0   5.0 450.0                            LAT/LON1/LON2/DLON/H
  206  213  215  218  224  224  226  223  220  213  206  197  192  188  188  188
  191  194  199  203  210  214  217  216  213  207  200  190  183  175  170  167
  168  171  174  175  175  173  172  171  175  175  174  167  160  149  142  134
  132  132  138  145  157  171  187  202  218  227  235  233  231  227  228  218
  213  204  203  201  210  212  217  213  206                                   
    37.5-180.0 180.0   5.0 450.0                            LAT/LON1/LON2/DLON/H
  221  225  226  229  232  234  234  234  230  225  215  209  200  198  195  198
  197  201  204  208  212  215  217  215  212  207  200  193  185  182  176  179
  180  188  190  193  192  192  190  192  194  197  193  187  177  166  155  146
  142  141  146  153  165  180  196  213  228  241  249  251  246  244  243  234
  226  219  217  216  225  230  234  231  221                                   
    35.0-180.0 180.0   5.0 450.0                            LAT/LON1/LON2/DLON/H
  239  243  244  241  243  241  243  239  240  233  229  219  213  207  207  204
  208  208  212  213  216  216  217  214  212  206  203  195  193  188  187  188
  194  200  206  208  209  208  208  210  216  218  217  207  197  183  172  160
  155  152  156  160  172  184  201  215  234  245  257  257  258  254  257  245
  240  231  231  230  242  245  250  250  239                                   
    32.5-180.0 180.0   5.0 450.0                            LAT/LON1/LON2/DLON/H
  259  261  263  259  257  255  253  251  251  247  242  235  227  223  218  218
  216  218  218  218  218  217  216  214  211  209  203  201  197  198  195  199
  202  211  214  217  218  219  220  225  232  238  236  227  213  197  182  169
  162  157  159  161  171  182  198  213  231  245  256  261  262  262  263  255
  249  243  242  243  255  263  267  269  259                                   
    30.0-180.0 180.0   5.0 450.0                            LAT/LON1/LON2/DLON/H
  284  287  291  281  280  275  271  267  269  265  263  254  250  240  238  231
  232  229  230  226  226  222  222  218  219  214  214  209  210  207  206  206
  211  215  219  222  224  226  230  238  249  255  256  242  229  207  193  176
  169  160  161  160  169  177  192  207  229  243  258  261  266  264  269  261
  258  252  254  256  269  276  284  289  284                                   
    27.5-180.0 180.0   5.0 450.0                            LAT/LON1/LON2/DLON/H
  312  317  320  314  308  303  296  294  295  293  290  283  276  268  260  254
  250  245  242  236  233  229  227  225  224  223  220  219  216  215  210  209
  208  211  213  217  220  224  231  240  253  262  263  251  232  211  191  175
  163  155  153  151  157  166  180  199  220  237  253  262  265  266  270  264
  261  258  262  266  280  290  299  307  312                                   
    25.0-180.0 180.0   5.0 450.0                            LAT/LON1/LON2/DLON/H
  341  353  353  341  342  334  331  325  329  326  325  314  309  297  290  279
  276  267  262  250  247  238  238  234  237  233  232  227  226  219  212  203
  200  198  200  204  207  214  223  235  247  256  256  244  226  201  184  165
  155  145  144  140  147  155  172  191  215  233  252  262  269  271  276  271
  270  268  274  278  291  299  316  326  341                                   
    22.5-180.0 180.0   5.0 450.0                            LAT/LON1/LON2/DLON/H
  367  383  381  379  377  375  368  367  369  371  365  357  348  335  323  313
  304  295  285  271  263  253  249  246  246  243  238  233  226  217  203  192
  182  178  177  181  185  191  201  213  226  235  234  223  205  183  165  147
  138  129  129  127  134  145  162  185  208  229  247  262  270  274  279  276
  277  278  284  289  302  313  330  344  367                                   
    20.0-180.0 180.0   5.0 450.0                            LAT/LON1/LON2/DLON/H
  386  404  407  403  417  414  415  411  418  413  412  398  393  374  362  347
  340  326  314  296  285  270  264  257  256  248  241  229  220  206  189  173
  159  150  148  151  157  165  175  185  197  202  200  191  178  158  143  127
  121  114  117  113  124  133  157  180  204  227  247  264  275  283  290  291
  293  297  302  306  317  326  347  360  386                                   
    17.5-180.0 180.0   5.0 450.0                            LAT/LON1/LON2/DLON/H
  401  423  430  438  449  454  455  455  460  458  452  444  434  419  401  387
  373  358  341  322  304  288  277  266  259  246  231  216  202  186  168  150
  132  122  116  122  127  134  143  150  160  163  161  153  144  128  117  105
  101   94   98   96  108  119  146  173  198  223  245  265  279  291  300  305
  312  317  325  327  337  344  359  374  401                                   
    15.0-180.0 180.0   5.0 450.0                            LAT/LON1/LON2/DLON/H
  412  430  444  450  471  474  484  482  493  487  489  478  476  457  443  423
  413  391  373  346  326  303  286  268  254  231  212  193  179  162  144  125
  109   99   95  100  104  107  113  115  122  123  122  117  111  101   93   83
   84   79   87   85  100  110  140  165  192  218  243  267  284  301  314  324
  332  343  348  353  359  363  380  389  412                                   
    12.5-180.0 180.0   5.0 450.0                            LAT/LON1/LON2/DLON/H
  418  432  445  456  473  482  490  494  503  507  508  509  505  497  480  466
  450  430  402  371  340  311  284  261  236  210  187  168  154  140  125  109
   95   88   84   87   86   89   87   87   89   89   87   86   81   76   72   68
   71   70   77   77   92  104  131  157  185  212  240  265  287  307  325  338
  352  365  375  379  384  387  397  409  418                                   
    10.0-180.0 180.0   5.0 450.0                            LAT/LON1/LON2/DLON/H
  427  432  442  451  472  483  495  499  511  516  526  525  530  519  510  493
  481  456  429  388  354  316  286  250  221  188  165  146  136  126  117  107
  101   97   94   95   90   86   79   71   70   67   68   66   67   64   66   63
   69   68   75   76   90  101  129  152  180  208  239  267  291  314  334  352
  369  383  393  399  405  408  422  427  427                                   
     7.5-180.0 180.0   5.0 450.0                            LAT/LON1/LON2/DLON/H
  436  435  444  451  468  479  491  496  504  513  519  528  531  529  518  508
  492  473  441  402  359  321  280  241  205  173  151  136  129  125  121  116
