data/unet/pred2580.15i
     1.0            IONOSPHERE MAPS     GNSS                IONEX VERSION / TYPE
pyspatialgeodesy        IME             05-JAN-18 20:20     PGM / RUN BY / DATE 
Map Name                                                    COMMENT             
Predicted global ionosphere maps (GIM).                     DESCRIPTION         
  2015     9    15     0     0     0                        EPOCH OF FIRST MAP  
  2015     9    16     0     0     0                        EPOCH OF LAST MAP   
  7200                                                      INTERVAL            
    13                                                      # OF MAPS IN FILE   
  NONE                                                      MAPPING FUNCTION    
10.0                                                        ELEVATION CUTOFF    
One-way carrier phase leveled to code                       OBSERVABLES USED    
  6371.0                                                    BASE RADIUS         
 2                                                          MAP DIMENSION       
   450.0 450.0   0.0                                        HGT1 / HGT2 / DHGT  
    87.5 -87.5  -2.5                                        LAT1 / LAT2 / DLAT  
  -180.0 180.0   5.0                                        LON1 / LON2 / DLON  
    -1                                                      EXPONENT            
                                                            END OF HEADER       
[from data line 1716]
     5                                                      START OF TEC MAP    
  2015     9    15     8     0     0                        EPOCH OF CURRENT MAP
    87.5-180.0 180.0   5.0 450.0                            LAT/LON1/LON2/DLON/H
   60   73   74   73   72   71   72   71   73   72   73   72   74   73   75   73
   75   74   75   74   75   74   76   75   76   75   76   75   76   75   76   75
   76   76   76   76   76   76   76   75   76   75   75   74   74   73   73   72
   73   72   72   71   71   70   70   69   69   68   69   67   68   67   68   67
   68   67   69   69   70   67   67   64   60                                   
    85.0-180.0 180.0   5.0 450.0                            LAT/LON1/LON2/DLON/H
   65   82   76   82   77   79   77   81   78   81   79   82   80   83   81   84
   82   84   83   85   85   86   86   86   87   87   88   88   88   88   88   88
   88   88   88   88   87   87   85   85   84   84   82   83   82   83   80   83
   80   83   79   82   79   82   76   80   75   79   73   78   72   77   71   77
   71   77   73   76   74   74   73   67   65                                   
    82.5-180.0 180.0   5.0 450.0                            LAT/LON1/LON2/DLON/H
   70   78   69   72   70   70   71   73   73   73   73   73   74   74   75   75
   75   76   76   77   77   79   79   80   80   82   82   83   83   85   84   85
   84   86   84   85   83   84   82   83   81   82   80   82   81   82   81   83
   83   83   83   83   82   81   81   78   78   75   75   73   73   70   71   69
   69   68   69   67   65   63   67   62   70                                   
    80.0-180.0 180.0   5.0 450.0                            LAT/LON1/LON2/DLON/H
   63   64   60   61   61   62   63   65   65   65   66   66   66   66   66   67
   66   67   66   68   67   69   69   70   71   73   74   76   77   78   79   80
   81   80   81   80   80   79   79   79   79   80   81   82   84   84   87   86
   89   87   89   87   89   85   85   82   82   78   78   74   74   70   70   67
   67   64   64   61   61   53   58   58   63                                   
    77.5-180.0 180.0   5.0 450.0                            LAT/LON1/LON2/DLON/H
   53   61   54   53   53   54   56   57   58   58   59   58   59   57   58   57
   57   56   56   56   56   56   57   58   59   61   63   65   68   70   73   73
   74   74   75   74   74   73   74   73   75   75   79   80   84   85   90   91
   93   93   95   94   94   91   91   87   85   82   81   77   76   72   72   68
   66   62   62   57   57   52   54   46   53                                   
    75.0-180.0 180.0   5.0 450.0                            LAT/LON1/LON2/DLON/H
   54   52   47   46   45   47   49   51   51   53   52   53   52   53   52   52
   50   50   48   48   46   47   46   47   47   50   52   56   59   62   65   67
   68   68   69   69   69   69   70   70   73   75   80   82   88   90   95   95
   99   98  100   98   98   95   94   90   89   85   85   80   80   75   75   70
   68   65   63   59   58   50   54   47   54                                   
    72.5-180.0 180.0   5.0 450.0                            LAT/LON1/LON2/DLON/H
   52   53   42   39   40   39   43   42   45   44   48   46   48   46   48   45
   46   43   43   40   40   37   38   36   38   38   43   45   51   53   58   60
   63   63   65   64   65   65   67   69   73   76   83   86   93   95  100  101
  104  103  104  102  101   98   97   93   92   88   88   85   84   81   79   76
   73   69   67   62   60   54   54   43   52                                   
    70.0-180.0 180.0   5.0 450.0                            LAT/LON1/LON2/DLON/H
   55   47   39   36   36   36   40   39   43   43   46   46   48   47   48   46
   47   45   44   42   40   38   36   34   35   35   39   42   48   51   57   60
   63   64   66   65   67   66   69   71   77   81   89   93  101  102  107  106
  109  107  108  104  104  100   99   95   95   91   92   89   90   87   87   83
   81   77   76   70   69   57   58   49   55                                   
    67.5-180.0 180.0   5.0 450.0                            LAT/LON1/LON2/DLON/H
   55   51   38   33   32   30   34   33   37   37   42   41   45   43   46   44
   46   43   43   40   37   34   32   30   29   29   33   35   42   46   53   55
   60   61   63   63   64   65   68   72   79   84   93   98  104  106  109  109
  108  106  104  101   99   96   95   92   92   91   92   91   92   90   90   87
   86   82   81   76   74   65   62   49   55                                   
    65.0-180.0 180.0   5.0 450.0                            LAT/LON1/LON2/DLON/H
   59   50   39   35   32   31   33   33   36   36   40   41   44   45   46   47
   47   46   45   43   39   37   33   31   30   30   32   36   41   45   52   55
   60   62   64   64   66   67   72   76   84   90   99  104  109  111  111  109
  107  103  100   97   95   91   90   88   89   88   92   91   95   93   95   92
   92   89   89   84   83   70   69   58   59                                   
    62.5-180.0 180.0   5.0 450.0                            LAT/LON1/LON2/DLON/H
   63   59   43   36   32   29   30   29   31   30   34   36   40   41   44   44
   45   44   42   41   36   34   29   28   26   27   29   33   38   42   48   53
   57   59   62   63   65   68   73   78   86   93  101  106  110  111  109  106
  102   98   94   91   88   86   84   83   85   85   89   89   93   93   95   93
   93   91   91   87   86   78   74   62   63                                   
    60.0-180.0 180.0   5.0 450.0                            LAT/LON1/LON2/DLON/H
   69   61   47   41   35   32   30   29   29   28   31   33   36   38   40   43
   43   43   40   39   35   32   28   28   27   28   30   34   38   43   48   52
   57   60   63   66   68   72   76   83   91   99  106  110  114  112  111  106
  103   97   94   91   88   85   84   82   85   85   89   90   94   94   96   94
   96   93   95   92   94   81   82   72   69                                   
    57.5-180.0 180.0   5.0 450.0                            LAT/LON1/LON2/DLON/H
   76   74   58   48   41   35   31   28   26   24   26   27   31   32   35   37
   36   36   33   32   28   26   24   25   24   27   29   34   37   42   46   51
   54   59   62   66   70   74   79   86   94  101  107  112  114  115  112  109
  104  101   98   96   94   91   90   88   89   88   92   92   95   94   95   93
   94   93   96   93   95   88   88   77   76                                   
    55.0-180.0 180.0   5.0 450.0                            LAT/LON1/LON2/DLON/H
   83   77   64   56   49   41   36   30   26   24   24   24   27   29   31   32
   31   31   28   26   24   22   22   23   25   28   31   35   39   42   46   51
   55   60   65   71   75   81   85   92   98  106  111  115  119  119  118  115
  113  111  109  108  107  103  102   99   98   97   98   98   99   98   97   95
   95   94   97   96  101   94   96   89   83                                   
    52.5-180.0 180.0   5.0 450.0                            LAT/LON1/LON2/DLON/H
   91   94   76   66   57   49   41   34   28   24   21   21   23   25   26   26
   25   24   21   20   17   18   17   20   23   28   31   36   38   42   44   49
   53   61   66   74   79   86   90   96  102  109  113  120  122  126  126  126
  126  126  125  124  124  120  118  114  113  109  109  106  106  102  101   96
   96   94   98   98  102  100  104   95   91                                   
    50.0-180.0 180.0   5.0 450.0                            LAT/LON1/LON2/DLON/H
   99   94   83   76   68   58   49   41   33   27   23   23   23   25   25   26
   24   22   20   19   17   18   19   22   26   30   35   39   41   44   46   51
   56   64   71   82   89   96  100  106  111  117  122  127  133  137  139  142
  143  144  144  142  142  137  133  128  125  121  119  116  115  111  108  104
  102  101  104  105  110  107  111  106   99                                   
    47.5-180.0 180.0   5.0 450.0                            LAT/LON1/LON2/DLON/H
  107  107   93   84   77   66   58   48   39   32   27   26   24   26   25   25
   22   22   19   20   18   20   20   25   27   33   35   40   41   44   44   51
   56   66   75   88   95  103  107  114  118  125  130  137  143  150  154  158
  161  163  162  161  157  151  147  141  137  132  130  126  125  120  118  112
  111  108  112  111  114  113  116  108  107                                   
    45.0-180.0 180.0   5.0 450.0                            LAT/LON1/LON2/DLON/H
  111  104   96   90   85   75   66   56   46   39   33   31   29   30   29   29
   27   27   25   27   26   28   28   31   33   37   39   42   44   45   47   53
   61   73   84   99  107  115  119  125  129  135  140  148  156  162  168  173
  176  176  172  170  163  157  149  146  141  138  134  134  133  129  126  124
  121  120  120  120  122  118  120  116  111                                   
    42.5-180.0 180.0   5.0 450.0                            LAT/LON1/LON2/DLON/H
  112  110   98   91   88   78   72   60   53   44   39   36   34   34   33   33
   32   33   33   35   35   37   35   38   36   40   39   43   42   46   47   55
   63   77   90  104  114  123  128  133  137  144  150  158  167  174  181  185
  187  185  180  174  166  157  151  146  146  142  142  142  143  139  138  134
  134  130  130  126  124  120  122  115  112                                   
    40.0-180.0 180.0   5.0 450.0                            LAT/LON1/LON2/DLON/H
  111  102   94   90   87   80   74   64   57   51   45   43   41   41   40   42
   41   43   44   47   48   48   47   46   44   44   43   43   44   47   51   59
   70   86  100  115  125  134  140  146  151  157  164  170  181  186  194  194
  197  191  187  178  170  160  155  152  151  151  151  153  154  152  150  148
  147  145  141  137  133  124  122  118  111                                   
    37.5-180.0 180.0   5.0 450.0                            LAT/LON1/LON2/DLON/H
  107  104   91   85   84   75   74   63   61   53   51   47   47   47   48   49
   50   52   55   57   58   57   54   51   47   46   43   44   43   48   52   63
   74   91  107  120  132  141  148  154  161  169  177  185  193  200  205  209
  208  206  199  190  182  173  170  168  171  170  171  170  170  167  166  162
  164  158  156  146  137  127  125  117  107                                   
    35.0-180.0 180.0   5.0 450.0                            LAT/LON1/LON2/DLON/H
  105   94   82   76   74   68   65   60   58   55   54   53   54   55   57   59
   60   63   64   67   67   66   62   57   52   48   45   43   45   49   57   68
   83  101  116  130  141  151  159  166  175  183  192  199  208  214  221  224
  226  223  217  211  202  196  191  191  193  194  192  194  191  188  183  180
  178  173  167  157  146  132  128  124  105                                   
    32.5-180.0 180.0   5.0 450.0                            LAT/LON1/LON2/DLON/H
  105   99   80   71   68   61   62   57   58   54   57   55   59   61   64   67
   70   71   73   74   73   71   66   60   54   50   44   45   45   52   61   73
   90  106  123  134  148  157  168  176  187  196  206  215  223  233  239  246
  249  251  248  244  240  235  233  232  235  232  231  227  225  218  212  206
  202  191  185  169  158  140  137  126  105                                   
    30.0-180.0 180.0   5.0 450.0                            LAT/LON1/LON2/DLON/H
  110   94   76   69   63   57   58   53   57   54   58   58   63   66   72   76
   78   80   80   79   77   74   69   62   56   50   46   44   47   54   67   81
   98  115  128  142  156  167  177  187  199  207  220  228  241  249  263  271
  280  285  289  288  287  284  281  280  279  277  273  268  261  250  239  234
  224  215  203  189  176  154  149  141  110                                   
    27.5-180.0 180.0   5.0 450.0                            LAT/LON1/LON2/DLON/H
  124  109   87   75   67   60   58   56   58   58   61   62   68   71   79   83
   86   86   85   83   80   76   70   65   57   53   46   46   49   57   71   84
  101  117  130  144  157  170  184  194  207  218  230  244  256  272  286  301
  313  325  334  338  339  336  335  333  331  330  323  315  305  289  278  266
  257  243  232  214  199  175  170  152  124                                   
    25.0-180.0 180.0   5.0 450.0                            LAT/LON1/LON2/DLON/H
  143  120   96   85   72   64   62   57   62   59   65   64   71   75   83   87
   90   90   88   84   80   75   72   65   62   54   51   48   51   61   73   89
  104  120  132  148  162  179  191  204  217  230  246  258  277  292  313  330
  350  367  382  391  396  396  391  389  384  380  372  363  353  338  320  304
  291  277  259  242  228  203  191  176  143                                   
    22.5-180.0 180.0   5.0 450.0                            LAT/LON1/LON2/DLON/H
  163  144  122  108   95   80   76   70   71   69   71   69   74   77   86   90
   94   92   89   86   80   78   73   69   64   58   51   48   52   60   73   87
  100  116  132  150  166  181  198  210  227  241  260  275  295  312  335  357
  377  401  417  432  437  442  438  435  428  424  417  407  396  380  364  342
  328  310  295  274  257  232  220  195  163                                   
    20.0-180.0 180.0   5.0 450.0                            LAT/LON1/LON2/DLON/H
  184  169  144  131  116  101   91   83   82   77   78   74   76   78   85   89
   93   90   87   82   80   76   77   73   71   62   56   53   55   65   73   88
  100  118  136  156  174  192  208  221  239  255  277  294  314  335  359  382
  404  426  443  456  460  466  463  463  456  454  450  443  433  419  402  385
  365  346  328  309  289  258  243  219  184                                   
    17.5-180.0 180.0   5.0 450.0                            LAT/LON1/LON2/DLON/H
  200  191  174  159  144  127  117  106  100   93   91   82   83   80   87   88
   92   89   85   82   79   77   79   75   72   66   57   53   53   63   71   85
   99  119  139  160  183  200  220  232  252  270  292  309  332  352  375  397
  420  440  457  467  471  474  468  471  469  471  470  469  462  447  434  411
  398  376  359  334  315  282  268  239  200                                   
    15.0-180.0 180.0   5.0 450.0                            LAT/LON1/LON2/DLON/H
  219  215  197  186  168  152  139  127  118  109  103   94   89   84   86   86
   89   85   83   79   80   79   83   81   79   69   62   56   56   64   73   87
  103  124  145  168  191  211  230  245  268  284  310  330  355  375  397  414
  434  446  460  466  470  472  470  474  476  480  485  488  485  475  462  448
  433  418  395  374  344  309  291  266  219                                   
    12.5-180.0 180.0   5.0 450.0                            LAT/LON1/LON2/DLON/H
  245  235  222  208  196  177  163  151  142  131  121  108  102   92   93   89
   92   87   84   81   82   83   87   83   80   71   62   58   57   64   73   87
  103  126  148  171  197  217  239  255  277  294  320  342  366  384  405  420
  435  442  452  456  460  461  460  466  469  479  485  493  493  486  477  466
  460  447  428  402  373  333  318  285  245                                   
    10.0-180.0 180.0   5.0 450.0                            LAT/LON1/LON2/DLON/H
  262  256  238  227  211  196  180  169  162  152  141  128  115  104  100   94
   95   89   89   84   86   87   90   88   86   76   69   62   62   65   76   87
  106  127  149  173  196  220  241  263  285  304  332  353  378  394  413  420
  430  431  439  442  446  451  452  462  470  480  487  492  494  491  486  483
  478  473  452  434  398  360  339  310  262                                   
     7.5-180.0 180.0   5.0 450.0                            LAT/LON1/LON2/DLON/H
  284  271  260  249  232  213  199  186  180  172  162  147  134  119  113  103
  103   95   94   88   93   91   96   90   89   78   72   65   64   67   75   86
