data/unet/pred0690.15i
     1.0            IONOSPHERE MAPS     GNSS                IONEX VERSION / TYPE
pyspatialgeodesy        IME             05-JAN-18 20:20     PGM / RUN BY / DATE 
Map Name                                                    COMMENT             
Predicted global ionosphere maps (GIM).                     DESCRIPTION         
  2015     3    10     0     0     0                        EPOCH OF FIRST MAP  
  2015     3    11     0     0     0                        EPOCH OF LAST MAP   
  7200                                                      INTERVAL            
    13                                                      # OF MAPS IN FILE   
  NONE                                                      MAPPING FUNCTION    
10.0                                                        ELEVATION CUTOFF    
One-way carrier phase leveled to code                       OBSERVABLES USED    
  6371.0                                                    BASE RADIUS         
 2                                                          MAP DIMENSION       
   450.0 450.0   0.0                                        HGT1 / HGT2 / DHGT  
    87.5 -87.5  -2.5                                        LAT1 / LAT2 / DLAT  
  -180.0 180.0   5.0                                        LON1 / LON2 / DLON  
    -1                                                      EXPONENT            
                                                            END OF HEADER       
[from data line 1287]
     4                                                      START OF TEC MAP    
  2015     3    10     6     0     0                        EPOCH OF CURRENT MAP
    87.5-180.0 180.0   5.0 450.0                            LAT/LON1/LON2/DLON/H
   66  107  108  109  110  107  111  112  117  117  123  123  128  128  132  132
  135  135  138  137  139  138  139  137  138  137  137  136  137  136  137  136
  137  136  137  135  136  135  136  134  135  133  135  132  133  131  132  130
  132  130  132  130  132  130  132  130  130  128  129  126  126  123  123  119
  119  115  116  115  118  114  120   74   66                                   
    85.0-180.0 180.0   5.0 450.0                            LAT/LON1/LON2/DLON/H
  102  106  111  116  113  108  110  112  115  117  120  122  125  127  130  132
  134  135  137  137  138  137  137  134  134  131  131  127  129  126  126  124
  125  123  124  123  123  123  123  123  122  123  122  124  122  124  124  126
  126  129  130  133  133  137  137  140  138  140  138  140  136  139  135  137
  134  134  131  132  128  120  128  100  102                                   
    82.5-180.0 180.0   5.0 450.0                            LAT/LON1/LON2/DLON/H
   98  107  105  101  100   94  100  100  108  108  117  117  126  126  134  133
  139  139  142  142  142  140  139  137  133  131  128  127  124  124  122  123
  122  123  123  125  124  125  124  126  124  124  124  123  124  122  126  125
  129  130  137  138  144  145  150  150  152  150  152  149  147  144  141  137
  134  130  128  123  123  117  124   86   98                                   
    80.0-180.0 180.0   5.0 450.0                            LAT/LON1/LON2/DLON/H
  101  104   92   85   80   76   77   81   83   89   94  103  108  116  120  126
  128  132  134  135  134  133  131  127  124  119  118  113  112  109  110  108
  111  110  113  114  116  117  119  120  120  121  123  125  126  129  133  138
  144  150  158  163  169  173  177  178  179  178  178  175  173  169  166  159
  155  148  142  136  129  118  120   95  101                                   
    77.5-180.0 180.0   5.0 450.0                            LAT/LON1/LON2/DLON/H
  111  108   94   85   79   74   73   73   78   81   90   96  105  111  118  122
  126  128  129  129  127  125  121  117  111  106  103  100   98   97   97   99
  101  104  107  112  113  118  119  124  123  126  129  132  135  140  148  155
  165  173  184  190  199  205  213  215  218  217  217  214  210  204  198  188
  182  175  168  158  149  135  131  110  111                                   
    75.0-180.0 180.0   5.0 450.0                            LAT/LON1/LON2/DLON/H
  123  118   98   88   76   69   66   64   66   72   76   87   91  101  104  112
  113  118  117  118  114  113  107  102   96   91   87   84   81   82   82   85
   88   94   99  104  108  113  117  119  122  124  130  134  141  146  159  167
  180  190  203  213  221  231  238  245  248  249  248  245  241  235  230  223
  217  208  198  187  175  160  151  135  123                                   
    72.5-180.0 180.0   5.0 450.0                            LAT/LON1/LON2/DLON/H
  148  132  115   98   86   73   68   61   63   63   70   74   83   86   96   97
  105  104  109  106  107  100   97   89   85   77   76   70   71   70   74   77
   82   88   93  100  103  110  113  119  120  128  131  139  145  156  168  179
  193  205  220  231  242  252  261  269  271  274  271  270  264  258  249  243
  240  235  231  219  207  189  176  157  148                                   
    70.0-180.0 180.0   5.0 450.0                            LAT/LON1/LON2/DLON/H
  166  153  131  110   89   77   71   63   63   62   66   71   76   81   86   89
   93   94   96   96   97   93   91   84   81   73   72   65   66   64   68   71
   76   81   86   91   96  100  106  109  115  119  129  136  148  158  174  187
  202  219  233  249  260  274  284  293  295  296  290  287  280  274  262  256
  251  247  245  238  233  219  201  189  166                                   
    67.5-180.0 180.0   5.0 450.0                            LAT/LON1/LON2/DLON/H
  189  167  152  125  108   89   82   72   68   64   66   68   71   74   78   81
   85   87   89   90   91   88   86   81   77   72   69   66   66   65   68   70
   73   77   79   85   88   95   98  107  111  123  128  142  150  165  179  197
  212  232  247  264  276  292  301  310  310  308  300  294  283  274  263  257
  250  247  246  242  241  232  220  206  189                                   
    65.0-180.0 180.0   5.0 450.0                            LAT/LON1/LON2/DLON/H
  198  180  162  135  109   95   83   76   71   70   70   72   73   74   76   75
   79   78   81   82   86   85   87   83   83   76   77   71   71   68   69   68
   70   71   73   76   80   84   91   97  108  118  131  142  155  169  184  203
  219  240  254  274  288  303  312  318  315  312  302  295  286  276  265  256
  253  246  246  242  245  239  228  220  198                                   
    62.5-180.0 180.0   5.0 450.0                            LAT/LON1/LON2/DLON/H
  206  183  171  140  120  100   91   82   77   75   74   74   74   73   72   74
   74   77   77   81   83   83   85   83   82   80   78   75   74   70   69   65
   64   62   61   63   67   73   80   92  104  121  132  151  162  177  192  212
  230  251  266  283  298  309  317  319  316  311  301  293  285  276  264  258
  250  245  241  240  241  236  229  220  206                                   
    60.0-180.0 180.0   5.0 450.0                            LAT/LON1/LON2/DLON/H
  205  189  173  141  119  101   88   84   76   78   76   77   75   74   71   71
   73   70   72   72   78   79   82   81   84   80   81   76   75   70   65   63
   58   57   53   55   58   66   76   89  106  124  140  157  170  184  200  222
  239  260  278  297  310  321  325  328  321  317  305  300  290  281  271  259
  253  244  239  235  236  232  223  223  205                                   
    57.5-180.0 180.0   5.0 450.0                            LAT/LON1/LON2/DLON/H
  210  190  175  145  121   99   89   80   76   75   75   75   74   72   69   69
   69   67   66   67   70   71   75   74   77   76   77   75   73   68   63   58
   55   51   50   51   55   65   75   92  111  132  149  166  181  195  213  233
  253  272  291  308  322  331  335  335  333  328  320  313  307  299  285  276
  263  252  241  236  232  228  218  218  210                                   
    55.0-180.0 180.0   5.0 450.0                            LAT/LON1/LON2/DLON/H
  213  197  180  148  123  103   90   82   74   75   71   75   71   74   69   70
   68   66   64   63   65   67   70   70   73   72   73   71   70   66   61   60
   55   53   50   53   56   67   78   98  119  142  159  176  191  210  228  250
  269  292  311  331  341  351  352  355  351  351  343  341  333  326  312  299
  281  266  248  239  234  231  223  227  213                                   
    52.5-180.0 180.0   5.0 450.0                            LAT/LON1/LON2/DLON/H
  222  202  187  160  132  110   95   83   76   73   69   69   69   69   69   68
   67   63   61   59   62   62   66   65   70   67   71   68   67   61   61   60
   59   53   53   55   62   75   88  111  133  156  173  191  208  229  249  269
  290  311  332  348  362  367  372  370  372  368  369  362  361  352  341  325
  305  286  265  253  242  238  230  236  222                                   
    50.0-180.0 180.0   5.0 450.0                            LAT/LON1/LON2/DLON/H
  233  215  200  173  147  125  106   97   82   80   70   72   68   73   71   76
   72   71   65   64   63   66   67   69   71   71   69   68   64   64   63   65
   63   58   60   61   71   85  101  125  148  169  185  204  227  251  269  290
  310  332  350  368  378  384  385  386  384  386  380  376  371  363  351  338
  319  299  280  265  256  249  248  249  233                                   
    47.5-180.0 180.0   5.0 450.0                            LAT/LON1/LON2/DLON/H
  245  227  215  195  167  145  124  113   95   86   76   72   71   72   75   75
   77   73   72   68   72   73   76   76   77   75   73   69   69   68   69   71
   69   64   66   70   81   98  116  141  160  182  197  219  246  269  289  306
  326  343  363  376  388  389  391  389  391  389  387  379  374  363  354  341
  324  308  291  279  269  262  254  256  245                                   
    45.0-180.0 180.0   5.0 450.0                            LAT/LON1/LON2/DLON/H
  256  240  227  207  183  164  144  133  113  104   89   85   81   83   84   87
   86   85   82   84   85   89   90   92   92   92   89   87   82   82   81   77
   75   68   73   78   93  112  133  157  174  193  211  239  266  289  305  324
  341  360  374  389  395  399  396  395  395  391  383  372  361  348  337  325
  313  301  291  281  274  267  267  262  256                                   
    42.5-180.0 180.0   5.0 450.0                            LAT/LON1/LON2/DLON/H
  260  247  236  218  197  182  164  151  132  119  103   97   91   92   94   93
   95   92   93   95  102  105  108  111  110  108  105  102  100   94   89   80
   79   73   80   85  104  124  147  170  186  207  226  257  283  304  320  337
  354  368  382  392  400  401  401  398  400  391  381  364  348  333  320  312
  301  296  288  286  277  272  263  259  260                                   
    40.0-180.0 180.0   5.0 450.0                            LAT/LON1/LON2/DLON/H
  248  232  217  211  195  186  172  162  147  136  121  115  109  109  109  110
  109  108  108  112  117  123  125  130  129  126  121  115  111  101   93   84
   81   77   81   89  105  128  152  178  197  219  246  275  301  320  336  351
  368  380  394  404  416  417  418  413  416  403  393  369  353  328  314  301
  290  285  277  275  267  258  251  246  248                                   
    37.5-180.0 180.0   5.0 450.0                            LAT/LON1/LON2/DLON/H
  232  213  197  190  184  180  171  163  153  146  135  130  126  125  125  122
  122  120  122  125  133  137  142  144  144  140  135  124  119  102   95   81
   80   74   79   86  105  125  155  182  207  229  258  287  314  331  348  359
  374  382  398  408  425  430  437  434  440  427  423  401  383  356  336  316
  302  295  282  280  265  255  238  233  232                                   
    35.0-180.0 180.0   5.0 450.0                            LAT/LON1/LON2/DLON/H
  214  189  170  168  160  158  155  153  151  150  147  145  143  145  143  142
  138  137  137  139  144  149  153  158  158  155  146  139  124  110   94   84
   80   77   79   86  101  123  151  183  212  234  266  292  325  340  362  368
  387  392  410  421  442  451  465  466  478  468  469  451  437  411  393  365
  348  330  312  298  279  260  240  227  214                                   
    32.5-180.0 180.0   5.0 450.0                            LAT/LON1/LON2/DLON/H
  215  179  159  144  137  135  135  137  142  145  149  151  155  155  155  152
  149  147  147  148  151  154  157  161  164  157  153  139  129   98   84   65
   70   67   83   88  102  124  155  185  220  245  271  302  330  349  369  377
  392  400  419  434  461  477  498  513  537  539  546  533  523  500  482  457
  434  407  381  356  322  293  260  252  215                                   
    30.0-180.0 180.0   5.0 450.0                            LAT/LON1/LON2/DLON/H
  247  191  167  148  132  125  122  124  132  138  145  153  161  164  164  163
  159  158  156  155  156  157  161  168  170  170  161  157  135  104   90   80
   90   82   90   96  112  129  155  186  222  250  282  305  338  352  375  379
  398  407  435  461  500  530  561  597  622  641  645  653  646  627  611  580
  554  516  478  446  405  355  316  293  247                                   
    27.5-180.0 180.0   5.0 450.0                            LAT/LON1/LON2/DLON/H
  308  232  202  169  144  129  118  115  121  128  138  148  158  163  164  163
  163  160  158  156  155  155  161  166  176  177  181  165  147  118  112   94
   95   83   91   87  112  136  164  193  234  261  296  319  342  358  371  386
  406  426  465  510  556  603  626  667  692  723  739  761  758  760  747  725
  698  643  596  548  504  449  401  375  308                                   
    25.0-180.0 180.0   5.0 450.0                            LAT/LON1/LON2/DLON/H
  387  300  264  221  186  161  138  131  128  132  140  147  156  162  164  165
  164  165  161  161  159  161  167  178  187  194  193  178  159  149  132  121
  116  106  111  101  120  143  172  199  234  263  298  325  351  371  389  403
  431  458  511  566  620  657  683  726  756  795  822  855  865  868  865  838
  801  748  707  649  605  545  497  460  387                                   
    22.5-180.0 180.0   5.0 450.0                            LAT/LON1/LON2/DLON/H
  480  402  361  302  251  217  186  168  155  148  147  152  157  161  161  162
  162  161  160  159  162  166  178  191  211  222  213  198  173  158  135  131
  115  109  110  102  116  133  174  200  242  270  304  332  356  386  401  430
  458  508  565  636  671  715  731  773  798  846  874  918  929  948  940  928
  891  844  789  745  708  657  603  569  480                                   
    20.0-180.0 180.0   5.0 450.0                            LAT/LON1/LON2/DLON/H
  577  522  462  402  347  292  245  221  199  192  176  172  170  167  163  162
  161  163  162  167  172  180  192  211  230  230  213  196  160  154  134  133
  122  116  117  109  121  138  176  207  243  278  309  346  378  404  429  450
  498  547  614  664  705  734  757  792  817  866  896  934  955  967  971  960
  936  893  846  806  771  730  705  668  577                                   
    17.5-180.0 180.0   5.0 450.0                            LAT/LON1/LON2/DLON/H
  671  629  584  514  452  396  345  308  276  244  220  206  196  189  179  170
  168  162  167  168  183  192  215  233  252  249  218  193  157  145  131  130
  122  121  118  108  119  137  173  206  247  281  314  355  387  425  448  488
  532  594  644  695  718  751  761  789  808  848  873  909  922  941  940  946
  927  907  872  852  826  793  763  753  671                                   
    15.0-180.0 180.0   5.0 450.0                            LAT/LON1/LON2/DLON/H
  742  719  674  613  548  487  434  394  357  318  275  252  231  227  204  195
  178  176  170  178  188  203  227  250  267  258  217  184  150  141  131  127
  131  120  112  103  115  139  168  208  247  284  319  366  406  440  478  520
  566  617  659  695  721  741  747  764  775  803  817  840  847  864  866  877
  871  869  854  853  842  825  801  793  742                                   
    12.5-180.0 180.0   5.0 450.0                            LAT/LON1/LON2/DLON/H
  772  774  741  682  623  566  512  476  440  400  354  316  292  272  252  230
  214  201  197  200  216  224  250  271  278  258  215  178  150  131  123  118
  126  109  105   97  114  137  170  209  251  284  324  379  421  464  500  547
  586  633  664  702  714  730  727  736  734  750  755  767  775  790  798  814
  818  831  831  843  844  832  812  810  772                                   
    10.0-180.0 180.0   5.0 450.0                            LAT/LON1/LON2/DLON/H
  776  796  764  716  660  606  558  523  488  455  416  380  346  329  301  284
  259  246  231  233  241  249  271  284  285  256  215  185  147  133  118  115
  112   96   92   90  111  137  168  206  244  283  322  379  430  473  515  556
  593  624  653  677  692  693  691  685  685  686  694  704  717  731  741  757
  766  785  794  816  821  820  799  797  776                                   
     7.5-180.0 180.0   5.0 450.0                            LAT/LON1/LON2/DLON/H
  765  778  759  718  668  619  579  549  522  492  465  436  414  389  363  348
  314  299  283  279  278  279  280  280  271  250  216  187  158  140  129  117
