data/unet/pred2630.15i
     1.0            IONOSPHERE MAPS     GNSS                IONEX VERSION / TYPE
pyspatialgeodesy        IME             05-JAN-18 20:20     PGM / RUN BY / DATE 
Map Name                                                    COMMENT             
Predicted global ionosphere maps (GIM).                     DESCRIPTION         
  2015     9    20     0     0     0                        EPOCH OF FIRST MAP  
  2015     9    21     0     0     0                        EPOCH OF LAST MAP   
  7200                                                      INTERVAL            
    13                                                      # OF MAPS IN FILE   
  NONE                                                      MAPPING FUNCTION    
10.0                                                        ELEVATION CUTOFF    
One-way carrier phase leveled to code                       OBSERVABLES USED    
  6371.0                                                    BASE RADIUS         
 2                                                          MAP DIMENSION       
   450.0 450.0   0.0                                        HGT1 / HGT2 / DHGT  
    87.5 -87.5  -2.5                                        LAT1 / LAT2 / DLAT  
  -180.0 180.0   5.0                                        LON1 / LON2 / DLON  
    -1                                                      EXPONENT            
                                                            END OF HEADER       
[from data line 4719]
    12                                                      START OF TEC MAP    
  2015     9    20    22     0     0                        EPOCH OF CURRENT MAP
    87.5-180.0 180.0   5.0 450.0                            LAT/LON1/LON2/DLON/H
  161  108   88   91   90   90   91   91   92   93   93   94   94   95   95   95
   95   94   93   93   92   92   90   89   88   87   85   84   83   82   80   79
   78   77   75   75   74   73   73   72   72   72   72   72   73   73   74   73
   75   75   76   76   77   78   79   79   80   80   81   81   82   83   83   84
   84   85   86   87   88   88   93  136  161                                   
    85.0-180.0 180.0   5.0 450.0                            LAT/LON1/LON2/DLON/H
   97   82   82   85   86   85   87   88   90   91   92   93   94   95   96   95
   95   94   94   92   91   89   88   85   83   80   79   76   74   72   70   68
   65   65   62   62   59   60   57   59   57   58   57   59   58   60   60   61
   62   63   64   65   66   68   69   70   71   72   72   73   74   75   75   76
   77   77   79   78   81   80   83  111   97                                   
    82.5-180.0 180.0   5.0 450.0                            LAT/LON1/LON2/DLON/H
   88   83   85   87   89   88   92   93   96   98  101  102  104  106  106  107
  107  106  105  103  101   98   97   92   90   84   84   78   78   71   72   66
   67   61   63   58   60   56   58   54   57   54   58   55   59   57   61   59
   63   62   65   65   68   68   70   71   73   73   74   75   76   76   77   77
   78   78   79   78   80   77   82  101   88                                   
    80.0-180.0 180.0   5.0 450.0                            LAT/LON1/LON2/DLON/H
   90   86   82   85   85   88   90   94   98  102  105  109  112  115  116  118
  117  118  115  115  111  109  103  100   94   90   85   80   75   71   67   63
   61   58   56   54   53   52   51   51   51   51   51   52   53   54   55   56
   58   59   61   62   63   65   66   68   69   71   71   73   73   74   73   75
   74   76   74   76   76   76   76   92   90                                   
    77.5-180.0 180.0   5.0 450.0                            LAT/LON1/LON2/DLON/H
   86   84   80   81   82   84   88   91   97  101  107  111  116  118  121  122
  123  122  122  119  116  111  108  101   97   90   86   78   74   69   66   63
   60   57   55   54   52   51   50   50   49   50   49   51   50   52   53   54
   54   56   56   58   58   60   60   63   63   65   65   66   67   68   68   68
   69   70   70   70   72   70   72   88   86                                   
    75.0-180.0 180.0   5.0 450.0                            LAT/LON1/LON2/DLON/H
   83   82   77   80   80   84   87   92   97  103  109  115  120  124  126  128
  128  127  125  123  119  115  109  104   96   91   83   79   72   70   64   63
   59   59   55   56   52   53   50   51   49   50   49   51   51   52   52   53
   53   54   53   54   54   54   55   55   56   57   57   59   60   61   61   62
   63   65   66   67   68   69   73   88   83                                   
    72.5-180.0 180.0   5.0 450.0                            LAT/LON1/LON2/DLON/H
   84   83   78   79   80   82   86   90   97  102  109  114  120  123  127  127
  129  126  125  121  118  112  108   99   95   85   81   73   71   66   64   62
   60   60   58   58   55   55   52   52   49   50   49   51   50   52   50   52
   50   51   49   49   47   48   47   49   48   50   50   52   53   56   57   58
   60   62   64   65   67   68   72   91   84                                   
    70.0-180.0 180.0   5.0 450.0                            LAT/LON1/LON2/DLON/H
   86   86   79   82   81   84   86   91   97  104  110  116  121  124  126  128
  127  125  123  120  115  110  103   97   88   82   74   70   64   64   60   61
   59   60   57   58   55   54   51   50   47   47   46   47   47   48   47   47
   46   45   43   42   40   39   38   39   40   41   42   45   48   50   53   55
   58   60   63   64   68   69   74   93   86                                   
    67.5-180.0 180.0   5.0 450.0                            LAT/LON1/LON2/DLON/H
   91   90   83   84   83   84   87   90   97  102  109  114  119  121  124  124
  124  121  119  115  113  105  101   91   85   75   70   63   61   58   58   57
   57   58   57   56   53   51   48   46   43   43   41   43   42   43   42   43
   40   39   36   35   31   31   29   31   31   34   35   40   42   48   50   55
   56   61   62   66   69   71   75   95   91                                   
    65.0-180.0 180.0   5.0 450.0                            LAT/LON1/LON2/DLON/H
   95   95   89   89   88   88   90   94   98  104  110  116  120  122  123  123
  123  121  119  116  113  107   99   92   83   75   66   62   56   57   54   56
   54   56   53   53   48   47   42   41   37   38   36   38   37   39   38   38
   36   34   31   28   25   23   22   23   25   27   31   35   41   46   51   55
   59   61   65   66   72   74   81  100   95                                   
    62.5-180.0 180.0   5.0 450.0                            LAT/LON1/LON2/DLON/H
  100   99   94   93   91   90   92   93   99  103  110  114  119  121  122  121
  121  119  118  116  114  107  103   92   85   73   68   60   58   54   55   54
   54   52   52   48   45   41   38   35   32   32   31   34   33   35   33   34
   31   30   25   23   19   18   16   18   19   24   25   34   37   47   50   57
   59   64   65   70   73   77   82  104  100                                   
    60.0-180.0 180.0   5.0 450.0                            LAT/LON1/LON2/DLON/H
  104  106  102  102   99   97   96   99  101  106  110  116  119  122  123  123
  124  123  122  122  119  115  108  101   90   81   72   67   61   60   57   58
   54   54   49   48   42   40   34   34   30   32   30   33   32   35   33   33
   29   27   23   20   18   16   15   16   19   22   27   33   41   48   55   60
   64   68   71   73   78   81   89  109  104                                   
    57.5-180.0 180.0   5.0 450.0                            LAT/LON1/LON2/DLON/H
  111  113  109  109  106  103  103  102  105  106  111  114  118  120  123  123
  125  125  126  125  125  120  116  106  100   88   83   74   72   67   66   62
   61   57   54   49   45   41   37   36   33   34   33   35   34   36   33   33
   29   28   23   22   18   19   16   19   20   26   28   36   41   52   55   64
   66   72   73   77   81   86   91  114  111                                   
    55.0-180.0 180.0   5.0 450.0                            LAT/LON1/LON2/DLON/H
  119  122  120  122  120  117  114  113  112  113  113  117  118  121  123  126
  128  129  130  132  131  129  124  118  109  102   94   90   84   81   76   74
   68   66   58   56   49   48   43   44   41   44   41   44   41   42   39   38
   34   32   29   27   25   24   24   25   28   31   35   40   47   55   62   68
   73   77   80   82   88   91  100  122  119                                   
    52.5-180.0 180.0   5.0 450.0                            LAT/LON1/LON2/DLON/H
  129  133  131  133  132  129  128  124  123  118  118  117  120  121  124  125
  129  129  132  132  134  132  131  124  121  113  111  103  100   93   90   83
   80   73   69   63   60   57   56   56   54   55   53   54   51   50   46   44
   40   39   36   36   33   35   34   36   37   41   41   48   51   61   64   73
   76   82   84   89   92   98  104  129  129                                   
    50.0-180.0 180.0   5.0 450.0                            LAT/LON1/LON2/DLON/H
  138  143  145  149  150  149  147  143  137  132  127  126  124  126  127  130
  132  133  133  136  136  136  134  134  130  127  122  119  114  108  101   95
   87   84   76   74   69   70   68   70   68   70   67   67   63   61   56   54
   51   50   49   48   48   47   48   49   51   51   54   56   61   67   73   78
   84   89   93   96  103  106  115  139  138                                   
    47.5-180.0 180.0   5.0 450.0                            LAT/LON1/LON2/DLON/H
  149  155  157  164  166  167  166  161  154  145  139  133  132  131  132  132
  135  133  134  133  136  135  137  136  139  136  136  130  127  117  112  102
   96   89   85   81   80   80   81   83   82   83   81   80   76   73   68   66
   62   62   61   61   60   62   61   63   63   65   64   67   68   75   77   85
   88   96   99  106  111  116  122  148  149                                   
    45.0-180.0 180.0   5.0 450.0                            LAT/LON1/LON2/DLON/H
  159  165  170  178  184  186  187  182  175  165  155  150  145  144  142  143
  141  140  138  139  138  139  140  143  145  145  143  139  132  123  113  105
   97   94   88   88   87   90   90   94   93   94   92   92   87   85   80   79
   77   76   76   75   76   75   77   77   79   77   78   78   81   84   89   93
   98  104  110  115  122  126  133  158  159                                   
    42.5-180.0 180.0   5.0 450.0                            LAT/LON1/LON2/DLON/H
  167  173  178  188  194  200  202  200  193  183  173  166  161  158  156  154
  151  147  144  142  143  142  146  148  152  152  151  143  136  123  114  104
   99   93   92   90   93   95   99  101  102  102  103  101   99   95   93   91
   89   89   88   88   86   87   87   89   88   89   87   89   90   94   96  102
  105  114  119  127  133  139  142  168  167                                   
    40.0-180.0 180.0   5.0 450.0                            LAT/LON1/LON2/DLON/H
  174  180  186  195  203  209  215  214  211  203  194  188  182  179  174  172
  166  161  155  154  152  152  154  156  159  157  153  144  132  119  107  100
   94   92   91   94   96  101  103  106  106  109  109  109  107  105  102  102
  101  101  100   98   98   96   98   98   99   98   98   99  103  105  110  112
  117  123  130  136  144  147  152  178  174                                   
    37.5-180.0 180.0   5.0 450.0                            LAT/LON1/LON2/DLON/H
  181  186  191  200  206  215  221  225  225  221  214  208  203  198  192  188
  181  175  169  166  165  165  165  166  166  162  156  144  130  114  103   95
   93   90   94   95  101  103  107  109  111  112  115  115  115  113  110  110
  108  108  107  105  101  101  101  103  102  103  102  106  109  115  118  123
  125  133  139  148  153  159  161  188  181                                   
    35.0-180.0 180.0   5.0 450.0                            LAT/LON1/LON2/DLON/H
  189  194  201  207  214  220  228  232  237  236  234  231  225  220  211  207
  198  191  185  181  180  177  177  174  172  166  157  143  127  111  100   94
   94   95  100  104  107  110  112  114  114  118  119  121  120  119  116  115
  114  113  111  107  105  103  104  104  105  104  106  110  117  123  129  131
  136  140  148  154  162  166  170  197  189                                   
    32.5-180.0 180.0   5.0 450.0                            LAT/LON1/LON2/DLON/H
  202  206  212  218  223  229  235  241  248  251  251  249  244  237  228  221
  212  205  199  197  192  191  187  185  178  172  161  147  131  114  105   98
  102  103  110  112  116  116  117  117  118  120  123  124  123  121  118  116
  114  112  107  104  100  100   99  101   99  101  101  109  116  127  132  139
  143  149  156  164  170  177  180  210  202                                   
    30.0-180.0 180.0   5.0 450.0                            LAT/LON1/LON2/DLON/H
  220  225  235  241  243  247  249  256  264  267  266  266  261  254  245  237
  229  220  212  207  204  199  195  189  185  176  167  153  140  123  115  109
  114  115  123  123  126  125  123  123  122  125  127  129  127  122  119  116
  114  109  105   99   97   94   96   95   95   94   96  104  116  128  138  144
  151  157  164  171  179  186  193  224  220                                   
    27.5-180.0 180.0   5.0 450.0                            LAT/LON1/LON2/DLON/H
  246  252  270  278  276  275  275  278  284  288  287  285  280  271  261  253
  244  235  224  216  208  203  197  192  186  182  174  165  151  138  129  124
  127  129  134  133  132  129  129  125  125  127  131  131  128  123  117  113
  108  103   97   92   89   89   89   90   87   87   87   99  109  126  138  149
  156  164  171  180  188  199  207  241  246                                   
    25.0-180.0 180.0   5.0 450.0                            LAT/LON1/LON2/DLON/H
  274  288  313  320  320  319  312  312  314  317  313  312  303  295  284  276
  267  255  242  230  219  208  202  195  192  186  183  174  166  150  145  138
  142  143  146  144  141  136  133  132  129  132  133  134  130  123  117  110
  105   99   92   85   82   81   83   83   82   81   83   92  106  123  139  150
  161  170  180  188  199  210  224  258  274                                   
    22.5-180.0 180.0   5.0 450.0                            LAT/LON1/LON2/DLON/H
  304  323  352  364  367  364  358  353  352  353  349  345  337  327  316  309
  298  285  268  248  231  216  205  198  192  190  189  186  179  170  163  159
  158  160  158  155  148  144  139  137  134  136  137  139  132  125  116  109
  102   94   86   79   77   77   79   80   79   79   80   90  102  120  137  153
  165  177  187  199  211  227  242  278  304                                   
    20.0-180.0 180.0   5.0 450.0                            LAT/LON1/LON2/DLON/H
  330  353  382  395  401  401  396  395  390  389  381  381  372  368  356  352
  341  328  305  281  255  236  219  208  200  195  195  191  190  179  178  173
  170  166  162  159  155  149  145  143  139  142  144  143  138  129  120  112
  103   93   84   77   75   74   76   77   76   76   79   88  103  120  140  157
  170  185  198  210  226  241  263  300  330                                   
    17.5-180.0 180.0   5.0 450.0                            LAT/LON1/LON2/DLON/H
  347  372  400  416  425  428  428  428  426  425  417  417  413  411  403  401
  391  378  353  324  293  263  242  225  214  206  207  206  205  199  198  194
  184  180  172  172  166  160  153  148  144  147  148  151  144  136  125  116
  105   94   84   76   74   73   74   75   75   77   81   91  103  122  140  160
  175  192  207  222  239  258  281  318  347                                   
    15.0-180.0 180.0   5.0 450.0                            LAT/LON1/LON2/DLON/H
  361  383  408  424  436  445  446  451  449  455  448  452  448  453  447  449
  442  430  407  375  337  303  274  254  236  224  221  218  218  211  207  198
  186  182  178  181  175  168  160  155  150  151  154  155  151  142  132  121
  110   98   87   79   76   74   74   73   72   74   80   89  105  123  145  166
  184  200  217  233  254  273  299  336  361                                   
    12.5-180.0 180.0   5.0 450.0                            LAT/LON1/LON2/DLON/H
  365  388  406  426  441  451  458  464  470  479  480  485  487  492  493  495
  491  484  462  429  386  347  315  289  269  250  242  238  235  226  219  207
  199  196  195  192  186  178  171  162  156  157  159  163  157  150  138  127
  114  102   91   82   78   75   73   72   71   74   78   91  104  125  146  171
  190  210  229  248  270  293  319  355  365                                   
    10.0-180.0 180.0   5.0 450.0                            LAT/LON1/LON2/DLON/H
  374  393  406  421  436  449  457  468  476  491  495  509  513  521  521  529
  529  526  508  477  433  390  352  324  298  277  263  254  247  235  226  214
  209  208  208  202  197  189  181  169  164  161  165  163  160  149  140  126
  115  101   91   82   78   74   71   69   68   68   74   85  102  124  152  178
  202  222  243  263  289  318  342  375  374                                   
     7.5-180.0 180.0   5.0 450.0                            LAT/LON1/LON2/DLON/H
  380  403  404  420  432  445  456  464  479  492  506  521  532  541  542  551
  553  554  540  516  474  429  387  357  329  304  284  272  262  252  242  230
