data/unet/pred1480.15i
     1.0            IONOSPHERE MAPS     GNSS                IONEX VERSION / TYPE
pyspatialgeodesy        IME             05-JAN-18 20:20     PGM / RUN BY / DATE 
Map Name                                                    COMMENT             
Predicted global ionosphere maps (GIM).                     DESCRIPTION         
  2015     5    28     0     0     0                        EPOCH OF FIRST MAP  
  2015     5    29     0     0     0                        EPOCH OF LAST MAP   
  7200                                                      INTERVAL            
    13                                                      # OF MAPS IN FILE   
  NONE                                                      MAPPING FUNCTION    
10.0                                                        ELEVATION CUTOFF    
One-way carrier phase leveled to code                       OBSERVABLES USED    
  6371.0                                                    BASE RADIUS         
 2                                                          MAP DIMENSION       
   450.0 450.0   0.0                                        HGT1 / HGT2 / DHGT  
    87.5 -87.5  -2.5                                        LAT1 / LAT2 / DLAT  
  -180.0 180.0   5.0                                        LON1 / LON2 / DLON  
    -1                                                      EXPONENT            
                                                            END OF HEADER       
[from data line 1716]
     5                                                      START OF TEC MAP    
  2015     5    28     8     0     0                        EPOCH OF CURRENT MAP
    87.5-180.0 180.0   5.0 450.0                            LAT/LON1/LON2/DLON/H
  120  132  138  137  136  131  131  129  131  128  130  127  130  128  130  128
  131  130  133  132  135  135  138  138  140  141  143  144  146  147  148  148
  150  150  150  149  150  148  147  145  144  142  140  137  137  134  134  131
  132  130  130  129  130  130  131  130  131  131  132  131  134  133  135  133
  135  134  137  135  139  132  137  124  120                                   
    85.0-180.0 180.0   5.0 450.0                            LAT/LON1/LON2/DLON/H
  127  136  137  141  137  135  135  136  137  136  136  137  137  138  137  139
  139  140  140  142  142  143  143  144  145  146  146  148  149  150  150  150
  151  150  150  150  150  149  148  147  146  145  143  143  142  141  139  140
  139  140  138  140  139  141  139  141  140  142  141  142  142  142  142  142
  141  141  141  139  141  133  139  124  127                                   
    82.5-180.0 180.0   5.0 450.0                            LAT/LON1/LON2/DLON/H
  131  134  138  141  139  137  138  139  140  139  140  140  142  141  143  142
  145  143  145  145  147  146  147  146  148  148  149  150  152  152  153  153
  155  154  154  154  155  153  152  151  150  149  148  147  147  146  146  145
  145  145  145  145  145  145  145  145  144  144  144  144  143  142  141  140
  139  138  137  135  135  133  133  126  131                                   
    80.0-180.0 180.0   5.0 450.0                            LAT/LON1/LON2/DLON/H
  136  134  140  141  141  140  140  142  143  142  143  143  145  144  145  145
  147  145  146  146  147  146  146  146  148  147  148  150  152  153  155  158
  160  161  161  161  162  160  159  156  156  152  152  150  152  149  152  150
  153  150  154  152  155  152  154  152  154  151  152  150  150  147  146  144
  142  141  139  137  137  133  133  129  136                                   
    77.5-180.0 180.0   5.0 450.0                            LAT/LON1/LON2/DLON/H
  136  135  141  142  143  141  143  143  143  141  143  142  143  141  143  142
  143  142  144  143  144  142  143  143  144  143  145  146  148  150  153  158
  160  164  165  168  168  167  166  164  162  160  160  159  159  159  161  161
  162  162  164  164  165  165  166  165  166  164  165  163  162  159  158  154
  152  148  147  141  141  137  140  130  136                                   
    75.0-180.0 180.0   5.0 450.0                            LAT/LON1/LON2/DLON/H
  143  136  141  143  143  141  142  140  139  137  136  136  135  135  135  135
  134  135  134  135  134  134  132  132  131  131  132  134  137  141  145  151
  156  162  165  169  170  170  169  167  164  164  162  163  162  164  166  167
  168  170  172  174  175  177  177  178  176  178  176  176  173  172  169  166
  161  158  154  150  148  140  145  137  143                                   
    72.5-180.0 180.0   5.0 450.0                            LAT/LON1/LON2/DLON/H
  147  142  144  144  143  138  137  132  132  127  128  124  126  123  125  122
  125  123  126  124  126  123  124  121  122  118  121  120  125  129  137  144
  152  159  166  169  173  172  174  171  172  170  172  171  174  175  178  178
  181  181  184  184  186  187  188  188  188  188  187  186  185  182  180  175
  171  166  163  156  154  147  152  141  147                                   
    70.0-180.0 180.0   5.0 450.0                            LAT/LON1/LON2/DLON/H
  155  143  146  144  143  136  132  128  125  122  119  119  118  118  117  119
  118  120  120  122  121  121  118  117  115  113  113  114  120  125  135  142
  153  160  168  172  177  177  177  177  177  177  178  179  181  183  184  185
  186  187  187  188  189  190  190  190  189  190  189  190  188  188  185  182
  177  173  169  164  162  152  155  149  155                                   
    67.5-180.0 180.0   5.0 450.0                            LAT/LON1/LON2/DLON/H
  157  148  149  146  141  132  129  121  119  112  112  107  109  106  109  107
  111  109  113  113  114  113  113  110  109  107  107  109  115  124  133  143
  154  163  172  178  182  183  185  185  187  187  191  191  196  195  198  194
  195  192  193  190  190  189  188  187  187  187  187  188  189  188  189  185
  184  178  175  167  166  158  160  149  157                                   
    65.0-180.0 180.0   5.0 450.0                            LAT/LON1/LON2/DLON/H
  165  151  151  147  140  131  125  118  113  108  104  103  101  102  100  103
  102  105  105  108  109  109  108  107  106  105  107  111  119  128  138  147
  160  168  178  182  187  189  192  193  195  197  200  202  204  204  203  201
  197  195  191  188  185  184  182  181  179  181  181  183  183  185  185  185
  182  182  176  172  170  163  166  162  165                                   
    62.5-180.0 180.0   5.0 450.0                            LAT/LON1/LON2/DLON/H
  171  161  159  152  144  132  126  115  111  103  101   97   99   95   97   94
   97   95   99   99  102  102  103  102  104  104  108  112  121  131  141  152
  163  173  180  187  191  194  199  201  206  208  213  214  217  215  214  208
  206  199  195  188  185  181  180  177  176  176  177  178  180  180  182  181
  183  181  180  175  176  169  173  164  171                                   
    60.0-180.0 180.0   5.0 450.0                            LAT/LON1/LON2/DLON/H
  183  167  166  160  150  138  126  117  107  101   97   96   94   93   90   89
   87   87   88   91   93   95   96   99  102  105  110  118  127  138  148  158
  169  177  184  190  194  199  203  208  213  217  221  224  226  223  220  215
  210  203  195  192  186  183  180  178  177  177  176  177  176  177  177  179
  180  182  181  180  183  176  183  180  183                                   
    57.5-180.0 180.0   5.0 450.0                            LAT/LON1/LON2/DLON/H
  198  185  182  176  164  147  136  120  112  102   99   94   94   88   88   81
   82   77   82   80   86   86   93   94  101  104  112  119  131  141  152  162
  171  180  185  192  195  201  207  213  220  225  231  233  237  234  233  227
  223  214  209  201  198  192  191  187  187  184  185  182  181  178  179  178
  181  182  185  185  192  187  196  186  198                                   
    55.0-180.0 180.0   5.0 450.0                            LAT/LON1/LON2/DLON/H
  214  200  196  189  178  162  144  130  115  106   99   96   92   88   83   79
   75   73   72   74   77   81   84   90   95  104  111  123  132  145  154  166
  174  181  187  193  199  205  212  220  227  233  238  241  243  243  239  235
  229  223  215  212  206  206  203  201  198  198  194  192  187  184  181  182
  183  188  190  195  201  199  209  204  214                                   
    52.5-180.0 180.0   5.0 450.0                            LAT/LON1/LON2/DLON/H
  229  223  218  211  199  178  160  140  126  112  105   97   93   85   82   73
   73   67   70   68   74   74   81   84   95  101  113  121  134  143  156  166
  174  184  189  198  203  212  218  228  234  241  246  250  254  252  253  246
  244  236  232  227  226  223  223  218  217  215  213  206  201  192  189  187
  189  192  199  201  213  209  223  212  229                                   
    50.0-180.0 180.0   5.0 450.0                            LAT/LON1/LON2/DLON/H
  241  234  230  224  214  196  175  155  136  123  110  103   95   89   81   76
   72   70   69   71   71   74   77   83   91  101  111  124  133  146  155  167
  176  185  194  202  212  219  228  235  242  249  253  259  261  262  260  257
  251  246  239  238  235  236  232  231  227  226  220  217  208  200  193  193
  193  199  204  210  221  220  231  226  241                                   
    47.5-180.0 180.0   5.0 450.0                            LAT/LON1/LON2/DLON/H
  248  245  241  237  229  208  192  167  150  133  121  109  100   90   84   76
   76   72   75   72   76   74   80   83   94  101  115  122  136  144  156  166
  178  190  199  212  219  231  237  246  249  257  261  267  270  271  272  266
  264  255  251  246  246  243  245  239  238  234  230  223  217  206  203  198
  202  206  215  220  230  226  237  228  248                                   
    45.0-180.0 180.0   5.0 450.0                            LAT/LON1/LON2/DLON/H
  248  240  235  234  230  215  198  178  160  145  129  118  106   97   88   84
   81   82   81   82   81   81   83   88   96  107  117  129  137  149  156  169
  180  192  206  218  230  240  247  254  257  266  269  277  280  284  283  279
  273  265  257  254  250  249  245  241  236  234  227  224  217  210  205  203
  205  213  217  224  231  229  238  236  248                                   
    42.5-180.0 180.0   5.0 450.0                            LAT/LON1/LON2/DLON/H
  247  240  233  232  227  212  202  182  171  153  141  126  115  103   97   90
   91   88   91   88   89   85   89   91  102  110  123  130  142  148  159  169
  182  196  208  225  237  249  254  262  265  273  277  285  290  295  296  291
  286  276  270  262  260  253  252  244  242  236  233  226  224  215  217  213
  221  222  230  231  239  232  238  232  247                                   
    40.0-180.0 180.0   5.0 450.0                            LAT/LON1/LON2/DLON/H
  243  233  224  222  216  205  196  182  172  162  150  139  124  115  105  102
  100  101   99   99   97   94   95   99  107  118  127  139  145  155  161  172
  185  198  215  228  243  255  263  270  272  280  284  296  302  310  311  309
  302  292  283  278  272  268  263  256  251  243  238  233  231  227  227  228
  232  237  239  241  243  236  243  237  243                                   
    37.5-180.0 180.0   5.0 450.0                            LAT/LON1/LON2/DLON/H
  247  234  220  211  207  194  189  177  175  164  160  147  138  124  118  110
  111  107  108  102  103   97  100  102  112  121  133  140  150  155  164  173
  186  200  216  230  246  256  267  272  277  282  290  299  311  318  325  322
  320  309  304  298  297  290  288  279  275  264  261  252  255  248  254  252
  260  257  262  258  260  251  252  238  247                                   
    35.0-180.0 180.0   5.0 450.0                            LAT/LON1/LON2/DLON/H
  250  235  215  204  194  184  177  171  168  166  162  156  147  137  127  122
  117  114  110  108  105  103  105  110  117  128  137  148  154  162  168  177
  189  201  218  229  246  258  271  279  283  291  296  309  320  332  338  340
  337  332  327  328  328  328  325  318  312  299  291  281  279  275  279  278
  282  282  283  283  281  272  269  252  250                                   
    32.5-180.0 180.0   5.0 450.0                            LAT/LON1/LON2/DLON/H
  270  244  223  205  193  179  173  166  168  164  166  160  156  145  137  127
  123  115  113  105  107  103  110  113  123  130  141  148  158  164  174  179
  192  202  216  228  242  257  269  277  285  290  299  310  325  337  347  351
  354  353  357  360  370  371  375  365  364  348  341  328  324  316  319  316
  321  319  318  315  312  305  293  269  270                                   
    30.0-180.0 180.0   5.0 450.0                            LAT/LON1/LON2/DLON/H
  287  264  237  214  195  182  171  167  165  166  166  166  162  154  144  135
  126  117  111  108  108  110  116  124  132  142  149  158  164  170  176  182
  191  200  214  223  239  252  267  278  286  296  304  320  334  348  359  370
  375  384  393  408  422  432  437  431  427  410  398  378  369  356  356  350
  353  348  347  344  342  334  321  294  287                                   
    27.5-180.0 180.0   5.0 450.0                            LAT/LON1/LON2/DLON/H
  315  288  260  233  211  192  182  173  171  169  172  171  168  160  152  139
  131  119  114  109  113  115  125  131  141  146  156  159  167  171  177  182
  190  199  211  223  236  249  262  273  285  291  306  318  336  351  369  383
  396  411  429  452  474  489  496  494  488  471  456  435  422  409  406  398
  399  391  390  382  376  373  352  322  315                                   
    25.0-180.0 180.0   5.0 450.0                            LAT/LON1/LON2/DLON/H
  333  313  286  258  233  211  197  185  180  176  176  177  176  169  160  147
  136  124  118  116  122  128  139  148  155  160  162  165  168  169  174  176
  185  192  206  218  233  245  260  272  281  296  308  326  345  363  381  402
  417  444  466  499  522  544  552  556  551  529  511  483  467  452  443  436
  431  428  423  416  410  403  388  346  333                                   
    22.5-180.0 180.0   5.0 450.0                            LAT/LON1/LON2/DLON/H
  353  337  312  289  266  240  220  204  196  188  187  185  184  178  169  155
  144  131  128  126  134  142  154  160  166  163  164  161  163  163  167  171
  181  186  203  216  231  244  259  271  284  293  311  323  345  362  387  407
  431  460  490  524  550  574  584  593  586  566  543  517  499  484  474  467
  463  457  454  446  440  430  412  366  353                                   
    20.0-180.0 180.0   5.0 450.0                            LAT/LON1/LON2/DLON/H
  360  354  330  314  295  273  251  229  216  204  201  196  195  187  179  165
  153  141  137  138  147  155  165  172  172  169  162  158  157  154  159  164
  173  183  197  213  229  247  264  281  293  307  320  337  355  372  393  417
  439  473  500  534  556  577  586  596  589  571  551  528  515  500  492  484
  478  474  469  462  453  444  421  374  360                                   
    17.5-180.0 180.0   5.0 450.0                            LAT/LON1/LON2/DLON/H
  365  357  336  325  312  296  278  258  240  222  214  206  203  194  188  174
  164  152  150  151  159  166  174  175  175  164  156  147  145  144  151  158
  169  178  193  214  228  252  269  287  302  315  329  343  360  375  398  418
  442  467  493  518  536  551  557  563  559  552  539  524  513  502  495  487
  483  475  473  462  455  437  418  373  365                                   
    15.0-180.0 180.0   5.0 450.0                            LAT/LON1/LON2/DLON/H
  356  351  331  325  316  306  291  276  258  240  228  217  213  203  197  186
  177  167  163  162  166  170  174  174  169  159  148  138  134  132  141  150
  164  176  195  214  233  259  275  295  310  330  341  356  371  384  403  421
  439  462  478  500  510  521  524  527  528  524  517  507  503  495  491  486
  479  472  466  457  445  429  403  367  356                                   
    12.5-180.0 180.0   5.0 450.0                            LAT/LON1/LON2/DLON/H
  349  336  318  311  304  297  288  278  266  250  237  225  219  209  204  194
  188  180  175  171  171  170  171  165  158  146  133  121  118  119  130  142
  156  175  193  219  237  265  281  303  318  337  347  360  372  385  405  418
  435  450  464  476  484  489  490  495  498  501  499  498  496  492  488  479
  475  463  457  444  431  411  388  355  349                                   
    10.0-180.0 180.0   5.0 450.0                            LAT/LON1/LON2/DLON/H
  333  322  303  295  288  283  273  269  259  249  240  230  224  215  209  201
  196  189  182  176  171  165  162  155  146  131  116  105  104  108  121  137
  155  174  198  220  240  266  285  306  323  341  353  363  376  387  404  415
  428  442  451  462  466  470  470  477  485  490  492  492  495  491  487  478
  468  456  442  433  415  401  374  349  333                                   
     7.5-180.0 180.0   5.0 450.0                            LAT/LON1/LON2/DLON/H
  329  313  294  283  273  264  255  250  247  241  236  227  223  215  210  203
  198  192  186  177  168  158  151  139  128  110   97   88   89   94  109  127
