data/unet/pred3060.15i
     1.0            IONOSPHERE MAPS     GNSS                IONEX VERSION / TYPE
pyspatialgeodesy        IME             05-JAN-18 20:20     PGM / RUN BY / DATE 
Map Name                                                    COMMENT             
Predicted global ionosphere maps (GIM).                     DESCRIPTION         
  2015    11     2     0     0     0                        EPOCH OF FIRST MAP  
  2015    11     3     0     0     0                        EPOCH OF LAST MAP   
  7200                                                      INTERVAL            
    13                                                      # OF MAPS IN FILE   
  NONE                                                      MAPPING FUNCTION    
10.0                                                        ELEVATION CUTOFF    
One-way carrier phase leveled to code                       OBSERVABLES USED    
  6371.0                                                    BASE RADIUS         
 2                                                          MAP DIMENSION       
   450.0 450.0   0.0                                        HGT1 / HGT2 / DHGT  
    87.5 -87.5  -2.5                                        LAT1 / LAT2 / DLAT  
  -180.0 180.0   5.0                                        LON1 / LON2 / DLON  
    -1                                                      EXPONENT            
                                                            END OF HEADER       
[from data line 429]
     2                                                      START OF TEC MAP    
  2015    11     2     2     0     0                        EPOCH OF CURRENT MAP
    87.5-180.0 180.0   5.0 450.0                            LAT/LON1/LON2/DLON/H
   91   84   80   68   74   63   69   61   69   60   68   60   67   60   67   60
   67   60   67   61   67   61   67   61   67   62   66   62   67   62   67   63
   69   64   70   66   72   68   74   70   77   72   79   74   81   77   83   79
   85   82   86   84   89   86   90   88   93   90   93   90   95   91   95   91
   95   90   95   91   98   88   96   97   91                                   
    85.0-180.0 180.0   5.0 450.0                            LAT/LON1/LON2/DLON/H
   92  103   77   77   75   71   70   67   66   64   63   63   61   61   61   61
   60   59   59   59   59   58   58   59   58   58   57   58   58   59   58   60
   61   62   64   66   68   69   71   73   75   76   78   79   81   81   84   83
   86   85   87   87   90   89   91   91   94   93   96   96   98   98   99   99
  100   99  100   98   99   94   97  113   92                                   
    82.5-180.0 180.0   5.0 450.0                            LAT/LON1/LON2/DLON/H
   94   89   75   76   68   68   61   65   58   61   55   61   54   60   55   61
   55   60   55   61   54   59   53   58   52   55   50   55   50   54   51   56
   54   58   57   63   63   68   69   74   74   78   78   82   81   83   82   85
   83   86   84   88   87   90   89   94   94   97   97  102  102  105  105  108
  107  108  108  110  107  101  109  117   94                                   
    80.0-180.0 180.0   5.0 450.0                            LAT/LON1/LON2/DLON/H
   99   91   81   72   73   64   63   58   57   53   53   52   53   52   55   55
   57   56   58   57   58   55   55   53   52   48   48   45   45   42   44   43
   47   47   51   53   59   60   66   68   73   73   77   77   80   78   80   77
   80   77   80   78   83   80   87   86   94   92  101  100  110  107  115  112
  120  115  121  117  119  110  108  114   99                                   
    77.5-180.0 180.0   5.0 450.0                            LAT/LON1/LON2/DLON/H
  111  103   89   87   75   70   62   61   53   54   49   54   49   56   53   61
   57   64   61   67   62   65   60   62   54   56   49   52   44   48   43   49
   45   52   50   59   57   66   65   73   70   76   72   77   72   75   70   74
   68   72   69   74   72   78   78   85   88   96  100  108  112  118  122  126
  128  131  133  134  132  127  126  125  111                                   
    75.0-180.0 180.0   5.0 450.0                            LAT/LON1/LON2/DLON/H
  120  113  100   90   81   71   65   58   54   50   49   49   49   51   53   57
   59   62   65   67   67   67   65   64   60   57   54   52   50   49   48   49
   50   52   55   59   62   65   68   71   71   72   72   71   68   66   64   62
   60   59   59   61   63   66   71   77   83   91   98  106  111  119  124  129
  133  137  140  143  143  139  139  134  120                                   
    72.5-180.0 180.0   5.0 450.0                            LAT/LON1/LON2/DLON/H
  139  128  118  109   95   83   75   66   60   56   51   51   47   50   50   55
   55   61   63   68   67   68   67   66   61   59   56   55   51   51   50   51
   52   54   56   59   61   65   66   68   67   67   65   62   59   55   53   50
   47   47   48   50   53   59   65   72   81   90  100  107  115  120  127  131
  138  140  147  151  156  156  156  149  139                                   
    70.0-180.0 180.0   5.0 450.0                            LAT/LON1/LON2/DLON/H
  150  142  129  118  108   93   85   75   68   61   56   53   48   47   46   47
   50   54   59   62   65   65   66   65   62   60   59   57   57   55   56   56
   57   58   60   61   63   64   65   66   65   63   61   56   53   49   46   43
   40   40   41   46   51   59   67   77   88  100  108  117  122  128  132  137
  142  147  153  161  165  165  165  159  150                                   
    67.5-180.0 180.0   5.0 450.0                            LAT/LON1/LON2/DLON/H
  162  153  143  134  120  107   98   89   81   73   65   60   51   48   42   44
   43   48   51   57   57   61   60   61   59   59   58   59   58   58   58   58
   58   58   58   59   58   59   59   60   58   56   54   49   46   43   39   37
   34   36   37   45   53   64   75   89  102  112  122  127  134  135  140  141
  146  149  158  163  170  170  172  167  162                                   
    65.0-180.0 180.0   5.0 450.0                            LAT/LON1/LON2/DLON/H
  169  162  147  137  126  112  105   95   89   82   75   65   56   47   41   38
   39   41   45   48   51   52   55   54   56   55   58   58   61   60   61   60
   60   58   57   55   55   55   54   54   53   52   51   48   46   43   40   38
   36   38   40   50   60   75   88  105  118  131  138  145  147  148  148  149
  151  153  160  165  170  171  176  172  169                                   
    62.5-180.0 180.0   5.0 450.0                            LAT/LON1/LON2/DLON/H
  174  165  152  142  128  117  109  102   97   91   82   73   60   52   41   38
   35   39   40   44   44   47   46   48   47   50   53   55   57   57   57   55
   53   51   49   47   46   46   46   46   46   46   47   46   46   45   42   40
   39   41   46   56   69   86  102  118  133  144  153  158  161  160  161  158
  160  158  162  163  167  169  174  175  174                                   
    60.0-180.0 180.0   5.0 450.0                            LAT/LON1/LON2/DLON/H
  180  170  152  139  130  117  110  104  101   94   87   77   66   53   45   37
   37   37   40   41   43   41   42   40   43   44   50   51   56   54   55   51
   50   47   45   43   42   43   43   44   46   47   50   50   53   52   51   49
   48   51   55   67   82   99  117  135  148  160  167  172  175  174  174  172
  171  167  169  167  169  169  176  175  180                                   
    57.5-180.0 180.0   5.0 450.0                            LAT/LON1/LON2/DLON/H
  190  183  165  152  136  125  116  110  105  100   92   82   70   59   50   46
   43   45   45   45   41   40   37   36   36   39   44   48   50   51   50   48
   44   42   41   40   41   42   44   45   47   49   54   56   60   61   60   58
   58   60   65   77   92  110  128  144  159  170  179  183  188  189  192  190
  191  185  186  180  180  179  184  182  190                                   
    55.0-180.0 180.0   5.0 450.0                            LAT/LON1/LON2/DLON/H
  207  199  180  163  150  134  124  115  109  101   93   82   72   62   57   51
   53   52   53   49   47   41   39   35   38   39   46   47   53   51   52   47
   46   44   45   46   48   51   52   54   56   59   63   66   71   72   72   70
   69   71   76   89  105  124  140  156  168  178  187  192  199  203  209  209
  211  207  205  198  196  192  197  193  207                                   
    52.5-180.0 180.0   5.0 450.0                            LAT/LON1/LON2/DLON/H
  235  228  212  196  176  158  142  130  118  108   97   86   75   68   63   62
   61   62   59   57   50   46   40   40   39   44   47   52   54   55   52   51
   47   48   50   53   58   61   63   64   65   67   71   75   79   81   80   78
   77   80   86  100  117  135  149  165  177  186  193  200  209  216  227  229
  236  232  231  223  221  216  219  211  235                                   
    50.0-180.0 180.0   5.0 450.0                            LAT/LON1/LON2/DLON/H
  262  254  243  224  210  185  166  148  134  117  103   89   80   71   70   67
   71   68   67   61   56   51   49   46   50   51   57   59   63   61   61   57
   57   58   63   68   74   78   79   78   78   79   83   85   90   90   91   88
   88   91   99  114  133  151  164  177  187  193  201  207  219  230  244  251
  260  257  257  248  246  239  240  233  262                                   
    47.5-180.0 180.0   5.0 450.0                            LAT/LON1/LON2/DLON/H
  288  288  279  265  245  224  202  178  156  136  117  101   89   82   78   77
   75   75   70   67   61   59   57   58   59   64   67   70   71   71   68   67
   65   68   75   81   89   91   92   91   89   89   90   93   96   98   98   97
   98  103  115  131  150  168  179  191  197  202  207  214  226  240  253  264
  273  275  276  271  271  264  260  253  288                                   
    45.0-180.0 180.0   5.0 450.0                            LAT/LON1/LON2/DLON/H
  304  308  307  294  278  255  232  208  181  155  134  113  101   91   88   82
   82   77   74   70   68   67   69   70   73   76   78   79   80   79   77   74
   75   80   86   94  101  103  104  100  100   98  100  100  105  105  106  103
  108  115  131  151  169  187  197  206  210  211  214  220  232  245  261  271
  281  282  285  281  282  275  272  266  304                                   
    42.5-180.0 180.0   5.0 450.0                            LAT/LON1/LON2/DLON/H
  309  321  318  314  299  283  259  235  209  180  154  133  117  105   95   90
   84   81   75   75   74   79   81   84   84   87   86   86   86   84   82   81
   83   87   94  101  107  110  108  107  104  104  104  107  109  111  110  112
  118  129  148  166  186  203  211  218  221  219  220  225  235  248  259  270
  277  281  282  283  288  281  279  277  309                                   
    40.0-180.0 180.0   5.0 450.0                            LAT/LON1/LON2/DLON/H
  308  318  321  319  311  298  278  254  228  202  175  153  135  120  109   98
   93   87   86   85   90   94   98   98   97   95   93   91   90   89   87   87
   88   93   98  104  110  111  112  110  111  109  113  112  117  113  116  117
  128  140  161  182  202  217  227  232  233  232  231  234  242  251  262  266
  274  275  279  279  286  280  278  276  308                                   
    37.5-180.0 180.0   5.0 450.0                            LAT/LON1/LON2/DLON/H
  299  310  306  312  308  300  284  266  241  219  194  171  153  136  121  110
  101   97   96  100  105  110  111  110  104  100   94   92   92   91   91   90
   93   95  100  104  109  111  110  112  112  114  115  117  117  117  118  123
  134  148  171  191  212  229  239  243  245  242  243  245  253  261  268  272
  275  278  280  282  290  282  279  280  299                                   
    35.0-180.0 180.0   5.0 450.0                            LAT/LON1/LON2/DLON/H
  300  302  301  302  300  296  283  268  247  228  206  188  169  152  136  122
  117  112  115  117  125  126  125  117  110  102   97   94   95   96   95   96
   96   98  101  102  106  106  109  110  116  117  121  119  121  116  119  122
  136  152  174  195  217  233  246  251  255  254  256  261  269  282  290  291
  293  292  295  295  302  295  292  288  300                                   
    32.5-180.0 180.0   5.0 450.0                            LAT/LON1/LON2/DLON/H
  309  310  297  296  292  285  273  264  247  233  215  198  181  164  148  136
  129  128  129  134  136  135  130  120  109  103   97   98   99  102  103  103
  102  103  102  103  103  105  107  111  115  118  119  119  117  114  115  120
  133  150  172  192  213  232  245  253  259  262  268  275  291  304  318  324
  326  328  331  332  336  325  318  313  309                                   
    30.0-180.0 180.0   5.0 450.0                            LAT/LON1/LON2/DLON/H
  345  336  320  303  292  282  270  260  246  232  218  204  188  173  157  145
  141  135  138  138  141  135  130  118  111  106  107  109  114  116  117  116
  115  113  111  107  107  106  110  111  118  117  121  117  116  110  112  114
  127  141  162  182  202  221  238  249  259  265  275  288  309  332  349  362
  369  375  384  387  393  384  371  353  345                                   
    27.5-180.0 180.0   5.0 450.0                            LAT/LON1/LON2/DLON/H
  400  392  361  335  314  295  276  265  248  237  222  209  192  177  162  151
  144  142  139  139  133  128  121  116  112  117  121  128  132  135  134  133
  128  124  117  114  110  109  108  111  113  114  114  110  107  103  103  109
  118  131  150  167  186  205  223  240  255  267  281  301  332  359  381  405
  417  430  440  453  461  457  444  417  400                                   
    25.0-180.0 180.0   5.0 450.0                            LAT/LON1/LON2/DLON/H
  476  476  437  393  360  327  296  279  258  243  226  212  194  180  162  151
  142  134  129  120  116  110  111  113  123  133  143  151  156  157  155  152
  147  140  133  125  120  114  113  110  114  110  112  106  104   98  100  102
  114  123  141  158  179  200  220  235  254  269  292  321  357  391  421  449
  470  485  502  519  534  536  529  497  476                                   
    22.5-180.0 180.0   5.0 450.0                            LAT/LON1/LON2/DLON/H
  564  562  521  474  435  385  344  312  284  264  242  224  203  185  167  154
  140  132  118  109  100   99  105  121  139  157  172  178  180  178  173  169
  159  152  141  132  124  118  113  109  107  104  103   98   96   92   92   96
  106  118  136  153  177  201  224  245  266  289  311  344  382  422  459  490
  514  534  554  578  600  602  601  575  564                                   
    20.0-180.0 180.0   5.0 450.0                            LAT/LON1/LON2/DLON/H
  642  650  620  571  526  467  411  367  328  298  266  244  219  200  177  161
  143  126  108   92   86   90  109  133  161  184  200  206  204  197  188  181
  173  164  152  143  133  124  119  110  107  101  101   96   96   91   93   95
  107  119  139  160  186  214  241  267  293  313  340  370  413  458  497  526
  553  572  596  620  652  662  662  646  642                                   
    17.5-180.0 180.0   5.0 450.0                            LAT/LON1/LON2/DLON/H
  685  707  685  653  614  551  492  434  390  350  311  279  248  224  198  178
  156  138  114  101   94  106  130  162  195  222  235  236  226  213  199  189
  180  170  161  149  141  130  123  113  104   98   95   92   90   86   86   96
  109  125  147  172  200  232  263  295  319  348  370  405  447  487  525  550
  574  594  616  640  673  684  691  675  685                                   
    15.0-180.0 180.0   5.0 450.0                            LAT/LON1/LON2/DLON/H
  700  729  724  705  680  630  575  513  461  412  368  328  288  258  229  208
  184  163  142  127  125  138  167  198  231  260  261  253  235  219  202  191
  182  174  162  154  144  135  125  115  105   99   95   93   91   87   90  100
  118  137  162  192  223  259  294  324  351  379  403  439  473  511  538  562
  580  597  615  638  665  676  687  686  700                                   
    12.5-180.0 180.0   5.0 450.0                            LAT/LON1/LON2/DLON/H
  679  710  715  720  712  678  633  581  532  479  431  386  347  311  275  251
  227  208  188  180  181  195  218  254  278  296  285  268  244  224  209  196
  186  177  168  157  149  141  130  120  109  102   95   92   87   84   86  101
  120  146  173  207  239  278  311  344  374  402  432  461  493  517  542  560
  574  584  596  612  632  639  653  656  679                                   
    10.0-180.0 180.0   5.0 450.0                            LAT/LON1/LON2/DLON/H
  649  676  688  704  716  702  674  631  591  539  495  445  408  371  338  311
  285  267  250  250  253  272  288  312  318  319  295  270  244  227  213  200
  187  178  165  156  148  139  130  122  109  102   94   91   86   80   87   99
  124  152  184  218  253  289  322  356  382  412  439  470  496  520  539  555
  564  572  575  587  599  604  611  628  649                                   
     7.5-180.0 180.0   5.0 450.0                            LAT/LON1/LON2/DLON/H
  610  633  653  678  702  704  694  664  630  584  541  497  461  429  401  376
  358  345  335  338  340  351  355  360  350  333  303  274  249  234  222  208
