data/unet/pred2860.15i
     1.0            IONOSPHERE MAPS     GNSS                IONEX VERSION / TYPE
pyspatialgeodesy        IME             05-JAN-18 20:20     PGM / RUN BY / DATE 
Map Name                                                    COMMENT             
Predicted global ionosphere maps (GIM).                     DESCRIPTION         
  2015    10    13     0     0     0                        EPOCH OF FIRST MAP  
  2015    10    14     0     0     0                        EPOCH OF LAST MAP   
  7200                                                      INTERVAL            
    13                                                      # OF MAPS IN FILE   
  NONE                                                      MAPPING FUNCTION    
10.0                                                        ELEVATION CUTOFF    
One-way carrier phase leveled to code                       OBSERVABLES USED    
  6371.0                                                    BASE RADIUS         
 2                                                          MAP DIMENSION       
   450.0 450.0   0.0                                        HGT1 / HGT2 / DHGT  
    87.5 -87.5  -2.5                                        LAT1 / LAT2 / DLAT  
  -180.0 180.0   5.0                                        LON1 / LON2 / DLON  
    -1                                                      EXPONENT            
                                                            END OF HEADER       
[from data line 1716]
     5                                                      START OF TEC MAP    
  2015    10    13     8     0     0                        EPOCH OF CURRENT MAP
    87.5-180.0 180.0   5.0 450.0                            LAT/LON1/LON2/DLON/H
   41   51   51   50   52   50   52   51   53   52   55   53   55   53   55   53
   55   53   55   53   54   53   55   53   55   53   55   54   55   54   56   54
   56   55   57   55   57   56   57   56   57   56   58   56   57   56   56   55
   55   54   54   53   52   51   51   49   49   48   48   46   47   45   46   45
   46   45   47   48   51   49   51   54   41                                   
    85.0-180.0 180.0   5.0 450.0                            LAT/LON1/LON2/DLON/H
   49   66   56   64   59   64   61   66   62   67   63   67   63   67   63   66
   62   66   63   66   62   67   63   68   64   69   66   70   66   72   68   73
   69   74   70   75   71   75   72   75   72   75   72   75   71   74   70   72
   68   71   66   69   63   66   61   63   58   60   55   58   53   56   51   54
   50   54   50   54   53   52   52   46   49                                   
    82.5-180.0 180.0   5.0 450.0                            LAT/LON1/LON2/DLON/H
   51   64   50   53   52   55   56   59   59   60   59   60   58   59   56   57
   54   56   53   55   53   56   54   57   55   59   58   61   61   63   64   65
   66   68   69   70   71   72   73   73   74   74   75   75   74   74   73   72
   70   70   68   67   64   63   59   59   54   54   50   50   45   46   42   43
   39   42   38   41   38   39   41   37   51                                   
    80.0-180.0 180.0   5.0 450.0                            LAT/LON1/LON2/DLON/H
   47   53   44   44   45   49   50   53   53   53   52   52   50   49   46   46
   43   44   41   43   41   44   42   46   46   50   50   52   54   56   58   60
   61   64   66   67   70   70   73   73   76   75   78   76   78   75   77   73
   75   71   71   66   67   61   61   55   55   49   49   44   43   39   38   35
   34   32   32   30   31   26   32   33   47                                   
    77.5-180.0 180.0   5.0 450.0                            LAT/LON1/LON2/DLON/H
   37   51   42   42   43   46   49   50   51   50   50   46   45   41   40   37
   36   34   34   33   33   35   35   37   39   42   44   46   47   49   51   53
   54   58   60   64   65   69   71   74   75   77   79   80   80   80   80   79
   78   76   75   73   70   67   65   61   58   55   52   48   45   41   39   36
   33   31   30   28   29   25   29   23   37                                   
    75.0-180.0 180.0   5.0 450.0                            LAT/LON1/LON2/DLON/H
   37   44   38   39   42   45   48   49   49   48   46   43   39   36   33   31
   29   28   27   28   28   29   30   33   33   37   38   40   41   43   45   46
   48   51   55   59   62   66   70   73   76   79   82   84   85   86   87   86
   85   85   83   82   79   77   74   71   67   64   61   58   53   50   46   43
   37   35   32   30   29   24   28   22   37                                   
    72.5-180.0 180.0   5.0 450.0                            LAT/LON1/LON2/DLON/H
   36   45   35   36   38   40   43   44   44   42   41   36   33   29   27   24
   22   22   21   22   22   24   25   27   28   31   32   34   35   36   37   39
   40   44   47   51   56   61   67   70   76   80   84   86   88   89   90   90
   89   88   87   85   83   81   79   76   73   70   66   64   59   57   52   49
   43   39   35   32   30   26   28   24   36                                   
    70.0-180.0 180.0   5.0 450.0                            LAT/LON1/LON2/DLON/H
   37   40   33   34   38   40   44   43   44   41   39   35   32   28   26   25
   24   23   25   25   27   27   29   29   32   32   34   34   35   35   36   36
   39   41   46   50   56   61   68   73   80   84   89   90   93   94   96   95
   96   95   96   94   93   90   89   86   83   80   77   74   71   68   65   60
   56   50   47   41   38   30   32   27   37                                   
    67.5-180.0 180.0   5.0 450.0                            LAT/LON1/LON2/DLON/H
   39   45   33   31   32   35   37   39   39   37   35   32   29   26   25   24
   24   24   26   26   28   28   29   30   32   32   32   32   33   31   33   33
   34   37   41   46   51   58   65   72   79   85   89   92   92   94   94   95
   95   96   96   96   95   94   92   90   88   84   81   78   75   72   70   66
   62   57   53   47   44   35   36   32   39                                   
    65.0-180.0 180.0   5.0 450.0                            LAT/LON1/LON2/DLON/H
   43   42   31   31   31   34   36   37   38   36   35   32   31   29   28   29
   30   31   33   33   34   34   34   34   35   35   35   34   34   34   34   35
   36   39   43   48   54   60   67   76   83   88   92   93   94   94   95   95
   96   97  100  100  101  100   98   95   93   88   86   83   81   78   77   73
   71   66   63   56   53   41   42   37   43                                   
    62.5-180.0 180.0   5.0 450.0                            LAT/LON1/LON2/DLON/H
   46   49   32   28   26   27   29   31   32   32   32   31   30   29   30   30
   32   33   34   34   34   34   33   33   33   32   32   30   31   30   32   33
   35   38   42   46   52   58   66   74   81   87   89   91   90   92   90   92
   94   98  102  105  106  106  104  100   97   91   88   84   83   79   79   75
   73   69   67   61   58   48   48   43   46                                   
    60.0-180.0 180.0   5.0 450.0                            LAT/LON1/LON2/DLON/H
   51   47   32   29   26   27   28   30   31   31   32   32   32   31   32   34
   35   37   37   37   35   34   33   31   31   31   30   30   31   32   32   36
   38   42   45   50   55   62   68   78   84   90   92   92   93   92   93   94
   99  103  110  113  117  115  115  109  106   98   94   89   87   83   82   78
   77   73   71   66   64   53   53   49   51                                   
    57.5-180.0 180.0   5.0 450.0                            LAT/LON1/LON2/DLON/H
   58   59   39   31   27   25   25   26   28   29   30   30   31   31   32   33
   35   34   35   32   31   28   28   26   26   26   26   26   27   28   31   33
   38   42   48   51   57   63   70   77   84   90   92   93   92   94   94   99
  104  112  120  127  130  129  126  120  115  107  102   95   94   89   87   81
   79   74   73   68   67   59   58   52   58                                   
    55.0-180.0 180.0   5.0 450.0                            LAT/LON1/LON2/DLON/H
   66   61   43   36   31   29   28   29   30   30   31   31   32   32   33   34
   34   33   32   30   27   26   24   24   24   24   24   24   25   27   30   35
   41   47   53   58   63   69   74   83   89   95   98   99  101  101  105  109
  118  126  136  142  147  145  141  133  128  118  112  106  103   97   94   87
   83   78   77   73   72   63   64   61   66                                   
    52.5-180.0 180.0   5.0 450.0                            LAT/LON1/LON2/DLON/H
   73   75   52   44   38   34   33   31   32   31   31   30   30   30   30   30
   30   27   27   23   23   21   20   21   21   22   21   22   22   24   28   34
   41   48   55   61   66   72   78   86   93  100  104  106  108  112  115  123
  130  141  149  157  161  159  153  145  137  127  121  114  113  106  103   94
   89   82   80   76   75   69   69   65   73                                   
    50.0-180.0 180.0   5.0 450.0                            LAT/LON1/LON2/DLON/H
   80   76   59   53   47   44   41   39   38   36   35   33   33   31   32   30
   30   27   25   23   21   23   22   24   24   25   25   24   24   26   31   38
   47   55   64   71   76   82   88   97  105  111  118  121  126  129  135  141
  150  157  167  171  176  171  166  156  149  140  132  128  125  121  116  107
   99   91   88   82   81   73   75   72   80                                   
    47.5-180.0 180.0   5.0 450.0                            LAT/LON1/LON2/DLON/H
   86   88   69   62   59   53   51   47   45   41   39   34   33   31   31   29
   29   25   23   22   22   24   25   28   28   30   27   28   25   28   31   39
   48   59   69   77   83   89   95  104  113  121  128  134  139  145  150  156
  162  169  174  179  179  175  167  159  150  143  139  135  137  131  128  117
  110  100   95   88   85   78   79   75   86                                   
    45.0-180.0 180.0   5.0 450.0                            LAT/LON1/LON2/DLON/H
   89   85   73   70   66   63   61   56   53   48   45   40   38   35   36   33
   34   29   29   27   29   32   34   36   37   37   34   33   31   32   37   45
   56   67   78   88   94  102  107  118  125  135  142  147  154  159  165  171
  175  178  180  181  179  175  166  158  150  145  139  140  141  140  135  127
  118  109  103   95   90   81   82   79   89                                   
    42.5-180.0 180.0   5.0 450.0                            LAT/LON1/LON2/DLON/H
   88   91   78   75   74   68   69   62   60   53   50   43   42   39   40   38
   38   35   34   34   36   40   42   44   43   42   38   37   33   36   39   48
   58   72   85   94  104  110  118  126  137  144  153  157  164  169  176  178
  182  182  182  179  176  170  162  153  147  141  138  138  144  143  142  132
  126  116  110   99   94   83   83   79   88                                   
    40.0-180.0 180.0   5.0 450.0                            LAT/LON1/LON2/DLON/H
   88   83   74   75   73   70   72   66   65   58   55   49   49   48   49   48
   49   45   46   46   49   52   54   54   54   51   47   44   42   44   48   57
   68   82   96  107  117  125  131  142  149  159  163  170  175  181  185  188
  189  188  186  183  178  172  164  156  150  143  139  139  144  144  142  136
  130  123  116  106   99   86   84   80   88                                   
    37.5-180.0 180.0   5.0 450.0                            LAT/LON1/LON2/DLON/H
   83   84   73   72   72   69   74   66   67   60   58   53   55   53   57   56
   58   55   56   56   60   62   62   61   57   53   47   45   43   47   51   61
   72   87  103  114  126  133  143  150  162  168  175  179  186  191  198  199
  202  200  200  196  195  189  182  173  169  157  154  149  152  147  146  138
  133  127  121  110  102   90   85   80   83                                   
    35.0-180.0 180.0   5.0 450.0                            LAT/LON1/LON2/DLON/H
   83   77   66   65   65   65   70   65   67   60   61   58   62   63   67   68
   70   67   68   70   71   73   71   66   61   55   50   48   48   53   59   68
   80   95  111  124  135  146  153  166  174  184  188  193  199  205  214  215
  219  222  223  227  225  225  215  210  197  188  175  168  163  155  149  143
  136  133  127  117  107   95   90   84   83                                   
    32.5-180.0 180.0   5.0 450.0                            LAT/LON1/LON2/DLON/H
   80   81   67   63   62   61   67   63   66   60   62   59   65   68   73   75
   77   76   78   77   80   78   76   68   60   53   47   46   47   54   60   70
   82   97  114  126  141  151  165  176  191  197  205  209  218  225  235  240
  249  253  263  269  273  272  265  257  247  229  215  199  190  175  165  155
  148  140  133  122  111  101   95   90   80                                   
    30.0-180.0 180.0   5.0 450.0                            LAT/LON1/LON2/DLON/H
   86   82   67   60   60   58   64   60   64   59   64   62   70   74   82   84
   88   85   88   86   89   86   81   71   63   55   51   48   51   58   66   77
   87  105  119  137  151  167  179  195  209  216  226  229  243  248  264  273
  287  300  317  332  339  344  336  330  312  291  264  245  223  205  188  176
  165  157  146  133  123  111  108  100   86                                   
    27.5-180.0 180.0   5.0 450.0                            LAT/LON1/LON2/DLON/H
   93   96   79   69   64   61   64   61   63   59   64   63   72   76   84   86
   90   89   92   91   92   86   82   71   62   54   49   48   49   56   65   76
   89  103  120  137  158  175  195  210  225  234  246  255  269  281  296  308
  329  347  370  387  402  406  401  390  373  348  323  296  269  241  219  201
  186  173  163  146  135  127  122  114   93                                   
    25.0-180.0 180.0   5.0 450.0                            LAT/LON1/LON2/DLON/H
  109  110   92   80   74   67   68   63   65   61   66   67   75   79   87   89
   94   92   97   94   96   89   86   75   69   59   56   52   54   60   70   83
   94  110  127  148  169  190  210  227  242  256  270  281  299  312  331  347
  370  394  420  444  461  469  465  457  436  409  379  350  319  289  257  233
  212  196  181  166  155  146  143  134  109                                   
    22.5-180.0 180.0   5.0 450.0                            LAT/LON1/LON2/DLON/H
  130  131  114  103   91   84   80   74   72   68   70   69   76   77   85   86
   91   89   93   91   93   87   84   76   71   63   59   55   55   61   73   84
   98  113  134  155  180  203  226  244  260  276  291  308  325  341  359  378
  404  431  458  485  503  509  508  500  484  455  426  389  357  323  292  263
  237  217  202  186  178  166  160  150  130                                   
    20.0-180.0 180.0   5.0 450.0                            LAT/LON1/LON2/DLON/H
  152  156  136  129  117  109  100   91   86   81   79   78   80   81   86   87
   90   87   91   87   90   85   87   80   81   72   69   63   63   68   80   92
  107  124  143  167  190  216  236  255  273  289  308  327  350  365  384  405
  430  455  481  504  520  526  524  518  505  482  458  423  390  354  323  295
  266  246  228  211  201  188  178  171  152                                   
    17.5-180.0 180.0   5.0 450.0                            LAT/LON1/LON2/DLON/H
  178  179  167  163  150  140  127  116  105   97   92   87   87   82   85   82
   87   82   86   82   85   82   86   84   87   80   77   68   69   72   85   99
  115  132  151  175  197  224  242  263  280  301  321  342  365  383  404  423
  446  470  491  508  519  521  519  515  507  489  473  441  413  373  344  314
  290  269  254  237  226  208  196  192  178                                   
    15.0-180.0 180.0   5.0 450.0                            LAT/LON1/LON2/DLON/H
  198  205  188  192  181  173  161  147  134  123  111  105   98   91   90   87
   88   83   85   81   84   84   89   94   95   94   85   77   73   79   92  108
  126  144  163  183  204  223  242  259  282  302  330  354  382  400  422  439
  460  477  490  498  504  507  502  502  493  485  476  454  431  395  367  339
  318  301  285  267  257  234  216  217  198                                   
    12.5-180.0 180.0   5.0 450.0                            LAT/LON1/LON2/DLON/H
  226  227  217  216  206  199  187  175  160  149  135  124  113  101   97   89
   91   82   86   81   87   87   97   98  103   98   94   83   80   84   97  116
  133  153  166  187  199  221  235  256  278  301  331  359  385  405  427  444
  461  474  480  484  483  484  475  475  470  472  465  455  437  408  382  357
  340  324  308  292  280  262  244  245  226                                   
    10.0-180.0 180.0   5.0 450.0                            LAT/LON1/LON2/DLON/H
  253  251  236  235  225  219  207  198  188  176  165  153  137  122  110  100
   97   88   90   86   95   96  107  109  112  105  100   87   85   84  101  115
  137  153  167  182  195  210  227  244  271  296  332  361  391  412  433  447
  459  466  469  469  466  466  455  456  454  462  460  457  443  422  395  376
  359  347  330  318  307  291  274  274  253                                   
     7.5-180.0 180.0   5.0 450.0                            LAT/LON1/LON2/DLON/H
  282  273  259  255  241  232  219  210  201  196  183  174  157  141  125  112
  107   96   97   93  102  104  111  111  113  109  101   94   89   90  100  118
