data/unet/pred2180.15i
     1.0            IONOSPHERE MAPS     GNSS                IONEX VERSION / TYPE
pyspatialgeodesy        IME             05-JAN-18 20:20     PGM / RUN BY / DATE 
Map Name                                                    COMMENT             
Predicted global ionosphere maps (GIM).                     DESCRIPTION         
  2015     8     6     0     0     0                        EPOCH OF FIRST MAP  
  2015     8     7     0     0     0                        EPOCH OF LAST MAP   
  7200                                                      INTERVAL            
    13                                                      # OF MAPS IN FILE   
  NONE                                                      MAPPING FUNCTION    
10.0                                                        ELEVATION CUTOFF    
One-way carrier phase leveled to code                       OBSERVABLES USED    
  6371.0                                                    BASE RADIUS         
 2                                                          MAP DIMENSION       
   450.0 450.0   0.0                                        HGT1 / HGT2 / DHGT  
    87.5 -87.5  -2.5                                        LAT1 / LAT2 / DLAT  
  -180.0 180.0   5.0                                        LON1 / LON2 / DLON  
    -1                                                      EXPONENT            
                                                            END OF HEADER       
[from data line 1287]
     4                                                      START OF TEC MAP    
  2015     8     6     6     0     0                        EPOCH OF CURRENT MAP
    87.5-180.0 180.0   5.0 450.0                            LAT/LON1/LON2/DLON/H
  149  168  163  164  167  165  168  167  171  170  173  172  174  173  175  173
  173  172  171  169  168  165  164  161  160  157  157  155  154  153  153  152
  153  151  152  151  153  151  153  152  154  154  156  155  158  157  159  159
  161  160  162  162  163  163  164  164  165  164  165  164  165  163  164  162
  164  162  163  161  165  157  178  157  149                                   
    85.0-180.0 180.0   5.0 450.0                            LAT/LON1/LON2/DLON/H
  159  159  152  162  159  159  159  161  161  163  163  164  164  164  164  163
  162  161  160  157  155  152  151  147  147  144  144  142  142  141  141  141
  142  142  142  143  144  145  146  147  149  150  152  152  155  155  158  157
  159  159  161  160  162  161  162  161  162  161  162  161  162  160  161  159
  160  158  159  158  157  151  157  166  159                                   
    82.5-180.0 180.0   5.0 450.0                            LAT/LON1/LON2/DLON/H
  160  155  155  159  159  157  161  160  162  161  163  162  163  162  163  162
  162  160  159  156  154  150  148  143  141  138  137  135  135  134  135  135
  137  138  140  142  145  147  150  152  156  158  161  163  166  168  171  171
  174  173  176  174  177  175  177  175  177  173  175  171  172  168  167  163
  164  161  162  159  159  156  157  150  160                                   
    80.0-180.0 180.0   5.0 450.0                            LAT/LON1/LON2/DLON/H
  169  164  160  159  158  157  160  159  159  158  159  158  158  157  157  155
  154  151  150  146  143  138  136  130  128  124  123  120  121  120  121  121
  124  125  130  133  139  142  148  151  157  160  165  167  171  173  177  177
  180  180  183  182  185  183  184  181  183  179  179  175  175  170  169  165
  165  162  162  160  161  155  151  153  169                                   
    77.5-180.0 180.0   5.0 450.0                            LAT/LON1/LON2/DLON/H
  165  165  162  162  162  162  161  160  158  157  156  155  153  153  151  151
  148  147  143  142  136  133  126  123  117  115  111  111  108  111  110  114
  114  120  123  131  136  143  147  154  159  165  171  175  180  183  188  190
  193  194  197  197  198  197  197  197  195  193  191  188  186  182  178  175
  172  170  169  168  167  161  154  154  165                                   
    75.0-180.0 180.0   5.0 450.0                            LAT/LON1/LON2/DLON/H
  171  172  167  165  162  161  157  155  149  148  144  143  140  140  138  138
  135  134  131  128  122  118  112  110  104  102   98   98   96   99   99  103
  106  112  117  123  129  137  142  149  154  161  168  175  179  186  189  193
  194  197  199  200  201  202  201  201  200  198  195  194  190  188  181  181
  175  175  171  170  167  164  160  162  171                                   
    72.5-180.0 180.0   5.0 450.0                            LAT/LON1/LON2/DLON/H
  171  177  170  167  163  157  154  147  142  136  133  130  129  129  128  129
  128  127  125  123  117  114  108  103   97   94   91   90   90   92   95  100
  104  110  115  122  128  136  142  149  155  162  171  177  184  189  195  197
  201  201  204  204  205  205  205  205  203  202  199  198  195  193  188  186
  182  181  179  177  176  171  166  169  171                                   
    70.0-180.0 180.0   5.0 450.0                            LAT/LON1/LON2/DLON/H
  179  187  181  177  169  163  154  147  135  129  121  118  115  115  116  115
  117  116  116  114  111  107  103   98   92   89   85   86   86   89   92   98
  102  109  115  122  127  134  139  146  152  160  168  177  183  190  194  198
  200  201  203  203  204  204  204  204  202  201  198  198  195  194  188  188
  183  185  182  183  180  175  171  178  179                                   
    67.5-180.0 180.0   5.0 450.0                            LAT/LON1/LON2/DLON/H
  181  188  183  179  171  161  152  140  130  118  112  106  105  105  107  109
  110  112  111  112  108  104   98   93   88   84   82   83   85   89   94  101
  105  112  117  124  128  134  139  146  153  161  170  178  186  191  196  198
  200  199  201  201  202  201  201  201  199  199  196  197  194  193  189  189
  186  186  186  185  185  179  173  179  181                                   
    65.0-180.0 180.0   5.0 450.0                            LAT/LON1/LON2/DLON/H
  185  193  191  186  177  168  155  145  128  118  106  103   98   98   99  100
  103  103  105  104  103   98   93   89   83   81   78   81   82   88   92  100
  104  112  116  124  125  132  135  142  149  158  168  177  184  190  193  196
  197  197  198  198  199  198  198  197  196  194  192  191  189  188  183  183
  180  183  181  183  182  177  173  182  185                                   
    62.5-180.0 180.0   5.0 450.0                            LAT/LON1/LON2/DLON/H
  182  189  187  186  177  167  157  143  129  114  105   97   94   91   93   94
   95   96   97   95   93   88   84   80   78   75   74   77   80   86   93  102
  107  113  117  124  128  133  136  144  150  160  169  179  186  191  195  196
  198  197  198  198  199  199  198  198  196  195  191  191  188  187  183  182
  179  181  181  183  184  179  174  180  182                                   
    60.0-180.0 180.0   5.0 450.0                            LAT/LON1/LON2/DLON/H
  183  190  189  187  181  171  160  149  133  120  105   98   91   89   88   88
   89   89   89   86   85   80   77   75   72   71   70   72   75   81   87   97
  102  110  113  122  125  130  134  141  150  160  170  179  186  191  194  197
  198  199  200  200  203  202  202  200  199  195  192  189  187  185  180  179
  176  177  176  178  179  175  170  181  183                                   
    57.5-180.0 180.0   5.0 450.0                            LAT/LON1/LON2/DLON/H
  181  186  187  189  184  175  165  152  140  123  110  100   94   88   87   83
   83   80   78   75   73   68   69   66   69   66   68   69   73   78   85   94
  101  108  114  122  128  134  138  147  154  165  175  184  191  197  201  203
  206  207  210  211  214  215  213  212  208  206  199  198  193  190  183  181
  177  178  177  180  182  179  174  179  181                                   
    55.0-180.0 180.0   5.0 450.0                            LAT/LON1/LON2/DLON/H
  186  190  190  193  190  181  172  163  148  134  115  105   93   88   82   80
   78   75   73   69   67   65   64   65   67   66   66   67   69   73   78   87
   95  104  111  121  127  135  140  147  156  168  178  188  195  201  206  210
  214  217  220  222  226  226  226  222  220  214  210  205  201  196  189  185
  180  180  179  183  184  182  176  187  186                                   
    52.5-180.0 180.0   5.0 450.0                            LAT/LON1/LON2/DLON/H
  190  192  195  198  196  190  180  169  157  140  125  108   98   88   83   78
   75   70   67   63   63   60   65   65   71   69   73   71   74   74   79   85
   94  104  114  125  134  143  149  157  164  176  186  197  205  213  219  224
  230  234  238  240  242  242  239  236  230  226  219  216  210  205  196  192
  186  185  185  189  193  190  186  192  190                                   
    50.0-180.0 180.0   5.0 450.0                            LAT/LON1/LON2/DLON/H
  202  200  201  205  205  198  191  180  168  153  132  116  101   92   81   78
   74   71   67   65   64   65   68   73   79   78   79   76   76   75   78   84
   93  103  114  126  137  147  153  161  170  182  192  203  211  221  229  237
  243  248  251  254  255  253  249  243  239  232  228  223  219  213  205  200
  195  195  194  199  202  200  193  205  202                                   
    47.5-180.0 180.0   5.0 450.0                            LAT/LON1/LON2/DLON/H
  210  207  209  211  209  204  196  185  174  158  140  121  107   95   86   81
   78   74   71   68   70   70   78   81   90   89   92   87   86   82   85   87
   96  106  118  132  145  155  162  169  177  190  201  212  222  232  242  251
  258  263  266  268  266  264  257  251  243  238  232  229  225  221  213  209
  205  206  207  211  215  212  206  213  210                                   
    45.0-180.0 180.0   5.0 450.0                            LAT/LON1/LON2/DLON/H
  222  215  215  216  217  209  205  192  181  165  147  128  111  101   90   85
   81   79   78   76   77   79   87   92   99  101  100   98   93   90   88   91
   98  108  120  133  147  157  165  173  183  195  206  218  228  240  250  262
  269  275  275  276  272  268  259  251  244  238  233  229  227  224  218  218
  215  219  220  224  226  223  217  225  222                                   
    42.5-180.0 180.0   5.0 450.0                            LAT/LON1/LON2/DLON/H
  227  220  218  215  213  206  201  190  179  165  148  132  117  105   97   92
   90   87   87   85   88   89   97  102  109  109  110  106  102   98   96   97
  102  111  122  136  150  161  172  179  191  201  215  226  238  250  262  272
  281  286  286  285  280  275  264  256  247  242  236  234  231  229  225  227
  228  232  234  236  237  233  229  232  227                                   
    40.0-180.0 180.0   5.0 450.0                            LAT/LON1/LON2/DLON/H
  238  229  222  216  211  204  198  188  179  166  152  137  123  114  103   99
   95   94   94   93   96   99  106  111  116  118  115  113  108  105  102  102
  105  113  123  135  148  159  170  180  193  206  220  232  243  257  268  282
  289  296  295  295  291  286  276  267  259  252  245  242  238  236  233  237
  241  247  250  251  248  243  240  241  238                                   
    37.5-180.0 180.0   5.0 450.0                            LAT/LON1/LON2/DLON/H
  248  238  228  217  210  198  192  182  175  165  153  141  130  120  112  105
  104  101  102  100  105  107  113  117  122  121  119  117  114  112  110  109
  111  116  126  134  148  158  172  182  198  210  226  239  252  265  278  290
  300  306  309  310  308  307  299  294  285  281  271  268  261  258  254  258
  264  271  274  273  266  260  254  252  248                                   
    35.0-180.0 180.0   5.0 450.0                            LAT/LON1/LON2/DLON/H
  268  255  240  226  213  200  190  183  175  167  158  149  139  131  119  114
  108  107  107  107  111  114  120  124  126  126  122  121  118  118  114  115
  114  120  126  137  145  158  171  184  200  216  232  244  256  271  283  298
  309  319  324  331  334  337  336  334  328  323  312  305  294  288  281  286
  292  300  303  299  290  284  274  271  268                                   
    32.5-180.0 180.0   5.0 450.0                            LAT/LON1/LON2/DLON/H
  291  277  259  241  226  206  195  183  177  168  162  154  147  136  128  118
  114  108  110  109  115  119  126  129  130  127  123  121  120  120  121  118
  119  118  128  133  146  154  171  184  203  218  236  249  263  277  292  304
  318  330  342  354  366  376  383  385  384  377  367  356  343  332  323  325
  330  337  339  334  322  318  302  295  291                                   
    30.0-180.0 180.0   5.0 450.0                            LAT/LON1/LON2/DLON/H
  319  302  280  261  241  220  202  190  182  175  169  162  156  147  135  126
  118  114  114  114  121  126  134  138  137  134  127  126  122  124  120  120
  114  118  122  134  141  152  164  181  198  216  233  248  263  279  294  309
  325  343  358  378  399  416  430  437  440  434  424  408  394  378  365  364
  368  372  374  367  353  348  333  325  319                                   
    27.5-180.0 180.0   5.0 450.0                            LAT/LON1/LON2/DLON/H
  348  332  308  286  266  241  221  203  192  182  175  167  161  151  142  128
  123  115  116  117  125  132  142  146  147  140  133  127  125  124  125  119
  118  115  123  129  141  148  163  177  197  213  231  246  263  278  295  311
  330  350  373  398  424  448  467  479  486  480  472  455  437  418  403  400
  402  406  407  401  387  386  365  356  348                                   
    25.0-180.0 180.0   5.0 450.0                            LAT/LON1/LON2/DLON/H
  378  365  336  313  289  263  237  216  200  190  181  174  167  158  148  136
  128  122  123  125  134  143  154  159  159  152  140  133  126  125  120  117
  109  111  112  125  134  145  156  172  189  206  226  245  263  281  297  315
  337  361  388  418  446  473  495  511  520  519  512  495  477  454  440  432
  435  437  442  434  423  417  397  387  378                                   
    22.5-180.0 180.0   5.0 450.0                            LAT/LON1/LON2/DLON/H
  402  395  372  342  317  288  262  235  216  200  190  179  173  162  155  141
  135  126  127  129  139  150  164  170  172  162  150  137  129  122  119  110
  105  103  109  119  131  143  156  172  187  205  223  244  264  280  298  317
  343  369  401  432  461  488  508  524  533  535  527  513  496  479  462  458
  457  460  461  455  445  444  426  412  402                                   
    20.0-180.0 180.0   5.0 450.0                            LAT/LON1/LON2/DLON/H
  421  416  397  371  338  308  279  251  226  208  195  184  176  165  159  148
  143  136  137  140  150  160  173  178  178  168  152  140  124  119  109  102
   93   94   96  110  123  137  151  169  184  202  222  243  266  284  302  322
  348  378  407  439  463  488  502  520  529  536  531  520  508  493  482  476
  476  476  477  469  463  458  448  429  421                                   
    17.5-180.0 180.0   5.0 450.0                            LAT/LON1/LON2/DLON/H
  430  429  416  389  358  323  297  268  241  222  204  191  180  171  165  154
  149  142  141  143  152  162  175  179  180  168  154  136  122  110  102   91
   83   81   85   98  114  130  148  166  183  201  218  239  264  283  303  322
  351  377  407  431  454  471  481  492  500  509  509  507  497  496  484  485
  480  482  478  470  463  460  450  435  430                                   
    15.0-180.0 180.0   5.0 450.0                            LAT/LON1/LON2/DLON/H
  434  434  418  397  363  331  302  276  245  225  207  192  183  172  169  160
  159  153  153  154  159  166  174  177  173  163  144  129  109  102   88   80
   70   69   71   86  102  122  142  164  180  199  216  237  265  285  305  327
  354  382  402  424  435  452  452  467  471  486  489  494  490  491  487  485
  483  481  478  467  460  455  448  434  434                                   
    12.5-180.0 180.0   5.0 450.0                            LAT/LON1/LON2/DLON/H
  427  428  413  390  360  328  302  277  249  230  212  199  188  180  175  169
  166  161  158  157  159  162  169  168  164  150  134  116  102   90   81   70
   63   59   63   75   93  117  141  165  183  201  220  237  264  285  305  327
  355  376  399  412  423  430  431  437  444  458  466  476  477  482  480  480
  477  475  469  458  449  446  437  426  427                                   
    10.0-180.0 180.0   5.0 450.0                            LAT/LON1/LON2/DLON/H
  418  415  400  379  346  318  292  269  242  226  210  198  193  185  183  178
  179  173  171  166  164  162  160  157  146  136  116  104   89   82   72   64
   56   53   53   67   85  111  136  163  179  199  216  236  264  285  305  329
  357  381  398  411  418  423  420  428  436  449  459  469  474  479  478  478
  474  469  462  448  439  435  424  416  418                                   
     7.5-180.0 180.0   5.0 450.0                            LAT/LON1/LON2/DLON/H
  408  406  388  364  332  308  284  260  237  225  211  202  196  192  190  187
  186  181  175  168  163  156  152  144  133  119  106   92   84   74   70   61
