data/unet/pred0070.15i
     1.0            IONOSPHERE MAPS     GNSS                IONEX VERSION / TYPE
pyspatialgeodesy        IME             05-JAN-18 20:20     PGM / RUN BY / DATE 
Map Name                                                    COMMENT             
Predicted global ionosphere maps (GIM).                     DESCRIPTION         
  2015     1     7     0     0     0                        EPOCH OF FIRST MAP  
  2015     1     8     0     0     0                        EPOCH OF LAST MAP   
  7200                                                      INTERVAL            
    13                                                      # OF MAPS IN FILE   
  NONE                                                      MAPPING FUNCTION    
10.0                                                        ELEVATION CUTOFF    
One-way carrier phase leveled to code                       OBSERVABLES USED    
  6371.0                                                    BASE RADIUS         
 2                                                          MAP DIMENSION       
   450.0 450.0   0.0                                        HGT1 / HGT2 / DHGT  
    87.5 -87.5  -2.5                                        LAT1 / LAT2 / DLAT  
  -180.0 180.0   5.0                                        LON1 / LON2 / DLON  
    -1                                                      EXPONENT            
                                                            END OF HEADER       
[from data line 4719]
    12                                                      START OF TEC MAP    
  2015     1     7    22     0     0                        EPOCH OF CURRENT MAP
    87.5-180.0 180.0   5.0 450.0                            LAT/LON1/LON2/DLON/H
  148   88   65   68   67   67   69   70   72   74   75   77   78   79   80   81
   82   83   83   84   85   86   86   87   87   87   86   87   86   86   85   85
   84   83   82   81   80   79   78   77   76   76   74   75   73   75   73   74
   72   74   72   74   72   73   72   73   71   71   69   70   68   68   66   67
   65   65   64   66   66   67   71  121  148                                   
    85.0-180.0 180.0   5.0 450.0                            LAT/LON1/LON2/DLON/H
   75   52   48   52   51   51   53   55   59   61   66   68   73   74   79   80
   83   83   86   87   88   89   89   91   90   91   90   90   88   88   86   86
   84   83   81   80   78   77   74   73   70   69   66   66   64   64   61   61
   61   61   60   61   61   61   60   60   59   59   58   57   56   54   53   51
   51   48   48   47   48   48   51   89   75                                   
    82.5-180.0 180.0   5.0 450.0                            LAT/LON1/LON2/DLON/H
   63   50   44   47   46   46   49   52   57   60   67   70   78   78   87   86
   93   90   98   96  101   98  103  101  104  100  103   99  101   96   98   93
   95   89   91   85   87   81   82   76   77   72   72   68   69   65   66   63
   65   63   65   64   66   65   67   66   66   65   65   63   62   60   58   56
   54   52   50   47   48   41   46   74   63                                   
    80.0-180.0 180.0   5.0 450.0                            LAT/LON1/LON2/DLON/H
   67   54   46   52   48   52   51   59   61   69   73   80   84   90   93   97
   97  100  101  104  103  106  106  109  107  108  107  106  104  102  100   98
   96   93   92   88   88   84   83   80   79   76   75   72   72   70   69   68
   69   69   70   71   72   73   73   74   74   74   73   72   70   68   65   63
   61   59   56   52   49   46   44   70   67                                   
    77.5-180.0 180.0   5.0 450.0                            LAT/LON1/LON2/DLON/H
   69   59   53   52   52   51   54   59   67   74   82   88   95   98  103  102
  105  103  106  104  107  106  109  109  111  109  110  108  108  104  103  100
   99   96   94   91   90   87   86   84   82   80   77   76   73   73   71   71
   71   73   73   75   76   78   79   80   80   80   80   78   76   74   72   69
   67   64   62   59   57   50   49   74   69                                   
    75.0-180.0 180.0   5.0 450.0                            LAT/LON1/LON2/DLON/H
   77   70   64   68   66   67   68   76   82   94  101  110  114  118  117  117
  112  110  106  106  103  105  104  108  107  109  107  108  105  105  101  100
   97   96   93   92   90   89   87   85   82   80   77   74   73   70   70   69
   71   71   74   74   78   78   81   80   82   81   82   79   79   76   75   72
   70   69   69   67   67   64   65   85   77                                   
    72.5-180.0 180.0   5.0 450.0                            LAT/LON1/LON2/DLON/H
   90   86   82   83   83   82   87   95  105  117  127  135  139  138  135  128
  122  112  108  101  100   97   99  100  102  102  103  103  102  100   99   97
   96   95   94   93   92   90   89   86   83   81   77   74   71   70   68   67
   69   69   71   72   75   77   79   80   82   81   82   80   80   77   77   74
   74   74   77   77   80   79   82  102   90                                   
    70.0-180.0 180.0   5.0 450.0                            LAT/LON1/LON2/DLON/H
  109  109  105  109  108  110  114  125  133  148  157  165  169  166  159  148
  135  122  111  102   96   93   92   94   96   97   96   96   95   93   90   89
   87   88   87   89   88   88   85   84   80   78   74   72   69   67   65   65
   66   68   69   71   73   76   77   79   80   81   81   81   80   80   78   78
   78   81   84   88   92   95  100  119  109                                   
    67.5-180.0 180.0   5.0 450.0                            LAT/LON1/LON2/DLON/H
  126  128  125  129  130  132  138  149  160  174  185  193  197  190  182  167
  150  130  114  101   93   87   85   86   88   89   89   88   86   84   81   79
   78   78   80   81   82   82   82   80   78   76   73   70   67   65   63   62
   63   65   66   68   70   72   74   75   77   77   78   78   78   77   77   76
   78   81   87   93   99  106  111  132  126                                   
    65.0-180.0 180.0   5.0 450.0                            LAT/LON1/LON2/DLON/H
  141  146  146  152  154  157  161  174  185  200  211  219  222  216  203  185
  165  144  123  106   94   86   81   81   82   81   80   79   75   73   68   67
   63   65   64   68   68   71   69   70   68   68   66   64   62   61   59   59
   58   59   60   61   62   63   64   66   68   69   69   70   69   69   67   69
   70   75   82   89   99  108  118  140  141                                   
    62.5-180.0 180.0   5.0 450.0                            LAT/LON1/LON2/DLON/H
  153  157  158  166  170  174  180  193  204  219  234  242  247  240  227  206
  184  158  137  116  102   92   84   79   77   75   72   69   66   63   59   56
   54   52   53   54   56   58   59   59   59   59   58   57   56   55   52   52
   51   51   51   51   50   51   51   54   55   57   57   58   58   57   56   57
   58   63   70   81   91  106  118  143  153                                   
    60.0-180.0 180.0   5.0 450.0                            LAT/LON1/LON2/DLON/H
  162  167  172  183  188  192  198  209  220  235  248  260  264  260  246  229
  204  180  154  137  120  107   94   84   76   70   64   62   59   57   51   49
   44   43   40   43   42   46   46   49   49   50   49   50   49   50   46   47
   45   45   44   44   43   42   42   43   45   46   46   47   47   46   44   46
   47   53   61   71   85  101  117  143  162                                   
    57.5-180.0 180.0   5.0 450.0                            LAT/LON1/LON2/DLON/H
  173  176  183  197  204  209  214  225  237  249  261  270  277  272  266  248
  233  205  183  161  142  126  108   92   78   66   60   57   56   55   52   49
   45   40   39   37   39   39   42   42   44   44   45   45   46   45   43   43
   40   40   38   38   37   36   35   36   37   39   38   40   39   39   37   38
   41   46   55   66   82  101  116  146  173                                   
    55.0-180.0 180.0   5.0 450.0                            LAT/LON1/LON2/DLON/H
  186  189  203  220  230  237  241  246  250  258  265  275  280  281  276  270
  255  239  212  195  170  149  123  103   82   67   58   56   56   58   58   55
   51   46   42   41   39   41   41   43   44   45   46   48   46   47   43   44
   40   42   38   39   37   37   36   37   38   38   38   39   38   37   37   39
   43   49   60   71   87  107  125  154  186                                   
    52.5-180.0 180.0   5.0 450.0                            LAT/LON1/LON2/DLON/H
  206  208  228  250  264  270  273  272  270  271  274  277  284  283  289  283
  282  264  248  223  201  173  145  116   94   73   63   58   63   65   68   66
   63   56   54   50   51   49   50   49   51   50   53   53   53   51   48   47
   44   43   41   41   41   41   41   43   42   44   41   42   41   41   41   44
   50   59   70   85  104  123  139  172  206                                   
    50.0-180.0 180.0   5.0 450.0                            LAT/LON1/LON2/DLON/H
  229  236  262  283  298  305  303  298  289  286  280  282  282  287  292  295
  293  286  266  250  224  201  164  135  105   84   71   67   71   77   79   78
   76   70   66   64   62   62   61   61   61   62   63   64   64   63   57   56
   52   52   50   50   49   51   50   52   51   51   48   48   48   48   50   54
   63   74   90  107  126  145  163  195  229                                   
    47.5-180.0 180.0   5.0 450.0                            LAT/LON1/LON2/DLON/H
  257  264  294  315  329  335  331  325  315  305  296  290  290  290  298  298
  303  291  285  263  245  218  187  153  124   98   86   79   83   87   90   88
   87   80   80   76   78   76   77   74   75   73   77   76   77   73   70   66
   64   62   62   62   63   64   65   65   64   62   59   58   57   58   61   68
   79   95  113  134  153  171  189  223  257                                   
    45.0-180.0 180.0   5.0 450.0                            LAT/LON1/LON2/DLON/H
  282  295  324  342  355  359  355  350  336  324  309  303  297  298  300  302
  302  297  286  275  254  237  203  174  141  115   99   93   93   96   96   94
   92   88   86   87   87   89   86   85   85   85   87   88   89   86   83   79
   76   76   75   75   75   76   75   76   72   71   66   65   64   66   70   79
   93  113  136  158  178  197  216  249  282                                   
    42.5-180.0 180.0   5.0 450.0                            LAT/LON1/LON2/DLON/H
  303  315  343  362  369  376  373  370  358  347  330  321  313  308  309  304
  304  293  289  274  263  244  221  188  160  132  115  106  103  100   98   93
   92   87   91   91   96   95   95   92   93   92   96   97   99   96   94   90
   88   87   87   86   86   86   85   84   81   78   74   73   72   74   79   89
  105  128  152  177  198  219  238  273  303                                   
    40.0-180.0 180.0   5.0 450.0                            LAT/LON1/LON2/DLON/H
  318  332  355  366  377  381  384  382  375  364  349  342  330  325  317  313
  304  294  284  277  268  255  232  204  172  147  126  116  107  102   94   91
   87   88   90   97   98  101   97   96   95   97  100  102  105  104  103  101
   99   97   95   94   92   91   88   88   83   82   77   77   76   79   84   96
  113  138  164  188  211  234  253  287  318                                   
    37.5-180.0 180.0   5.0 450.0                            LAT/LON1/LON2/DLON/H
  330  341  357  368  372  379  385  387  386  380  368  362  352  342  334  322
  312  296  289  280  276  261  243  214  184  159  138  123  113  103   95   89
   89   90   96  100  105  104  102   98   99   99  104  106  109  109  108  107
  105  103   99   96   93   91   90   88   86   83   80   80   80   83   89  100
  119  144  169  193  216  242  262  300  330                                   
    35.0-180.0 180.0   5.0 450.0                            LAT/LON1/LON2/DLON/H
  343  351  365  363  370  371  381  384  388  387  381  380  369  363  350  339
  322  307  297  290  285  272  252  222  191  167  146  131  118  109  100  100
  100  106  109  114  115  113  108  104  102  102  106  108  112  112  113  111
  110  107  101   96   91   89   87   86   82   81   78   79   80   84   91  104
  124  150  176  198  223  248  270  309  343                                   
    32.5-180.0 180.0   5.0 450.0                            LAT/LON1/LON2/DLON/H
  360  364  368  370  367  373  377  387  388  393  388  392  384  379  367  353
  338  320  311  302  297  280  260  227  198  173  155  141  132  124  122  122
  129  133  138  136  134  126  120  113  111  109  111  112  114  113  113  111
  108  104   97   92   86   84   83   82   82   80   80   80   82   86   95  109
  131  158  183  206  231  260  284  326  360                                   
    30.0-180.0 180.0   5.0 450.0                            LAT/LON1/LON2/DLON/H
  383  385  391  380  382  383  387  391  392  393  389  392  390  386  374  362
  348  331  322  311  303  283  259  225  199  177  164  154  149  148  151  159
  167  173  173  167  160  147  138  129  124  120  120  121  121  119  118  113
  108  102   95   89   83   83   83   83   83   82   81   83   85   91  100  119
  145  173  200  222  248  280  306  348  383                                   
    27.5-180.0 180.0   5.0 450.0                            LAT/LON1/LON2/DLON/H
  413  423  422  420  413  417  409  415  405  406  395  400  395  393  381  369
  357  340  332  319  308  283  259  224  205  188  183  179  180  184  194  205
  218  219  217  201  188  171  163  150  143  135  133  131  130  126  123  115
  108   98   91   83   80   79   81   82   83   83   84   87   90   97  108  132
  161  193  221  246  273  313  342  381  413                                   
    25.0-180.0 180.0   5.0 450.0                            LAT/LON1/LON2/DLON/H
  451  475  479  472  469  465  459  451  440  428  417  412  406  399  387  376
  366  348  340  322  310  282  256  226  213  204  207  209  214  223  234  254
  266  270  257  237  217  200  189  175  167  155  150  144  144  138  134  124
  114  101   91   83   80   81   85   86   88   87   88   92   96  104  120  148
  183  217  250  277  311  352  386  419  451                                   
    22.5-180.0 180.0   5.0 450.0                            LAT/LON1/LON2/DLON/H
  493  537  541  541  536  535  522  517  489  474  444  436  421  416  401  389
  376  355  347  328  315  285  263  239  235  235  246  253  261  271  287  312
  325  326  305  276  244  225  212  198  186  173  164  157  153  146  139  127
  115   99   90   81   80   82   88   90   92   92   92   95  101  111  129  161
  202  240  277  313  353  401  439  462  493                                   
    20.0-180.0 180.0   5.0 450.0                            LAT/LON1/LON2/DLON/H
  537  594  612  617  623  622  613  598  577  536  507  475  457  437  426  410
  394  370  360  338  327  297  278  263  267  275  288  294  299  307  326  356
  369  365  335  302  264  248  231  220  203  188  174  165  159  151  142  130
  116  102   93   87   88   89   96   97   99   95   96   99  107  117  139  177
  222  264  307  346  393  445  484  501  537                                   
    17.5-180.0 180.0   5.0 450.0                            LAT/LON1/LON2/DLON/H
  566  643  670  686  707  711  702  688  660  630  579  545  507  483  456  437
  423  392  378  355  345  320  306  300  312  325  337  340  339  347  368  392
  400  387  356  321  282  268  252  243  225  209  192  183  174  165  152  138
  124  110  103   98   98  101  106  107  105  103  101  103  108  121  147  191
  239  285  332  375  422  477  516  531  566                                   
    15.0-180.0 180.0   5.0 450.0                            LAT/LON1/LON2/DLON/H
  591  671  709  736  763  773  771  761  739  711  665  620  576  535  505  473
  458  429  406  384  374  351  346  346  362  377  386  380  375  375  387  405
  405  392  358  328  292  282  266  261  242  228  207  198  187  178  163  150
  134  123  115  112  112  114  114  113  111  107  103  102  109  121  151  198
  248  297  351  395  446  495  535  547  591                                   
    12.5-180.0 180.0   5.0 450.0                            LAT/LON1/LON2/DLON/H
  592  680  715  752  786  802  812  806  795  773  731  695  644  596  553  518
  492  465  444  417  407  391  392  401  419  430  431  418  405  393  393  397
  390  375  347  323  295  291  277  272  254  240  222  213  201  191  175  160
  145  133  127  122  122  121  121  119  116  111  106  106  111  127  158  208
  259  309  361  407  452  500  539  551  592                                   
    10.0-180.0 180.0   5.0 450.0                            LAT/LON1/LON2/DLON/H
  584  660  695  737  775  800  815  820  814  807  776  748  705  662  620  577
  542  501  484  460  450  436  443  453  470  473  469  444  416  392  380  376
  366  355  332  316  299  296  284  278  259  245  229  220  208  196  181  166
  150  140  133  129  127  126  125  125  122  115  111  109  116  133  168  219
  269  317  367  409  457  497  535  544  584                                   
     7.5-180.0 180.0   5.0 450.0                            LAT/LON1/LON2/DLON/H
  560  632  657  698  730  758  784  801  811  812  798  774  740  712  679  641
  596  547  518  493  493  480  491  498  512  512  500  463  425  388  366  354
