data/unet/pred1660.15i
     1.0            IONOSPHERE MAPS     GNSS                IONEX VERSION / TYPE
pyspatialgeodesy        IME             05-JAN-18 20:20     PGM / RUN BY / DATE 
Map Name                                                    COMMENT             
Predicted global ionosphere maps (GIM).                     DESCRIPTION         
  2015     6    15     0     0     0                        EPOCH OF FIRST MAP  
  2015     6    16     0     0     0                        EPOCH OF LAST MAP   
  7200                                                      INTERVAL            
    13                                                      # OF MAPS IN FILE   
  NONE                                                      MAPPING FUNCTION    
10.0                                                        ELEVATION CUTOFF    
One-way carrier phase leveled to code                       OBSERVABLES USED    
  6371.0                                                    BASE RADIUS         
 2                                                          MAP DIMENSION       
   450.0 450.0   0.0                                        HGT1 / HGT2 / DHGT  
    87.5 -87.5  -2.5                                        LAT1 / LAT2 / DLAT  
  -180.0 180.0   5.0                                        LON1 / LON2 / DLON  
    -1                                                      EXPONENT            
                                                            END OF HEADER       
[from data line 4290]
    11                                                      START OF TEC MAP    
  2015     6    15    20     0     0                        EPOCH OF CURRENT MAP
    87.5-180.0 180.0   5.0 450.0                            LAT/LON1/LON2/DLON/H
  210  192  182  184  180  180  178  180  179  181  180  181  181  182  182  182
  182  181  181  180  179  179  177  176  175  175  173  173  171  172  170  170
  169  170  168  169  168  169  167  168  167  168  166  167  166  167  166  168
  168  170  170  172  172  175  174  176  176  178  177  179  178  180  178  181
  178  181  179  182  180  183  180  191  210                                   
    85.0-180.0 180.0   5.0 450.0                            LAT/LON1/LON2/DLON/H
  173  175  177  179  176  174  175  176  177  178  178  180  180  181  182  182
  183  182  182  181  181  179  179  176  177  173  174  170  172  168  169  166
  168  165  166  163  165  162  164  161  164  160  162  160  162  160  162  161
  164  164  167  167  170  171  172  173  175  175  175  176  176  177  176  177
  176  177  176  177  176  175  174  189  173                                   
    82.5-180.0 180.0   5.0 450.0                            LAT/LON1/LON2/DLON/H
  170  169  175  176  174  176  175  180  179  183  182  186  185  189  188  192
  190  193  190  191  188  189  186  186  183  183  179  179  175  176  171  172
  168  168  165  165  162  163  160  162  160  161  159  161  160  163  162  166
  166  170  170  174  174  178  177  181  179  182  180  183  181  183  180  182
  180  181  178  178  175  174  168  174  170                                   
    80.0-180.0 180.0   5.0 450.0                            LAT/LON1/LON2/DLON/H
  165  160  164  164  164  165  168  170  174  175  180  180  185  186  189  189
  192  192  193  191  192  189  189  186  185  181  179  175  174  170  169  165
  164  160  160  156  156  153  153  151  152  150  151  150  152  153  155  156
  160  161  165  167  170  171  174  174  177  176  177  177  178  176  176  174
  174  172  171  166  167  164  159  166  165                                   
    77.5-180.0 180.0   5.0 450.0                            LAT/LON1/LON2/DLON/H
  156  153  154  154  155  157  161  164  169  172  176  180  184  188  191  193
  195  195  196  195  194  192  191  188  185  181  179  175  173  169  167  163
  162  158  157  153  152  149  148  146  145  144  144  144  146  147  150  151
  155  156  160  163  166  167  169  170  171  172  172  173  172  172  170  170
  167  166  163  160  157  156  149  154  156                                   
    75.0-180.0 180.0   5.0 450.0                            LAT/LON1/LON2/DLON/H
  152  147  150  150  150  154  157  161  166  170  176  182  187  191  195  198
  201  202  203  202  201  199  197  193  191  186  183  178  176  171  170  166
  165  161  160  157  156  153  151  148  146  144  144  142  143  143  146  148
  151  153  157  159  161  162  164  165  166  166  167  167  167  167  166  165
  163  162  160  156  155  153  150  156  152                                   
    72.5-180.0 180.0   5.0 450.0                            LAT/LON1/LON2/DLON/H
  154  152  152  153  153  156  159  164  169  174  179  187  191  196  199  202
  204  204  205  204  203  201  199  195  192  187  183  179  175  172  170  167
  166  163  162  160  158  156  154  150  147  146  144  143  143  144  145  148
  150  153  155  157  158  159  159  160  160  161  161  163  163  164  164  164
  163  162  160  158  156  158  152  158  154                                   
    70.0-180.0 180.0   5.0 450.0                            LAT/LON1/LON2/DLON/H
  163  158  161  161  160  163  165  170  174  179  185  191  196  200  203  206
  207  207  207  206  206  204  202  198  195  189  186  180  177  173  172  170
  169  167  167  165  165  162  159  155  153  149  147  145  146  145  147  148
  152  153  155  155  157  156  156  155  156  156  158  160  161  163  164  165
  166  165  165  163  164  164  161  165  163                                   
    67.5-180.0 180.0   5.0 450.0                            LAT/LON1/LON2/DLON/H
  176  172  172  173  172  174  175  179  182  187  190  196  200  203  205  206
  207  205  205  204  204  202  201  198  195  189  186  179  177  172  173  170
  172  169  171  169  169  166  164  160  158  155  154  152  152  152  153  153
  155  155  156  155  155  153  153  151  151  153  155  158  160  164  167  170
  171  172  172  172  171  174  169  173  176                                   
    65.0-180.0 180.0   5.0 450.0                            LAT/LON1/LON2/DLON/H
  191  186  186  186  184  185  186  188  191  193  197  202  204  207  208  210
  209  208  207  206  206  204  204  201  198  192  188  183  180  177  177  177
  178  178  179  178  177  174  173  169  168  164  163  161  160  159  159  158
  158  157  157  155  155  151  151  148  148  149  152  156  161  166  170  174
  176  179  181  181  182  183  182  185  191                                   
    62.5-180.0 180.0   5.0 450.0                            LAT/LON1/LON2/DLON/H
  204  199  197  197  195  194  194  197  198  200  203  206  207  209  210  211
  210  208  207  206  206  204  204  201  199  193  191  185  185  180  184  182
  187  185  187  184  184  180  180  176  177  174  173  170  170  167  166  162
  161  158  157  153  152  148  148  145  146  148  151  156  162  167  173  177
  182  185  188  189  190  192  191  194  204                                   
    60.0-180.0 180.0   5.0 450.0                            LAT/LON1/LON2/DLON/H
  213  208  206  206  203  203  202  204  205  206  207  210  211  212  212  214
  213  211  210  209  209  207  208  205  204  198  196  192  192  191  194  196
  199  199  199  196  195  191  191  188  189  186  186  182  181  176  172  166
  164  158  156  151  151  146  145  143  145  146  150  156  162  169  175  180
  185  189  193  195  198  199  202  206  213                                   
    57.5-180.0 180.0   5.0 450.0                            LAT/LON1/LON2/DLON/H
  222  217  214  214  212  212  212  213  214  213  213  214  214  214  214  215
  214  211  211  208  209  207  208  205  205  199  200  197  200  200  206  208
  213  211  211  206  204  200  200  197  199  197  197  192  190  183  178  170
  167  159  156  150  148  144  143  141  143  145  150  154  162  167  175  178
  185  188  194  196  199  205  207  210  222                                   
    55.0-180.0 180.0   5.0 450.0                            LAT/LON1/LON2/DLON/H
  225  225  222  223  220  222  221  223  222  221  219  219  217  217  216  217
  214  213  211  210  209  208  210  208  209  206  208  206  211  214  220  224
  227  226  224  219  215  211  211  209  211  208  207  201  198  189  183  172
  167  157  153  147  145  141  141  139  141  143  148  153  160  167  174  178
  185  190  196  199  203  208  214  219  225                                   
    52.5-180.0 180.0   5.0 450.0                            LAT/LON1/LON2/DLON/H
  232  231  230  231  230  230  232  233  234  232  229  226  223  221  219  218
  215  212  210  207  207  206  209  209  211  209  213  213  221  224  233  235
  239  236  234  226  224  220  220  218  219  216  214  208  203  193  187  174
  167  156  152  145  143  139  140  138  140  141  147  150  158  162  171  174
  183  187  195  198  202  210  215  222  232                                   
    50.0-180.0 180.0   5.0 450.0                            LAT/LON1/LON2/DLON/H
  234  237  238  240  238  243  243  247  247  246  241  237  230  227  222  221
  216  214  210  209  208  209  211  214  216  217  221  224  232  236  245  248
  251  248  245  238  236  231  233  229  232  226  226  216  211  199  191  176
  168  156  151  145  143  140  141  139  141  143  145  150  154  162  170  176
  184  192  200  205  209  218  223  230  234                                   
    47.5-180.0 180.0   5.0 450.0                            LAT/LON1/LON2/DLON/H
  243  244  247  251  253  257  261  262  263  261  255  249  240  235  228  224
  220  215  211  208  209  210  214  216  219  220  226  229  239  242  251  253
  257  254  251  245  243  241  241  239  239  235  232  224  216  206  196  181
  172  160  155  150  148  145  145  143  145  144  148  149  156  161  172  177
  188  195  206  210  216  223  226  235  243                                   
    45.0-180.0 180.0   5.0 450.0                            LAT/LON1/LON2/DLON/H
  248  252  258  262  264  271  274  279  278  277  270  264  253  246  237  233
  226  221  216  215  215  219  221  225  227  231  235  239  247  252  258  262
  263  263  259  256  255  252  252  250  247  243  238  231  223  212  201  186
  177  166  160  155  153  150  152  148  151  150  153  154  160  165  176  183
  195  207  216  224  228  236  241  249  248                                   
    42.5-180.0 180.0   5.0 450.0                            LAT/LON1/LON2/DLON/H
  261  260  267  272  277  284  290  294  295  294  288  281  271  262  252  246
  238  232  226  224  226  229  232  234  236  238  243  246  254  257  265  267
  272  270  271  267  268  264  265  262  259  254  247  240  231  221  211  197
  187  176  170  164  162  160  161  158  159  158  161  161  167  173  183  192
  205  216  226  231  239  245  248  260  261                                   
    40.0-180.0 180.0   5.0 450.0                            LAT/LON1/LON2/DLON/H
  266  268  276  280  287  295  302  310  311  313  308  303  292  283  272  266
  257  251  244  245  245  251  251  254  252  256  259  265  270  274  280  284
  288  288  290  286  289  285  284  281  276  269  261  253  244  234  224  210
  200  188  181  175  172  169  171  168  169  167  169  169  175  180  192  201
  215  228  237  245  249  257  262  271  266                                   
    37.5-180.0 180.0   5.0 450.0                            LAT/LON1/LON2/DLON/H
  276  276  281  288  294  304  312  320  325  329  328  325  318  310  300  292
  283  276  269  270  270  276  276  278  276  279  281  288  293  298  304  309
  313  312  315  314  319  314  317  309  306  295  286  275  264  253  241  227
  216  204  196  189  184  180  179  177  177  176  178  178  181  187  198  209
  223  234  245  250  257  262  265  280  276                                   
    35.0-180.0 180.0   5.0 450.0                            LAT/LON1/LON2/DLON/H
  280  283  289  295  301  310  319  332  339  350  355  360  359  352  344  333
  323  313  306  306  307  313  313  315  312  315  315  321  328  330  337  338
  345  342  348  347  353  347  348  340  333  323  309  296  282  269  256  240
  228  215  207  198  192  187  185  182  181  180  182  182  187  192  204  215
  227  239  250  257  264  270  278  287  280                                   
    32.5-180.0 180.0   5.0 450.0                            LAT/LON1/LON2/DLON/H
  288  291  294  303  310  319  329  344  355  372  385  398  404  400  393  379
  367  353  344  340  341  344  344  346  343  347  347  354  359  364  367  367
  370  371  374  373  376  370  370  360  355  341  330  315  302  287  273  255
  242  230  219  210  203  198  193  187  184  180  181  180  186  192  203  214
  227  239  250  256  266  273  279  293  288                                   
    30.0-180.0 180.0   5.0 450.0                            LAT/LON1/LON2/DLON/H
  294  300  306  313  318  329  340  359  374  399  416  435  445  444  440  424
  412  394  384  377  377  376  375  374  373  375  380  385  394  395  398  394
  396  393  393  388  384  377  371  363  353  346  331  321  307  294  279  260
  247  231  221  211  205  197  195  188  184  178  177  175  183  188  201  211
  223  233  246  252  264  272  284  294  294                                   
    27.5-180.0 180.0   5.0 450.0                            LAT/LON1/LON2/DLON/H
  301  309  314  323  330  341  355  375  394  421  441  464  477  480  476  464
  451  432  422  412  410  406  401  400  397  402  405  414  419  421  419  416
  414  412  406  396  384  369  359  349  339  332  323  313  302  290  276  262
  246  233  220  211  201  195  192  185  179  171  167  166  173  181  193  204
  215  225  238  248  260  272  282  296  301                                   
    25.0-180.0 180.0   5.0 450.0                            LAT/LON1/LON2/DLON/H
  305  313  321  328  337  352  367  387  410  438  466  494  517  522  521  507
  492  472  458  448  444  437  432  426  425  426  434  439  448  444  444  436
  435  427  414  393  370  349  331  319  313  310  304  297  286  276  262  249
  235  222  211  200  192  185  184  175  170  162  159  153  162  169  185  197
  210  220  235  243  259  271  287  301  305                                   
    22.5-180.0 180.0   5.0 450.0                            LAT/LON1/LON2/DLON/H
  309  319  327  338  349  365  384  404  430  460  489  522  545  564  558  550
  530  510  491  482  474  466  455  449  444  448  452  461  463  461  456  449
  445  432  409  375  341  309  289  276  274  276  273  269  261  252  240  230
  217  207  195  187  180  174  172  168  162  156  150  148  152  160  172  185
  199  212  227  241  258  277  290  305  309                                   
    20.0-180.0 180.0   5.0 450.0                            LAT/LON1/LON2/DLON/H
  314  322  334  339  354  368  395  413  446  474  513  545  575  595  599  590
  575  553  535  520  511  501  489  476  470  466  473  475  478  471  468  455
  447  425  393  349  306  274  254  243  243  245  246  243  238  229  218  208
  197  185  175  168  165  161  161  155  153  144  142  135  141  141  155  167
  184  201  221  237  257  274  293  308  314                                   
    17.5-180.0 180.0   5.0 450.0                            LAT/LON1/LON2/DLON/H
  318  330  341  350  361  382  400  427  451  488  521  561  589  617  624  627
  609  592  569  555  540  531  513  500  487  483  481  484  480  472  465  449
  435  406  367  312  271  238  222  211  211  212  216  212  212  200  194  183
  174  161  153  147  143  143  141  140  139  137  133  129  130  132  141  154
  171  192  216  238  257  278  294  309  318                                   
    15.0-180.0 180.0   5.0 450.0                            LAT/LON1/LON2/DLON/H
  324  333  348  351  366  382  404  425  456  487  523  561  593  621  636  645
  636  623  604  582  571  557  540  521  508  496  492  487  486  471  462  442
  424  388  344  290  250  220  205  195  191  193  199  198  198  188  182  170
  163  147  141  132  130  128  129  130  131  133  131  126  123  118  123  136
  157  181  211  237  260  279  298  311  324                                   
    12.5-180.0 180.0   5.0 450.0                            LAT/LON1/LON2/DLON/H
  326  341  350  358  368  386  402  429  453  487  517  555  585  613  635  647
  648  641  621  603  584  574  556  539  519  505  496  489  483  468  456  435
  414  374  330  278  243  215  203  192  190  192  197  197  195  185  176  164
  154  138  132  123  121  119  119  121  122  125  123  119  115  108  113  124
  147  174  206  237  262  281  295  309  326                                   
    10.0-180.0 180.0   5.0 450.0                            LAT/LON1/LON2/DLON/H
  328  336  352  359  370  385  401  422  445  471  501  533  563  590  615  632
  640  640  625  606  591  574  566  545  528  511  501  491  487  467  458  433
  414  372  333  287  256  234  222  211  209  209  210  208  202  189  178  163
  153  133  128  117  116  111  113  113  117  119  118  115  110  101  100  110
  129  157  190  224  252  271  291  307  328                                   
     7.5-180.0 180.0   5.0 450.0                            LAT/LON1/LON2/DLON/H
  326  340  355  365  378  391  405  421  441  462  486  512  534  562  588  611
  625  629  621  607  590  573  559  548  528  515  501  494  484  469  455  435
