data/unet/pred1550.15i
     1.0            IONOSPHERE MAPS     GNSS                IONEX VERSION / TYPE
pyspatialgeodesy        IME             05-JAN-18 20:20     PGM / RUN BY / DATE 
Map Name                                                    COMMENT             
Predicted global ionosphere maps (GIM).                     DESCRIPTION         
  2015     6     4     0     0     0                        EPOCH OF FIRST MAP  
  2015     6     5     0     0     0                        EPOCH OF LAST MAP   
  7200                                                      INTERVAL            
    13                                                      # OF MAPS IN FILE   
  NONE                                                      MAPPING FUNCTION    
10.0                                                        ELEVATION CUTOFF    
One-way carrier phase leveled to code                       OBSERVABLES USED    
  6371.0                                                    BASE RADIUS         
 2                                                          MAP DIMENSION       
   450.0 450.0   0.0                                        HGT1 / HGT2 / DHGT  
    87.5 -87.5  -2.5                                        LAT1 / LAT2 / DLAT  
  -180.0 180.0   5.0                                        LON1 / LON2 / DLON  
    -1                                                      EXPONENT            
                                                            END OF HEADER       
[from data line 429]
     2                                                      START OF TEC MAP    
  2015     6     4     2     0     0                        EPOCH OF CURRENT MAP
    87.5-180.0 180.0   5.0 450.0                            LAT/LON1/LON2/DLON/H
  200  204  205  208  207  207  207  208  208  209  209  210  209  209  208  208
  207  206  205  205  203  202  201  200  199  198  197  196  196  194  195  194
  194  194  195  194  194  194  195  195  195  195  196  196  196  197  197  197
  197  197  198  198  198  198  199  199  200  199  200  199  201  200  200  200
  201  201  200  200  199  198  192  199  200                                   
    85.0-180.0 180.0   5.0 450.0                            LAT/LON1/LON2/DLON/H
  202  208  205  210  210  209  210  211  211  213  213  214  213  214  212  212
  210  210  208  207  205  203  202  200  198  196  196  194  193  192  192  192
  191  192  192  192  192  193  193  193  193  194  195  196  195  197  197  199
  197  199  199  200  199  200  200  201  200  201  200  201  201  201  200  200
  202  201  201  200  201  194  198  192  202                                   
    82.5-180.0 180.0   5.0 450.0                            LAT/LON1/LON2/DLON/H
  203  202  207  210  212  209  213  212  216  215  219  217  220  217  219  216
  216  213  213  209  209  205  204  201  200  196  196  192  192  189  190  187
  189  187  189  187  189  187  190  188  190  189  192  191  194  193  196  195
  198  197  200  198  201  199  202  200  202  200  202  200  202  200  201  199
  201  199  201  199  202  194  196  186  203                                   
    80.0-180.0 180.0   5.0 450.0                            LAT/LON1/LON2/DLON/H
  201  198  203  207  210  210  213  216  217  219  221  222  222  221  221  218
  217  214  212  208  206  201  200  195  193  189  188  184  184  181  183  181
  182  181  184  182  185  183  186  185  187  187  190  191  194  194  197  198
  200  200  202  201  203  201  202  200  201  199  200  197  199  196  198  195
  198  195  198  195  197  191  193  188  201                                   
    77.5-180.0 180.0   5.0 450.0                            LAT/LON1/LON2/DLON/H
  190  192  194  203  204  208  209  214  214  217  218  220  219  220  218  217
  214  212  209  206  202  199  195  191  187  183  181  178  176  175  176  176
  177  178  180  181  182  183  185  185  186  187  190  191  194  196  199  201
  203  204  205  205  205  205  205  203  202  201  200  198  198  196  196  194
  195  193  194  193  192  191  191  184  190                                   
    75.0-180.0 180.0   5.0 450.0                            LAT/LON1/LON2/DLON/H
  187  187  192  197  202  205  210  212  215  218  220  220  220  219  218  215
  213  208  207  201  199  193  191  184  182  175  175  169  169  167  170  170
  174  174  179  179  182  182  185  184  187  187  192  193  198  199  205  205
  210  210  213  211  212  209  209  205  205  201  200  197  197  193  194  190
  193  189  192  189  190  185  191  184  187                                   
    72.5-180.0 180.0   5.0 450.0                            LAT/LON1/LON2/DLON/H
  182  184  186  193  195  198  202  205  209  211  215  215  215  216  213  212
  208  205  200  197  192  189  183  179  173  169  164  162  160  161  162  165
  168  172  175  178  180  182  183  184  185  187  190  193  197  201  205  209
  212  213  214  214  213  211  210  206  205  201  200  197  196  194  193  191
  191  189  190  188  188  189  190  182  182                                   
    70.0-180.0 180.0   5.0 450.0                            LAT/LON1/LON2/DLON/H
  182  182  185  189  192  194  200  202  207  210  215  215  217  215  215  210
  208  202  201  195  194  188  186  178  174  166  164  158  158  157  161  163
  169  172  177  179  181  182  184  183  186  187  192  195  201  206  213  215
  220  221  224  222  222  218  217  212  210  205  204  200  200  197  197  193
  195  192  194  191  192  188  192  184  182                                   
    67.5-180.0 180.0   5.0 450.0                            LAT/LON1/LON2/DLON/H
  183  183  184  186  187  187  193  195  201  204  210  212  213  213  211  208
  203  201  196  194  190  188  182  178  170  165  158  155  151  153  155  159
  163  169  173  175  176  177  177  177  178  181  186  191  198  205  212  217
  222  224  225  224  222  219  217  213  210  207  205  203  202  201  199  198
  197  196  196  195  195  194  193  183  183                                   
    65.0-180.0 180.0   5.0 450.0                            LAT/LON1/LON2/DLON/H
  187  186  186  186  187  186  190  191  198  202  209  211  213  212  212  207
  206  200  200  195  195  190  188  180  175  166  161  154  153  150  154  156
  161  163  168  169  170  169  169  168  170  174  181  187  197  205  215  220
  227  228  232  230  231  227  225  221  219  215  213  210  209  206  205  203
  202  201  201  199  201  196  198  187  187                                   
    62.5-180.0 180.0   5.0 450.0                            LAT/LON1/LON2/DLON/H
  194  191  190  189  189  186  189  188  194  198  204  208  210  212  210  209
  204  202  198  197  195  194  188  184  175  169  159  156  150  149  149  151
  153  155  156  157  157  156  156  157  160  165  172  183  193  204  214  222
  228  231  233  233  231  229  227  224  222  219  217  214  213  210  207  204
  203  202  201  202  203  203  200  189  194                                   
    60.0-180.0 180.0   5.0 450.0                            LAT/LON1/LON2/DLON/H
  200  196  195  194  193  189  189  189  192  195  201  205  210  211  212  209
  208  203  203  199  201  196  194  186  180  170  165  157  155  149  150  147
  149  146  147  144  145  142  143  144  148  155  166  178  192  204  216  224
  233  235  241  240  241  239  238  236  233  231  227  224  221  216  212  207
  206  204  204  204  208  203  205  193  200                                   
    57.5-180.0 180.0   5.0 450.0                            LAT/LON1/LON2/DLON/H
  207  204  202  202  200  196  195  192  193  194  198  203  207  211  212  212
  209  206  204  203  202  200  195  191  181  176  166  163  157  154  149  145
  141  137  134  132  131  130  132  135  140  149  160  176  189  204  215  226
  234  239  244  245  247  247  246  244  241  237  233  228  224  217  212  205
  204  201  202  204  207  209  205  196  207                                   
    55.0-180.0 180.0   5.0 450.0                            LAT/LON1/LON2/DLON/H
  215  212  213  214  212  208  204  199  196  196  197  201  204  208  211  211
  210  206  206  203  204  199  197  189  184  177  173  167  165  157  154  144
  139  130  126  120  120  119  122  127  133  143  157  173  189  203  217  227
  238  243  251  254  259  260  261  259  256  250  244  237  230  221  213  207
  204  202  202  205  210  209  211  201  215                                   
    52.5-180.0 180.0   5.0 450.0                            LAT/LON1/LON2/DLON/H
  225  223  223  226  226  221  218  210  206  201  201  201  204  208  210  212
  211  210  207  207  205  202  196  192  185  183  177  176  170  165  156  147
  137  127  121  115  115  114  119  124  131  142  155  172  188  204  216  228
  239  247  256  261  268  270  272  270  265  258  250  239  233  220  214  204
  204  199  202  203  210  214  214  206  225                                   
    50.0-180.0 180.0   5.0 450.0                            LAT/LON1/LON2/DLON/H
  233  231  236  241  241  239  232  225  215  210  204  204  203  207  208  210
  211  209  207  206  205  199  196  191  189  185  184  181  179  170  164  150
  140  127  122  114  114  113  117  122  130  139  154  169  186  201  216  227
  241  250  263  270  280  280  284  281  276  267  258  245  236  223  214  207
  204  203  203  207  212  214  219  212  233                                   
    47.5-180.0 180.0   5.0 450.0                            LAT/LON1/LON2/DLON/H
  243  241  246  252  255  252  247  237  230  219  215  209  209  209  211  213
  214  213  211  210  207  202  197  194  191  191  189  190  185  178  168  157
  144  133  126  120  119  118  125  128  133  141  152  167  183  199  212  227
  241  254  267  276  286  288  290  285  280  269  261  246  238  223  217  208
  209  204  209  209  216  220  223  219  243                                   
    45.0-180.0 180.0   5.0 450.0                            LAT/LON1/LON2/DLON/H
  254  253  258  264  266  267  262  256  243  235  224  219  214  214  214  216
  216  215  214  212  209  203  200  195  195  194  196  194  192  183  175  162
  153  140  135  128  128  125  129  131  134  139  151  163  180  194  211  224
  241  255  270  281  292  294  297  289  284  273  264  251  242  230  225  219
  220  218  220  222  227  227  234  229  254                                   
    42.5-180.0 180.0   5.0 450.0                            LAT/LON1/LON2/DLON/H
  268  265  269  272  275  273  272  264  258  245  238  228  226  223  223  224
  224  223  221  219  214  207  202  199  198  199  200  199  196  188  179  170
  160  151  146  139  139  136  139  138  141  143  151  161  176  192  207  224
  240  257  272  284  295  296  298  289  286  273  267  253  249  237  237  234
  238  237  240  241  243  244  248  245  268                                   
    40.0-180.0 180.0   5.0 450.0                            LAT/LON1/LON2/DLON/H
  287  284  284  282  280  280  278  275  269  261  251  244  237  235  232  231
  231  229  227  222  218  210  206  202  203  203  205  202  201  192  185  175
  170  162  158  152  150  144  144  144  144  145  151  159  173  187  204  220
  239  256  274  285  295  296  297  291  286  277  271  263  260  254  254  254
  258  259  261  262  265  262  268  267  287                                   
    37.5-180.0 180.0   5.0 450.0                            LAT/LON1/LON2/DLON/H
  311  307  301  294  290  286  286  282  281  274  269  260  256  251  248  246
  243  240  234  230  222  215  209  206  208  209  211  207  204  197  191  186
  181  176  171  164  159  153  152  150  152  152  156  162  173  185  200  218
  235  255  272  284  293  294  296  289  290  282  282  274  275  270  274  275
  282  283  286  287  291  288  293  292  311                                   
    35.0-180.0 180.0   5.0 450.0                            LAT/LON1/LON2/DLON/H
  340  339  334  318  307  299  295  294  294  292  288  282  275  269  264  257
  253  246  241  233  226  217  214  211  214  215  217  212  209  201  197  193
  190  186  180  172  165  158  154  154  156  157  160  164  174  181  195  212
  232  250  270  282  292  291  293  289  291  288  292  289  291  291  295  300
  304  308  310  314  318  321  324  322  340                                   
    32.5-180.0 180.0   5.0 450.0                            LAT/LON1/LON2/DLON/H
  373  378  369  353  336  323  316  313  312  311  309  304  299  292  283  274
  264  256  246  236  226  219  217  218  223  225  226  223  217  212  206  206
  202  198  188  178  168  161  158  159  163  165  167  170  175  180  191  207
  225  245  261  275  285  288  289  289  293  295  303  305  311  312  318  322
  329  331  335  340  348  349  355  356  373                                   
    30.0-180.0 180.0   5.0 450.0                            LAT/LON1/LON2/DLON/H
  405  419  413  396  377  362  350  344  341  340  338  335  327  317  304  288
  275  261  249  237  228  222  224  227  234  238  237  232  225  217  212  210
  207  201  190  178  168  159  156  158  164  167  171  170  174  176  186  198
  215  234  254  267  283  286  292  292  299  303  314  319  325  330  338  343
  350  354  356  364  374  382  391  391  405                                   
    27.5-180.0 180.0   5.0 450.0                            LAT/LON1/LON2/DLON/H
  431  451  451  442  422  407  391  385  377  374  370  363  355  344  326  308
  286  269  253  239  230  227  231  238  245  249  248  244  234  227  218  215
  207  200  185  173  161  157  155  159  165  171  172  171  172  171  178  187
  203  218  236  253  271  281  290  295  304  312  324  333  342  346  354  357
  365  366  371  381  396  406  420  424  431                                   
    25.0-180.0 180.0   5.0 450.0                            LAT/LON1/LON2/DLON/H
  459  478  487  482  472  456  442  432  423  416  407  399  387  375  353  328
  299  276  256  243  233  232  239  248  255  258  256  250  239  228  219  210
  200  188  174  161  152  150  150  155  159  162  164  163  162  161  165  176
  189  208  228  245  267  279  294  302  313  321  336  344  354  360  366  370
  377  378  384  394  413  426  447  451  459                                   
    22.5-180.0 180.0   5.0 450.0                            LAT/LON1/LON2/DLON/H
  479  500  515  518  512  502  489  479  468  455  442  429  416  402  378  350
  317  289  264  248  240  240  246  255  261  263  258  252  240  228  213  203
  187  175  159  151  142  144  146  152  153  155  155  154  153  151  157  165
  180  196  220  240  265  281  299  309  320  329  341  351  362  367  376  378
  387  385  393  403  422  435  459  470  479                                   
    20.0-180.0 180.0   5.0 450.0                            LAT/LON1/LON2/DLON/H
  492  510  531  539  541  536  529  521  511  498  481  463  445  429  404  372
  333  302  272  254  244  245  250  258  261  260  254  243  234  219  204  188
  175  158  146  137  135  136  141  144  144  143  140  138  138  138  142  153
  169  190  217  241  269  288  308  318  329  335  345  353  362  370  378  384
  390  392  400  408  426  440  466  476  492                                   
    17.5-180.0 180.0   5.0 450.0                            LAT/LON1/LON2/DLON/H
  491  507  532  544  553  552  551  548  542  530  513  494  474  453  425  391
  351  318  287  265  251  250  254  257  257  251  240  229  217  203  185  171
  154  142  129  125  124  129  132  136  133  131  125  125  124  125  131  141
  160  183  214  244  273  295  314  328  337  342  349  357  366  372  382  386
  397  397  407  413  429  439  462  474  491                                   
    15.0-180.0 180.0   5.0 450.0                            LAT/LON1/LON2/DLON/H
  484  496  516  532  543  549  553  556  555  549  535  516  497  472  445  408
  367  331  296  273  257  252  252  253  247  236  224  208  200  182  172  153
  142  126  120  115  120  124  129  127  124  117  114  112  112  113  119  131
  154  181  216  248  276  299  321  334  344  348  355  361  369  375  382  390
  399  405  413  419  431  442  463  471  484                                   
    12.5-180.0 180.0   5.0 450.0                            LAT/LON1/LON2/DLON/H
  469  479  497  509  523  529  541  547  554  549  539  525  505  484  454  418
  376  341  307  282  262  254  249  244  232  218  201  188  175  163  149  139
  125  115  109  110  115  122  123  124  114  110  103  103  101  103  109  123
  147  178  214  248  277  301  323  342  353  360  367  372  378  381  388  394
  408  412  424  425  437  443  459  467  469                                   
    10.0-180.0 180.0   5.0 450.0                            LAT/LON1/LON2/DLON/H
  458  464  477  486  494  504  513  527  535  539  531  521  504  481  455  418
  380  343  311  286  264  251  242  232  217  198  185  167  161  147  140  128
  120  112  109  111  117  121  123  119  112  103   99   95   96   93  102  112
  139  170  207  239  269  293  319  342  360  370  378  383  387  389  395  403
  415  423  431  435  441  449  462  466  458                                   
     7.5-180.0 180.0   5.0 450.0                            LAT/LON1/LON2/DLON/H
  450  456  466  469  472  478  488  498  510  513  510  503  488  469  440  407
  370  339  309  285  261  246  232  219  200  184  166  155  145  139  132  124
