data/unet/pred0650.15i
     1.0            IONOSPHERE MAPS     GNSS                IONEX VERSION / TYPE
pyspatialgeodesy        IME             05-JAN-18 20:20     PGM / RUN BY / DATE 
Map Name                                                    COMMENT             
Predicted global ionosphere maps (GIM).                     DESCRIPTION         
  2015     3     6     0     0     0                        EPOCH OF FIRST MAP  
  2015     3     7     0     0     0                        EPOCH OF LAST MAP   
  7200                                                      INTERVAL            
    13                                                      # OF MAPS IN FILE   
  NONE                                                      MAPPING FUNCTION    
10.0                                                        ELEVATION CUTOFF    
One-way carrier phase leveled to code                       OBSERVABLES USED    
  6371.0                                                    BASE RADIUS         
 2                                                          MAP DIMENSION       
   450.0 450.0   0.0                                        HGT1 / HGT2 / DHGT  
    87.5 -87.5  -2.5                                        LAT1 / LAT2 / DLAT  
  -180.0 180.0   5.0                                        LON1 / LON2 / DLON  
    -1                                                      EXPONENT            
                                                            END OF HEADER       
[from data line 2574]
     7                                                      START OF TEC MAP    
  2015     3     6    12     0     0                        EPOCH OF CURRENT MAP
    87.5-180.0 180.0   5.0 450.0                            LAT/LON1/LON2/DLON/H
  142  163  168  169  171  172  174  177  179  182  183  186  187  189  191  192
  193  194  195  196  197  198  199  198  198  197  197  195  195  192  192  187
  186  181  180  174  173  168  166  162  160  156  154  150  149  145  144  141
  140  137  137  135  136  136  137  138  139  140  142  144  146  148  150  152
  154  157  158  159  159  162  171  142  142                                   
    85.0-180.0 180.0   5.0 450.0                            LAT/LON1/LON2/DLON/H
  141  149  152  155  157  159  162  166  169  173  176  179  182  184  187  188
  190  192  194  196  197  199  200  201  203  204  205  205  204  204  202  200
  196  194  189  185  179  174  168  163  158  152  149  143  140  135  132  128
  125  121  119  117  116  114  116  114  117  116  119  118  121  122  125  126
  130  131  135  136  140  142  151  145  141                                   
    82.5-180.0 180.0   5.0 450.0                            LAT/LON1/LON2/DLON/H
  127  135  134  138  144  144  152  153  160  160  167  167  173  172  179  178
  184  183  188  188  193  194  198  200  204  206  211  211  214  212  214  209
  208  200  200  189  187  175  172  161  157  146  141  132  128  121  117  111
  107  102   99   96   95   93   95   93   98   97  102  102  106  107  111  112
  117  118  122  122  127  125  134  130  127                                   
    80.0-180.0 180.0   5.0 450.0                            LAT/LON1/LON2/DLON/H
  109  119  113  120  121  125  128  132  134  138  141  144  146  150  151  155
  156  161  162  167  169  174  177  182  186  191  197  201  206  209  212  211
  211  207  206  197  194  184  177  167  159  150  143  135  130  122  118  112
  108  103  100   98   95   96   95   98   97  101  102  107  107  111  110  114
  112  114  112  113  112  111  116  115  109                                   
    77.5-180.0 180.0   5.0 450.0                            LAT/LON1/LON2/DLON/H
  100  102   94  101   98  104  102  106  105  109  109  112  112  116  117  122
  123  129  130  138  139  148  150  159  161  170  175  183  191  198  204  207
  210  208  210  204  202  193  186  177  169  160  153  145  137  131  126  121
  116  114  111  110  107  109  107  111  111  115  114  120  118  123  119  123
  117  118  111  110  105  103  103  109  100                                   
    75.0-180.0 180.0   5.0 450.0                            LAT/LON1/LON2/DLON/H
   94   93   86   91   88   91   88   92   87   91   87   90   87   90   89   94
   94  102  102  113  114  126  128  141  144  156  161  173  181  193  201  209
  214  218  219  218  215  210  202  196  187  181  174  168  160  156  150  145
  139  137  132  132  127  130  127  130  129  132  131  133  130  132  129  130
  124  123  115  112  105  101  100  101   94                                   
    72.5-180.0 180.0   5.0 450.0                            LAT/LON1/LON2/DLON/H
   95   91   83   87   83   85   84   83   82   81   79   77   77   76   77   79
   82   86   89   97  101  113  118  130  136  148  155  167  177  189  201  211
  222  226  231  230  231  225  223  216  212  205  203  196  194  187  187  178
  177  169  169  162  161  156  155  153  151  149  145  144  141  141  137  137
  131  129  121  117  109  101  100  101   95                                   
    70.0-180.0 180.0   5.0 450.0                            LAT/LON1/LON2/DLON/H
   96   92   85   88   87   87   86   84   82   78   75   73   70   69   68   69
   72   77   81   91   96  109  114  130  133  147  152  166  174  190  203  217
  230  237  245  245  247  244  243  239  237  234  233  231  229  226  222  218
  212  208  202  196  189  183  176  171  164  157  151  146  141  138  134  132
  129  126  122  118  113  105  104  100   96                                   
    67.5-180.0 180.0   5.0 450.0                            LAT/LON1/LON2/DLON/H
   99   95   88   91   91   89   90   87   86   80   78   72   71   67   70   69
   76   79   86   93  101  113  119  131  137  149  155  168  176  190  204  219
  236  245  255  256  261  256  259  254  257  254  258  256  259  254  254  247
  244  235  231  217  212  196  191  177  171  158  150  140  133  127  122  121
  117  118  114  113  108  103  103  100   99                                   
    65.0-180.0 180.0   5.0 450.0                            LAT/LON1/LON2/DLON/H
   97   93   88   91   93   92   94   90   90   84   81   75   71   70   70   72
   75   82   86  101  107  122  128  139  143  153  158  169  176  192  206  224
  241  253  264  269  272  271  272  271  272  274  278  281  281  278  274  267
  262  254  248  234  224  206  193  178  166  151  140  127  119  111  107  102
  101  102  103  104  102  100  100  100   97                                   
    62.5-180.0 180.0   5.0 450.0                            LAT/LON1/LON2/DLON/H
   93   89   83   87   90   90   93   91   89   85   81   76   73   71   73   74
   83   87   96  104  114  125  133  141  147  154  161  171  180  193  209  226
  245  259  270  276  282  281  284  281  287  286  294  295  295  291  286  276
  270  258  253  238  228  206  195  174  162  142  130  114  105   94   88   83
   81   84   87   90   90   90   92   95   93                                   
    60.0-180.0 180.0   5.0 450.0                            LAT/LON1/LON2/DLON/H
   84   77   74   77   81   83   88   86   86   82   79   73   69   70   70   76
   79   88   92  107  111  129  133  145  148  155  159  170  178  195  209  230
  248  262  273  282  287  290  292  294  297  301  304  307  303  300  291  283
  274  265  257  244  232  212  195  176  160  141  126  111  100   89   80   73
   71   73   76   79   81   84   84   88   84                                   
    57.5-180.0 180.0   5.0 450.0                            LAT/LON1/LON2/DLON/H
   78   69   63   67   68   73   76   77   76   76   71   69   64   65   66   71
   77   84   92   98  108  119  128  137  144  150  156  166  179  195  215  233
  252  267  281  289  297  298  304  303  310  310  313  313  312  308  299  290
  279  268  260  246  235  218  204  184  169  150  134  119  107   95   83   74
   69   68   71   73   75   77   77   79   78                                   
    55.0-180.0 180.0   5.0 450.0                            LAT/LON1/LON2/DLON/H
   74   60   56   55   57   60   64   66   67   68   64   62   57   59   59   68
   69   78   80   93   97  115  118  135  137  149  152  167  178  202  219  243
  262  279  290  302  307  311  314  316  320  323  322  325  321  318  307  300
  289  281  272  260  249  236  223  205  189  174  157  144  131  121  108   97
   86   80   78   77   77   81   79   76   74                                   
    52.5-180.0 180.0   5.0 450.0                            LAT/LON1/LON2/DLON/H
   81   66   55   53   51   53   56   60   60   62   59   59   53   55   54   61
   65   72   79   86   96  107  117  130  139  149  157  171  187  209  232  255
  278  292  306  315  322  326  330  331  333  334  335  337  336  332  324  316
  307  298  290  278  269  255  246  231  218  200  186  172  162  151  138  126
  113  103   97   93   91   87   87   83   81                                   
    50.0-180.0 180.0   5.0 450.0                            LAT/LON1/LON2/DLON/H
   95   75   64   56   54   55   55   58   58   60   56   58   51   53   50   59
   59   69   71   85   91  109  116  136  140  156  162  183  196  224  248  276
  296  314  325  340  343  349  348  353  351  356  352  359  352  352  341  337
  327  321  313  303  292  278  266  253  241  227  210  201  191  185  174  163
  147  136  125  118  111  109  103   92   95                                   
    47.5-180.0 180.0   5.0 450.0                            LAT/LON1/LON2/DLON/H
  112   89   78   70   66   63   63   63   62   62   59   58   53   53   51   57
   60   69   77   88   98  112  126  141  153  167  177  195  211  241  266  293
  314  331  345  355  361  363  367  367  370  371  371  375  371  367  359  353
  345  337  331  320  309  293  279  262  250  236  223  214  210  205  198  189
  173  159  144  137  130  126  121  114  112                                   
    45.0-180.0 180.0   5.0 450.0                            LAT/LON1/LON2/DLON/H
  128  110   96   86   83   81   78   76   76   73   68   68   59   59   55   61
   62   73   79   95  103  121  132  151  162  178  190  208  226  257  279  305
  321  342  354  369  371  381  381  388  386  393  387  394  387  384  373  368
  359  352  344  331  316  299  279  263  246  233  221  216  213  214  210  204
  190  177  160  151  140  142  135  130  128                                   
    42.5-180.0 180.0   5.0 450.0                            LAT/LON1/LON2/DLON/H
  139  123  115  105  102   98   95   92   88   85   79   78   70   69   65   71
   74   84   91  104  112  129  141  159  172  190  203  222  244  272  291  315
  327  348  360  374  384  394  401  402  406  408  409  408  402  394  386  375
  367  357  347  330  314  290  268  243  224  208  200  197  200  202  200  195
  184  171  155  146  139  137  140  146  139                                   
    40.0-180.0 180.0   5.0 450.0                            LAT/LON1/LON2/DLON/H
  141  134  123  121  119  116  113  107  104   98   93   92   83   81   76   82
   84   95   99  115  120  136  147  164  180  198  213  232  256  277  295  312
  325  344  357  378  393  411  419  428  427  432  429  429  418  409  397  386
  376  364  350  332  312  288  259  228  205  191  184  181  184  185  183  178
  168  158  142  134  125  129  131  143  141                                   
    37.5-180.0 180.0   5.0 450.0                            LAT/LON1/LON2/DLON/H
  133  128  124  126  125  123  120  114  111  107  102  101   96   94   91   95
   97  105  108  121  126  140  151  169  185  204  221  241  264  283  300  312
  330  345  369  394  421  437  454  460  465  462  460  450  440  428  415  405
  393  379  362  343  319  293  260  226  201  184  178  173  173  169  165  158
  151  138  124  116  109  109  115  131  133                                   
    35.0-180.0 180.0   5.0 450.0                            LAT/LON1/LON2/DLON/H
  124  116  114  115  124  122  124  116  117  110  112  110  107  106  104  106
  107  115  117  128  131  145  154  175  192  211  227  248  266  284  298  312
  331  353  384  417  446  475  495  508  513  508  501  487  478  462  449  435
  421  405  388  368  346  323  290  261  230  214  201  193  186  176  168  157
  147  137  122  113   98  103  103  119  124                                   
    32.5-180.0 180.0   5.0 450.0                            LAT/LON1/LON2/DLON/H
  111  101  101  110  114  117  118  112  113  109  111  113  113  115  113  116
  115  119  118  128  132  147  160  181  198  218  237  255  270  282  297  311
  342  373  413  452  489  523  550  567  571  567  556  542  530  519  503  492
  476  461  443  427  407  389  362  339  310  290  267  251  234  217  203  189
  178  161  142  124  110   99  100  100  111                                   
    30.0-180.0 180.0   5.0 450.0                            LAT/LON1/LON2/DLON/H
   88   80   82   88   94   98  107  103  108  105  112  113  117  117  119  120
  120  121  121  130  135  153  166  191  206  227  242  264  274  290  307  332
  363  398  440  485  531  571  605  630  638  637  623  606  590  579  563  551
  538  526  511  497  483  471  453  436  411  391  368  351  332  312  284  265
  235  217  186  168  132  116  106   94   88                                   
    27.5-180.0 180.0   5.0 450.0                            LAT/LON1/LON2/DLON/H
   77   90   76   83   82   90   92   94   96   96  104  107  113  117  120  121
  120  117  117  128  137  159  176  200  217  237  255  273  288  304  331  361
  395  432  480  529  575  621  658  689  706  712  696  682  661  653  633  631
  618  612  597  589  578  576  568  563  546  533  508  487  452  423  377  348
  302  277  237  213  184  161  133   91   77                                   
    25.0-180.0 180.0   5.0 450.0                            LAT/LON1/LON2/DLON/H
   99  107   99   91   84   82   85   82   86   84   90   95  107  112  118  116
  118  115  122  133  149  171  191  215  230  250  267  288  307  336  369  403
  440  485  534  576  620  663  710  745  769  780  765  752  734  721  712  705
  700  689  685  677  682  683  680  672  663  649  631  609  582  543  492  450
  401  367  321  285  233  201  175  126   99                                   
    22.5-180.0 180.0   5.0 450.0                            LAT/LON1/LON2/DLON/H
  144  135  118  108   99  105   93   93   92   90   91   91  101  108  114  114
  114  114  122  140  161  189  207  228  245  265  287  310  335  364  402  450
  494  548  586  625  664  702  748  786  806  816  804  797  779  774  766  767
  762  761  756  757  760  764  765  754  742  725  707  685  652  607  555  517
  470  444  416  375  323  284  241  185  144                                   
    20.0-180.0 180.0   5.0 450.0                            LAT/LON1/LON2/DLON/H
  203  185  163  136  121  112  117  113  106   94   89   92   96   99  113  107
  111  110  126  145  173  199  217  236  257  279  303  330  350  396  445  500
  553  595  631  660  698  728  772  805  820  828  825  820  810  804  802  802
  805  800  801  799  812  813  812  797  769  749  723  712  689  649  600  566
  519  495  460  434  402  358  319  271  203                                   
    17.5-180.0 180.0   5.0 450.0                            LAT/LON1/LON2/DLON/H
  264  242  202  170  148  130  121  126  128  110   95   89   94   99  108  109
  114  115  132  155  182  209  226  249  274  295  315  339  373  429  487  543
  595  636  665  692  718  743  776  803  815  826  824  825  813  815  815  822
  823  820  816  816  823  824  818  792  759  718  689  670  661  632  602  573
  541  517  489  463  443  415  385  345  264                                   
    15.0-180.0 180.0   5.0 450.0                            LAT/LON1/LON2/DLON/H
  313  288  250  209  179  150  137  128  125  126  107   96   88   93   94  103
  109  118  136  157  188  212  234  260  281  305  330  366  405  468  522  573
  617  647  673  690  710  726  754  771  788  805  811  816  810  813  817  823
  824  816  811  805  806  799  786  756  718  661  625  611  595  583  566  550
  527  513  491  472  458  436  412  393  313                                   
    12.5-180.0 180.0   5.0 450.0                            LAT/LON1/LON2/DLON/H
  352  328  282  244  210  170  155  140  127  117  114  102   93   95   97  101
  115  129  150  176  202  232  246  267  284  316  348  388  443  494  542  585
  624  648  670  683  697  707  730  742  760  777  786  797  793  801  803  810
  806  797  782  773  760  746  723  689  633  569  528  514  500  507  511  510
  499  492  477  467  456  440  416  414  352                                   
    10.0-180.0 180.0   5.0 450.0                            LAT/LON1/LON2/DLON/H
  370  353  306  267  226  184  153  148  136  124  109  110   97   94   92  100
  108  132  158  185  213  233  242  266  297  335  367  422  469  517  550  586
  617  637  654  659  676  686  708  724  745  758  772  784  790  802  804  811
  801  787  769  748  731  709  682  646  578  509  473  450  441  461  467  482
  471  469  449  442  434  427  412  416  370                                   
     7.5-180.0 180.0   5.0 450.0                            LAT/LON1/LON2/DLON/H
  374  354  323  279  250  201  172  149  149  138  122  112  108  105   96  105
  108  133  152  189  204  234  242  279  313  353  396  451  494  530  560  591
