data/unet/pred0830.15i
     1.0            IONOSPHERE MAPS     GNSS                IONEX VERSION / TYPE
pyspatialgeodesy        IME             05-JAN-18 20:20     PGM / RUN BY / DATE 
Map Name                                                    COMMENT             
Predicted global ionosphere maps (GIM).                     DESCRIPTION         
  2015     3    24     0     0     0                        EPOCH OF FIRST MAP  
  2015     3    25     0     0     0                        EPOCH OF LAST MAP   
  7200                                                      INTERVAL            
    13                                                      # OF MAPS IN FILE   
  NONE                                                      MAPPING FUNCTION    
10.0                                                        ELEVATION CUTOFF    
One-way carrier phase leveled to code                       OBSERVABLES USED    
  6371.0                                                    BASE RADIUS         
 2                                                          MAP DIMENSION       
   450.0 450.0   0.0                                        HGT1 / HGT2 / DHGT  
    87.5 -87.5  -2.5                                        LAT1 / LAT2 / DLAT  
  -180.0 180.0   5.0                                        LON1 / LON2 / DLON  
    -1                                                      EXPONENT            
                                                            END OF HEADER       
[from data line 3432]
     9                                                      START OF TEC MAP    
  2015     3    24    16     0     0                        EPOCH OF CURRENT MAP
    87.5-180.0 180.0   5.0 450.0                            LAT/LON1/LON2/DLON/H
  185  187  188  190  191  191  194  196  199  201  204  205  207  207  208  208
  209  208  209  207  208  206  207  205  205  203  204  201  202  199  200  197
  198  196  196  194  194  192  193  190  190  188  188  186  186  184  184  183
  184  183  184  183  184  183  184  183  184  182  183  181  183  181  182  180
  182  180  183  181  184  183  188  199  185                                   
    85.0-180.0 180.0   5.0 450.0                            LAT/LON1/LON2/DLON/H
  165  185  182  186  189  190  195  196  202  203  208  208  213  212  217  215
  218  217  220  217  219  216  217  213  213  210  210  206  206  202  202  198
  198  195  195  191  191  187  187  184  184  180  180  177  178  175  176  174
  177  175  179  176  181  178  183  180  185  181  184  181  184  181  182  180
  181  180  182  180  182  178  182  174  165                                   
    82.5-180.0 180.0   5.0 450.0                            LAT/LON1/LON2/DLON/H
  157  161  162  166  170  174  178  183  188  193  198  201  205  207  210  212
  213  215  216  217  216  217  215  216  212  213  209  209  205  205  200  200
  194  194  188  188  182  181  176  173  169  167  164  163  162  162  162  162
  163  164  165  167  168  170  170  172  172  172  171  170  169  168  166  164
  163  163  163  163  160  156  163  162  157                                   
    80.0-180.0 180.0   5.0 450.0                            LAT/LON1/LON2/DLON/H
  130  137  134  140  142  151  153  160  164  170  176  182  186  191  195  199
  201  203  205  207  208  209  209  209  208  207  205  204  202  199  196  194
  190  188  183  181  175  172  167  163  159  157  154  152  151  151  151  152
  154  154  156  157  160  160  161  161  162  160  159  156  157  152  151  147
  147  144  144  140  138  135  138  141  130                                   
    77.5-180.0 180.0   5.0 450.0                            LAT/LON1/LON2/DLON/H
  107  113  112  113  119  121  130  132  140  143  153  156  165  168  176  177
  183  185  191  192  198  197  201  200  202  200  202  198  198  193  193  188
  188  183  181  175  172  164  160  154  150  146  143  142  139  139  138  141
  141  145  145  150  151  154  153  156  154  153  150  149  146  143  139  137
  133  131  127  124  118  112  115  121  107                                   
    75.0-180.0 180.0   5.0 450.0                            LAT/LON1/LON2/DLON/H
   97   99   97   97  101  104  109  113  119  126  133  139  146  150  157  160
  167  170  177  181  189  192  197  198  200  200  201  198  197  192  192  187
  187  182  182  177  173  166  161  154  149  144  141  138  137  135  136  136
  139  141  144  147  149  150  152  152  152  150  148  144  141  135  132  126
  125  119  118  113  111  107  109  108   97                                   
    72.5-180.0 180.0   5.0 450.0                            LAT/LON1/LON2/DLON/H
   97   95   91   88   93   92   99  100  108  112  119  124  130  135  141  146
  154  159  169  174  185  190  199  202  207  207  208  206  205  200  197  194
  192  190  187  184  180  175  166  161  152  148  143  142  137  136  134  136
  136  138  139  143  144  147  146  149  145  146  139  139  133  131  123  121
  115  114  109  109  103   99  105  107   97                                   
    70.0-180.0 180.0   5.0 450.0                            LAT/LON1/LON2/DLON/H
   96   93   89   89   90   91   93   95   99  104  110  114  121  124  133  136
  147  154  167  173  187  194  205  209  216  217  218  215  213  207  204  200
  200  198  199  194  192  186  180  172  165  158  153  149  146  142  141  139
  139  139  138  140  140  141  139  140  138  136  132  129  125  121  117  112
  109  106  105  102  102  100  105  105   96                                   
    67.5-180.0 180.0   5.0 450.0                            LAT/LON1/LON2/DLON/H
   98   96   92   90   92   89   94   93   98  101  108  111  118  120  128  132
  144  152  167  176  192  200  213  219  226  230  230  227  224  218  215  211
  212  209  208  206  201  197  190  184  176  170  165  159  153  147  144  139
  137  133  132  129  129  128  127  128  124  124  117  116  109  109  101  103
   96   99   95   97   93   92  100  104   98                                   
    65.0-180.0 180.0   5.0 450.0                            LAT/LON1/LON2/DLON/H
   95   94   90   89   91   90   94   93   97  101  106  110  115  118  125  130
  142  152  170  180  198  208  221  228  236  238  240  238  235  231  227  227
  225  225  222  219  214  209  204  198  192  185  180  174  168  160  152  144
  137  130  124  121  116  115  112  112  108  106  100   99   92   90   85   84
   82   83   82   84   83   86   91   97   95                                   
    62.5-180.0 180.0   5.0 450.0                            LAT/LON1/LON2/DLON/H
   90   90   83   85   87   88   92   92   98  102  109  113  118  121  126  131
  142  153  170  183  201  210  224  231  240  243  247  248  249  247  246  245
  245  242  240  236  230  224  217  210  206  199  195  187  181  170  160  146
  138  126  118  111  106  103   98   98   93   94   85   86   77   77   70   72
   67   71   68   73   68   72   76   86   90                                   
    60.0-180.0 180.0   5.0 450.0                            LAT/LON1/LON2/DLON/H
   81   78   73   74   79   82   87   88   96  101  111  115  121  123  129  134
  146  156  174  187  202  214  226  234  241  243  250  252  260  260  264  266
  264  262  257  252  247  239  233  227  223  216  212  203  196  181  170  154
  138  126  113  107   98   95   89   89   85   82   76   75   68   67   61   62
   58   60   57   58   57   59   63   69   81                                   
    57.5-180.0 180.0   5.0 450.0                            LAT/LON1/LON2/DLON/H
   72   66   62   65   66   71   75   80   89   97  108  115  123  127  134  140
  151  162  175  188  201  208  219  226  235  243  250  261  271  279  285  288
  287  281  276  269  263  257  251  246  239  230  226  216  209  193  180  160
  144  127  116  104   99   93   89   88   84   84   76   76   67   67   59   60
   54   57   50   53   46   49   50   53   72                                   
    55.0-180.0 180.0   5.0 450.0                            LAT/LON1/LON2/DLON/H
   65   60   55   57   60   66   70   75   86   96  108  117  128  133  142  149
  159  171  181  193  200  211  216  226  233  244  255  267  285  295  305  310
  306  302  295  289  283  276  271  264  257  249  242  233  223  209  193  176
  155  140  124  116  106  104   98   96   94   91   87   84   78   76   67   68
   61   62   54   53   50   51   50   41   65                                   
    52.5-180.0 180.0   5.0 450.0                            LAT/LON1/LON2/DLON/H
   62   56   53   58   58   66   68   75   83   94  107  118  131  140  150  161
  172  183  191  199  205  209  215  223  232  251  266  287  304  318  329  330
  327  317  313  304  301  293  290  283  275  266  259  247  236  221  206  189
  170  153  139  128  122  117  113  113  111  112  107  107   98   95   84   82
   73   74   65   63   55   55   52   44   62                                   
    50.0-180.0 180.0   5.0 450.0                            LAT/LON1/LON2/DLON/H
   69   67   61   66   69   76   79   85   91  102  112  124  135  147  159  172
  183  196  200  210  210  219  219  233  241  262  281  300  319  333  342  348
  340  335  327  322  318  313  308  301  294  283  277  265  254  237  221  205
  187  173  157  149  138  135  130  130  130  130  129  127  123  119  110  107
   97   96   86   83   78   74   71   55   69                                   
    47.5-180.0 180.0   5.0 450.0                            LAT/LON1/LON2/DLON/H
   92   80   73   78   79   87   90   96  100  110  118  130  142  153  169  183
  197  210  215  221  222  229  231  246  257  281  297  318  335  346  355  354
  350  341  337  331  331  325  322  315  307  296  289  278  265  249  231  217
  198  186  172  162  153  147  143  143  143  146  144  148  142  143  130  130
  117  119  107  107   93   90   91   83   92                                   
    45.0-180.0 180.0   5.0 450.0                            LAT/LON1/LON2/DLON/H
  110   98   90   94   96  102  105  110  113  124  127  139  148  162  177  194
  208  225  229  239  235  248  246  265  272  294  308  326  339  352  354  360
  351  350  345  343  344  342  339  331  325  310  305  289  277  258  240  224
  206  197  181  172  159  153  146  146  145  148  151  154  154  156  150  149
  140  142  131  129  120  118  115  107  110                                   
    42.5-180.0 180.0   5.0 450.0                            LAT/LON1/LON2/DLON/H
  129  112  106  110  111  118  119  126  128  137  141  154  162  176  190  206
  222  240  245  256  255  266  271  290  298  317  324  338  344  351  351  354
  353  355  355  356  361  357  357  349  341  326  316  299  284  266  245  230
  213  201  188  176  166  157  149  146  145  148  149  157  154  160  153  159
  148  154  141  147  134  136  135  136  129                                   
    40.0-180.0 180.0   5.0 450.0                            LAT/LON1/LON2/DLON/H
  139  128  118  121  124  129  134  137  142  151  155  170  176  192  205  227
  242  257  261  272  271  287  292  314  322  340  344  352  352  355  354  359
  362  367  376  379  386  384  383  373  364  346  335  311  295  270  251  230
  214  199  185  173  163  151  142  137  135  135  137  140  144  149  148  155
  149  155  146  154  145  149  144  150  139                                   
    37.5-180.0 180.0   5.0 450.0                            LAT/LON1/LON2/DLON/H
  143  128  122  126  128  135  139  148  157  168  176  190  199  213  226  240
  259  272  278  290  292  306  316  335  347  360  361  366  358  361  360  373
  382  396  407  409  417  413  413  403  391  369  351  327  307  282  259  237
  217  201  186  174  161  149  140  132  133  129  132  132  137  141  142  149
  142  151  140  150  138  146  145  156  143                                   
    35.0-180.0 180.0   5.0 450.0                            LAT/LON1/LON2/DLON/H
  138  130  118  123  125  132  140  149  163  178  191  211  219  238  248  269
  281  296  299  312  313  331  338  358  368  382  381  382  377  383  389  410
  427  449  464  466  469  458  455  443  428  403  378  348  325  301  277  252
  229  209  195  177  173  160  158  149  144  136  134  127  128  125  129  133
  131  136  129  135  129  133  133  146  138                                   
    32.5-180.0 180.0   5.0 450.0                            LAT/LON1/LON2/DLON/H
  127  112  104  110  112  121  129  146  167  188  211  231  248  263  274  289
  304  317  325  338  341  356  362  380  391  404  408  413  413  425  443  465
  501  518  540  537  532  516  501  481  461  436  408  381  354  331  312  282
  255  223  207  191  183  174  173  162  168  156  160  153  163  152  143  138
  135  131  121  118  110  114  115  127  127                                   
    30.0-180.0 180.0   5.0 450.0                            LAT/LON1/LON2/DLON/H
  110  101   89   97  101  110  122  139  167  195  222  249  266  286  298  318
  330  348  355  368  371  384  387  405  411  432  438  454  465  491  527  569
  609  638  658  653  639  606  581  543  516  483  453  421  395  359  334  304
  289  271  264  254  248  238  235  225  213  200  186  172  166  163  171  172
  158  146  133  125  116  112  112  105  110                                   
    27.5-180.0 180.0   5.0 450.0                            LAT/LON1/LON2/DLON/H
   98   90   81   85   84   99  109  135  165  201  236  265  289  306  322  337
  353  369  383  397  400  412  412  430  443  469  489  515  543  581  641  697
  765  796  816  787  758  706  665  609  575  526  491  452  425  401  391  377
  376  368  367  360  351  342  329  320  296  276  249  235  219  210  202  200
  194  178  158  145  132  124  110   94   98                                   
    25.0-180.0 180.0   5.0 450.0                            LAT/LON1/LON2/DLON/H
   91   94   83   89   85   95  108  128  164  206  245  276  299  322  340  362
  379  399  412  426  430  441  439  461  479  519  544  592  637  698  771  836
  876  893  893  862  817  771  716  676  632  575  535  494  474  463  464  468
  480  483  483  475  461  441  421  402  368  338  295  276  260  257  245  241
  225  215  193  175  157  144  131   99   91                                   
    22.5-180.0 180.0   5.0 450.0                            LAT/LON1/LON2/DLON/H
   94   97   94   89   88   97  111  139  170  216  254  289  312  338  359  376
  400  416  438  451  463  470  477  501  528  572  614  668  723  791  854  891
  935  944  943  901  853  798  745  700  661  620  588  553  535  523  527  529
  543  542  546  536  528  508  485  458  428  395  360  333  307  296  287  286
  271  264  238  223  197  177  150  125   94                                   
    20.0-180.0 180.0   5.0 450.0                            LAT/LON1/LON2/DLON/H
   99  117  103   99   98  110  120  153  181  229  264  302  323  349  367  393
  414  436  455  476  488  504  512  547  582  637  686  747  802  859  898  942
  966  975  957  917  864  814  767  727  693  653  619  589  570  561  566  579
  596  595  590  576  566  547  523  498  467  434  403  380  359  338  325  315
  301  287  266  252  235  224  195  147   99                                   
    17.5-180.0 180.0   5.0 450.0                            LAT/LON1/LON2/DLON/H
  128  148  127  111  106  113  130  156  190  234  269  304  327  351  372  401
  427  446  472  494  517  532  558  591  636  693  747  801  848  881  914  936
  952  950  929  891  849  806  768  735  710  681  649  618  597  586  596  600
  617  609  602  587  577  555  535  507  489  459  440  415  397  373  362  351
  329  318  291  273  240  226  222  177  128                                   
    15.0-180.0 180.0   5.0 450.0                            LAT/LON1/LON2/DLON/H
  152  168  143  124  119  121  139  171  207  249  283  316  332  359  379  415
  438  464  484  514  537  566  595  639  685  737  793  841  869  894  906  917
  915  904  885  853  827  794  769  750  728  706  681  651  621  612  611  612
  615  604  593  577  567  541  519  499  482  460  447  424  410  388  376  363
  340  319  291  269  245  230  223  191  152                                   
    12.5-180.0 180.0   5.0 450.0                            LAT/LON1/LON2/DLON/H
  171  178  151  138  122  122  136  175  208  253  280  316  328  355  379  418
  451  480  509  540  568  600  634  673  726  776  825  861  875  878  875  866
  856  844  831  814  798  775  763  750  735  719  698  667  635  604  597  581
  578  560  552  536  524  496  471  463  454  454  439  429  405  392  369  362
  337  322  292  282  250  232  228  196  171                                   
    10.0-180.0 180.0   5.0 450.0                            LAT/LON1/LON2/DLON/H
  168  175  152  130  119  117  142  178  226  266  297  327  343  369  394  436
  467  503  531  570  602  638  672  717  769  813  846  860  868  854  845  826
  819  807  796  789  782  778  769  768  752  743  720  698  653  621  591  574
  555  533  523  493  478  446  445  442  457  453  450  426  406  379  359  342
  316  300  269  257  241  229  227  184  168                                   
     7.5-180.0 180.0   5.0 450.0                            LAT/LON1/LON2/DLON/H
  160  171  148  138  119  117  136  181  227  273  301  334  353  380  410  446
  485  525  562  601  637  668  705  751  800  834  848  853  844  830  814  799
