data/unet/pred3310.15i
     1.0            IONOSPHERE MAPS     GNSS                IONEX VERSION / TYPE
pyspatialgeodesy        IME             05-JAN-18 20:20     PGM / RUN BY / DATE 
Map Name                                                    COMMENT             
Predicted global ionosphere maps (GIM).                     DESCRIPTION         
  2015    11    27     0     0     0                        EPOCH OF FIRST MAP  
  2015    11    28     0     0     0                        EPOCH OF LAST MAP   
  7200                                                      INTERVAL            
    13                                                      # OF MAPS IN FILE   
  NONE                                                      MAPPING FUNCTION    
10.0                                                        ELEVATION CUTOFF    
One-way carrier phase leveled to code                       OBSERVABLES USED    
  6371.0                                                    BASE RADIUS         
 2                                                          MAP DIMENSION       
   450.0 450.0   0.0                                        HGT1 / HGT2 / DHGT  
    87.5 -87.5  -2.5                                        LAT1 / LAT2 / DLAT  
  -180.0 180.0   5.0                                        LON1 / LON2 / DLON  
    -1                                                      EXPONENT            
                                                            END OF HEADER       
[from data line 3003]
     8                                                      START OF TEC MAP    
  2015    11    27    14     0     0                        EPOCH OF CURRENT MAP
    87.5-180.0 180.0   5.0 450.0                            LAT/LON1/LON2/DLON/H
   47   70   66   68   64   68   63   68   63   67   62   66   60   64   57   60
   54   57   50   53   48   52   48   50   47   50   47   50   47   50   47   50
   47   50   47   50   47   50   48   50   48   50   49   50   50   51   50   52
   51   52   52   53   52   54   53   56   54   57   54   58   55   59   57   60
   58   62   59   63   58   66   77   64   47                                   
    85.0-180.0 180.0   5.0 450.0                            LAT/LON1/LON2/DLON/H
   70   77   75   74   77   73   80   76   82   77   82   76   81   74   79   71
   76   68   73   64   70   63   67   60   65   58   62   56   60   55   58   53
   56   53   56   52   54   52   53   50   51   50   49   49   48   48   47   48
   47   48   47   48   49   49   51   51   54   53   56   54   58   56   59   57
   61   59   64   63   69   69   75   61   70                                   
    82.5-180.0 180.0   5.0 450.0                            LAT/LON1/LON2/DLON/H
   47   64   64   69   68   70   72   74   76   76   77   76   76   74   72   71
   69   67   64   63   61   61   58   59   56   57   54   55   52   54   51   53
   50   53   49   51   47   50   44   47   41   44   38   41   35   38   32   37
   32   37   33   38   36   41   39   45   43   48   46   50   48   52   49   52
   50   55   52   57   53   59   53   46   47                                   
    80.0-180.0 180.0   5.0 450.0                            LAT/LON1/LON2/DLON/H
   32   53   51   55   56   58   61   62   64   65   65   65   64   64   61   62
   59   59   56   57   54   55   53   54   52   54   52   53   51   53   51   52
   50   53   50   52   49   48   45   43   38   36   33   31   28   27   25   25
   24   25   26   28   29   31   33   36   37   40   40   42   42   42   43   42
   43   44   44   44   41   39   43   33   32                                   
    77.5-180.0 180.0   5.0 450.0                            LAT/LON1/LON2/DLON/H
    9   38   39   41   41   47   46   51   50   55   53   56   54   55   53   53
   51   51   50   51   50   52   52   54   53   55   54   56   54   56   54   57
   54   56   54   54   51   50   44   42   35   32   27   25   20   19   16   17
   16   18   19   22   23   27   27   32   32   35   34   36   34   35   34   35
   33   35   32   32   28   28   25   14    9                                   
    75.0-180.0 180.0   5.0 450.0                            LAT/LON1/LON2/DLON/H
    4   28   28   30   31   35   35   38   38   43   43   45   44   46   43   43
   41   42   42   44   45   48   52   54   57   60   61   62   62   62   61   62
   61   62   62   60   58   55   53   45   41   33   29   21   20   14   15   11
   14   14   19   19   24   25   29   28   31   32   32   31   32   30   31   27
   29   26   28   23   24   18   25    5    4                                   
    72.5-180.0 180.0   5.0 450.0                            LAT/LON1/LON2/DLON/H
    0   28   27   28   29   32   33   36   38   42   42   45   42   45   40   44
   39   45   44   51   53   61   64   73   74   82   79   84   78   82   76   80
   76   79   75   76   70   69   62   56   49   43   34   29   21   20   16   17
   17   22   24   28   30   34   34   36   35   38   35   37   34   35   32   30
   30   28   27   25   23   19   18    1    0                                   
    70.0-180.0 180.0   5.0 450.0                            LAT/LON1/LON2/DLON/H
    3   23   25   24   26   26   29   30   33   36   38   38   38   37   35   34
   36   39   43   51   59   70   78   88   94  100  101  102   99   99   96   96
   94   94   92   91   87   83   75   67   57   47   40   30   25   20   19   18
   22   24   29   31   36   36   40   37   40   38   40   38   40   36   37   32
   35   31   34   28   31   21   25    5    3                                   
    67.5-180.0 180.0   5.0 450.0                            LAT/LON1/LON2/DLON/H
    5   29   30   29   29   30   32   33   38   37   43   42   41   37   34   34
   35   42   46   60   67   85   93  107  111  119  118  122  117  117  112  113
  109  109  106  105   99   94   87   78   66   57   46   39   31   27   25   26
   27   32   33   36   36   38   38   38   37   38   37   38   38   38   38   36
   37   36   38   35   35   28   27   11    5                                   
    65.0-180.0 180.0   5.0 450.0                            LAT/LON1/LON2/DLON/H
   11   28   34   32   32   29   33   27   35   28   37   29   37   28   32   29
   33   37   45   59   72   90  102  116  123  131  133  135  133  131  126  125
  120  120  116  115  108  102   94   84   72   60   49   39   34   27   28   27
   31   32   35   33   36   34   36   33   37   34   38   36   41   38   41   39
   43   41   45   42   43   33   34   19   11                                   
    62.5-180.0 180.0   5.0 450.0                            LAT/LON1/LON2/DLON/H
   15   36   38   38   37   32   34   28   32   29   31   30   29   27   29   31
   33   39   47   63   76   97  108  124  130  138  140  144  141  141  137  136
  130  129  123  121  112  106   96   89   76   68   55   48   41   38   34   35
   34   36   33   33   31   30   29   29   29   28   28   30   33   35   38   41
   42   44   46   45   45   38   37   25   15                                   
    60.0-180.0 180.0   5.0 450.0                            LAT/LON1/LON2/DLON/H
   17   34   41   40   42   36   36   30   30   26   28   21   25   15   24   18
   30   36   45   61   75   95  108  121  130  137  141  145  146  146  144  143
  138  134  127  121  112  105   95   86   76   66   57   48   42   35   36   32
   34   30   30   26   26   23   25   22   25   22   25   24   30   29   35   35
   40   40   45   43   47   37   40   26   17                                   
    57.5-180.0 180.0   5.0 450.0                            LAT/LON1/LON2/DLON/H
   17   37   44   46   45   44   38   33   29   28   24   25   22   21   20   25
   30   43   52   69   80  100  110  125  131  139  143  149  150  154  153  154
  148  144  134  128  116  110  100   94   83   76   66   59   52   49   45   42
   39   37   31   28   24   22   21   20   20   19   20   24   26   30   32   36
   37   40   41   42   42   37   38   27   17                                   
    55.0-180.0 180.0   5.0 450.0                            LAT/LON1/LON2/DLON/H
   21   39   47   47   50   46   43   36   31   29   26   25   24   17   23   20
   34   39   56   71   83  100  109  121  129  136  142  148  153  158  162  161
  157  149  140  131  120  113  103   97   87   81   72   65   57   50   46   41
   38   34   32   27   27   22   24   21   25   22   25   25   28   28   33   32
   36   36   41   40   43   35   41   28   21                                   
    52.5-180.0 180.0   5.0 450.0                            LAT/LON1/LON2/DLON/H
   27   46   52   54   54   53   49   46   39   36   32   34   31   33   31   37
   43   57   70   84   92  109  115  127  132  142  145  154  159  167  170  171
  165  159  147  141  130  123  114  109  101   95   88   80   72   65   61   54
   50   46   42   39   35   34   32   34   33   35   33   37   35   38   36   38
   38   39   41   42   42   38   40   32   27                                   
    50.0-180.0 180.0   5.0 450.0                            LAT/LON1/LON2/DLON/H
   37   50   59   60   63   60   56   52   45   42   37   38   38   35   43   43
   57   67   80   92  101  114  121  130  137  144  150  156  164  171  175  173
  170  163  154  146  139  132  124  119  113  107  100   92   84   74   68   59
   56   52   51   46   47   44   46   46   48   46   46   45   45   44   44   43
   44   43   47   47   47   42   48   40   37                                   
    47.5-180.0 180.0   5.0 450.0                            LAT/LON1/LON2/DLON/H
   51   62   68   72   72   71   65   62   55   56   52   54   54   53   57   64
   73   85   96  111  116  128  132  142  146  155  158  168  171  177  176  176
  170  166  159  155  148  145  139  136  129  125  115  109   98   89   80   73
   69   67   65   64   61   62   60   62   60   61   57   58   54   54   51   52
   50   51   52   54   53   50   51   49   51                                   
    45.0-180.0 180.0   5.0 450.0                            LAT/LON1/LON2/DLON/H
   61   66   74   76   79   76   72   66   60   59   55   55   54   57   60   69
   82   94  109  119  127  135  141  148  155  163  168  173  175  176  175  171
  168  164  160  157  156  156  152  149  143  138  129  121  111   98   91   82
   79   76   77   74   74   70   71   69   69   66   64   62   61   59   59   57
   59   58   61   61   62   58   62   60   61                                   
    42.5-180.0 180.0   5.0 450.0                            LAT/LON1/LON2/DLON/H
   67   75   78   82   83   84   79   75   68   68   63   65   64   67   72   83
   97  112  122  134  138  148  152  163  166  176  175  180  174  173  165  164
  160  161  159  162  163  165  163  159  154  149  141  133  121  109   99   91
   85   84   82   81   77   75   70   71   67   67   64   65   62   64   62   63
   62   64   65   68   67   66   66   66   67                                   
    40.0-180.0 180.0   5.0 450.0                            LAT/LON1/LON2/DLON/H
   70   71   76   79   83   83   82   77   73   71   68   66   67   70   78   89
  106  119  132  138  146  153  162  171  178  183  184  182  176  169  163  159
  160  161  165  169  173  175  173  168  163  156  150  141  130  118  107   97
   92   88   86   81   78   70   66   64   62   61   60   61   61   62   63   64
   66   65   69   69   71   67   70   68   70                                   
    37.5-180.0 180.0   5.0 450.0                            LAT/LON1/LON2/DLON/H
   68   71   71   75   77   80   80   80   76   77   73   75   74   79   86  101
  116  130  138  149  154  166  172  183  186  191  186  184  172  167  159  161
  161  169  176  184  188  188  184  178  171  165  158  151  140  127  115  104
   96   92   87   81   74   67   59   58   54   56   54   59   59   62   62   65
   63   66   65   69   68   68   67   64   68                                   
    35.0-180.0 180.0   5.0 450.0                            LAT/LON1/LON2/DLON/H
   60   61   64   64   68   69   71   71   72   71   73   73   77   81   93  106
  125  134  146  152  162  171  181  188  193  192  189  181  174  167  165  168
  177  189  200  209  213  208  202  189  181  173  167  159  151  139  126  114
  104   99   93   85   79   68   63   56   55   55   55   59   59   63   64   64
   65   64   65   64   64   62   63   57   60                                   
    32.5-180.0 180.0   5.0 450.0                            LAT/LON1/LON2/DLON/H
   48   54   53   56   57   60   62   66   67   71   72   77   80   87   98  116
  131  145  154  165  173  183  188  193  191  191  185  183  176  178  180  193
  207  228  242  253  250  241  226  211  199  189  183  175  167  155  144  130
  122  115  111  104   96   88   81   76   72   71   68   71   68   69   66   67
   62   63   59   62   58   58   55   51   48                                   
    30.0-180.0 180.0   5.0 450.0                            LAT/LON1/LON2/DLON/H
   42   44   46   44   47   47   51   51   56   59   65   69   78   89  107  121
  141  150  164  172  184  190  195  193  191  189  187  191  194  206  220  243
  267  290  303  306  296  276  256  236  223  210  205  195  191  178  169  157
  150  145  143  138  134  127  120  113  107  101   95   91   88   85   82   77
   73   68   65   63   59   54   52   44   42                                   
    27.5-180.0 180.0   5.0 450.0                            LAT/LON1/LON2/DLON/H
   40   47   42   44   41   37   43   47   49   55   60   68   79   91  110  129
  147  162  174  187  196  200  197  193  187  188  191  207  221  246  272  304
  331  352  361  361  343  322  293  272  255  243  234  224  218  207  198  188
  183  182  183  185  183  179  173  165  158  148  139  130  120  113  101   94
   84   80   72   70   62   60   50   49   40                                   
    25.0-180.0 180.0   5.0 450.0                            LAT/LON1/LON2/DLON/H
   47   51   45   41   37   22   33   29   41   46   52   60   75   92  115  134
  155  169  183  194  204  204  201  192  189  194  209  231  260  291  325  358
  391  411  418  411  392  362  331  306  289  278  268  259  252  242  234  227
  223  227  230  237  237  235  227  216  202  188  174  163  152  142  130  119
  108   97   92   84   76   68   61   57   47                                   
    22.5-180.0 180.0   5.0 450.0                            LAT/LON1/LON2/DLON/H
   57   68   53   51   39   27   26   27   37   47   53   62   76   91  115  138
  160  179  192  205  210  211  202  198  194  209  229  267  300  338  374  409
  443  459  461  449  424  394  361  339  323  317  307  301  292  285  277  276
  271  281  285  295  296  297  288  278  258  233  207  191  179  171  159  149
  135  124  113  104   95   88   70   77   57                                   
    20.0-180.0 180.0   5.0 450.0                            LAT/LON1/LON2/DLON/H
   71   83   67   59   46   32   30   23   35   33   52   60   75   93  119  142
  165  183  197  208  214  213  209  206  213  231  264  304  346  377  419  452
  487  498  493  475  447  414  387  364  356  351  342  337  326  323  312  316
  312  322  325  332  335  341  331  324  300  274  239  214  197  187  178  169
  158  149  140  130  118  107   93   83   71                                   
    17.5-180.0 180.0   5.0 450.0                            LAT/LON1/LON2/DLON/H
   84  101   79   65   52   40   32   23   32   35   45   63   79  100  120  146
  168  190  203  213  216  219  217  224  235  263  298  340  374  406  443  473
  496  503  499  477  454  422  403  389  384  385  379  376  362  359  346  349
  342  345  346  352  355  357  351  342  324  296  263  237  214  204  192  185
  176  170  161  150  138  127  108  101   84                                   
    15.0-180.0 180.0   5.0 450.0                            LAT/LON1/LON2/DLON/H
   96   99   81   69   56   48   43   32   34   30   44   54   80  101  125  150
  175  194  207  216  220  224  232  244  265  297  335  366  398  421  454  470
  487  488  486  467  447  422  411  403  409  411  407  404  388  386  373  370
  355  356  352  358  354  353  339  329  310  287  260  238  216  204  194  189
  182  180  174  166  149  137  124  106   96                                   
    12.5-180.0 180.0   5.0 450.0                            LAT/LON1/LON2/DLON/H
  102  108   88   74   61   52   48   37   35   39   46   63   80  110  129  158
  180  204  215  224  228  236  249  271  297  329  360  387  408  430  445  458
  466  469  465  451  441  425  421  426  432  442  435  431  415  409  390  382
  361  354  346  344  335  327  308  290  271  252  232  219  205  200  192  189
  185  184  179  171  155  138  131  112  102                                   
    10.0-180.0 180.0   5.0 450.0                            LAT/LON1/LON2/DLON/H
  103  103   87   75   62   54   51   49   47   48   53   62   83  108  134  164
  190  213  225  234  240  252  271  296  327  357  383  402  418  423  433  432
  440  441  443  436  433  429  433  441  451  460  455  450  433  424  401  387
  356  345  324  316  296  282  255  238  221  209  200  194  190  187  185  183
  180  180  176  170  151  138  129  109  103                                   
     7.5-180.0 180.0   5.0 450.0                            LAT/LON1/LON2/DLON/H
   96  108   94   81   68   61   56   54   53   56   60   71   90  118  144  178
  206  231  243  255  262  280  299  329  356  385  402  417  421  419  418  418
