data/unet/pred2530.15i
     1.0            IONOSPHERE MAPS     GNSS                IONEX VERSION / TYPE
pyspatialgeodesy        IME             05-JAN-18 20:20     PGM / RUN BY / DATE 
Map Name                                                    COMMENT             
Predicted global ionosphere maps (GIM).                     DESCRIPTION         
  2015     9    10     0     0     0                        EPOCH OF FIRST MAP  
  2015     9    11     0     0     0                        EPOCH OF LAST MAP   
  7200                                                      INTERVAL            
    13                                                      # OF MAPS IN FILE   
  NONE                                                      MAPPING FUNCTION    
10.0                                                        ELEVATION CUTOFF    
One-way carrier phase leveled to code                       OBSERVABLES USED    
  6371.0                                                    BASE RADIUS         
 2                                                          MAP DIMENSION       
   450.0 450.0   0.0                                        HGT1 / HGT2 / DHGT  
    87.5 -87.5  -2.5                                        LAT1 / LAT2 / DLAT  
  -180.0 180.0   5.0                                        LON1 / LON2 / DLON  
    -1                                                      EXPONENT            
                                                            END OF HEADER       
[from data line 858]
     3                                                      START OF TEC MAP    
  2015     9    10     4     0     0                        EPOCH OF CURRENT MAP
    87.5-180.0 180.0   5.0 450.0                            LAT/LON1/LON2/DLON/H
  111  123  103  103  103  103  103  105  105  107  107  108  109  110  110  111
  110  111  110  111  109  110  108  108  107  106  106  104  104  103  103  101
  103  100  101   98  100   97   99   96   99   96   98   96   99   97   99   98
  101  100  102  101  104  103  105  104  107  105  107  105  108  106  107  105
  107  105  106  104  106  101  118  118  111                                   
    85.0-180.0 180.0   5.0 450.0                            LAT/LON1/LON2/DLON/H
  117  115   95  100   99  102  101  106  105  110  108  114  112  118  114  120
  115  121  115  120  114  118  112  115  110  112  107  109  105  107  103  104
  102  103  100  101   99  100   99  100   99  100  100  101  101  103  102  104
  104  106  105  108  108  110  109  111  111  112  111  112  111  112  110  110
  108  108  106  105  102   98  107  116  117                                   
    82.5-180.0 180.0   5.0 450.0                            LAT/LON1/LON2/DLON/H
  102   89   82   88   86   90   90   94   96   99  100  104  105  108  109  110
  111  111  111  109  108  106  104  101   99   95   94   90   90   86   86   84
   84   83   82   83   82   83   82   84   83   85   84   87   86   90   89   93
   94   97   97  101  100  103  102  104  104  104  103  103  103  103  101  100
   98   98   95   94   91   85   92   94  102                                   
    80.0-180.0 180.0   5.0 450.0                            LAT/LON1/LON2/DLON/H
  100   83   79   79   81   84   84   90   92   96   98  104  106  110  111  115
  114  115  112  112  108  106  101   99   94   91   87   85   82   81   78   79
   77   78   77   79   78   80   79   82   80   83   83   86   86   89   90   94
   94   98   99  103  104  107  108  111  111  113  112  114  112  113  110  109
  105  103   99   96   92   83   87   91  100                                   
    77.5-180.0 180.0   5.0 450.0                            LAT/LON1/LON2/DLON/H
  100   79   74   72   70   72   75   79   82   86   90   94   98  102  105  107
  108  106  105  101   98   92   89   83   79   73   71   67   66   64   65   65
   65   65   66   67   67   69   69   71   71   73   73   77   76   80   81   85
   86   91   93   98   99  103  105  109  110  113  114  116  116  116  114  113
  109  105  102   97   92   84   89   90  100                                   
    75.0-180.0 180.0   5.0 450.0                            LAT/LON1/LON2/DLON/H
   99   80   74   66   67   66   69   72   77   80   86   90   94   97  100  101
  101   98   97   91   87   80   76   67   61   57   54   51   51   50   52   51
   53   54   56   56   57   58   59   60   60   62   65   67   68   72   75   77
   80   83   88   91   95   97  101  103  107  109  113  115  117  118  119  117
  115  112  110  105   99   90   96   98   99                                   
    72.5-180.0 180.0   5.0 450.0                            LAT/LON1/LON2/DLON/H
  108   86   78   72   68   67   70   72   75   79   83   88   91   94   96   97
   96   94   92   85   80   73   67   58   50   47   43   42   41   43   46   46
   48   48   53   51   53   53   55   54   55   56   60   61   64   67   71   74
   77   80   84   87   90   93   96  100  103  107  109  113  115  119  121  122
  121  121  121  118  114  106  109  110  108                                   
    70.0-180.0 180.0   5.0 450.0                            LAT/LON1/LON2/DLON/H
  113   99   89   80   76   73   74   75   78   79   83   85   88   89   92   91
   91   87   85   79   73   65   58   50   43   41   40   39   42   42   46   45
   48   47   51   48   50   49   51   50   52   53   58   59   64   67   72   74
   78   80   84   86   89   91   95   97  101  104  108  111  115  119  123  127
  128  131  133  133  131  123  126  124  113                                   
    67.5-180.0 180.0   5.0 450.0                            LAT/LON1/LON2/DLON/H
  123  109  100   90   82   79   78   79   78   80   79   82   82   84   84   85
   83   82   79   73   66   60   51   45   36   35   34   35   38   41   44   45
   46   45   48   45   46   44   46   45   48   49   55   58   63   66   71   75
   77   80   82   85   87   90   93   96   99  103  106  110  112  118  122  129
  132  139  143  147  146  139  138  139  123                                   
    65.0-180.0 180.0   5.0 450.0                            LAT/LON1/LON2/DLON/H
  128  122  116  105   94   89   87   85   84   82   82   81   80   79   81   78
   78   75   74   67   63   56   47   41   35   34   35   37   42   44   48   47
   47   44   45   41   41   39   41   41   45   48   56   59   67   71   77   78
   82   83   86   86   89   91   94   97  100  104  107  110  113  117  122  128
  133  141  148  153  156  148  150  148  128                                   
    62.5-180.0 180.0   5.0 450.0                            LAT/LON1/LON2/DLON/H
  137  128  128  118  102   96   92   91   86   84   79   79   75   76   74   74
   72   72   68   64   57   52   43   37   31   30   32   36   40   44   46   46
   43   40   39   35   34   33   36   38   42   47   55   61   68   74   78   81
   82   84   85   86   88   92   94   98  102  106  108  111  112  116  118  124
  129  138  146  156  160  158  157  156  137                                   
    60.0-180.0 180.0   5.0 450.0                            LAT/LON1/LON2/DLON/H
  137  135  138  129  112  103   98   93   89   83   79   76   73   71   71   70
   70   67   66   61   55   49   41   34   31   30   33   36   41   43   46   43
   41   34   33   28   28   27   31   33   40   46   56   63   72   77   83   85
   87   87   88   89   92   95   98  103  106  111  112  115  115  117  118  121
  125  132  141  150  157  153  159  158  137                                   
    57.5-180.0 180.0   5.0 450.0                            LAT/LON1/LON2/DLON/H
  143  139  141  136  119  111  102   96   89   81   74   71   65   65   63   64
   62   62   58   54   48   43   36   30   28   27   30   33   37   39   40   36
   33   27   26   21   22   23   27   31   38   46   56   65   73   80   85   87
   87   88   89   92   94   99  103  109  113  117  118  120  119  120  119  119
  120  126  134  143  151  152  156  157  143                                   
    55.0-180.0 180.0   5.0 450.0                            LAT/LON1/LON2/DLON/H
  141  143  145  140  127  118  108   99   89   79   70   65   59   58   56   55
   54   52   50   44   40   34   30   25   24   24   28   29   34   33   34   28
   26   20   20   17   19   20   26   29   37   46   57   66   77   85   90   92
   93   94   96   99  102  108  112  118  121  126  126  128  126  127  123  122
  121  125  130  138  146  143  152  154  141                                   
    52.5-180.0 180.0   5.0 450.0                            LAT/LON1/LON2/DLON/H
  145  145  147  148  136  131  119  108   92   79   67   59   51   49   46   46
   42   41   37   34   30   27   24   20   21   21   24   26   29   29   29   24
   22   17   19   17   21   23   29   32   40   48   60   70   80   89   95   98
   99  101  103  107  114  118  123  126  131  133  133  134  135  134  131  128
  125  126  129  134  142  141  148  152  145                                   
    50.0-180.0 180.0   5.0 450.0                            LAT/LON1/LON2/DLON/H
  145  153  154  153  147  143  133  122  103   85   72   62   53   49   45   42
   38   33   31   25   24   20   20   17   19   19   23   23   28   25   26   21
   21   18   21   21   26   28   34   36   44   51   63   72   84   93  101  105
  107  111  115  121  126  133  135  140  141  143  142  144  144  145  140  138
  133  134  135  138  144  138  149  153  145                                   
    47.5-180.0 180.0   5.0 450.0                            LAT/LON1/LON2/DLON/H
  151  158  159  166  157  158  149  140  119   98   80   68   56   50   44   40
   32   31   24   22   19   18   20   17   20   19   23   23   26   25   25   22
   23   22   28   28   35   36   42   42   49   56   67   76   86   97  105  112
  116  122  128  134  141  145  149  150  151  150  149  150  152  152  151  149
  145  144  144  145  149  145  151  155  151                                   
    45.0-180.0 180.0   5.0 450.0                            LAT/LON1/LON2/DLON/H
  152  166  165  168  168  166  159  151  130  110   90   78   64   58   48   43
   35   27   22   18   19   17   21   19   23   22   25   26   29   28   30   28
   29   30   36   39   44   46   50   50   55   62   73   82   93  105  114  122
  127  135  141  149  153  161  161  163  161  160  155  157  156  160  157  158
  151  151  150  150  153  143  154  157  152                                   
    42.5-180.0 180.0   5.0 450.0                            LAT/LON1/LON2/DLON/H
  160  163  162  169  168  171  164  158  142  123  102   88   74   63   54   47
   39   31   25   23   23   24   29   29   31   29   31   31   34   34   36   36
   38   39   46   48   54   54   57   57   62   68   79   89  100  113  123  133
  141  146  155  160  170  173  177  173  173  167  164  160  163  161  163  159
  157  154  154  153  153  148  157  161  160                                   
    40.0-180.0 180.0   5.0 450.0                            LAT/LON1/LON2/DLON/H
  158  160  153  157  159  161  158  151  137  120  102   91   76   70   57   52
   41   35   31   29   30   32   37   38   39   36   37   37   39   39   42   43
   46   48   53   56   60   61   62   63   67   76   86   99  109  124  134  143
  149  157  164  176  182  191  189  190  188  185  176  176  171  174  167  169
  160  162  158  160  159  153  165  168  158                                   
    37.5-180.0 180.0   5.0 450.0                            LAT/LON1/LON2/DLON/H
  167  156  148  151  148  151  148  144  134  120  106   95   82   73   62   55
   49   46   44   44   45   47   51   50   51   46   47   44   46   45   51   50
   55   55   61   61   65   64   65   66   72   81   93  105  120  133  145  152
  161  167  179  187  201  205  210  208  210  205  199  193  192  185  184  175
  172  169  168  168  167  167  172  176  167                                   
    35.0-180.0 180.0   5.0 450.0                            LAT/LON1/LON2/DLON/H
  167  153  142  135  132  129  129  123  117  107   98   91   81   73   64   59
   54   52   52   52   55   56   59   58   57   53   53   51   53   53   58   58
   62   62   65   66   68   70   68   71   76   88   98  113  126  141  150  158
  166  177  189  201  213  223  229  231  234  232  228  224  219  214  205  198
  191  187  183  184  180  181  190  190  167                                   
    32.5-180.0 180.0   5.0 450.0                            LAT/LON1/LON2/DLON/H
  186  167  148  142  129  124  120  115  109  104   95   93   84   78   68   64
   60   62   61   66   66   68   68   67   66   61   61   58   61   60   65   64
   69   66   70   68   71   71   71   73   81   91  104  118  133  144  156  162
  174  183  199  210  227  238  249  256  265  265  264  261  259  250  244  227
  221  206  207  201  205  207  212  211  186                                   
    30.0-180.0 180.0   5.0 450.0                            LAT/LON1/LON2/DLON/H
  198  180  161  145  132  120  113  105   99   94   89   85   80   72   66   59
   60   58   64   64   69   70   70   69   68   65   65   64   66   66   69   70
   72   71   71   72   73   74   72   76   81   94  105  121  134  145  155  165
  173  185  198  215  232  250  264  279  293  301  302  304  301  298  288  275
  261  247  242  234  232  231  239  231  198                                   
    27.5-180.0 180.0   5.0 450.0                            LAT/LON1/LON2/DLON/H
  233  215  191  183  157  145  126  118  103  100   89   90   81   79   67   67
   61   65   64   72   70   75   74   74   74   72   73   71   73   72   76   75
   77   74   74   72   74   73   73   75   81   92  107  121  137  147  158  165
  178  185  203  220  244  267  284  308  325  338  340  345  347  347  341  328
  312  293  288  276  277  271  269  268  233                                   
    25.0-180.0 180.0   5.0 450.0                            LAT/LON1/LON2/DLON/H
  266  248  226  203  183  161  141  120  106   94   88   81   79   67   64   54
   56   50   58   56   65   66   71   73   74   74   76   76   77   76   78   77
   78   75   74   73   73   74   71   72   77   89  103  120  135  149  160  171
  177  190  204  229  254  284  306  331  353  369  372  381  383  388  383  377
  361  351  341  331  325  313  313  308  266                                   
    22.5-180.0 180.0   5.0 450.0                            LAT/LON1/LON2/DLON/H
  303  283  272  258  223  210  174  157  127  120  101  101   86   83   66   65
   54   57   52   60   61   71   73   78   79   80   82   81   82   80   80   78
   78   74   72   69   70   68   67   66   72   83   99  115  136  150  166  174
  186  197  218  242  273  302  330  356  379  394  402  409  416  420  422  418
  406  399  390  384  381  368  354  358  303                                   
    20.0-180.0 180.0   5.0 450.0                            LAT/LON1/LON2/DLON/H
  341  325  318  295  273  241  208  177  154  131  116  103   95   79   67   56
   52   45   47   46   57   62   72   79   80   83   83   84   83   80   79   77
   75   71   67   66   64   62   58   59   64   76   94  112  132  151  166  180
  191  209  232  260  286  318  346  374  397  413  422  431  439  445  449  451
  440  439  431  428  422  405  395  392  341                                   
    17.5-180.0 180.0   5.0 450.0                            LAT/LON1/LON2/DLON/H
  372  366  353  339  308  294  246  229  191  178  147  140  115  111   84   84
   64   69   57   66   67   80   83   92   89   90   88   87   85   80   79   74
   72   66   65   59   57   54   53   53   60   72   92  110  132  150  168  182
  197  220  245  276  301  336  364  393  414  426  437  442  451  460  463  466
  462  459  454  451  451  442  420  427  372                                   
    15.0-180.0 180.0   5.0 450.0                            LAT/LON1/LON2/DLON/H
  401  406  385  370  346  330  288  255  224  192  173  151  136  116   97   82
   71   66   64   65   75   83   93   98   95   93   89   87   83   79   76   72
   67   64   58   56   50   49   48   50   58   70   92  111  133  151  169  187
  206  231  258  287  313  347  376  403  422  437  446  455  462  470  476  476
  474  471  466  466  468  457  447  446  401                                   
    12.5-180.0 180.0   5.0 450.0                            LAT/LON1/LON2/DLON/H
  427  430  412  395  370  360  315  296  254  240  206  197  167  157  127  122
  101  104   93  102  101  112  111  115  107  102   95   90   85   79   76   70
   65   61   57   54   50   48   47   49   60   71   94  112  135  150  170  188
  210  238  266  298  324  364  390  419  434  446  451  457  464  475  476  480
  475  476  474  475  478  476  461  464  427                                   
    10.0-180.0 180.0   5.0 450.0                            LAT/LON1/LON2/DLON/H
  447  449  426  407  385  381  341  318  282  255  229  203  190  168  153  134
  129  120  118  118  125  128  129  126  117  108   99   94   87   83   77   72
   64   61   55   55   51   51   52   53   64   75   95  112  135  151  170  192
  216  244  273  302  333  368  399  425  444  456  464  471  480  487  489  488
  490  487  490  489  492  488  487  485  447                                   
     7.5-180.0 180.0   5.0 450.0                            LAT/LON1/LON2/DLON/H
  459  460  437  416  392  386  354  338  298  285  247  238  214  208  184  180
  165  165  158  158  153  153  148  140  128  117  105   99   91   87   81   75
