data/unet/pred3560.15i
     1.0            IONOSPHERE MAPS     GNSS                IONEX VERSION / TYPE
pyspatialgeodesy        IME             05-JAN-18 20:20     PGM / RUN BY / DATE 
Map Name                                                    COMMENT             
Predicted global ionosphere maps (GIM).                     DESCRIPTION         
  2015    12    22     0     0     0                        EPOCH OF FIRST MAP  
  2015    12    23     0     0     0                        EPOCH OF LAST MAP   
  7200                                                      INTERVAL            
    13                                                      # OF MAPS IN FILE   
  NONE                                                      MAPPING FUNCTION    
10.0                                                        ELEVATION CUTOFF    
One-way carrier phase leveled to code                       OBSERVABLES USED    
  6371.0                                                    BASE RADIUS         
 2                                                          MAP DIMENSION       
   450.0 450.0   0.0                                        HGT1 / HGT2 / DHGT  
    87.5 -87.5  -2.5                                        LAT1 / LAT2 / DLAT  
  -180.0 180.0   5.0                                        LON1 / LON2 / DLON  
    -1                                                      EXPONENT            
                                                            END OF HEADER       
[from data line 429]
     2                                                      START OF TEC MAP    
  2015    12    22     2     0     0                        EPOCH OF CURRENT MAP
    87.5-180.0 180.0   5.0 450.0                            LAT/LON1/LON2/DLON/H
   75   55   52   43   47   40   44   39   43   38   40   35   37   31   34   26
   30   22   27   19   24   17   23   16   22   16   23   17   23   17   24   18
   25   20   27   22   29   24   31   27   34   31   37   34   39   36   41   38
   43   41   44   42   46   44   46   45   48   46   49   47   50   47   50   46
   50   47   52   51   61   53   60   71   75                                   
    85.0-180.0 180.0   5.0 450.0                            LAT/LON1/LON2/DLON/H
   58   60   42   43   44   39   41   38   39   36   38   35   35   33   32   32
   28   29   26   27   22   23   19   21   16   17   14   15   12   13   12   12
   11   12   14   14   16   17   20   21   24   25   28   29   32   33   35   36
   38   38   39   39   40   40   41   41   42   41   43   42   44   42   45   43
   45   43   47   46   51   44   49   78   58                                   
    82.5-180.0 180.0   5.0 450.0                            LAT/LON1/LON2/DLON/H
   63   55   51   52   48   50   47   50   47   50   47   50   47   50   46   49
   42   44   39   41   33   34   28   29   21   22   16   18   12   14   11   14
   11   14   14   17   17   20   23   26   28   30   34   36   38   39   41   43
   43   44   45   45   46   46   46   47   47   49   49   50   50   52   52   53
   53   54   56   58   58   56   65   86   63                                   
    80.0-180.0 180.0   5.0 450.0                            LAT/LON1/LON2/DLON/H
   66   56   57   54   59   53   57   54   57   54   58   56   59   57   58   57
   55   53   50   48   44   40   36   32   28   23   21   17   14   12   12   10
   11   10   14   14   18   19   25   27   32   33   39   39   44   44   48   47
   50   48   50   48   50   46   49   46   49   46   51   48   53   49   55   53
   58   56   63   61   65   57   62   82   66                                   
    77.5-180.0 180.0   5.0 450.0                            LAT/LON1/LON2/DLON/H
   71   62   63   67   61   62   57   60   57   60   58   63   62   66   65   68
   63   64   59   59   53   51   44   42   34   32   26   25   18   19   15   17
   13   17   16   22   21   27   29   35   36   42   44   50   48   54   52   57
   52   55   51   54   48   50   46   48   44   47   45   49   47   52   52   57
   56   62   64   70   70   68   72   90   71                                   
    75.0-180.0 180.0   5.0 450.0                            LAT/LON1/LON2/DLON/H
   75   68   68   70   66   63   59   58   56   57   57   60   61   64   64   65
   62   62   58   56   52   49   44   40   34   31   27   25   20   20   18   19
   16   19   19   24   24   29   32   37   39   44   47   50   51   53   54   54
   53   51   50   48   45   43   42   40   40   40   41   43   44   47   51   55
   58   63   68   74   78   74   77   93   75                                   
    72.5-180.0 180.0   5.0 450.0                            LAT/LON1/LON2/DLON/H
   85   78   79   78   71   66   61   58   55   55   55   57   58   61   61   63
   62   61   58   56   54   50   47   41   38   34   32   29   27   26   26   25
   25   26   28   29   31   33   38   39   43   44   49   49   51   51   53   51
   50   47   46   43   40   37   36   35   35   35   38   40   42   46   51   55
   60   65   72   78   84   82   89   99   85                                   
    70.0-180.0 180.0   5.0 450.0                            LAT/LON1/LON2/DLON/H
   93   92   89   87   82   72   67   61   59   55   56   55   58   56   59   57
   60   56   55   51   51   46   44   40   39   35   36   34   35   34   35   34
   35   34   35   35   36   37   39   41   42   44   46   47   46   47   46   45
   42   40   38   36   35   32   34   33   36   36   41   43   48   50   57   60
   67   71   80   87   94   94   99  107   93                                   
    67.5-180.0 180.0   5.0 450.0                            LAT/LON1/LON2/DLON/H
  106  103  102   98   86   78   70   64   59   57   54   55   53   55   53   55
   54   54   52   50   49   45   44   40   40   38   40   40   42   43   45   44
   45   43   44   41   43   41   44   42   44   43   46   43   45   42   44   40
   40   35   37   33   35   33   37   37   43   45   51   53   59   61   68   70
   76   81   88   95  102  102  109  112  106                                   
    65.0-180.0 180.0   5.0 450.0                            LAT/LON1/LON2/DLON/H
  115  115  109  104   95   84   76   67   64   59   57   53   53   50   50   48
   50   48   49   45   46   41   41   38   39   38   42   43   48   48   51   49
   50   47   46   44   44   42   43   41   42   41   42   41   41   41   40   38
   37   35   35   35   38   39   44   47   54   58   65   69   75   78   84   86
   91   93   99  105  111  112  118  120  115                                   
    62.5-180.0 180.0   5.0 450.0                            LAT/LON1/LON2/DLON/H
  129  125  120  113   97   87   76   69   63   61   56   54   50   49   45   46
   44   46   45   44   43   41   39   38   38   40   44   47   50   52   53   52
   50   47   46   43   43   41   42   39   40   38   40   38   39   38   39   36
   37   35   38   38   43   44   50   55   65   71   80   86   93   96  102  102
  106  106  109  112  117  118  126  123  129                                   
    60.0-180.0 180.0   5.0 450.0                            LAT/LON1/LON2/DLON/H
  135  129  122  114  102   90   79   71   67   62   60   54   52   47   46   43
   45   44   45   44   44   40   39   37   39   39   44   46   51   51   52   49
   48   43   42   39   40   38   39   38   38   37   38   37   38   37   36   35
   35   36   38   40   45   50   57   65   76   85   94  103  109  115  118  120
  122  121  121  123  124  125  130  130  135                                   
    57.5-180.0 180.0   5.0 450.0                            LAT/LON1/LON2/DLON/H
  147  140  133  122  106   95   83   75   68   65   59   56   50   48   45   45
   45   48   48   48   46   44   41   39   39   41   43   47   49   50   49   46
   42   39   37   36   36   37   38   37   37   37   39   37   39   37   38   36
   37   36   39   42   49   56   66   76   89   98  109  116  125  128  134  134
  138  135  135  133  134  132  139  134  147                                   
    55.0-180.0 180.0   5.0 450.0                            LAT/LON1/LON2/DLON/H
  154  147  140  130  116  103   91   82   75   69   64   58   53   49   49   48
   51   52   54   52   51   47   45   41   42   41   46   45   49   47   47   42
   40   35   36   34   38   38   40   39   41   40   42   41   40   40   39   38
   36   38   39   45   52   63   74   88  100  111  118  127  134  141  146  148
  151  150  149  147  146  145  150  148  154                                   
    52.5-180.0 180.0   5.0 450.0                            LAT/LON1/LON2/DLON/H
  167  164  158  146  129  117  103   94   84   77   68   62   55   53   51   53
   55   58   57   57   52   50   45   43   40   42   43   45   45   45   42   39
   34   33   32   35   36   39   40   40   40   41   42   41   42   41   41   38
   38   36   41   45   57   67   82   95  107  115  125  134  144  149  156  158
  165  164  164  161  158  158  163  159  167                                   
    50.0-180.0 180.0   5.0 450.0                            LAT/LON1/LON2/DLON/H
  181  178  175  165  150  136  122  110   98   88   78   69   62   58   56   57
   59   59   58   56   52   48   46   43   43   42   46   46   48   45   44   39
   39   36   40   40   45   45   47   46   46   46   47   47   47   48   46   45
   43   45   47   57   67   81   97  111  120  129  136  148  155  162  167  174
  179  181  180  178  174  173  179  176  181                                   
    47.5-180.0 180.0   5.0 450.0                            LAT/LON1/LON2/DLON/H
  197  201  195  185  166  155  141  128  114  101   88   78   69   66   62   63
   61   61   55   53   45   45   41   43   39   42   43   46   46   47   44   43
   40   42   43   48   49   51   51   49   50   49   52   50   53   51   52   48
   49   47   53   60   74   88  106  117  130  136  146  155  167  174  182  186
  194  196  198  195  191  191  196  192  197                                   
    45.0-180.0 180.0   5.0 450.0                            LAT/LON1/LON2/DLON/H
  215  215  211  202  187  174  160  146  131  116  101   90   81   76   71   69
   63   59   51   47   41   40   40   41   41   42   45   46   49   49   49   47
   48   48   53   55   58   58   56   55   54   55   56   58   60   61   60   59
   58   60   65   75   90  107  123  134  143  150  159  170  179  188  193  201
  206  210  211  211  206  208  215  211  215                                   
    42.5-180.0 180.0   5.0 450.0                            LAT/LON1/LON2/DLON/H
  229  233  223  214  198  189  172  159  143  127  112  100   91   86   78   75
   65   60   48   45   38   41   40   44   41   45   45   48   48   51   50   51
   50   55   57   61   63   62   59   57   56   58   60   62   66   65   67   65
   67   67   74   84  101  117  133  143  153  158  167  174  187  192  198  202
  213  215  221  220  219  222  230  223  229                                   
    40.0-180.0 180.0   5.0 450.0                            LAT/LON1/LON2/DLON/H
  240  236  229  218  206  195  181  167  152  136  121  110  103   97   91   84
   74   65   54   49   44   47   48   51   49   51   50   51   53   54   55   54
   57   59   64   67   68   67   64   62   61   64   67   70   73   74   75   76
   79   81   89   97  117  131  147  155  163  168  176  185  196  202  205  212
  219  226  229  231  230  236  242  237  240                                   
    37.5-180.0 180.0   5.0 450.0                            LAT/LON1/LON2/DLON/H
  248  248  234  222  206  200  182  170  153  139  125  115  108  105   98   93
   83   76   65   62   57   59   61   63   59   59   57   58   56   58   57   59
   59   64   67   71   70   69   66   65   65   69   73   76   79   80   83   85
   89   93  100  111  129  144  159  168  175  179  187  193  205  207  211  214
  226  230  239  240  244  250  257  245  248                                   
    35.0-180.0 180.0   5.0 450.0                            LAT/LON1/LON2/DLON/H
  257  251  237  220  204  194  181  168  154  140  127  120  114  112  109  103
   98   92   85   81   78   78   78   77   73   72   69   67   67   65   66   64
   67   69   73   76   75   74   71   70   72   77   81   83   86   86   89   91
   96   99  107  116  134  150  165  174  181  185  193  199  211  214  219  226
  237  244  252  255  261  269  271  265  257                                   
    32.5-180.0 180.0   5.0 450.0                            LAT/LON1/LON2/DLON/H
  275  270  247  226  209  196  182  168  154  140  127  119  115  114  111  111
  107  106  102  100   96   95   93   91   85   84   79   79   75   76   73   74
   74   78   78   81   78   78   75   75   78   84   86   88   88   88   89   92
   96  100  106  117  133  150  166  177  184  189  195  203  214  219  224  234
  249  256  267  275  281  290  291  282  275                                   
    30.0-180.0 180.0   5.0 450.0                            LAT/LON1/LON2/DLON/H
  304  294  264  240  221  207  189  174  158  143  130  123  117  116  116  116
  118  118  119  115  112  107  107  102  100   98   96   92   92   89   90   88
   89   92   91   92   88   86   83   83   87   90   93   92   92   89   92   93
   97  101  107  119  134  154  171  186  195  198  206  212  226  233  244  257
  276  285  298  304  312  322  323  312  304                                   
    27.5-180.0 180.0   5.0 450.0                            LAT/LON1/LON2/DLON/H
  349  338  295  265  247  229  214  189  174  154  141  128  122  116  115  117
  120  123  124  121  119  114  114  110  110  110  108  109  107  107  107  108
  108  108  105  103   96   95   91   91   92   93   92   91   87   85   85   87
   90   94  101  112  131  152  175  193  206  210  218  223  237  244  256  272
  293  311  321  332  340  357  356  343  349                                   
    25.0-180.0 180.0   5.0 450.0                            LAT/LON1/LON2/DLON/H
  406  396  352  309  285  268  243  222  196  179  159  145  132  123  118  117
  121  122  122  119  118  113  114  114  118  123  125  125  127  126  129  130
  130  129  122  118  109  107   99   97   96   93   93   88   86   81   80   82
   86   92  100  115  132  160  186  207  221  228  237  243  257  269  281  301
  320  341  356  366  380  395  403  388  406                                   
    22.5-180.0 180.0   5.0 450.0                            LAT/LON1/LON2/DLON/H
  460  450  402  362  329  312  282  254  231  208  189  167  153  137  130  125
  125  121  120  113  113  108  113  117  128  136  142  145  147  149  150  153
  151  148  136  127  115  110  101   97   92   87   84   79   75   70   71   72
   78   84   97  111  136  165  201  227  248  255  265  272  285  297  313  333
  355  378  395  409  417  439  445  432  460                                   
    20.0-180.0 180.0   5.0 450.0                            LAT/LON1/LON2/DLON/H
  516  504  466  422  399  377  340  310  272  250  218  198  172  154  137  130
  121  114  103   99   97  100  111  124  139  151  161  162  168  166  172  171
  170  162  150  137  123  115  103   98   91   83   80   73   69   68   68   73
   79   92  106  130  152  189  223  252  275  287  295  302  314  330  346  368
  390  415  435  449  462  477  487  477  516                                   
    17.5-180.0 180.0   5.0 450.0                            LAT/LON1/LON2/DLON/H
  553  542  508  490  460  445  401  378  330  302  264  236  208  184  164  153
  139  124  108  100  101  109  124  141  158  170  181  184  186  186  185  186
  180  170  155  139  125  112  102   93   85   75   70   62   62   59   63   64
   75   88  110  132  162  197  240  270  301  311  322  328  340  353  371  391
  420  443  464  479  489  508  514  512  553                                   
    15.0-180.0 180.0   5.0 450.0                            LAT/LON1/LON2/DLON/H
  583  574  549  525  505  489  453  427  390  364  316  282  245  221  192  176
  160  135  117  102  107  120  144  158  179  190  202  202  205  199  200  194
  189  176  159  142  125  113  100   91   85   75   70   64   63   64   66   73
   84  105  127  158  186  225  265  294  321  336  349  357  365  375  392  411
  435  455  473  492  506  521  536  538  583                                   
    12.5-180.0 180.0   5.0 450.0                            LAT/LON1/LON2/DLON/H
  594  602  596  578  558  537  504  479  441  415  371  333  287  253  221  205
  180  159  135  128  133  152  171  193  209  219  222  220  217  211  206  203
  192  178  159  140  125  109   99   91   85   75   70   66   67   68   72   77
   92  111  142  169  203  236  281  309  339  354  364  368  377  387  404  418
  437  452  469  487  501  518  531  538  594                                   
    10.0-180.0 180.0   5.0 450.0                            LAT/LON1/LON2/DLON/H
  607  622  627  616  603  575  547  519  486  453  412  378  338  300  265  240
  216  188  171  156  167  183  210  226  241  241  242  233  230  219  213  206
  197  182  163  146  128  116  102   97   91   82   80   75   76   75   80   85
  101  125  157  189  218  250  286  310  337  349  358  360  367  378  393  406
  423  437  450  469  486  501  518  531  607                                   
     7.5-180.0 180.0   5.0 450.0                            LAT/LON1/LON2/DLON/H
  598  625  647  639  631  600  576  547  522  489  451  413  382  347  312  283
  250  228  204  202  209  235  252  267  271  267  258  250  240  229  216  211
