data/unet/pred1100.15i
     1.0            IONOSPHERE MAPS     GNSS                IONEX VERSION / TYPE
pyspatialgeodesy        IME             05-JAN-18 20:20     PGM / RUN BY / DATE 
Map Name                                                    COMMENT             
Predicted global ionosphere maps (GIM).                     DESCRIPTION         
  2015     4    20     0     0     0                        EPOCH OF FIRST MAP  
  2015     4    21     0     0     0                        EPOCH OF LAST MAP   
  7200                                                      INTERVAL            
    13                                                      # OF MAPS IN FILE   
  NONE                                                      MAPPING FUNCTION    
10.0                                                        ELEVATION CUTOFF    
One-way carrier phase leveled to code                       OBSERVABLES USED    
  6371.0                                                    BASE RADIUS         
 2                                                          MAP DIMENSION       
   450.0 450.0   0.0                                        HGT1 / HGT2 / DHGT  
    87.5 -87.5  -2.5                                        LAT1 / LAT2 / DLAT  
  -180.0 180.0   5.0                                        LON1 / LON2 / DLON  
    -1                                                      EXPONENT            
                                                            END OF HEADER       
[from data line 429]
     2                                                      START OF TEC MAP    
  2015     4    20     2     0     0                        EPOCH OF CURRENT MAP
    87.5-180.0 180.0   5.0 450.0                            LAT/LON1/LON2/DLON/H
  224  234  231  234  237  239  242  243  244  246  245  246  243  245  241  241
  237  238  233  234  229  230  226  226  222  222  218  217  212  212  208  208
  204  206  205  207  205  209  208  212  211  215  215  219  218  222  221  224
  223  227  226  230  228  231  229  231  229  230  227  227  227  225  223  221
  221  219  217  216  217  214  215  221  224                                   
    85.0-180.0 180.0   5.0 450.0                            LAT/LON1/LON2/DLON/H
  229  236  233  241  242  244  245  247  247  249  249  250  248  248  246  245
  243  241  239  236  233  229  227  222  219  214  212  206  204  198  198  193
  194  192  195  194  198  199  204  205  209  211  215  216  219  220  223  224
  226  228  229  231  231  233  233  234  235  236  235  235  236  235  233  233
  233  232  229  229  229  221  226  223  229                                   
    82.5-180.0 180.0   5.0 450.0                            LAT/LON1/LON2/DLON/H
  228  234  237  241  242  242  244  245  247  248  252  251  254  252  254  250
  250  245  245  238  236  229  225  217  213  204  200  191  186  180  179  175
  176  175  179  179  184  186  193  194  200  202  208  209  214  214  219  219
  223  223  227  226  229  229  232  231  235  234  237  235  238  236  238  236
  238  237  237  236  239  231  233  225  228                                   
    80.0-180.0 180.0   5.0 450.0                            LAT/LON1/LON2/DLON/H
  230  233  236  239  239  239  239  242  242  247  249  253  254  257  256  256
  252  251  246  241  234  227  220  211  203  192  185  174  168  160  157  154
  154  155  160  163  168  173  179  183  188  193  198  200  203  206  209  212
  213  216  218  220  221  223  225  227  230  231  233  233  237  237  239  239
  242  241  242  239  239  234  237  233  230                                   
    77.5-180.0 180.0   5.0 450.0                            LAT/LON1/LON2/DLON/H
  230  233  233  237  235  236  235  239  241  248  252  257  260  262  262  260
  258  254  250  243  237  229  220  210  199  187  175  164  155  148  145  142
  144  146  152  157  164  169  177  181  187  191  196  197  201  202  205  207
  209  211  213  215  217  219  222  224  227  229  231  232  237  237  241  241
  246  244  246  241  242  238  243  238  230                                   
    75.0-180.0 180.0   5.0 450.0                            LAT/LON1/LON2/DLON/H
  239  237  239  237  236  234  236  238  241  247  252  258  261  263  262  261
  257  254  249  243  236  226  218  206  196  181  171  159  151  143  140  138
  139  143  148  156  163  170  176  182  186  190  193  194  196  197  199  200
  203  205  208  211  213  216  219  221  225  226  229  231  236  237  241  243
  248  249  250  249  246  245  251  247  239                                   
    72.5-180.0 180.0   5.0 450.0                            LAT/LON1/LON2/DLON/H
  249  247  245  243  236  235  233  237  239  247  250  258  258  259  257  253
  250  245  241  236  228  221  211  201  188  177  163  155  146  141  137  136
  137  142  147  155  162  170  175  181  184  188  188  190  190  192  193  195
  197  201  204  208  210  214  216  220  222  225  227  229  234  235  239  241
  247  248  253  252  254  254  261  259  249                                   
    70.0-180.0 180.0   5.0 450.0                            LAT/LON1/LON2/DLON/H
  265  259  258  252  246  241  241  242  244  250  252  257  254  253  247  242
  236  231  227  222  218  210  204  193  184  172  163  154  148  143  141  141
  142  145  149  154  160  166  172  176  179  181  182  181  182  183  186  189
  194  200  206  211  215  219  222  224  228  227  230  231  236  236  239  241
  247  250  256  258  259  261  268  268  265                                   
    67.5-180.0 180.0   5.0 450.0                            LAT/LON1/LON2/DLON/H
  276  270  266  260  251  246  244  246  247  253  254  256  251  245  236  227
  219  213  210  206  202  198  191  184  175  166  158  152  147  145  143  143
  142  143  144  146  149  154  158  162  164  167  167  168  168  172  175  183
  190  199  206  213  218  224  226  230  232  233  234  235  236  235  236  236
  240  243  251  255  260  264  270  271  276                                   
    65.0-180.0 180.0   5.0 450.0                            LAT/LON1/LON2/DLON/H
  284  276  276  267  257  251  250  252  254  260  260  260  251  241  226  213
  200  194  190  190  187  186  183  174  170  159  157  148  149  144  146  142
  142  137  137  132  134  133  138  140  143  145  147  149  153  157  165  175
  188  199  210  218  227  231  236  238  241  241  241  240  240  237  236  233
  235  236  244  247  254  260  267  269  284                                   
    62.5-180.0 180.0   5.0 450.0                            LAT/LON1/LON2/DLON/H
  286  277  274  267  257  251  251  254  259  265  266  264  253  238  220  201
  188  179  178  177  178  176  174  167  161  153  149  145  145  144  145  141
  138  129  126  117  115  113  115  116  120  123  127  130  135  143  154  168
  182  197  209  220  228  234  237  242  245  248  250  250  249  244  242  235
  233  231  235  238  244  252  261  264  286                                   
    60.0-180.0 180.0   5.0 450.0                            LAT/LON1/LON2/DLON/H
  285  275  274  268  257  252  250  255  260  269  270  268  257  241  221  200
  185  176  174  172  174  170  168  159  154  142  142  136  142  140  144  136
  133  121  116  103  101   95   98   98  101  105  109  113  119  129  144  159
  176  192  207  218  229  235  243  248  254  258  260  262  260  257  251  245
  240  235  237  235  241  248  259  262  285                                   
    57.5-180.0 180.0   5.0 450.0                            LAT/LON1/LON2/DLON/H
  287  275  272  265  256  248  249  253  261  269  273  271  261  245  227  205
  192  179  178  174  176  170  167  155  149  139  137  134  140  140  143  136
  131  118  110   99   96   92   94   93   95   97   99  104  108  120  134  151
  167  186  199  212  221  231  238  249  258  268  275  280  283  280  278  269
  263  253  250  245  247  252  261  265  287                                   
    55.0-180.0 180.0   5.0 450.0                            LAT/LON1/LON2/DLON/H
  297  285  281  276  264  256  250  254  258  267  270  271  264  253  238  221
  209  194  191  182  183  171  169  154  149  137  139  136  144  144  147  139
  133  119  112  100   99   95   95   93   91   93   94   99  104  114  128  144
  161  175  190  201  215  225  240  251  264  277  287  296  300  303  301  297
  289  282  274  267  266  267  275  278  297                                   
    52.5-180.0 180.0   5.0 450.0                            LAT/LON1/LON2/DLON/H
  314  302  299  293  282  270  265  261  264  268  272  273  270  263  253  238
  226  211  203  191  188  177  172  160  154  144  146  144  152  152  154  146
  138  126  119  110  110  106  109  103  103  100  102  105  108  119  129  145
  158  172  181  195  205  221  236  254  270  288  303  314  325  331  336  335
  332  324  318  307  303  296  301  301  314                                   
    50.0-180.0 180.0   5.0 450.0                            LAT/LON1/LON2/DLON/H
  342  332  333  332  319  305  290  281  273  272  272  273  273  273  268  259
  247  230  220  202  198  184  182  168  166  155  158  156  164  162  164  154
  148  136  132  125  125  124  122  118  112  110  109  113  116  125  135  147
  160  168  179  190  205  222  242  261  282  303  318  335  347  359  369  374
  378  372  366  355  350  341  338  337  342                                   
    47.5-180.0 180.0   5.0 450.0                            LAT/LON1/LON2/DLON/H
  375  374  374  374  364  349  332  313  297  287  281  281  282  284  285  275
  266  243  229  210  203  191  189  181  178  172  174  172  177  175  172  165
  156  148  144  141  143  140  141  131  129  121  124  126  131  137  146  157
  168  177  187  198  214  233  256  280  302  323  340  356  372  386  398  408
  415  416  416  410  406  392  380  372  375                                   
    45.0-180.0 180.0   5.0 450.0                            LAT/LON1/LON2/DLON/H
  411  413  413  416  409  395  373  353  327  309  295  289  288  292  293  287
  275  255  239  222  216  205  204  196  196  188  191  186  190  184  183  173
  167  160  159  158  158  158  151  146  135  135  135  141  144  154  162  172
  182  190  200  213  228  252  275  303  328  355  369  390  401  419  428  443
  450  458  460  461  458  443  433  416  411                                   
    42.5-180.0 180.0   5.0 450.0                            LAT/LON1/LON2/DLON/H
  441  445  444  445  438  424  403  380  353  330  311  303  301  303  303  294
  282  258  245  229  225  219  220  214  213  206  205  200  198  193  189  181
  175  171  172  170  172  165  163  150  146  141  147  150  159  165  176  186
  197  207  219  234  252  275  300  328  354  378  398  413  427  440  450  465
  471  484  488  496  496  483  467  444  441                                   
    40.0-180.0 180.0   5.0 450.0                            LAT/LON1/LON2/DLON/H
  467  470  466  468  459  443  420  399  371  348  326  315  311  309  308  299
  284  264  250  241  239  238  239  235  230  218  216  207  206  199  198  191
  189  186  189  188  184  178  166  161  151  154  156  167  173  184  190  204
  214  225  237  254  273  299  324  355  378  407  426  448  460  479  484  500
  504  518  521  533  535  521  504  478  467                                   
    37.5-180.0 180.0   5.0 450.0                            LAT/LON1/LON2/DLON/H
  487  491  487  484  472  455  432  408  383  359  341  328  323  319  315  304
  289  269  260  251  255  255  258  251  245  230  224  215  214  209  210  206
  208  204  205  200  194  181  171  158  155  153  162  168  180  187  200  212
  225  236  249  267  289  313  340  367  391  416  442  468  488  510  516  532
  534  548  551  563  568  554  528  494  487                                   
    35.0-180.0 180.0   5.0 450.0                            LAT/LON1/LON2/DLON/H
  509  512  501  497  480  463  439  417  394  375  359  344  337  331  324  312
  294  279  269  269  271  275  272  263  251  236  230  224  226  225  230  229
  232  230  229  221  209  196  177  170  158  162  166  178  182  195  202  218
  229  243  257  273  297  323  349  379  401  439  469  507  534  560  569  584
  585  597  600  614  620  606  580  542  509                                   
    32.5-180.0 180.0   5.0 450.0                            LAT/LON1/LON2/DLON/H
  539  538  526  511  492  473  450  430  412  394  383  367  360  349  338  321
  306  290  287  286  291  289  283  268  259  247  247  246  255  258  267  269
  269  265  256  244  227  210  190  177  166  165  169  177  181  190  199  214
  229  243  259  277  299  325  351  376  400  436  473  523  552  586  603  624
  628  640  642  657  666  655  626  584  539                                   
    30.0-180.0 180.0   5.0 450.0                            LAT/LON1/LON2/DLON/H
  593  582  567  547  522  501  475  457  438  425  411  397  385  370  354  337
  317  306  299  302  304  300  289  279  269  269  274  289  303  319  329  333
  329  316  302  280  253  231  206  196  180  177  173  178  178  185  189  207
  227  250  269  288  310  335  357  386  407  450  485  549  589  637  658  689
  696  712  710  726  736  724  707  675  593                                   
    27.5-180.0 180.0   5.0 450.0                            LAT/LON1/LON2/DLON/H
  662  654  632  602  574  546  521  499  482  463  454  434  422  399  379  355
  335  319  316  312  315  307  302  294  296  309  329  354  378  397  410  411
  398  373  342  312  277  250  219  205  188  181  172  171  165  166  169  187
  210  234  261  281  308  331  359  384  410  449  489  548  601  662  693  736
  750  770  772  789  803  798  786  757  662                                   
    25.0-180.0 180.0   5.0 450.0                            LAT/LON1/LON2/DLON/H
  753  754  722  697  665  637  607  582  554  537  514  494  470  442  414  383
  354  335  322  316  314  313  313  322  338  371  402  436  461  477  482  474
  453  416  374  331  294  261  231  214  199  186  177  169  159  157  158  181
  202  232  252  280  302  328  353  382  416  459  505  567  627  688  731  774
  798  824  842  867  874  873  875  859  753                                   
    22.5-180.0 180.0   5.0 450.0                            LAT/LON1/LON2/DLON/H
  844  850  822  789  769  744  723  695  661  631  600  565  533  491  458  416
  382  351  335  324  323  327  338  365  398  438  473  504  518  527  520  504
  467  424  368  329  288  258  232  217  203  190  174  163  152  147  153  172
  199  226  256  280  306  332  360  390  429  472  529  586  642  700  743  784
  820  849  876  898  916  920  934  925  844                                   
    20.0-180.0 180.0   5.0 450.0                            LAT/LON1/LON2/DLON/H
  912  925  918  903  888  863  833  803  774  749  708  666  614  562  514  467
  425  386  357  341  340  357  379  426  465  514  542  557  558  553  533  503
  461  405  356  315  281  253  233  220  206  189  170  158  147  144  149  171
  196  232  264  291  316  340  372  404  445  500  558  610  659  712  747  791
  824  860  890  914  935  949  965  984  912                                   
    17.5-180.0 180.0   5.0 450.0                            LAT/LON1/LON2/DLON/H
  964  993 1000 1000 1005  981  958  916  887  836  800  758  700  637  575  525
  477  436  403  383  381  402  434  484  529  571  587  586  568  548  510  470
  420  371  326  289  262  241  224  215  197  183  165  151  143  135  142  159
  189  230  268  302  329  360  390  427  467  521  573  628  670  717  750  794
  824  861  890  921  943  964  974 1000  964                                   
    15.0-180.0 180.0   5.0 450.0                            LAT/LON1/LON2/DLON/H
  994 1028 1053 1063 1078 1065 1051 1011  978  929  884  835  775  722  654  597
  547  504  470  453  453  480  515  564  597  617  617  591  557  511  463  413
  375  324  293  262  247  228  220  208  193  178  160  149  138  132  135  151
  181  227  264  305  339  371  408  440  486  532  588  635  679  716  750  796
  817  857  879  916  935  956  968 1004  994                                   
    12.5-180.0 180.0   5.0 450.0                            LAT/LON1/LON2/DLON/H
 1007 1033 1068 1085 1104 1103 1101 1069 1045  991  955  896  841  787  724  679
  616  585  550  540  539  561  590  619  636  627  599  556  502  450  400  359
  322  281  252  230  221  213  206  199  181  170  158  141  132  121  125  136
  171  214  262  302  342  378  423  457  499  553  592  647  677  726  759  795
  816  852  870  904  919  948  940  988 1007                                   
    10.0-180.0 180.0   5.0 450.0                            LAT/LON1/LON2/DLON/H
 1005 1023 1060 1081 1098 1106 1111 1098 1077 1032  993  947  891  842  776  740
  698  670  646  640  639  654  668  665  654  608  553  484  424  363  326  296
  273  248  236  218  214  206  202  193  179  170  157  145  131  121  122  133
  160  206  253  297  338  383  428  468  512  557  607  647  693  731  769  808
  824  861  872  902  912  933  924  972 1005                                   
     7.5-180.0 180.0   5.0 450.0                            LAT/LON1/LON2/DLON/H
 1002 1012 1050 1067 1081 1092 1095 1095 1078 1042 1014  967  922  868  812  780
  744  739  722  727  722  714  702  664  617  548  476  399  346  299  273  257
