data/unet/pred0280.15i
     1.0            IONOSPHERE MAPS     GNSS                IONEX VERSION / TYPE
pyspatialgeodesy        IME             05-JAN-18 20:20     PGM / RUN BY / DATE 
Map Name                                                    COMMENT             
Predicted global ionosphere maps (GIM).                     DESCRIPTION         
  2015     1    28     0     0     0                        EPOCH OF FIRST MAP  
  2015     1    29     0     0     0                        EPOCH OF LAST MAP   
  7200                                                      INTERVAL            
    13                                                      # OF MAPS IN FILE   
  NONE                                                      MAPPING FUNCTION    
10.0                                                        ELEVATION CUTOFF    
One-way carrier phase leveled to code                       OBSERVABLES USED    
  6371.0                                                    BASE RADIUS         
 2                                                          MAP DIMENSION       
   450.0 450.0   0.0                                        HGT1 / HGT2 / DHGT  
    87.5 -87.5  -2.5                                        LAT1 / LAT2 / DLAT  
  -180.0 180.0   5.0                                        LON1 / LON2 / DLON  
    -1                                                      EXPONENT            
                                                            END OF HEADER       
[from data line 1287]
     4                                                      START OF TEC MAP    
  2015     1    28     6     0     0                        EPOCH OF CURRENT MAP
    87.5-180.0 180.0   5.0 450.0                            LAT/LON1/LON2/DLON/H
   46   81   81   83   82   83   84   88   89   91   92   92   91   91   89   89
   86   87   84   84   80   81   76   77   72   74   69   71   66   69   65   68
   64   67   65   67   65   67   66   67   66   67   67   67   67   67   68   67
   68   67   68   67   67   67   67   67   66   67   66   66   66   66   65   66
   66   66   67   69   74   74   91   48   46                                   
    85.0-180.0 180.0   5.0 450.0                            LAT/LON1/LON2/DLON/H
   74   83   71   77   75   76   77   82   82   87   85   90   86   91   87   90
   86   88   83   83   78   79   75   74   71   71   68   68   66   66   65   65
   64   65   66   65   67   67   69   68   69   68   69   68   69   68   69   68
   69   68   71   69   71   69   72   70   71   70   71   68   70   68   69   66
   69   66   68   66   69   64   85   71   74                                   
    82.5-180.0 180.0   5.0 450.0                            LAT/LON1/LON2/DLON/H
   74   71   71   70   74   70   78   79   86   86   91   90   93   90   92   88
   88   82   82   75   75   68   68   61   61   56   57   53   55   52   56   53
   58   55   63   59   66   63   71   67   73   69   74   71   75   72   76   73
   76   73   76   73   76   73   77   73   77   72   76   69   73   67   71   64
   69   62   68   62   67   60   78   60   74                                   
    80.0-180.0 180.0   5.0 450.0                            LAT/LON1/LON2/DLON/H
   74   76   67   70   65   72   73   82   82   89   89   94   93   94   92   91
   86   84   78   73   65   63   55   55   46   50   44   49   44   50   49   53
   53   58   60   63   64   68   69   72   70   74   71   75   70   75   73   76
   74   78   78   81   82   84   85   86   86   86   85   83   81   80   76   75
   71   71   67   68   65   57   65   54   74                                   
    77.5-180.0 180.0   5.0 450.0                            LAT/LON1/LON2/DLON/H
   66   62   62   63   67   68   78   79   87   88   94   93   94   93   91   89
   83   79   73   67   61   55   49   46   41   40   40   39   40   42   46   49
   53   57   63   65   69   71   73   75   74   75   75   76   74   77   77   81
   81   86   87   93   93   98   98  102  101  104   99  101   94   95   88   88
   80   81   75   75   71   63   68   51   66                                   
    75.0-180.0 180.0   5.0 450.0                            LAT/LON1/LON2/DLON/H
   62   62   61   60   57   64   68   74   79   83   87   86   86   85   85   80
   78   71   68   60   54   49   43   39   36   37   36   38   38   43   44   49
   52   58   62   66   69   72   74   76   75   76   76   77   76   80   83   88
   91   98  106  112  118  122  126  127  127  126  122  121  117  115  109  105
   98   95   90   86   83   69   75   51   62                                   
    72.5-180.0 180.0   5.0 450.0                            LAT/LON1/LON2/DLON/H
   64   57   59   54   55   57   65   67   77   78   86   82   84   80   79   74
   71   66   62   56   52   48   45   41   40   40   42   42   45   47   51   54
   57   61   65   67   69   70   71   71   68   70   69   73   73   82   87   99
  105  117  127  138  143  151  153  156  153  154  145  144  135  136  127  125
  115  111  103   99   93   83   83   61   64                                   
    70.0-180.0 180.0   5.0 450.0                            LAT/LON1/LON2/DLON/H
   71   66   59   57   51   54   56   59   64   65   69   67   68   65   67   63
   61   58   54   51   47   46   45   43   45   46   48   49   51   54   55   58
   57   61   60   64   61   65   61   63   58   60   59   63   68   77   91  101
  119  130  150  156  169  173  181  181  182  178  173  166  164  156  152  144
  139  129  125  116  111   94   95   71   71                                   
    67.5-180.0 180.0   5.0 450.0                            LAT/LON1/LON2/DLON/H
   80   75   67   58   58   52   60   55   64   59   67   61   64   59   58   54
   52   48   47   45   45   46   48   51   54   58   61   62   64   64   66   65
   64   62   62   59   58   55   54   52   51   53   55   63   67   82   95  114
  128  148  164  177  185  193  198  200  199  196  188  185  179  175  166  158
  150  143  135  130  123  108  108   83   80                                   
    65.0-180.0 180.0   5.0 450.0                            LAT/LON1/LON2/DLON/H
   91   85   71   65   58   57   57   57   56   55   57   51   51   49   49   46
   47   45   46   48   48   52   55   60   65   69   74   72   75   71   73   67
   65   60   58   52   50   44   43   39   41   40   48   55   68   82  104  121
  143  162  182  194  206  211  221  219  220  213  209  202  200  193  187  172
  162  153  147  139  134  119  116   95   91                                   
    62.5-180.0 180.0   5.0 450.0                            LAT/LON1/LON2/DLON/H
  102   95   78   67   66   56   62   53   60   50   57   50   53   48   49   47
   47   45   45   46   48   51   56   63   68   75   78   82   80   78   73   69
   61   58   50   46   39   33   31   31   32   37   43   55   69   90  112  134
  155  176  196  210  220  227  230  231  228  223  218  211  210  203  196  182
  169  158  151  144  139  127  125  105  102                                   
    60.0-180.0 180.0   5.0 450.0                            LAT/LON1/LON2/DLON/H
  110   97   75   69   61   58   59   57   58   54   54   49   48   47   48   46
   49   46   49   50   51   56   57   65   70   75   80   79   81   74   73   62
   61   48   48   35   35   25   27   25   32   35   48   61   82  104  126  147
  167  189  207  220  230  235  238  237  236  230  225  218  219  212  204  189
  176  163  154  148  142  132  129  115  110                                   
    57.5-180.0 180.0   5.0 450.0                            LAT/LON1/LON2/DLON/H
  119  102   80   67   64   56   60   54   60   51   56   49   52   48   52   52
   52   54   49   50   48   50   53   58   63   68   71   74   71   70   63   59
   50   45   38   33   29   23   23   25   33   40   54   74   95  118  139  159
  181  199  216  229  239  243  244  242  242  236  233  228  230  221  215  199
  183  167  158  151  146  136  135  118  119                                   
    55.0-180.0 180.0   5.0 450.0                            LAT/LON1/LON2/DLON/H
  124  101   77   68   59   55   57   56   58   56   55   53   53   53   56   58
   60   56   56   53   51   51   50   54   57   61   63   64   63   60   58   52
   49   41   41   33   34   28   32   33   46   53   71   93  113  136  154  174
  194  213  228  241  248  252  251  250  248  247  241  238  239  235  228  213
  196  178  165  156  150  140  137  127  124                                   
    52.5-180.0 180.0   5.0 450.0                            LAT/LON1/LON2/DLON/H
  135  110   85   71   64   58   58   57   60   55   59   54   57   56   60   63
   63   63   57   55   47   48   44   48   49   52   54   55   55   55   52   51
   47   44   43   39   40   37   43   48   61   72   91  113  133  154  174  190
  211  227  242  252  260  260  261  257  258  256  254  251  254  248  244  229
  212  190  175  164  159  148  146  133  135                                   
    50.0-180.0 180.0   5.0 450.0                            LAT/LON1/LON2/DLON/H
  141  116   90   81   68   64   62   61   62   61   61   59   57   60   62   65
   69   63   62   54   54   49   49   50   53   53   53   54   52   53   52   51
   52   49   52   48   51   50   57   62   77   91  109  130  149  169  188  208
  226  243  255  266  271  274  271  271  270  271  266  266  268  265  258  245
  229  206  187  174  166  154  154  142  141                                   
    47.5-180.0 180.0   5.0 450.0                            LAT/LON1/LON2/DLON/H
  154  130  108   95   85   78   73   70   69   66   66   62   64   63   65   66
   69   67   62   61   54   56   52   56   55   56   55   55   54   54   54   52
   55   53   58   57   64   67   76   84   97  113  128  147  165  184  205  222
  242  254  268  275  281  282  282  279  280  278  276  273  277  271  265  252
  236  215  195  182  173  164  164  149  154                                   
    45.0-180.0 180.0   5.0 450.0                            LAT/LON1/LON2/DLON/H
  160  141  116  109   97   92   85   81   78   75   76   71   71   69   69   69
   73   68   70   63   69   64   71   69   75   70   69   67   63   61   58   57
   58   58   64   66   73   78   88   96  113  125  141  156  175  196  219  238
  254  267  278  287  292  297  294  293  290  289  282  280  279  276  267  253
  237  218  197  183  173  162  168  153  160                                   
    42.5-180.0 180.0   5.0 450.0                            LAT/LON1/LON2/DLON/H
  163  145  129  118  114  106   99   94   88   85   83   79   80   76   75   74
   75   75   73   75   75   82   82   88   88   88   83   79   73   68   63   59
   60   61   69   75   84   91  101  113  126  140  153  169  188  209  235  251
  269  279  291  297  303  305  304  298  295  289  282  276  276  269  258  246
  228  212  193  181  171  162  168  151  163                                   
    40.0-180.0 180.0   5.0 450.0                            LAT/LON1/LON2/DLON/H
  158  149  127  125  119  116  107  104   98   97   96   94   95   90   90   84
   89   82   90   84   98   97  110  107  115  108  104   95   87   77   68   62
   61   61   69   75   85   95  105  122  137  150  164  177  197  222  244  263
  276  287  297  308  313  319  314  310  302  295  282  276  270  264  251  240
  223  211  190  179  167  154  165  145  158                                   
    37.5-180.0 180.0   5.0 450.0                            LAT/LON1/LON2/DLON/H
  152  139  127  120  120  114  109  105  101  103  103  103  105  101   99   96
   96   94   95   99  106  115  121  127  126  123  116  108   97   85   73   64
   61   62   69   78   89   99  113  129  147  160  176  189  212  234  259  272
  287  295  305  314  323  327  327  320  312  301  288  280  272  265  249  241
  226  211  196  179  168  153  161  139  152                                   
    35.0-180.0 180.0   5.0 450.0                            LAT/LON1/LON2/DLON/H
  147  134  116  116  117  113  110  106  104  107  112  115  118  116  117  112
  116  111  118  116  129  132  141  140  144  135  129  118  105   91   78   67
   61   61   66   74   84   98  113  135  153  172  188  205  225  249  268  283
  294  303  313  327  336  346  348  346  338  330  316  307  293  285  268  261
  246  236  217  199  182  162  161  136  147                                   
    32.5-180.0 180.0   5.0 450.0                            LAT/LON1/LON2/DLON/H
  148  128  111  104  104  102   99   97   96  102  109  115  120  120  121  120
  121  122  124  126  134  140  145  147  145  138  131  123  110   98   83   73
   66   65   69   76   85   98  118  141  166  184  205  221  244  262  284  294
  306  312  323  335  352  365  375  377  376  369  359  351  338  330  314  306
  293  280  261  237  213  184  174  149  148                                   
    30.0-180.0 180.0   5.0 450.0                            LAT/LON1/LON2/DLON/H
  156  127  105   99   96   92   90   85   87   92  103  112  120  123  127  127
  133  131  136  137  145  146  150  145  147  138  133  126  116  105   94   81
   72   70   71   78   84   98  117  147  173  195  218  238  260  278  297  307
  317  325  338  356  375  398  412  423  427  428  419  416  403  395  380  375
  361  350  328  298  264  221  197  176  156                                   
    27.5-180.0 180.0   5.0 450.0                            LAT/LON1/LON2/DLON/H
  184  144  123  105   98   88   84   78   76   83   92  102  109  115  120  125
  130  132  136  136  141  141  140  139  135  133  128  128  118  115  103   94
   85   83   84   86   88   97  119  148  181  206  230  250  272  289  306  317
  327  336  352  370  400  422  448  462  475  480  482  483  478  472  462  455
  445  432  415  386  344  286  242  219  184                                   
    25.0-180.0 180.0   5.0 450.0                            LAT/LON1/LON2/DLON/H
  231  172  143  124  112   99   93   82   77   81   86   96  103  109  117  122
  130  131  137  135  140  136  137  132  134  130  129  128  125  123  114   98
   87   90   94   95   89   97  114  149  181  210  234  256  280  298  315  324
  335  347  367  393  423  454  486  509  525  539  541  549  544  545  535  536
  525  521  502  476  435  373  307  288  231                                   
    22.5-180.0 180.0   5.0 450.0                            LAT/LON1/LON2/DLON/H
  295  213  186  150  135  118  114   95   93   87   89   94   97  103  106  114
  118  122  123  124  122  124  121  125  124  131  128  136  136  133  121  106
   97   92   94   99   94   96  116  148  187  215  244  263  286  306  322  333
  347  362  389  415  454  485  522  548  574  590  603  613  621  622  620  613
  608  599  590  564  528  476  408  371  295                                   
    20.0-180.0 180.0   5.0 450.0                            LAT/LON1/LON2/DLON/H
  369  288  243  204  175  159  146  133  122  112  105  105  102  107  108  112
  116  115  119  115  120  118  123  124  133  134  137  145  148  143  130  118
  107  100   97   99   95   99  116  149  185  219  249  272  295  315  333  346
  364  387  416  451  488  526  560  591  617  638  647  661  668  674  674  669
  663  656  651  639  609  562  502  457  369                                   
    17.5-180.0 180.0   5.0 450.0                            LAT/LON1/LON2/DLON/H
  443  380  330  272  236  212  198  178  164  148  136  125  119  119  116  116
  111  111  106  108  107  115  117  130  134  147  152  157  153  148  137  124
  111  103   94   94   94   99  120  152  192  227  259  287  309  331  350  371
  393  419  451  484  523  555  588  618  646  662  676  685  700  700  704  694
  691  682  681  677  664  635  591  532  443                                   
    15.0-180.0 180.0   5.0 450.0                            LAT/LON1/LON2/DLON/H
  493  453  402  359  311  285  254  237  217  209  186  174  157  152  141  138
  127  121  115  114  119  124  131  141  153  166  172  170  164  152  148  132
  124  110  103   99   98  107  127  160  195  232  266  296  322  345  374  399
  427  453  483  516  547  578  607  637  653  670  676  691  702  706  705  696
  690  687  688  690  682  665  636  590  493                                   
    12.5-180.0 180.0   5.0 450.0                            LAT/LON1/LON2/DLON/H
  533  505  471  430  391  364  329  301  279  260  241  224  206  193  178  169
  151  142  128  126  126  137  145  163  177  183  184  180  166  157  142  135
  122  114  105   99  104  111  136  168  205  240  271  307  334  365  393  426
  454  480  508  533  559  582  612  638  657  664  672  678  695  695  694  682
  677  668  676  674  678  675  663  613  533                                   
    10.0-180.0 180.0   5.0 450.0                            LAT/LON1/LON2/DLON/H
  552  539  505  474  442  421  390  373  338  326  297  285  253  243  221  214
  192  183  165  161  158  166  173  190  197  204  201  192  178  162  154  139
  130  117  107  100  103  121  141  179  207  242  273  308  339  373  410  446
  474  498  520  541  559  583  602  630  642  651  651  660  670  672  669  658
  646  644  645  651  654  658  657  620  552                                   
     7.5-180.0 180.0   5.0 450.0                            LAT/LON1/LON2/DLON/H
  564  555  536  507  479  458  434  417  395  379  359  340  318  295  273  257
  233  215  204  195  196  194  200  205  217  217  212  201  180  171  158  148
