data/unet/pred1880.15i
     1.0            IONOSPHERE MAPS     GNSS                IONEX VERSION / TYPE
pyspatialgeodesy        IME             05-JAN-18 20:20     PGM / RUN BY / DATE 
Map Name                                                    COMMENT             
Predicted global ionosphere maps (GIM).                     DESCRIPTION         
  2015     7     7     0     0     0                        EPOCH OF FIRST MAP  
  2015     7     8     0     0     0                        EPOCH OF LAST MAP   
  7200                                                      INTERVAL            
    13                                                      # OF MAPS IN FILE   
  NONE                                                      MAPPING FUNCTION    
10.0                                                        ELEVATION CUTOFF    
One-way carrier phase leveled to code                       OBSERVABLES USED    
  6371.0                                                    BASE RADIUS         
 2                                                          MAP DIMENSION       
   450.0 450.0   0.0                                        HGT1 / HGT2 / DHGT  
    87.5 -87.5  -2.5                                        LAT1 / LAT2 / DLAT  
  -180.0 180.0   5.0                                        LON1 / LON2 / DLON  
    -1                                                      EXPONENT            
                                                            END OF HEADER       
[from data line 2574]
     7                                                      START OF TEC MAP    
  2015     7     7    12     0     0                        EPOCH OF CURRENT MAP
    87.5-180.0 180.0   5.0 450.0                            LAT/LON1/LON2/DLON/H
  146  161  162  160  159  157  159  157  160  157  160  157  160  158  160  157
  160  157  159  156  159  156  158  155  158  155  157  155  158  155  158  156
  159  156  159  156  160  157  159  157  160  157  160  157  161  158  161  158
  162  159  162  159  163  160  163  160  164  161  163  160  163  160  162  159
  162  159  162  158  159  157  164  141  146                                   
    85.0-180.0 180.0   5.0 450.0                            LAT/LON1/LON2/DLON/H
  149  152  152  150  150  149  151  150  152  150  151  149  151  150  152  150
  153  151  154  152  155  153  156  153  157  153  157  154  159  155  160  156
  162  157  162  158  164  159  164  159  165  159  165  160  165  160  165  160
  164  160  163  159  163  159  161  158  161  157  160  156  159  154  156  152
  155  151  154  150  152  150  159  157  149                                   
    82.5-180.0 180.0   5.0 450.0                            LAT/LON1/LON2/DLON/H
  144  146  146  143  145  142  144  142  145  141  143  139  143  139  143  140
  145  141  147  144  149  147  150  150  152  151  153  153  155  155  157  157
  160  159  161  160  163  161  164  162  165  163  165  163  166  163  166  162
  165  162  164  160  163  159  161  156  159  154  157  151  154  148  151  144
  148  142  147  141  144  142  146  145  144                                   
    80.0-180.0 180.0   5.0 450.0                            LAT/LON1/LON2/DLON/H
  137  141  137  140  139  141  139  141  139  139  138  138  137  137  136  137
  137  138  139  140  143  143  145  146  148  148  149  149  152  152  154  155
  157  157  160  160  162  162  163  163  164  164  165  165  166  165  166  165
  165  165  164  164  163  163  161  160  158  157  154  152  150  147  144  141
  140  138  138  136  136  134  133  138  137                                   
    77.5-180.0 180.0   5.0 450.0                            LAT/LON1/LON2/DLON/H
  133  135  134  134  136  138  137  137  135  134  132  131  130  128  129  128
  130  130  133  134  137  139  141  143  144  146  147  150  150  152  154  156
  158  160  162  164  165  166  168  168  169  169  171  170  171  171  171  170
  170  170  170  170  169  168  167  165  163  161  158  155  151  148  145  141
  139  137  135  132  131  130  130  135  133                                   
    75.0-180.0 180.0   5.0 450.0                            LAT/LON1/LON2/DLON/H
  127  130  129  131  132  136  134  135  131  131  127  126  123  123  121  122
  122  125  128  131  133  138  139  143  142  147  146  149  148  152  153  157
  158  162  163  167  167  171  170  173  171  175  174  177  174  176  174  175
  172  174  171  173  171  172  169  168  165  163  160  157  153  150  146  143
  139  138  134  131  128  128  127  131  127                                   
    72.5-180.0 180.0   5.0 450.0                            LAT/LON1/LON2/DLON/H
  127  129  129  129  131  135  133  133  129  127  123  120  117  114  115  113
  116  118  124  126  132  134  139  140  143  144  145  147  148  150  152  155
  158  162  164  168  170  173  174  175  176  177  178  178  178  178  177  176
  175  175  174  174  174  173  172  170  168  166  163  160  157  153  151  147
  144  140  138  132  131  127  130  131  127                                   
    70.0-180.0 180.0   5.0 450.0                            LAT/LON1/LON2/DLON/H
  126  130  127  128  131  134  133  133  128  126  121  119  114  112  111  112
  115  119  125  129  135  139  142  145  145  147  146  149  148  152  153  158
  160  165  167  171  172  175  176  178  178  180  179  180  178  179  176  176
  173  175  172  175  172  173  171  171  168  168  165  163  160  158  155  152
  149  148  144  139  136  134  133  133  126                                   
    67.5-180.0 180.0   5.0 450.0                            LAT/LON1/LON2/DLON/H
  128  130  129  127  128  132  130  131  127  124  120  117  112  111  109  111
  114  119  125  131  137  141  145  146  147  147  147  148  150  151  154  157
  162  165  168  171  174  176  177  178  179  180  180  180  178  178  176  175
  173  173  172  173  173  173  172  172  171  171  170  169  167  166  164  162
  160  157  154  148  146  140  141  136  128                                   
    65.0-180.0 180.0   5.0 450.0                            LAT/LON1/LON2/DLON/H
  131  132  129  129  129  129  130  129  125  124  119  118  113  113  111  114
  117  123  127  135  139  145  146  150  149  151  149  153  152  157  157  164
  165  171  171  176  175  179  178  181  180  182  181  181  178  178  174  174
  170  172  169  172  170  172  170  173  171  173  172  173  172  174  172  172
  169  169  165  159  155  152  149  141  131                                   
    62.5-180.0 180.0   5.0 450.0                            LAT/LON1/LON2/DLON/H
  133  132  129  125  123  124  120  121  117  117  113  114  111  112  110  116
  116  123  126  133  137  141  144  146  147  148  149  151  153  156  160  164
  168  171  173  175  176  178  178  179  179  181  180  180  179  177  176  174
  173  172  171  172  173  174  175  176  177  178  179  181  181  183  183  183
  181  180  176  169  165  159  158  143  133                                   
    60.0-180.0 180.0   5.0 450.0                            LAT/LON1/LON2/DLON/H
  136  131  126  124  121  118  115  113  109  109  108  110  109  112  112  118
  119  126  127  134  135  142  142  147  145  150  149  156  156  164  164  172
  172  179  177  182  180  183  180  184  181  186  184  186  183  181  178  176
  173  173  171  174  174  177  177  180  181  183  184  187  189  190  191  192
  190  189  186  177  172  167  164  145  136                                   
    57.5-180.0 180.0   5.0 450.0                            LAT/LON1/LON2/DLON/H
  137  130  125  120  114  110  103  100   96   97   96  101  101  107  108  116
  117  124  125  130  131  135  136  140  141  146  148  155  159  165  169  173
  177  181  183  184  185  186  186  186  186  189  190  192  192  189  188  183
  182  180  180  181  183  184  188  189  192  193  196  196  200  200  202  201
  201  197  194  184  179  172  167  145  137                                   
    55.0-180.0 180.0   5.0 450.0                            LAT/LON1/LON2/DLON/H
  138  127  123  121  113  105   97   92   87   86   89   92   97  102  107  114
  117  125  124  131  129  135  133  140  139  149  150  161  163  173  174  183
  184  192  191  196  194  198  194  199  195  203  200  204  200  201  196  194
  190  190  188  190  191  193  196  198  201  203  206  207  209  210  211  209
  208  204  201  188  181  174  167  145  138                                   
    52.5-180.0 180.0   5.0 450.0                            LAT/LON1/LON2/DLON/H
  140  128  124  119  112  104   95   86   81   77   78   82   88   95   99  109
  113  123  124  130  129  132  132  137  139  148  152  161  167  174  180  184
  191  196  201  203  207  208  210  210  211  214  216  216  217  215  213  208
  207  204  204  204  206  208  210  212  216  216  219  219  220  219  219  216
  214  208  203  190  183  174  168  146  140                                   
    50.0-180.0 180.0   5.0 450.0                            LAT/LON1/LON2/DLON/H
  142  129  124  122  115  106   97   86   78   71   72   74   81   89   97  107
  114  124  128  134  133  138  138  145  146  157  159  170  173  183  186  195
  199  209  213  221  223  230  229  234  229  236  234  237  235  234  230  227
  223  221  218  218  218  220  220  223  225  226  227  227  229  227  227  223
  220  214  207  193  184  176  167  145  142                                   
    47.5-180.0 180.0   5.0 450.0                            LAT/LON1/LON2/DLON/H
  146  133  128  126  119  113  103   93   84   75   71   71   75   85   92  104
  112  125  129  137  138  143  144  150  153  162  165  173  178  187  193  200
  209  217  227  236  245  251  251  252  251  252  252  254  251  252  248  246
  242  239  236  234  234  235  236  237  239  239  238  239  238  236  233  228
  224  217  208  195  186  176  169  149  146                                   
    45.0-180.0 180.0   5.0 450.0                            LAT/LON1/LON2/DLON/H
  148  137  129  129  123  120  112  102   92   82   77   73   77   82   94  104
  116  129  136  145  147  154  155  163  164  174  175  185  187  198  202  213
  220  235  245  260  270  278  280  281  278  278  276  277  274  273  268  266
  260  259  252  249  247  247  244  245  244  245  244  244  244  242  239  235
  229  224  213  200  188  177  168  151  148                                   
    42.5-180.0 180.0   5.0 450.0                            LAT/LON1/LON2/DLON/H
  152  140  134  131  128  125  121  113  105   95   86   82   80   85   92  105
  116  131  139  150  154  162  164  171  173  182  183  193  197  206  214  225
  239  253  270  285  294  304  306  308  304  304  300  300  296  294  289  287
  280  277  270  268  263  263  259  258  258  258  255  256  254  251  247  242
  235  229  219  206  194  181  177  161  152                                   
    40.0-180.0 180.0   5.0 450.0                            LAT/LON1/LON2/DLON/H
  156  145  134  135  132  132  129  125  118  109  100   93   89   89   96  107
  120  134  146  158  164  174  177  186  187  198  198  209  212  223  231  247
  261  282  297  314  324  337  338  342  336  336  331  331  326  323  317  315
  305  301  290  286  277  275  268  268  266  267  264  264  261  259  254  251
  244  239  229  217  202  192  182  166  156                                   
    37.5-180.0 180.0   5.0 450.0                            LAT/LON1/LON2/DLON/H
  161  151  142  137  135  134  135  132  128  120  112  106   98   97   97  107
  117  135  146  162  168  180  185  195  197  206  209  219  228  238  252  270
  291  308  323  338  353  363  368  370  366  365  361  359  354  351  344  342
  332  327  315  310  300  295  288  286  285  285  282  280  276  272  266  260
  254  247  237  224  212  199  195  177  161                                   
    35.0-180.0 180.0   5.0 450.0                            LAT/LON1/LON2/DLON/H
  169  159  146  143  138  141  140  140  137  130  123  115  105  102   99  108
  117  134  147  167  176  191  196  208  210  221  225  236  245  258  274  295
  313  335  349  370  383  399  402  407  402  401  395  393  388  384  377  372
  362  357  345  339  327  323  314  313  308  307  299  295  288  283  275  270
  260  256  244  233  218  212  206  186  169                                   
    32.5-180.0 180.0   5.0 450.0                            LAT/LON1/LON2/DLON/H
  179  171  157  148  141  139  141  139  138  133  126  119  110  104  100  106
  112  131  144  167  179  193  202  212  217  227  236  247  263  277  298  318
  339  360  376  395  410  425  430  438  433  434  427  426  420  417  409  404
  395  389  379  374  366  361  356  351  344  335  322  311  303  297  288  281
  270  262  250  237  226  218  215  195  179                                   
    30.0-180.0 180.0   5.0 450.0                            LAT/LON1/LON2/DLON/H
  191  183  168  159  148  147  142  141  138  134  127  120  113  107  100  104
  109  126  141  166  180  197  205  217  223  234  244  257  275  292  309  334
  352  378  391  411  425  440  448  455  456  456  451  450  448  447  442  438
  431  426  417  414  405  403  394  390  378  363  346  329  315  306  297  292
  280  270  254  241  229  225  226  205  191                                   
    27.5-180.0 180.0   5.0 450.0                            LAT/LON1/LON2/DLON/H
  202  198  184  170  157  149  142  136  134  130  125  121  113  108  101  102
  105  122  137  164  179  197  207  218  225  237  249  265  287  307  329  353
  374  395  406  422  432  446  452  463  462  466  459  463  461  464  462  462
  457  455  450  449  446  447  440  431  419  398  372  349  327  315  302  296
  284  274  257  243  229  229  231  209  202                                   
    25.0-180.0 180.0   5.0 450.0                            LAT/LON1/LON2/DLON/H
  213  211  198  185  171  165  154  147  137  134  129  124  115  108  102  100
  103  116  134  160  178  198  207  219  226  237  253  271  294  317  337  362
  379  403  410  427  433  447  452  462  464  467  466  469  470  475  479  481
  481  478  475  482  481  486  477  469  452  430  395  368  334  317  296  291
  278  270  254  239  225  227  232  209  213                                   
    22.5-180.0 180.0   5.0 450.0                            LAT/LON1/LON2/DLON/H
  221  223  211  198  184  175  163  151  141  135  129  125  116  110  102  100
  101  114  130  158  175  196  206  218  225  238  255  276  304  328  351  371
  391  409  417  428  431  443  448  460  460  469  465  473  473  483  486  492
  494  492  497  504  513  516  512  500  483  454  418  383  349  323  298  283
  270  260  243  228  217  221  228  203  221                                   
    20.0-180.0 180.0   5.0 450.0                            LAT/LON1/LON2/DLON/H
  222  220  217  208  198  191  179  167  154  144  138  130  121  113  104   99
  101  109  127  154  173  195  204  217  224  239  258  281  306  328  348  367
  385  402  409  420  424  435  440  453  458  467  470  475  481  489  498  501
  505  504  511  522  531  537  532  520  501  472  430  396  355  328  296  282
  264  251  234  221  208  213  216  192  222                                   
    17.5-180.0 180.0   5.0 450.0                            LAT/LON1/LON2/DLON/H
  214  216  214  212  203  198  185  174  160  150  144  134  124  114  107  102
  103  111  127  151  171  191  201  213  222  241  259  285  314  335  353  369
  388  399  411  414  419  425  434  446  455  465  470  478  483  494  503  507
  514  510  519  523  534  539  535  523  501  472  436  397  362  329  304  282
  268  246  231  214  203  203  210  180  214                                   
    15.0-180.0 180.0   5.0 450.0                            LAT/LON1/LON2/DLON/H
  202  200  200  201  200  200  193  182  171  160  152  139  130  119  111  105
  105  112  127  151  170  193  201  215  227  243  263  288  313  334  352  368
  384  396  407  411  415  425  434  449  459  472  479  487  494  504  514  516
  522  519  523  527  533  533  527  513  492  468  433  401  362  334  303  289
  268  253  231  219  198  198  199  170  202                                   
    12.5-180.0 180.0   5.0 450.0                            LAT/LON1/LON2/DLON/H
  185  182  180  184  184  189  183  179  170  162  154  142  134  121  114  108
  110  115  133  155  169  187  199  212  224  243  265  299  323  345  361  376
  395  407  418  421  428  436  446  459  469  481  488  495  501  509  517  521
  527  520  525  520  524  522  509  496  478  459  428  397  362  332  308  290
  274  253  236  216  201  191  194  164  185                                   
    10.0-180.0 180.0   5.0 450.0                            LAT/LON1/LON2/DLON/H
  172  166  164  164  170  172  175  170  167  161  156  145  137  127  119  113
  113  118  132  155  168  188  203  217  229  248  272  301  327  350  366  383
  400  415  426  433  441  454  461  479  487  500  502  509  509  515  521  525
  528  525  523  520  518  508  494  483  468  454  423  395  357  331  303  290
  272  259  241  225  203  199  193  162  172                                   
     7.5-180.0 180.0   5.0 450.0                            LAT/LON1/LON2/DLON/H
  162  159  153  154  153  157  161  160  157  153  149  140  135  123  118  112
  113  116  131  153  170  185  201  215  231  254  276  309  336  358  374  393
