data/unet/pred3250.15i
     1.0            IONOSPHERE MAPS     GNSS                IONEX VERSION / TYPE
pyspatialgeodesy        IME             05-JAN-18 20:20     PGM / RUN BY / DATE 
Map Name                                                    COMMENT             
Predicted global ionosphere maps (GIM).                     DESCRIPTION         
  2015    11    21     0     0     0                        EPOCH OF FIRST MAP  
  2015    11    22     0     0     0                        EPOCH OF LAST MAP   
  7200                                                      INTERVAL            
    13                                                      # OF MAPS IN FILE   
  NONE                                                      MAPPING FUNCTION    
10.0                                                        ELEVATION CUTOFF    
One-way carrier phase leveled to code                       OBSERVABLES USED    
  6371.0                                                    BASE RADIUS         
 2                                                          MAP DIMENSION       
   450.0 450.0   0.0                                        HGT1 / HGT2 / DHGT  
    87.5 -87.5  -2.5                                        LAT1 / LAT2 / DLAT  
  -180.0 180.0   5.0                                        LON1 / LON2 / DLON  
    -1                                                      EXPONENT            
                                                            END OF HEADER       
[from data line 2145]
     6                                                      START OF TEC MAP    
  2015    11    21    10     0     0                        EPOCH OF CURRENT MAP
    87.5-180.0 180.0   5.0 450.0                            LAT/LON1/LON2/DLON/H
   44   65   55   56   55   55   56   56   57   57   57   56   56   56   55   55
   55   55   54   54   54   54   53   53   52   53   51   52   51   51   50   50
   48   49   47   47   46   46   45   45   44   45   44   45   45   46   46   47
   45   47   46   46   44   46   44   45   44   45   44   45   45   45   45   44
   46   45   47   47   48   46   49   47   44                                   
    85.0-180.0 180.0   5.0 450.0                            LAT/LON1/LON2/DLON/H
   68   72   74   75   74   75   75   76   75   77   76   76   75   75   74   74
   73   73   71   72   70   71   70   71   70   70   70   70   69   69   68   67
   67   65   65   62   62   60   60   58   57   56   55   54   52   54   51   53
   49   52   48   51   47   52   49   53   51   56   54   58   58   60   61   62
   63   63   66   63   66   67   68   58   68                                   
    82.5-180.0 180.0   5.0 450.0                            LAT/LON1/LON2/DLON/H
   60   76   76   76   73   73   73   75   73   75   72   74   71   73   70   71
   69   70   68   69   68   69   68   69   68   68   68   69   68   67   66   66
   64   63   62   60   58   57   55   54   52   53   50   52   49   51   48   50
   46   48   45   45   44   46   46   47   47   50   50   52   53   55   56   58
   59   61   62   63   65   68   67   54   60                                   
    80.0-180.0 180.0   5.0 450.0                            LAT/LON1/LON2/DLON/H
   59   68   65   68   62   66   63   65   63   64   62   63   60   61   57   59
   56   57   55   57   55   58   55   59   57   60   58   61   60   61   61   61
   60   59   58   57   55   55   53   54   52   53   51   53   50   54   49   53
   47   51   45   48   44   47   45   47   46   50   48   52   50   55   53   56
   54   58   56   58   56   59   60   53   59                                   
    77.5-180.0 180.0   5.0 450.0                            LAT/LON1/LON2/DLON/H
   52   60   63   61   59   60   59   60   58   58   57   55   54   51   51   49
   49   48   48   47   47   47   48   48   49   50   52   53   55   55   57   56
   57   56   57   55   55   54   55   55   56   57   58   60   60   63   62   64
   62   63   61   61   60   60   59   58   58   58   58   58   58   58   58   58
   58   58   58   57   57   58   56   44   52                                   
    75.0-180.0 180.0   5.0 450.0                            LAT/LON1/LON2/DLON/H
   51   53   57   58   54   58   55   57   53   55   49   50   45   47   42   44
   40   43   40   43   41   44   42   46   44   48   47   52   51   55   55   58
   58   59   60   59   61   61   63   62   65   66   70   72   74   77   79   81
   79   80   77   77   73   72   69   68   65   65   62   63   61   62   61   60
   58   57   55   54   54   55   52   46   51                                   
    72.5-180.0 180.0   5.0 450.0                            LAT/LON1/LON2/DLON/H
   49   53   57   58   56   57   57   56   55   53   51   48   46   44   44   42
   43   42   43   42   43   43   44   44   45   46   48   49   52   52   56   56
   60   60   64   63   67   67   71   73   76   79   84   88   91   95   98  101
  100  100   97   95   89   85   80   76   71   69   66   65   64   63   62   60
   58   55   54   52   51   50   51   38   49                                   
    70.0-180.0 180.0   5.0 450.0                            LAT/LON1/LON2/DLON/H
   49   48   55   57   56   59   58   60   56   56   51   51   48   48   46   47
   46   47   46   47   46   47   45   47   45   48   45   50   49   54   54   61
   61   67   68   74   74   80   81   88   91   99  104  110  115  120  123  125
  126  123  121  114  108   99   92   84   78   72   70   67   67   65   64   62
   60   58   55   54   51   52   49   40   49                                   
    67.5-180.0 180.0   5.0 450.0                            LAT/LON1/LON2/DLON/H
   46   52   55   59   58   60   62   62   60   59   57   54   55   53   54   53
   54   53   54   52   52   51   50   48   46   45   44   45   46   49   54   58
   64   68   74   77   83   88   94  101  107  116  123  130  137  140  145  144
  145  140  135  124  115  102   94   82   77   68   65   62   61   59   59   57
   56   54   53   51   50   48   51   31   46                                   
    65.0-180.0 180.0   5.0 450.0                            LAT/LON1/LON2/DLON/H
   44   47   53   55   57   59   61   62   62   61   59   58   56   59   58   61
   59   61   58   59   54   55   50   50   44   44   40   43   42   49   52   63
   66   77   79   90   92  104  105  118  120  132  136  149  152  160  161  163
  160  153  145  132  120  104   94   81   74   66   62   58   58   55   54   53
   52   51   49   50   48   51   49   31   44                                   
    62.5-180.0 180.0   5.0 450.0                            LAT/LON1/LON2/DLON/H
   40   47   49   52   51   55   58   60   60   59   58   57   58   59   62   63
   64   62   61   58   56   51   48   45   41   37   34   35   37   42   50   59
   70   78   87   95  103  111  118  126  133  141  149  157  164  168  171  170
  167  158  149  133  120  101   89   74   68   57   54   49   49   45   45   43
   43   43   44   45   46   46   48   25   40                                   
    60.0-180.0 180.0   5.0 450.0                            LAT/LON1/LON2/DLON/H
   38   41   43   42   45   47   51   53   55   54   53   54   55   58   60   63
   61   61   56   55   49   47   42   41   36   33   29   31   33   44   52   67
   76   92   99  113  116  127  129  140  142  154  157  169  169  177  174  176
  169  162  150  135  119  102   87   75   64   57   53   50   48   44   42   40
   39   40   40   44   43   47   46   24   38                                   
    57.5-180.0 180.0   5.0 450.0                            LAT/LON1/LON2/DLON/H
   37   41   37   36   34   38   42   45   46   46   46   47   49   52   55   57
   58   54   51   46   43   39   37   35   31   28   26   27   32   41   54   69
   84   98  110  120  128  134  141  147  155  161  169  171  177  177  178  175
  172  165  156  140  125  106   92   77   70   60   57   52   50   44   42   38
   37   37   39   41   45   46   47   25   37                                   
    55.0-180.0 180.0   5.0 450.0                            LAT/LON1/LON2/DLON/H
   39   38   33   28   26   28   32   36   37   39   38   41   41   45   47   50
   48   47   40   38   32   33   29   32   27   28   24   29   32   49   60   82
   95  117  124  140  142  151  154  164  166  177  176  186  180  188  179  184
  173  173  160  151  131  117  101   91   81   75   70   66   61   55   51   46
   43   43   42   48   48   52   51   34   39                                   
    52.5-180.0 180.0   5.0 450.0                            LAT/LON1/LON2/DLON/H
   45   47   37   30   24   25   27   32   33   35   34   36   36   39   41   42
   42   38   35   30   28   27   29   30   31   30   30   34   41   54   70   89
  109  128  139  149  154  161  167  173  182  186  191  190  193  190  190  186
  186  182  176  164  151  134  121  107  101   91   86   81   76   70   63   57
   53   51   53   56   59   60   60   43   45                                   
    50.0-180.0 180.0   5.0 450.0                            LAT/LON1/LON2/DLON/H
   54   51   45   34   27   27   28   33   34   36   34   36   34   36   37   39
   37   36   29   29   25   30   29   36   34   39   37   45   51   68   80  108
  123  145  152  166  169  177  181  190  195  202  201  205  199  204  194  199
  192  196  187  183  169  158  140  133  121  116  107  102   94   89   80   74
   68   67   65   70   69   73   69   60   54                                   
    47.5-180.0 180.0   5.0 450.0                            LAT/LON1/LON2/DLON/H
   69   69   59   48   39   38   36   41   40   42   39   39   37   36   38   38
   38   34   33   29   30   31   37   41   43   46   48   54   62   76   93  116
  136  152  162  171  178  184  192  197  207  210  213  210  210  206  206  203
  204  202  203  194  187  172  161  147  139  129  123  115  109  102   94   87
   80   78   78   79   81   83   81   67   69                                   
    45.0-180.0 180.0   5.0 450.0                            LAT/LON1/LON2/DLON/H
   82   80   75   65   58   55   53   56   55   56   53   51   47   45   44   46
   44   45   40   41   39   44   46   53   53   59   60   70   77   91  104  130
  144  163  171  184  190  198  204  212  218  221  221  221  214  215  209  213
  209  212  207  203  192  183  166  158  143  137  125  121  112  110  101   98
   88   87   84   87   86   90   89   86   82                                   
    42.5-180.0 180.0   5.0 450.0                            LAT/LON1/LON2/DLON/H
   90   91   87   80   74   72   68   72   69   71   67   65   60   56   55   55
   56   54   53   50   52   52   56   59   61   65   69   77   85   97  114  132
  149  162  175  186  197  206  216  222  230  228  230  223  221  217  217  214
  215  211  209  200  193  179  167  152  142  129  121  113  108  104  100   96
   90   87   85   85   85   87   91   84   90                                   
    40.0-180.0 180.0   5.0 450.0                            LAT/LON1/LON2/DLON/H
   93   93   92   91   87   87   84   86   84   85   84   81   76   72   69   70
   70   70   67   67   65   67   66   69   69   73   78   87   95  107  120  139
  151  168  181  196  207  219  227  234  237  235  231  228  223  225  223  225
  222  221  214  206  194  181  164  151  135  125  112  107   99   98   93   93
   86   85   79   80   76   81   84   84   93                                   
    37.5-180.0 180.0   5.0 450.0                            LAT/LON1/LON2/DLON/H
   83   87   87   89   90   92   90   93   91   95   94   94   89   85   83   82
   82   81   80   77   76   74   72   72   71   75   82   91  100  112  123  137
  149  167  183  204  220  234  243  248  250  246  242  234  235  232  235  233
  233  227  223  211  202  184  171  153  141  124  114  103   98   92   90   86
   82   78   74   68   65   68   74   69   83                                   
    35.0-180.0 180.0   5.0 450.0                            LAT/LON1/LON2/DLON/H
   73   73   76   79   82   86   87   90   91   97   99  102  100   97   96   95
   95   94   92   90   86   82   77   75   74   80   89  100  112  125  133  148
  159  178  197  223  241  256  265  271  270  267  259  257  252  255  254  256
  252  251  241  234  218  205  187  170  154  140  126  116  105  101   92   90
   82   77   68   63   55   58   60   57   73                                   
    32.5-180.0 180.0   5.0 450.0                            LAT/LON1/LON2/DLON/H
   57   60   58   65   67   73   74   79   81   91   95  104  103  104  102  102
  101  100   98   94   89   84   76   73   75   82   95  109  122  136  144  157
  167  189  210  242  263  279  290  297  299  297  291  286  286  284  288  286
  288  281  275  264  253  238  223  205  191  176  164  149  140  128  119  109
  100   89   81   68   59   57   57   47   57                                   
    30.0-180.0 180.0   5.0 450.0                            LAT/LON1/LON2/DLON/H
   48   49   47   50   51   57   57   63   67   77   87   96  102  104  106  106
  107  106  104   99   93   86   77   74   76   85  102  118  139  155  163  179
  192  214  239  267  287  299  312  321  324  327  321  324  320  325  327  332
  331  331  322  317  303  292  274  258  244  228  213  199  185  174  160  151
  135  124  105   93   75   71   64   47   48                                   
    27.5-180.0 180.0   5.0 450.0                            LAT/LON1/LON2/DLON/H
   51   53   43   45   45   49   48   52   55   67   76   90   94  100  101  105
  104  105  102   99   90   85   75   74   77   90  107  131  151  170  183  197
  210  235  263  290  305  318  330  343  351  357  359  364  367  369  376  379
  386  385  388  379  376  361  347  329  314  294  279  261  249  231  220  203
  191  170  152  131  109   97   85   59   51                                   
    25.0-180.0 180.0   5.0 450.0                            LAT/LON1/LON2/DLON/H
   60   64   52   46   44   47   45   46   48   56   67   78   87   92   97   99
  102  102  100   98   90   84   76   76   82   94  115  138  158  181  189  218
  236  271  293  317  325  337  350  365  375  384  390  398  402  411  420  431
  442  451  456  456  452  442  428  410  393  369  347  326  309  289  275  258
  246  229  207  189  165  143  123   90   60                                   
    22.5-180.0 180.0   5.0 450.0                            LAT/LON1/LON2/DLON/H
   88   85   72   62   55   54   50   52   49   55   60   71   77   86   87   92
   93   96   93   94   85   81   76   79   85  102  120  146  169  189  208  231
  255  284  310  330  344  355  369  386  396  409  419  431  444  454  472  481
  507  516  532  529  534  518  510  487  473  441  418  392  375  353  337  315
  300  279  262  237  215  190  170  126   88                                   
    20.0-180.0 180.0   5.0 450.0                            LAT/LON1/LON2/DLON/H
  121  121  101   87   82   73   67   62   59   58   60   65   71   76   81   83
   88   90   90   90   87   81   82   83   96  110  135  154  175  198  218  252
  279  311  330  350  360  374  391  408  424  439  457  471  486  502  513  533
  550  572  584  591  591  578  566  546  532  500  481  452  431  408  386  362
  343  323  310  293  274  240  214  180  121                                   
    17.5-180.0 180.0   5.0 450.0                            LAT/LON1/LON2/DLON/H
  173  168  142  126  115  107   92   82   73   67   65   67   67   73   74   79
   81   88   89   93   86   83   79   85   99  116  140  162  190  209  238  263
  292  312  336  357  371  391  411  433  449  469  486  503  523  529  550  567
  592  610  627  628  625  608  597  578  565  539  523  497  476  445  421  392
  371  351  343  328  317  290  259  225  173                                   
    15.0-180.0 180.0   5.0 450.0                            LAT/LON1/LON2/DLON/H
  212  200  176  160  149  134  124  104   91   80   75   71   69   71   70   73
   77   81   88   87   90   82   84   89  110  124  159  176  195  221  245  283
  301  333  347  371  385  398  430  448  476  492  516  536  550  568  579  602
  619  640  644  644  630  624  606  598  581  563  542  518  496  462  432  403
  379  362  354  348  342  319  295  271  212                                   
    12.5-180.0 180.0   5.0 450.0                            LAT/LON1/LON2/DLON/H
  241  223  200  185  170  160  148  131  112   96   89   80   77   74   73   74
   77   82   86   87   84   79   85   89  119  136  166  192  215  239  262  292
  314  342  365  384  396  413  438  463  484  505  525  546  563  577  593  611
  630  636  636  628  620  610  600  593  582  564  543  515  488  450  422  393
  371  354  349  347  345  330  312  286  241                                   
    10.0-180.0 180.0   5.0 450.0                            LAT/LON1/LON2/DLON/H
  254  232  216  198  189  175  166  148  131  112  101   95   87   82   82   79
   85   83   91   87   88   83   91  100  129  151  177  207  222  252  272  308
  320  355  371  388  408  420  458  475  506  522  544  564  580  595  601  618
  624  625  617  607  598  595  587  584  575  558  533  495  463  422  397  366
  344  330  326  327  327  322  307  287  254                                   
     7.5-180.0 180.0   5.0 450.0                            LAT/LON1/LON2/DLON/H
  251  229  216  202  190  182  169  156  140  125  113  106  101   96   94   90
   89   90   90   88   90   83   91  102  126  165  192  225  240  260  276  308
