data/unet/pred3310.15i
     1.0            IONOSPHERE MAPS     GNSS                IONEX VERSION / TYPE
pyspatialgeodesy        IME             05-JAN-18 20:20     PGM / RUN BY / DATE 
Map Name                                                    COMMENT             
Predicted global ionosphere maps (GIM).                     DESCRIPTION         
  2015    11    27     0     0     0                        EPOCH OF FIRST MAP  
  2015    11    28     0     0     0                        EPOCH OF LAST MAP   
  7200                                                      INTERVAL            
    13                                                      # OF MAPS IN FILE   
  NONE                                                      MAPPING FUNCTION    
10.0                                                        ELEVATION CUTOFF    
One-way carrier phase leveled to code                       OBSERVABLES USED    
  6371.0                                                    BASE RADIUS         
 2                                                          MAP DIMENSION       
   450.0 450.0   0.0                                        HGT1 / HGT2 / DHGT  
    87.5 -87.5  -2.5                                        LAT1 / LAT2 / DLAT  
  -180.0 180.0   5.0                                        LON1 / LON2 / DLON  
    -1                                                      EXPONENT            
                                                            END OF HEADER       
     1                                                      START OF TEC MAP    
  2015    11    27     0     0     0                        EPOCH OF CURRENT MAP
    87.5-180.0 180.0   5.0 450.0                            LAT/LON1/LON2/DLON/H
  105   84   83   82   82   77   80   78   81   78   81   78   81   78   80   77
   78   75   77   74   76   72   75   71   73   69   70   66   68   64   66   62
   63   60   62   59   60   57   59   56   59   56   59   56   59   56   60   57
   61   58   63   60   64   62   66   64   67   65   69   67   70   68   71   69
   72   70   74   73   80   79   84   95  105                                   
    85.0-180.0 180.0   5.0 450.0                            LAT/LON1/LON2/DLON/H
   95   68   70   70   69   63   66   64   67   65   68   65   68   66   68   65
   67   64   67   62   64   59   62   56   58   52   54   48   50   44   47   41
   44   39   42   37   40   35   39   35   38   34   38   36   39   37   42   40
   44   42   47   45   50   48   53   50   55   52   57   54   58   55   60   56
   61   58   63   59   67   60   66   84   95                                   
    82.5-180.0 180.0   5.0 450.0                            LAT/LON1/LON2/DLON/H
   93   75   73   73   69   65   66   66   67   67   68   69   70   70   71   71
   72   71   71   70   69   66   65   62   59   56   54   50   47   45   43   41
   40   38   38   36   36   34   36   34   36   34   38   37   40   39   43   42
   46   45   49   49   53   52   55   55   57   56   59   58   60   60   62   61
   63   63   66   65   68   63   68   87   93                                   
    80.0-180.0 180.0   5.0 450.0                            LAT/LON1/LON2/DLON/H
   99   85   83   81   76   73   73   73   74   74   76   76   78   79   81   82
   82   83   82   81   79   77   74   71   67   64   60   57   52   50   47   45
   44   43   42   42   41   40   41   40   41   41   43   43   45   46   48   49
   51   52   54   55   57   57   59   59   61   61   62   62   64   64   66   67
   68   70   72   74   75   72   78   95   99                                   
    77.5-180.0 180.0   5.0 450.0                            LAT/LON1/LON2/DLON/H
  105   91   90   87   83   78   77   76   76   76   77   78   79   80   82   83
   84   85   85   84   82   80   77   74   69   66   61   58   54   52   49   48
   46   46   45   45   43   43   42   42   41   41   42   42   43   44   46   47
   49   51   53   54   55   56   57   58   57   58   58   60   60   62   64   67
   68   72   75   79   81   79   83   98  105                                   
    75.0-180.0 180.0   5.0 450.0                            LAT/LON1/LON2/DLON/H
  108   99   98   98   90   86   83   81   79   78   78   78   78   78   80   80
   81   82   82   82   80   78   75   71   66   63   59   56   53   52   50   50
   49   49   48   48   47   46   45   44   43   42   42   42   42   43   46   47
   49   50   53   53   54   54   54   54   53   53   53   54   55   58   60   64
   68   73   78   83   87   88   94  106  108                                   
    72.5-180.0 180.0   5.0 450.0                            LAT/LON1/LON2/DLON/H
  124  117  118  115  107  101   96   92   89   85   83   81   79   77   76   75
   75   76   76   76   74   72   68   65   60   57   53   51   49   49   48   49
   49   50   48   48   47   46   44   43   40   40   39   39   39   41   43   45
   47   49   51   52   51   50   50   48   46   46   46   48   49   53   57   63
   68   75   81   89   97  101  106  115  124                                   
    70.0-180.0 180.0   5.0 450.0                            LAT/LON1/LON2/DLON/H
  140  137  139  136  126  119  114  107  103   96   93   85   81   74   73   68
   69   66   68   66   67   63   62   56   54   49   48   45   46   45   47   48
   49   49   49   48   47   45   44   41   39   37   38   36   37   38   42   43
   46   47   50   49   49   47   47   45   43   43   43   45   48   53   58   64
   72   79   89   97  108  115  123  129  140                                   
    67.5-180.0 180.0   5.0 450.0                            LAT/LON1/LON2/DLON/H
  164  163  166  160  151  144  138  130  124  116  109   98   90   80   73   66
   64   61   60   59   59   56   54   50   46   43   42   41   42   43   45   46
   47   47   46   45   43   41   39   37   35   34   33   34   34   37   39   42
   43   45   47   46   47   45   44   42   41   41   42   46   51   56   63   70
   78   87   97  108  121  130  137  143  164                                   
    65.0-180.0 180.0   5.0 450.0                            LAT/LON1/LON2/DLON/H
  181  184  187  182  173  166  160  153  146  138  127  114  102   88   77   67
   62   57   56   54   54   51   49   45   42   39   39   39   41   42   44   44
   45   44   43   40   39   36   35   32   31   30   31   31   32   34   37   38
   41   41   44   42   43   41   40   39   39   41   45   50   57   64   72   79
   88   97  107  119  132  142  150  156  181                                   
    62.5-180.0 180.0   5.0 450.0                            LAT/LON1/LON2/DLON/H
  195  198  201  197  190  184  179  173  169  159  149  134  118  100   84   72
   64   58   55   53   52   49   46   42   40   38   38   39   41   41   42   42
   41   38   36   34   32   30   29   28   27   28   28   30   31   33   35   36
   38   38   40   39   40   37   37   37   39   42   48   55   64   72   81   89
   99  107  117  128  141  150  157  163  195                                   
    60.0-180.0 180.0   5.0 450.0                            LAT/LON1/LON2/DLON/H
  200  205  211  207  201  196  193  189  185  177  166  151  133  111   94   79
   71   63   60   56   54   49   45   40   39   37   39   40   43   43   43   41
   38   35   33   30   29   27   28   27   29   29   32   33   35   35   37   36
   36   35   36   34   34   32   34   35   40   45   53   62   73   82   92  100
  109  116  125  135  145  153  161  167  200                                   
    57.5-180.0 180.0   5.0 450.0                            LAT/LON1/LON2/DLON/H
  201  206  213  212  208  205  203  200  197  189  179  163  145  123  104   90
   80   72   67   62   58   52   46   42   40   40   42   44   47   47   45   42
   38   35   32   31   30   30   31   33   34   37   39   42   42   42   41   39
   37   35   36   34   34   33   36   37   43   49   58   69   81   91  101  110
  119  126  134  141  150  157  162  168  201                                   
    55.0-180.0 180.0   5.0 450.0                            LAT/LON1/LON2/DLON/H
  198  206  216  216  213  210  208  205  202  194  184  169  153  133  115  101
   92   82   76   68   63   55   49   44   43   44   47   51   53   53   51   46
   42   39   38   37   38   38   41   42   46   48   52   53   54   51   50   45
   42   38   38   36   37   37   39   42   48   55   65   76   89   99  110  118
  127  134  141  147  154  159  165  169  198                                   
    52.5-180.0 180.0   5.0 450.0                            LAT/LON1/LON2/DLON/H
  197  203  217  220  218  214  211  207  204  195  186  171  157  140  125  112
  102   92   83   75   67   60   53   49   49   52   55   60   62   62   58   54
   50   48   47   48   50   52   54   56   59   63   65   68   66   64   59   54
   49   46   45   45   45   45   47   50   54   62   71   82   95  106  116  125
  133  141  148  153  160  164  167  173  197                                   
    50.0-180.0 180.0   5.0 450.0                            LAT/LON1/LON2/DLON/H
  196  206  222  226  224  221  215  209  203  193  182  169  157  143  130  119
  110   97   88   78   71   64   59   55   57   60   65   69   72   71   67   63
   59   58   59   61   64   67   69   71   74   77   80   81   80   76   71   65
   61   57   57   56   57   57   59   61   66   72   81   90  103  112  122  130
  139  147  155  160  166  168  172  175  196                                   
    47.5-180.0 180.0   5.0 450.0                            LAT/LON1/LON2/DLON/H
  199  207  224  231  231  227  222  215  206  193  181  168  158  147  136  126
  115  103   90   82   76   71   67   67   69   73   77   80   81   80   75   72
   69   69   71   76   79   82   82   84   86   89   91   92   90   87   82   77
   72   70   69   69   69   70   72   74   77   82   89   98  108  117  127  136
  145  154  162  168  173  174  175  179  199                                   
    45.0-180.0 180.0   5.0 450.0                            LAT/LON1/LON2/DLON/H
  198  210  227  236  235  234  228  222  210  198  182  170  159  150  141  129
  118  103   92   84   81   78   78   79   82   85   87   88   87   85   80   77
   75   77   81   85   90   92   94   94   96   97  101  101  100   96   93   89
   86   84   84   83   84   84   86   86   90   93  100  106  116  123  132  141
  150  160  169  175  179  180  180  181  198                                   
    42.5-180.0 180.0   5.0 450.0                            LAT/LON1/LON2/DLON/H
  201  208  223  232  233  233  232  227  218  205  188  176  165  157  147  136
  122  108   95   90   89   92   94   96   98   99   97   95   91   87   82   79
   78   81   85   91   95   97   98   98   99  101  104  105  105  103  101   99
   97   96   95   94   94   94   95   96   99  103  109  115  123  130  138  147
  156  166  175  180  184  184  180  183  201                                   
    40.0-180.0 180.0   5.0 450.0                            LAT/LON1/LON2/DLON/H
  196  205  216  222  222  226  227  227  220  210  193  180  171  162  152  140
  126  110  100   97  101  105  109  111  111  108  103   97   90   85   80   78
   79   82   87   91   96   98   99   98  100  102  106  108  110  108  108  106
  106  104  103  101  101  100  102  103  107  112  119  125  133  139  147  155
  163  171  180  184  188  185  182  181  196                                   
    37.5-180.0 180.0   5.0 450.0                            LAT/LON1/LON2/DLON/H
  195  196  202  205  206  210  214  218  217  210  197  186  176  169  159  147
  132  119  110  111  115  122  124  124  119  113  104   95   88   82   79   78
   79   82   86   90   95   96   97   97   99  102  106  109  111  110  111  110
  109  107  105  103  102  102  104  106  112  119  127  135  145  151  159  166
  172  179  185  190  192  190  183  182  195                                   
    35.0-180.0 180.0   5.0 450.0                            LAT/LON1/LON2/DLON/H
  191  193  195  191  187  190  196  205  209  207  198  188  179  172  164  152
  140  128  122  123  128  132  132  128  121  112  102   93   86   82   81   81
   84   86   90   92   96   97   99   98  102  104  110  112  114  113  114  111
  110  106  104  101  101  101  104  108  116  123  134  144  157  163  172  178
  184  188  194  197  200  198  194  189  191                                   
    32.5-180.0 180.0   5.0 450.0                            LAT/LON1/LON2/DLON/H
  208  201  198  186  177  177  182  192  200  202  196  189  181  176  169  161
  149  141  135  135  136  137  131  124  115  107   99   93   89   88   89   91
   93   95   97   99  100  102  103  103  106  108  113  115  115  113  112  109
  106  101   99   95   96   97  103  108  118  128  142  154  167  174  183  190
  195  199  205  209  215  216  211  211  208                                   
    30.0-180.0 180.0   5.0 450.0                            LAT/LON1/LON2/DLON/H
  239  234  225  207  190  183  182  190  197  199  194  187  180  176  171  164
  157  149  144  140  137  130  122  112  106  101  101  100  101  103  106  109
  112  112  113  112  113  113  114  112  115  115  119  118  118  114  113  107
  104   97   95   92   94   97  104  111  122  134  151  165  180  187  196  202
  208  214  222  230  237  243  244  246  239                                   
    27.5-180.0 180.0   5.0 450.0                            LAT/LON1/LON2/DLON/H
  298  289  286  262  237  219  209  208  208  208  199  191  181  178  173  170
  164  157  149  141  130  119  107   99   98  102  110  117  123  127  131  134
  135  134  131  128  127  127  125  124  122  121  121  119  118  114  112  105
  100   93   91   89   92   95  103  112  125  139  156  172  188  198  210  218
  229  237  247  256  270  281  290  294  298                                   
    25.0-180.0 180.0   5.0 450.0                            LAT/LON1/LON2/DLON/H
  364  374  373  351  320  292  268  253  240  230  215  202  189  181  176  172
  167  159  149  134  118  102   91   88   97  110  128  140  149  153  157  159
  160  158  153  148  146  143  140  134  130  125  124  119  117  112  109  102
   98   91   88   86   89   93  101  110  124  138  156  174  194  208  222  236
  254  268  281  294  312  331  349  351  364                                   
    22.5-180.0 180.0   5.0 450.0                            LAT/LON1/LON2/DLON/H
  441  463  469  458  429  393  357  326  300  274  249  225  205  192  182  177
  170  161  145  127  106   90   83   90  108  132  155  171  178  181  181  182
  180  177  168  161  157  153  146  140  132  127  122  119  115  109  107  101
   98   91   89   86   88   92  101  112  126  143  161  180  203  221  240  260
  284  303  320  336  356  378  402  404  441                                   
    20.0-180.0 180.0   5.0 450.0                            LAT/LON1/LON2/DLON/H
  509  553  568  572  549  509  457  412  371  334  295  261  232  210  193  184
  172  159  141  120  100   89   91  108  136  165  190  203  207  205  202  200
  196  189  179  171  166  159  151  141  133  124  119  113  111  105  104   98
   97   92   87   83   84   90  100  114  133  151  171  193  217  238  259  288
  317  340  358  374  395  422  454  453  509                                   
    17.5-180.0 180.0   5.0 450.0                            LAT/LON1/LON2/DLON/H
  557  607  637  655  646  610  552  498  444  399  353  309  270  239  214  198
  180  163  142  123  108  107  120  147  178  208  229  237  234  225  217  211
  201  192  179  172  163  158  146  139  128  120  113  109  108  104  102  100
   97   94   89   84   85   94  105  123  145  168  190  212  238  258  284  315
  344  365  383  398  422  450  484  488  557                                   
    15.0-180.0 180.0   5.0 450.0                            LAT/LON1/LON2/DLON/H
  576  632  674  709  707  680  626  570  509  459  409  364  320  280  246  220
  198  176  154  138  133  142  165  199  230  256  268  265  253  238  225  215
  202  189  178  169  162  154  144  135  125  114  110  104  106  100  100   97
   98   94   89   86   88   99  114  133  159  182  207  231  256  279  308  337
  363  383  400  419  443  472  504  507  576                                   
    12.5-180.0 180.0   5.0 450.0                            LAT/LON1/LON2/DLON/H
  563  616  664  705  718  699  660  609  555  506  457  414  370  326  287  255
  228  204  184  173  176  196  225  260  287  297  294  278  259  240  227  216
  201  188  175  166  157  151  141  136  124  116  110  107  105  102   99  100
   99   98   92   90   94  107  121  146  171  197  223  246  271  295  321  347
  371  392  413  432  456  480  507  509  563                                   
    10.0-180.0 180.0   5.0 450.0                            LAT/LON1/LON2/DLON/H
  528  577  624  669  689  681  657  622  581  539  495  456  416  374  334  297
  269  244  226  221  232  259  292  320  330  324  304  278  254  236  225  213
  200  186  174  164  157  151  145  139  130  121  118  112  111  105  104  102
  104  100   96   94  100  111  129  152  180  207  233  255  282  307  331  358
  384  406  428  448  468  484  502  497  528                                   
     7.5-180.0 180.0   5.0 450.0                            LAT/LON1/LON2/DLON/H
  490  521  560  604  628  632  622  603  579  550  519  487  451  416  377  343
  313  291  277  278  294  322  350  362  354  329  295  266  242  229  222  213
