data/unet/pred1770.15i
     1.0            IONOSPHERE MAPS     GNSS                IONEX VERSION / TYPE
pyspatialgeodesy        IME             05-JAN-18 20:20     PGM / RUN BY / DATE 
Map Name                                                    COMMENT             
Predicted global ionosphere maps (GIM).                     DESCRIPTION         
  2015     6    26     0     0     0                        EPOCH OF FIRST MAP  
  2015     6    27     0     0     0                        EPOCH OF LAST MAP   
  7200                                                      INTERVAL            
    13                                                      # OF MAPS IN FILE   
  NONE                                                      MAPPING FUNCTION    
10.0                                                        ELEVATION CUTOFF    
One-way carrier phase leveled to code                       OBSERVABLES USED    
  6371.0                                                    BASE RADIUS         
 2                                                          MAP DIMENSION       
   450.0 450.0   0.0                                        HGT1 / HGT2 / DHGT  
    87.5 -87.5  -2.5                                        LAT1 / LAT2 / DLAT  
  -180.0 180.0   5.0                                        LON1 / LON2 / DLON  
    -1                                                      EXPONENT            
                                                            END OF HEADER       
     1                                                      START OF TEC MAP    
  2015     6    26     0     0     0                        EPOCH OF CURRENT MAP
    87.5-180.0 180.0   5.0 450.0                            LAT/LON1/LON2/DLON/H
  158  120  115  110  113  109  113  111  116  113  117  113  117  114  117  113
  117  114  117  113  117  114  117  113  116  112  115  110  114  109  111  106
  109  105  107  102  105  100  103   98  102   97  100   96  100   96  100   97
  101   98  102   99  103  100  103  100  104  101  104  101  104  101  104  101
  105  103  109  109  116  114  119  140  158                                   
    85.0-180.0 180.0   5.0 450.0                            LAT/LON1/LON2/DLON/H
  131  118  118  114  115  112  117  116  120  118  121  118  122  119  121  118
  121  119  121  119  122  119  121  117  120  116  117  112  114  110  109  104
  105  100  101   95   97   91   93   87   91   85   88   84   87   84   87   85
   88   87   89   88   90   90   91   90   92   92   93   92   94   94   95   95
   97   99  105  109  117  114  108  113  131                                   
    82.5-180.0 180.0   5.0 450.0                            LAT/LON1/LON2/DLON/H
  129  124  126  125  127  124  129  128  132  130  133  130  133  130  132  129
  132  129  131  128  131  127  129  125  127  122  122  117  118  113  113  107
  108  103  104   99  101   96   98   93   96   91   94   90   94   90   94   91
   96   93   97   95   99   97  100   98  101   99  102  100  103  101  105  103
  107  107  115  115  124  119  116  115  129                                   
    80.0-180.0 180.0   5.0 450.0                            LAT/LON1/LON2/DLON/H
  132  134  135  138  137  138  142  144  146  146  147  147  147  147  146  146
  145  144  144  143  143  142  141  139  138  135  132  129  126  123  120  118
  116  114  113  112  111  110  109  108  108  107  107  106  107  106  107  107
  110  109  111  111  113  112  113  112  113  112  113  113  113  113  114  115
  117  119  124  126  131  128  123  121  132                                   
    77.5-180.0 180.0   5.0 450.0                            LAT/LON1/LON2/DLON/H
  137  139  141  143  143  145  149  151  153  154  156  155  156  154  154  151
  151  149  150  148  148  146  145  143  141  137  135  130  128  123  121  118
  118  116  116  115  116  115  117  115  116  114  115  114  115  114  116  117
  119  119  121  122  123  122  122  121  121  120  119  119  118  118  119  120
  121  124  128  130  133  131  127  121  137                                   
    75.0-180.0 180.0   5.0 450.0                            LAT/LON1/LON2/DLON/H
  137  140  142  144  144  146  150  154  156  158  160  160  159  158  156  153
  151  149  148  147  146  145  144  141  139  135  131  126  122  118  116  113
  113  113  114  115  116  118  119  119  119  119  119  119  119  120  122  124
  126  128  130  131  131  130  129  127  126  124  123  121  119  119  119  119
  121  123  128  130  132  131  127  123  137                                   
    72.5-180.0 180.0   5.0 450.0                            LAT/LON1/LON2/DLON/H
  139  138  141  143  142  144  148  153  156  159  160  160  159  156  153  150
  147  144  143  141  141  139  139  136  133  128  124  117  114  109  108  105
  106  107  111  113  116  118  121  121  122  120  121  120  121  122  125  127
  130  131  134  134  135  133  132  130  127  124  123  120  118  116  116  116
  117  119  126  127  131  130  126  122  139                                   
    70.0-180.0 180.0   5.0 450.0                            LAT/LON1/LON2/DLON/H
  133  134  136  137  136  139  144  150  154  158  161  161  159  156  152  148
  144  140  138  137  135  135  133  130  127  122  117  111  106  102  101  100
  101  103  107  110  114  117  119  120  120  119  118  118  119  121  124  127
  130  133  136  137  138  137  135  133  130  127  124  120  118  115  114  113
  114  116  122  124  128  128  125  122  133                                   
    67.5-180.0 180.0   5.0 450.0                            LAT/LON1/LON2/DLON/H
  134  131  131  132  131  134  140  146  152  157  161  162  159  156  151  146
  141  137  134  133  132  131  130  126  123  117  112  105  102   97   97   96
   98  100  104  107  111  113  116  115  115  113  113  112  114  115  119  122
  127  130  135  136  138  136  135  133  130  126  124  120  117  113  112  110
  111  113  120  122  128  127  124  119  134                                   
    65.0-180.0 180.0   5.0 450.0                            LAT/LON1/LON2/DLON/H
  130  129  128  128  126  129  134  141  147  154  158  161  159  156  151  146
  141  137  134  132  131  130  128  125  121  115  110  104  101   98   97   96
   97   98  101  103  106  108  109  108  107  105  104  104  105  108  112  117
  122  127  132  135  136  136  135  133  130  128  126  122  119  115  114  111
  111  113  120  122  127  127  125  121  130                                   
    62.5-180.0 180.0   5.0 450.0                            LAT/LON1/LON2/DLON/H
  135  130  128  127  124  125  130  137  143  150  155  159  158  156  151  146
  141  136  133  132  131  130  128  125  120  115  110  105  102  100   99   98
   97   97   98   98   99   99  100   98   96   95   94   95   96  100  104  110
  117  122  128  130  133  133  133  132  131  129  128  125  123  119  117  114
  113  115  121  124  130  129  127  122  135                                   
    60.0-180.0 180.0   5.0 450.0                            LAT/LON1/LON2/DLON/H
  136  134  131  128  125  124  127  132  137  143  149  153  154  153  150  146
  142  138  135  134  133  133  131  128  124  118  114  110  108  106  104  101
   99   96   95   92   92   90   89   87   86   85   85   86   88   92   97  103
  111  117  123  127  130  131  132  132  133  133  133  132  130  126  124  120
  119  119  125  127  133  133  132  126  136                                   
    57.5-180.0 180.0   5.0 450.0                            LAT/LON1/LON2/DLON/H
  143  138  136  135  129  127  126  129  131  137  141  147  148  150  148  147
  142  140  137  137  136  136  135  133  128  125  121  119  116  115  111  108
  102   99   94   91   87   86   83   80   78   79   79   81   83   88   93  100
  107  114  120  125  129  131  133  135  137  138  140  140  138  135  132  128
  125  125  130  133  138  139  137  130  143                                   
    55.0-180.0 180.0   5.0 450.0                            LAT/LON1/LON2/DLON/H
  145  145  144  142  137  133  131  129  129  130  135  138  142  144  145  145
  143  142  141  141  140  141  140  138  135  132  130  128  127  124  120  113
  107  100   93   87   84   81   78   74   74   73   76   76   80   83   89   94
  103  109  118  123  128  131  136  138  141  144  147  149  148  145  142  137
  134  132  136  137  141  143  142  136  145                                   
    52.5-180.0 180.0   5.0 450.0                            LAT/LON1/LON2/DLON/H
  151  149  150  153  148  145  140  137  132  131  131  135  136  142  143  146
  144  146  144  145  144  144  143  143  140  140  138  139  137  135  128  121
  111  104   94   89   83   81   77   73   72   72   74   77   80   84   88   94
  101  109  117  124  130  136  140  144  147  150  154  155  154  152  149  144
  139  137  140  140  144  146  146  140  151                                   
    50.0-180.0 180.0   5.0 450.0                            LAT/LON1/LON2/DLON/H
  154  155  158  161  161  157  153  147  141  135  133  133  135  139  142  145
  146  148  147  148  147  147  147  146  145  145  145  146  146  142  135  125
  115  105   96   91   86   83   80   76   76   74   78   78   83   85   89   93
  101  108  118  124  133  138  145  148  153  156  160  161  161  160  157  153
  148  145  146  146  147  148  148  144  154                                   
    47.5-180.0 180.0   5.0 450.0                            LAT/LON1/LON2/DLON/H
  159  158  164  172  172  172  168  163  153  147  140  139  137  142  143  149
  149  153  152  154  151  152  150  150  149  151  151  153  152  149  140  131
  120  111  102   98   94   93   89   85   83   81   83   84   88   91   93   98
  105  113  121  130  137  144  151  154  158  160  164  165  165  164  162  158
  153  150  151  149  150  150  149  146  159                                   
    45.0-180.0 180.0   5.0 450.0                            LAT/LON1/LON2/DLON/H
  163  166  173  180  184  183  184  177  169  159  152  147  145  146  148  152
  153  156  156  157  156  156  154  153  154  155  157  158  158  153  145  134
  123  114  108  105  105  104  101   96   94   90   91   89   93   93   97  100
  108  114  124  131  141  147  157  159  164  165  168  168  169  168  167  164
  161  158  158  155  153  153  152  150  163                                   
    42.5-180.0 180.0   5.0 450.0                            LAT/LON1/LON2/DLON/H
  171  173  181  192  195  197  195  192  182  175  166  162  156  157  156  160
  160  164  164  166  163  163  160  160  159  161  162  164  163  160  150  140
  129  123  118  118  118  118  114  109  105  101  100   98   99  100  102  105
  112  120  128  136  145  153  161  165  169  170  171  170  171  170  170  168
  166  163  163  159  158  157  155  154  171                                   
    40.0-180.0 180.0   5.0 450.0                            LAT/LON1/LON2/DLON/H
  182  188  195  203  207  206  206  201  196  188  182  175  170  167  167  168
  169  172  173  174  173  171  168  167  167  167  168  169  167  162  154  145
  137  131  130  130  134  133  131  124  120  114  112  108  109  106  109  110
  117  123  132  139  149  156  167  170  176  175  177  175  177  176  177  175
  174  171  173  169  166  166  165  163  182                                   
    37.5-180.0 180.0   5.0 450.0                            LAT/LON1/LON2/DLON/H
  204  204  210  219  220  218  215  212  205  202  194  191  184  183  179  182
  181  186  186  188  185  184  179  178  177  177  177  176  173  170  160  155
  148  144  143  144  145  145  142  138  133  128  125  122  121  118  117  119
  124  130  137  144  152  160  171  176  181  182  183  182  184  183  184  182
  181  180  182  179  178  178  176  174  204                                   
    35.0-180.0 180.0   5.0 450.0                            LAT/LON1/LON2/DLON/H
  231  228  237  240  239  232  228  220  218  212  209  204  200  196  193  194
  195  199  201  202  199  197  193  191  190  188  188  186  182  179  173  170
  164  161  159  157  157  156  154  150  147  141  138  132  132  126  125  123
  128  131  138  143  152  159  173  178  187  188  191  189  193  191  193  191
  191  190  194  192  192  194  195  194  231                                   
    32.5-180.0 180.0   5.0 450.0                            LAT/LON1/LON2/DLON/H
  263  253  263  264  259  250  240  234  229  225  222  218  214  211  207  209
  210  216  217  219  216  213  208  207  204  203  200  197  192  189  184  182
  177  173  166  162  158  157  155  154  152  150  147  143  140  135  131  129
  131  132  137  141  149  157  170  179  189  193  196  197  201  199  201  199
  199  199  203  203  207  209  213  215  263                                   
    30.0-180.0 180.0   5.0 450.0                            LAT/LON1/LON2/DLON/H
  288  284  291  289  286  272  260  251  248  242  240  235  233  228  225  226
  228  233  234  235  231  229  223  221  219  217  214  209  202  201  196  195
  188  182  171  164  157  155  155  156  158  156  154  149  146  138  134  130
  131  129  131  132  139  147  162  172  186  190  197  198  205  204  207  206
  207  207  212  215  221  226  232  238  288                                   
    27.5-180.0 180.0   5.0 450.0                            LAT/LON1/LON2/DLON/H
  307  303  311  312  307  295  281  273  268  262  259  255  251  248  245  246
  248  251  254  253  249  245  240  236  234  229  224  215  207  205  201  198
  190  179  164  152  144  143  144  148  153  154  153  148  145  137  133  127
  126  122  123  123  130  139  154  167  181  189  195  199  206  208  212  212
  214  213  220  223  235  243  247  255  307                                   
    25.0-180.0 180.0   5.0 450.0                            LAT/LON1/LON2/DLON/H
  316  317  328  329  327  318  307  298  294  288  285  279  275  272  268  269
  270  274  273  272  264  261  254  251  246  239  230  219  209  206  201  199
  188  175  158  145  135  134  136  139  146  146  146  140  137  128  122  115
  114  109  110  109  118  128  145  158  174  181  189  193  202  205  212  213
  217  217  225  231  244  254  260  273  316                                   
    22.5-180.0 180.0   5.0 450.0                            LAT/LON1/LON2/DLON/H
  315  318  331  335  339  333  329  322  320  315  311  306  302  299  294  294
  295  296  296  290  284  277  271  265  257  246  232  218  206  203  197  194
  182  167  149  134  125  122  124  126  130  130  128  123  120  111  106  100
   98   94   96   97  109  122  140  155  170  178  184  190  199  204  212  215
  219  220  228  234  249  261  265  281  315                                   
    20.0-180.0 180.0   5.0 450.0                            LAT/LON1/LON2/DLON/H
  305  313  328  335  344  347  351  352  352  349  346  342  340  336  329  326
  324  322  317  311  299  294  284  277  263  249  229  214  201  195  189  184
  173  159  142  129  119  116  116  115  117  113  110  104  103   94   89   83
   82   80   85   88  105  118  137  152  167  175  181  187  198  204  214  219
  224  226  233  240  254  264  270  288  305                                   
    17.5-180.0 180.0   5.0 450.0                            LAT/LON1/LON2/DLON/H
  293  302  323  332  344  354  365  373  377  378  377  376  375  374  365  360
  356  350  343  333  320  309  299  286  269  249  226  209  194  188  180  174
  164  151  136  124  115  112  109  106  103   98   92   87   84   78   73   69
   68   70   76   85  103  120  139  156  171  181  186  197  206  215  224  231
  235  238  244  250  261  271  274  292  293                                   
    15.0-180.0 180.0   5.0 450.0                            LAT/LON1/LON2/DLON/H
  289  300  319  329  340  358  374  390  399  406  407  410  409  410  400  395
  386  380  367  355  336  325  309  294  269  246  220  201  187  179  172  167
  157  146  132  122  115  110  106  100   95   88   81   75   73   67   64   60
   60   62   72   81  103  121  142  158  175  185  194  205  218  227  238  245
  251  254  262  266  274  281  285  300  289                                   
    12.5-180.0 180.0   5.0 450.0                            LAT/LON1/LON2/DLON/H
  294  304  322  330  339  356  375  392  407  418  424  430  433  436  430  427
  419  412  397  380  358  338  318  295  266  240  213  194  182  175  170  165
  156  146  134  126  117  113  107  100   93   86   79   74   70   65   61   56
   57   60   70   83  103  123  143  163  181  197  208  223  236  247  258  266
  273  278  285  287  294  298  301  315  294                                   
    10.0-180.0 180.0   5.0 450.0                            LAT/LON1/LON2/DLON/H
  311  320  332  338  344  358  375  394  410  426  434  444  448  454  449  450
  441  434  416  398  369  346  318  291  259  231  205  187  177  172  169  165
  156  145  135  125  118  113  105   98   91   84   79   72   71   64   63   58
   58   61   71   83  104  122  145  164  187  206  224  240  257  267  280  288
  297  303  311  313  317  320  324  334  311                                   
     7.5-180.0 180.0   5.0 450.0                            LAT/LON1/LON2/DLON/H
  334  342  354  357  358  366  378  392  407  423  435  446  453  461  461  463
  457  449  430  408  376  344  312  280  249  221  198  183  176  173  170  164
