data/unet/pred0190.15i
     1.0            IONOSPHERE MAPS     GNSS                IONEX VERSION / TYPE
pyspatialgeodesy        IME             05-JAN-18 20:20     PGM / RUN BY / DATE 
Map Name                                                    COMMENT             
Predicted global ionosphere maps (GIM).                     DESCRIPTION         
  2015     1    19     0     0     0                        EPOCH OF FIRST MAP  
  2015     1    20     0     0     0                        EPOCH OF LAST MAP   
  7200                                                      INTERVAL            
    13                                                      # OF MAPS IN FILE   
  NONE                                                      MAPPING FUNCTION    
10.0                                                        ELEVATION CUTOFF    
One-way carrier phase leveled to code                       OBSERVABLES USED    
  6371.0                                                    BASE RADIUS         
 2                                                          MAP DIMENSION       
   450.0 450.0   0.0                                        HGT1 / HGT2 / DHGT  
    87.5 -87.5  -2.5                                        LAT1 / LAT2 / DLAT  
  -180.0 180.0   5.0                                        LON1 / LON2 / DLON  
    -1                                                      EXPONENT            
                                                            END OF HEADER       
[from data line 3003]
     8                                                      START OF TEC MAP    
  2015     1    19    14     0     0                        EPOCH OF CURRENT MAP
    87.5-180.0 180.0   5.0 450.0                            LAT/LON1/LON2/DLON/H
   55   85   87   86   85   88   89   91   91   94   92   94   91   94   91   93
   90   93   91   94   90   94   91   94   90   94   90   94   89   92   89   90
   85   87   83   85   80   81   78   79   75   77   72   74   70   72   68   70
   67   68   65   67   65   66   64   66   64   66   65   67   67   69   69   70
   72   73   74   75   74   77   90   73   55                                   
    85.0-180.0 180.0   5.0 450.0                            LAT/LON1/LON2/DLON/H
   73   86   88   86   91   89   95   93   98   97  101   98  103  100  103   99
  103   99  103   98  101   98  101   96   98   95   96   92   94   91   92   88
   88   85   85   81   79   77   73   72   68   68   64   64   61   61   59   59
   58   58   58   57   58   58   59   58   60   59   61   60   63   62   65   63
   67   66   71   70   76   75   82   70   73                                   
    82.5-180.0 180.0   5.0 450.0                            LAT/LON1/LON2/DLON/H
   65   76   78   81   83   87   89   92   95   97   98   99   99  100   99   99
   98   99   98   99   99  100  100  101  100  101   98  100   97   97   93   92
   89   87   83   80   77   74   69   64   60   56   52   49   48   45   45   42
   44   41   44   42   46   44   46   46   48   47   48   48   49   50   50   51
   52   55   54   57   56   59   62   54   65                                   
    80.0-180.0 180.0   5.0 450.0                            LAT/LON1/LON2/DLON/H
   59   64   62   70   71   76   76   81   81   85   84   86   85   86   84   85
   85   85   86   87   89   91   93   96   98  100   99  101   97   98   91   93
   85   86   76   78   69   71   62   61   54   53   46   46   39   40   36   38
   36   39   37   40   39   42   40   42   40   42   40   43   40   43   40   44
   41   46   43   47   46   47   52   44   59                                   
    77.5-180.0 180.0   5.0 450.0                            LAT/LON1/LON2/DLON/H
   41   55   56   58   59   63   65   69   69   71   70   71   69   70   68   69
   68   69   70   73   76   81   84   92   92  100   97  103   97   99   93   93
   86   84   79   75   69   67   60   57   51   49   43   41   36   36   35   36
   36   38   39   42   43   44   45   45   45   43   44   43   43   41   41   40
   40   39   40   39   38   38   40   35   41                                   
    75.0-180.0 180.0   5.0 450.0                            LAT/LON1/LON2/DLON/H
   42   45   51   51   54   56   59   60   61   61   60   57   55   52   50   48
   47   49   50   54   57   65   69   78   83   92   93   99   99  103  100   99
   95   93   88   83   77   72   67   60   55   51   46   42   39   37   37   36
   39   40   43   45   49   50   53   52   54   52   53   51   50   49   48   45
   45   43   44   42   41   38   43   33   42                                   
    72.5-180.0 180.0   5.0 450.0                            LAT/LON1/LON2/DLON/H
   38   51   53   53   53   55   57   59   59   59   55   53   46   43   37   35
   32   34   35   43   50   59   68   81   89  102  103  113  112  119  114  117
  111  112  106  101   96   91   83   76   67   62   55   52   46   46   43   45
   45   49   51   56   58   61   62   63   62   62   59   60   58   59   56   56
   54   53   52   50   48   44   41   34   38                                   
    70.0-180.0 180.0   5.0 450.0                            LAT/LON1/LON2/DLON/H
   43   47   55   54   58   55   59   56   60   54   55   45   44   35   33   27
   28   27   35   43   56   69   82   98  106  120  121  131  131  136  135  137
  135  134  130  127  120  116  105   97   85   77   68   61   55   51   50   48
   49   50   53   57   61   62   64   63   65   62   65   62   64   61   63   60
   61   58   60   55   55   48   49   40   43                                   
    67.5-180.0 180.0   5.0 450.0                            LAT/LON1/LON2/DLON/H
   39   53   57   58   57   58   59   59   61   58   55   49   44   36   31   25
   25   24   35   44   62   78   94  112  121  133  135  144  144  150  149  155
  152  153  150  147  141  134  126  115  104   96   86   78   70   65   59   58
   56   58   58   59   59   61   60   60   60   60   59   61   61   62   62   63
   63   64   63   63   58   55   51   45   39                                   
    65.0-180.0 180.0   5.0 450.0                            LAT/LON1/LON2/DLON/H
   41   48   56   55   58   57   61   60   63   59   58   51   47   37   32   26
   27   29   42   53   74   94  113  132  138  153  154  164  159  165  162  169
  166  169  168  165  161  153  144  132  121  110   98   88   79   70   63   57
   53   51   52   51   51   50   49   48   49   49   52   52   56   55   59   57
   61   59   63   59   60   53   53   46   41                                   
    62.5-180.0 180.0   5.0 450.0                            LAT/LON1/LON2/DLON/H
   34   46   50   53   53   56   59   60   62   60   59   54   49   41   35   32
   32   35   50   65   85  108  126  145  153  164  167  177  173  179  176  183
  180  183  181  179  173  165  152  142  131  123  111  102   89   80   70   62
   55   53   50   47   45   41   37   38   36   38   38   42   44   46   47   49
   50   52   52   55   52   50   48   43   34                                   
    60.0-180.0 180.0   5.0 450.0                            LAT/LON1/LON2/DLON/H
   30   34   43   43   47   48   53   50   56   47   54   45   47   37   35   32
   32   37   53   67   91  110  131  148  157  169  171  184  179  187  183  192
  189  194  191  192  184  174  161  150  139  130  120  111   99   86   74   63
   54   47   44   40   37   33   30   29   28   29   31   33   35   36   39   38
   42   40   46   44   45   41   43   32   30                                   
    57.5-180.0 180.0   5.0 450.0                            LAT/LON1/LON2/DLON/H
   21   31   33   38   38   44   44   44   42   41   39   41   37   38   34   37
   38   46   61   78   97  119  136  153  164  175  182  191  193  199  200  207
  204  207  203  203  191  182  168  161  149  142  133  124  112   99   86   73
   62   54   49   42   39   32   30   27   26   27   27   30   30   31   32   32
   32   33   34   38   36   36   34   25   21                                   
    55.0-180.0 180.0   5.0 450.0                            LAT/LON1/LON2/DLON/H
   21   24   30   29   33   32   38   31   37   26   33   25   34   25   33   33
   39   47   66   80  102  117  137  151  164  175  181  193  197  207  209  217
  216  220  217  213  202  191  179  170  160  152  143  137  126  113   97   83
   69   59   51   45   41   36   33   30   31   32   34   33   35   34   34   32
   33   31   34   35   36   33   34   21   21                                   
    52.5-180.0 180.0   5.0 450.0                            LAT/LON1/LON2/DLON/H
   21   30   29   34   33   39   36   36   28   26   21   26   24   30   30   38
   46   59   75   92  109  128  142  157  168  180  191  201  210  218  223  229
  231  232  226  220  207  198  187  181  170  167  158  154  143  130  115  101
   89   76   67   58   54   48   45   43   42   44   44   46   46   44   42   41
   38   38   38   41   40   38   37   26   21                                   
    50.0-180.0 180.0   5.0 450.0                            LAT/LON1/LON2/DLON/H
   36   36   39   40   42   40   39   34   32   20   29   18   30   22   34   37
   51   64   85  100  121  132  148  158  173  183  196  207  214  221  226  233
  236  235  232  224  216  207  196  189  183  178  172  165  155  142  128  115
  104   94   82   74   66   63   58   57   58   59   61   61   62   59   58   54
   52   50   51   52   52   50   51   37   36                                   
    47.5-180.0 180.0   5.0 450.0                            LAT/LON1/LON2/DLON/H
   50   54   52   55   54   54   48   43   35   32   27   29   29   32   38   47
   60   78   97  120  135  151  161  175  184  196  206  219  223  227  229  234
  233  233  229  225  220  213  203  198  191  190  182  177  165  154  142  131
  121  113  102   93   84   78   73   72   72   74   74   78   76   75   72   70
   66   65   64   67   68   67   65   57   50                                   
    45.0-180.0 180.0   5.0 450.0                            LAT/LON1/LON2/DLON/H
   70   67   71   70   73   67   63   50   45   37   39   36   40   37   44   50
   69   85  111  131  150  160  173  182  195  207  218  225  226  225  223  225
  226  224  226  224  225  219  212  207  202  199  191  184  172  160  150  140
  132  124  112  104   92   86   79   78   79   81   83   84   86   84   82   79
   77   75   76   78   81   81   83   74   70                                   
    42.5-180.0 180.0   5.0 450.0                            LAT/LON1/LON2/DLON/H
   80   83   81   85   85   80   74   61   53   48   46   47   46   47   51   63
   78  102  125  149  163  178  187  202  210  223  229  235  228  222  215  215
  213  215  219  225  229  227  222  217  210  206  197  188  176  165  157  147
  140  132  121  109   96   87   78   76   76   79   80   86   85   87   84   83
   79   79   79   83   86   90   92   87   80                                   
    40.0-180.0 180.0   5.0 450.0                            LAT/LON1/LON2/DLON/H
   88   89   92   93   97   89   86   70   65   55   58   54   58   54   64   71
   91  112  139  159  176  188  202  213  226  234  241  237  228  215  206  202
  205  211  221  231  239  239  236  230  223  216  208  195  184  172  164  155
  147  137  125  111   96   84   75   71   74   74   77   81   82   84   81   80
   78   75   77   80   84   88   94   88   88                                   
    37.5-180.0 180.0   5.0 450.0                            LAT/LON1/LON2/DLON/H
   87   91   92   97   98   93   87   76   68   63   64   64   66   67   73   86
  102  128  148  170  184  201  212  229  238  248  247  241  226  213  202  204
  209  224  237  253  259  263  259  253  240  232  220  208  195  183  176  166
  159  148  136  120  103   89   78   73   71   72   71   75   73   75   72   73
   68   65   65   70   73   81   87   83   87                                   
    35.0-180.0 180.0   5.0 450.0                            LAT/LON1/LON2/DLON/H
   82   83   87   89   93   90   85   73   70   63   69   68   74   75   87   95
  116  133  157  172  191  205  222  235  247  251  253  242  233  218  215  221
  237  255  273  286  296  297  292  281  268  256  242  229  215  205  194  185
  177  165  154  138  122  107   96   86   82   78   75   72   69   68   64   62
   58   56   54   57   58   67   75   72   82                                   
    32.5-180.0 180.0   5.0 450.0                            LAT/LON1/LON2/DLON/H
   74   74   74   82   81   82   76   70   65   64   67   71   76   84   96  114
  131  149  164  181  194  213  226  242  248  256  253  249  240  235  237  255
  273  300  317  334  340  339  328  318  298  286  270  258  244  233  222  212
  201  192  181  170  157  144  131  120  113  103   94   88   78   73   66   64
   58   53   49   50   50   58   62   61   74                                   
    30.0-180.0 180.0   5.0 450.0                            LAT/LON1/LON2/DLON/H
   70   62   63   66   69   68   66   61   60   57   65   67   78   85  104  119
  140  153  172  182  201  214  229  240  249  254  258  257  260  264  275  296
  326  352  372  383  390  386  376  359  341  325  310  299  286  276  265  253
  241  232  222  212  203  191  179  168  156  143  129  117  104   92   84   80
   76   70   64   60   57   58   57   54   70                                   
    27.5-180.0 180.0   5.0 450.0                            LAT/LON1/LON2/DLON/H
   71   65   56   59   56   61   57   57   52   57   60   66   74   89  108  130
  149  165  178  193  205  222  230  240  244  253  259  269  282  297  321  350
  383  418  433  447  442  434  418  403  385  370  357  347  335  324  312  302
  290  288  279  276  264  254  235  221  203  190  177  163  150  137  128  125
  117  108  100   89   83   76   63   58   71                                   
    25.0-180.0 180.0   5.0 450.0                            LAT/LON1/LON2/DLON/H
   78   74   61   58   55   56   55   52   52   50   58   60   72   84  107  128
  153  166  186  196  213  225  233  238  245  252  266  284  308  333  367  402
  444  479  492  501  490  479  461  446  430  418  408  399  387  375  363  351
  343  342  341  341  335  325  305  289  267  251  229  215  204  193  186  178
  173  163  151  138  125  113   94   67   78                                   
    22.5-180.0 180.0   5.0 450.0                            LAT/LON1/LON2/DLON/H
   88   93   78   70   64   61   58   58   53   57   56   63   69   85  106  133
  156  174  190  209  221  234  235  240  242  252  271  297  335  367  416  455
  503  527  540  539  526  510  492  481  469  461  455  445  435  419  404  393
  385  387  390  396  396  396  383  367  349  326  303  282  263  246  231  223
  215  213  202  189  174  153  135   92   88                                   
    20.0-180.0 180.0   5.0 450.0                            LAT/LON1/LON2/DLON/H
  113  125  106   96   80   77   69   66   63   59   59   60   69   80  105  127
  154  171  198  213  232  240  245  241  247  258  283  318  366  409  458  497
  539  556  566  560  548  528  511  499  492  485  482  474  465  452  438  428
  422  423  428  433  436  432  419  398  380  361  343  326  305  279  261  246
  240  242  239  231  220  191  173  124  113                                   
    17.5-180.0 180.0   5.0 450.0                            LAT/LON1/LON2/DLON/H
  130  141  125  113  107   93   84   79   74   72   65   69   72   86  105  133
  157  181  201  227  240  255  253  255  256  271  302  345  400  440  490  525
  562  580  586  576  562  540  524  513  509  505  503  499  491  481  470  461
  454  453  454  460  458  454  438  419  397  378  358  340  324  297  285  270
  267  263  263  260  248  223  202  155  130                                   
    15.0-180.0 180.0   5.0 450.0                            LAT/LON1/LON2/DLON/H
  147  156  135  124  115  112   99   92   85   80   76   73   80   89  112  132
  160  182  209  232  252  266  270  270  273  293  330  376  430  470  513  539
  572  577  587  570  561  538  526  519  516  514  513  507  502  494  483  476
  464  458  451  451  439  431  406  388  362  352  335  328  315  297  283  276
  274  278  277  272  260  234  219  185  147                                   
    12.5-180.0 180.0   5.0 450.0                            LAT/LON1/LON2/DLON/H
  151  167  146  129  119  110  105   95   91   85   82   83   86   99  118  143
  167  196  219  247  265  282  285  288  294  318  357  405  452  491  524  547
  569  574  579  566  555  538  527  523  521  521  518  514  509  502  494  482
  468  452  439  420  403  384  361  344  327  319  309  298  293  274  272  268
  269  274  277  273  255  239  219  189  151                                   
    10.0-180.0 180.0   5.0 450.0                            LAT/LON1/LON2/DLON/H
  154  170  148  131  120  112  102   95   92   87   89   87   96  105  130  152
  181  204  232  258  280  295  305  306  321  346  389  430  474  503  530  540
  554  556  560  547  542  530  521  520  518  520  514  509  503  497  486  474
  449  428  404  378  347  329  303  295  284  281  274  270  265  258  251  248
  249  251  257  254  240  219  209  189  154                                   
     7.5-180.0 180.0   5.0 450.0                            LAT/LON1/LON2/DLON/H
  138  164  146  127  118  103   95   86   84   83   93   97  105  117  137  167
  193  225  250  277  299  313  321  330  348  379  418  457  492  512  524  530
