data/unet/pred1270.15i
     1.0            IONOSPHERE MAPS     GNSS                IONEX VERSION / TYPE
pyspatialgeodesy        IME             05-JAN-18 20:20     PGM / RUN BY / DATE 
Map Name                                                    COMMENT             
Predicted global ionosphere maps (GIM).                     DESCRIPTION         
  2015     5     7     0     0     0                        EPOCH OF FIRST MAP  
  2015     5     8     0     0     0                        EPOCH OF LAST MAP   
  7200                                                      INTERVAL            
    13                                                      # OF MAPS IN FILE   
  NONE                                                      MAPPING FUNCTION    
10.0                                                        ELEVATION CUTOFF    
One-way carrier phase leveled to code                       OBSERVABLES USED    
  6371.0                                                    BASE RADIUS         
 2                                                          MAP DIMENSION       
   450.0 450.0   0.0                                        HGT1 / HGT2 / DHGT  
    87.5 -87.5  -2.5                                        LAT1 / LAT2 / DLAT  
  -180.0 180.0   5.0                                        LON1 / LON2 / DLON  
    -1                                                      EXPONENT            
                                                            END OF HEADER       
[from data line 1287]
     4                                                      START OF TEC MAP    
  2015     5     7     6     0     0                        EPOCH OF CURRENT MAP
    87.5-180.0 180.0   5.0 450.0                            LAT/LON1/LON2/DLON/H
   88  119  119  113  116  111  118  115  122  120  126  123  129  127  132  128
  133  129  134  129  133  129  133  128  132  128  132  127  132  127  131  125
  130  124  130  123  129  123  129  123  128  124  129  125  129  126  129  125
  129  124  127  122  125  120  123  118  121  117  119  115  118  114  117  113
  115  113  117  116  121  116  125   90   88                                   
    85.0-180.0 180.0   5.0 450.0                            LAT/LON1/LON2/DLON/H
  119  128  120  122  121  120  123  124  125  126  129  130  130  131  133  132
  132  131  132  131  130  127  128  126  125  123  124  121  122  118  121  116
  118  114  119  115  118  114  120  116  121  118  124  120  125  122  127  124
  127  124  127  124  126  123  124  122  122  120  121  120  119  118  119  119
  117  118  118  119  119  115  124  116  119                                   
    82.5-180.0 180.0   5.0 450.0                            LAT/LON1/LON2/DLON/H
  118  125  120  124  121  125  125  133  130  136  135  141  137  143  140  145
  140  144  139  142  136  138  132  135  128  131  126  130  123  126  121  125
  120  123  119  125  121  126  123  130  126  132  130  137  134  138  136  140
  137  139  136  140  136  138  134  136  133  133  130  132  127  128  125  126
  122  124  122  124  119  126  124  116  118                                   
    80.0-180.0 180.0   5.0 450.0                            LAT/LON1/LON2/DLON/H
  126  125  125  121  122  120  128  128  133  132  137  137  140  139  143  140
  142  139  141  138  137  133  134  128  128  122  125  119  122  115  120  114
  118  113  119  116  123  119  128  125  133  130  141  138  147  142  150  146
  151  148  153  150  153  149  153  147  151  144  148  142  144  138  139  133
  133  128  129  125  123  120  123  118  126                                   
    77.5-180.0 180.0   5.0 450.0                            LAT/LON1/LON2/DLON/H
  130  131  123  124  122  125  127  133  131  136  134  139  136  140  138  141
  137  140  136  139  132  134  128  129  122  122  117  117  112  113  109  112
  108  113  112  120  119  127  127  136  138  145  148  155  157  162  164  167
  167  168  169  170  168  168  166  166  164  164  162  163  160  160  158  156
  152  149  145  142  137  135  130  129  130                                   
    75.0-180.0 180.0   5.0 450.0                            LAT/LON1/LON2/DLON/H
  140  135  128  124  124  121  125  125  125  125  126  127  125  126  126  127
  125  126  124  125  122  121  118  115  112  108  106  102  101   98  100   99
  101  103  107  111  116  120  127  131  140  144  154  158  166  169  175  177
  181  181  185  183  183  180  180  176  174  172  173  171  170  169  170  167
  164  161  157  155  148  147  142  138  140                                   
    72.5-180.0 180.0   5.0 450.0                            LAT/LON1/LON2/DLON/H
  147  139  132  131  129  125  126  126  124  123  121  121  118  117  116  117
  115  116  115  117  114  116  112  111  106  103   99   95   91   90   89   92
   93   99  102  110  115  123  129  138  145  152  161  168  176  182  190  193
  198  199  202  201  200  196  193  189  185  183  182  182  181  181  181  179
  177  173  172  165  163  160  148  146  147                                   
    70.0-180.0 180.0   5.0 450.0                            LAT/LON1/LON2/DLON/H
  152  145  137  132  130  122  123  119  118  112  111  109  106  104  104  103
  103  104  105  108  107  108  107  105  101   97   93   89   87   84   86   86
   92   96  103  108  116  122  131  137  150  154  166  171  183  187  197  199
  206  206  210  208  207  202  199  192  189  184  185  183  184  183  187  184
  184  181  179  174  171  165  156  153  152                                   
    67.5-180.0 180.0   5.0 450.0                            LAT/LON1/LON2/DLON/H
  155  147  138  135  131  122  121  117  114  110  107  106  101   98   97   96
   97   97  100  103  105  107  106  106  102   98   93   89   86   85   86   87
   93   98  103  111  116  129  132  145  153  163  169  180  188  198  204  211
  214  216  216  214  211  204  199  192  185  182  179  179  176  177  179  180
  180  178  179  173  174  168  155  159  155                                   
    65.0-180.0 180.0   5.0 450.0                            LAT/LON1/LON2/DLON/H
  159  151  144  136  132  120  120  114  111  104  103   98   94   90   88   87
   88   88   92   96   99  102  102  102   99   96   92   88   87   85   87   88
   93   96  101  109  116  125  131  141  151  160  170  179  190  199  208  212
  216  216  216  211  207  198  192  182  179  171  173  166  169  164  169  166
  169  167  170  166  169  164  159  157  159                                   
    62.5-180.0 180.0   5.0 450.0                            LAT/LON1/LON2/DLON/H
  160  153  142  137  131  119  116  111  108  103  101   99   94   90   87   84
   83   83   87   90   95   97   98   97   96   92   90   86   86   83   87   87
   94   98  103  113  118  132  132  149  153  170  172  190  195  211  213  223
  222  224  218  217  208  202  189  185  174  172  165  164  159  158  156  157
  156  158  158  160  160  161  155  161  160                                   
    60.0-180.0 180.0   5.0 450.0                            LAT/LON1/LON2/DLON/H
  165  159  150  140  136  121  118  110  107   99   99   92   90   84   81   78
   76   76   79   82   86   88   89   88   88   86   86   82   85   82   85   86
   91   97  101  115  121  133  137  149  157  171  180  193  201  212  217  223
  224  223  220  215  209  199  191  181  177  168  168  160  161  153  155  149
  150  148  152  154  158  156  156  158  165                                   
    57.5-180.0 180.0   5.0 450.0                            LAT/LON1/LON2/DLON/H
  170  167  156  151  144  129  123  114  109  102  101   97   92   88   82   79
   75   74   75   76   79   80   81   80   81   78   80   77   82   78   84   82
   90   95  103  117  126  141  143  159  161  182  183  204  208  225  226  236
  231  235  227  226  216  212  198  193  179  179  170  172  165  164  158  156
  152  152  152  158  160  163  160  169  170                                   
    55.0-180.0 180.0   5.0 450.0                            LAT/LON1/LON2/DLON/H
  182  182  172  162  156  140  135  121  115  104  102   92   90   82   79   75
   72   70   72   70   73   71   73   71   74   72   77   74   79   77   80   82
   86   97  102  121  126  145  146  163  167  183  189  203  212  223  227  235
  235  237  235  231  227  218  210  199  193  185  185  180  180  173  171  164
  162  159  160  162  169  167  171  173  182                                   
    52.5-180.0 180.0   5.0 450.0                            LAT/LON1/LON2/DLON/H
  198  200  188  185  172  159  149  135  123  113  106   98   92   86   80   79
   74   74   72   71   70   69   68   67   71   69   76   73   81   76   84   80
   90   96  105  121  130  146  149  164  166  184  187  206  210  229  230  242
  243  248  245  245  240  236  222  218  207  208  201  207  200  202  191  189
  180  179  175  180  183  183  181  197  198                                   
    50.0-180.0 180.0   5.0 450.0                            LAT/LON1/LON2/DLON/H
  220  218  211  202  194  173  166  148  136  118  110   95   90   78   77   73
   74   73   74   72   72   68   70   69   74   73   79   78   83   82   84   87
   92  103  111  129  134  155  153  173  173  192  193  210  215  229  231  240
  244  248  250  248  250  240  235  224  223  217  219  220  222  220  216  209
  206  199  199  196  204  196  201  206  220                                   
    47.5-180.0 180.0   5.0 450.0                            LAT/LON1/LON2/DLON/H
  236  239  232  229  219  203  186  170  154  135  121  105   94   85   79   79
   77   81   81   82   80   78   79   77   83   82   89   85   92   86   94   91
  100  106  116  132  144  159  164  177  181  197  200  219  223  239  239  250
  254  262  264  268  268  264  252  249  239  243  239  248  247  251  244  240
  233  228  223  220  222  219  216  232  236                                   
    45.0-180.0 180.0   5.0 450.0                            LAT/LON1/LON2/DLON/H
  249  247  245  239  234  215  205  183  168  141  129  105   95   80   79   75
   82   82   90   89   90   88   90   91   97   96  101   98  100   99   98  104
  106  117  124  141  149  168  170  188  191  208  211  226  232  245  246  254
  258  265  269  273  274  266  259  248  245  241  245  252  257  261  261  256
  256  248  246  241  243  233  234  238  249                                   
    42.5-180.0 180.0   5.0 450.0                            LAT/LON1/LON2/DLON/H
  254  249  245  243  236  226  215  198  180  157  139  120  106   94   87   88
   90   97  101  104  103  102  105  106  112  110  113  107  110  103  108  108
  117  125  135  151  163  182  187  204  211  227  231  247  252  266  264  272
  275  280  286  289  290  282  270  264  256  260  257  266  269  274  273  270
  269  261  256  250  252  248  241  256  254                                   
    40.0-180.0 180.0   5.0 450.0                            LAT/LON1/LON2/DLON/H
  255  248  235  230  226  218  212  197  184  158  144  121  112   96   95   90
   99   99  111  111  114  116  120  124  131  130  129  125  121  118  117  124
  127  138  146  159  173  190  201  216  227  236  245  253  265  273  279  282
  291  292  302  300  303  292  282  271  271  269  274  277  286  287  292  288
  288  280  271  267  267  258  251  260  255                                   
    37.5-180.0 180.0   5.0 450.0                            LAT/LON1/LON2/DLON/H
  259  245  228  215  213  206  201  189  180  163  150  136  126  117  111  110
  111  116  121  125  125  128  133  137  143  143  140  132  128  122  125  131
  141  150  158  173  183  203  215  236  249  267  271  285  291  305  309  317
  321  324  330  329  330  320  310  302  302  306  311  316  321  324  326  322
  320  312  303  293  291  280  269  273  259                                   
    35.0-180.0 180.0   5.0 450.0                            LAT/LON1/LON2/DLON/H
  269  244  215  205  191  192  177  173  166  152  148  134  131  118  120  112
  121  117  130  128  137  141  149  156  162  161  157  149  143  138  136  144
  149  162  164  177  188  211  224  248  263  281  286  302  313  324  335  337
  349  348  360  356  365  353  351  345  350  357  364  370  374  376  375  373
  363  353  337  327  318  304  287  291  269                                   
    32.5-180.0 180.0   5.0 450.0                            LAT/LON1/LON2/DLON/H
  314  271  237  213  196  180  168  158  155  147  148  142  140  136  132  130
  129  131  133  140  141  151  157  165  172  172  167  159  153  150  153  159
  168  175  178  185  200  218  239  261  282  302  313  330  343  360  367  379
  382  389  397  400  412  405  412  414  429  439  452  455  458  458  455  454
  441  429  406  392  379  364  330  330  314                                   
    30.0-180.0 180.0   5.0 450.0                            LAT/LON1/LON2/DLON/H
  355  294  254  230  199  183  161  158  146  140  137  132  137  130  133  126
  133  128  140  140  152  160  170  179  186  184  180  171  163  159  158  165
  168  176  177  186  199  221  241  261  285  302  321  337  358  375  389  401
  413  420  436  444  465  470  490  509  531  555  563  569  561  561  544  543
  514  503  467  460  437  423  385  380  355                                   
    27.5-180.0 180.0   5.0 450.0                            LAT/LON1/LON2/DLON/H
  420  374  316  274  237  208  186  168  155  146  145  144  146  145  142  140
  138  140  142  152  159  174  182  195  202  200  192  183  176  173  175  176
  179  179  183  186  204  222  246  263  287  308  327  348  367  390  405  426
  437  459  471  493  516  545  575  614  637  668  674  678  673  666  652  639
  615  588  554  534  517  503  471  446  420                                   
    25.0-180.0 180.0   5.0 450.0                            LAT/LON1/LON2/DLON/H
  486  455  388  330  270  244  206  195  172  162  148  144  142  138  140  136
  141  139  149  154  170  185  197  209  216  212  201  192  180  177  172  173
  170  174  178  187  202  222  242  261  281  304  324  347  369  394  411  438
  456  482  503  529  569  603  640  685  721  748  764  769  763  754  739  723
  693  675  642  625  603  592  568  530  486                                   
    22.5-180.0 180.0   5.0 450.0                            LAT/LON1/LON2/DLON/H
  577  550  496  432  360  303  253  221  196  184  165  161  157  155  150  148
  147  148  152  164  179  199  212  229  234  226  215  201  194  185  178  171
  165  165  173  180  202  216  242  253  278  298  321  351  368  397  416  451
  475  507  533  573  614  655  687  738  772  805  819  824  820  810  796  773
  750  725  704  688  682  675  664  604  577                                   
    20.0-180.0 180.0   5.0 450.0                            LAT/LON1/LON2/DLON/H
  649  641  587  518  447  384  312  269  221  209  185  177  163  160  155  153
  153  154  163  173  191  210  224  240  243  237  221  210  196  188  173  164
  152  154  159  173  190  210  229  247  269  290  321  348  375  403  429  464
  494  524  558  600  640  670  702  744  780  812  827  835  833  826  815  801
  782  760  744  735  734  729  716  682  649                                   
    17.5-180.0 180.0   5.0 450.0                            LAT/LON1/LON2/DLON/H
  703  706  665  591  527  464  401  336  278  242  210  202  187  189  177  177
  169  169  173  184  198  219  238  252  255  244  229  214  202  189  172  156
  143  140  149  162  188  206  229  244  269  292  322  356  377  413  439  480
  506  543  575  618  642  669  689  719  745  772  790  800  803  802  797  790
  778  767  758  757  759  761  746  710  703                                   
    15.0-180.0 180.0   5.0 450.0                            LAT/LON1/LON2/DLON/H
  717  732  694  633  570  514  449  388  323  281  238  223  207  202  192  191
  185  186  191  198  210  228  244  254  250  241  223  211  196  183  164  150
  132  130  134  151  171  199  213  242  263  294  324  358  386  422  453  491
  520  550  582  616  638  655  671  686  706  723  746  752  763  764  766  763
  759  754  754  759  766  767  754  733  717                                   
    12.5-180.0 180.0   5.0 450.0                            LAT/LON1/LON2/DLON/H
  712  729  699  640  586  533  487  431  373  324  279  261  240  236  220  219
  211  211  210  212  219  233  248  251  246  229  214  201  186  168  148  131
  115  114  124  139  166  191  215  241  271  301  332  367  390  432  458  503
  525  563  585  619  633  652  653  666  673  691  703  717  726  733  734  736
  733  736  737  748  756  762  748  721  712                                   
    10.0-180.0 180.0   5.0 450.0                            LAT/LON1/LON2/DLON/H
  689  702  673  626  577  540  498  455  399  363  315  303  278  269  251  242
  233  234  228  230  230  238  245  242  228  217  200  185  166  151  131  115
   98  101  111  129  150  182  204  239  265  300  325  362  387  427  458  499
  531  561  586  614  625  637  636  638  649  656  672  677  693  700  707  711
  715  716  722  733  745  750  737  716  689                                   
     7.5-180.0 180.0   5.0 450.0                            LAT/LON1/LON2/DLON/H
  675  675  649  604  564  532  506  473  432  402  362  352  329  323  300  289
  269  261  249  246  238  243  242  230  216  198  181  158  145  130  116  104
