data/unet/pred0280.15i
     1.0            IONOSPHERE MAPS     GNSS                IONEX VERSION / TYPE
pyspatialgeodesy        IME             05-JAN-18 20:20     PGM / RUN BY / DATE 
Map Name                                                    COMMENT             
Predicted global ionosphere maps (GIM).                     DESCRIPTION         
  2015     1    28     0     0     0                        EPOCH OF FIRST MAP  
  2015     1    29     0     0     0                        EPOCH OF LAST MAP   
  7200                                                      INTERVAL            
    13                                                      # OF MAPS IN FILE   
  NONE                                                      MAPPING FUNCTION    
10.0                                                        ELEVATION CUTOFF    
One-way carrier phase leveled to code                       OBSERVABLES USED    
  6371.0                                                    BASE RADIUS         
 2                                                          MAP DIMENSION       
   450.0 450.0   0.0                                        HGT1 / HGT2 / DHGT  
    87.5 -87.5  -2.5                                        LAT1 / LAT2 / DLAT  
  -180.0 180.0   5.0                                        LON1 / LON2 / DLON  
    -1                                                      EXPONENT            
                                                            END OF HEADER       
[from data line 4290]
    11                                                      START OF TEC MAP    
  2015     1    28    20     0     0                        EPOCH OF CURRENT MAP
    87.5-180.0 180.0   5.0 450.0                            LAT/LON1/LON2/DLON/H
  119   92   74   79   75   78   78   83   84   88   90   94   95   98   98  101
  101  104  104  106  106  108  108  109  108  110  108  109  106  107  103  103
   99  100   96   96   93   93   91   91   88   88   86   86   84   85   84   84
   83   84   83   84   82   83   82   83   81   81   79   80   79   80   78   79
   77   78   76   77   77   80   77  121  119                                   
    85.0-180.0 180.0   5.0 450.0                            LAT/LON1/LON2/DLON/H
   57   59   55   61   60   63   64   70   74   80   84   89   91   95   95   98
   98  101  101  104  104  107  107  109  109  110  109  110  108  107  105  105
  101  101   98   97   93   92   90   88   87   85   85   84   83   82   83   81
   82   81   82   80   81   80   80   79   78   77   75   74   72   71   69   68
   66   65   63   62   63   62   61   87   57                                   
    82.5-180.0 180.0   5.0 450.0                            LAT/LON1/LON2/DLON/H
   46   48   43   48   47   51   51   60   62   71   75   83   87   93   95  102
  103  109  108  113  111  116  114  117  114  117  113  115  110  112  107  108
  103  103   99   98   93   93   89   87   84   84   81   81   79   81   79   80
   79   80   79   80   78   80   78   80   76   77   72   74   69   71   65   67
   61   62   57   58   53   50   43   61   46                                   
    80.0-180.0 180.0   5.0 450.0                            LAT/LON1/LON2/DLON/H
   45   36   34   33   36   36   43   48   57   64   75   82   91   97  103  109
  114  117  120  121  122  122  121  120  120  118  118  116  115  112  112  108
  107  103  102   98   94   91   88   83   80   78   77   74   74   74   75   75
   76   76   78   76   79   77   80   78   80   76   78   73   75   70   71   65
   66   60   60   51   50   42   36   50   45                                   
    77.5-180.0 180.0   5.0 450.0                            LAT/LON1/LON2/DLON/H
   39   30   28   26   28   27   36   42   55   63   77   84   97  104  115  120
  126  129  130  129  128  125  123  118  116  112  111  107  106  101  102   96
   98   90   93   84   86   77   79   70   71   65   67   64   66   65   68   68
   70   71   74   74   76   76   78   78   79   76   77   74   74   71   71   67
   66   61   58   52   47   38   31   37   39                                   
    75.0-180.0 180.0   5.0 450.0                            LAT/LON1/LON2/DLON/H
   47   34   36   33   37   36   48   52   69   76   94  103  119  126  139  140
  148  144  148  139  140  129  128  118  117  110  110  104  103   99   99   96
   96   93   92   88   84   80   77   72   69   66   66   66   66   67   68   69
   71   73   77   77   81   82   85   84   85   82   83   80   80   77   78   74
   75   70   70   62   58   49   44   48   47                                   
    72.5-180.0 180.0   5.0 450.0                            LAT/LON1/LON2/DLON/H
   61   51   48   46   50   49   59   66   80   92  110  123  138  147  157  161
  162  160  155  150  142  134  126  117  113  106  104   99   99   94   96   91
   93   87   90   83   84   76   76   69   68   63   65   63   64   64   64   66
   67   70   73   76   78   82   83   84   85   84   81   81   78   80   78   78
   77   77   76   71   67   59   54   55   61                                   
    70.0-180.0 180.0   5.0 450.0                            LAT/LON1/LON2/DLON/H
   78   64   66   63   67   69   79   85  100  112  134  147  164  172  183  184
  186  180  176  163  156  142  133  120  115  105  102   97   95   93   92   89
   89   86   84   82   77   74   68   66   61   62   60   62   60   62   62   64
   66   69   72   74   77   78   81   80   82   79   79   75   77   76   79   77
   81   80   83   78   77   70   69   69   78                                   
    67.5-180.0 180.0   5.0 450.0                            LAT/LON1/LON2/DLON/H
   90   82   81   81   85   87   97  104  120  135  154  169  184  193  201  203
  201  194  186  174  162  147  136  123  115  105  101   93   92   87   86   82
   79   77   72   71   64   63   57   58   54   56   54   57   55   56   55   56
   58   59   62   64   67   68   70   71   71   70   67   68   66   70   68   74
   73   78   79   79   77   74   75   78   90                                   
    65.0-180.0 180.0   5.0 450.0                            LAT/LON1/LON2/DLON/H
   99   90   95   95  101  104  117  123  140  154  174  188  204  215  222  224
  224  215  209  192  181  163  153  135  129  113  107   94   89   82   77   72
   68   65   61   56   52   48   45   44   44   46   47   49   49   50   49   49
   50   51   54   56   58   60   61   61   62   60   59   57   59   60   63   65
   69   70   74   73   75   73   80   85   99                                   
    62.5-180.0 180.0   5.0 450.0                            LAT/LON1/LON2/DLON/H
   97   97  102  107  115  120  133  141  156  170  189  205  220  231  237  239
  238  230  222  206  194  176  164  147  138  124  115  102   93   82   75   66
   60   53   48   41   36   34   32   33   33   37   38   41   41   41   39   38
   38   38   40   41   45   45   48   48   51   49   50   49   49   52   52   55
   54   58   59   61   63   64   73   85   97                                   
    60.0-180.0 180.0   5.0 450.0                            LAT/LON1/LON2/DLON/H
   99   95  107  112  126  134  148  157  173  186  205  219  233  243  249  253
  253  247  239  224  213  194  182  165  155  139  130  112  102   86   77   65
   59   48   45   36   35   28   30   27   31   33   37   39   39   38   35   33
   31   32   32   35   38   40   43   44   46   44   45   44   45   45   48   46
   48   47   49   47   52   54   68   81   99                                   
    57.5-180.0 180.0   5.0 450.0                            LAT/LON1/LON2/DLON/H
   93   97  109  120  135  144  159  168  183  198  216  230  242  250  255  261
  261  260  252  242  228  211  197  180  169  156  144  131  117  101   87   74
   64   54   47   39   35   28   28   26   30   32   37   39   40   37   33   29
   26   25   26   27   31   34   38   39   42   41   43   41   42   42   42   42
   40   41   38   40   40   44   59   76   93                                   
    55.0-180.0 180.0   5.0 450.0                            LAT/LON1/LON2/DLON/H
   99  100  117  131  149  162  178  190  206  220  233  242  251  254  262  266
  270  268  264  254  243  227  212  196  185  172  165  152  144  124  112   93
   83   68   63   52   49   40   39   38   41   43   48   50   49   47   42   37
   33   31   32   33   37   40   45   46   51   49   50   48   49   46   47   43
   42   38   39   36   40   41   58   74   99                                   
    52.5-180.0 180.0   5.0 450.0                            LAT/LON1/LON2/DLON/H
  102  111  127  146  164  178  196  210  228  241  249  256  259  263  266  272
  271  275  270  266  254  242  225  210  198  190  182  176  167  155  137  118
  102   88   79   70   63   56   54   52   53   57   60   63   62   59   54   49
   44   42   43   43   47   49   54   55   59   58   58   56   54   52   49   48
   44   43   41   40   42   46   61   79  102                                   
    50.0-180.0 180.0   5.0 450.0                            LAT/LON1/LON2/DLON/H
  120  127  149  168  188  208  226  245  257  270  273  275  275  276  277  280
  283  282  280  274  267  254  239  225  216  209  205  200  195  182  168  143
  125  108  100   91   85   78   76   73   72   74   77   78   79   77   73   68
   65   62   63   63   67   67   71   72   76   73   73   69   67   63   61   58
   56   53   55   54   58   62   79   94  120                                   
    47.5-180.0 180.0   5.0 450.0                            LAT/LON1/LON2/DLON/H
  134  146  168  188  210  233  254  271  286  295  295  298  292  294  290  295
  290  291  284  282  273  263  250  240  232  227  224  220  213  202  183  160
  138  121  111  104  100   94   91   88   86   87   89   92   92   91   88   85
   83   82   83   83   85   85   88   86   89   85   82   78   74   72   67   66
   62   63   64   66   71   78   93  112  134                                   
    45.0-180.0 180.0   5.0 450.0                            LAT/LON1/LON2/DLON/H
  156  168  192  211  234  259  280  301  314  324  322  322  316  314  309  309
  305  301  294  288  282  271  262  252  248  242  241  235  229  214  194  169
  146  131  120  116  112  109  106  102   98   97   99  100  103  102  102  100
  101  101  104  102  105  102  104  101  102   97   94   89   85   80   78   75
   73   73   77   80   90   99  116  133  156                                   
    42.5-180.0 180.0   5.0 450.0                            LAT/LON1/LON2/DLON/H
  165  181  204  225  250  273  296  317  333  345  344  347  335  336  326  328
  318  314  304  298  290  282  274  267  263  257  252  246  232  214  190  163
  142  126  121  117  118  116  114  109  104  103  103  106  108  110  110  110
  111  113  115  115  116  114  114  110  110  104   99   94   89   86   81   79
   76   78   81   88   98  112  126  152  165                                   
    40.0-180.0 180.0   5.0 450.0                            LAT/LON1/LON2/DLON/H
  179  192  216  236  260  285  306  330  346  362  365  367  360  356  350  346
  339  331  321  313  308  299  294  285  280  270  263  250  234  212  185  160
  138  129  124  124  124  124  121  115  109  105  106  107  111  112  114  114
  117  117  121  120  122  118  118  114  114  107  104   98   94   91   87   84
   81   82   86   91  106  122  142  166  179                                   
    37.5-180.0 180.0   5.0 450.0                            LAT/LON1/LON2/DLON/H
  176  191  213  236  261  283  306  329  350  369  377  384  376  375  365  363
  355  348  337  329  324  316  310  300  292  279  266  248  224  200  173  150
  138  130  131  130  133  130  126  119  110  106  104  107  109  113  113  114
  114  115  117  116  118  116  117  113  113  108  104  100   94   93   87   85
   78   78   77   86   98  118  139  172  176                                   
    35.0-180.0 180.0   5.0 450.0                            LAT/LON1/LON2/DLON/H
  183  195  218  239  263  287  310  334  357  378  389  398  394  391  384  382
  375  370  359  354  347  340  331  316  303  285  269  247  226  200  178  163
  156  156  156  156  152  148  139  131  120  114  112  112  115  116  116  113
  112  110  111  109  110  111  112  112  112  108  106  103   99   98   92   89
   81   76   75   78   92  112  140  169  183                                   
    32.5-180.0 180.0   5.0 450.0                            LAT/LON1/LON2/DLON/H
  179  193  210  238  264  284  307  330  357  380  396  408  407  406  400  399
  396  390  383  376  372  362  349  330  313  292  275  255  233  213  198  192
  195  198  198  191  182  170  158  147  136  128  123  125  124  125  118  115
  107  105  102  103  106  108  112  113  113  110  107  106  103  102   95   92
   81   75   67   70   81  104  132  168  179                                   
    30.0-180.0 180.0   5.0 450.0                            LAT/LON1/LON2/DLON/H
  193  204  225  252  274  298  318  342  366  389  406  420  421  422  416  419
  414  412  404  401  393  383  365  344  324  305  294  281  269  257  251  257
  265  273  266  252  229  208  188  176  161  154  148  148  146  144  136  127
  117  110  105  105  108  113  117  120  119  116  113  111  109  109  104  100
   91   84   76   76   87  107  138  170  193                                   
    27.5-180.0 180.0   5.0 450.0                            LAT/LON1/LON2/DLON/H
  203  216  237  268  290  311  329  349  371  394  412  427  430  434  430  433
  429  426  420  417  410  398  378  357  340  329  323  321  318  318  327  343
  359  365  352  324  282  249  222  204  191  183  176  173  169  164  153  142
  128  119  111  112  113  121  125  129  126  123  118  118  114  114  107  106
   95   92   82   86   93  117  147  188  203                                   
    25.0-180.0 180.0   5.0 450.0                            LAT/LON1/LON2/DLON/H
  228  241  269  299  318  340  354  371  386  404  421  437  442  447  444  447
  441  439  434  431  423  408  387  369  358  359  365  374  381  396  413  431
  450  461  441  398  348  300  259  237  221  216  208  204  198  190  181  169
  155  144  135  134  136  142  145  144  137  129  122  121  118  115  113  110
  105  102  100  100  112  135  170  208  228                                   
    22.5-180.0 180.0   5.0 450.0                            LAT/LON1/LON2/DLON/H
  248  265  290  322  347  369  380  392  402  416  429  445  452  460  457  461
  454  453  445  443  432  418  399  389  389  401  417  437  457  460  471  490
  505  516  498  457  399  339  289  257  242  233  228  224  219  212  204  192
  181  169  162  157  157  159  159  155  142  132  121  119  112  114  109  113
  111  114  112  120  132  160  191  238  248                                   
    20.0-180.0 180.0   5.0 450.0                            LAT/LON1/LON2/DLON/H
  269  287  321  353  374  400  407  418  421  435  445  463  471  478  475  479
  473  472  464  460  449  437  420  421  431  455  479  503  506  515  532  544
  559  556  536  491  436  370  314  276  253  245  239  237  235  231  226  216
  207  196  189  183  181  180  178  170  154  139  124  119  111  110  108  112
  117  124  131  134  153  178  217  257  269                                   
    17.5-180.0 180.0   5.0 450.0                            LAT/LON1/LON2/DLON/H
  279  306  339  372  398  418  430  434  440  452  467  486  497  500  497  496
  489  489  482  479  468  460  450  461  481  511  538  547  557  566  574  584
  590  584  546  502  440  377  322  283  257  246  239  238  237  238  237  232
  227  218  213  205  202  196  190  179  160  144  125  119  107  106  101  111
  116  129  137  151  167  198  231  277  279                                   
    15.0-180.0 180.0   5.0 450.0                            LAT/LON1/LON2/DLON/H
  290  317  359  390  419  444  453  460  462  479  492  520  528  539  532  529
  521  519  512  511  501  497  493  512  536  564  582  594  604  601  606  600
  602  581  543  488  429  368  319  286  261  252  244  238  239  240  242  242
  240  236  233  224  219  208  200  186  167  148  129  121  109  105  101  108
  117  130  142  152  174  198  241  284  290                                   
    12.5-180.0 180.0   5.0 450.0                            LAT/LON1/LON2/DLON/H
  288  326  371  408  441  463  475  480  484  497  518  541  559  571  573  569
  564  554  551  545  539  534  536  557  581  604  621  635  631  627  610  602
  576  549  503  451  397  352  316  289  267  256  245  238  235  236  239  240
  245  243  243  233  227  216  205  191  172  153  133  126  110  106  100  109
  117  132  143  159  179  209  247  293  288                                   
    10.0-180.0 180.0   5.0 450.0                            LAT/LON1/LON2/DLON/H
  295  331  384  417  461  485  507  514  521  534  551  576  593  614  614  617
  610  609  598  593  587  585  588  606  624  643  659  656  647  614  583  557
  530  497  459  412  372  339  316  299  280  268  254  244  237  235  236  239
  243  242  241  232  228  215  209  195  178  159  140  131  118  110  106  111
  117  131  143  155  179  206  249  297  295                                   
     7.5-180.0 180.0   5.0 450.0                            LAT/LON1/LON2/DLON/H
  296  339  394  435  476  504  526  538  550  563  579  603  627  648  654  656
  654  648  645  640  635  633  634  643  656  671  670  661  619  580  537  513
