data/unet/pred2540.15i
     1.0            IONOSPHERE MAPS     GNSS                IONEX VERSION / TYPE
pyspatialgeodesy        IME             05-JAN-18 20:20     PGM / RUN BY / DATE 
Map Name                                                    COMMENT             
Predicted global ionosphere maps (GIM).                     DESCRIPTION         
  2015     9    11     0     0     0                        EPOCH OF FIRST MAP  
  2015     9    12     0     0     0                        EPOCH OF LAST MAP   
  7200                                                      INTERVAL            
    13                                                      # OF MAPS IN FILE   
  NONE                                                      MAPPING FUNCTION    
10.0                                                        ELEVATION CUTOFF    
One-way carrier phase leveled to code                       OBSERVABLES USED    
  6371.0                                                    BASE RADIUS         
 2                                                          MAP DIMENSION       
   450.0 450.0   0.0                                        HGT1 / HGT2 / DHGT  
    87.5 -87.5  -2.5                                        LAT1 / LAT2 / DLAT  
  -180.0 180.0   5.0                                        LON1 / LON2 / DLON  
    -1                                                      EXPONENT            
                                                            END OF HEADER       
[from data line 3003]
     8                                                      START OF TEC MAP    
  2015     9    11    14     0     0                        EPOCH OF CURRENT MAP
    87.5-180.0 180.0   5.0 450.0                            LAT/LON1/LON2/DLON/H
   91  102  108  108  105  108  106  108  107  109  108  110  109  111  110  112
  111  113  112  113  112  114  112  114  112  113  112  113  111  113  111  112
  111  112  110  111  110  111  109  111  109  110  109  110  108  110  108  110
  108  110  108  110  108  110  108  110  108  110  108  109  108  109  107  109
  107  109  108  109  107  111  120  114   91                                   
    85.0-180.0 180.0   5.0 450.0                            LAT/LON1/LON2/DLON/H
   90   93   89   87   87   87   89   88   90   90   91   91   93   94   95   96
   97   99  100  101  102  104  104  105  104  105  104  105  104  104  103  103
  102  102  101  101  100  100   98   99   98   98   97   97   97   97   97   97
   98   98   99   99  100  100  101  100  101  100   99   99   99   98   97   96
   95   95   94   93   93   92   96  101   90                                   
    82.5-180.0 180.0   5.0 450.0                            LAT/LON1/LON2/DLON/H
   88   80   77   76   76   75   78   78   80   80   83   83   86   87   90   91
   95   96   98   99  102  103  105  105  107  107  107  107  108  107  106  105
  104  102  101   99   99   97   96   95   95   95   94   95   95   96   97   98
   99  100  101  102  103  104  104  104  103  102  101  100   98   97   95   93
   91   89   88   87   84   79   83   83   88                                   
    80.0-180.0 180.0   5.0 450.0                            LAT/LON1/LON2/DLON/H
   76   68   68   68   66   68   69   72   71   76   74   80   80   86   85   91
   91   96   96  101  100  105  104  109  106  111  107  111  107  110  105  107
  101  103   97   98   92   94   89   91   87   89   87   89   88   91   91   94
   94   98   97  101  100  103  102  104  101  103   99  100   96   96   92   91
   86   86   80   80   75   70   67   74   76                                   
    77.5-180.0 180.0   5.0 450.0                            LAT/LON1/LON2/DLON/H
   63   58   59   56   57   58   61   63   65   67   70   73   76   78   83   84
   88   89   93   95   98  100  102  105  106  109  109  111  109  110  107  106
  101  100   96   94   90   88   85   83   81   81   80   82   82   85   85   88
   89   92   93   95   95   97   97   98   96   96   94   94   90   89   85   83
   78   77   72   71   65   61   56   61   63                                   
    75.0-180.0 180.0   5.0 450.0                            LAT/LON1/LON2/DLON/H
   60   49   54   53   55   56   59   61   64   66   71   73   77   79   84   85
   87   89   92   94   95   99  101  105  107  110  111  112  113  112  111  107
  104  101   98   94   91   87   85   81   80   79   79   79   80   82   85   85
   89   89   93   92   94   94   96   94   94   93   91   88   86   83   80   77
   73   71   67   64   61   56   56   58   60                                   
    72.5-180.0 180.0   5.0 450.0                            LAT/LON1/LON2/DLON/H
   55   49   54   51   53   55   59   61   65   68   72   76   79   83   85   88
   89   90   92   93   94   96   99  102  106  110  112  115  115  116  114  112
  108  106  102   99   95   92   88   86   82   83   81   83   82   86   86   89
   89   93   92   94   91   94   90   92   87   88   84   84   80   78   75   73
   69   68   65   63   58   54   51   53   55                                   
    70.0-180.0 180.0   5.0 450.0                            LAT/LON1/LON2/DLON/H
   55   43   49   48   50   52   56   58   63   67   72   77   80   84   86   89
   89   90   89   90   89   92   93   98  100  106  109  114  114  116  114  113
  109  107  104  101   97   95   91   89   86   86   85   85   85   86   89   88
   92   89   92   88   87   84   83   81   80   78   77   75   75   72   72   68
   66   63   61   58   56   50   51   51   55                                   
    67.5-180.0 180.0   5.0 450.0                            LAT/LON1/LON2/DLON/H
   53   47   50   45   47   48   53   55   60   66   71   78   81   87   89   92
   92   93   91   92   89   92   92   97   99  105  107  113  115  118  117  117
  115  114  111  109  105  103  100   99   96   95   93   93   93   94   95   95
   94   93   89   86   81   78   73   72   69   69   68   69   68   68   67   66
   63   62   59   57   53   50   48   47   53                                   
    65.0-180.0 180.0   5.0 450.0                            LAT/LON1/LON2/DLON/H
   52   40   44   40   43   42   48   49   56   61   68   75   80   85   88   91
   91   90   88   87   84   87   87   91   92   99  101  107  109  114  114  115
  113  113  111  109  106  104  102  101   99   98   97   95   97   95   97   94
   94   89   88   80   77   69   67   61   62   59   61   60   64   62   63   60
   60   56   56   52   53   46   48   44   52                                   
    62.5-180.0 180.0   5.0 450.0                            LAT/LON1/LON2/DLON/H
   49   43   42   37   38   38   41   44   49   55   62   71   76   83   86   91
   90   91   88   90   87   90   89   94   94  100   99  106  106  112  112  115
  114  115  113  113  111  111  108  109  106  108  106  105  105  105  103  101
   97   94   88   82   75   68   62   57   57   55   56   58   59   60   59   58
   55   55   51   52   48   45   43   37   49                                   
    60.0-180.0 180.0   5.0 450.0                            LAT/LON1/LON2/DLON/H
   46   35   36   32   33   30   35   34   42   46   55   61   70   75   79   85
   85   87   86   86   85   86   86   91   89   96   94  101  100  107  107  112
  110  112  111  110  108  107  107  107  107  108  108  108  109  107  107  103
  100   94   90   81   76   65   62   54   56   51   55   53   57   53   55   50
   51   46   47   44   46   39   41   32   46                                   
    57.5-180.0 180.0   5.0 450.0                            LAT/LON1/LON2/DLON/H
   40   36   33   30   28   27   28   29   33   39   46   54   62   69   73   79
   81   85   84   87   85   91   90   97   94  101   98  106  103  112  109  116
  113  117  114  115  112  113  111  114  114  117  117  118  118  118  116  113
  109  103   96   89   81   73   67   62   60   56   56   56   55   53   51   48
   46   44   42   42   39   36   36   26   40                                   
    55.0-180.0 180.0   5.0 450.0                            LAT/LON1/LON2/DLON/H
   41   32   30   28   28   24   27   24   30   31   40   45   54   58   65   69
   73   79   81   84   85   90   89   96   93  100   97  105  102  111  108  114
  112  117  113  113  109  110  110  112  115  118  121  122  124  122  123  118
  116  110  105   96   91   81   76   68   67   60   60   56   56   50   48   42
   42   37   40   37   40   34   37   26   41                                   
    52.5-180.0 180.0   5.0 450.0                            LAT/LON1/LON2/DLON/H
   40   38   34   32   29   28   28   27   28   31   36   42   48   53   60   66
   71   78   80   87   87   96   94  103  100  107  105  113  111  120  116  124
  120  125  120  123  117  120  117  123  124  130  132  134  134  135  134  132
  128  125  118  111  105   96   90   84   79   73   69   64   60   54   48   43
   40   37   37   38   37   34   34   25   40                                   
    50.0-180.0 180.0   5.0 450.0                            LAT/LON1/LON2/DLON/H
   44   38   37   36   36   34   35   30   33   31   36   39   46   48   56   62
   69   77   81   88   89   99   97  105  102  109  108  116  114  119  118  123
  121  124  121  123  119  120  121  125  129  135  137  139  141  139  140  137
  137  133  130  123  118  108  103   95   91   84   79   70   66   57   52   44
   42   37   41   38   42   35   39   32   44                                   
    47.5-180.0 180.0   5.0 450.0                            LAT/LON1/LON2/DLON/H
   47   48   46   45   43   43   41   39   37   38   39   43   47   52   58   66
   73   84   87   97   96  106  103  111  109  116  116  124  122  129  126  133
  130  136  132  136  131  135  133  140  141  148  148  151  148  150  147  148
  147  147  142  138  130  123  116  111  104   98   90   83   73   65   57   50
   46   43   43   43   42   39   41   36   47                                   
    45.0-180.0 180.0   5.0 450.0                            LAT/LON1/LON2/DLON/H
   54   49   50   49   49   48   48   44   45   42   45   45   51   55   63   70
   79   89   93  102  101  110  106  115  112  121  120  127  125  129  128  132
  131  135  134  137  134  138  138  144  148  152  153  154  154  153  154  153
  154  152  150  144  138  129  124  116  114  105  101   90   84   72   66   59
   57   52   55   50   53   44   47   44   54                                   
    42.5-180.0 180.0   5.0 450.0                            LAT/LON1/LON2/DLON/H
   60   58   57   55   54   54   53   51   49   50   50   54   58   64   72   83
   91  103  106  113  111  116  114  122  122  131  130  138  134  139  135  141
  139  146  145  150  148  154  155  162  163  167  165  166  162  163  161  162
  161  161  156  152  143  136  128  124  117  113  105   98   90   82   75   69
   65   63   61   59   57   51   51   48   60                                   
    40.0-180.0 180.0   5.0 450.0                            LAT/LON1/LON2/DLON/H
   64   55   55   56   55   56   55   53   54   53   56   59   65   72   82   92
  102  113  115  120  115  120  116  127  127  138  137  143  139  139  138  141
  142  148  149  157  156  163  164  172  174  176  175  174  171  170  169  169
  168  165  161  153  146  135  129  121  120  113  110  103   99   91   87   81
   80   76   77   68   67   56   55   51   64                                   
    37.5-180.0 180.0   5.0 450.0                            LAT/LON1/LON2/DLON/H
   67   60   57   56   55   57   56   55   56   58   61   67   73   83   93  107
  115  127  126  130  124  128  125  135  138  150  149  155  150  150  148  152
  154  163  163  174  172  182  182  190  192  194  191  191  187  187  183  183
  179  176  169  162  151  139  130  123  118  115  110  108  102   99   94   93
   89   86   83   77   70   61   60   54   67                                   
    35.0-180.0 180.0   5.0 450.0                            LAT/LON1/LON2/DLON/H
   69   55   53   54   53   55   54   55   55   59   63   70   79   90  100  114
  123  134  132  133  127  131  129  141  145  156  157  161  158  155  155  158
  161  173  176  190  189  202  202  211  212  215  211  210  207  205  201  197
  194  187  181  170  159  144  135  124  118  113  110  107  105  101   99   98
   99   94   95   83   77   67   63   54   69                                   
    32.5-180.0 180.0   5.0 450.0                            LAT/LON1/LON2/DLON/H
   68   56   51   53   50   52   52   53   55   60   66   76   86   98  109  124
  131  141  138  139  132  137  136  149  154  167  168  172  169  170  169  177
  180  194  197  211  213  223  226  232  235  236  234  233  231  230  225  221
  216  208  199  187  175  159  147  135  125  118  111  109  105  106  102  105
  102  100   97   89   79   70   68   56   68                                   
    30.0-180.0 180.0   5.0 450.0                            LAT/LON1/LON2/DLON/H
   72   54   50   51   49   50   50   52   54   59   66   75   88  100  111  125
  131  139  138  138  134  140  141  155  160  172  174  176  176  175  177  189
  194  213  220  237  242  253  256  263  267  267  265  263  260  259  254  248
  244  235  225  211  198  180  166  151  139  129  118  113  108  106  105  105
  105  101  103   93   87   79   73   61   72                                   
    27.5-180.0 180.0   5.0 450.0                            LAT/LON1/LON2/DLON/H
   72   59   52   52   47   50   49   53   55   61   68   80   92  104  115  128
  133  141  139  142  138  145  148  161  166  178  180  185  185  193  197  212
  221  243  253  269  275  284  288  295  301  302  301  301  297  297  289  286
  278  270  256  243  226  204  190  170  158  144  131  122  116  114  110  112
  109  108  106  100   91   84   83   67   72                                   
    25.0-180.0 180.0   5.0 450.0                            LAT/LON1/LON2/DLON/H
   82   64   55   54   50   52   50   52   55   60   69   75   91  100  113  123
  129  136  137  140  140  149  152  166  171  179  184  189  193  204  213  234
  250  274  289  303  311  318  324  329  336  337  339  338  336  332  325  319
  310  302  286  273  252  233  211  192  178  164  148  134  123  119  114  116
  114  113  114  107  101   95   90   82   82                                   
    22.5-180.0 180.0   5.0 450.0                            LAT/LON1/LON2/DLON/H
   87   76   63   59   54   55   54   56   58   64   71   82   93  104  113  122
  128  137  138  146  148  157  161  173  176  187  190  200  208  225  241  266
  286  307  323  333  341  345  351  356  361  363  363  364  362  359  348  345
  333  325  309  298  278  257  235  214  199  182  167  147  133  125  120  123
  121  122  122  118  109  103  101   88   87                                   
    20.0-180.0 180.0   5.0 450.0                            LAT/LON1/LON2/DLON/H
  100   83   71   68   62   61   58   58   60   62   70   76   89   97  112  118
  127  136  140  149  154  163  168  179  183  190  197  208  223  243  266  294
  317  337  354  360  368  368  374  376  383  383  386  386  387  382  371  363
  354  343  327  316  294  277  254  238  221  204  185  165  146  132  127  127
  127  132  134  131  122  116  110  103  100                                   
    17.5-180.0 180.0   5.0 450.0                            LAT/LON1/LON2/DLON/H
  109   96   83   76   71   67   65   63   63   65   70   80   90  102  112  121
  130  142  148  161  166  175  179  188  191  202  207  225  243  270  298  323
  345  363  378  385  391  395  395  402  401  407  402  408  403  401  388  381
  369  359  342  326  303  284  267  256  238  221  202  183  166  150  140  136
  136  143  146  144  133  124  121  105  109                                   
    15.0-180.0 180.0   5.0 450.0                            LAT/LON1/LON2/DLON/H
  118  106   91   84   79   74   71   65   65   64   69   72   85   94  109  119
  132  146  155  167  172  180  186  198  203  212  222  239  265  293  322  345
  365  381  395  403  408  407  407  408  409  410  411  414  415  412  402  392
  381  366  348  330  304  290  274  267  248  237  210  197  180  169  155  148
  144  148  152  148  137  134  125  109  118                                   
    12.5-180.0 180.0   5.0 450.0                            LAT/LON1/LON2/DLON/H
  121  115  101   93   85   78   74   68   65   66   67   75   84  101  113  129
  140  158  166  182  186  195  200  211  216  231  238  265  287  321  344  367
  381  400  408  422  420  426  417  422  418  424  418  426  421  419  405  398
  380  366  345  325  304  290  275  268  255  241  220  204  194  180  170  160
  158  161  165  159  148  142  136  115  121                                   
    10.0-180.0 180.0   5.0 450.0                            LAT/LON1/LON2/DLON/H
  129  118  102   95   86   82   76   69   66   65   66   70   80   93  109  127
  143  164  176  193  196  206  212  225  232  248  262  288  314  343  364  384
  394  412  420  433  431  435  425  430  425  430  426  429  424  419  404  396
  377  364  340  322  298  289  272  272  256  246  223  209  196  186  174  167
  163  166  170  162  149  143  136  114  129                                   
     7.5-180.0 180.0   5.0 450.0                            LAT/LON1/LON2/DLON/H
  128  117  103   95   84   80   75   69   65   65   64   72   81  101  116  138
  156  182  195  213  215  224  228  241  249  269  284  314  338  366  381  399
