data/unet/pred2250.15i
     1.0            IONOSPHERE MAPS     GNSS                IONEX VERSION / TYPE
pyspatialgeodesy        IME             05-JAN-18 20:20     PGM / RUN BY / DATE 
Map Name                                                    COMMENT             
Predicted global ionosphere maps (GIM).                     DESCRIPTION         
  2015     8    13     0     0     0                        EPOCH OF FIRST MAP  
  2015     8    14     0     0     0                        EPOCH OF LAST MAP   
  7200                                                      INTERVAL            
    13                                                      # OF MAPS IN FILE   
  NONE                                                      MAPPING FUNCTION    
10.0                                                        ELEVATION CUTOFF    
One-way carrier phase leveled to code                       OBSERVABLES USED    
  6371.0                                                    BASE RADIUS         
 2                                                          MAP DIMENSION       
   450.0 450.0   0.0                                        HGT1 / HGT2 / DHGT  
    87.5 -87.5  -2.5                                        LAT1 / LAT2 / DLAT  
  -180.0 180.0   5.0                                        LON1 / LON2 / DLON  
    -1                                                      EXPONENT            
                                                            END OF HEADER       
[from data line 3432]
     9                                                      START OF TEC MAP    
  2015     8    13    16     0     0                        EPOCH OF CURRENT MAP
    87.5-180.0 180.0   5.0 450.0                            LAT/LON1/LON2/DLON/H
  136  139  136  135  137  134  136  135  136  135  137  136  138  137  139  138
  139  139  140  139  140  139  139  138  139  137  138  137  137  136  136  135
  135  133  134  132  133  131  131  131  132  131  131  131  132  132  133  133
  134  134  135  135  136  136  137  137  138  138  139  139  140  139  140  139
  140  139  140  139  139  136  140  156  136                                   
    85.0-180.0 180.0   5.0 450.0                            LAT/LON1/LON2/DLON/H
  111  131  122  125  126  125  126  127  128  129  130  131  132  132  133  134
  135  134  135  135  136  135  134  133  133  132  131  130  129  127  127  125
  124  122  121  120  119  118  117  117  117  117  117  118  118  120  120  122
  122  124  125  127  127  129  129  131  131  132  132  134  133  134  133  133
  133  132  132  130  129  126  126  128  111                                   
    82.5-180.0 180.0   5.0 450.0                            LAT/LON1/LON2/DLON/H
  114  116  117  119  118  119  119  121  121  123  123  125  126  127  129  129
  131  130  132  131  132  131  132  129  130  127  128  125  124  122  121  119
  117  115  113  112  110  109  108  107  106  107  107  109  109  111  112  115
  116  119  120  123  123  125  125  127  127  128  128  129  129  129  128  128
  127  126  125  124  123  117  127  115  114                                   
    80.0-180.0 180.0   5.0 450.0                            LAT/LON1/LON2/DLON/H
  103  110  108  110  109  112  112  115  115  117  118  121  122  124  126  128
  129  131  131  133  133  134  133  134  133  133  130  130  126  127  122  122
  117  117  111  112  106  107  102  103  100  102  100  103  103  107  107  111
  112  116  116  120  120  123  122  125  123  126  124  126  124  126  123  124
  121  121  118  116  114  112  114  110  103                                   
    77.5-180.0 180.0   5.0 450.0                            LAT/LON1/LON2/DLON/H
   94  103  102  102  105  105  110  110  113  113  116  118  120  121  123  125
  127  128  130  131  133  133  134  134  134  132  132  131  129  127  125  123
  120  117  114  111  108  104  102  100   99   97   98   98  101  102  106  108
  111  113  116  118  119  120  121  121  121  120  121  121  121  119  119  117
  117  114  114  111  109  102  103  100   94                                   
    75.0-180.0 180.0   5.0 450.0                            LAT/LON1/LON2/DLON/H
   87   95   94   98  100  103  106  107  110  111  114  115  118  120  122  125
  127  129  132  134  135  136  137  138  138  137  136  135  133  133  129  128
  124  122  118  115  111  108  104  101   99   98   98   98  100  103  105  108
  111  114  115  116  117  117  116  115  115  114  113  113  113  112  112  111
  109  108  107  103  102   98   99   98   87                                   
    72.5-180.0 180.0   5.0 450.0                            LAT/LON1/LON2/DLON/H
   84   92   92   95   97  100  103  106  107  109  111  113  115  116  118  120
  122  124  127  130  132  135  136  138  138  139  137  138  136  136  133  132
  128  127  122  120  116  113  108  105  102  100  100  101  102  105  106  110
  110  113  112  114  112  111  108  107  104  104  102  103  102  103  102  102
  100  100   98   97   94   89   89   90   84                                   
    70.0-180.0 180.0   5.0 450.0                            LAT/LON1/LON2/DLON/H
   81   88   88   92   97  100  104  105  108  108  111  112  115  114  117  116
  121  121  127  129  133  135  138  140  141  140  140  139  139  138  136  135
  132  131  127  126  122  118  114  111  107  105  105  105  107  108  110  112
  113  114  113  112  110  107  102   99   96   93   91   91   91   92   92   92
   91   91   90   88   87   85   88   88   81                                   
    67.5-180.0 180.0   5.0 450.0                            LAT/LON1/LON2/DLON/H
   80   88   88   91   94   98  102  105  107  107  109  110  111  110  111  111
  113  115  120  125  129  133  135  140  140  141  139  141  139  140  138  139
  136  136  132  132  127  124  120  117  114  113  111  112  111  114  114  116
  114  115  112  111  105  101   94   91   85   83   80   82   80   82   81   83
   81   83   82   82   81   76   79   81   80                                   
    65.0-180.0 180.0   5.0 450.0                            LAT/LON1/LON2/DLON/H
   76   83   85   89   96   99  104  105  109  108  111  110  113  111  114  111
  116  115  122  125  132  134  138  141  142  141  140  140  139  140  139  140
  139  139  137  136  133  131  128  124  122  121  120  120  121  121  122  121
  121  119  116  110  105   98   92   85   80   77   75   74   75   75   76   75
   75   74   74   71   74   73   77   79   76                                   
    62.5-180.0 180.0   5.0 450.0                            LAT/LON1/LON2/DLON/H
   73   80   83   85   92   94  100  101  105  104  108  107  111  109  112  111
  113  113  118  122  129  133  137  140  140  140  139  139  138  139  140  142
  142  142  140  139  137  135  133  131  130  129  128  129  127  129  127  128
  124  123  117  113  104   98   88   84   77   75   72   73   71   73   71   71
   69   69   68   66   67   64   68   68   73                                   
    60.0-180.0 180.0   5.0 450.0                            LAT/LON1/LON2/DLON/H
   68   72   77   78   90   91  100   99  105  103  110  109  114  112  117  115
  118  116  122  123  132  135  140  141  141  139  138  137  138  140  141  145
  145  147  145  145  142  140  139  138  138  138  137  138  138  138  137  136
  133  129  123  117  109  100   92   86   82   78   77   76   76   73   72   69
   67   65   64   61   62   62   65   65   68                                   
    57.5-180.0 180.0   5.0 450.0                            LAT/LON1/LON2/DLON/H
   65   70   74   77   84   87   95   96  101  101  106  108  114  113  119  116
  119  117  121  122  130  131  138  139  140  137  136  136  139  140  147  149
  152  152  151  151  148  146  146  146  146  147  147  148  146  146  144  143
  137  135  128  123  112  106   97   93   86   86   82   84   79   78   72   70
   64   63   60   59   58   55   58   56   65                                   
    55.0-180.0 180.0   5.0 450.0                            LAT/LON1/LON2/DLON/H
   62   64   71   71   83   86   96   96  104  103  110  110  117  117  124  121
  125  121  125  123  131  132  139  138  140  136  136  136  140  145  151  156
  158  160  159  158  156  155  155  155  156  156  157  156  156  154  152  149
  146  142  135  128  120  113  106  100   98   95   94   91   89   83   78   71
   66   62   60   56   56   57   60   57   62                                   
    52.5-180.0 180.0   5.0 450.0                            LAT/LON1/LON2/DLON/H
   62   66   71   75   82   89   95   98  103  104  109  111  117  118  125  123
  126  123  126  124  130  130  136  136  138  135  137  138  145  148  157  162
  166  166  167  166  165  163  163  164  164  164  164  164  163  160  157  154
  148  145  137  132  124  119  112  110  106  106  103  101   96   90   82   75
   67   64   62   60   59   55   58   55   62                                   
    50.0-180.0 180.0   5.0 450.0                            LAT/LON1/LON2/DLON/H
   65   68   73   76   85   91  100  101  109  108  115  115  122  123  131  129
  133  127  132  127  133  130  137  135  139  136  141  141  150  154  164  169
  173  175  175  174  174  173  174  174  175  174  174  172  171  167  165  161
  157  152  145  139  132  127  122  119  118  117  116  111  107   97   90   80
   74   69   68   65   65   63   66   62   65                                   
    47.5-180.0 180.0   5.0 450.0                            LAT/LON1/LON2/DLON/H
   70   75   76   81   87   96  103  108  113  115  117  120  125  127  134  134
  136  133  133  131  134  133  136  137  140  140  145  148  156  161  171  176
  182  182  184  183  185  184  187  186  186  184  182  180  177  175  170  167
  160  157  149  144  136  133  128  128  125  125  122  120  113  105   95   88
   80   76   75   74   73   66   69   67   70                                   
    45.0-180.0 180.0   5.0 450.0                            LAT/LON1/LON2/DLON/H
   76   79   83   85   95  101  111  116  123  124  129  128  135  135  144  141
  147  140  143  137  141  138  143  142  147  147  154  156  166  170  179  184
  189  192  194  195  199  199  203  201  201  197  195  192  189  185  181  175
  171  165  158  153  146  143  138  137  136  135  132  128  123  113  105   96
   91   87   85   82   82   79   81   78   76                                   
    42.5-180.0 180.0   5.0 450.0                            LAT/LON1/LON2/DLON/H
   80   86   85   90   95  105  115  125  131  135  138  141  145  146  152  150
  152  149  149  146  147  146  148  151  154  158  163  169  175  180  188  192
  199  200  206  207  215  214  220  216  217  210  209  204  200  195  189  184
  176  171  163  158  151  148  144  144  141  140  136  134  127  120  112  106
  100   98   95   94   89   83   87   83   80                                   
    40.0-180.0 180.0   5.0 450.0                            LAT/LON1/LON2/DLON/H
   84   87   90   94  103  111  124  133  144  149  156  157  162  161  166  163
  165  160  161  156  158  156  159  160  165  169  176  181  188  191  198  204
  211  215  221  225  233  233  238  235  235  228  227  220  217  210  204  196
  189  181  174  168  160  157  153  152  149  148  144  141  136  130  124  118
  115  110  107  102   97   92   94   89   84                                   
    37.5-180.0 180.0   5.0 450.0                            LAT/LON1/LON2/DLON/H
   85   90   86   91   94  106  119  134  146  158  165  173  175  178  179  179
  178  175  173  171  170  169  170  172  176  182  188  193  198  202  210  216
  225  230  240  243  254  252  260  254  256  246  246  238  235  227  220  211
  199  191  180  174  165  163  158  158  152  151  146  145  140  138  132  130
  123  121  114  110   99   95   94   89   85                                   
    35.0-180.0 180.0   5.0 450.0                            LAT/LON1/LON2/DLON/H
   86   86   85   86   94  104  121  136  153  168  179  188  193  195  196  193
  193  189  188  184  184  181  182  183  188  194  203  207  214  218  228  236
  247  256  265  271  277  279  281  277  276  269  268  260  256  244  236  223
  213  201  190  181  173  169  163  161  156  153  148  147  146  145  144  141
  138  132  124  114  104   97   96   91   86                                   
    32.5-180.0 180.0   5.0 450.0                            LAT/LON1/LON2/DLON/H
   86   85   78   79   81   93  108  128  145  165  179  195  201  206  206  207
  205  205  201  201  198  196  195  196  200  208  215  221  226  234  246  260
  275  285  296  300  306  304  306  299  298  291  290  280  275  260  248  233
  220  207  194  183  174  169  166  162  156  153  147  148  147  151  149  150
  142  139  127  119  104   97   93   90   86                                   
    30.0-180.0 180.0   5.0 450.0                            LAT/LON1/LON2/DLON/H
   83   77   75   74   78   88  104  122  142  163  181  201  209  217  217  218
  215  216  213  212  209  206  206  207  212  219  228  236  246  258  274  291
  306  319  326  332  332  331  326  322  319  314  311  300  291  274  260  240
  226  209  195  184  174  170  167  164  158  155  148  148  150  153  155  155
  152  146  137  125  110   99   95   92   83                                   
    27.5-180.0 180.0   5.0 450.0                            LAT/LON1/LON2/DLON/H
   85   81   74   72   74   85   96  115  133  158  175  200  209  221  221  226
  222  224  221  224  219  219  218  221  225  233  243  253  266  281  301  319
  338  350  358  355  356  349  345  339  337  331  327  314  302  283  265  245
  226  206  189  176  168  164  163  159  155  151  147  146  147  152  153  155
  149  146  135  128  111  103   96   92   85                                   
    25.0-180.0 180.0   5.0 450.0                            LAT/LON1/LON2/DLON/H
   87   78   75   72   77   85   98  112  133  152  173  195  210  224  228  233
  231  234  232  233  230  229  229  232  236  247  259  277  292  311  331  350
  366  375  378  375  370  362  355  353  350  347  339  327  311  290  270  249
  227  204  184  171  163  160  160  158  153  149  144  143  145  148  150  152
  149  146  140  133  120  110  105  100   87                                   
    22.5-180.0 180.0   5.0 450.0                            LAT/LON1/LON2/DLON/H
   94   87   82   78   82   93  103  119  135  155  170  196  209  228  232  242
  241  245  243  246  243  245  245  248  253  263  280  296  317  338  361  381
  395  398  397  389  379  369  362  361  360  357  347  333  314  292  269  247
  222  199  178  164  157  154  156  154  153  146  141  139  140  143  144  147
  143  143  137  134  122  117  109  105   94                                   
    20.0-180.0 180.0   5.0 450.0                            LAT/LON1/LON2/DLON/H
   98   89   88   81   87   94  107  118  135  149  167  187  205  224  235  247
  250  257  256  259  258  260  260  265  269  284  299  322  340  367  389  408
  416  417  409  400  388  380  374  374  371  368  355  340  319  299  272  251
  224  201  178  165  156  154  154  155  152  146  140  136  136  136  137  138
  137  138  138  136  129  121  117  113   98                                   
    17.5-180.0 180.0   5.0 450.0                            LAT/LON1/LON2/DLON/H
  107   99   95   89   92  104  114  129  143  159  171  192  205  229  240  255
  259  268  268  273  271  275  278  282  290  303  322  344  371  398  416  428
  431  426  415  405  392  389  382  385  380  377  362  345  323  300  275  252
  230  206  183  167  159  154  156  156  154  148  140  134  132  131  130  131
  131  133  135  135  126  123  118  112  107                                   
    15.0-180.0 180.0   5.0 450.0                            LAT/LON1/LON2/DLON/H
  112  100   97   89   93  102  117  128  145  160  172  190  206  227  244  261
  269  278  280  283  284  287  291  300  309  328  347  375  398  425  436  443
  438  431  416  406  397  395  394  397  395  390  375  356  336  314  291  269
  244  221  196  178  167  163  162  163  159  153  144  136  130  127  126  125
  126  128  133  132  127  119  119  113  112                                   
    12.5-180.0 180.0   5.0 450.0                            LAT/LON1/LON2/DLON/H
  116  104   98   90   90  103  115  136  152  172  181  200  213  236  252  272
  280  294  293  301  298  304  310  320  334  353  375  400  421  441  446  448
  440  430  414  410  400  404  400  406  400  396  379  361  341  320  300  280
  255  231  207  187  174  169  167  167  163  156  145  135  129  124  121  123
  122  126  129  129  119  115  112  103  116                                   
    10.0-180.0 180.0   5.0 450.0                            LAT/LON1/LON2/DLON/H
  111   96   93   83   85   93  110  128  152  174  187  205  220  243  261  281
  291  303  307  312  311  315  324  342  357  381  400  421  436  452  451  451
  438  427  416  411  410  413  412  415  410  403  386  367  348  330  312  292
  269  243  218  197  183  176  173  172  167  160  149  139  130  122  119  118
  120  120  124  118  112  107  109   96  111                                   
     7.5-180.0 180.0   5.0 450.0                            LAT/LON1/LON2/DLON/H
  102   95   87   79   75   88  101  127  149  177  191  210  226  248  264  288
  298  315  317  325  323  331  340  358  376  397  413  430  444  455  450  446
