data/unet/pred1710.15i
     1.0            IONOSPHERE MAPS     GNSS                IONEX VERSION / TYPE
pyspatialgeodesy        IME             05-JAN-18 20:20     PGM / RUN BY / DATE 
Map Name                                                    COMMENT             
Predicted global ionosphere maps (GIM).                     DESCRIPTION         
  2015     6    20     0     0     0                        EPOCH OF FIRST MAP  
  2015     6    21     0     0     0                        EPOCH OF LAST MAP   
  7200                                                      INTERVAL            
    13                                                      # OF MAPS IN FILE   
  NONE                                                      MAPPING FUNCTION    
10.0                                                        ELEVATION CUTOFF    
One-way carrier phase leveled to code                       OBSERVABLES USED    
  6371.0                                                    BASE RADIUS         
 2                                                          MAP DIMENSION       
   450.0 450.0   0.0                                        HGT1 / HGT2 / DHGT  
    87.5 -87.5  -2.5                                        LAT1 / LAT2 / DLAT  
  -180.0 180.0   5.0                                        LON1 / LON2 / DLON  
    -1                                                      EXPONENT            
                                                            END OF HEADER       
[from data line 4719]
    12                                                      START OF TEC MAP    
  2015     6    20    22     0     0                        EPOCH OF CURRENT MAP
    87.5-180.0 180.0   5.0 450.0                            LAT/LON1/LON2/DLON/H
  220  185  176  179  178  178  178  178  177  177  177  176  176  175  174  173
  171  170  168  167  165  164  162  161  159  159  158  157  156  156  156  156
  156  156  157  156  157  156  157  157  157  157  158  157  158  157  158  158
  159  159  160  161  162  163  164  166  166  167  167  169  169  170  170  171
  171  173  173  174  172  172  177  201  220                                   
    85.0-180.0 180.0   5.0 450.0                            LAT/LON1/LON2/DLON/H
  197  186  188  191  190  189  190  190  190  189  189  188  187  186  185  182
  181  178  176  173  171  168  166  163  161  159  157  156  154  154  152  152
  151  152  152  153  152  153  153  154  154  155  155  156  156  157  157  159
  159  161  161  163  164  166  167  169  169  171  171  172  173  175  175  176
  177  179  180  179  179  177  179  197  197                                   
    82.5-180.0 180.0   5.0 450.0                            LAT/LON1/LON2/DLON/H
  198  188  189  194  193  194  194  196  194  196  194  195  193  193  190  189
  186  184  180  179  174  173  167  165  161  159  155  154  150  149  147  146
  145  144  144  144  145  145  146  147  148  149  150  151  152  154  154  156
  157  159  160  162  162  165  165  168  168  170  170  172  172  174  173  176
  176  179  179  181  179  178  176  196  198                                   
    80.0-180.0 180.0   5.0 450.0                            LAT/LON1/LON2/DLON/H
  200  190  189  190  192  192  195  195  197  195  197  195  196  194  193  190
  189  186  184  180  177  173  169  165  161  157  153  150  147  144  142  140
  139  139  139  139  141  141  143  144  146  146  148  149  151  152  153  154
  157  157  159  160  162  163  164  165  166  166  167  166  169  168  169  169
  173  172  175  173  175  173  171  184  200                                   
    77.5-180.0 180.0   5.0 450.0                            LAT/LON1/LON2/DLON/H
  192  184  183  184  187  188  191  192  195  195  197  196  197  195  195  192
  191  188  186  182  180  175  172  166  163  157  155  149  147  142  141  138
  138  137  138  138  140  141  143  144  146  147  149  150  151  152  154  155
  156  158  159  160  161  162  163  163  163  162  162  162  162  162  162  163
  164  166  168  167  168  166  166  179  192                                   
    75.0-180.0 180.0   5.0 450.0                            LAT/LON1/LON2/DLON/H
  186  180  178  180  183  184  189  189  194  193  197  195  198  195  196  192
  192  189  188  184  183  178  176  171  167  162  158  152  149  145  143  140
  140  140  141  142  144  144  147  148  150  150  152  152  154  154  157  157
  159  159  162  161  163  162  163  162  162  160  160  158  158  156  156  156
  158  158  162  159  162  161  161  174  186                                   
    72.5-180.0 180.0   5.0 450.0                            LAT/LON1/LON2/DLON/H
  181  178  176  178  180  183  186  188  191  193  196  197  198  197  196  194
  193  191  189  187  185  182  179  175  171  165  162  156  152  148  146  144
  144  144  145  147  148  150  152  153  154  154  155  155  156  157  157  159
  160  162  163  164  164  165  164  163  161  160  158  156  154  153  152  152
  153  154  156  156  157  158  160  173  181                                   
    70.0-180.0 180.0   5.0 450.0                            LAT/LON1/LON2/DLON/H
  183  180  178  179  182  184  188  190  195  196  200  200  203  200  201  197
  196  193  193  190  189  186  185  180  177  170  167  161  158  153  152  149
  150  149  152  152  155  155  158  157  160  157  159  157  158  156  159  158
  161  162  165  165  167  166  167  165  164  162  161  158  157  154  154  152
  153  154  157  155  158  158  160  173  183                                   
    67.5-180.0 180.0   5.0 450.0                            LAT/LON1/LON2/DLON/H
  189  187  184  185  186  188  191  194  198  201  205  206  208  206  205  201
  199  196  195  193  192  189  187  183  179  174  170  165  161  158  156  155
  155  156  157  159  160  161  162  162  161  161  159  158  156  156  155  158
  158  161  162  165  165  167  166  167  165  165  163  162  160  158  157  155
  155  157  159  159  160  163  165  178  189                                   
    65.0-180.0 180.0   5.0 450.0                            LAT/LON1/LON2/DLON/H
  200  196  195  195  197  197  200  202  207  209  213  213  216  212  212  207
  206  201  201  197  198  194  193  187  184  178  175  170  168  165  165  163
  165  163  166  164  167  165  167  164  165  160  160  155  156  152  153  152
  156  157  161  162  166  166  169  168  170  169  169  167  167  165  164  163
  164  165  168  167  169  171  172  185  200                                   
    62.5-180.0 180.0   5.0 450.0                            LAT/LON1/LON2/DLON/H
  210  208  207  206  207  206  208  208  212  214  218  218  220  218  217  212
  210  205  204  201  201  197  196  191  187  181  178  175  174  173  173  173
  174  173  173  172  171  170  169  167  164  161  158  155  151  149  148  149
  149  153  154  158  159  164  165  169  170  172  172  173  172  171  171  170
  170  172  175  176  177  180  181  195  210                                   
    60.0-180.0 180.0   5.0 450.0                            LAT/LON1/LON2/DLON/H
  221  217  220  218  219  217  216  217  219  220  223  223  226  223  222  217
  215  210  210  206  206  202  201  195  192  186  185  181  183  182  185  184
  186  182  183  177  176  171  172  167  166  160  157  151  148  143  142  141
  143  144  147  149  153  156  161  165  171  173  177  177  179  177  178  176
  178  178  182  181  185  186  189  201  221                                   
    57.5-180.0 180.0   5.0 450.0                            LAT/LON1/LON2/DLON/H
  226  227  229  229  228  225  224  222  222  222  224  223  225  223  223  218
  217  212  211  207  207  204  202  197  194  189  188  187  190  191  195  195
  196  192  188  183  178  174  172  168  164  160  155  149  143  139  136  135
  134  136  136  139  140  146  151  160  166  174  178  181  182  182  181  180
  181  183  185  186  188  192  192  207  226                                   
    55.0-180.0 180.0   5.0 450.0                            LAT/LON1/LON2/DLON/H
  232  232  237  238  239  237  235  233  230  230  228  228  228  227  226  222
  220  215  214  210  210  207  206  201  199  194  195  193  199  200  207  205
  206  199  196  187  183  176  174  168  166  159  155  147  142  135  132  128
  128  126  127  127  130  133  142  151  163  171  179  182  185  183  185  183
  184  184  188  186  191  192  195  208  232                                   
    52.5-180.0 180.0   5.0 450.0                            LAT/LON1/LON2/DLON/H
  231  234  239  244  247  246  247  242  239  235  232  229  228  225  224  220
  218  213  212  208  209  206  206  201  200  196  198  198  205  208  214  214
  212  206  200  192  186  181  177  172  168  162  157  150  142  135  129  125
  121  120  118  118  119  125  132  144  156  169  179  185  188  187  187  186
  187  187  189  189  191  194  194  210  231                                   
    50.0-180.0 180.0   5.0 450.0                            LAT/LON1/LON2/DLON/H
  231  233  241  246  253  255  257  256  252  247  238  236  230  229  225  223
  220  216  213  211  211  209  209  205  204  201  204  204  211  213  219  218
  216  209  204  196  192  185  183  178  174  167  162  154  147  137  130  123
  119  114  113  111  113  117  127  138  153  166  179  184  189  187  189  187
  190  191  194  192  195  196  197  213  231                                   
    47.5-180.0 180.0   5.0 450.0                            LAT/LON1/LON2/DLON/H
  229  234  241  248  257  263  269  270  268  260  251  244  237  232  227  223
  219  215  213  211  211  210  210  207  207  204  206  207  213  215  219  218
  215  210  205  199  196  191  189  183  178  171  166  158  150  140  132  124
  118  114  111  110  111  116  124  137  152  167  181  187  192  191  193  193
  196  198  201  199  200  201  200  216  229                                   
    45.0-180.0 180.0   5.0 450.0                            LAT/LON1/LON2/DLON/H
  233  236  244  253  263  270  280  283  285  278  265  258  245  241  232  228
  222  219  217  215  217  216  216  213  213  210  211  211  215  215  217  216
  214  210  207  203  202  198  196  190  185  178  173  164  157  146  138  128
  122  116  114  111  113  116  124  136  153  167  181  189  195  194  198  199
  205  208  212  209  211  209  207  223  233                                   
    42.5-180.0 180.0   5.0 450.0                            LAT/LON1/LON2/DLON/H
  238  243  249  258  268  278  290  298  302  294  284  269  259  248  239  231
  225  221  220  219  221  221  222  220  219  217  218  216  219  217  218  216
  215  212  212  210  210  207  204  198  192  185  178  171  163  153  145  135
  129  124  121  119  119  123  129  140  155  170  185  193  200  199  203  205
  211  215  219  217  218  218  214  229  238                                   
    40.0-180.0 180.0   5.0 450.0                            LAT/LON1/LON2/DLON/H
  249  250  258  265  275  284  298  307  317  310  301  287  272  261  245  241
  232  228  226  228  231  232  234  232  232  228  227  226  225  223  221  220
  219  218  219  219  221  218  215  207  200  192  186  179  173  163  155  146
  139  133  130  127  126  128  133  143  157  170  185  194  203  205  208  212
  218  223  226  224  226  223  223  238  249                                   
    37.5-180.0 180.0   5.0 450.0                            LAT/LON1/LON2/DLON/H
  261  264  269  273  282  292  305  317  329  325  318  301  289  272  257  248
  240  236  235  237  241  243  246  245  246  242  242  238  239  234  233  230
  230  229  231  230  233  228  224  214  207  198  193  187  182  172  164  154
  148  141  138  135  135  134  138  145  158  170  186  198  209  213  218  221
  227  232  234  233  233  234  232  249  261                                   
    35.0-180.0 180.0   5.0 450.0                            LAT/LON1/LON2/DLON/H
  280  279  287  289  297  303  316  326  339  342  339  324  311  292  274  263
  251  250  247  252  255  259  262  263  261  260  255  254  250  247  244  241
  241  239  241  240  239  234  228  218  210  202  199  193  189  180  172  162
  155  148  145  142  139  137  138  143  153  165  181  196  210  218  224  229
  233  237  239  239  241  240  245  260  280                                   
    32.5-180.0 180.0   5.0 450.0                            LAT/LON1/LON2/DLON/H
  296  300  306  308  314  319  328  339  350  357  358  346  335  316  299  284
  274  268  266  270  275  279  283  283  284  281  280  275  274  265  263  257
  256  250  250  243  241  233  227  218  211  205  202  198  194  185  176  166
  158  151  147  142  140  135  134  135  145  156  173  191  208  220  228  233
  237  240  244  244  247  250  254  272  296                                   
    30.0-180.0 180.0   5.0 450.0                            LAT/LON1/LON2/DLON/H
  314  317  327  329  335  336  343  351  363  374  378  370  362  342  325  308
  295  287  283  287  291  297  300  303  303  303  298  295  290  282  276  268
  264  254  249  239  233  224  218  209  206  201  202  198  197  186  178  165
  158  151  148  143  138  132  128  128  134  145  162  182  202  217  228  233
  238  241  245  248  254  256  266  282  314                                   
    27.5-180.0 180.0   5.0 450.0                            LAT/LON1/LON2/DLON/H
  324  333  342  348  355  358  362  371  382  392  399  392  388  369  357  337
  326  314  311  312  317  320  324  325  327  323  319  311  306  293  287  274
  268  252  244  229  220  211  204  198  195  193  197  195  193  183  172  159
  151  143  141  134  131  122  118  115  122  131  149  170  193  212  225  233
  239  244  250  256  262  267  275  293  324                                   
    25.0-180.0 180.0   5.0 450.0                            LAT/LON1/LON2/DLON/H
  335  343  356  367  375  379  385  395  408  422  429  431  426  411  397  378
  363  349  340  339  340  343  344  344  341  336  326  318  308  295  285  270
  259  238  225  208  199  188  185  179  181  179  186  183  184  172  162  148
  141  134  131  124  120  112  108  106  110  121  137  157  184  203  222  231
  241  247  255  263  270  276  287  301  335                                   
    22.5-180.0 180.0   5.0 450.0                            LAT/LON1/LON2/DLON/H
  339  353  365  379  390  399  407  421  437  455  463  465  463  448  436  414
  400  383  374  368  368  366  364  361  355  346  332  319  306  290  276  257
  241  216  201  184  174  167  164  162  163  164  170  168  166  155  143  131
  125  118  115  109  107  100   98   94   99  107  124  143  169  195  215  230
  241  253  263  272  281  286  294  311  339                                   
    20.0-180.0 180.0   5.0 450.0                            LAT/LON1/LON2/DLON/H
  344  354  370  387  400  411  424  440  461  483  494  502  501  492  479  459
  440  424  410  402  395  391  382  376  363  350  328  313  294  274  255  232
  213  186  173  156  152  144  145  144  148  149  155  151  149  137  128  115
  113  105  103   96   96   90   89   88   91   99  114  133  159  186  211  230
  248  260  273  282  291  294  301  315  344                                   
    17.5-180.0 180.0   5.0 450.0                            LAT/LON1/LON2/DLON/H
  343  355  370  388  404  419  434  457  480  505  519  531  534  529  518  498
  480  462  446  435  423  415  402  391  373  352  327  307  285  261  239  212
  193  168  156  143  139  135  137  137  141  142  146  142  137  126  115  107
  102   97   93   89   87   84   83   83   86   93  108  127  151  181  207  232
  253  268  283  292  300  302  302  321  343                                   
    15.0-180.0 180.0   5.0 450.0                            LAT/LON1/LON2/DLON/H
  345  353  368  386  401  417  434  458  484  510  529  546  553  555  548  535
  514  497  477  465  448  435  415  398  373  350  322  299  274  246  223  192
  173  149  142  132  136  133  138  140  143  144  145  138  131  118  109  100
   98   91   88   82   81   78   79   80   83   90  103  122  145  174  204  229
  254  272  286  298  305  306  309  324  345                                   
    12.5-180.0 180.0   5.0 450.0                            LAT/LON1/LON2/DLON/H
  345  354  363  379  392  409  426  455  479  508  527  550  561  569  568  559
  544  525  506  492  472  454  427  405  376  349  318  294  269  242  218  191
  172  153  145  141  145  145  149  150  153  150  149  140  131  118  109  102
   97   90   85   79   78   75   77   78   82   88  102  119  143  172  201  228
  254  273  290  300  309  314  311  329  345                                   
    10.0-180.0 180.0   5.0 450.0                            LAT/LON1/LON2/DLON/H
  351  357  364  375  386  399  418  443  468  494  512  534  548  561  565  565
  552  539  521  508  485  463  432  405  374  347  314  291  266  239  220  193
  178  161  157  154  163  165  169  170  168  163  157  146  136  123  114  106
  101   91   85   77   75   73   76   80   83   89   99  115  137  166  197  226
  250  271  287  300  311  316  319  332  351                                   
     7.5-180.0 180.0   5.0 450.0                            LAT/LON1/LON2/DLON/H
  355  364  367  373  379  392  406  431  451  475  488  508  522  539  548  556
  552  543  531  516  495  468  437  406  374  347  314  290  268  245  230  209
