data/unet/pred2620.15i
     1.0            IONOSPHERE MAPS     GNSS                IONEX VERSION / TYPE
pyspatialgeodesy        IME             05-JAN-18 20:20     PGM / RUN BY / DATE 
Map Name                                                    COMMENT             
Predicted global ionosphere maps (GIM).                     DESCRIPTION         
  2015     9    19     0     0     0                        EPOCH OF FIRST MAP  
  2015     9    20     0     0     0                        EPOCH OF LAST MAP   
  7200                                                      INTERVAL            
    13                                                      # OF MAPS IN FILE   
  NONE                                                      MAPPING FUNCTION    
10.0                                                        ELEVATION CUTOFF    
One-way carrier phase leveled to code                       OBSERVABLES USED    
  6371.0                                                    BASE RADIUS         
 2                                                          MAP DIMENSION       
   450.0 450.0   0.0                                        HGT1 / HGT2 / DHGT  
    87.5 -87.5  -2.5                                        LAT1 / LAT2 / DLAT  
  -180.0 180.0   5.0                                        LON1 / LON2 / DLON  
    -1                                                      EXPONENT            
                                                            END OF HEADER       
     1                                                      START OF TEC MAP    
  2015     9    19     0     0     0                        EPOCH OF CURRENT MAP
    87.5-180.0 180.0   5.0 450.0                            LAT/LON1/LON2/DLON/H
  134  102   99   94   95   91   95   92   96   93   97   93   97   94   96   93
   96   93   95   91   94   90   92   88   90   87   89   85   87   83   85   81
   83   79   81   77   80   76   79   75   78   75   78   74   77   74   77   73
   77   73   76   73   77   74   77   74   78   75   79   76   80   78   81   79
   84   81   86   84   91   88   98  120  134                                   
    85.0-180.0 180.0   5.0 450.0                            LAT/LON1/LON2/DLON/H
  108   93   96   95   95   91   95   93   98   96   99   96  100   97   99   96
   98   95   96   92   93   89   89   84   85   80   80   75   76   71   72   67
   69   64   66   62   64   60   62   59   61   58   59   57   59   56   58   55
   57   55   57   55   58   57   59   58   61   60   63   62   66   66   69   69
   73   73   77   76   82   76   76   93  108                                   
    82.5-180.0 180.0   5.0 450.0                            LAT/LON1/LON2/DLON/H
  105   96   99  101  100   97  102  101  106  104  108  106  110  107  110  106
  109  104  105  100  101   95   95   88   87   81   80   74   73   67   68   63
   64   59   61   56   59   54   58   53   57   52   56   52   56   52   56   51
   56   52   56   53   58   55   60   57   63   60   65   63   69   66   72   70
   76   74   80   78   85   78   81   94  105                                   
    80.0-180.0 180.0   5.0 450.0                            LAT/LON1/LON2/DLON/H
  106  102  104  108  106  108  110  113  115  117  118  120  121  120  121  119
  119  116  114  111  109  104  101   96   92   86   82   78   74   70   68   65
   64   62   62   60   61   60   60   59   60   58   59   57   59   57   58   56
   58   57   59   58   61   61   64   64   67   67   70   70   74   74   77   77
   80   80   84   85   89   84   87   98  106                                   
    77.5-180.0 180.0   5.0 450.0                            LAT/LON1/LON2/DLON/H
  112  105  106  109  108  110  114  117  119  121  123  125  125  125  125  123
  122  119  117  114  111  106  102   97   93   87   82   77   73   70   68   65
   64   63   63   62   62   61   62   60   61   58   59   57   58   56   57   55
   57   56   58   57   60   60   63   63   67   68   71   72   75   75   78   79
   81   81   85   86   89   86   89   97  112                                   
    75.0-180.0 180.0   5.0 450.0                            LAT/LON1/LON2/DLON/H
  111  107  107  111  110  113  116  120  122  125  126  127  127  127  125  123
  121  119  116  113  110  106  103   98   93   88   84   79   75   71   70   68
   67   67   66   66   66   65   64   63   62   61   60   58   58   56   56   55
   56   55   57   56   58   59   62   64   67   69   73   75   77   79   81   82
   84   84   87   89   90   89   91  100  111                                   
    72.5-180.0 180.0   5.0 450.0                            LAT/LON1/LON2/DLON/H
  115  107  107  110  109  111  115  117  120  122  123  124  122  121  119  117
  113  111  108  106  103  100   97   94   89   84   79   75   71   68   67   66
   66   65   66   65   65   63   63   60   59   56   56   53   54   51   53   51
   53   51   54   52   55   55   59   61   66   68   72   74   78   79   82   82
   84   84   88   88   92   90   93  101  115                                   
    70.0-180.0 180.0   5.0 450.0                            LAT/LON1/LON2/DLON/H
  110  105  106  108  107  109  113  115  118  119  121  120  117  114  110  106
  102   99   98   95   93   91   89   85   81   76   72   68   65   63   62   62
   63   63   63   63   62   60   58   56   54   51   50   48   48   47   48   48
   49   49   51   51   53   54   58   60   65   68   73   77   80   82   84   85
   86   87   89   90   93   92   96  104  110                                   
    67.5-180.0 180.0   5.0 450.0                            LAT/LON1/LON2/DLON/H
  114  107  106  106  105  106  110  113  116  118  119  117  113  108  103   98
   92   89   87   85   83   81   79   76   71   67   64   60   58   56   57   57
   58   58   59   57   56   53   51   47   45   41   42   39   41   39   43   41
   45   43   47   46   50   50   55   56   63   66   73   76   82   83   86   86
   88   87   90   91   95   93   97  105  114                                   
    65.0-180.0 180.0   5.0 450.0                            LAT/LON1/LON2/DLON/H
  113  109  107  108  104  105  108  111  115  117  118  116  112  106   99   93
   87   83   80   78   76   74   71   67   63   59   56   53   52   51   52   52
   53   52   52   50   48   44   41   38   36   33   33   32   34   35   37   37
   40   40   43   43   46   48   52   55   62   67   74   78   83   86   89   90
   91   91   93   94   97   97  100  108  113                                   
    62.5-180.0 180.0   5.0 450.0                            LAT/LON1/LON2/DLON/H
  120  114  111  109  105  104  106  109  114  116  118  116  113  107  100   93
   87   82   79   76   73   69   65   61   57   53   50   48   48   46   47   46
   47   45   45   41   39   35   33   29   28   26   27   26   29   29   33   32
   37   36   40   39   43   43   49   51   60   64   74   77   85   87   92   92
   94   94   97   97  100   99  103  111  120                                   
    60.0-180.0 180.0   5.0 450.0                            LAT/LON1/LON2/DLON/H
  122  120  116  114  107  104  105  107  112  115  118  118  115  110  103   97
   91   87   83   80   75   70   65   59   54   50   48   46   46   45   45   43
   42   40   38   35   33   29   28   25   26   24   26   26   28   29   32   32
   35   35   37   37   40   42   47   51   59   65   74   79   86   90   95   97
  100  100  103  104  106  106  109  116  122                                   
    57.5-180.0 180.0   5.0 450.0                            LAT/LON1/LON2/DLON/H
  135  131  126  121  112  107  106  107  111  115  119  119  119  115  111  105
  101   96   92   88   83   76   69   62   56   52   50   48   48   46   45   42
   40   37   35   32   30   28   28   27   29   29   31   31   34   33   36   34
   37   35   38   36   40   41   47   51   61   67   76   81   90   93  100  102
  106  107  110  111  114  114  117  122  135                                   
    55.0-180.0 180.0   5.0 450.0                            LAT/LON1/LON2/DLON/H
  142  142  138  133  122  115  111  110  112  115  118  120  121  120  117  115
  111  108  104   99   93   85   76   68   61   57   55   53   52   50   47   43
   40   37   35   33   33   32   34   35   38   39   41   42   43   41   42   40
   41   39   40   38   42   44   51   55   66   72   81   86   94   98  105  108
  113  116  119  121  123  124  127  131  142                                   
    52.5-180.0 180.0   5.0 450.0                            LAT/LON1/LON2/DLON/H
  158  158  153  147  136  127  120  117  116  118  120  123  125  126  125  124
  122  120  116  111  105   96   87   78   71   67   64   63   60   57   52   47
   43   40   38   38   39   41   44   47   51   53   55   56   55   53   51   48
   49   45   45   43   47   49   57   63   73   80   88   92   99  103  110  114
  120  123  128  129  133  134  139  141  158                                   
    50.0-180.0 180.0   5.0 450.0                            LAT/LON1/LON2/DLON/H
  168  172  172  167  155  144  135  129  125  123  123  125  128  130  130  130
  130  128  125  121  115  107   98   90   84   79   76   73   69   64   58   52
   48   46   45   46   49   53   57   61   66   69   71   71   69   66   63   59
   59   55   55   53   57   60   69   76   88   93  101  103  109  111  119  122
  129  132  137  138  142  144  149  152  168                                   
    47.5-180.0 180.0   5.0 450.0                            LAT/LON1/LON2/DLON/H
  184  187  188  185  175  165  155  146  138  134  132  133  135  137  138  138
  138  137  135  132  127  120  112  105   98   94   89   85   79   73   66   60
   57   55   56   59   63   67   72   76   81   84   86   85   82   79   75   72
   70   68   68   66   70   74   84   92  103  109  115  117  121  123  128  130
  136  139  144  146  151  153  159  161  184                                   
    45.0-180.0 180.0   5.0 450.0                            LAT/LON1/LON2/DLON/H
  191  198  202  200  193  185  176  165  155  148  143  142  143  145  145  145
  144  144  142  141  137  132  126  119  113  108  102   96   89   81   74   68
   66   66   68   70   75   79   83   88   93   96   98   98   96   92   89   85
   84   82   81   80   85   89  101  109  121  126  131  132  134  133  137  137
  143  144  150  151  156  160  167  170  191                                   
    42.5-180.0 180.0   5.0 450.0                            LAT/LON1/LON2/DLON/H
  200  204  209  209  205  200  193  183  172  165  158  157  157  158  156  155
  153  152  151  151  148  145  139  134  127  120  113  105   96   88   81   76
   74   75   77   81   84   89   91   95  100  104  106  107  105  103   99   98
   97   95   93   93   97  103  113  123  135  141  145  145  146  145  146  145
  148  150  155  157  161  164  171  175  200                                   
    40.0-180.0 180.0   5.0 450.0                            LAT/LON1/LON2/DLON/H
  203  209  217  219  216  213  207  198  189  180  175  172  172  172  168  165
  162  160  159  159  159  156  151  145  138  130  121  111  102   94   87   83
   82   83   85   88   91   95   97  100  105  110  113  114  114  113  111  110
  109  108  106  105  109  115  126  137  148  154  158  157  158  156  156  153
  157  157  162  164  168  171  178  182  203                                   
    37.5-180.0 180.0   5.0 450.0                            LAT/LON1/LON2/DLON/H
  215  216  222  224  222  221  215  209  199  194  188  189  188  188  183  179
  173  172  169  171  169  167  161  155  146  137  126  117  106   99   92   89
   88   89   91   94   96  100  101  106  110  115  118  121  121  120  119  119
  118  117  114  113  117  124  135  147  159  165  168  168  169  167  166  164
  165  167  172  175  178  181  187  190  215                                   
    35.0-180.0 180.0   5.0 450.0                            LAT/LON1/LON2/DLON/H
  226  228  235  233  230  228  223  216  210  205  202  201  202  200  196  190
  185  182  179  179  176  173  167  159  150  140  130  119  110  103   98   95
   93   93   95   96   99  102  104  109  114  119  123  125  126  125  124  125
  124  122  118  117  121  128  140  153  166  170  174  174  177  175  175  172
  176  176  184  188  192  196  203  208  226                                   
    32.5-180.0 180.0   5.0 450.0                            LAT/LON1/LON2/DLON/H
  253  246  251  247  240  236  229  224  218  217  213  215  214  213  208  203
  196  193  187  186  180  175  167  159  150  142  131  122  112  107  101   99
   95   94   96   98  101  106  110  116  121  127  129  130  129  127  126  124
  123  120  116  114  116  124  137  150  163  170  175  176  180  182  183  183
  187  190  199  206  210  215  224  231  253                                   
    30.0-180.0 180.0   5.0 450.0                            LAT/LON1/LON2/DLON/H
  284  283  284  274  263  256  246  240  236  234  232  233  232  228  221  212
  205  199  191  185  176  169  161  155  148  140  133  125  117  111  106  103
   99   97   98  101  105  113  118  126  131  135  135  133  129  125  122  120
  117  114  109  106  108  116  129  142  156  165  172  177  184  188  195  197
  206  211  224  233  238  247  258  270  284                                   
    27.5-180.0 180.0   5.0 450.0                            LAT/LON1/LON2/DLON/H
  329  326  326  312  297  285  274  266  262  261  259  260  256  249  238  227
  215  206  192  182  170  161  153  149  144  141  134  128  120  115  109  104
   99   96   98  103  108  118  126  135  139  141  139  134  126  120  115  111
  108  104  100   97   99  109  122  137  150  161  169  177  185  195  203  213
  221  233  247  259  268  280  295  306  329                                   
    25.0-180.0 180.0   5.0 450.0                            LAT/LON1/LON2/DLON/H
  370  376  372  353  338  327  315  307  302  302  299  297  291  279  264  246
  230  212  194  176  162  151  146  145  145  144  140  134  127  121  115  109
  104  103  106  112  118  130  139  148  150  150  142  133  121  113  105  101
   97   94   90   87   89  101  116  132  146  157  166  176  186  200  213  226
  239  253  271  283  296  315  340  350  370                                   
    22.5-180.0 180.0   5.0 450.0                            LAT/LON1/LON2/DLON/H
  409  410  410  392  380  368  361  355  353  353  351  349  339  325  301  279
  252  227  200  178  160  149  145  148  149  151  147  141  133  127  119  114
  111  111  116  124  131  143  151  157  156  152  142  129  115  104   95   89
   86   81   78   76   81   94  114  132  149  160  170  180  193  208  224  240
  254  271  290  304  322  343  373  384  409                                   
    20.0-180.0 180.0   5.0 450.0                            LAT/LON1/LON2/DLON/H
  440  436  432  416  413  409  406  411  418  423  420  417  404  384  357  322
  289  250  216  186  166  156  155  160  162  163  158  151  142  135  129  125
  124  126  132  140  147  157  161  164  159  152  139  125  109   97   88   80
   76   71   70   71   78   93  114  136  155  168  179  190  204  222  240  257
  273  290  310  328  345  369  406  417  440                                   
    17.5-180.0 180.0   5.0 450.0                            LAT/LON1/LON2/DLON/H
  468  457  452  442  444  445  449  463  481  495  497  494  477  456  422  384
  334  288  243  208  187  179  178  183  182  180  169  160  149  143  139  137
  139  143  151  158  163  168  167  164  155  145  130  115  101   88   80   71
   68   65   62   65   74   96  118  143  164  179  192  204  222  239  260  275
  293  310  330  349  372  393  424  437  468                                   
    15.0-180.0 180.0   5.0 450.0                            LAT/LON1/LON2/DLON/H
  485  476  467  458  466  474  486  510  540  561  567  566  550  530  496  455
  402  341  291  246  223  214  214  214  208  197  183  170  159  153  151  152
  157  162  171  175  177  177  171  163  150  136  122  107   94   83   75   67
   66   63   63   69   80  101  125  150  173  190  206  220  240  258  278  295
  313  330  347  367  387  406  436  445  485                                   
    12.5-180.0 180.0   5.0 450.0                            LAT/LON1/LON2/DLON/H
  497  487  481  477  486  497  514  543  577  604  617  622  610  596  565  528
  473  411  351  305  277  265  259  252  235  215  195  180  170  165  167  171
  179  186  193  194  190  184  173  159  143  128  113  100   89   80   74   68
   66   64   64   71   83  104  129  156  181  201  221  238  260  277  301  318
  335  350  368  386  402  416  436  446  497                                   
    10.0-180.0 180.0   5.0 450.0                            LAT/LON1/LON2/DLON/H
  492  487  482  483  493  507  529  557  594  621  640  651  651  645  625  592
  549  489  435  380  347  323  307  286  259  227  205  189  183  182  187  193
  202  208  210  207  198  186  171  154  137  120  108   95   86   78   73   67
   66   64   66   71   85  104  130  155  182  205  230  251  275  295  319  335
  351  367  382  397  410  422  441  442  492                                   
     7.5-180.0 180.0   5.0 450.0                            LAT/LON1/LON2/DLON/H
  484  482  482  487  495  510  529  557  586  612  632  652  662  669  660  636
  594  548  497  443  406  372  344  310  272  237  211  198  195  200  208  217
