data/unet/pred2890.15i
     1.0            IONOSPHERE MAPS     GNSS                IONEX VERSION / TYPE
pyspatialgeodesy        IME             05-JAN-18 20:20     PGM / RUN BY / DATE 
Map Name                                                    COMMENT             
Predicted global ionosphere maps (GIM).                     DESCRIPTION         
  2015    10    16     0     0     0                        EPOCH OF FIRST MAP  
  2015    10    17     0     0     0                        EPOCH OF LAST MAP   
  7200                                                      INTERVAL            
    13                                                      # OF MAPS IN FILE   
  NONE                                                      MAPPING FUNCTION    
10.0                                                        ELEVATION CUTOFF    
One-way carrier phase leveled to code                       OBSERVABLES USED    
  6371.0                                                    BASE RADIUS         
 2                                                          MAP DIMENSION       
   450.0 450.0   0.0                                        HGT1 / HGT2 / DHGT  
    87.5 -87.5  -2.5                                        LAT1 / LAT2 / DLAT  
  -180.0 180.0   5.0                                        LON1 / LON2 / DLON  
    -1                                                      EXPONENT            
                                                            END OF HEADER       
[from data line 3861]
    10                                                      START OF TEC MAP    
  2015    10    16    18     0     0                        EPOCH OF CURRENT MAP
    87.5-180.0 180.0   5.0 450.0                            LAT/LON1/LON2/DLON/H
  119   89   85   90   87   89   88   91   91   94   94   98   98  101  101  104
  103  105  105  107  105  106  105  105  104  103  102  100  100   97   98   94
   95   92   93   89   91   87   88   86   87   85   86   84   86   84   85   84
   86   85   86   85   86   85   85   85   85   85   84   85   84   84   84   84
   83   84   83   83   86   83   91  104  119                                   
    85.0-180.0 180.0   5.0 450.0                            LAT/LON1/LON2/DLON/H
   68   70   70   75   75   78   78   82   83   88   89   94   94   99   99  104
  103  107  106  108  107  108  106  106  104  103  100   99   96   95   91   90
   87   86   83   82   79   79   76   77   75   76   74   75   74   75   74   75
   75   76   75   77   76   77   75   77   75   77   74   76   73   75   72   74
   71   73   71   72   72   69   79   91   68                                   
    82.5-180.0 180.0   5.0 450.0                            LAT/LON1/LON2/DLON/H
   58   57   60   64   64   68   68   74   76   83   86   92   96  102  104  109
  111  114  114  116  115  115  113  111  108  106  101   99   94   92   86   84
   79   78   73   72   68   68   63   64   62   62   61   62   62   63   64   65
   67   68   69   69   71   71   72   71   72   71   70   69   69   69   67   67
   65   65   63   63   62   58   62   62   58                                   
    80.0-180.0 180.0   5.0 450.0                            LAT/LON1/LON2/DLON/H
   48   51   50   54   55   59   62   67   72   79   85   92   99  105  111  115
  120  122  124  124  124  122  119  116  110  107  100   98   90   88   80   79
   73   72   65   65   59   59   53   54   50   52   50   53   52   56   56   60
   61   64   65   67   68   69   69   70   69   69   68   68   67   66   64   64
   61   61   58   58   55   48   56   53   48                                   
    77.5-180.0 180.0   5.0 450.0                            LAT/LON1/LON2/DLON/H
   39   42   42   43   45   47   52   57   64   71   80   88   96  104  112  117
  122  124  127  126  126  121  119  113  108  102   96   90   85   80   76   72
   68   65   61   58   54   51   47   45   42   42   42   42   46   47   52   54
   58   59   63   64   67   66   69   67   69   67   69   66   67   64   64   62
   61   58   57   55   53   46   50   44   39                                   
    75.0-180.0 180.0   5.0 450.0                            LAT/LON1/LON2/DLON/H
   38   40   37   40   39   44   46   55   60   71   78   89   98  107  115  121
  126  129  130  129  126  122  116  111  104   99   91   87   80   77   73   70
   66   63   59   56   52   48   45   42   40   39   38   40   42   46   49   54
   55   60   60   63   63   65   64   65   64   65   63   65   62   64   61   62
   58   59   55   55   51   44   51   47   38                                   
    72.5-180.0 180.0   5.0 450.0                            LAT/LON1/LON2/DLON/H
   41   41   39   39   40   44   47   53   59   69   78   89   99  109  118  124
  130  132  133  130  128  121  116  108  102   93   89   81   78   73   71   68
   66   64   61   58   53   50   46   42   40   38   39   38   43   44   49   50
   55   55   59   58   60   58   61   58   61   58   61   59   62   59   62   58
   60   56   57   53   52   45   52   43   41                                   
    70.0-180.0 180.0   5.0 450.0                            LAT/LON1/LON2/DLON/H
   45   44   43   44   44   49   50   58   63   74   82   93  103  114  123  130
  136  137  137  133  129  122  116  107   99   92   84   80   75   74   71   70
   68   66   63   60   56   52   47   44   41   39   39   40   42   45   47   51
   52   55   54   55   52   53   51   52   51   52   52   54   54   56   55   56
   55   56   54   53   51   44   52   46   45                                   
    67.5-180.0 180.0   5.0 450.0                            LAT/LON1/LON2/DLON/H
   46   46   47   49   50   53   56   62   68   78   88   98  110  119  129  136
  142  142  144  139  136  127  121  110  102   92   86   80   76   74   72   71
   69   68   66   63   58   54   49   45   42   40   41   41   43   44   47   47
   49   48   48   46   45   43   43   43   44   44   46   47   49   49   52   50
   52   49   50   48   48   41   50   42   46                                   
    65.0-180.0 180.0   5.0 450.0                            LAT/LON1/LON2/DLON/H
   48   48   50   54   54   60   63   70   77   86   95  106  116  124  134  140
  146  148  150  146  143  136  129  118  109  100   92   86   80   79   75   75
   72   72   69   66   61   57   51   47   44   42   42   42   43   45   46   46
   44   44   40   40   35   36   33   35   34   37   37   41   41   44   44   45
   44   44   42   42   41   36   47   42   48                                   
    62.5-180.0 180.0   5.0 450.0                            LAT/LON1/LON2/DLON/H
   42   45   51   56   59   64   68   75   83   92  102  111  121  128  138  144
  152  154  159  156  156  148  142  132  122  112  103   97   90   86   81   79
   76   74   71   68   63   58   53   48   46   43   44   43   45   44   45   42
   40   36   33   29   27   26   26   26   29   30   33   34   37   37   40   38
   38   35   35   33   33   28   39   33   42                                   
    60.0-180.0 180.0   5.0 450.0                            LAT/LON1/LON2/DLON/H
   40   44   47   56   58   66   72   80   89   98  108  116  125  130  139  145
  153  158  164  165  165  161  156  147  136  126  116  109  102   95   90   87
   82   80   76   73   67   62   56   51   49   46   47   45   46   45   43   40
   35   32   26   24   21   21   21   23   24   28   30   33   33   35   35   35
   33   32   28   28   26   21   35   30   40                                   
    57.5-180.0 180.0   5.0 450.0                            LAT/LON1/LON2/DLON/H
   36   42   47   55   60   68   75   84   93  102  111  119  127  133  140  147
  156  163  172  174  177  175  171  164  152  142  132  125  117  110  103   98
   90   86   81   77   71   66   61   57   54   52   52   51   50   47   45   39
   34   27   24   20   19   18   21   22   26   27   31   32   34   33   35   32
   32   29   28   24   24   21   30   24   36                                   
    55.0-180.0 180.0   5.0 450.0                            LAT/LON1/LON2/DLON/H
   40   46   47   57   62   71   79   89  100  109  119  124  132  135  142  147
  156  164  173  181  185  188  185  179  169  158  149  139  133  126  120  111
  105   98   91   86   80   74   69   64   62   60   60   58   57   53   49   42
   36   30   25   22   21   22   24   27   30   33   35   37   36   37   36   35
   33   32   29   27   25   21   34   29   40                                   
    52.5-180.0 180.0   5.0 450.0                            LAT/LON1/LON2/DLON/H
   45   51   54   63   67   77   85   96  105  115  123  130  135  139  143  150
  158  167  176  184  190  194  193  188  180  172  163  157  150  144  137  129
  119  111  102   95   88   83   78   75   72   71   71   69   67   62   57   49
   43   36   32   28   29   29   32   35   38   41   43   43   43   41   41   39
   39   38   37   35   34   31   39   33   45                                   
    50.0-180.0 180.0   5.0 450.0                            LAT/LON1/LON2/DLON/H
   58   63   65   75   78   88   96  107  117  126  135  139  144  145  149  152
  160  167  176  184  192  196  197  193  189  181  176  170  166  160  155  146
  136  124  115  107  100   94   90   86   85   82   83   80   78   72   67   59
   54   47   44   40   41   42   45   48   51   54   54   54   52   51   48   49
   47   49   47   47   45   42   52   49   58                                   
    47.5-180.0 180.0   5.0 450.0                            LAT/LON1/LON2/DLON/H
   69   76   79   89   91  101  107  119  128  139  144  151  151  155  154  159
  163  171  177  185  192  196  198  196  191  188  182  181  176  173  166  158
  147  135  124  116  108  103   99   97   94   94   93   91   88   82   77   71
   66   61   59   57   57   58   61   63   66   66   67   65   63   60   59   58
   59   59   60   60   58   56   64   60   69                                   
    45.0-180.0 180.0   5.0 450.0                            LAT/LON1/LON2/DLON/H
   82   91   94  106  108  119  123  135  143  153  159  162  165  165  166  168
  172  175  182  187  195  197  202  199  197  194  190  189  186  182  176  166
  156  142  133  124  118  112  109  106  105  102  102   98   96   90   86   81
   78   75   74   74   73   74   75   77   77   79   76   76   73   73   70   71
   71   73   74   74   73   69   77   76   82                                   
    42.5-180.0 180.0   5.0 450.0                            LAT/LON1/LON2/DLON/H
   85   98  105  117  123  131  137  149  157  168  173  178  178  180  178  182
  183  186  190  195  200  204  206  206  202  201  196  197  192  188  181  171
  160  148  139  130  124  119  115  112  109  106  104  100   98   94   92   89
   88   87   88   87   88   87   88   87   89   86   87   83   83   81   80   78
   80   79   82   82   80   78   83   81   85                                   
    40.0-180.0 180.0   5.0 450.0                            LAT/LON1/LON2/DLON/H
   89  105  114  131  136  149  154  166  173  184  188  192  194  194  196  196
  200  199  204  206  213  214  217  215  213  210  206  203  197  189  182  172
  164  153  145  138  133  128  123  118  114  108  106  101  100   96   95   93
   94   95   97   98   97   97   96   96   95   94   93   92   91   90   89   87
   86   87   87   86   84   81   88   83   89                                   
    37.5-180.0 180.0   5.0 450.0                            LAT/LON1/LON2/DLON/H
   82  100  116  134  144  156  165  177  186  195  201  205  208  211  211  215
  215  216  217  221  224  229  228  227  222  220  214  210  202  194  185  177
  169  162  156  150  144  136  130  121  116  108  105   99   99   95   96   95
   96   98  100  101  101  100  101   99  100   98   97   96   96   95   93   91
   88   85   84   82   81   78   84   80   82                                   
    35.0-180.0 180.0   5.0 450.0                            LAT/LON1/LON2/DLON/H
   78   98  116  138  149  168  176  190  199  209  214  217  221  222  227  226
  232  229  236  235  242  241  243  238  236  231  228  220  213  201  193  186
  184  179  177  171  165  154  146  133  125  114  109  102  100   97   96   95
   96   96   98   98   98  100  101  101  101  100   99   98   99   99   97   94
   89   86   80   79   75   73   79   73   78                                   
    32.5-180.0 180.0   5.0 450.0                            LAT/LON1/LON2/DLON/H
   59   88  113  136  154  172  185  200  208  218  224  231  235  239  240  244
  245  246  249  252  255  256  253  250  246  243  240  236  227  219  210  209
  208  210  207  203  193  180  167  149  137  123  116  107  106  101  102   98
   99   96   97   96   97   99  100  102  103  102  100  100   99  100   96   94
   87   80   75   72   72   67   72   67   59                                   
    30.0-180.0 180.0   5.0 450.0                            LAT/LON1/LON2/DLON/H
   56   85  109  136  156  179  195  209  222  232  240  243  248  250  256  255
  260  258  264  264  270  267  267  259  260  257  262  256  254  245  243  242
  249  252  253  242  230  211  194  173  159  142  133  123  120  113  111  106
  103  100   97   97   99  103  106  108  108  106  104  101  101  100   97   94
   86   80   72   73   69   69   68   65   56                                   
    27.5-180.0 180.0   5.0 450.0                            LAT/LON1/LON2/DLON/H
   52   83  109  138  161  188  206  224  235  249  253  263  264  269  269  271
  272  273  276  276  280  275  274  268  270  274  281  285  283  283  285  291
  301  305  305  289  268  243  220  196  179  164  154  145  139  132  128  120
  114  106  102  100  102  107  112  115  115  114  109  108  102  104   97   93
   84   76   73   70   72   68   74   69   52                                   
    25.0-180.0 180.0   5.0 450.0                            LAT/LON1/LON2/DLON/H
   67   95  119  145  170  202  222  242  256  269  275  279  284  284  286  286
  287  285  290  286  292  284  286  280  291  296  310  314  322  324  333  340
  350  351  347  329  305  272  244  220  201  188  178  169  164  155  150  139
  132  120  115  112  115  118  122  124  125  122  117  112  108  104  101   94
   86   81   74   76   72   75   77   80   67                                   
    22.5-180.0 180.0   5.0 450.0                            LAT/LON1/LON2/DLON/H
   77  110  130  164  186  218  238  261  279  296  299  306  307  309  306  306
  303  302  303  300  304  299  302  304  317  327  342  352  367  372  384  389
  398  388  380  354  330  292  262  233  217  204  198  191  185  178  171  162
  153  142  124  119  117  123  128  132  134  132  126  122  113  113  104   99
   89   82   78   75   78   77   90   90   77                                   
    20.0-180.0 180.0   5.0 450.0                            LAT/LON1/LON2/DLON/H
  101  129  149  183  205  238  255  284  300  321  327  337  338  340  337  333
  327  323  324  320  326  321  330  332  350  360  383  393  410  418  432  435
  438  424  411  384  349  311  277  252  234  225  219  214  208  203  199  191
  174  161  145  138  133  136  138  140  139  139  134  130  123  117  111  105
   98   91   84   81   78   82   95   96  101                                   
    17.5-180.0 180.0   5.0 450.0                            LAT/LON1/LON2/DLON/H
  109  143  163  199  220  252  269  298  319  344  359  372  374  378  374  369
  362  355  354  350  354  355  364  373  390  407  431  444  461  465  478  475
  478  456  441  402  368  321  289  262  248  239  234  230  224  224  216  211
  197  187  172  163  156  154  152  150  148  146  140  139  129  127  115  111
  103   97   91   84   80   84   97  106  109                                   
    15.0-180.0 180.0   5.0 450.0                            LAT/LON1/LON2/DLON/H
  122  157  177  214  239  271  288  322  339  371  386  407  409  418  413  409
  401  394  392  389  395  399  413  424  448  464  490  500  513  514  520  513
  508  485  466  428  386  340  307  280  263  257  246  248  239  241  233  235
  223  215  199  190  179  173  166  163  160  156  150  145  138  130  122  115
  111  106  101   91   84   86  100  104  122                                   
    12.5-180.0 180.0   5.0 450.0                            LAT/LON1/LON2/DLON/H
  121  158  185  222  250  280  307  335  360  386  405  426  437  447  448  443
  443  436  441  436  446  453  472  487  509  523  540  547  554  552  557  544
  533  508  485  447  406  363  328  306  282  274  258  258  248  255  251  255
  247  241  225  217  203  193  181  172  167  163  154  151  139  137  124  120
  112  112  106   99   87   87   97  102  121                                   
    10.0-180.0 180.0   5.0 450.0                            LAT/LON1/LON2/DLON/H
  120  164  186  229  260  293  318  355  379  412  430  454  462  484  479  486
  482  480  488  489  502  514  536  548  567  569  579  571  579  567  571  549
  539  513  493  458  428  391  365  340  316  300  278  271  262  271  267  276
  267  261  245  233  220  206  193  181  171  166  158  151  143  136  126  121
  116  114  112  101   92   90  101   93  120                                   
     7.5-180.0 180.0   5.0 450.0                            LAT/LON1/LON2/DLON/H
  115  155  190  228  263  297  331  361  397  424  448  465  478  497  506  511
  520  518  529  537  552  567  587  596  605  596  593  586  585  578  569  551
