data/unet/pred2440.15i
     1.0            IONOSPHERE MAPS     GNSS                IONEX VERSION / TYPE
pyspatialgeodesy        IME             05-JAN-18 20:20     PGM / RUN BY / DATE 
Map Name                                                    COMMENT             
Predicted global ionosphere maps (GIM).                     DESCRIPTION         
  2015     9     1     0     0     0                        EPOCH OF FIRST MAP  
  2015     9     2     0     0     0                        EPOCH OF LAST MAP   
  7200                                                      INTERVAL            
    13                                                      # OF MAPS IN FILE   
  NONE                                                      MAPPING FUNCTION    
10.0                                                        ELEVATION CUTOFF    
One-way carrier phase leveled to code                       OBSERVABLES USED    
  6371.0                                                    BASE RADIUS         
 2                                                          MAP DIMENSION       
   450.0 450.0   0.0                                        HGT1 / HGT2 / DHGT  
    87.5 -87.5  -2.5                                        LAT1 / LAT2 / DLAT  
  -180.0 180.0   5.0                                        LON1 / LON2 / DLON  
    -1                                                      EXPONENT            
                                                            END OF HEADER       
[from data line 2574]
     7                                                      START OF TEC MAP    
  2015     9     1    12     0     0                        EPOCH OF CURRENT MAP
    87.5-180.0 180.0   5.0 450.0                            LAT/LON1/LON2/DLON/H
  119  128  128  126  125  123  123  123  124  123  124  123  124  123  123  122
  122  122  122  122  121  122  121  122  121  122  121  122  121  122  121  121
  120  121  119  120  119  119  118  118  117  118  116  117  116  117  115  116
  115  116  115  116  115  116  115  117  116  118  116  118  118  119  118  120
  120  121  120  121  122  121  131  116  119                                   
    85.0-180.0 180.0   5.0 450.0                            LAT/LON1/LON2/DLON/H
  122  123  125  121  122  121  122  121  123  122  123  121  123  121  123  120
  123  119  123  120  123  120  124  121  125  122  125  122  125  122  124  121
  123  119  121  117  119  116  118  115  117  114  116  114  116  114  116  114
  117  115  118  115  119  116  119  117  121  118  121  118  122  118  122  118
  122  118  122  119  123  121  128  130  122                                   
    82.5-180.0 180.0   5.0 450.0                            LAT/LON1/LON2/DLON/H
  118  120  121  117  117  113  116  113  116  112  117  112  117  111  117  110
  117  110  117  111  119  113  121  115  123  117  125  118  125  118  125  117
  122  116  118  113  115  111  112  109  110  108  109  108  110  109  111  110
  113  112  115  114  117  115  118  116  119  117  119  117  120  117  119  116
  118  115  117  115  117  115  117  114  118                                   
    80.0-180.0 180.0   5.0 450.0                            LAT/LON1/LON2/DLON/H
  104  106  108  106  106  103  106  103  106  103  107  103  106  103  106  103
  106  104  107  106  109  109  112  112  115  116  118  119  120  120  120  120
  118  118  116  115  112  111  110  109  108  108  108  108  110  110  112  112
  115  115  117  117  119  118  120  119  120  118  119  117  117  114  115  112
  112  109  110  108  108  104  103  106  104                                   
    77.5-180.0 180.0   5.0 450.0                            LAT/LON1/LON2/DLON/H
   97   98   92   93   93   91   93   91   92   91   93   92   93   93   94   95
   95   96   97   98   99  102  103  107  108  112  113  118  117  120  118  121
  117  119  114  114  109  109  105  106  104  106  105  108  108  112  113  116
  116  120  120  122  120  122  120  121  119  119  116  116  113  112  108  108
  104  103  100   99   96   94   94   96   97                                   
    75.0-180.0 180.0   5.0 450.0                            LAT/LON1/LON2/DLON/H
   84   82   81   81   80   81   81   81   81   82   82   84   84   86   86   88
   88   90   91   93   94   98  100  103  105  111  112  118  116  123  120  125
  119  123  116  118  111  112  107  108  106  108  109  111  114  117  120  122
  124  125  126  126  125  125  124  123  121  120  117  116  112  109  106  102
   98   96   91   89   86   84   83   86   84                                   
    72.5-180.0 180.0   5.0 450.0                            LAT/LON1/LON2/DLON/H
   78   75   69   71   71   71   72   72   73   73   75   78   79   81   82   85
   85   86   87   89   91   94   97  101  103  110  111  118  118  124  122  127
  122  124  118  118  113  113  109  111  110  112  114  118  120  124  127  129
  130  131  130  129  128  126  124  123  121  118  115  112  109  105  101   96
   91   86   82   79   77   73   75   79   78                                   
    70.0-180.0 180.0   5.0 450.0                            LAT/LON1/LON2/DLON/H
   68   64   64   61   63   63   65   65   67   68   70   72   75   78   81   82
   85   86   88   89   90   92   94   99  101  107  109  117  116  125  121  129
  123  128  120  123  115  119  113  117  114  119  121  126  129  133  135  136
  135  135  133  131  128  126  124  122  120  118  116  113  111  106  102   96
   91   85   79   75   72   68   69   69   68                                   
    67.5-180.0 180.0   5.0 450.0                            LAT/LON1/LON2/DLON/H
   67   62   58   58   57   57   58   58   61   62   66   70   74   77   81   83
   85   86   88   89   90   91   93   96   99  104  107  113  116  121  122  125
  123  124  120  120  116  116  115  117  118  121  125  129  132  135  136  136
  135  133  130  128  125  122  121  119  118  116  113  111  108  105  101   96
   90   84   78   73   69   65   66   63   67                                   
    65.0-180.0 180.0   5.0 450.0                            LAT/LON1/LON2/DLON/H
   63   58   56   53   53   53   54   54   55   57   60   64   69   74   78   82
   85   87   89   89   90   91   92   95   97  102  104  111  112  119  118  126
  121  126  119  124  117  122  117  123  121  129  129  136  135  139  136  137
  132  131  127  125  121  120  117  116  116  114  114  112  111  108  105   99
   94   88   81   74   70   66   66   61   63                                   
    62.5-180.0 180.0   5.0 450.0                            LAT/LON1/LON2/DLON/H
   67   62   56   54   51   49   49   47   49   49   55   58   65   70   76   79
   83   85   87   88   90   90   93   94   97  100  103  108  113  116  120  123
  123  123  122  121  121  121  121  123  126  129  133  135  135  136  134  132
  129  127  124  122  119  117  116  115  115  114  113  113  111  110  106  101
   96   90   83   76   72   67   68   62   67                                   
    60.0-180.0 180.0   5.0 450.0                            LAT/LON1/LON2/DLON/H
   67   61   58   54   49   48   44   43   41   43   44   50   54   61   66   72
   76   81   82   86   87   90   91   94   95   99  100  106  108  115  115  122
  120  125  120  126  121  127  123  131  128  136  133  140  135  138  132  133
  128  127  123  123  120  119  118  118  117  116  116  116  115  113  110  105
  100   94   88   81   77   72   71   65   67                                   
    57.5-180.0 180.0   5.0 450.0                            LAT/LON1/LON2/DLON/H
   74   70   62   60   53   49   45   41   38   37   39   42   46   52   59   64
   69   72   77   80   85   87   92   94   98  100  102  105  110  113  119  121
  124  125  126  127  128  129  131  133  136  138  139  140  137  137  134  133
  131  130  128  128  126  125  123  122  121  120  118  119  116  116  111  107
  101   96   89   83   79   74   72   68   74                                   
    55.0-180.0 180.0   5.0 450.0                            LAT/LON1/LON2/DLON/H
   75   70   67   62   56   52   44   40   33   32   31   35   37   44   48   55
   59   65   69   76   81   88   92   98   99  104  104  111  111  118  118  125
  124  130  127  134  131  138  135  144  141  148  143  145  140  140  136  137
  135  136  135  136  134  134  131  130  128  126  125  124  121  119  115  111
  105   99   94   88   85   79   78   73   75                                   
    52.5-180.0 180.0   5.0 450.0                            LAT/LON1/LON2/DLON/H
   82   77   71   68   63   57   51   44   37   33   30   32   34   39   43   49
   55   60   68   74   82   89   96  101  106  108  111  114  117  121  125  128
  132  134  136  139  143  145  148  150  153  153  153  150  147  145  144  144
  143  145  146  146  146  143  141  138  135  133  129  129  124  123  117  113
  105  101   94   90   86   81   80   78   82                                   
    50.0-180.0 180.0   5.0 450.0                            LAT/LON1/LON2/DLON/H
   81   78   76   72   69   64   57   50   41   36   31   31   30   35   38   45
   49   57   63   74   81   92   96  105  108  114  114  120  120  127  127  134
  134  140  138  148  147  156  155  162  161  165  161  160  155  154  151  151
  151  154  155  157  154  153  149  146  142  139  136  134  131  128  123  118
  112  106  100   95   92   86   85   83   81                                   
    47.5-180.0 180.0   5.0 450.0                            LAT/LON1/LON2/DLON/H
   86   81   78   77   75   70   67   58   51   43   37   34   33   36   39   45
   51   59   68   77   86   94  102  108  113  117  119  123  126  129  132  136
  140  144  148  154  160  164  168  170  174  172  172  167  166  161  161  160
  161  163  164  165  162  159  155  152  148  146  141  140  136  133  127  122
  114  109  102   97   93   88   88   87   86                                   
    45.0-180.0 180.0   5.0 450.0                            LAT/LON1/LON2/DLON/H
   84   82   80   80   78   78   73   67   59   52   45   41   38   40   40   46
   51   61   70   80   90   98  103  109  111  118  119  125  126  130  131  137
  139  148  150  163  165  175  175  183  183  186  182  181  177  174  171  171
  169  172  170  170  164  162  155  154  150  149  146  145  142  139  134  128
  122  116  110  105   99   92   92   91   84                                   
    42.5-180.0 180.0   5.0 450.0                            LAT/LON1/LON2/DLON/H
   86   81   80   81   80   80   79   73   70   60   55   48   46   44   46   48
   57   65   77   86   95  100  104  108  111  116  119  124  126  130  132  137
  142  149  160  167  178  183  191  194  198  196  197  192  191  184  184  181
  179  178  175  172  165  162  156  156  152  153  150  150  147  145  139  135
  126  122  115  109  102   95   95   94   86                                   
    40.0-180.0 180.0   5.0 450.0                            LAT/LON1/LON2/DLON/H
   86   79   79   79   79   80   80   77   76   69   64   58   53   51   49   53
   58   69   80   91   99  104  106  108  110  117  119  125  126  130  131  138
  142  154  163  177  186  198  202  211  211  214  211  211  206  203  196  196
  189  189  182  178  168  166  159  160  157  159  158  158  156  154  148  142
  136  130  123  117  109   99   98   97   86                                   
    37.5-180.0 180.0   5.0 450.0                            LAT/LON1/LON2/DLON/H
   87   80   78   76   75   78   80   80   81   75   73   64   62   56   56   56
   65   72   86   94  103  105  107  107  110  115  120  126  129  132  135  141
  150  160  176  188  204  213  223  227  232  231  233  229  227  222  217  212
  207  201  195  188  178  173  167  168  166  168  167  168  166  164  158  152
  144  137  130  121  113  103  101   99   87                                   
    35.0-180.0 180.0   5.0 450.0                            LAT/LON1/LON2/DLON/H
   91   78   74   72   71   72   75   76   79   77   76   71   66   63   58   60
   62   74   85   99  106  109  108  110  112  120  124  132  133  139  140  150
  157  173  188  206  222  238  244  255  256  261  258  258  254  249  244  239
  230  226  216  209  199  192  188  185  184  182  179  178  175  171  164  157
  149  142  134  126  117  107  103  102   91                                   
    32.5-180.0 180.0   5.0 450.0                            LAT/LON1/LON2/DLON/H
   93   84   76   73   70   69   73   75   78   79   80   75   72   67   65   64
   69   78   92  103  111  112  112  111  116  122  131  137  142  146  152  160
  173  188  210  229  250  262  273  280  285  288  288  290  284  282  274  271
  263  258  251  242  234  226  220  215  211  205  199  193  188  181  172  161
  152  144  137  127  119  110  107  106   93                                   
    30.0-180.0 180.0   5.0 450.0                            LAT/LON1/LON2/DLON/H
   98   84   77   74   70   68   69   71   75   75   78   75   73   73   66   69
   68   81   91  108  114  117  114  117  120  131  138  149  151  160  161  176
  188  208  231  258  278  297  304  313  318  323  323  326  322  320  314  311
  305  302  298  293  287  275  266  256  247  233  220  207  196  184  172  160
  149  143  135  127  118  113  112  109   98                                   
    27.5-180.0 180.0   5.0 450.0                            LAT/LON1/LON2/DLON/H
  105   95   84   80   77   73   75   74   76   77   78   78   78   76   74   73
   76   85   99  112  122  123  123  122  129  138  148  158  164  171  178  191
  207  231  259  283  308  326  335  345  349  358  358  364  360  361  357  355
  352  349  349  345  340  327  312  295  279  262  243  224  208  190  176  160
  149  141  137  130  124  119  119  116  105                                   
    25.0-180.0 180.0   5.0 450.0                            LAT/LON1/LON2/DLON/H
  115  102   94   90   84   83   79   79   77   77   76   76   77   78   74   77
   75   88   96  115  122  126  124  127  132  145  153  168  171  185  189  209
  228  259  286  313  337  354  364  375  381  390  390  398  396  399  399  399
  395  394  394  392  387  373  359  338  317  292  265  240  216  194  174  157
  144  137  134  129  124  127  128  121  115                                   
    22.5-180.0 180.0   5.0 450.0                            LAT/LON1/LON2/DLON/H
  126  117  110  106  103   95   94   88   86   82   78   78   77   80   78   78
   81   88  102  116  127  130  132  132  139  150  160  176  183  198  208  230
  255  283  311  339  361  380  389  403  408  419  421  430  429  431  433  433
  435  434  438  436  430  415  398  375  351  321  290  259  233  204  183  161
  148  137  134  130  128  132  136  125  126                                   
    20.0-180.0 180.0   5.0 450.0                            LAT/LON1/LON2/DLON/H
  129  126  125  123  118  115  108  102   94   88   81   79   78   80   79   80
   80   88   98  115  123  131  131  136  141  155  165  183  192  211  223  251
  280  310  337  359  378  394  407  420  428  440  442  453  453  459  460  465
  466  474  478  475  466  446  426  399  374  341  311  279  248  218  193  171
  156  146  142  136  133  139  144  127  129                                   
    17.5-180.0 180.0   5.0 450.0                            LAT/LON1/LON2/DLON/H
  136  136  136  136  132  126  126  114  106   96   87   81   78   80   80   81
   85   89  104  115  129  133  137  139  147  160  172  193  204  228  244  274
  300  326  351  374  391  410  421  435  440  452  454  462  464  468  474  479
  487  494  498  494  480  459  434  408  381  349  319  287  259  231  208  185
  169  158  151  143  138  142  145  129  136                                   
    15.0-180.0 180.0   5.0 450.0                            LAT/LON1/LON2/DLON/H
  142  143  146  145  138  137  134  127  115  104   91   84   79   78   77   78
   79   87   99  113  121  133  133  141  149  165  179  200  215  240  260  293
  319  343  364  381  398  414  429  443  449  458  459  467  469  477  481  490
  498  504  506  500  485  463  439  414  386  357  328  298  270  244  225  204
  187  175  166  156  144  146  149  131  142                                   
    12.5-180.0 180.0   5.0 450.0                            LAT/LON1/LON2/DLON/H
  151  148  150  150  143  139  138  129  121  109   95   83   76   75   73   74
   81   86  102  113  128  132  141  145  157  173  188  213  230  257  279  306
  329  350  370  390  408  426  440  452  457  461  461  467  467  473  477  484
  490  494  494  486  474  454  431  411  384  356  327  298  273  253  236  218
  203  189  180  167  152  150  152  133  151                                   
    10.0-180.0 180.0   5.0 450.0                            LAT/LON1/LON2/DLON/H
  155  149  149  151  146  144  140  133  122  108   93   80   73   70   68   70
   72   81   94  110  120  133  137  151  164  185  200  225  244  272  295  321
  341  360  381  399  418  436  451  466  468  474  466  472  467  475  474  483
  484  488  485  477  463  444  424  404  379  355  326  299  274  254  240  225
  211  200  190  175  160  157  159  140  155                                   
     7.5-180.0 180.0   5.0 450.0                            LAT/LON1/LON2/DLON/H
  160  149  147  144  140  138  133  128  120  109   95   81   70   64   62   62
   68   75   94  110  126  135  147  158  175  196  214  242  259  287  306  329
