data/unet/pred2570.15i
     1.0            IONOSPHERE MAPS     GNSS                IONEX VERSION / TYPE
pyspatialgeodesy        IME             05-JAN-18 20:20     PGM / RUN BY / DATE 
Map Name                                                    COMMENT             
Predicted global ionosphere maps (GIM).                     DESCRIPTION         
  2015     9    14     0     0     0                        EPOCH OF FIRST MAP  
  2015     9    15     0     0     0                        EPOCH OF LAST MAP   
  7200                                                      INTERVAL            
    13                                                      # OF MAPS IN FILE   
  NONE                                                      MAPPING FUNCTION    
10.0                                                        ELEVATION CUTOFF    
One-way carrier phase leveled to code                       OBSERVABLES USED    
  6371.0                                                    BASE RADIUS         
 2                                                          MAP DIMENSION       
   450.0 450.0   0.0                                        HGT1 / HGT2 / DHGT  
    87.5 -87.5  -2.5                                        LAT1 / LAT2 / DLAT  
  -180.0 180.0   5.0                                        LON1 / LON2 / DLON  
    -1                                                      EXPONENT            
                                                            END OF HEADER       
[from data line 3003]
     8                                                      START OF TEC MAP    
  2015     9    14    14     0     0                        EPOCH OF CURRENT MAP
    87.5-180.0 180.0   5.0 450.0                            LAT/LON1/LON2/DLON/H
   89  102  108  107  105  107  106  109  108  111  111  114  113  116  115  117
  116  118  117  119  117  119  117  118  117  117  116  116  115  115  113  114
  112  112  110  110  108  108  106  107  105  107  105  106  104  106  104  106
  104  107  104  107  105  108  105  108  106  108  106  108  106  107  106  107
  105  106  105  106  104  107  114  108   89                                   
    85.0-180.0 180.0   5.0 450.0                            LAT/LON1/LON2/DLON/H
   88   98   93   92   93   94   96   97   99  101  103  104  107  108  110  110
  113  113  114  113  114  113  113  112  112  110  109  108  107  106  104  102
  100   98   96   93   92   89   88   86   87   85   86   85   87   86   88   87
   90   89   92   91   95   94   96   95   97   96   97   96   98   96   96   95
   95   94   95   93   95   94   96  102   88                                   
    82.5-180.0 180.0   5.0 450.0                            LAT/LON1/LON2/DLON/H
   89   83   82   83   83   84   86   88   92   94   98  101  105  107  110  113
  115  117  118  119  119  119  118  118  117  116  115  113  112  109  107  103
  100   96   91   87   83   79   76   73   72   70   70   70   72   72   74   76
   79   81   83   86   88   91   92   94   95   96   96   97   96   96   95   94
   92   91   89   88   84   83   82   81   89                                   
    80.0-180.0 180.0   5.0 450.0                            LAT/LON1/LON2/DLON/H
   76   67   66   69   69   73   74   79   81   87   88   94   95  102  103  110
  110  115  114  118  116  119  117  119  117  118  115  116  112  111  106  104
   98   95   89   85   79   75   69   67   63   62   61   62   63   64   67   70
   72   76   78   83   84   88   88   92   91   94   92   93   91   91   88   87
   84   83   79   77   72   70   65   69   76                                   
    77.5-180.0 180.0   5.0 450.0                            LAT/LON1/LON2/DLON/H
   65   54   54   53   54   58   61   66   68   75   78   84   87   92   96  101
  104  107  110  112  113  114  115  116  116  117  117  117  115  112  109  105
  101   95   90   83   77   71   65   61   57   55   55   55   57   58   62   64
   68   71   74   78   79   83   83   87   86   89   87   89   86   85   83   81
   78   74   71   66   63   57   54   54   65                                   
    75.0-180.0 180.0   5.0 450.0                            LAT/LON1/LON2/DLON/H
   60   43   46   45   47   49   53   57   61   66   70   76   80   87   90   96
   98  103  104  108  108  111  111  113  113  115  116  115  116  113  112  107
  104   98   93   86   80   73   68   62   58   55   55   54   57   57   62   63
   67   69   72   74   75   77   78   80   80   81   81   80   80   79   78   75
   73   69   66   62   59   53   51   49   60                                   
    72.5-180.0 180.0   5.0 450.0                            LAT/LON1/LON2/DLON/H
   58   44   44   42   45   46   51   54   57   62   66   73   77   85   86   94
   95  101  101  105  105  109  109  113  113  117  117  120  119  119  117  115
  110  106   99   94   85   80   73   69   64   63   61   62   62   63   65   67
   68   70   70   71   70   72   70   72   70   73   71   73   72   73   72   71
   69   67   64   61   57   51   49   44   58                                   
    70.0-180.0 180.0   5.0 450.0                            LAT/LON1/LON2/DLON/H
   56   40   44   43   43   45   48   50   55   58   63   68   74   79   83   88
   89   93   93   97   97  101  103  107  109  112  113  116  116  117  116  114
  111  107  102   97   91   85   78   75   70   69   68   68   69   69   71   71
   72   71   70   68   66   64   62   62   61   61   62   64   65   66   66   66
   65   63   61   58   55   51   50   44   56                                   
    67.5-180.0 180.0   5.0 450.0                            LAT/LON1/LON2/DLON/H
   55   45   46   43   45   45   49   50   54   57   61   68   72   79   81   86
   86   90   90   94   95  101  103  108  110  114  114  118  117  120  118  118
  115  112  107  103   97   92   86   84   80   80   78   79   78   79   78   78
   75   72   68   65   61   57   54   53   51   52   53   56   57   60   59   62
   59   60   57   57   53   50   49   43   55                                   
    65.0-180.0 180.0   5.0 450.0                            LAT/LON1/LON2/DLON/H
   54   41   45   44   44   44   47   47   51   54   59   65   70   76   79   82
   83   85   85   89   90   98  101  107  109  112  111  114  114  117  116  117
  114  112  108  104   99   95   90   88   86   85   85   86   86   85   84   81
   78   73   68   62   56   50   47   44   44   43   46   48   51   53   54   55
   55   55   54   52   51   48   48   42   54                                   
    62.5-180.0 180.0   5.0 450.0                            LAT/LON1/LON2/DLON/H
   49   43   42   42   42   42   44   44   48   50   57   63   69   76   78   83
   82   85   85   88   92   98  104  109  112  113  112  114  113  117  117  121
  117  117  111  109  103  100   96   95   92   94   92   94   92   93   88   87
   80   75   67   61   54   48   43   40   38   39   40   45   46   49   49   51
   48   50   47   49   45   43   44   37   49                                   
    60.0-180.0 180.0   5.0 450.0                            LAT/LON1/LON2/DLON/H
   44   33   35   35   37   36   38   38   42   44   51   57   64   71   74   79
   78   81   81   87   91   99  103  110  111  113  111  113  112  116  116  122
  119  119  112  110  104  100   98   97   97   97   98   98   99   97   94   90
   84   77   70   62   55   47   43   40   39   39   41   44   46   47   46   46
   45   43   42   41   40   37   40   31   44                                   
    57.5-180.0 180.0   5.0 450.0                            LAT/LON1/LON2/DLON/H
   35   33   31   31   30   31   31   33   36   40   46   53   62   69   74   78
   78   81   82   88   94  102  107  112  115  115  115  116  117  121  123  129
  127  128  121  119  111  108  105  106  104  106  105  108  105  105  101   98
   90   84   77   69   63   55   51   47   46   45   47   49   48   48   45   45
   41   40   38   38   35   32   34   22   35                                   
    55.0-180.0 180.0   5.0 450.0                            LAT/LON1/LON2/DLON/H
   34   25   24   25   25   24   26   26   30   34   40   47   56   63   68   74
   74   79   80   89   93  103  107  114  115  116  116  119  119  125  128  134
  133  134  126  122  114  111  109  109  109  109  110  110  110  109  106  102
   97   91   86   78   72   64   59   55   55   55   54   54   53   50   46   42
   38   36   35   32   32   28   32   18   34                                   
    52.5-180.0 180.0   5.0 450.0                            LAT/LON1/LON2/DLON/H
   29   30   25   25   23   24   24   25   28   32   39   46   55   61   68   73
   75   81   83   92   97  106  111  116  118  121  122  126  129  135  139  146
  144  145  136  133  123  121  117  119  117  119  118  120  117  117  114  113
  108  104   99   92   86   79   74   70   68   66   65   64   60   56   50   45
   40   37   35   34   31   29   31   15   29                                   
    50.0-180.0 180.0   5.0 450.0                            LAT/LON1/LON2/DLON/H
   37   30   27   27   26   25   25   25   28   32   37   44   51   58   63   70
   73   81   82   93   97  107  110  118  120  122  125  130  136  142  148  153
  152  150  141  136  129  126  125  125  125  125  125  124  124  122  122  119
  118  114  111  105  100   93   88   83   81   79   76   72   67   61   55   47
   42   38   38   37   37   33   36   19   37                                   
    47.5-180.0 180.0   5.0 450.0                            LAT/LON1/LON2/DLON/H
   40   43   36   35   32   33   32   32   33   37   41   48   54   61   66   74
   78   86   89   99  102  112  114  122  124  129  133  140  145  154  156  164
  159  159  148  145  138  137  135  137  136  136  134  135  134  133  132  132
  129  127  122  118  113  106  102   97   95   91   88   83   76   70   62   57
   50   47   45   46   43   41   42   25   40                                   
    45.0-180.0 180.0   5.0 450.0                            LAT/LON1/LON2/DLON/H
   51   47   43   43   41   41   40   38   39   42   45   50   55   62   67   76
   80   90   93  105  106  117  117  126  128  136  140  147  153  158  163  165
  163  161  155  151  147  146  145  146  145  143  141  139  141  138  139  136
  138  133  132  125  122  114  110  105  103  101   97   91   84   76   69   63
   59   56   55   55   55   50   51   37   51                                   
    42.5-180.0 180.0   5.0 450.0                            LAT/LON1/LON2/DLON/H
   56   60   54   53   49   50   48   48   49   51   54   59   62   69   75   84
   90   99  104  114  116  124  124  132  135  144  148  157  159  167  166  172
  169  170  165  162  160  158  159  158  157  154  152  150  149  148  147  146
  144  141  137  132  126  118  114  109  108  105  102   98   91   85   78   75
   70   69   66   66   62   60   57   45   56                                   
    40.0-180.0 180.0   5.0 450.0                            LAT/LON1/LON2/DLON/H
   63   61   58   58   55   55   53   53   54   58   61   66   69   77   81   91
   97  109  112  124  124  133  131  141  143  154  159  167  168  172  172  176
  178  180  180  177  179  176  178  175  173  166  164  158  160  156  157  153
  153  147  146  138  133  123  118  113  111  109  107  103   98   93   89   85
   83   80   79   75   74   66   64   55   63                                   
    37.5-180.0 180.0   5.0 450.0                            LAT/LON1/LON2/DLON/H
   65   67   62   61   57   57   56   57   60   65   70   75   80   87   92  102
  109  119  125  133  136  141  140  147  151  162  169  178  178  184  183  189
  194  200  202  203  204  201  201  197  192  184  180  176  175  172  171  167
  164  159  155  148  141  130  124  118  116  112  111  109  104  102   98   97
   92   91   86   84   76   72   68   59   65                                   
    35.0-180.0 180.0   5.0 450.0                            LAT/LON1/LON2/DLON/H
   67   63   59   58   56   56   55   55   59   66   72   80   85   94   97  109
  114  128  130  142  141  147  146  153  160  171  179  187  190  193  198  204
  216  224  231  232  234  231  229  222  217  207  201  194  195  189  189  181
  180  172  170  159  152  141  133  125  120  116  112  110  108  108  107  104
  103   99   96   88   84   75   71   64   67                                   
    32.5-180.0 180.0   5.0 450.0                            LAT/LON1/LON2/DLON/H
   66   63   59   58   53   54   54   54   59   67   76   85   94  101  108  116
  123  132  138  144  149  151  154  159  168  180  188  198  203  215  219  235
  247  263  272  275  274  270  264  256  246  234  228  224  221  218  213  208
  202  196  190  178  170  156  148  137  132  123  118  114  112  113  112  113
  109  108  101   95   85   78   74   67   66                                   
    30.0-180.0 180.0   5.0 450.0                            LAT/LON1/LON2/DLON/H
   70   60   56   56   51   51   49   50   53   63   72   85   95  107  111  123
  124  136  138  150  149  157  156  165  173  186  197  204  214  225  242  259
  284  301  315  317  311  310  301  294  282  271  264  258  256  249  246  236
  233  222  216  202  191  176  165  154  145  135  124  120  116  117  117  118
  118  113  108   99   93   83   80   72   70                                   
    27.5-180.0 180.0   5.0 450.0                            LAT/LON1/LON2/DLON/H
   75   67   59   58   51   51   47   50   52   63   73   87  101  112  120  129
  131  142  143  156  154  161  162  168  179  191  202  216  228  251  268  298
  322  347  360  363  354  349  338  332  320  314  305  303  296  293  284  279
  269  259  246  230  215  195  184  168  161  145  138  126  123  121  122  123
  122  120  113  106   97   93   89   79   75                                   
    25.0-180.0 180.0   5.0 450.0                            LAT/LON1/LON2/DLON/H
   85   74   65   62   55   51   47   47   49   60   70   86   99  116  121  134
  131  145  144  160  160  169  167  176  182  194  207  219  240  262  296  324
  361  381  392  394  379  379  364  365  355  354  350  348  343  337  329  322
  311  299  284  267  243  222  201  185  173  158  144  132  124  122  122  127
  127  128  122  114  109  103  100   91   85                                   
    22.5-180.0 180.0   5.0 450.0                            LAT/LON1/LON2/DLON/H
   97   90   77   73   61   59   50   52   50   60   68   87  100  118  125  136
  137  149  150  166  165  174  172  178  187  198  211  232  255  291  328  364
  398  417  425  419  407  401  389  389  385  390  388  390  383  378  366  360
  346  334  316  298  273  252  226  205  187  169  154  137  128  123  123  128
  128  133  128  125  117  115  112  104   97                                   
    20.0-180.0 180.0   5.0 450.0                            LAT/LON1/LON2/DLON/H
  111  100   89   82   72   68   60   55   53   58   67   83   96  116  123  137
  137  152  153  171  172  182  180  188  192  204  219  242  272  311  354  387
  422  436  438  435  419  418  408  413  409  414  417  417  414  408  398  390
  374  363  338  322  292  271  244  224  202  185  166  149  134  127  126  131
  133  139  138  135  130  126  120  114  111                                   
    17.5-180.0 180.0   5.0 450.0                            LAT/LON1/LON2/DLON/H
  119  114  101   94   82   76   67   63   57   60   65   80   92  115  124  141
  144  160  165  182  182  193  190  201  201  218  232  263  297  339  381  415
  443  456  455  448  437  433  428  430  431  436  437  440  435  433  422  412
  392  376  354  334  306  283  256  236  216  197  179  161  145  134  132  132
  135  143  142  142  135  131  126  122  119                                   
    15.0-180.0 180.0   5.0 450.0                            LAT/LON1/LON2/DLON/H
  123  115  105  100   90   83   73   67   62   60   65   74   88  108  122  140
  143  155  156  176  184  204  204  216  218  236  253  283  317  361  400  429
  453  464  463  459  447  446  439  445  446  452  454  456  451  447  435  422
  398  386  359  344  314  292  263  246  226  211  189  174  158  148  140  139
  143  148  150  147  141  133  126  118  123                                   
    12.5-180.0 180.0   5.0 450.0                            LAT/LON1/LON2/DLON/H
  125  117  107  101   90   83   74   70   63   64   65   78   85  111  123  150
  151  164  165  183  185  212  214  233  233  256  273  309  341  382  410  439
  456  472  469  469  459  456  451  456  458  464  463  465  460  455  438  424
  399  382  358  343  316  295  267  253  236  219  199  183  170  160  150  148
  149  155  154  151  142  134  126  114  125                                   
    10.0-180.0 180.0   5.0 450.0                            LAT/LON1/LON2/DLON/H
  120  110  101   98   86   82   72   69   63   64   66   75   84  107  126  147
  151  162  158  177  182  207  219  247  254  282  300  336  364  397  418  435
  450  459  464  461  459  453  454  457  460  464  463  464  456  450  429  415
  389  377  352  339  311  292  267  258  241  227  205  191  176  168  158  156
  155  158  156  150  141  133  123  108  120                                   
     7.5-180.0 180.0   5.0 450.0                            LAT/LON1/LON2/DLON/H
  111  107   98   91   81   72   67   64   62   65   66   78   88  113  133  158
  163  178  171  199  194  223  228  263  273  305  325  360  381  409  420  437
