data/unet/pred0770.15i
     1.0            IONOSPHERE MAPS     GNSS                IONEX VERSION / TYPE
pyspatialgeodesy        IME             05-JAN-18 20:20     PGM / RUN BY / DATE 
Map Name                                                    COMMENT             
Predicted global ionosphere maps (GIM).                     DESCRIPTION         
  2015     3    18     0     0     0                        EPOCH OF FIRST MAP  
  2015     3    19     0     0     0                        EPOCH OF LAST MAP   
  7200                                                      INTERVAL            
    13                                                      # OF MAPS IN FILE   
  NONE                                                      MAPPING FUNCTION    
10.0                                                        ELEVATION CUTOFF    
One-way carrier phase leveled to code                       OBSERVABLES USED    
  6371.0                                                    BASE RADIUS         
 2                                                          MAP DIMENSION       
   450.0 450.0   0.0                                        HGT1 / HGT2 / DHGT  
    87.5 -87.5  -2.5                                        LAT1 / LAT2 / DLAT  
  -180.0 180.0   5.0                                        LON1 / LON2 / DLON  
    -1                                                      EXPONENT            
                                                            END OF HEADER       
[from data line 2145]
     6                                                      START OF TEC MAP    
  2015     3    18    10     0     0                        EPOCH OF CURRENT MAP
    87.5-180.0 180.0   5.0 450.0                            LAT/LON1/LON2/DLON/H
   82  107  104  105   98  100   97  101  101  106  108  111  113  116  117  118
  120  120  121  121  121  121  120  119  118  118  117  117  116  116  114  115
  113  114  112  113  112  114  111  114  111  114  111  115  113  116  114  117
  115  117  115  116  116  116  115  116  115  116  114  114  111  111  108  107
  104  106  103  107  107  102   91   79   82                                   
    85.0-180.0 180.0   5.0 450.0                            LAT/LON1/LON2/DLON/H
   95   94   95   93   94   94  102  104  111  113  119  122  126  128  131  132
  135  135  134  135  134  134  133  133  134  134  134  134  135  132  134  129
  131  125  127  122  123  119  121  116  118  114  116  113  116  112  113  110
  110  106  105  104  102  101  100   99   98   96   97   94   94   92   91   91
   88   90   88   89   91   91   94   98   95                                   
    82.5-180.0 180.0   5.0 450.0                            LAT/LON1/LON2/DLON/H
   86   90   91   94   91   93  100  107  114  118  125  128  132  132  134  133
  136  134  133  131  132  131  130  130  132  133  135  136  138  138  139  137
  137  134  134  132  132  130  130  128  128  125  127  125  127  124  125  121
  121  116  115  110  110  105  104  102  100   99   96   97   92   94   89   91
   85   87   82   84   86   89   90   97   86                                   
    80.0-180.0 180.0   5.0 450.0                            LAT/LON1/LON2/DLON/H
   76   86   83   80   81   85   92  100  106  111  117  122  125  126  126  127
  127  126  122  121  120  118  118  118  120  121  124  126  129  128  133  131
  135  131  137  132  138  132  139  132  138  131  138  132  139  131  136  127
  131  121  123  116  118  111  113  109  109  105  104  102  100   97   93   91
   84   83   77   79   79   77   81   94   76                                   
    77.5-180.0 180.0   5.0 450.0                            LAT/LON1/LON2/DLON/H
   74   71   72   74   73   79   86   94  100  106  112  117  119  119  120  118
  118  116  114  110  109  105  105  103  105  104  109  110  115  116  122  122
  127  127  133  133  139  138  144  142  148  146  153  149  156  150  154  146
  149  139  141  132  135  127  131  123  126  120  124  119  120  114  111  104
   96   90   83   79   81   79   79   86   74                                   
    75.0-180.0 180.0   5.0 450.0                            LAT/LON1/LON2/DLON/H
   68   72   69   69   71   74   83   87   95   96  103  105  107  105  105  103
  101   98   94   92   88   86   85   83   85   84   90   92   98  101  109  112
  118  123  130  135  142  145  152  154  160  162  168  171  173  172  171  169
  165  162  159  157  154  153  151  149  146  147  145  146  140  139  132  128
  116  109   94   90   86   80   79   90   68                                   
    72.5-180.0 180.0   5.0 450.0                            LAT/LON1/LON2/DLON/H
   72   63   65   70   71   76   81   88   91   95   98  101  102  101  100   98
   95   91   87   83   80   76   75   73   74   74   79   81   88   93  101  108
  115  123  132  139  148  155  163  169  176  181  189  192  199  196  198  190
  192  182  183  175  178  173  175  170  172  169  170  166  163  155  149  140
  129  118  106   97   92   87   83   94   72                                   
    70.0-180.0 180.0   5.0 450.0                            LAT/LON1/LON2/DLON/H
   72   71   69   71   74   80   85   89   93   93   95   96   96   94   91   91
   86   84   79   76   73   71   70   68   69   69   73   78   83   91   98  108
  116  127  135  145  156  164  176  184  195  201  209  213  219  217  217  213
  211  206  200  196  195  194  192  191  189  188  183  180  171  165  155  147
  134  123  110  103   96   87   83   98   72                                   
    67.5-180.0 180.0   5.0 450.0                            LAT/LON1/LON2/DLON/H
   77   64   67   72   76   81   86   91   94   95   97   98   96   94   91   89
   85   82   77   73   71   67   69   65   68   67   72   74   83   88   99  107
  118  129  140  151  162  174  186  197  208  217  225  231  237  234  234  226
  225  217  213  206  208  204  206  200  202  196  191  182  171  160  150  138
  127  116  104   94   92   86   83   97   77                                   
    65.0-180.0 180.0   5.0 450.0                            LAT/LON1/LON2/DLON/H
   76   71   69   72   74   80   85   92   91   94   94   97   95   95   92   91
   87   83   81   76   77   72   75   71   72   70   73   75   81   88   98  110
  122  135  148  161  174  186  200  210  224  231  241  246  252  250  248  241
  238  232  224  221  216  217  212  212  204  200  188  180  163  152  136  127
  114  105   94   87   82   80   77   94   76                                   
    62.5-180.0 180.0   5.0 450.0                            LAT/LON1/LON2/DLON/H
   76   62   64   68   71   73   80   85   89   89   95   94   94   92   92   89
   87   82   81   76   78   73   75   71   72   68   72   71   80   86   98  110
  125  141  156  169  185  196  210  220  233  242  250  258  264  265  260  256
  251  245  238  229  228  221  221  211  209  196  189  172  157  140  126  113
  102   92   83   76   73   73   73   87   76                                   
    60.0-180.0 180.0   5.0 450.0                            LAT/LON1/LON2/DLON/H
   70   66   60   62   59   64   66   75   74   80   81   85   85   87   86   87
   85   83   83   79   81   76   79   73   74   69   72   72   80   86  103  115
  137  150  168  180  198  206  222  228  244  250  262  268  278  279  276  272
  266  261  251  245  237  235  229  222  214  203  191  175  158  141  123  109
   97   88   81   74   69   69   68   82   70                                   
    57.5-180.0 180.0   5.0 450.0                            LAT/LON1/LON2/DLON/H
   71   58   58   56   54   57   59   62   66   68   77   75   80   77   81   79
   81   77   79   75   76   73   73   68   68   62   65   64   74   83  101  119
  141  159  176  190  208  219  231  241  254  264  277  285  296  298  294  288
  282  275  265  254  249  242  239  229  225  212  202  185  169  152  135  119
  104   95   85   79   72   74   72   83   71                                   
    55.0-180.0 180.0   5.0 450.0                            LAT/LON1/LON2/DLON/H
   73   69   58   56   46   51   48   57   53   61   60   66   65   68   69   74
   73   74   75   73   75   71   74   68   70   64   69   66   80   86  111  126
  151  163  184  196  217  224  242  249  267  275  291  299  310  314  312  307
  298  291  279  269  262  256  253  244  239  226  217  200  187  168  154  135
  119  107   98   88   82   81   82   87   73                                   
    52.5-180.0 180.0   5.0 450.0                            LAT/LON1/LON2/DLON/H
   82   69   66   57   49   46   45   48   49   51   55   55   58   57   62   63
   66   66   69   66   69   66   66   64   64   61   63   64   78   88  113  131
  158  170  192  199  219  232  246  261  274  290  302  317  326  334  331  326
  316  309  295  285  277  272  269  261  257  247  239  227  213  198  179  164
  147  133  118  109   99   98   96   99   82                                   
    50.0-180.0 180.0   5.0 450.0                            LAT/LON1/LON2/DLON/H
   94   90   75   64   50   50   41   49   42   50   45   50   46   50   51   57
   57   61   63   61   66   62   68   64   70   64   71   69   86   96  125  141
  173  183  205  212  236  246  266  276  296  309  321  337  348  356  353  349
  339  329  313  303  295  290  286  279  276  266  259  247  238  222  207  188
  171  154  141  129  120  114  113  110   94                                   
    47.5-180.0 180.0   5.0 450.0                            LAT/LON1/LON2/DLON/H
  109   96   87   77   64   56   50   51   46   49   46   47   45   46   49   53
   53   56   58   56   60   58   63   61   68   65   74   77   95  113  139  164
  183  198  210  222  236  262  267  301  302  335  334  363  365  380  373  373
  361  350  333  320  309  303  297  290  288  281  275  267  255  244  224  209
  186  175  159  150  139  131  127  120  109                                   
    45.0-180.0 180.0   5.0 450.0                            LAT/LON1/LON2/DLON/H
  118  113   99   89   73   68   56   61   50   55   47   51   44   47   49   53
   54   55   58   55   59   59   66   66   76   75   88   94  117  129  163  179
  202  209  231  236  257  273  290  313  325  352  358  379  388  394  391  386
  377  363  345  329  316  306  299  290  286  279  275  265  259  241  228  209
  193  179  165  155  144  136  133  127  118                                   
    42.5-180.0 180.0   5.0 450.0                            LAT/LON1/LON2/DLON/H
  127  110  104   98   86   78   67   66   58   59   54   56   52   55   56   59
   59   59   60   58   61   61   68   67   77   82   94  110  127  156  180  199
  219  229  245  269  268  305  304  342  336  378  373  404  399  412  399  400
  386  377  356  339  323  310  299  288  281  272  265  258  248  235  216  201
  182  172  158  150  139  132  131  125  127                                   
    40.0-180.0 180.0   5.0 450.0                            LAT/LON1/LON2/DLON/H
  122  115  109  103   94   90   78   78   69   71   64   67   63   65   66   69
   70   69   70   66   70   69   75   76   85   88  104  118  146  163  187  203
  219  237  249  268  277  310  319  356  357  394  395  424  423  428  417  412
  401  385  367  347  331  316  304  287  279  262  255  240  232  215  202  183
  172  160  150  140  131  124  123  121  122                                   
    37.5-180.0 180.0   5.0 450.0                            LAT/LON1/LON2/DLON/H
  113  101  101  104   97   95   85   83   76   78   73   77   74   78   81   84
   85   85   84   82   83   83   86   85   89   98  107  131  153  178  193  212
  226  248  259  285  299  336  349  396  394  428  423  450  446  451  436  433
  422  411  392  376  362  345  329  308  295  275  263  246  232  214  198  181
  169  158  150  135  123  113  112  111  113                                   
    35.0-180.0 180.0   5.0 450.0                            LAT/LON1/LON2/DLON/H
   96   97   95   97   95   97   90   90   84   87   86   89   91   94   99  100
  103   99  102   97   99   96   94   90   92   97  111  128  153  168  192  208
  232  240  268  283  318  350  375  414  429  457  461  484  483  486  471  470
  462  454  437  425  414  400  385  363  343  315  294  270  256  233  218  198
  192  178  171  152  135  114  111  106   96                                   
    32.5-180.0 180.0   5.0 450.0                            LAT/LON1/LON2/DLON/H
   85   86   81   88   89   92   87   88   84   88   89   94  100  103  110  112
  114  113  114  112  112  109  102   97   96  102  115  131  157  178  199  224
  246  266  289  318  357  394  429  462  483  509  513  530  528  530  519  521
  519  517  514  505  505  489  480  450  433  396  371  338  314  283  265  244
  235  218  206  180  158  131  122  103   85                                   
    30.0-180.0 180.0   5.0 450.0                            LAT/LON1/LON2/DLON/H
   82   89   82   79   80   83   82   85   84   86   95  101  112  114  123  122
  127  122  124  120  120  115  111  104  102  105  120  138  165  183  217  239
  268  288  313  343  378  413  451  486  515  543  560  582  582  585  575  584
  590  598  595  600  597  598  591  582  563  527  492  441  408  361  327  302
  292  280  262  235  207  176  156  130   82                                   
    27.5-180.0 180.0   5.0 450.0                            LAT/LON1/LON2/DLON/H
  101  105   86   86   84   86   81   79   79   82   90  102  114  120  125  126
  125  123  123  122  120  118  113  107  105  111  129  149  177  201  232  259
  285  302  329  367  408  451  488  523  548  580  600  625  629  632  633  644
  660  666  669  678  696  710  720  709  693  658  628  585  547  488  432  377
  361  340  325  289  261  222  197  159  101                                   
    25.0-180.0 180.0   5.0 450.0                            LAT/LON1/LON2/DLON/H
  146  141  116  106   99   93   91   85   84   82   93   99  116  119  128  123
  126  116  119  113  117  114  117  110  114  120  138  162  193  216  254  278
  306  323  359  391  439  472  514  542  572  604  634  661  666  674  675  693
  713  732  739  763  789  813  825  825  808  777  743  704  668  602  549  506
  476  435  404  358  320  284  245  213  146                                   
    22.5-180.0 180.0   5.0 450.0                            LAT/LON1/LON2/DLON/H
  205  177  155  137  127  120  108   99   93   89   92   97  107  113  116  116
  115  111  110  107  108  111  112  115  120  133  152  176  207  233  263  289
  318  347  381  431  470  509  536  562  586  620  650  682  693  703  712  733
  757  775  794  818  847  877  895  900  895  871  844  807  759  702  654  596
  556  525  492  443  405  347  314  281  205                                   
    20.0-180.0 180.0   5.0 450.0                            LAT/LON1/LON2/DLON/H
  270  232  204  171  154  142  133  119  114  102  108  100  114  104  115  104
  112  100  107  100  108  105  118  116  133  144  165  186  217  239  278  302
  339  370  416  459  498  528  560  582  604  633  666  693  710  724  732  755
  777  799  815  838  868  892  908  914  914  899  884  860  827  764  708  661
  616  580  543  508  479  437  393  363  270                                   
    17.5-180.0 180.0   5.0 450.0                            LAT/LON1/LON2/DLON/H
  329  285  259  224  196  181  163  150  138  126  117  115  114  109  104  102
  100  100   97  100   97  106  113  124  134  149  167  196  228  255  289  313
  354  390  435  477  516  546  571  593  615  640  663  693  711  732  740  757
  774  788  802  817  842  861  883  886  888  880  879  864  839  783  731  679
  641  604  573  544  519  499  473  437  329                                   
    15.0-180.0 180.0   5.0 450.0                            LAT/LON1/LON2/DLON/H
  376  343  310  267  238  212  188  175  165  144  139  122  121  106  111  100
  111   99  104   98  101  102  114  120  135  145  172  200  240  266  300  322
  362  393  441  481  518  550  583  603  625  645  665  688  706  724  733  744
  750  762  761  769  782  789  800  806  811  808  815  807  792  751  706  658
  620  590  570  551  530  522  514  477  376                                   
    12.5-180.0 180.0   5.0 450.0                            LAT/LON1/LON2/DLON/H
  414  390  360  319  285  256  229  216  194  172  158  143  129  116  106  105
   99   97   91   90   89   95  101  115  127  146  173  204  243  273  301  324
  358  395  440  481  515  551  581  608  630  647  661  684  699  721  725  730
  731  727  718  710  711  708  715  723  731  732  742  747  735  703  663  617
  579  551  534  524  526  525  534  501  414                                   
    10.0-180.0 180.0   5.0 450.0                            LAT/LON1/LON2/DLON/H
  425  419  387  352  322  287  260  239  219  195  177  151  141  117  107  101
   98   91   89   87   87   89   99  106  125  145  184  211  248  275  302  328
  355  396  432  474  503  544  577  605  629  643  656  678  697  715  717  717
  714  706  683  671  657  650  643  645  651  666  685  696  686  657  608  557
  512  489  475  474  484  499  524  495  425                                   
     7.5-180.0 180.0   5.0 450.0                            LAT/LON1/LON2/DLON/H
  439  436  409  377  349  314  293  265  245  222  201  176  159  134  119  107
  104   98   93   90   92   93   96  111  126  156  187  222  255  281  303  331
