data/unet/pred3600.15i
     1.0            IONOSPHERE MAPS     GNSS                IONEX VERSION / TYPE
pyspatialgeodesy        IME             05-JAN-18 20:20     PGM / RUN BY / DATE 
Map Name                                                    COMMENT             
Predicted global ionosphere maps (GIM).                     DESCRIPTION         
  2015    12    26     0     0     0                        EPOCH OF FIRST MAP  
  2015    12    27     0     0     0                        EPOCH OF LAST MAP   
  7200                                                      INTERVAL            
    13                                                      # OF MAPS IN FILE   
  NONE                                                      MAPPING FUNCTION    
10.0                                                        ELEVATION CUTOFF    
One-way carrier phase leveled to code                       OBSERVABLES USED    
  6371.0                                                    BASE RADIUS         
 2                                                          MAP DIMENSION       
   450.0 450.0   0.0                                        HGT1 / HGT2 / DHGT  
    87.5 -87.5  -2.5                                        LAT1 / LAT2 / DLAT  
  -180.0 180.0   5.0                                        LON1 / LON2 / DLON  
    -1                                                      EXPONENT            
                                                            END OF HEADER       
[from data line 429]
     2                                                      START OF TEC MAP    
  2015    12    26     2     0     0                        EPOCH OF CURRENT MAP
    87.5-180.0 180.0   5.0 450.0                            LAT/LON1/LON2/DLON/H
   83   69   63   55   53   49   50   48   49   46   47   44   44   42   41   39
   40   37   38   35   38   34   36   32   35   31   34   30   33   29   32   29
   33   30   34   31   35   33   37   35   40   38   42   40   45   43   47   46
   49   49   51   50   52   51   53   52   53   52   53   52   53   52   53   52
   53   52   54   53   60   55   65   74   83                                   
    85.0-180.0 180.0   5.0 450.0                            LAT/LON1/LON2/DLON/H
   72   78   55   58   54   50   50   48   48   46   46   43   43   41   40   38
   37   35   33   31   30   28   26   25   23   22   20   20   19   19   18   19
   19   20   21   22   24   25   27   29   31   33   35   37   39   40   43   44
   45   46   48   48   49   49   50   50   50   50   51   50   51   50   52   51
   52   51   53   53   55   49   58   77   72                                   
    82.5-180.0 180.0   5.0 450.0                            LAT/LON1/LON2/DLON/H
   73   69   64   61   60   53   56   52   55   49   52   47   49   44   45   41
   41   37   36   34   31   29   26   25   21   21   18   20   17   20   17   21
   18   22   21   26   25   29   30   34   35   38   40   44   45   48   49   52
   53   53   55   55   55   54   55   54   55   53   54   53   55   53   56   55
   58   56   61   58   61   54   70   81   73                                   
    80.0-180.0 180.0   5.0 450.0                            LAT/LON1/LON2/DLON/H
   75   69   61   61   60   55   56   54   55   52   54   51   53   50   51   47
   48   43   43   38   37   30   29   23   23   17   18   14   16   12   15   13
   18   15   21   20   26   25   31   31   37   36   43   43   49   47   53   51
   56   52   56   52   55   50   53   48   51   46   50   46   51   47   53   50
   56   53   60   58   61   54   63   78   75                                   
    77.5-180.0 180.0   5.0 450.0                            LAT/LON1/LON2/DLON/H
   70   69   61   66   58   60   55   59   54   58   54   58   56   59   56   59
   55   56   51   51   44   43   35   34   26   27   21   23   18   22   19   24
   21   26   25   31   29   35   33   40   38   44   44   51   48   54   52   57
   53   56   52   54   48   49   44   45   40   42   39   43   40   46   44   51
   49   56   56   62   60   58   68   81   70                                   
    75.0-180.0 180.0   5.0 450.0                            LAT/LON1/LON2/DLON/H
   72   68   63   65   62   59   57   57   56   57   57   59   60   63   63   65
   65   65   63   60   55   51   45   40   35   31   28   27   26   27   27   29
   30   33   34   37   37   39   39   41   42   44   47   50   51   53   54   54
   53   52   50   47   43   40   38   35   33   32   33   34   36   38   43   46
   50   54   60   63   66   62   70   84   72                                   
    72.5-180.0 180.0   5.0 450.0                            LAT/LON1/LON2/DLON/H
   74   75   69   69   63   62   57   58   54   56   54   58   58   63   63   68
   67   70   67   66   60   56   49   45   38   37   33   34   31   34   35   38
   38   40   42   43   42   43   43   43   43   45   47   49   49   52   51   52
   48   47   43   41   35   33   30   29   26   28   28   31   33   37   42   47
   51   57   64   68   72   69   79   89   74                                   
    70.0-180.0 180.0   5.0 450.0                            LAT/LON1/LON2/DLON/H
   83   81   73   74   68   63   60   57   55   54   54   55   58   60   64   66
   70   70   70   67   64   57   53   46   44   40   40   39   42   42   46   46
   49   49   51   50   49   47   46   44   44   44   46   46   47   48   48   46
   44   40   38   33   31   27   27   24   26   26   31   32   38   41   49   53
   61   66   74   79   83   81   87   97   83                                   
    67.5-180.0 180.0   5.0 450.0                            LAT/LON1/LON2/DLON/H
   93   91   85   83   73   70   62   61   54   55   49   53   51   56   56   62
   62   66   64   64   58   55   48   46   42   42   40   42   43   46   47   51
   51   52   52   51   48   47   44   42   39   40   40   42   41   44   42   43
   38   36   32   31   28   28   28   29   30   33   38   43   49   54   62   67
   74   80   88   92   96   94  101  105   93                                   
    65.0-180.0 180.0   5.0 450.0                            LAT/LON1/LON2/DLON/H
  106   99   92   93   84   77   70   65   59   55   51   50   50   51   53   56
   58   59   59   57   54   49   46   42   42   40   42   42   45   46   50   49
   52   50   52   49   47   44   41   38   37   36   37   38   40   40   40   38
   36   32   31   29   30   30   34   35   41   45   53   57   66   71   80   84
   93   97  105  110  112  110  110  111  106                                   
    62.5-180.0 180.0   5.0 450.0                            LAT/LON1/LON2/DLON/H
  115  109  103  100   89   84   74   70   59   57   47   48   42   45   43   48
   48   51   49   50   45   43   39   38   36   37   37   39   39   41   42   42
   42   42   41   40   37   36   32   31   28   30   30   34   34   36   35   35
   31   30   29   29   31   35   39   44   51   58   66   73   81   88   95  101
  108  111  117  120  123  121  124  118  115                                   
    60.0-180.0 180.0   5.0 450.0                            LAT/LON1/LON2/DLON/H
  122  114  108  108   99   92   83   76   68   59   52   47   43   41   41   42
   45   45   45   44   42   37   36   33   34   32   35   35   37   36   38   36
   37   34   36   33   34   31   30   28   28   29   31   34   36   36   35   33
   31   29   29   31   35   41   48   56   65   74   82   91   98  106  112  117
  122  125  129  132  132  130  129  124  122                                   
    57.5-180.0 180.0   5.0 450.0                            LAT/LON1/LON2/DLON/H
  131  123  118  115  105   99   88   83   70   64   51   48   40   41   36   40
   39   42   39   40   36   35   32   32   31   31   32   32   32   31   30   28
   27   26   27   27   26   26   26   26   27   28   31   34   35   35   34   32
   29   28   29   33   38   47   55   66   75   85   94  102  110  115  120  122
  128  129  134  137  139  137  139  129  131                                   
    55.0-180.0 180.0   5.0 450.0                            LAT/LON1/LON2/DLON/H
  140  131  126  126  118  109  100   90   80   68   58   50   44   41   39   39
   41   40   40   38   37   34   34   31   34   32   35   34   34   31   31   26
   27   25   28   28   30   30   31   32   33   36   38   40   40   40   38   36
   32   32   32   38   45   56   67   78   88   99  107  115  121  127  130  132
  136  138  142  144  146  146  144  139  140                                   
    52.5-180.0 180.0   5.0 450.0                            LAT/LON1/LON2/DLON/H
  152  145  140  136  127  121  110  101   87   77   63   56   46   45   40   41
   40   41   39   39   36   37   35   36   36   37   38   38   37   35   33   30
   28   28   30   32   34   36   37   38   39   40   43   44   44   44   41   39
   35   35   34   42   50   63   74   86   97  106  114  120  128  131  135  135
  139  139  145  148  152  154  155  147  152                                   
    50.0-180.0 180.0   5.0 450.0                            LAT/LON1/LON2/DLON/H
  161  155  150  151  143  135  125  113  100   86   72   62   54   48   46   44
   44   41   41   39   40   38   40   39   42   42   45   44   45   42   41   36
   36   36   40   41   45   46   48   48   49   50   52   52   52   51   49   46
   43   41   43   50   61   73   85   98  107  115  121  127  135  138  142  142
  145  146  149  154  157  161  162  156  161                                   
    47.5-180.0 180.0   5.0 450.0                            LAT/LON1/LON2/DLON/H
  173  171  167  164  155  149  138  127  111   98   81   70   59   55   49   48
   44   43   40   41   39   42   42   45   46   48   50   51   50   49   47   45
   43   45   47   51   54   55   56   55   55   55   57   57   58   57   55   53
   49   49   50   59   69   83   95  107  115  121  127  132  141  144  149  149
  152  151  157  160  165  168  169  162  173                                   
    45.0-180.0 180.0   5.0 450.0                            LAT/LON1/LON2/DLON/H
  180  177  172  174  167  161  151  140  124  109   91   78   69   61   57   51
   49   43   42   40   43   44   48   48   52   53   55   56   57   56   54   51
   51   52   56   59   63   64   64   62   63   63   65   65   67   66   65   61
   61   59   62   68   80   92  105  115  121  127  133  139  147  152  157  155
  157  157  160  165  167  172  175  166  180                                   
    42.5-180.0 180.0   5.0 450.0                            LAT/LON1/LON2/DLON/H
  187  185  181  179  173  168  159  149  133  119  100   89   75   69   59   56
   48   46   41   43   43   48   50   53   53   55   55   57   57   57   56   54
   53   55   59   63   66   67   66   65   65   66   68   70   71   71   70   69
   67   68   69   77   88  101  112  120  127  130  137  142  155  159  165  162
  164  161  165  165  169  171  175  169  187                                   
    40.0-180.0 180.0   5.0 450.0                            LAT/LON1/LON2/DLON/H
  185  180  173  177  171  168  159  151  137  124  108   96   85   76   69   61
   55   49   47   46   51   54   58   58   58   57   57   57   57   56   55   52
   52   53   59   64   68   69   69   68   69   71   75   75   78   77   79   77
   78   77   80   85   97  109  120  127  133  137  142  151  163  170  174  171
  171  167  167  167  167  171  175  164  185                                   
    37.5-180.0 180.0   5.0 450.0                            LAT/LON1/LON2/DLON/H
  185  177  168  166  160  157  152  145  134  124  110  101   90   84   74   69
   61   58   54   57   58   64   64   65   61   59   56   55   54   53   51   48
   47   50   55   61   66   68   68   67   70   74   79   80   82   82   83   82
   83   84   86   93  106  117  127  134  140  143  150  161  174  179  185  181
  180  176  177  171  171  171  175  165  185                                   
    35.0-180.0 180.0   5.0 450.0                            LAT/LON1/LON2/DLON/H
  181  171  157  156  149  147  140  137  127  121  111  105   97   91   84   78
   72   68   67   67   71   73   74   71   67   62   58   54   54   51   50   46
   46   48   55   62   67   70   70   71   74   80   85   86   87   87   87   86
   87   88   92   99  114  127  136  145  149  156  162  174  186  193  196  194
  191  186  186  181  178  178  181  166  181                                   
    32.5-180.0 180.0   5.0 450.0                            LAT/LON1/LON2/DLON/H
  186  171  156  147  138  133  128  123  116  111  105  102   97   94   89   86
   82   81   79   82   82   85   82   79   72   67   61   57   55   54   52   50
   48   51   57   65   71   72   73   73   77   84   89   91   91   89   89   88
   90   91   97  105  122  135  148  157  165  172  179  189  199  203  208  205
  205  200  201  196  195  193  195  180  186                                   
    30.0-180.0 180.0   5.0 450.0                            LAT/LON1/LON2/DLON/H
  201  187  164  153  141  133  125  120  113  108  103  101   99   97   95   94
   93   92   92   93   93   93   91   87   82   77   72   68   68   65   65   64
   63   65   68   76   78   81   78   79   82   88   93   93   93   90   87   87
   90   91  100  112  130  149  163  177  186  195  203  211  220  225  229  228
  227  224  224  220  221  219  221  203  201                                   
    27.5-180.0 180.0   5.0 450.0                            LAT/LON1/LON2/DLON/H
  233  217  194  174  158  145  134  124  114  107  103   98   97   96   96   97
   97   99   98   99   97   97   95   95   91   89   86   85   85   86   88   87
   86   86   88   90   91   88   85   82   85   89   93   92   90   86   83   83
   87   91  103  116  138  158  178  193  207  216  222  229  239  244  253  255
  257  256  259  257  262  255  257  243  233                                   
    25.0-180.0 180.0   5.0 450.0                            LAT/LON1/LON2/DLON/H
  275  259  233  210  189  171  157  141  128  116  109  102   99   97   97   98
   99   99   98   96   94   94   95   98  100  103  104  106  110  114  117  118
  115  114  110  109  104  100   90   88   86   90   91   89   84   79   76   77
   83   90  104  123  149  174  193  212  229  241  250  252  257  267  275  285
  294  297  303  300  305  302  303  292  275                                   
    22.5-180.0 180.0   5.0 450.0                            LAT/LON1/LON2/DLON/H
  324  318  296  265  238  213  193  171  153  136  123  111  103   98   95   94
   93   92   88   86   84   86   92  101  110  117  123  128  135  141  145  146
  142  136  127  120  112  102   93   84   84   83   86   81   78   72   71   72
   82   91  109  131  160  185  208  228  250  264  272  275  283  290  304  315
  328  336  344  348  360  354  352  345  324                                   
    20.0-180.0 180.0   5.0 450.0                            LAT/LON1/LON2/DLON/H
  389  384  372  338  304  266  234  207  182  162  143  125  112  103   96   93
   89   84   78   76   74   81   90  106  119  132  140  148  156  164  170  170
  163  152  137  125  112  101   88   84   78   78   78   73   69   64   63   67
   79   93  117  144  175  199  222  245  269  287  297  304  311  322  331  347
  363  373  384  390  405  411  411  400  389                                   
    17.5-180.0 180.0   5.0 450.0                            LAT/LON1/LON2/DLON/H
  447  459  447  419  385  341  295  255  224  196  174  149  131  115  105   96
   88   78   71   67   70   79   96  114  134  148  160  166  172  179  184  182
  171  155  138  122  108   92   84   76   77   74   75   66   65   59   61   66
   80   97  123  154  186  214  238  264  292  312  326  335  344  350  363  375
  392  406  415  426  442  452  455  452  447                                   
    15.0-180.0 180.0   5.0 450.0                            LAT/LON1/LON2/DLON/H
  502  517  509  485  458  414  364  313  267  230  202  177  154  133  117  104
   94   82   74   72   77   90  107  128  147  162  172  177  181  185  187  182
  167  149  131  112   97   87   77   73   70   71   70   64   60   56   58   65
   81  102  131  166  199  225  251  276  307  329  348  358  368  374  388  401
  418  428  443  450  468  482  492  490  502                                   
    12.5-180.0 180.0   5.0 450.0                            LAT/LON1/LON2/DLON/H
  517  538  527  512  494  458  415  365  314  272  238  210  190  165  147  128
  115  101   96   95  104  116  135  152  170  182  188  189  188  188  185  175
  160  141  125  107   97   85   81   75   77   71   73   63   62   55   61   68
   84  105  136  170  204  233  258  288  317  342  359  371  382  390  407  417
  433  441  454  463  477  493  509  512  517                                   
    10.0-180.0 180.0   5.0 450.0                            LAT/LON1/LON2/DLON/H
  522  538  533  519  504  473  441  401  355  309  269  241  219  196  177  157
  146  132  131  131  142  151  167  176  190  193  195  191  189  183  178  165
  151  134  121  106   95   90   85   84   85   82   80   72   69   62   67   73
   90  113  143  177  209  236  262  289  320  344  366  376  390  399  417  426
  440  445  459  465  481  494  509  515  522                                   
     7.5-180.0 180.0   5.0 450.0                            LAT/LON1/LON2/DLON/H
  504  519  515  504  489  463  436  405  370  337  301  274  255  232  213  197
  185  177  176  181  189  199  205  210  210  210  202  197  189  183  175  162
