data/unet/pred1270.15i
     1.0            IONOSPHERE MAPS     GNSS                IONEX VERSION / TYPE
pyspatialgeodesy        IME             05-JAN-18 20:20     PGM / RUN BY / DATE 
Map Name                                                    COMMENT             
Predicted global ionosphere maps (GIM).                     DESCRIPTION         
  2015     5     7     0     0     0                        EPOCH OF FIRST MAP  
  2015     5     8     0     0     0                        EPOCH OF LAST MAP   
  7200                                                      INTERVAL            
    13                                                      # OF MAPS IN FILE   
  NONE                                                      MAPPING FUNCTION    
10.0                                                        ELEVATION CUTOFF    
One-way carrier phase leveled to code                       OBSERVABLES USED    
  6371.0                                                    BASE RADIUS         
 2                                                          MAP DIMENSION       
   450.0 450.0   0.0                                        HGT1 / HGT2 / DHGT  
    87.5 -87.5  -2.5                                        LAT1 / LAT2 / DLAT  
  -180.0 180.0   5.0                                        LON1 / LON2 / DLON  
    -1                                                      EXPONENT            
                                                            END OF HEADER       
[from data line 1716]
     5                                                      START OF TEC MAP    
  2015     5     7     8     0     0                        EPOCH OF CURRENT MAP
    87.5-180.0 180.0   5.0 450.0                            LAT/LON1/LON2/DLON/H
   73   84   91   89   91   89   92   92   95   97   99  101  102  104  106  107
  107  108  109  109  109  109  110  109  110  110  111  111  111  111  111  110
  109  108  107  106  105  105  104  103  103  103  102  102  101  101   99   99
   98   97   95   94   93   92   90   89   88   88   88   87   87   87   88   87
   87   87   89   89   92   89   88   80   73                                   
    85.0-180.0 180.0   5.0 450.0                            LAT/LON1/LON2/DLON/H
   75   92   86   90   87   91   93  100  100  105  107  110  111  113  115  116
  117  117  119  118  118  118  118  117  118  118  119  119  120  119  119  118
  118  117  117  117  117  117  116  117  115  116  114  116  114  115  112  113
  109  110  106  107  102  104   98  100   95   97   92   94   90   92   88   89
   86   88   86   87   89   83   87   80   75                                   
    82.5-180.0 180.0   5.0 450.0                            LAT/LON1/LON2/DLON/H
   81   94   93   97   95   98  103  109  111  115  117  121  120  124  124  127
  125  127  126  127  124  125  123  124  122  123  123  125  123  125  124  126
  124  126  125  127  126  127  127  129  127  129  129  130  129  129  128  128
  126  125  124  123  120  119  116  115  111  110  107  106  103  101   99   97
   95   94   93   90   90   86   83   81   81                                   
    80.0-180.0 180.0   5.0 450.0                            LAT/LON1/LON2/DLON/H
   90   94   98   96   98  100  107  112  115  118  121  124  126  128  129  130
  130  130  130  129  128  126  125  124  123  122  123  123  124  124  125  126
  128  128  131  131  134  134  137  137  140  139  142  143  145  144  145  143
  144  142  142  141  139  137  135  133  130  128  125  123  121  118  115  112
  110  106  104   99  100   89   87   87   90                                   
    77.5-180.0 180.0   5.0 450.0                            LAT/LON1/LON2/DLON/H
   96   98   97   97   96   99  106  109  114  114  120  120  123  122  125  124
  125  123  124  122  122  118  118  115  115  113  114  113  115  116  118  121
  122  126  128  133  135  139  142  145  147  150  153  156  159  160  163  163
  163  162  163  161  160  157  156  152  151  147  146  143  142  139  138  134
  132  126  123  114  114  106  104   96   96                                   
    75.0-180.0 180.0   5.0 450.0                            LAT/LON1/LON2/DLON/H
  108  103  102  100   99  102  108  112  113  114  117  118  119  118  120  118
  119  116  117  114  113  110  109  105  103  100  100   99  102  103  107  112
  117  122  129  134  140  144  150  154  159  162  169  173  178  182  186  186
  188  187  187  186  183  180  177  173  170  168  167  166  164  163  161  159
  155  150  144  137  132  121  116  112  108                                   
    72.5-180.0 180.0   5.0 450.0                            LAT/LON1/LON2/DLON/H
  117  110  106  105  102  102  105  107  109  109  112  111  112  110  111  109
  110  108  109  106  106  103  102   98   95   91   90   89   92   94  101  106
  114  120  129  135  143  147  156  160  168  172  180  186  194  198  204  205
  208  206  206  203  200  195  191  186  183  180  180  180  180  180  180  178
  175  171  166  157  152  142  135  122  117                                   
    70.0-180.0 180.0   5.0 450.0                            LAT/LON1/LON2/DLON/H
  125  115  111  106  104  102  104  106  107  107  108  107  107  104  105  103
  105  103  105  103  103  100   98   93   89   85   83   82   86   90   98  104
  116  123  134  139  149  154  163  169  178  184  192  199  208  212  218  218
  221  218  218  213  210  202  198  192  188  186  187  189  190  192  192  193
  189  187  182  175  170  155  146  137  125                                   
    67.5-180.0 180.0   5.0 450.0                            LAT/LON1/LON2/DLON/H
  129  120  114  109  103  100   99  100  101  101  103  102  101   99   98   98
   98   99  101  101  102   99   98   92   89   83   83   81   86   90  101  108
  122  129  140  146  156  161  171  177  187  193  203  210  219  223  228  228
  229  225  223  216  211  201  195  187  184  182  183  186  187  190  192  193
  193  190  187  179  177  166  156  140  129                                   
    65.0-180.0 180.0   5.0 450.0                            LAT/LON1/LON2/DLON/H
  131  124  118  108  103   95   97   97   97   97   99   98   97   95   94   93
   94   95   97   99  100   98   95   91   87   83   82   82   87   93  103  112
  125  132  142  148  158  163  171  178  188  197  206  214  224  227  232  229
  230  224  220  210  203  192  186  177  174  172  173  176  177  180  184  184
  185  183  182  177  176  164  156  146  131                                   
    62.5-180.0 180.0   5.0 450.0                            LAT/LON1/LON2/DLON/H
  134  128  119  110  102   94   91   90   90   90   91   92   92   90   89   88
   87   89   90   93   94   93   92   87   85   81   83   82   90   94  107  114
  130  135  149  151  165  169  178  185  196  206  216  224  234  236  240  237
  236  227  221  210  201  188  181  172  169  166  166  167  167  169  171  172
  172  171  172  167  170  164  160  148  134                                   
    60.0-180.0 180.0   5.0 450.0                            LAT/LON1/LON2/DLON/H
  139  136  127  114  105   92   89   86   84   83   83   86   85   84   83   82
   81   82   83   86   86   85   83   80   79   78   80   84   91   98  108  117
  129  138  147  157  166  175  183  192  199  211  218  228  236  240  241  238
  234  226  218  208  198  185  177  168  164  161  161  161  162  161  162  160
  162  160  163  162  166  160  160  155  139                                   
    57.5-180.0 180.0   5.0 450.0                            LAT/LON1/LON2/DLON/H
  151  147  139  126  114   99   92   83   80   76   77   77   79   78   78   76
   76   75   75   76   75   74   73   71   72   72   79   82   93   98  112  118
  134  139  154  159  175  181  193  201  212  222  230  238  246  249  251  247
  244  236  229  218  208  194  187  175  171  167  166  166  165  164  161  160
  158  157  160  159  166  164  170  163  151                                   
    55.0-180.0 180.0   5.0 450.0                            LAT/LON1/LON2/DLON/H
  168  165  157  142  127  107   98   85   77   72   70   72   70   74   71   73
   70   70   67   68   65   64   61   61   63   67   76   83   93  102  111  121
  131  142  152  164  175  187  195  205  213  224  229  240  245  251  251  253
  249  245  237  229  220  209  198  188  183  178  177  177  176  174  171  167
  166  163  166  168  176  171  179  180  168                                   
    52.5-180.0 180.0   5.0 450.0                            LAT/LON1/LON2/DLON/H
  191  188  177  163  145  125  108   92   82   70   69   65   68   68   69   69
   68   67   63   63   59   58   55   56   60   66   77   85   99  106  121  126
  142  146  163  168  184  191  203  210  221  227  236  243  251  256  259  262
  262  260  256  248  241  230  221  212  208  202  202  200  200  195  193  187
  184  180  182  181  189  185  197  193  191                                   
    50.0-180.0 180.0   5.0 450.0                            LAT/LON1/LON2/DLON/H
  212  210  199  185  166  141  123  101   87   74   67   65   62   65   64   67
   65   65   62   61   57   55   53   54   60   66   78   88   99  112  123  135
  145  156  166  179  189  200  207  214  223  231  239  246  255  261  265  268
  270  271  268  265  259  249  239  231  226  223  221  222  220  218  212  207
  203  198  198  197  206  200  212  215  212                                   
    47.5-180.0 180.0   5.0 450.0                            LAT/LON1/LON2/DLON/H
  230  229  215  203  184  160  139  119   99   83   76   67   67   64   66   67
   67   69   67   66   63   61   60   60   67   72   85   93  111  119  139  147
  159  166  179  190  202  211  218  227  236  244  252  259  268  273  277  280
  283  288  288  286  283  272  264  254  250  246  245  245  245  241  237  230
  228  219  221  215  224  218  229  227  230                                   
    45.0-180.0 180.0   5.0 450.0                            LAT/LON1/LON2/DLON/H
  234  228  219  208  196  171  155  130  113   93   83   74   69   68   67   70
   71   74   73   73   71   68   68   69   74   79   90  100  113  131  144  161
  168  183  191  206  215  223  226  235  244  252  262  267  280  279  288  288
  295  298  299  300  295  286  273  265  257  254  251  255  254  255  247  246
  239  236  230  229  233  230  235  239  234                                   
    42.5-180.0 180.0   5.0 450.0                            LAT/LON1/LON2/DLON/H
  230  224  216  204  195  177  161  143  126  109   97   86   82   76   75   77
   80   84   86   86   85   82   84   82   89   90  102  107  127  138  158  169
  185  194  207  220  232  244  249  262  269  282  287  296  304  308  308  310
  309  314  314  316  311  301  289  278  272  267  267  266  267  263  262  254
  253  241  241  233  241  234  241  236  230                                   
    40.0-180.0 180.0   5.0 450.0                            LAT/LON1/LON2/DLON/H
  213  203  191  180  180  168  163  146  136  118  109   96   91   86   84   85
   86   92   94   96   95   95   95   95  100  101  108  116  130  149  164  185
  198  215  223  239  246  260  266  278  285  296  301  306  321  316  328  322
  330  329  329  331  326  316  302  292  285  281  277  277  275  276  271  267
  262  252  246  238  246  235  236  232  213                                   
    37.5-180.0 180.0   5.0 450.0                            LAT/LON1/LON2/DLON/H
  197  188  174  164  165  157  153  143  136  124  117  107  103   97   96   96
  101  104  109  108  108  107  108  107  113  114  118  124  136  153  170  194
  210  226  239  251  266  281  293  309  321  336  342  352  357  363  365  365
  366  364  364  360  355  343  331  322  317  313  312  308  309  304  300  292
  284  274  265  258  257  242  240  226  197                                   
    35.0-180.0 180.0   5.0 450.0                            LAT/LON1/LON2/DLON/H
  189  178  157  146  146  137  139  130  132  123  120  114  111  106  104  104
  106  111  112  115  114  114  116  118  122  124  126  131  141  161  178  204
  219  238  248  265  280  299  312  331  345  359  370  376  388  388  395  391
  397  395  398  396  394  385  372  367  361  363  356  355  343  340  326  322
  308  301  286  281  273  253  244  230  189                                   
    32.5-180.0 180.0   5.0 450.0                            LAT/LON1/LON2/DLON/H
  201  187  164  139  137  126  128  124  122  116  118  116  116  114  113  114
  118  121  122  123  120  121  122  125  131  132  135  139  146  167  186  210
  228  243  255  272  293  311  334  354  374  391  405  418  430  438  443  446
  453  457  466  470  473  469  469  478  486  491  486  472  451  425  399  381
  361  353  331  328  309  293  267  248  201                                   
    30.0-180.0 180.0   5.0 450.0                            LAT/LON1/LON2/DLON/H
  222  209  175  151  136  126  123  115  120  114  115  118  118  120  118  121
  121  124  123  125  124  123  127  131  137  141  145  150  155  174  189  213
  225  238  252  271  294  317  341  363  382  405  418  436  449  460  472  480
  494  509  535  549  571  580  587  599  598  603  591  582  562  543  505  487
  439  425  386  385  355  335  303  280  222                                   
    27.5-180.0 180.0   5.0 450.0                            LAT/LON1/LON2/DLON/H
  267  252  219  179  156  131  128  118  120  113  119  118  124  126  127  129
  130  133  132  133  130  132  134  140  146  151  152  156  162  175  195  212
  227  237  252  272  298  324  350  373  396  418  435  452  471  485  504  521
  552  581  618  646  661  681  692  712  716  721  705  697  670  649  609  587
  547  521  484  469  447  418  366  317  267                                   
    25.0-180.0 180.0   5.0 450.0                            LAT/LON1/LON2/DLON/H
  313  310  267  225  189  161  135  131  125  121  124  123  126  132  129  135
  131  137  134  137  138  140  146  149  155  160  161  164  168  178  188  204
  219  233  251  275  301  330  356  380  401  424  440  460  477  500  523  555
  590  628  673  703  739  764  790  812  827  830  820  805  776  748  709  676
  633  607  568  552  511  479  427  378  313                                   
    22.5-180.0 180.0   5.0 450.0                            LAT/LON1/LON2/DLON/H
  383  386  336  297  243  203  171  153  142  132  135  125  134  136  139  141
  141  142  141  146  146  153  157  162  165  167  165  165  165  171  180  195
  214  232  256  280  310  338  362  387  406  431  448  470  488  515  546  586
  626  676  714  755  790  823  845  870  884  891  889  878  855  825  788  751
  712  682  644  618  584  548  489  433  383                                   
    20.0-180.0 180.0   5.0 450.0                            LAT/LON1/LON2/DLON/H
  448  443  384  352  304  256  217  186  162  156  148  144  145  147  145  149
  143  149  145  153  156  165  170  175  178  178  172  167  162  165  170  191
  211  237  260  289  315  345  368  391  414  435  458  481  502  534  566  608
  647  692  736  769  806  825  850  866  885  893  899  893  886  860  834  799
  767  738  704  674  634  594  543  493  448                                   
    17.5-180.0 180.0   5.0 450.0                            LAT/LON1/LON2/DLON/H
  491  483  436  391  356  327  280  239  212  190  172  163  162  153  156  154
  154  154  154  159  164  175  181  184  183  178  165  157  148  150  161  183
  210  239  271  299  330  351  373  397  419  445  469  498  520  555  585  623
  657  698  732  759  783  792  802  814  828  837  850  855  860  847  834  805
  785  759  733  704  664  619  581  517  491                                   
    15.0-180.0 180.0   5.0 450.0                            LAT/LON1/LON2/DLON/H
  505  515  465  429  394  364  334  289  250  224  201  193  181  174  167  169
  161  166  159  171  172  186  188  194  186  177  162  148  139  139  152  178
  207  244  277  309  332  362  379  405  429  460  484  517  539  574  600  631
  658  689  717  731  745  744  748  748  760  770  783  798  807  810  802  787
  768  752  732  707  666  626  588  539  505                                   
    12.5-180.0 180.0   5.0 450.0                            LAT/LON1/LON2/DLON/H
  511  525  486  456  425  400  383  351  308  270  245  229  215  197  188  180
  176  172  171  172  177  183  188  186  177  166  144  130  121  126  139  166
  200  242  278  310  338  362  383  409  434  469  496  531  553  590  610  636
  653  678  696  703  704  698  692  689  690  701  712  733  747  760  758  751
  737  726  710  689  654  613  580  531  511                                   
    10.0-180.0 180.0   5.0 450.0                            LAT/LON1/LON2/DLON/H
  511  530  492  476  450  432  413  385  344  305  276  259  245  228  213  202
  188  186  174  177  172  183  180  183  169  154  132  116  113  117  134  162
  204  246  282  315  337  363  381  407  432  461  489  525  550  587  608  628
  647  662  679  680  674  665  651  648  641  650  653  677  692  714  715  715
  698  690  670  661  629  603  573  533  511                                   
     7.5-180.0 180.0   5.0 450.0                            LAT/LON1/LON2/DLON/H
  520  537  504  490  469  457  436  413  390  351  321  292  277  256  244  225
  213  197  184  173  170  170  171  163  151  135  115  107  100  108  125  158
