data/unet/pred2390.15i
     1.0            IONOSPHERE MAPS     GNSS                IONEX VERSION / TYPE
pyspatialgeodesy        IME             05-JAN-18 20:20     PGM / RUN BY / DATE 
Map Name                                                    COMMENT             
Predicted global ionosphere maps (GIM).                     DESCRIPTION         
  2015     8    27     0     0     0                        EPOCH OF FIRST MAP  
  2015     8    28     0     0     0                        EPOCH OF LAST MAP   
  7200                                                      INTERVAL            
    13                                                      # OF MAPS IN FILE   
  NONE                                                      MAPPING FUNCTION    
10.0                                                        ELEVATION CUTOFF    
One-way carrier phase leveled to code                       OBSERVABLES USED    
  6371.0                                                    BASE RADIUS         
 2                                                          MAP DIMENSION       
   450.0 450.0   0.0                                        HGT1 / HGT2 / DHGT  
    87.5 -87.5  -2.5                                        LAT1 / LAT2 / DLAT  
  -180.0 180.0   5.0                                        LON1 / LON2 / DLON  
    -1                                                      EXPONENT            
                                                            END OF HEADER       
[from data line 429]
     2                                                      START OF TEC MAP    
  2015     8    27     2     0     0                        EPOCH OF CURRENT MAP
    87.5-180.0 180.0   5.0 450.0                            LAT/LON1/LON2/DLON/H
  124  120  115  107  112  107  112  108  115  110  115  110  116  112  116  112
  116  112  114  110  113  108  110  105  108  103  105  100  103   98  100   95
   98   93   96   91   95   90   93   89   94   90   94   90   96   92   96   93
   99   96  100   98  103  101  105  102  107  105  108  106  111  108  111  108
  113  110  115  112  119  112  116  133  124                                   
    85.0-180.0 180.0   5.0 450.0                            LAT/LON1/LON2/DLON/H
  120  132  116  118  119  117  119  118  120  119  121  120  121  120  121  120
  120  120  119  118  116  115  113  111  109  107  105  103  100   98   96   94
   92   91   89   89   87   86   85   85   85   85   85   86   87   88   89   91
   93   94   96   98  101  102  104  105  107  108  110  110  113  112  114  114
  116  116  118  118  121  117  120  125  120                                   
    82.5-180.0 180.0   5.0 450.0                            LAT/LON1/LON2/DLON/H
  120  127  122  126  122  124  124  126  126  126  126  127  127  126  126  125
  125  122  122  119  119  115  114  109  109  103  103   98   97   92   91   87
   87   84   84   81   81   79   78   78   77   78   78   80   81   84   85   89
   90   94   95   99  101  104  105  108  109  112  113  116  117  119  118  121
  121  122  123  125  126  122  127  127  120                                   
    80.0-180.0 180.0   5.0 450.0                            LAT/LON1/LON2/DLON/H
  121  124  123  122  127  122  128  126  130  127  131  128  132  128  131  128
  130  126  127  122  122  116  115  109  108  101   99   93   91   86   84   81
   80   77   76   75   74   72   72   71   73   71   74   73   78   78   83   83
   90   90   96   96  103  102  108  107  114  113  119  117  123  121  125  123
  127  124  128  125  128  120  123  122  121                                   
    77.5-180.0 180.0   5.0 450.0                            LAT/LON1/LON2/DLON/H
  122  126  121  127  123  125  125  128  126  129  128  131  128  131  128  131
  126  129  124  126  119  120  112  113  103  103   94   94   85   85   78   80
   74   75   70   72   68   70   67   69   67   69   69   73   74   78   80   85
   87   92   95  100  102  107  109  113  116  119  121  124  125  127  128  129
  129  129  130  129  127  123  125  121  122                                   
    75.0-180.0 180.0   5.0 450.0                            LAT/LON1/LON2/DLON/H
  121  121  118  121  123  122  125  124  126  125  128  126  127  126  127  126
  126  125  125  122  119  115  112  106  101   96   91   86   82   79   77   74
   73   71   69   68   66   65   64   64   65   65   69   70   74   76   81   84
   89   91   96   98  102  104  109  111  115  116  120  121  123  123  126  125
  127  126  128  127  126  122  125  122  121                                   
    72.5-180.0 180.0   5.0 450.0                            LAT/LON1/LON2/DLON/H
  122  121  119  122  120  120  122  122  122  122  122  121  120  119  119  119
  117  117  116  115  110  108  103   99   91   88   81   79   72   73   69   71
   67   68   64   64   59   59   56   57   56   58   61   65   68   73   77   82
   85   89   92   96   99  103  106  109  112  114  117  118  119  120  121  122
  122  122  124  124  123  122  126  122  122                                   
    70.0-180.0 180.0   5.0 450.0                            LAT/LON1/LON2/DLON/H
  120  122  118  121  122  121  123  123  123  123  122  121  118  116  114  112
  110  110  107  107  102   99   93   88   81   76   70   68   64   65   64   66
   65   65   63   61   58   55   54   52   54   54   60   63   69   73   79   83
   88   91   95   97  100  103  107  110  114  116  118  119  121  121  122  122
  123  122  124  124  124  122  127  124  120                                   
    67.5-180.0 180.0   5.0 450.0                            LAT/LON1/LON2/DLON/H
  124  123  121  123  121  122  123  124  124  124  123  120  116  113  109  107
  103  102  100   98   93   90   83   79   70   66   59   58   55   58   57   62
   60   62   57   57   50   48   43   43   41   45   48   55   60   68   73   80
   84   88   90   93   96   99  102  107  110  113  115  116  117  117  117  117
  117  118  120  122  122  122  127  125  124                                   
    65.0-180.0 180.0   5.0 450.0                            LAT/LON1/LON2/DLON/H
  124  126  122  124  125  124  125  127  127  126  124  122  117  113  109  104
  101   98   95   93   88   84   78   72   65   58   53   51   50   52   55   58
   59   59   56   52   47   42   39   37   38   40   47   52   60   67   74   80
   85   89   92   95   98  102  106  109  114  117  120  120  122  120  121  119
  121  120  124  125  127  126  132  129  124                                   
    62.5-180.0 180.0   5.0 450.0                            LAT/LON1/LON2/DLON/H
  128  128  125  125  123  123  125  126  127  127  126  124  119  115  109  105
  100   96   92   89   82   79   71   65   56   51   45   44   43   46   47   52
   52   53   49   46   39   34   29   28   28   32   37   46   53   61   68   75
   80   84   87   91   95   99  104  109  114  117  120  120  121  119  118  117
  117  118  121  125  126  128  133  131  128                                   
    60.0-180.0 180.0   5.0 450.0                            LAT/LON1/LON2/DLON/H
  129  131  126  127  126  125  125  127  127  128  127  125  123  119  115  110
  105  100   95   91   85   79   71   63   56   49   46   42   44   44   48   49
   51   50   47   42   36   31   27   26   28   32   39   47   54   62   68   76
   81   86   89   94   98  104  110  116  121  125  128  128  128  125  124  122
  123  122  127  127  130  131  137  134  129                                   
    57.5-180.0 180.0   5.0 450.0                            LAT/LON1/LON2/DLON/H
  135  134  132  129  125  124  125  125  126  127  128  127  126  124  119  116
  110  105   98   93   85   80   70   63   54   49   44   42   42   43   44   46
   46   45   42   38   33   29   27   26   28   33   39   46   53   60   67   73
   80   84   90   94  101  106  115  120  128  130  134  132  133  128  126  123
  124  123  128  128  129  131  137  135  135                                   
    55.0-180.0 180.0   5.0 450.0                            LAT/LON1/LON2/DLON/H
  136  139  136  135  132  129  127  127  126  126  128  128  130  128  126  123
  118  113  107  101   94   86   77   69   62   55   52   49   50   49   50   49
   49   47   44   41   38   36   35   35   38   42   47   53   59   65   70   77
   83   90   95  101  108  115  122  129  135  139  140  140  138  134  131  128
  127  127  131  132  133  135  143  139  136                                   
    52.5-180.0 180.0   5.0 450.0                            LAT/LON1/LON2/DLON/H
  144  146  145  143  138  134  133  130  130  128  129  130  131  132  130  129
  125  121  114  108   99   91   82   75   68   64   60   58   57   57   55   55
   51   50   48   47   45   46   44   46   47   51   53   58   62   67   72   79
   89   97  105  111  121  126  136  140  148  148  151  147  145  140  137  133
  133  131  136  134  135  138  146  144  144                                   
    50.0-180.0 180.0   5.0 450.0                            LAT/LON1/LON2/DLON/H
  148  154  154  155  151  145  141  137  134  132  131  131  134  134  134  133
  131  129  122  117  107  100   90   85   79   75   73   70   69   66   65   61
   59   56   56   56   58   58   60   60   63   64   67   68   71   74   80   88
   99  109  118  127  135  142  149  154  159  159  159  155  152  147  144  141
  139  139  142  142  142  145  153  149  148                                   
    47.5-180.0 180.0   5.0 450.0                            LAT/LON1/LON2/DLON/H
  156  162  165  164  160  156  152  147  143  139  139  137  137  137  137  137
  136  134  130  124  116  107   99   94   90   88   84   83   79   77   72   69
   64   64   63   66   68   72   73   75   76   77   78   78   79   81   88   99
  112  123  134  142  152  159  166  169  172  171  170  165  161  156  153  150
  148  148  151  149  150  152  160  157  156                                   
    45.0-180.0 180.0   5.0 450.0                            LAT/LON1/LON2/DLON/H
  162  172  174  174  171  167  163  157  153  148  145  141  140  138  139  139
  139  139  136  132  124  117  109  104  101   99   97   94   91   86   83   77
   75   72   75   75   82   83   87   87   90   87   89   86   87   89   96  108
  122  135  147  158  168  174  179  180  182  179  177  172  168  164  162  159
  157  157  159  159  158  160  168  165  162                                   
    42.5-180.0 180.0   5.0 450.0                            LAT/LON1/LON2/DLON/H
  169  179  181  181  179  175  173  167  164  158  154  150  147  144  141  141
  141  141  139  136  129  122  115  112  108  108  104  102   96   93   87   84
   79   80   80   86   90   95   98   99  100  100   99   96   95   97  105  117
  132  146  158  169  179  183  185  185  186  183  181  177  174  170  168  164
  164  162  165  163  165  168  173  173  169                                   
    40.0-180.0 180.0   5.0 450.0                            LAT/LON1/LON2/DLON/H
  178  187  185  184  181  179  175  171  167  161  159  154  152  146  143  141
  143  143  143  141  134  128  122  118  117  115  113  109  105   99   97   91
   90   88   92   94  101  102  107  105  109  105  107  102  103  103  112  123
  142  156  169  179  187  192  193  193  192  189  187  184  182  178  176  173
  173  172  173  173  173  175  182  183  178                                   
    37.5-180.0 180.0   5.0 450.0                            LAT/LON1/LON2/DLON/H
  188  196  192  189  184  181  178  173  170  166  165  162  159  155  150  147
  147  147  147  143  136  129  123  121  119  119  117  113  108  105  101   99
   97   99  100  103  108  110  113  114  115  116  115  112  111  111  119  130
  148  161  173  181  193  193  198  196  198  195  195  191  190  185  185  180
  181  178  183  180  181  186  190  191  188                                   
    35.0-180.0 180.0   5.0 450.0                            LAT/LON1/LON2/DLON/H
  205  208  204  197  189  185  179  174  170  166  167  163  163  158  154  149
  150  150  150  146  139  132  126  124  124  124  121  118  114  110  109  106
  107  107  110  111  115  115  119  117  123  119  121  115  114  113  121  132
  150  164  177  187  198  203  204  204  204  204  203  202  200  197  194  191
  190  192  194  193  193  198  208  208  205                                   
    32.5-180.0 180.0   5.0 450.0                            LAT/LON1/LON2/DLON/H
  229  229  224  216  206  198  189  182  174  171  169  169  169  167  163  159
  156  155  153  147  138  130  124  123  124  125  124  121  117  115  115  116
  117  117  120  119  123  123  124  125  126  126  125  122  117  115  123  133
  151  162  174  182  197  201  208  208  214  211  215  212  213  207  207  200
  203  202  208  204  204  213  223  225  229                                   
    30.0-180.0 180.0   5.0 450.0                            LAT/LON1/LON2/DLON/H
  259  255  253  240  229  217  206  193  184  176  173  171  174  170  168  161
  159  154  152  145  137  130  125  125  127  129  127  125  122  121  122  123
  125  125  127  126  128  128  129  128  130  126  127  119  115  111  117  129
  145  160  172  184  197  206  212  216  221  221  226  225  225  222  219  217
  218  223  227  228  225  236  248  250  259                                   
    27.5-180.0 180.0   5.0 450.0                            LAT/LON1/LON2/DLON/H
  294  292  289  277  268  251  237  221  205  194  185  183  181  180  175  169
  163  156  152  144  136  129  126  126  130  132  132  130  128  128  129  131
  133  132  134  131  132  132  131  130  130  128  124  120  113  109  115  126
  142  154  168  178  194  202  211  217  225  227  233  234  238  234  234  229
  234  237  248  246  248  257  269  274  294                                   
    25.0-180.0 180.0   5.0 450.0                            LAT/LON1/LON2/DLON/H
  335  337  344  328  318  298  281  253  235  214  203  192  190  183  179  168
  160  150  146  139  134  130  129  130  133  136  136  134  132  131  135  135
  137  136  136  135  134  134  132  129  129  124  121  113  108  102  107  117
  133  148  163  177  191  201  208  215  225  229  240  243  250  249  251  250
  256  263  273  276  273  288  298  304  335                                   
    22.5-180.0 180.0   5.0 450.0                            LAT/LON1/LON2/DLON/H
  370  375  385  379  369  348  330  301  277  249  229  214  205  196  185  174
  160  150  144  139  134  132  132  134  137  141  140  139  136  135  138  137
  138  137  134  134  131  132  128  128  124  121  116  111  104  100  104  114
  129  142  159  173  190  202  213  220  231  238  246  255  262  263  265  264
  273  278  291  291  294  306  319  328  370                                   
    20.0-180.0 180.0   5.0 450.0                            LAT/LON1/LON2/DLON/H
  401  410  428  427  427  412  392  356  326  286  263  234  222  205  194  176
  162  148  143  138  138  139  141  142  144  144  142  140  139  137  138  137
  135  135  129  128  124  124  123  120  120  115  116  107  104   98  102  109
  124  139  156  173  189  205  216  228  239  245  256  264  276  277  284  286
  296  304  318  319  316  335  344  355  401                                   
    17.5-180.0 180.0   5.0 450.0                            LAT/LON1/LON2/DLON/H
  412  425  445  460  465  458  440  410  375  336  301  271  248  226  208  188
  169  156  149  146  144  148  149  151  150  149  146  142  140  137  136  134
  129  127  120  118  113  116  113  114  111  113  110  109  103  101  101  107
  120  133  153  170  191  208  225  238  251  261  269  281  291  297  302  305
  314  321  335  335  337  349  361  377  412                                   
    15.0-180.0 180.0   5.0 450.0                            LAT/LON1/LON2/DLON/H
  427  437  461  478  494  495  485  458  428  386  348  306  277  246  223  199
  181  166  162  157  159  162  163  160  156  151  145  142  140  135  134  130
  124  121  111  108  104  104  104  104  106  107  111  109  109  103  102  104
  117  133  155  175  195  215  234  249  266  277  287  296  309  315  323  326
  336  343  356  357  357  373  385  398  427                                   
    12.5-180.0 180.0   5.0 450.0                            LAT/LON1/LON2/DLON/H
  427  440  463  484  501  507  504  487  459  426  388  346  310  275  247  219
  198  184  177  175  172  177  174  170  161  154  147  143  139  136  132  128
  119  113  103   99   97   99  100  100  102  107  110  114  112  107  102  102
  113  129  153  175  200  222  243  263  285  299  309  319  330  335  341  345
  352  359  372  373  377  388  404  418  427                                   
    10.0-180.0 180.0   5.0 450.0                            LAT/LON1/LON2/DLON/H
  438  449  464  478  499  508  511  502  483  454  423  384  348  305  269  238
  218  202  198  192  193  191  186  176  164  154  147  142  140  136  133  126
  117  110  100   98   95   99   99   99  103  106  114  116  118  109  102  100
  110  127  153  176  201  224  247  270  295  312  327  337  349  353  359  361
  370  375  389  389  392  408  425  433  438                                   
     7.5-180.0 180.0   5.0 450.0                            LAT/LON1/LON2/DLON/H
  442  451  461  468  484  491  498  493  483  464  438  406  370  329  291  257
  237  222  216  211  209  207  197  184  169  159  150  147  145  143  138  130
