data/unet/pred1410.15i
     1.0            IONOSPHERE MAPS     GNSS                IONEX VERSION / TYPE
pyspatialgeodesy        IME             05-JAN-18 20:20     PGM / RUN BY / DATE 
Map Name                                                    COMMENT             
Predicted global ionosphere maps (GIM).                     DESCRIPTION         
  2015     5    21     0     0     0                        EPOCH OF FIRST MAP  
  2015     5    22     0     0     0                        EPOCH OF LAST MAP   
  7200                                                      INTERVAL            
    13                                                      # OF MAPS IN FILE   
  NONE                                                      MAPPING FUNCTION    
10.0                                                        ELEVATION CUTOFF    
One-way carrier phase leveled to code                       OBSERVABLES USED    
  6371.0                                                    BASE RADIUS         
 2                                                          MAP DIMENSION       
   450.0 450.0   0.0                                        HGT1 / HGT2 / DHGT  
    87.5 -87.5  -2.5                                        LAT1 / LAT2 / DLAT  
  -180.0 180.0   5.0                                        LON1 / LON2 / DLON  
    -1                                                      EXPONENT            
                                                            END OF HEADER       
[from data line 858]
     3                                                      START OF TEC MAP    
  2015     5    21     4     0     0                        EPOCH OF CURRENT MAP
    87.5-180.0 180.0   5.0 450.0                            LAT/LON1/LON2/DLON/H
  200  194  188  189  190  185  184  183  184  182  180  178  178  176  175  173
  173  171  169  167  166  164  163  161  162  161  160  160  161  161  161  161
  161  161  160  160  160  160  159  159  160  162  162  164  166  168  169  171
  173  175  175  176  177  178  177  176  177  176  176  174  175  173  174  171
  174  172  175  174  178  174  180  188  200                                   
    85.0-180.0 180.0   5.0 450.0                            LAT/LON1/LON2/DLON/H
  205  198  193  199  196  189  186  187  186  186  183  183  182  181  179  178
  177  175  172  171  168  167  163  163  160  161  158  160  159  160  159  160
  160  160  160  159  160  158  159  158  161  160  164  164  169  169  173  175
  179  180  182  183  185  185  185  185  185  185  184  184  184  184  183  183
  183  184  185  187  188  186  187  189  205                                   
    82.5-180.0 180.0   5.0 450.0                            LAT/LON1/LON2/DLON/H
  191  191  193  195  189  184  179  181  181  182  179  181  180  182  178  180
  177  178  173  173  168  168  161  161  156  157  153  156  154  157  155  159
  157  159  158  160  159  160  160  162  163  165  166  170  172  175  177  180
  183  185  186  189  189  191  189  190  188  190  187  190  187  189  185  188
  184  188  186  187  186  183  180  174  191                                   
    80.0-180.0 180.0   5.0 450.0                            LAT/LON1/LON2/DLON/H
  196  194  196  196  193  188  185  189  187  189  186  188  187  187  186  185
  185  182  180  177  175  171  166  164  160  158  156  157  157  158  158  159
  160  161  162  163  164  164  165  166  169  170  173  175  179  181  185  187
  192  193  196  198  200  200  200  200  199  199  198  198  197  197  196  196
  194  194  195  193  194  188  186  178  196                                   
    77.5-180.0 180.0   5.0 450.0                            LAT/LON1/LON2/DLON/H
  194  193  193  195  192  189  188  188  188  186  186  184  185  183  184  181
  182  178  178  174  172  166  164  158  156  151  151  149  151  150  151  153
  154  155  157  159  160  161  163  164  166  168  172  176  179  184  188  193
  196  200  203  205  207  207  207  207  205  205  204  204  203  203  203  202
  202  201  202  197  197  190  190  181  194                                   
    75.0-180.0 180.0   5.0 450.0                            LAT/LON1/LON2/DLON/H
  196  196  193  195  195  190  188  188  187  185  184  182  181  179  178  175
  175  171  171  167  166  160  157  151  149  143  143  140  141  141  142  145
  147  150  152  155  156  159  160  162  163  166  171  173  180  184  192  195
  202  205  210  212  214  214  214  212  210  209  208  206  206  205  206  205
  206  205  207  203  203  194  197  186  196                                   
    72.5-180.0 180.0   5.0 450.0                            LAT/LON1/LON2/DLON/H
  200  197  194  195  192  186  184  182  181  178  178  175  174  171  169  167
  166  164  164  161  160  155  153  146  144  137  137  133  134  133  137  138
  143  147  152  155  159  160  164  163  167  168  174  177  184  189  196  200
  207  212  216  219  220  220  218  216  212  210  208  207  205  206  206  207
  207  209  211  207  209  205  203  194  200                                   
    70.0-180.0 180.0   5.0 450.0                            LAT/LON1/LON2/DLON/H
  204  203  199  197  195  188  184  182  180  177  175  172  170  166  163  161
  160  158  157  156  154  150  147  141  137  131  127  126  125  127  129  135
  139  145  151  157  161  164  165  168  169  171  176  179  188  192  201  206
  213  218  222  224  225  222  221  216  213  207  207  203  202  200  203  203
  206  207  212  210  210  205  206  194  204                                   
    67.5-180.0 180.0   5.0 450.0                            LAT/LON1/LON2/DLON/H
  212  208  203  199  193  187  182  180  177  175  171  169  165  162  157  156
  153  152  150  150  148  145  141  135  131  124  122  118  119  120  124  128
  134  142  149  155  161  165  169  171  173  175  181  185  194  199  209  214
  221  225  229  230  228  226  222  218  212  207  205  200  198  197  198  199
  201  205  209  209  212  213  208  197  212                                   
    65.0-180.0 180.0   5.0 450.0                            LAT/LON1/LON2/DLON/H
  215  215  209  203  198  190  185  182  179  176  172  169  164  160  155  152
  148  147  144  144  142  139  134  130  124  120  116  116  115  118  120  125
  131  138  147  153  160  164  167  169  173  175  182  185  195  201  212  216
  224  227  231  230  230  226  224  216  212  205  205  198  197  194  197  194
  199  200  207  206  211  208  209  197  215                                   
    62.5-180.0 180.0   5.0 450.0                            LAT/LON1/LON2/DLON/H
  222  218  212  207  198  192  185  183  179  177  171  169  163  159  153  149
  144  141  138  136  134  130  128  123  120  116  113  112  113  115  116  121
  124  132  138  147  152  159  163  167  172  176  183  188  199  206  216  221
  228  231  234  232  232  229  225  220  216  210  208  201  199  195  195  192
  193  194  200  200  208  211  209  199  222                                   
    60.0-180.0 180.0   5.0 450.0                            LAT/LON1/LON2/DLON/H
  223  226  217  210  204  193  189  184  183  179  175  169  164  158  153  147
  141  136  133  131  128  126  122  120  117  116  113  113  112  113  114  117
  121  126  133  140  149  154  161  165  171  176  184  189  200  205  216  220
  228  229  233  232  233  230  229  223  223  216  214  207  205  199  198  193
  193  192  197  197  205  204  210  200  223                                   
    57.5-180.0 180.0   5.0 450.0                            LAT/LON1/LON2/DLON/H
  230  227  222  217  206  197  190  186  183  181  176  172  166  161  153  148
  140  136  130  127  124  121  118  117  115  115  113  114  113  113  113  114
  117  121  127  135  142  153  160  168  174  180  189  195  206  210  221  224
  232  233  237  238  240  237  237  233  232  227  226  219  214  207  203  196
  193  191  194  194  204  207  208  204  230                                   
    55.0-180.0 180.0   5.0 450.0                            LAT/LON1/LON2/DLON/H
  236  238  233  228  219  208  200  192  190  185  181  175  170  162  157  148
  142  136  131  126  123  120  118  117  117  118  117  118  117  115  114  112
  114  117  124  131  142  151  161  169  177  186  193  200  207  213  223  224
  234  235  242  242  247  245  248  242  245  239  240  231  228  219  214  206
  200  197  199  199  208  207  217  210  236                                   
    52.5-180.0 180.0   5.0 450.0                            LAT/LON1/LON2/DLON/H
  248  245  247  242  234  224  215  206  199  195  189  184  176  170  161  154
  145  140  132  129  124  122  120  120  121  122  123  123  123  120  118  115
  116  118  125  133  142  155  165  177  186  194  203  207  217  220  230  231
  242  245  251  255  261  262  263  259  260  255  255  246  242  234  228  218
  209  205  206  206  216  219  224  223  248                                   
    50.0-180.0 180.0   5.0 450.0                            LAT/LON1/LON2/DLON/H
  259  259  263  258  254  244  236  226  219  209  202  192  185  175  167  155
  150  142  138  133  131  128  127  127  130  131  132  132  131  127  125  120
  121  121  127  134  146  156  168  181  190  201  208  215  223  225  236  235
  250  251  263  266  276  274  278  272  277  270  272  264  261  252  248  236
  228  223  223  222  231  229  239  234  259                                   
    47.5-180.0 180.0   5.0 450.0                            LAT/LON1/LON2/DLON/H
  271  267  274  274  269  264  258  249  239  228  216  205  194  185  173  163
  154  149  144  143  139  139  138  139  141  143  144  143  142  138  136  131
  130  131  135  142  152  165  177  190  202  209  220  223  234  236  247  249
  263  268  279  286  293  294  296  293  295  291  292  284  280  273  269  258
  249  244  242  241  250  250  253  253  271                                   
    45.0-180.0 180.0   5.0 450.0                            LAT/LON1/LON2/DLON/H
  281  279  288  285  287  284  282  272  262  248  233  218  205  193  179  166
  160  153  153  149  151  149  150  150  152  153  154  153  152  148  145  141
  139  138  142  147  158  169  180  194  206  215  226  228  243  243  258  259
  277  282  296  303  310  311  312  310  312  310  312  305  299  292  291  279
  274  265  267  261  272  267  273  266  281                                   
    42.5-180.0 180.0   5.0 450.0                            LAT/LON1/LON2/DLON/H
  291  287  292  295  296  296  295  288  278  264  248  233  217  203  188  176
  167  164  163  164  165  165  165  165  166  166  167  165  164  160  158  154
  152  151  154  157  167  175  188  199  214  222  236  237  254  256  271  275
  291  300  313  320  328  330  332  331  334  333  335  328  325  317  316  301
  296  287  285  283  289  286  286  288  291                                   
    40.0-180.0 180.0   5.0 450.0                            LAT/LON1/LON2/DLON/H
  299  291  298  296  300  300  301  296  288  275  260  244  231  212  195  180
  175  169  172  172  177  176  180  178  181  178  178  175  175  171  170  167
  164  162  161  164  171  178  189  196  214  218  237  238  261  261  280  283
  303  311  326  332  341  346  349  351  356  359  360  359  354  348  345  328
  321  309  309  305  309  302  305  298  299                                   
    37.5-180.0 180.0   5.0 450.0                            LAT/LON1/LON2/DLON/H
  313  301  301  301  300  302  302  301  292  282  270  257  243  224  207  192
  184  181  183  187  190  194  196  199  198  197  195  192  189  188  185  184
  180  175  173  171  177  177  190  195  216  223  242  245  266  271  288  295
  314  320  335  341  354  358  367  370  380  385  391  390  390  383  381  363
  355  338  337  330  336  325  323  324  313                                   
    35.0-180.0 180.0   5.0 450.0                            LAT/LON1/LON2/DLON/H
  341  322  320  311  308  308  309  305  298  287  277  263  251  232  213  197
  190  185  190  192  200  203  211  212  216  213  212  208  206  205  202  198
  191  183  177  172  175  172  186  187  214  217  243  244  270  273  295  299
  320  323  339  344  364  373  389  397  409  418  427  430  430  426  422  404
  394  375  372  364  373  362  359  354  341                                   
    32.5-180.0 180.0   5.0 450.0                            LAT/LON1/LON2/DLON/H
  383  367  353  340  328  323  318  311  304  292  284  272  260  241  223  207
  199  195  197  201  208  216  226  233  239  239  236  232  227  225  219  213
  201  188  181  172  174  169  179  188  209  219  242  248  271  277  299  304
  324  324  342  349  374  384  408  418  437  449  461  468  470  466  460  444
  431  415  412  409  419  414  402  402  383                                   
    30.0-180.0 180.0   5.0 450.0                            LAT/LON1/LON2/DLON/H
  445  437  418  393  369  355  342  324  315  300  291  277  266  246  229  211
  204  196  199  200  211  219  236  246  256  258  256  251  245  240  231  218
  203  186  174  170  169  165  175  182  202  210  237  244  274  276  301  304
  325  326  346  360  393  412  438  456  479  493  506  515  514  510  498  480
  467  451  448  445  456  455  457  451  445                                   
    27.5-180.0 180.0   5.0 450.0                            LAT/LON1/LON2/DLON/H
  519  507  490  456  426  402  382  354  335  313  302  288  276  257  238  220
  211  205  204  206  215  230  251  266  280  284  283  274  264  253  239  220
  200  181  172  165  164  164  169  178  194  205  228  236  267  269  295  298
  321  322  347  363  403  424  458  478  507  519  540  550  556  551  539  521
  502  486  481  477  498  500  497  501  519                                   
    25.0-180.0 180.0   5.0 450.0                            LAT/LON1/LON2/DLON/H
  594  587  568  534  496  466  434  403  375  343  323  299  286  264  246  225
  216  206  204  204  217  232  259  279  298  303  300  289  273  257  236  215
  192  174  160  160  157  157  162  166  185  194  217  227  258  266  288  295
  315  322  342  364  403  430  469  491  526  542  564  580  589  592  580  564
  544  529  521  523  539  542  549  556  594                                   
    22.5-180.0 180.0   5.0 450.0                            LAT/LON1/LON2/DLON/H
  654  657  642  608  572  538  502  463  425  390  360  328  307  283  265  243
  230  219  213  214  225  245  272  296  314  317  312  296  276  253  228  206
  180  162  152  150  147  150  149  153  165  178  201  214  246  253  280  285
  312  317  344  361  398  427  465  493  524  546  570  591  606  615  607  597
  577  563  555  560  580  582  578  597  654                                   
    20.0-180.0 180.0   5.0 450.0                            LAT/LON1/LON2/DLON/H
  696  710  699  670  638  604  565  522  479  436  404  366  338  304  283  257
  245  226  220  218  233  252  282  307  320  319  309  291  264  241  217  192
  166  151  142  143  138  136  135  135  150  161  189  206  237  251  271  285
  308  321  345  370  406  437  468  497  527  545  571  594  614  629  626  621
  606  599  591  600  612  610  609  632  696                                   
    17.5-180.0 180.0   5.0 450.0                            LAT/LON1/LON2/DLON/H
  711  736  732  719  691  661  621  576  527  484  443  405  368  332  307  283
  270  248  240  236  248  266  297  314  321  311  295  270  242  221  199  176
  152  140  134  131  127  122  118  117  126  145  170  199  234  249  273  290
  316  330  356  382  420  453  480  509  528  549  567  595  616  633  635  634
  625  623  619  628  639  631  625  648  711                                   
    15.0-180.0 180.0   5.0 450.0                            LAT/LON1/LON2/DLON/H
  709  731  735  726  713  684  651  605  560  516  475  434  394  355  328  303
  292  268  258  251  263  281  305  316  311  297  272  243  218  200  177  157
  138  131  123  122  115  109  104  102  115  133  164  193  229  250  271  293
  319  340  365  400  436  470  492  515  531  547  569  595  613  633  641  648
  643  646  646  653  657  641  633  658  709                                   
    12.5-180.0 180.0   5.0 450.0                            LAT/LON1/LON2/DLON/H
  691  709  708  707  696  678  652  613  570  529  489  450  411  376  349  328
  314  296  285  277  285  294  308  306  294  269  237  211  189  175  158  142
  130  123  117  112  109   97   92   90  102  125  158  195  232  252  277  300
  329  351  384  422  463  492  510  529  540  560  575  599  613  635  644  654
  650  657  660  665  669  653  648  666  691                                   
    10.0-180.0 180.0   5.0 450.0                            LAT/LON1/LON2/DLON/H
  666  673  670  658  659  644  626  592  558  523  489  456  420  389  363  345
  333  315  309  299  304  305  304  292  268  236  203  177  161  153  142  135
  123  119  109  106   98   87   81   84   99  120  158  192  229  251  276  302
  330  359  395  437  479  505  529  545  565  583  598  614  625  642  653  660
  660  667  673  676  679  656  649  668  666                                   
     7.5-180.0 180.0   5.0 450.0                            LAT/LON1/LON2/DLON/H
  646  648  634  621  614  604  588  560  530  502  476  449  418  392  370  355
  345  335  326  319  316  307  291  269  236  203  169  146  138  136  134  130
