data/unet/pred3370.15i
     1.0            IONOSPHERE MAPS     GNSS                IONEX VERSION / TYPE
pyspatialgeodesy        IME             05-JAN-18 20:20     PGM / RUN BY / DATE 
Map Name                                                    COMMENT             
Predicted global ionosphere maps (GIM).                     DESCRIPTION         
  2015    12     3     0     0     0                        EPOCH OF FIRST MAP  
  2015    12     4     0     0     0                        EPOCH OF LAST MAP   
  7200                                                      INTERVAL            
    13                                                      # OF MAPS IN FILE   
  NONE                                                      MAPPING FUNCTION    
10.0                                                        ELEVATION CUTOFF    
One-way carrier phase leveled to code                       OBSERVABLES USED    
  6371.0                                                    BASE RADIUS         
 2                                                          MAP DIMENSION       
   450.0 450.0   0.0                                        HGT1 / HGT2 / DHGT  
    87.5 -87.5  -2.5                                        LAT1 / LAT2 / DLAT  
  -180.0 180.0   5.0                                        LON1 / LON2 / DLON  
    -1                                                      EXPONENT            
                                                            END OF HEADER       
[from data line 858]
     3                                                      START OF TEC MAP    
  2015    12     3     4     0     0                        EPOCH OF CURRENT MAP
    87.5-180.0 180.0   5.0 450.0                            LAT/LON1/LON2/DLON/H
   30   60   57   51   55   51   54   52   55   53   55   54   55   55   56   54
   55   53   55   52   53   51   53   51   53   51   52   51   53   52   53   52
   53   52   54   52   54   53   54   54   55   55   55   55   55   55   56   55
   56   55   56   53   57   53   57   52   57   52   58   51   58   51   58   50
   58   50   59   54   61   51   61   33   30                                   
    85.0-180.0 180.0   5.0 450.0                            LAT/LON1/LON2/DLON/H
   66   64   44   48   49   46   48   49   50   50   51   52   52   52   52   52
   51   50   50   48   48   46   47   46   46   45   46   45   47   46   48   47
   49   48   50   50   52   51   53   52   53   53   54   53   54   53   53   52
   53   51   53   51   52   50   52   50   52   50   52   50   51   49   51   49
   50   48   50   48   49   44   60   73   66                                   
    82.5-180.0 180.0   5.0 450.0                            LAT/LON1/LON2/DLON/H
   60   36   33   33   31   31   32   34   36   35   37   36   38   37   38   37
   37   35   35   33   32   30   31   29   30   28   30   29   31   30   33   33
   35   35   38   39   41   41   43   43   45   45   46   46   46   45   46   43
   43   40   42   38   40   36   39   35   38   35   38   35   38   35   38   36
   37   35   37   37   36   34   46   69   60                                   
    80.0-180.0 180.0   5.0 450.0                            LAT/LON1/LON2/DLON/H
   61   37   31   32   31   33   34   38   39   41   42   44   44   45   44   45
   42   41   38   37   33   32   29   29   27   26   27   28   29   30   31   34
   35   37   39   42   43   45   46   48   48   50   50   52   51   51   50   49
   48   45   45   43   43   41   41   41   41   41   42   42   43   44   44   45
   43   44   43   44   40   35   41   67   61                                   
    77.5-180.0 180.0   5.0 450.0                            LAT/LON1/LON2/DLON/H
   66   34   30   29   27   28   30   33   35   37   40   42   43   44   44   44
   41   39   36   34   30   27   25   23   22   21   23   23   25   26   29   31
   33   35   37   40   40   42   44   45   46   47   48   49   48   49   48   47
   46   44   44   42   42   41   42   42   43   44   46   48   48   50   50   52
   50   51   50   49   45   41   46   65   66                                   
    75.0-180.0 180.0   5.0 450.0                            LAT/LON1/LON2/DLON/H
   65   33   25   22   22   21   25   26   30   32   36   38   41   42   42   42
   39   36   33   29   26   22   20   17   17   16   20   20   23   25   29   30
   32   34   36   37   37   38   39   40   40   41   42   43   43   42   43   41
   41   39   41   38   40   39   43   42   45   46   50   52   54   56   58   58
   58   57   57   56   55   47   49   69   65                                   
    72.5-180.0 180.0   5.0 450.0                            LAT/LON1/LON2/DLON/H
   76   34   31   27   23   20   22   24   27   30   34   37   39   40   41   41
   38   35   33   29   26   23   22   19   20   19   23   24   28   29   34   33
   36   35   38   36   36   34   36   34   36   35   38   38   39   38   41   40
   40   38   40   39   40   41   44   46   49   53   57   60   62   67   68   70
   69   68   68   66   64   56   62   72   76                                   
    70.0-180.0 180.0   5.0 450.0                            LAT/LON1/LON2/DLON/H
   79   41   31   27   23   17   20   19   25   25   31   33   37   36   38   36
   36   31   31   26   24   20   20   18   21   20   27   26   33   32   38   36
   39   35   37   33   33   29   30   27   29   27   31   29   32   31   35   33
   37   33   39   37   42   43   50   52   57   60   66   69   74   76   80   79
   81   79   81   79   77   66   69   80   79                                   
    67.5-180.0 180.0   5.0 450.0                            LAT/LON1/LON2/DLON/H
   93   46   41   39   29   23   21   21   23   25   29   32   35   35   35   34
   34   31   30   26   24   21   22   20   24   24   30   32   37   38   42   40
   41   37   37   31   30   25   26   22   25   22   27   25   29   28   32   31
   35   35   39   42   47   52   57   62   67   72   77   82   86   90   91   92
   91   90   91   89   87   79   84   85   93                                   
    65.0-180.0 180.0   5.0 450.0                            LAT/LON1/LON2/DLON/H
   95   55   48   44   34   26   23   22   23   24   27   29   32   30   31   30
   30   28   27   24   22   19   20   20   25   26   33   34   40   40   43   41
   41   36   35   29   26   22   21   19   19   18   22   21   25   25   30   30
   35   36   43   46   56   60   68   73   81   85   92   96  101  102  104  103
  102  100   99   98   96   86   90   92   95                                   
    62.5-180.0 180.0   5.0 450.0                            LAT/LON1/LON2/DLON/H
  108   63   57   54   42   33   27   27   24   26   26   29   29   29   29   28
   28   27   25   23   20   18   19   19   24   27   33   36   39   41   41   40
   39   34   33   26   25   20   20   18   20   19   23   23   27   27   31   32
   38   42   49   57   66   75   82   89   96  102  108  112  114  116  115  113
  108  106  103  102  100   95   99   96  108                                   
    60.0-180.0 180.0   5.0 450.0                            LAT/LON1/LON2/DLON/H
  108   73   65   59   47   37   31   28   26   25   25   25   27   24   26   24
   25   22   21   18   16   13   15   16   22   25   31   33   38   37   38   35
   35   31   30   26   24   21   19   19   19   20   24   24   28   29   33   34
   42   47   58   67   80   87   98  103  112  118  123  125  127  127  125  122
  116  112  108  106  104   95  102  102  108                                   
    57.5-180.0 180.0   5.0 450.0                            LAT/LON1/LON2/DLON/H
  119   83   75   68   55   44   35   31   27   26   24   23   23   21   23   21
   23   21   19   16   14   11   12   13   19   23   28   30   33   32   33   30
   31   27   28   25   26   23   25   23   26   25   30   29   33   33   38   40
   49   56   69   81   93  103  112  120  127  133  136  137  137  136  132  129
  123  118  114  111  108  105  109  106  119                                   
    55.0-180.0 180.0   5.0 450.0                            LAT/LON1/LON2/DLON/H
  123   95   85   75   62   50   41   34   31   26   26   23   22   19   21   19
   22   18   19   14   13    9   12   13   20   23   30   31   34   31   32   29
   31   29   33   31   33   30   32   30   32   32   36   35   39   38   44   47
   57   68   84   95  109  119  129  134  141  144  147  145  146  145  143  140
  134  130  125  122  117  109  116  116  123                                   
    52.5-180.0 180.0   5.0 450.0                            LAT/LON1/LON2/DLON/H
  137  109   96   87   71   58   47   38   32   28   24   22   21   19   20   19
   21   20   20   17   15   12   15   16   23   27   33   33   35   32   32   28
   32   31   37   37   41   39   41   39   42   41   44   42   44   45   51   56
   68   83   97  111  125  135  142  148  151  154  154  154  153  154  151  148
  143  140  136  132  129  127  129  125  137                                   
    50.0-180.0 180.0   5.0 450.0                            LAT/LON1/LON2/DLON/H
  144  121  107   97   83   70   56   45   38   31   27   24   23   20   21   19
   22   20   22   18   19   17   21   24   32   36   41   41   43   37   38   34
   39   39   47   47   53   50   52   50   53   50   53   50   53   55   61   69
   83   99  115  130  143  149  155  160  163  164  163  162  165  164  164  161
  158  155  152  150  145  137  139  135  144                                   
    47.5-180.0 180.0   5.0 450.0                            LAT/LON1/LON2/DLON/H
  159  136  123  113   98   84   70   55   46   37   32   28   25   24   23   22
   23   23   25   24   26   26   32   35   44   47   52   52   51   45   44   40
   44   46   54   56   62   60   62   59   62   59   61   59   61   64   72   82
   98  115  131  145  156  164  169  172  173  173  170  171  171  173  173  171
  167  166  163  162  158  157  151  144  159                                   
    45.0-180.0 180.0   5.0 450.0                            LAT/LON1/LON2/DLON/H
  165  142  129  122  110   97   82   66   55   46   39   36   33   30   28   25
   27   26   30   30   34   37   45   49   58   60   66   62   62   54   54   48
   53   54   63   65   70   69   71   69   70   68   69   68   70   75   84   96
  114  132  146  156  166  175  179  181  179  179  175  175  177  179  179  177
  177  175  173  172  167  160  155  149  165                                   
    42.5-180.0 180.0   5.0 450.0                            LAT/LON1/LON2/DLON/H
  169  147  134  131  119  107   93   78   66   55   49   44   41   38   34   31
   30   31   35   39   45   50   58   63   70   73   74   71   67   61   57   53
   56   58   66   68   74   72   75   73   76   74   76   75   79   84   94  109
  128  143  155  163  172  178  181  182  180  179  174  176  178  180  178  178
  177  176  173  171  167  165  156  150  169                                   
    40.0-180.0 180.0   5.0 450.0                            LAT/LON1/LON2/DLON/H
  163  139  127  126  120  111   99   86   74   65   58   56   54   50   45   41
   40   41   45   51   59   65   73   77   83   81   81   75   72   65   61   57
   60   62   69   71   75   76   77   78   78   80   82   83   87   94  105  122
  139  152  161  168  176  182  184  185  185  183  180  181  184  185  182  183
  180  179  174  173  164  157  150  147  163                                   
    37.5-180.0 180.0   5.0 450.0                            LAT/LON1/LON2/DLON/H
  155  129  118  121  114  109   99   90   80   72   69   66   66   62   58   52
   50   50   57   64   73   81   87   90   89   86   81   75   70   65   62   58
   61   62   69   70   75   74   77   77   81   84   89   91   96  103  117  132
  147  156  164  169  177  183  188  191  191  190  187  191  191  193  187  187
  184  181  175  171  163  156  147  141  155                                   
    35.0-180.0 180.0   5.0 450.0                            LAT/LON1/LON2/DLON/H
  147  116  103  104  101   98   93   89   82   78   75   76   77   77   73   68
   66   68   74   82   91   97   99   98   95   88   81   75   70   67   64   64
   64   67   69   72   73   76   76   79   82   89   93   98  105  112  126  140
  153  162  167  174  184  193  202  204  207  205  203  204  206  209  205  205
  201  197  191  185  171  158  147  143  147                                   
    32.5-180.0 180.0   5.0 450.0                            LAT/LON1/LON2/DLON/H
  145  109   94   92   85   85   81   81   78   77   78   80   86   86   86   81
   80   82   89   97  103  107  105  102   94   86   78   73   70   68   68   66
   68   68   72   71   74   73   76   78   85   91   98  103  109  120  134  146
  159  165  172  180  193  206  217  222  226  224  221  222  227  231  230  232
  229  223  215  208  194  178  163  154  145                                   
    30.0-180.0 180.0   5.0 450.0                            LAT/LON1/LON2/DLON/H
  152  117   93   84   76   73   70   73   73   75   77   83   89   95   96   96
   96   99  105  110  113  114  109  103   94   88   80   78   76   79   78   78
   77   77   75   75   74   75   76   79   85   93  100  106  114  125  141  155
  166  174  180  192  210  227  242  248  253  251  251  253  260  266  268  273
  272  268  257  246  229  211  193  177  152                                   
    27.5-180.0 180.0   5.0 450.0                            LAT/LON1/LON2/DLON/H
  177  139  110   95   77   71   64   67   66   70   74   80   88   95  101  102
  106  108  112  115  115  113  107  100   94   89   86   84   88   89   92   90
   89   87   84   78   77   74   78   78   87   92  103  107  118  131  148  162
  176  182  194  207  231  252  271  280  287  285  283  286  293  304  315  326
  330  327  317  303  285  262  242  218  177                                   
    25.0-180.0 180.0   5.0 450.0                            LAT/LON1/LON2/DLON/H
  208  166  132  110   91   79   69   68   64   69   69   76   84   94  101  105
  108  110  112  112  110  107  102   98   96   97   96   99  103  106  107  106
  102   99   92   86   80   79   78   80   86   92  100  106  118  133  151  166
  180  191  205  227  253  280  303  315  319  319  317  319  329  345  358  373
  383  388  379  368  352  324  295  272  208                                   
    22.5-180.0 180.0   5.0 450.0                            LAT/LON1/LON2/DLON/H
  261  211  172  143  118  101   88   82   74   73   70   74   78   89   96  101
  105  105  107  103  101   95   96   95  101  104  109  111  117  119  120  118
  113  107   99   93   86   80   81   81   87   90   99  104  120  139  162  177
  194  204  228  250  282  311  337  350  353  351  349  354  366  383  401  421
  434  443  441  431  423  400  364  345  261                                   
    20.0-180.0 180.0   5.0 450.0                            LAT/LON1/LON2/DLON/H
  329  261  215  176  150  127  111  100   91   85   77   76   78   86   90   96
   97   95   94   90   87   87   92  100  108  118  124  129  130  132  129  127
  119  113  102   97   87   83   79   81   82   86   92   99  118  144  169  190
  206  223  249  277  308  340  363  375  375  378  375  386  398  417  438  464
  478  489  489  487  480  462  425  407  329                                   
    17.5-180.0 180.0   5.0 450.0                            LAT/LON1/LON2/DLON/H
  395  324  269  227  194  166  145  128  115  108   96   92   86   90   90   92
   91   86   85   79   81   83   97  105  121  132  138  142  141  139  135  129
  122  113  105   98   89   82   80   77   80   81   90   98  126  153  187  204
  227  243  275  303  333  362  381  393  397  400  403  412  426  443  467  491
  505  516  517  518  521  511  481  461  395                                   
    15.0-180.0 180.0   5.0 450.0                            LAT/LON1/LON2/DLON/H
  448  393  331  278  244  213  181  160  141  129  118  113  103  101   95   94
   87   82   77   76   79   90  104  120  134  146  151  153  147  145  136  132
  119  114  102   98   88   83   77   75   74   75   86   99  131  164  195  216
  238  259  290  319  347  373  391  404  411  420  426  437  449  468  484  503
  514  521  524  530  539  532  521  502  448                                   
    12.5-180.0 180.0   5.0 450.0                            LAT/LON1/LON2/DLON/H
  481  431  382  343  302  264  228  205  181  165  149  143  131  124  113  106
   96   87   83   82   91  101  119  135  150  161  163  161  152  144  137  127
  120  110  104   95   89   80   77   74   73   74   86  106  141  174  205  225
  250  270  300  328  354  378  394  406  416  429  438  449  461  473  484  495
  503  508  512  520  532  536  529  516  481                                   
    10.0-180.0 180.0   5.0 450.0                            LAT/LON1/LON2/DLON/H
  498  461  416  387  358  324  277  247  222  205  184  172  162  152  137  127
  113  105   99  102  110  124  141  155  169  176  173  165  151  144  131  125
  112  109   98   95   88   83   78   76   75   77   91  113  148  179  208  228
  252  273  304  328  354  375  389  406  419  436  446  460  469  478  481  488
  489  493  497  503  516  520  528  524  498                                   
     7.5-180.0 180.0   5.0 450.0                            LAT/LON1/LON2/DLON/H
  493  471  441  418  393  364  323  292  265  247  228  217  200  187  167  154
  140  133  128  131  139  152  164  178  185  187  179  167  154  142  133  122
