data/unet/pred2770.15i
     1.0            IONOSPHERE MAPS     GNSS                IONEX VERSION / TYPE
pyspatialgeodesy        IME             05-JAN-18 20:20     PGM / RUN BY / DATE 
Map Name                                                    COMMENT             
Predicted global ionosphere maps (GIM).                     DESCRIPTION         
  2015    10     4     0     0     0                        EPOCH OF FIRST MAP  
  2015    10     5     0     0     0                        EPOCH OF LAST MAP   
  7200                                                      INTERVAL            
    13                                                      # OF MAPS IN FILE   
  NONE                                                      MAPPING FUNCTION    
10.0                                                        ELEVATION CUTOFF    
One-way carrier phase leveled to code                       OBSERVABLES USED    
  6371.0                                                    BASE RADIUS         
 2                                                          MAP DIMENSION       
   450.0 450.0   0.0                                        HGT1 / HGT2 / DHGT  
    87.5 -87.5  -2.5                                        LAT1 / LAT2 / DLAT  
  -180.0 180.0   5.0                                        LON1 / LON2 / DLON  
    -1                                                      EXPONENT            
                                                            END OF HEADER       
[from data line 2145]
     6                                                      START OF TEC MAP    
  2015    10     4    10     0     0                        EPOCH OF CURRENT MAP
    87.5-180.0 180.0   5.0 450.0                            LAT/LON1/LON2/DLON/H
   62   84   77   82   77   78   75   77   75   77   75   76   75   76   76   76
   76   77   76   76   76   77   76   77   76   78   77   77   77   78   77   78
   77   79   78   78   78   79   77   79   77   79   77   78   76   78   75   77
   74   75   72   73   71   72   69   70   68   69   67   68   66   68   66   68
   67   69   68   72   72   71   71   69   62                                   
    85.0-180.0 180.0   5.0 450.0                            LAT/LON1/LON2/DLON/H
   82   80   83   83   84   81   85   83   85   82   83   81   82   79   81   80
   81   79   83   82   84   83   87   87   89   89   92   92   94   94   96   96
   98   96   99   97   99   96   99   96   97   94   95   92   92   89   90   87
   87   84   84   81   81   77   77   74   74   71   71   70   70   69   70   69
   70   70   73   72   74   75   85   76   82                                   
    82.5-180.0 180.0   5.0 450.0                            LAT/LON1/LON2/DLON/H
   73   80   81   84   82   80   83   83   83   82   81   80   78   77   76   75
   75   74   76   75   78   77   81   82   86   86   90   91   94   94   97   96
   99   97  100   99  101   99  102  100  100   97   98   94   95   90   91   86
   87   82   81   78   76   73   70   68   65   63   60   60   58   58   56   58
   57   59   59   61   63   66   71   67   73                                   
    80.0-180.0 180.0   5.0 450.0                            LAT/LON1/LON2/DLON/H
   68   72   72   74   74   75   75   75   73   71   68   67   63   61   58   59
   55   56   55   59   60   62   66   70   75   76   82   84   89   89   93   94
   97   96  100  100  102  101  103  102  104  102  103  102  102   98   98   95
   94   89   87   83   81   76   73   69   65   63   59   58   55   54   52   52
   50   52   51   52   52   55   62   62   68                                   
    77.5-180.0 180.0   5.0 450.0                            LAT/LON1/LON2/DLON/H
   61   63   66   70   69   70   71   70   67   64   60   57   52   49   45   44
   41   40   42   44   47   50   56   60   66   69   75   78   81   83   87   90
   92   94   97  100  102  104  106  108  109  111  112  113  113  111  111  108
  106  101   99   95   91   87   82   79   74   71   67   64   61   59   56   55
   52   51   50   49   49   52   57   45   61                                   
    75.0-180.0 180.0   5.0 450.0                            LAT/LON1/LON2/DLON/H
   51   56   59   63   64   65   66   65   62   57   53   48   43   37   33   31
   28   29   29   34   36   42   46   53   57   63   67   72   74   79   81   88
   88   95   96  104  104  112  113  120  120  125  125  129  126  128  125  125
  120  119  113  111  105  102   96   93   87   83   80   76   72   68   65   61
   57   54   52   51   49   52   54   44   51                                   
    72.5-180.0 180.0   5.0 450.0                            LAT/LON1/LON2/DLON/H
   46   49   54   59   60   62   62   62   57   53   47   42   35   30   26   23
   21   21   25   28   33   38   44   49   55   59   65   68   72   75   79   84
   89   94   99  105  111  118  124  130  135  138  142  143  144  143  143  140
  137  133  130  126  122  117  112  107  101   96   92   87   82   78   73   68
   62   58   54   52   49   49   51   37   46                                   
    70.0-180.0 180.0   5.0 450.0                            LAT/LON1/LON2/DLON/H
   43   47   50   55   57   61   59   60   55   51   44   40   32   28   22   21
   18   21   22   29   31   40   43   51   55   61   64   69   72   77   80   88
   91  100  104  115  120  130  136  146  148  156  155  161  156  160  154  156
  149  148  142  141  134  131  125  121  115  110  105  101   95   90   84   78
   71   65   59   56   51   52   50   39   43                                   
    67.5-180.0 180.0   5.0 450.0                            LAT/LON1/LON2/DLON/H
   40   41   46   50   52   55   56   56   52   48   42   37   31   26   23   22
   22   24   27   31   36   41   47   51   56   60   65   67   72   74   80   87
   93  101  110  119  128  136  147  154  161  165  170  170  172  169  169  164
  163  157  155  149  146  139  134  127  123  117  113  108  102   96   89   83
   74   67   60   55   51   48   49   37   40                                   
    65.0-180.0 180.0   5.0 450.0                            LAT/LON1/LON2/DLON/H
   42   43   44   48   48   52   52   54   50   47   42   39   33   31   28   29
   28   32   32   39   38   47   47   55   56   63   65   71   73   80   84   94
  100  110  118  130  138  148  156  167  171  178  180  184  182  183  178  178
  172  171  165  162  153  149  140  136  128  124  120  116  109  105   96   90
   81   73   67   62   55   53   51   42   42                                   
    62.5-180.0 180.0   5.0 450.0                            LAT/LON1/LON2/DLON/H
   44   40   43   44   45   45   48   48   46   42   40   37   35   33   34   35
   36   38   40   42   44   46   49   51   56   58   64   67   74   77   85   93
  103  113  124  133  144  152  162  168  176  181  187  188  191  188  188  185
  184  179  177  169  164  154  148  138  134  126  123  117  113  106   99   91
   83   75   69   63   59   55   56   46   44                                   
    60.0-180.0 180.0   5.0 450.0                            LAT/LON1/LON2/DLON/H
   52   47   45   45   43   44   43   46   43   42   39   39   37   38   39   41
   41   44   42   46   42   46   44   50   50   57   61   69   74   82   90  100
  111  121  133  143  154  161  171  176  183  188  195  196  198  197  196  195
  192  189  185  180  172  164  154  146  138  133  127  124  118  113  104   97
   89   82   78   74   69   67   62   56   52                                   
    57.5-180.0 180.0   5.0 450.0                            LAT/LON1/LON2/DLON/H
   59   50   49   45   42   40   40   39   39   36   37   36   37   37   40   42
   43   43   43   41   39   37   39   39   45   48   57   62   72   79   90  100
  112  124  136  145  155  163  172  179  186  193  199  201  204  205  206  203
  202  197  196  188  184  173  167  155  149  141  139  131  126  119  111  102
   94   87   84   80   78   73   73   64   59                                   
    55.0-180.0 180.0   5.0 450.0                            LAT/LON1/LON2/DLON/H
   73   60   56   51   46   44   41   41   37   37   35   37   36   39   40   42
   41   41   38   38   30   32   29   35   37   46   53   63   72   82   93  105
  118  130  143  154  164  171  181  187  195  202  209  213  214  217  217  217
  212  211  206  202  194  187  177  168  159  153  147  144  137  132  122  114
  105   98   95   92   91   90   85   82   73                                   
    52.5-180.0 180.0   5.0 450.0                            LAT/LON1/LON2/DLON/H
   83   68   64   58   51   47   44   41   38   35   35   34   36   36   38   39
   38   36   33   29   25   23   25   27   35   41   52   60   71   80   92  103
  117  130  143  154  164  174  182  191  198  208  216  220  225  227  228  224
  223  218  216  209  206  197  193  181  176  166  164  157  154  146  138  127
  117  109  104  101   99   98   96   93   83                                   
    50.0-180.0 180.0   5.0 450.0                            LAT/LON1/LON2/DLON/H
   98   79   74   67   61   57   52   51   45   43   38   40   37   39   37   38
   34   33   28   27   21   24   22   31   35   47   54   66   73   83   94  107
  122  135  148  160  171  180  190  199  210  219  228  234  238  241  240  238
  234  231  225  221  214  210  201  197  187  183  176  174  167  164  152  144
  130  123  116  114  110  111  106  106   98                                   
    47.5-180.0 180.0   5.0 450.0                            LAT/LON1/LON2/DLON/H
  108   87   82   77   70   66   62   59   54   49   46   44   42   41   39   38
   33   31   27   25   23   24   28   34   43   51   62   69   77   84   95  106
  121  135  147  160  172  184  195  207  218  231  239  246  250  251  251  245
  242  234  231  223  220  213  210  201  198  192  191  187  184  178  170  159
  146  135  127  121  116  116  116  113  108                                   
    45.0-180.0 180.0   5.0 450.0                            LAT/LON1/LON2/DLON/H
  116   93   88   84   80   77   73   72   64   62   55   55   49   50   45   44
   37   35   31   32   29   34   36   47   52   65   70   80   83   90   98  111
  126  139  152  168  180  192  206  219  233  244  252  259  262  263  262  257
  247  241  231  227  220  217  208  204  195  195  189  192  186  186  176  169
  154  146  133  128  121  121  118  119  116                                   
    42.5-180.0 180.0   5.0 450.0                            LAT/LON1/LON2/DLON/H
  115   95   91   90   85   84   81   79   75   70   67   63   61   58   55   50
   45   41   39   39   40   42   48   55   64   72   81   86   90   95  101  112
  125  139  153  168  184  198  215  230  246  257  265  271  272  272  271  263
  254  241  234  224  222  211  209  197  197  191  193  191  192  190  184  174
  163  148  137  125  117  114  117  115  115                                   
    40.0-180.0 180.0   5.0 450.0                            LAT/LON1/LON2/DLON/H
  114   94   90   89   87   88   86   86   81   80   75   76   72   72   67   63
   57   55   52   53   53   58   60   69   74   85   91   97   99  104  108  118
  131  144  159  176  194  209  230  244  262  272  279  284  284  285  282  277
  266  257  245  238  229  220  212  202  197  192  190  189  189  188  182  175
  161  151  134  128  115  111  108  109  114                                   
    37.5-180.0 180.0   5.0 450.0                            LAT/LON1/LON2/DLON/H
  104   90   86   87   85   87   86   85   83   81   82   81   84   81   81   74
   71   66   65   64   64   65   69   72   80   86   95  100  104  109  114  122
  133  147  163  182  202  221  243  260  276  289  296  301  301  300  299  291
  285  273  266  255  248  234  229  214  214  202  202  195  197  192  188  176
  165  149  136  121  113  103  102   97  104                                   
    35.0-180.0 180.0   5.0 450.0                            LAT/LON1/LON2/DLON/H
   98   86   82   81   79   80   80   82   80   82   83   88   91   94   93   90
   86   81   80   78   76   76   74   78   83   92  101  107  114  119  124  131
  142  155  173  193  214  234  256  273  289  301  311  318  320  323  320  319
  310  307  296  292  280  270  257  246  236  224  217  205  204  196  193  180
  166  150  135  125  112  102   92   92   98                                   
    32.5-180.0 180.0   5.0 450.0                            LAT/LON1/LON2/DLON/H
   92   83   74   75   71   74   71   73   73   74   79   84   94   96  101   95
   95   89   88   83   81   75   71   70   77   84   96  106  115  123  129  136
  147  162  180  201  224  245  267  285  301  316  328  337  346  351  357  354
  353  347  345  338  333  323  311  295  282  263  250  232  227  214  209  194
  179  159  143  126  118  103   94   86   92                                   
    30.0-180.0 180.0   5.0 450.0                            LAT/LON1/LON2/DLON/H
   95   85   74   69   65   65   65   66   67   69   76   83   96  100  107  103
  103   95   95   88   84   75   69   67   73   81   97  109  123  133  141  147
  157  172  191  213  238  257  279  295  310  326  340  358  370  386  395  402
  402  406  406  405  399  390  376  357  341  319  296  274  258  242  233  214
  198  175  158  143  130  114   99   90   95                                   
    27.5-180.0 180.0   5.0 450.0                            LAT/LON1/LON2/DLON/H
  102   91   75   70   64   65   62   63   62   65   69   77   90   96  105  101
  103   94   94   84   79   67   62   56   64   73   92  106  125  135  147  152
  164  180  201  225  251  273  292  309  327  344  364  384  407  426  443  454
  465  471  483  480  481  464  453  426  408  379  355  325  304  280  263  241
  221  195  180  160  150  129  114   99  102                                   
    25.0-180.0 180.0   5.0 450.0                            LAT/LON1/LON2/DLON/H
  111  102   86   76   71   69   67   66   66   65   70   75   88   92  104  100
  104   93   94   82   78   64   60   55   65   73   95  110  131  144  155  164
  177  194  219  243  272  289  309  326  346  368  389  415  438  466  484  507
  520  537  548  556  553  543  529  504  479  446  413  381  352  328  307  278
  254  227  206  189  175  150  133  120  111                                   
    22.5-180.0 180.0   5.0 450.0                            LAT/LON1/LON2/DLON/H
  123  119   99   92   84   83   80   78   73   71   70   74   80   87   94   92
   95   85   85   73   70   56   55   49   64   72   96  110  136  146  165  173
  190  209  239  265  295  310  329  349  371  395  419  446  473  501  522  545
  563  582  596  603  609  597  584  559  536  498  466  427  395  366  342  315
  285  254  231  213  200  173  156  139  123                                   
    20.0-180.0 180.0   5.0 450.0                            LAT/LON1/LON2/DLON/H
  141  142  123  112  106  103   99   94   89   81   77   74   79   79   88   84
   90   77   79   67   67   53   55   53   68   79  102  115  138  149  170  182
  204  229  264  290  317  331  352  366  393  413  442  469  497  525  542  562
  577  599  614  625  627  621  608  590  567  537  505  467  434  402  373  346
  314  289  264  252  234  206  188  178  141                                   
    17.5-180.0 180.0   5.0 450.0                            LAT/LON1/LON2/DLON/H
  169  168  154  144  135  129  122  113  105   95   86   79   77   74   78   75
   79   70   70   59   62   48   56   52   73   84  112  124  146  157  182  195
  221  248  286  316  344  357  375  389  412  434  462  489  517  536  551  564
  577  594  607  615  614  609  596  582  564  542  516  486  452  423  390  365
  330  309  290  282  267  246  219  205  169                                   
    15.0-180.0 180.0   5.0 450.0                            LAT/LON1/LON2/DLON/H
  196  194  183  170  162  153  144  131  120  105   95   84   79   71   74   69
   73   63   66   54   57   46   54   57   80   96  123  133  152  164  191  209
  243  274  311  342  369  383  401  407  432  450  479  505  527  546  551  559
  562  573  580  582  580  569  558  545  537  521  510  478  452  417  391  362
  334  317  304  301  294  271  252  245  196                                   
    12.5-180.0 180.0   5.0 450.0                            LAT/LON1/LON2/DLON/H
  234  220  208  201  189  180  166  151  135  119  105   90   82   71   71   67
   71   63   64   51   53   41   54   61   92  109  135  145  161  175  202  221
  257  287  331  362  390  408  422  431  450  467  489  513  532  546  549  547
  548  548  550  547  540  531  517  510  505  499  489  470  444  416  387  364
  332  320  308  312  306  299  280  267  234                                   
    10.0-180.0 180.0   5.0 450.0                            LAT/LON1/LON2/DLON/H
  262  242  228  214  207  194  181  159  145  120  112   94   88   77   76   70
   75   66   66   54   54   44   60   70  102  117  142  151  171  188  215  237
  273  301  342  370  398  414  432  440  459  475  496  520  535  547  542  539
  531  529  527  521  515  501  492  484  486  480  481  459  443  411  386  358
  329  314  306  310  313  304  298  290  262                                   
     7.5-180.0 180.0   5.0 450.0                            LAT/LON1/LON2/DLON/H
  286  261  246  233  219  205  192  167  148  127  114   98   89   78   79   73
   78   70   73   59   62   53   70   80  108  125  145  157  175  192  218  245
