data/unet/pred3120.15i
     1.0            IONOSPHERE MAPS     GNSS                IONEX VERSION / TYPE
pyspatialgeodesy        IME             05-JAN-18 20:20     PGM / RUN BY / DATE 
Map Name                                                    COMMENT             
Predicted global ionosphere maps (GIM).                     DESCRIPTION         
  2015    11     8     0     0     0                        EPOCH OF FIRST MAP  
  2015    11     9     0     0     0                        EPOCH OF LAST MAP   
  7200                                                      INTERVAL            
    13                                                      # OF MAPS IN FILE   
  NONE                                                      MAPPING FUNCTION    
10.0                                                        ELEVATION CUTOFF    
One-way carrier phase leveled to code                       OBSERVABLES USED    
  6371.0                                                    BASE RADIUS         
 2                                                          MAP DIMENSION       
   450.0 450.0   0.0                                        HGT1 / HGT2 / DHGT  
    87.5 -87.5  -2.5                                        LAT1 / LAT2 / DLAT  
  -180.0 180.0   5.0                                        LON1 / LON2 / DLON  
    -1                                                      EXPONENT            
                                                            END OF HEADER       
[from data line 3432]
     9                                                      START OF TEC MAP    
  2015    11     8    16     0     0                        EPOCH OF CURRENT MAP
    87.5-180.0 180.0   5.0 450.0                            LAT/LON1/LON2/DLON/H
   81   91   92   93   94   92   93   92   92   91   92   91   92   90   92   90
   91   89   91   89   90   89   90   89   90   89   90   90   90   89   90   89
   90   89   89   88   89   87   87   87   87   86   87   86   88   87   87   87
   89   88   89   89   90   90   90   90   91   90   91   90   91   91   91   91
   92   91   92   92   93   90   93  101   81                                   
    85.0-180.0 180.0   5.0 450.0                            LAT/LON1/LON2/DLON/H
   66   73   69   72   74   73   74   74   74   73   74   74   74   74   74   75
   74   75   74   76   74   75   74   75   72   74   72   74   71   72   70   70
   69   68   67   66   66   65   64   63   65   64   64   64   66   66   66   67
   68   69   70   72   72   74   73   75   74   75   73   75   74   74   73   74
   74   74   74   73   72   71   71   68   66                                   
    82.5-180.0 180.0   5.0 450.0                            LAT/LON1/LON2/DLON/H
   64   52   55   55   56   55   58   57   58   57   60   59   61   60   63   61
   64   62   66   65   67   65   67   66   66   64   65   63   64   61   62   60
   60   58   58   56   56   54   54   51   52   51   52   50   53   53   55   56
   58   60   61   63   64   66   66   66   66   66   65   64   64   63   62   62
   60   60   59   58   56   51   63   52   64                                   
    80.0-180.0 180.0   5.0 450.0                            LAT/LON1/LON2/DLON/H
   51   45   46   47   47   48   49   50   50   51   52   54   55   56   57   59
   59   61   61   64   62   66   63   67   63   66   62   65   61   63   59   60
   57   57   53   53   50   50   47   47   45   46   43   45   45   48   48   51
   53   57   57   61   62   65   64   66   64   65   63   63   60   59   57   56
   53   53   50   48   47   45   51   46   51                                   
    77.5-180.0 180.0   5.0 450.0                            LAT/LON1/LON2/DLON/H
   43   42   45   40   45   43   48   46   49   46   50   48   50   48   51   50
   53   52   56   56   60   60   63   63   66   65   67   66   67   65   65   63
   62   59   59   55   54   51   50   47   47   44   45   43   47   46   50   50
   55   57   62   63   66   66   68   66   67   65   65   61   61   55   57   51
   52   47   49   43   44   36   40   40   43                                   
    75.0-180.0 180.0   5.0 450.0                            LAT/LON1/LON2/DLON/H
   38   40   40   40   42   41   45   42   46   43   45   43   45   44   46   47
   48   50   53   57   59   63   65   69   69   72   72   73   72   72   71   70
   68   66   64   61   57   55   50   48   46   44   44   42   45   45   49   50
   55   58   62   65   67   67   68   67   66   63   62   59   57   54   53   49
   49   46   47   42   44   43   47   43   38                                   
    72.5-180.0 180.0   5.0 450.0                            LAT/LON1/LON2/DLON/H
   41   43   44   41   41   41   44   42   45   42   44   42   45   42   45   44
   49   50   55   58   65   69   75   78   81   82   83   84   82   80   79   77
   74   72   70   66   62   58   52   48   44   41   40   38   40   41   45   48
   53   58   61   65   65   67   65   64   63   60   59   56   56   53   53   49
   51   48   50   46   47   45   44   43   41                                   
    70.0-180.0 180.0   5.0 450.0                            LAT/LON1/LON2/DLON/H
   45   46   44   43   45   43   46   43   46   44   46   44   46   44   46   48
   51   54   60   67   74   81   89   93   95   95   94   93   90   87   85   83
   81   79   77   74   68   65   56   52   44   41   38   37   37   39   42   47
   50   56   58   63   61   63   60   59   57   55   53   52   52   50   51   49
   52   50   53   50   53   51   52   50   45                                   
    67.5-180.0 180.0   5.0 450.0                            LAT/LON1/LON2/DLON/H
   49   49   45   43   42   43   45   45   48   46   50   48   52   49   52   52
   58   61   71   78   89   98  106  111  112  111  108  106  100   97   93   91
   88   87   85   81   76   70   62   55   47   39   38   34   38   37   44   45
   52   53   59   57   60   54   56   50   52   47   49   47   49   48   50   49
   51   51   53   52   54   51   51   48   49                                   
    65.0-180.0 180.0   5.0 450.0                            LAT/LON1/LON2/DLON/H
   46   43   42   41   42   42   44   44   47   48   51   52   55   54   56   58
   63   69   79   90  104  115  124  127  127  126  121  117  111  106  101   98
   95   95   92   89   83   78   68   62   51   45   39   37   36   39   42   46
   47   52   52   53   51   50   48   45   46   43   45   43   45   44   47   45
   49   49   53   50   54   52   53   50   46                                   
    62.5-180.0 180.0   5.0 450.0                            LAT/LON1/LON2/DLON/H
   43   37   34   33   32   34   38   39   46   46   53   53   60   58   63   65
   74   79   93  103  120  129  138  140  139  138  133  128  122  119  113  111
  107  105  102   98   93   84   75   67   57   48   43   37   38   35   41   41
   47   44   50   44   47   39   42   37   40   37   40   41   42   42   42   42
   43   44   45   46   47   44   47   39   43                                   
    60.0-180.0 180.0   5.0 450.0                            LAT/LON1/LON2/DLON/H
   38   27   27   23   27   28   34   35   41   44   52   54   61   62   69   74
   82   90  105  117  132  142  150  151  150  148  144  139  134  129  125  121
  119  116  112  107  101   92   82   74   63   56   47   44   41   42   42   44
   43   44   42   41   39   36   36   34   38   37   40   39   42   39   40   37
   39   38   42   39   42   41   44   32   38                                   
    57.5-180.0 180.0   5.0 450.0                            LAT/LON1/LON2/DLON/H
   30   22   17   18   16   19   24   28   36   39   50   55   65   66   77   80
   94   98  118  124  142  148  158  155  156  152  151  147  144  142  139  137
  132  128  122  115  109  100   90   81   71   63   56   51   48   45   46   44
   45   40   42   36   37   32   35   34   38   39   41   43   42   41   39   36
   34   34   33   35   34   34   37   22   30                                   
    55.0-180.0 180.0   5.0 450.0                            LAT/LON1/LON2/DLON/H
   33   22   22   13   15   15   21   24   32   38   50   55   67   70   83   89
  103  110  127  134  150  155  164  161  161  156  154  154  154  155  155  153
  151  145  137  126  119  109  101   91   83   76   69   65   60   58   54   54
   49   47   43   40   39   38   40   41   45   46   48   47   48   44   43   38
   37   33   34   32   34   35   40   22   33                                   
    52.5-180.0 180.0   5.0 450.0                            LAT/LON1/LON2/DLON/H
   33   30   25   24   19   18   21   25   34   36   51   56   71   74   91   97
  116  119  139  142  157  155  164  160  162  155  158  158  163  164  168  166
  165  157  149  136  128  118  110  103   97   90   86   82   77   73   69   64
   59   54   53   49   49   47   51   53   58   59   60   61   58   54   48   45
   41   37   37   37   38   39   45   28   33                                   
    50.0-180.0 180.0   5.0 450.0                            LAT/LON1/LON2/DLON/H
   55   50   49   37   35   29   31   31   39   42   55   60   75   81   98  106
  125  131  149  150  162  160  167  163  163  159  162  164  171  175  183  181
  181  169  162  147  139  127  121  115  110  105  102   99   95   90   85   80
   73   69   64   62   62   62   65   67   71   72   74   70   70   64   61   54
   52   48   48   47   49   52   60   43   55                                   
    47.5-180.0 180.0   5.0 450.0                            LAT/LON1/LON2/DLON/H
   68   70   67   62   53   46   45   44   52   51   66   69   88   91  111  123
  143  149  164  163  173  165  170  161  164  160  166  168  178  182  191  188
  187  176  169  155  147  137  132  126  124  120  118  115  111  105   99   93
   88   83   82   80   80   80   84   85   88   89   89   88   84   80   74   69
   64   61   60   61   61   63   71   61   68                                   
    45.0-180.0 180.0   5.0 450.0                            LAT/LON1/LON2/DLON/H
   89   87   85   78   73   63   62   58   65   64   78   78   98  101  126  135
  157  162  172  174  177  172  173  167  168  169  173  177  185  187  198  190
  192  178  174  160  155  145  141  135  133  129  127  124  121  115  109  103
   98   96   94   93   93   94   98   98  102  102  102   99   98   93   90   83
   81   75   74   71   73   76   87   79   89                                   
    42.5-180.0 180.0   5.0 450.0                            LAT/LON1/LON2/DLON/H
   94   97   99   99   93   85   81   77   83   83   97  100  117  121  146  157
  174  176  185  185  187  179  181  174  178  177  182  184  191  188  194  187
  188  178  176  167  162  156  152  145  142  135  133  129  126  118  113  108
  105  103  103  101  101  100  102  103  105  106  105  105  104  102   99   95
   91   87   82   81   76   79   89   87   94                                   
    40.0-180.0 180.0   5.0 450.0                            LAT/LON1/LON2/DLON/H
   93   93   97   95   93   87   87   85   93   96  113  117  139  142  165  174
  187  195  198  200  195  189  187  184  189  191  195  196  198  191  193  184
  189  179  182  175  175  168  165  156  151  140  136  131  128  121  114  111
  107  107  104  105  102  102  103  104  107  107  108  108  109  107  108  104
  100   95   90   83   80   79   88   85   93                                   
    37.5-180.0 180.0   5.0 450.0                            LAT/LON1/LON2/DLON/H
   79   85   93   96  100   95   96   97  104  111  128  140  162  165  185  192
  205  208  211  211  206  202  202  198  206  204  211  207  206  193  195  188
  193  190  195  194  194  189  183  172  162  149  141  134  130  122  118  113
  111  109  108  106  103  101  100  102  102  105  105  107  108  108  107  104
   99   92   84   78   71   70   75   72   79                                   
    35.0-180.0 180.0   5.0 450.0                            LAT/LON1/LON2/DLON/H
   59   66   77   77   83   79   86   91  104  116  141  157  183  187  206  216
  226  232  229  233  224  221  214  213  220  222  228  222  220  206  207  200
  213  213  223  224  227  219  209  192  179  160  150  139  135  129  122  118
  113  113  109  107  103  103  101  103  105  108  109  109  110  110  109  105
   99   90   81   70   66   63   63   57   59                                   
    32.5-180.0 180.0   5.0 450.0                            LAT/LON1/LON2/DLON/H
   32   49   59   64   69   69   78   85  104  121  153  176  203  208  226  234
  243  242  241  243  239  237  233  231  238  238  246  243  240  230  236  237
  252  260  270  275  272  260  244  223  203  183  167  154  149  139  134  127
  125  119  117  111  108  105  106  107  112  113  114  113  112  109  106  102
   94   84   75   67   63   57   53   42   32                                   
    30.0-180.0 180.0   5.0 450.0                            LAT/LON1/LON2/DLON/H
   26   34   44   45   47   46   60   73   96  124  160  186  216  227  249  257
  266  268  263  268  256  261  248  248  248  254  262  262  266  263  273  282
  303  313  325  327  321  304  281  258  234  211  193  177  168  161  156  151
  146  142  135  130  123  121  120  123  125  127  125  123  119  116  111  108
   99   92   84   77   71   64   54   43   26                                   
    27.5-180.0 180.0   5.0 450.0                            LAT/LON1/LON2/DLON/H
   28   36   39   34   35   28   40   55   86  125  162  198  227  243  260  268
  278  276  275  275  272  272  265  261  263  267  277  285  295  301  318  340
  363  380  389  387  375  351  320  292  268  245  228  212  203  193  191  185
  179  172  166  159  154  148  147  147  148  145  142  135  130  123  119  115
  111  108  103   98   91   85   66   54   28                                   
    25.0-180.0 180.0   5.0 450.0                            LAT/LON1/LON2/DLON/H
   51   48   42   35   28   24   27   42   72  107  161  201  235  253  276  287
  299  302  299  307  299  298  283  278  274  278  286  302  316  331  352  385
  419  445  447  446  417  391  350  323  299  282  266  256  245  239  233  228
  222  215  206  199  192  187  183  183  181  179  169  161  147  140  128  131
  125  129  121  123  115  114   97   80   51                                   
    22.5-180.0 180.0   5.0 450.0                            LAT/LON1/LON2/DLON/H
   83   74   59   45   36   34   36   50   75  111  155  205  236  262  280  298
  313  310  313  316  315  309  297  289  285  286  302  318  343  360  397  442
  485  512  512  499  460  426  385  359  336  322  310  300  294  288  284  282
  277  267  255  238  228  213  209  200  199  190  187  182  183  167  159  152
  154  148  145  146  142  139  126  112   83                                   
    20.0-180.0 180.0   5.0 450.0                            LAT/LON1/LON2/DLON/H
  119   92   84   67   51   49   59   69   91  120  161  208  242  269  295  314
  330  333  334  337  330  328  315  305  300  301  315  331  357  385  433  480
  531  553  550  525  479  445  402  383  360  353  340  336  328  329  325  327
  317  306  291  279  265  252  239  231  225  218  207  200  193  191  188  183
  179  180  174  169  161  152  143  142  119                                   
    17.5-180.0 180.0   5.0 450.0                            LAT/LON1/LON2/DLON/H
  146  117  109   91   73   71   77   93  115  147  180  222  253  284  308  334
  345  347  345  341  339  335  326  317  312  316  335  356  393  426  481  530
  575  589  583  550  508  470  439  421  401  391  381  372  368  357  360  353
  353  339  331  317  309  291  281  258  248  234  226  213  206  200  208  209
  212  204  203  189  182  162  160  163  146                                   
    15.0-180.0 180.0   5.0 450.0                            LAT/LON1/LON2/DLON/H
  153  120  109  108   94   92  103  120  140  171  201  241  271  303  331  359
  371  372  365  357  349  345  331  328  319  330  348  378  415  457  500  547
  584  596  584  556  513  486  457  446  430  420  410  398  384  380  376  377
  375  367  356  344  332  317  296  275  255  243  230  225  217  220  218  230
  225  221  211  196  182  167  159  165  153                                   
    12.5-180.0 180.0   5.0 450.0                            LAT/LON1/LON2/DLON/H
  149  124  113  108  102  109  123  145  167  198  225  265  295  325  356  385
  397  391  379  364  357  348  340  342  342  355  380  405  451  488  527  564
  593  602  590  562  533  508  493  479  470  454  439  419  405  395  393  392
  395  385  375  362  350  328  304  278  256  242  233  222  218  214  218  226
  226  219  211  197  183  164  157  154  149                                   
    10.0-180.0 180.0   5.0 450.0                            LAT/LON1/LON2/DLON/H
  139  117  105  105  101  114  136  162  194  226  254  294  322  357  390  420
  430  428  409  394  374  365  354  362  366  384  406  441  472  503  527  555
  572  583  570  555  529  518  501  495  479  464  435  421  398  397  384  393
  392  389  378  368  352  332  298  272  246  231  225  217  211  213  211  219
  215  206  195  179  166  150  143  136  139                                   
     7.5-180.0 180.0   5.0 450.0                            LAT/LON1/LON2/DLON/H
  117  105   98   96   97  110  139  169  205  240  273  317  348  386  422  450
  465  462  448  426  405  392  388  394  406  423  448  470  502  519  536  553
