data/unet/pred2500.15i
     1.0            IONOSPHERE MAPS     GNSS                IONEX VERSION / TYPE
pyspatialgeodesy        IME             05-JAN-18 20:20     PGM / RUN BY / DATE 
Map Name                                                    COMMENT             
Predicted global ionosphere maps (GIM).                     DESCRIPTION         
  2015     9     7     0     0     0                        EPOCH OF FIRST MAP  
  2015     9     8     0     0     0                        EPOCH OF LAST MAP   
  7200                                                      INTERVAL            
    13                                                      # OF MAPS IN FILE   
  NONE                                                      MAPPING FUNCTION    
10.0                                                        ELEVATION CUTOFF    
One-way carrier phase leveled to code                       OBSERVABLES USED    
  6371.0                                                    BASE RADIUS         
 2                                                          MAP DIMENSION       
   450.0 450.0   0.0                                        HGT1 / HGT2 / DHGT  
    87.5 -87.5  -2.5                                        LAT1 / LAT2 / DLAT  
  -180.0 180.0   5.0                                        LON1 / LON2 / DLON  
    -1                                                      EXPONENT            
                                                            END OF HEADER       
[from data line 4290]
    11                                                      START OF TEC MAP    
  2015     9     7    20     0     0                        EPOCH OF CURRENT MAP
    87.5-180.0 180.0   5.0 450.0                            LAT/LON1/LON2/DLON/H
  151  122  103  109  106  107  106  107  106  108  107  109  108  110  110  111
  111  112  112  112  112  112  112  111  110  109  108  107  106  105  104  103
  102  101  100   99   98   98   97   97   96   97   96   96   96   97   96   97
   97   98   98   99   99  100  100  101  101  103  102  103  103  104  104  105
  104  106  105  105  106  106  103  138  151                                   
    85.0-180.0 180.0   5.0 450.0                            LAT/LON1/LON2/DLON/H
  100   96   97  100  103   99  104  101  106  103  108  106  111  108  113  110
  115  111  116  112  116  111  115  109  113  106  109  103  106   99  102   95
   98   92   95   89   93   87   91   86   90   85   89   85   89   85   90   86
   90   87   91   88   92   89   93   91   95   92   96   94   97   95   98   95
   98   96   99   96  100   97   98  117  100                                   
    82.5-180.0 180.0   5.0 450.0                            LAT/LON1/LON2/DLON/H
   92   91   93   97   97   98   99  102  103  107  108  112  112  116  116  120
  119  122  121  124  121  123  119  120  116  116  111  111  106  106  101  101
   97   96   92   92   89   89   86   87   85   86   84   86   84   86   85   87
   87   89   88   91   89   92   91   94   92   95   93   96   94   96   94   95
   93   95   93   95   93   92   90  102   92                                   
    80.0-180.0 180.0   5.0 450.0                            LAT/LON1/LON2/DLON/H
   85   80   81   84   86   85   90   91   96   97  102  104  109  110  116  116
  120  120  123  121  123  121  122  118  118  114  113  108  107  101  100   95
   94   89   89   84   84   80   81   77   79   76   78   76   79   78   81   79
   83   82   85   83   86   85   88   86   89   87   90   87   90   87   89   87
   88   85   86   83   85   80   80   90   85                                   
    77.5-180.0 180.0   5.0 450.0                            LAT/LON1/LON2/DLON/H
   73   73   71   74   76   77   81   84   89   92   97  101  106  109  114  116
  121  121  124  124  125  123  124  121  119  115  114  108  106  101   98   93
   91   86   85   81   80   77   76   74   73   72   73   73   74   75   77   78
   79   80   82   82   83   83   84   84   84   84   84   84   84   84   83   83
   81   80   78   77   75   73   70   76   73                                   
    75.0-180.0 180.0   5.0 450.0                            LAT/LON1/LON2/DLON/H
   68   65   65   71   71   75   79   83   87   92   98  103  109  113  119  122
  126  127  130  130  131  130  130  127  124  121  117  112  108  103  100   95
   92   88   86   82   80   78   76   74   73   71   72   72   74   74   77   77
   79   80   81   80   81   81   81   80   81   80   81   80   81   81   82   80
   80   78   78   75   74   70   69   77   68                                   
    72.5-180.0 180.0   5.0 450.0                            LAT/LON1/LON2/DLON/H
   67   66   65   70   70   74   78   83   87   93  100  105  111  115  121  123
  127  128  131  130  132  129  130  126  125  120  116  110  107  102   98   95
   91   89   86   83   80   78   75   72   70   69   69   69   70   72   73   74
   75   77   77   76   76   75   75   73   73   73   73   73   74   75   76   76
   76   75   75   73   71   69   68   74   67                                   
    70.0-180.0 180.0   5.0 450.0                            LAT/LON1/LON2/DLON/H
   72   68   69   72   74   76   82   85   92   96  104  109  115  119  124  126
  130  130  133  132  133  131  131  127  125  119  115  108  105  100   96   93
   90   88   86   83   80   77   74   70   68   66   66   65   67   67   70   70
   72   72   72   70   70   67   67   64   65   64   66   65   68   69   72   71
   74   73   75   72   74   70   72   78   72                                   
    67.5-180.0 180.0   5.0 450.0                            LAT/LON1/LON2/DLON/H
   77   74   72   78   77   82   85   90   96  102  109  115  121  125  129  130
  133  132  134  132  133  130  130  126  123  117  112  105  100   96   92   90
   87   86   84   81   78   75   71   67   63   61   59   60   60   62   63   64
   64   65   63   62   59   57   54   53   52   53   54   56   58   62   64   67
   68   70   71   72   72   71   74   78   77                                   
    65.0-180.0 180.0   5.0 450.0                            LAT/LON1/LON2/DLON/H
   82   78   79   82   84   85   91   93  101  106  114  119  126  129  133  133
  136  135  137  135  136  132  133  127  125  117  112  103   99   93   90   88
   86   85   82   80   77   73   69   64   60   57   56   55   56   57   59   58
   59   57   56   52   50   45   45   41   43   42   45   46   52   54   60   62
   66   67   71   70   76   74   78   86   82                                   
    62.5-180.0 180.0   5.0 450.0                            LAT/LON1/LON2/DLON/H
   87   85   83   88   88   91   94   99  106  112  120  126  131  134  137  138
  139  137  139  137  138  134  133  129  125  117  111  104   98   94   91   89
   87   86   83   80   77   72   67   62   57   55   52   52   52   53   53   53
   51   49   46   43   38   35   33   31   31   32   34   38   42   48   52   57
   59   63   65   69   72   73   79   86   87                                   
    60.0-180.0 180.0   5.0 450.0                            LAT/LON1/LON2/DLON/H
   88   87   88   92   94   94  100  103  110  115  122  128  133  136  139  140
  142  141  142  141  142  138  138  133  130  121  115  108  104   99   97   95
   92   90   87   84   80   75   70   65   61   58   56   56   55   54   54   51
   49   45   41   36   33   29   27   25   26   26   29   32   38   41   48   51
   57   59   65   66   74   74   81   92   88                                   
    57.5-180.0 180.0   5.0 450.0                            LAT/LON1/LON2/DLON/H
   91   94   93   98  100  101  105  109  115  120  127  131  136  138  142  143
  144  143  144  143  144  140  139  134  131  123  119  112  110  106  105  103
  102   98   95   91   86   81   77   73   68   66   64   63   61   59   57   53
   48   44   38   34   29   27   25   25   24   26   26   30   33   38   43   48
   52   57   61   66   71   73   81   91   91                                   
    55.0-180.0 180.0   5.0 450.0                            LAT/LON1/LON2/DLON/H
   93   96  100  105  107  109  112  114  119  123  129  133  137  140  142  144
  146  146  147  146  146  143  142  138  135  130  127  122  121  119  118  117
  114  110  106  101   96   92   88   84   81   80   78   76   74   71   67   62
   55   49   42   37   33   31   30   30   30   31   32   33   36   38   44   47
   53   57   64   67   75   76   84   99   93                                   
    52.5-180.0 180.0   5.0 450.0                            LAT/LON1/LON2/DLON/H
  100  105  107  115  118  119  122  124  128  131  135  138  141  143  146  148
  148  149  148  147  145  142  141  137  137  132  133  130  132  131  133  131
  129  123  119  113  109  104  101   98   96   95   94   91   88   84   78   71
   63   56   49   44   40   39   39   40   40   41   40   40   40   42   45   49
   54   60   67   72   77   80   87  101  100                                   
    50.0-180.0 180.0   5.0 450.0                            LAT/LON1/LON2/DLON/H
  107  111  117  125  129  131  133  134  137  138  141  142  145  146  149  150
  152  150  150  147  145  143  142  140  140  139  140  141  144  145  147  145
  142  137  132  125  121  117  115  113  112  111  110  107  104   98   92   84
   76   69   61   57   53   52   52   53   54   54   52   51   50   50   53   55
   62   67   76   81   88   89   97  113  107                                   
    47.5-180.0 180.0   5.0 450.0                            LAT/LON1/LON2/DLON/H
  118  123  127  139  142  145  148  148  150  151  152  153  154  156  156  159
  158  157  153  149  145  142  142  140  143  142  147  149  154  155  158  156
  154  147  143  136  133  129  128  125  125  123  122  119  115  110  103   96
   87   81   74   69   66   65   65   66   67   66   64   61   59   58   59   62
   67   74   83   90   97  100  105  121  118                                   
    45.0-180.0 180.0   5.0 450.0                            LAT/LON1/LON2/DLON/H
  129  131  138  148  153  157  159  160  162  162  164  163  165  165  168  168
  168  163  159  153  150  146  146  145  148  151  155  160  163  165  166  164
  161  156  151  146  144  141  140  138  136  135  132  129  125  119  113  106
  100   94   88   84   81   80   79   80   81   80   77   74   71   68   69   71
   78   85   96  104  112  116  119  136  129                                   
    42.5-180.0 180.0   5.0 450.0                            LAT/LON1/LON2/DLON/H
  141  141  144  156  160  165  168  171  174  176  177  180  180  182  181  183
  179  175  167  160  155  150  151  150  155  157  163  166  170  170  171  167
  166  160  158  153  153  149  148  144  142  138  136  131  128  122  118  113
  108  103   99   94   92   90   90   90   91   89   86   82   79   77   76   77
   82   90  103  114  123  127  131  147  141                                   
    40.0-180.0 180.0   5.0 450.0                            LAT/LON1/LON2/DLON/H
  149  147  151  159  164  169  174  178  182  185  189  191  195  195  199  196
  194  186  181  172  168  162  163  162  166  168  173  176  178  177  175  173
  170  168  167  165  163  160  157  153  148  145  141  138  133  128  125  120
  117  113  110  106  103  101  100  100  100   98   95   91   89   85   85   85
   91   99  113  125  136  141  145  159  149                                   
    37.5-180.0 180.0   5.0 450.0                            LAT/LON1/LON2/DLON/H
  156  153  151  159  165  170  176  181  188  193  199  205  209  213  213  213
  207  201  192  184  178  173  173  172  177  180  185  186  187  184  182  179
  179  178  180  178  177  170  166  158  152  147  144  139  136  131  128  125
  122  120  117  113  109  106  105  105  103  102   98   96   92   90   88   88
   91   99  113  128  141  148  151  167  156                                   
    35.0-180.0 180.0   5.0 450.0                            LAT/LON1/LON2/DLON/H
  156  155  154  159  164  170  177  184  192  199  208  215  223  226  229  226
  224  216  209  200  196  190  191  189  193  196  200  201  201  198  195  194
  195  196  199  197  194  187  178  172  162  159  152  150  143  140  134  131
  129  127  124  120  116  112  110  108  106  103  100   98   97   95   94   93
   97  104  118  133  146  155  160  174  156                                   
    32.5-180.0 180.0   5.0 450.0                            LAT/LON1/LON2/DLON/H
  160  158  155  160  164  170  176  186  195  205  215  226  234  240  241  241
  236  231  222  216  210  205  205  203  208  211  218  219  220  217  217  217
  219  222  224  220  213  203  191  182  173  166  161  157  150  144  138  135
  130  130  126  123  118  116  111  109  105  102   97   97   94   96   94   93
   95  102  115  131  147  158  162  179  160                                   
    30.0-180.0 180.0   5.0 450.0                            LAT/LON1/LON2/DLON/H
  165  167  164  166  168  174  182  191  202  212  224  235  246  251  254  252
  250  244  240  231  228  221  221  220  224  231  239  244  246  246  246  248
  252  254  257  249  238  220  205  195  183  180  173  171  161  155  146  141
  135  132  129  125  121  117  113  108  105   99   96   94   94   95   96   95
   98  105  119  135  152  163  170  189  165                                   
    27.5-180.0 180.0   5.0 450.0                            LAT/LON1/LON2/DLON/H
  179  178  175  176  178  184  192  202  213  224  235  249  257  265  266  267
  264  261  257  251  247  241  240  239  246  253  265  272  277  278  279  283
  286  289  286  274  256  235  217  203  195  189  186  180  171  163  151  144
  135  132  127  126  122  119  114  110  104   99   92   92   90   93   94   94
   96  104  117  135  153  167  173  196  179                                   
    25.0-180.0 180.0   5.0 450.0                            LAT/LON1/LON2/DLON/H
  192  196  195  196  197  205  212  223  232  244  255  266  275  281  285  286
  286  284  281  276  269  263  261  261  268  280  292  305  309  312  313  315
  318  314  310  289  270  240  223  208  203  197  194  187  178  167  155  145
  136  132  128  124  123  118  115  109  104   97   90   87   88   91   94   96
   99  106  121  138  159  173  185  209  192                                   
    22.5-180.0 180.0   5.0 450.0                            LAT/LON1/LON2/DLON/H
  206  209  206  214  218  227  237  245  256  263  274  284  292  301  304  308
  309  309  306  302  295  289  286  286  294  306  319  331  334  338  337  339
  338  334  321  298  269  241  220  209  204  202  197  191  180  171  157  145
  134  129  125  124  122  119  114  108  100   94   85   84   82   88   91   97
   99  109  123  143  162  179  188  217  206                                   
    20.0-180.0 180.0   5.0 450.0                            LAT/LON1/LON2/DLON/H
  217  228  230  238  243  254  261  273  280  290  297  305  314  322  328  334
  337  340  337  334  327  321  317  318  325  339  348  357  355  359  357  356
  351  339  324  293  261  231  213  205  201  200  193  188  176  166  154  142
  132  126  123  121  121  116  112  104   98   89   82   78   79   84   90   97
  102  112  129  148  168  185  198  225  217                                   
    17.5-180.0 180.0   5.0 450.0                            LAT/LON1/LON2/DLON/H
  224  237  239  253  259  271  280  293  300  310  317  326  335  346  355  363
  369  372  370  369  361  357  352  354  358  365  370  371  370  371  368  362
  352  337  317  284  250  221  206  197  196  191  189  181  172  160  150  139
  129  124  119  118  117  112  105   98   91   85   78   73   72   78   85   95
  101  112  128  148  166  186  200  228  224                                   
    15.0-180.0 180.0   5.0 450.0                            LAT/LON1/LON2/DLON/H
  227  248  252  266  273  288  298  316  322  335  341  354  364  378  387  398
  406  412  411  410  401  400  395  398  398  399  392  390  384  382  374  363
  350  332  306  273  240  217  203  196  194  188  184  175  167  156  148  138
  130  125  121  118  115  109  101   93   87   81   75   69   70   73   83   90
   99  111  127  148  168  184  201  227  227                                   
    12.5-180.0 180.0   5.0 450.0                            LAT/LON1/LON2/DLON/H
  225  246  255  269  283  295  311  328  339  351  360  373  386  401  413  425
  436  445  446  447  442  439  433  432  428  419  408  399  392  384  373  359
  342  321  293  262  235  214  202  194  192  184  181  171  164  154  148  138
  131  125  119  116  111  106   95   88   81   75   70   65   65   69   75   86
   94  107  121  141  161  180  200  225  225                                   
    10.0-180.0 180.0   5.0 450.0                            LAT/LON1/LON2/DLON/H
  221  248  257  272  282  298  313  332  344  359  368  383  395  415  424  441
  456  468  471  475  468  472  462  460  448  437  418  408  394  383  370  354
  335  313  287  262  239  220  208  199  195  187  182  173  167  158  150  141
  133  127  121  116  110  103   92   84   77   69   65   60   62   64   73   80
   90  102  118  138  157  173  195  220  221                                   
     7.5-180.0 180.0   5.0 450.0                            LAT/LON1/LON2/DLON/H
  218  249  261  274  286  300  317  335  348  363  374  388  400  418  432  447
  466  480  484  488  487  488  485  479  467  449  430  410  396  381  367  349
