data/unet/pred0730.15i
     1.0            IONOSPHERE MAPS     GNSS                IONEX VERSION / TYPE
pyspatialgeodesy        IME             05-JAN-18 20:20     PGM / RUN BY / DATE 
Map Name                                                    COMMENT             
Predicted global ionosphere maps (GIM).                     DESCRIPTION         
  2015     3    14     0     0     0                        EPOCH OF FIRST MAP  
  2015     3    15     0     0     0                        EPOCH OF LAST MAP   
  7200                                                      INTERVAL            
    13                                                      # OF MAPS IN FILE   
  NONE                                                      MAPPING FUNCTION    
10.0                                                        ELEVATION CUTOFF    
One-way carrier phase leveled to code                       OBSERVABLES USED    
  6371.0                                                    BASE RADIUS         
 2                                                          MAP DIMENSION       
   450.0 450.0   0.0                                        HGT1 / HGT2 / DHGT  
    87.5 -87.5  -2.5                                        LAT1 / LAT2 / DLAT  
  -180.0 180.0   5.0                                        LON1 / LON2 / DLON  
    -1                                                      EXPONENT            
                                                            END OF HEADER       
[from data line 4719]
    12                                                      START OF TEC MAP    
  2015     3    14    22     0     0                        EPOCH OF CURRENT MAP
    87.5-180.0 180.0   5.0 450.0                            LAT/LON1/LON2/DLON/H
  190  165  154  155  154  154  154  154  154  155  155  156  156  157  156  157
  156  156  155  154  153  152  150  150  148  148  146  145  144  144  142  142
  141  141  140  141  140  141  141  141  142  143  144  144  146  147  148  149
  150  151  153  154  155  156  157  158  159  160  161  162  162  162  162  163
  162  163  163  162  161  162  166  179  190                                   
    85.0-180.0 180.0   5.0 450.0                            LAT/LON1/LON2/DLON/H
  162  157  155  158  156  156  157  159  160  162  163  166  166  169  168  170
  168  169  167  166  163  161  158  156  152  150  145  144  139  139  134  134
  130  131  128  130  127  130  129  132  131  134  135  138  139  142  144  146
  148  150  153  155  157  158  160  162  162  164  164  166  165  167  166  167
  166  166  165  163  163  160  163  177  162                                   
    82.5-180.0 180.0   5.0 450.0                            LAT/LON1/LON2/DLON/H
  151  146  145  148  146  149  150  154  157  162  165  170  172  177  178  181
  180  182  178  178  173  170  164  161  154  150  144  139  134  129  125  121
  119  116  115  113  114  113  115  115  118  119  123  124  127  130  133  136
  138  142  144  148  150  154  155  158  159  162  162  164  163  166  164  165
  163  163  160  159  154  152  151  167  151                                   
    80.0-180.0 180.0   5.0 450.0                            LAT/LON1/LON2/DLON/H
  145  139  136  137  137  141  145  150  156  163  170  178  184  190  196  200
  202  202  201  196  192  184  177  169  162  153  146  137  130  123  117  112
  108  104  102  100  100   99  101  102  105  106  109  112  115  118  122  125
  128  131  134  137  140  142  146  147  151  152  155  155  157  158  159  158
  158  157  154  151  147  144  141  152  145                                   
    77.5-180.0 180.0   5.0 450.0                            LAT/LON1/LON2/DLON/H
  138  134  130  129  132  133  142  146  156  164  176  185  197  204  214  218
  222  221  220  215  209  199  190  178  168  157  149  139  130  123  115  110
  104  101   97   96   95   95   95   96   97   99  101  103  105  107  110  113
  114  117  120  123  124  127  129  131  133  135  137  139  141  142  144  145
  145  146  145  142  140  136  135  145  138                                   
    75.0-180.0 180.0   5.0 450.0                            LAT/LON1/LON2/DLON/H
  140  136  133  133  134  138  144  151  161  173  186  199  213  224  234  241
  244  244  241  235  226  215  203  191  178  166  156  145  137  128  121  114
  108  104  100   99   97   96   96   96   96   97   97   98   99  100  101  102
  102  103  104  105  106  106  108  109  111  113  115  118  120  123  126  129
  131  134  135  135  136  134  135  148  140                                   
    72.5-180.0 180.0   5.0 450.0                            LAT/LON1/LON2/DLON/H
  149  147  145  144  145  147  154  159  170  181  198  212  227  239  249  256
  259  258  254  247  235  223  211  198  186  173  162  151  142  134  127  122
  115  112  107  105  102  101   99   98   96   96   95   95   93   93   91   91
   89   88   87   87   85   86   85   86   87   89   91   95   99  104  109  115
  119  126  130  135  137  139  142  160  149                                   
    70.0-180.0 180.0   5.0 450.0                            LAT/LON1/LON2/DLON/H
  165  166  163  163  163  166  169  174  183  195  210  224  239  250  260  266
  267  265  260  253  242  230  217  206  193  181  169  159  149  142  135  129
  124  119  114  110  106  104  102   99   98   96   95   92   90   87   85   82
   80   76   75   72   71   68   68   67   68   68   71   75   81   87   95  102
  109  118  126  134  141  146  153  174  165                                   
    67.5-180.0 180.0   5.0 450.0                            LAT/LON1/LON2/DLON/H
  182  186  184  184  184  182  184  186  194  203  216  229  242  254  262  266
  265  262  257  249  240  229  218  207  196  184  174  163  156  148  141  135
  129  124  117  112  106  102   98   96   93   91   89   87   84   80   77   73
   69   66   63   61   59   57   54   54   52   55   55   61   65   75   82   93
  101  114  124  136  146  155  164  186  182                                   
    65.0-180.0 180.0   5.0 450.0                            LAT/LON1/LON2/DLON/H
  198  203  205  205  203  201  200  201  205  212  223  233  247  256  264  267
  265  262  256  250  242  233  223  213  202  191  180  172  162  155  148  140
  134  125  118  110  103   97   93   90   88   85   84   82   80   75   72   66
   64   59   59   56   55   53   51   49   49   48   50   54   60   68   78   87
   99  110  124  135  148  159  172  195  198                                   
    62.5-180.0 180.0   5.0 450.0                            LAT/LON1/LON2/DLON/H
  209  214  216  218  217  213  211  207  210  214  222  232  243  254  261  264
  264  260  256  249  244  235  229  217  209  198  188  179  170  162  154  146
  137  127  116  107   96   90   83   81   78   77   76   75   72   69   64   60
   56   54   53   53   53   52   51   50   48   49   48   54   58   68   75   88
   98  112  124  138  149  162  175  200  209                                   
    60.0-180.0 180.0   5.0 450.0                            LAT/LON1/LON2/DLON/H
  213  219  225  227  226  223  219  215  214  216  222  231  241  251  258  264
  264  263  259  256  252  246  239  229  218  209  199  191  182  174  165  155
  144  130  118  105   95   86   80   77   75   74   73   72   70   65   62   57
   56   53   55   55   57   57   57   55   55   53   54   57   63   71   82   91
  104  116  129  139  151  162  176  203  213                                   
    57.5-180.0 180.0   5.0 450.0                            LAT/LON1/LON2/DLON/H
  219  224  230  237  238  234  229  222  220  219  223  230  239  248  256  263
  267  267  266  263  261  254  248  237  228  217  210  202  196  186  180  166
  154  139  124  109   96   87   79   77   73   75   73   74   70   67   62   58
   54   54   55   59   60   63   63   63   61   62   60   65   70   80   89  101
  113  127  138  149  157  167  177  206  219                                   
    55.0-180.0 180.0   5.0 450.0                            LAT/LON1/LON2/DLON/H
  226  233  244  252  256  254  250  243  237  234  233  237  241  250  257  266
  270  272  272  272  271  266  260  251  241  233  225  218  212  203  193  180
  165  149  132  117  104   94   87   84   81   81   81   80   78   74   69   64
   62   61   63   66   70   71   73   72   72   70   70   73   79   89  101  112
  128  141  153  161  168  174  186  214  226                                   
    52.5-180.0 180.0   5.0 450.0                            LAT/LON1/LON2/DLON/H
  241  249  262  274  282  283  281  273  264  258  251  251  252  256  262  270
  274  278  278  278  277  274  269  259  251  244  239  233  228  217  207  191
  177  159  143  129  115  106   98   95   92   92   91   92   89   86   79   75
   70   71   72   75   79   82   83   84   82   82   80   84   90  101  112  128
  142  159  172  182  189  195  202  234  241                                   
    50.0-180.0 180.0   5.0 450.0                            LAT/LON1/LON2/DLON/H
  262  271  291  302  312  316  314  308  298  288  277  272  267  269  270  277
  279  281  280  280  282  281  279  273  267  262  259  253  248  233  219  199
  184  165  149  136  125  117  111  108  105  105  105  105  103   99   95   89
   87   85   87   88   92   92   94   93   93   90   88   91   98  110  126  141
  160  178  194  205  216  222  230  259  262                                   
    47.5-180.0 180.0   5.0 450.0                            LAT/LON1/LON2/DLON/H
  285  302  316  328  339  347  348  346  336  326  310  300  288  285  282  283
  283  283  281  281  284  285  286  282  279  273  270  262  255  235  219  196
  179  162  149  138  131  126  121  119  116  117  116  118  116  114  109  106
  103  102  102  102  102  102  102  101  100   97   94   97  105  118  134  155
  174  197  214  231  244  254  261  289  285                                   
    45.0-180.0 180.0   5.0 450.0                            LAT/LON1/LON2/DLON/H
  312  328  340  350  360  369  372  376  368  360  344  331  316  306  297  295
  291  288  287  287  293  295  298  295  293  286  281  267  254  228  208  184
  166  149  141  133  132  128  128  125  124  124  125  127  128  125  125  121
  121  119  118  116  114  112  111  108  107  102  100  102  110  124  144  165
  188  210  230  250  268  282  293  316  312                                   
    42.5-180.0 180.0   5.0 450.0                            LAT/LON1/LON2/DLON/H
  330  350  355  368  375  386  392  400  396  392  376  365  346  333  318  310
  303  298  295  295  302  305  310  308  304  293  282  260  239  209  188  165
  148  134  129  127  128  130  129  129  127  129  130  133  135  136  136  135
  134  133  131  127  123  119  117  114  113  108  104  106  114  129  149  174
  196  220  240  264  286  307  318  340  330                                   
    40.0-180.0 180.0   5.0 450.0                            LAT/LON1/LON2/DLON/H
  349  365  370  377  384  392  402  413  417  419  407  397  375  361  340  330
  320  313  311  312  320  324  331  327  319  302  282  252  226  196  175  152
  141  128  130  130  136  136  138  135  134  134  136  139  142  142  144  143
  145  143  142  136  132  126  124  121  118  113  109  109  117  134  157  180
  202  223  245  269  294  320  334  351  349                                   
    37.5-180.0 180.0   5.0 450.0                            LAT/LON1/LON2/DLON/H
  355  374  376  383  388  394  404  417  425  433  425  419  400  386  365  354
  340  335  332  335  342  348  351  345  330  305  279  245  217  190  171  153
  144  140  141  145  150  150  149  145  143  142  143  145  146  146  147  147
  148  147  144  139  132  128  126  125  122  117  112  111  120  138  161  185
  203  224  242  267  293  324  339  357  355                                   
    35.0-180.0 180.0   5.0 450.0                            LAT/LON1/LON2/DLON/H
  366  380  387  389  393  393  403  415  428  438  439  434  420  406  387  375
  364  357  358  360  368  369  371  359  341  311  281  247  224  203  191  178
  172  168  172  174  181  177  177  166  162  156  156  153  155  151  150  147
  147  146  145  140  137  134  134  134  131  125  118  119  125  144  169  191
  210  226  241  261  284  314  330  353  366                                   
    32.5-180.0 180.0   5.0 450.0                            LAT/LON1/LON2/DLON/H
  374  388  395  403  403  402  408  417  429  443  446  447  435  425  407  397
  387  385  386  390  392  391  385  370  348  320  293  270  255  248  241  240
  234  235  228  228  224  216  209  199  188  178  175  170  167  160  155  149
  146  143  142  140  137  137  138  140  137  132  125  125  132  150  176  198
  214  228  240  258  278  307  327  354  374                                   
    30.0-180.0 180.0   5.0 450.0                            LAT/LON1/LON2/DLON/H
  387  402  407  414  417  416  420  425  435  447  453  457  451  443  427  418
  410  407  411  410  411  401  392  372  353  329  314  303  306  314  331  341
  345  335  319  301  285  265  249  231  221  205  197  185  181  168  161  151
  145  141  138  138  135  137  137  141  138  131  124  125  134  155  182  209
  225  239  251  263  282  310  334  364  387                                   
    27.5-180.0 180.0   5.0 450.0                            LAT/LON1/LON2/DLON/H
  407  419  431  442  447  447  447  454  458  466  469  474  470  466  449  442
  432  433  432  431  422  409  393  377  362  351  350  364  391  429  459  483
  478  456  416  387  352  325  296  273  253  235  220  203  194  181  172  159
  151  144  140  138  136  137  138  138  135  127  122  122  135  156  186  217
  244  261  273  285  298  329  354  388  407                                   
    25.0-180.0 180.0   5.0 450.0                            LAT/LON1/LON2/DLON/H
  436  451  466  478  487  492  491  495  494  495  495  498  495  490  475  464
  455  450  448  437  427  405  394  378  379  378  402  435  490  542  586  605
  589  551  501  449  405  365  335  302  279  256  242  223  214  198  188  175
  167  160  157  153  149  148  145  147  141  137  125  122  127  149  178  216
  240  265  284  303  324  351  384  414  436                                   
    22.5-180.0 180.0   5.0 450.0                            LAT/LON1/LON2/DLON/H
  472  490  513  531  548  557  557  559  556  555  542  538  534  526  508  498
  485  479  467  454  432  414  400  398  407  429  470  527  594  654  683  689
  660  614  557  500  436  389  357  327  297  274  253  238  232  222  213  200
  185  173  165  157  152  147  146  144  139  134  129  129  141  152  187  219
  253  279  302  324  346  380  411  447  472                                   
    20.0-180.0 180.0   5.0 450.0                            LAT/LON1/LON2/DLON/H
  503  528  556  586  612  632  633  637  633  630  609  597  583  574  551  538
  522  511  495  473  451  426  422  424  454  487  544  606  668  713  729  719
  678  621  559  497  435  387  357  333  306  280  260  247  247  239  229  216
  200  186  172  164  153  147  143  138  134  128  125  129  140  158  189  227
  263  295  320  342  366  397  438  479  503                                   
    17.5-180.0 180.0   5.0 450.0                            LAT/LON1/LON2/DLON/H
  531  564  600  641  676  708  715  718  710  704  685  674  649  636  610  595
  575  563  541  518  489  470  465  483  516  561  616  666  703  729  724  697
  644  585  517  456  403  364  340  318  295  278  263  255  255  248  245  233
  220  200  187  171  159  147  138  133  126  125  124  131  146  160  194  226
  267  298  328  356  381  419  460  506  531                                   
    15.0-180.0 180.0   5.0 450.0                            LAT/LON1/LON2/DLON/H
  557  590  623  674  717  753  762  777  770  769  754  746  723  710  676  659
  639  626  603  576  545  524  527  546  583  623  661  684  696  696  664  619
  558  494  434  385  349  324  305  293  279  270  259  258  258  258  254  248
  231  215  194  179  161  150  137  133  126  130  132  136  150  173  198  232
  270  302  331  361  392  432  478  525  557                                   
    12.5-180.0 180.0   5.0 450.0                            LAT/LON1/LON2/DLON/H
  568  602  642  692  732  768  784  797  802  806  808  808  796  788  755  732
  709  696  675  650  620  605  605  627  651  676  680  675  652  619  564  505
  438  386  341  318  300  287  279  278  274  270  264  263  267  262  263  252
  240  219  198  180  158  147  133  130  119  124  129  141  160  185  215  248
  281  310  336  366  395  441  489  537  568                                   
    10.0-180.0 180.0   5.0 450.0                            LAT/LON1/LON2/DLON/H
  578  614  643  696  736  767  780  798  807  823  836  852  849  849  821  799
  774  763  749  732  702  684  681  691  703  704  682  641  584  521  451  384
  330  295  278  275  274  272  275  284  283  285  276  278  272  267  258  248
  230  212  189  175  153  146  127  128  118  127  134  149  168  198  227  262
  289  317  341  371  401  449  502  547  578                                   
     7.5-180.0 180.0   5.0 450.0                            LAT/LON1/LON2/DLON/H
  581  616  645  692  726  752  767  777  791  810  836  863  875  882  866  849
  830  822  813  803  782  760  746  744  740  718  665  594  508  427  346  296
