data/unet/pred1450.15i
     1.0            IONOSPHERE MAPS     GNSS                IONEX VERSION / TYPE
pyspatialgeodesy        IME             05-JAN-18 20:20     PGM / RUN BY / DATE 
Map Name                                                    COMMENT             
Predicted global ionosphere maps (GIM).                     DESCRIPTION         
  2015     5    25     0     0     0                        EPOCH OF FIRST MAP  
  2015     5    26     0     0     0                        EPOCH OF LAST MAP   
  7200                                                      INTERVAL            
    13                                                      # OF MAPS IN FILE   
  NONE                                                      MAPPING FUNCTION    
10.0                                                        ELEVATION CUTOFF    
One-way carrier phase leveled to code                       OBSERVABLES USED    
  6371.0                                                    BASE RADIUS         
 2                                                          MAP DIMENSION       
   450.0 450.0   0.0                                        HGT1 / HGT2 / DHGT  
    87.5 -87.5  -2.5                                        LAT1 / LAT2 / DLAT  
  -180.0 180.0   5.0                                        LON1 / LON2 / DLON  
    -1                                                      EXPONENT            
                                                            END OF HEADER       
[from data line 4290]
    11                                                      START OF TEC MAP    
  2015     5    25    20     0     0                        EPOCH OF CURRENT MAP
    87.5-180.0 180.0   5.0 450.0                            LAT/LON1/LON2/DLON/H
  221  203  195  198  197  197  198  199  200  201  201  201  202  201  201  201
  200  199  198  197  195  194  192  190  188  186  183  181  178  176  173  172
  169  169  167  167  165  166  164  165  164  165  164  165  164  166  165  166
  165  167  166  168  167  169  168  170  170  171  171  172  174  175  176  178
  179  182  184  184  186  188  189  201  221                                   
    85.0-180.0 180.0   5.0 450.0                            LAT/LON1/LON2/DLON/H
  192  197  197  201  201  202  204  205  207  207  209  209  210  209  209  208
  208  206  205  202  201  197  195  191  190  185  183  178  176  172  170  166
  166  162  163  160  161  158  160  158  161  159  161  160  162  161  164  163
  165  164  166  166  168  168  169  169  171  171  172  172  174  175  176  178
  180  182  184  184  185  185  190  209  192                                   
    82.5-180.0 180.0   5.0 450.0                            LAT/LON1/LON2/DLON/H
  197  198  203  206  207  209  211  214  215  218  218  221  220  222  220  221
  219  218  216  213  211  207  204  200  196  192  188  183  179  175  171  167
  164  162  159  159  157  158  156  159  157  160  158  162  161  164  163  166
  165  168  167  170  169  172  170  173  171  174  172  175  174  176  175  178
  178  182  182  185  186  187  186  199  197                                   
    80.0-180.0 180.0   5.0 450.0                            LAT/LON1/LON2/DLON/H
  201  193  197  199  203  204  209  211  215  216  220  220  223  222  223  221
  222  219  219  214  213  207  205  198  196  189  185  178  175  167  164  158
  155  151  149  147  147  146  147  146  148  148  150  150  153  153  155  156
  158  158  160  160  162  162  164  163  165  164  165  165  166  167  167  169
  170  173  175  176  179  179  179  192  201                                   
    77.5-180.0 180.0   5.0 450.0                            LAT/LON1/LON2/DLON/H
  190  188  191  193  197  200  205  207  212  213  217  218  221  220  222  221
  221  219  218  214  212  208  204  199  194  189  184  177  172  165  161  154
  151  147  146  143  144  142  144  143  146  145  148  147  150  149  152  152
  155  154  157  156  159  158  160  158  160  158  160  158  160  159  161  161
  164  165  169  168  171  171  169  180  190                                   
    75.0-180.0 180.0   5.0 450.0                            LAT/LON1/LON2/DLON/H
  189  185  190  192  195  198  204  206  210  212  216  217  219  219  221  219
  220  217  218  214  214  208  207  201  198  191  187  179  174  166  163  156
  154  148  148  146  147  146  148  147  149  148  150  149  151  150  152  151
  153  153  156  155  157  157  158  158  158  157  158  158  159  159  161  162
  164  166  168  169  171  170  170  181  189                                   
    72.5-180.0 180.0   5.0 450.0                            LAT/LON1/LON2/DLON/H
  188  188  190  192  195  198  202  205  209  211  215  216  218  217  218  216
  217  214  213  211  209  207  204  201  196  192  186  180  174  168  162  157
  154  151  150  149  149  149  150  150  150  150  150  149  148  148  148  148
  149  149  150  151  152  152  153  153  153  153  154  154  155  156  158  159
  162  164  168  167  170  170  170  180  188                                   
    70.0-180.0 180.0   5.0 450.0                            LAT/LON1/LON2/DLON/H
  195  194  196  197  199  202  206  207  212  214  218  218  221  219  221  218
  219  215  215  212  213  209  208  203  201  195  191  184  179  171  168  162
  160  156  156  154  155  154  155  154  154  152  151  148  148  145  145  143
  144  143  145  144  147  146  148  148  149  150  151  153  155  157  160  163
  165  169  173  175  177  178  179  186  195                                   
    67.5-180.0 180.0   5.0 450.0                            LAT/LON1/LON2/DLON/H
  203  203  203  204  205  206  209  211  214  217  220  222  224  223  223  220
  219  216  214  211  211  209  207  204  201  196  191  185  179  174  169  166
  163  160  160  158  158  158  158  156  155  152  150  146  143  140  138  136
  135  135  136  136  137  138  139  139  140  142  144  147  150  153  158  161
  166  170  176  177  181  184  185  191  203                                   
    65.0-180.0 180.0   5.0 450.0                            LAT/LON1/LON2/DLON/H
  217  215  215  215  216  215  218  217  221  222  227  227  230  228  229  225
  226  221  220  216  217  213  213  209  207  201  197  190  186  180  178  174
  173  170  169  167  166  165  164  161  160  155  152  146  142  136  133  130
  129  129  129  128  130  129  131  131  132  135  138  143  148  153  159  165
  170  177  182  186  190  194  196  202  217                                   
    62.5-180.0 180.0   5.0 450.0                            LAT/LON1/LON2/DLON/H
  226  227  226  225  227  226  226  226  228  229  232  233  236  234  234  231
  230  225  222  218  217  214  213  209  207  201  198  191  189  184  183  180
  180  177  176  173  172  169  168  165  162  157  152  145  139  133  128  124
  122  121  121  119  119  119  118  119  121  125  130  135  142  148  155  161
  168  174  181  185  189  196  200  208  226                                   
    60.0-180.0 180.0   5.0 450.0                            LAT/LON1/LON2/DLON/H
  235  233  234  234  235  234  235  234  235  235  238  237  240  237  238  234
  234  229  226  222  221  219  218  215  213  208  205  200  198  195  195  193
  193  189  188  183  181  178  176  173  170  164  160  151  145  137  131  126
  123  120  119  116  115  112  112  112  115  118  125  131  140  147  156  162
  169  177  183  187  192  199  205  214  235                                   
    57.5-180.0 180.0   5.0 450.0                            LAT/LON1/LON2/DLON/H
  235  240  241  243  245  244  244  243  242  241  241  241  241  240  240  237
  235  229  227  220  221  217  219  214  215  208  208  202  204  201  204  202
  202  198  195  191  187  184  182  179  176  172  166  158  150  142  136  129
  125  121  119  114  111  108  106  106  107  112  119  128  136  144  154  160
  167  173  181  183  187  195  201  214  235                                   
    55.0-180.0 180.0   5.0 450.0                            LAT/LON1/LON2/DLON/H
  237  241  246  251  253  253  253  251  248  247  244  243  243  241  242  239
  238  232  228  224  224  223  223  222  220  217  214  213  213  214  216  215
  215  210  206  200  197  192  191  188  187  181  177  168  160  152  145  137
  132  127  123  117  113  108  105  104  106  110  117  125  135  144  154  160
  167  174  180  183  186  196  201  216  237                                   
    52.5-180.0 180.0   5.0 450.0                            LAT/LON1/LON2/DLON/H
  234  245  251  257  263  263  264  261  258  254  249  247  244  243  243  241
  239  233  228  223  222  221  222  220  221  218  219  217  221  221  224  223
  222  217  211  206  201  199  196  195  192  189  183  176  167  160  152  144
  137  131  127  119  114  109  105  103  103  108  113  123  132  142  152  158
  167  173  180  180  185  192  196  213  234                                   
    50.0-180.0 180.0   5.0 450.0                            LAT/LON1/LON2/DLON/H
  236  244  253  263  269  272  273  272  268  263  257  253  250  248  247  245
  242  235  230  224  223  223  224  225  224  226  226  227  229  231  233  233
  231  225  221  214  212  207  209  204  204  197  196  186  179  169  162  153
  146  139  135  126  122  115  112  108  109  111  118  125  135  144  156  163
  174  180  187  189  191  200  201  216  236                                   
    47.5-180.0 180.0   5.0 450.0                            LAT/LON1/LON2/DLON/H
  236  247  256  267  276  280  284  284  281  274  268  263  259  256  254  251
  247  239  232  225  224  223  225  226  229  229  232  233  236  238  240  239
  236  231  227  222  218  216  215  212  207  204  198  193  183  177  168  161
  151  146  139  133  127  123  118  116  114  117  121  128  136  146  157  167
  180  187  196  196  200  202  200  216  236                                   
    45.0-180.0 180.0   5.0 450.0                            LAT/LON1/LON2/DLON/H
  240  248  257  270  277  286  290  293  291  287  280  276  271  269  265  261
  255  245  237  228  227  225  228  230  233  237  240  243  244  246  246  245
  243  238  237  231  231  226  227  220  218  209  206  196  191  182  177  167
  160  153  147  140  136  131  127  124  123  125  128  134  142  152  164  176
  190  200  208  211  213  216  214  224  240                                   
    42.5-180.0 180.0   5.0 450.0                            LAT/LON1/LON2/DLON/H
  243  253  260  271  280  289  296  301  302  301  297  293  290  286  283  276
  269  256  247  236  235  232  237  238  244  247  252  254  255  256  254  253
  250  249  246  245  243  242  238  233  224  217  208  201  193  188  180  174
  165  159  152  148  142  139  134  131  131  131  133  138  145  155  168  181
  196  207  218  219  223  224  219  233  243                                   
    40.0-180.0 180.0   5.0 450.0                            LAT/LON1/LON2/DLON/H
  248  256  262  273  279  289  295  303  306  310  308  309  306  304  300  293
  284  271  262  252  249  249  251  255  258  265  267  273  271  272  270  268
  267  264  266  263  263  257  254  243  236  224  217  206  200  193  188  179
  172  164  159  154  150  146  143  140  140  140  143  145  152  161  174  187
  202  215  225  229  232  235  233  242  248                                   
    37.5-180.0 180.0   5.0 450.0                            LAT/LON1/LON2/DLON/H
  252  262  268  275  281  289  297  307  313  320  322  326  327  327  322  313
  304  288  280  269  269  266  270  271  276  281  286  291  291  291  288  287
  286  286  286  286  280  275  265  255  244  233  223  214  206  201  193  187
  177  172  165  161  155  153  150  147  147  146  148  150  156  163  174  187
  201  214  227  230  235  238  234  247  252                                   
    35.0-180.0 180.0   5.0 450.0                            LAT/LON1/LON2/DLON/H
  259  268  275  283  286  295  298  312  317  328  331  340  341  346  339  332
  318  304  294  287  287  288  289  293  296  304  310  316  317  316  314  310
  312  309  313  309  304  289  281  266  257  244  236  225  218  208  202  193
  186  177  171  166  160  157  154  151  150  150  151  154  161  167  177  189
  203  216  228  235  241  244  245  253  259                                   
    32.5-180.0 180.0   5.0 450.0                            LAT/LON1/LON2/DLON/H
  262  274  282  290  294  299  304  314  323  333  341  350  356  360  354  346
  334  319  311  306  307  307  309  311  316  324  333  341  343  344  339  337
  335  335  334  330  317  301  285  271  260  250  242  232  224  215  205  196
  186  179  172  167  159  157  153  151  149  147  149  153  159  165  173  184
  197  212  224  232  239  245  245  257  262                                   
    30.0-180.0 180.0   5.0 450.0                            LAT/LON1/LON2/DLON/H
  264  274  287  297  299  308  310  324  329  343  348  362  367  374  366  361
  345  335  325  323  325  326  327  328  335  344  358  367  374  370  370  363
  364  357  356  343  327  303  287  269  263  252  249  237  231  219  210  197
  189  179  173  164  157  153  150  147  146  143  145  148  154  158  167  174
  186  201  214  225  235  242  248  257  264                                   
    27.5-180.0 180.0   5.0 450.0                            LAT/LON1/LON2/DLON/H
  265  278  296  306  311  317  324  334  344  353  364  374  384  387  383  374
  362  351  345  342  344  344  344  345  351  365  380  394  399  400  395  391
  388  381  374  354  328  298  277  261  254  248  244  234  225  214  202  191
  178  172  162  155  146  142  139  138  136  138  140  142  147  150  158  164
  175  190  204  217  228  240  244  259  265                                   
    25.0-180.0 180.0   5.0 450.0                            LAT/LON1/LON2/DLON/H
  268  283  304  317  323  334  340  354  362  375  385  396  405  410  405  399
  386  376  368  366  367  366  365  367  375  388  405  416  427  424  425  414
  412  396  385  355  325  287  267  251  247  241  241  228  223  207  199  184
  177  164  157  145  138  131  130  127  128  129  134  136  141  141  148  151
  163  178  193  209  224  238  248  260  268                                   
    22.5-180.0 180.0   5.0 450.0                            LAT/LON1/LON2/DLON/H
  273  289  313  328  338  349  361  375  385  398  408  419  430  436  435  428
  417  406  398  396  394  391  388  389  396  408  422  438  445  450  445  435
  423  405  384  346  307  267  248  235  232  230  228  219  209  198  185  175
  164  154  143  134  125  122  119  119  118  121  125  128  132  132  136  140
  152  167  184  202  218  238  246  262  273                                   
    20.0-180.0 180.0   5.0 450.0                            LAT/LON1/LON2/DLON/H
  276  293  319  336  344  360  375  394  402  418  427  444  454  464  462  460
  450  445  437  430  427  419  416  413  418  424  439  450  464  463  460  441
  426  397  371  327  285  247  230  221  218  215  215  203  199  184  178  164
  158  143  136  122  120  113  115  112  116  114  121  121  124  121  125  126
  141  155  175  194  212  232  247  261  276                                   
    17.5-180.0 180.0   5.0 450.0                            LAT/LON1/LON2/DLON/H
  277  299  319  337  348  364  385  406  419  435  447  466  478  492  492  495
  483  480  471  467  460  450  441  437  435  441  448  463  470  468  457  435
  413  382  351  304  264  232  220  211  209  206  203  196  188  179  170  160
  149  137  125  115  109  108  107  110  110  114  115  117  116  113  114  119
  131  149  166  188  206  231  243  260  277                                   
    15.0-180.0 180.0   5.0 450.0                            LAT/LON1/LON2/DLON/H
  280  300  320  337  347  367  389  411  427  444  459  481  497  513  516  521
  518  513  505  497  492  479  470  459  455  452  459  465  473  461  449  419
  396  362  330  288  255  233  219  212  208  204  202  192  189  175  171  157
  148  130  123  110  108  103  108  106  112  110  113  110  110  103  106  109
  124  140  162  183  205  228  248  259  280                                   
    12.5-180.0 180.0   5.0 450.0                            LAT/LON1/LON2/DLON/H
  281  304  318  337  347  367  389  412  429  446  465  488  506  528  534  547
  546  549  536  529  518  507  491  481  468  465  463  465  463  451  432  404
  380  346  316  279  258  239  230  220  217  210  207  200  194  185  176  164
  151  134  122  112  108  108  108  110  110  111  109  107  103   97   98  102
  116  134  155  177  198  227  242  257  281                                   
    10.0-180.0 180.0   5.0 450.0                            LAT/LON1/LON2/DLON/H
  283  301  319  334  343  364  383  407  425  443  460  485  504  527  542  558
  568  570  564  550  541  523  509  494  482  471  468  460  458  437  420  389
  367  334  309  283  269  256  248  241  236  227  224  212  208  194  186  167
  155  131  122  110  111  106  111  109  112  108  107  100   97   89   91   93
  107  122  147  168  191  218  241  251  283                                   
     7.5-180.0 180.0   5.0 450.0                            LAT/LON1/LON2/DLON/H
  280  304  320  338  348  366  385  405  424  436  454  473  493  518  536  559
  570  581  573  563  548  533  515  503  489  479  468  457  447  430  409  383
