data/unet/pred0390.15i
     1.0            IONOSPHERE MAPS     GNSS                IONEX VERSION / TYPE
pyspatialgeodesy        IME             05-JAN-18 20:20     PGM / RUN BY / DATE 
Map Name                                                    COMMENT             
Predicted global ionosphere maps (GIM).                     DESCRIPTION         
  2015     2     8     0     0     0                        EPOCH OF FIRST MAP  
  2015     2     9     0     0     0                        EPOCH OF LAST MAP   
  7200                                                      INTERVAL            
    13                                                      # OF MAPS IN FILE   
  NONE                                                      MAPPING FUNCTION    
10.0                                                        ELEVATION CUTOFF    
One-way carrier phase leveled to code                       OBSERVABLES USED    
  6371.0                                                    BASE RADIUS         
 2                                                          MAP DIMENSION       
   450.0 450.0   0.0                                        HGT1 / HGT2 / DHGT  
    87.5 -87.5  -2.5                                        LAT1 / LAT2 / DLAT  
  -180.0 180.0   5.0                                        LON1 / LON2 / DLON  
    -1                                                      EXPONENT            
                                                            END OF HEADER       
[from data line 3861]
    10                                                      START OF TEC MAP    
  2015     2     8    18     0     0                        EPOCH OF CURRENT MAP
    87.5-180.0 180.0   5.0 450.0                            LAT/LON1/LON2/DLON/H
  203  172  173  176  175  177  179  181  183  185  186  189  190  193  194  195
  196  196  197  197  197  196  197  196  198  197  198  198  197  197  197  196
  195  194  193  191  192  188  189  184  186  179  182  174  177  170  173  167
  170  165  168  164  167  164  165  162  163  161  163  161  164  163  165  164
  166  166  168  168  171  171  179  171  203                                   
    85.0-180.0 180.0   5.0 450.0                            LAT/LON1/LON2/DLON/H
  166  167  170  175  175  178  178  182  184  186  190  191  196  197  201  202
  204  206  206  208  207  209  207  209  207  208  206  206  205  205  204  203
  202  200  198  197  195  193  190  187  184  182  178  175  172  170  168  166
  164  163  161  161  160  161  161  161  161  162  162  162  163  163  163  163
  164  165  165  166  166  162  170  160  166                                   
    82.5-180.0 180.0   5.0 450.0                            LAT/LON1/LON2/DLON/H
  153  150  153  155  157  160  163  167  170  176  179  185  188  195  197  204
  204  208  207  209  207  208  206  206  204  204  203  202  201  200  199  198
  196  196  192  192  188  187  183  181  178  175  172  169  166  163  159  157
  153  152  149  149  147  147  147  147  149  148  149  148  149  147  148  146
  147  146  147  145  148  140  145  137  153                                   
    80.0-180.0 180.0   5.0 450.0                            LAT/LON1/LON2/DLON/H
  133  138  135  138  141  142  146  150  156  160  168  172  181  184  193  195
  203  203  208  206  208  204  202  198  195  192  189  188  186  185  184  183
  182  180  178  176  175  172  170  167  163  161  156  154  148  146  141  141
  136  136  133  134  132  133  133  134  136  136  138  137  139  137  139  137
  137  135  135  133  132  126  130  126  133                                   
    77.5-180.0 180.0   5.0 450.0                            LAT/LON1/LON2/DLON/H
  113  126  122  122  124  125  128  133  138  145  153  162  170  178  185  194
  199  206  209  212  212  209  207  199  194  185  183  175  174  168  169  164
  162  159  157  155  153  153  150  149  144  143  139  136  131  128  125  123
  123  122  124  122  126  125  129  128  132  130  133  132  134  132  133  131
  130  128  127  123  122  117  121  118  113                                   
    75.0-180.0 180.0   5.0 450.0                            LAT/LON1/LON2/DLON/H
  109  122  115  117  116  118  120  126  131  140  148  158  167  176  186  193
  203  209  219  222  223  219  214  205  193  184  173  167  160  156  153  149
  145  142  140  138  136  137  134  135  130  130  124  124  116  117  110  114
  111  117  117  122  123  127  129  131  133  134  134  134  134  135  134  134
  133  132  130  127  126  120  123  123  109                                   
    72.5-180.0 180.0   5.0 450.0                            LAT/LON1/LON2/DLON/H
  113  124  118  116  115  116  118  123  130  138  147  156  169  180  192  205
  216  228  237  245  248  244  238  225  211  196  183  170  163  152  149  139
  135  129  126  125  122  121  119  119  115  115  111  110  105  104  103  103
  106  110  115  120  126  129  134  135  139  138  141  138  140  137  139  136
  137  135  136  132  130  126  130  129  113                                   
    70.0-180.0 180.0   5.0 450.0                            LAT/LON1/LON2/DLON/H
  118  127  118  120  118  120  121  128  133  144  153  164  176  190  207  220
  235  246  265  270  280  278  272  260  239  222  201  187  170  161  149  142
  134  127  122  119  117  114  110  110  104  104   99   99   94   95   91   96
   95  105  107  116  119  128  130  136  136  139  138  138  138  137  138  137
  138  139  139  138  136  132  133  132  118                                   
    67.5-180.0 180.0   5.0 450.0                            LAT/LON1/LON2/DLON/H
  118  126  120  120  119  122  125  133  140  148  160  171  187  199  221  237
  258  275  293  305  312  315  311  302  283  261  239  218  199  181  169  154
  144  130  124  115  110  105  101   99   96   94   92   89   87   84   83   85
   87   92   98  105  112  119  125  129  133  133  135  132  133  130  132  131
  133  132  135  133  133  129  131  129  118                                   
    65.0-180.0 180.0   5.0 450.0                            LAT/LON1/LON2/DLON/H
  111  117  114  118  118  125  128  141  150  163  176  190  205  219  240  258
  280  296  321  330  346  347  347  337  320  300  274  256  231  214  194  180
  162  146  131  119  110  105   99   95   90   89   85   85   80   79   76   76
   77   82   85   92   97  105  108  115  116  119  118  116  116  114  116  116
  117  120  121  122  121  119  119  118  111                                   
    62.5-180.0 180.0   5.0 450.0                            LAT/LON1/LON2/DLON/H
   97  102  104  107  111  118  130  142  157  172  190  203  220  232  255  274
  302  320  342  358  367  373  366  364  346  334  310  294  273  256  234  215
  193  170  149  129  115  103   98   90   86   83   80   77   74   70   68   67
   67   69   71   76   79   87   91   98  100  101  100   99   97   96   97   97
   98   98  101   99  100   97   99  103   97                                   
    60.0-180.0 180.0   5.0 450.0                            LAT/LON1/LON2/DLON/H
   75   81   85   91   96  109  124  144  164  187  207  224  241  258  277  295
  318  336  358  369  386  383  388  378  367  355  337  324  307  295  275  255
  229  199  172  148  127  112  103   95   90   84   83   78   75   70   67   63
   61   58   59   62   66   71   74   79   80   81   78   77   76   75   76   77
   78   78   78   78   75   73   75   80   75                                   
    57.5-180.0 180.0   5.0 450.0                            LAT/LON1/LON2/DLON/H
   57   62   68   75   82   99  118  143  172  196  219  238  254  269  290  306
  331  347  371  388  396  400  394  390  375  368  354  348  339  333  315  297
  267  235  199  171  144  125  112  102   96   91   87   81   78   72   67   62
   58   54   55   56   59   63   66   70   71   70   66   63   60   61   60   60
   62   60   61   58   56   53   60   55   57                                   
    55.0-180.0 180.0   5.0 450.0                            LAT/LON1/LON2/DLON/H
   39   49   54   60   76   93  121  148  184  213  240  259  279  292  309  326
  344  361  379  389  404  397  403  390  387  375  373  366  368  361  352  329
  304  265  228  192  167  143  130  116  112  103  100   91   89   81   77   68
   63   55   54   52   56   57   61   63   66   64   62   59   56   56   56   56
   57   56   55   52   50   49   55   42   39                                   
    52.5-180.0 180.0   5.0 450.0                            LAT/LON1/LON2/DLON/H
   34   46   54   64   79  101  128  164  198  230  254  276  293  309  326  343
  361  375  389  402  408  410  402  398  390  387  382  385  384  385  372  353
  322  288  248  213  185  163  147  134  127  119  113  104  100   94   89   82
   76   69   64   62   63   66   65   71   71   73   68   68   63   64   63   65
   65   64   64   63   60   56   62   39   34                                   
    50.0-180.0 180.0   5.0 450.0                            LAT/LON1/LON2/DLON/H
   40   59   64   70   91  111  151  187  228  258  285  304  319  336  350  367
  378  392  402  407  413  405  406  393  397  391  399  399  407  400  392  363
  340  298  263  224  203  181  167  152  145  135  130  121  118  110  108   98
   96   85   83   78   77   78   79   83   84   85   83   82   80   81   80   82
   82   84   82   81   78   77   78   55   40                                   
    47.5-180.0 180.0   5.0 450.0                            LAT/LON1/LON2/DLON/H
   58   76   83   98  113  143  174  217  249  284  307  333  344  363  370  388
  397  412  415  422  419  413  406  401  399  403  407  412  413  405  389  363
  333  297  260  230  209  192  179  165  158  147  142  134  130  126  122  118
  113  109  103  100   96   97   96  100   99  101   98   98   97   99  100  102
  103  104  103  104  101   97  100   77   58                                   
    45.0-180.0 180.0   5.0 450.0                            LAT/LON1/LON2/DLON/H
   81  100  108  119  143  174  212  253  286  322  341  365  372  387  392  407
  415  429  428  429  426  415  413  405  412  410  420  415  417  396  380  346
  320  282  253  227  214  198  190  175  169  157  153  145  142  138  137  131
  129  122  119  114  111  109  108  111  111  112  110  111  110  113  115  120
  120  124  123  125  122  122  121   96   81                                   
    42.5-180.0 180.0   5.0 450.0                            LAT/LON1/LON2/DLON/H
   95  113  123  144  166  207  240  278  310  347  370  391  397  410  412  429
  432  444  442  442  437  428  423  420  422  420  419  410  399  378  355  327
  296  265  241  224  215  205  197  185  176  164  159  151  149  144  142  138
  136  132  128  124  119  117  115  117  117  117  115  114  114  118  121  125
  127  130  131  132  132  132  135  114   95                                   
    40.0-180.0 180.0   5.0 450.0                            LAT/LON1/LON2/DLON/H
  107  128  146  158  191  230  267  307  341  378  399  417  421  434  436  451
  453  461  458  454  455  440  442  431  438  424  422  402  390  359  340  306
  287  255  244  229  227  217  214  198  190  175  171  161  157  150  146  139
  138  132  129  123  119  115  115  115  117  115  115  112  114  115  120  122
  125  127  128  131  130  133  135  115  107                                   
    37.5-180.0 180.0   5.0 450.0                            LAT/LON1/LON2/DLON/H
   98  124  142  168  201  235  274  310  349  386  413  428  441  450  457  466
  471  477  475  472  471  462  455  447  443  430  416  398  379  355  334  313
  297  280  270  260  253  245  235  222  205  190  181  170  165  154  150  142
  139  134  130  125  120  117  115  115  114  110  107  106  104  107  109  112
  113  115  112  114  116  118  127  110   98                                   
    35.0-180.0 180.0   5.0 450.0                            LAT/LON1/LON2/DLON/H
   93  120  145  168  206  244  282  322  361  398  426  446  460  471  477  484
  491  489  493  483  488  470  468  453  451  434  424  402  388  368  357  342
  338  326  324  308  303  286  272  250  233  213  202  189  180  169  159  150
  144  139  135  129  124  121  120  118  118  111  108  101  100   97   99   97
   98   97   95   95   92   94  105   96   93                                   
    32.5-180.0 180.0   5.0 450.0                            LAT/LON1/LON2/DLON/H
   77  106  134  168  206  239  278  312  356  395  430  455  477  488  498  500
  507  504  508  503  501  490  476  464  453  442  432  422  415  407  407  406
  411  411  408  389  373  350  326  298  268  246  230  216  206  194  184  174
  166  163  157  153  146  144  143  142  138  128  118  109  103   99   97   94
   93   88   86   84   77   77   82   82   77                                   
    30.0-180.0 180.0   5.0 450.0                            LAT/LON1/LON2/DLON/H
   72   98  127  164  208  247  283  316  357  398  435  467  491  505  513  514
  518  514  518  511  512  493  484  468  463  456  459  458  466  470  485  494
  509  505  505  476  456  416  384  350  318  291  269  254  239  228  212  205
  195  194  184  181  169  169  164  163  155  143  131  120  114  111  110  108
  105  103   99   94   80   80   76   68   72                                   
    27.5-180.0 180.0   5.0 450.0                            LAT/LON1/LON2/DLON/H
   71  100  127  168  211  250  283  311  354  398  441  475  506  523  534  534
  535  531  529  524  517  504  487  476  468  473  488  507  535  548  580  622
  646  649  634  603  552  498  444  404  364  343  319  311  291  280  260  254
  241  242  232  229  217  218  212  212  200  188  172  160  150  147  148  145
  140  127  119  104   96   91   79   67   71                                   
    25.0-180.0 180.0   5.0 450.0                            LAT/LON1/LON2/DLON/H
   86  108  140  184  228  268  293  325  361  408  447  487  517  539  551  553
  553  544  542  532  527  509  497  484  486  498  531  567  596  632  693  734
  761  766  746  706  642  570  501  455  410  383  362  360  350  341  325  313
  304  299  291  280  273  264  255  248  234  222  203  191  181  181  181  185
  187  178  162  140  121  109  104   83   86                                   
    22.5-180.0 180.0   5.0 450.0                            LAT/LON1/LON2/DLON/H
  110  130  161  204  250  289  312  339  375  418  458  495  533  557  575  580
  577  567  561  547  536  520  506  500  509  538  584  614  667  727  768  838
  863  863  820  770  694  634  560  507  456  430  405  399  388  383  368  363
  358  355  349  337  330  322  309  292  271  250  233  219  208  210  206  206
  205  202  196  180  159  142  123  109  110                                   
    20.0-180.0 180.0   5.0 450.0                            LAT/LON1/LON2/DLON/H
  142  145  181  228  273  313  333  365  391  437  469  509  544  576  595  605
  605  592  582  562  552  533  525  523  550  586  628  685  745  802  867  928
  939  927  874  811  726  662  597  546  495  469  451  442  436  427  423  419
  424  419  420  408  403  384  362  341  308  283  258  246  234  232  223  230
  224  223  213  202  187  167  156  126  142                                   
    17.5-180.0 180.0   5.0 450.0                            LAT/LON1/LON2/DLON/H
  159  170  196  249  298  337  363  387  414  455  487  529  557  597  625  636
  640  626  612  589  573  558  552  566  601  633  690  748  792  866  918  948
  945  923  863  800  723  672  611  565  517  493  472  461  445  439  437  444
  454  465  472  463  449  423  404  375  354  313  291  265  260  246  242  241
  241  238  230  214  198  183  170  153  159                                   
    15.0-180.0 180.0   5.0 450.0                            LAT/LON1/LON2/DLON/H
  165  176  216  256  315  351  378  403  434  478  509  551  575  619  649  667
  674  662  643  617  600  585  595  611  640  683  740  789  844  900  928  940
  922  884  820  762  702  662  610  572  533  510  488  466  452  437  440  444
  468  480  491  482  462  441  417  391  362  327  300  278  264  254  245  247
  241  244  233  225  200  191  174  167  165                                   
    12.5-180.0 180.0   5.0 450.0                            LAT/LON1/LON2/DLON/H
  157  185  219  270  321  363  394  424  463  507  540  573  603  647  678  706
  717  706  686  660  643  636  642  657  695  733  775  824  860  886  888  879
  848  805  758  719  675  641  599  571  534  507  484  459  441  427  431  436
  458  474  480  473  459  439  419  390  370  334  315  290  282  265  258  249
  246  240  232  218  198  182  169  165  157                                   
    10.0-180.0 180.0   5.0 450.0                            LAT/LON1/LON2/DLON/H
  150  177  221  275  333  372  412  449  498  544  578  607  634  680  719  754
  764  757  738  711  699  691  699  717  741  769  811  840  860  854  842  817
  785  751  717  688  659  624  596  569  536  505  480  449  427  408  411  417
  436  454  464  458  448  426  408  380  365  336  323  301  288  269  257  246
  236  228  220  209  181  171  155  156  150                                   
     7.5-180.0 180.0   5.0 450.0                            LAT/LON1/LON2/DLON/H
  138  173  217  279  334  382  425  475  527  580  608  641  669  715  756  791
  806  795  785  763  761  746  743  757  776  802  827  839  834  816  793  771
