data/unet/pred2150.15i
     1.0            IONOSPHERE MAPS     GNSS                IONEX VERSION / TYPE
pyspatialgeodesy        IME             05-JAN-18 20:20     PGM / RUN BY / DATE 
Map Name                                                    COMMENT             
Predicted global ionosphere maps (GIM).                     DESCRIPTION         
  2015     8     3     0     0     0                        EPOCH OF FIRST MAP  
  2015     8     4     0     0     0                        EPOCH OF LAST MAP   
  7200                                                      INTERVAL            
    13                                                      # OF MAPS IN FILE   
  NONE                                                      MAPPING FUNCTION    
10.0                                                        ELEVATION CUTOFF    
One-way carrier phase leveled to code                       OBSERVABLES USED    
  6371.0                                                    BASE RADIUS         
 2                                                          MAP DIMENSION       
   450.0 450.0   0.0                                        HGT1 / HGT2 / DHGT  
    87.5 -87.5  -2.5                                        LAT1 / LAT2 / DLAT  
  -180.0 180.0   5.0                                        LON1 / LON2 / DLON  
    -1                                                      EXPONENT            
                                                            END OF HEADER       
[from data line 4719]
    12                                                      START OF TEC MAP    
  2015     8     3    22     0     0                        EPOCH OF CURRENT MAP
    87.5-180.0 180.0   5.0 450.0                            LAT/LON1/LON2/DLON/H
  190  142  130  132  132  132  132  132  132  132  132  132  132  132  132  131
  130  129  128  127  126  124  123  121  120  119  118  117  116  115  114  114
  113  113  113  113  113  113  113  113  113  113  114  114  115  115  116  116
  116  117  117  118  118  119  119  119  120  121  121  121  122  122  123  123
  124  125  126  126  126  125  129  165  190                                   
    85.0-180.0 180.0   5.0 450.0                            LAT/LON1/LON2/DLON/H
  138  130  130  134  134  134  134  135  135  135  135  135  135  135  134  134
  132  131  130  128  126  125  122  121  118  117  115  114  112  111  110  109
  108  108  108  108  107  108  107  108  107  109  109  110  110  111  112  113
  113  114  114  115  115  117  117  118  118  119  120  121  121  122  122  123
  124  125  126  125  126  125  128  149  138                                   
    82.5-180.0 180.0   5.0 450.0                            LAT/LON1/LON2/DLON/H
  137  134  134  138  137  139  139  142  141  143  142  144  142  144  141  142
  139  140  137  136  133  132  128  126  123  121  118  116  114  113  112  110
  109  108  108  107  107  107  107  107  108  108  110  110  111  112  114  115
  115  117  117  118  118  120  120  121  121  122  122  123  123  124  123  125
  125  127  126  128  127  127  129  146  137                                   
    80.0-180.0 180.0   5.0 450.0                            LAT/LON1/LON2/DLON/H
  143  140  137  140  141  143  145  147  148  149  151  151  152  151  151  151
  150  148  146  144  141  138  134  132  128  125  122  119  117  115  113  112
  110  110  109  110  109  110  109  110  110  112  112  114  114  116  118  120
  120  121  122  123  124  125  125  126  126  126  126  126  126  126  126  127
  126  128  128  128  127  126  125  137  143                                   
    77.5-180.0 180.0   5.0 450.0                            LAT/LON1/LON2/DLON/H
  141  140  136  139  141  143  147  149  152  153  156  156  158  157  158  156
  156  153  153  149  149  144  142  137  135  130  127  123  120  117  116  114
  113  112  113  112  112  112  112  112  113  113  115  115  117  118  121  122
  124  124  126  127  128  128  129  129  129  128  129  128  129  127  128  126
  128  127  128  126  127  123  125  134  141                                   
    75.0-180.0 180.0   5.0 450.0                            LAT/LON1/LON2/DLON/H
  141  140  137  140  143  146  150  153  156  158  161  162  164  163  164  162
  162  160  159  156  155  151  149  145  141  137  132  129  125  122  120  119
  118  118  118  118  118  117  117  116  116  116  117  118  119  121  123  125
  126  127  129  129  130  130  130  130  130  129  129  129  129  129  128  128
  128  128  128  126  127  124  125  135  141                                   
    72.5-180.0 180.0   5.0 450.0                            LAT/LON1/LON2/DLON/H
  141  141  138  140  143  146  151  154  158  160  164  165  167  166  167  164
  164  160  161  157  157  153  153  147  145  139  136  130  128  124  123  121
  122  121  122  122  121  120  119  118  117  117  117  118  118  120  122  124
  125  127  128  128  128  128  128  127  127  127  127  127  128  128  128  128
  128  128  129  127  127  124  126  137  141                                   
    70.0-180.0 180.0   5.0 450.0                            LAT/LON1/LON2/DLON/H
  143  142  140  142  145  148  153  156  161  164  167  169  171  171  170  168
  167  165  164  162  161  158  157  153  150  145  140  135  131  128  127  125
  125  125  126  125  125  122  120  118  116  114  114  114  115  116  119  121
  123  123  124  123  124  122  123  122  124  124  125  126  128  129  130  130
  131  131  131  129  130  126  128  139  143                                   
    67.5-180.0 180.0   5.0 450.0                            LAT/LON1/LON2/DLON/H
  147  147  144  144  147  149  154  156  161  164  169  171  173  173  173  170
  169  166  166  163  164  160  160  155  153  147  143  137  134  130  129  127
  127  126  127  126  124  121  118  115  111  109  107  107  107  109  111  113
  114  115  114  115  113  113  112  115  115  118  119  124  126  129  130  131
  132  132  133  132  132  130  132  142  147                                   
    65.0-180.0 180.0   5.0 450.0                            LAT/LON1/LON2/DLON/H
  153  152  151  151  153  153  157  159  164  167  171  174  177  177  176  175
  173  170  170  168  168  166  165  162  159  153  149  144  140  137  135  133
  132  130  130  127  124  119  115  110  106  102  100  100  100  101  103  104
  106  105  105  103  103  102  104  105  110  113  117  122  127  130  133  134
  136  136  138  136  138  134  137  148  153                                   
    62.5-180.0 180.0   5.0 450.0                            LAT/LON1/LON2/DLON/H
  160  160  158  158  158  157  159  160  164  167  172  174  178  177  178  176
  175  172  173  171  172  169  169  165  164  158  155  150  147  143  142  138
  136  133  131  128  123  118  112  107  102   99   95   95   94   96   95   97
   95   95   92   93   90   93   92   98  101  109  112  121  125  131  134  137
  138  140  141  141  142  141  143  155  160                                   
    60.0-180.0 180.0   5.0 450.0                            LAT/LON1/LON2/DLON/H
  168  167  168  167  167  164  165  164  167  168  172  174  178  179  179  179
  178  176  176  176  177  176  175  173  171  167  164  161  158  156  153  149
  145  140  136  130  125  118  112  107  102   98   96   94   94   93   93   91
   90   87   85   83   82   83   87   91   99  106  113  120  127  133  137  141
  143  145  148  147  150  147  150  163  168                                   
    57.5-180.0 180.0   5.0 450.0                            LAT/LON1/LON2/DLON/H
  175  175  176  175  173  171  169  167  167  167  169  170  174  175  177  175
  177  175  177  176  178  177  178  175  175  171  171  169  169  166  164  158
  153  146  140  133  127  121  114  109  104  101   98   97   95   95   92   90
   85   83   77   77   75   79   81   88   94  104  109  120  126  134  138  144
  145  149  151  152  154  153  156  173  175                                   
    55.0-180.0 180.0   5.0 450.0                            LAT/LON1/LON2/DLON/H
  182  183  185  185  184  180  178  175  174  170  171  170  173  174  176  176
  177  177  178  179  180  180  181  180  180  179  179  180  181  180  177  171
  163  154  146  138  132  125  120  115  112  109  107  105  105  101   99   93
   88   81   78   75   75   77   81   87   97  105  113  121  129  136  142  146
  151  155  158  158  161  159  163  180  182                                   
    52.5-180.0 180.0   5.0 450.0                            LAT/LON1/LON2/DLON/H
  189  192  193  194  193  191  188  184  180  176  173  171  171  172  174  173
  175  174  177  176  179  178  181  180  182  182  186  188  192  192  189  181
  172  161  152  143  137  132  127  123  120  118  116  115  112  109  103   99
   90   86   79   79   76   81   83   92   99  109  114  125  130  140  145  153
  158  163  166  167  168  166  167  189  189                                   
    50.0-180.0 180.0   5.0 450.0                            LAT/LON1/LON2/DLON/H
  195  198  200  203  204  201  201  197  194  187  182  177  177  175  176  177
  178  179  179  180  182  182  183  184  186  188  192  197  201  202  199  190
  180  167  158  149  144  139  137  133  132  129  128  126  125  120  115  107
  101   93   89   86   87   88   93   98  108  114  123  129  137  144  153  160
  170  174  180  179  181  176  177  195  195                                   
    47.5-180.0 180.0   5.0 450.0                            LAT/LON1/LON2/DLON/H
  200  204  206  210  211  213  213  212  208  202  194  188  184  181  181  180
  181  179  182  181  184  182  185  185  188  190  196  201  206  207  204  195
  184  172  162  154  150  145  144  141  139  138  136  135  132  129  121  115
  106  102   95   97   94   99  100  108  114  123  128  136  142  152  161  172
  182  189  195  194  194  189  183  204  200                                   
    45.0-180.0 180.0   5.0 450.0                            LAT/LON1/LON2/DLON/H
  207  210  212  217  221  223  226  225  226  219  214  204  200  195  193  191
  190  190  190  190  191  191  193  193  195  197  202  206  210  210  207  198
  188  175  167  159  157  153  153  150  149  146  145  144  142  138  132  125
  118  112  109  107  108  108  112  116  123  129  136  142  151  160  173  185
  198  205  212  211  210  199  196  209  207                                   
    42.5-180.0 180.0   5.0 450.0                            LAT/LON1/LON2/DLON/H
  212  213  216  220  226  232  237  240  242  239  234  226  219  213  209  204
  204  201  202  200  202  201  203  202  204  205  209  212  215  213  209  201
  191  181  173  167  164  162  161  159  156  154  152  152  149  147  140  135
  126  124  119  120  118  120  119  125  129  137  143  152  160  174  187  202
  214  224  231  230  226  214  205  223  212                                   
    40.0-180.0 180.0   5.0 450.0                            LAT/LON1/LON2/DLON/H
  221  219  220  226  232  237  246  250  256  255  254  247  242  234  230  225
  223  220  219  216  218  216  219  218  220  219  222  223  224  219  215  206
  199  188  183  177  175  173  172  169  166  163  160  160  158  155  149  144
  138  134  131  130  129  127  127  129  134  140  149  158  171  185  202  217
  231  241  248  246  242  227  223  235  221                                   
    37.5-180.0 180.0   5.0 450.0                            LAT/LON1/LON2/DLON/H
  228  225  226  229  235  243  252  259  268  270  272  267  264  256  252  245
  243  238  237  233  235  232  235  233  235  234  236  235  233  228  222  215
  208  200  193  189  185  183  181  179  175  172  168  168  164  162  156  151
  145  143  139  139  134  133  129  132  135  144  152  166  179  198  214  232
  243  254  258  258  254  242  234  248  228                                   
    35.0-180.0 180.0   5.0 450.0                            LAT/LON1/LON2/DLON/H
  241  237  238  241  245  250  259  266  278  282  288  284  283  276  273  266
  265  258  258  252  255  252  256  254  257  253  255  251  249  240  235  225
  221  212  207  199  196  192  190  187  184  181  178  176  173  169  163  158
  152  148  145  142  138  134  131  130  135  142  153  167  186  204  223  238
  250  259  264  261  261  249  247  260  241                                   
    32.5-180.0 180.0   5.0 450.0                            LAT/LON1/LON2/DLON/H
  252  252  252  253  258  262  269  276  289  295  303  301  302  295  293  286
  285  278  278  271  274  270  275  272  275  270  271  265  262  253  245  238
  232  225  215  208  201  198  195  194  192  191  188  187  182  178  170  164
  157  152  146  143  137  133  127  129  130  141  151  169  187  210  227  244
  253  261  264  265  265  260  257  274  252                                   
    30.0-180.0 180.0   5.0 450.0                            LAT/LON1/LON2/DLON/H
  269  271  275  275  278  279  286  291  304  310  319  318  320  312  312  304
  306  296  298  288  294  288  294  290  294  288  289  281  278  264  258  246
  240  228  220  209  204  197  197  195  197  195  195  192  189  183  176  168
  159  152  146  141  137  131  126  124  127  134  147  164  186  208  228  243
  251  260  264  266  268  267  268  288  269                                   
    27.5-180.0 180.0   5.0 450.0                            LAT/LON1/LON2/DLON/H
  283  291  296  295  298  299  305  309  321  328  337  335  337  330  331  324
  325  317  317  308  311  306  309  305  307  301  301  293  286  271  261  247
  237  222  212  203  195  192  190  194  196  199  199  198  194  188  179  170
  159  150  142  136  132  127  122  122  123  132  141  161  182  207  226  242
  250  260  266  270  274  275  279  301  283                                   
    25.0-180.0 180.0   5.0 450.0                            LAT/LON1/LON2/DLON/H
  301  311  319  319  321  322  328  333  345  351  358  358  358  353  353  348
  351  342  343  332  334  325  328  320  321  313  312  301  293  273  260  243
  232  216  205  192  184  179  181  184  191  194  198  195  193  184  175  163
  152  141  133  127  124  121  119  117  119  124  136  153  176  201  223  239
  249  260  269  274  281  283  290  312  301                                   
    22.5-180.0 180.0   5.0 450.0                            LAT/LON1/LON2/DLON/H
  314  326  334  336  342  343  350  355  367  375  382  382  384  380  379  377
  377  371  368  359  357  348  344  335  331  321  315  303  289  269  254  237
  225  209  196  184  173  168  168  174  181  187  191  191  186  178  167  156
  144  133  125  120  118  116  114  115  115  121  129  148  170  197  218  237
  249  263  275  283  292  294  300  321  314                                   
    20.0-180.0 180.0   5.0 450.0                            LAT/LON1/LON2/DLON/H
  328  338  347  349  358  361  370  378  391  400  409  412  414  413  413  414
  415  409  404  395  388  376  368  354  345  329  319  300  285  263  247  230
  218  202  190  175  163  156  156  160  168  172  177  174  170  159  152  140
  132  121  116  112  111  110  111  109  111  113  123  139  164  189  216  237
  254  271  286  294  304  306  312  329  328                                   
    17.5-180.0 180.0   5.0 450.0                            LAT/LON1/LON2/DLON/H
  336  347  353  360  368  375  384  397  411  425  435  442  445  448  449  452
  452  449  441  432  419  406  390  372  355  332  314  292  276  255  241  225
  212  197  185  172  156  151  148  152  157  161  161  159  153  145  138  130
  122  114  109  106  106  107  106  107  107  111  117  134  156  186  212  237
  258  278  295  305  314  317  320  338  336                                   
    15.0-180.0 180.0   5.0 450.0                            LAT/LON1/LON2/DLON/H
  347  356  362  367  378  384  395  408  425  441  454  463  470  476  480  484
  486  482  475  461  446  429  411  388  365  335  311  285  270  249  235  221
  207  195  184  169  157  150  147  147  149  148  146  141  136  127  122  114
  110  103  100   98   99   99  101  100  100  101  110  124  149  176  210  237
  263  285  305  314  324  327  333  345  347                                   
    12.5-180.0 180.0   5.0 450.0                            LAT/LON1/LON2/DLON/H
  353  365  367  375  382  391  400  416  431  450  463  479  487  498  504  510
  514  511  503  489  471  451  427  401  373  339  310  283  266  246  233  219
  209  199  189  179  164  160  153  152  148  146  140  136  129  121  115  109
  105  100   96   95   95   97   95   96   94   98  103  120  140  172  203  236
  262  287  307  319  329  335  339  354  353                                   
    10.0-180.0 180.0   5.0 450.0                            LAT/LON1/LON2/DLON/H
  364  375  379  382  388  393  402  417  431  450  463  481  493  507  514  524
  530  526  522  510  490  468  441  413  382  345  312  284  267  247  232  220
  212  206  198  189  180  173  167  162  154  148  143  136  129  119  112  103
   99   92   89   87   88   88   88   85   85   86   95  109  132  161  199  231
  260  284  306  319  334  343  352  364  364                                   
     7.5-180.0 180.0   5.0 450.0                            LAT/LON1/LON2/DLON/H
  371  392  389  394  394  399  406  418  429  447  460  479  491  506  516  529
  537  536  533  522  503  477  449  418  388  351  316  287  266  245  231  219
