data/unet/pred2340.15i
     1.0            IONOSPHERE MAPS     GNSS                IONEX VERSION / TYPE
pyspatialgeodesy        IME             05-JAN-18 20:20     PGM / RUN BY / DATE 
Map Name                                                    COMMENT             
Predicted global ionosphere maps (GIM).                     DESCRIPTION         
  2015     8    22     0     0     0                        EPOCH OF FIRST MAP  
  2015     8    23     0     0     0                        EPOCH OF LAST MAP   
  7200                                                      INTERVAL            
    13                                                      # OF MAPS IN FILE   
  NONE                                                      MAPPING FUNCTION    
10.0                                                        ELEVATION CUTOFF    
One-way carrier phase leveled to code                       OBSERVABLES USED    
  6371.0                                                    BASE RADIUS         
 2                                                          MAP DIMENSION       
   450.0 450.0   0.0                                        HGT1 / HGT2 / DHGT  
    87.5 -87.5  -2.5                                        LAT1 / LAT2 / DLAT  
  -180.0 180.0   5.0                                        LON1 / LON2 / DLON  
    -1                                                      EXPONENT            
                                                            END OF HEADER       
[from data line 858]
     3                                                      START OF TEC MAP    
  2015     8    22     4     0     0                        EPOCH OF CURRENT MAP
    87.5-180.0 180.0   5.0 450.0                            LAT/LON1/LON2/DLON/H
  123  129  116  114  116  114  116  116  118  118  119  118  119  118  119  118
  118  116  117  115  116  113  114  111  112  110  111  108  110  108  109  107
  108  106  107  105  107  105  107  105  107  105  107  105  107  106  107  106
  108  108  109  109  110  110  110  110  111  111  111  111  112  111  112  111
  113  111  113  112  115  112  128  131  123                                   
    85.0-180.0 180.0   5.0 450.0                            LAT/LON1/LON2/DLON/H
  134  131  114  121  118  119  119  122  122  123  122  124  123  124  122  123
  121  121  118  118  115  115  112  112  109  110  107  107  105  106  103  105
  102  104  102  104  101  104  101  104  101  105  103  106  103  107  105  109
  107  110  109  112  111  114  112  115  114  116  114  116  114  116  113  115
  114  115  114  116  115  115  125  131  134                                   
    82.5-180.0 180.0   5.0 450.0                            LAT/LON1/LON2/DLON/H
  121  113  111  116  112  114  114  117  117  119  119  120  120  120  120  119
  117  117  114  113  110  109  106  104  101  100   98   97   94   93   92   91
   91   90   91   90   91   89   91   89   91   89   92   91   94   93   96   96
   99   98  102  102  105  106  108  109  109  110  109  110  109  110  107  109
  107  109  108  110  110  109  122  118  121                                   
    80.0-180.0 180.0   5.0 450.0                            LAT/LON1/LON2/DLON/H
  125  117  115  116  115  115  116  118  119  120  120  121  121  121  120  120
  118  117  115  113  110  107  104  101   98   95   93   91   89   87   86   85
   84   84   84   86   85   87   87   88   89   90   92   95   96   98  100  102
  104  106  108  111  112  114  115  117  118  118  117  118  117  116  114  114
  113  113  111  113  111  108  119  119  125                                   
    77.5-180.0 180.0   5.0 450.0                            LAT/LON1/LON2/DLON/H
  124  114  110  112  109  110  110  112  112  113  113  114  113  113  113  113
  111  110  108  106  103  100   97   93   90   86   83   80   78   76   76   75
   74   74   75   76   76   79   79   82   82   85   86   90   91   95   97  101
  102  105  107  111  112  115  116  119  119  119  118  118  117  115  113  113
  111  110  109  110  109  105  118  115  124                                   
    75.0-180.0 180.0   5.0 450.0                            LAT/LON1/LON2/DLON/H
  121  111  106  105  105  103  105  105  105  104  105  104  104  103  104  102
  103  100  101   97   96   92   90   85   82   77   76   71   70   67   67   65
   66   66   67   67   68   69   71   73   76   77   83   84   89   90   96   97
  102  103  108  109  112  113  116  117  118  117  117  115  115  113  112  109
  109  107  107  107  108  104  118  119  121                                   
    72.5-180.0 180.0   5.0 450.0                            LAT/LON1/LON2/DLON/H
  121  109  104  106  102  101  100  100   99   98   97   96   95   95   95   96
   95   95   95   94   92   89   86   82   78   74   71   68   66   64   64   63
   64   63   64   63   64   65   66   68   71   74   78   82   85   90   93   97
   99  103  105  108  110  113  114  115  116  116  115  114  113  112  110  109
  108  107  107  108  109  108  122  119  121                                   
    70.0-180.0 180.0   5.0 450.0                            LAT/LON1/LON2/DLON/H
  121  111  105  105  103  100  100   97   96   92   92   88   89   86   88   86
   90   87   91   87   89   83   83   76   76   69   69   64   64   60   63   60
   62   59   61   59   60   59   61   63   66   70   76   80   85   89   94   97
  100  103  106  109  110  112  113  114  115  114  114  113  112  111  109  109
  108  109  109  112  113  110  124  124  121                                   
    67.5-180.0 180.0   5.0 450.0                            LAT/LON1/LON2/DLON/H
  122  112  107  109  102  100   97   96   92   89   86   84   81   80   80   81
   82   84   85   85   84   82   79   76   72   68   65   62   60   59   59   58
   58   57   57   55   55   54   56   58   62   67   73   80   85   91   95  100
  102  105  106  108  107  108  108  109  110  110  109  109  108  108  107  108
  107  110  111  115  117  116  130  127  122                                   
    65.0-180.0 180.0   5.0 450.0                            LAT/LON1/LON2/DLON/H
  125  118  111  109  105  102   99   97   94   89   86   82   79   76   76   75
   78   77   81   79   80   76   75   70   69   63   61   58   58   56   58   57
   56   54   53   50   50   49   51   54   60   66   74   82   89   95   99  105
  105  107  107  107  106  107  106  108  108  108  108  108  108  107  106  107
  107  111  113  118  120  119  132  131  125                                   
    62.5-180.0 180.0   5.0 450.0                            LAT/LON1/LON2/DLON/H
  127  119  112  112  104  102   98   97   92   89   83   81   75   74   70   71
   70   72   72   74   72   71   68   65   61   58   54   54   53   52   52   52
   50   49   46   45   43   44   46   51   57   65   74   84   91   99  104  108
  109  108  108  106  106  105  105  106  107  108  107  106  106  106  105  106
  106  111  114  120  124  125  136  133  127                                   
    60.0-180.0 180.0   5.0 450.0                            LAT/LON1/LON2/DLON/H
  129  123  114  112  107  103  101   98   95   91   86   82   78   73   71   68
   68   66   67   65   66   62   60   56   56   51   50   48   50   48   49   47
   46   44   42   40   40   41   45   50   59   67   78   88   96  104  108  112
  111  111  107  107  105  107  106  109  110  110  108  108  108  106  106  106
  107  110  114  120  124  124  135  135  129                                   
    57.5-180.0 180.0   5.0 450.0                            LAT/LON1/LON2/DLON/H
  132  123  116  116  109  106  102  101   96   93   88   85   79   75   69   67
   63   62   59   58   56   54   51   50   47   45   44   43   44   43   43   42
   41   40   38   38   38   41   45   52   60   70   79   91   99  108  112  116
  115  114  112  111  111  112  113  115  116  116  113  113  111  111  109  110
  109  112  114  120  125  127  136  134  132                                   
    55.0-180.0 180.0   5.0 450.0                            LAT/LON1/LON2/DLON/H
  135  130  121  120  115  111  109  106  101   97   92   88   84   78   73   68
   64   58   55   51   50   46   46   42   44   40   42   39   41   38   40   38
   39   37   38   37   40   43   48   54   64   74   85   95  105  114  118  122
  122  122  120  121  122  126  126  127  126  125  122  119  119  118  116  115
  114  114  116  120  125  125  135  138  135                                   
    52.5-180.0 180.0   5.0 450.0                            LAT/LON1/LON2/DLON/H
  142  134  130  130  124  122  117  113  107  102   96   93   87   83   75   71
   64   60   54   51   47   45   43   43   43   41   41   39   40   38   38   37
   38   38   41   43   46   50   55   61   70   79   88  100  109  119  125  131
  132  133  135  137  140  143  144  143  140  136  131  128  127  127  124  124
  121  121  121  125  129  131  139  141  142                                   
    50.0-180.0 180.0   5.0 450.0                            LAT/LON1/LON2/DLON/H
  148  144  141  142  137  134  130  124  117  109  103   97   93   86   81   73
   69   61   58   51   50   45   48   45   49   45   46   42   43   39   41   38
   42   42   47   48   54   57   62   67   76   84   95  105  117  127  135  140
  144  147  151  154  157  161  161  159  154  150  141  137  137  137  136  135
  132  130  129  131  134  134  143  149  148                                   
    47.5-180.0 180.0   5.0 450.0                            LAT/LON1/LON2/DLON/H
  156  151  155  156  152  150  145  138  128  118  109  104   98   93   86   80
   74   69   63   58   56   53   54   54   56   56   53   50   47   45   45   45
   48   50   55   59   63   67   71   75   82   90  100  112  123  135  143  150
  157  162  167  172  174  176  176  172  165  158  149  146  145  147  145  147
  142  141  138  140  143  144  149  155  156                                   
    45.0-180.0 180.0   5.0 450.0                            LAT/LON1/LON2/DLON/H
  164  163  167  169  166  164  159  151  140  126  117  108  105   96   92   83
   80   72   71   64   65   60   65   63   69   65   67   59   59   53   55   52
   57   58   64   67   71   73   76   79   86   94  106  118  132  142  153  162
  170  178  184  189  190  191  189  185  176  168  157  154  155  157  157  158
  155  153  151  152  153  151  155  163  164                                   
    42.5-180.0 180.0   5.0 450.0                            LAT/LON1/LON2/DLON/H
  170  170  177  179  175  176  170  163  149  136  123  116  109  103   96   90
   85   81   78   75   73   72   73   74   77   77   74   70   66   63   61   62
   64   66   71   75   77   79   81   84   89   98  109  125  137  150  160  171
  182  191  198  203  203  202  199  193  184  174  165  160  162  164  165  166
  164  163  161  163  164  164  164  173  170                                   
    40.0-180.0 180.0   5.0 450.0                            LAT/LON1/LON2/DLON/H
  178  180  184  185  181  180  176  169  157  144  133  123  117  107  103   94
   92   85   86   81   82   79   84   82   88   84   86   78   78   73   74   71
   74   74   78   80   82   82   84   86   93  101  114  129  144  156  166  179
  189  200  206  212  211  211  207  203  196  188  177  173  173  176  175  178
  175  177  175  178  176  171  171  178  178                                   
    37.5-180.0 180.0   5.0 450.0                            LAT/LON1/LON2/DLON/H
  183  182  187  185  179  182  176  171  159  150  139  132  123  115  108  101
   96   93   90   89   87   86   88   89   93   91   90   87   85   83   80   80
   79   80   81   84   84   84   85   88   94  104  116  133  147  158  169  181
  191  202  209  215  216  218  216  215  209  203  195  189  189  188  188  188
  189  189  190  191  190  184  181  186  183                                   
    35.0-180.0 180.0   5.0 450.0                            LAT/LON1/LON2/DLON/H
  192  191  190  185  178  176  173  167  160  152  147  139  133  123  116  106
  102   96   96   91   91   89   93   93   99   96   96   92   92   90   89   87
   86   84   85   85   84   84   84   87   95  104  116  132  147  160  170  181
  191  201  209  217  222  227  230  231  230  226  221  216  215  212  208  206
  204  207  206  209  204  195  190  193  192                                   
    32.5-180.0 180.0   5.0 450.0                            LAT/LON1/LON2/DLON/H
  202  197  196  187  176  176  169  167  158  157  153  150  143  133  122  113
  106  101   97   95   94   92   98   96  104   99  101   97   97   96   93   92
   88   87   85   85   84   84   84   88   95  105  116  130  144  155  166  176
  187  197  208  218  228  238  245  251  253  253  250  246  243  235  230  223
  223  222  225  223  221  211  205  208  202                                   
    30.0-180.0 180.0   5.0 450.0                            LAT/LON1/LON2/DLON/H
  220  217  210  200  189  182  176  170  163  159  159  156  152  140  129  117
  110  101   99   93   94   92   99  100  105  103  103  102  102  100  100   95
   92   87   87   84   83   82   83   85   92  102  112  123  135  147  158  168
  178  190  205  220  235  249  260  271  278  283  281  280  276  266  257  249
  245  246  246  246  238  228  220  222  220                                   
    27.5-180.0 180.0   5.0 450.0                            LAT/LON1/LON2/DLON/H
  243  237  235  219  204  197  186  180  172  170  168  166  159  148  134  122
  111  106   99   96   98   95  106  105  113  107  110  105  106  105  102   98
   92   88   86   85   82   82   82   85   90   99  107  117  128  139  151  160
  171  183  202  219  242  262  279  293  304  312  313  314  310  298  287  275
  271  268  269  265  261  253  244  246  243                                   
    25.0-180.0 180.0   5.0 450.0                            LAT/LON1/LON2/DLON/H
  274  269  265  253  236  224  210  200  188  183  178  173  165  151  137  123
  112  103   98   94   96   96  106  111  113  114  109  108  106  104  103   94
   93   84   84   79   79   77   77   78   83   90   99  106  118  131  145  157
  168  183  200  225  250  277  297  317  330  342  344  345  339  331  319  307
  300  297  295  291  284  276  269  270  274                                   
    22.5-180.0 180.0   5.0 450.0                            LAT/LON1/LON2/DLON/H
  305  304  304  288  273  259  238  225  210  201  192  183  171  156  140  125
  113  105  100   95  102  102  118  122  127  124  120  112  108  103   99   94
   87   84   77   76   73   74   73   74   79   86   95  102  117  130  147  160
  175  187  210  236  269  298  320  337  352  363  369  368  366  357  348  335
  329  322  321  313  310  306  301  302  305                                   
    20.0-180.0 180.0   5.0 450.0                            LAT/LON1/LON2/DLON/H
  338  341  342  331  312  296  275  256  235  223  208  196  179  162  145  129
  116  107  102   98  104  110  122  134  131  131  118  113  107  101   99   89
   87   75   73   67   66   66   66   66   73   78   89   96  113  129  147  164
  178  196  219  252  285  315  337  356  372  385  389  392  392  386  377  367
  360  354  350  343  335  334  332  330  338                                   
    17.5-180.0 180.0   5.0 450.0                            LAT/LON1/LON2/DLON/H
  366  373  377  371  355  334  308  288  261  241  222  206  185  167  149  133
  121  110  107  102  114  119  135  145  144  141  128  116  106   99   92   87
   78   74   66   64   61   62   62   63   69   77   88   99  120  137  158  173
  191  209  240  271  302  331  351  370  384  395  400  403  405  403  397  389
  383  377  375  364  362  360  360  362  366                                   
    15.0-180.0 180.0   5.0 450.0                            LAT/LON1/LON2/DLON/H
  388  395  402  397  386  369  340  315  286  263  237  219  194  176  158  144
  131  120  117  114  123  131  142  150  145  140  124  111  104   95   92   82
   77   67   62   56   54   54   56   56   65   72   87  101  124  143  164  180
  198  222  254  284  311  338  362  380  399  409  414  418  423  423  420  414
  410  406  404  395  391  391  387  390  388                                   
    12.5-180.0 180.0   5.0 450.0                            LAT/LON1/LON2/DLON/H
  401  410  415  414  404  392  366  336  304  278  249  226  202  181  164  149
  141  130  129  127  134  141  147  154  146  139  122  112   99   95   86   80
   72   67   59   54   52   52   55   56   64   74   89  108  131  152  174  189
  211  233  266  291  315  339  358  381  399  410  414  421  427  432  432  430
  426  423  423  415  414  415  408  414  401                                   
    10.0-180.0 180.0   5.0 450.0                            LAT/LON1/LON2/DLON/H
  408  415  426  423  417  402  379  351  314  289  259  237  212  193  176  164
  156  148  146  141  144  142  146  142  136  124  113  101   98   92   87   79
   71   63   55   51   48   48   51   54   63   73   90  108  134  153  173  190
  214  238  269  292  313  337  359  382  405  419  426  433  440  445  447  444
  445  442  442  435  433  436  433  430  408                                   
     7.5-180.0 180.0   5.0 450.0                            LAT/LON1/LON2/DLON/H
  410  419  426  428  420  408  385  358  320  294  266  243  220  203  188  173
  166  160  158  156  150  148  141  141  128  122  108  104   96   92   84   78
