data/unet/pred1120.15i
     1.0            IONOSPHERE MAPS     GNSS                IONEX VERSION / TYPE
pyspatialgeodesy        IME             05-JAN-18 20:20     PGM / RUN BY / DATE 
Map Name                                                    COMMENT             
Predicted global ionosphere maps (GIM).                     DESCRIPTION         
  2015     4    22     0     0     0                        EPOCH OF FIRST MAP  
  2015     4    23     0     0     0                        EPOCH OF LAST MAP   
  7200                                                      INTERVAL            
    13                                                      # OF MAPS IN FILE   
  NONE                                                      MAPPING FUNCTION    
10.0                                                        ELEVATION CUTOFF    
One-way carrier phase leveled to code                       OBSERVABLES USED    
  6371.0                                                    BASE RADIUS         
 2                                                          MAP DIMENSION       
   450.0 450.0   0.0                                        HGT1 / HGT2 / DHGT  
    87.5 -87.5  -2.5                                        LAT1 / LAT2 / DLAT  
  -180.0 180.0   5.0                                        LON1 / LON2 / DLON  
    -1                                                      EXPONENT            
                                                            END OF HEADER       
[from data line 2145]
     6                                                      START OF TEC MAP    
  2015     4    22    10     0     0                        EPOCH OF CURRENT MAP
    87.5-180.0 180.0   5.0 450.0                            LAT/LON1/LON2/DLON/H
  173  198  197  205  206  211  211  216  216  221  221  226  225  232  231  239
  236  244  240  246  241  245  242  244  243  244  244  245  242  243  240  241
  237  239  236  237  233  234  231  231  226  227  222  221  215  213  209  207
  203  200  198  196  194  192  190  188  186  184  183  181  181  178  179  177
  179  177  179  177  179  177  185  162  173                                   
    85.0-180.0 180.0   5.0 450.0                            LAT/LON1/LON2/DLON/H
  183  181  186  199  199  209  210  219  220  229  230  237  237  243  244  249
  248  252  249  252  248  250  247  251  249  253  253  257  255  257  255  257
  254  254  252  251  247  245  242  239  236  232  229  224  221  214  211  206
  203  197  195  192  189  185  183  180  177  174  171  170  167  166  164  165
  163  164  163  165  165  165  175  172  183                                   
    82.5-180.0 180.0   5.0 450.0                            LAT/LON1/LON2/DLON/H
  162  168  168  178  182  189  197  204  212  217  224  229  233  239  241  246
  243  247  241  246  238  243  237  244  240  247  246  254  251  257  255  259
  257  259  257  258  255  253  251  248  245  240  236  232  226  221  215  210
  205  200  195  191  187  183  179  176  172  169  164  164  159  158  154  156
  152  153  150  153  153  158  160  172  162                                   
    80.0-180.0 180.0   5.0 450.0                            LAT/LON1/LON2/DLON/H
  156  158  155  160  166  174  182  191  197  205  208  215  217  222  222  226
  224  225  222  220  218  215  216  216  218  221  225  230  232  237  240  245
  247  251  254  256  257  256  256  254  253  248  246  241  237  231  225  220
  214  209  204  200  196  190  189  183  182  175  174  169  169  161  161  156
  154  150  148  146  146  145  153  160  156                                   
    77.5-180.0 180.0   5.0 450.0                            LAT/LON1/LON2/DLON/H
  149  154  148  155  160  171  178  189  192  199  202  206  207  211  210  212
  208  208  202  203  196  197  192  195  193  197  200  206  209  216  222  229
  234  241  247  253  257  260  262  264  263  262  260  258  253  249  244  239
  234  229  225  222  218  215  211  211  206  205  199  199  192  191  183  182
  172  170  159  157  150  145  148  158  149                                   
    75.0-180.0 180.0   5.0 450.0                            LAT/LON1/LON2/DLON/H
  149  151  146  151  154  165  173  181  184  190  191  195  194  196  193  194
  189  188  183  183  178  178  174  175  174  178  181  186  192  200  209  217
  227  234  243  251  257  263  268  271  273  274  274  274  271  270  266  263
  259  257  253  253  250  249  248  246  245  240  239  233  232  224  221  212
  205  195  184  175  166  157  159  161  149                                   
    72.5-180.0 180.0   5.0 450.0                            LAT/LON1/LON2/DLON/H
  153  152  144  151  156  165  171  177  180  181  182  180  179  178  176  175
  171  170  167  168  164  164  160  162  162  165  169  175  181  191  200  212
  220  231  240  250  257  268  273  280  282  287  288  291  289  291  288  288
  285  286  283  285  282  284  280  283  277  279  272  275  266  267  255  254
  238  231  211  200  183  169  163  166  153                                   
    70.0-180.0 180.0   5.0 450.0                            LAT/LON1/LON2/DLON/H
  154  148  142  146  149  158  164  168  172  173  172  169  167  164  163  161
  159  158  157  157  154  153  151  152  153  156  160  167  175  184  196  208
  219  229  239  248  257  267  275  283  289  295  299  303  306  307  308  309
  310  311  311  313  311  311  308  307  303  300  295  292  288  284  277  271
  261  250  234  218  198  180  175  168  154                                   
    67.5-180.0 180.0   5.0 450.0                            LAT/LON1/LON2/DLON/H
  155  146  136  143  147  156  160  165  163  165  160  156  153  148  148  143
  144  144  145  147  146  148  145  148  148  152  158  165  173  184  193  207
  214  228  236  250  255  268  273  286  291  301  305  312  315  320  320  325
  325  328  327  330  326  326  321  319  312  309  300  298  290  288  277  275
  263  256  239  224  204  183  172  165  155                                   
    65.0-180.0 180.0   5.0 450.0                            LAT/LON1/LON2/DLON/H
  153  140  130  134  136  146  150  154  157  155  153  148  147  142  143  142
  144  143  146  146  146  145  145  147  148  154  158  167  175  184  192  205
  214  227  236  248  257  269  278  289  298  307  315  321  327  331  334  337
  340  342  341  342  337  335  327  323  312  305  294  290  280  277  268  267
  257  254  237  227  205  186  178  164  153                                   
    62.5-180.0 180.0   5.0 450.0                            LAT/LON1/LON2/DLON/H
  155  138  124  127  129  137  140  147  144  147  140  138  133  131  132  130
  134  133  137  137  137  138  137  142  143  152  156  168  173  184  188  203
  211  227  235  251  259  275  282  297  303  315  320  330  335  343  344  352
  351  356  350  349  342  337  326  316  306  294  286  276  272  263  258  254
  249  244  233  221  204  185  174  161  155                                   
    60.0-180.0 180.0   5.0 450.0                            LAT/LON1/LON2/DLON/H
  156  134  120  117  115  123  125  131  131  133  130  128  126  123  125  124
  128  127  129  130  129  129  131  136  140  150  156  166  172  179  184  196
  207  222  234  250  261  278  291  306  315  325  333  340  349  355  362  366
  369  367  363  358  351  343  332  321  309  296  284  277  269  263  257  253
  247  244  233  222  206  189  181  166  156                                   
    57.5-180.0 180.0   5.0 450.0                            LAT/LON1/LON2/DLON/H
  167  143  122  112  104  110  109  116  114  119  115  115  112  113  112  114
  114  114  113  113  112  116  118  128  133  146  152  163  165  175  176  191
  200  220  233  253  266  286  299  318  326  337  343  351  357  365  371  377
  377  377  369  365  355  348  336  326  316  303  296  286  283  276  274  265
  260  253  244  230  217  201  191  175  167                                   
    55.0-180.0 180.0   5.0 450.0                            LAT/LON1/LON2/DLON/H
  183  158  137  118  104  103  100  104  104  106  107  107  108  107  109  106
  107  101  101   98   99  102  109  122  131  146  150  161  162  169  172  184
  196  217  235  255  272  296  312  333  346  357  363  368  375  382  391  396
  399  397  391  385  379  371  362  353  341  333  322  315  309  302  297  288
  281  273  264  249  238  217  214  193  183                                   
    52.5-180.0 180.0   5.0 450.0                            LAT/LON1/LON2/DLON/H
  203  181  159  137  116  108   99  100   98  102  103  103  104  104  103  103
   99   97   91   91   88   95  102  120  133  148  154  165  166  173  176  189
  201  224  241  264  283  307  326  349  363  375  379  385  389  398  406  412
  413  412  405  401  392  388  378  373  363  357  351  344  341  333  327  320
  310  301  289  278  264  250  237  215  203                                   
    50.0-180.0 180.0   5.0 450.0                            LAT/LON1/LON2/DLON/H
  229  208  188  162  142  125  112  106  100  101  102  104  105  106  106  102
  100   92   89   83   84   87  102  120  140  159  162  175  172  178  180  192
  206  229  245  269  285  315  336  365  384  398  404  409  414  422  430  438
  442  440  436  430  423  415  409  401  394  386  379  375  371  366  357  348
  338  325  312  299  287  268  267  237  229                                   
    47.5-180.0 180.0   5.0 450.0                            LAT/LON1/LON2/DLON/H
  247  229  210  187  170  152  136  126  114  110  109  108  109  108  106  103
  101   95   91   86   86   92  104  127  144  171  177  186  186  192  195  209
  219  243  255  277  293  323  348  380  403  419  425  431  436  443  451  459
  463  463  458  451  442  434  424  416  407  397  391  386  385  380  374  364
  353  339  325  312  298  289  279  253  247                                   
    45.0-180.0 180.0   5.0 450.0                            LAT/LON1/LON2/DLON/H
  266  247  232  210  196  180  167  153  138  129  123  120  118  115  114  109
  109  102  100   93   96  100  119  140  161  187  194  203  200  204  206  215
  227  244  257  276  295  326  358  396  425  445  455  462  466  473  478  487
  491  492  487  479  468  457  445  431  419  403  397  390  391  385  379  370
  355  342  324  309  296  283  283  260  266                                   
    42.5-180.0 180.0   5.0 450.0                            LAT/LON1/LON2/DLON/H
  268  253  241  224  218  202  194  178  165  150  139  134  129  126  123  120
  121  117  117  110  114  116  133  155  177  203  210  221  216  222  219  232
  235  254  261  284  302  338  372  416  446  470  481  492  496  503  507  515
  517  517  510  501  488  473  456  439  420  403  392  385  384  378  372  361
  346  330  309  295  281  271  268  253  268                                   
    40.0-180.0 180.0   5.0 450.0                            LAT/LON1/LON2/DLON/H
  258  243  236  231  228  222  214  198  187  173  159  152  146  140  138  135
  137  136  135  133  133  141  154  176  191  215  219  227  225  220  227  226
  239  246  266  283  313  350  393  437  473  498  513  523  524  532  538  545
  547  543  539  528  517  501  481  465  441  421  401  394  388  383  372  364
  345  328  303  283  266  249  243  237  258                                   
    37.5-180.0 180.0   5.0 450.0                            LAT/LON1/LON2/DLON/H
  238  223  221  224  224  224  223  209  200  184  173  164  158  155  152  152
  154  155  155  150  152  154  166  181  195  215  217  233  220  236  225  244
  242  264  272  306  331  379  420  468  500  526  543  559  564  575  582  591
  589  591  582  572  554  538  513  497  466  450  421  419  406  403  388  381
  360  342  311  287  260  238  220  206  238                                   
    35.0-180.0 180.0   5.0 450.0                            LAT/LON1/LON2/DLON/H
  211  199  200  205  212  216  217  210  202  193  185  178  176  171  172  170
  173  175  170  167  161  164  169  187  197  214  216  229  228  231  239  245
  258  274  294  328  367  414  464  505  537  563  578  599  609  623  634  642
  640  638  631  624  608  594  574  564  543  524  496  480  455  445  420  414
  392  373  342  313  281  245  218  199  211                                   
    32.5-180.0 180.0   5.0 450.0                            LAT/LON1/LON2/DLON/H
  204  195  187  189  194  201  204  203  198  194  189  188  187  186  184  184
  184  184  179  172  167  163  171  179  188  203  205  219  217  233  235  258
  265  296  317  369  407  463  501  540  571  592  616  640  666  693  698  705
  705  707  699  697  682  672  650  636  618  601  582  567  554  535  507  493
  460  429  385  358  322  293  246  199  204                                   
    30.0-180.0 180.0   5.0 450.0                            LAT/LON1/LON2/DLON/H
  219  215  196  187  190  190  193  193  190  192  192  196  200  200  200  196
  195  195  187  182  170  171  170  185  191  208  213  224  231  245  258  278
  295  331  359  409  450  494  535  570  595  621  647  684  727  756  776  794
  801  811  805  801  788  776  763  748  735  720  709  692  674  647  623  587
  549  511  462  424  377  335  300  239  219                                   
    27.5-180.0 180.0   5.0 450.0                            LAT/LON1/LON2/DLON/H
  273  271  239  217  204  203  196  193  187  191  195  204  209  212  207  204
  199  198  192  184  179  171  179  177  190  199  211  220  236  251  272  289
  311  346  390  432  479  521  563  593  618  647  680  726  769  809  847  876
  893  896  897  890  884  874  873  864  861  847  841  816  795  759  727  689
  658  619  564  502  452  406  376  288  273                                   
    25.0-180.0 180.0   5.0 450.0                            LAT/LON1/LON2/DLON/H
  349  327  298  261  238  226  217  207  200  193  198  202  211  212  212  208
  206  204  198  192  179  174  172  180  192  202  217  231  247  271  283  311
  332  379  421  467  508  548  592  616  640  668  709  757  801  855  904  943
  958  967  969  967  962  957  957  954  959  950  951  928  908  865  828  784
  744  709  664  624  559  501  459  382  349                                   
    22.5-180.0 180.0   5.0 450.0                            LAT/LON1/LON2/DLON/H
  413  382  362  319  293  274  252  238  226  221  210  213  211  216  215  212
  208  207  204  200  193  181  184  183  189  195  214  241  262  284  302  326
  366  411  456  497  545  577  614  636  655  688  732  775  828  890  950  988
 1006 1013 1022 1016 1017 1008 1017 1011 1021 1016 1013  996  974  940  896  849
  809  769  731  686  643  600  546  458  413                                   
    20.0-180.0 180.0   5.0 450.0                            LAT/LON1/LON2/DLON/H
  473  450  412  389  356  337  300  279  256  246  236  231  224  220  212  209
  202  205  204  203  188  180  174  175  183  191  216  244  276  296  322  361
  411  453  503  546  593  622  650  664  681  710  745  792  846  913  965 1004
 1015 1024 1025 1026 1023 1022 1024 1027 1033 1031 1029 1013  994  956  912  860
  813  779  739  711  668  643  612  536  473                                   
    17.5-180.0 180.0   5.0 450.0                            LAT/LON1/LON2/DLON/H
  541  521  478  443  398  383  360  332  301  277  260  251  239  229  217  207
  204  202  204  200  193  179  177  165  172  182  221  259  288  319  354  404
  451  495  545  587  628  652  672  688  711  736  764  813  862  921  963  992
 1002 1003 1007 1003 1001  999 1002 1004 1009 1007 1005  993  971  934  881  830
  779  749  712  703  675  663  653  604  541                                   
    15.0-180.0 180.0   5.0 450.0                            LAT/LON1/LON2/DLON/H
  580  575  535  509  466  432  391  378  350  317  289  267  254  237  227  214
  206  204  195  198  182  178  168  157  164  178  225  259  308  340  400  439
  495  533  586  623  660  670  699  714  736  756  782  819  864  911  942  959
  965  965  964  964  957  956  955  958  959  957  955  940  922  879  828  772
  712  684  650  653  636  642  646  630  580                                   
    12.5-180.0 180.0   5.0 450.0                            LAT/LON1/LON2/DLON/H
  604  607  588  570  520  483  433  400  373  351  316  287  263  240  225  216
  210  203  204  194  189  170  161  148  161  179  232  278  312  373  429  476
  526  559  605  634  661  678  711  737  755  781  800  835  863  897  913  917
  915  911  915  913  915  911  908  904  903  896  891  880  854  822  764  715
  650  629  599  604  600  614  638  618  604                                   
    10.0-180.0 180.0   5.0 450.0                            LAT/LON1/LON2/DLON/H
  605  623  609  600  564  522  475  439  398  378  339  303  267  245  228  223
  218  218  211  202  190  166  156  140  158  182  243  285  342  389  451  496
  545  578  621  639  673  689  731  759  780  801  819  840  863  880  888  883
  876  872  875  875  880  875  867  865  861  857  847  832  802  773  716  672
  607  580  546  565  557  590  611  596  605                                   
     7.5-180.0 180.0   5.0 450.0                            LAT/LON1/LON2/DLON/H
  612  632  626  614  583  546  500  464  417  393  354  315  291  267  242  236
  220  220  213  199  185  157  149  143  160  196  245  303  348  395  452  499
