data/unet/pred0900.15i
     1.0            IONOSPHERE MAPS     GNSS                IONEX VERSION / TYPE
pyspatialgeodesy        IME             05-JAN-18 20:20     PGM / RUN BY / DATE 
Map Name                                                    COMMENT             
Predicted global ionosphere maps (GIM).                     DESCRIPTION         
  2015     3    31     0     0     0                        EPOCH OF FIRST MAP  
  2015     4     1     0     0     0                        EPOCH OF LAST MAP   
  7200                                                      INTERVAL            
    13                                                      # OF MAPS IN FILE   
  NONE                                                      MAPPING FUNCTION    
10.0                                                        ELEVATION CUTOFF    
One-way carrier phase leveled to code                       OBSERVABLES USED    
  6371.0                                                    BASE RADIUS         
 2                                                          MAP DIMENSION       
   450.0 450.0   0.0                                        HGT1 / HGT2 / DHGT  
    87.5 -87.5  -2.5                                        LAT1 / LAT2 / DLAT  
  -180.0 180.0   5.0                                        LON1 / LON2 / DLON  
    -1                                                      EXPONENT            
                                                            END OF HEADER       
[from data line 429]
     2                                                      START OF TEC MAP    
  2015     3    31     2     0     0                        EPOCH OF CURRENT MAP
    87.5-180.0 180.0   5.0 450.0                            LAT/LON1/LON2/DLON/H
  171  171  176  169  168  162  164  160  162  159  160  157  158  156  156  152
  151  147  146  140  139  133  133  126  128  122  125  120  123  119  122  119
  123  121  125  123  128  128  132  131  135  136  140  140  144  144  148  148
  153  153  157  156  160  161  164  164  168  168  170  171  174  174  175  175
  177  176  176  175  175  171  172  183  171                                   
    85.0-180.0 180.0   5.0 450.0                            LAT/LON1/LON2/DLON/H
  175  187  178  177  175  168  169  165  166  163  163  161  160  159  157  156
  152  152  147  147  140  140  133  133  126  125  121  119  116  114  113  112
  112  112  114  115  117  119  122  123  127  129  134  136  140  142  146  148
  153  156  160  162  166  169  172  175  178  180  182  184  187  187  189  189
  191  190  190  188  189  182  188  189  175                                   
    82.5-180.0 180.0   5.0 450.0                            LAT/LON1/LON2/DLON/H
  195  190  192  189  185  176  177  170  172  166  168  164  166  162  164  160
  161  155  156  150  149  142  142  132  131  121  120  111  110  103  104   98
  102   97  103  100  107  106  113  114  120  122  130  132  140  142  150  152
  160  162  170  172  179  182  189  191  198  200  205  207  213  214  217  217
  221  219  220  216  217  206  210  200  195                                   
    80.0-180.0 180.0   5.0 450.0                            LAT/LON1/LON2/DLON/H
  217  207  205  199  193  183  181  176  177  174  177  175  178  177  179  177
  178  173  173  168  166  158  154  145  139  130  124  115  110  102   99   95
   95   94   97   98  103  106  112  115  122  125  133  136  144  147  155  158
  166  170  177  181  188  192  199  204  211  215  223  227  235  237  244  244
  250  248  250  243  242  230  232  226  217                                   
    77.5-180.0 180.0   5.0 450.0                            LAT/LON1/LON2/DLON/H
  237  230  222  215  204  195  189  184  181  180  181  183  185  188  188  190
  188  189  185  183  176  172  164  157  147  139  130  123  114  110  104  103
  100  102  103  107  109  114  118  125  127  134  137  143  146  153  158  163
  168  173  178  184  189  195  202  208  216  224  232  239  247  252  259  264
  270  271  273  269  264  256  256  250  237                                   
    75.0-180.0 180.0   5.0 450.0                            LAT/LON1/LON2/DLON/H
  260  250  242  227  217  205  197  190  187  185  186  186  190  190  193  192
  194  191  191  185  182  174  169  160  153  144  138  129  123  116  113  110
  109  110  112  114  117  121  125  128  133  137  141  144  149  151  157  159
  165  168  174  178  186  191  200  207  217  223  233  239  250  254  264  270
  279  282  289  285  284  277  278  275  260                                   
    72.5-180.0 180.0   5.0 450.0                            LAT/LON1/LON2/DLON/H
  280  273  260  245  231  219  207  199  192  189  186  187  185  185  184  183
  182  180  176  174  170  166  161  155  149  142  137  130  123  119  115  115
  113  115  115  119  118  123  124  128  129  134  136  139  141  145  149  152
  156  159  165  170  177  185  194  203  212  220  229  236  246  253  260  268
  278  285  294  295  297  296  295  293  280                                   
    70.0-180.0 180.0   5.0 450.0                            LAT/LON1/LON2/DLON/H
  301  293  284  263  248  230  220  207  202  194  192  188  185  178  175  168
  167  161  161  158  158  156  154  151  146  143  138  132  126  122  118  118
  116  117  115  118  117  121  121  125  124  127  127  130  129  133  135  137
  141  145  154  160  169  178  188  198  208  215  223  230  240  245  254  260
  272  280  292  296  302  304  309  308  301                                   
    67.5-180.0 180.0   5.0 450.0                            LAT/LON1/LON2/DLON/H
  320  314  304  284  267  248  234  222  212  205  197  191  181  172  162  154
  146  141  137  139  139  141  141  141  138  135  131  125  120  116  113  113
  111  111  108  109  105  109  106  110  108  111  109  111  110  115  117  122
  127  134  144  153  163  174  184  196  206  214  220  226  234  238  246  251
  262  271  285  292  300  309  311  315  320                                   
    65.0-180.0 180.0   5.0 450.0                            LAT/LON1/LON2/DLON/H
  336  330  327  303  285  262  248  233  226  217  211  201  189  175  160  147
  137  128  125  125  128  131  132  133  131  127  122  117  113  111  107  108
  104  102   97   95   92   92   92   92   93   93   94   95   95   99  103  109
  116  124  138  149  162  173  185  196  208  214  221  224  232  234  241  244
  255  262  276  284  295  304  310  317  336                                   
    62.5-180.0 180.0   5.0 450.0                            LAT/LON1/LON2/DLON/H
  344  339  336  316  298  277  265  250  241  233  224  211  196  176  157  141
  128  120  116  119  121  125  126  126  122  117  111  106  103  100   99   97
   94   89   82   78   72   73   71   74   73   76   76   79   80   85   91  101
  111  122  135  150  165  178  191  204  216  224  229  232  238  239  245  247
  256  261  272  280  289  299  305  314  344                                   
    60.0-180.0 180.0   5.0 450.0                            LAT/LON1/LON2/DLON/H
  344  342  343  324  306  284  271  255  247  240  232  221  205  186  163  147
  132  123  119  120  124  124  124  121  115  108  103   98   97   95   94   93
   90   82   76   69   66   62   64   64   68   68   70   71   74   79   86   98
  109  124  139  156  172  186  200  213  226  233  239  243  249  250  255  258
  264  268  276  279  287  293  299  309  344                                   
    57.5-180.0 180.0   5.0 450.0                            LAT/LON1/LON2/DLON/H
  344  340  340  329  310  293  278  266  257  251  244  233  217  196  174  155
  142  133  130  130  132  131  127  121  112  103   98   94   93   93   93   91
   88   79   71   63   59   57   59   62   66   68   69   71   73   79   86   98
  112  128  145  165  182  198  212  226  239  249  256  262  268  271  277  280
  288  289  294  295  297  299  302  308  344                                   
    55.0-180.0 180.0   5.0 450.0                            LAT/LON1/LON2/DLON/H
  347  347  347  336  320  299  282  269  260  251  244  235  221  204  184  169
  158  149  145  143  143  138  132  123  114  104  100   96   98   98   99   95
   93   83   77   68   66   64   68   70   76   76   81   80   82   86   92  105
  120  139  157  177  195  211  226  239  253  261  272  280  288  294  302  308
  314  317  322  319  319  316  313  319  347                                   
    52.5-180.0 180.0   5.0 450.0                            LAT/LON1/LON2/DLON/H
  358  359  356  352  336  318  295  284  271  263  253  244  232  216  201  186
  176  166  161  156  154  147  140  130  122  114  111  107  110  110  110  107
  102   94   86   78   76   75   79   84   89   92   93   93   93   96  101  113
  129  149  168  190  208  226  240  256  270  280  292  300  311  318  329  336
  345  352  357  356  352  345  339  338  358                                   
    50.0-180.0 180.0   5.0 450.0                            LAT/LON1/LON2/DLON/H
  377  382  380  373  360  340  318  300  284  270  257  246  235  222  208  198
  187  178  170  163  160  153  146  139  133  127  127  124  126  125  124  118
  115  105   99   92   92   92   97  100  107  109  111  109  109  111  114  126
  143  163  185  207  226  244  259  272  285  296  307  317  328  337  348  359
  370  379  388  391  390  383  369  367  377                                   
    47.5-180.0 180.0   5.0 450.0                            LAT/LON1/LON2/DLON/H
  398  404  401  399  386  370  347  328  306  290  273  258  244  233  220  209
  200  188  179  169  165  158  156  151  149  146  147  144  145  141  138  131
  126  118  111  106  106  106  109  113  117  120  121  121  121  122  127  139
  157  178  201  225  248  265  281  293  308  318  331  339  349  358  367  379
  390  405  415  421  421  414  403  395  398                                   
    45.0-180.0 180.0   5.0 450.0                            LAT/LON1/LON2/DLON/H
  427  433  429  424  416  401  380  360  334  312  288  269  252  238  226  215
  202  191  180  171  166  163  164  162  165  164  167  162  161  154  148  138
  132  123  118  116  117  118  120  122  127  129  132  134  134  138  142  157
  174  196  220  246  270  290  304  319  332  346  354  367  372  379  384  394
  406  422  435  446  451  448  436  427  427                                   
    42.5-180.0 180.0   5.0 450.0                            LAT/LON1/LON2/DLON/H
  447  449  445  442  435  424  408  389  366  341  314  290  269  253  238  224
  212  196  185  176  175  174  177  180  184  184  185  177  172  162  155  144
  139  130  126  122  124  123  125  124  127  129  136  138  145  148  157  170
  189  209  235  263  293  311  330  344  359  370  380  389  395  397  401  407
  418  432  449  462  471  470  462  451  447                                   
    40.0-180.0 180.0   5.0 450.0                            LAT/LON1/LON2/DLON/H
  476  476  467  462  457  447  434  418  394  371  339  311  284  265  247  232
  217  204  192  187  188  190  195  198  204  203  201  189  178  163  154  145
  140  137  133  133  132  136  131  133  131  137  142  153  159  165  174  187
  202  222  247  280  310  335  352  370  381  397  405  417  420  422  421  424
  432  446  463  480  491  495  486  471  476                                   
    37.5-180.0 180.0   5.0 450.0                            LAT/LON1/LON2/DLON/H
  493  488  478  472  469  459  449  435  416  391  365  335  308  285  264  246
  232  217  209  204  207  211  217  220  224  219  215  197  183  164  155  146
  147  144  145  141  144  140  142  137  139  140  151  160  171  177  185  195
  209  227  253  285  318  344  365  381  397  412  425  434  441  440  442  443
  449  461  476  495  510  514  505  484  493                                   
    35.0-180.0 180.0   5.0 450.0                            LAT/LON1/LON2/DLON/H
  524  516  501  488  484  475  465  452  433  412  386  359  331  307  281  261
  245  233  226  224  229  232  238  237  237  231  222  207  194  178  173  170
  170  173  169  172  162  164  153  155  151  156  164  177  186  190  198  202
  214  229  256  286  321  349  370  392  408  427  440  454  464  469  473  475
  483  493  509  527  543  549  539  513  524                                   
    32.5-180.0 180.0   5.0 450.0                            LAT/LON1/LON2/DLON/H
  559  545  523  505  497  481  474  457  444  423  403  377  353  328  301  277
  261  249  245  245  247  252  253  250  248  241  238  222  215  202  203  204
  208  210  207  202  198  187  186  177  177  175  181  191  196  200  201  202
  207  224  248  281  316  347  371  388  406  421  439  459  474  487  497  508
  518  533  549  567  581  585  577  552  559                                   
    30.0-180.0 180.0   5.0 450.0                            LAT/LON1/LON2/DLON/H
  617  605  579  554  540  518  499  480  463  441  422  398  373  346  317  291
  272  260  257  256  259  261  261  258  258  256  259  253  254  249  256  259
  259  259  247  248  234  231  222  218  208  202  197  202  203  205  205  200
  208  222  249  282  319  346  371  392  407  426  440  469  492  515  533  557
  575  600  617  637  647  650  642  624  617                                   
    27.5-180.0 180.0   5.0 450.0                            LAT/LON1/LON2/DLON/H
  687  691  656  628  599  563  536  508  486  461  443  417  392  360  330  303
  283  269  264  262  259  261  260  261  267  277  293  299  313  318  332  338
  336  328  311  299  286  271  261  251  236  228  215  214  203  205  194  190
  190  213  239  273  306  332  354  374  398  421  441  472  503  543  572  617
  642  677  695  712  718  716  718  705  687                                   
    25.0-180.0 180.0   5.0 450.0                            LAT/LON1/LON2/DLON/H
  775  797  761  726  691  643  605  564  536  502  480  450  423  386  350  317
  296  276  266  259  255  253  261  271  296  325  357  377  399  409  423  417
  407  374  351  325  315  295  289  271  259  246  235  226  213  204  188  175
  181  200  234  267  301  328  348  368  391  422  452  490  527  578  622  678
  717  764  782  800  807  807  812  804  775                                   
    22.5-180.0 180.0   5.0 450.0                            LAT/LON1/LON2/DLON/H
  859  900  868  827  782  728  679  635  596  561  528  494  462  421  382  343
  316  288  271  257  251  249  263  292  337  386  431  460  483  493  494  486
  458  420  376  348  330  311  296  283  266  253  237  226  205  191  171  163
  169  195  231  266  302  324  346  367  394  429  462  508  549  608  657  725
  771  806  835  851  859  875  872  887  859                                   
    20.0-180.0 180.0   5.0 450.0                            LAT/LON1/LON2/DLON/H
  941  960  938  923  872  813  765  713  673  628  594  552  523  474  434  392
  359  320  292  272  265  268  300  345  407  464  511  540  551  547  539  516
  479  431  390  359  343  318  304  282  263  248  230  216  196  182  165  159
  168  199  234  274  302  327  346  374  404  452  490  538  590  645  698  759
  801  844  875  891  903  920  921  952  941                                   
    17.5-180.0 180.0   5.0 450.0                            LAT/LON1/LON2/DLON/H
  993 1005  990  981  948  897  846  794  752  708  668  628  584  540  494  457
  419  376  342  316  312  326  364  420  479  532  566  581  572  553  529  503
  460  421  379  352  331  312  293  276  255  237  217  201  185  171  158  153
  169  204  246  287  317  342  367  398  437  482  514  575  622  680  727  786
  828  864  900  915  931  952  952  981  993                                   
    15.0-180.0 180.0   5.0 450.0                            LAT/LON1/LON2/DLON/H
 1013 1029 1017 1019  991  947  905  856  814  774  738  695  655  603  564  523
  491  452  418  396  392  414  456  503  550  588  603  596  564  531  493  460
  424  383  356  323  304  282  263  249  225  215  194  185  170  161  148  152
  171  211  254  295  325  354  384  415  457  502  549  600  657  707  755  808
  843  884  915  930  947  959  967  999 1013                                   
    12.5-180.0 180.0   5.0 450.0                            LAT/LON1/LON2/DLON/H
 1015 1030 1033 1036 1022  984  950  910  877  832  799  765  724  678  632  595
  558  529  497  485  485  511  541  573  597  605  592  555  511  466  426  400
  370  342  310  287  267  251  234  220  199  187  169  166  157  149  140  146
  171  219  267  308  336  361  392  434  473  524  563  624  671  731  778  825
  863  891  914  929  940  953  956  991 1015                                   
    10.0-180.0 180.0   5.0 450.0                            LAT/LON1/LON2/DLON/H
 1008 1018 1025 1034 1025 1002  973  944  913  879  840  808  769  734  696  663
  634  606  583  579  583  606  625  636  624  599  546  489  425  373  340  323
  311  286  274  252  243  228  212  203  182  171  160  161  151  145  138  150
  176  225  272  311  334  359  392  435  478  521  574  626  681  740  786  832
  859  890  909  920  931  939  951  990 1008                                   
     7.5-180.0 180.0   5.0 450.0                            LAT/LON1/LON2/DLON/H
  981 1001 1017 1028 1028 1015  997  969  946  914  885  850  814  782  748  728
  702  688  668  674  676  695  688  660  609  546  471  394  334  293  273  268
