data/unet/pred2070.15i
     1.0            IONOSPHERE MAPS     GNSS                IONEX VERSION / TYPE
pyspatialgeodesy        IME             05-JAN-18 20:20     PGM / RUN BY / DATE 
Map Name                                                    COMMENT             
Predicted global ionosphere maps (GIM).                     DESCRIPTION         
  2015     7    26     0     0     0                        EPOCH OF FIRST MAP  
  2015     7    27     0     0     0                        EPOCH OF LAST MAP   
  7200                                                      INTERVAL            
    13                                                      # OF MAPS IN FILE   
  NONE                                                      MAPPING FUNCTION    
10.0                                                        ELEVATION CUTOFF    
One-way carrier phase leveled to code                       OBSERVABLES USED    
  6371.0                                                    BASE RADIUS         
 2                                                          MAP DIMENSION       
   450.0 450.0   0.0                                        HGT1 / HGT2 / DHGT  
    87.5 -87.5  -2.5                                        LAT1 / LAT2 / DLAT  
  -180.0 180.0   5.0                                        LON1 / LON2 / DLON  
    -1                                                      EXPONENT            
                                                            END OF HEADER       
[from data line 1716]
     5                                                      START OF TEC MAP    
  2015     7    26     8     0     0                        EPOCH OF CURRENT MAP
    87.5-180.0 180.0   5.0 450.0                            LAT/LON1/LON2/DLON/H
  100  111  118  118  119  118  120  119  122  121  124  122  125  123  125  122
  124  121  123  120  122  119  121  118  120  118  120  117  119  116  118  115
  116  113  114  111  112  109  110  108  109  106  108  106  107  105  107  106
  107  106  107  106  108  107  108  108  109  108  109  108  109  108  109  108
  109  108  111  110  113  109  116  104  100                                   
    85.0-180.0 180.0   5.0 450.0                            LAT/LON1/LON2/DLON/H
  106  117  119  127  126  125  127  129  130  131  132  132  133  133  133  133
  133  132  132  131  131  130  130  129  129  129  129  128  129  127  128  126
  127  125  126  124  124  122  122  121  120  120  119  119  119  119  118  118
  118  118  117  118  118  118  118  118  117  117  116  116  116  116  115  114
  115  114  115  114  116  111  117  104  106                                   
    82.5-180.0 180.0   5.0 450.0                            LAT/LON1/LON2/DLON/H
  112  115  117  119  119  120  123  125  128  129  130  131  131  132  131  131
  130  130  129  128  127  126  125  124  123  123  122  122  123  123  123  123
  123  122  122  122  121  121  120  119  119  119  118  119  118  119  118  119
  118  119  118  119  119  119  118  117  118  116  116  114  115  112  112  110
  111  110  111  109  110  107  111  102  112                                   
    80.0-180.0 180.0   5.0 450.0                            LAT/LON1/LON2/DLON/H
  110  108  112  111  112  113  117  118  122  122  125  124  126  125  125  123
  123  120  119  117  116  114  113  111  111  109  110  110  111  111  113  112
  115  114  116  115  116  115  116  114  115  114  116  115  117  116  118  118
  120  119  120  120  121  119  120  118  119  116  115  113  113  110  109  108
  107  106  105  104  106  102  104  104  110                                   
    77.5-180.0 180.0   5.0 450.0                            LAT/LON1/LON2/DLON/H
  105  108  110  109  110  110  114  113  118  117  121  120  123  120  121  118
  118  114  113  109  108  105  104  100  100   98   99   98  100  100  103  104
  107  107  110  110  111  111  113  112  113  112  115  115  117  117  121  121
  124  123  126  125  128  125  127  124  125  122  122  119  119  114  115  111
  111  107  109  106  108  103  107   99  105                                   
    75.0-180.0 180.0   5.0 450.0                            LAT/LON1/LON2/DLON/H
  110  106  109  107  108  105  108  108  111  112  114  115  116  115  115  112
  111  108  106  102  100   96   93   90   88   87   87   87   89   91   94   96
   99  101  105  105  108  107  110  109  111  111  115  114  119  119  124  124
  127  127  130  129  131  129  130  127  128  125  125  122  122  119  118  114
  114  112  112  110  112  105  110  104  110                                   
    72.5-180.0 180.0   5.0 450.0                            LAT/LON1/LON2/DLON/H
  111  109  107  106  104  101  102  101  103  103  106  105  108  105  106  103
  102   98   97   93   90   86   83   79   77   75   75   75   77   80   83   87
   91   95   99  101  103  106  108  109  110  113  116  120  122  127  131  133
  134  135  136  136  135  134  132  131  130  128  127  126  125  123  122  120
  119  117  118  116  117  114  116  108  111                                   
    70.0-180.0 180.0   5.0 450.0                            LAT/LON1/LON2/DLON/H
  120  109  111  106  104   98   98   96   97   97   99  100  102  101  101   99
   98   94   93   89   87   82   80   76   73   71   70   71   73   76   81   85
   91   95  100  102  107  107  111  111  115  117  123  125  133  135  142  141
  145  142  143  139  139  134  134  130  131  127  129  127  130  127  128  126
  127  125  128  126  128  120  122  117  120                                   
    67.5-180.0 180.0   5.0 450.0                            LAT/LON1/LON2/DLON/H
  122  115  111  106  100   94   91   88   88   87   90   90   94   92   95   92
   93   89   89   85   83   78   75   71   69   66   65   66   68   73   77   84
   87   94   98  102  105  107  110  113  115  121  126  134  139  146  149  151
  149  148  144  141  135  132  128  127  124  124  124  126  127  128  129  129
  130  130  132  133  133  130  127  119  122                                   
    65.0-180.0 180.0   5.0 450.0                            LAT/LON1/LON2/DLON/H
  129  116  117  108  102   93   89   85   83   82   84   84   88   88   90   89
   89   86   85   82   80   77   74   71   69   67   66   68   70   75   80   86
   91   96  102  105  109  110  116  118  124  130  139  144  153  156  161  159
  158  152  148  140  135  127  125  120  121  118  122  122  127  127  132  132
  135  136  140  139  143  135  134  129  129                                   
    62.5-180.0 180.0   5.0 450.0                            LAT/LON1/LON2/DLON/H
  130  123  120  111  102   93   87   81   78   75   76   77   80   80   83   81
   82   78   79   75   74   71   69   66   65   64   64   66   69   75   79   87
   90   97  100  105  107  111  115  122  127  137  145  156  160  166  167  166
  162  156  148  141  132  126  119  117  115  116  117  120  124  127  129  131
  134  136  139  142  143  141  138  131  130                                   
    60.0-180.0 180.0   5.0 450.0                            LAT/LON1/LON2/DLON/H
  135  126  128  117  110   96   88   80   75   71   71   71   73   73   75   73
   73   70   70   67   66   64   63   63   62   64   64   69   73   79   85   91
   96  100  105  108  112  116  122  128  138  146  158  164  172  173  175  171
  167  158  151  141  135  125  122  116  118  114  119  118  126  125  131  130
  135  136  142  142  148  142  143  138  135                                   
    57.5-180.0 180.0   5.0 450.0                            LAT/LON1/LON2/DLON/H
  137  135  134  123  113  101   91   81   74   68   66   65   66   65   67   64
   64   60   60   57   57   55   56   55   58   59   63   67   73   80   86   94
   97  103  105  111  113  120  125  135  143  155  164  173  177  179  178  175
  169  162  154  146  139  132  127  122  121  120  121  122  126  128  129  131
  132  134  137  140  143  143  144  139  137                                   
    55.0-180.0 180.0   5.0 450.0                            LAT/LON1/LON2/DLON/H
  144  139  143  134  126  111  100   86   79   69   65   61   61   58   58   55
   54   51   50   49   47   48   47   51   53   58   62   70   75   84   90   99
  102  108  111  116  122  127  136  144  155  164  175  180  185  185  183  180
  174  168  161  155  150  143  139  132  132  128  131  128  134  132  135  132
  134  133  139  140  148  145  152  149  144                                   
    52.5-180.0 180.0   5.0 450.0                            LAT/LON1/LON2/DLON/H
  151  149  151  142  132  119  107   93   81   72   64   59   56   53   52   49
   48   44   44   40   42   39   42   43   49   53   60   67   75   83   90   99
  103  110  113  121  125  134  140  152  160  172  179  186  187  190  186  183
  178  175  170  165  161  156  151  146  143  139  139  138  139  138  136  135
  134  134  137  140  145  148  154  152  151                                   
    50.0-180.0 180.0   5.0 450.0                            LAT/LON1/LON2/DLON/H
  160  153  159  152  146  132  120  103   92   78   70   61   57   51   49   46
   45   42   41   39   39   39   40   43   47   54   61   70   77   87   94  104
  108  116  121  128  136  143  153  162  172  180  189  192  194  195  192  191
  187  185  180  178  174  169  164  158  155  151  150  148  150  146  145  141
  140  139  144  145  154  153  163  163  160                                   
    47.5-180.0 180.0   5.0 450.0                            LAT/LON1/LON2/DLON/H
  168  162  165  157  149  138  125  110   97   85   73   65   59   53   50   47
   47   43   44   41   44   41   44   45   50   55   63   70   79   87   95  104
  110  118  123  132  138  148  156  168  176  187  190  197  197  200  197  197
  194  193  191  188  185  180  172  166  161  159  157  156  156  154  150  147
  144  145  148  151  156  159  166  165  168                                   
    45.0-180.0 180.0   5.0 450.0                            LAT/LON1/LON2/DLON/H
  173  162  166  161  155  145  135  119  107   93   84   73   67   59   56   51
   51   49   50   49   50   50   51   53   56   60   66   74   82   90   97  107
  114  122  130  137  147  155  167  175  186  194  200  203  206  208  206  206
  202  201  196  195  189  185  175  170  166  164  163  163  164  161  158  154
  153  153  158  160  168  167  177  178  173                                   
    42.5-180.0 180.0   5.0 450.0                            LAT/LON1/LON2/DLON/H
  177  166  164  157  151  142  134  121  111  100   89   82   74   68   63   59
   59   58   60   59   62   61   63   62   65   66   71   76   84   90   98  106
  115  124  132  140  148  157  166  178  186  197  201  209  211  216  213  214
  210  207  202  197  194  185  176  170  167  167  168  170  170  169  165  162
  160  162  166  169  174  172  179  179  177                                   
    40.0-180.0 180.0   5.0 450.0                            LAT/LON1/LON2/DLON/H
  177  162  158  150  146  139  133  123  115  105   99   91   85   77   73   68
   67   65   68   68   72   72   73   72   73   73   76   80   87   93  100  108
  117  127  135  143  152  159  171  180  191  200  209  215  221  224  224  224
  219  216  208  204  196  189  178  173  171  173  175  179  180  178  174  172
  170  171  174  175  181  178  185  188  177                                   
    37.5-180.0 180.0   5.0 450.0                            LAT/LON1/LON2/DLON/H
  179  164  155  143  136  129  125  117  113  107  102   98   92   86   81   77
   75   73   77   77   82   81   84   81   81   78   80   82   88   93  101  108
  119  128  137  144  152  161  168  180  188  201  209  219  226  233  234  235
  232  227  222  215  209  199  191  186  185  188  191  195  196  193  190  186
  184  183  186  183  187  182  187  187  179                                   
    35.0-180.0 180.0   5.0 450.0                            LAT/LON1/LON2/DLON/H
  180  161  149  138  130  123  119  114  111  108  106  103   99   94   89   83
   81   78   80   80   85   87   89   87   85   82   83   84   90   96  103  112
  119  130  138  144  152  160  170  180  190  202  212  224  234  243  245  248
  244  243  235  233  224  218  208  207  204  211  213  216  215  212  208  205
  201  200  197  192  193  189  193  199  180                                   
    32.5-180.0 180.0   5.0 450.0                            LAT/LON1/LON2/DLON/H
  187  169  152  135  126  118  114  110  109  107  106  105  102   97   91   87
   84   82   82   83   88   89   92   89   88   84   85   86   93   98  106  113
  123  131  140  146  153  159  166  176  186  200  212  225  236  247  253  256
  257  255  252  250  247  243  237  237  237  243  244  246  243  238  233  227
  223  218  214  205  204  196  200  199  187                                   
    30.0-180.0 180.0   5.0 450.0                            LAT/LON1/LON2/DLON/H
  192  174  154  140  128  119  113  108  107  106  106  106  104  100   94   89
   84   80   80   80   85   87   90   88   88   84   86   88   95  102  109  117
  125  135  142  148  154  159  167  175  187  200  214  229  241  253  259  266
  269  272  272  275  274  274  270  275  274  281  277  277  269  264  256  252
  243  239  230  220  216  207  210  213  192                                   
    27.5-180.0 180.0   5.0 450.0                            LAT/LON1/LON2/DLON/H
  206  192  172  150  138  127  121  114  111  108  107  106  104   99   93   88
   84   80   79   80   83   85   89   88   88   87   88   91   99  104  113  119
  130  137  145  150  155  160  168  178  189  203  219  233  246  256  265  271
  279  283  290  295  302  305  307  313  316  320  317  312  304  293  287  276
  271  259  251  235  229  220  222  215  206                                   
    25.0-180.0 180.0   5.0 450.0                            LAT/LON1/LON2/DLON/H
  217  204  186  167  152  138  130  121  116  111  108  107  104  100   94   89
   84   80   80   78   82   84   88   87   89   87   89   93  100  105  113  121
  130  138  146  151  158  166  174  184  196  211  225  240  252  260  269  277
  284  296  307  321  331  341  343  352  354  359  352  347  334  329  315  309
  293  289  271  258  248  237  239  232  217                                   
    22.5-180.0 180.0   5.0 450.0                            LAT/LON1/LON2/DLON/H
  233  222  202  184  170  153  145  135  129  122  115  111  107  102   96   90
   86   82   82   82   84   86   89   89   90   90   91   93   99  103  113  120
  131  137  145  152  160  169  181  192  208  220  236  246  260  263  276  282
  294  304  320  335  351  360  366  372  377  378  373  365  358  348  343  328
  320  304  292  275  265  255  253  237  233                                   
    20.0-180.0 180.0   5.0 450.0                            LAT/LON1/LON2/DLON/H
  239  227  209  193  179  164  154  144  138  129  121  115  109  103   96   91
   87   84   84   83   87   88   91   92   93   91   90   91   96  100  108  118
  128  137  145  156  168  181  192  207  219  233  247  255  267  271  281  289
  302  316  334  352  368  379  383  391  394  394  389  379  373  365  358  352
  337  328  307  298  284  273  267  251  239                                   
    17.5-180.0 180.0   5.0 450.0                            LAT/LON1/LON2/DLON/H
  248  233  214  199  187  172  165  155  149  141  132  125  117  110  101   95
   91   89   88   88   90   90   94   94   94   92   90   87   90   94  103  113
  124  132  144  157  174  189  205  217  232  246  257  265  275  281  291  301
  313  328  345  361  376  384  388  393  397  395  391  384  379  372  371  359
  352  336  325  309  300  290  277  255  248                                   
    15.0-180.0 180.0   5.0 450.0                            LAT/LON1/LON2/DLON/H
  247  230  211  195  182  171  163  156  153  146  138  130  123  114  105   99
   92   91   89   90   92   94   96   98   96   91   86   81   83   88   98  109
  122  133  146  165  182  204  215  233  246  258  270  276  288  294  306  316
  329  342  357  373  385  393  394  400  402  400  396  389  387  380  377  370
  359  350  337  325  312  303  289  265  247                                   
    12.5-180.0 180.0   5.0 450.0                            LAT/LON1/LON2/DLON/H
  249  228  208  192  179  167  163  158  156  152  145  138  130  122  112  104
   98   95   93   93   93   93   96   94   93   86   80   75   76   80   90  102
  117  134  149  169  191  209  227  241  255  268  278  289  298  310  319  333
  342  357  369  382  391  395  395  399  401  399  395  392  390  384  382  372
  366  354  346  331  322  313  294  268  249                                   
    10.0-180.0 180.0   5.0 450.0                            LAT/LON1/LON2/DLON/H
  247  223  201  184  170  161  154  151  151  149  144  138  130  123  112  105
   96   93   90   91   91   92   93   93   89   81   73   69   68   72   82   98
  115  136  154  178  199  221  233  250  263  273  287  294  310  316  334  341
  356  367  380  391  397  402  401  408  408  408  405  401  398  390  384  377
  369  360  351  339  328  318  298  273  247                                   
     7.5-180.0 180.0   5.0 450.0                            LAT/LON1/LON2/DLON/H
  246  220  200  182  167  157  152  147  148  147  143  137  131  124  116  107
  100   94   91   90   90   88   89   85   82   73   66   61   60   64   75   93
