data/unet/pred3240.15i
     1.0            IONOSPHERE MAPS     GNSS                IONEX VERSION / TYPE
pyspatialgeodesy        IME             05-JAN-18 20:20     PGM / RUN BY / DATE 
Map Name                                                    COMMENT             
Predicted global ionosphere maps (GIM).                     DESCRIPTION         
  2015    11    20     0     0     0                        EPOCH OF FIRST MAP  
  2015    11    21     0     0     0                        EPOCH OF LAST MAP   
  7200                                                      INTERVAL            
    13                                                      # OF MAPS IN FILE   
  NONE                                                      MAPPING FUNCTION    
10.0                                                        ELEVATION CUTOFF    
One-way carrier phase leveled to code                       OBSERVABLES USED    
  6371.0                                                    BASE RADIUS         
 2                                                          MAP DIMENSION       
   450.0 450.0   0.0                                        HGT1 / HGT2 / DHGT  
    87.5 -87.5  -2.5                                        LAT1 / LAT2 / DLAT  
  -180.0 180.0   5.0                                        LON1 / LON2 / DLON  
    -1                                                      EXPONENT            
                                                            END OF HEADER       
[from data line 858]
     3                                                      START OF TEC MAP    
  2015    11    20     4     0     0                        EPOCH OF CURRENT MAP
    87.5-180.0 180.0   5.0 450.0                            LAT/LON1/LON2/DLON/H
   49   80   74   69   72   66   70   65   70   65   70   65   69   65   68   64
   67   64   67   63   66   63   66   63   65   63   66   63   65   63   65   63
   66   64   67   65   67   66   69   67   70   68   71   69   72   70   72   71
   73   72   74   72   74   72   74   72   75   72   75   71   75   71   75   70
   74   71   75   73   75   68   82   49   49                                   
    85.0-180.0 180.0   5.0 450.0                            LAT/LON1/LON2/DLON/H
   91   81   65   67   67   65   65   66   66   66   66   66   66   66   65   65
   64   64   63   63   61   61   59   60   58   59   58   59   57   59   59   61
   61   62   63   65   65   67   68   69   69   71   71   72   71   73   72   74
   72   74   72   74   73   74   73   75   74   75   74   75   74   75   74   75
   73   73   72   72   71   66   76   91   91                                   
    82.5-180.0 180.0   5.0 450.0                            LAT/LON1/LON2/DLON/H
   92   63   58   63   56   57   54   59   56   59   57   61   58   61   58   61
   56   57   53   54   48   48   43   44   39   40   38   41   38   41   41   44
   44   47   48   52   52   56   57   61   61   65   64   68   66   69   67   70
   68   70   69   72   70   73   70   74   72   75   73   77   74   77   74   77
   73   76   72   76   71   67   75   91   92                                   
    80.0-180.0 180.0   5.0 450.0                            LAT/LON1/LON2/DLON/H
   96   67   65   67   63   63   61   64   63   66   65   69   68   69   68   69
   65   65   61   60   54   52   46   43   39   38   34   37   34   38   37   43
   42   48   49   56   56   62   64   68   69   72   72   75   74   75   75   76
   75   76   75   77   76   79   78   82   81   85   85   89   87   91   89   91
   88   90   86   87   81   74   77   89   96                                   
    77.5-180.0 180.0   5.0 450.0                            LAT/LON1/LON2/DLON/H
  108   76   70   71   65   62   61   63   62   64   64   68   68   70   68   71
   66   66   61   61   54   51   44   41   35   34   31   33   31   34   35   40
   41   48   50   57   58   64   66   70   71   73   74   74   75   73   74   73
   73   72   73   74   75   77   78   83   84   88   90   94   95   98   99  101
  101  101  100   98   93   85   89   91  108                                   
    75.0-180.0 180.0   5.0 450.0                            LAT/LON1/LON2/DLON/H
  109   79   72   71   64   62   60   61   60   62   63   66   67   69   69   70
   67   66   62   60   53   49   43   38   32   31   29   30   29   33   35   40
   42   48   52   57   59   64   66   68   68   69   69   69   68   67   67   67
   66   66   67   69   70   75   78   84   87   92   96  101  104  107  110  112
  112  114  114  111  104   96   95   98  109                                   
    72.5-180.0 180.0   5.0 450.0                            LAT/LON1/LON2/DLON/H
  124   86   79   76   66   61   58   56   56   56   59   60   62   64   65   66
   64   64   61   58   53   48   44   38   35   31   33   31   34   35   40   42
   47   50   55   57   61   62   64   63   63   60   64   60   62   59   62   59
   62   61   65   67   72   76   82   87   96  101  110  113  121  121  127  126
  130  130  132  128  120  113  110  105  124                                   
    70.0-180.0 180.0   5.0 450.0                            LAT/LON1/LON2/DLON/H
  125   95   85   81   73   66   62   59   59   57   59   58   62   61   64   62
   65   61   64   58   59   51   51   43   44   39   43   41   46   45   51   51
   57   57   62   60   63   59   61   56   57   53   56   53   56   54   58   56
   61   62   70   72   81   86   96  103  112  117  126  131  138  141  146  145
  148  147  150  147  137  123  123  116  125                                   
    67.5-180.0 180.0   5.0 450.0                            LAT/LON1/LON2/DLON/H
  138  105   96   89   77   71   63   61   58   57   57   56   58   58   59   59
   61   61   61   60   58   56   54   51   50   49   52   52   55   58   60   61
   62   62   61   60   58   54   53   48   49   45   49   47   50   50   54   55
   61   65   73   81   92  101  111  118  129  134  143  149  156  159  163  163
  162  162  160  159  149  143  134  128  138                                   
    65.0-180.0 180.0   5.0 450.0                            LAT/LON1/LON2/DLON/H
  140  114  101   93   81   73   66   62   60   58   58   56   56   54   56   54
   58   57   61   59   61   58   59   55   58   57   62   63   67   67   69   67
   66   63   61   55   53   46   44   39   39   37   41   40   45   45   51   54
   64   70   82   91  105  113  126  133  144  150  158  163  168  171  174  173
  172  170  169  167  158  149  145  138  140                                   
    62.5-180.0 180.0   5.0 450.0                            LAT/LON1/LON2/DLON/H
  148  121  108   98   82   74   64   62   58   58   54   53   50   50   49   51
   52   55   56   58   57   58   56   58   58   62   66   69   70   71   69   67
   63   58   53   47   43   37   36   32   35   33   38   38   43   45   52   57
   67   78   91  103  118  126  141  147  161  166  173  176  180  180  180  178
  175  174  169  167  159  158  150  146  148                                   
    60.0-180.0 180.0   5.0 450.0                            LAT/LON1/LON2/DLON/H
  149  125  109   98   83   71   61   58   55   54   53   50   48   46   47   47
   52   52   57   55   57   54   56   54   58   60   66   68   70   68   66   61
   57   50   46   41   38   33   31   28   30   31   35   37   42   45   54   60
   72   85  100  112  127  137  151  161  174  178  186  188  191  188  187  184
  180  176  173  171  163  157  157  150  149                                   
    57.5-180.0 180.0   5.0 450.0                            LAT/LON1/LON2/DLON/H
  157  132  115  103   83   72   59   56   51   51   49   48   44   44   43   46
   48   52   53   54   52   51   50   50   53   56   60   63   63   61   57   52
   47   41   40   35   35   30   31   29   33   32   38   40   46   50   59   66
   80   94  108  121  137  147  164  174  186  191  197  198  199  197  194  191
  184  181  177  175  167  167  162  156  157                                   
    55.0-180.0 180.0   5.0 450.0                            LAT/LON1/LON2/DLON/H
  162  138  118  104   86   73   60   53   49   47   47   45   43   42   43   44
   49   49   53   49   48   44   45   43   47   49   55   55   56   52   49   43
   41   38   39   36   36   33   35   33   37   38   43   45   52   56   65   73
   90  103  118  130  145  159  174  184  196  200  207  206  209  207  204  201
  195  190  187  183  175  169  171  162  162                                   
    52.5-180.0 180.0   5.0 450.0                            LAT/LON1/LON2/DLON/H
  176  151  131  117   96   83   67   59   49   48   45   44   42   43   43   45
   47   49   49   47   44   41   41   40   44   48   52   52   51   46   44   38
   40   37   41   39   42   39   42   40   45   45   50   52   59   64   73   85
  101  115  128  141  156  170  184  195  206  211  215  217  219  218  215  212
  206  203  195  191  183  183  178  172  176                                   
    50.0-180.0 180.0   5.0 450.0                            LAT/LON1/LON2/DLON/H
  188  164  145  128  111   95   80   68   57   50   46   43   43   42   45   44
   49   46   48   43   42   38   40   39   46   48   53   51   52   46   44   40
   43   43   48   47   50   49   51   50   54   55   58   62   69   73   84   98
  116  128  142  155  171  186  197  206  216  220  225  226  230  230  229  226
  220  216  210  204  198  189  192  180  188                                   
    47.5-180.0 180.0   5.0 450.0                            LAT/LON1/LON2/DLON/H
  205  185  167  154  132  119   99   87   70   62   53   49   47   46   47   47
   47   46   46   44   43   43   46   48   53   56   60   58   58   52   51   45
   51   50   57   56   60   58   61   58   62   62   67   71   78   85   99  114
  131  145  159  174  191  204  214  221  228  231  233  237  239  240  240  237
  229  225  217  213  206  204  199  191  205                                   
    45.0-180.0 180.0   5.0 450.0                            LAT/LON1/LON2/DLON/H
  209  193  178  167  152  135  119  104   87   74   62   57   54   52   52   49
   50   46   48   45   49   49   56   58   66   67   71   67   67   60   59   55
   60   62   67   67   70   68   69   68   70   71   74   80   87   97  114  130
  148  162  177  192  207  218  226  230  234  235  237  238  241  244  242  240
  232  228  222  218  213  205  210  197  209                                   
    42.5-180.0 180.0   5.0 450.0                            LAT/LON1/LON2/DLON/H
  212  198  184  181  167  157  137  124  105   92   78   70   65   61   59   55
   53   51   51   54   57   64   69   75   79   81   81   80   78   72   71   66
   69   69   74   73   76   73   75   73   76   76   82   88   98  111  129  147
  164  180  194  208  220  229  234  236  239  238  236  236  239  241  239  234
  227  223  216  214  208  206  205  198  212                                   
    40.0-180.0 180.0   5.0 450.0                            LAT/LON1/LON2/DLON/H
  199  188  175  173  169  158  145  133  118  104   90   83   78   73   69   65
   63   60   63   67   75   80   88   91   93   91   91   88   87   82   81   77
   79   79   82   80   81   79   79   79   80   84   88   97  109  126  144  163
  179  194  208  218  229  235  240  241  244  241  238  237  239  240  236  231
  224  219  215  214  206  201  207  193  199                                   
    37.5-180.0 180.0   5.0 450.0                            LAT/LON1/LON2/DLON/H
  192  175  160  163  158  155  144  136  123  113  103   97   92   88   84   79
   76   76   79   85   92   98  101  104  101  100   95   94   90   88   85   83
   82   80   83   80   83   79   81   81   85   89   97  106  122  140  159  177
  193  208  220  228  237  242  248  250  254  250  247  244  244  241  235  229
  221  218  214  212  204  203  200  189  192                                   
    35.0-180.0 180.0   5.0 450.0                            LAT/LON1/LON2/DLON/H
  179  159  140  138  137  136  132  128  120  114  107  105  102  101   98   95
   93   94   98  102  107  112  112  111  107  102   98   95   93   91   90   86
   85   83   83   82   81   81   83   86   89   97  105  117  132  151  169  185
  203  211  226  231  244  250  261  266  274  272  270  264  264  260  252  245
  237  233  229  227  217  210  207  191  179                                   
    32.5-180.0 180.0   5.0 450.0                            LAT/LON1/LON2/DLON/H
  184  156  132  128  120  119  113  113  108  108  105  107  106  108  108  107
  107  109  112  115  118  120  118  114  106  102   96   95   93   93   90   87
   84   79   81   77   80   79   85   89   96  102  112  124  142  159  181  196
  212  221  234  243  255  268  280  292  302  303  303  301  301  296  287  278
  271  264  257  251  243  235  226  205  184                                   
    30.0-180.0 180.0   5.0 450.0                            LAT/LON1/LON2/DLON/H
  196  159  133  117  106   98   92   93   91   96   95  102  104  109  112  114
  117  118  121  123  124  123  118  111  105   99   96   95   95   95   92   88
   82   79   77   78   80   82   87   94   99  108  115  130  146  166  187  203
  218  227  244  258  275  293  311  325  340  347  351  351  354  351  345  336
  327  318  310  300  292  273  260  235  196                                   
    27.5-180.0 180.0   5.0 450.0                            LAT/LON1/LON2/DLON/H
  239  196  159  135  114  100   85   82   78   83   84   93   96  105  109  114
  118  120  123  124  122  119  113  108  103  101   99   99  100   99   96   89
   84   80   79   79   83   84   92   95  102  109  120  132  154  171  194  205
  222  231  252  269  290  312  334  352  369  383  393  403  411  413  407  401
  393  387  379  367  364  342  310  284  239                                   
    25.0-180.0 180.0   5.0 450.0                            LAT/LON1/LON2/DLON/H
  303  240  199  159  133  110   94   84   79   80   80   85   88   96  102  110
  114  115  116  115  112  108  106  103  104  105  107  110  111  109  104  100
   94   91   89   87   90   89   92   97   99  106  115  132  152  177  195  213
  225  242  263  289  311  339  361  381  400  415  424  439  454  467  468  467
  463  463  461  453  443  428  383  354  303                                   
    22.5-180.0 180.0   5.0 450.0                            LAT/LON1/LON2/DLON/H
  394  318  259  214  177  149  126  109   97   94   88   88   86   92   93  101
  103  104  102  100   98   97   99  104  110  117  123  126  125  122  117  112
  107  103   99   95   94   92   93   94   95   99  110  125  152  173  198  215
  233  253  281  312  342  371  397  421  442  458  466  481  500  517  522  525
  520  525  530  526  522  511  472  442  394                                   
    20.0-180.0 180.0   5.0 450.0                            LAT/LON1/LON2/DLON/H
  493  426  353  286  235  194  161  137  122  110  104   97   94   93   91   95
   95   92   88   85   86   89   99  110  124  136  143  145  142  136  131  126
  120  114  108  102   98   94   91   89   86   92  102  121  149  181  206  230
  245  276  304  343  373  406  433  456  480  498  509  531  554  573  578  582
  575  585  594  603  599  594  571  536  493                                   
    17.5-180.0 180.0   5.0 450.0                            LAT/LON1/LON2/DLON/H
  577  513  447  383  320  263  214  187  162  148  133  125  117  114  105  104
   96   90   81   79   82   90  106  124  143  157  164  166  161  152  146  138
  131  123  115  108  102   97   92   85   80   85   96  117  152  188  217  241
  266  298  334  375  410  446  471  495  516  533  548  570  596  615  621  622
  616  626  636  648  656  657  642  608  577                                   
    15.0-180.0 180.0   5.0 450.0                            LAT/LON1/LON2/DLON/H
  632  574  522  464  404  340  276  231  205  186  168  152  146  137  130  119
  109   96   88   84   90  102  123  145  166  182  188  184  176  163  153  144
  134  125  115  108  103   96   91   80   77   85   99  124  160  201  228  258
  284  322  360  400  434  468  490  515  533  554  567  590  609  633  639  644
  637  648  655  674  684  696  696  654  632                                   
    12.5-180.0 180.0   5.0 450.0                            LAT/LON1/LON2/DLON/H
  659  615  573  520  471  413  345  290  251  235  220  206  193  183  170  157
  141  126  114  110  115  128  149  171  193  208  208  201  187  168  159  145
  136  126  118  111  105   97   90   80   77   85  100  131  172  211  242  272
  303  341  381  425  459  489  506  528  544  563  573  588  605  623  631  637
  633  645  651  670  686  701  703  671  659                                   
    10.0-180.0 180.0   5.0 450.0                            LAT/LON1/LON2/DLON/H
  663  636  601  551  509  456  397  341  301  279  262  251  243  232  221  204
  186  165  153  148  151  162  179  202  218  227  222  206  188  168  154  146
  132  126  117  111  107   97   92   80   81   92  111  143  182  222  253  282
  316  353  392  434  464  489  507  526  542  561  569  585  598  611  616  618
  619  626  630  648  666  677  689  669  663                                   
     7.5-180.0 180.0   5.0 450.0                            LAT/LON1/LON2/DLON/H
  646  634  614  575  538  490  434  384  348  323  308  301  292  288  272  257
  236  216  198  192  191  200  213  230  241  243  228  208  185  164  153  142
