data/unet/pred3220.15i
     1.0            IONOSPHERE MAPS     GNSS                IONEX VERSION / TYPE
pyspatialgeodesy        IME             05-JAN-18 20:20     PGM / RUN BY / DATE 
Map Name                                                    COMMENT             
Predicted global ionosphere maps (GIM).                     DESCRIPTION         
  2015    11    18     0     0     0                        EPOCH OF FIRST MAP  
  2015    11    19     0     0     0                        EPOCH OF LAST MAP   
  7200                                                      INTERVAL            
    13                                                      # OF MAPS IN FILE   
  NONE                                                      MAPPING FUNCTION    
10.0                                                        ELEVATION CUTOFF    
One-way carrier phase leveled to code                       OBSERVABLES USED    
  6371.0                                                    BASE RADIUS         
 2                                                          MAP DIMENSION       
   450.0 450.0   0.0                                        HGT1 / HGT2 / DHGT  
    87.5 -87.5  -2.5                                        LAT1 / LAT2 / DLAT  
  -180.0 180.0   5.0                                        LON1 / LON2 / DLON  
    -1                                                      EXPONENT            
                                                            END OF HEADER       
[from data line 3861]
    10                                                      START OF TEC MAP    
  2015    11    18    18     0     0                        EPOCH OF CURRENT MAP
    87.5-180.0 180.0   5.0 450.0                            LAT/LON1/LON2/DLON/H
  148  120  118  122  123  123  125  125  127  128  129  130  130  131  130  131
  129  130  128  128  125  125  122  121  118  117  115  114  110  109  107  106
  104  103  101  101   98   98   96   96   94   94   94   94   93   93   93   94
   93   95   94   96   95   97   97   99   99  100  100  101  102  102  103  104
  105  106  108  109  114  112  118  129  148                                   
    85.0-180.0 180.0   5.0 450.0                            LAT/LON1/LON2/DLON/H
  100  102  104  111  113  116  116  120  120  123  123  126  125  128  127  128
  126  127  124  124  121  121  116  115  111  110  106  105  101  100   96   96
   92   92   89   89   86   87   83   84   80   82   79   81   78   80   78   80
   77   81   78   81   79   83   81   84   83   86   84   87   85   89   86   91
   88   93   91   96   98   97  104  120  100                                   
    82.5-180.0 180.0   5.0 450.0                            LAT/LON1/LON2/DLON/H
   92   89   96  100  102  107  108  114  116  121  123  126  128  131  132  133
  132  132  129  128  124  122  116  113  107  105   99   97   91   91   86   86
   81   83   78   80   75   77   72   74   69   71   67   70   66   69   66   68
   66   69   67   70   69   72   71   74   73   76   74   77   75   78   76   79
   77   81   80   85   86   84   87   92   92                                   
    80.0-180.0 180.0   5.0 450.0                            LAT/LON1/LON2/DLON/H
   76   77   79   86   87   94   96  103  106  113  117  122  127  129  134  133
  136  133  133  129  126  121  115  110  103   99   91   89   82   82   76   77
   72   75   71   73   68   70   66   66   62   63   59   60   57   60   58   60
   60   61   62   63   65   67   68   68   70   70   71   70   71   71   70   72
   69   72   69   73   72   68   74   77   76                                   
    77.5-180.0 180.0   5.0 450.0                            LAT/LON1/LON2/DLON/H
   62   61   64   68   72   76   82   86   94   99  107  112  119  124  128  131
  131  132  130  127  122  118  111  103   95   88   82   75   71   67   66   64
   63   64   65   64   63   62   61   58   55   54   52   51   50   50   51   52
   54   56   59   61   63   65   68   69   70   70   70   69   69   68   67   66
   65   64   64   63   62   58   61   57   62                                   
    75.0-180.0 180.0   5.0 450.0                            LAT/LON1/LON2/DLON/H
   54   51   50   56   58   66   69   77   81   91   97  106  112  120  124  129
  131  132  130  127  122  117  107   99   89   82   74   67   63   60   59   58
   58   60   60   62   59   60   56   56   51   51   47   48   44   48   47   50
   52   56   59   62   66   68   71   72   72   73   72   71   69   68   66   65
   63   62   60   60   57   50   58   55   54                                   
    72.5-180.0 180.0   5.0 450.0                            LAT/LON1/LON2/DLON/H
   51   49   46   51   52   57   61   67   74   83   91   99  107  116  123  129
  132  136  134  131  126  121  111  101   91   81   73   65   61   58   58   57
   58   60   62   62   62   60   58   54   52   48   47   44   44   45   47   49
   54   58   64   66   71   73   77   75   77   74   74   70   70   66   67   63
   63   60   61   58   56   50   56   46   51                                   
    70.0-180.0 180.0   5.0 450.0                            LAT/LON1/LON2/DLON/H
   52   48   45   49   49   55   57   65   70   81   86   98  106  116  123  132
  136  141  140  140  135  129  118  109   97   88   79   71   67   64   62   62
   63   64   65   65   64   63   58   55   50   48   45   44   43   46   47   51
   55   60   64   69   72   76   77   77   76   74   72   69   67   66   65   64
   63   62   62   61   58   49   57   49   52                                   
    67.5-180.0 180.0   5.0 450.0                            LAT/LON1/LON2/DLON/H
   52   50   47   51   49   54   56   64   69   80   87   98  106  116  124  133
  141  147  150  151  148  142  134  123  111  100   90   82   76   71   69   66
   67   66   67   66   64   61   58   54   50   47   45   44   44   45   49   51
   56   59   65   67   71   72   74   72   72   68   67   63   63   60   61   59
   61   60   61   60   57   52   58   45   52                                   
    65.0-180.0 180.0   5.0 450.0                            LAT/LON1/LON2/DLON/H
   51   51   48   53   50   56   57   67   72   85   92  104  111  122  129  140
  146  154  159  163  163  158  148  139  126  117  104   96   89   84   79   76
   72   70   67   65   62   58   55   51   47   45   43   43   44   46   48   51
   53   57   59   62   63   66   65   65   63   61   58   56   55   54   54   54
   55   56   57   57   55   48   57   47   51                                   
    62.5-180.0 180.0   5.0 450.0                            LAT/LON1/LON2/DLON/H
   44   47   49   53   52   59   62   72   80   93  102  113  120  129  136  145
  153  161  169  176  179  177  171  159  147  133  123  112  104   97   92   86
   80   73   69   63   59   53   50   46   44   42   43   43   44   44   47   46
   49   49   51   51   53   52   54   52   54   51   51   48   48   46   48   47
   49   49   51   50   48   43   52   38   44                                   
    60.0-180.0 180.0   5.0 450.0                            LAT/LON1/LON2/DLON/H
   39   43   45   53   52   62   66   80   89  104  113  125  131  139  144  153
  160  168  178  185  191  190  185  175  161  149  136  128  119  112  105   98
   89   79   71   64   57   51   46   43   41   40   41   41   41   42   42   42
   41   42   41   42   41   43   42   44   44   45   44   44   43   43   43   43
   44   43   44   43   40   34   45   32   39                                   
    57.5-180.0 180.0   5.0 450.0                            LAT/LON1/LON2/DLON/H
   31   36   43   52   56   67   74   89  101  117  128  139  145  150  155  161
  167  176  186  196  201  204  199  190  178  167  156  149  141  134  127  118
  106   91   80   68   59   52   48   44   43   42   43   44   43   42   41   38
   37   34   35   33   36   35   38   38   42   41   43   42   42   41   42   40
   41   39   39   36   35   32   40   21   31                                   
    55.0-180.0 180.0   5.0 450.0                            LAT/LON1/LON2/DLON/H
   31   38   42   55   59   72   80   98  112  130  142  153  159  162  165  171
  177  185  195  203  209  210  206  200  190  183  174  170  162  156  147  136
  122  105   90   77   68   59   55   51   50   49   50   48   48   45   43   39
   37   35   34   33   34   35   37   40   43   46   46   48   46   46   45   44
   44   41   40   38   34   30   39   18   31                                   
    52.5-180.0 180.0   5.0 450.0                            LAT/LON1/LON2/DLON/H
   35   42   47   60   68   80   92  110  127  145  158  168  172  176  178  182
  188  195  203  210  214  216  213  209  202  198  195  193  188  183  172  158
  142  120  105   88   79   70   66   61   61   59   60   59   58   54   50   45
   43   40   39   37   40   41   45   48   53   55   57   56   56   53   53   50
   50   47   47   44   42   38   43   18   35                                   
    50.0-180.0 180.0   5.0 450.0                            LAT/LON1/LON2/DLON/H
   46   54   58   71   79   94  106  125  141  160  170  180  184  186  190  194
  201  207  215  218  221  221  219  216  213  212  211  211  206  200  188  172
  153  132  114  100   91   82   79   74   74   72   72   71   69   65   61   57
   54   52   51   52   53   56   58   63   66   70   71   71   68   67   64   62
   60   59   58   56   52   47   52   31   46                                   
    47.5-180.0 180.0   5.0 450.0                            LAT/LON1/LON2/DLON/H
   61   66   72   83   95  109  124  143  159  176  187  197  200  204  206  212
  217  222  227  229  228  228  226  225  224  224  226  224  219  209  196  176
  159  136  120  106   98   92   89   86   84   84   83   83   81   77   73   70
   69   69   70   71   73   75   78   81   85   86   87   85   82   78   77   72
   72   69   71   69   67   62   64   45   61                                   
    45.0-180.0 180.0   5.0 450.0                            LAT/LON1/LON2/DLON/H
   75   83   88  105  113  130  144  162  177  193  203  210  214  217  223  227
  235  236  241  238  240  237  238  238  239  239  237  233  221  207  190  172
  154  134  120  109  106  101  101   97   96   94   94   92   91   87   84   82
   82   85   87   89   90   92   93   96   97   99   96   96   91   89   86   83
   82   81   82   81   78   74   75   65   75                                   
    42.5-180.0 180.0   5.0 450.0                            LAT/LON1/LON2/DLON/H
   84   93  103  119  132  149  165  182  197  211  222  228  231  237  241  248
  252  254  254  253  250  250  249  250  251  249  247  236  220  199  181  161
  144  125  115  107  106  105  105  103  101  100   99   98   96   94   92   90
   93   95  100  101  103  102  103  104  105  104  102   99   97   92   92   87
   88   85   88   88   88   83   85   78   84                                   
    40.0-180.0 180.0   5.0 450.0                            LAT/LON1/LON2/DLON/H
   88  101  112  132  146  165  182  199  213  227  238  243  248  252  260  264
  270  266  268  262  263  261  265  267  267  265  255  240  214  191  170  151
  134  120  111  109  110  110  114  110  110  105  105  102  101   98   96   95
   96  100  103  106  105  106  104  105  104  103  100   98   95   94   93   91
   90   89   90   91   90   87   92   82   88                                   
    37.5-180.0 180.0   5.0 450.0                            LAT/LON1/LON2/DLON/H
   80   97  111  131  151  170  192  210  227  240  252  258  265  270  276  282
  284  282  280  277  275  275  276  279  278  274  264  241  215  187  169  149
  138  125  122  120  122  123  124  121  116  112  108  105  103  100   98   96
   97   99  101  102  103  103  102  102  102   99   98   94   94   91   92   88
   88   85   86   85   87   83   88   82   80                                   
    35.0-180.0 180.0   5.0 450.0                            LAT/LON1/LON2/DLON/H
   72   89  106  129  151  174  198  217  237  250  263  269  278  283  291  293
  297  291  292  286  288  287  290  291  289  284  270  248  220  195  178  168
  160  153  149  148  148  147  147  139  134  124  120  112  109  104  102   98
   98   96   97   96   96   98   98   98   97   96   94   92   91   90   90   88
   86   82   80   78   78   74   79   72   72                                   
    32.5-180.0 180.0   5.0 450.0                            LAT/LON1/LON2/DLON/H
   58   76   90  117  141  166  191  214  236  253  268  278  291  297  305  305
  307  303  302  301  300  301  298  299  294  291  278  263  241  225  217  210
  212  205  205  199  194  184  177  165  155  144  134  124  118  111  108  102
  101   98   96   94   94   98   99  101  101   99   97   95   94   93   94   90
   88   81   76   71   70   67   67   62   58                                   
    30.0-180.0 180.0   5.0 450.0                            LAT/LON1/LON2/DLON/H
   52   70   87  113  136  163  188  214  238  256  272  283  297  304  313  311
  313  307  310  305  312  307  309  305  302  300  294  287  278  273  276  279
  281  280  276  266  250  227  209  191  182  169  160  146  138  129  124  117
  114  106  103   99  101  104  109  112  113  111  109  105  104  103  102   99
   93   86   78   72   68   63   63   60   52                                   
    27.5-180.0 180.0   5.0 450.0                            LAT/LON1/LON2/DLON/H
   55   69   88  109  130  155  180  206  232  252  271  286  303  313  321  318
  319  314  316  315  319  316  312  309  304  311  310  320  319  332  346  360
  370  367  359  342  317  281  247  220  207  192  183  171  162  153  148  141
  134  126  119  114  115  121  128  132  133  130  127  123  121  119  116  110
  104   96   87   76   70   66   67   64   55                                   
    25.0-180.0 180.0   5.0 450.0                            LAT/LON1/LON2/DLON/H
   73   85  103  123  138  161  182  210  233  255  273  289  305  316  323  319
  321  314  320  315  325  317  318  311  316  326  340  359  378  402  426  446
  458  457  440  409  373  330  286  244  226  213  205  194  188  181  178  172
  166  155  148  140  143  146  154  157  158  153  150  143  140  137  134  128
  120  113  101   89   80   76   76   74   73                                   
    22.5-180.0 180.0   5.0 450.0                            LAT/LON1/LON2/DLON/H
   99  106  124  145  163  175  194  215  240  258  276  293  310  321  328  328
  326  323  324  322  326  321  319  319  327  349  373  407  435  471  497  515
  535  527  506  461  413  363  317  265  241  226  222  214  211  211  210  209
  202  193  179  173  169  174  179  182  182  177  175  168  164  158  155  147
  139  129  119  106   95   88   93   96   99                                   
    20.0-180.0 180.0   5.0 450.0                            LAT/LON1/LON2/DLON/H
  123  130  151  172  184  201  213  231  246  264  278  296  315  326  335  331
  333  324  329  323  329  323  325  329  348  379  414  463  499  538  563  582
  600  583  549  491  430  372  325  279  251  237  233  232  231  234  235  239
  235  228  218  211  205  205  204  203  199  192  185  176  173  167  168  163
  158  144  133  124  111  105  102  112  123                                   
    17.5-180.0 180.0   5.0 450.0                            LAT/LON1/LON2/DLON/H
  139  155  183  202  218  230  244  257  268  278  290  309  328  339  346  345
  344  340  336  334  333  332  335  350  376  418  465  517  556  585  616  626
  634  606  561  496  433  369  320  277  253  245  240  243  241  249  253  265
  261  261  245  243  234  237  232  228  220  211  203  192  185  175  174  165
  160  146  141  130  121  116  115  134  139                                   
    15.0-180.0 180.0   5.0 450.0                            LAT/LON1/LON2/DLON/H
  152  171  201  225  242  261  268  289  291  309  310  335  346  359  363  364
  361  354  352  346  345  347  355  381  416  465  516  563  596  619  637  638
  637  597  546  478  413  353  300  268  242  238  234  242  242  258  262  277
  275  273  261  257  250  250  243  242  232  227  216  204  193  181  178  169
  161  149  141  133  125  122  117  136  152                                   
    12.5-180.0 180.0   5.0 450.0                            LAT/LON1/LON2/DLON/H
  147  177  211  240  264  284  298  316  326  345  349  363  374  384  391  386
  383  376  372  365  364  368  384  416  463  515  566  597  626  635  637  629
  607  562  511  453  393  337  292  264  240  238  229  238  232  253  255  281
  277  284  269  271  262  261  249  244  233  227  219  205  194  183  177  167
  156  142  135  126  121  117  114  134  147                                   
    10.0-180.0 180.0   5.0 450.0                            LAT/LON1/LON2/DLON/H
  147  174  214  247  278  302  322  342  359  390  397  418  418  435  434  440
  422  419  403  396  392  404  425  466  506  558  601  623  635  631  621  599
  569  529  482  433  378  330  287  257  226  227  215  227  218  233  241  264
  269  276  269  269  263  260  250  245  232  230  219  206  193  183  173  162
  149  136  127  122  114  112  107  119  147                                   
     7.5-180.0 180.0   5.0 450.0                            LAT/LON1/LON2/DLON/H
  138  170  212  249  285  310  336  361  391  423  439  454  462  472  478  473
  467  452  440  427  428  436  463  500  551  598  633  643  642  623  604  573
