data/unet/pred0910.15i
     1.0            IONOSPHERE MAPS     GNSS                IONEX VERSION / TYPE
pyspatialgeodesy        IME             05-JAN-18 20:20     PGM / RUN BY / DATE 
Map Name                                                    COMMENT             
Predicted global ionosphere maps (GIM).                     DESCRIPTION         
  2015     4     1     0     0     0                        EPOCH OF FIRST MAP  
  2015     4     2     0     0     0                        EPOCH OF LAST MAP   
  7200                                                      INTERVAL            
    13                                                      # OF MAPS IN FILE   
  NONE                                                      MAPPING FUNCTION    
10.0                                                        ELEVATION CUTOFF    
One-way carrier phase leveled to code                       OBSERVABLES USED    
  6371.0                                                    BASE RADIUS         
 2                                                          MAP DIMENSION       
   450.0 450.0   0.0                                        HGT1 / HGT2 / DHGT  
    87.5 -87.5  -2.5                                        LAT1 / LAT2 / DLAT  
  -180.0 180.0   5.0                                        LON1 / LON2 / DLON  
    -1                                                      EXPONENT            
                                                            END OF HEADER       
[from data line 3861]
    10                                                      START OF TEC MAP    
  2015     4     1    18     0     0                        EPOCH OF CURRENT MAP
    87.5-180.0 180.0   5.0 450.0                            LAT/LON1/LON2/DLON/H
  234  209  216  217  217  212  215  211  215  210  215  210  215  211  216  211
  217  212  218  213  219  214  218  213  216  210  213  207  209  203  205  199
  201  196  198  193  195  189  193  187  191  185  190  184  189  185  190  186
  191  189  193  192  197  198  201  202  206  207  208  209  211  212  213  213
  215  215  217  216  217  217  223  212  234                                   
    85.0-180.0 180.0   5.0 450.0                            LAT/LON1/LON2/DLON/H
  208  203  208  211  208  208  206  207  206  208  207  208  207  210  209  211
  210  212  211  212  212  213  212  212  210  210  206  206  203  202  198  198
  195  194  190  190  186  186  183  183  181  180  180  180  180  181  182  183
  184  187  186  190  190  194  193  198  197  202  200  204  203  207  205  208
  208  211  210  211  209  205  211  210  208                                   
    82.5-180.0 180.0   5.0 450.0                            LAT/LON1/LON2/DLON/H
  199  190  192  190  191  190  191  190  191  191  193  194  196  198  199  201
  202  205  205  207  207  209  209  209  209  207  206  203  201  198  195  193
  190  188  184  182  178  177  175  173  171  170  171  169  170  169  172  171
  174  174  178  177  181  181  185  184  188  188  191  191  194  194  196  196
  197  197  198  195  195  186  188  187  199                                   
    80.0-180.0 180.0   5.0 450.0                            LAT/LON1/LON2/DLON/H
  185  179  170  173  171  173  172  175  175  179  180  184  186  190  191  195
  196  199  200  203  205  207  209  209  210  209  207  204  201  198  192  190
  184  181  175  173  167  166  161  160  155  155  152  153  151  152  151  154
  154  156  158  160  163  164  167  169  172  173  175  176  177  178  179  180
  180  181  180  180  176  172  170  168  185                                   
    77.5-180.0 180.0   5.0 450.0                            LAT/LON1/LON2/DLON/H
  165  161  154  150  152  152  155  156  161  163  170  173  179  182  187  189
  193  195  199  201  205  206  210  209  211  209  209  204  204  197  194  189
  184  180  175  172  167  162  158  154  148  145  143  140  138  137  138  138
  140  140  144  145  149  149  154  152  158  155  159  157  161  158  162  159
  161  159  161  157  157  150  149  152  165                                   
    75.0-180.0 180.0   5.0 450.0                            LAT/LON1/LON2/DLON/H
  151  149  141  142  144  144  149  150  157  161  169  174  182  186  191  194
  198  200  204  206  210  213  217  217  219  218  217  215  210  208  200  198
  189  187  179  177  170  168  160  156  146  144  137  135  130  130  128  129
  129  132  133  135  136  138  138  140  140  141  141  142  142  143  143  143
  143  143  144  143  140  137  136  143  151                                   
    72.5-180.0 180.0   5.0 450.0                            LAT/LON1/LON2/DLON/H
  143  144  140  139  143  145  150  154  161  168  178  183  193  195  202  203
  208  209  213  215  220  222  226  227  229  230  229  226  223  216  212  206
  200  195  189  186  180  176  170  164  155  148  141  135  129  126  125  124
  124  125  127  126  128  126  127  126  127  125  126  125  127  127  128  127
  128  127  130  128  129  124  127  135  143                                   
    70.0-180.0 180.0   5.0 450.0                            LAT/LON1/LON2/DLON/H
  138  143  141  148  152  155  162  167  175  183  194  201  211  213  220  219
  224  223  225  227  231  235  238  241  244  243  242  238  234  229  224  220
  215  210  205  201  196  191  184  176  167  158  149  143  134  130  125  123
  121  121  120  121  119  119  116  116  113  113  111  112  111  112  113  113
  115  117  117  119  118  118  123  133  138                                   
    67.5-180.0 180.0   5.0 450.0                            LAT/LON1/LON2/DLON/H
  136  144  148  155  161  169  176  185  192  204  213  224  230  235  238  239
  240  241  239  244  244  251  252  258  258  260  256  255  248  245  238  235
  228  225  218  215  208  204  196  188  177  168  158  149  139  132  126  122
  117  116  114  113  111  108  106  103  102  101  100  101  100  102  102  103
  104  106  108  109  111  111  117  125  136                                   
    65.0-180.0 180.0   5.0 450.0                            LAT/LON1/LON2/DLON/H
  132  145  151  164  172  181  190  201  211  222  232  243  250  254  256  255
  255  256  255  257  258  261  264  267  270  269  269  264  263  257  255  249
  247  241  235  229  223  217  209  199  189  178  167  156  143  135  124  119
  111  109  105  104  101   99   94   91   89   89   88   89   90   91   93   94
   96   97   98  101  101  104  111  118  132                                   
    62.5-180.0 180.0   5.0 450.0                            LAT/LON1/LON2/DLON/H
  125  139  149  162  174  187  199  210  222  234  245  255  262  266  268  269
  267  269  265  269  267  273  272  278  277  279  277  277  275  274  270  270
  262  260  249  245  234  228  218  208  196  186  173  161  147  136  125  116
  108  103   99   96   93   89   87   84   82   82   81   83   83   85   86   87
   87   88   88   88   90   90   99  104  125                                   
    60.0-180.0 180.0   5.0 450.0                            LAT/LON1/LON2/DLON/H
  117  132  144  162  174  189  202  216  228  244  254  266  271  276  275  276
  274  272  271  271  271  274  276  276  279  277  281  279  285  283  288  284
  284  276  270  259  250  240  230  217  207  193  182  168  154  139  126  113
  105   98   94   90   87   84   82   80   80   78   81   79   83   82   85   83
   84   82   81   81   81   85   91   93  117                                   
    57.5-180.0 180.0   5.0 450.0                            LAT/LON1/LON2/DLON/H
  108  123  136  155  170  186  200  214  229  246  258  270  277  282  279  280
  278  276  272  271  269  271  269  272  271  275  277  282  288  294  298  300
  298  295  284  275  260  251  238  228  214  203  190  176  161  146  132  117
  106   99   94   90   88   85   85   85   86   87   86   88   86   87   85   86
   82   83   79   78   76   74   80   83  108                                   
    55.0-180.0 180.0   5.0 450.0                            LAT/LON1/LON2/DLON/H
  108  123  138  162  177  195  208  227  240  259  270  284  288  293  286  287
  281  278  272  268  265  265  263  264  266  267  276  280  295  300  313  314
  320  309  304  289  278  262  253  238  229  215  205  189  175  157  143  125
  116  106  103   97   97   94   97   97  102  101  105  101  102   98   97   93
   91   89   86   86   82   82   87   80  108                                   
    52.5-180.0 180.0   5.0 450.0                            LAT/LON1/LON2/DLON/H
  110  129  142  168  188  208  220  237  252  270  281  297  300  304  296  295
  285  280  271  267  262  260  258  261  263  269  276  288  302  316  326  332
  332  325  314  303  287  276  261  251  239  230  216  203  187  171  155  139
  128  121  117  114  112  113  115  121  124  128  126  127  121  120  113  113
  106  105   98   97   89   86   89   85  110                                   
    50.0-180.0 180.0   5.0 450.0                            LAT/LON1/LON2/DLON/H
  123  142  159  187  210  233  248  264  279  295  308  321  323  324  317  310
  297  288  277  269  264  262  263  265  271  275  287  296  316  328  343  347
  352  339  333  315  307  290  280  264  256  243  234  218  206  187  175  158
  150  140  139  133  135  133  139  143  151  152  155  150  148  143  139  136
  130  128  124  121  114  108  114  101  123                                   
    47.5-180.0 180.0   5.0 450.0                            LAT/LON1/LON2/DLON/H
  137  159  174  203  227  252  266  285  299  320  333  348  349  353  342  334
  319  307  290  281  274  271  273  277  283  291  301  315  331  343  353  357
  358  348  338  327  316  306  290  278  264  253  241  229  214  200  188  176
  168  163  160  156  153  154  158  166  171  178  177  177  169  167  161  160
  154  155  150  148  135  127  134  124  137                                   
    45.0-180.0 180.0   5.0 450.0                            LAT/LON1/LON2/DLON/H
  160  182  200  227  255  284  301  319  339  357  373  383  390  388  382  366
  350  329  314  299  292  288  291  296  306  313  327  335  350  358  369  370
  371  360  352  341  335  324  313  294  280  262  252  235  225  210  202  192
  188  183  180  172  169  165  171  176  186  190  194  191  189  185  182  181
  177  179  176  175  166  156  161  143  160                                   
    42.5-180.0 180.0   5.0 450.0                            LAT/LON1/LON2/DLON/H
  175  198  215  241  270  296  318  343  364  385  403  418  427  427  418  406
  388  368  346  327  317  311  315  321  331  341  351  359  367  372  376  377
  375  367  362  355  351  341  329  310  289  269  253  239  226  214  207  201
  201  196  193  185  176  171  171  179  186  195  197  202  198  201  196  196
  192  192  191  192  185  174  179  160  175                                   
    40.0-180.0 180.0   5.0 450.0                            LAT/LON1/LON2/DLON/H
  194  217  235  262  289  322  343  373  395  418  437  451  463  462  460  441
  425  398  381  357  348  342  345  352  362  371  380  383  388  390  393  393
  392  387  386  380  381  367  355  328  307  277  261  240  229  215  212  208
  210  208  203  190  179  168  167  171  182  189  196  199  203  204  204  204
  199  199  197  199  194  184  185  167  194                                   
    37.5-180.0 180.0   5.0 450.0                            LAT/LON1/LON2/DLON/H
  187  210  235  263  300  325  357  387  415  440  460  477  490  494  494  479
  463  443  416  395  382  375  376  381  389  397  403  407  407  409  410  415
  413  416  415  419  418  409  390  362  330  295  270  249  235  221  218  216
  218  216  210  197  182  171  165  166  174  181  188  194  199  203  203  201
  195  192  188  187  181  174  180  169  187                                   
    35.0-180.0 180.0   5.0 450.0                            LAT/LON1/LON2/DLON/H
  186  208  234  270  303  341  367  404  431  457  479  496  514  522  521  506
  490  470  451  433  421  411  411  411  420  425  433  438  441  446  451  459
  463  467  472  473  474  460  439  406  372  336  303  276  258  242  231  227
  224  220  208  197  179  170  162  167  172  186  192  194  201  203  205  202
  196  188  180  174  164  157  163  161  186                                   
    32.5-180.0 180.0   5.0 450.0                            LAT/LON1/LON2/DLON/H
  165  189  224  262  305  334  369  407  442  471  492  515  533  546  550  537
  521  503  485  468  458  445  442  439  446  453  462  475  481  494  500  513
  522  531  537  541  538  516  486  452  408  374  333  307  283  269  258  252
  244  238  224  216  198  193  185  189  194  198  201  204  213  214  213  202
  189  174  158  145  133  130  135  148  165                                   
    30.0-180.0 180.0   5.0 450.0                            LAT/LON1/LON2/DLON/H
  162  186  222  267  305  343  373  420  451  483  505  531  549  567  569  565
  547  534  517  506  494  480  473  468  474  484  498  518  538  560  577  594
  610  612  621  616  605  573  531  492  453  422  380  352  324  311  291  282
  268  262  246  239  224  220  215  219  223  232  238  242  238  230  216  207
  187  174  156  143  126  120  118  131  162                                   
    27.5-180.0 180.0   5.0 450.0                            LAT/LON1/LON2/DLON/H
  153  186  221  270  307  342  375  422  455  491  512  542  562  578  588  585
  579  569  558  543  530  509  502  495  505  518  544  575  607  633  664  687
  709  718  716  708  683  646  588  534  483  442  410  380  358  339  323  309
  294  281  269  259  255  256  256  261  265  274  277  281  283  283  267  251
  223  194  166  145  132  123  108  127  153                                   
    25.0-180.0 180.0   5.0 450.0                            LAT/LON1/LON2/DLON/H
  165  192  231  279  318  351  381  432  464  505  525  558  576  597  600  611
  605  604  594  584  567  549  537  531  542  566  601  639  677  715  745  765
  782  798  786  777  741  696  634  580  520  477  440  413  389  379  363  348
  336  319  311  302  308  315  311  314  310  314  312  306  299  289  284  269
  254  232  207  179  154  142  126  129  165                                   
    22.5-180.0 180.0   5.0 450.0                            LAT/LON1/LON2/DLON/H
  186  213  244  293  327  362  391  436  471  513  537  569  583  606  617  622
  631  633  633  629  610  587  576  575  597  625  672  713  752  777  803  831
  846  854  838  815  775  717  654  585  532  498  463  439  418  406  397  390
  377  369  363  370  378  387  385  388  380  366  348  330  313  295  286  279
  266  254  231  213  184  175  147  142  186                                   
    20.0-180.0 180.0   5.0 450.0                            LAT/LON1/LON2/DLON/H
  206  219  257  300  337  367  400  446  483  529  555  586  603  629  636  650
  658  672  671  672  656  636  622  625  646  683  734  769  806  838  863  884
  889  886  859  826  784  719  656  576  518  479  451  436  420  411  412  412
  413  408  416  419  431  440  444  451  435  412  377  349  324  297  285  279
  272  263  249  232  204  187  182  163  206                                   
    17.5-180.0 180.0   5.0 450.0                            LAT/LON1/LON2/DLON/H
  215  228  272  318  347  384  409  457  495  538  567  595  615  642  656  671
  691  702  711  705  694  680  672  674  707  738  779  814  853  880  898  906
  904  885  858  813  772  704  643  547  489  447  424  409  399  396  405  417
  433  441  457  474  481  495  497  495  474  437  398  357  332  298  289  279
  279  272  262  243  223  198  193  180  215                                   
    15.0-180.0 180.0   5.0 450.0                            LAT/LON1/LON2/DLON/H
  218  224  264  314  355  396  418  464  506  547  579  609  636  662  684  711
  730  750  753  749  735  722  711  722  756  791  830  866  894  906  911  903
  883  857  824  783  740  677  600  503  449  400  384  367  364  368  391  415
  442  456  483  497  508  518  516  502  475  445  404  360  324  293  277  267
  266  257  255  238  222  199  196  192  218                                   
    12.5-180.0 180.0   5.0 450.0                            LAT/LON1/LON2/DLON/H
  203  216  250  300  345  395  425  473  515  555  579  609  642  671  706  739
  771  794  805  795  789  770  771  783  810  840  880  903  922  914  909  881
  854  820  793  747  713  642  570  485  422  369  340  326  332  346  380  418
  455  482  501  511  517  518  506  481  457  420  388  348  314  284  271  261
  257  247  240  222  207  190  189  188  203                                   
    10.0-180.0 180.0   5.0 450.0                            LAT/LON1/LON2/DLON/H
  191  205  242  287  336  392  431  482  523  562  585  621  657  692  741  780
  820  841  851  854  845  836  842  861  886  907  931  932  933  921  901  869
  831  791  755  723  692  628  558  472  406  341  316  297  314  333  375  420
  464  491  511  516  503  503  476  455  422  393  355  328  295  273  257  244
  242  225  219  198  187  175  176  181  191                                   
     7.5-180.0 180.0   5.0 450.0                            LAT/LON1/LON2/DLON/H
  180  195  233  278  333  389  433  485  533  577  597  629  669  708  760  806
  854  876  892  903  905  902  907  920  939  945  951  934  929  908  888  855
