data/unet/pred2140.15i
     1.0            IONOSPHERE MAPS     GNSS                IONEX VERSION / TYPE
pyspatialgeodesy        IME             05-JAN-18 20:20     PGM / RUN BY / DATE 
Map Name                                                    COMMENT             
Predicted global ionosphere maps (GIM).                     DESCRIPTION         
  2015     8     2     0     0     0                        EPOCH OF FIRST MAP  
  2015     8     3     0     0     0                        EPOCH OF LAST MAP   
  7200                                                      INTERVAL            
    13                                                      # OF MAPS IN FILE   
  NONE                                                      MAPPING FUNCTION    
10.0                                                        ELEVATION CUTOFF    
One-way carrier phase leveled to code                       OBSERVABLES USED    
  6371.0                                                    BASE RADIUS         
 2                                                          MAP DIMENSION       
   450.0 450.0   0.0                                        HGT1 / HGT2 / DHGT  
    87.5 -87.5  -2.5                                        LAT1 / LAT2 / DLAT  
  -180.0 180.0   5.0                                        LON1 / LON2 / DLON  
    -1                                                      EXPONENT            
                                                            END OF HEADER       
[from data line 429]
     2                                                      START OF TEC MAP    
  2015     8     2     2     0     0                        EPOCH OF CURRENT MAP
    87.5-180.0 180.0   5.0 450.0                            LAT/LON1/LON2/DLON/H
  152  151  154  149  149  146  148  145  148  145  146  142  144  139  141  136
  137  132  133  127  129  123  124  118  120  115  116  111  114  108  111  105
  109  104  108  102  108  103  108  104  110  106  111  107  112  108  113  109
  114  111  116  112  117  114  119  116  122  120  125  123  129  127  131  129
  135  133  137  134  138  135  141  155  152                                   
    85.0-180.0 180.0   5.0 450.0                            LAT/LON1/LON2/DLON/H
  148  164  152  157  154  154  153  155  153  154  151  151  148  148  145  144
  141  139  136  134  131  128  125  123  120  118  115  113  112  110  108  107
  107  106  106  105  107  107  108  108  109  110  111  111  112  112  112  113
  113  114  114  115  116  117  118  120  121  123  124  126  128  130  131  134
  135  138  139  141  139  138  148  145  148                                   
    82.5-180.0 180.0   5.0 450.0                            LAT/LON1/LON2/DLON/H
  154  160  164  166  166  162  168  164  167  162  165  160  161  155  156  149
  149  141  141  133  134  125  125  117  118  111  112  105  107  102  104  101
  104  103  106  105  109  108  111  110  113  112  114  113  115  113  115  112
  115  113  117  114  118  116  121  119  124  123  128  127  133  131  136  135
  142  141  147  144  150  144  154  146  154                                   
    80.0-180.0 180.0   5.0 450.0                            LAT/LON1/LON2/DLON/H
  162  166  170  174  176  174  176  175  175  172  171  167  165  159  157  152
  149  142  140  133  131  123  120  114  112  106  104   99   99   95   96   94
   97   96  101  100  106  106  110  110  114  113  115  114  116  114  115  114
  116  114  117  116  120  119  123  123  128  128  132  132  137  136  140  140
  145  145  150  149  153  150  157  151  162                                   
    77.5-180.0 180.0   5.0 450.0                            LAT/LON1/LON2/DLON/H
  164  172  173  179  178  181  181  181  179  177  174  171  166  163  157  154
  148  145  139  136  130  126  119  116  109  106   99   97   93   93   90   92
   92   97   98  103  105  111  112  116  116  120  119  121  120  121  120  122
  120  122  123  125  125  129  130  134  134  138  139  142  143  145  145  147
  149  150  153  154  155  156  160  150  164                                   
    75.0-180.0 180.0   5.0 450.0                            LAT/LON1/LON2/DLON/H
  165  169  175  176  179  178  181  179  178  174  172  166  163  156  153  146
  145  138  137  131  129  122  119  112  109  102   99   92   90   87   87   87
   90   92   97  101  107  110  115  117  120  121  123  123  124  123  125  123
  125  125  128  129  132  133  137  138  142  142  145  145  148  146  149  147
  150  148  153  151  154  153  161  151  165                                   
    72.5-180.0 180.0   5.0 450.0                            LAT/LON1/LON2/DLON/H
  161  167  169  172  172  174  175  176  173  170  165  161  153  150  142  139
  133  132  127  126  121  119  113  111  104  101   93   90   84   83   81   83
   84   89   92   99  102  109  111  116  116  119  119  121  120  123  122  125
  124  127  129  133  134  138  140  143  144  146  147  148  149  149  149  148
  149  148  150  150  151  152  158  150  161                                   
    70.0-180.0 180.0   5.0 450.0                            LAT/LON1/LON2/DLON/H
  160  162  165  167  168  168  171  169  169  164  161  154  149  141  136  129
  127  123  122  119  119  116  114  109  106   99   95   88   85   81   80   81
   83   87   91   96  101  105  110  112  115  116  118  118  120  121  124  126
  129  130  135  137  140  142  145  146  148  149  150  150  151  150  150  148
  149  148  150  150  150  149  156  150  160                                   
    67.5-180.0 180.0   5.0 450.0                            LAT/LON1/LON2/DLON/H
  158  161  162  164  164  165  166  166  163  160  153  149  139  135  125  123
  116  116  112  115  112  114  110  111  104  102   94   91   84   83   79   81
   80   84   86   92   93   98   99  104  104  108  108  112  113  118  119  124
  126  131  134  138  139  142  145  147  148  149  150  150  151  151  150  149
  148  148  149  149  149  149  154  149  158                                   
    65.0-180.0 180.0   5.0 450.0                            LAT/LON1/LON2/DLON/H
  160  158  159  160  161  161  162  162  160  156  152  145  138  131  124  117
  114  110  110  110  111  110  110  107  106  100   97   90   88   83   82   80
   80   81   82   85   87   89   92   94   96   99  101  105  109  113  118  122
  127  131  135  138  140  142  144  146  148  148  148  149  151  150  150  149
  150  149  151  150  150  149  155  149  160                                   
    62.5-180.0 180.0   5.0 450.0                            LAT/LON1/LON2/DLON/H
  162  160  159  162  160  161  160  161  157  156  149  146  137  132  122  118
  110  110  106  110  108  111  108  110  105  104   98   96   91   90   85   84
   80   80   77   79   78   81   80   85   85   91   93   99  102  110  114  120
  124  128  133  135  139  141  144  145  148  147  148  148  150  150  150  150
  150  151  153  153  153  154  159  153  162                                   
    60.0-180.0 180.0   5.0 450.0                            LAT/LON1/LON2/DLON/H
  167  161  162  162  161  160  159  158  156  153  150  145  141  133  127  119
  115  111  110  110  112  110  110  107  107  102  101   96   96   91   90   85
   83   78   76   74   73   73   75   77   80   84   89   95  100  107  113  118
  123  128  131  135  138  141  142  145  147  148  146  147  149  150  151  151
  153  154  157  157  159  157  164  157  167                                   
    57.5-180.0 180.0   5.0 450.0                            LAT/LON1/LON2/DLON/H
  171  167  166  169  165  165  161  161  157  156  151  150  143  139  130  125
  118  116  111  113  112  113  110  110  106  106  102  102  100  100   96   93
   86   82   75   74   70   71   70   75   77   83   87   94   99  108  113  118
  124  128  134  137  143  145  150  151  154  153  153  152  154  154  155  156
  157  159  162  164  167  168  172  162  171                                   
    55.0-180.0 180.0   5.0 450.0                            LAT/LON1/LON2/DLON/H
  178  172  175  176  174  170  167  163  159  156  153  149  146  141  137  130
  128  123  122  120  121  118  117  113  113  109  108  106  107  103  102   95
   91   83   78   74   73   72   74   76   80   85   89   96  101  109  115  122
  127  134  138  145  149  155  158  161  162  162  159  159  160  160  161  161
  163  165  169  171  174  172  179  170  178                                   
    52.5-180.0 180.0   5.0 450.0                            LAT/LON1/LON2/DLON/H
  183  182  182  187  182  180  175  171  164  160  155  154  149  147  142  139
  134  133  129  129  127  126  122  121  117  117  115  116  114  114  109  105
   97   92   85   82   79   80   80   84   85   91   94  101  106  116  121  129
  135  142  151  157  164  169  174  176  178  176  173  171  171  169  170  170
  171  171  176  178  184  183  188  179  183                                   
    50.0-180.0 180.0   5.0 450.0                            LAT/LON1/LON2/DLON/H
  191  190  195  198  196  191  187  178  171  165  159  156  153  150  147  145
  145  142  142  140  141  136  135  130  130  126  127  124  125  120  118  110
  105   97   94   90   90   89   91   93   95   98  102  107  113  121  128  138
  145  156  165  175  181  187  191  194  194  192  188  184  184  182  182  182
  182  183  185  188  191  189  195  190  191                                   
    47.5-180.0 180.0   5.0 450.0                            LAT/LON1/LON2/DLON/H
  198  201  203  208  204  200  195  187  178  171  164  161  158  156  154  153
  153  153  153  152  151  148  145  142  141  138  138  137  135  133  126  123
  114  111  105  104  102  102  101  103  102  105  107  114  118  127  134  147
  155  169  180  191  197  204  207  208  208  206  201  199  197  195  195  194
  194  194  196  196  201  200  204  201  198                                   
    45.0-180.0 180.0   5.0 450.0                            LAT/LON1/LON2/DLON/H
  209  211  217  220  218  214  208  198  187  179  170  168  163  161  159  160
  162  163  164  163  162  158  158  154  156  152  154  149  149  142  138  129
  124  118  117  115  115  114  113  113  113  113  116  119  125  133  143  155
  168  182  195  205  212  217  222  222  224  220  218  214  214  210  211  209
  209  207  208  207  210  206  212  213  209                                   
    42.5-180.0 180.0   5.0 450.0                            LAT/LON1/LON2/DLON/H
  220  221  225  227  225  220  216  205  198  186  180  175  173  169  168  168
  172  172  174  171  170  166  166  164  167  164  165  161  159  153  147  141
  134  132  130  129  128  125  122  120  118  118  118  123  126  136  146  162
  175  194  205  218  223  230  231  232  231  231  228  228  226  225  224  223
  221  220  218  218  222  221  226  229  220                                   
    40.0-180.0 180.0   5.0 450.0                            LAT/LON1/LON2/DLON/H
  236  237  239  241  238  234  227  219  207  199  188  186  182  181  178  180
  182  182  182  178  177  173  175  174  178  176  177  172  172  162  159  148
  145  139  140  137  137  132  129  125  125  124  126  128  133  141  153  168
  184  200  214  225  233  236  240  239  243  241  242  241  243  240  240  238
  238  235  235  233  236  232  241  246  236                                   
    37.5-180.0 180.0   5.0 450.0                            LAT/LON1/LON2/DLON/H
  257  257  256  254  253  245  241  230  223  212  208  202  202  197  196  194
  196  192  191  183  181  176  180  181  188  186  188  184  182  175  170  162
  157  152  151  147  145  139  134  130  129  128  129  132  134  143  153  169
  185  204  215  228  234  240  242  245  248  252  254  255  256  255  254  254
  253  253  252  253  256  255  260  268  257                                   
    35.0-180.0 180.0   5.0 450.0                            LAT/LON1/LON2/DLON/H
  280  282  277  275  272  263  257  246  236  228  220  217  214  211  209  207
  208  200  196  187  183  180  187  190  198  198  198  193  192  183  180  168
  164  156  155  150  147  140  135  131  133  133  136  136  139  144  154  168
  184  201  215  225  232  238  243  247  255  260  267  270  272  271  271  270
  271  270  272  272  276  275  284  294  280                                   
    32.5-180.0 180.0   5.0 450.0                            LAT/LON1/LON2/DLON/H
  309  310  305  300  297  283  279  266  260  248  243  237  237  231  230  225
  221  210  201  188  183  181  190  197  207  207  208  203  200  194  187  178
  170  162  159  152  149  142  138  136  138  140  140  140  138  142  149  161
  175  193  205  218  225  232  239  249  261  271  280  284  288  287  288  287
  289  290  293  299  307  309  312  322  309                                   
    30.0-180.0 180.0   5.0 450.0                            LAT/LON1/LON2/DLON/H
  342  343  340  334  325  311  301  289  280  269  263  257  255  248  243  235
  229  216  203  191  187  188  201  210  219  219  216  210  206  196  190  177
  169  157  153  148  144  138  136  134  142  143  145  140  138  136  141  149
  163  178  192  205  215  226  237  247  261  272  286  294  301  301  303  302
  305  308  315  326  337  342  344  353  342                                   
    27.5-180.0 180.0   5.0 450.0                            LAT/LON1/LON2/DLON/H
  370  378  379  372  364  348  336  318  309  296  291  284  279  271  261  250
  240  223  208  194  192  198  212  224  233  230  226  217  211  201  190  178
  166  154  148  143  140  136  134  136  142  145  144  139  130  126  125  133
  146  161  177  193  206  220  235  250  267  282  294  302  310  314  318  321
  326  332  340  353  366  373  372  377  370                                   
    25.0-180.0 180.0   5.0 450.0                            LAT/LON1/LON2/DLON/H
  401  413  416  409  401  386  371  352  341  327  322  310  305  289  277  260
  246  227  210  200  200  213  230  243  249  244  233  222  212  198  187  168
  156  143  137  134  131  127  130  130  140  139  141  129  121  111  111  115
  128  144  164  184  202  219  236  254  274  289  303  313  320  326  334  339
  347  355  365  378  393  399  399  401  401                                   
    22.5-180.0 180.0   5.0 450.0                            LAT/LON1/LON2/DLON/H
  420  432  438  436  433  418  407  389  376  361  354  344  334  319  298  277
  258  233  216  207  213  230  249  261  265  255  242  226  212  197  180  163
  146  136  129  128  125  125  127  130  135  135  131  120  108   98   96  100
  114  132  157  181  205  225  246  265  287  302  315  323  332  340  350  358
  367  378  385  399  411  417  418  417  420                                   
    20.0-180.0 180.0   5.0 450.0                            LAT/LON1/LON2/DLON/H
  443  452  456  452  453  441  433  418  408  394  388  377  367  346  322  293
  269  241  223  217  226  249  265  277  275  262  242  224  207  187  170  148
  135  124  119  117  117  116  121  119  126  120  118  104   95   83   83   87
  103  124  154  184  215  239  262  280  302  314  330  338  349  361  373  383
  393  401  408  418  428  431  435  436  443                                   
    17.5-180.0 180.0   5.0 450.0                            LAT/LON1/LON2/DLON/H
  449  456  459  458  462  454  451  441  434  421  415  405  394  373  347  314
  285  255  237  230  243  262  278  284  280  261  239  216  195  175  157  138
  124  117  112  113  112  113  115  115  116  110  104   92   84   75   73   79
   96  121  153  187  223  251  278  297  316  330  342  352  364  376  392  403
  414  421  426  434  439  444  445  444  449                                   
    15.0-180.0 180.0   5.0 450.0                            LAT/LON1/LON2/DLON/H
  466  466  466  463  467  463  464  458  456  445  442  431  419  398  371  337
  303  271  250  244  254  273  284  285  272  252  227  205  184  160  144  125
  116  109  107  106  105  106  106  102  101   93   88   77   72   64   66   72
   95  120  156  193  235  262  291  312  333  347  358  368  383  398  414  426
  435  442  445  450  456  456  459  462  466                                   
    12.5-180.0 180.0   5.0 450.0                            LAT/LON1/LON2/DLON/H
  465  465  464  460  463  461  468  464  466  457  457  446  433  413  386  352
  321  290  267  259  266  279  283  277  261  236  210  187  167  148  131  119
  110  106  104  103  103  101  100   93   89   81   78   71   66   60   62   71
   94  122  158  198  240  270  299  322  345  359  371  384  398  414  430  440
  450  456  459  464  465  467  465  465  465                                   
    10.0-180.0 180.0   5.0 450.0                            LAT/LON1/LON2/DLON/H
  473  469  467  462  462  464  469  470  470  466  463  455  444  424  398  369
  338  310  285  275  273  278  273  259  238  212  191  168  154  137  126  114
  110  106  103  102   95   93   88   83   77   71   69   64   62   57   62   71
   97  124  163  201  242  271  300  326  352  370  384  401  417  433  445  456
  464  470  473  476  479  475  478  482  473                                   
     7.5-180.0 180.0   5.0 450.0                            LAT/LON1/LON2/DLON/H
  470  471  468  463  459  462  465  465  462  457  455  449  439  422  399  374
  349  326  302  288  277  273  259  240  212  189  167  153  140  131  119  115
