data/unet/pred1080.15i
     1.0            IONOSPHERE MAPS     GNSS                IONEX VERSION / TYPE
pyspatialgeodesy        IME             05-JAN-18 20:20     PGM / RUN BY / DATE 
Map Name                                                    COMMENT             
Predicted global ionosphere maps (GIM).                     DESCRIPTION         
  2015     4    18     0     0     0                        EPOCH OF FIRST MAP  
  2015     4    19     0     0     0                        EPOCH OF LAST MAP   
  7200                                                      INTERVAL            
    13                                                      # OF MAPS IN FILE   
  NONE                                                      MAPPING FUNCTION    
10.0                                                        ELEVATION CUTOFF    
One-way carrier phase leveled to code                       OBSERVABLES USED    
  6371.0                                                    BASE RADIUS         
 2                                                          MAP DIMENSION       
   450.0 450.0   0.0                                        HGT1 / HGT2 / DHGT  
    87.5 -87.5  -2.5                                        LAT1 / LAT2 / DLAT  
  -180.0 180.0   5.0                                        LON1 / LON2 / DLON  
    -1                                                      EXPONENT            
                                                            END OF HEADER       
[from data line 1287]
     4                                                      START OF TEC MAP    
  2015     4    18     6     0     0                        EPOCH OF CURRENT MAP
    87.5-180.0 180.0   5.0 450.0                            LAT/LON1/LON2/DLON/H
  119  153  154  152  153  147  151  147  153  149  155  151  158  155  161  157
  164  160  165  161  165  162  164  161  164  161  162  160  161  159  159  157
  158  156  156  154  155  152  153  151  153  151  153  152  153  153  154  154
  155  155  156  155  157  156  157  155  158  155  157  154  158  155  158  155
  159  157  161  158  162  155  165  137  119                                   
    85.0-180.0 180.0   5.0 450.0                            LAT/LON1/LON2/DLON/H
  142  155  145  149  149  147  149  150  153  153  156  156  158  159  161  161
  162  162  163  162  163  160  161  158  159  156  156  154  154  151  152  150
  150  148  149  148  148  147  147  147  147  146  147  147  147  148  147  149
  148  149  148  149  149  150  148  148  147  149  146  148  145  148  145  147
  145  148  146  149  146  145  154  152  142                                   
    82.5-180.0 180.0   5.0 450.0                            LAT/LON1/LON2/DLON/H
  134  144  137  143  142  145  145  150  151  155  155  160  159  163  161  165
  162  166  162  165  160  163  156  159  153  155  149  152  146  149  142  146
  141  145  140  146  141  146  143  147  144  148  146  150  148  151  150  151
  151  152  152  152  153  154  153  152  153  152  152  149  150  148  147  145
  146  144  144  143  140  140  146  139  134                                   
    80.0-180.0 180.0   5.0 450.0                            LAT/LON1/LON2/DLON/H
  140  139  135  135  136  135  141  141  147  146  153  152  159  155  160  156
  160  154  157  150  153  145  147  139  141  133  136  128  131  125  129  125
  130  127  133  131  137  135  141  140  145  143  150  148  155  153  160  156
  164  160  167  163  170  167  171  168  172  169  170  167  168  164  161  157
  155  151  148  144  142  136  139  133  140                                   
    77.5-180.0 180.0   5.0 450.0                            LAT/LON1/LON2/DLON/H
  144  144  135  135  135  137  138  142  143  146  147  151  151  153  150  151
  148  147  142  142  137  135  130  127  123  120  116  115  112  112  111  114
  115  120  123  128  131  135  139  143  148  150  157  159  164  166  171  172
  179  181  187  190  196  198  201  202  204  204  203  201  197  194  187  182
  178  173  170  162  158  152  150  134  144                                   
    75.0-180.0 180.0   5.0 450.0                            LAT/LON1/LON2/DLON/H
  157  150  142  140  136  136  137  139  140  142  142  143  142  140  137  134
  129  126  123  121  118  115  112  108  107  100  100   94   95   92   95   96
  103  106  116  119  128  131  141  144  153  156  166  167  176  179  188  191
  199  202  209  211  218  220  224  224  228  226  227  224  223  218  213  208
  202  196  190  182  174  170  162  148  157                                   
    72.5-180.0 180.0   5.0 450.0                            LAT/LON1/LON2/DLON/H
  165  159  149  145  140  137  134  134  133  134  132  131  127  125  119  116
  110  107  104  102  101  100  100   97   94   90   86   84   80   82   81   87
   90  101  109  119  125  135  143  149  157  161  172  175  186  191  202  206
  215  219  227  231  238  240  243  243  246  245  245  242  241  237  231  226
  219  215  208  201  192  184  176  162  165                                   
    70.0-180.0 180.0   5.0 450.0                            LAT/LON1/LON2/DLON/H
  174  169  158  150  141  137  134  133  131  130  127  125  119  115  108  104
   97   95   91   91   91   92   93   92   92   87   86   81   80   78   80   82
   90   95  107  114  126  133  145  150  161  165  178  183  195  202  213  219
  229  234  241  244  252  251  253  251  254  250  250  247  246  240  236  230
  226  221  219  212  205  197  188  181  174                                   
    67.5-180.0 180.0   5.0 450.0                            LAT/LON1/LON2/DLON/H
  182  176  163  153  144  136  131  128  126  125  121  118  113  108  102   96
   92   87   88   88   92   93   97   97   97   95   89   87   82   82   80   84
   87   96  103  115  123  136  143  153  161  169  180  188  201  209  224  231
  242  247  254  257  261  259  258  255  255  251  251  247  246  239  236  229
  225  221  219  217  212  207  194  190  182                                   
    65.0-180.0 180.0   5.0 450.0                            LAT/LON1/LON2/DLON/H
  187  183  169  156  141  133  127  126  123  123  119  117  111  105   99   94
   89   87   87   90   94   98  102  104  105  103   99   94   90   86   85   85
   90   94  104  110  123  131  144  150  162  168  183  191  205  215  228  238
  247  253  256  258  262  258  255  250  251  245  243  239  237  229  225  219
  216  212  213  210  209  209  200  201  187                                   
    62.5-180.0 180.0   5.0 450.0                            LAT/LON1/LON2/DLON/H
  193  186  172  155  140  127  121  118  117  116  115  112  109  104   99   94
   92   89   92   92   99  102  108  109  108  108  102   99   91   89   85   86
   87   93   99  108  115  131  137  149  158  169  180  193  207  217  233  242
  254  260  262  267  268  266  261  256  252  248  243  241  237  231  225  219
  215  210  211  208  208  209  200  204  193                                   
    60.0-180.0 180.0   5.0 450.0                            LAT/LON1/LON2/DLON/H
  196  190  176  159  140  126  117  115  111  112  109  110  106  102   99   94
   93   91   92   95   99  104  105  108  105  106  100   98   90   87   82   82
   84   88   96  102  113  123  136  142  158  165  181  192  209  222  238  246
  257  265  267  274  277  275  269  263  259  255  250  249  246  239  231  224
  219  214  215  210  210  210  204  212  196                                   
    57.5-180.0 180.0   5.0 450.0                            LAT/LON1/LON2/DLON/H
  207  196  186  170  149  130  118  111  108  106  105  103  103  100   99   96
   96   94   96   96  101   99  103   99   99   96   93   91   86   81   78   76
   78   82   88   99  108  123  131  145  156  170  183  197  214  228  244  252
  265  274  279  290  296  298  294  288  282  277  271  271  268  262  252  244
  235  231  230  225  223  222  214  219  207                                   
    55.0-180.0 180.0   5.0 450.0                            LAT/LON1/LON2/DLON/H
  225  213  203  185  165  145  128  116  107  102   97   97   96   95   95   92
   94   92   94   92   92   90   87   86   81   83   79   80   74   73   68   69
   69   76   85   96  108  121  134  144  160  172  189  204  222  237  255  262
  275  286  293  308  318  325  323  318  312  307  302  301  299  291  281  271
  262  256  256  249  246  242  235  238  225                                   
    52.5-180.0 180.0   5.0 450.0                            LAT/LON1/LON2/DLON/H
  248  230  226  207  189  167  149  129  115  102   95   91   90   87   89   88
   90   90   91   89   90   84   83   75   75   70   73   68   69   65   64   63
   65   71   83   96  110  127  138  153  167  183  198  215  234  250  267  277
  292  303  313  330  346  356  359  355  350  344  340  338  335  327  316  307
  294  290  286  278  272  265  259  256  248                                   
    50.0-180.0 180.0   5.0 450.0                            LAT/LON1/LON2/DLON/H
  272  258  247  233  216  195  175  153  131  113   97   91   87   85   85   84
   86   85   87   84   82   75   70   64   61   60   63   62   64   61   60   61
   63   72   83   98  113  130  144  158  176  193  211  231  248  265  281  292
  307  322  335  358  376  390  391  388  382  374  367  364  359  355  343  334
  322  317  314  303  299  288  281  278  272                                   
    47.5-180.0 180.0   5.0 450.0                            LAT/LON1/LON2/DLON/H
  298  283  279  262  246  223  207  180  158  131  112   96   90   86   85   82
   82   81   82   80   79   74   71   65   65   64   67   68   68   66   64   64
   66   74   86  102  117  135  149  168  184  207  223  245  261  280  296  310
  329  343  363  384  405  416  419  415  406  395  385  382  375  373  362  357
  343  343  337  328  322  311  303  298  298                                   
    45.0-180.0 180.0   5.0 450.0                            LAT/LON1/LON2/DLON/H
  323  306  299  289  275  252  233  206  182  153  127  110   99   91   87   83
   83   81   83   80   80   74   72   67   69   67   73   72   74   70   70   70
   72   81   91  108  123  141  156  174  196  217  238  260  275  292  308  325
  346  368  387  411  430  444  444  437  427  410  397  391  384  378  367  360
  350  351  348  340  335  328  322  316  323                                   
    42.5-180.0 180.0   5.0 450.0                            LAT/LON1/LON2/DLON/H
  339  323  317  307  297  279  259  231  209  179  153  133  119  108  101   93
   90   86   88   84   86   81   80   80   80   82   83   84   81   81   77   80
   80   89   99  116  129  148  160  182  201  229  250  273  286  304  322  341
  364  387  408  430  450  461  462  454  443  426  413  402  394  385  371  362
  353  355  353  347  343  335  333  327  339                                   
    40.0-180.0 180.0   5.0 450.0                            LAT/LON1/LON2/DLON/H
  347  328  316  313  306  293  273  246  225  197  174  153  138  125  113  103
   98   95   95   94   94   90   91   89   94   93   97   93   93   86   87   82
   87   90  102  115  131  148  165  186  211  240  264  285  298  314  333  355
  381  408  428  454  473  488  491  486  479  460  447  432  423  407  389  376
  366  365  362  355  347  340  332  330  347                                   
    37.5-180.0 180.0   5.0 450.0                            LAT/LON1/LON2/DLON/H
  345  326  312  303  295  281  265  244  228  210  194  177  166  151  140  125
  119  110  110  105  109  102  105  104  106  109  106  105   98   97   91   94
   91   98  104  117  130  148  166  191  214  246  270  293  306  325  344  371
  397  425  449  473  495  512  521  523  521  510  497  483  471  453  430  412
  395  389  383  371  361  349  333  331  345                                   
    35.0-180.0 180.0   5.0 450.0                            LAT/LON1/LON2/DLON/H
  349  319  298  284  270  257  245  231  221  207  201  190  181  170  156  141
  135  125  123  122  121  119  116  115  118  115  114  109  105   96   96   89
   94   90  101  109  127  147  169  195  221  249  277  297  315  331  355  384
  414  445  471  500  528  550  572  587  599  595  588  575  560  536  505  483
  456  443  424  411  393  376  351  347  349                                   
    32.5-180.0 180.0   5.0 450.0                            LAT/LON1/LON2/DLON/H
  371  326  293  262  245  227  220  206  200  196  196  195  195  187  179  164
  159  143  143  135  143  132  135  128  129  127  120  118  109  107  101  100
   95   97   98  109  125  152  178  206  229  252  277  303  319  339  364  395
  431  467  502  543  580  616  636  665  688  695  692  685  673  649  623  585
  551  524  500  478  456  427  393  382  371                                   
    30.0-180.0 180.0   5.0 450.0                            LAT/LON1/LON2/DLON/H
  411  352  305  269  235  215  199  191  185  184  185  192  191  192  181  178
  168  160  153  152  154  153  146  143  140  132  129  121  117  112  111  107
  107  102  103  116  132  162  187  214  236  256  278  302  323  347  375  409
  449  491  541  588  632  670  721  759  804  821  831  829  808  773  741  702
  671  638  606  578  541  500  466  449  411                                   
    27.5-180.0 180.0   5.0 450.0                            LAT/LON1/LON2/DLON/H
  476  411  364  308  263  227  208  186  180  176  178  184  187  191  189  186
  184  171  167  160  169  163  163  152  151  142  138  121  117  114  115  122
  120  126  123  132  146  175  204  229  253  271  291  311  326  355  382  422
  459  506  569  631  678  731  781  834  891  929  951  963  944  906  864  813
  777  738  707  677  650  605  566  525  476                                   
    25.0-180.0 180.0   5.0 450.0                            LAT/LON1/LON2/DLON/H
  567  505  445  386  328  283  240  221  198  195  186  190  186  193  186  191
  184  176  167  169  167  176  168  173  163  162  151  137  130  132  134  142
  133  128  127  141  160  187  214  239  263  284  303  328  349  378  414  441
  482  525  604  661  716  760  823  884  959 1006 1049 1065 1069 1032  991  938
  897  850  814  776  745  703  667  624  567                                   
    22.5-180.0 180.0   5.0 450.0                            LAT/LON1/LON2/DLON/H
  667  616  549  489  426  372  319  278  247  224  212  201  202  201  198  196
  194  183  178  175  178  183  183  193  188  185  166  151  142  145  141  145
  137  124  129  132  170  198  228  248  278  301  326  347  374  403  437  471
  516  572  643  705  744  797  849  928  984 1049 1083 1119 1129 1113 1071 1030
  983  941  907  867  831  793  749  725  667                                   
    20.0-180.0 180.0   5.0 450.0                            LAT/LON1/LON2/DLON/H
  760  721  654  593  521  468  411  367  317  290  257  247  234  226  217  215
  205  197  184  186  183  201  201  225  221  217  201  179  166  155  156  146
  142  120  124  133  170  206  231  260  287  312  341  370  405  425  470  504
  564  625  686  730  770  822  876  947  998 1050 1088 1112 1136 1126 1110 1070
 1045 1003  985  944  915  879  841  821  760                                   
    17.5-180.0 180.0   5.0 450.0                            LAT/LON1/LON2/DLON/H
  828  795  737  694  624  568  506  469  418  381  335  312  288  272  257  244
  235  222  213  210  209  223  230  259  255  240  211  182  173  158  160  152
  138  125  123  133  175  206  242  269  299  331  364  398  430  461  505  556
  620  682  721  768  798  843  872  929  960 1005 1028 1056 1068 1081 1072 1071
 1045 1034 1018 1001  969  944  904  873  828                                   
    15.0-180.0 180.0   5.0 450.0                            LAT/LON1/LON2/DLON/H
  865  840  781  736  676  629  567  540  495  463  414  385  347  329  303  293
  272  252  240  229  229  242  256  276  261  234  215  183  181  166  173  151
  140  117  118  137  170  209  241  274  303  339  380  413  453  484  538  596
  657  697  739  783  807  840  848  881  886  913  926  939  966  975 1005 1006
 1022 1016 1032 1014 1006  982  946  901  865                                   
    12.5-180.0 180.0   5.0 450.0                            LAT/LON1/LON2/DLON/H
  882  866  811  764  706  654  608  585  554  527  483  458  419  394  364  346
  324  308  292  282  286  297  297  289  273  244  218  194  184  182  173  159
  138  119  119  143  176  211  247  278  312  354  393  435  467  509  568  629
  675  719  756  789  803  817  807  813  801  809  811  835  861  897  925  957
  972  995 1008 1007  995  984  941  906  882                                   
    10.0-180.0 180.0   5.0 450.0                            LAT/LON1/LON2/DLON/H
  880  862  808  752  704  668  624  622  592  579  534  513  470  447  407  391
  360  349  327  318  318  315  305  290  268  235  209  193  188  180  172  147
  135  114  119  147  175  212  242  276  310  352  400  435  475  517  581  637
  683  718  753  778  783  787  765  754  735  730  738  756  795  824  875  899
  938  955  988  980  985  976  938  905  880                                   
     7.5-180.0 180.0   5.0 450.0                            LAT/LON1/LON2/DLON/H
  878  866  800  748  691  654  626  627  612  603  573  555  516  493  456  434
  403  390  367  350  337  323  309  291  265  228  202  187  184  175  159  141
