data/unet/pred2430.15i
     1.0            IONOSPHERE MAPS     GNSS                IONEX VERSION / TYPE
pyspatialgeodesy        IME             05-JAN-18 20:20     PGM / RUN BY / DATE 
Map Name                                                    COMMENT             
Predicted global ionosphere maps (GIM).                     DESCRIPTION         
  2015     8    31     0     0     0                        EPOCH OF FIRST MAP  
  2015     9     1     0     0     0                        EPOCH OF LAST MAP   
  7200                                                      INTERVAL            
    13                                                      # OF MAPS IN FILE   
  NONE                                                      MAPPING FUNCTION    
10.0                                                        ELEVATION CUTOFF    
One-way carrier phase leveled to code                       OBSERVABLES USED    
  6371.0                                                    BASE RADIUS         
 2                                                          MAP DIMENSION       
   450.0 450.0   0.0                                        HGT1 / HGT2 / DHGT  
    87.5 -87.5  -2.5                                        LAT1 / LAT2 / DLAT  
  -180.0 180.0   5.0                                        LON1 / LON2 / DLON  
    -1                                                      EXPONENT            
                                                            END OF HEADER       
[from data line 3432]
     9                                                      START OF TEC MAP    
  2015     8    31    16     0     0                        EPOCH OF CURRENT MAP
    87.5-180.0 180.0   5.0 450.0                            LAT/LON1/LON2/DLON/H
  125  129  128  129  127  127  127  128  129  130  130  131  131  132  133  133
  134  134  135  135  136  135  136  135  136  136  136  136  137  136  136  135
  136  135  135  134  135  133  133  132  132  131  131  129  129  128  128  127
  127  126  126  125  125  124  125  124  124  123  123  123  123  123  122  122
  123  123  123  125  125  127  134  150  125                                   
    85.0-180.0 180.0   5.0 450.0                            LAT/LON1/LON2/DLON/H
  100  118  114  115  118  117  121  119  123  122  126  125  129  127  131  129
  133  131  135  132  136  133  136  133  136  133  136  133  135  132  133  130
  131  129  130  128  128  127  126  125  124  123  121  120  118  117  116  115
  114  113  112  111  111  110  110  109  110  108  108  107  108  107  107  106
  108  107  109  109  112  110  118  117  100                                   
    82.5-180.0 180.0   5.0 450.0                            LAT/LON1/LON2/DLON/H
  107  104  106  109  108  110  111  113  114  116  117  118  120  121  122  122
  124  124  127  125  128  127  128  127  128  127  126  125  123  123  121  121
  119  119  118  118  117  118  117  116  115  113  113  111  110  109  107  107
  105  106  103  104  101  103  100  101   97   99   95   97   94   96   93   95
   94   96   96   99  100   97  109  103  107                                   
    80.0-180.0 180.0   5.0 450.0                            LAT/LON1/LON2/DLON/H
   97   96  100  104  104  108  108  112  111  115  115  118  117  120  120  123
  122  125  125  127  128  129  129  130  129  130  128  128  125  125  121  122
  118  120  116  119  116  118  115  117  114  115  111  112  108  110  105  107
  103  105  101  103   98  101   96   99   94   96   90   93   89   92   87   90
   87   92   89   94   92   94   98   96   97                                   
    77.5-180.0 180.0   5.0 450.0                            LAT/LON1/LON2/DLON/H
   87   92   92   94   96   98  102  102  105  105  110  109  112  111  115  114
  117  116  121  120  125  123  127  124  127  124  124  122  120  117  116  114
  113  111  112  111  112  111  112  112  112  110  109  107  106  104  103  101
  101   99   99   97   97   95   95   93   92   89   88   86   85   83   83   83
   83   84   84   86   86   82   86   85   87                                   
    75.0-180.0 180.0   5.0 450.0                            LAT/LON1/LON2/DLON/H
   79   84   86   88   92   94   99   99  103  104  108  107  110  110  113  112
  115  116  120  121  125  126  129  129  131  129  128  125  122  119  115  113
  111  110  110  110  110  111  111  111  110  109  107  105  103  101  100   96
   97   94   96   93   94   92   92   88   89   84   83   80   80   77   78   76
   78   77   81   79   84   81   86   83   79                                   
    72.5-180.0 180.0   5.0 450.0                            LAT/LON1/LON2/DLON/H
   74   81   84   83   88   91   96   97  102  103  108  107  110  110  113  113
  115  116  121  122  127  128  134  133  136  131  129  123  120  114  111  107
  106  105  106  106  108  109  110  109  108  105  103  100   98   95   93   91
   92   90   92   90   90   89   88   86   84   81   77   76   74   72   70   71
   70   72   73   76   77   75   79   77   74                                   
    70.0-180.0 180.0   5.0 450.0                            LAT/LON1/LON2/DLON/H
   69   72   77   77   80   85   90   91   96   99  105  105  110  109  112  111
  115  115  120  122  127  132  136  139  139  137  133  127  121  115  110  106
  105  104  106  107  110  111  112  112  109  107  102   98   94   90   88   85
   85   84   86   84   85   82   83   78   78   72   71   67   66   63   64   62
   65   65   69   68   73   72   78   74   69                                   
    67.5-180.0 180.0   5.0 450.0                            LAT/LON1/LON2/DLON/H
   65   69   74   71   77   80   87   89   95   99  105  107  111  112  115  115
  117  117  122  124  130  133  141  141  145  139  138  128  124  115  111  106
  105  104  107  108  111  112  112  111  108  104   99   93   88   84   81   80
   79   79   80   80   79   78   76   73   71   68   64   62   60   59   58   59
   58   61   62   65   66   65   69   67   65                                   
    65.0-180.0 180.0   5.0 450.0                            LAT/LON1/LON2/DLON/H
   56   62   68   67   72   78   84   88   94   99  105  108  113  114  118  117
  121  121  125  127  133  138  144  148  149  147  143  136  129  121  115  110
  109  109  110  112  114  118  116  117  111  108  100   95   87   83   79   78
   76   77   77   76   75   73   71   68   66   62   60   57   57   55   55   53
   54   55   58   58   62   62   66   64   56                                   
    62.5-180.0 180.0   5.0 450.0                            LAT/LON1/LON2/DLON/H
   55   60   65   63   70   74   82   87   95  101  108  111  117  119  122  123
  125  126  130  130  135  137  145  146  151  148  148  139  136  125  123  118
  118  116  117  117  119  120  119  118  113  108  101   95   88   83   79   78
   77   77   77   75   72   70   67   64   62   61   57   58   56   55   52   52
   50   51   52   54   54   54   57   57   55                                   
    60.0-180.0 180.0   5.0 450.0                            LAT/LON1/LON2/DLON/H
   48   54   59   61   67   75   82   87   95  100  108  111  118  120  125  125
  129  129  133  133  136  139  143  146  149  150  147  144  140  134  131  127
  125  123  124  124  124  125  124  124  118  115  107  101   93   89   85   84
   82   82   81   78   74   71   67   64   62   62   60   60   59   56   54   50
   49   47   48   48   51   51   55   53   48                                   
    57.5-180.0 180.0   5.0 450.0                            LAT/LON1/LON2/DLON/H
   50   55   60   59   67   72   80   86   94   99  107  111  118  121  127  129
  132  133  135  134  137  136  141  140  146  144  147  142  143  138  140  135
  137  132  133  129  129  127  127  125  122  118  113  107  101   97   93   91
   89   87   85   81   76   71   67   64   63   64   62   65   63   61   56   54
   48   47   45   46   44   45   47   46   50                                   
    55.0-180.0 180.0   5.0 450.0                            LAT/LON1/LON2/DLON/H
   47   52   57   60   68   75   84   88   95   99  106  109  116  119  126  128
  134  134  136  135  137  136  139  140  143  143  144  145  145  144  145  144
  145  142  139  136  134  133  132  132  129  126  123  118  113  109  106  104
  101   99   96   89   82   76   71   69   69   70   71   72   71   67   62   56
   52   48   45   43   45   46   48   45   47                                   
    52.5-180.0 180.0   5.0 450.0                            LAT/LON1/LON2/DLON/H
   52   55   60   62   70   75   83   88   95   98  105  107  114  117  125  128
  134  135  138  136  139  136  139  138  142  140  144  143  147  146  150  149
  153  148  148  141  140  137  137  136  136  134  132  128  125  121  118  115
  112  109  104   97   89   84   78   78   78   81   79   83   80   77   68   63
   56   53   48   47   45   44   45   42   52                                   
    50.0-180.0 180.0   5.0 450.0                            LAT/LON1/LON2/DLON/H
   52   54   60   63   72   79   87   90   96  100  105  107  113  116  123  127
  134  137  140  140  141  141  142  143  145  144  146  146  149  150  155  156
  159  155  154  149  147  144  146  144  145  142  143  138  138  133  133  129
  127  121  117  108  100   93   88   87   89   91   92   93   91   86   80   71
   66   61   58   53   53   50   53   47   52                                   
    47.5-180.0 180.0   5.0 450.0                            LAT/LON1/LON2/DLON/H
   58   61   64   66   74   80   88   93   99  102  108  109  114  117  124  128
  135  139  144  144  146  144  147  146  150  148  150  147  152  149  158  157
  163  158  160  153  153  151  153  153  153  151  150  146  144  142  139  137
  133  130  124  117  108  104   98  100   99  106  103  106   99   97   86   83
   72   71   65   63   58   54   55   51   58                                   
    45.0-180.0 180.0   5.0 450.0                            LAT/LON1/LON2/DLON/H
   61   60   65   66   75   81   91   96  104  109  115  116  121  122  127  131
  138  143  147  150  151  152  154  156  157  157  156  155  156  155  161  161
  164  161  162  159  160  159  163  161  162  159  159  155  155  152  152  149
  147  141  137  128  121  115  112  111  113  115  115  113  109  104   98   94
   88   85   79   75   71   65   66   59   61                                   
    42.5-180.0 180.0   5.0 450.0                            LAT/LON1/LON2/DLON/H
   65   67   67   68   75   83   92  101  110  117  124  126  131  130  134  136
  143  146  152  153  158  157  162  161  166  163  164  159  163  158  166  164
  170  166  171  169  171  172  174  173  171  167  166  161  161  159  159  156
  153  148  142  136  128  124  119  121  121  125  121  122  114  112  103  103
   96   97   89   87   77   71   69   68   65                                   
    40.0-180.0 180.0   5.0 450.0                            LAT/LON1/LON2/DLON/H
   66   64   66   65   71   80   92  101  114  123  133  137  141  141  143  144
  148  152  156  160  164  166  170  171  175  174  174  170  172  169  171  170
  173  172  176  178  182  184  187  186  182  177  175  171  171  169  169  167
  164  158  152  144  138  132  128  128  128  130  127  127  122  120  114  114
  112  111  106  100   91   81   79   75   66                                   
    37.5-180.0 180.0   5.0 450.0                            LAT/LON1/LON2/DLON/H
   70   70   65   64   68   79   90  105  118  131  142  149  153  152  154  153
  156  158  164  165  172  171  178  177  183  181  184  180  183  181  184  185
  189  189  194  195  199  201  204  200  196  189  186  182  181  180  180  177
  172  165  155  147  138  134  128  129  130  133  130  131  126  125  119  122
  116  120  111  110   95   86   84   81   70                                   
    35.0-180.0 180.0   5.0 450.0                            LAT/LON1/LON2/DLON/H
   71   66   63   60   65   74   87  101  118  132  147  155  163  162  164  162
  164  166  170  172  177  180  184  186  190  191  196  195  202  199  204  204
  208  209  212  217  220  223  222  218  210  204  199  197  197  195  193  189
  181  173  163  152  142  136  130  130  130  133  132  133  131  133  129  132
  129  131  124  118  106   94   90   85   71                                   
    32.5-180.0 180.0   5.0 450.0                            LAT/LON1/LON2/DLON/H
   75   71   62   59   62   72   84  102  118  137  152  164  172  173  174  173
  173  173  177  178  183  184  190  191  197  198  206  208  219  225  231  235
  239  239  242  242  246  245  245  238  230  220  216  213  213  212  207  201
  190  181  167  155  144  137  133  131  134  135  134  135  134  135  133  136
  130  135  124  124  105   98   93   90   75                                   
    30.0-180.0 180.0   5.0 450.0                            LAT/LON1/LON2/DLON/H
   77   70   62   58   61   68   82   97  116  133  151  163  174  177  179  180
  178  181  180  184  184  190  191  197  202  209  217  225  240  246  257  262
  270  273  276  279  277  276  269  262  251  242  235  233  232  227  221  210
  196  183  170  158  146  141  135  137  136  139  139  142  141  143  141  142
  139  140  132  126  114  103   99   94   77                                   
    27.5-180.0 180.0   5.0 450.0                            LAT/LON1/LON2/DLON/H
   84   76   66   61   61   69   79   96  112  133  150  165  176  182  186  188
  188  189  188  191  193  198  201  206  211  216  227  242  261  275  289  299
  308  311  315  311  309  301  297  285  276  267  260  258  253  247  235  221
  202  187  172  159  149  141  139  138  140  142  143  147  149  149  148  147
  142  142  133  131  114  109  101  100   84                                   
    25.0-180.0 180.0   5.0 450.0                            LAT/LON1/LON2/DLON/H
   89   78   72   65   68   74   84   94  110  127  144  159  172  182  188  195
  196  199  197  202  203  210  211  218  223  230  243  258  283  299  318  329
  339  345  346  344  337  330  321  313  303  294  289  283  277  264  249  231
  210  191  174  162  152  147  143  145  145  147  147  153  153  157  153  153
  147  147  140  134  124  114  110  107   89                                   
    22.5-180.0 180.0   5.0 450.0                            LAT/LON1/LON2/DLON/H
   95   86   77   73   72   80   85   98  108  127  141  161  173  188  197  207
  209  214  211  216  218  225  227  232  237  245  257  279  306  327  346  358
  369  372  376  367  362  349  342  334  326  320  313  309  297  281  258  237
  213  193  178  163  157  150  151  151  154  152  151  153  157  157  157  153
  149  147  144  139  128  119  113  113   95                                   
    20.0-180.0 180.0   5.0 450.0                            LAT/LON1/LON2/DLON/H
  100   88   86   80   84   87   97  103  114  126  139  155  169  187  200  215
  218  225  222  228  231  237  243  247  256  263  278  298  328  350  367  379
  387  391  389  385  376  368  361  356  350  346  341  332  319  296  272  246
  225  208  193  181  173  166  164  165  164  161  157  158  160  160  158  154
  152  150  150  144  138  124  121  119  100                                   
    17.5-180.0 180.0   5.0 450.0                            LAT/LON1/LON2/DLON/H
  104   95   91   86   86   93   98  108  116  129  138  157  170  194  210  231
  237  246  244  247  248  254  258  265  270  283  300  327  353  373  388  397
  407  407  410  404  398  393  385  383  375  374  365  354  337  312  288  262
  242  228  216  200  193  183  179  177  173  169  161  159  159  158  158  151
  150  148  148  145  137  125  120  119  104                                   
    15.0-180.0 180.0   5.0 450.0                            LAT/LON1/LON2/DLON/H
  106   94   91   86   90   92  104  110  123  131  142  155  173  196  217  241
  250  263  261  268  266  275  281  289  296  311  327  351  375  395  407  413
  417  418  417  415  413  410  405  403  399  395  388  374  352  329  306  281
  265  252  240  228  216  205  198  194  187  180  170  164  161  158  154  149
  147  145  148  143  138  123  119  120  106                                   
    12.5-180.0 180.0   5.0 450.0                            LAT/LON1/LON2/DLON/H
  107   94   89   85   83   91   99  112  122  136  143  162  178  204  227  254
  267  283  284  289  290  294  299  310  316  339  351  379  397  415  423  425
  432  432  433  433  430  430  422  423  417  414  401  384  361  337  316  296
  283  273  261  247  233  224  213  209  200  192  176  169  161  155  152  145
  144  142  142  139  130  118  113  112  107                                   
    10.0-180.0 180.0   5.0 450.0                            LAT/LON1/LON2/DLON/H
  104   87   86   79   78   83   94  106  123  135  150  165  187  212  241  266
  284  299  304  314  313  320  326  338  347  366  377  405  419  434  434  434
  438  435  438  437  438  435  428  429  422  420  403  388  361  341  320  304
  295  285  276  260  245  234  225  220  209  200  181  170  161  152  147  138
  138  134  136  130  123  109  108  105  104                                   
     7.5-180.0 180.0   5.0 450.0                            LAT/LON1/LON2/DLON/H
   99   86   84   78   69   76   83  101  115  135  149  172  194  222  249  273
  293  308  316  324  326  331  337  354  363  388  399  426  437  446  448  444
