data/unet/pred0750.15i
     1.0            IONOSPHERE MAPS     GNSS                IONEX VERSION / TYPE
pyspatialgeodesy        IME             05-JAN-18 20:20     PGM / RUN BY / DATE 
Map Name                                                    COMMENT             
Predicted global ionosphere maps (GIM).                     DESCRIPTION         
  2015     3    16     0     0     0                        EPOCH OF FIRST MAP  
  2015     3    17     0     0     0                        EPOCH OF LAST MAP   
  7200                                                      INTERVAL            
    13                                                      # OF MAPS IN FILE   
  NONE                                                      MAPPING FUNCTION    
10.0                                                        ELEVATION CUTOFF    
One-way carrier phase leveled to code                       OBSERVABLES USED    
  6371.0                                                    BASE RADIUS         
 2                                                          MAP DIMENSION       
   450.0 450.0   0.0                                        HGT1 / HGT2 / DHGT  
    87.5 -87.5  -2.5                                        LAT1 / LAT2 / DLAT  
  -180.0 180.0   5.0                                        LON1 / LON2 / DLON  
    -1                                                      EXPONENT            
                                                            END OF HEADER       
[from data line 4719]
    12                                                      START OF TEC MAP    
  2015     3    16    22     0     0                        EPOCH OF CURRENT MAP
    87.5-180.0 180.0   5.0 450.0                            LAT/LON1/LON2/DLON/H
  195  175  166  167  167  165  166  164  164  163  163  161  162  160  160  158
  159  157  157  155  155  154  154  152  152  151  150  149  148  147  146  145
  145  144  144  143  144  143  144  142  144  142  144  143  145  144  146  145
  147  147  149  150  152  154  156  157  160  161  163  164  166  166  168  168
  169  170  171  170  170  169  173  187  195                                   
    85.0-180.0 180.0   5.0 450.0                            LAT/LON1/LON2/DLON/H
  168  171  173  176  173  172  171  171  171  170  171  170  171  169  170  169
  169  167  167  165  164  162  161  158  155  153  149  147  142  140  136  135
  131  131  128  128  127  128  128  128  129  130  131  132  135  136  139  140
  143  145  148  150  153  156  159  161  164  167  168  170  172  174  174  176
  177  178  178  177  177  175  175  186  168                                   
    82.5-180.0 180.0   5.0 450.0                            LAT/LON1/LON2/DLON/H
  156  160  162  166  163  164  164  166  166  169  170  173  173  176  176  177
  176  176  173  173  169  167  162  158  153  148  143  137  132  127  123  119
  117  114  113  111  112  111  113  112  115  114  118  118  122  123  127  129
  133  134  138  141  145  147  150  152  156  157  159  161  164  165  166  168
  169  171  169  169  166  166  163  175  156                                   
    80.0-180.0 180.0   5.0 450.0                            LAT/LON1/LON2/DLON/H
  149  152  151  155  154  157  158  162  164  169  172  177  180  184  186  188
  187  187  184  181  177  172  166  159  152  145  137  130  123  117  111  107
  104  101   99   98   98   97   98   98   99   99  100  102  104  106  108  111
  113  116  119  122  125  128  131  135  137  141  142  146  148  151  151  155
  156  158  156  156  153  152  149  158  149                                   
    77.5-180.0 180.0   5.0 450.0                            LAT/LON1/LON2/DLON/H
  140  144  141  143  144  146  151  154  162  167  177  181  190  192  199  199
  201  198  196  190  185  178  171  163  154  144  135  127  118  111  106  100
   97   93   93   90   91   89   91   90   91   90   92   91   93   93   95   96
   98  100  103  105  108  110  113  115  118  120  123  125  128  130  132  136
  138  140  141  140  140  138  138  148  140                                   
    75.0-180.0 180.0   5.0 450.0                            LAT/LON1/LON2/DLON/H
  136  140  139  144  144  149  152  160  166  176  185  194  202  210  213  217
  214  214  208  206  196  190  178  170  157  148  136  128  117  110  103  100
   94   93   89   91   88   91   88   91   88   89   87   88   85   86   85   85
   85   86   86   89   89   91   92   94   96   99  100  103  105  110  112  117
  122  126  129  130  132  132  135  148  136                                   
    72.5-180.0 180.0   5.0 450.0                            LAT/LON1/LON2/DLON/H
  141  147  144  147  150  152  158  163  174  181  195  203  214  219  224  224
  224  221  217  212  204  196  186  175  163  152  140  130  120  111  105   99
   96   93   92   90   91   89   91   89   89   87   86   84   82   80   78   76
   76   75   75   75   76   76   76   77   78   80   80   83   87   92   96  103
  109  116  121  126  131  135  138  156  141                                   
    70.0-180.0 180.0   5.0 450.0                            LAT/LON1/LON2/DLON/H
  154  160  159  162  162  166  169  176  183  194  205  215  223  228  230  231
  228  226  220  217  209  203  192  183  170  157  145  134  123  114  105  101
   95   94   90   92   88   90   87   88   86   86   83   81   78   75   72   70
   69   68   67   67   67   66   65   64   65   64   65   67   72   77   83   91
  100  109  119  126  134  141  147  166  154                                   
    67.5-180.0 180.0   5.0 450.0                            LAT/LON1/LON2/DLON/H
  171  176  174  175  176  177  182  184  194  200  212  218  227  229  232  230
  228  223  220  215  210  204  196  187  175  163  150  140  129  120  112  105
  100   95   93   89   87   85   84   82   82   79   79   75   74   70   68   66
   65   64   64   63   63   61   59   58   57   56   55   58   62   69   76   86
   95  106  117  128  138  149  157  178  171                                   
    65.0-180.0 180.0   5.0 450.0                            LAT/LON1/LON2/DLON/H
  185  190  190  191  192  192  195  198  204  209  218  224  230  233  231  231
  225  224  219  218  213  208  201  193  182  171  158  148  137  127  118  111
  102   98   90   88   81   80   76   76   74   74   72   71   69   67   64   63
   61   62   62   62   62   60   58   56   55   53   52   55   59   66   75   84
   95  107  119  130  143  155  165  186  185                                   
    62.5-180.0 180.0   5.0 450.0                            LAT/LON1/LON2/DLON/H
  196  198  199  201  202  201  204  203  208  211  219  223  229  230  230  227
  223  220  218  216  214  210  205  197  187  177  167  157  149  139  131  121
  113  102   94   85   79   73   71   69   68   68   68   67   66   64   62   61
   60   61   62   62   63   61   60   58   56   54   52   55   60   68   77   87
   98  109  122  134  145  158  168  191  196                                   
    60.0-180.0 180.0   5.0 450.0                            LAT/LON1/LON2/DLON/H
  201  203  206  211  213  213  215  212  214  215  220  226  228  232  229  231
  224  226  221  223  218  217  210  203  193  184  175  168  161  153  145  136
  124  112   98   88   78   72   67   66   65   66   66   67   66   66   63   63
   61   63   64   66   66   66   65   63   61   58   57   59   65   73   84   93
  105  115  127  136  147  158  169  194  201                                   
    57.5-180.0 180.0   5.0 450.0                            LAT/LON1/LON2/DLON/H
  207  207  211  217  222  224  226  222  222  220  223  225  229  231  231  231
  228  227  225  225  222  218  214  206  198  189  184  179  176  169  163  152
  140  124  110   96   84   75   71   68   69   69   70   70   70   68   66   64
   63   64   66   67   70   71   71   70   67   66   64   68   74   83   94  103
  115  125  134  143  152  160  168  197  207                                   
    55.0-180.0 180.0   5.0 450.0                            LAT/LON1/LON2/DLON/H
  213  214  224  234  241  245  246  241  237  232  230  231  231  235  232  237
  232  235  230  233  227  227  219  214  205  199  196  194  193  189  183  171
  156  138  122  106   94   85   79   77   76   78   78   79   77   77   73   73
   70   71   72   74   77   78   80   79   76   74   73   77   85   94  106  116
  129  138  148  153  160  167  176  207  213                                   
    52.5-180.0 180.0   5.0 450.0                            LAT/LON1/LON2/DLON/H
  228  233  245  259  268  276  277  270  266  254  249  243  242  241  242  242
  240  238  236  235  232  228  225  217  213  208  209  209  210  206  200  186
  170  151  134  118  106   97   92   88   89   87   89   88   89   86   84   81
   80   78   81   82   85   86   87   86   85   83   82   87   94  107  120  134
  147  157  166  173  177  185  190  226  228                                   
    50.0-180.0 180.0   5.0 450.0                            LAT/LON1/LON2/DLON/H
  249  258  276  291  303  310  311  305  297  283  272  262  255  255  248  252
  244  245  239  240  235  235  229  226  221  221  219  221  220  215  206  192
  176  156  140  128  118  113  107  105  102  102  101  103  100  101   97   97
   94   93   94   95   97   97   98   97   95   92   92   95  106  117  134  149
  165  178  189  196  205  213  222  253  249                                   
    47.5-180.0 180.0   5.0 450.0                            LAT/LON1/LON2/DLON/H
  276  292  309  323  336  345  348  341  333  317  304  288  281  272  267  260
  254  248  244  241  240  238  237  234  232  231  232  230  227  217  206  188
  171  152  139  129  124  119  117  114  113  110  112  111  113  112  112  110
  110  107  109  107  108  106  106  105  103  100   99  104  112  127  145  165
  182  198  212  224  236  247  255  285  276                                   
    45.0-180.0 180.0   5.0 450.0                            LAT/LON1/LON2/DLON/H
  306  324  338  352  365  375  375  373  362  349  332  318  303  295  280  275
  260  257  249  249  247  249  250  249  247  245  241  235  223  208  190  170
  153  136  129  125  124  126  123  123  118  119  117  120  121  124  125  126
  126  125  124  121  119  117  116  114  111  107  106  109  120  133  154  175
  195  213  231  247  265  278  290  313  306                                   
    42.5-180.0 180.0   5.0 450.0                            LAT/LON1/LON2/DLON/H
  331  350  360  374  386  397  399  397  387  378  362  347  333  320  304  290
  275  266  260  260  262  266  271  270  267  259  251  234  216  194  173  150
  132  119  117  118  122  125  125  123  120  118  119  121  126  129  134  136
  138  137  137  133  129  125  122  119  116  112  110  113  123  139  162  185
  205  224  245  265  289  308  319  339  331                                   
    40.0-180.0 180.0   5.0 450.0                            LAT/LON1/LON2/DLON/H
  355  369  379  388  396  404  407  408  402  398  382  373  354  344  322  312
  292  284  278  279  284  291  296  296  288  275  258  233  205  178  154  131
  119  110  114  120  126  131  129  129  123  123  122  126  130  136  142  144
  148  147  146  140  136  129  127  124  121  117  116  119  129  145  168  189
  209  228  249  271  297  323  337  354  355                                   
    37.5-180.0 180.0   5.0 450.0                            LAT/LON1/LON2/DLON/H
  372  387  390  398  399  408  411  416  415  415  404  395  380  367  349  334
  318  306  303  306  315  320  325  319  309  289  266  233  202  177  153  137
  127  126  131  139  144  147  143  140  133  131  129  131  135  140  145  148
  150  150  148  143  135  130  125  124  120  119  118  122  132  149  171  193
  212  230  249  270  298  327  347  364  372                                   
    35.0-180.0 180.0   5.0 450.0                            LAT/LON1/LON2/DLON/H
  389  400  404  403  402  405  409  418  421  427  422  419  405  397  378  366
  348  341  338  343  351  354  354  346  330  305  280  245  216  193  174  162
  155  158  166  172  175  175  167  160  150  147  143  144  145  147  150  150
  152  149  148  141  134  129  126  125  124  123  122  126  137  153  177  196
  215  229  246  262  285  314  341  363  389                                   
    32.5-180.0 180.0   5.0 450.0                            LAT/LON1/LON2/DLON/H
  400  413  412  414  408  410  413  423  431  441  440  440  431  423  406  394
  379  374  373  378  384  384  380  367  351  326  304  276  256  242  231  229
  223  233  233  234  227  217  204  191  179  171  163  161  159  157  155  153
  150  147  142  137  129  125  122  124  123  124  123  128  138  157  179  200
  215  229  242  257  275  303  336  365  400                                   
    30.0-180.0 180.0   5.0 450.0                            LAT/LON1/LON2/DLON/H
  412  426  428  427  422  421  420  429  437  449  451  455  450  445  428  417
  403  399  398  401  404  398  392  378  366  347  338  326  324  321  319  324
  316  324  313  306  289  268  244  228  207  195  183  178  172  166  159  152
  147  141  136  131  124  121  118  121  121  121  122  129  144  164  188  211
  227  240  252  262  280  304  339  372  412                                   
    27.5-180.0 180.0   5.0 450.0                            LAT/LON1/LON2/DLON/H
  425  445  449  456  452  452  448  455  460  469  470  475  472  467  452  440
  425  423  420  421  416  408  399  389  384  379  382  392  408  422  425  416
  402  392  372  359  346  318  290  265  244  229  210  199  191  183  174  162
  152  143  136  129  124  120  119  119  121  119  120  128  146  171  196  226
  241  261  269  283  293  320  352  389  425                                   
    25.0-180.0 180.0   5.0 450.0                            LAT/LON1/LON2/DLON/H
  447  468  481  491  494  496  492  494  493  495  493  495  491  484  471  461
  448  443  440  432  424  409  403  397  406  412  437  459  493  507  517  510
  493  470  435  406  380  362  332  306  275  259  236  223  210  205  193  183
  170  161  152  146  138  134  130  129  125  121  120  124  145  170  200  230
  252  273  290  305  324  349  381  411  447                                   
    22.5-180.0 180.0   5.0 450.0                            LAT/LON1/LON2/DLON/H
  472  499  515  539  549  556  552  549  543  540  532  529  522  511  496  486
  475  469  460  449  432  419  412  419  438  463  502  540  573  601  614  609
  581  544  493  450  404  381  353  335  305  285  260  247  232  224  212  202
  188  176  167  157  150  143  143  140  137  132  130  132  146  174  209  243
  264  289  306  332  350  381  407  440  472                                   
    20.0-180.0 180.0   5.0 450.0                            LAT/LON1/LON2/DLON/H
  498  527  550  578  604  615  614  609  601  593  581  576  565  550  531  518
  505  499  487  471  452  434  437  449  483  519  569  610  652  676  684  672
  634  586  529  472  423  389  362  346  321  300  274  259  246  238  228  218
  205  192  181  169  158  150  146  140  136  134  134  137  153  176  210  244
  276  301  326  350  376  403  435  468  498                                   
    17.5-180.0 180.0   5.0 450.0                            LAT/LON1/LON2/DLON/H
  521  555  581  620  648  666  670  664  654  646  635  631  621  609  586  571
  554  548  532  516  489  476  480  505  545  588  634  669  692  703  696  668
  620  566  505  454  405  378  352  340  318  298  274  263  254  250  242  235
  222  209  196  184  170  162  153  148  142  142  143  145  160  183  213  249
  280  310  335  365  392  425  458  493  521                                   
    15.0-180.0 180.0   5.0 450.0                            LAT/LON1/LON2/DLON/H
  538  572  597  638  673  699  706  704  696  690  683  683  677  670  649  637
  620  610  595  574  549  530  540  563  607  643  677  689  692  680  649  605
  545  494  441  405  373  353  335  329  313  297  279  270  266  263  259  251
  239  228  212  202  182  175  160  156  149  149  151  155  169  191  219  254
  285  315  343  374  406  445  483  515  538                                   
    12.5-180.0 180.0   5.0 450.0                            LAT/LON1/LON2/DLON/H
  544  581  608  649  683  712  726  728  723  722  722  729  731  731  716  702
  686  678  666  649  623  608  609  634  664  688  695  683  655  611  556  500
  446  406  374  358  342  328  314  317  304  297  280  276  273  272  267  262
  252  245  226  218  194  188  173  172  159  159  161  165  178  199  230  260
  289  316  343  376  412  456  496  529  544                                   
    10.0-180.0 180.0   5.0 450.0                            LAT/LON1/LON2/DLON/H
  551  591  608  651  684  719  731  741  737  743  746  761  773  780  769  760
  747  742  734  717  694  676  674  684  704  706  693  650  587  514  445  387
  347  331  328  330  326  320  318  327  317  312  293  288  280  275  266  262
  252  244  226  214  193  184  172  172  164  163  166  170  180  205  235  263
  291  318  347  383  421  468  511  543  551                                   
     7.5-180.0 180.0   5.0 450.0                            LAT/LON1/LON2/DLON/H
  554  594  615  653  684  714  730  739  741  749  760  779  800  810  806  798
  789  789  789  780  757  740  728  732  730  716  670  599  508  421  348  302
