data/unet/pred2620.15i
     1.0            IONOSPHERE MAPS     GNSS                IONEX VERSION / TYPE
pyspatialgeodesy        IME             05-JAN-18 20:20     PGM / RUN BY / DATE 
Map Name                                                    COMMENT             
Predicted global ionosphere maps (GIM).                     DESCRIPTION         
  2015     9    19     0     0     0                        EPOCH OF FIRST MAP  
  2015     9    20     0     0     0                        EPOCH OF LAST MAP   
  7200                                                      INTERVAL            
    13                                                      # OF MAPS IN FILE   
  NONE                                                      MAPPING FUNCTION    
10.0                                                        ELEVATION CUTOFF    
One-way carrier phase leveled to code                       OBSERVABLES USED    
  6371.0                                                    BASE RADIUS         
 2                                                          MAP DIMENSION       
   450.0 450.0   0.0                                        HGT1 / HGT2 / DHGT  
    87.5 -87.5  -2.5                                        LAT1 / LAT2 / DLAT  
  -180.0 180.0   5.0                                        LON1 / LON2 / DLON  
    -1                                                      EXPONENT            
                                                            END OF HEADER       
[from data line 1716]
     5                                                      START OF TEC MAP    
  2015     9    19     8     0     0                        EPOCH OF CURRENT MAP
    87.5-180.0 180.0   5.0 450.0                            LAT/LON1/LON2/DLON/H
   63   78   80   81   79   78   78   79   80   80   82   82   83   83   84   84
   84   84   84   84   84   83   83   83   82   82   82   81   80   80   80   80
   79   79   79   80   79   80   80   80   81   81   81   81   82   81   81   80
   81   80   80   79   79   78   77   77   77   76   75   75   75   74   73   73
   73   72   73   73   74   74   73   70   63                                   
    85.0-180.0 180.0   5.0 450.0                            LAT/LON1/LON2/DLON/H
   66   86   83   89   86   87   88   91   92   93   94   95   96   96   96   97
   96   97   96   96   95   95   94   94   93   94   93   93   92   93   93   92
   92   92   93   92   93   92   93   92   94   93   93   93   94   93   92   92
   91   91   89   90   87   88   84   87   82   85   79   82   77   80   75   78
   74   77   74   76   74   75   75   71   66                                   
    82.5-180.0 180.0   5.0 450.0                            LAT/LON1/LON2/DLON/H
   67   79   72   76   78   77   81   83   86   86   88   89   91   90   91   91
   91   90   89   88   88   86   86   85   85   84   84   84   84   85   84   85
   85   87   86   88   88   90   90   92   92   94   94   95   95   96   96   95
   95   94   94   92   92   89   88   86   85   82   81   78   77   74   73   70
   69   68   67   66   64   63   65   62   67                                   
    80.0-180.0 180.0   5.0 450.0                            LAT/LON1/LON2/DLON/H
   62   65   62   64   66   68   71   75   76   78   79   81   81   82   80   81
   79   79   76   77   73   74   71   72   71   72   71   73   74   75   76   77
   79   79   81   82   84   85   87   88   91   92   94   96   99   99  101  100
  102   99  101   98   99   94   94   90   90   85   83   79   78   73   71   67
   66   63   61   58   59   52   55   58   62                                   
    77.5-180.0 180.0   5.0 450.0                            LAT/LON1/LON2/DLON/H
   54   64   55   55   57   58   62   64   67   68   70   70   71   69   70   67
   67   63   63   59   59   56   57   55   57   56   59   59   62   63   67   67
   70   71   74   75   77   79   81   83   86   89   92   96   99  101  104  105
  106  105  106  104  103  100   99   95   93   89   87   82   80   75   74   68
   67   61   61   55   55   49   51   46   54                                   
    75.0-180.0 180.0   5.0 450.0                            LAT/LON1/LON2/DLON/H
   57   56   49   48   49   52   55   58   59   61   62   63   63   62   61   59
   57   55   53   51   48   47   45   46   45   47   48   52   53   58   58   63
   63   67   67   70   71   75   77   81   84   89   93   97  102  105  108  110
  111  111  111  110  109  107  105  102  100   96   93   90   87   83   80   75
   72   67   65   60   58   49   51   48   57                                   
    72.5-180.0 180.0   5.0 450.0                            LAT/LON1/LON2/DLON/H
   57   59   45   43   44   45   49   50   52   52   54   53   55   53   53   50
   49   46   45   41   40   37   37   35   36   36   39   42   46   49   53   55
   57   60   62   64   66   70   73   77   82   88   94   98  104  109  112  114
  115  114  114  113  112  110  109  106  105  101  100   95   94   89   88   82
   80   74   72   65   63   54   53   48   57                                   
    70.0-180.0 180.0   5.0 450.0                            LAT/LON1/LON2/DLON/H
   62   54   45   41   43   43   47   47   50   49   51   51   51   50   50   49
   48   47   44   42   39   37   35   34   34   35   38   41   46   49   54   56
   59   62   63   66   68   71   75   79   86   91   99  105  111  115  119  120
  121  119  119  117  118  115  115  112  112  108  108  104  104   99   99   93
   91   86   83   77   73   61   60   56   62                                   
    67.5-180.0 180.0   5.0 450.0                            LAT/LON1/LON2/DLON/H
   64   60   46   40   39   39   42   42   44   44   45   45   46   45   46   46
   45   44   43   40   38   35   33   32   31   32   35   37   42   46   51   54
   57   59   61   63   66   69   73   78   85   92  100  107  113  116  118  119
  117  116  115  115  114  113  112  111  111  108  109  107  108  105  104  100
   99   93   91   84   81   71   66   59   64                                   
    65.0-180.0 180.0   5.0 450.0                            LAT/LON1/LON2/DLON/H
   70   59   47   42   40   39   41   41   42   43   43   44   45   46   47   48
   48   48   47   45   42   40   37   35   34   35   37   40   44   48   53   56
   60   61   63   66   68   70   75   81   89   98  105  112  116  119  119  119
  118  116  115  115  115  113  113  111  112  110  111  109  111  109  110  107
  106  102  100   94   91   77   74   69   70                                   
    62.5-180.0 180.0   5.0 450.0                            LAT/LON1/LON2/DLON/H
   73   68   51   42   39   37   37   37   38   38   39   40   41   42   44   46
   46   47   46   45   41   39   35   35   33   34   36   38   42   44   50   52
   57   59   62   63   67   70   76   83   91   99  107  112  116  118  117  116
  115  114  113  112  113  112  112  109  111  108  109  107  110  108  110  107
  108  104  103   98   95   86   82   73   73                                   
    60.0-180.0 180.0   5.0 450.0                            LAT/LON1/LON2/DLON/H
   80   69   55   47   42   38   37   36   36   36   37   38   39   41   42   45
   46   47   46   45   41   38   35   35   33   35   36   38   41   44   48   52
   57   59   63   68   70   76   81   90   98  106  111  117  119  121  120  120
  118  118  117  118  118  118  116  115  115  112  111  110  111  110  111  110
  111  108  108  105  103   91   89   84   80                                   
    57.5-180.0 180.0   5.0 450.0                            LAT/LON1/LON2/DLON/H
   86   82   63   52   45   39   37   34   33   32   33   33   34   36   37   39
   41   41   40   38   35   32   30   30   30   32   34   35   38   40   45   49
   55   59   65   69   74   79   86   93  102  108  115  119  123  123  123  123
  123  123  124  125  127  125  126  122  123  118  118  114  115  112  113  110
  111  109  110  107  107  100   98   90   86                                   
    55.0-180.0 180.0   5.0 450.0                            LAT/LON1/LON2/DLON/H
   98   88   74   63   54   45   41   36   34   32   32   32   33   34   35   37
   37   37   35   33   30   28   27   28   29   32   32   35   35   39   42   48
   55   63   68   76   81   89   93  101  107  115  119  125  127  130  131  132
  133  134  135  138  138  139  136  135  132  129  124  122  120  118  117  115
  115  114  115  114  116  107  107  105   98                                   
    52.5-180.0 180.0   5.0 450.0                            LAT/LON1/LON2/DLON/H
  107  104   88   74   63   53   47   40   36   33   31   30   29   30   30   30
   30   29   26   24   22   21   21   23   25   28   30   31   32   35   39   46
   54   63   71   79   87   93  100  105  113  118  127  130  136  138  142  143
  146  147  150  151  153  151  150  145  144  138  136  131  130  125  124  120
  120  117  120  118  120  115  116  113  107                                   
    50.0-180.0 180.0   5.0 450.0                            LAT/LON1/LON2/DLON/H
  121  113  102   89   79   67   58   49   44   38   35   33   32   30   30   29
   29   26   25   22   20   20   20   24   27   31   31   34   33   37   40   49
   57   71   80   92   99  108  111  118  124  129  135  140  146  149  154  156
  161  162  165  166  167  166  160  159  154  150  145  141  139  137  134  131
  128  127  127  127  130  124  125  126  121                                   
    47.5-180.0 180.0   5.0 450.0                            LAT/LON1/LON2/DLON/H
  130  126  116  103   93   80   71   59   52   45   40   36   33   31   28   28
   26   25   22   21   19   20   21   26   29   32   33   34   33   36   40   49
   59   73   85   97  107  114  122  126  135  139  147  151  161  165  172  174
  179  180  181  179  179  175  171  166  163  158  155  151  151  147  148  141
  140  134  136  133  135  130  132  131  130                                   
    45.0-180.0 180.0   5.0 450.0                            LAT/LON1/LON2/DLON/H
  136  125  121  113  105   93   84   72   63   55   50   44   40   37   35   33
   31   30   28   28   27   29   29   34   35   39   37   38   36   40   44   54
   64   80   93  108  116  126  131  140  146  153  159  165  175  179  185  188
  193  190  188  184  180  175  168  167  164  162  159  158  158  157  156  154
  150  147  144  141  141  135  135  139  136                                   
    42.5-180.0 180.0   5.0 450.0                            LAT/LON1/LON2/DLON/H
  134  126  122  114  110  100   94   82   75   64   58   52   47   44   40   39
   37   38   37   38   37   39   38   41   41   42   40   40   38   41   46   56
   69   82   98  109  124  130  142  147  159  164  175  180  191  195  203  205
  207  201  197  188  183  174  169  165  166  164  164  163  166  165  166  162
  163  156  155  146  143  134  135  135  134                                   
    40.0-180.0 180.0   5.0 450.0                            LAT/LON1/LON2/DLON/H
  126  114  112  110  107  102   95   88   81   73   66   61   56   52   50   49
   48   50   50   52   51   52   49   51   49   49   45   45   43   46   51   62
   74   90  104  121  133  145  153  164  174  182  191  197  207  211  220  218
  221  212  207  195  189  178  172  169  170  170  171  172  174  173  173  172
  171  167  162  154  147  134  132  130  126                                   
    37.5-180.0 180.0   5.0 450.0                            LAT/LON1/LON2/DLON/H
  114  105  100   97   98   94   95   87   87   78   75   67   65   61   59   58
   59   62   63   65   64   64   60   58   54   52   48   46   45   49   56   66
   79   93  112  124  143  151  167  174  190  197  209  215  226  230  238  236
  239  231  227  215  211  199  195  189  192  190  192  192  193  189  187  182
  183  176  174  161  150  133  129  120  114                                   
    35.0-180.0 180.0   5.0 450.0                            LAT/LON1/LON2/DLON/H
  101   88   81   80   82   81   82   81   81   78   76   72   71   69   68   69
   70   73   74   77   75   74   68   64   58   56   51   50   49   55   62   73
   85  101  117  136  150  165  177  191  204  214  225  233  245  250  259  257
  262  254  253  244  241  232  224  221  217  216  212  214  209  207  199  197
  193  190  184  172  156  135  128  116  101                                   
    32.5-180.0 180.0   5.0 450.0                            LAT/LON1/LON2/DLON/H
   97   86   71   66   67   65   71   71   77   75   79   75   77   76   77   78
   79   82   83   85   85   79   75   67   62   57   53   52   53   60   68   78
   90  105  123  138  158  171  191  202  221  230  245  255  269  277  286  287
  295  291  294  287  286  277  271  265  262  256  253  248  244  237  229  220
  215  206  203  185  167  141  132  113   97                                   
    30.0-180.0 180.0   5.0 450.0                            LAT/LON1/LON2/DLON/H
   99   85   65   59   56   52   57   59   67   68   73   75   79   82   84   87
   87   90   91   92   90   84   80   71   66   60   55   56   56   66   72   85
   95  111  125  145  161  182  197  216  231  245  264  274  292  301  316  319
  332  333  342  339  340  332  323  316  310  303  294  289  279  268  254  247
  236  232  221  204  185  158  146  121   99                                   
    27.5-180.0 180.0   5.0 450.0                            LAT/LON1/LON2/DLON/H
  115  106   83   70   61   54   55   57   64   66   72   74   82   86   91   92
   93   94   94   92   91   84   82   73   68   63   58   59   60   69   76   88
   98  112  127  145  164  185  203  221  239  257  274  292  310  324  339  349
  363  375  388  396  401  396  387  377  369  358  346  337  325  310  297  282
  270  259  249  226  211  185  170  134  115                                   
    25.0-180.0 180.0   5.0 450.0                            LAT/LON1/LON2/DLON/H
  134  123  108   92   78   67   63   60   67   67   71   76   81   90   93   99
   97  100   96   94   91   83   84   76   74   66   62   60   62   69   78   91
  102  115  131  150  170  194  213  233  250  271  289  310  329  345  361  376
  395  413  431  444  452  450  444  438  430  417  401  389  375  361  336  324
  300  295  273  258  237  220  204  162  134                                   
    22.5-180.0 180.0   5.0 450.0                            LAT/LON1/LON2/DLON/H
  163  154  139  119  105   92   84   78   78   77   78   79   86   90   97   99
   98   96   93   89   86   82   82   79   76   71   65   64   63   71   78   91
  102  119  135  156  177  201  220  241  259  278  298  320  337  359  374  395
  415  439  457  477  486  491  489  486  480  472  457  444  429  406  383  355
  335  319  303  283  265  250  235  190  163                                   
    20.0-180.0 180.0   5.0 450.0                            LAT/LON1/LON2/DLON/H
  188  182  168  148  131  118  107   94   92   88   89   88   90   94   96   98
   95   93   89   84   82   80   84   81   81   74   70   64   66   71   83   94
  108  125  146  167  188  212  231  248  270  286  309  328  350  369  389  410
  433  457  476  493  504  509  509  513  508  506  499  490  477  454  425  395
  364  352  329  314  291  281  261  220  188                                   
    17.5-180.0 180.0   5.0 450.0                            LAT/LON1/LON2/DLON/H
  222  205  201  182  164  148  135  122  112  105  103   98   99   95   98   94
   92   87   84   78   78   77   84   85   85   79   72   65   67   71   82   94
  111  132  154  176  199  222  241  260  276  294  314  333  356  377  398  419
  440  463  480  497  503  510  510  517  517  526  524  523  511  490  462  424
  395  371  355  334  318  300  282  248  222                                   
    15.0-180.0 180.0   5.0 450.0                            LAT/LON1/LON2/DLON/H
  240  233  221  207  193  174  153  140  133  122  120  107  111  101  105   95
   95   88   88   82   82   81   87   87   88   81   76   67   70   72   86   99
  119  141  164  185  208  230  248  266  284  300  323  343  369  387  408  426
  445  463  475  486  491  496  496  506  514  525  532  534  529  510  487  451
  421  394  373  354  334  318  300  269  240                                   
    12.5-180.0 180.0   5.0 450.0                            LAT/LON1/LON2/DLON/H
  263  250  245  230  218  201  180  165  156  147  133  121  115  109  112  103
  100   91   87   80   82   80   87   87   89   82   79   69   70   73   85   99
  120  145  169  190  217  239  258  277  292  310  333  351  375  392  412  428
  444  458  464  473  470  473  470  485  493  516  524  536  530  520  497  467
  438  408  388  362  347  323  305  284  263                                   
    10.0-180.0 180.0   5.0 450.0                            LAT/LON1/LON2/DLON/H
  267  263  250  244  233  217  197  182  170  162  157  139  129  117  124  106
  110   98   97   88   89   87   96   88   93   83   82   74   73   77   89  104
  122  145  168  194  219  246  263  285  300  319  344  360  386  398  416  428
  441  450  454  457  452  454  454  469  484  504  516  523  522  510  495  470
  447  418  399  373  353  330  316  294  267                                   
     7.5-180.0 180.0   5.0 450.0                            LAT/LON1/LON2/DLON/H
  279  269  255  250  241  228  214  198  187  177  169  162  142  132  125  118
  117  110  103   94   94   92   99   94   95   85   83   75   76   79   89  103
