data/unet/pred2090.15i
     1.0            IONOSPHERE MAPS     GNSS                IONEX VERSION / TYPE
pyspatialgeodesy        IME             05-JAN-18 20:20     PGM / RUN BY / DATE 
Map Name                                                    COMMENT             
Predicted global ionosphere maps (GIM).                     DESCRIPTION         
  2015     7    28     0     0     0                        EPOCH OF FIRST MAP  
  2015     7    29     0     0     0                        EPOCH OF LAST MAP   
  7200                                                      INTERVAL            
    13                                                      # OF MAPS IN FILE   
  NONE                                                      MAPPING FUNCTION    
10.0                                                        ELEVATION CUTOFF    
One-way carrier phase leveled to code                       OBSERVABLES USED    
  6371.0                                                    BASE RADIUS         
 2                                                          MAP DIMENSION       
   450.0 450.0   0.0                                        HGT1 / HGT2 / DHGT  
    87.5 -87.5  -2.5                                        LAT1 / LAT2 / DLAT  
  -180.0 180.0   5.0                                        LON1 / LON2 / DLON  
    -1                                                      EXPONENT            
                                                            END OF HEADER       
     1                                                      START OF TEC MAP    
  2015     7    28     0     0     0                        EPOCH OF CURRENT MAP
    87.5-180.0 180.0   5.0 450.0                            LAT/LON1/LON2/DLON/H
  160  127  125  122  122  119  121  119  122  120  122  120  122  120  121  119
  121  119  120  118  119  116  117  114  115  112  113  110  111  108  109  106
  108  105  107  104  106  104  105  103  105  103  105  103  106  104  106  105
  107  106  108  107  110  109  111  110  113  112  114  113  115  115  116  115
  117  117  118  118  122  121  125  153  160                                   
    85.0-180.0 180.0   5.0 450.0                            LAT/LON1/LON2/DLON/H
  133  131  133  131  131  127  130  128  131  129  131  129  131  129  130  127
  129  126  127  124  125  121  121  117  118  114  113  109  110  106  106  103
  104  101  102  100  101   99  100   99  101   99  101   99  102  100  103  101
  104  103  106  105  108  107  110  109  112  112  115  114  117  117  119  118
  121  121  123  122  127  122  122  124  133                                   
    82.5-180.0 180.0   5.0 450.0                            LAT/LON1/LON2/DLON/H
  134  134  136  136  136  132  136  133  138  135  139  135  139  135  138  133
  136  131  133  128  130  124  125  119  120  113  115  108  110  104  106  100
  103   98  101   97  100   96  100   96  100   97  101   98  103   99  104  101
  106  103  108  105  110  107  112  110  115  112  117  114  120  117  122  119
  125  122  128  126  132  126  127  126  134                                   
    80.0-180.0 180.0   5.0 450.0                            LAT/LON1/LON2/DLON/H
  138  139  140  141  139  138  140  141  143  144  145  145  146  145  145  143
  142  140  139  136  135  131  129  126  124  120  118  114  112  109  108  106
  105  103  103  102  102  101  102  101  103  102  104  104  106  106  109  109
  111  111  114  113  115  114  116  116  118  117  119  120  122  122  124  125
  127  128  131  132  135  133  132  133  138                                   
    77.5-180.0 180.0   5.0 450.0                            LAT/LON1/LON2/DLON/H
  142  139  138  137  135  136  138  140  142  144  145  146  147  147  146  145
  143  142  140  138  136  133  130  127  124  121  118  115  112  110  108  107
  106  105  105  105  105  104  105  104  105  105  106  107  109  110  112  113
  114  115  116  116  116  116  116  116  116  116  117  118  119  120  122  123
  125  127  129  131  134  132  132  131  142                                   
    75.0-180.0 180.0   5.0 450.0                            LAT/LON1/LON2/DLON/H
  139  135  132  132  130  131  134  136  140  142  145  147  148  147  147  145
  144  142  141  138  137  134  132  128  125  121  119  115  113  111  109  108
  108  108  108  108  108  108  108  108  108  108  109  109  111  113  115  116
  118  118  119  118  118  117  116  115  115  115  115  115  116  117  118  120
  121  123  126  128  130  129  128  128  139                                   
    72.5-180.0 180.0   5.0 450.0                            LAT/LON1/LON2/DLON/H
  139  132  127  126  124  124  128  131  135  139  143  145  146  145  145  143
  141  139  137  135  133  130  128  125  121  117  115  111  109  107  106  105
  106  105  107  106  108  106  107  105  106  104  106  106  110  111  114  115
  117  116  117  115  115  113  112  110  110  109  110  109  111  111  113  113
  116  117  121  122  126  124  125  125  139                                   
    70.0-180.0 180.0   5.0 450.0                            LAT/LON1/LON2/DLON/H
  133  127  123  121  119  120  125  129  134  139  144  146  148  147  146  143
  141  138  136  134  132  129  126  122  119  114  111  107  105  102  102  101
  102  102  104  104  104  103  103  101  100   99  101  101  105  107  110  111
  114  113  114  112  111  108  108  106  107  106  107  106  108  108  110  110
  113  114  118  119  123  121  122  123  133                                   
    67.5-180.0 180.0   5.0 450.0                            LAT/LON1/LON2/DLON/H
  136  129  122  120  117  118  122  127  133  139  145  148  150  149  148  145
  142  138  135  132  130  127  124  119  115  110  106  102   99   96   96   95
   97   97   99   98   98   96   96   92   92   90   93   93   97   99  104  104
  108  106  108  105  105  102  102  101  103  102  105  104  107  106  108  108
  111  111  116  117  121  120  121  121  136                                   
    65.0-180.0 180.0   5.0 450.0                            LAT/LON1/LON2/DLON/H
  136  130  124  121  119  119  123  128  134  141  146  150  152  153  151  148
  145  141  138  135  132  128  124  119  114  108  103   98   94   92   91   91
   92   92   93   92   92   89   87   84   83   81   83   84   88   90   95   96
   99   99  100   99   98   97   98   99  101  102  105  106  108  108  109  108
  110  111  116  118  122  122  123  122  136                                   
    62.5-180.0 180.0   5.0 450.0                            LAT/LON1/LON2/DLON/H
  143  137  130  126  122  122  124  128  134  141  147  151  155  155  155  151
  148  144  141  138  135  130  126  121  115  109  103   97   93   89   89   88
   89   88   89   86   86   81   80   75   75   72   75   74   80   81   86   87
   92   91   94   92   94   93   96   97  102  104  108  109  112  111  112  110
  112  112  117  119  125  124  127  125  143                                   
    60.0-180.0 180.0   5.0 450.0                            LAT/LON1/LON2/DLON/H
  145  141  136  133  129  127  128  131  135  140  146  151  155  157  156  154
  152  149  146  143  140  136  132  127  121  114  108  102   97   93   91   90
   89   88   86   83   81   76   74   70   69   67   68   69   73   75   79   81
   85   86   88   88   91   92   95   98  104  108  113  115  117  116  115  113
  114  114  119  122  127  129  132  129  145                                   
    57.5-180.0 180.0   5.0 450.0                            LAT/LON1/LON2/DLON/H
  150  147  144  141  136  133  132  134  136  140  145  149  154  156  157  156
  155  153  151  149  146  143  139  135  130  124  117  111  106  101   98   95
   93   90   87   82   79   74   71   67   67   64   67   66   71   72   76   77
   82   83   87   87   92   93   99  102  110  114  119  121  123  122  120  117
  117  116  121  124  131  132  135  132  150                                   
    55.0-180.0 180.0   5.0 450.0                            LAT/LON1/LON2/DLON/H
  150  150  150  150  145  141  139  138  139  140  144  147  151  154  156  157
  156  156  156  155  154  151  148  144  140  135  130  124  119  114  108  104
   99   94   89   84   80   75   72   69   68   67   68   69   72   73   77   78
   82   84   88   90   95   99  104  109  117  122  127  128  130  128  125  122
  121  120  123  127  133  136  139  135  150                                   
    52.5-180.0 180.0   5.0 450.0                            LAT/LON1/LON2/DLON/H
  152  154  155  157  152  150  146  144  142  142  142  145  148  152  154  156
  157  159  160  161  161  160  157  154  151  147  142  137  131  125  118  111
  104   97   92   86   82   77   76   73   74   72   75   74   78   78   81   82
   87   88   93   96  103  107  114  118  126  130  134  135  136  133  131  127
  125  124  128  131  137  139  142  139  152                                   
    50.0-180.0 180.0   5.0 450.0                            LAT/LON1/LON2/DLON/H
  152  155  159  162  160  157  155  152  149  146  145  146  147  150  152  155
  157  160  163  165  165  165  164  162  159  156  152  147  141  134  125  116
  107  100   94   89   85   82   82   80   81   80   82   82   84   84   86   88
   92   94  100  104  112  117  123  128  135  139  142  143  143  140  138  135
  133  133  135  137  143  144  146  141  152                                   
    47.5-180.0 180.0   5.0 450.0                            LAT/LON1/LON2/DLON/H
  157  159  162  166  165  164  162  159  155  153  150  150  149  151  152  155
  157  161  164  168  169  170  169  167  165  162  159  153  146  137  126  115
  107   99   96   91   90   87   89   87   90   88   91   89   92   90   93   94
   99  101  108  112  121  126  133  137  144  147  150  150  150  147  145  142
  142  142  144  146  151  150  150  145  157                                   
    45.0-180.0 180.0   5.0 450.0                            LAT/LON1/LON2/DLON/H
  159  160  165  169  170  168  169  167  165  161  159  157  155  154  154  156
  158  162  166  170  172  173  172  170  167  164  160  153  146  135  124  113
  104   99   96   94   93   93   94   94   96   96   97   96   97   96   99  100
  104  107  114  119  128  134  141  145  152  155  157  158  158  156  155  152
  153  154  157  158  162  159  156  151  159                                   
    42.5-180.0 180.0   5.0 450.0                            LAT/LON1/LON2/DLON/H
  166  166  169  173  173  173  174  174  173  170  168  165  163  161  159  160
  161  165  168  173  175  176  175  172  168  163  159  151  142  130  119  108
  102   97   98   96   98   98  101  101  104  102  104  102  104  102  106  105
  110  112  119  125  135  141  149  154  161  164  167  167  168  166  165  164
  165  167  171  173  175  171  167  161  166                                   
    40.0-180.0 180.0   5.0 450.0                            LAT/LON1/LON2/DLON/H
  174  173  175  177  177  177  179  179  180  179  177  175  172  169  167  166
  167  170  173  177  179  180  177  173  167  161  156  148  138  127  116  107
  102  101  101  102  104  105  107  107  109  108  109  107  109  108  109  110
  114  116  122  128  138  145  154  160  169  173  176  177  179  177  178  177
  180  183  188  189  190  184  180  175  174                                   
    37.5-180.0 180.0   5.0 450.0                            LAT/LON1/LON2/DLON/H
  189  186  184  185  183  183  184  185  186  186  185  184  181  178  175  174
  174  176  179  183  184  184  180  174  167  162  155  148  138  127  117  109
  107  107  110  112  114  115  117  116  118  116  116  114  116  113  115  113
  117  117  124  128  139  147  158  166  176  180  185  186  188  188  188  189
  194  197  203  204  206  200  197  191  189                                   
    35.0-180.0 180.0   5.0 450.0                            LAT/LON1/LON2/DLON/H
  206  202  199  196  194  191  192  191  193  193  193  191  189  186  182  182
  182  184  186  189  189  188  183  177  169  164  158  151  142  132  122  116
  115  117  120  122  124  124  125  124  125  124  123  121  122  118  118  116
  118  118  123  127  138  146  159  168  181  185  191  192  196  196  199  200
  206  210  216  219  222  217  215  214  206                                   
    32.5-180.0 180.0   5.0 450.0                            LAT/LON1/LON2/DLON/H
  229  222  218  213  209  204  202  202  201  201  200  198  196  193  191  190
  191  192  193  195  194  192  187  181  173  168  163  158  149  141  133  128
  128  131  134  137  137  136  136  136  136  135  134  130  129  124  123  118
  119  117  121  124  133  142  156  169  183  190  197  201  205  207  209  210
  215  220  228  233  240  237  234  238  229                                   
    30.0-180.0 180.0   5.0 450.0                            LAT/LON1/LON2/DLON/H
  254  243  244  238  231  224  220  215  215  212  211  207  205  201  200  197
  198  198  199  199  198  195  190  184  177  174  170  167  159  153  144  141
  140  144  147  150  148  148  145  145  145  145  142  138  134  127  123  119
  118  114  116  118  127  135  150  163  180  189  198  205  212  215  219  219
  225  230  239  248  257  257  258  266  254                                   
    27.5-180.0 180.0   5.0 450.0                            LAT/LON1/LON2/DLON/H
  281  269  270  264  258  251  244  238  233  230  225  221  217  214  210  209
  208  207  204  204  201  198  193  187  180  177  175  173  167  161  153  149
  149  152  155  157  154  153  150  150  151  150  147  142  136  127  122  116
  114  109  109  109  116  124  139  153  171  184  196  207  217  224  227  231
  235  243  251  262  272  276  276  287  281                                   
    25.0-180.0 180.0   5.0 450.0                            LAT/LON1/LON2/DLON/H
  302  299  300  294  289  280  273  263  258  250  247  239  235  229  226  223
  220  216  212  209  205  202  196  190  183  179  177  176  170  165  157  154
  151  155  156  156  152  150  147  148  150  150  147  141  131  121  114  109
  107  103  103  100  106  112  128  143  162  178  192  207  218  229  234  239
  246  253  263  274  286  294  298  308  302                                   
    22.5-180.0 180.0   5.0 450.0                            LAT/LON1/LON2/DLON/H
  323  319  323  320  317  308  301  291  284  276  270  264  257  251  246  242
  237  230  223  217  211  206  200  192  184  177  174  171  167  160  152  147
  145  146  145  145  140  138  136  139  141  143  140  133  123  112  105   99
   98   94   94   92   96  101  117  134  155  173  191  207  222  234  242  250
  258  267  277  288  300  307  311  324  323                                   
    20.0-180.0 180.0   5.0 450.0                            LAT/LON1/LON2/DLON/H
  340  342  347  346  345  337  330  320  314  305  299  290  284  276  269  263
  256  247  237  229  221  213  204  193  182  172  166  160  156  148  142  134
  131  130  129  126  122  120  120  124  128  130  128  122  111  101   93   89
   88   87   88   86   90   97  113  130  153  172  191  210  226  239  250  260
  271  280  292  302  315  322  327  338  340                                   
    17.5-180.0 180.0   5.0 450.0                            LAT/LON1/LON2/DLON/H
  352  356  363  365  364  360  354  348  342  336  330  323  315  305  295  284
  277  265  255  244  235  223  211  195  179  164  155  147  142  133  127  118
  114  111  109  106  103  102  103  108  113  116  115  110  101   91   84   80
   80   80   82   79   84   91  108  127  151  173  195  215  233  248  263  275
  287  297  309  319  328  334  337  347  352                                   
    15.0-180.0 180.0   5.0 450.0                            LAT/LON1/LON2/DLON/H
  362  369  376  378  381  379  375  371  368  364  361  356  349  337  323  308
  296  285  274  264  250  236  218  198  177  157  144  135  128  121  114  104
   99   95   92   89   87   86   88   92   99  102  102  100   92   84   78   75
   75   76   79   79   82   91  108  128  153  177  198  222  240  258  275  289
  302  313  326  335  343  347  350  358  362                                   
    12.5-180.0 180.0   5.0 450.0                            LAT/LON1/LON2/DLON/H
  369  375  381  383  385  385  383  384  383  385  385  386  379  367  351  333
  319  302  292  279  265  247  225  199  173  151  135  125  119  112  106   96
   91   86   84   81   79   79   80   85   90   95   96   94   89   81   78   74
   73   74   77   76   81   89  107  128  156  182  205  228  250  270  289  305
  320  333  344  353  357  358  358  366  369                                   
    10.0-180.0 180.0   5.0 450.0                            LAT/LON1/LON2/DLON/H
  375  380  385  385  388  387  388  391  394  400  402  405  400  388  371  352
  336  320  306  292  274  254  227  198  169  146  128  118  113  109  104   96
   91   86   84   82   81   80   80   84   88   92   95   93   91   83   81   76
   74   74   76   76   80   89  107  129  157  183  206  232  253  278  299  317
  333  345  357  364  369  368  373  377  375                                   
     7.5-180.0 180.0   5.0 450.0                            LAT/LON1/LON2/DLON/H
  377  383  387  387  388  388  388  394  397  405  407  412  407  400  380  364
  348  332  318  299  280  254  225  194  164  141  125  117  114  112  108  103
