data/unet/pred1430.15i
     1.0            IONOSPHERE MAPS     GNSS                IONEX VERSION / TYPE
pyspatialgeodesy        IME             05-JAN-18 20:20     PGM / RUN BY / DATE 
Map Name                                                    COMMENT             
Predicted global ionosphere maps (GIM).                     DESCRIPTION         
  2015     5    23     0     0     0                        EPOCH OF FIRST MAP  
  2015     5    24     0     0     0                        EPOCH OF LAST MAP   
  7200                                                      INTERVAL            
    13                                                      # OF MAPS IN FILE   
  NONE                                                      MAPPING FUNCTION    
10.0                                                        ELEVATION CUTOFF    
One-way carrier phase leveled to code                       OBSERVABLES USED    
  6371.0                                                    BASE RADIUS         
 2                                                          MAP DIMENSION       
   450.0 450.0   0.0                                        HGT1 / HGT2 / DHGT  
    87.5 -87.5  -2.5                                        LAT1 / LAT2 / DLAT  
  -180.0 180.0   5.0                                        LON1 / LON2 / DLON  
    -1                                                      EXPONENT            
                                                            END OF HEADER       
[from data line 2145]
     6                                                      START OF TEC MAP    
  2015     5    23    10     0     0                        EPOCH OF CURRENT MAP
    87.5-180.0 180.0   5.0 450.0                            LAT/LON1/LON2/DLON/H
  147  174  176  179  180  180  180  181  181  183  183  185  185  187  187  189
  189  191  190  191  189  189  188  186  184  182  180  177  176  173  173  171
  172  170  172  169  172  170  172  170  172  170  171  169  170  169  169  168
  167  166  166  165  164  163  162  161  161  160  160  160  161  160  161  162
  163  164  166  166  164  162  159  137  147                                   
    85.0-180.0 180.0   5.0 450.0                            LAT/LON1/LON2/DLON/H
  170  161  170  177  175  176  177  180  180  182  183  186  186  189  189  192
  192  194  194  195  194  195  194  194  191  191  189  188  186  185  184  183
  182  182  182  182  182  182  181  181  179  179  177  178  174  175  172  173
  170  171  168  169  166  167  163  164  161  162  160  162  160  161  159  162
  161  163  162  162  159  158  157  154  170                                   
    82.5-180.0 180.0   5.0 450.0                            LAT/LON1/LON2/DLON/H
  163  165  167  170  170  170  173  175  177  178  180  181  183  184  186  187
  189  190  191  192  193  194  194  194  193  193  192  192  191  191  190  189
  189  189  189  189  189  189  187  187  185  185  182  183  180  180  178  178
  176  176  174  175  172  173  170  170  168  168  166  166  165  164  163  163
  162  162  161  160  159  160  157  159  163                                   
    80.0-180.0 180.0   5.0 450.0                            LAT/LON1/LON2/DLON/H
  165  164  160  162  165  165  168  170  172  173  175  177  178  179  180  181
  181  184  183  185  184  185  184  185  184  185  185  186  186  188  188  189
  189  191  191  192  191  191  189  190  187  188  185  187  185  186  184  186
  184  184  183  184  182  182  180  180  177  177  174  174  171  170  167  167
  164  165  161  159  158  156  151  158  165                                   
    77.5-180.0 180.0   5.0 450.0                            LAT/LON1/LON2/DLON/H
  159  162  159  161  161  165  166  169  169  172  173  174  175  176  176  178
  177  179  178  179  178  178  177  177  177  177  178  179  181  183  186  188
  190  192  194  194  196  195  196  195  196  195  196  196  197  197  199  199
  200  199  201  200  199  198  198  197  195  194  191  190  185  184  179  179
  174  172  167  165  160  158  151  154  159                                   
    75.0-180.0 180.0   5.0 450.0                            LAT/LON1/LON2/DLON/H
  158  158  156  159  157  161  160  164  162  166  164  167  165  167  166  168
  166  168  167  168  167  168  167  168  167  169  170  172  173  179  180  187
  188  194  195  199  197  200  198  200  197  201  199  204  202  208  207  212
  210  215  212  215  211  214  210  212  206  208  202  203  197  197  190  190
  183  183  175  173  167  165  156  159  158                                   
    72.5-180.0 180.0   5.0 450.0                            LAT/LON1/LON2/DLON/H
  159  161  158  158  155  156  155  157  155  157  156  158  156  158  157  159
  158  160  160  161  161  161  160  159  159  159  160  162  164  169  174  180
  186  192  196  200  201  203  204  204  205  206  208  211  212  216  218  222
  221  224  222  224  221  222  220  220  217  217  214  213  209  208  202  202
  194  194  186  183  176  170  161  162  159                                   
    70.0-180.0 180.0   5.0 450.0                            LAT/LON1/LON2/DLON/H
  162  160  156  154  150  150  148  148  146  148  147  148  147  148  147  150
  150  153  153  156  156  157  156  155  154  153  154  157  160  166  172  181
  187  196  199  205  205  210  208  212  209  214  214  221  221  228  227  232
  229  232  228  228  223  225  221  223  220  223  218  220  215  216  210  210
  205  204  197  195  188  181  169  171  162                                   
    67.5-180.0 180.0   5.0 450.0                            LAT/LON1/LON2/DLON/H
  167  164  157  152  145  142  138  137  134  134  134  134  135  135  136  138
  139  143  145  149  150  153  153  151  150  148  150  151  157  162  170  179
  189  198  204  208  210  212  213  215  215  219  221  226  227  234  233  237
  232  232  226  225  219  219  217  218  217  218  218  218  217  216  214  214
  209  209  203  201  195  187  176  174  167                                   
    65.0-180.0 180.0   5.0 450.0                            LAT/LON1/LON2/DLON/H
  172  166  157  150  141  136  131  128  125  124  124  125  125  126  127  128
  131  135  138  144  147  151  151  152  150  149  150  153  158  166  175  186
  195  206  210  215  216  219  218  222  221  227  227  235  234  241  239  240
  234  231  223  218  212  211  208  210  209  213  211  215  212  216  211  215
  209  213  207  208  203  196  186  185  172                                   
    62.5-180.0 180.0   5.0 450.0                            LAT/LON1/LON2/DLON/H
  180  172  160  150  138  129  122  116  112  110  110  111  113  113  115  115
  119  122  126  132  138  143  145  147  147  147  150  153  159  167  178  189
  201  210  216  220  221  223  223  226  226  232  234  239  240  244  240  240
  231  227  217  213  204  204  200  202  202  204  206  207  208  208  208  209
  209  210  208  210  206  200  191  188  180                                   
    60.0-180.0 180.0   5.0 450.0                            LAT/LON1/LON2/DLON/H
  186  176  163  152  137  126  115  108  102   99  100  100  103  103  106  106
  109  113  118  125  131  138  141  146  148  151  153  158  165  174  185  198
  208  217  220  225  224  227  226  231  230  238  238  246  244  249  243  240
  231  224  215  208  201  198  196  198  198  201  202  204  203  207  205  210
  208  214  211  216  213  206  200  199  186                                   
    57.5-180.0 180.0   5.0 450.0                            LAT/LON1/LON2/DLON/H
  194  184  169  155  138  124  110  102   94   91   89   89   91   92   93   94
   97  100  105  111  118  126  131  139  143  149  153  159  167  176  188  201
  210  218  222  226  227  230  231  235  237  243  247  251  252  252  247  243
  234  228  219  214  206  206  200  203  200  203  202  202  202  202  203  206
  208  211  213  217  216  210  204  203  194                                   
    55.0-180.0 180.0   5.0 450.0                            LAT/LON1/LON2/DLON/H
  201  188  174  161  143  127  112  101   91   87   84   83   83   83   85   85
   88   92   97  104  112  121  128  139  145  153  157  165  173  185  196  210
  216  227  227  232  230  236  236  244  244  256  255  264  259  261  254  250
  243  235  228  221  216  213  209  209  207  209  205  206  203  205  202  208
  208  216  215  223  221  215  214  215  201                                   
    52.5-180.0 180.0   5.0 450.0                            LAT/LON1/LON2/DLON/H
  206  194  179  167  148  132  116  105   93   89   84   82   80   79   79   79
   82   85   90   96  104  113  122  135  143  153  157  166  175  187  199  213
  220  229  232  239  239  245  247  255  259  266  271  275  273  272  265  260
  252  247  240  236  230  229  221  223  216  218  212  212  206  207  203  208
  208  215  218  224  224  220  216  217  206                                   
    50.0-180.0 180.0   5.0 450.0                            LAT/LON1/LON2/DLON/H
  211  194  182  171  156  140  125  112  102   95   90   85   81   77   76   77
   79   83   89   95  103  113  123  139  148  158  162  171  179  191  204  218
  225  236  238  247  249  258  261  272  276  287  288  294  290  289  282  277
  270  264  259  252  247  240  233  227  222  221  217  216  210  210  207  212
  212  220  221  230  229  224  226  225  211                                   
    47.5-180.0 180.0   5.0 450.0                            LAT/LON1/LON2/DLON/H
  211  196  184  175  162  149  135  125  113  105   99   94   87   83   79   81
   82   87   91   97  105  115  126  142  153  162  165  172  179  190  202  218
  227  239  246  255  263  272  280  290  298  305  309  311  308  305  297  293
  284  279  271  265  257  250  238  235  226  227  221  223  214  215  209  215
  212  223  222  231  229  225  222  219  211                                   
    45.0-180.0 180.0   5.0 450.0                            LAT/LON1/LON2/DLON/H
  212  190  182  177  168  158  147  138  128  120  111  105   98   91   87   86
   88   93   98  104  112  121  135  151  163  172  175  180  186  194  205  217
  230  242  251  264  274  286  294  309  315  327  325  330  325  323  314  310
  302  296  286  278  267  256  246  235  230  227  226  226  223  221  219  222
  222  230  229  236  233  226  228  221  212                                   
    42.5-180.0 180.0   5.0 450.0                            LAT/LON1/LON2/DLON/H
  205  185  176  174  168  161  155  149  140  133  123  117  108  102   95   96
   97  102  106  112  118  127  140  156  168  177  180  184  187  194  202  217
  227  242  256  268  282  293  308  319  330  336  340  341  340  334  327  321
  315  306  296  285  272  258  244  235  229  228  229  231  230  230  228  232
  229  236  232  238  231  224  216  207  205                                   
    40.0-180.0 180.0   5.0 450.0                            LAT/LON1/LON2/DLON/H
  200  174  166  164  163  161  157  154  148  143  135  128  119  111  105  104
  106  113  114  120  125  135  149  166  177  186  188  193  194  200  207  219
  229  245  257  275  286  302  314  330  337  349  348  358  353  353  344  341
  334  326  312  300  284  269  254  242  238  236  240  242  243  244  242  242
  239  241  236  238  231  220  216  204  200                                   
    37.5-180.0 180.0   5.0 450.0                            LAT/LON1/LON2/DLON/H
  192  167  156  153  152  152  152  152  150  147  141  135  126  119  114  112
  115  120  122  126  130  139  151  168  179  189  192  195  198  203  208  220
  229  244  259  272  289  302  320  332  346  355  363  367  375  369  371  362
  361  349  340  322  306  287  271  259  254  252  255  256  258  257  256  254
  249  246  240  239  229  216  204  191  192                                   
    35.0-180.0 180.0   5.0 450.0                            LAT/LON1/LON2/DLON/H
  190  160  146  143  140  140  140  143  143  146  142  141  132  128  120  121
  120  127  126  131  133  144  155  173  182  193  196  201  203  207  211  221
  230  247  259  277  289  310  326  348  359  376  380  393  396  401  399  398
  395  390  383  370  351  327  306  289  282  276  278  277  277  276  272  269
  262  257  246  242  232  217  207  195  190                                   
    32.5-180.0 180.0   5.0 450.0                            LAT/LON1/LON2/DLON/H
  188  161  145  137  133  130  131  133  137  140  142  142  137  131  128  126
  127  130  129  132  135  144  155  170  180  189  194  199  203  209  211  222
  229  245  258  275  291  311  334  357  376  392  403  414  424  426  432  431
  438  436  439  427  413  387  363  342  326  317  308  305  300  295  288  281
  273  264  252  243  231  216  201  195  188                                   
    30.0-180.0 180.0   5.0 450.0                            LAT/LON1/LON2/DLON/H
  193  162  144  137  128  125  124  125  130  136  137  141  136  134  129  130
  129  131  130  133  137  147  157  172  180  189  193  199  203  209  213  222
  231  246  260  282  301  328  355  385  406  424  436  449  457  464  470  481
  491  501  507  505  492  472  447  425  404  387  370  356  339  326  311  301
  288  275  261  249  235  218  207  207  193                                   
    27.5-180.0 180.0   5.0 450.0                            LAT/LON1/LON2/DLON/H
  199  171  156  144  137  128  126  128  132  137  141  143  142  138  135  131
  131  132  132  135  141  149  159  171  178  183  187  193  199  207  212  222
  230  246  260  284  304  333  363  393  420  439  455  468  479  490  503  517
  540  555  577  583  585  566  541  513  484  461  433  412  382  359  335  319
  302  286  269  253  238  220  209  208  199                                   
    25.0-180.0 180.0   5.0 450.0                            LAT/LON1/LON2/DLON/H
  208  180  168  159  147  140  133  136  138  142  144  149  147  146  140  139
  135  138  135  142  146  155  162  174  177  182  184  191  195  204  211  222
  233  250  263  291  312  341  373  401  429  448  466  480  492  509  522  550
  574  608  639  666  667  660  639  613  580  546  510  477  439  405  372  345
  324  303  286  268  253  232  220  228  208                                   
    22.5-180.0 180.0   5.0 450.0                            LAT/LON1/LON2/DLON/H
  222  196  186  176  169  160  155  151  152  153  155  157  156  152  148  142
  141  140  141  145  153  160  169  173  175  175  177  182  193  202  214  226
  240  255  271  297  321  349  376  402  427  447  465  483  500  520  540  568
  601  639  678  701  713  708  689  663  639  602  559  519  478  442  403  372
  344  322  301  282  265  245  229  228  222                                   
    20.0-180.0 180.0   5.0 450.0                            LAT/LON1/LON2/DLON/H
  240  221  209  201  194  189  181  175  169  167  164  165  160  159  153  152
  146  149  146  155  159  168  171  176  172  174  172  182  190  206  218  239
  255  273  287  311  337  358  388  406  431  445  464  484  505  528  545  578
  607  647  680  706  718  719  699  676  652  625  592  550  509  468  430  393
  363  336  317  299  284  260  243  246  240                                   
    17.5-180.0 180.0   5.0 450.0                            LAT/LON1/LON2/DLON/H
  246  238  229  222  218  214  207  199  190  181  176  173  166  162  157  153
  153  152  152  157  162  169  173  172  169  168  169  179  195  207  229  247
  268  285  306  325  352  376  397  417  435  453  470  493  514  538  556  582
  608  636  666  681  693  690  680  660  641  615  583  554  518  481  442  408
  373  348  326  310  297  278  260  249  246                                   
    15.0-180.0 180.0   5.0 450.0                            LAT/LON1/LON2/DLON/H
  260  259  251  242  235  234  224  219  205  193  182  178  170  164  159  158
  156  157  154  159  160  169  167  171  164  170  169  192  202  226  241  268
  284  307  324  347  369  393  413  430  450  465  478  498  517  540  554  575
  594  611  627  637  645  641  631  620  608  584  565  540  515  480  446  415
  382  357  339  324  315  293  279  273  260                                   
    12.5-180.0 180.0   5.0 450.0                            LAT/LON1/LON2/DLON/H
  269  272  265  253  244  237  228  221  210  197  185  177  169  163  158  156
  156  155  154  153  151  154  156  155  155  161  172  191  211  229  251  271
  296  321  345  370  393  424  437  459  471  488  497  515  530  550  560  574
  586  589  595  588  590  577  574  563  566  555  544  527  505  474  442  416
  387  365  345  336  329  314  301  284  269                                   
    10.0-180.0 180.0   5.0 450.0                            LAT/LON1/LON2/DLON/H
  283  288  275  263  251  237  226  217  203  190  177  167  162  156  155  155
  156  157  155  150  145  146  141  147  147  164  174  200  216  240  257  283
  305  337  357  388  411  439  456  473  488  500  508  522  537  550  560  565
  572  570  569  557  551  535  533  527  535  536  534  519  494  461  429  404
  379  360  345  337  337  322  314  304  283                                   
     7.5-180.0 180.0   5.0 450.0                            LAT/LON1/LON2/DLON/H
  296  300  290  271  254  235  220  207  191  178  168  159  154  152  150  151
  152  153  150  142  133  125  122  124  132  149  170  194  218  237  258  284
