data/unet/pred3510.15i
     1.0            IONOSPHERE MAPS     GNSS                IONEX VERSION / TYPE
pyspatialgeodesy        IME             05-JAN-18 20:20     PGM / RUN BY / DATE 
Map Name                                                    COMMENT             
Predicted global ionosphere maps (GIM).                     DESCRIPTION         
  2015    12    17     0     0     0                        EPOCH OF FIRST MAP  
  2015    12    18     0     0     0                        EPOCH OF LAST MAP   
  7200                                                      INTERVAL            
    13                                                      # OF MAPS IN FILE   
  NONE                                                      MAPPING FUNCTION    
10.0                                                        ELEVATION CUTOFF    
One-way carrier phase leveled to code                       OBSERVABLES USED    
  6371.0                                                    BASE RADIUS         
 2                                                          MAP DIMENSION       
   450.0 450.0   0.0                                        HGT1 / HGT2 / DHGT  
    87.5 -87.5  -2.5                                        LAT1 / LAT2 / DLAT  
  -180.0 180.0   5.0                                        LON1 / LON2 / DLON  
    -1                                                      EXPONENT            
                                                            END OF HEADER       
[from data line 4719]
    12                                                      START OF TEC MAP    
  2015    12    17    22     0     0                        EPOCH OF CURRENT MAP
    87.5-180.0 180.0   5.0 450.0                            LAT/LON1/LON2/DLON/H
  130   69   46   49   49   48   49   48   50   48   50   49   50   49   50   49
   50   49   50   48   49   48   48   46   47   45   45   44   45   44   44   43
   44   43   43   42   43   43   43   43   43   43   43   43   44   44   45   45
   46   46   47   47   48   48   48   48   49   48   49   48   49   48   49   48
   49   47   48   47   49   47   51  103  130                                   
    85.0-180.0 180.0   5.0 450.0                            LAT/LON1/LON2/DLON/H
   52   30   29   32   35   34   36   37   37   38   39   40   40   41   41   41
   41   40   39   39   38   36   36   34   34   32   31   30   30   29   28   28
   28   27   27   26   27   26   27   26   28   27   28   28   30   30   32   32
   34   34   36   36   38   38   39   38   39   38   39   38   38   37   37   35
   36   34   33   32   33   33   31   67   52                                   
    82.5-180.0 180.0   5.0 450.0                            LAT/LON1/LON2/DLON/H
   35   25   28   30   34   31   37   36   42   39   46   44   49   46   50   47
   50   45   48   43   45   40   41   36   38   33   35   30   33   28   32   27
   31   26   30   26   30   26   30   27   31   27   31   29   33   30   35   33
   38   35   40   38   43   40   44   41   45   41   45   40   44   38   41   36
   39   34   36   30   33   28   30   51   35                                   
    80.0-180.0 180.0   5.0 450.0                            LAT/LON1/LON2/DLON/H
   34   27   24   28   29   31   34   38   41   45   48   52   53   55   55   56
   54   53   50   49   46   44   40   39   35   35   32   32   29   30   28   29
   27   28   26   28   26   27   26   27   26   27   27   28   28   30   30   33
   33   36   36   39   39   42   41   44   42   44   42   43   40   41   37   37
   33   34   29   29   27   29   23   43   34                                   
    77.5-180.0 180.0   5.0 450.0                            LAT/LON1/LON2/DLON/H
   31   27   23   27   28   31   35   40   45   50   55   59   62   63   64   63
   61   58   55   51   47   43   40   38   35   33   32   31   30   29   29   28
   28   27   28   27   27   26   27   26   26   25   26   25   27   26   28   29
   31   32   34   35   37   38   40   40   41   41   41   40   39   38   36   34
   32   30   28   26   26   25   23   42   31                                   
    75.0-180.0 180.0   5.0 450.0                            LAT/LON1/LON2/DLON/H
   34   33   28   36   35   41   44   52   56   64   67   73   75   77   76   75
   71   67   61   57   50   46   41   40   36   36   33   34   32   33   32   33
   31   32   30   31   29   29   27   28   26   26   25   25   24   25   25   27
   27   30   31   34   34   36   36   39   38   40   38   40   37   38   34   35
   31   32   28   30   28   30   29   47   34                                   
    72.5-180.0 180.0   5.0 450.0                            LAT/LON1/LON2/DLON/H
   45   45   42   47   47   53   56   63   69   77   82   87   90   90   88   84
   78   71   65   57   52   45   43   39   39   36   37   36   37   35   37   35
   36   34   35   33   33   31   30   28   27   25   25   24   24   23   24   24
   26   26   28   29   31   32   34   34   37   36   38   37   37   35   36   33
   34   32   33   32   35   36   37   55   45                                   
    70.0-180.0 180.0   5.0 450.0                            LAT/LON1/LON2/DLON/H
   56   59   56   63   63   69   73   81   87   96  101  107  108  108  102   95
   87   77   67   59   52   47   42   41   38   39   37   39   37   39   37   38
   36   36   34   34   31   31   28   28   25   25   22   23   21   23   21   24
   22   25   24   27   26   29   28   32   31   34   33   36   34   36   33   35
   32   35   34   38   40   46   48   64   56                                   
    67.5-180.0 180.0   5.0 450.0                            LAT/LON1/LON2/DLON/H
   71   74   71   76   77   82   86   94  101  109  117  122  123  120  114  103
   93   79   70   59   53   46   45   41   41   39   39   38   38   37   38   37
   36   34   34   31   30   28   26   25   23   22   21   22   21   22   22   23
   22   22   22   23   23   24   25   26   28   29   31   32   33   32   34   33
   34   34   37   40   47   52   56   73   71                                   
    65.0-180.0 180.0   5.0 450.0                            LAT/LON1/LON2/DLON/H
   82   88   85   91   91   97  100  109  115  124  130  137  137  134  125  114
  101   87   75   64   56   50   45   44   40   39   36   36   33   35   32   33
   30   29   26   25   22   22   19   19   18   19   18   20   20   22   22   23
   21   22   20   21   19   21   20   23   24   27   28   31   31   33   32   34
   33   36   38   44   50   58   67   82   82                                   
    62.5-180.0 180.0   5.0 450.0                            LAT/LON1/LON2/DLON/H
   92   97   95   99  100  103  109  115  125  132  141  146  148  144  136  122
  110   94   84   70   63   53   49   43   40   36   34   31   30   28   28   26
   25   22   21   18   17   16   14   15   14   17   17   20   19   22   20   22
   19   20   17   17   14   15   15   17   19   22   25   27   29   30   31   31
   32   34   38   43   52   61   69   88   92                                   
    60.0-180.0 180.0   5.0 450.0                            LAT/LON1/LON2/DLON/H
   96  105  104  108  108  112  115  122  130  139  147  154  156  154  146  134
  121  106   93   82   71   62   51   45   37   33   28   27   23   24   21   22
   18   18   14   13   11   10    9   12   12   16   17   20   20   21   20   21
   19   18   16   14   12   12   12   14   17   20   23   27   28   31   30   32
   32   35   37   44   52   61   73   92   96                                   
    57.5-180.0 180.0   5.0 450.0                            LAT/LON1/LON2/DLON/H
  102  109  108  114  116  116  122  124  135  142  152  157  162  159  155  144
  133  118  107   92   82   67   59   47   39   30   27   23   22   21   22   21
   20   17   16   14   12   12   11   14   15   19   21   24   24   25   23   22
   19   19   15   14   12   11   11   13   16   20   24   26   30   30   32   31
   33   34   39   43   53   62   73   94  102                                   
    55.0-180.0 180.0   5.0 450.0                            LAT/LON1/LON2/DLON/H
  105  118  120  126  127  128  131  134  141  148  155  162  165  165  161  154
  144  133  119  106   90   78   63   53   40   34   27   26   23   25   24   26
   22   22   19   19   16   17   16   20   21   26   27   31   29   30   26   25
   21   21   18   17   14   14   13   16   18   23   25   30   31   33   33   34
   36   38   43   49   57   66   79  100  105                                   
    52.5-180.0 180.0   5.0 450.0                            LAT/LON1/LON2/DLON/H
  117  129  131  140  143  143  146  145  150  153  160  162  167  166  166  161
  154  144  132  115  101   84   73   58   48   38   35   30   32   31   34   33
   33   30   29   28   27   27   27   29   32   35   37   38   38   36   34   32
   29   28   26   25   22   22   21   23   25   28   32   33   36   35   38   37
   42   44   51   56   67   76   87  109  117                                   
    50.0-180.0 180.0   5.0 450.0                            LAT/LON1/LON2/DLON/H
  128  146  152  161  166  167  168  166  166  166  168  169  170  170  169  167
  161  153  139  125  109   95   80   69   57   50   44   44   43   45   43   45
   41   42   37   39   36   39   37   42   42   46   45   49   46   46   41   41
   37   38   35   36   33   34   31   35   34   38   37   40   39   41   41   45
   49   55   62   71   79   89  101  122  128                                   
    47.5-180.0 180.0   5.0 450.0                            LAT/LON1/LON2/DLON/H
  148  164  169  184  190  192  192  186  184  179  177  174  173  170  171  169
  166  158  146  132  118  103   92   79   71   62   60   55   58   55   56   52
   51   47   47   46   48   48   50   50   53   54   56   56   56   55   52   51
   50   50   50   49   49   47   47   46   48   47   48   45   45   44   48   50
   58   65   77   85   97  107  116  138  148                                   
    45.0-180.0 180.0   5.0 450.0                            LAT/LON1/LON2/DLON/H
  163  182  192  207  216  217  216  211  204  197  189  184  178  176  174  175
  169  163  150  138  125  114  103   95   85   78   72   71   68   66   61   59
   52   53   49   53   52   56   55   59   58   62   61   64   62   63   59   61
   60   63   63   66   64   63   61   62   60   59   54   52   49   49   51   58
   66   77   89  102  115  126  136  156  163                                   
    42.5-180.0 180.0   5.0 450.0                            LAT/LON1/LON2/DLON/H
  180  195  205  223  232  235  234  225  221  209  203  192  187  181  180  176
  174  165  155  143  133  124  117  108  100   90   85   77   77   69   65   57
   54   50   52   52   57   58   61   61   63   64   67   68   70   69   69   69
   71   73   77   77   78   75   75   72   71   65   62   55   54   52   58   63
   75   86  102  115  132  143  151  171  180                                   
    40.0-180.0 180.0   5.0 450.0                            LAT/LON1/LON2/DLON/H
  188  203  216  231  241  243  240  236  231  224  215  207  197  193  187  185
  179  173  161  152  142  137  130  122  111  100   89   84   77   71   60   58
   51   53   50   57   57   62   61   64   63   67   68   72   73   75   73   76
   77   82   84   87   87   85   82   80   75   70   63   59   55   57   61   70
   81   95  109  126  143  154  162  181  188                                   
    37.5-180.0 180.0   5.0 450.0                            LAT/LON1/LON2/DLON/H
  191  203  211  227  236  238  238  235  234  229  226  217  211  203  199  192
  188  179  172  163  157  151  144  132  119  104   93   83   78   69   63   56
   57   55   59   60   64   65   67   66   68   68   73   75   79   79   80   80
   83   86   90   91   92   88   86   80   77   70   64   58   58   59   68   76
   89  100  117  132  150  160  166  187  191                                   
    35.0-180.0 180.0   5.0 450.0                            LAT/LON1/LON2/DLON/H
  188  199  208  219  226  226  227  228  232  233  232  230  223  218  211  207
  198  194  185  180  173  167  155  141  122  105   91   84   77   73   67   70
   70   74   74   78   76   77   74   75   73   75   78   82   84   86   85   86
   86   89   91   93   92   90   86   82   75   70   62   60   58   65   72   85
   95  108  121  136  151  162  170  192  188                                   
    32.5-180.0 180.0   5.0 450.0                            LAT/LON1/LON2/DLON/H
  188  193  195  205  209  210  213  216  226  231  239  238  237  229  225  217
  213  205  201  195  188  180  165  144  124  105   94   86   85   83   87   90
   96   98  102   98   96   91   90   85   85   84   87   89   92   91   91   88
   87   87   88   87   88   85   84   78   74   67   62   59   62   68   80   91
  104  114  127  139  154  163  171  197  188                                   
    30.0-180.0 180.0   5.0 450.0                            LAT/LON1/LON2/DLON/H
  191  194  195  200  201  202  204  211  222  233  243  248  246  243  235  231
  224  221  213  209  200  188  167  147  123  108   99   99  104  110  120  129
  138  140  138  130  122  113  106  102   99   98   99  101  102  101   98   95
   91   90   88   88   87   85   82   79   72   69   61   63   64   75   86  101
  114  125  135  145  158  168  179  208  191                                   
    27.5-180.0 180.0   5.0 450.0                            LAT/LON1/LON2/DLON/H
  209  208  203  206  204  203  205  211  225  236  251  255  258  251  246  237
  234  227  221  214  204  189  168  145  128  115  116  121  136  148  164  175
  184  180  173  159  148  133  125  116  115  112  113  111  113  109  106   99
   94   89   87   84   84   82   80   77   71   67   63   64   69   80   95  110
  125  136  146  156  168  180  191  224  209                                   
    25.0-180.0 180.0   5.0 450.0                            LAT/LON1/LON2/DLON/H
  235  236  234  231  226  226  225  232  241  253  265  271  270  264  254  248
  240  236  226  218  204  188  167  150  137  135  142  158  178  195  213  224
  226  217  202  186  170  155  142  135  130  127  126  125  125  121  116  110
  102   96   91   87   85   84   83   80   74   71   66   69   73   86  101  121
  137  151  162  173  187  203  217  251  235                                   
    22.5-180.0 180.0   5.0 450.0                            LAT/LON1/LON2/DLON/H
  276  279  276  273  271  270  272  273  280  283  290  290  288  277  267  254
  246  237  227  215  200  184  170  159  158  163  182  202  226  242  256  262
  260  248  228  204  183  166  154  145  142  136  135  131  132  126  124  115
  109   99   93   87   84   82   82   78   73   69   66   69   76   90  107  128
  149  166  180  194  210  231  248  283  276                                   
    20.0-180.0 180.0   5.0 450.0                            LAT/LON1/LON2/DLON/H
  319  325  324  322  323  326  326  326  325  325  322  322  313  302  284  272
  255  244  227  215  199  187  178  179  185  199  220  245  267  281  289  292
  286  270  240  213  187  173  159  154  149  145  143  141  139  136  132  126
  118  110  102   96   91   89   87   82   76   71   67   72   78   94  110  135
  160  181  201  216  237  259  280  314  319                                   
    17.5-180.0 180.0   5.0 450.0                            LAT/LON1/LON2/DLON/H
  361  370  368  372  378  383  387  382  379  370  366  359  352  334  316  293
  273  252  233  215  203  195  196  204  222  242  269  290  305  311  311  308
  297  274  242  213  188  170  158  153  150  147  145  142  142  138  136  130
  124  116  108   99   95   91   89   84   78   72   70   74   84   99  117  143
  170  197  221  241  261  285  310  344  361                                   
    15.0-180.0 180.0   5.0 450.0                            LAT/LON1/LON2/DLON/H
  394  406  407  415  426  436  440  439  430  421  411  405  393  377  351  329
  300  274  247  228  212  210  216  236  262  285  304  315  316  313  303  292
  274  249  218  195  175  161  153  150  150  148  148  145  146  143  142  136
  132  125  116  107  101   97   94   88   82   75   72   77   87  104  121  151
  183  214  242  263  287  313  335  370  394                                   
    12.5-180.0 180.0   5.0 450.0                            LAT/LON1/LON2/DLON/H
  415  431  432  447  464  477  485  487  483  473  463  453  443  422  400  372
  342  310  278  253  242  242  259  283  309  327  334  331  320  304  286  271
  246  225  200  185  168  159  154  153  152  151  149  147  145  142  141  137
  134  128  121  110  105   99   98   92   85   78   74   79   90  109  128  161
  194  228  257  282  306  333  357  389  415                                   
    10.0-180.0 180.0   5.0 450.0                            LAT/LON1/LON2/DLON/H
  429  447  449  466  487  507  517  524  521  517  505  498  485  466  444  419
  386  356  318  295  282  288  306  332  352  361  350  332  303  279  255  232
  208  194  182  172  166  162  163  161  161  157  155  150  147  143  142  139
  136  132  124  115  108  102  100   94   87   78   75   80   93  113  136  171
  208  241  273  297  322  349  369  399  429                                   
     7.5-180.0 180.0   5.0 450.0                            LAT/LON1/LON2/DLON/H
  432  454  457  479  501  524  537  548  551  549  543  538  528  508  487  460
  435  405  372  348  338  346  367  386  398  388  363  325  287  259  231  209
