data/unet/pred0190.15i
     1.0            IONOSPHERE MAPS     GNSS                IONEX VERSION / TYPE
pyspatialgeodesy        IME             05-JAN-18 20:20     PGM / RUN BY / DATE 
Map Name                                                    COMMENT             
Predicted global ionosphere maps (GIM).                     DESCRIPTION         
  2015     1    19     0     0     0                        EPOCH OF FIRST MAP  
  2015     1    20     0     0     0                        EPOCH OF LAST MAP   
  7200                                                      INTERVAL            
    13                                                      # OF MAPS IN FILE   
  NONE                                                      MAPPING FUNCTION    
10.0                                                        ELEVATION CUTOFF    
One-way carrier phase leveled to code                       OBSERVABLES USED    
  6371.0                                                    BASE RADIUS         
 2                                                          MAP DIMENSION       
   450.0 450.0   0.0                                        HGT1 / HGT2 / DHGT  
    87.5 -87.5  -2.5                                        LAT1 / LAT2 / DLAT  
  -180.0 180.0   5.0                                        LON1 / LON2 / DLON  
    -1                                                      EXPONENT            
                                                            END OF HEADER       
[from data line 858]
     3                                                      START OF TEC MAP    
  2015     1    19     4     0     0                        EPOCH OF CURRENT MAP
    87.5-180.0 180.0   5.0 450.0                            LAT/LON1/LON2/DLON/H
   45   77   74   72   68   67   67   67   67   68   68   68   67   68   68   68
   67   68   68   68   67   67   68   68   67   67   68   67   66   67   67   68
   67   68   68   70   70   71   71   70   72   70   72   69   71   68   70   67
   69   67   69   68   69   69   70   70   70   71   71   71   71   72   71   72
   71   72   72   73   74   72   82   52   45                                   
    85.0-180.0 180.0   5.0 450.0                            LAT/LON1/LON2/DLON/H
   85   76   57   61   57   54   54   54   54   55   55   55   55   56   56   56
   55   56   56   56   54   54   55   54   53   53   55   53   55   55   58   56
   59   58   62   60   64   62   65   62   65   62   64   62   62   61   61   60
   60   59   60   60   60   61   62   62   64   64   66   66   67   67   68   67
   68   67   67   67   66   63   80   91   85                                   
    82.5-180.0 180.0   5.0 450.0                            LAT/LON1/LON2/DLON/H
   90   59   62   55   52   43   48   43   49   44   50   46   51   47   52   47
   50   46   49   43   46   41   45   39   43   38   45   40   46   43   50   48
   53   52   58   57   60   61   63   64   63   64   63   64   61   62   59   61
   58   59   59   61   61   62   64   66   68   69   72   72   75   75   77   76
   77   74   76   71   71   65   79   90   90                                   
    80.0-180.0 180.0   5.0 450.0                            LAT/LON1/LON2/DLON/H
  101   71   68   63   58   53   51   52   52   54   55   59   59   61   61   62
   60   59   57   55   52   50   48   48   46   47   47   49   50   52   55   57
   59   63   65   69   69   74   73   76   73   75   71   71   66   67   63   64
   61   63   63   66   67   71   73   78   81   84   87   91   93   96   96   98
   97   98   95   95   91   86   91   97  101                                   
    77.5-180.0 180.0   5.0 450.0                            LAT/LON1/LON2/DLON/H
  109   79   74   71   61   59   53   58   54   61   60   67   65   71   69   73
   67   70   63   65   55   58   49   52   45   49   46   49   48   52   53   56
   58   62   64   69   69   75   74   77   75   75   73   70   66   63   60   58
   57   58   59   62   65   70   74   80   85   92   96  104  106  112  113  117
  116  116  114  111  108  101  106  103  109                                   
    75.0-180.0 180.0   5.0 450.0                            LAT/LON1/LON2/DLON/H
  116   88   77   71   62   56   52   53   53   57   60   64   68   70   73   70
   71   66   66   60   56   53   49   47   45   45   45   46   47   50   52   54
   56   61   63   68   69   73   75   75   74   72   70   66   62   59   55   54
   53   55   57   61   65   73   79   87   93   99  107  114  120  126  130  133
  134  135  133  130  124  115  115  111  116                                   
    72.5-180.0 180.0   5.0 450.0                            LAT/LON1/LON2/DLON/H
  125   92   84   75   64   56   50   50   48   53   55   60   63   66   68   67
   65   62   58   55   47   47   40   41   39   41   42   43   45   49   50   53
   55   58   61   63   64   67   68   68   67   64   63   58   58   52   52   49
   51   51   56   62   69   78   86   97  105  116  125  134  141  148  152  155
  155  154  153  149  143  132  129  123  125                                   
    70.0-180.0 180.0   5.0 450.0                            LAT/LON1/LON2/DLON/H
  133  104   92   81   69   60   51   53   48   53   53   59   61   63   65   63
   61   57   54   50   47   44   44   44   46   47   48   50   50   53   53   56
   55   58   57   59   59   61   61   61   60   58   57   53   51   48   47   46
   48   50   58   67   78   91  102  112  123  133  142  149  157  164  168  170
  171  169  166  163  155  144  138  132  133                                   
    67.5-180.0 180.0   5.0 450.0                            LAT/LON1/LON2/DLON/H
  141  109  100   89   73   63   53   52   47   50   49   54   54   56   56   55
   50   48   43   43   39   41   41   45   45   49   48   52   51   54   52   55
   53   55   52   54   52   53   53   53   53   50   52   48   48   44   45   44
   47   52   63   78   90  105  115  128  139  150  156  165  172  177  180  180
  180  177  173  167  161  155  146  143  141                                   
    65.0-180.0 180.0   5.0 450.0                            LAT/LON1/LON2/DLON/H
  147  124  110   98   83   73   61   59   51   54   50   54   51   53   51   50
   46   42   41   38   39   39   43   45   48   50   53   55   55   56   54   54
   51   51   48   47   46   46   46   45   46   45   47   45   44   42   44   44
   51   59   75   92  107  121  134  146  157  167  172  179  185  190  190  190
  187  183  177  172  164  158  154  149  147                                   
    62.5-180.0 180.0   5.0 450.0                            LAT/LON1/LON2/DLON/H
  154  126  116  104   88   77   66   62   55   54   50   52   48   50   46   47
   43   41   38   39   38   40   42   46   48   50   50   53   51   51   47   49
   45   45   41   41   40   39   40   39   42   42   46   45   45   44   45   48
   56   70   88  106  122  137  152  163  175  182  187  194  199  200  200  197
  192  186  178  171  167  166  160  157  154                                   
    60.0-180.0 180.0   5.0 450.0                            LAT/LON1/LON2/DLON/H
  158  138  124  113   98   86   75   67   60   54   49   49   46   47   44   45
   43   40   41   39   40   39   41   42   46   44   46   44   46   43   44   42
   42   40   39   37   38   35   36   35   41   41   48   45   48   45   48   51
   64   82  102  119  138  151  167  179  188  197  201  209  213  214  212  208
  201  193  183  179  171  169  168  161  158                                   
    57.5-180.0 180.0   5.0 450.0                            LAT/LON1/LON2/DLON/H
  168  140  128  117   99   87   75   68   60   55   48   47   44   45   43   47
   45   46   44   45   42   42   41   42   42   40   39   37   37   35   36   36
   37   37   38   36   39   34   39   38   46   46   53   51   53   51   55   61
   76   96  117  135  156  168  183  193  201  208  215  222  226  227  225  219
  211  202  192  185  181  183  177  169  168                                   
    55.0-180.0 180.0   5.0 450.0                            LAT/LON1/LON2/DLON/H
  174  151  134  122  105   93   81   72   63   53   48   43   43   42   44   46
   48   47   49   46   45   42   42   38   38   34   34   29   31   29   32   33
   38   39   43   41   44   41   47   46   55   54   61   57   59   58   62   72
   89  109  130  149  169  184  197  207  214  222  228  235  240  242  241  234
  225  215  206  200  193  191  188  177  174                                   
    52.5-180.0 180.0   5.0 450.0                            LAT/LON1/LON2/DLON/H
  187  158  141  128  111   98   85   76   66   57   49   43   41   41   42   46
   48   50   49   49   45   44   39   38   35   33   30   27   28   27   31   35
   41   45   50   50   54   52   58   57   64   64   69   67   69   70   74   89
  106  126  148  167  188  199  211  217  225  231  239  246  253  254  253  245
  236  226  216  210  206  207  200  187  187                                   
    50.0-180.0 180.0   5.0 450.0                            LAT/LON1/LON2/DLON/H
  194  167  149  136  120  107   93   83   71   60   51   43   42   39   42   44
   49   48   50   48   48   44   43   41   41   37   37   32   34   31   36   40
   49   53   60   61   67   64   71   69   77   75   79   77   80   82   89  104
  123  141  163  183  201  213  224  229  237  242  251  256  262  261  260  252
  243  234  226  223  217  214  210  195  194                                   
    47.5-180.0 180.0   5.0 450.0                            LAT/LON1/LON2/DLON/H
  205  177  160  147  129  116  102   90   78   67   56   47   43   40   40   41
   46   47   49   49   49   49   48   50   50   49   48   45   44   43   45   50
   57   63   70   72   78   76   82   80   85   83   87   86   89   95  105  121
  138  160  184  200  219  231  238  245  250  255  258  262  264  263  258  250
  238  231  227  225  224  224  217  202  205                                   
    45.0-180.0 180.0   5.0 450.0                            LAT/LON1/LON2/DLON/H
  208  186  169  156  140  127  112  101   86   74   61   53   48   42   43   41
   45   44   49   50   55   56   61   62   67   65   67   61   62   57   60   62
   69   74   80   82   89   87   93   91   96   95   96   98  100  110  121  137
  156  179  198  218  233  246  255  259  264  264  263  262  260  257  250  240
  229  225  223  225  224  223  219  206  208                                   
    42.5-180.0 180.0   5.0 450.0                            LAT/LON1/LON2/DLON/H
  210  190  175  165  146  134  119  107   94   82   68   60   52   47   44   42
   44   46   51   56   62   68   73   78   83   85   85   82   78   74   72   74
   77   82   85   90   94   95   98   98  101  102  105  106  111  124  136  156
  176  197  216  234  249  262  271  275  275  271  262  257  253  246  239  228
  218  214  213  215  221  223  220  208  210                                   
    40.0-180.0 180.0   5.0 450.0                            LAT/LON1/LON2/DLON/H
  206  192  177  167  153  140  125  114   99   89   74   68   61   55   52   48
   51   54   62   70   79   84   91   95  100  102  102   98   94   88   85   83
   85   86   90   93   98  100  103  106  108  111  112  115  120  135  149  170
  189  210  226  245  259  273  284  288  288  280  270  259  254  245  238  229
  221  217  215  217  219  219  218  206  206                                   
    37.5-180.0 180.0   5.0 450.0                            LAT/LON1/LON2/DLON/H
  204  191  176  169  152  141  125  115  102   94   82   79   71   68   64   62
   64   70   80   89   98  103  106  109  111  113  111  108  101   97   91   90
   88   89   90   92   98  100  105  107  111  114  116  120  127  144  160  181
  201  218  236  250  267  281  294  300  299  291  279  270  264  256  251  243
  237  231  229  227  227  225  221  208  204                                   
    35.0-180.0 180.0   5.0 450.0                            LAT/LON1/LON2/DLON/H
  204  190  173  163  150  138  125  114  100   93   86   83   80   79   77   77
   82   90  101  112  118  120  120  118  118  117  116  111  107  101   97   93
   93   91   93   94   99  104  109  114  117  120  121  125  132  149  165  185
  205  223  239  255  271  289  304  314  317  313  305  299  297  294  292  286
  280  273  265  256  246  237  229  214  204                                   
    32.5-180.0 180.0   5.0 450.0                            LAT/LON1/LON2/DLON/H
  212  193  174  165  146  135  121  111   99   93   86   88   85   90   89   92
  100  110  120  128  132  131  127  123  118  116  112  109  104  102   98   95
   93   91   92   92   96  101  108  113  117  119  121  126  135  149  168  187
  207  224  243  257  275  294  313  326  335  336  336  336  341  347  352  354
  351  340  324  303  290  270  253  236  212                                   
    30.0-180.0 180.0   5.0 450.0                            LAT/LON1/LON2/DLON/H
  227  202  182  164  148  133  119  106   96   87   85   85   89   95   97  105
  114  124  132  138  139  135  128  119  114  110  109  107  106  103  101   98
   95   94   93   93   95  100  106  113  116  119  121  126  136  153  170  188
  206  221  240  257  278  299  321  341  358  368  375  382  401  420  441  450
  449  436  412  384  359  321  288  263  227                                   
    27.5-180.0 180.0   5.0 450.0                            LAT/LON1/LON2/DLON/H
  257  223  202  182  159  141  125  113  101   93   86   87   88   98  102  112
  119  128  134  138  136  131  121  114  108  107  106  107  107  107  105  102
   99   96   95   92   92   94  100  107  110  114  115  122  135  154  174  189
  205  217  235  253  279  307  335  363  384  402  415  433  462  500  533  552
  554  543  516  483  449  401  349  323  257                                   
    25.0-180.0 180.0   5.0 450.0                            LAT/LON1/LON2/DLON/H
  309  256  229  201  182  160  140  124  110   96   90   85   89   95  101  112
  117  124  126  127  124  118  112  105  105  105  107  111  112  115  113  114
  109  107  102   99   94   93   93   98  102  104  108  115  133  155  176  194
  210  226  241  260  286  317  350  383  413  438  457  484  525  572  609  640
  643  640  609  583  546  495  438  400  309                                   
    22.5-180.0 180.0   5.0 450.0                            LAT/LON1/LON2/DLON/H
  379  313  278  245  223  202  179  156  137  122  107  100   96  100  103  110
  112  113  111  111  107  105  103  103  105  110  115  120  125  125  127  122
  120  112  104   97   90   88   84   87   90   93   97  110  133  157  184  202
  223  240  262  280  306  338  375  413  446  476  500  530  574  621  658  689
  693  699  679  660  631  582  530  488  379                                   
    20.0-180.0 180.0   5.0 450.0                            LAT/LON1/LON2/DLON/H
  456  396  344  297  276  253  224  198  174  147  130  116  114  109  111  112
  109  104   94   94   94   97  102  105  114  120  129  136  141  144  141  139
  130  120  108  100   89   82   77   76   79   81   89  105  132  160  191  215
  238  260  283  303  329  362  400  439  472  502  531  564  601  639  666  693
  698  708  696  693  676  636  607  560  456                                   
    17.5-180.0 180.0   5.0 450.0                            LAT/LON1/LON2/DLON/H
  518  470  420  376  342  319  290  260  230  202  175  157  144  138  134  131
  121  108   96   92   97  104  115  122  133  142  151  157  162  158  156  145
  135  120  105   95   84   80   72   72   70   74   84  104  138  170  203  227
  254  278  306  327  354  390  425  463  493  520  548  573  599  620  638  655
  662  670  668  679  682  664  640  601  518                                   
    15.0-180.0 180.0   5.0 450.0                            LAT/LON1/LON2/DLON/H
  565  526  491  448  420  387  356  325  291  256  226  201  187  178  173  162
  148  129  115  110  114  122  134  143  156  166  176  181  180  173  163  152
  136  120  104   93   84   79   72   67   66   69   83  104  142  178  210  237
  264  290  322  344  375  406  441  472  499  522  551  564  581  587  597  606
  613  616  621  635  655  646  643  624  565                                   
    12.5-180.0 180.0   5.0 450.0                            LAT/LON1/LON2/DLON/H
  589  564  540  511  482  453  419  386  349  316  286  265  245  235  226  214
  196  172  156  146  150  157  169  178  188  198  203  202  197  181  171  152
  136  120  102   96   86   84   76   70   66   70   85  107  147  184  216  243
  271  299  329  357  386  418  447  473  498  520  538  547  551  551  550  555
  560  562  566  589  616  623  620  615  589                                   
    10.0-180.0 180.0   5.0 450.0                            LAT/LON1/LON2/DLON/H
  599  583  570  547  529  502  470  440  405  373  340  321  304  294  283  269
  250  227  209  198  198  202  211  215  222  225  225  217  203  185  169  151
  134  119  104   96   90   86   81   71   70   72   87  109  150  185  219  245
  276  299  331  358  389  415  444  459  485  495  522  520  526  519  520  519
  527  524  533  559  590  595  594  600  599                                   
     7.5-180.0 180.0   5.0 450.0                            LAT/LON1/LON2/DLON/H
  587  586  580  567  553  532  505  478  449  420  391  374  359  350  337  325
  307  286  269  254  250  248  250  253  253  249  240  222  208  182  168  149
