data/unet/pred3520.15i
     1.0            IONOSPHERE MAPS     GNSS                IONEX VERSION / TYPE
pyspatialgeodesy        IME             05-JAN-18 20:20     PGM / RUN BY / DATE 
Map Name                                                    COMMENT             
Predicted global ionosphere maps (GIM).                     DESCRIPTION         
  2015    12    18     0     0     0                        EPOCH OF FIRST MAP  
  2015    12    19     0     0     0                        EPOCH OF LAST MAP   
  7200                                                      INTERVAL            
    13                                                      # OF MAPS IN FILE   
  NONE                                                      MAPPING FUNCTION    
10.0                                                        ELEVATION CUTOFF    
One-way carrier phase leveled to code                       OBSERVABLES USED    
  6371.0                                                    BASE RADIUS         
 2                                                          MAP DIMENSION       
   450.0 450.0   0.0                                        HGT1 / HGT2 / DHGT  
    87.5 -87.5  -2.5                                        LAT1 / LAT2 / DLAT  
  -180.0 180.0   5.0                                        LON1 / LON2 / DLON  
    -1                                                      EXPONENT            
                                                            END OF HEADER       
[from data line 5148]
    13                                                      START OF TEC MAP    
  2015    12    19     0     0     0                        EPOCH OF CURRENT MAP
    87.5-180.0 180.0   5.0 450.0                            LAT/LON1/LON2/DLON/H
   91   71   63   59   61   58   62   59   64   61   64   61   64   61   64   61
   64   61   63   61   63   60   63   60   62   59   62   59   61   59   61   59
   61   59   61   59   62   59   62   60   63   61   63   61   64   61   64   61
   64   61   64   61   64   60   63   60   63   59   62   59   62   58   61   57
   61   57   61   58   65   62   75   72   91                                   
    85.0-180.0 180.0   5.0 450.0                            LAT/LON1/LON2/DLON/H
   78   37   37   36   37   36   41   40   45   43   47   44   48   45   49   45
   48   45   48   44   46   42   45   41   43   39   42   37   40   36   39   36
   39   36   40   37   41   39   43   41   45   43   47   44   48   45   48   45
   48   44   47   43   46   43   45   41   44   41   42   38   40   37   38   34
   36   33   36   33   40   32   38   73   78                                   
    82.5-180.0 180.0   5.0 450.0                            LAT/LON1/LON2/DLON/H
   68   36   37   40   40   39   43   44   47   46   49   49   52   50   53   52
   53   51   52   50   50   47   47   44   43   39   39   36   36   34   35   33
   35   33   36   36   39   39   43   43   46   46   49   49   52   50   52   50
   52   49   50   47   49   45   47   43   45   41   43   39   41   37   40   36
   39   35   39   37   41   35   44   72   68                                   
    80.0-180.0 180.0   5.0 450.0                            LAT/LON1/LON2/DLON/H
   70   45   47   51   49   50   52   54   56   57   59   60   61   62   63   63
   64   63   63   62   61   58   56   53   51   47   45   42   40   38   38   37
   38   38   40   42   45   47   50   52   55   56   59   60   61   61   62   60
   60   58   58   56   55   53   52   50   49   47   47   45   45   43   44   43
   44   43   46   46   48   44   51   75   70                                   
    77.5-180.0 180.0   5.0 450.0                            LAT/LON1/LON2/DLON/H
   76   50   53   56   55   56   59   60   62   63   64   65   67   67   69   69
   70   69   70   69   68   66   64   60   57   53   50   46   43   41   40   39
   39   40   42   45   47   50   54   57   59   61   63   64   65   64   65   63
   62   60   59   56   55   52   50   48   47   44   44   42   42   40   41   40
   42   42   46   48   52   50   56   76   76                                   
    75.0-180.0 180.0   5.0 450.0                            LAT/LON1/LON2/DLON/H
   80   62   64   69   66   68   69   71   71   72   73   73   73   73   73   73
   73   74   75   75   74   73   71   68   63   60   56   53   48   46   45   44
   44   45   48   51   53   56   59   62   63   65   67   68   67   67   66   64
   62   60   57   55   52   50   47   45   43   42   41   40   39   40   40   42
   42   46   49   54   58   58   64   84   80                                   
    72.5-180.0 180.0   5.0 450.0                            LAT/LON1/LON2/DLON/H
   93   74   81   84   80   80   82   82   82   81   80   79   76   75   73   72
   70   70   71   72   71   71   71   68   65   62   59   55   51   49   48   47
   47   48   51   53   55   57   60   61   62   62   64   63   62   61   60   58
   55   53   51   48   46   43   42   39   38   35   36   34   35   35   38   39
   43   46   53   58   66   68   74   90   93                                   
    70.0-180.0 180.0   5.0 450.0                            LAT/LON1/LON2/DLON/H
  100   92   98  101   97   96   96   96   94   92   90   86   81   75   71   67
   64   62   63   63   64   65   66   64   62   60   58   55   52   50   50   48
   48   49   52   52   54   54   56   56   56   55   56   55   54   52   51   49
   47   45   44   41   40   38   37   35   34   33   33   32   34   35   38   42
   46   51   58   67   75   79   87  101  100                                   
    67.5-180.0 180.0   5.0 450.0                            LAT/LON1/LON2/DLON/H
  116  108  116  118  113  111  111  110  107  104  100   94   86   78   69   62
   56   54   53   54   55   56   58   58   57   56   55   53   51   50   50   48
   48   48   49   49   49   49   50   48   49   47   48   45   45   42   42   39
   39   37   38   36   37   35   36   34   35   32   34   33   36   38   43   46
   52   57   66   74   85   90   98  108  116                                   
    65.0-180.0 180.0   5.0 450.0                            LAT/LON1/LON2/DLON/H
  122  123  129  132  125  124  122  121  119  116  110  103   92   80   69   58
   50   45   44   44   46   47   50   50   51   51   51   51   50   49   49   48
   47   45   45   44   43   42   42   40   40   39   39   38   36   34   34   32
   32   31   32   32   34   35   36   35   36   35   36   37   41   44   49   54
   60   66   75   84   93   99  109  118  122                                   
    62.5-180.0 180.0   5.0 450.0                            LAT/LON1/LON2/DLON/H
  135  133  140  140  134  131  129  128  127  124  119  111   99   86   71   58
   48   41   39   38   40   40   43   43   45   44   46   46   47   45   45   43
   42   38   38   36   35   33   33   31   32   30   31   30   30   27   27   26
   27   26   29   30   34   34   37   36   38   37   40   41   47   50   58   63
   71   76   85   92  102  108  116  124  135                                   
    60.0-180.0 180.0   5.0 450.0                            LAT/LON1/LON2/DLON/H
  136  139  144  146  138  135  133  133  131  130  125  118  106   92   76   61
   50   41   38   35   36   35   37   37   39   38   40   41   42   41   41   39
   37   34   33   31   30   28   28   27   28   26   28   27   27   24   24   22
   24   24   26   28   32   34   36   36   38   38   42   45   53   59   67   74
   82   88   96  103  109  114  122  129  136                                   
    57.5-180.0 180.0   5.0 450.0                            LAT/LON1/LON2/DLON/H
  146  145  150  150  143  139  136  136  135  135  130  125  114  101   85   70
   57   48   42   38   37   35   34   33   33   32   34   35   37   36   37   34
   33   30   29   28   27   27   27   28   28   29   30   30   29   27   25   24
   24   24   26   28   33   33   36   36   39   39   45   49   59   66   77   84
   94  100  109  114  120  123  128  134  146                                   
    55.0-180.0 180.0   5.0 450.0                            LAT/LON1/LON2/DLON/H
  148  152  157  158  149  145  141  140  139  139  134  130  120  109   94   80
   67   57   49   44   40   35   33   29   29   28   30   32   35   36   36   34
   32   30   30   30   30   31   32   32   34   35   37   37   35   33   31   28
   27   26   28   29   34   34   37   37   40   42   47   53   64   73   85   95
  105  113  122  127  131  134  139  143  148                                   
    52.5-180.0 180.0   5.0 450.0                            LAT/LON1/LON2/DLON/H
  162  163  169  169  160  155  150  147  145  143  139  135  127  117  104   92
   80   69   60   52   46   40   35   32   30   30   31   34   37   38   38   37
   35   35   35   37   38   40   41   43   44   46   47   48   45   43   39   36
   33   32   32   34   37   38   40   41   44   45   50   56   69   78   93  103
  116  125  136  142  146  149  152  156  162                                   
    50.0-180.0 180.0   5.0 450.0                            LAT/LON1/LON2/DLON/H
  172  176  186  186  177  172  164  159  153  150  142  138  130  123  112  101
   90   78   67   59   51   45   38   35   33   33   35   38   41   43   42   41
   40   41   42   45   47   49   51   53   54   56   58   59   57   55   51   47
   43   41   40   41   43   45   47   48   51   53   58   63   75   86  100  112
  126  137  149  156  160  163  168  170  172                                   
    47.5-180.0 180.0   5.0 450.0                            LAT/LON1/LON2/DLON/H
  191  194  203  205  198  194  185  178  167  159  149  143  136  130  120  110
   98   86   75   65   58   52   47   44   42   43   45   47   49   50   49   48
   47   48   51   54   57   59   61   63   64   66   67   69   68   66   62   59
   55   52   51   52   54   55   58   59   61   62   67   72   83   93  107  119
  134  146  160  168  173  177  181  184  191                                   
    45.0-180.0 180.0   5.0 450.0                            LAT/LON1/LON2/DLON/H
  202  210  221  225  220  216  207  197  183  171  157  149  140  135  125  115
  103   90   78   69   63   59   55   54   53   53   55   57   57   58   56   55
   54   55   58   61   65   67   69   70   71   73   75   77   78   76   74   70
   67   65   64   64   66   68   70   71   74   75   79   84   93  101  115  125
  140  153  167  176  182  186  193  196  202                                   
    42.5-180.0 180.0   5.0 450.0                            LAT/LON1/LON2/DLON/H
  215  221  234  240  238  235  227  215  200  184  167  156  147  141  131  120
  107   93   81   74   70   69   68   66   65   64   65   64   64   63   62   60
   59   60   63   66   69   72   73   73   74   76   79   82   84   84   83   80
   79   77   76   75   78   79   81   82   85   86   90   94  102  110  121  131
  144  157  171  181  186  192  199  204  215                                   
    40.0-180.0 180.0   5.0 450.0                            LAT/LON1/LON2/DLON/H
  217  229  241  247  247  248  240  228  211  193  175  162  153  146  136  124
  110   96   85   80   79   80   80   79   76   74   71   70   68   67   64   63
   62   63   65   68   72   74   75   75   76   79   83   87   90   90   90   88
   87   86   86   85   87   88   91   91   96   97  102  106  114  120  131  138
  150  161  175  183  187  192  201  205  217                                   
    37.5-180.0 180.0   5.0 450.0                            LAT/LON1/LON2/DLON/H
  221  228  239  245  246  247  244  234  217  200  182  169  160  153  143  130
  116  102   94   91   93   95   95   91   86   80   76   72   70   68   67   65
   64   64   66   69   72   74   75   76   78   81   87   91   94   94   95   93
   93   93   92   91   93   94   97   98  103  105  112  117  126  132  141  149
  158  168  178  185  187  192  198  201  221                                   
    35.0-180.0 180.0   5.0 450.0                            LAT/LON1/LON2/DLON/H
  219  228  235  237  236  240  238  231  217  202  186  174  166  159  150  137
  123  112  105  104  107  108  105   99   90   82   77   73   71   71   70   70
   69   69   71   72   75   76   78   79   82   86   93   96   99   99   98   97
   97   96   95   93   95   95   99  100  107  110  120  126  137  143  154  159
  169  176  185  189  189  192  199  201  219                                   
    32.5-180.0 180.0   5.0 450.0                            LAT/LON1/LON2/DLON/H
  227  229  232  230  227  230  229  225  214  203  189  180  172  166  156  145
  133  124  119  118  119  118  111  101   90   81   76   74   75   77   79   80
   79   80   80   82   83   84   84   86   88   93   99  102  103  101   99   97
   96   94   93   92   94   95  100  103  112  116  127  135  146  156  166  173
  180  189  195  199  197  200  204  208  227                                   
    30.0-180.0 180.0   5.0 450.0                            LAT/LON1/LON2/DLON/H
  243  244  242  234  228  229  226  224  214  205  192  184  178  171  163  152
  143  135  131  129  127  120  110   97   87   80   78   81   86   93   97  100
   99   98   98   97   98   97   97   97  100  104  109  110  109  104  101   96
   95   93   92   90   93   94  100  104  116  123  137  146  162  171  185  191
  201  207  213  217  216  216  221  229  243                                   
    27.5-180.0 180.0   5.0 450.0                            LAT/LON1/LON2/DLON/H
  277  270  268  257  247  245  241  236  226  216  203  195  186  179  169  160
  150  144  139  133  126  116  103   92   84   84   88   98  108  119  124  127
  125  123  120  118  115  114  111  110  111  113  117  116  112  105   99   94
   90   88   87   86   88   91   98  106  119  130  145  158  174  187  201  211
  221  228  234  237  238  240  247  258  277                                   
    25.0-180.0 180.0   5.0 450.0                            LAT/LON1/LON2/DLON/H
  312  311  311  297  287  283  274  266  251  238  222  212  200  189  178  166
  157  148  141  130  119  106   95   87   87   94  107  123  138  150  155  157
  154  149  144  138  135  131  127  123  123  123  124  120  115  105   97   89
   85   82   81   81   84   88   97  106  121  133  150  163  182  195  215  226
  241  249  258  260  265  269  286  301  312                                   
    22.5-180.0 180.0   5.0 450.0                            LAT/LON1/LON2/DLON/H
  352  351  359  350  342  338  328  316  298  280  259  241  222  207  190  176
  162  152  137  123  107   95   88   90   99  117  136  156  171  182  185  183
  175  167  158  151  145  140  134  130  127  126  124  120  113  103   93   84
   80   76   77   78   82   86   96  107  124  138  155  171  188  204  225  241
  258  268  279  284  292  302  326  345  352                                   
    20.0-180.0 180.0   5.0 450.0                            LAT/LON1/LON2/DLON/H
  393  400  413  411  413  411  398  381  359  336  308  283  255  233  210  191
  172  154  135  115   99   90   91  103  124  148  171  191  203  209  208  202
  191  177  165  155  148  141  135  128  126  123  122  116  109   98   89   79
   75   71   73   73   79   85   96  109  128  144  164  179  197  214  239  255
  275  286  301  311  325  344  376  395  393                                   
    17.5-180.0 180.0   5.0 450.0                            LAT/LON1/LON2/DLON/H
  432  443  460  470  486  492  482  462  433  404  369  336  301  269  240  215
  188  163  136  115   99   97  107  131  157  186  207  221  224  223  214  203
  187  173  156  147  138  133  125  121  118  116  114  110  104   95   88   79
   71   68   68   70   77   85   96  111  134  155  175  193  210  230  253  272
  292  307  324  339  358  382  418  433  432                                   
    15.0-180.0 180.0   5.0 450.0                            LAT/LON1/LON2/DLON/H
  468  488  505  526  552  567  563  547  514  478  434  397  355  317  280  248
  214  183  150  127  116  121  141  167  199  222  237  239  233  222  209  192
  174  157  140  130  123  119  114  112  111  107  108  102  100   91   87   75
   72   67   70   73   82   90  102  117  141  164  186  205  224  245  268  286
  308  323  343  357  381  407  449  463  468                                   
    12.5-180.0 180.0   5.0 450.0                            LAT/LON1/LON2/DLON/H
  495  518  539  564  593  613  617  606  582  546  501  457  411  371  329  291
  253  216  180  158  150  163  185  216  242  256  254  241  224  209  190  175
  152  138  122  116  108  109  103  107  104  104  101   99   94   90   83   78
   74   73   75   80   86   95  107  125  150  175  200  222  243  264  283  304
  323  339  359  373  392  420  460  474  495                                   
    10.0-180.0 180.0   5.0 450.0                            LAT/LON1/LON2/DLON/H
  505  538  559  589  621  643  649  643  625  598  557  516  468  427  383  344
  302  265  228  208  206  219  246  271  285  278  256  229  207  187  169  153
  136  123  111  109  106  109  107  109  108  104  104   99  100   92   90   83
   83   80   84   87   93   99  111  129  156  183  211  237  258  280  302  322
  337  354  370  383  400  423  465  475  505                                   
     7.5-180.0 180.0   5.0 450.0                            LAT/LON1/LON2/DLON/H
  509  538  562  588  621  642  650  649  639  620  591  555  513  474  433  394
  353  316  283  268  267  282  302  316  309  282  243  213  184  172  156  147
