data/unet/pred2360.15i
     1.0            IONOSPHERE MAPS     GNSS                IONEX VERSION / TYPE
pyspatialgeodesy        IME             05-JAN-18 20:20     PGM / RUN BY / DATE 
Map Name                                                    COMMENT             
Predicted global ionosphere maps (GIM).                     DESCRIPTION         
  2015     8    24     0     0     0                        EPOCH OF FIRST MAP  
  2015     8    25     0     0     0                        EPOCH OF LAST MAP   
  7200                                                      INTERVAL            
    13                                                      # OF MAPS IN FILE   
  NONE                                                      MAPPING FUNCTION    
10.0                                                        ELEVATION CUTOFF    
One-way carrier phase leveled to code                       OBSERVABLES USED    
  6371.0                                                    BASE RADIUS         
 2                                                          MAP DIMENSION       
   450.0 450.0   0.0                                        HGT1 / HGT2 / DHGT  
    87.5 -87.5  -2.5                                        LAT1 / LAT2 / DLAT  
  -180.0 180.0   5.0                                        LON1 / LON2 / DLON  
    -1                                                      EXPONENT            
                                                            END OF HEADER       
[from data line 3861]
    10                                                      START OF TEC MAP    
  2015     8    24    18     0     0                        EPOCH OF CURRENT MAP
    87.5-180.0 180.0   5.0 450.0                            LAT/LON1/LON2/DLON/H
  148  118  114  117  116  114  116  116  118  118  120  119  121  120  122  121
  123  121  123  121  123  121  122  119  121  118  119  115  116  112  114  110
  111  108  109  106  108  105  107  104  106  104  106  103  106  104  106  104
  107  105  108  106  109  107  110  108  111  109  111  109  112  110  112  110
  112  111  112  111  115  111  124  135  148                                   
    85.0-180.0 180.0   5.0 450.0                            LAT/LON1/LON2/DLON/H
  106  102  103  108  109  110  110  113  113  116  115  119  117  121  119  122
  120  123  120  123  120  122  119  120  117  117  114  114  111  111  107  107
  104  105  101  102   99  100   97   98   97   98   97   97   97   98   98   99
   99  100  100  101  102  102  103  103  104  104  104  104  104  105  104  105
  104  105  104  104  105  101  111  126  106                                   
    82.5-180.0 180.0   5.0 450.0                            LAT/LON1/LON2/DLON/H
  102   94  101  102  105  105  108  109  112  114  116  118  120  121  123  124
  126  125  126  125  126  124  123  121  120  118  115  113  110  108  106  104
  102  100   97   96   94   94   91   91   89   90   89   89   89   89   90   90
   92   92   94   94   96   96   98   97   99   98   99   98   99   98   98   98
   98   97   97   97   98   91   96  102  102                                   
    80.0-180.0 180.0   5.0 450.0                            LAT/LON1/LON2/DLON/H
   94   93   93   98   98  100  103  106  109  112  116  118  123  124  128  128
  132  131  133  131  133  131  130  127  124  122  118  116  111  110  104  104
   99   99   94   94   90   91   86   88   84   86   82   84   81   84   82   84
   83   86   85   89   88   91   90   93   91   94   91   94   91   93   91   93
   90   92   90   91   90   84   90   95   94                                   
    77.5-180.0 180.0   5.0 450.0                            LAT/LON1/LON2/DLON/H
   85   84   89   89   93   94   98  100  105  108  113  116  121  124  129  131
  133  135  136  136  135  134  132  129  125  122  118  114  110  107  104  101
   98   96   94   92   89   88   85   84   81   80   79   78   77   77   77   78
   79   79   82   82   84   84   87   86   88   87   89   87   88   86   88   86
   87   85   86   84   85   79   81   87   85                                   
    75.0-180.0 180.0   5.0 450.0                            LAT/LON1/LON2/DLON/H
   79   81   82   88   87   93   94   99  101  107  112  117  122  127  131  135
  137  139  140  140  139  138  135  133  127  125  119  116  110  108  104  102
   99   97   94   92   90   88   85   83   79   78   75   74   71   73   71   73
   71   75   74   77   76   79   78   81   79   82   80   82   80   82   80   82
   80   82   80   82   80   75   80   89   79                                   
    72.5-180.0 180.0   5.0 450.0                            LAT/LON1/LON2/DLON/H
   76   77   83   83   87   88   92   95  100  103  110  114  120  125  130  133
  137  137  140  139  139  136  136  131  128  122  120  114  112  107  106  102
  101   98   96   93   91   88   86   83   80   76   74   71   70   67   68   67
   69   68   71   70   72   70   73   71   73   71   74   72   75   74   76   74
   76   75   77   76   79   73   77   83   76                                   
    70.0-180.0 180.0   5.0 450.0                            LAT/LON1/LON2/DLON/H
   74   77   81   85   86   89   92   95   99  103  109  114  119  124  129  132
  134  136  137  137  137  136  134  131  126  122  117  114  110  108  105  104
  101  100   97   95   92   90   87   85   80   78   73   71   68   67   65   66
   65   66   64   65   63   64   62   63   61   63   62   64   64   67   66   69
   68   71   69   73   73   70   76   86   74                                   
    67.5-180.0 180.0   5.0 450.0                            LAT/LON1/LON2/DLON/H
   76   77   85   84   88   88   93   94   99  101  108  111  118  121  126  127
  131  131  134  132  135  132  133  128  126  120  118  112  112  108  108  106
  105  102  100   97   94   92   89   86   83   79   76   72   70   66   66   64
   64   62   62   59   58   55   55   53   53   52   54   56   57   58   61   61
   63   63   65   67   71   68   75   80   76                                   
    65.0-180.0 180.0   5.0 450.0                            LAT/LON1/LON2/DLON/H
   76   80   84   89   90   93   95   97  101  104  109  113  118  121  124  126
  127  128  128  130  130  131  130  127  123  120  116  113  110  110  109  109
  106  105  102  100   96   95   91   90   85   84   78   76   71   70   66   66
   63   62   59   57   52   50   46   45   43   45   44   48   49   53   53   57
   55   59   58   63   65   64   74   81   76                                   
    62.5-180.0 180.0   5.0 450.0                            LAT/LON1/LON2/DLON/H
   77   80   88   88   94   94   98   98  103  105  111  114  119  120  125  123
  126  124  126  126  129  127  129  125  124  118  117  113  114  113  114  113
  112  109  105  102  100   97   96   94   91   88   85   81   78   73   71   68
   66   62   59   54   50   44   42   38   39   38   41   43   46   48   50   52
   53   53   55   57   61   61   71   75   77                                   
    60.0-180.0 180.0   5.0 450.0                            LAT/LON1/LON2/DLON/H
   79   82   87   92   95   98  100  102  105  108  113  116  120  122  124  123
  123  122  122  124  125  127  126  125  122  118  116  115  116  117  118  119
  116  114  109  107  102  102  100  101   98   97   92   90   85   82   77   74
   69   67   60   55   49   44   40   37   36   37   38   41   43   46   46   50
   47   51   49   54   55   56   68   73   79                                   
    57.5-180.0 180.0   5.0 450.0                            LAT/LON1/LON2/DLON/H
   79   82   89   91   98   98  103  102  107  108  114  116  122  122  125  122
  124  120  122  121  125  123  127  123  123  118  119  118  122  123  127  125
  124  119  115  111  108  107  108  108  107  105  102   99   94   89   85   81
   75   70   65   58   52   46   43   40   40   39   42   43   45   45   46   47
   47   47   48   50   54   56   65   66   79                                   
    55.0-180.0 180.0   5.0 450.0                            LAT/LON1/LON2/DLON/H
   81   84   87   94   98  102  104  106  108  111  115  119  122  124  126  125
  124  122  122  122  124  125  126  124  122  120  121  122  126  129  133  132
  130  126  121  118  114  116  115  118  116  117  113  111  105  101   94   90
   83   78   71   65   57   53   49   47   46   47   48   49   48   48   46   47
   44   47   44   49   50   53   63   66   81                                   
    52.5-180.0 180.0   5.0 450.0                            LAT/LON1/LON2/DLON/H
   81   84   90   94  101  103  108  108  112  112  118  119  124  124  128  125
  126  121  122  121  124  123  126  123  123  120  123  125  131  135  140  138
  137  131  128  124  124  124  126  128  128  127  124  120  115  109  103   97
   91   85   79   72   67   62   60   58   58   58   58   56   55   51   50   48
   47   46   47   48   52   54   63   65   81                                   
    50.0-180.0 180.0   5.0 450.0                            LAT/LON1/LON2/DLON/H
   83   89   90   99  103  109  112  114  116  118  121  123  126  128  130  130
  130  127  126  125  126  126  127  125  123  122  124  127  133  137  142  141
  140  136  133  132  131  134  135  138  137  137  134  130  125  119  113  107
  101   95   88   83   78   76   74   74   74   74   72   69   64   60   56   54
   50   51   49   52   53   55   65   71   83                                   
    47.5-180.0 180.0   5.0 450.0                            LAT/LON1/LON2/DLON/H
   87   89   95  100  109  113  120  120  125  123  127  126  131  130  134  132
  134  130  129  127  127  126  127  125  125  123  127  129  136  139  144  143
  143  139  140  138  141  142  147  148  148  147  144  139  133  128  122  115
  109  103   99   94   92   89   90   90   91   88   86   80   75   68   64   61
   59   58   58   58   59   59   68   75   87                                   
    45.0-180.0 180.0   5.0 450.0                            LAT/LON1/LON2/DLON/H
   89   94   96  106  113  121  128  132  135  136  137  136  138  139  140  141
  141  139  137  135  134  131  130  129  128  128  130  133  138  141  144  144
  144  144  145  148  151  155  158  159  158  157  152  148  142  136  130  124
  119  114  110  108  106  106  106  106  107  104  100   93   87   80   75   73
   71   72   69   69   67   66   74   85   89                                   
    42.5-180.0 180.0   5.0 450.0                            LAT/LON1/LON2/DLON/H
   92   94  101  108  119  126  137  142  150  148  151  147  149  146  149  147
  149  144  145  140  139  135  135  133  133  133  136  138  142  144  147  147
  149  149  154  156  164  165  171  169  169  165  161  156  151  145  139  133
  128  123  121  119  119  118  119  120  120  117  112  105   99   92   88   86
   85   83   81   78   75   70   79   91   92                                   
    40.0-180.0 180.0   5.0 450.0                            LAT/LON1/LON2/DLON/H
   94   99  102  113  123  135  147  156  164  167  167  164  162  160  161  159
  159  157  155  152  148  144  142  141  141  141  144  146  149  150  152  154
  156  161  165  171  177  180  183  181  179  175  171  165  160  154  149  143
  137  133  130  128  128  128  129  129  129  126  122  116  111  106  103  102
  100   99   94   89   83   79   86   97   94                                   
    37.5-180.0 180.0   5.0 450.0                            LAT/LON1/LON2/DLON/H
   99  102  106  115  128  138  155  165  179  179  183  177  177  171  172  169
  170  166  165  160  158  151  151  148  151  152  156  157  160  161  165  166
  173  177  185  189  196  195  199  193  190  184  179  173  168  162  157  150
  145  140  136  134  133  132  133  133  133  132  128  125  120  119  116  115
  112  109  102   96   88   82   89  101   99                                   
    35.0-180.0 180.0   5.0 450.0                            LAT/LON1/LON2/DLON/H
  100  107  109  120  132  145  162  176  190  195  198  196  195  189  189  186
  184  181  178  174  170  164  162  160  162  165  169  172  175  178  183  190
  200  207  215  217  222  218  217  208  204  196  190  182  178  170  165  156
  150  143  138  134  132  131  131  131  132  132  131  129  128  129  128  127
  124  120  111  103   92   88   93  104  100                                   
    32.5-180.0 180.0   5.0 450.0                            LAT/LON1/LON2/DLON/H
  105  112  117  126  139  150  168  182  198  204  210  209  208  203  202  200
  198  196  192  188  184  177  175  172  176  180  186  189  195  200  212  221
  235  243  250  250  249  241  235  224  217  207  199  191  183  176  167  160
  151  144  136  131  128  127  127  128  129  131  130  133  132  136  134  135
  129  124  114  105   96   90   97  108  105                                   
    30.0-180.0 180.0   5.0 450.0                            LAT/LON1/LON2/DLON/H
  112  123  124  137  145  159  173  189  204  213  220  223  223  219  218  216
  216  213  211  206  201  193  189  187  191  197  204  212  221  230  246  260
  277  285  291  284  278  264  254  239  230  219  210  199  190  179  171  159
  151  139  131  123  121  119  122  123  126  127  131  133  137  139  141  139
  134  129  118  111   99   96  101  112  112                                   
    27.5-180.0 180.0   5.0 450.0                            LAT/LON1/LON2/DLON/H
  122  131  138  147  155  166  178  193  207  218  227  232  234  233  233  232
  233  232  231  227  221  212  207  203  209  216  228  236  249  261  280  297
  317  322  324  311  299  282  268  252  240  229  216  205  192  179  167  156
  145  134  124  117  114  116  118  122  123  128  128  135  136  141  141  142
  136  131  120  112  102  100  109  121  122                                   
    25.0-180.0 180.0   5.0 450.0                            LAT/LON1/LON2/DLON/H
  135  147  150  164  166  176  185  197  213  225  237  243  249  248  250  249
  253  249  252  246  243  233  227  223  227  237  250  262  278  294  318  337
  356  358  354  337  319  299  283  266  252  239  226  211  196  180  166  152
  140  127  119  111  111  113  118  121  124  124  128  130  138  140  145  142
  142  135  128  118  111  110  119  131  135                                   
    22.5-180.0 180.0   5.0 450.0                            LAT/LON1/LON2/DLON/H
  148  156  165  170  178  182  192  200  214  227  241  250  259  263  268  268
  273  271  272  269  263  255  248  244  251  261  277  290  309  324  347  364
  380  378  372  350  332  310  294  278  261  248  230  214  195  178  163  148
  135  123  115  111  111  116  119  124  124  129  127  134  134  142  142  147
  142  142  132  125  118  116  130  144  148                                   
    20.0-180.0 180.0   5.0 450.0                            LAT/LON1/LON2/DLON/H
  159  169  177  192  192  200  202  211  220  232  248  259  273  279  289  288
  293  290  293  285  284  273  271  266  274  286  302  318  336  353  373  388
  398  396  387  366  344  326  308  294  277  260  241  221  200  181  163  148
  134  121  115  111  113  118  123  126  128  127  128  130  134  138  142  143
  146  143  141  134  131  129  141  154  159                                   
    17.5-180.0 180.0   5.0 450.0                            LAT/LON1/LON2/DLON/H
  164  172  183  191  203  205  213  214  225  235  251  265  280  290  302  305
  315  313  316  311  306  300  296  294  302  313  329  343  358  373  390  401
  407  401  390  369  351  335  319  307  287  272  247  226  204  186  168  152
  137  125  118  117  118  125  130  135  131  133  128  132  128  136  135  141
  140  145  141  140  136  131  144  157  164                                   
    15.0-180.0 180.0   5.0 450.0                            LAT/LON1/LON2/DLON/H
  163  173  185  204  209  219  219  227  232  243  258  275  293  307  321  327
  335  334  334  329  328  319  321  316  326  336  352  365  382  396  409  416
  417  411  399  381  365  351  338  324  306  286  262  238  216  197  178  162
  148  135  127  123  127  132  138  140  136  132  127  126  124  128  130  135
  139  141  143  140  138  135  144  154  163                                   
    12.5-180.0 180.0   5.0 450.0                            LAT/LON1/LON2/DLON/H
  155  164  179  194  209  215  226  229  242  249  265  280  302  319  335  342
  354  352  358  354  354  350  346  346  350  361  371  386  397  410  416  421
  416  409  395  382  370  361  349  337  315  297  269  247  223  207  188  173
  158  144  134  133  135  142  145  147  138  135  125  124  118  122  122  129
  130  137  137  139  135  128  135  145  155                                   
    10.0-180.0 180.0   5.0 450.0                            LAT/LON1/LON2/DLON/H
  145  157  173  196  207  223  227  244  250  265  277  295  315  334  351  360
  370  370  374  372  374  372  374  368  374  376  392  400  420  424  431  428
  425  413  403  392  386  377  367  350  330  305  282  256  235  216  199  184
  168  153  144  141  143  147  150  146  140  131  123  117  113  114  116  122
  125  130  133  133  130  124  128  133  145                                   
     7.5-180.0 180.0   5.0 450.0                            LAT/LON1/LON2/DLON/H
  133  145  164  182  200  213  231  242  260  272  290  303  325  344  359  370
  381  384  391  388  395  393  396  393  390  394  402  416  424  432  429  430
