data/unet/pred0710.15i
     1.0            IONOSPHERE MAPS     GNSS                IONEX VERSION / TYPE
pyspatialgeodesy        IME             05-JAN-18 20:20     PGM / RUN BY / DATE 
Map Name                                                    COMMENT             
Predicted global ionosphere maps (GIM).                     DESCRIPTION         
  2015     3    12     0     0     0                        EPOCH OF FIRST MAP  
  2015     3    13     0     0     0                        EPOCH OF LAST MAP   
  7200                                                      INTERVAL            
    13                                                      # OF MAPS IN FILE   
  NONE                                                      MAPPING FUNCTION    
10.0                                                        ELEVATION CUTOFF    
One-way carrier phase leveled to code                       OBSERVABLES USED    
  6371.0                                                    BASE RADIUS         
 2                                                          MAP DIMENSION       
   450.0 450.0   0.0                                        HGT1 / HGT2 / DHGT  
    87.5 -87.5  -2.5                                        LAT1 / LAT2 / DLAT  
  -180.0 180.0   5.0                                        LON1 / LON2 / DLON  
    -1                                                      EXPONENT            
                                                            END OF HEADER       
[from data line 3861]
    10                                                      START OF TEC MAP    
  2015     3    12    18     0     0                        EPOCH OF CURRENT MAP
    87.5-180.0 180.0   5.0 450.0                            LAT/LON1/LON2/DLON/H
  229  201  206  203  206  202  207  205  211  212  217  218  223  222  227  224
  228  224  227  222  224  219  220  216  215  212  211  208  208  205  206  204
  205  203  204  203  203  202  201  199  198  196  195  192  191  188  186  183
  182  179  178  175  177  175  177  175  180  179  183  182  187  186  191  190
  194  194  198  197  203  201  206  201  229                                   
    85.0-180.0 180.0   5.0 450.0                            LAT/LON1/LON2/DLON/H
  198  193  195  199  197  200  198  204  203  211  210  217  216  223  222  225
  224  226  224  224  222  222  219  219  214  215  210  211  205  208  202  206
  199  204  197  201  195  199  192  195  189  191  185  186  181  182  176  176
  172  173  169  170  168  170  169  171  172  175  176  179  180  183  184  187
  187  192  190  193  193  191  193  195  198                                   
    82.5-180.0 180.0   5.0 450.0                            LAT/LON1/LON2/DLON/H
  185  176  183  183  185  188  189  193  197  201  205  210  214  218  220  223
  224  225  223  223  220  218  215  212  208  206  202  199  196  195  192  191
  189  189  186  186  184  183  180  178  175  173  170  168  165  162  159  157
  156  155  155  155  156  156  158  158  161  161  163  163  168  166  170  170
  174  173  176  174  178  172  167  171  185                                   
    80.0-180.0 180.0   5.0 450.0                            LAT/LON1/LON2/DLON/H
  157  153  152  155  158  162  165  171  176  183  189  196  203  209  213  217
  220  220  220  218  216  211  207  202  197  193  188  185  181  180  176  176
  174  175  172  172  170  169  166  164  161  158  154  151  148  145  141  140
  137  138  135  138  137  140  139  143  143  146  144  147  147  149  148  150
  150  152  150  151  150  147  141  147  157                                   
    77.5-180.0 180.0   5.0 450.0                            LAT/LON1/LON2/DLON/H
  128  124  127  126  131  136  142  148  156  163  173  182  192  201  208  215
  218  222  222  221  217  212  205  198  191  185  180  176  172  170  168  167
  166  166  166  165  165  163  161  157  154  150  146  141  138  134  131  128
  128  127  127  128  130  131  132  134  135  134  134  133  134  131  134  130
  132  129  130  127  125  120  113  124  128                                   
    75.0-180.0 180.0   5.0 450.0                            LAT/LON1/LON2/DLON/H
  108  105  104  108  111  117  123  131  140  149  160  171  183  194  204  212
  218  222  226  225  223  215  209  199  192  184  179  173  169  165  164  162
  164  163  164  164  164  163  161  157  154  148  144  138  135  130  128  127
  125  128  126  131  130  133  133  135  134  134  131  131  128  128  124  123
  119  120  116  116  111  108  102  115  108                                   
    72.5-180.0 180.0   5.0 450.0                            LAT/LON1/LON2/DLON/H
  102   98   98  100  103  107  114  121  131  142  154  166  179  192  204  215
  223  232  237  240  238  234  226  217  206  196  188  180  175  168  167  163
  165  164  166  166  166  165  163  160  155  150  144  139  134  130  127  126
  126  128  130  133  134  136  136  137  136  134  130  127  125  120  119  114
  113  109  110  106  106   99   97  107  102                                   
    70.0-180.0 180.0   5.0 450.0                            LAT/LON1/LON2/DLON/H
  101   97   96  101  103  108  112  120  129  139  152  163  177  189  203  215
  227  238  246  251  253  251  246  237  226  214  203  194  186  177  173  169
  169  167  169  168  169  167  166  162  159  152  148  141  137  131  129  128
  127  129  130  133  133  136  134  135  131  130  124  121  117  114  111  108
  106  104  103  102  101   96   96  107  101                                   
    67.5-180.0 180.0   5.0 450.0                            LAT/LON1/LON2/DLON/H
  107  104  105  107  110  114  119  126  135  145  157  168  181  192  207  220
  233  248  258  268  271  274  269  263  250  238  225  215  204  195  189  182
  179  174  174  170  170  167  166  162  158  153  146  141  135  130  126  124
  124  124  126  128  128  129  126  126  121  118  113  109  106  102  102   97
   98   95   97   96   98   95   96  107  107                                   
    65.0-180.0 180.0   5.0 450.0                            LAT/LON1/LON2/DLON/H
  106  107  109  115  118  123  128  135  143  153  162  173  183  194  207  222
  237  253  267  278  285  290  289  283  273  264  249  241  228  221  211  204
  195  189  183  177  173  168  165  160  157  151  146  139  133  126  122  117
  116  116  117  118  116  117  112  112  106  106   99   97   93   93   91   90
   88   89   90   91   93   92   96  106  106                                   
    62.5-180.0 180.0   5.0 450.0                            LAT/LON1/LON2/DLON/H
  102  105  111  118  125  128  138  144  155  163  172  180  191  198  212  225
  241  259  274  287  294  302  302  300  293  286  275  267  257  251  241  233
  222  210  199  188  179  171  163  159  153  149  142  135  128  120  113  107
  105  103  104  102  101   98   96   93   91   88   84   82   81   80   78   76
   77   75   78   80   83   83   88   99  102                                   
    60.0-180.0 180.0   5.0 450.0                            LAT/LON1/LON2/DLON/H
   90   97  103  115  123  131  140  150  159  170  177  186  192  200  210  225
  241  259  276  289  299  305  308  308  306  303  299  295  288  287  277  270
  254  239  221  205  191  179  169  162  156  150  144  135  127  116  108   98
   96   91   91   89   86   83   80   78   77   76   74   73   73   72   71   69
   68   68   68   70   71   71   78   87   90                                   
    57.5-180.0 180.0   5.0 450.0                            LAT/LON1/LON2/DLON/H
   77   83   94  107  120  130  144  155  167  176  186  191  198  203  214  227
  243  261  278  292  300  306  309  311  311  314  314  318  317  318  312  305
  289  271  249  228  209  194  180  170  161  155  147  139  129  118  107   95
   89   84   82   78   77   73   72   71   71   71   71   72   71   71   68   66
   63   61   60   60   61   61   64   69   77                                   
    55.0-180.0 180.0   5.0 450.0                            LAT/LON1/LON2/DLON/H
   67   76   86  102  117  134  148  162  175  187  195  201  207  211  218  230
  247  263  281  293  302  307  309  313  318  324  333  340  347  349  347  337
  326  303  282  255  233  213  198  184  175  166  159  148  139  124  113   98
   91   83   82   78   78   75   75   74   76   77   79   80   80   79   73   71
   66   64   60   58   57   56   60   58   67                                   
    52.5-180.0 180.0   5.0 450.0                            LAT/LON1/LON2/DLON/H
   65   72   86  102  119  138  156  173  188  200  209  214  219  222  230  242
  258  275  290  302  308  312  314  318  324  336  346  362  368  373  368  359
  344  327  303  278  252  231  214  200  188  179  170  161  150  137  124  111
  101   94   91   89   89   88   89   90   91   94   94   97   95   94   87   82
   75   71   66   64   63   59   59   54   65                                   
    50.0-180.0 180.0   5.0 450.0                            LAT/LON1/LON2/DLON/H
   74   82   94  114  130  151  168  187  203  219  228  233  237  237  246  254
  273  285  302  308  315  316  319  326  334  349  363  379  389  392  387  371
  361  340  321  292  270  247  231  216  205  194  186  174  166  151  142  127
  120  111  110  106  107  107  108  108  110  112  114  115  113  112  106  100
   90   87   81   79   77   73   73   68   74                                   
    47.5-180.0 180.0   5.0 450.0                            LAT/LON1/LON2/DLON/H
   92   98  110  128  148  168  187  204  222  239  250  256  259  261  267  278
  292  306  317  325  326  329  331  339  348  364  378  395  402  402  393  375
  362  342  322  297  276  257  240  226  213  203  193  184  176  167  156  146
  138  132  128  125  124  123  123  125  126  128  128  129  127  125  121  113
  107  102   99   97   96   91   91   88   92                                   
    45.0-180.0 180.0   5.0 450.0                            LAT/LON1/LON2/DLON/H
  114  120  131  155  173  192  208  226  243  262  274  281  285  286  293  302
  319  326  339  341  346  346  351  359  368  383  396  409  411  405  394  375
  364  341  324  298  282  260  247  230  220  206  198  187  182  173  168  159
  154  147  143  137  135  132  132  132  134  134  136  136  135  134  131  127
  123  121  120  122  121  119  120  112  114                                   
    42.5-180.0 180.0   5.0 450.0                            LAT/LON1/LON2/DLON/H
  131  144  157  179  198  213  229  243  262  282  296  307  310  314  320  333
  342  353  359  368  367  373  374  382  389  401  409  415  411  399  385  366
  356  339  320  300  282  267  246  231  215  204  193  186  180  177  172  168
  163  156  150  141  137  132  130  131  131  132  131  135  133  135  134  133
  132  130  133  136  141  140  143  136  131                                   
    40.0-180.0 180.0   5.0 450.0                            LAT/LON1/LON2/DLON/H
  146  164  177  201  220  234  248  261  282  303  321  329  335  339  346  354
  365  372  383  389  395  400  403  408  413  419  420  418  407  391  376  361
  353  341  329  311  296  276  258  235  221  203  194  183  181  174  175  168
  167  157  151  137  131  123  122  120  121  119  122  123  128  130  135  136
  136  137  140  146  150  155  159  149  146                                   
    37.5-180.0 180.0   5.0 450.0                            LAT/LON1/LON2/DLON/H
  147  169  186  208  229  241  257  271  293  318  336  350  354  361  366  376
  385  398  406  418  423  431  431  435  433  433  428  421  409  393  382  371
  369  363  357  340  321  300  272  248  227  211  197  185  181  176  175  171
  168  158  148  132  122  113  110  108  108  109  110  116  119  127  130  132
  131  131  135  138  147  151  159  153  147                                   
    35.0-180.0 180.0   5.0 450.0                            LAT/LON1/LON2/DLON/H
  142  165  186  209  231  247  262  281  306  332  354  366  375  380  387  393
  406  415  429  438  449  455  457  457  452  448  440  435  427  419  419  419
  426  428  424  403  377  341  308  275  249  231  217  202  194  186  184  180
  177  166  155  137  125  112  109  108  109  110  113  115  120  124  129  128
  127  124  124  127  129  137  146  144  142                                   
    32.5-180.0 180.0   5.0 450.0                            LAT/LON1/LON2/DLON/H
  126  149  173  199  225  240  262  279  307  339  363  384  393  400  405  414
  425  438  449  462  470  477  474  471  466  462  457  461  466  473  492  506
  528  532  524  487  447  403  364  327  293  266  247  230  219  208  204  201
  197  190  176  159  142  133  128  130  130  133  134  135  138  138  139  136
  131  123  118  113  116  115  126  131  126                                   
    30.0-180.0 180.0   5.0 450.0                            LAT/LON1/LON2/DLON/H
  120  132  160  191  218  240  260  285  314  346  377  398  415  420  428  433
  442  452  464  474  485  491  490  485  479  478  482  499  525  549  588  620
  660  666  653  598  534  472  422  380  347  322  299  279  262  250  241  236
  231  224  210  197  180  174  165  167  163  167  158  162  157  159  155  147
  137  128  117  114  107  110  110  117  120                                   
    27.5-180.0 180.0   5.0 450.0                            LAT/LON1/LON2/DLON/H
  111  132  154  190  218  242  264  288  318  354  386  411  430  441  448  453
  458  467  476  488  496  503  500  494  490  497  515  552  601  644  707  758
  795  807  779  720  627  535  467  432  400  373  350  332  314  303  289  291
  281  279  261  253  234  233  226  229  227  226  221  217  215  212  202  186
  171  148  131  111  105  103  105  113  111                                   
    25.0-180.0 180.0   5.0 450.0                            LAT/LON1/LON2/DLON/H
  125  137  161  191  225  252  276  301  332  366  401  423  448  458  469  470
  476  480  488  496  507  511  512  506  510  524  562  614  683  744  808  862
  899  904  871  797  692  591  503  464  444  424  400  383  361  350  331  326
  313  312  298  295  285  283  277  274  269  268  265  265  260  256  241  217
  202  180  162  141  119  113  110  122  125                                   
    22.5-180.0 180.0   5.0 450.0                            LAT/LON1/LON2/DLON/H
  142  154  184  213  242  270  296  318  349  384  415  440  464  478  490  493
  499  499  506  514  521  525  523  522  532  564  623  690  761  819  884  937
  968  964  916  835  717  618  524  479  457  449  431  415  386  370  345  348
  340  351  346  352  347  351  345  340  330  321  310  305  292  272  258  242
  221  204  190  172  154  142  133  147  142                                   
    20.0-180.0 180.0   5.0 450.0                            LAT/LON1/LON2/DLON/H
  165  162  198  228  264  287  318  340  369  407  433  457  481  499  512  523
  522  524  520  531  536  538  538  543  568  620  693  758  818  874  929  973
  987  968  910  824  711  617  529  484  456  455  436  424  398  384  371  376
  380  390  393  401  401  404  392  388  374  365  349  340  311  289  268  255
  238  224  207  192  173  167  161  170  165                                   
    17.5-180.0 180.0   5.0 450.0                            LAT/LON1/LON2/DLON/H
  186  183  214  253  284  309  335  357  389  423  451  478  499  522  537  548
  547  541  534  541  540  552  554  580  618  683  745  800  852  900  935  954
  950  918  852  763  672  588  512  468  443  434  416  402  380  377  372  385
  393  410  419  431  441  441  429  413  404  383  379  355  333  298  279  260
  248  238  224  212  196  186  186  195  186                                   
    15.0-180.0 180.0   5.0 450.0                            LAT/LON1/LON2/DLON/H
  198  191  221  255  296  316  341  364  395  428  460  496  520  551  560  579
  575  589  575  584  571  580  586  628  670  740  787  831  871  891  903  898
  877  828  766  698  621  554  489  444  417  401  381  370  357  356  362  377
  396  412  434  448  456  450  435  416  402  383  370  354  329  301  275  264
  249  245  232  223  208  198  195  205  198                                   
    12.5-180.0 180.0   5.0 450.0                            LAT/LON1/LON2/DLON/H
  202  194  221  261  299  323  342  369  400  436  471  512  542  572  584  597
  603  604  608  603  591  606  622  675  726  780  816  846  855  851  837  812
  777  737  687  628  573  527  471  428  396  369  346  337  330  335  347  368
  390  409  429  443  446  437  425  404  395  376  362  337  321  293  279  265
  256  248  236  223  206  200  195  199  202                                   
    10.0-180.0 180.0   5.0 450.0                            LAT/LON1/LON2/DLON/H
  192  189  217  251  296  318  346  372  412  447  490  528  567  595  614  631
  643  657  658  664  646  667  679  743  784  824  843  849  832  807  777  745
  712  671  633  594  561  522  474  422  386  350  325  315  318  326  349  374
  403  418  432  432  431  416  404  382  372  351  334  309  287  271  255  252
  240  242  229  221  200  194  185  187  192                                   
     7.5-180.0 180.0   5.0 450.0                            LAT/LON1/LON2/DLON/H
  176  178  203  248  292  317  348  380  426  471  511  552  589  613  634  647
  673  683  700  698  693  710  734  784  820  848  850  832  800  767  731  697
