data/unet/pred2860.15i
     1.0            IONOSPHERE MAPS     GNSS                IONEX VERSION / TYPE
pyspatialgeodesy        IME             05-JAN-18 20:20     PGM / RUN BY / DATE 
Map Name                                                    COMMENT             
Predicted global ionosphere maps (GIM).                     DESCRIPTION         
  2015    10    13     0     0     0                        EPOCH OF FIRST MAP  
  2015    10    14     0     0     0                        EPOCH OF LAST MAP   
  7200                                                      INTERVAL            
    13                                                      # OF MAPS IN FILE   
  NONE                                                      MAPPING FUNCTION    
10.0                                                        ELEVATION CUTOFF    
One-way carrier phase leveled to code                       OBSERVABLES USED    
  6371.0                                                    BASE RADIUS         
 2                                                          MAP DIMENSION       
   450.0 450.0   0.0                                        HGT1 / HGT2 / DHGT  
    87.5 -87.5  -2.5                                        LAT1 / LAT2 / DLAT  
  -180.0 180.0   5.0                                        LON1 / LON2 / DLON  
    -1                                                      EXPONENT            
                                                            END OF HEADER       
[from data line 858]
     3                                                      START OF TEC MAP    
  2015    10    13     4     0     0                        EPOCH OF CURRENT MAP
    87.5-180.0 180.0   5.0 450.0                            LAT/LON1/LON2/DLON/H
   63   87   69   68   67   65   66   66   67   66   67   66   66   65   66   65
   65   64   64   63   63   63   63   62   62   62   63   62   62   62   63   62
   63   62   64   63   64   63   65   64   66   65   66   65   67   66   67   67
   68   67   69   68   69   68   69   69   69   69   70   69   69   69   69   69
   69   69   70   69   71   68   88   72   63                                   
    85.0-180.0 180.0   5.0 450.0                            LAT/LON1/LON2/DLON/H
   92   77   56   59   59   56   58   57   59   57   59   58   59   58   59   58
   59   58   58   57   57   56   56   55   55   55   55   55   55   55   57   56
   57   57   59   58   60   58   61   59   62   60   62   61   63   61   63   63
   64   64   66   65   66   66   67   66   67   67   67   67   67   66   66   65
   65   64   65   64   64   58   78   97   92                                   
    82.5-180.0 180.0   5.0 450.0                            LAT/LON1/LON2/DLON/H
   81   54   51   50   48   44   48   46   50   47   52   48   52   49   53   49
   52   47   50   45   46   41   44   40   41   38   41   39   41   39   43   42
   45   44   47   46   49   48   51   50   52   50   54   52   54   53   56   54
   57   56   60   58   62   60   65   62   66   63   68   64   68   63   67   63
   65   60   64   58   60   52   70   84   81                                   
    80.0-180.0 180.0   5.0 450.0                            LAT/LON1/LON2/DLON/H
   86   62   56   55   51   50   49   51   51   53   53   56   55   57   57   58
   57   57   54   54   50   49   45   45   42   42   40   42   40   43   42   45
   45   48   48   50   49   52   51   53   52   54   53   55   54   57   56   59
   59   62   63   66   66   69   70   73   74   75   76   78   77   78   77   77
   76   76   74   75   70   64   75   88   86                                   
    77.5-180.0 180.0   5.0 450.0                            LAT/LON1/LON2/DLON/H
   92   64   59   60   52   51   47   50   47   51   49   54   52   57   54   58
   54   56   52   52   46   45   39   39   34   35   33   35   33   36   36   40
   40   44   44   47   46   48   47   49   47   49   49   51   50   53   53   57
   56   61   61   67   66   72   71   77   76   80   79   83   81   83   82   84
   82   82   82   82   79   74   85   91   92                                   
    75.0-180.0 180.0   5.0 450.0                            LAT/LON1/LON2/DLON/H
   92   70   63   59   54   49   47   47   46   47   48   50   50   53   53   54
   53   53   51   48   44   41   36   33   30   29   29   29   29   31   33   35
   37   39   41   42   43   43   44   43   43   43   44   45   46   48   50   53
   54   59   61   66   68   73   75   79   80   83   84   86   86   87   88   88
   88   89   90   90   90   82   93   98   92                                   
    72.5-180.0 180.0   5.0 450.0                            LAT/LON1/LON2/DLON/H
  101   73   67   64   56   51   47   47   44   46   45   48   48   51   51   53
   52   52   49   47   41   39   33   31   27   26   25   26   27   28   30   33
   35   37   38   39   39   39   39   38   37   38   39   40   42   45   47   50
   53   58   61   66   68   74   75   81   81   85   86   89   89   91   91   93
   92   95   95   98   98   95  105  104  101                                   
    70.0-180.0 180.0   5.0 450.0                            LAT/LON1/LON2/DLON/H
  104   82   75   69   61   53   51   46   45   44   44   45   46   47   49   50
   51   49   50   45   43   37   35   30   30   26   27   26   28   29   32   33
   36   36   38   37   37   36   35   34   34   34   37   38   41   44   48   52
   56   61   65   69   73   77   80   82   85   87   89   90   91   92   94   95
   97   99  102  104  106  102  113  112  104                                   
    67.5-180.0 180.0   5.0 450.0                            LAT/LON1/LON2/DLON/H
  114   86   79   75   64   57   50   49   44   44   41   43   42   45   45   47
   47   48   45   44   40   37   33   32   30   29   28   29   30   31   33   34
   34   35   34   34   32   31   29   29   29   31   34   37   41   45   49   54
   58   63   65   70   71   76   77   82   82   86   85   88   88   90   89   92
   93   97  101  106  109  108  118  119  114                                   
    65.0-180.0 180.0   5.0 450.0                            LAT/LON1/LON2/DLON/H
  114   94   85   79   69   60   56   51   49   45   43   42   42   42   43   42
   45   43   45   42   43   38   37   33   34   32   34   33   35   35   36   35
   35   34   33   30   29   27   26   25   27   29   34   38   43   49   55   60
   64   67   70   72   75   77   79   82   85   86   88   88   89   88   90   90
   93   96  100  105  108  107  118  121  114                                   
    62.5-180.0 180.0   5.0 450.0                            LAT/LON1/LON2/DLON/H
  119   95   86   82   70   63   56   55   50   49   44   44   40   41   40   40
   41   41   42   42   41   39   37   35   35   36   36   37   39   38   37   35
   33   30   28   26   24   22   22   23   25   29   34   41   47   54   60   65
   68   71   71   74   74   77   78   81   83   86   86   87   87   87   87   88
   88   91   95  100  103  105  117  121  119                                   
    60.0-180.0 180.0   5.0 450.0                            LAT/LON1/LON2/DLON/H
  115   98   88   81   74   65   62   56   55   49   47   42   42   37   38   35
   39   37   41   38   39   35   35   33   36   35   38   38   41   38   38   33
   31   26   25   21   22   19   21   20   26   29   37   44   52   59   66   70
   73   73   75   77   79   82   84   86   88   89   89   89   90   90   90   89
   89   90   93   95   98   98  114  118  115                                   
    57.5-180.0 180.0   5.0 450.0                            LAT/LON1/LON2/DLON/H
  120   98   89   85   75   69   63   60   56   53   48   45   42   40   37   36
   36   35   36   35   34   33   32   31   34   34   37   38   40   38   36   31
   27   23   21   19   20   19   21   23   27   32   40   49   57   65   71   75
   77   79   80   83   85   90   92   96   97   99   98   99   99   99   98   96
   94   93   94   95   98   99  114  116  120                                   
    55.0-180.0 180.0   5.0 450.0                            LAT/LON1/LON2/DLON/H
  121  105   95   88   81   73   70   62   61   53   51   44   44   38   37   33
   34   31   33   30   31   28   29   27   31   31   37   36   40   36   36   29
   28   22   23   20   23   21   25   25   31   35   44   52   62   69   77   80
   83   85   88   91   96  102  106  110  112  113  112  112  113  114  113  111
  107  104  103  101  102  100  117  117  121                                   
    52.5-180.0 180.0   5.0 450.0                            LAT/LON1/LON2/DLON/H
  131  114  103   97   88   81   74   69   62   57   51   48   44   41   37   35
   32   30   28   27   26   26   25   26   29   30   35   35   38   35   35   29
   27   24   25   25   28   28   30   31   35   40   48   57   66   75   81   87
   89   93   96  101  107  116  121  127  130  131  131  131  134  135  134  130
  125  120  116  113  113  112  125  122  131                                   
    50.0-180.0 180.0   5.0 450.0                            LAT/LON1/LON2/DLON/H
  140  127  117  109  100   90   84   73   68   59   55   47   47   40   39   33
   33   27   28   25   27   24   27   27   32   31   37   35   40   35   37   30
   33   28   33   32   38   36   39   37   42   45   54   61   72   81   89   95
  100  104  110  115  123  132  137  142  146  147  146  148  152  154  156  151
  146  140  135  131  128  123  136  133  140                                   
    47.5-180.0 180.0   5.0 450.0                            LAT/LON1/LON2/DLON/H
  155  141  134  126  113  103   93   82   72   64   55   51   47   43   40   36
   34   30   29   27   28   29   30   32   35   37   39   39   41   38   39   35
   37   37   42   44   48   48   48   47   48   52   59   68   78   88   97  104
  108  115  121  129  138  147  152  156  160  161  161  163  168  172  172  171
  163  157  150  147  143  143  149  144  155                                   
    45.0-180.0 180.0   5.0 450.0                            LAT/LON1/LON2/DLON/H
  167  156  149  142  128  115  104   89   78   68   61   54   53   46   46   38
   38   33   34   32   36   35   40   40   46   44   48   44   48   42   46   41
   46   45   53   53   59   56   56   53   55   57   66   73   86   97  108  115
  123  128  138  145  155  162  166  169  170  171  168  169  174  178  180  177
  173  166  163  159  155  152  159  155  167                                   
    42.5-180.0 180.0   5.0 450.0                            LAT/LON1/LON2/DLON/H
  176  165  164  155  138  126  112   97   83   73   64   59   55   52   49   44
   42   40   39   40   43   47   50   53   54   55   54   53   51   49   49   47
   51   52   58   61   64   63   61   58   60   63   71   79   92  104  115  123
  131  139  150  157  166  171  175  174  178  176  172  173  175  180  180  180
  173  170  165  165  160  164  168  162  176                                   
    40.0-180.0 180.0   5.0 450.0                            LAT/LON1/LON2/DLON/H
  183  172  165  162  147  134  120  104   89   80   71   66   64   58   58   51
   53   49   51   52   58   60   66   66   70   65   65   59   60   54   56   53
   59   59   66   66   70   66   65   61   65   67   78   86  102  114  125  132
  143  149  161  168  176  180  182  183  186  186  182  182  184  185  183  180
  174  172  169  169  166  166  172  167  183                                   
    37.5-180.0 180.0   5.0 450.0                            LAT/LON1/LON2/DLON/H
  182  172  169  163  146  137  123  108   95   86   76   73   69   67   64   61
   61   62   62   66   70   76   78   79   78   76   71   67   63   60   59   58
   60   61   65   66   68   67   66   64   68   73   84   95  111  124  135  144
  155  163  175  180  187  189  192  193  199  199  196  196  194  193  187  183
  175  174  170  172  168  173  176  170  182                                   
    35.0-180.0 180.0   5.0 450.0                            LAT/LON1/LON2/DLON/H
  187  176  161  159  142  134  122  111   98   91   83   80   79   75   76   71
   75   74   78   80   85   87   89   86   86   80   78   71   69   63   64   61
   64   63   67   65   67   65   65   64   70   77   90  102  118  130  143  150
  163  171  186  192  200  206  210  216  223  225  222  220  215  210  203  197
  188  185  183  184  180  182  186  178  187                                   
    32.5-180.0 180.0   5.0 450.0                            LAT/LON1/LON2/DLON/H
  190  177  165  154  136  129  118  110   99   94   87   86   83   83   82   81
   83   86   88   91   92   93   91   90   84   82   76   74   69   67   65   64
   64   62   64   61   62   62   64   65   73   82   95  111  126  140  153  163
  175  186  200  210  219  227  235  245  257  262  260  255  249  240  231  222
  211  208  203  202  195  198  199  191  190                                   
    30.0-180.0 180.0   5.0 450.0                            LAT/LON1/LON2/DLON/H
  209  192  170  160  139  129  116  111  100   96   91   90   90   87   90   88
   94   93   98   98   98   94   92   87   85   81   79   76   75   71   71   67
   67   64   64   61   62   62   63   66   75   84  100  114  132  143  158  168
  185  196  214  228  245  259  272  287  304  308  307  301  295  285  275  265
  253  246  239  231  223  221  223  211  209                                   
    27.5-180.0 180.0   5.0 450.0                            LAT/LON1/LON2/DLON/H
  230  210  192  172  146  133  119  112  102   99   93   94   92   92   93   93
   96   97  100  100   96   92   88   84   82   82   80   82   78   78   75   73
   71   68   67   63   64   64   66   70   77   88  102  120  137  149  163  175
  194  208  229  247  267  286  305  325  346  350  350  346  342  333  324  313
  300  291  281  271  260  257  249  241  230                                   
    25.0-180.0 180.0   5.0 450.0                            LAT/LON1/LON2/DLON/H
  268  245  220  199  167  149  129  120  108  103   99   96   96   92   94   90
   95   93   98   94   93   88   85   83   84   86   89   89   89   86   86   81
   80   75   72   68   66   68   69   71   78   87  101  117  137  152  168  182
  199  219  243  269  297  320  343  363  382  392  395  388  383  372  368  362
  353  344  333  316  300  295  287  275  268                                   
    22.5-180.0 180.0   5.0 450.0                            LAT/LON1/LON2/DLON/H
  311  277  259  231  196  172  147  133  119  113  105  104  100   96   93   90
   93   90   92   88   85   82   81   85   90   97  100  104  100   99   96   93
   89   86   82   76   72   72   72   73   78   88  102  117  139  156  175  187
  209  227  259  286  317  344  370  388  405  412  419  412  408  400  400  401
  399  395  383  364  347  339  321  317  311                                   
    20.0-180.0 180.0   5.0 450.0                            LAT/LON1/LON2/DLON/H
  360  331  305  274  240  213  185  161  144  131  123  115  112  100   97   86
   88   79   83   77   79   78   85   93  103  112  118  121  118  113  109  104
   99   94   89   83   77   77   75   74   79   86  100  115  140  158  177  193
  217  242  273  302  336  367  392  408  425  429  435  427  426  421  428  437
  440  442  431  415  394  389  363  354  360                                   
    17.5-180.0 180.0   5.0 450.0                            LAT/LON1/LON2/DLON/H
  396  375  357  323  285  254  226  202  176  160  145  136  126  113  106   94
   92   83   84   78   80   84   94  107  120  135  141  145  138  131  123  116
  109  102   95   86   79   75   75   72   77   84   98  113  139  157  183  197
  228  251  284  315  349  384  406  423  435  438  435  428  429  429  442  452
  462  469  462  448  432  426  391  389  396                                   
    15.0-180.0 180.0   5.0 450.0                            LAT/LON1/LON2/DLON/H
  431  420  402  379  341  310  277  249  227  204  186  168  156  136  124  107
  102   89   88   82   86   92  108  125  146  161  172  170  159  145  134  125
  115  107   98   91   82   78   75   72   74   80   95  109  135  158  182  204
  235  264  296  327  362  394  413  428  436  437  434  431  431  437  451  469
  480  494  487  483  464  458  431  419  431                                   
    12.5-180.0 180.0   5.0 450.0                            LAT/LON1/LON2/DLON/H
  447  442  437  421  392  367  328  303  274  253  232  212  191  171  151  134
  125  111  108  100  105  111  133  155  177  196  204  198  179  158  144  131
  118  107   97   89   79   74   69   65   66   74   87  104  132  155  186  209
  245  273  305  338  369  399  414  427  431  433  428  430  434  443  455  473
  484  498  496  493  484  480  450  444  447                                   
    10.0-180.0 180.0   5.0 450.0                            LAT/LON1/LON2/DLON/H
  459  458  456  450  434  418  387  362  330  309  283  262  241  216  192  175
  160  146  138  129  134  141  164  186  208  221  227  212  194  168  151  136
  120  107   95   86   74   67   64   58   61   68   82   98  126  152  183  211
  248  278  311  341  371  393  403  414  417  421  420  424  432  444  460  476
  488  502  501  505  498  493  481  463  459                                   
     7.5-180.0 180.0   5.0 450.0                            LAT/LON1/LON2/DLON/H
  460  468  470  466  455  449  424  405  376  355  332  311  287  261  237  218
  202  191  177  171  170  181  198  222  238  248  241  222  197  171  152  135
