data/unet/pred0770.15i
     1.0            IONOSPHERE MAPS     GNSS                IONEX VERSION / TYPE
pyspatialgeodesy        IME             05-JAN-18 20:20     PGM / RUN BY / DATE 
Map Name                                                    COMMENT             
Predicted global ionosphere maps (GIM).                     DESCRIPTION         
  2015     3    18     0     0     0                        EPOCH OF FIRST MAP  
  2015     3    19     0     0     0                        EPOCH OF LAST MAP   
  7200                                                      INTERVAL            
    13                                                      # OF MAPS IN FILE   
  NONE                                                      MAPPING FUNCTION    
10.0                                                        ELEVATION CUTOFF    
One-way carrier phase leveled to code                       OBSERVABLES USED    
  6371.0                                                    BASE RADIUS         
 2                                                          MAP DIMENSION       
   450.0 450.0   0.0                                        HGT1 / HGT2 / DHGT  
    87.5 -87.5  -2.5                                        LAT1 / LAT2 / DLAT  
  -180.0 180.0   5.0                                        LON1 / LON2 / DLON  
    -1                                                      EXPONENT            
                                                            END OF HEADER       
[from data line 858]
     3                                                      START OF TEC MAP    
  2015     3    18     4     0     0                        EPOCH OF CURRENT MAP
    87.5-180.0 180.0   5.0 450.0                            LAT/LON1/LON2/DLON/H
  138  135  115  108  107  103  105  104  107  107  110  111  112  114  115  116
  117  118  119  118  119  118  118  116  117  115  115  112  114  110  112  107
  110  106  109  105  109  107  111  109  114  112  118  116  124  122  128  127
  132  132  135  135  138  138  139  138  140  138  139  136  138  135  137  132
  134  130  131  132  134  129  139  150  138                                   
    85.0-180.0 180.0   5.0 450.0                            LAT/LON1/LON2/DLON/H
  146  136  111  110  107  104  105  106  105  108  107  111  109  114  111  116
  112  116  112  115  111  115  110  113  110  112  108  110  107  108  106  105
  104  104  104  103  105  105  107  108  110  112  114  117  120  124  126  130
  134  136  139  140  144  145  145  146  147  147  147  147  146  146  143  143
  137  139  134  138  138  136  137  146  146                                   
    82.5-180.0 180.0   5.0 450.0                            LAT/LON1/LON2/DLON/H
  137  119  103  104   95   97   95  101   98  103  102  110  106  111  106  111
  107  110  105  106  102  103   98  100   96   98   94   96   91   94   89   91
   87   90   88   91   90   94   95   99  102  106  110  119  122  131  134  142
  144  150  151  156  157  160  159  162  160  163  159  163  157  159  152  152
  143  143  136  142  139  140  136  146  137                                   
    80.0-180.0 180.0   5.0 450.0                            LAT/LON1/LON2/DLON/H
  144  133  118  112  107  106  107  110  110  111  115  117  120  120  121  122
  122  122  120  119  116  114  111  110  107  105  102  102   99   98   96   96
   94   95   95   96   97   98  102  102  109  110  118  122  130  134  143  145
  156  156  165  166  173  173  177  178  179  180  181  182  182  180  179  174
  170  164  160  158  159  147  144  143  144                                   
    77.5-180.0 180.0   5.0 450.0                            LAT/LON1/LON2/DLON/H
  156  142  122  122  112  115  111  116  114  118  120  124  125  126  126  127
  125  124  120  118  114  110  106  104  100   97   94   94   91   91   89   90
   90   91   92   94   96   97  101  102  106  110  115  122  128  134  141  146
  154  158  167  171  180  181  187  186  190  191  193  195  194  194  190  189
  181  180  168  176  169  165  157  158  156                                   
    75.0-180.0 180.0   5.0 450.0                            LAT/LON1/LON2/DLON/H
  161  153  128  122  115  115  113  114  113  115  119  121  123  122  124  122
  122  118  117  112  107  102   97   94   89   87   85   84   83   83   82   84
   82   87   83   90   86   92   90   94   92   98  100  107  113  121  128  136
  145  153  163  170  182  186  193  194  197  200  203  203  204  203  203  199
  193  189  181  184  182  174  170  167  161                                   
    72.5-180.0 180.0   5.0 450.0                            LAT/LON1/LON2/DLON/H
  177  163  140  141  129  130  123  127  122  125  125  127  126  123  123  118
  116  111  109  104  100   94   91   85   83   78   79   78   79   79   80   81
   81   82   83   84   84   84   85   83   85   85   90   90  101  103  115  122
  135  143  155  166  181  190  196  202  205  210  210  211  211  211  209  207
  200  197  188  193  191  188  182  185  177                                   
    70.0-180.0 180.0   5.0 450.0                            LAT/LON1/LON2/DLON/H
  184  176  152  145  140  137  133  132  129  125  126  124  122  114  111  102
   99   91   90   84   83   77   77   74   74   72   74   75   79   80   82   82
   81   81   78   80   75   77   72   75   72   76   77   83   87   99  104  118
  127  139  151  163  178  188  197  203  211  215  219  216  219  212  213  205
  204  195  192  194  196  189  193  188  184                                   
    67.5-180.0 180.0   5.0 450.0                            LAT/LON1/LON2/DLON/H
  191  179  160  159  145  147  138  143  134  134  131  128  122  111  104   93
   88   79   77   72   73   69   72   70   73   71   74   76   78   80   81   81
   79   77   74   72   69   66   65   64   66   67   74   77   89   95  107  117
  130  140  153  165  181  193  203  212  218  223  222  220  216  210  205  199
  196  190  188  191  197  194  194  200  191                                   
    65.0-180.0 180.0   5.0 450.0                            LAT/LON1/LON2/DLON/H
  195  189  166  157  148  144  139  139  133  131  127  121  111   98   88   78
   69   61   60   57   60   58   63   62   67   67   72   73   76   78   78   78
   76   73   68   66   59   59   54   57   56   63   67   77   85  100  109  125
  137  147  158  169  186  198  208  213  221  223  224  218  214  204  199  188
  187  180  181  183  193  189  199  198  195                                   
    62.5-180.0 180.0   5.0 450.0                            LAT/LON1/LON2/DLON/H
  194  180  162  154  137  134  125  130  123  125  120  115  103   92   80   69
   60   55   52   52   53   53   59   58   64   63   69   69   71   72   72   70
   68   64   61   56   52   49   47   48   52   57   66   74   91  104  119  135
  150  158  170  181  199  207  217  219  228  224  228  217  216  200  196  181
  180  170  172  173  184  185  191  203  194                                   
    60.0-180.0 180.0   5.0 450.0                            LAT/LON1/LON2/DLON/H
  193  181  158  142  130  120  114  113  109  109  106  100   88   79   67   62
   52   49   47   46   48   47   53   52   56   56   61   60   62   61   61   60
   57   56   52   51   44   46   40   47   47   59   64   80   94  114  129  145
  160  168  181  191  207  214  222  225  232  229  231  221  221  205  201  183
  182  168  169  169  179  179  192  193  193                                   
    57.5-180.0 180.0   5.0 450.0                            LAT/LON1/LON2/DLON/H
  191  174  155  141  120  111   99  100   92   97   90   91   78   73   62   64
   50   56   47   52   47   47   49   48   51   48   54   50   55   51   55   51
   51   48   46   45   42   43   42   47   52   61   71   84  106  124  141  156
  172  179  193  201  217  221  230  230  239  233  239  227  230  215  213  196
  190  175  173  171  176  180  185  198  191                                   
    55.0-180.0 180.0   5.0 450.0                            LAT/LON1/LON2/DLON/H
  193  179  160  137  123  108  101   94   90   86   83   77   69   64   59   56
   53   48   50   43   46   39   45   40   45   45   49   48   49   50   49   50
   45   49   43   51   44   51   47   55   57   70   76   94  110  133  147  164
  177  188  197  207  220  228  236  238  245  240  244  235  240  226  227  207
  202  185  182  176  181  180  192  191  193                                   
    52.5-180.0 180.0   5.0 450.0                            LAT/LON1/LON2/DLON/H
  201  186  172  157  136  123  109  102   90   89   75   74   61   62   54   60
   50   56   49   51   45   44   43   40   44   40   46   43   48   48   49   49
   44   48   45   50   51   56   59   64   70   78   89  102  123  141  156  170
  185  196  205  218  229  239  246  248  254  249  250  244  247  238  235  221
  214  201  194  189  189  192  194  203  201                                   
    50.0-180.0 180.0   5.0 450.0                            LAT/LON1/LON2/DLON/H
  210  196  186  164  154  134  126  112  102   92   81   70   63   55   57   52
   54   45   49   36   42   32   40   34   44   41   47   46   52   54   53   55
   49   58   53   67   64   76   73   81   81   91   96  112  128  147  160  178
  190  205  215  230  241  250  258  260  265  258  260  250  255  242  242  227
  225  213  209  205  204  201  205  203  210                                   
    47.5-180.0 180.0   5.0 450.0                            LAT/LON1/LON2/DLON/H
  223  210  201  195  178  168  151  139  120  110   89   81   66   66   58   61
   52   53   46   43   41   38   44   44   50   52   54   59   61   65   66   68
   63   69   67   80   82   92   90   97   96  102  106  119  137  153  169  185
  199  218  227  244  252  262  268  272  273  267  264  257  254  248  243  235
  229  224  217  219  214  217  212  217  223                                   
    45.0-180.0 180.0   5.0 450.0                            LAT/LON1/LON2/DLON/H
  231  218  215  198  195  174  167  146  132  111   96   81   72   63   64   56
   55   44   45   32   39   35   49   50   63   65   71   73   78   79   81   75
   74   75   77   87   91  101  102  107  105  109  111  124  140  161  177  196
  213  232  243  256  266  273  281  279  283  271  269  255  257  243  242  230
  228  224  223  226  223  220  218  218  231                                   
    42.5-180.0 180.0   5.0 450.0                            LAT/LON1/LON2/DLON/H
  235  227  220  220  208  203  185  175  148  134  108  102   82   83   70   71
   60   55   49   44   50   52   64   72   79   86   86   91   92   94   94   90
   86   85   84   92   97  108  107  115  108  116  115  132  149  168  187  207
  229  248  258  269  279  285  291  289  292  280  272  259  255  244  236  228
  222  224  218  228  220  227  218  227  235                                   
    40.0-180.0 180.0   5.0 450.0                            LAT/LON1/LON2/DLON/H
  238  229  222  212  211  197  190  170  154  129  113   97   87   79   76   71
   65   58   56   51   63   69   84   95  104  109  108  106  107  107  106  100
   96   93   91   96   99  111  111  122  116  122  125  138  157  180  199  220
  245  262  273  281  291  294  298  294  298  283  280  263  262  244  238  228
  225  225  224  230  226  223  222  228  238                                   
    37.5-180.0 180.0   5.0 450.0                            LAT/LON1/LON2/DLON/H
  241  230  219  221  209  209  192  187  159  146  120  119   99  103   89   92
   83   81   81   81   91   99  110  120  129  127  123  114  111  109  104  106
   99  100   91  101  105  119  123  130  123  130  129  147  165  189  209  231
  257  272  282  291  301  302  307  304  308  296  292  281  276  261  249  243
  235  240  233  245  230  235  229  240  241                                   
    35.0-180.0 180.0   5.0 450.0                            LAT/LON1/LON2/DLON/H
  248  238  228  213  207  197  188  170  154  131  117  107   99   95   93   93
   95   95  102  103  118  126  137  143  147  146  140  129  125  118  115  109
  114  110  111  110  114  126  126  139  129  136  140  155  176  201  221  244
  269  284  293  301  311  314  322  320  329  320  323  307  308  288  285  270
  270  265  269  267  260  249  253  250  248                                   
    32.5-180.0 180.0   5.0 450.0                            LAT/LON1/LON2/DLON/H
  275  250  243  230  207  203  185  176  151  139  120  120  106  112  103  111
  110  119  125  131  140  146  153  153  156  154  144  137  123  123  115  121
  122  130  125  134  129  145  144  152  145  146  146  165  188  211  231  251
  272  286  297  306  321  328  343  349  361  358  364  357  358  344  338  326
  324  322  325  323  309  300  290  291  275                                   
    30.0-180.0 180.0   5.0 450.0                            LAT/LON1/LON2/DLON/H
  318  287  280  246  228  210  192  167  151  128  117  111  105  105  101  108
  114  125  137  146  155  157  158  160  162  166  160  162  156  152  142  145
  145  147  144  143  143  149  150  158  148  154  155  177  196  221  236  253
  273  289  298  313  328  342  361  376  396  398  406  408  414  408  404  400
  400  404  405  401  382  371  353  346  318                                   
    27.5-180.0 180.0   5.0 450.0                            LAT/LON1/LON2/DLON/H
  382  364  337  300  263  246  218  194  164  144  127  125  114  117  107  115
  115  130  140  149  151  151  150  154  164  174  176  187  181  181  171  177
  178  175  167  164  152  158  153  155  151  153  159  180  202  224  240  256
  273  288  304  320  346  366  399  423  451  459  474  478  491  486  493  489
  497  503  508  496  479  473  442  440  382                                   
    25.0-180.0 180.0   5.0 450.0                            LAT/LON1/LON2/DLON/H
  468  447  409  370  329  297  261  222  193  159  141  129  121  115  104  108
  108  121  130  135  134  134  136  150  166  188  202  219  223  221  211  214
  209  205  191  182  166  160  149  146  140  148  155  179  198  220  237  257
  280  296  316  340  370  403  440  467  494  512  532  549  561  566  565  577
  581  603  602  600  572  576  551  547  468                                   
    22.5-180.0 180.0   5.0 450.0                            LAT/LON1/LON2/DLON/H
  564  544  497  460  420  387  325  282  242  210  180  166  145  136  118  113
  109  116  118  120  117  118  125  145  170  206  223  251  253  252  241  237
  230  222  206  193  174  160  148  137  133  138  150  173  196  221  242  264
  292  310  337  367  407  445  484  512  539  558  584  608  626  641  648  670
  679  706  709  705  686  694  669  660  564                                   
    20.0-180.0 180.0   5.0 450.0                            LAT/LON1/LON2/DLON/H
  644  636  584  546  509  482  422  373  305  265  231  208  184  157  135  121
  115  112  112  109  108  115  131  159  196  235  264  287  294  283  273  260
  251  239  214  197  172  155  139  124  118  127  139  164  190  218  246  271
  306  330  360  399  445  489  522  554  576  609  637  665  685  704  719  737
  756  779  792  793  780  791  781  769  644                                   
    17.5-180.0 180.0   5.0 450.0                            LAT/LON1/LON2/DLON/H
  716  726  676  641  615  586  534  481  412  360  298  273  240  215  179  159
  142  132  123  117  119  128  149  194  230  291  315  346  340  331  308  289
  269  247  223  197  175  149  135  116  110  116  129  158  190  226  256  285
  323  351  386  431  481  525  555  585  606  640  675  707  730  751  760  781
  798  827  840  853  855  871  845  838  716                                   
    15.0-180.0 180.0   5.0 450.0                            LAT/LON1/LON2/DLON/H
  766  787  745  717  694  670  626  575  506  453  386  354  304  271  234  210
  182  166  149  147  150  175  204  245  294  341  369  380  375  352  323  290
  262  234  207  183  161  137  118  102   97  106  121  149  187  227  263  295
  338  367  404  457  506  547  572  602  623  661  697  735  755  769  776  793
  807  836  856  870  884  896  872  883  766                                   
    12.5-180.0 180.0   5.0 450.0                            LAT/LON1/LON2/DLON/H
  795  818  798  778  768  738  703  651  591  533  470  433  381  350  294  271
  244  223  204  205  207  234  261  328  364  407  419  429  404  375  332  296
  262  227  202  176  154  130  113   99   92  101  115  147  188  234  271  307
  349  379  421  471  519  554  579  603  626  664  701  738  758  773  778  792
  803  827  850  866  888  899  879  891  795                                   
    10.0-180.0 180.0   5.0 450.0                            LAT/LON1/LON2/DLON/H
  802  828  815  806  807  785  749  698  641  588  529  493  447  423  374  354
  316  299  277  284  290  333  363  420  442  463  460  443  408  361  310  270
  236  206  184  162  137  120  103   94   89   96  112  142  184  230  274  308
  350  381  426  472  517  549  573  595  626  661  699  738  758  774  779  787
  793  812  832  851  871  877  872  887  802                                   
     7.5-180.0 180.0   5.0 450.0                            LAT/LON1/LON2/DLON/H
  803  824  829  820  827  804  780  725  673  617  569  530  497  475  442  428
  396  391  371  397  414  458  475  505  506  505  476  447  392  341  288  250
