data/unet/pred2320.15i
     1.0            IONOSPHERE MAPS     GNSS                IONEX VERSION / TYPE
pyspatialgeodesy        IME             05-JAN-18 20:20     PGM / RUN BY / DATE 
Map Name                                                    COMMENT             
Predicted global ionosphere maps (GIM).                     DESCRIPTION         
  2015     8    20     0     0     0                        EPOCH OF FIRST MAP  
  2015     8    21     0     0     0                        EPOCH OF LAST MAP   
  7200                                                      INTERVAL            
    13                                                      # OF MAPS IN FILE   
  NONE                                                      MAPPING FUNCTION    
10.0                                                        ELEVATION CUTOFF    
One-way carrier phase leveled to code                       OBSERVABLES USED    
  6371.0                                                    BASE RADIUS         
 2                                                          MAP DIMENSION       
   450.0 450.0   0.0                                        HGT1 / HGT2 / DHGT  
    87.5 -87.5  -2.5                                        LAT1 / LAT2 / DLAT  
  -180.0 180.0   5.0                                        LON1 / LON2 / DLON  
    -1                                                      EXPONENT            
                                                            END OF HEADER       
[from data line 2574]
     7                                                      START OF TEC MAP    
  2015     8    20    12     0     0                        EPOCH OF CURRENT MAP
    87.5-180.0 180.0   5.0 450.0                            LAT/LON1/LON2/DLON/H
  101  107  107  107  107  107  107  108  109  109  109  109  110  110  110  110
  110  110  110  110  110  110  109  110  108  108  107  107  105  105  104  104
  101  102   99  100   97   97   96   96   95   95   94   95   94   94   94   95
   94   96   95   97   96   97   97   98   98   99   98  100  100  101  100  102
  101  103  102  104  103  104  114  100  101                                   
    85.0-180.0 180.0   5.0 450.0                            LAT/LON1/LON2/DLON/H
  103  102  102   98  100   99  103  102  106  104  107  106  109  107  110  108
  110  108  110  108  110  108  110  108  109  108  109  107  108  106  107  104
  105  102  102   99   99   96   96   93   93   91   92   90   91   90   91   90
   92   91   93   92   94   93   96   94   97   95   97   95   98   95   98   95
   99   96   99   97  100  100  105  109  103                                   
    82.5-180.0 180.0   5.0 450.0                            LAT/LON1/LON2/DLON/H
   99   96   96   93   93   93   95   95   99   97  102   99  104  101  106  103
  107  104  108  105  109  106  110  107  111  108  111  108  111  107  109  106
  106  103  102   99   97   94   92   90   88   87   85   85   85   85   86   87
   88   89   91   92   93   93   95   94   96   94   96   94   96   93   95   92
   94   91   94   91   93   92   93   93   99                                   
    80.0-180.0 180.0   5.0 450.0                            LAT/LON1/LON2/DLON/H
   88   87   89   88   90   90   93   93   95   95   98   98   99  100  101  101
  103  102  104  104  106  105  108  107  109  109  111  110  111  110  111  109
  109  106  105  101   99   95   94   90   88   86   86   85   86   86   89   90
   93   93   98   97  100   99  102   99  101   98   99   96   97   93   95   91
   92   88   90   87   88   85   83   88   88                                   
    77.5-180.0 180.0   5.0 450.0                            LAT/LON1/LON2/DLON/H
   80   79   79   81   80   82   82   84   84   85   86   88   88   91   91   93
   93   95   95   97   97   99  100  102  102  105  106  108  108  110  109  110
  107  107  102  101   95   93   88   86   82   82   80   82   82   85   87   90
   93   96   99  101  102  103  103  103  101  101   98   98   94   93   90   89
   85   84   81   78   78   75   76   80   80                                   
    75.0-180.0 180.0   5.0 450.0                            LAT/LON1/LON2/DLON/H
   70   71   74   75   74   74   77   75   78   76   80   79   81   83   85   86
   87   88   89   89   91   91   94   94   96   98  101  103  105  108  110  111
  109  109  106  103   97   93   89   85   81   81   81   82   83   88   91   95
   97  102  105  107  107  109  109  107  106  104  102   98   96   92   90   85
   82   79   77   75   73   71   69   76   70                                   
    72.5-180.0 180.0   5.0 450.0                            LAT/LON1/LON2/DLON/H
   64   65   66   66   67   68   67   69   68   70   71   73   74   77   78   80
   80   81   80   82   80   82   81   84   84   88   90   96   99  104  107  110
  110  111  107  104   98   96   89   87   82   84   83   86   87   93   96  101
  103  107  109  110  110  110  108  107  104  103   99   97   92   90   86   82
   78   74   72   68   68   63   66   68   64                                   
    70.0-180.0 180.0   5.0 450.0                            LAT/LON1/LON2/DLON/H
   60   58   63   61   61   60   63   61   64   62   67   66   71   71   76   75
   77   76   76   75   74   74   74   74   75   78   82   86   92   98  103  108
  110  112  109  107  102   99   93   91   87   88   89   92   94   99  103  106
  108  111  111  111  109  109  107  105  103  101   99   96   94   89   87   81
   78   73   71   66   65   60   61   64   60                                   
    67.5-180.0 180.0   5.0 450.0                            LAT/LON1/LON2/DLON/H
   57   57   58   56   56   56   56   57   57   58   61   64   67   70   72   74
   73   74   72   71   68   67   66   66   65   68   70   77   82   91   98  105
  109  111  111  109  105  102   97   95   92   94   95   98  101  105  108  109
  110  110  109  106  104  102  101   99   97   97   94   94   91   89   86   82
   77   73   69   63   62   57   59   59   57                                   
    65.0-180.0 180.0   5.0 450.0                            LAT/LON1/LON2/DLON/H
   58   53   56   54   53   52   54   53   55   55   60   61   66   68   72   72
   73   71   70   68   67   64   64   62   61   63   65   71   76   86   94  102
  107  112  112  112  108  106  101  101   98  102  103  107  108  113  112  113
  109  109  104  102   97   97   94   94   93   94   93   93   92   91   89   83
   80   74   71   64   62   57   56   57   58                                   
    62.5-180.0 180.0   5.0 450.0                            LAT/LON1/LON2/DLON/H
   58   56   54   53   51   50   49   49   50   50   55   57   62   66   69   71
   71   69   67   67   65   63   62   60   59   59   60   66   71   81   89   99
  105  110  113  112  111  108  105  105  105  109  110  115  115  117  114  113
  108  104   99   96   92   90   88   89   89   91   91   93   92   92   88   86
   80   76   71   65   62   57   58   54   58                                   
    60.0-180.0 180.0   5.0 450.0                            LAT/LON1/LON2/DLON/H
   59   53   55   52   50   48   49   46   47   47   51   54   59   62   66   68
   68   66   66   65   65   64   64   63   62   62   61   67   70   80   87   98
  104  111  114  116  114  114  111  113  113  119  120  125  123  123  118  115
  108  105   98   96   91   92   90   91   92   95   96   98   96   96   93   89
   83   78   73   67   63   59   57   54   59                                   
    57.5-180.0 180.0   5.0 450.0                            LAT/LON1/LON2/DLON/H
   61   60   55   53   51   48   46   42   43   41   45   47   53   55   60   62
   63   63   63   63   64   65   66   67   65   65   63   68   71   80   87   97
  105  112  116  119  119  119  120  122  124  128  130  133  131  130  124  119
  112  109  103  102   99   99   98   99  100  102  102  105  101  102   97   93
   85   80   74   68   65   60   60   54   61                                   
    55.0-180.0 180.0   5.0 450.0                            LAT/LON1/LON2/DLON/H
   61   58   57   54   52   48   47   41   40   36   39   41   46   48   54   56
   58   58   59   60   63   65   68   70   70   71   70   74   76   84   89  100
  107  116  120  125  125  128  127  133  133  141  140  142  138  136  129  125
  118  117  111  113  109  112  110  111  111  113  113  113  109  107  102   96
   89   83   76   70   67   64   61   56   61                                   
    52.5-180.0 180.0   5.0 450.0                            LAT/LON1/LON2/DLON/H
   65   64   58   58   55   50   47   41   38   33   34   34   39   41   47   49
   54   54   56   59   62   66   71   74   75   76   75   79   81   88   94  104
  112  121  127  131  135  136  139  141  145  148  149  149  145  142  135  131
  127  126  125  126  126  127  125  126  125  126  123  123  117  114  108  102
   93   87   79   72   69   65   65   57   65                                   
    50.0-180.0 180.0   5.0 450.0                            LAT/LON1/LON2/DLON/H
   66   64   62   60   58   53   51   42   38   31   30   28   32   33   40   43
   49   50   54   57   63   67   73   77   79   82   81   86   87   94   98  109
  116  126  132  138  142  146  148  153  155  159  157  157  152  149  142  139
  134  137  135  140  138  141  137  139  137  137  134  130  125  121  115  108
  100   93   85   77   74   70   67   61   66                                   
    47.5-180.0 180.0   5.0 450.0                            LAT/LON1/LON2/DLON/H
   70   70   65   65   62   57   53   47   41   33   29   26   28   30   37   41
   47   50   56   59   65   69   75   79   82   86   86   90   91   98  103  113
  120  131  138  145  152  155  160  161  165  165  165  162  159  155  150  146
  144  145  146  148  148  149  145  145  142  143  138  136  130  125  120  114
  107  101   92   84   79   73   71   64   70                                   
    45.0-180.0 180.0   5.0 450.0                            LAT/LON1/LON2/DLON/H
   73   71   68   67   64   62   59   51   45   37   32   27   28   28   35   39
   47   51   58   62   68   71   77   81   84   90   90   95   96  103  108  117
  125  136  144  154  160  167  171  174  174  175  172  171  165  163  156  154
  149  151  149  152  150  150  145  145  143  144  142  138  134  129  125  120
  116  111  103   93   87   80   74   71   73                                   
    42.5-180.0 180.0   5.0 450.0                            LAT/LON1/LON2/DLON/H
   75   76   72   71   68   65   63   57   51   43   37   32   31   32   37   42
   50   55   63   67   73   75   79   83   86   91   94   99  100  107  111  122
  129  140  150  160  170  176  181  182  183  182  180  178  174  171  165  161
  156  155  152  152  149  146  142  141  140  143  140  141  136  134  130  127
  124  120  113  104   95   86   81   77   75                                   
    40.0-180.0 180.0   5.0 450.0                            LAT/LON1/LON2/DLON/H
   80   78   74   73   70   68   68   61   58   50   45   39   39   36   42   45
   54   59   68   73   78   80   83   85   90   95   99  104  106  112  117  125
  134  146  158  171  182  190  196  198  199  200  196  195  190  187  178  172
  164  161  155  152  146  143  139  139  139  142  142  141  139  136  135  133
  131  128  122  112  105   95   86   85   80                                   
    37.5-180.0 180.0   5.0 450.0                            LAT/LON1/LON2/DLON/H
   84   86   79   77   74   72   72   66   65   57   54   48   47   45   48   51
   58   65   73   80   84   86   88   90   94  100  104  110  112  118  122  132
  140  153  166  180  193  203  210  214  216  217  216  215  210  207  199  189
  179  171  164  158  151  148  143  145  145  149  148  149  145  145  143  142
  139  136  130  121  113  103   94   92   84                                   
    35.0-180.0 180.0   5.0 450.0                            LAT/LON1/LON2/DLON/H
   92   90   82   79   75   73   73   68   67   63   60   55   55   51   55   53
   61   66   77   83   89   91   94   95  100  106  111  116  119  124  128  137
  146  160  175  190  207  219  229  236  237  242  239  239  234  231  222  210
  197  187  177  169  162  159  155  155  155  158  156  153  149  147  145  144
  141  138  133  125  117  110  101  102   92                                   
    32.5-180.0 180.0   5.0 450.0                            LAT/LON1/LON2/DLON/H
   99   98   87   85   78   76   74   71   70   67   65   62   62   60   61   59
   63   70   80   90   96   99  100  103  107  113  119  123  126  131  135  145
  155  169  182  200  216  231  243  253  254  259  258  259  257  254  244  236
  222  211  202  195  188  182  178  175  176  174  171  165  159  155  152  149
  144  140  134  126  120  112  107  108   99                                   
    30.0-180.0 180.0   5.0 450.0                            LAT/LON1/LON2/DLON/H
  108  105   95   88   82   77   76   72   72   71   70   68   69   66   67   62
   67   70   84   93  103  106  108  108  113  119  125  129  133  138  144  153
  165  177  193  210  230  247  258  271  274  284  283  286  284  281  272  264
  252  245  236  232  225  220  213  206  202  195  186  173  165  155  151  144
  141  135  131  124  119  115  112  115  108                                   
    27.5-180.0 180.0   5.0 450.0                            LAT/LON1/LON2/DLON/H
  118  115  102   97   87   82   79   76   74   73   72   72   70   72   69   68
   67   75   87  100  109  113  113  115  118  124  130  135  139  146  153  163
  176  189  204  224  242  261  273  289  294  306  306  313  308  309  299  295
  285  282  276  273  267  262  251  241  233  219  206  186  174  161  155  148
  141  135  128  121  117  117  115  118  118                                   
    25.0-180.0 180.0   5.0 450.0                            LAT/LON1/LON2/DLON/H
  127  121  112  104   96   88   84   79   77   74   76   74   77   74   76   72
   73   78   93  107  118  119  119  118  122  126  133  137  144  151  160  171
  185  199  217  234  254  273  284  303  310  327  329  337  333  336  327  328
  317  320  314  318  312  307  291  279  262  243  222  195  179  160  154  142
  138  127  124  116  115  118  119  122  127                                   
    22.5-180.0 180.0   5.0 450.0                            LAT/LON1/LON2/DLON/H
  135  129  120  117  104   96   90   84   80   77   77   77   80   80   79   78
   77   85   98  114  123  125  122  121  122  127  134  141  148  157  167  180
  194  210  229  248  270  290  302  320  329  345  348  356  352  354  348  348
  344  347  348  350  348  336  321  303  287  264  240  209  192  170  161  149
  141  131  124  117  115  118  120  122  135                                   
    20.0-180.0 180.0   5.0 450.0                            LAT/LON1/LON2/DLON/H
  139  134  127  125  114  106  100   93   88   81   82   79   84   82   85   80
   83   88  106  120  129  129  125  122  124  127  136  141  153  162  175  189
  204  221  242  263  281  300  312  330  340  356  361  369  365  367  361  365
  364  371  372  376  371  359  338  321  300  279  250  219  199  175  166  151
  143  129  124  114  113  117  122  118  139                                   
    17.5-180.0 180.0   5.0 450.0                            LAT/LON1/LON2/DLON/H
  142  133  129  130  120  113  107  100   94   88   85   84   87   87   87   85
   86   93  109  124  131  132  126  124  124  129  137  146  158  170  185  199
  217  234  260  279  301  321  335  351  362  378  381  387  382  381  376  378
  380  385  389  388  380  366  346  326  307  283  261  231  216  192  183  166
  155  141  132  121  115  117  120  113  142                                   
    15.0-180.0 180.0   5.0 450.0                            LAT/LON1/LON2/DLON/H
  139  131  126  128  120  117  111  104   99   93   91   89   91   89   90   85
   88   93  109  123  133  134  129  128  129  133  144  151  167  179  195  210
  228  250  274  297  312  331  346  362  377  390  393  396  391  391  386  391
  394  400  400  398  385  369  348  331  310  293  270  244  222  201  190  174
  164  147  138  123  115  114  120  108  139                                   
    12.5-180.0 180.0   5.0 450.0                            LAT/LON1/LON2/DLON/H
  136  126  121  124  118  115  110  105  100   95   92   90   91   88   89   87
   87   93  109  123  132  134  131  134  134  141  151  161  176  188  206  220
  243  262  291  312  331  348  363  380  393  405  407  409  403  401  397  399
  402  404  404  395  381  365  341  327  311  296  279  254  235  212  204  188
  178  162  151  134  123  117  121  104  136                                   
    10.0-180.0 180.0   5.0 450.0                            LAT/LON1/LON2/DLON/H
  134  121  117  118  116  113  108  101   98   94   94   92   91   89   88   85
   85   90  103  116  129  133  136  139  147  150  165  170  186  197  215  229
  251  274  299  321  338  353  371  385  401  410  413  413  408  406  405  408
  409  413  406  399  378  363  341  329  315  305  288  264  242  219  206  192
  184  167  158  140  127  122  125  105  134                                   
     7.5-180.0 180.0   5.0 450.0                            LAT/LON1/LON2/DLON/H
  133  121  114  113  110  107  103   98   95   93   91   90   87   85   85   83
   83   87   98  112  126  133  138  148  154  164  175  181  196  207  229  240
