data/unet/pred0120.15i
     1.0            IONOSPHERE MAPS     GNSS                IONEX VERSION / TYPE
pyspatialgeodesy        IME             05-JAN-18 20:20     PGM / RUN BY / DATE 
Map Name                                                    COMMENT             
Predicted global ionosphere maps (GIM).                     DESCRIPTION         
  2015     1    12     0     0     0                        EPOCH OF FIRST MAP  
  2015     1    13     0     0     0                        EPOCH OF LAST MAP   
  7200                                                      INTERVAL            
    13                                                      # OF MAPS IN FILE   
  NONE                                                      MAPPING FUNCTION    
10.0                                                        ELEVATION CUTOFF    
One-way carrier phase leveled to code                       OBSERVABLES USED    
  6371.0                                                    BASE RADIUS         
 2                                                          MAP DIMENSION       
   450.0 450.0   0.0                                        HGT1 / HGT2 / DHGT  
    87.5 -87.5  -2.5                                        LAT1 / LAT2 / DLAT  
  -180.0 180.0   5.0                                        LON1 / LON2 / DLON  
    -1                                                      EXPONENT            
                                                            END OF HEADER       
[from data line 858]
     3                                                      START OF TEC MAP    
  2015     1    12     4     0     0                        EPOCH OF CURRENT MAP
    87.5-180.0 180.0   5.0 450.0                            LAT/LON1/LON2/DLON/H
   75  101   89   85   83   81   81   81   81   81   81   80   79   80   78   78
   76   77   75   75   73   73   72   71   70   69   69   67   66   65   66   64
   65   63   65   63   65   63   67   64   68   66   69   67   70   68   72   70
   74   72   76   74   79   77   81   79   83   80   84   81   84   81   84   80
   85   80   84   81   86   78   97   68   75                                   
    85.0-180.0 180.0   5.0 450.0                            LAT/LON1/LON2/DLON/H
  115  103   81   83   78   76   76   76   74   76   73   75   72   74   71   73
   70   71   69   68   66   65   64   62   61   59   59   57   57   55   56   55
   55   54   55   54   55   54   56   55   56   56   58   58   60   61   63   64
   67   68   71   72   76   77   81   81   86   85   89   87   91   88   92   88
   92   88   90   87   87   83   95  109  115                                   
    82.5-180.0 180.0   5.0 450.0                            LAT/LON1/LON2/DLON/H
  112   89   89   84   80   72   76   71   75   70   75   71   75   71   75   70
   74   67   71   63   65   58   62   55   56   50   53   48   49   45   48   45
   47   44   47   45   48   45   49   47   50   49   53   52   55   55   60   61
   65   67   72   75   80   83   86   90   92   95   97   99   99  100   99  101
   99  100   98   98   97   93  100  103  112                                   
    80.0-180.0 180.0   5.0 450.0                            LAT/LON1/LON2/DLON/H
  123  102   98   93   90   84   82   81   80   81   81   85   85   88   88   90
   88   87   85   83   79   76   72   69   64   62   58   57   53   54   52   54
   52   54   53   56   54   57   57   59   58   61   60   63   62   67   67   73
   73   81   82   90   92   98  101  106  108  113  114  118  118  121  119  122
  119  121  117  118  113  106  110  108  123                                   
    77.5-180.0 180.0   5.0 450.0                            LAT/LON1/LON2/DLON/H
  125  101   96   91   83   79   76   78   73   80   78   86   85   92   91   95
   92   94   89   88   82   79   73   70   64   62   57   56   54   54   55   56
   57   58   59   61   61   62   63   64   63   64   63   65   64   67   66   72
   72   80   81   91   94  102  103  111  113  119  122  126  128  131  131  133
  133  132  131  128  123  114  116  112  125                                   
    75.0-180.0 180.0   5.0 450.0                            LAT/LON1/LON2/DLON/H
  128  104   94   88   80   76   70   72   68   75   75   83   85   90   92   95
   95   93   92   87   83   76   73   66   63   59   57   56   55   56   58   60
   61   64   65   68   67   70   69   70   67   69   66   68   64   68   67   72
   73   80   84   93   97  103  109  115  120  125  128  131  134  136  138  139
  139  139  139  136  130  119  119  115  128                                   
    72.5-180.0 180.0   5.0 450.0                            LAT/LON1/LON2/DLON/H
  132  101   94   86   76   71   67   64   63   66   71   76   84   86   92   92
   93   91   89   84   78   74   68   64   60   59   57   58   58   61   63   66
   67   71   73   74   74   74   74   72   70   68   67   65   65   66   67   70
   73   80   85   94   99  109  113  121  125  132  134  138  141  144  146  147
  147  147  146  142  138  129  124  120  132                                   
    70.0-180.0 180.0   5.0 450.0                            LAT/LON1/LON2/DLON/H
  136  108   95   88   79   73   65   65   60   68   66   76   78   84   86   89
   88   86   83   78   74   67   66   60   62   59   63   63   67   68   73   75
   77   79   80   80   79   79   77   74   73   69   69   67   66   66   67   69
   74   79   88   96  106  113  119  125  131  134  140  144  150  153  157  158
  158  156  154  153  145  133  129  126  136                                   
    67.5-180.0 180.0   5.0 450.0                            LAT/LON1/LON2/DLON/H
  146  113  102   96   83   77   68   66   61   63   64   69   74   75   78   78
   78   75   72   68   63   60   57   57   57   60   62   68   69   75   77   81
   81   83   81   80   77   76   73   71   69   66   66   63   62   61   63   65
   71   80   91  103  111  121  124  133  135  144  149  156  165  171  175  176
  173  171  165  161  155  145  136  135  146                                   
    65.0-180.0 180.0   5.0 450.0                            LAT/LON1/LON2/DLON/H
  152  128  111  105   93   85   75   72   65   66   62   69   68   75   75   77
   75   73   69   65   62   57   57   55   60   61   68   70   77   79   83   83
   83   81   77   75   70   69   66   64   65   63   62   61   60   59   61   63
   70   82   96  108  121  126  135  139  149  156  166  175  186  191  196  196
  192  187  180  176  168  156  148  145  152                                   
    62.5-180.0 180.0   5.0 450.0                            LAT/LON1/LON2/DLON/H
  169  139  123  115  101   91   80   76   69   67   62   65   65   69   70   70
   69   66   63   60   56   53   52   54   57   61   66   71   74   80   79   81
   77   75   68   63   57   55   56   54   58   55   57   54   55   54   57   59
   70   83  101  115  129  139  149  160  171  183  193  204  214  220  222  221
  214  206  196  188  182  174  163  159  169                                   
    60.0-180.0 180.0   5.0 450.0                            LAT/LON1/LON2/DLON/H
  177  156  137  125  110   99   87   80   74   68   64   63   62   63   66   69
   71   67   66   61   59   54   54   53   59   61   67   69   75   74   76   73
   70   64   57   52   49   47   46   48   50   51   52   52   53   53   56   59
   72   89  107  122  141  155  173  184  201  210  223  233  244  247  248  246
  238  228  213  205  197  187  178  172  177                                   
    57.5-180.0 180.0   5.0 450.0                            LAT/LON1/LON2/DLON/H
  197  172  151  136  117  103   90   83   74   70   63   62   60   62   65   67
   70   71   68   67   61   59   55   56   56   59   60   64   65   67   64   64
   59   54   50   45   44   40   43   43   48   48   51   50   52   53   55   61
   77   94  115  136  159  180  200  214  229  241  252  263  269  271  268  265
  254  243  225  216  210  204  196  187  197                                   
    55.0-180.0 180.0   5.0 450.0                            LAT/LON1/LON2/DLON/H
  207  187  165  146  124  109   95   87   78   70   64   60   57   58   60   64
   70   72   73   70   68   63   59   56   57   55   58   57   60   59   59   57
   56   51   49   47   45   44   44   47   49   52   53   55   55   56   59   68
   86  107  130  155  184  207  230  241  257  266  277  283  287  288  283  277
  266  255  239  231  224  216  209  200  207                                   
    52.5-180.0 180.0   5.0 450.0                            LAT/LON1/LON2/DLON/H
  221  199  176  158  132  115   99   90   80   72   64   60   56   57   60   64
   71   72   74   73   68   66   59   59   54   54   50   50   50   49   51   51
   54   51   53   50   53   50   54   54   58   60   61   63   62   64   67   80
  100  123  148  178  208  233  252  264  279  287  293  295  297  294  286  278
  266  258  244  238  231  228  223  214  221                                   
    50.0-180.0 180.0   5.0 450.0                            LAT/LON1/LON2/DLON/H
  225  208  185  167  141  124  106   97   86   77   67   61   57   56   59   62
   70   70   75   71   71   66   64   58   57   50   49   44   47   45   50   51
   57   57   61   61   63   63   62   65   66   70   70   72   71   72   82   98
  122  144  176  206  238  258  277  287  298  301  303  301  298  291  280  271
  260  253  245  243  236  231  228  217  225                                   
    47.5-180.0 180.0   5.0 450.0                            LAT/LON1/LON2/DLON/H
  227  212  194  181  153  134  115  105   93   84   73   65   60   58   59   61
   67   69   73   71   70   67   65   63   58   55   50   46   48   45   52   53
   61   63   69   71   76   74   75   74   76   79   78   82   80   86   97  116
  141  166  200  231  257  277  295  305  311  309  304  296  290  278  263  253
  241  240  237  238  234  234  232  222  227                                   
    45.0-180.0 180.0   5.0 450.0                            LAT/LON1/LON2/DLON/H
  228  217  200  189  166  146  126  116  102   92   79   70   65   61   62   61
   67   66   73   70   73   71   72   69   68   61   60   52   55   51   57   59
   68   71   79   82   86   86   84   86   85   90   89   92   92   99  117  136
  165  191  228  251  277  293  310  315  318  312  302  290  277  261  245  234
  229  232  234  239  237  234  233  220  228                                   
    42.5-180.0 180.0   5.0 450.0                            LAT/LON1/LON2/DLON/H
  223  214  203  195  173  155  136  125  111  102   90   82   75   71   68   66
   68   68   74   74   77   78   79   80   77   76   71   66   64   61   62   65
   71   77   84   89   93   91   89   88   88   93   94   97   98  111  129  154
  183  212  244  267  287  306  320  323  323  314  302  287  271  253  236  227
  223  231  238  242  241  236  235  223  223                                   
    40.0-180.0 180.0   5.0 450.0                            LAT/LON1/LON2/DLON/H
  220  211  200  193  177  162  143  134  119  111   99   93   89   81   79   73
   76   73   83   82   90   90   93   93   95   90   90   81   78   71   71   72
   78   81   90   92   96   96   93   95   96  103  103  107  111  125  145  170
  207  231  264  280  302  316  329  331  332  325  312  298  286  271  256  249
  246  253  258  261  257  245  242  223  220                                   
    37.5-180.0 180.0   5.0 450.0                            LAT/LON1/LON2/DLON/H
  218  205  196  189  172  162  145  137  124  117  108  105  101   98   91   88
   86   88   94   97  103  107  108  110  109  110  104   99   88   82   76   75
   78   81   87   90   94   93   93   95  100  107  111  114  121  135  156  184
  219  246  274  291  308  326  340  347  349  344  335  330  324  316  302  292
  285  293  293  294  287  269  257  233  218                                   
    35.0-180.0 180.0   5.0 450.0                            LAT/LON1/LON2/DLON/H
  223  207  191  178  165  156  144  137  122  119  112  114  114  110  107  100
  103  102  114  114  123  121  124  120  120  117  115  107   99   90   85   81
   82   83   86   88   90   92   93   99  105  112  116  119  129  144  167  194
  230  254  284  301  325  340  362  370  384  383  386  389  389  384  374  368
  360  363  354  344  326  295  276  250  223                                   
    32.5-180.0 180.0   5.0 450.0                            LAT/LON1/LON2/DLON/H
  242  216  196  176  158  149  138  132  119  116  111  117  119  122  117  117
  115  122  129  134  137  134  130  127  122  123  116  112  101   93   86   80
   82   78   82   82   84   86   90   98  105  112  116  120  130  145  171  197
  231  256  286  309  333  359  384  407  428  439  447  460  476  479  474  464
  453  447  430  411  386  341  308  278  242                                   
    30.0-180.0 180.0   5.0 450.0                            LAT/LON1/LON2/DLON/H
  277  238  208  178  154  142  129  123  109  108  104  114  119  124  124  121
  127  129  142  142  146  138  133  126  123  121  119  113  106   97   93   89
   90   87   86   83   81   83   86   96  102  108  113  117  128  147  172  200
  232  260  292  317  350  375  411  442  479  506  524  553  576  586  593  582
  560  543  513  489  462  413  359  311  277                                   
    27.5-180.0 180.0   5.0 450.0                            LAT/LON1/LON2/DLON/H
  337  275  235  195  164  145  130  118  106  102   96  108  113  123  121  126
  129  141  150  152  149  139  128  121  117  118  117  114  110  103  103  102
  101  101   96   89   85   85   85   91   95  101  104  112  129  150  178  201
  236  260  298  324  359  391  436  483  529  565  602  641  679  699  709  696
  669  637  601  568  540  488  421  367  337                                   
    25.0-180.0 180.0   5.0 450.0                            LAT/LON1/LON2/DLON/H
  398  341  277  221  174  149  128  115  101   96   90   98  104  114  117  120
  128  134  146  143  142  130  121  114  115  116  120  120  120  120  121  123
  117  115  110  105   95   91   87   86   87   90   95  107  128  157  184  211
  240  268  303  339  375  413  464  519  569  614  663  711  759  787  797  785
  753  715  676  642  619  565  506  447  398                                   
    22.5-180.0 180.0   5.0 450.0                            LAT/LON1/LON2/DLON/H
  486  425  343  265  205  164  145  122  110   97   91   95   97  105  106  112
  116  127  133  133  128  118  112  109  115  121  130  136  138  143  141  135
  127  124  118  112  100   97   89   84   79   81   88  108  135  168  200  224
  254  277  314  347  389  431  487  549  597  648  700  750  799  825  834  821
  798  761  728  696  681  642  592  531  486                                   
    20.0-180.0 180.0   5.0 450.0                            LAT/LON1/LON2/DLON/H
  574  504  429  341  274  219  184  149  128  105   98   94   98  100  102  105
  111  116  122  121  119  116  114  119  126  137  147  156  160  166  158  147
  141  136  132  125  109   98   89   81   72   72   82  108  137  173  205  233
  262  295  328  367  406  454  507  562  607  660  707  751  787  806  816  807
  797  769  751  728  720  692  660  608  574                                   
    17.5-180.0 180.0   5.0 450.0                            LAT/LON1/LON2/DLON/H
  637  578  506  434  352  293  248  201  169  132  123  109  111  109  109  104
  110  110  117  114  117  121  125  139  149  166  173  185  182  184  172  161
  153  148  142  134  114   99   87   80   69   68   80  108  143  184  219  250
  283  313  344  381  423  474  523  570  610  654  694  722  746  758  762  764
  758  747  737  732  734  727  701  658  637                                   
    15.0-180.0 180.0   5.0 450.0                            LAT/LON1/LON2/DLON/H
  678  627  573  506  446  384  332  277  232  190  166  145  140  131  129  124
  124  122  122  126  130  144  154  171  186  201  211  212  205  199  191  173
  167  160  155  142  121  103   89   79   67   67   82  110  144  184  222  258
  294  328  355  398  438  490  531  571  602  635  656  676  688  700  706  710
  713  708  709  716  726  728  720  687  678                                   
    12.5-180.0 180.0   5.0 450.0                            LAT/LON1/LON2/DLON/H
  688  659  607  562  507  467  410  363  307  260  232  211  200  184  173  163
  155  152  149  159  164  187  197  226  236  255  250  250  226  216  199  190
  180  170  160  145  122  107   94   76   67   68   81  106  147  193  233  271
  307  340  370  413  451  501  532  565  588  607  615  623  631  642  647  660
  664  671  673  685  701  718  714  691  688                                   
    10.0-180.0 180.0   5.0 450.0                            LAT/LON1/LON2/DLON/H
  679  663  623  589  550  519  478  439  390  350  323  306  279  255  234  223
  210  208  201  212  221  242  259  284  298  304  299  275  249  222  206  189
  179  168  155  140  120  108   95   78   71   72   85  110  147  192  235  275
  312  350  384  427  461  500  527  557  575  585  587  594  600  606  615  627
  636  647  652  664  676  690  695  678  679                                   
     7.5-180.0 180.0   5.0 450.0                            LAT/LON1/LON2/DLON/H
  656  651  627  600  575  548  519  490  451  428  407  398  378  358  328  311
  293  293  280  303  295  333  332  368  356  364  326  303  254  226  203  189
