data/unet/pred3410.15i
     1.0            IONOSPHERE MAPS     GNSS                IONEX VERSION / TYPE
pyspatialgeodesy        IME             05-JAN-18 20:20     PGM / RUN BY / DATE 
Map Name                                                    COMMENT             
Predicted global ionosphere maps (GIM).                     DESCRIPTION         
  2015    12     7     0     0     0                        EPOCH OF FIRST MAP  
  2015    12     8     0     0     0                        EPOCH OF LAST MAP   
  7200                                                      INTERVAL            
    13                                                      # OF MAPS IN FILE   
  NONE                                                      MAPPING FUNCTION    
10.0                                                        ELEVATION CUTOFF    
One-way carrier phase leveled to code                       OBSERVABLES USED    
  6371.0                                                    BASE RADIUS         
 2                                                          MAP DIMENSION       
   450.0 450.0   0.0                                        HGT1 / HGT2 / DHGT  
    87.5 -87.5  -2.5                                        LAT1 / LAT2 / DLAT  
  -180.0 180.0   5.0                                        LON1 / LON2 / DLON  
    -1                                                      EXPONENT            
                                                            END OF HEADER       
[from data line 2574]
     7                                                      START OF TEC MAP    
  2015    12     7    12     0     0                        EPOCH OF CURRENT MAP
    87.5-180.0 180.0   5.0 450.0                            LAT/LON1/LON2/DLON/H
   59   63   58   62   59   61   58   61   58   59   57   57   56   54   54   52
   52   51   51   50   51   50   50   50   51   50   50   50   50   50   50   50
   50   50   50   50   49   50   48   49   47   48   46   47   45   47   44   46
   44   47   45   47   45   48   46   49   48   50   49   52   51   53   52   54
   53   55   54   56   56   54   62   57   59                                   
    85.0-180.0 180.0   5.0 450.0                            LAT/LON1/LON2/DLON/H
   66   64   56   53   57   55   57   56   57   56   56   55   56   54   55   53
   54   53   54   53   54   53   54   54   54   55   55   55   55   56   56   56
   56   55   55   54   54   52   53   50   51   48   49   46   47   45   47   45
   47   45   47   45   48   46   49   47   50   48   50   48   51   49   51   49
   52   50   53   50   54   54   61   60   66                                   
    82.5-180.0 180.0   5.0 450.0                            LAT/LON1/LON2/DLON/H
   65   58   49   51   47   50   46   50   45   48   43   45   41   43   39   41
   38   41   38   42   39   44   40   46   42   48   44   50   44   51   45   51
   44   50   44   49   42   47   41   44   38   41   36   39   34   37   33   36
   32   36   33   37   33   38   35   40   36   41   37   41   37   41   38   42
   37   43   39   42   40   40   39   37   65                                   
    80.0-180.0 180.0   5.0 450.0                            LAT/LON1/LON2/DLON/H
   58   46   46   44   46   43   46   43   45   40   41   36   37   32   33   28
   30   27   30   28   32   30   35   34   37   36   40   38   41   40   43   41
   43   42   44   43   44   41   43   39   40   36   37   33   34   30   32   30
   32   30   33   33   35   35   37   37   37   36   38   36   36   34   36   33
   35   32   36   33   37   31   35   35   58                                   
    77.5-180.0 180.0   5.0 450.0                            LAT/LON1/LON2/DLON/H
   54   44   38   41   39   41   39   41   35   36   29   29   23   21   17   16
   14   15   16   18   20   23   25   29   28   35   32   38   35   41   37   43
   39   46   41   47   42   46   41   43   37   38   33   33   28   29   27   28
   27   29   30   33   32   36   35   38   35   38   35   36   33   33   31   31
   29   30   28   29   29   28   31   24   54                                   
    75.0-180.0 180.0   5.0 450.0                            LAT/LON1/LON2/DLON/H
   50   39   38   38   38   38   39   37   35   31   27   22   18   12   11    7
    8    6   11   11   17   19   25   27   30   33   34   36   36   38   39   40
   41   44   46   48   48   49   48   46   43   41   39   35   33   31   32   31
   32   34   37   38   40   42   43   43   42   41   41   38   37   34   34   31
   31   28   29   28   30   26   32   26   50                                   
    72.5-180.0 180.0   5.0 450.0                            LAT/LON1/LON2/DLON/H
   51   43   38   39   39   40   39   38   34   30   24   19   13    8    5    2
    3    3    7    9   16   19   26   30   34   37   39   41   41   43   43   46
   47   52   53   59   59   62   58   58   52   50   45   41   38   35   36   35
   38   39   42   44   46   48   48   48   46   46   43   42   39   38   36   34
   33   32   31   29   31   28   33   24   51                                   
    70.0-180.0 180.0   5.0 450.0                            LAT/LON1/LON2/DLON/H
   51   42   39   39   39   41   41   40   37   32   27   20   15    9    6    2
    2    3    7   10   18   23   31   36   40   44   44   47   45   47   46   49
   51   57   61   68   70   75   72   71   64   60   56   50   47   43   44   41
   44   44   48   48   51   52   52   51   49   47   46   44   43   40   40   38
   38   36   37   34   36   31   36   31   51                                   
    67.5-180.0 180.0   5.0 450.0                            LAT/LON1/LON2/DLON/H
   50   45   38   38   40   40   41   40   38   34   29   23   19   12    9    6
    5    5    9   13   20   26   35   40   47   50   51   53   51   54   53   57
   60   68   72   81   84   89   86   85   76   71   63   57   52   49   48   46
   48   48   50   50   51   51   51   49   47   46   45   43   43   42   42   41
   41   40   40   38   39   35   38   32   50                                   
    65.0-180.0 180.0   5.0 450.0                            LAT/LON1/LON2/DLON/H
   51   42   37   37   37   40   40   41   39   36   33   29   24   19   16   12
   10    9   12   16   22   29   38   46   51   58   59   62   60   62   62   66
   70   77   84   92   95  100   97   96   86   82   73   69   61   60   55   55
   51   53   50   50   48   46   45   42   41   40   40   39   40   40   42   41
   42   42   43   41   43   39   40   41   51                                   
    62.5-180.0 180.0   5.0 450.0                            LAT/LON1/LON2/DLON/H
   48   44   33   33   35   35   37   37   37   35   34   30   29   24   22   18
   15   13   14   16   23   28   38   47   55   63   65   69   68   72   72   77
   81   88   95  101  104  106  103  101   92   87   79   74   69   65   61   59
   55   52   49   47   44   41   38   35   34   33   34   34   36   35   38   38
   40   41   42   42   43   40   42   42   48                                   
    60.0-180.0 180.0   5.0 450.0                            LAT/LON1/LON2/DLON/H
   49   39   33   30   30   33   33   35   33   33   32   31   30   28   25   22
   18   15   14   16   19   26   34   45   53   65   69   74   77   80   84   88
   93   99  105  110  111  113  107  107   96   94   84   83   74   74   65   65
   56   55   46   43   38   35   32   30   28   28   29   30   32   32   35   35
   38   38   42   42   45   42   43   47   49                                   
    57.5-180.0 180.0   5.0 450.0                            LAT/LON1/LON2/DLON/H
   48   42   31   30   29   28   30   30   30   28   29   29   30   29   29   26
   22   18   17   16   19   23   32   40   51   63   70   79   83   90   94  101
  104  110  113  117  116  117  113  110  103   98   93   90   86   82   76   71
   65   58   51   44   40   35   32   29   27   29   28   29   31   31   32   32
   34   36   40   41   44   42   44   48   48                                   
    55.0-180.0 180.0   5.0 450.0                            LAT/LON1/LON2/DLON/H
   51   43   37   31   31   30   30   28   27   25   25   26   27   29   28   27
   23   19   15   14   14   20   25   36   46   62   71   82   90   99  105  112
  115  121  121  125  122  125  117  117  106  107  100  101   94   93   84   81
   71   67   56   50   42   38   34   33   32   33   33   33   33   32   33   32
   34   34   39   40   45   44   48   52   51                                   
    52.5-180.0 180.0   5.0 450.0                            LAT/LON1/LON2/DLON/H
   55   52   40   38   36   35   33   30   27   24   24   25   26   28   29   28
   25   21   19   18   18   22   27   36   47   62   73   87   97  108  115  123
  125  129  129  131  131  129  126  123  120  116  116  113  111  106  101   93
   87   77   70   59   55   48   46   43   43   43   43   42   42   40   39   38
   38   38   43   43   48   47   53   57   55                                   
    50.0-180.0 180.0   5.0 450.0                            LAT/LON1/LON2/DLON/H
   62   58   52   48   48   45   43   38   34   28   27   26   27   28   29   28
   26   23   21   20   21   25   30   41   50   67   77   92  102  114  123  131
  133  137  136  140  138  140  134  136  130  132  128  128  124  121  113  107
   97   90   81   73   65   61   55   55   53   54   54   53   52   50   48   46
   45   45   48   50   52   54   60   64   62                                   
    47.5-180.0 180.0   5.0 450.0                            LAT/LON1/LON2/DLON/H
   69   69   59   58   57   55   52   48   43   37   34   33   32   32   32   32
   30   28   28   29   31   36   42   52   62   75   84   98  108  120  127  135
  136  139  140  142  145  145  147  146  146  144  144  141  140  134  130  120
  112  101   95   84   79   71   66   63   63   63   63   63   62   61   60   58
   57   55   56   56   60   59   66   74   69                                   
    45.0-180.0 180.0   5.0 450.0                            LAT/LON1/LON2/DLON/H
   75   75   71   67   70   68   68   61   58   50   48   42   42   38   39   35
   36   34   35   38   42   48   56   69   76   89   95  108  115  125  130  136
  137  142  143  149  152  157  158  159  157  157  154  152  148  144  138  129
  120  111  102   94   84   78   70   69   67   69   69   70   70   70   69   68
   67   65   65   66   66   67   73   80   75                                   
    42.5-180.0 180.0   5.0 450.0                            LAT/LON1/LON2/DLON/H
   77   81   73   77   75   75   74   72   69   64   61   57   54   50   48   46
   44   43   45   50   56   64   73   86   93  104  107  116  120  126  129  133
  134  137  143  150  158  162  167  166  166  163  162  158  156  150  143  135
  127  117  108   97   87   77   69   65   65   66   68   71   73   75   76   76
   76   73   73   72   72   69   77   86   77                                   
    40.0-180.0 180.0   5.0 450.0                            LAT/LON1/LON2/DLON/H
   78   81   79   79   83   82   84   81   83   77   79   71   69   61   61   54
   56   52   58   60   71   81   95  107  113  122  123  130  129  131  130  133
  133  140  147  159  167  174  178  178  176  174  169  166  162  156  150  140
  134  123  114  101   89   76   66   60   60   62   65   69   73   76   80   79
   81   78   77   75   73   74   78   83   78                                   
    37.5-180.0 180.0   5.0 450.0                            LAT/LON1/LON2/DLON/H
   74   78   73   79   79   82   82   84   86   86   88   84   83   75   73   68
   66   65   67   72   82   95  109  122  127  135  136  138  135  134  131  132
  134  141  152  163  175  180  185  182  182  177  174  170  166  162  155  149
  139  132  121  108   93   79   65   59   57   59   63   69   72   77   80   82
   83   80   78   75   74   71   76   82   74                                   
    35.0-180.0 180.0   5.0 450.0                            LAT/LON1/LON2/DLON/H
   69   71   69   70   76   78   81   83   89   91   96   93   93   85   84   76
   78   73   80   83   96  110  124  137  141  150  149  151  146  144  139  142
  143  154  163  178  188  194  195  194  189  189  182  181  176  172  168  162
  156  148  139  125  109   92   77   67   62   64   66   71   74   78   83   80
   82   78   75   72   69   70   72   70   69                                   
    32.5-180.0 180.0   5.0 450.0                            LAT/LON1/LON2/DLON/H
   63   64   57   64   62   68   68   78   82   89   94   97   99   92   92   85
   85   82   88   92  104  116  132  143  149  157  158  160  155  154  151  153
  158  166  179  191  202  205  207  201  200  195  192  190  189  188  187  184
  179  175  167  154  137  118  102   91   83   82   81   84   82   85   84   84
   80   76   72   69   67   62   65   66   63                                   
    30.0-180.0 180.0   5.0 450.0                            LAT/LON1/LON2/DLON/H
   62   59   53   54   58   59   64   68   78   83   93   93   96   93   94   90
   89   91   96  103  115  127  139  152  157  165  168  171  171  172  173  178
  184  194  207  220  228  229  225  222  216  215  209  214  214  219  219  221
  217  218  212  205  187  168  146  130  119  115  112  110  106  102   96   87
   81   73   69   66   63   64   63   53   62                                   
    27.5-180.0 180.0   5.0 450.0                            LAT/LON1/LON2/DLON/H
   64   56   46   52   49   52   52   62   66   78   83   89   93   90   93   88
   92   92  100  106  119  130  143  154  159  168  172  179  182  187  193  200
  211  224  235  247  254  253  250  242  240  235  234  236  243  247  251  253
  255  257  258  254  245  226  209  188  174  163  154  147  135  125  111  101
   87   79   73   68   68   63   61   57   64                                   
    25.0-180.0 180.0   5.0 450.0                            LAT/LON1/LON2/DLON/H
   70   59   49   48   51   49   52   53   63   66   75   77   82   82   85   87
   89   97  104  115  127  141  148  160  164  173  179  189  196  206  214  227
  241  254  266  278  280  283  273  273  265  269  263  273  275  284  290  297
  300  312  316  315  305  288  270  248  230  214  198  186  169  154  134  117
   98   87   76   75   69   73   70   58   70                                   
    22.5-180.0 180.0   5.0 450.0                            LAT/LON1/LON2/DLON/H
   79   64   53   57   52   52   50   55   57   65   67   72   75   74   79   78
   86   91  103  115  131  145  154  163  166  175  182  199  208  223  233  250
  264  280  290  300  305  306  304  301  299  299  298  306  311  319  328  337
  347  358  368  370  364  346  329  302  281  258  238  219  202  180  155  135
  115  101   90   85   85   81   80   73   79                                   
    20.0-180.0 180.0   5.0 450.0                            LAT/LON1/LON2/DLON/H
   85   72   62   57   56   51   55   51   56   57   62   63   67   68   70   75
   79   92  104  120  137  152  160  170  172  183  193  211  225  241  256  275
  291  307  316  326  328  333  325  332  324  330  327  340  343  356  363  376
  381  395  403  406  396  379  359  332  310  286  265  242  224  202  177  156
  134  121  106  107   96  101   97   84   85                                   
    17.5-180.0 180.0   5.0 450.0                            LAT/LON1/LON2/DLON/H
   91   82   70   69   63   60   59   60   58   59   59   61   64   65   68   70
   76   87  101  121  138  155  164  173  178  191  205  224  241  258  275  296
  313  329  340  349  355  361  362  366  364  367  365  373  378  384  391  395
  403  410  421  420  410  391  370  342  321  295  278  257  240  217  194  174
  156  141  131  124  121  116  111  100   91                                   
    15.0-180.0 180.0   5.0 450.0                            LAT/LON1/LON2/DLON/H
   98   85   76   73   71   69   70   66   64   62   62   63   64   67   67   71
   76   90  107  127  146  163  172  184  190  208  222  242  257  276  293  316
  331  349  358  370  374  384  386  394  391  395  392  400  405  410  413  415
  416  425  425  424  408  390  363  337  313  296  276  260  242  222  200  186
  168  160  146  144  135  135  129  112   98                                   
    12.5-180.0 180.0   5.0 450.0                            LAT/LON1/LON2/DLON/H
  105   98   85   85   78   77   78   78   72   68   66   67   69   74   74   78
   81   96  109  132  152  170  181  194  205  224  242  260  277  293  312  330
  346  364  376  391  396  412  416  428  427  430  425  430  430  430  425  421
  418  419  419  412  397  376  348  321  299  280  264  249  237  221  207  195
  183  172  164  154  149  142  137  118  105                                   
    10.0-180.0 180.0   5.0 450.0                            LAT/LON1/LON2/DLON/H
  111  100   89   86   81   80   79   77   74   71   70   74   77   84   84   89
   93  110  124  146  162  181  188  209  220  245  258  282  291  315  326  348
  358  378  389  406  411  424  430  441  441  447  442  449  442  442  434  428
  416  416  405  397  377  357  326  303  281  267  249  239  227  214  204  195
  187  180  173  164  153  149  141  123  111                                   
     7.5-180.0 180.0   5.0 450.0                            LAT/LON1/LON2/DLON/H
  112  105   92   84   79   78   80   81   79   75   78   80   88   94   99  103
  110  125  139  158  172  188  199  219  240  261  280  297  311  325  340  358
