data/unet/pred2520.15i
     1.0            IONOSPHERE MAPS     GNSS                IONEX VERSION / TYPE
pyspatialgeodesy        IME             05-JAN-18 20:20     PGM / RUN BY / DATE 
Map Name                                                    COMMENT             
Predicted global ionosphere maps (GIM).                     DESCRIPTION         
  2015     9     9     0     0     0                        EPOCH OF FIRST MAP  
  2015     9    10     0     0     0                        EPOCH OF LAST MAP   
  7200                                                      INTERVAL            
    13                                                      # OF MAPS IN FILE   
  NONE                                                      MAPPING FUNCTION    
10.0                                                        ELEVATION CUTOFF    
One-way carrier phase leveled to code                       OBSERVABLES USED    
  6371.0                                                    BASE RADIUS         
 2                                                          MAP DIMENSION       
   450.0 450.0   0.0                                        HGT1 / HGT2 / DHGT  
    87.5 -87.5  -2.5                                        LAT1 / LAT2 / DLAT  
  -180.0 180.0   5.0                                        LON1 / LON2 / DLON  
    -1                                                      EXPONENT            
                                                            END OF HEADER       
[from data line 3432]
     9                                                      START OF TEC MAP    
  2015     9     9    16     0     0                        EPOCH OF CURRENT MAP
    87.5-180.0 180.0   5.0 450.0                            LAT/LON1/LON2/DLON/H
   89  101   99  101  100  100  100  101  100  101  101  102  102  103  103  104
  105  105  105  105  106  105  106  105  106  105  106  105  105  105  105  104
  104  104  104  103  104  103  103  104  104  104  104  104  104  104  104  104
  105  104  104  104  104  103  103  102  103  102  102  101  102  101  101  101
  101  100  100  100  100   98  100  111   89                                   
    85.0-180.0 180.0   5.0 450.0                            LAT/LON1/LON2/DLON/H
   72   81   77   80   81   81   83   83   84   85   86   88   89   90   91   92
   93   94   94   95   94   95   94   95   93   94   91   93   90   91   89   90
   88   89   86   87   86   86   84   86   85   86   85   86   86   87   87   88
   88   89   89   89   89   89   88   88   88   88   86   86   86   85   84   84
   83   83   82   81   80   78   78   80   72                                   
    82.5-180.0 180.0   5.0 450.0                            LAT/LON1/LON2/DLON/H
   73   66   64   67   66   67   69   71   72   75   77   79   82   83   86   86
   89   88   90   89   91   89   91   90   90   89   89   89   88   88   87   86
   85   84   82   82   80   80   79   79   77   78   77   79   78   80   79   81
   81   83   83   84   83   84   83   82   81   81   79   78   76   76   73   72
   70   70   67   66   64   58   70   61   73                                   
    80.0-180.0 180.0   5.0 450.0                            LAT/LON1/LON2/DLON/H
   63   59   58   59   60   62   65   68   71   74   77   80   83   85   87   90
   91   92   93   93   93   93   93   93   92   92   91   92   90   90   88   89
   85   86   81   83   78   79   75   76   73   75   72   75   72   77   74   79
   77   82   78   83   80   84   80   83   79   81   76   77   73   73   69   69
   65   65   60   59   56   54   58   56   63                                   
    77.5-180.0 180.0   5.0 450.0                            LAT/LON1/LON2/DLON/H
   57   56   54   53   55   56   61   63   67   70   74   77   82   84   88   90
   93   93   96   96   98   96   99   97   99   97   98   97   96   95   94   93
   91   88   87   84   82   78   77   73   73   70   72   70   72   71   74   74
   77   77   80   80   82   80   82   80   80   78   78   75   74   70   69   65
   63   60   59   55   53   46   47   48   57                                   
    75.0-180.0 180.0   5.0 450.0                            LAT/LON1/LON2/DLON/H
   51   49   50   49   52   54   60   62   68   71   77   80   86   88   94   95
   98   98  100  100  102  101  102  101  102  101  101  101   99  100   98   98
   94   93   89   87   82   80   76   73   70   69   67   67   66   67   68   69
   71   73   74   75   75   76   75   75   74   73   72   70   68   67   65   63
   60   59   56   52   51   49   50   47   51                                   
    72.5-180.0 180.0   5.0 450.0                            LAT/LON1/LON2/DLON/H
   48   49   48   46   48   50   56   58   63   66   73   76   84   86   93   94
   98   98  100  100  101  101  102  102  101  102  102  102  101  102  100  100
   97   96   93   90   84   81   77   73   70   68   66   65   64   65   65   67
   66   69   68   69   68   69   68   68   65   66   65   64   63   63   61   60
   58   57   55   52   50   46   45   43   48                                   
    70.0-180.0 180.0   5.0 450.0                            LAT/LON1/LON2/DLON/H
   47   44   47   45   49   51   58   57   64   65   72   76   84   87   95   97
  102  101  103  103  104  103  104  103  103  102  103  103  103  103  102  103
  100   98   94   91   85   82   77   73   69   67   64   63   62   62   62   62
   62   63   63   62   61   61   59   58   57   57   57   58   57   58   58   58
   57   55   55   52   51   49   50   44   47                                   
    67.5-180.0 180.0   5.0 450.0                            LAT/LON1/LON2/DLON/H
   47   45   46   44   45   48   53   54   60   61   69   72   81   84   92   95
  100   99  102  102  103  103  105  105  104  103  104  104  104  104  105  105
  103  102   98   95   89   85   81   77   72   70   68   66   63   64   62   62
   59   60   57   56   53   51   49   47   46   47   48   50   51   53   54   55
   54   55   54   52   52   46   46   41   47                                   
    65.0-180.0 180.0   5.0 450.0                            LAT/LON1/LON2/DLON/H
   45   40   45   42   47   47   53   53   59   60   68   71   81   85   95   98
  104  103  105  105  106  107  108  107  107  105  105  102  104  104  106  104
  104  102   99   94   90   86   82   78   75   74   71   70   67   67   64   63
   60   59   56   53   49   45   43   40   39   39   41   42   44   47   49   49
   50   49   51   47   49   46   47   42   45                                   
    62.5-180.0 180.0   5.0 450.0                            LAT/LON1/LON2/DLON/H
   40   39   42   40   43   44   50   51   57   57   65   69   79   83   94   98
  105  104  107  106  109  108  111  110  110  107  106  104  104  104  107  107
  106  105  102   99   94   91   88   86   83   83   80   79   74   73   69   68
   63   60   56   51   46   42   38   35   33   33   34   37   38   42   43   45
   44   45   46   45   45   39   39   35   40                                   
    60.0-180.0 180.0   5.0 450.0                            LAT/LON1/LON2/DLON/H
   38   34   41   38   45   46   52   52   59   58   68   71   83   87  100  103
  111  109  113  111  115  114  118  115  116  111  110  105  106  105  108  108
  109  106  105   99   96   93   91   90   89   90   88   87   83   81   76   74
   69   65   59   54   47   41   36   32   31   31   33   33   35   36   38   38
   40   38   41   38   40   38   38   34   38                                   
    57.5-180.0 180.0   5.0 450.0                            LAT/LON1/LON2/DLON/H
   32   36   39   40   42   46   53   54   61   62   70   73   85   88  101  103
  112  109  115  114  120  117  123  120  121  114  113  109  109  108  113  113
  113  112  110  106  101  100   99   99   99  100   99   97   92   88   83   80
   74   70   63   57   48   42   38   34   31   31   32   33   33   34   33   35
   33   35   36   36   36   31   30   27   32                                   
    55.0-180.0 180.0   5.0 450.0                            LAT/LON1/LON2/DLON/H
   33   35   42   39   46   49   57   58   67   67   77   79   92   95  108  111
  117  115  120  117  124  122  129  126  128  120  119  113  114  114  118  118
  119  117  114  109  107  105  105  106  108  109  108  105  100   97   91   87
   82   78   71   64   55   48   42   38   36   35   36   35   35   34   34   31
   32   31   34   32   35   33   34   29   33                                   
    52.5-180.0 180.0   5.0 450.0                            LAT/LON1/LON2/DLON/H
   32   41   44   44   48   53   61   65   74   76   85   91  100  105  116  118
  124  120  124  120  127  124  132  129  132  124  124  118  121  120  126  126
  127  123  121  117  115  114  116  117  119  119  118  115  110  105  100   96
   91   87   80   73   65   57   51   47   46   45   45   43   41   38   36   35
   32   33   34   35   35   32   33   25   32                                   
    50.0-180.0 180.0   5.0 450.0                            LAT/LON1/LON2/DLON/H
   42   47   51   50   54   60   69   72   81   83   93   98  108  113  123  126
  131  128  129  126  130  129  136  135  137  130  129  124  126  127  132  131
  131  129  126  122  122  121  124  125  126  127  124  122  117  113  107  104
  100   96   89   83   74   68   61   58   56   55   55   53   49   44   42   39
   38   38   40   40   42   42   45   34   42                                   
    47.5-180.0 180.0   5.0 450.0                            LAT/LON1/LON2/DLON/H
   48   57   55   54   58   64   72   80   88   94  102  111  119  125  133  138
  142  138  139  134  137  133  140  139  141  134  135  129  134  132  137  135
  136  130  130  126  128  128  132  134  134  134  133  130  126  122  117  114
  109  106  100   93   86   80   74   72   70   70   68   66   60   55   51   48
   46   46   48   50   49   47   50   39   48                                   
    45.0-180.0 180.0   5.0 450.0                            LAT/LON1/LON2/DLON/H
   61   65   65   63   68   74   83   91  101  106  115  121  129  133  141  145
  150  147  147  141  143  140  146  145  145  140  140  135  137  136  140  137
  137  134  134  132  135  137  141  141  142  141  140  137  134  131  125  122
  118  114  108  101   94   89   85   83   83   83   82   78   73   67   62   58
   58   57   59   59   59   61   66   54   61                                   
    42.5-180.0 180.0   5.0 450.0                            LAT/LON1/LON2/DLON/H
   68   72   68   66   68   75   84   97  108  117  127  136  143  148  154  160
  164  161  158  152  151  147  149  148  149  145  145  140  143  139  143  138
  139  134  137  138  143  145  150  151  151  149  149  147  144  141  136  134
  127  124  116  110  103   99   95   95   94   96   92   91   83   79   73   72
   69   69   71   70   67   65   71   60   68                                   
    40.0-180.0 180.0   5.0 450.0                            LAT/LON1/LON2/DLON/H
   75   77   74   73   75   83   94  107  121  133  145  151  159  162  168  172
  176  172  169  161  159  155  155  153  152  149  148  146  146  142  144  140
  140  138  143  146  153  156  160  161  161  159  160  158  157  153  149  144
  138  131  125  117  111  105  104  103  104  104  103   99   94   88   85   82
   83   82   81   78   75   74   80   70   75                                   
    37.5-180.0 180.0   5.0 450.0                            LAT/LON1/LON2/DLON/H
   77   75   71   70   69   80   90  108  125  140  154  164  172  176  182  187
  188  186  179  173  167  161  159  157  158  155  156  154  155  149  149  145
  147  148  155  160  167  173  176  176  174  172  171  171  168  166  160  157
  147  141  131  125  116  113  110  112  110  112  108  106   99   97   92   93
   91   91   87   84   75   73   76   70   77                                   
    35.0-180.0 180.0   5.0 450.0                            LAT/LON1/LON2/DLON/H
   78   74   70   68   71   81   92  112  132  151  166  177  186  189  197  198
  201  195  190  181  176  169  166  162  162  160  162  161  161  158  156  156
  158  165  173  183  188  193  194  192  190  186  186  184  184  179  174  166
  158  147  138  126  120  114  114  113  113  114  111  108  103  102  100   99
  100   98   95   88   79   77   79   74   78                                   
    32.5-180.0 180.0   5.0 450.0                            LAT/LON1/LON2/DLON/H
   75   69   63   64   63   74   86  106  129  148  169  182  193  198  205  208
  208  204  197  190  184  175  171  167  168  167  172  171  175  171  173  174
  182  191  204  216  223  224  220  216  209  202  200  198  195  192  184  175
  163  151  139  129  119  115  112  113  111  112  108  107  103  104  102  104
  103  101   93   87   75   72   73   68   75                                   
    30.0-180.0 180.0   5.0 450.0                            LAT/LON1/LON2/DLON/H
   74   66   63   63   64   76   85  106  124  149  168  185  196  205  212  215
  217  210  207  196  192  182  178  173  172  173  179  182  186  190  193  202
  214  231  245  256  260  256  249  239  231  221  220  214  212  204  197  184
  170  154  141  127  120  113  111  109  109  110  108  109  106  108  108  109
  111  108  102   91   80   76   75   70   74                                   
    27.5-180.0 180.0   5.0 450.0                            LAT/LON1/LON2/DLON/H
   75   66   61   63   63   74   81  101  120  143  165  183  200  210  218  223
  222  218  211  205  200  190  187  180  181  182  190  197  206  214  225  241
  258  277  292  301  298  291  279  267  254  244  239  233  225  215  204  190
  171  157  142  132  121  117  114  113  111  111  111  112  111  112  113  116
  116  113  105   96   81   77   72   66   75                                   
    25.0-180.0 180.0   5.0 450.0                            LAT/LON1/LON2/DLON/H
   80   70   67   66   72   79   85  106  119  142  160  180  198  213  223  228
  228  224  224  214  212  201  198  190  190  192  202  213  228  243  263  284
  305  321  335  337  333  319  305  289  277  264  259  250  243  229  213  196
  178  159  145  132  123  117  116  113  114  113  115  118  119  123  122  126
  128  125  119  107   94   87   81   75   80                                   
    22.5-180.0 180.0   5.0 450.0                            LAT/LON1/LON2/DLON/H
   88   77   69   73   76   84   92  108  121  142  157  179  198  217  228  237
  236  237  234  229  228  217  213  203  203  205  219  236  258  277  301  321
  345  354  366  361  354  338  322  308  297  283  277  266  256  237  219  199
  182  165  152  139  130  125  121  118  117  116  119  121  127  130  132  136
  137  134  127  117  102   94   87   73   88                                   
    20.0-180.0 180.0   5.0 450.0                            LAT/LON1/LON2/DLON/H
   89   84   79   77   87   90  101  112  126  142  156  173  195  216  232  244
  246  249  252  244  246  236  232  222  221  224  243  262  288  307  332  349
  372  375  381  368  363  344  331  318  308  298  292  284  271  251  231  211
  192  173  162  148  139  134  131  126  127  125  128  130  137  141  141  148
  149  148  143  134  120  108  100   86   89                                   
    17.5-180.0 180.0   5.0 450.0                            LAT/LON1/LON2/DLON/H
   97   89   83   88   92   98  106  119  130  149  156  177  195  222  236  253
  256  262  264  262  265  256  254  244  245  248  269  288  317  331  356  366
  389  388  389  376  363  348  335  327  320  313  308  301  288  268  247  226
  204  190  176  164  150  146  142  140  136  136  137  138  143  148  152  156
  158  156  151  143  129  116  106   86   97                                   
    15.0-180.0 180.0   5.0 450.0                            LAT/LON1/LON2/DLON/H
   94   94   88   88   96  101  116  127  142  154  165  177  200  225  246  264
  271  276  282  278  282  277  276  270  271  275  295  314  339  352  371  379
  395  393  389  376  362  352  340  336  331  328  322  318  304  286  264  243
  224  208  195  180  169  161  157  152  151  148  150  147  151  154  156  162
  161  163  155  148  135  122  114   96   94                                   
    12.5-180.0 180.0   5.0 450.0                            LAT/LON1/LON2/DLON/H
  100   94   86   94   95  106  116  136  148  164  169  189  207  238  255  274
  283  288  294  294  297  292  293  288  293  297  320  333  361  365  386  390
  401  395  387  377  364  359  351  354  350  348  341  335  320  302  281  262
  241  228  211  199  184  178  169  169  164  163  160  157  156  156  158  161
  161  160  152  145  131  120  110   89  100                                   
    10.0-180.0 180.0   5.0 450.0                            LAT/LON1/LON2/DLON/H
   92   90   83   84   89   96  117  136  156  171  182  198  221  247  267  283
  294  302  306  306  308  307  306  305  311  321  342  353  377  380  395  396
  402  391  383  374  364  363  355  359  355  354  343  338  321  308  290  273
  254  241  224  210  197  188  182  178  175  171  169  161  160  157  156  158
  156  154  145  137  124  113  106   87   92                                   
     7.5-180.0 180.0   5.0 450.0                            LAT/LON1/LON2/DLON/H
   91   86   78   82   80   91  107  134  155  176  187  209  231  258  275  294
  304  316  320  322  321  317  314  316  326  337  362  369  395  393  409  406
