data/unet/pred2780.15i
     1.0            IONOSPHERE MAPS     GNSS                IONEX VERSION / TYPE
pyspatialgeodesy        IME             05-JAN-18 20:20     PGM / RUN BY / DATE 
Map Name                                                    COMMENT             
Predicted global ionosphere maps (GIM).                     DESCRIPTION         
  2015    10     5     0     0     0                        EPOCH OF FIRST MAP  
  2015    10     6     0     0     0                        EPOCH OF LAST MAP   
  7200                                                      INTERVAL            
    13                                                      # OF MAPS IN FILE   
  NONE                                                      MAPPING FUNCTION    
10.0                                                        ELEVATION CUTOFF    
One-way carrier phase leveled to code                       OBSERVABLES USED    
  6371.0                                                    BASE RADIUS         
 2                                                          MAP DIMENSION       
   450.0 450.0   0.0                                        HGT1 / HGT2 / DHGT  
    87.5 -87.5  -2.5                                        LAT1 / LAT2 / DLAT  
  -180.0 180.0   5.0                                        LON1 / LON2 / DLON  
    -1                                                      EXPONENT            
                                                            END OF HEADER       
[from data line 1287]
     4                                                      START OF TEC MAP    
  2015    10     5     6     0     0                        EPOCH OF CURRENT MAP
    87.5-180.0 180.0   5.0 450.0                            LAT/LON1/LON2/DLON/H
   65  102   98   98   98   97   99   99  102  101  103  103  105  104  105  104
  106  104  105  103  104  102  103   99  101   97   99   95   97   94   96   92
   94   91   94   90   93   90   93   89   93   90   94   90   94   91   94   92
   95   93   95   93   95   93   95   93   94   93   94   92   93   91   92   90
   91   90   92   90   93   89  102   64   65                                   
    85.0-180.0 180.0   5.0 450.0                            LAT/LON1/LON2/DLON/H
   86   99   89   90   89   88   89   92   91   94   93   97   95   98   97  100
   98   99   99   99   98   97   97   95   94   92   92   90   89   87   88   86
   87   84   87   84   86   84   88   85   89   87   91   90   93   91   96   94
   97   94   97   95   97   95   97   95   96   94   95   93   94   92   92   90
   90   88   89   88   86   84   94   93   86                                   
    82.5-180.0 180.0   5.0 450.0                            LAT/LON1/LON2/DLON/H
   72   81   78   81   80   81   83   86   89   90   93   94   97   97   99   99
  101   99  100   98   98   96   95   93   91   89   87   86   84   84   82   83
   80   82   80   83   81   84   83   87   85   88   88   92   92   94   95   98
   98   99   99  100  100  100  100   99   99   98   98   96   95   93   92   91
   89   87   87   85   79   77   84   71   72                                   
    80.0-180.0 180.0   5.0 450.0                            LAT/LON1/LON2/DLON/H
   67   72   70   67   64   66   68   73   74   78   79   84   84   88   89   92
   91   92   91   91   88   87   84   82   78   76   73   73   70   70   70   70
   69   70   71   71   72   72   75   76   78   79   83   85   89   91   95   97
   99  100  102  102  103  102  103  102  101  100   99   98   95   93   91   89
   86   83   82   79   74   66   70   61   67                                   
    77.5-180.0 180.0   5.0 450.0                            LAT/LON1/LON2/DLON/H
   57   61   57   56   56   58   58   64   64   70   70   76   75   80   79   83
   81   83   80   81   76   75   70   69   63   62   59   60   57   58   57   60
   59   61   61   64   64   66   67   71   72   76   79   85   87   93   97  102
  105  108  110  112  111  112  111  111  109  109  106  107  102  102   97   96
   89   88   83   80   71   64   67   54   57                                   
    75.0-180.0 180.0   5.0 450.0                            LAT/LON1/LON2/DLON/H
   56   59   60   50   49   49   50   54   54   58   60   64   64   68   68   71
   69   70   68   66   61   59   53   51   45   45   41   44   41   47   46   50
   48   53   52   55   54   58   59   63   65   70   76   82   89   98  107  114
  120  124  128  127  129  126  127  123  123  118  119  114  113  108  106  103
   98   95   91   89   81   73   74   55   56                                   
    72.5-180.0 180.0   5.0 450.0                            LAT/LON1/LON2/DLON/H
   58   57   55   50   48   47   47   49   48   51   51   56   54   59   59   63
   61   62   61   60   55   52   47   44   38   36   35   36   37   40   44   46
   47   48   49   50   50   52   56   61   65   72   80   92  100  113  122  130
  136  140  144  145  145  145  143  141  136  134  129  126  120  117  113  110
  105  103   98   95   88   80   81   62   58                                   
    70.0-180.0 180.0   5.0 450.0                            LAT/LON1/LON2/DLON/H
   65   65   63   53   49   47   46   47   46   47   47   49   48   51   51   54
   54   55   54   52   48   44   40   36   31   31   30   34   34   39   42   46
   45   48   46   47   45   47   51   57   64   72   85   98  112  125  138  144
  151  153  158  158  160  157  157  151  150  142  141  134  132  125  124  118
  117  112  110  105   99   90   89   72   65                                   
    67.5-180.0 180.0   5.0 450.0                            LAT/LON1/LON2/DLON/H
   71   68   65   57   53   50   48   47   46   46   45   46   44   46   46   49
   49   51   50   52   47   45   39   38   32   32   32   36   37   42   45   49
   48   49   47   47   44   48   51   60   66   82   94  113  125  141  150  158
  163  166  170  170  171  169  167  164  160  157  151  147  139  133  130  125
  122  119  117  115  109  100   98   82   71                                   
    65.0-180.0 180.0   5.0 450.0                            LAT/LON1/LON2/DLON/H
   79   75   72   61   55   51   50   49   47   46   45   45   41   44   42   47
   46   50   51   51   49   46   42   39   35   35   35   39   40   45   47   49
   46   46   43   40   39   41   47   55   66   83  101  119  135  151  160  170
  177  180  183  183  184  181  179  174  172  165  162  153  148  139  138  131
  129  124  125  122  119  109  106   92   79                                   
    62.5-180.0 180.0   5.0 450.0                            LAT/LON1/LON2/DLON/H
   85   79   73   63   56   51   48   48   47   46   46   45   43   42   42   44
   45   47   48   50   47   46   43   42   38   39   40   44   44   47   47   49
   45   43   40   39   37   41   46   57   69   90  105  126  140  156  165  177
  184  188  190  191  192  190  188  185  182  177  171  165  155  148  141  135
  132  128  127  125  122  114  110  100   85                                   
    60.0-180.0 180.0   5.0 450.0                            LAT/LON1/LON2/DLON/H
   91   83   74   62   53   47   45   45   44   44   43   44   40   42   39   44
   43   47   47   49   47   46   44   43   41   42   43   46   45   48   45   44
   39   37   35   34   36   38   47   56   72   88  110  128  144  161  171  184
  191  195  197  198  201  198  197  194  193  188  181  172  162  152  146  138
  135  129  129  126  123  116  113  107   91                                   
    57.5-180.0 180.0   5.0 450.0                            LAT/LON1/LON2/DLON/H
   96   87   77   65   55   47   43   42   42   42   43   43   42   41   41   41
   42   42   43   43   43   41   41   40   41   41   43   45   44   43   40   36
   33   30   30   32   35   41   49   61   76   95  112  132  147  163  175  187
  196  202  205  209  212  211  209  207  205  201  194  186  174  165  155  147
  140  134  131  128  124  119  114  112   96                                   
    55.0-180.0 180.0   5.0 450.0                            LAT/LON1/LON2/DLON/H
  108   95   85   71   59   50   45   43   40   40   39   41   39   41   39   42
   39   40   38   39   38   39   39   41   42   45   45   48   45   43   37   34
   29   28   30   34   41   47   58   67   82   97  117  135  152  167  181  192
  203  209  214  218  223  223  222  220  218  212  208  197  187  177  167  155
  147  139  137  132  129  125  123  119  108                                   
    52.5-180.0 180.0   5.0 450.0                            LAT/LON1/LON2/DLON/H
  121  109   97   87   74   63   55   49   46   44   42   43   43   43   41   41
   39   36   35   33   33   33   35   37   40   42   44   44   42   38   33   28
   26   26   30   37   46   56   66   78   90  106  122  140  157  172  187  200
  211  219  223  230  235  236  235  232  231  225  221  212  203  194  184  172
  161  152  146  140  136  132  128  128  121                                   
    50.0-180.0 180.0   5.0 450.0                            LAT/LON1/LON2/DLON/H
  141  126  117  104   92   79   71   61   55   49   45   44   43   44   41   41
   36   35   30   32   31   34   35   40   42   47   47   48   44   40   34   31
   29   30   34   45   56   68   78   88   99  112  127  143  161  176  193  206
  219  228  233  238  245  244  243  240  240  233  229  220  214  205  197  185
  175  163  157  151  146  143  141  137  141                                   
    47.5-180.0 180.0   5.0 450.0                            LAT/LON1/LON2/DLON/H
  156  147  140  133  119  104   91   80   70   62   55   52   51   51   48   46
   41   37   34   33   33   36   38   41   45   47   49   49   46   41   36   33
   32   35   41   55   67   82   92  102  111  123  135  150  167  185  201  218
  230  238  244  247  252  250  250  247  247  242  238  229  224  217  208  200
  188  178  172  165  160  157  152  148  156                                   
    45.0-180.0 180.0   5.0 450.0                            LAT/LON1/LON2/DLON/H
  168  161  154  147  137  119  109   93   84   71   66   58   57   53   52   49
   42   40   36   37   38   42   43   48   49   53   53   54   50   46   41   39
   38   42   50   65   77   93  103  112  121  132  144  157  174  192  211  226
  237  244  249  249  253  249  246  243  242  237  234  228  223  218  214  206
  197  191  184  176  170  166  164  158  168                                   
    42.5-180.0 180.0   5.0 450.0                            LAT/LON1/LON2/DLON/H
  173  171  161  159  151  138  126  111   99   85   76   70   66   64   61   58
   52   49   45   48   47   52   53   54   55   55   57   56   54   51   46   45
   44   50   60   73   88  101  111  122  132  143  153  166  181  201  219  233
  244  247  252  247  249  243  242  238  237  233  228  224  221  219  214  209
  202  196  192  185  180  174  168  161  173                                   
    40.0-180.0 180.0   5.0 450.0                            LAT/LON1/LON2/DLON/H
  171  164  153  147  144  130  125  109  104   87   82   73   74   68   69   65
   61   58   55   59   60   65   63   63   61   62   59   61   57   55   52   50
   51   55   64   76   89  103  114  125  138  149  161  173  189  208  225  238
  249  251  255  250  252  246  245  242  240  236  228  225  221  219  214  211
  205  202  198  192  186  178  173  164  171                                   
    37.5-180.0 180.0   5.0 450.0                            LAT/LON1/LON2/DLON/H
  160  156  138  134  131  124  120  111  106   95   90   84   82   81   80   79
   75   75   71   76   75   78   75   71   67   65   62   63   59   60   57   58
   57   61   68   78   91  105  117  132  144  157  166  181  195  215  233  244
  256  259  265  261  266  259  261  256  258  250  243  236  231  228  221  217
  211  209  206  201  194  184  175  161  160                                   
    35.0-180.0 180.0   5.0 450.0                            LAT/LON1/LON2/DLON/H
  155  142  119  107  102   91   95   87   93   81   87   80   87   81   88   85
   86   85   85   88   89   89   85   79   72   70   64   64   60   60   59   59
   58   61   66   75   87  104  119  137  153  167  179  192  206  226  239  254
  261  271  277  280  286  287  289  286  287  281  272  264  255  249  241  232
  224  220  217  210  200  192  184  166  155                                   
    32.5-180.0 180.0   5.0 450.0                            LAT/LON1/LON2/DLON/H
  155  142  110   96   84   76   77   75   81   77   84   83   89   90   95   97
   97   99   97  101   98   97   89   83   74   71   65   66   60   62   59   61
   58   60   64   73   85  105  121  146  160  178  187  201  215  232  248  262
  274  284  294  305  317  327  335  335  335  325  316  302  293  282  270  259
  245  239  233  223  214  203  191  173  155                                   
    30.0-180.0 180.0   5.0 450.0                            LAT/LON1/LON2/DLON/H
  165  143  111   88   72   58   59   53   65   60   75   72   87   85   97   96
  103  101  102  102  101   97   90   83   78   77   70   68   63   61   60   59
   57   57   61   70   84  105  123  146  164  181  192  206  217  238  253  272
  284  302  317  336  356  373  386  390  391  382  372  357  346  330  316  297
  282  269  258  246  235  225  209  193  165                                   
    27.5-180.0 180.0   5.0 450.0                            LAT/LON1/LON2/DLON/H
  195  166  132  106   89   72   67   58   65   63   72   72   83   86   95   98
  101  101  101  100   97   94   87   85   82   82   77   72   67   63   62   61
   58   59   62   72   86  108  126  149  165  184  194  207  219  239  257  278
  299  321  344  370  396  419  434  445  448  442  433  419  405  389  370  347
  323  308  294  278  264  253  232  225  195                                   
    25.0-180.0 180.0   5.0 450.0                            LAT/LON1/LON2/DLON/H
  231  195  169  145  125  103   93   76   76   68   75   75   83   84   92   93
   98   95   95   91   89   85   86   86   90   90   88   79   74   67   67   64
   63   63   67   74   89  110  129  149  166  182  193  207  217  241  262  290
  316  346  373  400  428  452  470  484  486  480  473  463  457  441  425  398
  370  345  327  311  297  289  269  267  231                                   
    22.5-180.0 180.0   5.0 450.0                            LAT/LON1/LON2/DLON/H
  282  246  216  195  178  155  140  113  104   89   90   83   89   84   89   89
   92   88   86   80   78   79   84   92  101  103  102   90   82   74   71   71
   69   70   72   79   92  113  133  154  169  184  193  208  220  244  271  302
  335  366  397  425  454  479  501  515  520  515  508  504  498  488  468  443
  412  384  361  343  331  331  308  313  282                                   
    20.0-180.0 180.0   5.0 450.0                            LAT/LON1/LON2/DLON/H
  331  294  270  253  240  224  201  173  151  127  116  107  102   97   90   91
   87   87   79   77   73   79   86   99  113  115  114   96   83   73   79   74
   78   73   77   81   94  111  130  147  163  177  187  203  219  247  277  314
  348  379  408  435  464  488  507  519  524  522  522  519  524  516  503  482
  454  426  400  379  368  364  350  356  331                                   
    17.5-180.0 180.0   5.0 450.0                            LAT/LON1/LON2/DLON/H
  376  351  333  321  309  293  264  228  200  169  151  131  122  105  101   87
   93   81   85   73   83   83  103  113  133  133  125   96   79   70   76   82
   81   80   80   83   94  110  130  147  168  181  195  210  228  261  292  328
  362  390  414  438  462  481  495  502  507  507  512  516  528  529  524  507
  485  458  436  412  403  401  391  394  376                                   
    15.0-180.0 180.0   5.0 450.0                            LAT/LON1/LON2/DLON/H
  411  393  383  383  378  369  335  306  260  223  192  174  150  134  112  100
   89   80   74   72   80   95  113  134  146  145  129   99   84   71   83   82
   86   80   82   83   93  111  128  145  163  181  196  213  237  272  302  337
  371  394  416  435  458  469  477  482  485  493  499  510  525  532  537  529
  514  493  472  450  438  434  432  427  411                                   
    12.5-180.0 180.0   5.0 450.0                            LAT/LON1/LON2/DLON/H
  443  431  430  425  429  418  394  356  318  276  237  207  188  160  140  118
  112   94   94   84  106  111  142  149  165  149  130  101   84   76   81   87
   87   83   81   83   98  113  134  148  173  188  206  223  249  284  310  344
  372  394  411  425  442  448  449  452  458  469  478  492  512  526  538  537
  527  512  499  478  471  467  467  457  443                                   
    10.0-180.0 180.0   5.0 450.0                            LAT/LON1/LON2/DLON/H
  466  452  448  445  448  442  422  393  354  320  281  255  226  198  168  158
  137  129  112  117  124  143  162  174  176  157  137  105   95   81   93   88
   90   83   83   86   96  115  129  151  167  191  208  228  259  293  321  352
  381  397  412  424  435  435  429  436  442  455  465  477  497  515  531  536
  535  524  516  498  492  489  491  479  466                                   
     7.5-180.0 180.0   5.0 450.0                            LAT/LON1/LON2/DLON/H
  480  467  462  446  447  438  427  405  377  345  316  293  262  233  207  192
  182  171  159  159  167  179  194  194  190  163  141  117  104   96   96   97
