data/unet/pred3440.15i
     1.0            IONOSPHERE MAPS     GNSS                IONEX VERSION / TYPE
pyspatialgeodesy        IME             05-JAN-18 20:20     PGM / RUN BY / DATE 
Map Name                                                    COMMENT             
Predicted global ionosphere maps (GIM).                     DESCRIPTION         
  2015    12    10     0     0     0                        EPOCH OF FIRST MAP  
  2015    12    11     0     0     0                        EPOCH OF LAST MAP   
  7200                                                      INTERVAL            
    13                                                      # OF MAPS IN FILE   
  NONE                                                      MAPPING FUNCTION    
10.0                                                        ELEVATION CUTOFF    
One-way carrier phase leveled to code                       OBSERVABLES USED    
  6371.0                                                    BASE RADIUS         
 2                                                          MAP DIMENSION       
   450.0 450.0   0.0                                        HGT1 / HGT2 / DHGT  
    87.5 -87.5  -2.5                                        LAT1 / LAT2 / DLAT  
  -180.0 180.0   5.0                                        LON1 / LON2 / DLON  
    -1                                                      EXPONENT            
                                                            END OF HEADER       
[from data line 2574]
     7                                                      START OF TEC MAP    
  2015    12    10    12     0     0                        EPOCH OF CURRENT MAP
    87.5-180.0 180.0   5.0 450.0                            LAT/LON1/LON2/DLON/H
   50   57   49   49   47   46   46   45   46   44   45   43   44   42   43   41
   43   41   43   41   43   41   42   40   42   40   42   40   41   39   41   39
   41   38   40   38   40   37   39   37   39   37   39   37   39   38   39   39
   40   40   40   40   41   41   41   41   42   42   42   42   43   43   44   43
   45   44   45   45   45   42   53   47   50                                   
    85.0-180.0 180.0   5.0 450.0                            LAT/LON1/LON2/DLON/H
   63   56   48   45   48   46   49   48   50   48   50   49   50   49   50   49
   49   49   49   48   49   48   48   47   48   46   47   46   47   45   46   45
   46   45   45   44   45   43   44   42   43   41   41   39   40   38   39   37
   39   38   40   38   41   40   42   40   43   42   44   42   45   42   45   42
   45   42   45   42   46   45   54   47   63                                   
    82.5-180.0 180.0   5.0 450.0                            LAT/LON1/LON2/DLON/H
   50   50   41   40   38   40   38   41   39   42   39   41   39   41   38   40
   37   40   37   40   36   40   37   40   36   40   36   40   36   40   36   39
   36   39   36   39   34   37   33   35   30   33   28   31   26   29   25   29
   25   30   26   31   28   33   30   35   32   37   33   37   33   37   33   37
   32   36   32   34   31   32   31   23   50                                   
    80.0-180.0 180.0   5.0 450.0                            LAT/LON1/LON2/DLON/H
   43   36   34   29   33   31   35   33   35   33   34   33   32   31   31   30
   29   29   29   29   29   29   30   30   31   31   33   32   33   32   35   33
   35   34   36   35   35   34   34   32   32   29   29   26   26   23   24   22
   24   23   26   25   29   27   32   30   34   31   34   31   33   29   32   28
   29   26   28   24   27   21   27   20   43                                   
    77.5-180.0 180.0   5.0 450.0                            LAT/LON1/LON2/DLON/H
   36   33   26   25   26   28   27   30   28   29   27   28   24   25   22   23
   20   22   20   23   21   24   23   27   26   30   28   32   30   33   32   35
   34   37   36   39   36   39   35   36   31   31   26   26   21   21   18   20
   18   21   21   24   25   28   29   31   31   32   32   31   29   29   27   26
   23   23   20   20   19   18   22   10   36                                   
    75.0-180.0 180.0   5.0 450.0                            LAT/LON1/LON2/DLON/H
   33   25   27   22   24   24   26   24   26   24   25   22   21   19   18   17
   15   15   15   16   17   18   20   22   24   26   28   29   30   32   34   36
   37   41   42   45   44   47   44   45   39   38   33   30   25   24   22   22
   22   23   26   27   31   32   37   37   39   38   39   35   35   31   31   26
   26   23   23   20   21   17   24   16   33                                   
    72.5-180.0 180.0   5.0 450.0                            LAT/LON1/LON2/DLON/H
   36   34   28   26   27   26   28   28   27   27   24   24   21   20   16   16
   14   14   14   16   17   19   22   24   28   29   32   33   36   37   39   42
   45   49   51   56   56   59   56   55   50   48   41   38   32   30   27   27
   27   28   31   32   36   37   40   41   42   41   40   39   37   34   33   30
   29   26   25   23   23   21   25   15   36                                   
    70.0-180.0 180.0   5.0 450.0                            LAT/LON1/LON2/DLON/H
   41   30   33   26   28   28   29   28   28   26   25   22   20   17   16   14
   13   12   12   15   16   20   22   27   29   32   35   37   38   40   42   48
   51   59   62   70   70   75   70   70   61   60   50   47   40   38   35   34
   34   34   37   37   40   40   45   43   46   43   45   41   42   38   39   35
   35   32   33   30   31   27   31   27   41                                   
    67.5-180.0 180.0   5.0 450.0                            LAT/LON1/LON2/DLON/H
   46   41   36   31   33   30   33   32   32   30   29   26   24   21   19   16
   15   13   14   14   18   20   26   28   34   37   41   43   44   47   49   55
   59   68   74   81   85   87   84   82   74   69   60   55   49   45   43   40
   40   39   40   39   40   40   41   41   42   41   41   40   40   39   39   37
   37   36   37   34   36   32   35   29   46                                   
    65.0-180.0 180.0   5.0 450.0                            LAT/LON1/LON2/DLON/H
   49   38   38   31   33   32   34   34   33   31   30   27   26   22   20   18
   15   13   13   15   17   22   25   32   35   42   44   48   48   52   55   62
   66   77   82   91   92   97   93   92   81   79   69   67   56   56   49   49
   43   44   40   39   36   35   36   35   37   36   38   37   39   37   39   38
   39   39   42   41   43   38   39   40   49                                   
    62.5-180.0 180.0   5.0 450.0                            LAT/LON1/LON2/DLON/H
   51   43   36   31   32   30   33   34   34   32   32   29   29   25   24   19
   17   13   12   14   17   20   25   30   37   43   47   52   52   57   60   68
   73   82   88   95   98  100   97   95   88   83   76   71   66   61   57   53
   49   46   41   38   34   32   30   30   31   31   32   33   33   34   36   36
   38   39   42   41   45   40   42   40   51                                   
    60.0-180.0 180.0   5.0 450.0                            LAT/LON1/LON2/DLON/H
   47   37   35   28   30   30   33   32   33   30   30   28   28   24   21   18
   14   11    9   12   14   19   22   31   35   45   48   55   57   64   68   76
   80   89   94  101  100  103   98   97   88   88   79   80   71   72   61   61
   50   49   39   36   29   27   24   25   26   26   28   29   31   31   34   33
   36   36   42   43   45   42   43   42   47                                   
    57.5-180.0 180.0   5.0 450.0                            LAT/LON1/LON2/DLON/H
   47   40   30   26   27   27   29   29   29   27   27   26   27   24   23   18
   15   11   11   12   14   18   23   29   36   43   50   59   64   72   77   85
   89   97   99  104  103  103   99   97   93   90   88   86   83   79   73   67
   59   54   45   39   32   28   26   26   26   28   28   30   30   31   31   32
   33   35   38   40   44   40   42   40   47                                   
    55.0-180.0 180.0   5.0 450.0                            LAT/LON1/LON2/DLON/H
   45   36   31   25   27   29   30   30   27   25   23   24   22   21   18   16
   12    9    7   10   11   16   20   28   33   45   52   65   71   82   87   97
  100  106  107  109  106  106  100  101   95   99   93   98   91   93   82   80
   67   63   49   43   34   31   28   29   28   30   31   33   33   33   34   32
   34   35   39   41   44   41   43   41   45                                   
    52.5-180.0 180.0   5.0 450.0                            LAT/LON1/LON2/DLON/H
   48   43   32   30   30   33   33   33   30   27   26   25   24   23   21   19
   16   14   13   15   16   20   24   30   36   46   57   71   80   93   99  109
  111  115  113  114  110  109  106  105  104  105  106  107  106  104   98   91
   82   74   63   55   49   42   40   38   39   39   41   42   42   41   39   38
   37   38   41   42   46   42   46   44   48                                   
    50.0-180.0 180.0   5.0 450.0                            LAT/LON1/LON2/DLON/H
   53   46   42   38   40   43   42   41   36   32   28   27   25   23   21   19
   17   15   15   17   19   22   26   34   40   52   64   79   90  102  111  118
  121  122  121  121  117  118  112  116  111  118  115  122  117  119  110  106
   94   88   76   69   59   55   50   50   49   50   51   51   52   50   50   45
   45   44   46   48   50   49   51   51   53                                   
    47.5-180.0 180.0   5.0 450.0                            LAT/LON1/LON2/DLON/H
   62   58   49   50   50   53   51   51   46   42   38   36   33   30   27   26
   24   23   23   27   28   32   35   42   49   61   73   89   99  112  118  125
  123  126  123  124  122  122  122  122  125  127  129  130  129  126  122  116
  108   99   90   81   73   65   61   58   58   58   59   59   60   59   58   55
   54   53   54   54   57   54   59   63   62                                   
    45.0-180.0 180.0   5.0 450.0                            LAT/LON1/LON2/DLON/H
   69   67   62   60   63   65   66   63   60   55   51   46   43   37   35   30
   30   28   30   34   37   41   45   54   61   74   84   99  108  118  123  126
  126  128  127  130  130  133  132  137  135  140  137  140  134  136  130  126
  117  112  102   94   83   75   67   64   61   61   62   62   64   64   65   63
   63   62   62   62   63   62   66   72   69                                   
    42.5-180.0 180.0   5.0 450.0                            LAT/LON1/LON2/DLON/H
   74   76   68   70   70   73   73   74   72   69   66   62   56   51   46   42
   39   39   41   45   47   53   59   68   76   88   97  110  115  122  122  125
  123  126  127  132  135  139  143  144  146  145  146  143  142  141  137  132
  126  117  110   98   88   76   69   63   61   59   60   61   64   66   68   68
   70   69   70   68   70   65   72   83   74                                   
    40.0-180.0 180.0   5.0 450.0                            LAT/LON1/LON2/DLON/H
   78   79   78   76   80   81   83   83   83   82   81   76   72   64   60   52
   51   47   50   53   57   67   74   85   93  105  112  122  125  126  125  124
  125  128  134  142  148  155  157  159  158  157  152  151  147  147  143  140
  132  125  115  102   90   77   67   60   55   54   55   57   60   64   68   71
   73   73   74   73   72   70   75   83   78                                   
    37.5-180.0 180.0   5.0 450.0                            LAT/LON1/LON2/DLON/H
   76   79   75   78   78   81   82   85   87   89   90   88   85   78   72   66
   62   59   60   63   67   78   87  100  108  120  125  132  131  129  124  126
  126  133  141  153  163  169  173  171  171  166  163  158  156  154  151  147
  139  132  120  107   93   79   68   58   54   52   53   56   59   63   68   71
   75   75   75   73   73   68   74   83   76                                   
    35.0-180.0 180.0   5.0 450.0                            LAT/LON1/LON2/DLON/H
   72   74   73   71   76   77   80   83   89   94   97   97   95   88   84   76
   74   69   71   74   79   91  103  115  125  135  139  143  140  137  133  135
  138  148  159  173  184  191  193  191  187  182  177  173  168  167  163  158
  150  142  130  116  101   87   73   64   56   56   56   60   61   65   69   71
   74   75   74   72   69   68   72   73   72                                   
    32.5-180.0 180.0   5.0 450.0                            LAT/LON1/LON2/DLON/H
   65   66   61   65   63   67   68   78   82   92   96   99   99   95   92   86
   83   78   79   82   88  100  112  127  135  144  147  151  148  147  144  151
  155  168  181  197  209  216  217  213  211  202  199  192  189  186  182  176
  169  161  150  138  123  109   96   86   79   76   76   77   74   75   74   75
   74   74   74   71   69   62   66   69   65                                   
    30.0-180.0 180.0   5.0 450.0                            LAT/LON1/LON2/DLON/H
   63   61   56   54   58   59   66   69   82   87   97   97   99   95   94   88
   86   83   85   90   97  110  122  136  144  152  156  161  161  164  166  176
  185  199  216  233  244  250  249  245  240  233  227  221  218  215  210  205
  199  194  186  177  164  151  135  127  117  115  111  109  105   99   92   85
   80   76   73   71   67   64   65   58   63                                   
    27.5-180.0 180.0   5.0 450.0                            LAT/LON1/LON2/DLON/H
   65   58   48   53   49   52   54   64   69   82   86   92   92   91   90   87
   86   84   87   93  101  114  127  140  147  156  161  169  173  182  188  203
  216  236  251  267  276  281  283  278  273  263  259  252  248  243  238  234
  232  231  230  224  218  205  193  180  172  167  161  154  143  131  115  105
   91   84   78   74   71   63   65   59   65                                   
    25.0-180.0 180.0   5.0 450.0                            LAT/LON1/LON2/DLON/H
   74   62   51   48   52   52   57   59   71   73   85   83   88   83   84   80
   82   83   88   97  107  121  134  146  152  160  169  180  191  204  218  236
  255  271  288  303  310  316  314  312  304  299  291  288  281  279  271  272
  270  276  277  277  271  263  250  238  226  219  210  201  187  170  146  128
  110   98   86   82   75   74   71   61   74                                   
    22.5-180.0 180.0   5.0 450.0                            LAT/LON1/LON2/DLON/H
   82   70   56   60   55   57   56   60   62   70   72   78   77   77   75   74
   75   76   84   94  109  124  137  147  152  162  174  190  205  222  239  261
  281  299  317  332  339  344  345  342  338  330  324  320  316  313  309  311
  313  323  330  335  330  322  310  295  282  269  256  244  227  204  177  149
  128  114  101   94   91   84   84   73   82                                   
    20.0-180.0 180.0   5.0 450.0                            LAT/LON1/LON2/DLON/H
   96   79   69   63   66   59   67   59   66   61   69   65   73   69   71   66
   70   74   84   98  115  132  145  154  158  168  182  203  222  241  262  284
  309  326  348  358  365  368  368  367  361  359  352  355  349  351  344  355
  353  371  377  383  378  370  357  342  322  308  293  280  260  233  202  173
  150  132  118  113  102  103   98   83   96                                   
    17.5-180.0 180.0   5.0 450.0                            LAT/LON1/LON2/DLON/H
  103   89   76   77   71   71   72   73   70   70   69   70   69   70   66   64
   65   69   80   96  117  135  147  156  162  174  192  215  236  255  274  301
  327  346  368  375  383  387  391  389  388  385  385  384  382  380  379  384
  390  403  414  420  417  404  385  363  341  322  308  295  280  250  221  191
  169  150  139  130  129  121  121   99  103                                   
    15.0-180.0 180.0   5.0 450.0                            LAT/LON1/LON2/DLON/H
  109   97   85   82   78   78   80   76   75   70   68   66   69   65   66   60
   64   70   83  103  126  145  157  168  172  192  209  234  253  272  295  320
  343  365  382  391  395  402  407  407  406  410  411  415  410  411  407  414
  420  435  444  448  442  421  395  370  342  324  305  296  281  260  230  203
  182  165  154  148  142  143  134  113  109                                   
    12.5-180.0 180.0   5.0 450.0                            LAT/LON1/LON2/DLON/H
  111  105   93   92   86   85   85   83   79   74   74   70   76   74   70   66
   66   73   86  108  131  154  167  182  192  212  230  252  272  287  309  334
  356  373  391  397  405  412  419  421  428  431  437  435  434  428  427  430
  437  449  458  461  450  423  391  359  330  306  284  271  260  244  224  205
  190  174  168  159  155  148  142  121  111                                   
    10.0-180.0 180.0   5.0 450.0                            LAT/LON1/LON2/DLON/H
  109  106   97   98   96   93   92   85   80   75   73   75   77   80   78   72
   77   83  102  124  149  173  187  207  218  241  253  277  291  312  330  350
  367  385  399  407  412  422  431  437  445  453  457  457  453  447  444  446
  450  458  462  459  443  412  378  345  309  284  258  247  237  227  214  201
  190  179  173  168  161  155  142  124  109                                   
     7.5-180.0 180.0   5.0 450.0                            LAT/LON1/LON2/DLON/H
  104  104   90   94   89   90   87   84   77   74   75   77   84   88   86   85
   88   99  118  141  167  191  208  228  242  262  274  294  308  330  345  360
