data/unet/pred1280.15i
     1.0            IONOSPHERE MAPS     GNSS                IONEX VERSION / TYPE
pyspatialgeodesy        IME             05-JAN-18 20:20     PGM / RUN BY / DATE 
Map Name                                                    COMMENT             
Predicted global ionosphere maps (GIM).                     DESCRIPTION         
  2015     5     8     0     0     0                        EPOCH OF FIRST MAP  
  2015     5     9     0     0     0                        EPOCH OF LAST MAP   
  7200                                                      INTERVAL            
    13                                                      # OF MAPS IN FILE   
  NONE                                                      MAPPING FUNCTION    
10.0                                                        ELEVATION CUTOFF    
One-way carrier phase leveled to code                       OBSERVABLES USED    
  6371.0                                                    BASE RADIUS         
 2                                                          MAP DIMENSION       
   450.0 450.0   0.0                                        HGT1 / HGT2 / DHGT  
    87.5 -87.5  -2.5                                        LAT1 / LAT2 / DLAT  
  -180.0 180.0   5.0                                        LON1 / LON2 / DLON  
    -1                                                      EXPONENT            
                                                            END OF HEADER       
[from data line 1716]
     5                                                      START OF TEC MAP    
  2015     5     8     8     0     0                        EPOCH OF CURRENT MAP
    87.5-180.0 180.0   5.0 450.0                            LAT/LON1/LON2/DLON/H
  119  138  146  149  150  151  151  155  155  159  159  162  162  165  164  166
  166  167  166  165  165  162  162  157  157  151  152  146  148  141  143  137
  140  134  137  131  134  128  131  125  127  122  124  119  120  118  120  117
  119  117  121  118  121  120  123  120  123  121  125  122  126  124  127  125
  129  128  132  130  133  133  140  123  119                                   
    85.0-180.0 180.0   5.0 450.0                            LAT/LON1/LON2/DLON/H
  134  153  149  158  155  157  158  161  162  164  166  168  169  170  171  171
  172  172  172  170  170  167  166  163  161  158  157  154  155  151  152  148
  149  146  146  143  144  140  140  136  135  132  132  129  128  127  127  126
  126  127  127  127  128  128  128  129  128  130  129  131  129  132  130  132
  132  135  135  137  138  139  140  120  134                                   
    82.5-180.0 180.0   5.0 450.0                            LAT/LON1/LON2/DLON/H
  138  144  145  147  147  150  150  155  155  160  160  165  164  168  166  169
  167  169  167  167  164  165  161  161  156  157  153  155  151  153  149  150
  148  148  146  146  143  144  140  141  136  137  133  135  131  133  130  134
  131  134  132  135  133  135  133  135  132  134  132  133  131  132  130  130
  129  130  130  131  132  134  135  127  138                                   
    80.0-180.0 180.0   5.0 450.0                            LAT/LON1/LON2/DLON/H
  139  141  142  144  143  144  146  149  151  154  156  158  160  161  162  161
  163  161  161  159  158  155  154  151  150  147  147  146  147  145  147  146
  148  146  147  145  147  143  145  141  142  138  140  137  140  137  141  139
  143  142  146  144  146  145  147  145  146  144  145  144  144  142  141  138
  140  136  137  133  138  131  134  127  139                                   
    77.5-180.0 180.0   5.0 450.0                            LAT/LON1/LON2/DLON/H
  141  142  143  146  143  147  145  150  148  153  152  156  155  158  157  159
  157  157  154  152  150  147  144  141  139  136  136  134  136  135  138  140
  141  144  144  146  146  147  147  147  148  147  150  150  153  154  158  161
  164  165  168  169  169  171  170  172  169  171  168  169  165  166  161  161
  157  155  151  149  147  141  138  134  141                                   
    75.0-180.0 180.0   5.0 450.0                            LAT/LON1/LON2/DLON/H
  148  143  145  147  148  147  147  148  148  149  150  151  152  151  152  151
  151  148  147  143  141  135  133  128  126  124  123  123  124  126  129  133
  137  141  146  147  150  150  153  152  155  155  159  161  166  169  175  179
  182  185  188  190  189  191  191  193  191  191  189  189  186  183  180  177
  173  170  167  164  164  151  148  138  148                                   
    72.5-180.0 180.0   5.0 450.0                            LAT/LON1/LON2/DLON/H
  155  145  148  150  146  147  144  144  142  142  141  141  141  140  140  139
  139  137  135  131  129  124  121  115  113  110  111  110  113  115  120  126
  131  139  144  150  151  157  156  162  160  166  168  176  179  187  191  198
  200  204  204  206  204  206  205  207  205  207  204  204  200  197  193  190
  187  183  181  177  175  165  155  151  155                                   
    70.0-180.0 180.0   5.0 450.0                            LAT/LON1/LON2/DLON/H
  160  148  148  150  150  145  145  141  140  138  138  135  136  133  134  132
  135  131  132  127  127  119  116  109  106  103  102  103  106  111  117  126
  134  141  150  154  161  161  168  168  174  177  184  189  197  204  209  214
  214  216  214  213  210  211  209  211  210  211  210  210  207  205  201  200
  196  196  192  192  190  177  168  157  160                                   
    67.5-180.0 180.0   5.0 450.0                            LAT/LON1/LON2/DLON/H
  164  151  153  153  148  145  140  137  135  132  130  129  127  125  125  124
  126  124  124  120  121  113  111  102  101   95   97   97  102  107  117  127
  136  146  153  162  165  171  172  179  180  189  192  203  207  216  218  222
  218  220  213  213  206  208  204  207  204  207  204  208  204  204  200  201
  198  199  196  197  195  183  173  165  164                                   
    65.0-180.0 180.0   5.0 450.0                            LAT/LON1/LON2/DLON/H
  168  155  154  153  150  143  141  135  134  130  130  127  127  124  124  121
  124  121  122  118  119  111  109  100   97   92   92   94   99  108  117  132
  140  151  159  167  172  176  182  185  192  197  206  214  220  227  228  228
  224  220  213  208  202  201  199  199  199  199  201  198  201  196  197  194
  196  194  197  196  197  185  181  173  168                                   
    62.5-180.0 180.0   5.0 450.0                            LAT/LON1/LON2/DLON/H
  174  162  161  158  149  143  136  130  126  123  122  119  118  117  115  112
  114  111  112  109  110  104  102   93   91   85   88   88   96  103  117  130
  141  152  160  168  171  177  179  187  191  202  208  222  226  234  233  233
  226  221  211  207  198  198  193  196  194  197  195  198  194  196  189  192
  189  192  193  195  196  187  185  177  174                                   
    60.0-180.0 180.0   5.0 450.0                            LAT/LON1/LON2/DLON/H
  180  168  166  163  155  146  139  129  125  119  119  115  117  114  113  110
  111  107  108  103  105   97   97   89   88   83   86   88   96  106  117  135
  143  156  162  169  172  177  182  188  197  205  216  225  233  238  239  235
  230  223  213  208  201  200  197  198  198  197  198  195  197  190  191  185
  188  186  191  191  197  188  192  188  180                                   
    57.5-180.0 180.0   5.0 450.0                            LAT/LON1/LON2/DLON/H
  191  179  177  173  160  149  136  125  117  112  110  108  108  107  107  103
  103   99   98   93   94   89   87   82   82   80   84   86   96  104  119  132
  144  154  162  170  172  179  180  190  194  207  215  228  235  242  242  242
  237  232  223  219  212  212  209  211  209  210  207  207  203  199  191  190
  186  188  191  194  200  192  198  193  191                                   
    55.0-180.0 180.0   5.0 450.0                            LAT/LON1/LON2/DLON/H
  208  194  191  186  174  160  146  131  120  111  109  105  107  105  105  101
  100   94   93   87   87   80   80   76   80   78   85   89   99  110  121  137
  146  158  164  173  176  180  186  192  201  212  224  235  244  250  252  252
  249  243  237  233  229  230  229  230  230  229  227  223  219  210  204  197
  196  195  200  203  212  205  214  212  208                                   
    52.5-180.0 180.0   5.0 450.0                            LAT/LON1/LON2/DLON/H
  225  217  210  204  190  173  153  136  120  111  104  102  101  100  100   95
   93   85   84   77   77   73   74   72   77   79   86   92  104  114  128  140
  151  162  168  178  180  189  191  202  207  221  231  246  254  262  265  268
  266  264  259  257  254  255  252  255  253  252  250  245  241  232  223  216
  211  211  215  221  229  224  231  225  225                                   
    50.0-180.0 180.0   5.0 450.0                            LAT/LON1/LON2/DLON/H
  238  233  227  222  207  190  168  151  133  120  112  105  104  100   99   93
   92   84   84   75   76   70   74   72   80   81   93   99  112  125  136  150
  159  170  176  186  190  197  204  213  222  235  249  262  272  280  286  288
  289  288  283  282  278  277  272  272  271  271  267  265  260  253  244  236
  230  230  233  240  249  242  247  244  238                                   
    47.5-180.0 180.0   5.0 450.0                            LAT/LON1/LON2/DLON/H
  247  245  239  235  220  203  183  161  142  128  116  108  103   98   96   90
   89   82   82   74   77   73   77   77   84   88   98  107  122  134  147  157
  168  176  183  194  197  208  212  225  232  247  259  275  285  296  302  307
  308  308  305  303  299  295  288  286  284  282  280  278  276  270  264  255
  250  248  250  257  264  257  258  253  247                                   
    45.0-180.0 180.0   5.0 450.0                            LAT/LON1/LON2/DLON/H
  247  245  242  239  227  214  195  178  158  145  131  121  113  105  101   95
   94   89   90   83   85   80   85   84   92   96  107  117  131  145  157  169
  179  187  195  204  212  217  226  234  247  259  275  292  305  318  326  332
  335  336  333  331  324  317  308  302  297  293  289  290  285  284  276  271
  263  262  261  269  273  263  261  258  247                                   
    42.5-180.0 180.0   5.0 450.0                            LAT/LON1/LON2/DLON/H
  242  237  236  234  227  217  204  186  169  154  142  130  119  110  106  101
  102   98  100   94   96   91   94   95  101  104  112  122  139  150  169  177
  190  196  207  215  223  230  239  248  261  275  291  307  321  335  346  352
  356  356  354  350  346  338  327  318  310  303  298  296  292  291  284  280
  271  268  266  270  270  259  256  250  242                                   
    40.0-180.0 180.0   5.0 450.0                            LAT/LON1/LON2/DLON/H
  228  224  218  219  213  209  201  194  179  170  154  146  132  124  118  114
  116  115  116  111  110  105  107  108  112  114  119  130  144  162  176  191
  202  213  223  231  239  247  255  265  278  292  310  330  343  361  373  379
  382  381  377  375  369  362  350  343  331  323  315  311  306  304  295  290
  279  275  268  269  268  252  245  239  228                                   
    37.5-180.0 180.0   5.0 450.0                            LAT/LON1/LON2/DLON/H
  211  206  198  192  191  189  190  185  180  172  162  152  141  134  129  128
  131  130  130  124  122  116  117  116  119  118  121  128  146  161  182  193
  210  215  229  234  245  253  265  278  292  308  328  345  365  380  395  400
  405  401  402  398  396  391  383  376  366  358  347  341  332  326  316  307
  294  284  272  267  261  243  236  224  211                                   
    35.0-180.0 180.0   5.0 450.0                            LAT/LON1/LON2/DLON/H
  198  192  178  173  168  170  172  175  174  173  166  163  151  148  143  146
  149  149  147  140  134  126  126  125  125  125  127  135  148  169  186  204
  216  226  235  242  253  265  276  290  306  322  341  363  382  399  417  424
  432  433  438  438  441  436  431  427  419  411  397  386  372  363  348  336
  318  305  290  280  268  247  233  224  198                                   
    32.5-180.0 180.0   5.0 450.0                            LAT/LON1/LON2/DLON/H
  199  191  171  156  152  148  151  153  159  162  164  161  159  155  155  159
  163  161  157  148  142  133  131  130  129  129  130  135  148  163  186  201
  218  223  235  242  255  270  286  304  319  337  355  376  397  415  435  447
  460  465  478  482  493  497  502  508  504  498  477  462  440  425  403  384
  357  340  319  306  284  259  238  225  199                                   
    30.0-180.0 180.0   5.0 450.0                            LAT/LON1/LON2/DLON/H
  196  201  174  153  143  135  136  140  147  153  160  165  164  168  167  176
  178  177  171  160  153  142  138  138  137  138  139  145  154  170  187  204
  216  226  237  248  263  282  299  317  335  351  373  394  418  440  466  482
  504  516  540  560  591  602  610  612  607  595  576  553  527  511  486  465
  428  405  374  353  325  295  263  247  196                                   
    27.5-180.0 180.0   5.0 450.0                            LAT/LON1/LON2/DLON/H
  221  213  199  172  155  141  136  134  139  144  154  159  166  168  173  179
  183  180  175  164  158  149  147  145  146  146  146  148  156  167  187  199
  218  225  244  253  271  292  312  334  350  368  389  412  438  462  491  515
  546  574  609  640  664  683  697  705  700  685  655  630  596  579  553  533
  503  486  456  434  389  354  315  279  221                                   
    25.0-180.0 180.0   5.0 450.0                            LAT/LON1/LON2/DLON/H
  258  248  226  190  161  144  144  142  142  142  151  160  170  178  183  190
  191  188  183  173  169  161  161  159  159  159  156  158  161  171  182  196
  209  226  242  259  279  304  327  351  370  389  410  436  460  486  516  548
  592  625  672  703  745  768  791  797  795  773  744  714  677  652  621  599
  574  558  531  497  458  410  370  324  258                                   
    22.5-180.0 180.0   5.0 450.0                            LAT/LON1/LON2/DLON/H
  315  302  279  231  199  170  156  149  154  154  158  164  174  180  186  186
  189  184  183  176  175  172  173  174  171  168  163  160  162  165  178  190
  207  225  248  263  285  310  338  362  385  403  429  454  482  508  544  586
  632  678  715  758  796  827  847  857  852  835  805  778  744  715  687  665
  640  620  595  566  516  456  416  368  315                                   
    20.0-180.0 180.0   5.0 450.0                            LAT/LON1/LON2/DLON/H
  367  347  321  289  247  219  193  176  166  165  175  175  183  189  193  193
  192  187  186  182  183  183  186  185  181  173  162  158  154  159  172  186
  205  228  251  274  297  328  355  385  408  430  453  478  502  531  575  612
  672  709  754  782  824  839  862  861  865  846  830  805  786  756  734  707
  689  667  643  613  575  510  453  408  367                                   
    17.5-180.0 180.0   5.0 450.0                            LAT/LON1/LON2/DLON/H
  404  380  359  325  309  277  252  227  209  192  188  195  198  198  200  196
  192  186  184  183  186  190  193  193  185  177  161  154  148  152  166  185
  206  229  257  283  310  337  367  395  423  446  479  500  531  561  603  642
  691  724  756  782  802  815  821  822  820  817  810  802  792  774  754  733
  716  698  677  646  603  547  484  444  404                                   
    15.0-180.0 180.0   5.0 450.0                            LAT/LON1/LON2/DLON/H
  425  409  382  358  337  324  309  285  255  231  214  211  216  214  213  207
  201  194  190  190  191  196  194  193  181  167  150  140  136  142  162  181
  209  235  267  293  323  352  382  412  441  472  498  528  561  593  627  658
  700  718  744  747  758  750  753  743  749  748  760  765  771  763  754  735
  724  709  692  663  618  561  506  461  425                                   
    12.5-180.0 180.0   5.0 450.0                            LAT/LON1/LON2/DLON/H
  443  428  408  382  369  355  352  337  312  276  252  238  235  229  226  216
  209  200  197  195  196  198  196  193  175  163  142  131  127  131  150  176
  206  237  268  299  333  355  387  420  458  485  518  548  585  614  642  671
  700  709  718  711  704  690  677  671  668  682  699  721  740  743  737  724
  712  702  686  660  619  566  522  478  443                                   
    10.0-180.0 180.0   5.0 450.0                            LAT/LON1/LON2/DLON/H
  457  449  424  406  390  382  377  372  353  316  284  263  253  246  240  229
  222  213  207  204  200  201  191  183  162  145  128  115  118  123  145  172
  212  239  277  302  336  363  395  431  469  498  530  563  597  619  644  666
  689  698  700  686  672  649  633  620  626  636  664  688  714  721  721  708
  695  687  670  648  612  567  527  482  457                                   
     7.5-180.0 180.0   5.0 450.0                            LAT/LON1/LON2/DLON/H
  480  478  458  435  422  408  403  390  380  342  316  290  276  264  256  242
  233  220  216  209  206  199  186  175  152  137  120  112  109  113  135  167
