data/unet/pred0690.15i
     1.0            IONOSPHERE MAPS     GNSS                IONEX VERSION / TYPE
pyspatialgeodesy        IME             05-JAN-18 20:20     PGM / RUN BY / DATE 
Map Name                                                    COMMENT             
Predicted global ionosphere maps (GIM).                     DESCRIPTION         
  2015     3    10     0     0     0                        EPOCH OF FIRST MAP  
  2015     3    11     0     0     0                        EPOCH OF LAST MAP   
  7200                                                      INTERVAL            
    13                                                      # OF MAPS IN FILE   
  NONE                                                      MAPPING FUNCTION    
10.0                                                        ELEVATION CUTOFF    
One-way carrier phase leveled to code                       OBSERVABLES USED    
  6371.0                                                    BASE RADIUS         
 2                                                          MAP DIMENSION       
   450.0 450.0   0.0                                        HGT1 / HGT2 / DHGT  
    87.5 -87.5  -2.5                                        LAT1 / LAT2 / DLAT  
  -180.0 180.0   5.0                                        LON1 / LON2 / DLON  
    -1                                                      EXPONENT            
                                                            END OF HEADER       
[from data line 429]
     2                                                      START OF TEC MAP    
  2015     3    10     2     0     0                        EPOCH OF CURRENT MAP
    87.5-180.0 180.0   5.0 450.0                            LAT/LON1/LON2/DLON/H
  148  151  155  152  150  144  146  145  148  146  148  145  147  144  145  141
  142  138  139  135  135  131  130  125  125  120  121  116  119  114  117  112
  116  112  116  112  116  113  117  113  117  115  118  116  119  119  121  122
  124  126  129  130  133  135  138  139  143  144  148  149  152  153  154  155
  157  157  158  159  164  158  152  166  148                                   
    85.0-180.0 180.0   5.0 450.0                            LAT/LON1/LON2/DLON/H
  149  165  155  158  154  149  150  148  151  149  151  149  151  147  149  145
  146  141  142  136  136  131  130  125  123  118  116  113  112  109  108  107
  107  107  107  107  108  109  109  111  111  113  114  116  116  118  119  120
  122  124  127  129  132  135  138  140  143  146  148  151  153  155  156  158
  159  160  161  162  165  160  166  165  149                                   
    82.5-180.0 180.0   5.0 450.0                            LAT/LON1/LON2/DLON/H
  167  165  168  165  160  152  155  153  157  154  157  155  157  154  156  152
  153  147  147  141  139  132  130  122  119  112  109  104  102   98   99   95
   98   95   99   99  103  102  106  106  110  109  113  111  115  113  117  115
  119  117  123  123  130  131  139  139  147  147  154  155  161  161  166  166
  171  170  175  173  179  173  178  167  167                                   
    80.0-180.0 180.0   5.0 450.0                            LAT/LON1/LON2/DLON/H
  180  177  177  173  170  161  162  160  161  160  161  161  160  160  159  158
  157  153  152  147  144  137  133  125  119  111  106   98   95   89   88   85
   87   85   89   90   95   97  103  104  110  109  114  112  116  112  116  112
  116  112  119  118  126  127  135  138  146  149  157  160  167  169  176  177
  184  184  190  190  192  188  189  181  180                                   
    77.5-180.0 180.0   5.0 450.0                            LAT/LON1/LON2/DLON/H
  195  195  191  186  179  174  169  170  166  167  165  168  165  167  164  166
  160  160  155  154  147  144  136  130  119  112  104   98   91   87   83   83
   81   85   86   92   93  101  103  111  110  115  114  117  114  115  112  112
  109  111  112  117  120  125  132  139  147  154  162  169  175  181  186  191
  197  202  206  208  209  208  209  202  195                                   
    75.0-180.0 180.0   5.0 450.0                            LAT/LON1/LON2/DLON/H
  214  212  210  202  193  183  180  178  175  175  173  173  171  168  164  161
  157  152  150  145  144  139  136  128  122  114  108  100   94   88   85   82
   83   84   88   92   97  102  109  112  117  117  119  116  115  110  109  104
  103  100  102  102  109  113  123  132  143  153  162  170  178  185  193  197
  206  210  218  222  223  223  226  222  214                                   
    72.5-180.0 180.0   5.0 450.0                            LAT/LON1/LON2/DLON/H
  241  235  230  217  207  195  189  184  180  177  173  171  165  162  155  151
  144  141  136  135  132  132  128  125  121  116  110  104   97   92   88   85
   84   85   88   92   96  102  106  111  112  114  113  110  106  102   99   94
   92   90   92   93   99  105  117  127  141  151  162  170  179  185  192  198
  208  214  224  228  231  240  245  245  241                                   
    70.0-180.0 180.0   5.0 450.0                            LAT/LON1/LON2/DLON/H
  265  256  254  238  224  211  202  197  192  189  182  180  169  162  149  141
  131  125  120  120  121  122  125  123  125  119  118  110  106   99   96   91
   91   89   92   94   98  101  106  107  108  106  105   99   95   88   86   82
   81   82   86   91   98  109  121  136  148  160  169  177  184  187  193  197
  208  214  228  234  241  250  260  265  265                                   
    67.5-180.0 180.0   5.0 450.0                            LAT/LON1/LON2/DLON/H
  287  277  273  255  242  226  219  209  204  196  189  180  166  155  138  128
  114  111  104  108  109  116  118  123  122  122  119  114  108  103   97   92
   88   87   86   87   89   92   94   95   94   91   87   82   77   73   71   70
   71   75   83   90  102  113  131  146  162  173  183  188  192  191  193  195
  203  209  221  230  242  258  269  277  287                                   
    65.0-180.0 180.0   5.0 450.0                            LAT/LON1/LON2/DLON/H
  303  295  293  275  254  236  226  219  212  209  198  191  172  158  136  122
  107  100   96   98  105  110  118  120  125  122  122  115  112  105   99   93
   89   84   84   82   84   84   86   84   84   79   76   69   65   60   60   61
   66   74   83   96  111  130  149  167  183  194  202  207  207  205  200  200
  205  210  221  229  244  259  273  284  303                                   
    62.5-180.0 180.0   5.0 450.0                            LAT/LON1/LON2/DLON/H
  306  301  300  283  265  243  234  225  221  213  206  192  173  154  132  118
  102   98   92  100  104  114  116  122  121  121  116  112  106  100   93   86
   79   73   69   66   66   66   67   67   66   63   59   54   51   48   49   54
   61   72   84   99  118  140  161  182  199  214  222  228  228  223  218  214
  215  215  221  230  245  263  273  286  306                                   
    60.0-180.0 180.0   5.0 450.0                            LAT/LON1/LON2/DLON/H
  309  303  305  289  269  245  231  223  217  214  205  199  176  162  138  125
  112  106  104  106  114  115  120  117  118  111  109  102   98   92   85   78
   72   66   60   58   60   60   63   62   65   60   57   52   49   47   49   54
   63   76   90  109  132  155  179  200  220  234  245  249  251  247  239  235
  233  232  232  239  250  262  269  284  309                                   
    57.5-180.0 180.0   5.0 450.0                            LAT/LON1/LON2/DLON/H
  303  300  298  290  269  246  231  221  216  209  207  194  179  160  144  130
  123  120  117  121  120  124  118  117  111  107   99   95   88   84   77   72
   65   58   54   50   53   53   58   58   61   58   56   51   49   48   49   56
   66   80   96  117  140  166  188  214  235  255  266  276  281  279  274  269
  263  257  255  256  260  267  270  281  303                                   
    55.0-180.0 180.0   5.0 450.0                            LAT/LON1/LON2/DLON/H
  306  299  299  287  271  246  231  218  210  206  198  195  178  168  152  146
  142  140  137  136  133  127  121  114  108  100   93   88   82   79   73   69
   64   57   55   54   57   59   65   65   70   67   67   62   60   57   58   65
   74   89  106  128  153  175  200  223  248  267  283  295  306  308  307  304
  300  293  284  280  278  279  274  282  306                                   
    52.5-180.0 180.0   5.0 450.0                            LAT/LON1/LON2/DLON/H
  304  302  298  299  277  258  239  226  216  206  201  190  183  170  164  158
  159  156  152  146  140  132  122  115  107  101   94   88   83   79   74   71
   68   63   64   62   68   69   76   77   82   80   79   75   72   69   69   75
   84   99  116  139  161  185  205  232  254  277  295  313  327  333  336  337
  337  330  324  313  303  296  290  294  304                                   
    50.0-180.0 180.0   5.0 450.0                            LAT/LON1/LON2/DLON/H
  314  315  311  308  294  273  256  239  223  211  198  192  179  175  168  170
  171  169  161  153  143  133  123  118  112  109  102   99   92   88   83   79
   78   74   77   77   83   86   91   93   98   95   95   91   89   86   84   89
   97  111  129  151  172  191  213  233  257  277  297  315  330  338  347  350
  360  357  354  341  333  319  306  303  314                                   
    47.5-180.0 180.0   5.0 450.0                            LAT/LON1/LON2/DLON/H
  326  326  328  331  313  299  279  263  242  226  211  196  187  178  178  176
  180  173  164  151  141  132  126  123  122  120  116  111  103   98   91   87
   86   83   87   88   94   97  102  105  109  108  108  105  103  100   98  103
  109  123  140  162  181  201  218  240  260  281  299  317  331  338  349  355
  369  370  377  363  357  338  322  319  326                                   
    45.0-180.0 180.0   5.0 450.0                            LAT/LON1/LON2/DLON/H
  344  350  351  351  340  327  309  289  265  245  224  210  194  187  182  183
  181  175  162  150  140  135  133  136  137  137  133  127  117  108  100   94
   92   91   96   98  104  108  115  117  122  120  121  118  117  114  114  115
  123  136  154  174  194  211  228  245  265  281  299  311  322  328  339  344
  361  367  377  373  369  359  341  332  344                                   
    42.5-180.0 180.0   5.0 450.0                            LAT/LON1/LON2/DLON/H
  361  365  369  370  361  350  333  316  290  269  245  226  211  198  193  187
  184  171  160  147  143  141  145  150  154  151  147  137  126  113  103   95
   94   93   99  100  109  113  121  124  127  128  127  126  125  125  124  127
  134  146  165  186  207  226  240  257  274  288  301  309  320  322  334  338
  355  363  377  379  383  373  355  349  361                                   
    40.0-180.0 180.0   5.0 450.0                            LAT/LON1/LON2/DLON/H
  373  378  376  377  373  367  351  336  312  288  263  243  225  212  201  194
  185  173  161  153  153  156  161  166  168  162  152  141  128  114  103   96
   94   96   99  103  109  117  125  131  136  136  137  135  135  136  135  138
  145  158  176  197  220  238  253  265  284  292  305  309  318  321  329  333
  348  358  371  380  388  386  369  354  373                                   
    37.5-180.0 180.0   5.0 450.0                            LAT/LON1/LON2/DLON/H
  380  379  375  372  373  368  357  344  324  304  280  260  242  227  215  202
  194  179  172  165  172  175  182  180  178  164  152  136  124  109  101   94
   94   95  101  102  112  116  130  135  142  140  141  138  139  138  138  139
  147  158  177  201  224  247  262  277  291  301  310  317  327  329  340  341
  355  362  377  388  401  402  384  366  380                                   
    35.0-180.0 180.0   5.0 450.0                            LAT/LON1/LON2/DLON/H
  399  395  383  372  369  364  358  347  333  316  296  276  260  242  228  213
  203  190  185  184  190  196  197  189  176  160  146  136  128  122  115  116
  114  121  116  123  118  130  135  145  149  149  147  145  144  143  141  140
  147  159  178  200  225  244  264  279  299  308  323  329  343  346  358  359
  373  380  394  410  427  439  421  390  399                                   
    32.5-180.0 180.0   5.0 450.0                            LAT/LON1/LON2/DLON/H
  432  425  404  381  373  363  357  348  338  325  309  293  275  259  243  228
  216  206  203  203  210  210  207  189  172  148  139  133  137  134  139  141
  150  155  157  152  149  147  153  154  159  152  149  141  141  135  133  131
  140  154  174  198  222  244  263  285  305  318  327  343  358  372  389  400
  411  421  438  455  475  487  472  442  432                                   
    30.0-180.0 180.0   5.0 450.0                            LAT/LON1/LON2/DLON/H
  509  495  464  425  405  389  376  364  352  338  322  310  293  275  258  238
  228  216  213  214  218  215  204  185  165  152  151  156  168  172  181  193
  200  209  202  197  180  174  165  168  164  160  150  143  137  133  128  126
  133  149  172  197  224  248  272  296  318  332  351  365  389  405  429  444
  462  472  492  511  539  561  546  521  509                                   
    27.5-180.0 180.0   5.0 450.0                            LAT/LON1/LON2/DLON/H
  595  582  546  498  465  433  411  387  371  351  336  322  308  291  272  253
  239  229  221  220  218  210  196  176  167  163  175  194  215  240  251  267
  266  270  254  241  225  204  195  182  179  163  154  138  132  121  118  117
  125  140  164  194  223  246  274  298  321  337  362  389  416  442  470  499
  518  538  559  581  612  633  633  627  595                                   
    25.0-180.0 180.0   5.0 450.0                            LAT/LON1/LON2/DLON/H
  691  705  667  614  570  520  479  440  413  386  362  346  328  312  289  268
  249  234  223  217  212  201  191  182  186  197  226  260  300  324  341  342
  333  319  293  267  243  217  198  183  175  161  146  135  123  118  114  116
  122  137  159  185  215  247  277  310  335  358  386  419  452  484  515  544
  570  588  613  641  680  710  724  730  691                                   
    22.5-180.0 180.0   5.0 450.0                            LAT/LON1/LON2/DLON/H
  778  806  773  730  683  625  568  513  473  430  402  374  355  333  307  287
  262  245  226  218  206  198  196  202  226  269  304  361  392  425  425  421
  390  365  326  290  256  221  206  185  173  151  136  118  111  105  110  111
  123  138  161  189  225  259  295  331  361  392  420  467  494  534  567  601
  625  652  676  705  746  773  805  819  778                                   
    20.0-180.0 180.0   5.0 450.0                            LAT/LON1/LON2/DLON/H
  849  875  865  837  797  746  689  620  564  507  462  425  398  373  342  312
  282  256  234  220  212  207  217  251  298  356  399  441  470  481  472  452
  417  375  340  297  258  219  197  178  164  142  128  115  103  104  102  109
  119  136  162  194  233  276  313  351  390  422  468  508  547  583  621  646
  674  698  725  756  798  815  862  877  849                                   
    17.5-180.0 180.0   5.0 450.0                            LAT/LON1/LON2/DLON/H
  897  933  928  916  882  833  777  719  653  587  527  484  447  419  387  354
  316  288  257  246  236  246  270  331  392  458  492  524  528  524  501  469
  427  383  339  291  249  213  184  160  139  115  106   94  100   96  101  103
  113  135  167  204  253  299  342  386  423  468  507  556  589  631  653  684
  703  728  754  791  831  840  891  905  897                                   
    15.0-180.0 180.0   5.0 450.0                            LAT/LON1/LON2/DLON/H
  906  944  953  954  933  895  842  792  738  673  610  554  521  483  453  412
  374  338  310  297  297  319  360  432  493  541  557  557  534  507  470  433
  398  351  311  265  231  199  171  149  128  108   98   96   94   92   90   96
  111  137  172  224  272  318  363  407  449  492  546  585  628  657  679  699
  712  735  755  795  833  826  874  894  906                                   
    12.5-180.0 180.0   5.0 450.0                            LAT/LON1/LON2/DLON/H
  879  924  943  951  942  917  874  833  788  735  677  624  584  551  519  480
  446  413  392  387  393  426  473  535  582  600  594  559  513  462  415  383
  350  317  271  238  206  182  163  144  124  104   97   97   97   86   88   88
  105  134  181  232  285  329  379  425  473  521  567  613  639  673  686  701
  706  724  743  778  812  801  833  863  879                                   
    10.0-180.0 180.0   5.0 450.0                            LAT/LON1/LON2/DLON/H
  831  871  898  918  922  906  880  859  824  783  736  689  655  618  587  547
  520  493  486  492  512  541  582  622  640  633  587  528  456  392  347  319
  296  263  236  210  190  175  163  148  130  113  109  115  104   95   89   95
  108  142  186  236  284  335  382  427  472  517  568  610  649  676  688  699
  700  715  724  754  777  763  778  813  831                                   
     7.5-180.0 180.0   5.0 450.0                            LAT/LON1/LON2/DLON/H
  780  820  847  871  878  875  862  855  838  810  777  739  713  682  648  611
  583  572  576  598  620  647  671  677  657  615  542  468  390  333  297  277
