data/unet/pred1690.15i
     1.0            IONOSPHERE MAPS     GNSS                IONEX VERSION / TYPE
pyspatialgeodesy        IME             05-JAN-18 20:20     PGM / RUN BY / DATE 
Map Name                                                    COMMENT             
Predicted global ionosphere maps (GIM).                     DESCRIPTION         
  2015     6    18     0     0     0                        EPOCH OF FIRST MAP  
  2015     6    19     0     0     0                        EPOCH OF LAST MAP   
  7200                                                      INTERVAL            
    13                                                      # OF MAPS IN FILE   
  NONE                                                      MAPPING FUNCTION    
10.0                                                        ELEVATION CUTOFF    
One-way carrier phase leveled to code                       OBSERVABLES USED    
  6371.0                                                    BASE RADIUS         
 2                                                          MAP DIMENSION       
   450.0 450.0   0.0                                        HGT1 / HGT2 / DHGT  
    87.5 -87.5  -2.5                                        LAT1 / LAT2 / DLAT  
  -180.0 180.0   5.0                                        LON1 / LON2 / DLON  
    -1                                                      EXPONENT            
                                                            END OF HEADER       
[from data line 2145]
     6                                                      START OF TEC MAP    
  2015     6    18    10     0     0                        EPOCH OF CURRENT MAP
    87.5-180.0 180.0   5.0 450.0                            LAT/LON1/LON2/DLON/H
  123  145  143  146  142  141  139  140  140  140  139  140  141  141  141  142
  143  143  143  143  144  143  142  142  142  141  140  140  140  139  138  138
  137  137  136  136  135  134  133  133  131  131  129  129  128  127  126  126
  125  125  125  125  125  125  125  125  126  125  126  126  127  127  129  128
  130  132  136  137  138  135  132  119  123                                   
    85.0-180.0 180.0   5.0 450.0                            LAT/LON1/LON2/DLON/H
  141  136  144  145  147  142  146  144  148  145  148  146  150  147  150  148
  151  150  152  151  154  152  154  152  155  152  154  151  155  151  153  150
  153  149  151  147  150  146  148  144  147  142  145  141  144  139  141  137
  139  135  136  133  134  130  130  127  127  124  124  122  122  121  121  120
  122  124  129  129  130  130  134  133  141                                   
    82.5-180.0 180.0   5.0 450.0                            LAT/LON1/LON2/DLON/H
  138  141  147  150  150  149  151  154  155  155  156  156  157  156  157  156
  157  157  158  158  159  159  160  159  160  160  160  159  161  159  160  159
  160  157  157  155  157  154  155  154  155  153  154  153  154  153  153  152
  151  149  148  147  145  143  140  138  135  132  129  127  125  123  121  119
  120  121  125  125  127  133  133  133  138                                   
    80.0-180.0 180.0   5.0 450.0                            LAT/LON1/LON2/DLON/H
  143  141  143  146  147  147  149  151  151  152  151  152  150  150  147  150
  147  149  147  152  150  152  151  153  152  152  152  153  154  153  153  153
  154  151  153  151  153  149  153  151  155  152  156  154  158  155  157  156
  156  155  153  153  150  149  145  144  139  137  132  131  127  126  122  121
  120  121  121  122  122  128  129  136  143                                   
    77.5-180.0 180.0   5.0 450.0                            LAT/LON1/LON2/DLON/H
  139  136  141  145  148  150  152  153  153  153  151  151  149  148  145  146
  144  145  144  146  145  147  146  147  147  147  147  148  148  148  149  148
  150  148  150  149  151  150  153  153  157  158  162  164  167  167  169  170
  170  169  168  167  165  163  160  157  154  151  147  144  141  139  136  134
  132  131  132  128  127  132  130  131  139                                   
    75.0-180.0 180.0   5.0 450.0                            LAT/LON1/LON2/DLON/H
  134  132  138  144  147  148  150  151  149  148  145  144  139  139  135  136
  133  135  133  136  135  137  136  138  136  137  137  137  137  139  140  141
  142  143  146  146  149  149  154  155  161  163  170  172  176  177  180  181
  181  181  181  180  176  175  170  169  163  162  156  155  150  149  144  143
  139  139  137  134  130  135  133  137  134                                   
    72.5-180.0 180.0   5.0 450.0                            LAT/LON1/LON2/DLON/H
  133  128  133  139  142  143  144  145  143  141  137  135  131  129  126  126
  124  125  125  126  126  126  126  125  124  123  123  123  125  127  130  132
  137  138  143  144  149  151  157  160  167  172  179  182  187  189  192  191
  192  190  189  188  184  181  178  175  172  170  168  165  163  160  159  155
  152  150  148  142  137  138  135  133  133                                   
    70.0-180.0 180.0   5.0 450.0                            LAT/LON1/LON2/DLON/H
  130  122  126  132  135  137  137  140  136  136  130  129  122  122  117  120
  116  120  117  121  118  120  116  117  113  113  111  113  115  120  124  130
  135  139  144  148  153  156  162  167  175  180  188  192  197  200  201  201
  197  197  193  193  187  186  181  181  178  177  176  175  174  173  171  169
  164  162  156  151  143  143  138  137  130                                   
    67.5-180.0 180.0   5.0 450.0                            LAT/LON1/LON2/DLON/H
  129  116  119  123  124  127  129  130  129  127  124  121  116  115  113  113
  112  113  113  114  112  111  109  106  103  101  100  102  106  111  119  126
  134  140  148  152  158  162  169  174  182  189  197  202  207  208  208  206
  200  197  192  190  184  183  180  180  179  179  181  182  183  182  183  181
  178  174  169  160  152  147  140  132  129                                   
    65.0-180.0 180.0   5.0 450.0                            LAT/LON1/LON2/DLON/H
  130  117  114  116  116  118  119  123  120  121  117  117  111  112  108  112
  109  113  111  113  110  110  105  104   99   98   97  100  103  111  119  130
  139  148  156  161  167  172  179  184  192  199  206  212  214  216  213  209
  200  196  189  186  181  179  178  177  179  180  185  188  191  193  196  195
  193  189  184  175  165  158  149  142  130                                   
    62.5-180.0 180.0   5.0 450.0                            LAT/LON1/LON2/DLON/H
  135  118  114  112  109  107  108  110  110  110  109  107  105  105  105  107
  107  109  108  108  106  104  101   99   96   94   95   98  102  111  121  133
  144  153  163  168  175  178  186  191  201  208  216  221  224  221  218  210
  202  193  187  182  178  175  175  175  176  179  184  189  194  199  203  204
  203  202  197  188  180  169  160  146  135                                   
    60.0-180.0 180.0   5.0 450.0                            LAT/LON1/LON2/DLON/H
  145  130  119  113  107  103   99  100   99  100   99  102  100  103  102  107
  105  107  105  106  104  103  101  101   99   99  100  104  108  118  128  141
  153  163  173  178  185  188  195  200  208  216  222  228  229  228  221  214
  204  196  188  182  178  174  175  173  177  178  185  188  196  200  206  209
  211  212  211  203  195  185  175  163  145                                   
    57.5-180.0 180.0   5.0 450.0                            LAT/LON1/LON2/DLON/H
  157  142  130  119  109   98   94   90   90   88   90   90   93   94   98   99
  101  101  101  100   99   99   99   99   99  100  103  107  113  123  133  146
  159  169  181  186  194  198  205  210  219  226  234  236  239  235  231  220
  213  202  198  189  187  182  183  180  182  183  188  191  196  201  207  211
  214  218  218  215  211  200  190  174  157                                   
    55.0-180.0 180.0   5.0 450.0                            LAT/LON1/LON2/DLON/H
  173  160  143  131  116  103   93   87   84   81   82   84   86   89   92   95
   96   97   96   97   96   98   99  104  104  108  112  117  123  132  142  155
  167  178  189  196  205  209  215  219  226  233  239  245  245  244  238  232
  221  215  208  203  198  194  194  190  191  191  194  195  198  201  207  211
  216  222  226  224  222  215  207  197  173                                   
    52.5-180.0 180.0   5.0 450.0                            LAT/LON1/LON2/DLON/H
  188  178  162  147  129  109   96   85   80   76   75   76   78   80   85   87
   90   90   91   91   93   96  100  104  108  114  118  123  130  139  148  161
  172  184  196  207  215  222  228  232  239  244  252  255  258  254  251  242
  237  227  224  217  215  210  209  206  204  202  201  202  202  204  207  210
  216  222  228  229  230  227  219  209  188                                   
    50.0-180.0 180.0   5.0 450.0                            LAT/LON1/LON2/DLON/H
  203  190  173  161  141  122  104   91   83   76   74   73   73   75   78   81
   83   85   86   89   91   97  101  110  116  122  127  134  139  149  158  170
  182  195  210  220  230  235  240  244  249  256  259  264  265  264  260  253
  248  243  237  234  229  226  222  218  214  211  208  207  206  206  208  211
  216  223  229  230  233  231  226  221  203                                   
    47.5-180.0 180.0   5.0 450.0                            LAT/LON1/LON2/DLON/H
  210  197  183  171  152  131  114   98   86   80   76   73   71   72   73   76
   78   80   83   85   90   96  103  112  119  127  133  139  145  154  163  177
  187  203  218  233  243  251  256  259  264  270  274  277  278  275  273  265
  261  255  252  247  243  238  234  229  225  221  217  216  214  213  214  215
  219  224  231  232  233  234  229  218  210                                   
    45.0-180.0 180.0   5.0 450.0                            LAT/LON1/LON2/DLON/H
  213  196  182  173  158  141  124  111  100   91   86   81   77   74   75   76
   78   80   83   87   92  100  109  120  128  134  140  146  152  161  171  185
  199  213  232  243  255  262  267  273  275  284  282  287  284  285  279  274
  269  265  261  257  251  247  241  236  231  228  224  223  220  220  220  223
  225  232  235  234  233  230  227  217  213                                   
    42.5-180.0 180.0   5.0 450.0                            LAT/LON1/LON2/DLON/H
  207  191  177  172  160  146  134  124  114  105   96   91   85   81   79   80
   82   83   86   88   96  103  114  124  132  140  145  151  157  167  176  191
  204  222  240  254  268  274  284  288  295  300  302  302  303  299  295  285
  282  275  272  266  261  255  250  244  239  236  234  233  231  231  232  234
  235  239  240  237  231  228  220  205  207                                   
    40.0-180.0 180.0   5.0 450.0                            LAT/LON1/LON2/DLON/H
  202  181  168  165  158  149  140  135  128  122  113  105   98   91   89   88
   89   89   92   94  101  110  121  131  140  146  152  157  165  173  184  197
  212  226  244  257  270  280  291  300  306  312  311  315  314  311  306  298
  292  286  280  275  270  264  259  255  252  249  247  245  242  243  243  245
  246  248  246  241  233  224  214  199  202                                   
    37.5-180.0 180.0   5.0 450.0                            LAT/LON1/LON2/DLON/H
  196  175  159  158  153  148  145  144  140  136  127  121  111  105  101   99
   99   98   99   99  106  114  127  138  147  153  159  164  170  179  188  202
  217  231  250  261  279  288  306  314  327  329  335  334  337  331  328  318
  314  304  299  291  285  278  275  271  269  266  263  260  257  257  257  258
  257  257  252  245  234  224  209  191  196                                   
    35.0-180.0 180.0   5.0 450.0                            LAT/LON1/LON2/DLON/H
  196  172  155  152  148  146  145  147  148  145  141  134  126  118  115  111
  111  108  108  108  114  121  134  144  153  159  165  170  177  186  196  208
  220  234  250  263  280  295  312  325  334  341  344  348  348  346  341  334
  331  325  319  314  307  302  295  290  287  283  278  272  267  266  266  267
  266  265  259  249  240  226  215  198  196                                   
    32.5-180.0 180.0   5.0 450.0                            LAT/LON1/LON2/DLON/H
  201  175  158  152  147  146  146  150  151  152  146  142  134  128  123  120
  118  114  114  111  119  124  140  149  159  165  172  176  183  193  201  212
  227  238  257  267  289  302  323  334  349  354  360  363  367  364  363  358
  361  357  356  353  348  342  334  324  315  306  295  286  279  275  275  273
  274  270  265  254  244  234  221  205  201                                   
    30.0-180.0 180.0   5.0 450.0                            LAT/LON1/LON2/DLON/H
  210  186  167  159  152  150  151  154  158  157  155  148  143  134  131  125
  124  119  118  116  123  129  143  153  162  169  174  182  189  197  206  218
  230  244  261  273  294  310  331  347  359  369  372  381  380  382  382  385
  390  397  398  405  401  400  388  373  354  335  317  302  289  285  281  281
  278  276  267  258  252  243  235  218  210                                   
    27.5-180.0 180.0   5.0 450.0                            LAT/LON1/LON2/DLON/H
  214  199  185  172  167  161  163  163  167  165  161  156  147  139  132  126
  124  119  119  117  126  131  147  157  168  173  180  186  196  204  213  224
  241  252  271  281  303  316  340  353  369  378  384  391  393  398  404  412
  427  437  449  456  458  454  443  423  396  369  341  321  304  294  288  285
  281  274  268  258  256  253  244  228  214                                   
    25.0-180.0 180.0   5.0 450.0                            LAT/LON1/LON2/DLON/H
  221  219  203  193  184  180  177  179  179  177  171  163  153  142  133  127
  122  119  117  120  128  136  149  161  169  176  179  189  197  207  218  231
  249  265  281  294  313  327  347  360  374  385  388  400  403  415  422  441
  456  479  490  500  499  496  483  462  434  402  366  340  318  306  295  290
  282  278  267  263  261  263  259  245  221                                   
    22.5-180.0 180.0   5.0 450.0                            LAT/LON1/LON2/DLON/H
  225  238  230  222  214  203  199  194  197  188  183  171  160  148  135  125
  122  115  119  117  131  137  153  162  175  178  185  190  204  211  224  235
  257  269  290  301  322  335  354  364  378  386  393  403  411  424  438  457
  484  502  524  530  536  529  514  486  457  421  383  354  329  313  299  291
  282  273  265  257  258  264  261  246  225                                   
    20.0-180.0 180.0   5.0 450.0                            LAT/LON1/LON2/DLON/H
  233  251  248  244  239  227  219  212  207  200  190  178  164  152  137  128
  120  115  113  118  127  140  153  166  174  180  184  194  206  216  228  241
  260  275  294  309  333  345  367  370  384  388  396  407  415  429  440  462
  480  504  517  530  538  532  520  494  464  428  394  361  335  314  302  290
  282  273  262  255  253  259  260  251  233                                   
    17.5-180.0 180.0   5.0 450.0                            LAT/LON1/LON2/DLON/H
  233  252  256  258  256  246  239  229  221  209  199  183  172  159  147  134
  126  115  117  115  133  143  162  170  182  184  191  197  212  217  233  240
  266  281  306  320  347  359  378  381  392  395  403  410  420  430  443  455
  480  492  514  520  531  527  519  496  469  435  401  372  343  324  306  295
  284  272  260  249  246  249  250  241  233                                   
    15.0-180.0 180.0   5.0 450.0                            LAT/LON1/LON2/DLON/H
  238  249  251  256  256  249  240  233  225  212  198  185  173  163  151  141
  129  121  115  119  128  143  158  171  179  183  191  202  214  223  239  249
  272  290  317  331  363  371  388  391  402  405  409  417  421  430  434  447
  457  472  482  488  499  501  498  484  462  433  406  380  358  334  317  302
  290  276  263  250  244  243  244  241  238                                   
    12.5-180.0 180.0   5.0 450.0                            LAT/LON1/LON2/DLON/H
  236  240  242  247  246  239  233  227  219  209  196  182  173  166  156  147
  136  125  119  118  132  142  160  170  181  184  192  200  216  220  242  250
  280  301  328  346  373  390  403  410  414  420  417  425  430  434  439  442
  456  457  468  469  484  489  494  484  469  446  423  402  379  356  332  315
  297  283  267  254  242  238  234  230  236                                   
    10.0-180.0 180.0   5.0 450.0                            LAT/LON1/LON2/DLON/H
  237  233  231  234  232  224  217  210  202  194  182  172  165  160  155  147
  138  129  121  120  125  136  148  159  171  177  191  201  219  228  246  258
  286  305  332  345  379  390  408  414  423  425  425  427  434  436  437  440
  443  447  448  453  463  474  478  477  467  449  431  411  397  372  347  325
  305  290  275  262  253  243  235  236  237                                   
     7.5-180.0 180.0   5.0 450.0                            LAT/LON1/LON2/DLON/H
  240  232  232  231  223  210  202  192  186  175  168  160  156  156  152  148
  140  132  125  120  125  127  139  144  158  166  183  194  216  225  246  258
