data/unet/pred2380.15i
     1.0            IONOSPHERE MAPS     GNSS                IONEX VERSION / TYPE
pyspatialgeodesy        IME             05-JAN-18 20:20     PGM / RUN BY / DATE 
Map Name                                                    COMMENT             
Predicted global ionosphere maps (GIM).                     DESCRIPTION         
  2015     8    26     0     0     0                        EPOCH OF FIRST MAP  
  2015     8    27     0     0     0                        EPOCH OF LAST MAP   
  7200                                                      INTERVAL            
    13                                                      # OF MAPS IN FILE   
  NONE                                                      MAPPING FUNCTION    
10.0                                                        ELEVATION CUTOFF    
One-way carrier phase leveled to code                       OBSERVABLES USED    
  6371.0                                                    BASE RADIUS         
 2                                                          MAP DIMENSION       
   450.0 450.0   0.0                                        HGT1 / HGT2 / DHGT  
    87.5 -87.5  -2.5                                        LAT1 / LAT2 / DLAT  
  -180.0 180.0   5.0                                        LON1 / LON2 / DLON  
    -1                                                      EXPONENT            
                                                            END OF HEADER       
[from data line 2574]
     7                                                      START OF TEC MAP    
  2015     8    26    12     0     0                        EPOCH OF CURRENT MAP
    87.5-180.0 180.0   5.0 450.0                            LAT/LON1/LON2/DLON/H
  121  126  127  126  126  125  125  124  125  124  125  124  125  123  124  123
  124  122  123  122  123  122  122  121  121  120  120  119  119  118  118  117
  117  116  115  115  114  114  113  113  112  112  111  112  111  111  110  110
  110  110  110  110  111  111  111  112  113  114  114  115  115  116  116  117
  118  118  120  120  121  121  132  115  121                                   
    85.0-180.0 180.0   5.0 450.0                            LAT/LON1/LON2/DLON/H
  121  123  124  121  125  122  127  123  127  123  125  122  125  121  123  120
  122  120  121  119  121  119  121  119  121  119  120  119  120  119  119  118
  119  117  118  116  117  114  115  112  114  111  112  109  111  108  109  107
  108  105  107  104  106  103  105  103  106  103  106  103  107  104  108  106
  110  108  114  111  116  117  122  125  121                                   
    82.5-180.0 180.0   5.0 450.0                            LAT/LON1/LON2/DLON/H
  117  120  124  122  125  123  124  124  124  121  121  119  118  116  115  113
  113  111  112  111  112  112  113  113  115  115  116  116  118  117  119  118
  120  118  119  118  118  116  116  115  114  112  112  111  110  108  108  107
  106  104  103  101  101   98   98   96   96   93   94   92   94   91   95   92
   98   95  103  100  108  107  112  110  117                                   
    80.0-180.0 180.0   5.0 450.0                            LAT/LON1/LON2/DLON/H
  109  113  115  118  120  119  121  119  119  116  115  112  111  108  107  104
  104  102  103  103  104  104  106  108  109  110  111  112  114  114  117  116
  118  117  119  117  119  116  118  115  116  113  114  111  113  110  111  108
  109  106  107  103  103  100   99   96   96   93   93   90   90   88   89   88
   90   90   94   94   99   98   99  103  109                                   
    77.5-180.0 180.0   5.0 450.0                            LAT/LON1/LON2/DLON/H
  101  106  107  110  112  114  113  113  110  108  106  102   99   95   94   91
   90   89   90   91   92   94   95   99   99  103  103  108  107  111  111  115
  114  117  117  119  117  118  116  118  114  115  113  114  112  113  111  112
  110  109  107  106  103  101   98   97   93   91   88   86   84   82   81   80
   80   81   83   83   87   87   88   90  101                                   
    75.0-180.0 180.0   5.0 450.0                            LAT/LON1/LON2/DLON/H
   91   95   98  103  104  107  105  106  101  101   95   93   87   85   81   80
   78   79   79   82   83   87   89   93   95   98  100  102  105  106  109  111
  114  115  118  119  120  121  121  122  120  121  119  120  118  120  118  119
  116  117  114  114  109  109  104  103   98   95   91   88   84   82   79   77
   75   75   75   75   77   79   79   83   91                                   
    72.5-180.0 180.0   5.0 450.0                            LAT/LON1/LON2/DLON/H
   82   88   87   91   93   96   94   95   91   88   84   80   76   72   72   70
   71   70   73   75   78   83   86   91   92   96   95   99   99  103  104  108
  111  115  118  121  123  125  125  126  125  125  124  125  124  125  124  124
  122  123  119  119  115  114  109  107  101   99   93   90   85   82   77   75
   72   71   70   68   69   69   72   73   82                                   
    70.0-180.0 180.0   5.0 450.0                            LAT/LON1/LON2/DLON/H
   73   73   78   80   82   85   86   86   82   80   76   72   70   67   67   66
   69   70   74   77   82   87   91   95   97   99   98   99   98   99  100  104
  107  112  116  120  123  127  127  130  128  131  129  132  130  133  131  133
  130  133  128  130  125  125  119  117  110  107  102   98   93   89   85   81
   76   73   70   66   66   64   64   67   73                                   
    67.5-180.0 180.0   5.0 450.0                            LAT/LON1/LON2/DLON/H
   67   68   67   69   73   74   75   75   73   71   69   67   66   64   66   67
   70   72   76   81   84   91   93   98   97   99   95   96   92   93   93   97
  101  107  112  117  121  124  126  128  128  130  130  132  132  134  134  135
  133  134  131  132  127  127  120  118  112  110  105  103   98   96   91   87
   81   77   72   67   64   60   62   60   67                                   
    65.0-180.0 180.0   5.0 450.0                            LAT/LON1/LON2/DLON/H
   61   58   60   59   62   64   67   66   66   65   64   64   65   65   69   71
   75   77   82   87   92   97   99  103  102  102   97   97   91   92   90   95
   97  105  109  117  119  126  125  130  129  133  132  136  135  138  136  138
  136  139  134  137  132  132  126  124  119  117  112  111  107  106  101   98
   91   86   80   72   67   62   60   59   61                                   
    62.5-180.0 180.0   5.0 450.0                            LAT/LON1/LON2/DLON/H
   61   58   51   52   53   54   56   56   57   56   58   59   61   64   68   73
   76   80   84   89   90   96   97  102   99   99   94   93   86   87   85   90
   93  101  106  114  117  122  123  127  127  131  132  135  135  136  136  137
  135  138  135  137  133  133  128  127  122  122  117  118  115  115  111  106
  100   93   86   77   71   64   64   59   61                                   
    60.0-180.0 180.0   5.0 450.0                            LAT/LON1/LON2/DLON/H
   58   53   49   45   46   47   49   49   50   50   52   55   60   63   70   74
   80   82   87   90   93   96   98  102  100  101   95   96   89   91   87   94
   95  105  107  118  118  125  124  130  129  135  134  139  137  139  136  139
  136  140  136  140  136  137  133  132  128  128  125  126  124  123  119  115
  108  102   94   84   77   69   65   61   58                                   
    57.5-180.0 180.0   5.0 450.0                            LAT/LON1/LON2/DLON/H
   61   57   46   43   41   41   42   42   42   42   45   49   53   59   64   72
   75   81   82   86   86   90   90   96   93   96   91   93   88   91   89   96
   98  108  112  120  122  128  128  134  134  139  140  143  142  142  141  141
  140  143  141  144  143  143  140  140  136  137  134  136  132  133  126  123
  113  107   97   88   80   72   69   62   61                                   
    55.0-180.0 180.0   5.0 450.0                            LAT/LON1/LON2/DLON/H
   62   56   50   44   41   40   40   38   38   38   39   43   47   53   60   66
   72   76   80   82   85   88   89   95   93   98   94   98   93   99   96  105
  105  116  117  126  127  133  133  139  140  146  146  150  147  148  146  147
  144  148  146  149  149  150  149  147  145  145  144  144  143  139  135  127
  120  112  103   94   86   77   72   66   62                                   
    52.5-180.0 180.0   5.0 450.0                            LAT/LON1/LON2/DLON/H
   66   63   53   49   45   42   41   38   37   35   35   37   40   46   51   60
   64   70   73   79   80   85   86   93   92   97   95  100   97  103  104  111
  113  122  126  133  135  141  143  149  152  155  158  159  159  158  156  155
  154  156  155  158  161  161  160  158  156  156  153  154  150  148  139  134
  122  115  104   96   89   80   77   69   66                                   
    50.0-180.0 180.0   5.0 450.0                            LAT/LON1/LON2/DLON/H
   72   66   61   55   53   50   48   43   40   37   34   35   36   41   46   52
   59   66   72   79   83   88   92   98   99  105  103  109  106  114  113  122
  122  133  134  143  144  152  154  160  162  167  168  170  168  169  167  167
  163  166  163  168  169  170  168  167  165  164  161  160  158  153  147  138
  128  119  109  100   93   84   79   74   72                                   
    47.5-180.0 180.0   5.0 450.0                            LAT/LON1/LON2/DLON/H
   77   76   68   66   62   60   56   51   46   42   38   36   35   38   40   48
   54   65   72   81   86   94   96  104  105  111  110  116  114  121  120  128
  130  139  143  151  156  161  167  171  176  178  181  180  181  180  180  178
  174  174  173  174  176  175  174  172  170  169  165  165  162  158  149  141
  130  121  111  103   96   88   83   77   77                                   
    45.0-180.0 180.0   5.0 450.0                            LAT/LON1/LON2/DLON/H
   84   78   74   72   71   70   68   63   57   53   46   43   40   41   42   48
   56   67   77   89   96  105  109  115  115  122  120  127  122  130  126  137
  134  148  149  163  165  176  177  186  187  193  193  196  194  195  194  193
  186  185  178  181  177  177  173  173  171  170  168  167  164  159  152  145
  135  128  117  108  100   90   87   84   84                                   
    42.5-180.0 180.0   5.0 450.0                            LAT/LON1/LON2/DLON/H
   88   86   81   81   80   80   77   74   68   62   57   52   48   46   46   52
   58   71   82   97  105  115  117  123  123  128  128  133  129  134  131  138
  139  150  157  168  177  184  193  198  203  205  208  207  208  208  209  205
  199  192  184  180  177  174  171  171  168  171  167  170  165  162  155  148
  139  131  122  112  105   95   93   90   88                                   
    40.0-180.0 180.0   5.0 450.0                            LAT/LON1/LON2/DLON/H
   94   86   84   86   85   86   86   82   78   74   69   65   60   58   56   59
   66   79   93  110  120  129  131  134  134  139  138  142  137  143  137  146
  145  161  165  183  188  203  206  217  219  224  223  226  224  226  223  220
  210  203  189  185  177  176  170  172  169  172  170  171  167  163  157  152
  145  139  130  119  110   99   97   97   94                                   
    37.5-180.0 180.0   5.0 450.0                            LAT/LON1/LON2/DLON/H
   98   93   87   88   89   90   91   88   85   81   78   76   72   69   67   68
   74   86  101  117  128  135  137  139  140  142  143  147  143  146  142  148
  152  166  177  190  204  215  226  232  238  241  242  242  240  242  238  235
  225  215  202  193  186  183  178  179  176  179  176  178  172  169  162  157
  150  143  136  125  115  104  104  104   98                                   
    35.0-180.0 180.0   5.0 450.0                            LAT/LON1/LON2/DLON/H
  102   94   87   87   90   90   91   89   87   86   84   84   82   80   76   77
   81   96  108  125  135  143  143  145  144  149  150  154  151  154  150  159
  162  179  189  208  220  237  244  256  258  264  261  262  257  258  255  252
  243  235  222  214  206  202  197  196  194  194  191  186  180  173  166  161
  153  150  140  130  119  108  107  109  102                                   
    32.5-180.0 180.0   5.0 450.0                            LAT/LON1/LON2/DLON/H
  108  100   90   90   90   90   91   89   87   86   87   88   90   88   86   84
   87   99  112  127  138  143  145  145  146  149  154  158  158  160  160  167
  176  191  207  224  243  255  267  276  279  284  283  284  281  282  278  276
  269  260  249  242  236  234  229  229  226  225  217  209  198  186  177  168
  159  152  142  133  121  110  111  115  108                                   
    30.0-180.0 180.0   5.0 450.0                            LAT/LON1/LON2/DLON/H
  113  104   91   90   89   88   89   86   84   84   84   88   90   91   87   88
   88  100  112  127  137  143  143  144  145  151  157  162  166  170  172  182
  191  209  228  249  268  282  289  298  302  308  308  311  308  309  306  305
  299  294  286  283  280  276  274  271  267  259  246  229  213  194  182  170
  161  154  144  136  123  116  116  118  113                                   
    27.5-180.0 180.0   5.0 450.0                            LAT/LON1/LON2/DLON/H
  123  112  100   98   92   91   88   85   83   81   81   85   90   91   91   88
   90   99  112  127  138  142  144  145  147  151  160  166  172  178  186  197
  214  232  256  273  292  303  313  322  326  334  333  338  335  338  335  335
  332  329  329  330  330  330  323  316  305  292  275  255  234  211  193  175
  165  154  146  137  128  122  123  123  123                                   
    25.0-180.0 180.0   5.0 450.0                            LAT/LON1/LON2/DLON/H
  130  119  105  101   96   92   89   85   81   78   78   82   85   89   88   87
   87   97  108  126  134  142  142  144  146  153  162  171  180  193  202  220
  239  261  286  301  315  325  336  343  351  357  360  361  361  362  363  365
  365  370  374  383  384  386  377  369  348  328  299  276  250  223  201  183
  168  158  146  140  130  129  130  128  130                                   
    22.5-180.0 180.0   5.0 450.0                            LAT/LON1/LON2/DLON/H
  141  128  118  113  104   98   93   89   83   78   75   77   81   85   87   84
   87   93  107  124  135  142  144  146  150  155  166  176  192  207  223  243
  267  288  309  323  334  346  354  365  370  379  378  384  381  387  387  391
  395  402  412  419  425  427  420  404  381  351  322  291  265  236  214  192
  176  160  151  142  136  133  138  134  141                                   
    20.0-180.0 180.0   5.0 450.0                            LAT/LON1/LON2/DLON/H
  148  142  128  124  111  104   97   92   85   80   74   75   77   82   83   83
   83   90  101  122  131  142  142  148  150  161  169  185  202  225  240  269
  291  311  325  339  351  360  371  379  388  393  397  398  399  404  407  416
  421  433  444  456  460  460  449  432  403  372  339  309  275  244  221  200
  184  170  157  149  140  140  143  138  148                                   
    17.5-180.0 180.0   5.0 450.0                            LAT/LON1/LON2/DLON/H
  157  150  142  135  125  112  107   99   93   86   79   76   77   79   82   81
   83   90  103  119  131  140  143  148  155  164  177  197  217  241  261  290
  309  329  339  356  364  378  384  400  401  411  409  416  414  424  426  436
  444  454  470  476  479  474  462  442  412  376  344  313  284  255  234  214
  199  180  169  155  147  146  153  140  157                                   
    15.0-180.0 180.0   5.0 450.0                            LAT/LON1/LON2/DLON/H
  162  163  155  146  132  120  108  103   95   89   81   78   77   80   80   81
   81   88   97  115  125  136  141  151  158  175  187  209  227  255  278  305
  322  341  354  367  381  390  403  411  417  422  424  430  431  440  443  454
  463  476  487  492  492  485  468  448  418  384  350  319  289  262  241  226
  210  195  180  169  157  157  160  150  162                                   
    12.5-180.0 180.0   5.0 450.0                            LAT/LON1/LON2/DLON/H
  166  169  163  155  142  126  117  106  102   96   87   82   80   81   84   81
   84   89  101  115  126  134  141  153  165  182  199  223  242  273  295  321
  334  353  366  383  395  408  415  426  426  433  432  440  440  450  452  462
  469  480  488  491  486  480  461  442  412  378  345  315  289  264  250  238
  226  210  196  181  169  166  171  151  166                                   
    10.0-180.0 180.0   5.0 450.0                            LAT/LON1/LON2/DLON/H
  169  169  167  158  143  129  116  107   99   96   87   84   82   85   84   86
   82   90   97  113  121  132  142  159  173  194  210  234  254  287  310  331
  345  363  377  392  406  416  427  433  435  439  436  443  444  454  456  465
  471  481  486  487  482  473  455  438  410  378  344  315  286  265  249  242
  232  219  204  191  178  176  178  165  169                                   
     7.5-180.0 180.0   5.0 450.0                            LAT/LON1/LON2/DLON/H
  173  172  167  156  143  128  118  106  102   94   88   84   82   83   87   84
   89   92  104  116  128  137  147  164  183  206  224  247  269  300  321  340
