data/unet/pred2950.15i
     1.0            IONOSPHERE MAPS     GNSS                IONEX VERSION / TYPE
pyspatialgeodesy        IME             05-JAN-18 20:20     PGM / RUN BY / DATE 
Map Name                                                    COMMENT             
Predicted global ionosphere maps (GIM).                     DESCRIPTION         
  2015    10    22     0     0     0                        EPOCH OF FIRST MAP  
  2015    10    23     0     0     0                        EPOCH OF LAST MAP   
  7200                                                      INTERVAL            
    13                                                      # OF MAPS IN FILE   
  NONE                                                      MAPPING FUNCTION    
10.0                                                        ELEVATION CUTOFF    
One-way carrier phase leveled to code                       OBSERVABLES USED    
  6371.0                                                    BASE RADIUS         
 2                                                          MAP DIMENSION       
   450.0 450.0   0.0                                        HGT1 / HGT2 / DHGT  
    87.5 -87.5  -2.5                                        LAT1 / LAT2 / DLAT  
  -180.0 180.0   5.0                                        LON1 / LON2 / DLON  
    -1                                                      EXPONENT            
                                                            END OF HEADER       
[from data line 4290]
    11                                                      START OF TEC MAP    
  2015    10    22    20     0     0                        EPOCH OF CURRENT MAP
    87.5-180.0 180.0   5.0 450.0                            LAT/LON1/LON2/DLON/H
  162  133  118  122  122  123  123  125  126  128  130  132  133  135  136  137
  137  138  138  139  138  137  136  134  133  131  129  127  125  123  121  118
  116  114  112  109  108  105  104  102  101  100   99   99   99  100  100  101
  102  103  104  105  106  108  108  109  109  110  109  110  110  111  110  112
  111  113  113  113  116  116  114  145  162                                   
    85.0-180.0 180.0   5.0 450.0                            LAT/LON1/LON2/DLON/H
  114  106  105  109  111  112  115  117  120  123  127  129  132  135  137  139
  141  141  142  142  142  140  139  136  135  131  129  125  123  118  117  111
  110  104  103   97   97   91   92   87   88   83   86   82   85   82   86   84
   88   87   91   91   95   95   97   97   99   99   99   99   99   99   99   98
   99   98  100   98  102  100  100  119  114                                   
    82.5-180.0 180.0   5.0 450.0                            LAT/LON1/LON2/DLON/H
  104   99   97  102  102  107  108  115  117  126  129  137  139  147  148  154
  154  158  156  158  154  154  149  148  141  139  132  129  123  120  113  111
  104  102   96   94   88   86   81   80   76   75   72   73   72   73   73   76
   77   80   81   84   86   89   89   92   92   95   94   96   94   96   93   95
   92   95   92   95   92   92   86   99  104                                   
    80.0-180.0 180.0   5.0 450.0                            LAT/LON1/LON2/DLON/H
   97   86   85   87   91   94  101  106  114  121  130  137  146  151  158  161
  165  166  168  165  165  161  159  152  148  141  135  128  123  118  113  108
  103   98   94   88   84   78   75   69   67   63   63   60   62   61   65   65
   70   70   75   76   82   82   87   87   90   90   91   90   91   89   89   86
   87   84   85   80   82   78   77   86   97                                   
    77.5-180.0 180.0   5.0 450.0                            LAT/LON1/LON2/DLON/H
   83   78   75   76   81   83   91   97  108  117  129  138  148  156  163  168
  171  173  172  171  168  163  159  152  147  138  133  123  120  112  109  101
   99   91   89   82   78   71   68   62   60   55   55   53   54   55   59   60
   65   67   72   75   79   81   84   86   87   88   87   86   85   84   82   80
   79   77   77   74   73   70   68   72   83                                   
    75.0-180.0 180.0   5.0 450.0                            LAT/LON1/LON2/DLON/H
   82   74   74   76   80   84   93   99  110  121  134  145  157  166  174  178
  182  182  182  178  175  168  163  154  148  140  132  124  119  113  110  104
  101   95   92   87   82   77   72   67   63   59   57   57   57   60   62   66
   70   73   77   80   82   84   86   86   86   86   84   82   82   79   79   76
   77   74   76   73   73   69   72   76   82                                   
    72.5-180.0 180.0   5.0 450.0                            LAT/LON1/LON2/DLON/H
   86   83   80   83   86   89   97  104  115  127  141  154  166  176  184  189
  191  192  188  184  178  172  164  155  146  136  128  119  114  108  105  101
   99   95   93   88   84   78   73   68   63   59   57   56   57   60   63   67
   70   74   76   78   79   80   80   81   79   79   76   75   73   73   70   70
   68   70   70   70   71   71   75   79   86                                   
    70.0-180.0 180.0   5.0 450.0                            LAT/LON1/LON2/DLON/H
   95   90   92   93   97  101  109  116  127  139  153  166  179  187  195  199
  202  201  198  193  187  179  172  160  150  137  126  116  109  103   99   96
   94   92   91   89   84   80   75   70   65   62   59   59   60   63   66   70
   73   75   77   76   77   75   75   72   72   69   67   65   65   63   64   63
   65   65   69   69   74   74   81   88   95                                   
    67.5-180.0 180.0   5.0 450.0                            LAT/LON1/LON2/DLON/H
  102  103  104  109  112  114  121  128  138  150  163  176  188  197  204  209
  210  212  207  205  197  189  180  168  154  138  123  111  102   95   90   87
   85   85   84   84   80   77   71   67   62   58   56   57   58   60   63   66
   68   68   68   67   65   64   61   60   58   57   54   55   54   55   54   55
   55   58   61   65   70   74   83   92  102                                   
    65.0-180.0 180.0   5.0 450.0                            LAT/LON1/LON2/DLON/H
  109  109  115  119  123  127  134  141  150  161  174  185  198  206  215  218
  222  224  222  219  214  205  196  184  170  151  132  117  104   96   88   85
   82   82   79   79   74   72   67   63   58   56   55   56   57   60   62   64
   64   63   61   57   54   51   49   47   47   45   45   45   46   46   47   47
   49   51   57   59   67   72   86   97  109                                   
    62.5-180.0 180.0   5.0 450.0                            LAT/LON1/LON2/DLON/H
  109  114  120  129  133  136  143  148  158  167  180  191  203  212  221  226
  230  235  234  234  228  222  213  200  186  166  144  124  109   98   89   85
   81   78   74   72   68   65   59   56   51   49   49   49   51   52   55   54
   55   51   49   43   41   37   36   35   35   36   37   39   39   40   40   40
   41   42   46   51   59   67   80   95  109                                   
    60.0-180.0 180.0   5.0 450.0                            LAT/LON1/LON2/DLON/H
  112  114  125  133  139  145  152  160  167  176  186  197  208  218  228  235
  242  247  250  250  246  242  233  221  208  187  167  144  126  112  104   96
   91   85   79   74   69   63   58   54   52   49   50   50   52   52   53   51
   49   44   41   35   32   29   29   30   32   34   35   37   39   39   40   38
   40   40   44   47   56   63   79   92  112                                   
    57.5-180.0 180.0   5.0 450.0                            LAT/LON1/LON2/DLON/H
  110  115  123  135  142  147  156  162  171  178  189  198  209  218  230  239
  248  256  259  263  261  259  250  239  224  206  187  167  148  133  121  114
  105   97   88   81   72   65   59   55   52   50   51   50   51   49   50   45
   43   36   33   28   27   24   27   28   34   36   39   40   42   42   42   40
   40   39   43   46   53   60   74   87  110                                   
    55.0-180.0 180.0   5.0 450.0                            LAT/LON1/LON2/DLON/H
  116  118  129  140  150  159  168  175  183  190  198  205  214  224  235  247
  257  265  269  272  271  270  265  254  242  226  211  194  180  165  153  140
  129  117  106   95   85   76   70   65   63   62   63   61   61   58   55   50
   45   39   35   31   30   30   32   38   42   47   49   51   52   51   52   48
   49   47   51   53   62   66   82   91  116                                   
    52.5-180.0 180.0   5.0 450.0                            LAT/LON1/LON2/DLON/H
  121  128  136  149  160  167  177  185  193  198  204  210  218  228  240  251
  261  269  273  278  277  277  273  267  257  244  231  220  208  198  184  171
  155  140  124  111  101   91   85   79   78   75   76   73   71   66   63   56
   52   45   42   38   39   40   45   50   57   60   63   63   63   62   61   59
   59   57   62   65   72   78   90  100  121                                   
    50.0-180.0 180.0   5.0 450.0                            LAT/LON1/LON2/DLON/H
  139  144  157  169  180  191  202  209  215  217  221  223  229  237  248  259
  268  274  278  280  281  281  280  275  270  261  254  245  238  227  216  199
  181  163  144  131  119  111  104  100   98   97   96   93   90   84   79   72
   68   62   58   55   55   57   62   69   74   77   77   78   77   76   76   75
   75   76   82   86   95  101  115  123  139                                   
    47.5-180.0 180.0   5.0 450.0                            LAT/LON1/LON2/DLON/H
  158  167  176  190  202  213  223  231  234  237  236  240  242  249  257  266
  272  277  278  280  280  282  281  281  278  275  271  265  257  249  233  217
  194  175  156  141  132  124  119  115  113  111  109  107  103   97   92   86
   82   78   75   73   73   74   80   84   90   90   90   88   87   87   87   87
   88   91   98  105  115  125  135  149  158                                   
    45.0-180.0 180.0   5.0 450.0                            LAT/LON1/LON2/DLON/H
  185  195  208  221  232  244  254  259  263  263  262  261  263  267  273  279
  282  283  283  282  284  285  287  287  289  286  284  276  271  256  242  220
  199  178  162  149  143  137  134  130  128  126  124  120  117  111  107  102
   99   95   94   91   91   91   96   99  103  101  100   97   97   97   98  101
  102  108  117  127  140  152  165  180  185                                   
    42.5-180.0 180.0   5.0 450.0                            LAT/LON1/LON2/DLON/H
  203  217  227  242  254  264  274  281  284  285  283  283  282  286  288  293
  293  292  289  289  290  291  295  297  299  296  292  284  272  256  235  214
  190  172  159  151  147  144  140  138  135  134  130  128  123  119  115  113
  111  109  106  104  103  103  107  109  112  109  106  103  101  103  104  108
  110  118  127  141  155  173  185  207  203                                   
    40.0-180.0 180.0   5.0 450.0                            LAT/LON1/LON2/DLON/H
  225  239  252  267  276  288  295  302  306  306  304  303  304  306  308  310
  310  307  304  303  305  308  310  313  313  309  303  289  274  253  232  206
  187  169  163  157  157  153  151  147  145  141  138  134  131  125  123  120
  119  117  115  112  111  112  115  117  118  114  111  107  107  109  111  115
  118  126  138  153  170  189  206  227  225                                   
    37.5-180.0 180.0   5.0 450.0                            LAT/LON1/LON2/DLON/H
  234  250  261  277  287  296  304  311  316  318  318  318  320  322  324  325
  325  324  322  323  325  327  330  328  327  320  310  291  270  248  224  203
  186  175  169  169  168  165  158  155  147  147  140  138  131  129  124  123
  120  119  117  116  115  116  119  121  121  118  113  110  107  110  111  116
  117  127  136  155  175  196  212  238  234                                   
    35.0-180.0 180.0   5.0 450.0                            LAT/LON1/LON2/DLON/H
  249  264  277  294  300  314  315  324  326  331  333  336  338  341  343  344
  345  345  346  349  353  355  354  350  344  334  320  298  278  254  235  218
  209  199  197  193  193  187  180  170  163  156  152  147  142  136  131  126
  123  119  117  115  116  119  123  125  125  121  117  114  113  116  115  119
  120  128  140  157  180  200  220  239  249                                   
    32.5-180.0 180.0   5.0 450.0                            LAT/LON1/LON2/DLON/H
  253  265  285  303  312  319  323  328  332  337  342  345  348  352  356  360
  363  367  372  377  382  381  377  367  359  347  331  312  292  274  261  252
  248  243  239  235  227  217  203  191  178  172  162  158  148  143  135  130
  121  118  112  113  113  120  125  131  131  128  122  119  115  117  115  118
  117  126  137  158  182  205  222  244  253                                   
    30.0-180.0 180.0   5.0 450.0                            LAT/LON1/LON2/DLON/H
  265  276  302  321  326  338  336  343  344  351  352  356  358  365  369  375
  379  385  393  401  406  404  395  384  374  363  351  337  326  319  318  320
  322  319  313  297  277  256  234  217  203  193  185  176  167  158  149  139
  128  121  116  116  118  126  131  138  138  135  127  124  121  122  120  122
  122  132  146  167  191  213  234  251  265                                   
    27.5-180.0 180.0   5.0 450.0                            LAT/LON1/LON2/DLON/H
  274  287  319  336  348  352  353  356  360  364  364  367  368  375  379  386
  391  399  409  417  421  416  406  395  385  380  376  373  373  380  393  406
  412  409  391  365  332  294  263  241  225  216  206  197  185  175  162  150
  136  125  117  115  118  125  133  139  140  135  126  121  116  118  117  120
  121  133  151  176  199  227  249  272  274                                   
    25.0-180.0 180.0   5.0 450.0                            LAT/LON1/LON2/DLON/H
  291  308  343  365  372  381  379  384  383  391  388  389  385  391  393  401
  404  414  423  432  432  424  413  405  401  404  410  419  434  457  479  497
  500  492  466  428  381  333  290  263  244  237  228  220  208  194  179  164
  148  136  128  128  131  138  144  150  148  141  129  123  117  118  118  126
  132  146  167  189  214  239  265  291  291                                   
    22.5-180.0 180.0   5.0 450.0                            LAT/LON1/LON2/DLON/H
  308  328  366  386  403  406  412  411  414  417  415  414  409  412  410  415
  418  426  433  438  437  429  420  418  422  435  449  472  497  526  540  548
  550  536  505  458  400  345  300  268  251  245  239  233  224  212  200  184
  172  157  149  143  144  147  152  155  154  146  137  126  119  116  118  125
  136  154  177  207  230  261  284  312  308                                   
    20.0-180.0 180.0   5.0 450.0                            LAT/LON1/LON2/DLON/H
  332  350  392  413  430  444  446  452  447  456  450  453  443  445  439  444
  441  448  448  452  447  440  435  438  452  470  496  524  559  573  580  586
  585  567  525  468  402  341  296  272  260  258  257  253  245  236  227  210
  195  179  171  164  164  160  163  160  159  147  142  134  129  122  124  134
  144  164  191  221  248  272  299  324  332                                   
    17.5-180.0 180.0   5.0 450.0                            LAT/LON1/LON2/DLON/H
  347  370  411  434  457  468  482  483  489  491  494  489  481  475  469  469
  466  468  465  467  460  456  454  464  480  505  535  570  593  603  605  601
  587  554  503  438  370  311  274  257  256  260  265  266  265  257  247  233
  216  201  192  185  181  177  174  173  166  160  149  144  134  130  131  138
  150  167  191  225  252  280  309  335  347                                   
    15.0-180.0 180.0   5.0 450.0                            LAT/LON1/LON2/DLON/H
  365  385  428  450  478  493  507  520  525  540  536  537  519  516  505  506
  500  500  496  494  489  482  486  498  525  551  590  611  628  634  628  608
  574  530  470  401  337  286  259  251  259  269  278  277  273  266  261  249
  238  223  217  203  197  185  185  178  177  168  161  149  138  131  134  140
  152  167  191  219  251  275  310  337  365                                   
    12.5-180.0 180.0   5.0 450.0                            LAT/LON1/LON2/DLON/H
  370  400  441  469  496  511  528  537  554  561  572  569  562  552  548  541
  539  537  533  528  521  519  526  548  577  607  630  641  645  636  613  577
  531  476  415  350  301  265  248  248  262  274  281  279  276  272  270  264
  255  241  231  221  210  203  194  189  186  181  168  150  138  134  136  142
  152  165  186  216  243  273  304  340  370                                   
    10.0-180.0 180.0   5.0 450.0                            LAT/LON1/LON2/DLON/H
  379  404  453  478  514  533  553  573  585  601  606  616  607  607  597  595
  591  592  587  583  580  580  596  617  646  662  675  669  659  633  594  547
  492  433  374  319  285  261  254  265  280  290  294  291  289  284  281  272
  263  246  238  225  218  206  205  199  199  187  175  156  146  139  141  143
  151  161  183  207  237  262  302  341  379                                   
     7.5-180.0 180.0   5.0 450.0                            LAT/LON1/LON2/DLON/H
  375  415  461  497  532  554  577  592  611  621  635  643  650  653  651  648
  647  647  646  643  643  648  662  682  701  704  699  680  655  620  571  514
