data/unet/pred3290.15i
     1.0            IONOSPHERE MAPS     GNSS                IONEX VERSION / TYPE
pyspatialgeodesy        IME             05-JAN-18 20:20     PGM / RUN BY / DATE 
Map Name                                                    COMMENT             
Predicted global ionosphere maps (GIM).                     DESCRIPTION         
  2015    11    25     0     0     0                        EPOCH OF FIRST MAP  
  2015    11    26     0     0     0                        EPOCH OF LAST MAP   
  7200                                                      INTERVAL            
    13                                                      # OF MAPS IN FILE   
  NONE                                                      MAPPING FUNCTION    
10.0                                                        ELEVATION CUTOFF    
One-way carrier phase leveled to code                       OBSERVABLES USED    
  6371.0                                                    BASE RADIUS         
 2                                                          MAP DIMENSION       
   450.0 450.0   0.0                                        HGT1 / HGT2 / DHGT  
    87.5 -87.5  -2.5                                        LAT1 / LAT2 / DLAT  
  -180.0 180.0   5.0                                        LON1 / LON2 / DLON  
    -1                                                      EXPONENT            
                                                            END OF HEADER       
[from data line 3432]
     9                                                      START OF TEC MAP    
  2015    11    25    16     0     0                        EPOCH OF CURRENT MAP
    87.5-180.0 180.0   5.0 450.0                            LAT/LON1/LON2/DLON/H
   75   86   87   90   89   88   88   87   87   86   85   85   85   84   84   83
   83   83   83   82   82   82   81   82   82   81   81   81   81   80   80   80
   80   79   79   79   79   78   78   78   79   78   79   80   80   80   81   82
   83   84   85   86   87   88   88   89   90   90   90   91   91   91   92   92
   92   92   92   92   93   90   91  102   75                                   
    85.0-180.0 180.0   5.0 450.0                            LAT/LON1/LON2/DLON/H
   57   66   58   60   62   62   63   62   62   61   62   61   62   61   61   61
   61   61   60   61   60   60   59   60   59   59   58   60   59   59   58   59
   59   58   57   57   57   55   56   55   56   55   56   57   57   58   59   61
   61   63   63   66   65   68   67   70   69   71   70   72   70   71   70   70
   69   68   68   67   67   65   67   67   57                                   
    82.5-180.0 180.0   5.0 450.0                            LAT/LON1/LON2/DLON/H
   54   45   45   45   45   44   45   47   45   47   46   47   46   47   47   47
   48   48   48   47   48   48   49   48   49   49   50   49   50   50   50   49
   49   47   47   45   44   42   42   41   40   39   39   39   40   40   43   43
   46   47   51   52   55   56   59   60   61   61   63   62   62   60   61   58
   58   56   55   52   51   45   57   53   54                                   
    80.0-180.0 180.0   5.0 450.0                            LAT/LON1/LON2/DLON/H
   38   33   32   34   32   35   34   38   37   41   39   44   42   46   44   48
   46   49   46   50   47   50   48   52   49   52   49   53   50   52   50   52
   49   49   45   45   40   39   35   35   31   30   28   29   28   29   30   33
   34   37   39   44   45   49   49   53   53   55   54   55   53   54   51   50
   47   46   42   41   37   37   44   39   38                                   
    77.5-180.0 180.0   5.0 450.0                            LAT/LON1/LON2/DLON/H
   26   22   23   19   21   21   25   26   30   29   34   35   38   37   41   41
   45   43   48   48   52   51   55   55   57   56   58   57   58   57   58   56
   55   51   50   44   42   34   34   26   27   20   24   18   23   19   25   23
   29   29   35   36   41   41   46   45   49   47   51   47   49   44   46   41
   40   35   36   29   29   20   26   26   26                                   
    75.0-180.0 180.0   5.0 450.0                            LAT/LON1/LON2/DLON/H
   15   15   18   17   21   21   26   25   30   30   35   36   42   43   49   50
   55   56   61   63   67   69   71   71   72   72   71   71   71   72   69   70
   66   65   59   55   47   41   35   28   24   19   18   15   17   17   20   22
   25   28   32   34   37   39   42   42   45   44   46   43   44   40   41   35
   35   30   31   23   25   22   27   20   15                                   
    72.5-180.0 180.0   5.0 450.0                            LAT/LON1/LON2/DLON/H
   12   16   20   15   16   17   22   22   28   28   36   38   47   49   58   59
   68   70   78   82   88   90   92   91   91   89   88   87   86   84   83   81
   78   75   71   64   56   46   38   30   26   19   18   14   17   15   19   20
   24   26   31   33   36   37   40   39   41   40   43   40   42   38   40   34
   34   29   29   23   24   17   20   13   12                                   
    70.0-180.0 180.0   5.0 450.0                            LAT/LON1/LON2/DLON/H
   10   14   21   13   19   16   23   22   28   29   37   43   52   56   66   72
   81   87   96  102  108  110  113  112  110  106  104  101   98   97   95   93
   90   86   81   75   65   56   45   37   30   24   22   19   21   22   23   26
   28   31   32   34   35   35   37   35   36   34   37   35   38   35   39   34
   36   31   33   26   27   23   27   15   10                                   
    67.5-180.0 180.0   5.0 450.0                            LAT/LON1/LON2/DLON/H
   13   19   24   19   21   20   24   24   29   32   42   48   58   65   77   84
   95  103  114  121  128  130  133  131  128  122  119  116  112  109  107  104
   99   95   88   82   71   61   50   42   34   28   27   24   26   25   28   27
   30   29   32   31   32   30   32   30   31   30   33   33   35   35   38   36
   37   35   36   31   30   24   25   15   13                                   
    65.0-180.0 180.0   5.0 450.0                            LAT/LON1/LON2/DLON/H
   16   21   28   22   27   23   28   24   30   31   43   48   61   68   84   93
  107  118  129  138  146  148  148  144  139  133  129  124  122  117  115  112
  107  102   94   86   75   66   54   46   39   35   32   31   32   33   33   34
   33   32   31   29   27   25   25   23   24   24   27   26   31   31   36   34
   38   35   39   32   33   30   32   20   16                                   
    62.5-180.0 180.0   5.0 450.0                            LAT/LON1/LON2/DLON/H
   21   28   32   29   30   27   28   26   30   33   42   51   64   74   89  100
  115  124  137  146  155  156  157  153  149  141  138  133  131  127  124  120
  114  107   96   88   75   65   53   47   40   38   37   36   37   35   36   33
   33   28   28   22   22   17   19   17   19   19   22   23   27   29   32   34
   36   36   37   34   33   28   29   19   21                                   
    60.0-180.0 180.0   5.0 450.0                            LAT/LON1/LON2/DLON/H
   25   28   36   31   35   30   34   28   32   32   44   51   66   74   92  103
  117  128  140  151  160  162  162  159  153  145  141  136  137  132  132  127
  122  113  101   91   77   67   55   50   44   43   41   43   41   41   38   36
   32   28   25   21   19   15   16   14   16   16   19   20   24   26   31   32
   36   35   39   35   36   33   35   23   25                                   
    57.5-180.0 180.0   5.0 450.0                            LAT/LON1/LON2/DLON/H
   29   34   39   39   40   36   36   32   34   35   46   55   69   78   94  105
  119  128  142  150  161  162  164  159  155  148  144  142  143  142  142  138
  132  120  107   95   81   69   59   52   47   45   46   46   45   42   40   35
   32   26   26   19   20   14   17   14   18   16   20   21   25   25   30   31
   34   35   37   36   35   31   32   23   29                                   
    55.0-180.0 180.0   5.0 450.0                            LAT/LON1/LON2/DLON/H
   37   38   43   40   47   41   44   36   40   40   51   57   72   80   97  107
  121  131  144  153  161  164  165  161  158  151  150  147  152  151  155  149
  144  129  115  101   88   76   66   59   54   53   51   52   48   47   42   37
   33   30   28   24   25   21   22   21   23   23   26   25   28   28   32   31
   36   36   40   37   39   39   41   31   37                                   
    52.5-180.0 180.0   5.0 450.0                            LAT/LON1/LON2/DLON/H
   43   48   51   50   54   51   51   46   49   50   60   67   80   88  104  113
  128  136  149  154  164  163  166  162  161  157  157  157  162  163  166  160
  153  138  124  110   98   86   77   69   64   62   60   58   55   51   47   42
   40   35   37   33   35   30   33   31   34   33   35   34   35   34   36   35
   38   40   43   43   44   43   45   35   43                                   
    50.0-180.0 180.0   5.0 450.0                            LAT/LON1/LON2/DLON/H
   56   55   56   54   60   57   60   53   57   58   69   74   86   94  110  119
  133  141  153  159  166  169  171  169  167  164  166  168  173  173  175  168
  160  144  130  117  106   96   88   81   76   74   70   68   62   59   53   51
   48   47   47   46   47   44   46   45   46   45   46   44   44   42   44   42
   46   46   53   51   55   56   59   49   56                                   
    47.5-180.0 180.0   5.0 450.0                            LAT/LON1/LON2/DLON/H
   65   67   64   64   67   66   68   66   70   73   82   88   99  105  122  130
  145  150  162  165  173  175  177  176  176  175  179  181  184  181  180  171
  161  146  134  124  116  107  101   94   89   85   82   78   74   68   64   62
   60   61   63   62   62   59   61   60   61   60   59   57   54   53   52   51
   54   56   61   64   65   65   69   58   65                                   
    45.0-180.0 180.0   5.0 450.0                            LAT/LON1/LON2/DLON/H
   72   71   68   65   69   67   73   70   78   81   93   97  110  116  131  139
  153  160  169  174  181  184  184  184  184  187  188  189  189  182  176  165
  157  143  134  126  120  114  110  104   99   95   90   87   82   79   73   71
   71   73   75   73   74   70   71   68   70   67   68   63   63   58   60   57
   63   63   71   70   75   77   84   74   72                                   
    42.5-180.0 180.0   5.0 450.0                            LAT/LON1/LON2/DLON/H
   76   75   72   72   71   70   76   79   88   96  107  114  125  130  145  151
  165  170  179  184  190  190  192  193  196  196  197  193  189  178  171  159
  151  140  136  130  128  121  119  112  109  103   99   95   91   87   84   82
   81   82   82   80   78   73   73   71   72   71   69   68   65   64   64   64
   66   70   74   79   81   80   88   77   76                                   
    40.0-180.0 180.0   5.0 450.0                            LAT/LON1/LON2/DLON/H
   76   71   70   66   70   67   75   78   93  103  120  127  138  142  155  163
  176  179  188  191  195  197  199  201  202  203  198  192  184  171  161  150
  144  139  137  135  133  129  125  120  115  110  106  102   98   94   90   89
   88   88   85   79   76   69   69   67   71   69   69   66   66   64   66   66
   70   72   78   78   81   82   90   77   76                                   
    37.5-180.0 180.0   5.0 450.0                            LAT/LON1/LON2/DLON/H
   70   68   65   65   63   62   69   77   95  111  131  141  152  156  169  176
  186  189  195  197  201  203  207  208  209  205  200  190  181  167  159  153
  152  154  155  155  151  145  139  132  126  119  115  111  106  101   99   97
   93   91   85   78   71   63   61   62   65   66   65   65   63   65   66   68
   69   70   72   74   74   73   78   67   70                                   
    35.0-180.0 180.0   5.0 450.0                            LAT/LON1/LON2/DLON/H
   60   57   59   52   57   53   65   71   95  115  141  150  163  168  180  185
  194  196  202  204  207  211  214  214  212  207  200  190  180  169  165  166
  176  182  188  187  182  171  160  148  141  133  127  121  116  112  109  107
  102   97   87   77   69   62   61   61   66   64   66   62   63   64   66   67
   69   67   68   65   66   65   71   58   60                                   
    32.5-180.0 180.0   5.0 450.0                            LAT/LON1/LON2/DLON/H
   45   50   48   48   46   45   53   64   89  114  143  157  174  179  192  198
  203  205  208  211  213  214  216  215  214  207  202  195  189  183  190  202
  220  235  239  236  222  205  189  174  163  153  144  137  131  126  124  122
  118  110   97   84   74   68   66   67   69   68   68   66   65   66   68   69
   68   66   62   61   56   56   56   44   45                                   
    30.0-180.0 180.0   5.0 450.0                            LAT/LON1/LON2/DLON/H
   40   40   43   39   42   40   50   57   85  109  144  159  179  186  200  204
  210  212  216  217  219  220  219  216  213  210  207  208  210  219  238  261
  285  299  298  286  266  245  222  204  191  179  169  161  155  151  149  149
  145  136  121  107   93   85   82   83   83   82   81   77   77   77   78   75
   76   70   68   62   57   56   53   41   40                                   
    27.5-180.0 180.0   5.0 450.0                            LAT/LON1/LON2/DLON/H
   39   42   40   42   38   40   43   55   78  104  139  159  183  193  207  213
  217  220  222  225  225  223  220  217  215  215  225  232  253  271  306  336
  369  380  376  354  322  289  262  241  223  210  199  190  182  178  177  177
  172  164  151  134  121  111  106  103  103   99   98   95   94   93   91   88
   84   82   77   72   64   62   52   42   39                                   
    25.0-180.0 180.0   5.0 450.0                            LAT/LON1/LON2/DLON/H
   50   43   46   43   42   42   47   57   79  101  135  156  182  195  211  215
  223  224  228  229  231  226  223  218  218  228  245  270  299  330  371  411
  447  460  447  416  378  338  301  277  257  243  230  223  216  214  214  216
  214  206  191  173  160  148  139  133  127  125  119  117  114  114  110  104
  100   95   94   88   81   78   65   55   50                                   
    22.5-180.0 180.0   5.0 450.0                            LAT/LON1/LON2/DLON/H
   60   56   53   52   42   37   49   67   84  108  134  158  183  198  212  221
  227  229  233  235  236  231  227  221  229  242  276  308  350  384  442  483
  523  529  510  468  421  377  338  310  290  272  260  249  243  241  243  248
  246  242  231  214  200  184  171  162  153  147  143  139  138  134  130  123
  118  111  110  108   98   96   78   65   60                                   
    20.0-180.0 180.0   5.0 450.0                            LAT/LON1/LON2/DLON/H
   75   65   66   57   46   37   48   67   90  112  134  157  183  196  214  219
  230  229  239  238  241  235  233  231  243  270  308  351  396  443  499  539
  567  568  539  489  443  401  365  337  317  298  284  275  264  265  266  273
  274  274  266  252  238  217  201  186  177  167  163  158  156  151  146  139
  133  127  124  121  116  108   98   80   75                                   
    17.5-180.0 180.0   5.0 450.0                            LAT/LON1/LON2/DLON/H
   77   67   66   65   54   41   46   71   97  127  141  164  187  202  217  225
  233  235  243  243  247  241  244  248  273  302  348  390  442  489  542  572
  593  585  551  497  452  414  384  357  340  321  308  293  285  279  283  285
  289  290  290  270  259  236  223  207  193  186  180  175  172  167  163  154
  149  141  139  133  129  120  105   89   77                                   
    15.0-180.0 180.0   5.0 450.0                            LAT/LON1/LON2/DLON/H
   78   62   62   62   58   58   62   82  108  137  152  171  193  207  224  230
  243  244  252  254  255  254  260  277  304  344  385  431  475  519  556  579
  586  570  531  482  447  417  393  370  355  338  324  312  299  293  290  290
  292  293  290  275  261  244  226  206  197  185  185  176  177  173  169  158
  153  147  146  137  130  116  108   94   78                                   
    12.5-180.0 180.0   5.0 450.0                            LAT/LON1/LON2/DLON/H
   68   64   58   59   58   66   76   95  122  157  170  190  209  223  239  247
  257  261  265  268  269  272  285  307  342  376  420  457  498  526  553  557
  558  533  500  465  442  419  402  380  366  349  335  317  304  287  280  275
  273  272  271  260  250  234  214  200  191  186  184  181  180  178  174  164
  157  149  144  137  130  114  102   85   68                                   
    10.0-180.0 180.0   5.0 450.0                            LAT/LON1/LON2/DLON/H
   61   58   56   54   57   68   87  112  138  168  189  208  225  239  255  266
  275  284  286  288  288  296  312  341  372  411  441  471  495  513  522  515
  509  488  464  450  435  429  411  395  379  362  343  323  301  279  263  253
  248  244  244  241  234  219  205  190  187  181  184  178  178  174  171  160
  154  144  141  131  122  105   95   76   61                                   
     7.5-180.0 180.0   5.0 450.0                            LAT/LON1/LON2/DLON/H
   49   61   57   57   57   69   93  119  153  185  210  231  252  264  281  292
  302  310  309  308  310  320  343  369  406  437  461  479  495  497  492  478
