data/unet/pred3080.15i
     1.0            IONOSPHERE MAPS     GNSS                IONEX VERSION / TYPE
pyspatialgeodesy        IME             05-JAN-18 20:20     PGM / RUN BY / DATE 
Map Name                                                    COMMENT             
Predicted global ionosphere maps (GIM).                     DESCRIPTION         
  2015    11     4     0     0     0                        EPOCH OF FIRST MAP  
  2015    11     5     0     0     0                        EPOCH OF LAST MAP   
  7200                                                      INTERVAL            
    13                                                      # OF MAPS IN FILE   
  NONE                                                      MAPPING FUNCTION    
10.0                                                        ELEVATION CUTOFF    
One-way carrier phase leveled to code                       OBSERVABLES USED    
  6371.0                                                    BASE RADIUS         
 2                                                          MAP DIMENSION       
   450.0 450.0   0.0                                        HGT1 / HGT2 / DHGT  
    87.5 -87.5  -2.5                                        LAT1 / LAT2 / DLAT  
  -180.0 180.0   5.0                                        LON1 / LON2 / DLON  
    -1                                                      EXPONENT            
                                                            END OF HEADER       
[from data line 1287]
     4                                                      START OF TEC MAP    
  2015    11     4     6     0     0                        EPOCH OF CURRENT MAP
    87.5-180.0 180.0   5.0 450.0                            LAT/LON1/LON2/DLON/H
   37   74   68   67   67   65   68   67   71   70   73   71   74   72   75   72
   75   73   75   73   75   73   75   73   74   72   74   72   73   72   74   73
   74   74   76   75   77   76   78   77   79   78   79   78   79   78   79   77
   79   77   78   76   78   76   77   74   76   73   74   70   71   67   68   63
   65   61   63   61   65   61   80   39   37                                   
    85.0-180.0 180.0   5.0 450.0                            LAT/LON1/LON2/DLON/H
   71   74   69   72   69   69   70   72   73   74   75   75   77   76   78   77
   78   77   78   78   78   78   79   79   78   79   79   80   79   79   79   80
   79   80   79   80   80   81   81   82   82   83   82   83   83   84   83   85
   85   86   86   88   88   89   89   89   89   87   87   85   84   81   80   77
   77   73   74   72   72   67   78   62   71                                   
    82.5-180.0 180.0   5.0 450.0                            LAT/LON1/LON2/DLON/H
   66   69   63   60   63   59   66   63   70   66   73   69   75   71   76   71
   76   72   76   71   75   71   75   72   75   73   77   74   77   75   78   76
   79   77   80   80   82   82   85   84   87   86   89   88   91   91   92   93
   95   95   97   97  100   99  100   98  100   97   97   93   93   88   87   82
   81   76   76   69   68   58   75   55   66                                   
    80.0-180.0 180.0   5.0 450.0                            LAT/LON1/LON2/DLON/H
   72   69   57   57   52   56   56   61   60   66   64   69   66   71   68   72
   68   72   68   71   66   70   66   70   67   72   71   74   73   76   76   79
   78   80   79   82   81   84   83   85   85   87   88   90   91   94   95   98
  100  103  104  108  110  113  113  115  114  115  112  112  107  105   99   96
   90   87   82   78   69   64   64   54   72                                   
    77.5-180.0 180.0   5.0 450.0                            LAT/LON1/LON2/DLON/H
   70   66   58   56   56   57   56   59   59   62   61   64   63   65   65   66
   65   66   65   65   63   62   61   61   61   63   64   68   70   73   75   78
   79   81   80   82   81   82   80   82   81   84   84   89   91   96   98  104
  107  115  117  125  126  132  130  134  130  132  128  127  123  120  114  109
  101   97   91   86   76   68   69   59   70                                   
    75.0-180.0 180.0   5.0 450.0                            LAT/LON1/LON2/DLON/H
   75   71   64   60   58   58   57   57   56   58   57   58   57   58   59   59
   60   61   61   60   58   57   55   57   56   61   62   68   69   76   77   83
   83   85   84   85   81   81   78   78   76   78   79   83   87   94   99  111
  117  128  134  142  145  150  151  153  151  151  149  147  142  138  133  127
  120  112  105   98   86   80   79   67   75                                   
    72.5-180.0 180.0   5.0 450.0                            LAT/LON1/LON2/DLON/H
   77   71   65   62   61   60   59   58   57   56   57   56   56   54   56   56
   57   58   59   58   56   55   54   53   54   56   60   65   70   77   82   86
   88   87   86   83   80   76   74   71   72   72   75   79   86   95  105  118
  128  140  147  156  161  165  168  168  168  167  165  162  158  153  147  140
  133  124  118  108   96   88   87   79   77                                   
    70.0-180.0 180.0   5.0 450.0                            LAT/LON1/LON2/DLON/H
   86   78   71   66   64   62   61   60   58   56   54   52   53   50   53   53
   55   55   58   57   57   55   55   54   56   58   62   68   73   79   85   87
   89   87   84   80   74   70   64   63   62   65   69   78   87  101  112  128
  142  153  164  171  180  183  187  187  188  184  182  175  171  163  159  151
  144  138  129  120  106   96   93   88   86                                   
    67.5-180.0 180.0   5.0 450.0                            LAT/LON1/LON2/DLON/H
   85   78   72   69   67   64   63   61   62   59   58   54   54   50   52   52
   55   56   58   59   58   58   57   58   61   65   70   76   83   86   92   89
   91   85   82   73   68   59   57   54   59   62   73   83   98  112  126  142
  156  167  177  186  193  196  198  197  196  191  188  180  175  166  162  155
  147  140  135  124  113   99  100   94   85                                   
    65.0-180.0 180.0   5.0 450.0                            LAT/LON1/LON2/DLON/H
   88   76   67   63   61   59   60   60   60   59   55   56   53   53   54   56
   58   60   62   62   62   61   62   61   66   66   73   76   82   83   86   84
   82   78   70   64   55   49   45   47   51   61   74   95  107  126  137  152
  166  177  189  195  204  204  207  202  202  195  190  182  176  165  159  150
  144  138  130  122  109   99   96   97   88                                   
    62.5-180.0 180.0   5.0 450.0                            LAT/LON1/LON2/DLON/H
   80   72   64   59   57   55   56   56   58   56   58   55   56   53   57   56
   61   61   64   63   63   62   62   63   66   70   74   78   81   81   81   75
   74   64   59   45   41   34   35   36   46   60   81  102  122  136  151  162
  176  186  195  202  210  211  210  204  201  192  187  177  171  160  152  144
  138  128  123  111  104   93   97   92   80                                   
    60.0-180.0 180.0   5.0 450.0                            LAT/LON1/LON2/DLON/H
   82   68   55   48   47   43   45   47   51   52   51   54   52   55   58   62
   63   66   65   66   62   62   62   63   68   70   74   75   78   74   71   67
   61   57   47   43   38   36   36   40   51   71   93  118  133  150  160  173
  185  194  203  209  218  216  215  207  205  196  189  182  173  162  153  145
  135  126  116  107   97   91   88   90   82                                   
    57.5-180.0 180.0   5.0 450.0                            LAT/LON1/LON2/DLON/H
   78   68   55   46   44   39   39   40   46   46   50   48   52   51   57   59
   64   64   64   61   59   55   56   56   61   63   67   68   70   64   64   53
   50   38   36   29   30   29   32   40   54   78  104  126  144  158  170  180
  193  203  211  218  225  224  220  213  210  203  195  189  182  172  160  149
  140  126  118  104   99   91   95   88   78                                   
    55.0-180.0 180.0   5.0 450.0                            LAT/LON1/LON2/DLON/H
   88   73   55   45   44   35   37   36   41   42   42   43   42   48   52   58
   60   63   60   60   53   54   50   54   58   62   64   65   65   61   56   52
   45   41   37   37   37   40   44   54   69   95  117  141  154  170  179  191
  202  211  220  229  236  237  233  227  222  217  208  205  197  191  176  165
  149  137  125  112  102   97  100   90   88                                   
    52.5-180.0 180.0   5.0 450.0                            LAT/LON1/LON2/DLON/H
  105   93   72   59   52   45   41   40   40   40   41   40   42   42   50   53
   59   58   58   53   49   45   47   47   54   54   60   58   58   51   49   41
   39   36   38   38   43   46   54   65   85  109  130  151  166  179  189  199
  210  220  232  241  249  251  248  243  238  232  225  220  216  210  199  183
  169  154  142  128  119  114  118  106  105                                   
    50.0-180.0 180.0   5.0 450.0                            LAT/LON1/LON2/DLON/H
  124  112   88   72   62   52   49   45   45   41   39   35   36   38   43   50
   53   55   50   49   43   47   44   53   55   63   62   64   60   56   50   47
   42   43   46   50   55   61   70   83  100  124  142  163  177  191  199  210
  219  231  240  253  261  266  262  259  255  249  241  237  232  227  217  204
  187  169  156  145  134  125  132  116  124                                   
    47.5-180.0 180.0   5.0 450.0                            LAT/LON1/LON2/DLON/H
  149  142  119  104   89   77   68   62   57   51   44   38   38   38   44   49
   53   55   53   51   50   53   56   62   68   71   73   69   69   58   57   50
   51   51   60   63   75   78   91  103  120  138  156  174  186  199  209  219
  230  240  251  261  270  272  272  267  265  259  253  249  245  239  230  217
  203  187  174  164  154  148  151  136  149                                   
    45.0-180.0 180.0   5.0 450.0                            LAT/LON1/LON2/DLON/H
  161  156  138  127  111   99   87   81   72   64   56   48   45   43   48   51
   55   56   54   54   53   61   62   73   76   81   80   76   73   65   60   57
   57   61   70   75   87   92  102  115  128  148  163  181  193  206  215  228
  235  247  256  267  274  279  276  273  270  264  257  253  248  242  232  222
  208  195  180  172  164  153  158  143  161                                   
    42.5-180.0 180.0   5.0 450.0                            LAT/LON1/LON2/DLON/H
  169  165  153  138  127  114  104   97   88   80   70   61   56   53   57   60
   64   66   66   65   69   72   79   84   89   87   88   81   82   70   69   61
   69   67   84   87  102  106  118  128  144  158  174  187  198  211  223  232
  243  251  262  267  277  277  276  270  269  263  256  249  246  239  230  215
  205  190  181  170  165  157  158  145  169                                   
    40.0-180.0 180.0   5.0 450.0                            LAT/LON1/LON2/DLON/H
  158  153  143  137  127  123  112  113  100   99   86   81   75   72   74   74
   77   78   80   78   85   86   94   95   98   96   93   89   86   78   77   71
   76   77   91   96  109  115  124  138  152  168  183  195  206  219  229  240
  249  259  267  275  281  283  279  275  273  266  259  251  247  238  228  215
  202  189  177  170  161  145  146  134  158                                   
    37.5-180.0 180.0   5.0 450.0                            LAT/LON1/LON2/DLON/H
  147  130  132  122  125  114  115  108  109  103   99   93   91   88   92   91
   95   93   98   95  103  102  109  104  107   99   99   90   92   79   83   72
   84   81   97  102  115  124  136  152  166  182  195  205  215  226  238  247
  258  265  276  281  289  289  288  284  283  278  271  266  256  249  235  219
  208  191  183  165  157  135  138  122  147                                   
    35.0-180.0 180.0   5.0 450.0                            LAT/LON1/LON2/DLON/H
  126   95   91   86   91   86   88   93   96  104  100  107  106  109  112  112
  116  112  118  111  120  114  120  111  110  102  100   93   95   86   88   77
   88   82   97  101  115  125  140  158  174  191  203  214  226  236  246  256
  266  274  284  293  299  306  305  307  305  306  300  296  287  277  266  248
  231  212  199  177  161  128  123  107  126                                   
    32.5-180.0 180.0   5.0 450.0                            LAT/LON1/LON2/DLON/H
  126   81   80   61   73   65   77   77   93   93  105  106  115  116  122  122
  127  123  131  124  132  124  126  114  112  102  103   95  101   89   93   80
   91   84   99  103  117  133  149  173  188  207  216  229  238  246  255  263
  276  283  297  305  316  323  328  334  339  343  344  347  339  337  319  301
  278  255  232  206  184  146  135  112  126                                   
    30.0-180.0 180.0   5.0 450.0                            LAT/LON1/LON2/DLON/H
  129   62   58   40   40   44   49   58   68   81   90  102  112  120  127  129
  134  132  139  135  139  131  129  117  112  105  102   96   96   89   91   81
   91   85   99  101  118  133  159  180  200  215  228  241  254  261  273  280
  292  303  316  329  338  350  356  368  377  390  397  407  406  406  390  373
  343  320  283  254  220  174  153  136  129                                   
    27.5-180.0 180.0   5.0 450.0                            LAT/LON1/LON2/DLON/H
  167   82   81   43   45   31   46   42   66   72   89   99  113  120  128  129
  136  132  143  135  141  128  128  114  113  105  108   98  101   86   92   78
   88   82   97  102  118  139  165  192  211  228  240  257  265  277  287  296
  307  317  336  349  364  377  388  404  418  438  450  470  475  480  468  452
  426  402  368  335  285  235  200  181  167                                   
    25.0-180.0 180.0   5.0 450.0                            LAT/LON1/LON2/DLON/H
  211  127  119   73   60   51   45   53   54   66   77   85   99  103  115  114
  124  122  129  126  126  119  117  109  110  107  109  105  104   96  100   89
   95   88   96  103  119  140  168  194  216  228  250  262  280  289  305  315
  330  345  366  383  400  416  431  451  469  489  505  524  537  544  538  522
  502  483  455  426  384  319  274  249  211                                   
    22.5-180.0 180.0   5.0 450.0                            LAT/LON1/LON2/DLON/H
  280  195  189  132  108   73   75   60   71   61   84   81  102  101  109  108
  114  110  118  111  116  107  111  107  114  115  121  116  119  103  110   93
  100   88   99  104  123  143  173  201  223  236  250  271  284  302  316  332
  352  372  397  418  440  456  473  492  512  535  556  580  597  604  599  582
  568  552  534  510  476  422  355  337  280                                   
    20.0-180.0 180.0   5.0 450.0                            LAT/LON1/LON2/DLON/H
  356  290  270  218  195  159  138  115  100   92   90   97  100   95   99   91
   98   93   97   93   93   91  100  103  117  121  128  127  124  117  115  113
  108  105  102  111  125  144  171  196  220  234  253  271  296  314  337  357
  382  406  433  454  476  493  509  529  550  571  594  613  632  636  641  627
  618  607  591  573  542  498  444  419  356                                   
    17.5-180.0 180.0   5.0 450.0                            LAT/LON1/LON2/DLON/H
  455  393  364  325  279  244  215  174  151  125  126  112  121  104  107   95
   99   92   96   90   92   93  103  113  126  135  142  137  133  119  120  112
  112  103  106  111  127  144  173  197  221  240  257  277  299  330  351  380
  405  431  456  478  497  515  528  548  563  583  602  620  634  640  646  642
  640  629  620  601  581  542  501  473  455                                   
    15.0-180.0 180.0   5.0 450.0                            LAT/LON1/LON2/DLON/H
  502  467  448  403  371  333  296  257  232  204  181  170  153  143  120  108
   95   90   93   89   92   94  112  120  138  146  151  147  135  126  119  116
  108  101  103  110  125  141  167  193  218  242  261  283  309  339  369  400
  427  450  473  493  508  526  539  558  570  582  597  606  622  625  633  628
  628  617  607  596  581  560  533  509  502                                   
    12.5-180.0 180.0   5.0 450.0                            LAT/LON1/LON2/DLON/H
  527  507  494  462  429  405  374  349  307  274  241  215  195  174  156  128
  115   94   95   92   96  105  120  137  151  161  164  154  145  129  122  113
  104   98  101  109  126  140  167  192  221  248  269  295  321  353  382  414
  439  461  480  496  507  523  532  545  553  559  569  575  592  598  605  601
  602  590  582  572  568  550  537  516  527                                   
    10.0-180.0 180.0   5.0 450.0                            LAT/LON1/LON2/DLON/H
  502  483  497  462  445  424  414  389  366  339  302  274  244  224  194  176
  148  132  114  109  109  116  133  147  160  170  169  165  150  139  121  113
  100   95  101  110  124  137  160  189  218  248  271  299  329  361  395  426
  450  469  485  499  508  523  531  543  546  549  551  551  561  566  577  574
  575  565  558  552  548  540  528  510  502                                   
     7.5-180.0 180.0   5.0 450.0                            LAT/LON1/LON2/DLON/H
  475  458  471  451  424  412  405  400  389  376  353  329  291  261  229  212
  192  166  149  132  129  130  142  155  166  173  175  168  155  142  128  118
