data/unet/pred0660.15i
     1.0            IONOSPHERE MAPS     GNSS                IONEX VERSION / TYPE
pyspatialgeodesy        IME             05-JAN-18 20:20     PGM / RUN BY / DATE 
Map Name                                                    COMMENT             
Predicted global ionosphere maps (GIM).                     DESCRIPTION         
  2015     3     7     0     0     0                        EPOCH OF FIRST MAP  
  2015     3     8     0     0     0                        EPOCH OF LAST MAP   
  7200                                                      INTERVAL            
    13                                                      # OF MAPS IN FILE   
  NONE                                                      MAPPING FUNCTION    
10.0                                                        ELEVATION CUTOFF    
One-way carrier phase leveled to code                       OBSERVABLES USED    
  6371.0                                                    BASE RADIUS         
 2                                                          MAP DIMENSION       
   450.0 450.0   0.0                                        HGT1 / HGT2 / DHGT  
    87.5 -87.5  -2.5                                        LAT1 / LAT2 / DLAT  
  -180.0 180.0   5.0                                        LON1 / LON2 / DLON  
    -1                                                      EXPONENT            
                                                            END OF HEADER       
     1                                                      START OF TEC MAP    
  2015     3     7     0     0     0                        EPOCH OF CURRENT MAP
    87.5-180.0 180.0   5.0 450.0                            LAT/LON1/LON2/DLON/H
  183  156  152  151  151  151  156  158  164  166  171  172  177  177  180  179
  181  180  179  176  175  172  170  166  165  161  160  156  154  151  150  147
  146  144  144  142  143  142  143  143  144  144  145  145  146  147  148  148
  149  150  151  151  152  153  153  153  154  155  155  155  156  156  155  154
  154  152  151  152  158  157  156  181  183                                   
    85.0-180.0 180.0   5.0 450.0                            LAT/LON1/LON2/DLON/H
  159  164  167  168  171  170  176  178  185  186  191  191  196  195  199  196
  198  196  196  191  190  185  183  177  175  169  166  160  157  152  150  145
  144  141  141  139  139  139  140  140  142  143  144  145  147  148  150  151
  153  154  156  156  158  158  159  160  161  162  163  163  165  165  166  164
  165  163  165  165  172  167  165  162  159                                   
    82.5-180.0 180.0   5.0 450.0                            LAT/LON1/LON2/DLON/H
  159  166  169  172  173  175  181  185  191  195  199  202  205  206  208  207
  208  205  204  200  196  191  186  179  174  167  161  154  149  142  139  134
  132  128  129  127  129  128  131  131  135  135  139  139  143  143  147  146
  150  149  152  151  154  153  156  155  159  158  161  160  164  163  166  164
  167  165  169  169  177  173  170  167  159                                   
    80.0-180.0 180.0   5.0 450.0                            LAT/LON1/LON2/DLON/H
  158  167  168  173  173  179  184  192  196  204  206  213  214  219  217  219
  215  214  209  206  200  195  187  180  172  165  157  150  142  137  131  127
  123  122  121  122  122  124  126  129  131  135  137  139  140  142  143  144
  144  145  146  146  147  148  149  151  153  155  158  160  163  165  166  168
  169  171  172  176  180  179  173  172  158                                   
    77.5-180.0 180.0   5.0 450.0                            LAT/LON1/LON2/DLON/H
  162  166  166  170  169  176  182  190  197  204  210  215  218  220  221  219
  215  210  206  201  195  189  184  176  168  160  153  145  139  133  129  125
  123  121  121  123  124  126  129  132  134  137  139  141  141  142  141  141
  140  139  139  139  139  139  141  143  145  149  152  156  158  161  162  164
  165  168  170  174  178  176  174  173  162                                   
    75.0-180.0 180.0   5.0 450.0                            LAT/LON1/LON2/DLON/H
  167  170  170  170  170  174  184  190  200  206  213  217  220  220  218  212
  207  200  196  189  185  179  176  169  163  155  151  144  139  134  131  128
  126  126  126  128  129  133  135  138  140  143  144  145  144  143  140  137
  135  132  131  128  128  127  129  131  136  139  145  149  155  157  161  162
  164  166  170  173  177  178  177  178  167                                   
    72.5-180.0 180.0   5.0 450.0                            LAT/LON1/LON2/DLON/H
  180  181  180  181  179  185  191  201  208  215  221  224  224  220  214  205
  197  187  180  173  169  164  162  158  154  149  146  141  138  134  132  129
  128  128  129  130  132  134  136  138  140  141  142  141  138  135  130  126
  122  120  117  115  114  113  115  118  124  129  135  141  147  152  156  160
  163  166  171  174  181  183  186  190  180                                   
    70.0-180.0 180.0   5.0 450.0                            LAT/LON1/LON2/DLON/H
  190  193  193  193  192  196  204  213  222  230  235  238  235  227  216  202
  188  175  165  157  152  149  148  145  144  141  140  136  134  130  129  127
  126  125  126  126  128  129  131  132  134  134  134  133  129  125  119  114
  110  105  103  101  101  101  105  109  117  123  131  137  146  150  157  160
  166  168  174  179  186  191  195  206  190                                   
    67.5-180.0 180.0   5.0 450.0                            LAT/LON1/LON2/DLON/H
  205  206  205  206  204  209  216  227  238  248  255  257  253  240  225  206
  187  169  157  146  140  136  135  133  133  130  129  126  124  121  120  118
  118  115  116  114  115  114  115  116  117  117  117  114  111  106  101   96
   92   88   88   87   90   92   98  105  115  124  132  140  149  154  159  164
  168  172  178  184  193  199  206  219  205                                   
    65.0-180.0 180.0   5.0 450.0                            LAT/LON1/LON2/DLON/H
  213  216  217  216  215  219  227  240  252  267  274  280  273  261  239  216
  193  172  156  143  135  131  128  126  124  122  119  117  114  112  110  107
  106  102  101   98   97   94   95   94   96   96   96   95   92   88   84   79
   77   74   75   76   81   85   94  103  116  127  139  148  158  163  169  171
  176  178  184  190  199  208  216  234  213                                   
    62.5-180.0 180.0   5.0 450.0                            LAT/LON1/LON2/DLON/H
  220  222  223  222  220  224  231  244  260  275  288  294  293  277  257  232
  208  185  168  153  143  135  129  123  118  113  110  106  103  100   97   94
   92   87   85   80   78   74   74   74   76   75   77   74   73   68   67   63
   64   63   67   69   77   82   93  103  118  132  147  159  172  178  184  187
  189  190  193  198  207  215  224  243  220                                   
    60.0-180.0 180.0   5.0 450.0                            LAT/LON1/LON2/DLON/H
  228  230  231  227  225  226  232  246  261  279  293  304  304  295  274  252
  229  208  189  173  159  147  136  126  117  108  102   97   93   90   87   85
   82   77   72   67   63   60   58   59   61   62   63   61   60   56   55   53
   55   57   61   66   75   82   93  105  122  138  156  171  186  194  202  205
  207  206  209  211  218  226  235  257  228                                   
    57.5-180.0 180.0   5.0 450.0                            LAT/LON1/LON2/DLON/H
  242  241  243  239  232  230  234  244  258  274  291  302  307  301  288  270
  253  236  217  201  183  167  150  135  121  110  101   94   90   87   84   81
   78   73   67   63   58   56   54   55   57   58   58   56   55   50   49   49
   53   55   61   67   76   83   94  106  124  141  161  178  196  207  219  225
  231  231  233  234  238  243  249  269  242                                   
    55.0-180.0 180.0   5.0 450.0                            LAT/LON1/LON2/DLON/H
  264  267  267  259  250  244  244  248  258  272  286  299  304  306  300  292
  279  267  249  231  209  188  166  147  130  117  106  101   96   94   90   87
   83   77   71   68   63   61   60   60   62   62   63   59   58   52   52   52
   58   60   66   73   81   88   97  109  126  145  165  185  205  221  238  251
  259  262  263  264  266  269  274  292  264                                   
    52.5-180.0 180.0   5.0 450.0                            LAT/LON1/LON2/DLON/H
  296  297  301  293  283  274  268  266  270  276  285  293  301  304  306  304
  300  289  274  254  229  205  180  160  142  130  121  116  112  109  105  100
   93   87   82   80   76   76   74   75   75   75   73   70   67   62   62   63
   68   71   76   82   88   94  101  113  129  147  169  190  214  233  258  274
  289  296  300  303  306  307  307  319  296                                   
    50.0-180.0 180.0   5.0 450.0                            LAT/LON1/LON2/DLON/H
  335  346  346  338  330  320  310  299  294  290  290  293  297  302  307  313
  312  306  289  269  242  218  192  174  159  150  142  139  133  128  121  113
  106   99   95   95   94   94   93   92   93   90   88   83   81   76   76   76
   82   84   90   94   99  103  109  120  135  153  173  194  219  244  270  294
  313  326  334  342  348  351  351  354  335                                   
    47.5-180.0 180.0   5.0 450.0                            LAT/LON1/LON2/DLON/H
  371  387  387  383  377  370  359  345  331  318  309  302  300  301  307  312
  315  307  292  270  246  223  202  187  176  169  164  161  154  146  134  123
  114  108  106  109  110  112  111  110  109  106  102   99   96   92   92   93
   97  100  104  107  110  113  119  129  145  162  182  202  228  253  283  308
  333  351  367  378  389  393  393  389  371                                   
    45.0-180.0 180.0   5.0 450.0                            LAT/LON1/LON2/DLON/H
  402  425  426  423  422  416  404  388  371  352  333  317  308  304  306  311
  311  303  286  267  245  228  211  202  193  188  182  178  169  156  141  126
  116  111  113  118  123  125  127  125  124  119  117  113  111  108  109  111
  114  116  119  121  122  126  132  142  158  174  193  212  235  262  289  319
  343  366  382  398  414  424  430  419  402                                   
    42.5-180.0 180.0   5.0 450.0                            LAT/LON1/LON2/DLON/H
  423  443  443  445  443  443  432  422  403  383  358  336  322  313  311  309
  306  293  278  259  244  232  223  214  207  201  193  186  173  157  138  123
  114  112  116  124  131  136  138  136  134  131  128  125  123  123  124  126
  128  130  131  133  134  139  146  158  175  191  209  225  250  271  299  323
  351  372  393  413  434  448  454  440  423                                   
    40.0-180.0 180.0   5.0 450.0                            LAT/LON1/LON2/DLON/H
  439  460  456  454  456  454  448  440  424  404  377  354  335  324  317  312
  304  291  274  260  247  241  233  226  216  206  196  184  169  150  133  119
  114  117  124  134  142  146  148  147  146  142  141  136  136  135  136  137
  139  139  140  140  143  148  157  171  190  206  223  239  263  286  311  335
  358  379  398  420  445  461  472  456  439                                   
    37.5-180.0 180.0   5.0 450.0                            LAT/LON1/LON2/DLON/H
  451  463  458  455  452  452  444  442  426  414  388  368  350  338  330  319
  311  294  281  268  260  253  245  233  220  204  189  175  160  144  130  123
  123  130  140  150  156  158  159  157  155  152  148  146  143  142  142  142
  142  142  142  143  147  154  165  180  199  215  231  248  274  297  324  346
  368  387  406  429  454  472  482  466  451                                   
    35.0-180.0 180.0   5.0 450.0                            LAT/LON1/LON2/DLON/H
  474  479  467  454  450  442  435  430  421  411  394  377  362  352  340  332
  320  309  295  288  278  270  255  238  219  200  184  171  161  150  144  145
  151  161  170  177  179  177  176  171  169  163  160  153  151  147  146  143
  142  140  139  140  143  149  162  174  194  208  227  247  273  301  330  358
  380  402  419  442  467  487  503  489  474                                   
    32.5-180.0 180.0   5.0 450.0                            LAT/LON1/LON2/DLON/H
  509  506  489  473  458  446  431  424  411  405  392  383  373  367  358  349
  340  329  321  311  301  285  265  241  219  201  189  183  180  180  182  192
  202  212  216  215  208  201  193  186  180  174  166  160  153  149  144  140
  136  132  129  129  132  138  147  159  176  192  212  236  268  300  337  366
  393  413  430  452  478  501  525  517  509                                   
    30.0-180.0 180.0   5.0 450.0                            LAT/LON1/LON2/DLON/H
  577  579  551  530  506  478  453  433  416  404  395  389  384  382  373  368
  358  353  344  336  319  298  271  246  226  217  213  219  228  241  254  271
  285  291  285  269  249  233  219  207  197  187  177  167  159  150  141  134
  127  120  115  113  116  120  130  141  160  179  201  234  266  301  339  376
  407  436  453  477  502  526  556  566  577                                   
    27.5-180.0 180.0   5.0 450.0                            LAT/LON1/LON2/DLON/H
  665  670  644  624  592  557  513  482  452  435  417  411  407  406  399  393
  384  377  368  353  331  302  275  254  246  252  265  287  308  330  347  363
  373  371  354  328  295  268  242  228  211  198  184  172  159  148  135  126
  114  106   96   94   95  104  114  130  154  180  208  249  285  320  358  395
  428  458  481  505  531  561  593  619  665                                   
    25.0-180.0 180.0   5.0 450.0                            LAT/LON1/LON2/DLON/H
  772  806  791  771  734  681  623  578  532  497  468  452  442  436  424  416
  404  397  383  365  334  307  283  277  284  313  347  387  413  436  451  459
  458  441  414  378  335  298  263  242  223  203  187  173  160  148  132  121
  107   97   88   84   84   93  106  129  157  193  226  271  302  339  369  413
  447  485  516  546  581  616  662  694  772                                   
    22.5-180.0 180.0   5.0 450.0                            LAT/LON1/LON2/DLON/H
  853  922  931  932  892  836  760  705  643  598  551  520  497  482  462  448
  431  416  397  369  337  311  300  311  345  395  445  489  514  527  529  526
  510  487  445  403  352  314  273  252  224  204  183  170  153  142  126  112
   96   85   78   71   73   81  102  128  168  215  258  306  341  376  406  444
  478  514  551  585  624  658  717  759  853                                   
    20.0-180.0 180.0   5.0 450.0                            LAT/LON1/LON2/DLON/H
  915 1012 1049 1061 1054 1007  939  864  795  729  666  618  577  544  510  486
  459  440  411  380  345  329  332  370  424  491  541  577  590  588  580  566
  544  509  460  405  350  308  266  245  219  198  178  162  148  135  121  107
   94   83   75   74   75   89  109  142  185  240  289  332  373  404  444  475
  514  545  587  621  665  703  766  805  915                                   
    17.5-180.0 180.0   5.0 450.0                            LAT/LON1/LON2/DLON/H
  920 1028 1084 1119 1125 1102 1064 1009  931  854  779  714  659  614  568  530
  495  468  434  399  368  364  385  442  509  574  615  629  622  604  578  552
  516  483  433  380  323  283  251  231  205  187  168  157  144  136  122  108
   98   86   81   76   80   91  115  150  198  259  303  350  387  430  464  501
  534  566  605  638  680  716  776  814  920                                   
    15.0-180.0 180.0   5.0 450.0                            LAT/LON1/LON2/DLON/H
  905 1012 1075 1122 1145 1138 1129 1088 1048  970  891  811  744  685  633  585
  542  509  471  441  418  429  466  534  599  644  659  646  618  576  538  497
  468  431  385  331  284  249  226  211  194  179  167  157  151  138  127  113
  103   93   88   85   87  102  130  170  225  273  324  360  413  449  491  518
  553  582  618  649  687  718  774  805  905                                   
    12.5-180.0 180.0   5.0 450.0                            LAT/LON1/LON2/DLON/H
  836  943 1006 1056 1088 1106 1117 1106 1087 1039  963  884  810  745  688  637
  594  557  522  497  488  512  561  625  667  676  654  609  552  496  448  418
  386  358  317  279  244  224  213  204  191  179  170  161  155  145  133  119
  112  101   97   91   95  106  139  182  233  284  324  373  422  466  502  533
  565  594  630  656  689  709  752  776  836                                   
    10.0-180.0 180.0   5.0 450.0                            LAT/LON1/LON2/DLON/H
  767  818  893  943  995 1029 1067 1079 1087 1059 1006  930  865  796  741  686
  651  617  593  578  587  619  665  702  708  670  613  533  465  396  358  318
  302  278  260  238  223  213  210  208  202  192  186  173  170  156  147  133
  124  114  104   97   99  109  145  186  243  282  327  370  429  470  511  538
  571  603  635  659  685  698  736  745  767                                   
     7.5-180.0 180.0   5.0 450.0                            LAT/LON1/LON2/DLON/H
  689  718  748  783  823  872  934  986 1026 1025  999  945  892  834  785  735
  701  676  664  662  677  710  736  739  700  624  529  438  357  304  266  246
