data/unet/pred3470.15i
     1.0            IONOSPHERE MAPS     GNSS                IONEX VERSION / TYPE
pyspatialgeodesy        IME             05-JAN-18 20:20     PGM / RUN BY / DATE 
Map Name                                                    COMMENT             
Predicted global ionosphere maps (GIM).                     DESCRIPTION         
  2015    12    13     0     0     0                        EPOCH OF FIRST MAP  
  2015    12    14     0     0     0                        EPOCH OF LAST MAP   
  7200                                                      INTERVAL            
    13                                                      # OF MAPS IN FILE   
  NONE                                                      MAPPING FUNCTION    
10.0                                                        ELEVATION CUTOFF    
One-way carrier phase leveled to code                       OBSERVABLES USED    
  6371.0                                                    BASE RADIUS         
 2                                                          MAP DIMENSION       
   450.0 450.0   0.0                                        HGT1 / HGT2 / DHGT  
    87.5 -87.5  -2.5                                        LAT1 / LAT2 / DLAT  
  -180.0 180.0   5.0                                        LON1 / LON2 / DLON  
    -1                                                      EXPONENT            
                                                            END OF HEADER       
[from data line 1287]
     4                                                      START OF TEC MAP    
  2015    12    13     6     0     0                        EPOCH OF CURRENT MAP
    87.5-180.0 180.0   5.0 450.0                            LAT/LON1/LON2/DLON/H
   -1   37   32   32   30   29   30   31   31   31   31   30   30   30   29   29
   29   29   29   29   29   29   30   29   30   30   30   29   31   30   31   30
   31   30   31   30   31   29   31   28   30   27   29   25   28   24   26   23
   25   23   25   23   25   24   25   24   25   24   25   23   24   23   24   23
   24   23   24   25   27   25   27    3   -1                                   
    85.0-180.0 180.0   5.0 450.0                            LAT/LON1/LON2/DLON/H
   39   27   40   35   38   32   39   35   40   36   41   35   40   33   38   31
   36   29   35   28   34   28   35   29   36   30   38   32   39   32   41   33
   41   34   42   34   41   33   41   32   38   31   37   30   34   28   33   27
   31   26   31   26   31   26   31   25   29   24   29   23   27   22   26   21
   25   20   25   22   29   19   32   12   39                                   
    82.5-180.0 180.0   5.0 450.0                            LAT/LON1/LON2/DLON/H
   32   37   34   30   33   30   35   34   37   35   38   36   38   35   37   34
   35   31   33   30   31   29   30   30   31   30   32   32   34   33   35   36
   37   36   38   38   38   37   38   38   39   38   39   39   38   38   38   38
   39   38   39   39   39   39   39   39   39   37   37   36   35   33   33   31
   31   28   29   25   27   22   41   18   32                                   
    80.0-180.0 180.0   5.0 450.0                            LAT/LON1/LON2/DLON/H
   33   32   30   23   22   25   26   31   30   34   32   36   32   35   30   33
   28   28   24   25   21   22   20   22   20   23   23   26   27   30   32   34
   34   36   36   36   35   35   35   34   33   33   33   32   31   31   32   33
   33   34   35   36   37   38   38   39   38   38   37   36   33   33   30   28
   25   24   22   21   18   14   22   15   33                                   
    77.5-180.0 180.0   5.0 450.0                            LAT/LON1/LON2/DLON/H
   29   29   26   24   27   28   30   34   34   37   36   38   35   36   34   34
   30   29   25   25   21   20   19   20   19   21   22   25   27   30   32   35
   36   37   37   38   37   35   34   33   32   31   31   31   31   32   34   36
   38   40   42   44   44   47   48   50   48   49   48   48   44   44   40   39
   34   33   30   28   25   17   27   17   29                                   
    75.0-180.0 180.0   5.0 450.0                            LAT/LON1/LON2/DLON/H
   30   29   32   24   25   29   32   37   36   40   38   42   38   40   37   37
   33   31   28   26   22   21   19   19   18   21   22   26   28   32   35   38
   39   41   40   40   37   36   33   32   28   29   28   30   30   34   36   40
   42   46   50   53   55   58   61   62   62   62   62   60   58   56   53   50
   46   43   40   36   32   23   32   16   30                                   
    72.5-180.0 180.0   5.0 450.0                            LAT/LON1/LON2/DLON/H
   30   27   27   24   27   30   33   37   38   40   40   41   40   39   38   36
   35   31   30   27   25   21   20   19   19   18   21   23   27   29   33   36
   38   37   38   35   34   30   29   24   26   22   26   26   31   33   40   43
   48   52   56   60   61   65   66   69   68   70   69   70   65   65   60   60
   53   52   46   43   37   27   35   18   30                                   
    70.0-180.0 180.0   5.0 450.0                            LAT/LON1/LON2/DLON/H
   30   29   29   21   23   26   30   34   36   38   38   40   40   40   39   38
   37   34   33   29   28   23   23   20   22   21   24   26   30   32   36   37
   39   38   37   34   31   27   23   22   20   22   23   28   33   39   46   51
   57   59   65   66   72   72   77   76   81   78   82   79   80   75   74   69
   65   59   57   51   46   35   39   21   30                                   
    67.5-180.0 180.0   5.0 450.0                            LAT/LON1/LON2/DLON/H
   32   28   28   23   26   28   32   34   38   38   39   40   40   40   39   40
   38   37   35   34   31   30   27   26   24   25   26   27   30   32   35   36
   37   35   33   29   26   20   19   14   17   17   24   28   37   43   51   57
   63   68   71   78   79   84   82   86   84   86   86   87   84   84   79   78
   71   69   63   60   52   41   45   24   32                                   
    65.0-180.0 180.0   5.0 450.0                            LAT/LON1/LON2/DLON/H
   32   29   31   23   24   26   31   33   36   37   38   40   40   41   41   42
   43   41   42   39   39   34   35   31   31   29   31   31   33   34   35   35
   35   33   30   25   22   17   14   13   15   20   26   34   43   51   59   65
   73   76   83   84   90   91   96   94   98   96  100   97   98   93   92   85
   81   74   71   66   60   49   50   29   32                                   
    62.5-180.0 180.0   5.0 450.0                            LAT/LON1/LON2/DLON/H
   39   33   31   26   28   29   32   35   37   38   38   39   38   40   39   42
   41   42   41   42   39   38   36   35   32   31   30   31   31   31   31   31
   30   28   24   20   17   13   10   10   14   19   30   38   49   58   66   76
   82   89   90   95   97  102  102  104  104  106  105  106  104  101   95   90
   81   79   73   70   64   53   55   34   39                                   
    60.0-180.0 180.0   5.0 450.0                            LAT/LON1/LON2/DLON/H
   40   35   33   25   26   27   31   32   35   34   35   37   38   39   41   42
   44   43   44   42   43   39   39   36   36   32   32   30   30   28   28   27
   26   23   21   17   15   11   11   12   18   26   36   47   58   66   77   83
   93   94  101  101  109  109  113  112  117  114  118  115  117  110  106   96
   89   81   77   73   67   57   56   39   40                                   
    57.5-180.0 180.0   5.0 450.0                            LAT/LON1/LON2/DLON/H
   51   44   37   30   30   30   33   34   35   35   34   35   35   36   37   39
   40   40   39   38   38   36   36   34   33   32   30   28   27   26   24   24
   22   21   19   16   13   12   11   14   21   30   42   53   65   76   86   95
  101  107  110  116  119  123  123  125  125  128  127  127  125  121  113  104
   93   88   81   79   74   64   63   44   51                                   
    55.0-180.0 180.0   5.0 450.0                            LAT/LON1/LON2/DLON/H
   58   50   41   34   32   31   34   34   34   32   32   33   34   37   38   40
   40   38   38   35   35   34   34   34   34   32   31   28   26   23   22   21
   21   20   22   18   18   15   18   21   30   39   51   60   73   82   95  100
  110  112  122  123  131  131  135  132  138  136  141  137  138  131  126  112
  102   90   85   82   77   69   67   53   58                                   
    52.5-180.0 180.0   5.0 450.0                            LAT/LON1/LON2/DLON/H
   73   64   52   44   40   37   38   37   36   34   32   33   33   35   35   36
   36   33   32   28   29   27   29   30   30   31   29   28   25   25   22   23
   22   24   24   23   22   22   24   28   36   46   58   69   81   93  103  112
  119  127  133  140  143  147  146  148  147  151  150  152  147  142  134  122
  109   99   92   89   84   78   77   62   73                                   
    50.0-180.0 180.0   5.0 450.0                            LAT/LON1/LON2/DLON/H
   81   73   61   53   50   46   46   44   42   38   35   35   35   37   36   38
   36   34   31   29   28   29   29   31   32   33   33   31   30   27   27   26
   28   29   32   30   32   31   35   39   48   56   67   75   88   98  112  117
  130  136  145  149  156  155  158  154  159  157  161  159  160  152  146  133
  121  106   99   96   91   84   84   73   81                                   
    47.5-180.0 180.0   5.0 450.0                            LAT/LON1/LON2/DLON/H
   94   85   73   66   63   58   56   52   48   44   39   38   38   39   39   38
   37   33   31   28   28   28   29   31   33   37   36   38   35   34   31   32
   33   36   38   40   41   42   44   50   57   67   75   86   95  109  119  131
  142  151  157  164  166  169  167  165  164  165  166  166  166  160  152  141
  128  116  108  104   99   94   94   79   94                                   
    45.0-180.0 180.0   5.0 450.0                            LAT/LON1/LON2/DLON/H
   97   92   79   76   71   70   68   65   60   55   48   46   43   45   43   44
   40   39   36   35   35   35   36   38   40   43   44   45   43   40   38   37
   40   42   46   48   51   53   57   63   70   78   86   92  104  114  129  139
  152  157  164  168  173  172  171  165  166  163  166  164  165  158  154  144
  134  121  115  109  103   97   99   88   97                                   
    42.5-180.0 180.0   5.0 450.0                            LAT/LON1/LON2/DLON/H
  101   94   83   78   78   78   77   75   71   65   58   55   52   52   52   50
   48   46   44   43   43   43   43   45   46   50   51   55   51   50   45   45
   46   49   52   55   57   61   65   74   80   90   96  104  112  126  140  152
  161  165  168  170  173  172  168  164  162  161  160  160  159  156  151  143
  133  124  117  111  105   98  100   86  101                                   
    40.0-180.0 180.0   5.0 450.0                            LAT/LON1/LON2/DLON/H
   95   92   83   79   77   80   79   82   79   76   69   66   62   63   60   60
   58   57   57   57   58   57   56   56   57   59   61   62   59   56   51   50
   51   54   56   60   63   68   74   84   94  104  110  116  125  135  151  158
  166  167  169  169  173  170  168  161  161  156  156  152  156  151  150  141
  135  125  120  113  104   95   98   85   95                                   
    37.5-180.0 180.0   5.0 450.0                            LAT/LON1/LON2/DLON/H
   87   82   72   70   70   76   79   85   85   85   81   78   75   75   73   73
   71   72   73   73   74   72   71   69   69   70   71   72   68   65   58   58
   56   60   60   65   68   76   83   96  108  119  125  132  139  151  162  169
  174  173  175  174  180  178  178  172  172  166  164  162  161  158  155  148
  140  133  127  117  106   96   95   76   87                                   
    35.0-180.0 180.0   5.0 450.0                            LAT/LON1/LON2/DLON/H
   83   72   63   57   56   60   68   76   82   85   85   87   85   87   85   85
   84   85   88   88   89   87   85   82   79   79   78   76   72   68   62   60
   58   61   61   64   68   77   89  104  121  132  141  144  155  162  175  179
  184  182  184  183  189  190  192  190  190  185  180  176  175  169  166  158
  152  144  136  123  108   95   95   77   83                                   
    32.5-180.0 180.0   5.0 450.0                            LAT/LON1/LON2/DLON/H
   80   70   52   46   44   49   57   66   75   82   87   91   92   96   95   96
   96   99  101  102  103  100   97   93   90   88   86   84   79   75   68   65
   61   64   62   66   70   81   94  115  132  148  154  162  171  181  191  197
  201  202  205  206  217  221  227  227  228  223  220  215  212  205  197  186
  175  167  156  141  123  106  102   78   80                                   
    30.0-180.0 180.0   5.0 450.0                            LAT/LON1/LON2/DLON/H
   85   65   48   39   36   36   46   54   65   74   82   90   93  101  100  104
  104  107  108  110  108  107  102   99   94   92   88   85   80   76   70   65
   62   62   60   63   67   81   96  121  142  158  169  175  186  196  208  216
  223  225  234  239  254  263  271  278  281  283  276  269  259  248  236  225
  211  199  182  167  145  122  116   89   85                                   
    27.5-180.0 180.0   5.0 450.0                            LAT/LON1/LON2/DLON/H
  107   84   65   46   40   34   41   45   55   63   72   82   89   97  100  104
  106  109  111  111  110  107  106  103  100   97   93   88   84   80   75   71
   67   67   64   65   69   81  100  128  152  169  182  191  204  218  231  240
  247  254  266  275  296  307  323  332  343  345  344  337  325  308  292  278
  264  250  230  209  182  157  145  113  107                                   
    25.0-180.0 180.0   5.0 450.0                            LAT/LON1/LON2/DLON/H
  130  111   84   70   54   45   42   44   50   58   65   76   85   94   98  103
  104  107  106  105  103  103  103  102  100   97   92   86   83   78   77   70
   68   65   61   62   66   81  100  131  157  178  193  203  219  238  253  264
  276  286  300  317  338  355  370  383  390  398  393  391  380  368  347  329
  312  294  270  248  217  195  175  147  130                                   
    22.5-180.0 180.0   5.0 450.0                            LAT/LON1/LON2/DLON/H
  171  139  121   93   87   59   60   45   54   49   63   67   77   83   88   92
   95   98   98   96   96   97  100  101  102   98   94   88   88   84   82   78
   74   70   65   62   67   81  103  136  164  186  203  217  239  258  277  290
  305  318  339  358  386  401  421  431  444  445  443  437  431  421  402  385
  364  343  318  294  263  237  215  199  171                                   
    20.0-180.0 180.0   5.0 450.0                            LAT/LON1/LON2/DLON/H
  216  170  149  129  114   93   82   70   61   56   57   65   72   80   84   87
   89   89   88   85   86   88   95   98  100   96   92   87   87   84   81   79
   76   73   65   64   66   84  105  142  169  195  214  231  254  276  296  313
  332  352  377  402  426  445  461  474  484  486  482  479  476  464  445  427
  406  381  357  336  308  281  254  244  216                                   
    17.5-180.0 180.0   5.0 450.0                            LAT/LON1/LON2/DLON/H
  257  201  191  165  154  127  118   95   94   72   76   67   77   76   82   80
   83   81   82   79   81   86   95  100  103   98   97   90   86   77   77   73
   75   71   64   59   67   85  112  148  180  205  228  248  274  297  321  338
  362  383  412  436  459  474  490  500  509  512  512  508  504  494  476  458
  440  418  397  378  359  332  299  286  257                                   
    15.0-180.0 180.0   5.0 450.0                            LAT/LON1/LON2/DLON/H
  295  241  224  204  186  169  159  139  129  114   98   93   86   89   87   86
   86   82   82   77   81   84   94   97  101   96   97   86   81   74   73   72
   72   70   60   61   67   92  120  161  190  217  243  265  292  315  342  364
  389  413  437  462  477  494  500  514  519  526  522  521  518  515  501  486
  467  447  427  411  398  372  338  326  295                                   
    12.5-180.0 180.0   5.0 450.0                            LAT/LON1/LON2/DLON/H
  329  278  262  235  217  193  190  169  165  142  133  117  112  101  100   92
   94   89   90   85   91   92  102  104  109  105   97   84   79   72   71   70
   70   64   57   58   71   95  132  171  204  233  257  284  308  336  361  385
  407  427  453  469  486  491  498  503  515  519  521  519  519  518  510  497
  484  466  449  435  426  407  372  360  329                                   
    10.0-180.0 180.0   5.0 450.0                            LAT/LON1/LON2/DLON/H
  350  305  285  269  248  226  225  210  209  181  170  148  137  129  115  112
  107  101   99   94   99   98  108  109  113  103   97   85   82   75   74   74
   67   64   56   62   75  102  137  180  210  241  265  291  322  347  376  399
  420  439  459  475  484  491  487  498  504  514  512  516  515  518  512  506
  492  479  462  450  442  425  394  383  350                                   
     7.5-180.0 180.0   5.0 450.0                            LAT/LON1/LON2/DLON/H
  366  326  311  289  275  251  248  234  235  216  202  179  165  147  137  129
  127  121  119  115  120  115  117  112  111  103   98   89   84   78   77   72
