data/unet/pred2170.15i
     1.0            IONOSPHERE MAPS     GNSS                IONEX VERSION / TYPE
pyspatialgeodesy        IME             05-JAN-18 20:20     PGM / RUN BY / DATE 
Map Name                                                    COMMENT             
Predicted global ionosphere maps (GIM).                     DESCRIPTION         
  2015     8     5     0     0     0                        EPOCH OF FIRST MAP  
  2015     8     6     0     0     0                        EPOCH OF LAST MAP   
  7200                                                      INTERVAL            
    13                                                      # OF MAPS IN FILE   
  NONE                                                      MAPPING FUNCTION    
10.0                                                        ELEVATION CUTOFF    
One-way carrier phase leveled to code                       OBSERVABLES USED    
  6371.0                                                    BASE RADIUS         
 2                                                          MAP DIMENSION       
   450.0 450.0   0.0                                        HGT1 / HGT2 / DHGT  
    87.5 -87.5  -2.5                                        LAT1 / LAT2 / DLAT  
  -180.0 180.0   5.0                                        LON1 / LON2 / DLON  
    -1                                                      EXPONENT            
                                                            END OF HEADER       
[from data line 4290]
    11                                                      START OF TEC MAP    
  2015     8     5    20     0     0                        EPOCH OF CURRENT MAP
    87.5-180.0 180.0   5.0 450.0                            LAT/LON1/LON2/DLON/H
  179  151  141  144  144  145  146  148  148  150  150  151  151  152  152  153
  153  153  153  153  152  152  151  151  149  149  148  147  146  146  144  144
  142  141  139  138  135  135  133  132  131  131  130  130  130  129  129  128
  129  128  128  127  127  126  127  126  127  127  128  127  128  128  129  129
  130  130  132  130  132  132  133  159  179                                   
    85.0-180.0 180.0   5.0 450.0                            LAT/LON1/LON2/DLON/H
  139  139  138  145  145  146  146  148  149  151  151  153  153  154  153  154
  154  155  153  154  152  153  151  151  150  149  148  147  146  145  144  142
  141  139  137  135  134  132  131  129  129  128  128  128  128  128  128  127
  128  127  127  126  126  126  126  126  126  126  126  125  126  126  127  126
  128  128  129  128  128  125  128  151  139                                   
    82.5-180.0 180.0   5.0 450.0                            LAT/LON1/LON2/DLON/H
  148  144  144  147  147  149  149  153  153  156  155  158  157  160  158  160
  159  160  159  159  158  158  157  156  155  154  153  152  151  150  148  147
  145  143  141  139  137  136  134  133  132  132  131  131  130  130  129  130
  129  129  128  128  127  128  126  127  126  126  124  125  124  125  124  125
  125  127  127  128  128  128  126  140  148                                   
    80.0-180.0 180.0   5.0 450.0                            LAT/LON1/LON2/DLON/H
  157  148  145  145  146  148  150  152  154  155  157  158  159  161  161  161
  162  162  162  161  162  161  160  159  159  157  158  155  156  151  152  147
  149  143  144  139  141  136  137  134  135  133  133  131  132  130  131  130
  130  130  129  129  129  128  127  126  126  125  123  123  122  122  121  121
  122  123  124  124  126  126  125  139  157                                   
    77.5-180.0 180.0   5.0 450.0                            LAT/LON1/LON2/DLON/H
  158  148  145  145  147  149  151  153  154  156  158  159  161  161  163  162
  163  163  164  164  164  164  163  163  162  161  159  158  155  153  151  148
  146  144  143  140  140  138  138  136  135  133  132  130  130  129  129  128
  128  127  128  127  127  126  126  125  124  122  121  120  119  118  118  118
  120  121  123  123  125  125  125  134  158                                   
    75.0-180.0 180.0   5.0 450.0                            LAT/LON1/LON2/DLON/H
  164  152  151  151  151  154  155  157  158  161  163  165  165  167  166  167
  166  166  166  166  166  166  167  166  165  164  163  160  159  155  154  150
  150  147  147  145  146  144  144  142  141  138  137  135  133  132  131  130
  130  130  130  130  130  129  129  127  126  124  122  121  120  120  120  121
  123  126  129  130  132  131  134  144  164                                   
    72.5-180.0 180.0   5.0 450.0                            LAT/LON1/LON2/DLON/H
  166  159  157  157  156  158  158  161  163  166  168  169  171  170  171  169
  169  168  168  168  169  169  169  169  167  166  164  161  158  155  152  149
  148  146  146  146  146  146  145  143  141  139  135  133  129  128  125  125
  124  125  125  126  125  126  124  124  122  121  118  117  117  118  118  121
  123  128  131  134  137  138  140  149  166                                   
    70.0-180.0 180.0   5.0 450.0                            LAT/LON1/LON2/DLON/H
  173  164  163  161  161  162  163  166  168  172  175  178  179  179  179  177
  176  175  175  175  176  176  176  175  174  172  170  166  163  157  155  150
  150  147  149  148  150  149  149  146  144  139  135  130  126  123  121  120
  120  119  120  120  121  120  120  118  117  116  115  114  115  117  119  122
  127  132  138  141  146  146  148  158  173                                   
    67.5-180.0 180.0   5.0 450.0                            LAT/LON1/LON2/DLON/H
  175  170  168  166  165  165  166  169  173  177  182  184  187  186  187  184
  183  179  181  179  182  180  182  180  180  176  174  168  165  158  155  150
  148  146  146  147  148  147  146  144  139  134  127  122  116  113  109  109
  108  109  108  110  109  109  108  108  106  106  106  107  109  113  116  121
  126  133  139  144  148  150  152  161  175                                   
    65.0-180.0 180.0   5.0 450.0                            LAT/LON1/LON2/DLON/H
  181  174  173  171  170  171  172  174  178  183  189  193  196  197  197  195
  193  190  190  189  191  191  192  190  190  186  183  177  174  166  162  155
  153  148  149  147  150  148  148  143  139  131  125  117  112  107  104  102
  102  101  101  101  100   99   99   98   98   98  100  102  106  111  116  122
  128  134  141  146  152  153  155  167  181                                   
    62.5-180.0 180.0   5.0 450.0                            LAT/LON1/LON2/DLON/H
  181  178  177  175  175  174  176  178  183  188  196  199  204  203  206  201
  201  196  197  194  198  196  199  195  196  191  189  182  179  172  167  160
  157  152  150  149  149  148  146  142  135  129  120  113  106  102   98   96
   94   93   91   90   88   88   86   87   87   89   91   95  101  107  113  120
  127  133  140  144  149  152  153  168  181                                   
    60.0-180.0 180.0   5.0 450.0                            LAT/LON1/LON2/DLON/H
  185  178  179  179  179  179  181  183  187  193  200  203  208  209  210  208
  207  204  204  202  205  204  206  205  205  202  199  195  192  185  182  173
  170  162  160  156  157  154  153  147  141  132  125  117  111  106  102  100
   97   93   90   87   85   82   81   80   82   83   87   91   99  106  114  120
  128  134  140  144  149  151  154  170  185                                   
    57.5-180.0 180.0   5.0 450.0                            LAT/LON1/LON2/DLON/H
  183  182  182  183  185  184  186  187  190  194  200  203  208  208  212  209
  210  205  207  204  207  205  209  205  208  203  204  199  199  194  191  184
  180  172  168  163  161  159  155  151  143  136  127  121  115  110  106  102
   97   92   87   83   79   77   75   75   75   78   81   87   94  102  110  117
  123  129  136  139  144  147  151  167  183                                   
    55.0-180.0 180.0   5.0 450.0                            LAT/LON1/LON2/DLON/H
  188  184  188  190  192  192  193  192  195  195  200  200  205  206  210  209
  211  208  209  206  209  207  211  209  211  209  210  209  211  209  208  201
  197  187  183  175  174  169  167  160  155  146  140  132  128  122  118  112
  106   98   92   86   83   79   77   76   77   78   82   87   95  101  109  116
  123  129  135  139  143  147  152  168  188                                   
    52.5-180.0 180.0   5.0 450.0                            LAT/LON1/LON2/DLON/H
  190  193  196  199  202  202  202  201  200  199  199  199  201  202  206  206
  210  206  209  205  208  205  209  206  210  207  211  210  216  215  217  212
  208  199  192  185  181  177  174  169  163  157  149  144  139  134  128  122
  113  105   97   91   87   83   81   80   81   82   84   88   93  100  106  112
  120  126  134  137  142  146  152  170  190                                   
    50.0-180.0 180.0   5.0 450.0                            LAT/LON1/LON2/DLON/H
  204  201  207  211  215  215  218  213  212  206  206  200  202  199  204  203
  207  204  206  203  206  204  208  208  210  211  214  218  223  226  228  225
  221  212  206  197  195  189  188  181  178  170  166  159  156  149  144  134
  126  115  108  101   98   94   94   93   93   93   95   96  101  103  109  114
  123  130  140  145  151  157  163  180  204                                   
    47.5-180.0 180.0   5.0 450.0                            LAT/LON1/LON2/DLON/H
  209  214  218  223  229  231  231  228  224  218  212  206  203  200  203  202
  206  203  206  202  206  203  209  207  212  210  217  218  226  228  232  229
  226  218  211  205  201  199  195  191  186  181  175  171  166  161  152  143
  133  124  116  111  107  106  105  106  105  106  104  105  105  107  109  114
  122  131  143  151  159  165  172  190  209                                   
    45.0-180.0 180.0   5.0 450.0                            LAT/LON1/LON2/DLON/H
  225  224  231  236  243  245  249  243  243  234  230  218  215  207  209  204
  208  203  205  203  207  207  213  214  218  219  223  227  231  235  237  235
  232  224  220  214  213  210  209  205  201  195  190  184  180  173  165  153
  143  133  127  123  122  120  121  121  122  120  120  118  117  115  117  120
  129  138  153  164  175  182  189  204  225                                   
    42.5-180.0 180.0   5.0 450.0                            LAT/LON1/LON2/DLON/H
  230  234  239  246  254  256  260  259  257  251  244  236  228  220  216  212
  212  208  211  210  215  216  224  223  230  229  233  234  237  237  238  236
  232  228  222  220  219  219  217  213  208  204  198  195  189  183  173  163
  151  143  137  135  132  133  132  134  133  133  130  129  125  124  121  125
  132  145  159  173  185  194  201  219  230                                   
    40.0-180.0 180.0   5.0 450.0                            LAT/LON1/LON2/DLON/H
  242  241  248  254  261  265  271  271  274  268  265  253  248  236  232  222
  222  215  218  217  225  229  238  241  247  247  249  248  248  246  245  241
  239  233  232  229  232  232  233  228  225  219  215  209  205  197  187  174
  163  154  149  145  144  143  143  143  143  143  142  140  138  134  133  135
  143  154  171  185  199  207  214  231  242                                   
    37.5-180.0 180.0   5.0 450.0                            LAT/LON1/LON2/DLON/H
  242  245  250  257  264  268  275  279  284  283  280  272  264  253  246  236
  232  227  230  232  241  247  258  263  269  269  269  266  263  259  255  251
  248  244  243  242  243  245  243  241  235  232  225  221  214  207  196  186
  173  166  158  155  150  149  146  147  146  149  148  149  145  144  139  142
  146  159  174  190  204  213  222  238  242                                   
    35.0-180.0 180.0   5.0 450.0                            LAT/LON1/LON2/DLON/H
  249  248  256  261  266  271  280  284  294  294  295  288  282  269  262  249
  247  239  243  245  256  264  276  283  290  292  293  290  286  280  276  270
  270  265  267  263  266  263  264  259  254  247  242  235  229  219  209  196
  186  175  167  161  156  151  148  147  147  149  149  151  150  148  146  147
  152  162  177  191  205  214  222  239  249                                   
    32.5-180.0 180.0   5.0 450.0                            LAT/LON1/LON2/DLON/H
  245  249  255  261  267  271  280  287  297  303  305  303  296  286  275  265
  259  255  258  263  274  283  295  303  311  315  317  315  311  307  302  300
  298  296  292  288  283  280  277  273  266  261  251  246  235  227  214  204
  190  182  170  164  153  149  141  142  139  144  144  149  147  149  144  148
  149  160  171  188  202  215  223  239  245                                   
    30.0-180.0 180.0   5.0 450.0                            LAT/LON1/LON2/DLON/H
  251  252  262  267  271  277  286  293  306  312  317  315  311  302  291  281
  274  271  274  279  290  300  311  321  331  338  342  344  342  338  336  333
  334  328  321  308  298  289  283  279  274  268  260  253  243  231  220  206
  194  182  171  162  151  144  136  135  134  135  137  140  142  142  140  142
  146  155  168  183  198  211  220  237  251                                   
    27.5-180.0 180.0   5.0 450.0                            LAT/LON1/LON2/DLON/H
  249  256  265  274  278  282  288  299  311  321  326  328  323  319  308  299
  292  289  292  297  307  316  327  337  350  358  365  369  369  366  365  365
  363  358  344  327  307  292  281  275  268  263  253  248  236  226  213  201
  185  175  162  153  142  135  128  127  124  126  126  129  130  132  131  135
  137  149  160  177  193  211  220  237  249                                   
    25.0-180.0 180.0   5.0 450.0                            LAT/LON1/LON2/DLON/H
  253  261  274  281  286  294  300  310  322  333  339  342  341  338  329  323
  314  312  312  317  324  333  343  356  368  381  390  395  395  393  392  391
  390  378  363  336  311  287  274  264  255  251  241  234  224  214  202  189
  177  165  153  142  133  126  121  120  117  117  117  117  119  118  120  124
  130  142  155  173  188  205  217  237  253                                   
    22.5-180.0 180.0   5.0 450.0                            LAT/LON1/LON2/DLON/H
  250  264  275  288  295  304  309  320  331  344  350  359  358  361  353  351
  343  341  339  341  346  352  362  373  388  400  407  410  411  409  409  407
  404  391  369  338  306  279  261  248  240  233  224  215  205  195  184  173
  161  150  139  130  122  118  115  114  110  107  105  104  105  106  109  112
  120  131  148  167  186  206  220  241  250                                   
    20.0-180.0 180.0   5.0 450.0                            LAT/LON1/LON2/DLON/H
  254  269  281  297  305  318  324  336  345  359  366  375  380  385  383  383
  378  376  371  372  371  377  382  395  408  419  423  425  424  420  420  416
  408  390  364  327  293  264  246  232  224  215  208  197  190  177  169  154
  145  133  125  116  113  110  110  110  106  100   95   92   93   92   97  101
  110  126  143  167  184  204  221  242  254                                   
    17.5-180.0 180.0   5.0 450.0                            LAT/LON1/LON2/DLON/H
  251  272  283  302  312  325  332  342  352  366  376  389  396  408  410  416
  413  413  408  404  404  404  409  418  426  431  431  429  425  419  417  409
  398  376  347  308  274  246  230  216  209  199  194  183  175  163  153  140
  131  120  113  107  106  107  108  108  102   96   89   86   84   83   86   91
  102  118  140  162  182  205  223  244  251                                   
    15.0-180.0 180.0   5.0 450.0                            LAT/LON1/LON2/DLON/H
  254  275  286  304  315  331  338  352  359  374  386  401  411  425  433  443
  444  446  441  438  432  432  432  441  443  445  440  432  425  416  410  399
  382  357  326  290  259  236  221  210  204  195  190  177  170  155  146  131
  123  112  106  102  103  105  107  106  100   92   86   80   78   75   77   82
   95  113  135  161  180  203  224  242  254                                   
    12.5-180.0 180.0   5.0 450.0                            LAT/LON1/LON2/DLON/H
  250  272  283  301  315  327  338  348  360  373  389  406  418  436  442  457
  461  471  466  464  458  455  454  458  456  453  442  428  419  407  397  381
  360  333  303  275  249  231  218  209  203  195  190  178  169  156  145  130
  120  108  101   98  100  104  106  105   98   91   84   80   75   73   72   78
   89  107  131  154  176  201  221  240  250                                   
    10.0-180.0 180.0   5.0 450.0                            LAT/LON1/LON2/DLON/H
  250  272  284  301  313  329  338  352  360  375  386  404  417  435  445  464
  471  483  481  482  475  473  467  472  466  459  444  428  414  403  387  368
  343  316  293  270  254  239  232  222  217  207  202  191  182  165  152  135
  123  110  103   98  101  103  106  102   98   88   82   76   74   68   68   71
   82  100  122  146  169  193  218  233  250                                   
     7.5-180.0 180.0   5.0 450.0                            LAT/LON1/LON2/DLON/H
  250  272  287  301  315  326  338  348  356  366  380  395  408  428  439  460
  470  485  483  488  480  481  474  475  467  455  439  423  410  394  376  355
