data/unet/pred2540.15i
     1.0            IONOSPHERE MAPS     GNSS                IONEX VERSION / TYPE
pyspatialgeodesy        IME             05-JAN-18 20:20     PGM / RUN BY / DATE 
Map Name                                                    COMMENT             
Predicted global ionosphere maps (GIM).                     DESCRIPTION         
  2015     9    11     0     0     0                        EPOCH OF FIRST MAP  
  2015     9    12     0     0     0                        EPOCH OF LAST MAP   
  7200                                                      INTERVAL            
    13                                                      # OF MAPS IN FILE   
  NONE                                                      MAPPING FUNCTION    
10.0                                                        ELEVATION CUTOFF    
One-way carrier phase leveled to code                       OBSERVABLES USED    
  6371.0                                                    BASE RADIUS         
 2                                                          MAP DIMENSION       
   450.0 450.0   0.0                                        HGT1 / HGT2 / DHGT  
    87.5 -87.5  -2.5                                        LAT1 / LAT2 / DLAT  
  -180.0 180.0   5.0                                        LON1 / LON2 / DLON  
    -1                                                      EXPONENT            
                                                            END OF HEADER       
[from data line 429]
     2                                                      START OF TEC MAP    
  2015     9    11     2     0     0                        EPOCH OF CURRENT MAP
    87.5-180.0 180.0   5.0 450.0                            LAT/LON1/LON2/DLON/H
  105   92   89   78   83   73   78   72   78   71   76   69   75   68   74   67
   74   66   73   66   72   65   71   63   70   63   70   62   69   62   69   62
   69   63   70   64   71   65   72   67   74   69   77   72   79   75   82   78
   86   82   88   84   90   86   92   88   93   89   94   89   95   90   94   89
   94   89   94   89   98   93   99  113  105                                   
    85.0-180.0 180.0   5.0 450.0                            LAT/LON1/LON2/DLON/H
   94  106   84   89   84   81   80   80   79   79   78   78   78   77   77   76
   76   74   74   72   72   70   70   68   67   66   65   64   63   63   63   63
   62   63   62   64   63   66   64   67   66   70   69   73   73   76   77   80
   81   84   85   88   88   91   91   93   93   95   94   95   95   95   95   95
   94   95   94   95   95   91  101  102   94                                   
    82.5-180.0 180.0   5.0 450.0                            LAT/LON1/LON2/DLON/H
   95   96   94   91   88   83   85   85   86   85   87   87   87   87   86   86
   85   83   82   80   78   75   73   70   68   65   65   62   62   59   61   58
   60   57   60   58   61   59   63   61   66   64   69   68   74   73   79   78
   85   83   90   88   95   93   98   96  101   98  102   99  103   99  102   99
  102   97  101   97  101   94  105  101   95                                   
    80.0-180.0 180.0   5.0 450.0                            LAT/LON1/LON2/DLON/H
   99  100   93   94   93   87   91   89   94   91   95   94   97   95   97   94
   96   92   93   87   87   81   79   73   72   66   65   62   62   59   59   57
   59   57   59   58   59   60   61   62   64   65   68   69   73   74   78   79
   83   84   88   90   94   95   98   99  101  102  103  104  105  105  105  105
  105  103  104  103  103   97  102  101   99                                   
    77.5-180.0 180.0   5.0 450.0                            LAT/LON1/LON2/DLON/H
   98  101   95   97   91   93   91   96   93   98   96  101   99  102  100  102
   99   99   95   94   88   85   79   75   69   66   62   61   57   59   56   58
   55   58   56   59   56   59   58   61   60   64   63   68   68   73   74   79
   79   84   85   90   91   95   96  100  100  103  103  106  104  106  104  106
  103  105  103  106  104  101  105  100   98                                   
    75.0-180.0 180.0   5.0 450.0                            LAT/LON1/LON2/DLON/H
  103  101   94   99   97   95   97   97   99   98  101  101  103  102  104  103
  103  101  100   96   92   86   82   75   70   65   62   60   58   58   59   59
   59   60   60   60   59   59   60   60   61   62   65   66   69   72   76   79
   82   85   88   90   93   94   97   98  100  101  102  103  103  103  103  103
  103  103  104  105  105  101  108  103  103                                   
    72.5-180.0 180.0   5.0 450.0                            LAT/LON1/LON2/DLON/H
  103  104  100  100   96   96   95   97   96   97   97   99   98  100  100  100
   99   98   97   93   87   82   75   68   61   58   54   54   52   55   55   58
   57   60   58   59   56   56   54   55   54   56   57   61   62   68   70   76
   77   82   83   86   86   89   89   93   92   96   95   98   96   98   97   99
   97  100   99  103  105  104  110  107  103                                   
    70.0-180.0 180.0   5.0 450.0                            LAT/LON1/LON2/DLON/H
  108  107  101  106  104  101  102  101  101  100  100   99   99   99   98   98
   97   97   95   91   85   79   72   65   59   54   53   51   53   55   59   60
   62   62   62   60   58   55   54   52   53   52   56   58   63   66   71   74
   78   80   83   84   85   87   88   90   91   93   94   94   95   95   96   95
   97   97  101  103  107  105  116  113  108                                   
    67.5-180.0 180.0   5.0 450.0                            LAT/LON1/LON2/DLON/H
  112  110  109  109  103  103  101  102   99  100   97   98   94   96   93   94
   91   92   88   86   78   74   64   58   50   47   44   46   46   52   55   60
   60   62   59   58   52   50   45   45   42   45   47   52   55   62   66   71
   73   77   78   79   79   81   82   85   85   88   89   91   90   92   90   93
   91   95   96  103  106  110  117  120  112                                   
    65.0-180.0 180.0   5.0 450.0                            LAT/LON1/LON2/DLON/H
  119  116  114  118  114  113  111  110  107  106  102  100   96   94   91   90
   87   87   83   80   73   69   61   54   48   45   44   45   50   53   59   61
   63   62   59   54   50   45   42   39   40   40   45   48   55   59   66   69
   73   74   77   77   79   79   82   84   88   89   92   92   95   93   95   94
   96   97  101  105  112  115  126  128  119                                   
    62.5-180.0 180.0   5.0 450.0                            LAT/LON1/LON2/DLON/H
  122  119  119  121  113  112  110  110  107  106  101  100   94   93   87   88
   82   83   78   76   69   66   56   52   44   42   39   43   45   51   54   59
   57   57   52   48   41   38   33   32   30   34   37   44   48   56   60   66
   69   72   74   74   75   77   79   83   85   89   90   93   93   95   94   96
   94   98  100  107  112  118  126  131  122                                   
    60.0-180.0 180.0   5.0 450.0                            LAT/LON1/LON2/DLON/H
  125  121  120  124  119  118  115  115  112  110  105  102   98   94   88   86
   81   79   75   72   67   62   56   50   46   42   43   44   49   53   57   58
   58   54   50   43   39   33   31   29   31   32   37   42   48   54   59   64
   68   71   73   73   76   77   82   85   91   93   97   98  100   99  100   99
  101  101  105  109  116  120  130  134  125                                   
    57.5-180.0 180.0   5.0 450.0                            LAT/LON1/LON2/DLON/H
  127  122  121  124  118  116  114  114  111  110  105  103   98   95   88   87
   80   79   73   71   64   63   55   53   46   45   43   46   48   53   54   57
   52   51   44   40   34   33   29   30   29   34   36   42   45   52   56   62
   65   69   72   73   75   78   81   85   90   94   96  100  100  102  100  102
  101  103  104  111  116  120  126  129  127                                   
    55.0-180.0 180.0   5.0 450.0                            LAT/LON1/LON2/DLON/H
  127  122  119  125  121  119  117  117  113  112  108  107  103   99   94   90
   84   79   74   69   66   61   59   52   52   47   49   49   53   55   57   56
   54   49   45   40   38   36   36   34   36   37   41   44   48   53   57   63
   67   71   74   76   78   81   85   89   94   98  101  103  106  106  107  106
  108  107  110  113  119  120  126  128  127                                   
    52.5-180.0 180.0   5.0 450.0                            LAT/LON1/LON2/DLON/H
  130  125  124  127  122  121  119  119  115  114  109  108  105  103   97   93
   85   81   73   71   64   64   58   58   54   54   53   54   56   58   58   58
   53   51   46   45   42   44   42   44   42   46   46   49   50   55   58   64
   68   75   77   81   83   86   89   93   96  100  100  104  104  107  105  108
  107  109  109  114  117  119  123  124  130                                   
    50.0-180.0 180.0   5.0 450.0                            LAT/LON1/LON2/DLON/H
  130  126  123  131  129  126  125  124  120  117  114  113  109  108  102   98
   89   84   76   70   66   61   61   57   59   54   58   56   60   59   61   58
   56   53   52   51   52   51   53   52   53   52   53   54   55   59   62   69
   74   80   84   88   90   94   96  100  103  104  105  106  108  108  111  111
  114  113  116  117  122  120  125  125  130                                   
    47.5-180.0 180.0   5.0 450.0                            LAT/LON1/LON2/DLON/H
  134  132  131  136  133  134  132  131  126  124  120  119  115  114  108  103
   94   88   77   73   66   66   62   63   62   63   62   62   61   62   60   61
   56   57   56   59   58   61   60   62   59   60   59   60   59   63   66   74
   79   88   92   99  101  105  107  110  110  110  108  108  107  109  109  113
  114  116  117  120  123  122  126  127  134                                   
    45.0-180.0 180.0   5.0 450.0                            LAT/LON1/LON2/DLON/H
  138  138  136  143  141  140  141  140  136  133  129  127  124  122  116  111
  101   95   83   79   72   69   68   66   69   67   70   66   67   67   66   66
   63   65   66   68   70   71   71   69   68   67   66   66   66   69   73   80
   88   97  104  110  114  119  121  124  123  121  118  115  115  114  116  117
  122  121  125  127  130  130  135  135  138                                   
    42.5-180.0 180.0   5.0 450.0                            LAT/LON1/LON2/DLON/H
  146  145  146  149  146  149  148  150  145  143  138  138  134  133  125  120
  110  104   93   88   80   79   75   77   76   77   76   74   71   71   68   70
   67   71   72   76   76   78   74   75   71   73   71   72   71   76   79   87
   95  106  112  120  126  131  135  137  137  132  128  123  122  119  120  122
  125  126  129  132  135  136  143  146  146                                   
    40.0-180.0 180.0   5.0 450.0                            LAT/LON1/LON2/DLON/H
  154  157  155  159  156  155  156  156  154  152  149  149  145  142  134  129
  119  115  104  101   92   89   85   84   87   85   85   81   77   78   75   78
   76   82   84   87   88   87   84   81   80   78   79   79   79   82   86   93
  104  112  120  129  137  144  148  152  150  146  140  135  132  130  129  130
  134  135  141  142  147  150  159  158  154                                   
    37.5-180.0 180.0   5.0 450.0                            LAT/LON1/LON2/DLON/H
  168  169  170  168  162  163  163  165  162  161  160  159  156  153  144  139
  131  127  120  114  106  101   97   96   96   95   91   88   81   80   78   79
   81   87   89   92   89   89   82   83   80   83   81   83   83   87   90   99
  108  118  126  136  148  157  165  168  168  162  157  149  148  141  141  138
  143  143  151  152  155  161  171  174  168                                   
    35.0-180.0 180.0   5.0 450.0                            LAT/LON1/LON2/DLON/H
  182  185  181  178  171  167  167  168  167  167  168  169  166  162  152  147
  139  138  131  127  117  112  107  105  106  104  100   96   88   87   84   87
   91   96   99  100   99   96   92   88   89   88   88   87   87   89   94  101
  110  120  128  142  155  170  179  184  182  176  167  160  157  152  149  147
  152  154  163  166  170  178  191  192  182                                   
    32.5-180.0 180.0   5.0 450.0                            LAT/LON1/LON2/DLON/H
  204  204  199  193  182  178  175  175  174  176  177  178  174  169  159  152
  146  144  139  134  125  119  114  113  112  110  105  100   93   90   89   92
   95  100  101  102   99   97   92   91   89   90   89   87   87   88   91   98
  107  116  125  140  158  177  191  198  198  191  186  177  176  168  165  162
  167  167  179  179  181  194  209  211  204                                   
    30.0-180.0 180.0   5.0 450.0                            LAT/LON1/LON2/DLON/H
  226  225  217  211  202  193  189  185  184  184  185  187  182  174  162  154
  146  145  138  134  125  119  116  116  117  116  111  105   97   95   97   98
  103  106  107  108  104  101   97   93   93   91   89   86   85   85   88   94
  102  110  120  137  157  180  198  210  211  206  199  194  192  188  181  179
  182  185  194  196  196  211  229  229  226                                   
    27.5-180.0 180.0   5.0 450.0                            LAT/LON1/LON2/DLON/H
  252  253  245  238  228  220  213  207  203  199  200  196  190  178  165  152
  145  140  135  129  122  117  114  116  117  116  111  106  102  101  102  102
  104  106  106  106  103  100   96   92   91   87   86   81   80   79   82   87
   95  104  114  131  156  181  204  217  222  219  217  211  214  209  206  204
  207  208  219  216  213  229  247  251  252                                   
    25.0-180.0 180.0   5.0 450.0                            LAT/LON1/LON2/DLON/H
  277  279  279  269  260  247  240  230  224  218  213  210  198  186  166  153
  139  134  126  120  112  110  111  113  117  116  112  107  106  105  109  108
  109  111  109  110  105  102   97   91   89   84   82   77   76   74   78   83
   93  101  114  133  159  186  210  226  233  233  233  234  237  237  231  232
  229  235  239  238  230  248  265  270  277                                   
    22.5-180.0 180.0   5.0 450.0                            LAT/LON1/LON2/DLON/H
  305  314  315  309  299  286  276  260  251  241  234  225  213  192  171  151
  136  126  118  112  106  106  108  113  114  114  110  108  108  107  110  108
  111  111  111  109  106  101   97   91   89   82   80   74   72   71   74   80
   90  101  116  135  163  190  217  234  244  244  247  249  259  259  259  257
  259  261  271  261  254  269  284  292  305                                   
    20.0-180.0 180.0   5.0 450.0                            LAT/LON1/LON2/DLON/H
  335  347  358  353  348  333  320  299  282  267  255  245  228  208  180  158
  137  127  114  109  102  105  108  112  116  112  111  107  111  111  114  114
  114  115  113  112  106  101   96   89   87   79   78   71   73   70   75   78
   92  102  120  142  172  203  230  249  261  263  268  273  285  288  288  290
  288  294  298  293  282  300  312  316  335                                   
    17.5-180.0 180.0   5.0 450.0                            LAT/LON1/LON2/DLON/H
  360  376  391  395  396  386  372  347  322  297  283  268  251  225  197  168
  147  130  120  113  110  113  117  121  121  118  114  111  115  115  120  120
  122  121  120  116  111  104   99   93   88   83   78   74   74   72   73   77
   90  104  126  151  183  212  243  263  275  283  289  298  311  314  316  316
  318  321  331  321  317  326  337  344  360                                   
    15.0-180.0 180.0   5.0 450.0                            LAT/LON1/LON2/DLON/H
  395  407  424  426  434  429  420  397  369  338  313  293  274  248  217  190
  165  151  136  131  126  129  130  133  131  125  123  119  123  125  128  127
  128  125  122  117  111  105   99   92   89   84   83   80   82   76   78   78
   93  109  135  163  196  228  257  276  290  298  312  323  340  343  349  347
  352  354  362  357  348  360  373  379  395                                   
    12.5-180.0 180.0   5.0 450.0                            LAT/LON1/LON2/DLON/H
  423  431  439  445  454  452  449  431  407  376  346  322  300  273  243  212
  189  172  161  154  150  151  151  150  146  139  134  132  135  136  138  136
  134  129  124  116  109  102   96   91   87   86   84   84   83   77   74   76
   91  113  141  173  206  237  266  285  301  316  330  346  362  368  372  375
  381  392  400  400  396  407  410  415  423                                   
    10.0-180.0 180.0   5.0 450.0                            LAT/LON1/LON2/DLON/H
  453  451  456  452  464  464  464  452  435  408  382  353  330  303  272  243
  217  203  193  186  181  177  175  170  166  156  151  147  150  148  150  143
  142  133  126  117  111  104  103   98   99   93   94   90   91   80   77   74
   94  114  147  179  214  244  270  289  311  326  346  365  384  392  402  406
  417  424  439  439  443  445  452  446  453                                   
     7.5-180.0 180.0   5.0 450.0                            LAT/LON1/LON2/DLON/H
  463  463  456  458  463  465  467  460  446  425  403  380  354  329  301  273
  252  234  225  217  209  204  196  189  182  173  167  163  162  159  154  148
