data/unet/pred0850.15i
     1.0            IONOSPHERE MAPS     GNSS                IONEX VERSION / TYPE
pyspatialgeodesy        IME             05-JAN-18 20:20     PGM / RUN BY / DATE 
Map Name                                                    COMMENT             
Predicted global ionosphere maps (GIM).                     DESCRIPTION         
  2015     3    26     0     0     0                        EPOCH OF FIRST MAP  
  2015     3    27     0     0     0                        EPOCH OF LAST MAP   
  7200                                                      INTERVAL            
    13                                                      # OF MAPS IN FILE   
  NONE                                                      MAPPING FUNCTION    
10.0                                                        ELEVATION CUTOFF    
One-way carrier phase leveled to code                       OBSERVABLES USED    
  6371.0                                                    BASE RADIUS         
 2                                                          MAP DIMENSION       
   450.0 450.0   0.0                                        HGT1 / HGT2 / DHGT  
    87.5 -87.5  -2.5                                        LAT1 / LAT2 / DLAT  
  -180.0 180.0   5.0                                        LON1 / LON2 / DLON  
    -1                                                      EXPONENT            
                                                            END OF HEADER       
[from data line 1287]
     4                                                      START OF TEC MAP    
  2015     3    26     6     0     0                        EPOCH OF CURRENT MAP
    87.5-180.0 180.0   5.0 450.0                            LAT/LON1/LON2/DLON/H
  127  159  166  169  171  172  176  178  182  185  188  190  190  193  193  195
  194  196  195  197  195  196  194  193  190  189  185  183  180  178  176  175
  173  173  172  172  171  171  171  170  171  169  170  169  170  169  171  170
  172  171  172  171  172  171  171  171  171  171  170  171  170  170  168  168
  168  166  166  165  168  166  170  139  127                                   
    85.0-180.0 180.0   5.0 450.0                            LAT/LON1/LON2/DLON/H
  143  158  143  153  152  152  156  160  163  167  171  174  177  179  183  183
  186  185  189  186  189  183  186  179  180  173  173  167  166  162  161  159
  158  158  159  160  160  161  163  163  163  164  163  165  163  166  165  168
  167  169  167  170  167  169  168  169  167  167  166  165  164  163  161  160
  159  159  156  156  153  144  163  144  143                                   
    82.5-180.0 180.0   5.0 450.0                            LAT/LON1/LON2/DLON/H
  137  137  130  131  136  136  143  148  154  160  166  171  176  180  185  186
  190  189  192  189  189  185  184  179  176  170  168  164  161  159  157  157
  156  158  160  161  163  164  168  168  170  170  173  171  175  172  177  174
  179  176  181  177  181  178  181  177  178  176  174  171  169  166  162  158
  155  151  148  143  140  133  142  126  137                                   
    80.0-180.0 180.0   5.0 450.0                            LAT/LON1/LON2/DLON/H
  136  132  114  115  117  119  126  132  140  148  155  161  167  170  176  177
  181  180  182  177  177  169  169  159  158  148  148  140  142  137  142  139
  145  145  151  154  159  162  166  170  170  174  173  178  177  182  181  185
  186  190  194  195  200  200  204  201  203  199  198  193  191  183  179  172
  169  162  157  151  145  132  136  123  136                                   
    77.5-180.0 180.0   5.0 450.0                            LAT/LON1/LON2/DLON/H
  131  122  108  107  107  111  114  121  126  136  142  149  152  158  160  163
  163  163  162  159  155  151  145  139  132  128  123  121  117  118  117  122
  123  133  138  149  153  163  166  173  173  179  180  186  187  193  195  202
  205  211  216  223  226  231  232  235  233  233  229  227  223  216  207  198
  192  184  178  169  159  145  142  125  131                                   
    75.0-180.0 180.0   5.0 450.0                            LAT/LON1/LON2/DLON/H
  140  129  111  105  102  103  106  110  117  122  131  134  139  141  143  144
  144  143  143  140  137  131  129  120  118  107  107   97   99   94  100  100
  109  114  124  134  143  152  161  167  173  178  183  189  194  200  207  214
  222  231  240  249  254  258  262  262  263  260  258  253  251  243  237  228
  221  211  202  190  178  165  158  137  140                                   
    72.5-180.0 180.0   5.0 450.0                            LAT/LON1/LON2/DLON/H
  150  137  119  110  103  101  101  104  107  113  116  120  121  124  124  124
  124  123  122  120  118  114  111  105   99   94   88   85   81   83   84   92
   97  109  117  131  139  152  159  169  174  181  187  195  201  212  219  231
  240  253  263  274  279  285  287  290  289  287  281  276  269  262  251  244
  237  231  223  215  202  186  177  153  150                                   
    70.0-180.0 180.0   5.0 450.0                            LAT/LON1/LON2/DLON/H
  166  153  135  118  108  102  102  101  105  106  111  110  111  108  108  105
  105  102  105  103  106  103  105   99  100   91   91   81   82   75   82   81
   93  100  112  121  133  142  153  160  169  174  184  190  202  211  225  236
  250  262  275  286  294  300  304  306  306  302  296  289  282  272  260  251
  245  240  234  230  219  208  195  177  166                                   
    67.5-180.0 180.0   5.0 450.0                            LAT/LON1/LON2/DLON/H
  175  163  142  126  109  103   98   97   97   99  101  101   99   97   94   91
   89   88   89   92   93   95   97   97   95   92   87   83   78   77   75   80
   86   96  104  116  124  135  142  152  159  169  175  189  198  215  226  244
  254  270  281  294  301  308  310  314  311  308  299  292  284  276  261  253
  245  242  238  235  227  218  206  190  175                                   
    65.0-180.0 180.0   5.0 450.0                            LAT/LON1/LON2/DLON/H
  184  175  152  131  115  104  100   95   98   97  102   98   98   91   90   82
   83   79   84   85   92   96  102  104  105  102  100   93   89   82   82   80
   86   90   98  108  116  125  134  142  152  159  172  184  201  217  234  248
  264  278  292  303  310  315  315  316  312  306  297  288  279  268  257  247
  240  236  234  233  227  225  213  204  184                                   
    62.5-180.0 180.0   5.0 450.0                            LAT/LON1/LON2/DLON/H
  190  177  157  136  115  104   95   91   90   92   95   94   92   88   84   80
   76   76   78   83   88   94   99  101  104  102   99   95   87   82   75   74
   76   81   87   96  104  114  121  134  141  155  164  181  197  218  235  255
  270  286  299  310  318  320  321  320  314  309  296  288  276  267  254  243
  235  231  228  228  225  221  214  208  190                                   
    60.0-180.0 180.0   5.0 450.0                            LAT/LON1/LON2/DLON/H
  195  184  161  141  119  105   95   89   89   89   94   92   94   87   87   78
   80   74   80   81   91   93  103  103  109  107  106  101   95   88   78   75
   71   75   78   88   96  105  113  125  138  149  164  177  200  219  240  258
  278  294  307  320  325  329  327  326  319  313  302  293  284  271  259  245
  237  228  227  224  225  222  214  213  195                                   
    57.5-180.0 180.0   5.0 450.0                            LAT/LON1/LON2/DLON/H
  204  184  169  147  123  106   92   83   79   79   83   84   87   84   82   79
   77   77   78   83   87   91   95   97  100  100  100   97   90   82   71   64
   62   62   70   79   89   99  108  122  135  152  165  183  202  227  246  266
  284  301  316  328  338  341  341  338  332  327  319  313  303  292  276  262
  247  239  232  231  228  223  216  215  204                                   
    55.0-180.0 180.0   5.0 450.0                            LAT/LON1/LON2/DLON/H
  215  198  179  161  139  118  101   89   79   78   79   82   85   84   86   81
   83   80   84   84   89   88   93   92   97   96   98   95   90   83   72   66
   59   63   66   78   88   99  110  125  139  156  173  190  214  237  257  277
  295  315  329  345  352  360  356  358  350  351  343  341  333  321  307  289
  274  259  251  243  241  235  228  227  215                                   
    52.5-180.0 180.0   5.0 450.0                            LAT/LON1/LON2/DLON/H
  239  214  205  181  159  138  115   96   82   74   73   74   79   79   82   80
   81   82   82   86   85   88   86   87   86   90   90   91   86   79   72   63
   61   61   70   80   93  105  117  135  148  169  184  208  231  255  273  292
  311  329  347  362  371  376  376  376  372  373  370  367  364  353  339  321
  303  289  275  266  262  253  245  242  239                                   
    50.0-180.0 180.0   5.0 450.0                            LAT/LON1/LON2/DLON/H
  264  245  234  211  189  170  147  121  100   88   78   78   80   81   84   84
   86   87   89   90   91   89   89   86   90   90   93   93   90   84   76   68
   65   67   77   89  103  118  132  148  164  180  202  228  255  274  293  311
  330  352  367  385  391  399  394  399  392  397  391  392  387  378  365  348
  331  316  301  292  283  272  261  258  264                                   
    47.5-180.0 180.0   5.0 450.0                            LAT/LON1/LON2/DLON/H
  281  267  263  246  228  205  180  151  121  101   87   79   79   77   81   80
   84   86   88   94   91   96   89   95   91   98   95   98   93   87   79   71
   72   74   87  101  117  135  149  165  177  198  220  252  276  295  313  331
  351  370  388  403  409  414  409  411  406  408  403  401  396  387  376  362
  346  335  320  313  304  291  275  272  281                                   
    45.0-180.0 180.0   5.0 450.0                            LAT/LON1/LON2/DLON/H
  290  280  277  270  260  239  212  182  150  125  106   94   90   87   89   88
   90   93   98  104  106  108  107  108  110  112  112  110  105   97   90   82
   82   84   99  112  132  149  166  178  194  214  244  273  297  313  333  352
  370  390  406  423  425  432  424  427  418  417  406  402  393  386  372  363
  346  340  326  324  314  302  290  283  290                                   
    42.5-180.0 180.0   5.0 450.0                            LAT/LON1/LON2/DLON/H
  281  273  275  274  271  256  233  203  173  144  122  107   98   92   91   87
   89   94   98  110  111  122  118  129  125  131  124  123  111  104   94   88
   88   92  106  122  143  164  179  195  211  234  264  292  314  332  353  371
  389  406  422  437  439  445  436  436  426  418  404  394  385  376  366  357
  346  339  328  324  318  308  292  284  281                                   
    40.0-180.0 180.0   5.0 450.0                            LAT/LON1/LON2/DLON/H
  265  255  252  252  254  245  231  207  184  157  139  124  117  109  107  103
  105  107  114  123  131  139  141  148  148  149  142  135  123  112  104   96
   97   97  110  124  149  172  191  209  229  253  283  306  331  349  371  387
  405  421  436  452  453  461  452  451  440  428  410  396  383  374  362  353
  342  332  321  318  311  299  290  279  265                                   
    37.5-180.0 180.0   5.0 450.0                            LAT/LON1/LON2/DLON/H
  239  221  211  208  211  210  203  192  176  160  145  135  127  120  116  111
  109  112  116  131  137  151  154  163  162  162  151  141  125  115  105   99
   97   99  108  123  146  175  199  221  243  270  298  322  346  365  386  401
  418  432  445  460  463  475  469  471  459  450  431  416  401  387  375  363
  350  336  325  316  308  299  282  272  239                                   
    35.0-180.0 180.0   5.0 450.0                            LAT/LON1/LON2/DLON/H
  224  200  176  165  163  162  164  163  158  152  146  141  139  135  134  129
  128  128  133  144  150  162  165  173  172  171  157  147  129  120  109  104
  100   98  104  117  140  173  201  229  252  281  310  334  359  377  398  413
  429  443  457  474  483  501  504  509  502  492  481  465  451  432  418  400
  385  365  346  329  318  305  293  279  224                                   
    32.5-180.0 180.0   5.0 450.0                            LAT/LON1/LON2/DLON/H
  241  200  171  148  133  126  125  129  131  134  135  138  141  142  141  140
  135  137  139  150  156  166  168  174  175  172  161  150  136  125  118  113
  108  103  106  116  138  170  208  238  263  291  322  348  372  391  411  426
  443  458  476  498  515  543  554  570  569  561  555  537  529  505  492  471
  453  429  403  373  354  336  315  304  241                                   
    30.0-180.0 180.0   5.0 450.0                            LAT/LON1/LON2/DLON/H
  297  236  197  164  138  119  108  108  111  120  125  134  141  148  149  151
  150  150  152  160  163  170  170  175  176  178  167  163  149  145  134  135
  125  124  116  121  136  169  208  247  270  296  328  354  378  396  415  432
  453  476  500  534  560  601  626  645  652  655  653  643  636  610  591  564
  540  506  479  448  423  407  376  363  297                                   
    27.5-180.0 180.0   5.0 450.0                            LAT/LON1/LON2/DLON/H
  376  303  256  206  167  140  122  107  109  111  120  129  137  147  152  156
  156  157  160  164  167  170  171  176  179  187  183  181  164  155  149  140
  131  121  119  123  151  174  218  252  280  302  328  357  378  399  418  441
  470  502  536  574  614  661  694  721  733  734  735  726  722  699  691  665
  649  614  579  531  503  487  461  436  376                                   
    25.0-180.0 180.0   5.0 450.0                            LAT/LON1/LON2/DLON/H
  468  418  357  295  238  202  170  153  137  132  128  138  138  149  151  160
  160  164  165  171  171  177  177  188  193  213  214  207  194  183  166  160
  147  138  123  128  148  184  218  256  282  305  330  356  380  406  431  463
  498  540  581  628  673  720  751  781  797  807  803  807  802  796  779  761
  742  706  681  638  596  583  564  533  468                                   
    22.5-180.0 180.0   5.0 450.0                            LAT/LON1/LON2/DLON/H
  575  522  485  427  360  299  246  214  192  174  162  154  151  155  157  165
  168  174  176  181  185  191  195  208  221  245  239  232  218  194  175  168
  156  145  130  124  145  186  218  252  282  307  334  363  388  411  436  470
  510  560  620  676  718  763  793  821  838  852  856  864  864  861  852  838
  820  791  760  725  691  673  669  636  575                                   
    20.0-180.0 180.0   5.0 450.0                            LAT/LON1/LON2/DLON/H
  672  640  594  540  488  443  375  323  270  247  214  206  183  182  166  176
  171  183  180  193  194  211  218  246  264  287  280  275  252  219  196  183
  169  158  137  132  147  188  214  248  279  310  343  379  401  428  451  491
  536  594  660  699  744  781  808  836  848  869  878  897  901  908  903  897
  886  856  828  790  758  761  760  742  672                                   
    17.5-180.0 180.0   5.0 450.0                            LAT/LON1/LON2/DLON/H
  757  748  711  644  594  548  498  446  389  332  284  255  229  212  199  197
  195  201  202  213  218  235  254  288  307  310  307  285  261  223  197  182
  168  152  131  122  142  177  208  238  275  311  349  381  408  435  462  508
  562  631  680  729  755  794  811  832  838  858  873  892  906  918  921  927
  921  905  881  857  833  838  831  817  757                                   
    15.0-180.0 180.0   5.0 450.0                            LAT/LON1/LON2/DLON/H
  809  828  778  743  695  648  599  550  495  447  381  337  284  267  233  238
  223  242  234  256  252  282  303  344  351  350  339  319  283  246  215  192
  172  148  127  120  144  178  205  239  275  312  354  388  417  443  476  528
  590  652  692  723  748  776  783  802  798  820  832  857  878  893  911  915
  917  907  896  881  871  879  870  852  809                                   
    12.5-180.0 180.0   5.0 450.0                            LAT/LON1/LON2/DLON/H
  819  843  803  776  750  709  668  621  575  518  464  414  354  324  289  280
  272  274  281  290  298  313  335  360  365  348  337  318  281  250  215  193
  165  137  120  119  139  173  200  233  271  308  355  394  424  452  488  546
  607  664  689  719  730  751  755  763  757  771  787  819  840  860  876  883
  889  892  885  882  879  887  877  853  819                                   
    10.0-180.0 180.0   5.0 450.0                            LAT/LON1/LON2/DLON/H
  803  822  773  759  738  719  690  650  611  566  522  483  431  393  339  344
  316  331  320  336  332  352  369  379  389  368  348  324  284  247  210  175
  147  116  109  115  143  170  200  234  269  305  350  391  426  455  496  555
  611  654  680  698  710  717  719  717  715  725  751  781  808  822  836  837
  855  854  866  858  866  869  857  821  803                                   
     7.5-180.0 180.0   5.0 450.0                            LAT/LON1/LON2/DLON/H
  777  789  745  729  715  699  686  655  629  592  567  529  492  450  404  392
  369  364  353  348  350  351  361  363  371  358  329  302  268  230  189  159
