data/unet/pred1220.15i
     1.0            IONOSPHERE MAPS     GNSS                IONEX VERSION / TYPE
pyspatialgeodesy        IME             05-JAN-18 20:20     PGM / RUN BY / DATE 
Map Name                                                    COMMENT             
Predicted global ionosphere maps (GIM).                     DESCRIPTION         
  2015     5     2     0     0     0                        EPOCH OF FIRST MAP  
  2015     5     3     0     0     0                        EPOCH OF LAST MAP   
  7200                                                      INTERVAL            
    13                                                      # OF MAPS IN FILE   
  NONE                                                      MAPPING FUNCTION    
10.0                                                        ELEVATION CUTOFF    
One-way carrier phase leveled to code                       OBSERVABLES USED    
  6371.0                                                    BASE RADIUS         
 2                                                          MAP DIMENSION       
   450.0 450.0   0.0                                        HGT1 / HGT2 / DHGT  
    87.5 -87.5  -2.5                                        LAT1 / LAT2 / DLAT  
  -180.0 180.0   5.0                                        LON1 / LON2 / DLON  
    -1                                                      EXPONENT            
                                                            END OF HEADER       
[from data line 3432]
     9                                                      START OF TEC MAP    
  2015     5     2    16     0     0                        EPOCH OF CURRENT MAP
    87.5-180.0 180.0   5.0 450.0                            LAT/LON1/LON2/DLON/H
  187  196  197  198  201  197  199  198  200  199  200  199  201  200  200  199
  200  198  199  198  199  197  198  196  197  195  194  192  191  188  187  184
  183  180  179  177  177  174  175  173  175  173  175  175  177  176  178  178
  181  179  182  181  185  182  186  184  188  186  189  188  191  189  192  190
  193  192  195  192  194  191  195  197  187                                   
    85.0-180.0 180.0   5.0 450.0                            LAT/LON1/LON2/DLON/H
  180  188  193  196  199  196  199  197  201  199  202  200  203  201  202  201
  203  201  202  200  202  200  201  198  199  195  196  192  192  186  186  181
  181  175  176  171  173  168  169  166  167  165  166  165  168  167  170  170
  173  173  174  175  178  178  178  180  181  182  183  184  186  186  187  187
  189  189  192  192  192  189  187  185  180                                   
    82.5-180.0 180.0   5.0 450.0                            LAT/LON1/LON2/DLON/H
  182  186  186  185  186  184  187  187  190  190  191  192  193  193  194  194
  196  195  196  196  197  196  197  196  196  194  193  191  188  186  182  180
  176  174  170  169  165  164  161  160  158  159  157  159  158  161  161  164
  164  167  167  169  170  172  172  174  175  178  178  180  181  182  183  184
  184  186  186  187  187  179  183  171  182                                   
    80.0-180.0 180.0   5.0 450.0                            LAT/LON1/LON2/DLON/H
  168  171  170  173  174  175  175  178  178  182  181  185  184  188  186  190
  189  190  190  192  193  194  194  195  193  193  190  190  188  185  182  181
  176  174  169  169  164  163  158  158  155  155  153  155  154  157  157  160
  160  163  163  167  167  169  170  171  173  174  175  176  177  178  177  178
  177  177  177  177  176  174  170  166  168                                   
    77.5-180.0 180.0   5.0 450.0                            LAT/LON1/LON2/DLON/H
  157  159  159  161  162  162  164  165  166  168  169  172  174  176  177  179
  181  181  183  186  188  189  191  193  195  192  192  190  188  185  182  179
  176  172  170  167  163  160  157  157  155  154  154  155  155  157  157  160
  160  163  163  166  166  168  168  170  170  171  171  172  171  171  170  170
  168  168  167  166  164  159  157  153  157                                   
    75.0-180.0 180.0   5.0 450.0                            LAT/LON1/LON2/DLON/H
  148  151  154  156  160  160  161  161  162  164  165  169  170  172  173  177
  179  180  183  186  190  193  196  199  201  202  200  198  196  194  191  188
  184  181  176  174  169  167  163  163  160  161  160  161  161  163  163  165
  165  167  167  168  168  170  170  170  170  170  170  170  170  170  170  169
  168  166  166  162  162  158  155  150  148                                   
    72.5-180.0 180.0   5.0 450.0                            LAT/LON1/LON2/DLON/H
  145  149  154  156  158  157  160  159  161  162  162  165  167  169  172  174
  176  176  178  182  185  188  194  197  201  203  206  204  204  200  198  195
  191  187  183  180  176  173  170  168  166  167  166  168  167  170  169  171
  168  171  168  170  167  169  166  167  164  165  163  164  162  164  162  163
  160  159  158  156  153  149  152  142  145                                   
    70.0-180.0 180.0   5.0 450.0                            LAT/LON1/LON2/DLON/H
  142  148  153  156  163  162  167  166  169  167  168  170  171  173  175  177
  179  179  182  185  189  193  196  201  204  209  210  211  210  208  206  202
  200  195  192  188  184  181  179  178  176  176  177  177  177  178  177  177
  175  174  172  171  168  168  165  165  162  162  160  160  160  160  161  158
  158  155  155  153  153  151  152  144  142                                   
    67.5-180.0 180.0   5.0 450.0                            LAT/LON1/LON2/DLON/H
  141  149  154  159  162  164  169  170  173  173  175  176  178  179  181  181
  182  180  182  184  188  190  195  199  204  208  212  211  213  209  209  207
  205  202  198  195  191  189  185  185  182  184  182  184  180  183  180  180
  175  174  169  167  162  161  157  157  153  154  151  153  151  152  149  149
  146  145  144  142  142  142  148  138  141                                   
    65.0-180.0 180.0   5.0 450.0                            LAT/LON1/LON2/DLON/H
  135  145  151  157  165  167  172  173  178  178  182  182  185  185  187  186
  188  186  188  190  193  197  199  204  206  211  212  215  215  214  214  213
  212  208  206  201  199  194  192  189  189  187  188  186  186  184  183  178
  176  172  167  162  159  156  153  151  149  148  148  146  146  144  142  139
  136  133  133  130  131  133  137  135  135                                   
    62.5-180.0 180.0   5.0 450.0                            LAT/LON1/LON2/DLON/H
  126  137  144  154  160  164  170  172  179  180  185  187  191  191  191  192
  191  190  191  192  194  196  200  202  206  207  211  212  216  215  218  218
  218  215  212  209  204  200  195  193  190  191  188  190  185  186  180  178
  171  168  161  159  152  151  145  145  141  142  139  140  136  135  131  127
  121  119  116  116  115  118  124  122  126                                   
    60.0-180.0 180.0   5.0 450.0                            LAT/LON1/LON2/DLON/H
  116  127  134  144  155  161  168  170  177  179  185  187  191  192  194  194
  194  193  193  194  194  197  197  200  201  205  207  211  214  217  220  222
  224  222  220  216  212  206  203  198  197  194  193  191  189  185  182  176
  172  166  161  155  151  148  145  143  143  141  141  137  136  130  126  120
  115  111  108  106  104  105  109  113  116                                   
    57.5-180.0 180.0   5.0 450.0                            LAT/LON1/LON2/DLON/H
  108  117  122  136  144  152  160  165  173  177  184  187  192  193  195  197
  196  195  194  194  193  194  195  196  198  198  204  208  214  218  224  226
  229  227  226  222  217  212  208  205  202  201  199  200  194  193  185  182
  173  169  161  158  151  149  145  146  144  145  143  142  138  134  126  120
  112  109  103  101   95   95   98  102  108                                   
    55.0-180.0 180.0   5.0 450.0                            LAT/LON1/LON2/DLON/H
  103  111  117  128  139  147  154  159  168  173  180  183  188  189  192  193
  195  193  192  191  188  189  189  193  194  198  202  209  215  223  230  234
  236  236  234  231  226  220  217  213  212  210  209  207  204  199  194  189
  183  178  172  166  160  156  153  153  154  154  154  151  148  142  136  127
  121  115  110  106  101   98  102  101  103                                   
    52.5-180.0 180.0   5.0 450.0                            LAT/LON1/LON2/DLON/H
  105  111  113  129  137  147  154  161  169  176  182  187  190  192  194  197
  197  197  194  194  190  191  192  196  199  200  208  214  222  229  237  241
  244  242  240  237  234  229  228  225  225  224  223  221  216  212  204  200
  192  189  182  178  171  168  164  167  166  169  167  168  162  158  148  143
  132  127  120  115  109  103  105  104  105                                   
    50.0-180.0 180.0   5.0 450.0                            LAT/LON1/LON2/DLON/H
  116  119  125  135  145  155  163  167  174  180  186  188  191  191  195  196
  198  198  196  194  191  192  193  198  201  208  215  224  231  241  248  252
  254  253  251  250  246  244  242  240  239  238  237  234  230  224  218  212
  206  202  196  191  184  181  178  179  182  185  185  185  181  177  168  161
  154  146  142  136  131  122  126  119  116                                   
    47.5-180.0 180.0   5.0 450.0                            LAT/LON1/LON2/DLON/H
  132  135  136  149  154  163  171  178  185  191  193  196  195  198  198  205
  203  208  204  206  201  205  205  212  215  221  227  234  242  251  257  262
  262  261  260  260  259  258  258  256  254  252  250  248  241  237  230  224
  216  213  206  200  193  190  188  189  190  194  193  195  190  189  180  176
  165  162  154  153  145  139  139  135  132                                   
    45.0-180.0 180.0   5.0 450.0                            LAT/LON1/LON2/DLON/H
  148  149  154  161  170  178  189  194  202  205  208  206  206  206  207  210
  212  215  212  212  209  213  214  223  227  236  240  250  256  264  270  275
  274  278  278  281  281  280  277  276  271  268  262  259  252  247  239  232
  225  220  213  206  199  194  192  191  194  195  197  198  197  196  192  189
  184  177  175  171  167  160  161  154  148                                   
    42.5-180.0 180.0   5.0 450.0                            LAT/LON1/LON2/DLON/H
  160  163  166  176  181  191  200  209  217  221  221  221  216  218  216  224
  225  230  228  231  229  234  236  247  250  257  262  267  271  277  284  290
  291  295  297  302  302  300  297  293  286  282  275  272  262  257  247  239
  230  224  217  209  200  195  191  190  190  191  193  194  194  195  194  192
  186  184  178  180  173  171  171  167  160                                   
    40.0-180.0 180.0   5.0 450.0                            LAT/LON1/LON2/DLON/H
  165  167  170  176  186  195  211  218  231  234  238  236  234  234  234  239
  240  246  243  246  244  251  255  266  270  279  281  288  293  300  308  317
  320  326  331  334  334  327  320  312  302  295  287  283  275  266  257  248
  238  230  222  212  203  194  190  186  187  186  186  187  188  190  193  190
  191  185  185  183  181  177  175  172  165                                   
    37.5-180.0 180.0   5.0 450.0                            LAT/LON1/LON2/DLON/H
  163  162  167  174  182  195  211  224  237  245  248  250  247  248  247  255
  256  262  259  263  264  273  278  290  295  301  307  312  320  329  341  351
  360  363  368  370  367  359  347  336  322  315  306  302  291  283  273  262
  251  240  232  219  211  201  197  190  189  181  184  178  185  182  188  185
  184  179  174  174  169  171  168  171  163                                   
    35.0-180.0 180.0   5.0 450.0                            LAT/LON1/LON2/DLON/H
  155  151  152  158  170  185  202  221  237  250  259  264  265  266  267  273
  273  279  276  281  283  293  298  309  313  323  328  338  347  360  375  392
  404  416  420  423  415  403  381  364  348  338  328  323  313  306  295  283
  271  260  253  241  233  223  219  210  205  197  194  186  189  187  193  191
  192  183  178  171  167  160  159  159  155                                   
    32.5-180.0 180.0   5.0 450.0                            LAT/LON1/LON2/DLON/H
  142  132  135  141  152  171  190  214  235  252  265  274  277  281  283  289
  288  293  291  298  302  313  319  331  337  348  356  369  383  408  427  455
  471  486  487  487  471  454  425  406  384  376  362  361  348  345  331  323
  305  287  276  263  259  253  254  250  244  233  224  214  211  205  204  201
  197  188  180  165  156  153  143  145  142                                   
    30.0-180.0 180.0   5.0 450.0                            LAT/LON1/LON2/DLON/H
  137  126  125  125  132  153  174  205  228  254  267  282  287  294  298  303
  304  309  311  320  326  337  342  355  361  375  386  408  429  462  488  517
  531  549  547  544  518  500  464  444  423  416  408  405  385  374  354  342
  320  313  296  293  284  283  277  274  268  263  253  248  238  241  245  246
  237  223  208  190  176  168  150  137  137                                   
    27.5-180.0 180.0   5.0 450.0                            LAT/LON1/LON2/DLON/H
  126  135  130  126  129  146  163  198  227  253  272  290  300  308  310  320
  319  327  331  343  351  364  369  382  389  405  423  451  485  518  549  573
  589  600  599  591  565  540  510  491  473  469  452  440  423  411  393  379
  361  350  337  336  332  334  328  329  320  318  302  297  278  280  267  276
  260  257  239  215  191  172  156  142  126                                   
    25.0-180.0 180.0   5.0 450.0                            LAT/LON1/LON2/DLON/H
  118  134  136  132  136  145  166  191  218  249  271  294  305  318  323  331
  335  346  355  368  379  387  393  404  417  437  464  499  536  570  598  622
  636  644  642  628  597  569  536  521  507  494  474  466  449  440  413  401
  377  373  357  364  358  367  365  370  366  367  358  354  342  338  326  326
  309  302  276  258  224  201  180  155  118                                   
    22.5-180.0 180.0   5.0 450.0                            LAT/LON1/LON2/DLON/H
  129  156  153  146  144  158  173  198  218  246  271  295  313  329  337  351
  354  370  379  396  403  412  414  427  444  471  509  540  576  603  634  653
  668  668  663  648  617  590  565  552  539  524  511  490  471  445  426  403
  387  373  365  369  372  385  390  400  401  410  405  411  400  398  380  374
  354  348  325  306  270  247  209  179  129                                   
    20.0-180.0 180.0   5.0 450.0                            LAT/LON1/LON2/DLON/H
  156  178  169  155  152  158  175  202  232  247  270  291  313  332  347  363
  373  390  405  418  428  429  438  453  484  515  558  580  615  633  657  669
  676  675  662  647  615  593  571  567  554  547  523  501  474  446  419  397
  378  366  360  365  378  394  409  417  430  439  445  449  444  439  422  411
  393  379  359  335  299  275  250  202  156                                   
    17.5-180.0 180.0   5.0 450.0                            LAT/LON1/LON2/DLON/H
  185  200  188  174  161  162  175  201  228  249  267  289  309  331  349  371
  387  410  425  441  448  451  463  486  526  561  603  626  652  665  679  682
  680  672  656  641  619  598  586  584  584  573  551  520  490  448  418  387
  372  357  356  362  371  387  397  412  421  440  445  455  450  443  421  408
  390  382  361  351  313  291  268  222  185                                   
    15.0-180.0 180.0   5.0 450.0                            LAT/LON1/LON2/DLON/H
  199  214  196  171  160  159  165  190  221  245  270  287  310  327  350  375
  401  424  442  456  467  470  491  521  569  602  639  657  678  682  694  688
  679  665  646  636  612  599  586  592  589  588  558  526  481  439  402  374
  360  348  350  353  369  375  389  398  405  419  424  433  428  422  400  389
  371  362  351  341  316  295  276  233  199                                   
    12.5-180.0 180.0   5.0 450.0                            LAT/LON1/LON2/DLON/H
  198  212  196  176  160  157  162  183  218  243  264  290  306  331  350  375
  405  427  445  465  478  487  514  555  603  638  669  685  697  701  700  691
  674  658  643  632  619  608  602  606  609  600  574  534  492  447  410  384
  373  367  368  370  375  376  376  379  379  386  384  386  380  373  354  339
  324  321  314  313  292  281  265  228  198                                   
    10.0-180.0 180.0   5.0 450.0                            LAT/LON1/LON2/DLON/H
  192  195  184  158  148  143  153  175  216  245  270  291  311  331  357  378
  406  432  448  472  488  502  535  574  627  653  675  684  694  690  684  668
  651  638  628  627  615  613  605  614  606  602  564  534  479  442  409  391
  387  382  387  384  388  384  381  375  367  362  346  343  329  323  305  294
  278  274  274  269  264  252  248  217  192                                   
     7.5-180.0 180.0   5.0 450.0                            LAT/LON1/LON2/DLON/H
  183  174  170  156  149  144  155  175  212  242  265  291  309  334  356  380
  402  428  444  470  484  511  547  594  637  660  675  681  681  676  665  649
