data/unet/pred1260.15i
     1.0            IONOSPHERE MAPS     GNSS                IONEX VERSION / TYPE
pyspatialgeodesy        IME             05-JAN-18 20:20     PGM / RUN BY / DATE 
Map Name                                                    COMMENT             
Predicted global ionosphere maps (GIM).                     DESCRIPTION         
  2015     5     6     0     0     0                        EPOCH OF FIRST MAP  
  2015     5     7     0     0     0                        EPOCH OF LAST MAP   
  7200                                                      INTERVAL            
    13                                                      # OF MAPS IN FILE   
  NONE                                                      MAPPING FUNCTION    
10.0                                                        ELEVATION CUTOFF    
One-way carrier phase leveled to code                       OBSERVABLES USED    
  6371.0                                                    BASE RADIUS         
 2                                                          MAP DIMENSION       
   450.0 450.0   0.0                                        HGT1 / HGT2 / DHGT  
    87.5 -87.5  -2.5                                        LAT1 / LAT2 / DLAT  
  -180.0 180.0   5.0                                        LON1 / LON2 / DLON  
    -1                                                      EXPONENT            
                                                            END OF HEADER       
[from data line 4719]
    12                                                      START OF TEC MAP    
  2015     5     6    22     0     0                        EPOCH OF CURRENT MAP
    87.5-180.0 180.0   5.0 450.0                            LAT/LON1/LON2/DLON/H
  201  176  167  169  168  168  168  168  168  167  167  165  166  164  164  163
  162  160  160  157  157  154  154  151  151  149  149  147  147  146  146  145
  146  145  145  144  145  144  145  144  146  145  147  146  148  147  149  149
  151  151  152  152  153  154  155  155  156  157  158  159  159  160  160  161
  162  162  163  163  163  163  168  186  201                                   
    85.0-180.0 180.0   5.0 450.0                            LAT/LON1/LON2/DLON/H
  173  174  174  179  177  178  176  178  176  177  176  176  175  175  174  173
  172  170  168  167  164  162  159  158  154  153  149  148  145  145  141  142
  139  140  138  139  138  139  138  140  140  143  143  146  146  149  150  152
  153  156  156  159  159  162  162  165  165  167  167  170  169  171  169  172
  170  173  171  172  171  172  171  184  173                                   
    82.5-180.0 180.0   5.0 450.0                            LAT/LON1/LON2/DLON/H
  169  174  173  178  176  179  178  182  181  184  182  185  183  186  183  184
  181  181  177  176  171  169  165  161  158  154  151  147  144  141  139  136
  135  133  132  132  132  132  132  134  134  137  138  141  143  146  148  152
  153  157  158  162  163  167  167  171  170  174  172  176  174  177  173  176
  172  175  171  173  168  170  167  177  169                                   
    80.0-180.0 180.0   5.0 450.0                            LAT/LON1/LON2/DLON/H
  171  172  171  174  176  179  182  185  186  189  189  192  193  194  194  193
  191  188  185  181  178  172  168  162  159  153  150  144  143  137  136  132
  131  129  129  127  128  127  128  129  131  133  135  138  141  143  146  149
  152  155  158  161  163  166  168  171  171  174  174  175  175  176  174  174
  172  172  170  168  165  165  160  165  171                                   
    77.5-180.0 180.0   5.0 450.0                            LAT/LON1/LON2/DLON/H
  166  168  164  167  171  174  179  183  187  191  194  197  200  201  202  201
  200  197  195  190  187  181  177  171  167  161  157  152  149  144  142  139
  138  135  135  133  133  132  133  132  134  134  137  138  141  142  146  147
  151  153  157  159  162  164  167  168  170  171  173  173  173  172  172  169
  169  166  165  160  158  156  152  156  166                                   
    75.0-180.0 180.0   5.0 450.0                            LAT/LON1/LON2/DLON/H
  163  163  162  163  168  172  178  182  188  192  197  200  204  206  208  208
  207  205  203  200  197  192  187  182  176  171  165  161  157  153  150  148
  146  144  143  141  140  139  138  137  138  137  138  138  141  141  143  144
  147  149  151  153  155  157  159  161  162  164  165  166  166  166  165  164
  163  161  159  154  153  150  149  155  163                                   
    72.5-180.0 180.0   5.0 450.0                            LAT/LON1/LON2/DLON/H
  164  165  162  164  168  172  178  184  190  195  201  204  209  210  212  210
  211  207  206  202  200  195  192  186  183  176  173  167  165  160  159  156
  155  152  152  149  148  145  145  142  142  140  139  138  138  138  139  140
  141  142  144  144  146  147  149  151  153  155  158  160  161  161  161  160
  159  158  158  154  152  151  149  159  164                                   
    70.0-180.0 180.0   5.0 450.0                            LAT/LON1/LON2/DLON/H
  171  173  170  170  174  177  183  188  195  200  206  211  215  216  217  215
  213  211  208  206  204  200  196  192  187  182  176  172  168  165  162  160
  159  157  156  154  153  149  148  145  144  140  140  136  137  134  135  132
  134  132  134  132  134  134  137  138  143  145  149  151  155  155  157  157
  158  158  159  158  158  158  158  169  171                                   
    67.5-180.0 180.0   5.0 450.0                            LAT/LON1/LON2/DLON/H
  183  184  181  179  180  182  187  192  198  204  210  214  219  219  220  216
  215  210  209  205  204  200  198  192  188  181  177  170  168  164  164  162
  162  160  159  156  154  150  148  145  143  140  137  134  131  129  127  125
  123  123  120  120  119  121  123  126  131  135  141  145  151  153  156  158
  160  162  165  165  168  170  170  182  183                                   
    65.0-180.0 180.0   5.0 450.0                            LAT/LON1/LON2/DLON/H
  198  200  198  196  194  194  196  199  204  208  214  218  222  223  224  222
  219  216  214  211  208  205  200  196  189  183  176  172  167  165  164  164
  163  160  159  155  153  148  147  142  141  137  135  130  128  123  121  116
  115  111  111  108  109  110  114  117  124  129  137  143  150  153  158  160
  163  166  171  172  179  181  183  196  198                                   
    62.5-180.0 180.0   5.0 450.0                            LAT/LON1/LON2/DLON/H
  214  217  215  210  207  204  204  204  207  210  215  219  224  226  227  226
  224  221  218  215  211  206  202  196  189  180  175  168  167  164  166  164
  165  161  159  154  150  145  143  140  137  135  131  128  123  120  114  111
  108  106  104  103  104  105  109  114  121  129  138  146  153  159  162  165
  167  170  175  179  186  192  194  208  214                                   
    60.0-180.0 180.0   5.0 450.0                            LAT/LON1/LON2/DLON/H
  228  229  229  224  220  216  214  212  214  215  218  221  226  229  232  232
  231  229  225  222  218  215  207  203  194  187  180  176  174  173  174  174
  173  167  162  155  150  144  142  139  138  135  132  127  123  116  112  106
  105  101  101  100  102  105  110  117  125  134  144  154  162  167  171  172
  174  176  181  183  192  197  201  216  228                                   
    57.5-180.0 180.0   5.0 450.0                            LAT/LON1/LON2/DLON/H
  237  239  239  234  230  225  222  218  217  216  218  220  226  230  234  235
  235  232  228  225  221  217  212  207  199  192  187  183  183  183  187  185
  184  176  170  160  153  147  145  144  142  141  137  133  125  120  112  108
  104  103  101  102  104  108  114  122  131  141  152  163  170  176  178  179
  179  180  182  185  192  198  201  220  237                                   
    55.0-180.0 180.0   5.0 450.0                            LAT/LON1/LON2/DLON/H
  244  243  248  245  244  238  236  232  230  226  226  227  231  234  238  239
  237  234  230  227  223  222  218  216  207  204  197  198  198  202  204  202
  197  186  180  168  160  153  152  149  149  147  144  138  132  124  118  112
  109  105  105  105  107  112  119  127  138  148  160  171  179  184  187  186
  186  186  186  187  193  197  203  222  244                                   
    52.5-180.0 180.0   5.0 450.0                            LAT/LON1/LON2/DLON/H
  247  250  254  256  256  255  254  251  247  242  238  236  236  237  241  241
  239  233  229  225  223  223  223  222  217  214  208  210  211  216  217  214
  209  195  187  174  168  162  160  159  159  157  153  147  138  131  123  119
  114  112  110  111  113  118  124  134  144  156  168  179  188  193  195  195
  194  194  193  193  196  200  203  226  247                                   
    50.0-180.0 180.0   5.0 450.0                            LAT/LON1/LON2/DLON/H
  255  254  264  267  273  274  276  274  269  262  257  253  251  249  250  247
  243  235  229  226  224  228  230  234  229  229  222  227  226  233  231  229
  219  205  194  182  177  171  169  168  167  164  158  152  144  137  130  126
  122  119  117  116  119  122  130  138  149  160  173  185  195  200  203  204
  205  205  205  203  204  204  211  233  255                                   
    47.5-180.0 180.0   5.0 450.0                            LAT/LON1/LON2/DLON/H
  261  263  273  279  291  295  301  300  297  290  282  274  268  262  259  252
  246  238  232  230  232  236  242  244  241  238  233  237  235  241  237  233
  222  207  198  186  184  179  180  178  176  171  165  158  150  144  137  134
  129  127  124  124  125  128  134  143  153  165  178  192  202  210  215  218
  219  221  222  219  218  218  222  244  261                                   
    45.0-180.0 180.0   5.0 450.0                            LAT/LON1/LON2/DLON/H
  276  275  286  295  310  316  328  328  329  321  313  303  294  283  275  264
  258  250  245  241  245  251  257  257  254  249  243  245  242  246  239  233
  222  210  202  193  192  189  189  186  182  176  168  161  154  148  144  140
  137  134  132  129  131  133  139  144  154  165  180  194  207  216  224  229
  235  239  242  238  238  233  244  263  276                                   
    42.5-180.0 180.0   5.0 450.0                            LAT/LON1/LON2/DLON/H
  291  294  304  312  328  337  350  353  358  352  347  335  325  309  297  283
  273  263  260  259  264  269  276  272  269  260  253  251  246  246  238  230
  219  209  207  201  203  201  202  198  192  185  176  168  160  155  151  148
  145  142  139  137  138  138  142  146  154  166  181  198  212  224  234  243
  252  259  264  263  261  260  267  285  291                                   
    40.0-180.0 180.0   5.0 450.0                            LAT/LON1/LON2/DLON/H
  315  316  325  333  346  356  369  376  385  383  380  370  358  341  328  310
  298  284  283  279  288  287  295  286  282  266  259  252  247  243  236  228
  220  214  213  211  216  214  214  208  202  195  186  179  170  166  161  158
  155  151  148  145  145  143  145  146  154  164  181  198  217  230  242  253
  265  275  282  283  285  283  294  308  315                                   
    37.5-180.0 180.0   5.0 450.0                            LAT/LON1/LON2/DLON/H
  339  342  351  357  367  377  389  398  409  413  412  407  394  379  360  342
  327  312  309  304  311  307  312  299  294  276  270  257  251  242  234  226
  221  219  222  225  229  228  226  221  216  212  203  196  188  182  177  172
  167  163  158  154  153  149  149  149  154  164  180  200  220  235  248  261
  274  286  297  303  306  309  318  329  339                                   
    35.0-180.0 180.0   5.0 450.0                            LAT/LON1/LON2/DLON/H
  366  370  380  384  392  400  411  421  434  440  442  438  428  412  395  375
  364  346  343  333  339  330  335  321  316  298  292  280  273  260  251  242
  239  234  242  242  249  244  244  236  234  230  224  219  210  205  196  191
  182  176  169  165  162  158  155  154  157  165  182  203  224  240  253  264
  278  290  302  312  317  325  337  345  366                                   
    32.5-180.0 180.0   5.0 450.0                            LAT/LON1/LON2/DLON/H
  387  395  405  411  418  426  436  449  461  470  471  471  460  447  427  410
  395  381  374  365  365  357  356  343  337  322  318  306  299  285  274  262
  257  257  263  267  268  262  256  252  249  250  248  246  239  231  222  213
  202  191  181  174  170  163  159  154  157  165  184  203  226  240  253  262
  277  291  305  318  327  340  351  362  387                                   
    30.0-180.0 180.0   5.0 450.0                            LAT/LON1/LON2/DLON/H
  406  416  428  433  443  451  462  473  487  493  498  497  490  475  456  438
  423  407  400  387  387  375  377  366  367  351  354  339  337  317  312  295
  295  289  298  296  295  281  274  267  268  268  269  267  261  254  240  229
  213  199  184  175  167  163  157  154  154  161  180  203  224  241  253  262
  278  293  309  323  338  350  366  375  406                                   
    27.5-180.0 180.0   5.0 450.0                            LAT/LON1/LON2/DLON/H
  421  435  446  458  469  481  494  505  518  525  529  529  519  509  485  469
  449  435  422  412  406  398  397  390  391  382  381  372  365  351  341  330
  322  319  316  309  301  288  281  277  280  285  287  286  281  275  261  243
  226  206  189  177  168  163  156  152  152  159  179  198  223  237  255  262
  281  295  315  330  346  366  380  390  421                                   
    25.0-180.0 180.0   5.0 450.0                            LAT/LON1/LON2/DLON/H
  435  447  459  472  491  506  524  537  552  559  561  558  548  537  514  498
  477  459  445  430  423  413  413  407  411  403  406  394  394  375  368  353
  345  334  326  312  300  286  283  282  293  300  305  304  299  292  276  256
  235  212  193  180  170  164  158  155  153  159  172  192  213  235  251  267
  285  304  328  342  362  380  399  406  435                                   
    22.5-180.0 180.0   5.0 450.0                            LAT/LON1/LON2/DLON/H
  446  461  471  494  514  540  562  580  597  606  607  603  588  573  548  533
  508  490  469  454  442  436  433  431  432  429  425  417  409  394  378  365
  352  339  324  304  289  272  266  272  285  300  308  310  307  298  283  261
  239  219  199  187  176  172  167  164  163  165  176  191  214  232  254  272
  295  314  334  356  377  397  414  424  446                                   
    20.0-180.0 180.0   5.0 450.0                            LAT/LON1/LON2/DLON/H
  456  467  486  508  539  565  595  615  635  647  649  646  624  606  580  563
  539  520  496  475  462  452  449  444  444  438  435  423  412  392  377  359
  348  329  312  288  273  254  252  257  273  286  298  301  302  294  281  258
  238  216  200  187  176  171  166  165  165  167  175  192  211  234  258  280
  306  327  349  367  390  411  428  443  456                                   
    17.5-180.0 180.0   5.0 450.0                            LAT/LON1/LON2/DLON/H
  464  481  498  532  557  594  621  646  664  678  686  685  666  646  612  593
  574  558  530  511  492  480  473  466  460  452  440  424  406  381  362  342
  330  309  291  269  249  234  234  242  254  266  276  282  285  283  270  251
  231  213  197  183  173  167  163  159  159  162  171  186  209  233  260  288
  312  338  356  380  400  420  438  461  464                                   
    15.0-180.0 180.0   5.0 450.0                            LAT/LON1/LON2/DLON/H
  476  491  515  542  576  603  636  659  682  695  706  711  694  680  645  624
  597  589  564  544  524  509  497  483  472  454  437  414  393  363  344  321
  309  287  270  247  235  227  231  237  245  250  258  264  271  268  259  242
  227  209  194  180  167  161  154  152  153  158  168  185  208  235  266  293
  319  341  363  387  410  431  451  476  476                                   
    12.5-180.0 180.0   5.0 450.0                            LAT/LON1/LON2/DLON/H
  485  508  528  559  582  610  635  660  682  702  715  728  718  707  678  655
  629  618  602  586  564  548  530  507  486  458  434  404  377  344  324  303
  288  274  258  245  238  241  245  250  247  246  246  251  256  255  243  230
  215  200  185  171  160  152  147  147  149  157  167  182  206  235  266  296
  319  346  364  392  416  437  461  490  485                                   
    10.0-180.0 180.0   5.0 450.0                            LAT/LON1/LON2/DLON/H
  500  525  550  571  594  610  632  650  673  694  713  731  730  724  700  682
  655  648  630  619  597  579  554  522  495  457  428  394  364  333  309  290
  276  266  257  253  251  260  265  271  263  255  249  248  249  241  229  213
  197  180  169  158  148  142  137  141  142  149  157  177  202  232  266  294
  319  342  366  395  423  449  472  499  500                                   
     7.5-180.0 180.0   5.0 450.0                            LAT/LON1/LON2/DLON/H
  510  542  564  587  596  606  617  634  653  676  696  716  722  723  707  695
  676  667  651  641  618  598  568  529  495  454  419  388  358  331  307  294
