data/unet/pred1560.15i
     1.0            IONOSPHERE MAPS     GNSS                IONEX VERSION / TYPE
pyspatialgeodesy        IME             05-JAN-18 20:20     PGM / RUN BY / DATE 
Map Name                                                    COMMENT             
Predicted global ionosphere maps (GIM).                     DESCRIPTION         
  2015     6     5     0     0     0                        EPOCH OF FIRST MAP  
  2015     6     6     0     0     0                        EPOCH OF LAST MAP   
  7200                                                      INTERVAL            
    13                                                      # OF MAPS IN FILE   
  NONE                                                      MAPPING FUNCTION    
10.0                                                        ELEVATION CUTOFF    
One-way carrier phase leveled to code                       OBSERVABLES USED    
  6371.0                                                    BASE RADIUS         
 2                                                          MAP DIMENSION       
   450.0 450.0   0.0                                        HGT1 / HGT2 / DHGT  
    87.5 -87.5  -2.5                                        LAT1 / LAT2 / DLAT  
  -180.0 180.0   5.0                                        LON1 / LON2 / DLON  
    -1                                                      EXPONENT            
                                                            END OF HEADER       
[from data line 4290]
    11                                                      START OF TEC MAP    
  2015     6     5    20     0     0                        EPOCH OF CURRENT MAP
    87.5-180.0 180.0   5.0 450.0                            LAT/LON1/LON2/DLON/H
  231  212  205  208  207  208  207  209  208  210  209  210  209  210  209  209
  208  208  207  206  205  204  202  202  200  200  198  198  196  196  194  194
  192  193  192  192  191  191  191  191  190  191  191  191  190  192  191  192
  191  192  191  193  192  194  192  195  193  196  194  197  196  199  198  201
  200  204  202  202  199  200  200  206  231                                   
    85.0-180.0 180.0   5.0 450.0                            LAT/LON1/LON2/DLON/H
  205  210  209  212  212  213  213  214  215  215  216  216  217  216  216  215
  215  214  214  212  212  209  208  206  205  202  201  199  198  196  195  193
  193  191  191  190  190  189  189  189  189  189  190  189  190  190  191  190
  191  190  192  191  192  192  193  193  194  194  195  195  197  197  198  199
  201  202  204  201  200  196  205  219  205                                   
    82.5-180.0 180.0   5.0 450.0                            LAT/LON1/LON2/DLON/H
  214  213  216  217  217  219  219  221  222  223  223  224  224  224  223  223
  222  221  220  219  217  216  213  212  209  207  204  202  199  197  194  192
  190  189  187  187  186  187  186  187  187  188  188  189  190  190  190  190
  190  191  191  191  191  192  191  192  192  193  193  193  194  195  195  197
  198  201  202  202  201  201  203  217  214                                   
    80.0-180.0 180.0   5.0 450.0                            LAT/LON1/LON2/DLON/H
  218  209  211  209  213  214  218  218  221  220  223  221  224  222  223  221
  222  220  221  218  219  215  215  211  210  205  204  198  197  191  191  185
  185  181  182  179  181  179  182  181  183  182  185  184  187  185  188  186
  188  185  188  185  187  185  187  184  187  184  187  184  188  185  189  187
  192  191  195  193  195  194  197  211  218                                   
    77.5-180.0 180.0   5.0 450.0                            LAT/LON1/LON2/DLON/H
  211  203  204  204  208  211  215  216  218  219  221  221  221  221  221  220
  219  219  219  219  219  217  216  214  211  209  205  201  196  193  188  186
  182  181  179  180  179  180  180  183  182  184  185  186  186  187  187  187
  186  186  184  185  183  184  182  183  182  182  181  182  181  182  182  183
  183  186  188  187  187  187  190  205  211                                   
    75.0-180.0 180.0   5.0 450.0                            LAT/LON1/LON2/DLON/H
  215  203  204  204  208  211  214  215  218  217  220  218  220  217  219  216
  217  217  219  218  220  220  220  218  217  213  211  205  202  196  193  188
  186  183  183  182  183  183  185  185  188  187  189  189  190  188  189  187
  187  185  185  183  183  181  182  181  182  180  182  180  182  180  182  181
  183  184  187  186  188  187  192  206  215                                   
    72.5-180.0 180.0   5.0 450.0                            LAT/LON1/LON2/DLON/H
  217  207  206  207  208  212  214  216  217  219  219  220  219  219  217  217
  216  217  218  221  222  225  224  225  222  220  215  212  205  201  195  193
  188  188  186  188  187  190  190  193  192  194  193  194  192  192  189  189
  186  185  183  184  182  182  181  183  182  183  183  184  184  185  184  186
  185  188  189  190  190  191  196  212  217                                   
    70.0-180.0 180.0   5.0 450.0                            LAT/LON1/LON2/DLON/H
  228  214  214  213  214  216  217  218  219  220  221  221  220  218  217  215
  215  215  218  221  224  226  228  227  226  223  220  215  210  204  200  196
  194  192  193  193  194  195  196  198  198  198  197  196  193  191  189  186
  184  183  182  181  181  181  182  183  184  185  188  188  192  191  194  193
  196  196  200  198  201  200  206  219  228                                   
    67.5-180.0 180.0   5.0 450.0                            LAT/LON1/LON2/DLON/H
  237  225  223  221  221  222  222  223  223  225  225  225  224  222  220  219
  217  218  220  223  227  229  231  231  229  227  222  217  211  208  203  201
  197  198  197  199  199  201  201  202  201  201  198  196  192  188  185  182
  180  179  178  179  180  181  182  184  186  189  191  194  197  200  202  204
  205  208  210  210  211  211  217  230  237                                   
    65.0-180.0 180.0   5.0 450.0                            LAT/LON1/LON2/DLON/H
  253  237  236  234  233  232  232  230  231  232  231  231  229  227  225  222
  220  220  222  224  228  229  232  231  230  227  223  218  214  210  208  205
  205  203  204  204  206  206  207  206  205  203  200  195  191  185  182  178
  177  175  176  176  177  178  180  182  185  189  193  198  204  206  212  212
  218  219  224  222  226  225  231  240  253                                   
    62.5-180.0 180.0   5.0 450.0                            LAT/LON1/LON2/DLON/H
  260  252  248  246  246  243  243  240  240  239  239  237  236  233  231  228
  227  225  226  227  230  230  233  231  230  227  223  219  216  214  212  211
  211  211  210  211  211  211  210  210  208  205  200  194  189  183  178  175
  173  172  173  173  175  176  177  180  183  188  193  199  205  211  215  220
  223  228  231  232  235  237  243  253  260                                   
    60.0-180.0 180.0   5.0 450.0                            LAT/LON1/LON2/DLON/H
  273  261  261  258  257  254  253  250  249  247  246  244  242  239  237  233
  231  229  228  229  230  230  231  230  229  225  222  219  218  217  218  218
  220  219  219  218  218  216  217  214  214  209  205  197  191  183  179  174
  173  171  172  171  171  172  171  175  176  182  186  195  203  211  217  222
  228  231  238  237  244  245  253  262  273                                   
    57.5-180.0 180.0   5.0 450.0                            LAT/LON1/LON2/DLON/H
  274  270  270  269  270  267  267  263  262  258  257  252  251  246  244  239
  237  233  232  229  231  230  231  229  228  225  223  222  222  223  225  227
  228  228  227  225  223  221  220  219  217  213  208  201  193  185  179  175
  171  170  168  168  166  165  165  166  168  173  178  187  195  206  212  220
  225  231  236  239  244  248  256  267  274                                   
    55.0-180.0 180.0   5.0 450.0                            LAT/LON1/LON2/DLON/H
  280  273  277  278  280  278  277  274  271  267  264  259  257  252  251  245
  242  237  235  231  231  230  230  228  227  225  225  224  227  229  233  235
  238  236  236  232  232  228  229  226  226  220  216  206  200  190  185  178
  175  170  168  164  162  159  157  158  157  162  167  176  186  196  206  212
  221  225  232  233  241  244  255  266  280                                   
    52.5-180.0 180.0   5.0 450.0                            LAT/LON1/LON2/DLON/H
  275  276  281  285  291  290  291  288  285  280  275  269  266  261  260  254
  252  244  241  234  233  231  233  231  231  229  229  230  233  237  240  244
  245  244  242  239  236  234  233  232  229  226  219  213  204  196  188  181
  174  171  164  161  155  153  149  149  147  151  154  164  172  185  194  204
  212  220  225  229  235  241  251  265  275                                   
    50.0-180.0 180.0   5.0 450.0                            LAT/LON1/LON2/DLON/H
  278  274  284  290  296  299  301  299  296  291  285  279  275  270  269  263
  260  252  247  239  238  235  236  236  236  235  236  237  241  243  248  249
  253  251  251  247  247  243  244  240  239  233  228  218  211  200  194  184
  179  171  165  158  153  148  145  143  142  144  148  155  165  177  189  198
  209  214  224  225  234  237  249  264  278                                   
    47.5-180.0 180.0   5.0 450.0                            LAT/LON1/LON2/DLON/H
  273  275  285  293  303  307  313  313  312  307  301  294  289  285  283  277
  273  264  258  248  246  242  245  244  245  244  246  246  249  250  254  256
  258  258  256  254  252  250  249  247  242  237  229  222  212  205  195  188
  178  172  163  157  148  145  141  140  138  139  141  147  155  168  180  192
  203  210  219  223  230  235  246  262  273                                   
    45.0-180.0 180.0   5.0 450.0                            LAT/LON1/LON2/DLON/H
  276  275  287  296  306  314  321  324  325  322  318  310  306  299  298  290
  286  274  269  259  257  253  255  254  256  255  257  256  258  258  261  261
  265  264  267  265  266  263  264  258  254  245  237  226  218  209  202  192
  184  174  166  157  150  145  142  140  139  139  142  147  155  167  181  193
  207  214  225  227  236  237  248  263  276                                   
    42.5-180.0 180.0   5.0 450.0                            LAT/LON1/LON2/DLON/H
  273  277  286  297  309  318  328  334  340  340  338  333  328  323  319  312
  304  294  284  275  272  268  270  268  270  269  270  268  269  267  268  270
  273  276  278  279  279  278  275  269  261  251  239  230  219  214  204  198
  187  180  168  161  152  148  144  142  141  140  141  146  152  165  179  194
  208  217  228  231  239  243  255  268  273                                   
    40.0-180.0 180.0   5.0 450.0                            LAT/LON1/LON2/DLON/H
  280  280  290  299  309  320  331  340  349  355  356  354  351  345  341  331
  325  310  301  289  288  282  286  283  287  284  286  282  281  277  279  279
  286  290  297  299  302  299  295  285  275  261  248  236  227  219  212  204
  196  185  175  166  159  153  150  146  145  144  145  150  157  171  188  203
  221  229  242  244  250  251  261  275  280                                   
    37.5-180.0 180.0   5.0 450.0                            LAT/LON1/LON2/DLON/H
  280  284  293  302  311  321  334  345  358  367  373  375  373  370  364  356
  345  333  319  310  305  301  302  300  303  301  302  299  297  293  293  298
  304  314  321  328  325  321  309  297  280  266  250  240  228  223  214  210
  200  192  181  174  164  160  155  153  150  148  148  152  158  173  189  208
  223  234  246  249  256  259  272  282  280                                   
    35.0-180.0 180.0   5.0 450.0                            LAT/LON1/LON2/DLON/H
  290  292  303  309  315  326  337  349  362  376  385  392  391  391  385  377
  366  354  340  329  324  319  320  319  322  322  323  321  319  315  317  321
  332  343  352  353  349  338  325  308  290  271  255  245  234  228  222  216
  208  199  189  180  172  165  161  157  153  151  150  156  163  180  197  216
  234  243  255  257  263  263  274  286  290                                   
    32.5-180.0 180.0   5.0 450.0                            LAT/LON1/LON2/DLON/H
  291  299  311  319  324  333  344  356  370  383  394  404  406  408  403  400
  388  378  363  354  346  342  340  339  342  345  347  348  345  343  344  352
  362  372  376  373  364  350  334  316  295  274  257  247  236  231  224  220
  211  204  191  183  172  168  161  159  153  153  150  156  163  180  195  215
  229  241  251  255  262  268  279  290  291                                   
    30.0-180.0 180.0   5.0 450.0                            LAT/LON1/LON2/DLON/H
  298  306  320  329  333  344  352  365  376  391  403  416  420  425  422  421
  411  404  389  382  371  368  364  365  368  375  377  382  378  377  379  384
  393  397  394  384  368  352  334  315  295  274  258  246  237  232  226  220
  212  204  192  182  173  167  162  158  154  152  149  155  162  179  195  214
  229  240  250  255  262  267  278  291  298                                   
    27.5-180.0 180.0   5.0 450.0                            LAT/LON1/LON2/DLON/H
  296  310  327  339  345  354  362  373  384  398  410  424  432  438  438  438
  432  424  412  403  394  387  383  387  390  401  406  410  407  405  405  409
  412  410  399  382  362  340  320  300  281  265  250  241  230  226  219  214
  205  198  185  178  168  164  156  157  149  151  145  150  155  171  184  204
  216  228  237  244  253  265  277  290  296                                   
    25.0-180.0 180.0   5.0 450.0                            LAT/LON1/LON2/DLON/H
  301  316  335  350  356  368  373  384  392  407  420  436  446  456  460  462
  456  447  434  425  413  407  404  410  418  429  437  440  439  434  433  430
  428  415  397  370  342  317  294  275  260  249  238  229  222  213  208  200
  193  186  177  169  161  158  152  152  148  147  143  145  148  162  174  193
  206  220  229  239  246  258  272  287  301                                   
    22.5-180.0 180.0   5.0 450.0                            LAT/LON1/LON2/DLON/H
  299  320  343  359  370  379  387  395  405  421  435  453  464  477  482  485
  480  472  458  445  431  425  421  430  437  450  453  457  454  450  443  436
  427  408  382  347  315  284  261  243  232  226  219  213  207  200  193  186
  178  172  164  157  150  148  145  146  141  143  137  141  140  150  158  176
  188  205  214  227  236  252  266  285  299                                   
    20.0-180.0 180.0   5.0 450.0                            LAT/LON1/LON2/DLON/H
  304  325  347  366  376  390  399  410  420  435  450  470  484  500  505  507
  501  492  478  467  455  448  445  454  462  469  472  470  468  459  452  438
  423  396  362  322  286  255  233  220  214  209  207  199  195  185  179  170
  166  158  151  145  140  140  137  139  136  138  133  133  130  135  141  157
  172  191  205  219  231  244  262  281  304                                   
    17.5-180.0 180.0   5.0 450.0                            LAT/LON1/LON2/DLON/H
  302  326  348  365  379  393  408  418  430  444  459  481  499  516  525  526
  520  508  492  482  470  468  464  473  474  477  473  470  463  453  442  425
  403  373  335  295  261  230  214  201  198  194  193  186  183  173  167  159
  153  146  140  134  130  130  129  132  130  131  126  126  121  124  127  140
  155  177  192  211  224  241  257  280  302                                   
    15.0-180.0 180.0   5.0 450.0                            LAT/LON1/LON2/DLON/H
  302  325  346  363  374  391  404  419  432  447  464  486  507  526  535  537
  532  522  509  502  495  492  490  493  491  484  477  468  461  447  433  412
  387  354  317  279  249  225  211  200  197  192  191  183  178  167  162  153
  148  140  132  126  122  123  122  126  123  126  119  118  112  112  112  123
  137  160  183  203  222  237  257  277  302                                   
    12.5-180.0 180.0   5.0 450.0                            LAT/LON1/LON2/DLON/H
  298  321  340  356  368  381  396  409  423  436  454  478  500  522  533  535
  537  529  524  519  515  512  509  510  500  488  474  462  450  434  416  396
  370  339  305  273  245  227  214  205  200  195  191  183  176  167  161  154
  147  138  129  123  119  118  117  119  117  117  111  109  103  102  101  110
  122  146  169  196  214  236  250  275  298                                   
    10.0-180.0 180.0   5.0 450.0                            LAT/LON1/LON2/DLON/H
  296  314  336  349  358  373  386  402  414  430  444  466  489  510  525  532
  536  535  537  535  535  532  529  524  511  489  475  456  444  426  409  389
  366  339  312  286  266  249  240  227  222  211  204  192  185  173  168  158
  151  138  128  120  116  114  112  113  110  109  103  101   93   91   88   96
  108  128  157  183  209  228  249  268  296                                   
     7.5-180.0 180.0   5.0 450.0                            LAT/LON1/LON2/DLON/H
  292  313  335  348  358  370  383  393  404  413  426  445  466  488  505  515
  526  532  539  544  544  543  538  531  510  489  469  451  434  417  400  382
