data/unet/pred0500.15i
     1.0            IONOSPHERE MAPS     GNSS                IONEX VERSION / TYPE
pyspatialgeodesy        IME             05-JAN-18 20:20     PGM / RUN BY / DATE 
Map Name                                                    COMMENT             
Predicted global ionosphere maps (GIM).                     DESCRIPTION         
  2015     2    19     0     0     0                        EPOCH OF FIRST MAP  
  2015     2    20     0     0     0                        EPOCH OF LAST MAP   
  7200                                                      INTERVAL            
    13                                                      # OF MAPS IN FILE   
  NONE                                                      MAPPING FUNCTION    
10.0                                                        ELEVATION CUTOFF    
One-way carrier phase leveled to code                       OBSERVABLES USED    
  6371.0                                                    BASE RADIUS         
 2                                                          MAP DIMENSION       
   450.0 450.0   0.0                                        HGT1 / HGT2 / DHGT  
    87.5 -87.5  -2.5                                        LAT1 / LAT2 / DLAT  
  -180.0 180.0   5.0                                        LON1 / LON2 / DLON  
    -1                                                      EXPONENT            
                                                            END OF HEADER       
[from data line 2145]
     6                                                      START OF TEC MAP    
  2015     2    19    10     0     0                        EPOCH OF CURRENT MAP
    87.5-180.0 180.0   5.0 450.0                            LAT/LON1/LON2/DLON/H
   66   96   91   96   94   94   94   94   95   95   97   95   97   95   97   96
   97   96   96   95   94   94   92   91   89   87   86   84   83   82   81   80
   80   80   79   80   79   80   79   81   80   82   80   82   80   81   79   81
   79   80   78   80   77   79   75   78   75   77   74   77   75   77   75   77
   76   78   78   81   79   78   78   69   66                                   
    85.0-180.0 180.0   5.0 450.0                            LAT/LON1/LON2/DLON/H
   85   89  100  100  102  100  104  103  105  104  104  103  103  101  101   99
  100   98   98   96   96   95   93   94   92   93   91   93   90   93   90   93
   92   94   94   96   97   97   98   97   98   96   97   95   95   92   93   89
   90   85   86   81   81   77   76   73   73   71   70   70   71   70   71   71
   74   73   78   76   82   81   97   84   85                                   
    82.5-180.0 180.0   5.0 450.0                            LAT/LON1/LON2/DLON/H
   77   90  101  105  106  107  108  109  109  109  107  106  104  103  101   99
   97   95   92   90   86   86   82   83   82   85   85   88   88   92   92   96
   97  101  101  105  106  107  107  108  109  108  108  107  106  104  102   99
   98   93   91   86   82   78   73   70   66   64   61   61   59   59   59   60
   61   62   65   68   71   74   86   81   77                                   
    80.0-180.0 180.0   5.0 450.0                            LAT/LON1/LON2/DLON/H
   75   84   96   97  101   99  106  101  106   99  103   95   99   91   94   86
   87   80   79   74   72   69   68   67   67   69   70   73   76   80   84   87
   94   95  104  104  112  112  118  117  122  119  123  119  122  116  119  112
  114  105  105   95   93   83   80   73   69   65   60   60   57   57   56   58
   58   59   61   64   66   66   78   77   75                                   
    77.5-180.0 180.0   5.0 450.0                            LAT/LON1/LON2/DLON/H
   75   83   86   91   90   93   95   95   95   92   91   87   87   83   81   78
   76   73   70   68   65   65   63   62   61   63   65   67   72   77   83   88
   95  100  108  113  120  124  128  131  135  136  138  137  139  137  136  132
  131  125  123  116  111  102   97   90   85   79   74   73   68   68   65   65
   63   64   64   65   66   66   73   67   75                                   
    75.0-180.0 180.0   5.0 450.0                            LAT/LON1/LON2/DLON/H
   75   79   83   87   87   91   93   92   92   88   85   81   78   74   72   70
   67   66   63   63   60   61   57   56   53   56   56   60   65   72   80   86
   96  103  114  120  129  134  140  144  148  151  156  156  160  161  161  160
  157  154  150  142  135  126  119  113  107  102   96   91   85   83   79   77
   72   72   70   73   69   69   72   68   75                                   
    72.5-180.0 180.0   5.0 450.0                            LAT/LON1/LON2/DLON/H
   75   79   77   84   83   90   90   93   89   89   83   81   76   72   68   66
   63   63   61   62   60   62   59   58   55   55   56   60   64   72   79   90
   98  112  120  131  137  146  152  158  163  169  175  179  183  187  189  189
  191  187  185  176  170  158  152  140  136  127  122  116  111  104   99   93
   88   84   80   77   76   73   73   66   75                                   
    70.0-180.0 180.0   5.0 450.0                            LAT/LON1/LON2/DLON/H
   73   74   74   78   80   84   89   91   91   88   85   81   77   72   70   66
   66   66   65   68   66   68   65   61   59   56   56   55   62   68   78   86
  101  113  123  134  143  153  160  170  176  185  191  199  203  209  211  217
  215  219  211  210  198  191  177  170  158  151  142  135  128  123  114  109
   99   96   87   86   79   77   73   68   73                                   
    67.5-180.0 180.0   5.0 450.0                            LAT/LON1/LON2/DLON/H
   72   73   70   76   74   81   84   89   86   86   79   78   73   72   68   68
   67   68   69   74   73   78   73   73   66   64   58   59   60   67   73   85
   96  113  122  139  145  159  166  178  186  195  204  211  219  225  233  236
  238  238  236  232  224  214  202  190  180  169  160  151  142  131  123  113
  105   98   90   84   81   76   74   65   72                                   
    65.0-180.0 180.0   5.0 450.0                            LAT/LON1/LON2/DLON/H
   69   65   65   67   69   76   82   87   88   86   85   79   80   75   77   72
   76   75   79   81   82   85   81   78   73   66   64   58   60   61   69   76
   91  104  116  133  144  157  165  179  188  200  210  221  230  239  246  254
  252  257  249  250  237  229  214  204  190  180  167  157  144  134  120  112
   99   94   83   81   75   74   69   65   69                                   
    62.5-180.0 180.0   5.0 450.0                            LAT/LON1/LON2/DLON/H
   63   61   57   63   61   73   75   84   84   85   81   79   76   76   74   74
   75   76   78   83   82   85   79   79   70   68   58   56   50   52   55   67
   78   93  108  128  142  156  168  181  194  205  216  227  237  247  255  262
  262  266  260  258  244  236  220  209  196  184  171  157  146  129  117  103
   92   83   76   71   71   68   65   62   63                                   
    60.0-180.0 180.0   5.0 450.0                            LAT/LON1/LON2/DLON/H
   61   53   55   53   55   61   65   74   75   77   77   77   78   74   78   75
   79   77   78   80   79   80   75   75   70   66   61   54   54   52   59   68
   84   98  113  132  148  162  174  187  203  214  228  239  247  258  263  267
  269  274  267  266  248  242  224  216  200  191  174  161  145  129  112   97
   84   75   68   66   63   65   61   61   61                                   
    57.5-180.0 180.0   5.0 450.0                            LAT/LON1/LON2/DLON/H
   61   57   52   56   47   55   52   62   61   66   65   68   66   67   68   69
   71   71   72   74   72   72   68   69   65   63   59   55   52   53   59   71
   84  101  120  140  158  173  189  202  217  231  241  252  260  268  271  272
  272  275  271  266  250  240  226  217  206  195  183  167  155  135  119   99
   85   74   67   63   64   64   63   63   61                                   
    55.0-180.0 180.0   5.0 450.0                            LAT/LON1/LON2/DLON/H
   68   59   58   52   48   48   48   52   51   56   54   60   60   63   64   65
   65   64   61   63   59   61   57   61   58   59   56   54   54   56   65   76
   93  110  133  156  174  190  206  221  238  249  261  273  278  284  286  285
  285  287  282  278  260  251  235  229  215  210  193  185  166  151  130  110
   92   81   72   71   69   73   71   71   68                                   
    52.5-180.0 180.0   5.0 450.0                            LAT/LON1/LON2/DLON/H
   83   75   68   66   53   54   43   49   40   47   43   50   50   56   57   59
   59   58   56   55   53   55   54   56   57   57   57   57   60   66   76   91
  109  132  153  177  199  215  230  244  258  270  282  290  298  298  300  295
  295  293  290  282  270  256  245  234  227  218  210  198  188  170  153  130
  110   97   88   84   86   84   85   86   83                                   
    50.0-180.0 180.0   5.0 450.0                            LAT/LON1/LON2/DLON/H
   99   88   83   74   62   56   48   45   41   44   40   48   49   55   54   56
   55   54   50   52   48   53   52   60   58   62   61   64   66   74   83  100
  121  143  167  193  215  233  249  263  278  291  303  311  316  316  316  311
  314  311  311  302  291  277  263  255  241  239  223  222  203  195  172  154
  131  118  106  106  104  106  104  101   99                                   
    47.5-180.0 180.0   5.0 450.0                            LAT/LON1/LON2/DLON/H
  120  107   97   91   77   70   56   55   44   46   41   48   49   54   54   55
   54   52   52   51   53   57   59   64   65   66   68   69   73   81   94  111
  135  156  181  210  234  252  265  280  295  308  321  327  334  329  330  322
  327  322  324  314  304  289  275  264  254  248  238  232  222  211  193  173
  153  137  126  121  123  122  125  119  120                                   
    45.0-180.0 180.0   5.0 450.0                            LAT/LON1/LON2/DLON/H
  133  119  110  101   89   80   68   62   54   53   50   56   59   62   63   62
   63   60   62   63   64   68   69   74   73   77   77   81   83   92  105  123
  147  167  196  224  250  266  282  294  310  323  335  339  343  336  335  326
  330  323  328  316  311  296  285  273  263  256  242  239  224  218  198  182
  162  149  135  134  132  133  135  130  133                                   
    42.5-180.0 180.0   5.0 450.0                            LAT/LON1/LON2/DLON/H
  142  128  119  113  100   91   81   75   67   65   61   66   67   70   70   70
   71   71   74   76   78   79   79   79   80   79   83   84   90   97  113  128
  151  173  202  235  262  279  293  306  324  337  349  352  354  350  344  338
  338  334  333  325  316  302  289  275  265  253  243  232  224  212  198  180
  164  149  138  132  134  132  137  131  142                                   
    40.0-180.0 180.0   5.0 450.0                            LAT/LON1/LON2/DLON/H
  134  125  118  116  105  100   91   87   79   77   74   78   80   81   83   83
   88   87   92   91   93   91   89   88   86   86   88   92  100  108  125  139
  163  183  215  243  276  289  307  318  336  345  355  355  358  349  348  339
  340  336  335  329  318  308  292  282  269  255  241  228  216  206  192  174
  157  143  128  127  124  124  126  122  134                                   
    37.5-180.0 180.0   5.0 450.0                            LAT/LON1/LON2/DLON/H
  125  118  114  114  107  102   97   92   89   86   84   87   89   90   91   93
   97   99  102  101  100   96   93   88   85   83   89   92  106  113  134  145
  170  191  223  254  285  306  322  338  352  363  368  371  371  369  363  358
  354  351  348  342  331  319  305  291  278  261  247  230  219  204  190  171
  154  137  123  116  116  109  110  105  125                                   
    35.0-180.0 180.0   5.0 450.0                            LAT/LON1/LON2/DLON/H
  105  105  102  102   98  101   96   97   92   92   91   94   97   99  103  103
  110  109  112  107  106   99   95   90   87   85   92   99  117  125  149  160
  188  210  245  275  310  333  356  367  386  388  395  392  396  390  387  377
  372  364  358  350  340  330  320  309  298  282  269  250  238  220  206  184
  165  147  128  122  112  106  102   93  105                                   
    32.5-180.0 180.0   5.0 450.0                            LAT/LON1/LON2/DLON/H
   96  102   92   95   92   93   92   90   89   89   90   94   98  101  105  108
  114  114  116  109  105   96   91   85   84   80   95  102  126  139  159  175
  200  226  260  298  333  364  381  398  408  415  422  422  427  423  420  413
  406  399  389  386  375  372  363  359  348  335  314  293  276  259  244  221
  198  174  155  135  125  107  102   86   96                                   
    30.0-180.0 180.0   5.0 450.0                            LAT/LON1/LON2/DLON/H
   91   97   87   83   82   86   84   85   83   84   86   92   98  101  108  110
  119  116  119  109  106   96   91   85   85   85  101  112  140  153  185  196
  229  253  293  330  371  397  420  423  436  437  445  448  452  454  449  451
  444  444  436  434  426  425  421  418  416  404  391  374  354  334  312  290
  265  240  209  187  163  139  127  101   91                                   
    27.5-180.0 180.0   5.0 450.0                            LAT/LON1/LON2/DLON/H
  108  114   93   89   85   87   84   82   81   80   82   86   93   98  105  109
  116  116  117  108  104   94   89   82   86   87  107  122  151  175  203  222
  254  276  316  357  394  422  438  444  450  456  465  470  481  487  493  498
  503  506  506  507  505  506  509  508  508  499  490  474  456  438  411  385
  353  325  292  262  232  198  170  127  108                                   
    25.0-180.0 180.0   5.0 450.0                            LAT/LON1/LON2/DLON/H
  144  140  125  106   98   92   88   85   82   81   81   87   91   96  102  105
  113  111  114  105  103   95   91   86   89   92  116  134  176  194  235  251
  289  316  353  394  428  448  465  466  478  482  495  508  517  535  540  555
  558  574  580  589  592  594  600  607  607  604  595  590  572  555  529  505
  468  434  396  353  313  274  239  190  144                                   
    22.5-180.0 180.0   5.0 450.0                            LAT/LON1/LON2/DLON/H
  208  194  171  143  128  115  104   98   93   88   89   90   92   93   98  101
  109  110  111  106  102   97   91   89   93  101  127  156  188  220  258  285
  318  350  393  428  458  474  485  489  497  507  520  536  553  568  579  597
  610  632  650  657  662  662  667  672  678  681  679  668  652  636  611  595
  569  544  502  458  396  343  313  271  208                                   
    20.0-180.0 180.0   5.0 450.0                            LAT/LON1/LON2/DLON/H
  279  255  222  187  169  154  138  123  114  108  104  101  101   98  100   98
  106  102  108  104  105   99   96   94  102  111  143  170  211  245  288  313
  347  386  430  466  484  500  514  516  529  535  551  571  581  608  620  649
  666  689  699  712  716  720  722  727  736  741  741  729  714  694  674  659
  643  620  586  535  480  431  388  345  279                                   
    17.5-180.0 180.0   5.0 450.0                            LAT/LON1/LON2/DLON/H
  346  315  285  233  212  197  179  163  146  131  124  116  112  106  104  101
  102  103  104  105  108  107  102  104  109  127  151  184  223  264  300  328
  363  406  452  480  505  520  534  537  548  557  571  587  609  636  659  688
  707  724  739  749  755  755  757  757  764  769  760  747  728  710  686  670
  658  647  634  589  536  481  447  413  346                                   
    15.0-180.0 180.0   5.0 450.0                            LAT/LON1/LON2/DLON/H
  393  367  335  285  258  236  226  206  190  163  148  133  126  116  115  104
  109  101  112  111  117  116  116  114  125  136  167  193  239  275  305  334
  377  424  466  495  518  538  555  560  571  576  592  612  634  661  687  718
  737  757  768  781  782  784  778  778  776  771  762  744  726  701  674  654
  640  630  626  596  553  505  478  445  393                                   
    12.5-180.0 180.0   5.0 450.0                            LAT/LON1/LON2/DLON/H
  422  402  382  333  305  273  256  243  227  197  172  151  139  126  119  115
  111  112  113  117  122  126  122  126  127  142  165  201  243  278  308  337
  382  421  471  491  527  543  566  574  587  602  619  642  664  691  713  738
  756  769  782  789  792  784  776  764  762  751  739  718  699  672  642  617
  601  589  583  549  530  495  488  461  422                                   
    10.0-180.0 180.0   5.0 450.0                            LAT/LON1/LON2/DLON/H
  425  417  393  363  344  309  290  271  260  231  202  172  156  137  129  121
  122  122  124  128  135  133  131  127  131  144  175  216  253  287  309  347
  382  424  466  490  522  538  568  574  598  608  636  655  684  701  725  748
  763  774  783  789  785  784  763  758  743  733  712  692  663  628  585  549
  524  510  501  485  474  460  482  445  425                                   
     7.5-180.0 180.0   5.0 450.0                            LAT/LON1/LON2/DLON/H
  422  425  411  392  370  338  317  299  281  254  229  196  176  156  149  139
  137  136  132  138  140  132  128  121  125  143  179  226  264  287  316  348
