data/unet/pred1350.15i
     1.0            IONOSPHERE MAPS     GNSS                IONEX VERSION / TYPE
pyspatialgeodesy        IME             05-JAN-18 20:20     PGM / RUN BY / DATE 
Map Name                                                    COMMENT             
Predicted global ionosphere maps (GIM).                     DESCRIPTION         
  2015     5    15     0     0     0                        EPOCH OF FIRST MAP  
  2015     5    16     0     0     0                        EPOCH OF LAST MAP   
  7200                                                      INTERVAL            
    13                                                      # OF MAPS IN FILE   
  NONE                                                      MAPPING FUNCTION    
10.0                                                        ELEVATION CUTOFF    
One-way carrier phase leveled to code                       OBSERVABLES USED    
  6371.0                                                    BASE RADIUS         
 2                                                          MAP DIMENSION       
   450.0 450.0   0.0                                        HGT1 / HGT2 / DHGT  
    87.5 -87.5  -2.5                                        LAT1 / LAT2 / DLAT  
  -180.0 180.0   5.0                                        LON1 / LON2 / DLON  
    -1                                                      EXPONENT            
                                                            END OF HEADER       
[from data line 5148]
    13                                                      START OF TEC MAP    
  2015     5    16     0     0     0                        EPOCH OF CURRENT MAP
    87.5-180.0 180.0   5.0 450.0                            LAT/LON1/LON2/DLON/H
  243  238  245  248  246  249  248  251  250  253  251  253  251  253  251  252
  249  250  248  247  244  243  239  237  233  231  227  224  220  217  214  210
  208  205  205  202  202  200  200  199  199  199  200  200  201  202  204  204
  207  208  210  211  213  215  217  217  219  219  220  220  222  221  222  222
  224  223  222  221  222  220  218  226  243                                   
    85.0-180.0 180.0   5.0 450.0                            LAT/LON1/LON2/DLON/H
  246  243  250  251  249  251  252  254  254  256  257  258  257  258  257  256
  254  253  251  248  245  242  239  235  231  228  224  219  215  211  208  204
  201  199  198  197  196  195  195  195  195  196  197  199  200  202  203  205
  207  209  211  214  215  218  219  221  222  224  224  225  226  228  227  228
  230  231  229  230  230  226  228  225  246                                   
    82.5-180.0 180.0   5.0 450.0                            LAT/LON1/LON2/DLON/H
  253  244  248  249  249  251  254  257  260  262  264  265  266  265  265  262
  261  257  255  250  246  240  236  229  224  218  212  206  200  194  190  185
  183  180  179  178  178  178  179  179  181  182  184  186  188  190  193  195
  198  201  204  206  210  212  214  216  218  219  221  222  224  225  227  227
  229  229  230  229  232  226  225  232  253                                   
    80.0-180.0 180.0   5.0 450.0                            LAT/LON1/LON2/DLON/H
  245  238  242  242  241  247  249  256  259  265  267  272  271  273  271  270
  265  263  258  254  248  243  236  230  222  216  208  202  193  188  181  177
  172  171  169  169  168  170  171  174  174  178  179  183  185  189  191  196
  197  201  203  207  208  212  212  216  216  219  218  221  221  224  223  226
  226  228  228  228  229  226  227  235  245                                   
    77.5-180.0 180.0   5.0 450.0                            LAT/LON1/LON2/DLON/H
  230  227  230  231  233  237  243  248  255  260  267  270  273  273  273  269
  266  261  258  252  248  242  238  230  223  214  207  199  191  183  178  172
  169  167  167  167  169  170  173  175  177  180  183  187  190  194  197  201
  203  206  207  210  210  212  212  214  213  215  215  216  216  218  217  219
  218  220  220  222  222  221  222  230  230                                   
    75.0-180.0 180.0   5.0 450.0                            LAT/LON1/LON2/DLON/H
  218  218  220  221  222  227  231  239  245  254  260  266  268  270  268  265
  260  256  251  247  243  239  234  229  221  215  205  198  188  181  173  169
  166  165  166  168  170  174  177  181  183  187  190  195  198  202  205  209
  210  213  213  215  213  214  213  214  213  213  212  211  211  211  211  212
  213  214  215  216  219  219  221  228  218                                   
    72.5-180.0 180.0   5.0 450.0                            LAT/LON1/LON2/DLON/H
  212  213  212  214  214  218  222  229  236  244  252  257  261  261  259  254
  250  245  242  238  236  233  231  226  221  213  206  196  187  178  172  167
  165  165  167  169  173  176  181  184  188  191  195  198  202  206  210  213
  216  217  218  217  216  215  213  211  210  208  207  205  205  204  204  204
  205  207  208  211  215  216  219  227  212                                   
    70.0-180.0 180.0   5.0 450.0                            LAT/LON1/LON2/DLON/H
  215  213  211  212  210  212  215  221  228  237  245  251  254  254  250  246
  240  236  232  232  230  231  229  226  221  215  205  197  186  178  171  168
  166  168  170  174  176  182  185  190  192  195  198  201  203  208  211  215
  218  220  221  220  218  216  214  211  210  207  205  202  201  200  199  198
  199  201  204  208  213  216  220  229  215                                   
    67.5-180.0 180.0   5.0 450.0                            LAT/LON1/LON2/DLON/H
  223  217  213  213  208  209  210  217  223  233  241  247  249  248  244  239
  233  230  228  229  230  232  233  231  227  220  211  200  190  181  174  171
  170  171  174  176  180  183  187  188  190  191  193  195  197  201  205  210
  215  218  220  219  218  214  213  210  209  207  205  202  201  198  197  195
  195  196  200  205  213  217  221  230  223                                   
    65.0-180.0 180.0   5.0 450.0                            LAT/LON1/LON2/DLON/H
  234  224  220  218  210  209  208  213  220  231  240  246  249  246  243  236
  232  229  229  231  233  237  237  238  231  226  213  203  191  185  178  178
  176  178  178  180  180  182  182  183  182  183  183  185  187  191  195  202
  207  212  216  216  215  213  212  211  210  210  208  206  204  201  198  195
  194  195  198  203  210  217  223  232  234                                   
    62.5-180.0 180.0   5.0 450.0                            LAT/LON1/LON2/DLON/H
  244  230  228  223  214  210  208  212  218  229  239  247  249  249  244  240
  237  236  236  239  242  245  247  245  240  230  219  208  199  192  189  186
  187  185  185  183  182  179  178  175  172  170  168  169  171  175  181  188
  197  203  209  210  212  210  211  211  213  214  214  212  210  206  202  198
  196  195  198  202  210  217  223  232  244                                   
    60.0-180.0 180.0   5.0 450.0                            LAT/LON1/LON2/DLON/H
  249  233  232  226  217  211  208  211  215  226  235  246  248  251  246  246
  243  244  244  249  251  257  255  253  244  235  221  213  204  202  198  199
  196  195  190  187  181  177  172  167  162  157  155  155  157  161  167  176
  186  193  201  204  208  209  212  215  218  222  222  222  219  215  211  206
  203  202  203  205  211  217  225  234  249                                   
    57.5-180.0 180.0   5.0 450.0                            LAT/LON1/LON2/DLON/H
  250  236  235  230  221  215  211  212  215  224  233  241  246  250  250  252
  252  255  258  262  265  267  266  260  252  239  230  221  218  216  216  215
  213  208  203  194  186  178  171  163  156  150  146  144  145  149  156  164
  174  183  192  198  204  208  215  220  227  233  236  236  234  229  223  217
  213  210  211  212  218  220  225  234  250                                   
    55.0-180.0 180.0   5.0 450.0                            LAT/LON1/LON2/DLON/H
  248  237  241  237  231  225  220  218  217  221  226  233  237  245  247  256
  257  265  266  273  274  277  273  268  257  247  238  234  232  235  235  235
  230  223  212  202  190  181  172  162  154  146  141  138  138  141  148  156
  166  176  187  196  206  213  223  232  240  250  253  255  251  246  239  233
  228  226  225  224  227  228  231  239  248                                   
    52.5-180.0 180.0   5.0 450.0                            LAT/LON1/LON2/DLON/H
  250  243  250  251  246  241  234  229  225  224  224  228  232  239  247  257
  266  273  278  282  285  284  282  274  267  256  252  249  253  255  258  255
  250  237  224  208  195  183  174  163  155  146  142  138  139  140  146  152
  162  171  184  195  209  221  235  249  262  271  278  278  275  266  260  252
  248  244  243  242  243  242  241  250  250                                   
    50.0-180.0 180.0   5.0 450.0                            LAT/LON1/LON2/DLON/H
  257  254  264  267  267  261  256  248  240  234  228  227  227  236  243  258
  266  278  281  288  288  289  287  282  277  271  268  270  273  278  277  274
  262  249  232  216  200  189  179  169  161  153  150  145  144  144  148  151
  159  167  181  194  212  228  247  265  279  293  298  299  293  286  276  270
  266  265  264  263  263  260  258  266  257                                   
    47.5-180.0 180.0   5.0 450.0                            LAT/LON1/LON2/DLON/H
  273  270  280  285  287  283  277  269  258  248  238  233  231  237  246  259
  272  281  288  293  297  296  297  294  291  286  287  287  291  290  287  277
  265  248  232  215  204  194  186  177  171  165  163  157  156  153  154  155
  161  168  182  196  219  236  262  280  299  311  317  315  310  300  294  287
  286  284  285  285  285  282  278  287  273                                   
    45.0-180.0 180.0   5.0 450.0                            LAT/LON1/LON2/DLON/H
  290  292  299  305  310  308  304  294  284  270  258  250  244  248  252  265
  273  284  289  298  302  308  310  311  308  306  304  303  301  299  290  279
  262  246  229  217  208  201  197  191  188  182  179  173  171  165  165  162
  165  171  184  200  222  244  269  293  312  326  329  328  320  313  306  302
  302  304  306  308  311  310  309  314  290                                   
    42.5-180.0 180.0   5.0 450.0                            LAT/LON1/LON2/DLON/H
  314  316  324  329  335  333  327  318  307  293  279  269  263  264  267  274
  283  290  298  306  315  321  327  327  325  319  315  308  304  294  283  267
  251  236  222  215  211  210  209  208  207  202  197  191  186  180  176  173
  173  177  189  204  229  251  280  301  323  332  339  335  329  322  319  317
  319  322  326  331  337  339  340  344  314                                   
    40.0-180.0 180.0   5.0 450.0                            LAT/LON1/LON2/DLON/H
  348  355  356  358  360  355  349  339  330  317  306  295  288  287  286  290
  292  299  305  317  327  338  344  346  339  333  322  314  304  293  277  260
  242  229  221  220  221  223  226  226  226  221  217  210  205  196  190  183
  182  182  192  206  231  254  283  308  329  341  349  347  343  338  336  337
  341  345  352  360  371  376  382  376  348                                   
    37.5-180.0 180.0   5.0 450.0                            LAT/LON1/LON2/DLON/H
  389  401  397  391  388  377  367  356  347  337  328  321  314  310  309  307
  310  313  321  331  344  354  359  356  348  335  325  315  305  290  273  253
  236  226  222  226  234  240  245  247  245  243  237  231  223  214  203  195
  188  187  192  204  228  252  281  305  328  341  352  355  357  357  360  364
  370  376  382  392  405  413  415  406  389                                   
    35.0-180.0 180.0   5.0 450.0                            LAT/LON1/LON2/DLON/H
  438  457  445  437  425  412  392  382  369  363  356  352  347  341  335  331
  330  333  339  351  361  371  371  366  353  341  328  320  310  292  272  249
  234  226  227  237  249  259  264  265  265  261  259  252  243  231  218  207
  197  190  194  202  224  246  276  301  328  345  358  369  377  384  390  398
  404  410  416  428  447  453  461  441  438                                   
    32.5-180.0 180.0   5.0 450.0                            LAT/LON1/LON2/DLON/H
  485  504  498  492  473  456  431  414  399  391  387  385  382  375  367  356
  354  354  361  370  379  382  378  367  354  342  334  328  319  300  276  255
  240  236  241  254  267  278  282  285  286  287  282  276  262  249  230  216
  201  192  191  196  216  240  272  298  326  346  363  380  393  405  415  426
  432  440  445  463  481  492  491  476  485                                   
    30.0-180.0 180.0   5.0 450.0                            LAT/LON1/LON2/DLON/H
  528  553  556  552  539  520  494  471  448  436  426  425  419  410  396  383
  378  378  383  391  393  390  382  369  358  349  344  338  329  308  284  264
  256  255  264  274  288  293  297  300  306  306  305  295  283  264  244  224
  208  194  191  195  212  236  265  298  328  357  381  405  423  438  451  463
  472  481  489  506  527  530  540  520  528                                   
    27.5-180.0 180.0   5.0 450.0                            LAT/LON1/LON2/DLON/H
  556  581  596  608  603  591  564  539  509  490  474  468  457  445  429  412
  404  401  406  407  406  397  386  373  364  360  358  355  342  321  300  284
  277  277  284  292  297  301  303  309  316  321  319  311  295  276  250  228
  210  195  191  193  210  233  265  298  333  367  398  431  450  470  481  500
  507  519  524  543  557  561  567  558  556                                   
    25.0-180.0 180.0   5.0 450.0                            LAT/LON1/LON2/DLON/H
  581  611  637  659  673  665  649  621  592  564  540  524  507  489  470  450
  436  429  426  423  414  403  391  381  374  374  373  368  355  333  317  301
  295  290  296  294  295  293  299  307  318  324  326  316  303  281  256  232
  214  198  190  192  206  233  261  300  337  376  412  453  480  504  523  544
  555  568  572  585  596  590  610  599  581                                   
    22.5-180.0 180.0   5.0 450.0                            LAT/LON1/LON2/DLON/H
  606  640  679  715  739  738  728  702  673  643  613  590  567  543  517  492
  474  459  449  438  426  414  402  393  389  389  388  382  365  341  319  304
  291  284  283  280  276  278  283  295  307  315  315  309  294  274  248  226
  209  195  187  189  206  232  262  299  338  379  418  464  492  525  544  571
  586  598  603  609  617  610  629  624  606                                   
    20.0-180.0 180.0   5.0 450.0                            LAT/LON1/LON2/DLON/H
  625  659  705  750  786  803  807  796  770  733  701  668  641  608  578  545
  520  498  477  459  440  427  415  411  407  405  396  378  356  324  304  281
  273  261  261  253  251  254  264  279  291  300  301  296  281  263  239  220
  205  189  184  187  204  231  262  301  341  381  423  467  506  537  568  595
  616  627  636  638  647  630  662  656  625                                   
    17.5-180.0 180.0   5.0 450.0                            LAT/LON1/LON2/DLON/H
  634  667  710  760  811  844  864  866  847  813  779  743  708  672  636  602
  571  540  512  486  462  446  436  430  427  418  402  372  339  302  278  257
  248  240  234  231  232  239  249  261  272  280  279  274  260  245  225  211
  195  179  174  174  191  215  249  293  330  372  412  461  499  537  572  602
  623  636  644  648  653  641  672  674  634                                   
    15.0-180.0 180.0   5.0 450.0                            LAT/LON1/LON2/DLON/H
  645  676  712  762  821  865  895  910  901  879  851  814  779  737  697  659
  625  587  552  517  490  470  459  453  440  422  389  346  303  266  245  228
  225  218  219  218  226  234  245  253  259  262  258  254  242  231  217  203
  190  174  170  171  189  216  252  288  330  363  409  450  496  532  572  602
  629  646  662  665  674  661  699  700  645                                   
    12.5-180.0 180.0   5.0 450.0                            LAT/LON1/LON2/DLON/H
  654  684  710  753  805  852  881  901  901  892  875  851  823  783  743  702
  665  627  585  548  515  495  480  465  446  412  371  314  271  233  216  208
  209  209  214  221  232  241  249  252  250  245  241  235  228  219  208  196
  182  167  162  166  185  217  247  284  317  356  396  441  486  524  566  597
  625  647  664  677  685  682  713  717  654                                   
    10.0-180.0 180.0   5.0 450.0                            LAT/LON1/LON2/DLON/H
  678  703  721  750  790  821  845  869  876  879  876  863  848  815  779  734
  699  657  616  571  538  509  490  463  425  378  321  268  231  208  203  198
  208  213  226  234  248  257  261  258  249  239  231  226  222  212  202  185
  172  157  153  155  178  207  246  277  313  348  392  437  485  523  564  597
  623  650  670  688  701  707  737  733  678                                   
     7.5-180.0 180.0   5.0 450.0                            LAT/LON1/LON2/DLON/H
  701  735  741  756  772  787  796  812  817  825  829  835  835  814  785  746
  711  672  629  585  546  515  485  447  396  336  278  229  207  201  204  213
