data/unet/pred1080.15i
     1.0            IONOSPHERE MAPS     GNSS                IONEX VERSION / TYPE
pyspatialgeodesy        IME             05-JAN-18 20:20     PGM / RUN BY / DATE 
Map Name                                                    COMMENT             
Predicted global ionosphere maps (GIM).                     DESCRIPTION         
  2015     4    18     0     0     0                        EPOCH OF FIRST MAP  
  2015     4    19     0     0     0                        EPOCH OF LAST MAP   
  7200                                                      INTERVAL            
    13                                                      # OF MAPS IN FILE   
  NONE                                                      MAPPING FUNCTION    
10.0                                                        ELEVATION CUTOFF    
One-way carrier phase leveled to code                       OBSERVABLES USED    
  6371.0                                                    BASE RADIUS         
 2                                                          MAP DIMENSION       
   450.0 450.0   0.0                                        HGT1 / HGT2 / DHGT  
    87.5 -87.5  -2.5                                        LAT1 / LAT2 / DLAT  
  -180.0 180.0   5.0                                        LON1 / LON2 / DLON  
    -1                                                      EXPONENT            
                                                            END OF HEADER       
[from data line 3861]
    10                                                      START OF TEC MAP    
  2015     4    18    18     0     0                        EPOCH OF CURRENT MAP
    87.5-180.0 180.0   5.0 450.0                            LAT/LON1/LON2/DLON/H
  216  189  191  192  192  188  190  187  190  187  190  187  191  188  191  188
  192  188  191  187  190  186  189  185  188  184  186  182  185  180  183  178
  181  176  180  174  178  173  177  172  176  171  175  171  175  172  176  173
  177  175  178  176  180  178  181  179  183  180  184  181  186  183  188  185
  190  187  192  189  193  190  200  196  216                                   
    85.0-180.0 180.0   5.0 450.0                            LAT/LON1/LON2/DLON/H
  183  181  186  190  188  189  186  188  186  188  187  189  188  190  189  191
  190  191  189  190  188  188  186  186  185  184  182  182  180  179  177  177
  175  175  172  174  170  172  168  171  167  170  166  169  166  169  167  170
  169  172  170  173  173  176  175  178  177  181  180  183  183  185  185  187
  187  189  189  189  189  185  193  194  183                                   
    82.5-180.0 180.0   5.0 450.0                            LAT/LON1/LON2/DLON/H
  177  172  181  178  180  179  181  180  182  181  183  182  185  184  187  185
  188  185  188  185  187  183  185  182  182  179  178  177  175  174  171  171
  169  168  166  166  165  165  164  164  163  164  163  163  164  163  164  163
  166  164  167  166  171  169  174  172  177  175  180  177  182  179  183  180
  184  181  185  181  184  174  177  175  177                                   
    80.0-180.0 180.0   5.0 450.0                            LAT/LON1/LON2/DLON/H
  167  168  166  169  167  169  168  171  171  173  173  177  177  180  180  183
  181  184  182  184  181  183  179  180  175  176  171  171  167  167  163  163
  160  161  157  160  157  160  156  160  156  159  156  158  156  157  156  157
  158  159  161  162  166  167  170  171  174  175  177  177  178  179  178  179
  178  179  177  177  175  169  167  169  167                                   
    77.5-180.0 180.0   5.0 450.0                            LAT/LON1/LON2/DLON/H
  161  158  158  156  158  159  161  162  165  166  170  171  174  174  178  178
  180  179  182  181  182  180  181  178  177  173  172  169  167  163  162  159
  158  157  158  157  158  158  159  158  158  157  158  156  156  153  155  152
  154  153  157  156  161  161  166  166  170  170  174  172  175  173  175  172
  173  170  172  168  168  160  158  162  161                                   
    75.0-180.0 180.0   5.0 450.0                            LAT/LON1/LON2/DLON/H
  158  156  152  155  155  159  159  162  163  167  168  172  173  176  177  180
  180  182  183  184  184  184  183  182  179  177  173  171  167  163  161  158
  157  157  158  159  159  163  162  164  161  163  160  159  156  155  153  152
  153  154  155  157  160  162  164  166  168  169  170  170  171  171  170  169
  166  167  165  164  161  157  152  160  158                                   
    72.5-180.0 180.0   5.0 450.0                            LAT/LON1/LON2/DLON/H
  158  154  155  153  157  157  161  161  166  166  170  171  175  175  180  182
  185  184  186  186  189  189  190  189  188  184  181  176  172  168  164  161
  160  160  161  163  164  166  168  167  167  165  163  159  157  155  154  152
  153  152  155  153  159  157  162  160  164  162  165  162  165  162  164  160
  161  158  161  158  158  151  150  157  158                                   
    70.0-180.0 180.0   5.0 450.0                            LAT/LON1/LON2/DLON/H
  159  156  155  159  163  163  166  166  170  170  174  175  179  181  185  188
  191  191  194  194  199  198  203  199  200  194  190  184  179  173  168  164
  162  162  163  166  168  172  171  173  169  169  163  162  156  155  151  151
  149  151  151  152  154  155  156  156  155  155  154  154  153  153  152  151
  149  150  150  152  152  149  146  155  159                                   
    67.5-180.0 180.0   5.0 450.0                            LAT/LON1/LON2/DLON/H
  157  155  160  161  166  166  170  170  174  173  177  178  184  187  194  196
  199  200  203  205  208  211  213  213  211  207  202  196  188  181  175  170
  167  166  167  168  171  172  173  172  170  166  163  158  154  150  148  145
  145  143  146  145  147  146  147  144  144  141  140  137  137  135  136  134
  135  135  139  140  145  141  143  149  157                                   
    65.0-180.0 180.0   5.0 450.0                            LAT/LON1/LON2/DLON/H
  150  153  155  161  167  168  173  172  177  176  181  183  190  194  201  206
  211  211  216  217  221  223  226  225  225  219  215  206  199  190  183  177
  173  171  171  172  173  175  173  172  167  166  159  155  147  145  139  136
  133  134  133  134  135  136  133  131  127  124  120  118  116  115  114  114
  115  118  121  127  131  133  135  144  150                                   
    62.5-180.0 180.0   5.0 450.0                            LAT/LON1/LON2/DLON/H
  138  142  151  155  162  164  170  170  176  175  182  184  194  198  209  213
  221  223  225  228  228  232  232  234  230  228  221  216  207  200  193  188
  183  181  179  179  178  178  175  173  167  164  157  151  144  138  132  127
  124  122  122  121  122  120  119  115  111  106  101   98   95   94   94   95
   97   99  103  110  116  118  125  132  138                                   
    60.0-180.0 180.0   5.0 450.0                            LAT/LON1/LON2/DLON/H
  122  134  140  148  156  158  165  165  172  174  182  185  195  201  212  220
  228  232  235  236  236  237  235  237  233  231  227  220  215  209  206  201
  198  195  193  191  188  185  180  177  170  166  158  153  143  138  128  124
  117  115  112  112  112  111  108  104   98   92   87   82   79   78   78   80
   80   84   87   94   99  104  114  124  122                                   
    57.5-180.0 180.0   5.0 450.0                            LAT/LON1/LON2/DLON/H
  110  121  132  139  148  153  159  162  169  173  181  185  196  203  216  223
  235  237  242  239  238  235  235  233  231  228  224  223  218  218  216  216
  214  213  211  208  204  198  193  187  180  176  169  163  153  145  135  125
  117  112  108  106  105  102  100   96   91   86   80   75   72   70   70   72
   73   75   78   86   89   94  104  108  110                                   
    55.0-180.0 180.0   5.0 450.0                            LAT/LON1/LON2/DLON/H
  104  121  124  138  146  154  160  164  171  176  185  189  200  208  222  231
  241  245  247  243  239  236  232  230  226  224  223  224  227  229  234  235
  237  234  233  228  223  217  210  203  197  192  187  179  170  159  147  135
  124  116  110  107  106  106  104  100   95   88   83   77   75   73   73   73
   75   76   78   83   86   89  102  103  104                                   
    52.5-180.0 180.0   5.0 450.0                            LAT/LON1/LON2/DLON/H
  102  119  127  137  148  156  167  174  180  187  193  199  208  217  230  240
  251  253  254  245  241  233  230  225  221  218  223  227  235  242  250  256
  256  256  253  248  241  233  227  221  216  212  207  200  190  180  165  151
  138  127  119  116  114  114  113  110  106  101   95   90   87   86   85   84
   84   85   88   92   91   93  102   98  102                                   
    50.0-180.0 180.0   5.0 450.0                            LAT/LON1/LON2/DLON/H
  115  136  140  158  166  177  184  192  199  205  212  217  226  231  246  254
  265  265  263  252  244  236  232  227  224  223  230  234  247  253  266  269
  273  270  270  263  258  249  245  237  235  229  227  219  212  198  184  167
  155  141  133  128  128  128  129  128  125  119  114  108  107  106  106  107
  104  105  104  107  105  104  115  110  115                                   
    47.5-180.0 180.0   5.0 450.0                            LAT/LON1/LON2/DLON/H
  129  149  158  173  187  196  205  211  221  228  237  241  246  252  263  273
  281  280  276  262  250  240  236  231  231  231  237  245  257  265  275  278
  281  278  279  274  270  261  256  248  244  239  236  229  222  210  196  182
  169  157  149  145  144  145  147  147  145  141  134  130  129  128  129  129
  127  126  123  123  121  119  128  125  129                                   
    45.0-180.0 180.0   5.0 450.0                            LAT/LON1/LON2/DLON/H
  152  175  184  206  219  230  238  245  255  260  270  271  277  279  290  297
  305  300  292  274  260  250  245  245  244  248  253  261  270  277  283  284
  285  284  286  283  283  274  268  256  251  242  241  232  227  214  206  193
  183  171  165  158  157  157  160  161  161  157  152  149  149  149  152  153
  150  148  142  141  135  136  146  146  152                                   
    42.5-180.0 180.0   5.0 450.0                            LAT/LON1/LON2/DLON/H
  173  193  211  228  246  256  265  273  284  289  299  301  309  311  320  326
  329  323  311  291  276  265  261  260  262  265  269  274  279  283  285  285
  284  285  289  290  293  284  275  261  251  241  236  228  221  212  206  197
  191  182  176  169  168  167  170  170  171  167  165  162  164  163  166  162
  162  157  155  149  148  143  162  164  173                                   
    40.0-180.0 180.0   5.0 450.0                            LAT/LON1/LON2/DLON/H
  191  217  235  260  275  291  300  308  320  326  337  335  341  341  351  354
  355  345  335  313  297  286  281  280  280  283  285  289  290  290  288  288
  287  291  297  303  307  299  290  271  259  243  235  223  217  209  207  202
  200  195  190  183  181  178  181  179  180  177  174  173  173  173  175  170
  168  164  161  156  151  152  169  175  191                                   
    37.5-180.0 180.0   5.0 450.0                            LAT/LON1/LON2/DLON/H
  200  224  249  271  297  309  321  332  349  358  368  366  375  372  384  381
  384  369  363  343  328  315  310  303  303  301  305  305  305  303  299  300
  301  307  316  323  328  319  308  286  265  247  231  220  211  205  203  203
  203  203  199  198  193  191  190  188  190  185  185  179  182  177  178  169
  167  161  157  148  148  149  174  177  200                                   
    35.0-180.0 180.0   5.0 450.0                            LAT/LON1/LON2/DLON/H
  204  236  257  290  307  328  337  354  376  392  404  403  411  409  414  410
  409  396  389  377  370  358  350  338  332  329  331  332  333  333  335  340
  346  359  367  376  372  364  343  317  288  266  247  233  223  216  214  217
  213  208  205  202  197  197  193  192  190  188  185  183  183  183  184  176
  170  163  155  150  144  147  164  175  204                                   
    32.5-180.0 180.0   5.0 450.0                            LAT/LON1/LON2/DLON/H
  200  231  256  281  311  324  345  362  393  412  429  433  443  440  445  438
  439  429  425  416  416  403  397  380  375  369  374  376  381  388  397  411
  424  437  447  448  443  425  403  370  334  300  274  259  244  243  229  229
  219  222  216  224  219  225  222  222  224  221  224  217  215  202  193  175
  175  163  160  141  139  137  154  165  200                                   
    30.0-180.0 180.0   5.0 450.0                            LAT/LON1/LON2/DLON/H
  200  227  250  285  306  333  344  371  398  427  445  455  465  464  468  464
  462  453  454  451  457  447  439  425  420  418  424  439  446  465  481  509
  531  546  552  541  514  491  464  434  394  363  327  304  276  269  250  252
  235  240  239  246  246  248  251  254  258  258  259  251  247  233  221  198
  186  171  159  151  141  145  143  157  200                                   
    27.5-180.0 180.0   5.0 450.0                            LAT/LON1/LON2/DLON/H
  202  228  253  281  310  328  349  373  409  436  462  470  488  486  496  489
  489  481  481  481  490  481  476  464  465  467  480  498  517  545  581  612
  643  651  647  619  585  541  506  473  443  406  361  335  303  296  269  267
  251  258  257  275  292  297  300  302  302  286  276  265  256  246  234  229
  221  204  182  158  150  144  143  158  202                                   
    25.0-180.0 180.0   5.0 450.0                            LAT/LON1/LON2/DLON/H
  210  228  258  280  309  333  349  389  418  454  476  493  510  519  525  522
  518  512  510  511  518  509  502  495  500  513  535  562  596  633  682  724
  745  749  738  702  658  603  556  511  471  437  395  371  337  334  316  317
  309  304  306  320  334  347  352  349  337  321  302  288  270  252  237  227
  219  210  199  177  170  155  154  167  210                                   
    22.5-180.0 180.0   5.0 450.0                            LAT/LON1/LON2/DLON/H
  224  248  263  289  316  334  358  393  432  462  493  514  538  550  561  554
  555  547  546  545  546  536  527  526  539  561  599  635  681  723  763  802
  821  826  800  756  696  640  586  529  483  448  411  391  365  370  359  361
  348  349  356  381  385  408  409  402  385  363  339  313  294  265  255  239
  236  226  213  202  181  181  172  176  224                                   
    20.0-180.0 180.0   5.0 450.0                            LAT/LON1/LON2/DLON/H
  242  254  269  291  324  341  368  405  444  486  511  546  566  589  597  599
  590  584  576  581  580  573  563  575  596  638  682  727  756  795  832  862
  867  863  827  781  713  650  581  525  480  444  415  395  379  370  370  364
  373  365  390  403  418  439  442  446  431  400  368  332  307  277  259  245
  237  230  221  205  189  175  183  193  242                                   
    17.5-180.0 180.0   5.0 450.0                            LAT/LON1/LON2/DLON/H
  249  264  281  311  332  361  385  429  467  504  534  568  595  615  629  633
  636  623  620  616  620  616  613  636  671  723  755  790  812  849  866  887
  881  867  824  770  705  626  558  496  452  414  387  375  366  367  381  385
  404  407  431  445  454  469  473  471  449  422  381  345  316  281  268  249
  247  236  228  214  196  186  182  201  249                                   
    15.0-180.0 180.0   5.0 450.0                            LAT/LON1/LON2/DLON/H
  248  256  284  306  344  367  400  434  476  513  546  582  607  632  645  658
  659  660  656  658  662  665  680  710  756  795  823  848  860  879  877  887
  874  851  803  749  687  601  533  467  420  375  355  339  351  356  390  400
  428  431  455  466  473  476  470  465  441  425  388  345  307  278  261  246
  244  230  223  207  195  180  180  193  248                                   
    12.5-180.0 180.0   5.0 450.0                            LAT/LON1/LON2/DLON/H
  230  246  276  311  345  380  411  449  485  519  557  591  626  653  672  682
  689  687  691  693  708  717  743  778  813  851  869  888  882  882  867  865
  843  816  775  721  659  579  517  452  394  352  325  326  342  366  411  434
  464  473  482  476  469  464  448  426  406  378  351  321  295  268  254  242
  237  225  211  198  183  171  164  187  230                                   
    10.0-180.0 180.0   5.0 450.0                            LAT/LON1/LON2/DLON/H
  217  231  268  306  348  387  427  467  505  535  574  610  641  668  693  706
  718  719  724  728  738  751  774  818  856  891  909  911  895  882  862  847
  817  789  751  701  647  580  521  445  389  341  326  319  351  377  436  461
  496  498  494  485  456  447  414  396  362  342  302  285  251  250  235  225
  219  204  197  183  168  160  155  174  217                                   
     7.5-180.0 180.0   5.0 450.0                            LAT/LON1/LON2/DLON/H
  198  217  254  302  353  394  443  492  527  565  596  624  658  686  715  729
  747  750  753  752  769  781  817  857  891  919  917  909  885  869  848  828
