data/unet/pred2080.15i
     1.0            IONOSPHERE MAPS     GNSS                IONEX VERSION / TYPE
pyspatialgeodesy        IME             05-JAN-18 20:20     PGM / RUN BY / DATE 
Map Name                                                    COMMENT             
Predicted global ionosphere maps (GIM).                     DESCRIPTION         
  2015     7    27     0     0     0                        EPOCH OF FIRST MAP  
  2015     7    28     0     0     0                        EPOCH OF LAST MAP   
  7200                                                      INTERVAL            
    13                                                      # OF MAPS IN FILE   
  NONE                                                      MAPPING FUNCTION    
10.0                                                        ELEVATION CUTOFF    
One-way carrier phase leveled to code                       OBSERVABLES USED    
  6371.0                                                    BASE RADIUS         
 2                                                          MAP DIMENSION       
   450.0 450.0   0.0                                        HGT1 / HGT2 / DHGT  
    87.5 -87.5  -2.5                                        LAT1 / LAT2 / DLAT  
  -180.0 180.0   5.0                                        LON1 / LON2 / DLON  
    -1                                                      EXPONENT            
                                                            END OF HEADER       
[from data line 3003]
     8                                                      START OF TEC MAP    
  2015     7    27    14     0     0                        EPOCH OF CURRENT MAP
    87.5-180.0 180.0   5.0 450.0                            LAT/LON1/LON2/DLON/H
  114  130  136  135  134  133  132  133  132  133  132  132  132  132  132  132
  132  133  133  133  133  133  133  133  132  132  131  130  129  129  128  128
  127  128  127  127  127  127  127  128  127  128  128  129  129  130  130  131
  131  133  133  134  134  134  134  135  134  135  134  134  133  134  133  134
  134  135  135  135  133  135  145  128  114                                   
    85.0-180.0 180.0   5.0 450.0                            LAT/LON1/LON2/DLON/H
  118  126  121  120  121  121  121  120  121  121  121  121  121  121  121  122
  122  123  123  124  124  125  124  124  123  123  122  121  120  120  118  118
  116  116  115  114  114  114  114  113  113  113  113  113  114  115  116  116
  118  118  120  120  122  122  123  122  123  122  122  122  122  121  121  121
  121  121  122  122  123  122  127  127  118                                   
    82.5-180.0 180.0   5.0 450.0                            LAT/LON1/LON2/DLON/H
  123  118  119  118  120  117  120  117  120  117  120  116  121  117  121  117
  122  119  124  121  125  123  127  124  127  124  126  123  124  122  121  119
  118  116  114  113  111  110  109  108  108  107  108  107  110  108  112  110
  115  113  117  115  120  118  122  119  122  120  122  120  121  120  120  119
  120  120  120  120  120  118  127  114  123                                   
    80.0-180.0 180.0   5.0 450.0                            LAT/LON1/LON2/DLON/H
  113  110  109  113  112  113  113  114  114  115  115  116  115  116  116  118
  117  120  119  122  121  124  123  126  124  127  124  127  123  126  121  122
  117  118  112  113  107  109  104  105  102  105  103  105  105  109  110  113
  114  117  118  120  120  122  122  123  122  123  121  121  120  119  118  117
  117  116  115  115  114  112  110  112  113                                   
    77.5-180.0 180.0   5.0 450.0                            LAT/LON1/LON2/DLON/H
  103  103  101  103  104  106  107  108  108  108  108  109  109  110  109  111
  111  113  114  116  116  118  120  121  122  123  124  125  125  124  124  122
  119  117  114  111  107  105  102  101   98  101  100  104  104  109  110  115
  115  120  120  123  122  123  122  122  120  119  117  117  114  113  111  111
  109  109  107  107  104  101  103  104  103                                   
    75.0-180.0 180.0   5.0 450.0                            LAT/LON1/LON2/DLON/H
   96   94   94   98  100  102  104  104  105  105  106  105  106  106  107  107
  108  109  111  111  114  115  118  118  121  121  125  124  127  125  127  123
  123  119  117  112  109  105  103  100   99  100  102  103  108  110  116  117
  123  122  127  124  127  123  125  120  121  117  117  113  113  110  110  107
  107  105  104  100  100   95   94  103   96                                   
    72.5-180.0 180.0   5.0 450.0                            LAT/LON1/LON2/DLON/H
   89   89   88   92   95   98  100  101  101  102  102  102  101  102  102  103
  103  104  106  108  109  111  113  115  117  120  122  124  126  128  129  129
  126  125  121  117  113  110  106  105  102  105  105  110  112  119  121  126
  126  130  128  130  127  127  122  122  117  116  112  111  108  107  104  104
  100  101   97   96   92   88   91   97   89                                   
    70.0-180.0 180.0   5.0 450.0                            LAT/LON1/LON2/DLON/H
   85   81   82   87   92   95   99   99  101  100  101  100  101  100  101  100
  101  101  103  103  106  106  108  109  111  114  117  119  122  124  127  126
  126  124  122  118  115  111  108  106  105  107  110  113  118  122  127  128
  132  131  132  129  128  124  122  118  116  113  112  110  109  106  105  102
  101   97   96   90   90   83   84   94   85                                   
    67.5-180.0 180.0   5.0 450.0                            LAT/LON1/LON2/DLON/H
   80   78   78   81   86   92   95   98   99  100  101  102  102  101  101  101
  100  100  100  101  101  102  103  105  105  109  111  115  117  122  123  127
  126  127  124  122  118  115  112  112  111  115  117  123  125  131  132  137
  136  137  133  132  127  125  120  119  114  114  111  111  109  108  105  104
   99   98   93   91   85   78   81   87   80                                   
    65.0-180.0 180.0   5.0 450.0                            LAT/LON1/LON2/DLON/H
   78   74   74   78   84   89   94   96   99  100  102  102  104  103  103  102
  101  100   99   99   99   99   99   99  100  101  103  106  110  113  117  120
  123  123  123  120  118  115  114  114  115  119  123  127  132  135  139  139
  140  137  135  129  127  122  120  116  116  114  114  112  113  109  110  104
  104   98   96   88   86   76   77   85   78                                   
    62.5-180.0 180.0   5.0 450.0                            LAT/LON1/LON2/DLON/H
   74   72   71   74   79   86   88   94   96  100  101  105  105  106  106  105
  103  102  100   99   98   98   97   98   97   98   99  102  105  110  114  119
  120  123  122  122  119  119  118  120  121  128  132  138  140  145  143  146
  142  141  135  133  127  126  120  121  118  120  117  118  115  114  110  108
  102  100   93   90   82   74   75   77   74                                   
    60.0-180.0 180.0   5.0 450.0                            LAT/LON1/LON2/DLON/H
   74   69   67   72   78   82   86   90   94   96  100  102  106  106  107  105
  105  102  100   98   97   97   97   96   96   95   96   97  101  104  110  114
  118  120  121  120  119  119  120  123  126  132  137  142  145  145  147  144
  145  139  137  132  130  125  125  123  124  123  124  121  121  115  114  107
  105   98   96   87   84   72   73   76   74                                   
    57.5-180.0 180.0   5.0 450.0                            LAT/LON1/LON2/DLON/H
   73   70   68   70   75   79   82   85   87   92   95  101  104  107  108  107
  106  103  102  100   99   99   99   99   98   98   98   99  102  106  111  116
  119  123  123  123  122  124  125  131  135  143  147  152  152  153  150  149
  146  144  139  138  134  133  130  132  131  132  130  128  124  119  112  107
  101   98   92   88   80   72   72   70   73                                   
    55.0-180.0 180.0   5.0 450.0                            LAT/LON1/LON2/DLON/H
   74   68   65   70   74   77   80   81   84   87   92   95  100  102  106  105
  105  101  101   99  100   99  101  102  102  101  102  101  105  107  113  116
  120  122  124  124  125  127  131  136  142  149  154  157  157  155  153  148
  148  144  144  140  141  138  139  138  138  137  136  131  127  118  114  106
  102   96   93   86   83   72   72   73   74                                   
    52.5-180.0 180.0   5.0 450.0                            LAT/LON1/LON2/DLON/H
   77   73   69   71   75   77   78   80   81   85   87   93   97  102  104  106
  105  103  103  102  103  104  106  108  109  109  109  109  111  115  119  124
  127  129  131  132  133  137  140  147  152  160  163  166  163  162  156  155
  152  153  151  152  150  151  149  150  147  147  141  138  129  122  112  105
   98   95   90   88   82   75   75   74   77                                   
    50.0-180.0 180.0   5.0 450.0                            LAT/LON1/LON2/DLON/H
   83   75   71   76   78   79   81   80   82   83   87   89   95   97  101  102
  105  102  104  103  106  106  110  112  114  115  116  116  118  120  125  127
  131  132  136  137  141  144  150  155  161  167  170  171  169  165  162  159
  159  158  160  160  160  159  158  156  154  151  147  140  132  122  114  105
  100   95   94   88   87   78   80   81   83                                   
    47.5-180.0 180.0   5.0 450.0                            LAT/LON1/LON2/DLON/H
   89   84   80   79   81   82   83   83   84   85   86   91   93   99  102  106
  107  108  108  110  111  114  115  119  121  123  124  125  126  129  132  135
  138  141  145  149  152  157  162  168  172  178  179  181  176  175  170  170
  168  171  169  173  170  170  166  166  161  159  150  146  135  127  115  109
  101   99   95   93   89   86   87   85   89                                   
    45.0-180.0 180.0   5.0 450.0                            LAT/LON1/LON2/DLON/H
   99   90   85   87   86   87   87   87   88   88   91   91   96   98  103  105
  110  111  114  114  116  117  120  122  125  127  129  130  133  133  137  138
  145  146  154  157  164  168  175  179  184  188  189  188  185  182  180  179
  180  181  181  181  178  176  172  169  166  161  155  148  141  131  123  115
  110  106  104   99   99   92   95   96   99                                   
    42.5-180.0 180.0   5.0 450.0                            LAT/LON1/LON2/DLON/H
  103   97   93   90   89   89   90   90   92   94   95   99  100  104  106  112
  115  120  121  124  124  124  125  126  129  131  134  136  138  139  142  145
  150  155  163  171  178  186  191  196  198  202  201  201  197  197  193  195
  193  196  193  194  188  186  178  176  170  167  159  156  146  141  131  125
  117  115  110  108  104  104  106  102  103                                   
    40.0-180.0 180.0   5.0 450.0                            LAT/LON1/LON2/DLON/H
  112  101   95   94   93   92   94   94   98   99  103  105  109  109  114  116
  123  125  130  130  131  128  129  127  132  133  138  139  144  143  148  149
  158  163  176  184  195  202  209  212  215  214  214  211  209  208  207  206
  206  205  203  199  193  187  182  177  173  168  163  159  154  149  144  137
  132  126  124  117  117  110  113  110  112                                   
    37.5-180.0 180.0   5.0 450.0                            LAT/LON1/LON2/DLON/H
  116  105   98   92   92   91   92   95   98  104  107  113  116  120  121  127
  131  137  139  141  139  136  134  132  135  138  143  146  149  150  154  158
  166  177  189  202  214  222  228  230  231  230  227  225  223  223  222  222
  221  218  213  207  199  193  184  181  175  172  164  166  160  160  153  149
  140  137  130  127  122  120  123  114  116                                   
    35.0-180.0 180.0   5.0 450.0                            LAT/LON1/LON2/DLON/H
  119  103   94   90   88   88   89   94   98  106  112  119  125  128  132  135
  141  144  148  148  147  142  139  135  138  141  148  152  158  159  166  170
  182  193  210  223  237  246  252  253  251  248  244  241  239  238  239  237
  236  230  224  214  206  196  189  183  178  172  167  167  166  166  162  157
  151  144  139  133  131  124  125  119  119                                   
    32.5-180.0 180.0   5.0 450.0                            LAT/LON1/LON2/DLON/H
  119  103   94   84   80   78   82   86   93  101  109  121  129  136  139  144
  149  154  156  157  155  150  147  143  146  149  157  161  166  171  177  187
  200  214  231  247  261  269  273  272  270  267  263  260  258  256  256  252
  250  243  236  224  216  205  198  190  183  175  168  171  168  171  166  163
  152  149  140  136  131  128  132  123  119                                   
    30.0-180.0 180.0   5.0 450.0                            LAT/LON1/LON2/DLON/H
  121  101   91   83   78   76   76   82   87   96  106  119  132  141  147  150
  156  158  162  163  161  157  152  150  152  156  165  171  180  185  195  204
  221  237  258  274  288  293  296  294  293  291  288  285  282  278  276  270
  266  257  251  239  232  221  213  202  194  183  174  171  170  172  168  164
  155  148  143  138  135  129  129  127  121                                   
    27.5-180.0 180.0   5.0 450.0                            LAT/LON1/LON2/DLON/H
  123  104   96   86   77   72   73   75   80   88   98  112  129  143  149  156
  160  166  168  171  169  166  162  159  163  166  174  182  190  200  211  225
  243  266  285  302  310  313  313  311  309  309  308  307  303  299  293  287
  281  272  268  255  249  236  227  213  202  188  178  172  169  169  165  161
  151  147  139  137  133  132  135  130  123                                   
    25.0-180.0 180.0   5.0 450.0                            LAT/LON1/LON2/DLON/H
  128  109   99   91   82   77   72   73   74   82   92  108  124  140  151  158
  163  168  171  174  171  172  166  167  169  175  184  194  205  215  231  248
  271  293  313  326  333  332  332  329  329  329  330  329  326  322  315  309
  302  296  288  279  269  257  242  227  212  195  183  174  167  164  161  155
  150  145  141  139  137  134  132  134  128                                   
    22.5-180.0 180.0   5.0 450.0                            LAT/LON1/LON2/DLON/H
  131  114  107   99   90   84   81   76   76   78   88  102  121  131  147  153
  162  169  174  180  178  179  177  172  179  181  192  204  216  231  248  269
  292  314  329  341  342  342  338  338  338  341  342  343  341  339  332  328
  321  316  306  293  282  267  250  232  215  198  185  173  166  158  155  149
  145  143  139  138  135  135  136  134  131                                   
    20.0-180.0 180.0   5.0 450.0                            LAT/LON1/LON2/DLON/H
  131  120  113  107  100   96   88   84   78   80   85   99  117  131  145  152
  158  168  172  182  179  185  181  183  186  193  203  217  232  247  268  286
  310  328  342  351  351  351  348  350  350  354  355  359  359  358  349  348
  339  334  322  310  292  276  256  237  219  202  187  176  165  156  151  146
  144  142  140  138  136  133  130  135  131                                   
    17.5-180.0 180.0   5.0 450.0                            LAT/LON1/LON2/DLON/H
  132  120  116  113  106  103  100   92   88   84   88   98  116  129  145  153
  160  169  175  185  189  190  192  188  195  202  213  229  246  263  284  301
  322  338  348  356  353  355  352  356  356  362  362  368  367  368  358  358
  347  343  329  313  294  274  253  234  217  200  187  174  164  154  150  147
  145  144  139  136  129  126  126  129  132                                   
    15.0-180.0 180.0   5.0 450.0                            LAT/LON1/LON2/DLON/H
  128  117  114  113  111  111  104  100   90   89   89   98  114  127  141  148
  157  165  174  186  190  199  197  203  207  217  229  244  264  281  300  315
  333  347  356  360  360  363  363  366  366  373  372  380  379  381  370  366
  357  349  335  317  294  273  251  233  216  202  187  176  164  156  153  150
  150  147  142  134  128  120  115  122  128                                   
    12.5-180.0 180.0   5.0 450.0                            LAT/LON1/LON2/DLON/H
  122  110  107  108  104  105  105   99   94   90   92  100  113  129  141  153
  159  171  179  192  198  203  207  210  218  230  244  263  281  299  316  328
  344  355  363  367  366  372  371  377  374  381  379  384  381  382  371  368
  357  349  332  311  288  266  244  228  213  200  186  175  163  157  155  157
  156  154  143  135  122  113  111  116  122                                   
    10.0-180.0 180.0   5.0 450.0                            LAT/LON1/LON2/DLON/H
  116  102   98   99   98  101   99   99   93   92   92   98  111  124  136  148
  159  171  182  193  199  208  215  226  234  247  261  279  301  317  333  343
  355  364  370  374  375  378  378  381  378  383  379  384  380  381  371  367
  356  345  326  306  282  259  239  222  209  196  183  173  163  158  160  161
  162  155  150  134  125  111  104  106  116                                   
     7.5-180.0 180.0   5.0 450.0                            LAT/LON1/LON2/DLON/H
  110   93   87   90   84   87   89   90   88   88   89   97  107  121  133  149
  159  177  185  202  203  218  222  237  245  263  278  300  319  334  348  355
