data/unet/pred0700.15i
     1.0            IONOSPHERE MAPS     GNSS                IONEX VERSION / TYPE
pyspatialgeodesy        IME             05-JAN-18 20:20     PGM / RUN BY / DATE 
Map Name                                                    COMMENT             
Predicted global ionosphere maps (GIM).                     DESCRIPTION         
  2015     3    11     0     0     0                        EPOCH OF FIRST MAP  
  2015     3    12     0     0     0                        EPOCH OF LAST MAP   
  7200                                                      INTERVAL            
    13                                                      # OF MAPS IN FILE   
  NONE                                                      MAPPING FUNCTION    
10.0                                                        ELEVATION CUTOFF    
One-way carrier phase leveled to code                       OBSERVABLES USED    
  6371.0                                                    BASE RADIUS         
 2                                                          MAP DIMENSION       
   450.0 450.0   0.0                                        HGT1 / HGT2 / DHGT  
    87.5 -87.5  -2.5                                        LAT1 / LAT2 / DLAT  
  -180.0 180.0   5.0                                        LON1 / LON2 / DLON  
    -1                                                      EXPONENT            
                                                            END OF HEADER       
[from data line 429]
     2                                                      START OF TEC MAP    
  2015     3    11     2     0     0                        EPOCH OF CURRENT MAP
    87.5-180.0 180.0   5.0 450.0                            LAT/LON1/LON2/DLON/H
  161  164  156  153  154  151  152  150  154  152  154  152  155  154  155  154
  155  154  154  153  152  151  149  148  148  147  145  144  143  142  142  140
  141  140  141  139  141  140  142  141  143  143  144  144  146  145  146  146
  147  148  149  150  152  154  156  158  161  163  164  166  167  168  168  168
  168  168  166  167  170  167  171  184  161                                   
    85.0-180.0 180.0   5.0 450.0                            LAT/LON1/LON2/DLON/H
  166  175  161  163  162  160  159  158  159  157  158  157  160  158  160  158
  159  157  157  155  154  152  150  148  147  145  142  140  138  137  135  134
  133  133  132  132  132  133  133  134  134  136  136  137  138  139  140  141
  143  143  146  147  151  153  157  159  164  166  170  171  175  176  178  177
  180  178  179  178  183  175  183  187  166                                   
    82.5-180.0 180.0   5.0 450.0                            LAT/LON1/LON2/DLON/H
  168  170  166  170  164  162  159  161  160  161  159  162  162  165  163  165
  164  164  162  160  159  155  152  149  146  141  137  133  129  126  123  121
  120  119  119  119  120  120  121  121  123  124  126  127  130  131  134  135
  138  140  144  146  150  153  158  163  169  172  177  180  185  186  190  190
  193  191  193  193  196  189  192  188  168                                   
    80.0-180.0 180.0   5.0 450.0                            LAT/LON1/LON2/DLON/H
  181  177  179  173  173  166  167  164  165  162  165  164  169  168  170  169
  170  167  167  162  161  155  153  146  143  135  131  123  120  113  112  108
  108  106  108  107  110  109  112  111  115  114  119  117  123  121  127  126
  133  132  139  140  149  150  160  163  174  177  186  190  199  201  207  208
  212  212  214  212  212  203  203  199  181                                   
    77.5-180.0 180.0   5.0 450.0                            LAT/LON1/LON2/DLON/H
  193  194  192  187  177  173  168  167  164  164  164  167  168  170  170  171
  169  168  165  162  156  153  147  142  134  129  121  117  110  109  105  105
  102  104  103  105  105  107  109  110  111  111  113  112  113  113  115  117
  119  122  127  131  137  145  154  164  173  182  190  200  207  214  217  221
  225  227  229  228  227  220  219  215  193                                   
    75.0-180.0 180.0   5.0 450.0                            LAT/LON1/LON2/DLON/H
  207  205  203  194  184  177  172  169  167  166  167  166  167  165  167  163
  163  157  157  150  148  141  138  130  126  118  114  107  105  100  100   97
   99   97   99   99  101  101  104  103  106  103  105  102  104  101  104  102
  106  107  112  116  125  133  146  156  170  178  190  199  211  216  225  227
  234  235  238  238  237  235  236  232  207                                   
    72.5-180.0 180.0   5.0 450.0                            LAT/LON1/LON2/DLON/H
  227  226  222  212  198  189  181  176  173  171  170  168  166  161  158  153
  148  143  139  135  130  128  123  121  115  112  107  104   99   98   96   97
   96   97   97   98   97   99   99   99   99   97   98   95   93   91   92   91
   92   93   98  102  110  121  134  148  162  175  185  197  207  214  222  227
  233  236  242  243  247  248  251  249  227                                   
    70.0-180.0 180.0   5.0 450.0                            LAT/LON1/LON2/DLON/H
  242  243  236  223  209  199  191  187  183  182  178  176  170  162  155  146
  139  133  128  124  121  120  118  115  112  109  105  101   99   96   96   95
   96   95   96   94   95   93   94   92   93   90   90   86   86   82   83   81
   83   84   89   94  104  116  132  147  164  175  187  198  209  214  223  226
  234  235  243  248  253  259  265  265  242                                   
    67.5-180.0 180.0   5.0 450.0                            LAT/LON1/LON2/DLON/H
  259  262  253  239  224  214  204  198  193  190  185  178  169  158  146  135
  124  117  112  111  110  113  112  113  109  107  101   99   94   94   91   93
   90   91   88   88   85   85   82   82   79   78   76   74   71   69   70   70
   72   76   83   91  101  116  133  151  167  183  192  204  212  217  222  223
  229  231  240  245  256  265  273  274  259                                   
    65.0-180.0 180.0   5.0 450.0                            LAT/LON1/LON2/DLON/H
  267  269  263  247  233  220  211  206  204  200  195  188  176  162  146  132
  120  112  108  108  109  112  113  112  109  104   99   93   91   88   88   86
   86   83   81   78   76   73   73   71   72   69   70   66   65   62   65   65
   71   76   86   95  109  125  146  162  180  193  206  215  222  225  227  226
  230  230  238  243  255  266  275  279  267                                   
    62.5-180.0 180.0   5.0 450.0                            LAT/LON1/LON2/DLON/H
  274  277  269  254  239  226  217  212  210  207  202  192  178  161  143  128
  114  109  106  109  111  115  114  114  107  103   93   89   83   83   79   81
   76   76   70   69   62   62   59   61   59   61   59   59   56   56   57   62
   68   77   87  100  116  135  154  173  192  210  220  231  238  239  239  235
  235  234  238  243  255  267  276  281  274                                   
    60.0-180.0 180.0   5.0 450.0                            LAT/LON1/LON2/DLON/H
  278  278  272  257  242  227  218  213  213  210  206  197  182  166  147  134
  122  117  116  119  120  122  119  115  107   99   90   83   79   77   77   74
   73   68   64   59   57   55   56   56   60   59   62   59   59   58   60   66
   73   83   96  112  129  148  168  186  208  224  239  250  258  261  259  256
  253  249  249  250  260  267  274  281  278                                   
    57.5-180.0 180.0   5.0 450.0                            LAT/LON1/LON2/DLON/H
  283  285  276  262  246  231  221  215  213  211  208  197  185  168  154  141
  132  130  129  131  131  129  123  116  105   97   86   81   74   75   72   73
   69   67   60   59   54   57   56   61   61   64   63   63   60   61   62   69
   77   88  102  119  136  157  175  198  220  242  258  275  285  291  292  287
  282  274  269  267  272  277  278  285  283                                   
    55.0-180.0 180.0   5.0 450.0                            LAT/LON1/LON2/DLON/H
  295  292  287  271  255  238  226  218  215  210  206  198  185  173  160  153
  146  145  143  142  139  135  125  117  106   97   89   82   79   77   77   75
   74   68   65   62   61   62   66   68   74   74   76   72   70   68   68   75
   83   95  111  129  148  166  186  207  232  253  273  290  305  315  322  322
  320  313  305  297  299  296  290  296  295                                   
    52.5-180.0 180.0   5.0 450.0                            LAT/LON1/LON2/DLON/H
  311  311  302  289  271  255  238  229  221  214  208  197  188  176  169  163
  160  158  155  150  144  136  126  117  107  101   93   89   85   84   82   82
   78   76   71   71   70   73   76   81   86   87   86   83   79   76   76   82
   90  103  119  138  155  176  192  218  240  266  285  305  322  336  347  354
  354  351  345  338  334  324  310  312  311                                   
    50.0-180.0 180.0   5.0 450.0                            LAT/LON1/LON2/DLON/H
  337  335  331  316  296  278  258  244  232  220  210  199  188  181  174  172
  169  167  160  153  143  135  125  120  113  110  106  102   98   95   93   90
   88   84   84   83   86   88   93   96  102  101  101   97   93   89   87   92
   99  112  129  149  168  184  203  223  247  267  288  307  327  344  360  368
  376  376  374  367  367  351  331  326  337                                   
    47.5-180.0 180.0   5.0 450.0                            LAT/LON1/LON2/DLON/H
  356  361  356  347  327  310  284  269  250  234  218  203  192  182  180  176
  175  169  161  150  141  133  126  124  122  121  117  114  109  105   99   97
   93   92   92   93   96   99  105  107  112  112  112  106  104   99   98  102
  110  123  140  160  177  195  211  234  254  277  290  310  329  345  361  373
  382  386  388  384  382  364  342  337  356                                   
    45.0-180.0 180.0   5.0 450.0                            LAT/LON1/LON2/DLON/H
  375  383  383  375  361  344  319  300  275  254  232  216  201  192  185  183
  177  170  159  149  140  136  133  135  134  135  130  127  117  110  102   97
   96   94   98  100  105  110  116  118  122  122  122  118  116  112  111  113
  120  133  152  173  191  206  224  242  263  279  294  310  327  342  356  366
  380  384  390  389  390  375  351  341  375                                   
    42.5-180.0 180.0   5.0 450.0                            LAT/LON1/LON2/DLON/H
  379  386  387  388  380  367  345  327  300  275  248  229  212  201  192  185
  179  168  159  149  145  143  143  146  147  143  138  128  117  104   97   91
   91   92   98  100  109  113  121  123  128  126  128  124  124  121  121  123
  130  143  161  183  201  220  236  256  274  290  301  315  331  339  353  361
  373  377  386  383  387  372  353  346  379                                   
    40.0-180.0 180.0   5.0 450.0                            LAT/LON1/LON2/DLON/H
  385  390  389  389  387  378  360  345  319  294  263  243  225  213  200  194
  183  173  163  158  158  159  161  162  158  152  138  128  114  103   94   91
   92   96  100  107  112  118  125  128  131  131  133  131  133  130  130  130
  137  150  170  193  213  234  251  269  285  300  310  324  334  342  351  357
  368  372  380  382  387  380  360  349  385                                   
    37.5-180.0 180.0   5.0 450.0                            LAT/LON1/LON2/DLON/H
  386  383  380  375  377  371  361  349  330  308  278  258  239  225  212  200
  190  180  176  172  178  180  182  176  167  149  136  117  108   96   96   94
  101  105  112  115  121  122  132  133  138  135  138  135  138  134  134  132
  139  150  168  191  214  237  257  276  294  307  320  331  343  350  358  361
  370  372  386  388  400  395  378  362  386                                   
    35.0-180.0 180.0   5.0 450.0                            LAT/LON1/LON2/DLON/H
  403  396  383  372  369  366  360  352  338  319  293  271  253  239  223  212
  200  193  190  192  199  201  199  187  169  153  136  127  119  117  115  121
  125  131  132  135  132  135  137  141  142  141  142  140  141  138  135  133
  137  149  166  190  212  235  255  277  295  315  330  346  358  369  378  377
  383  386  398  409  426  432  417  387  403                                   
    32.5-180.0 180.0   5.0 450.0                            LAT/LON1/LON2/DLON/H
  433  425  406  383  375  365  361  352  345  329  307  287  268  252  237  222
  212  205  206  209  218  217  209  186  165  142  136  130  139  144  155  164
  174  179  178  173  166  158  159  154  155  149  147  140  140  134  130  126
  129  140  158  181  203  224  246  267  288  310  328  353  373  389  402  406
  412  413  429  442  466  478  469  439  433                                   
    30.0-180.0 180.0   5.0 450.0                            LAT/LON1/LON2/DLON/H
  493  483  459  427  405  391  377  370  359  344  322  303  282  266  249  236
  221  216  215  219  224  220  205  186  168  160  159  169  183  197  210  224
  234  232  227  212  199  183  176  169  163  156  149  143  140  133  127  123
  126  136  155  176  197  218  242  267  293  318  338  369  391  418  434  447
  451  458  473  490  517  537  531  514  493                                   
    27.5-180.0 180.0   5.0 450.0                            LAT/LON1/LON2/DLON/H
  571  559  534  488  457  427  409  392  382  361  340  320  301  283  266  248
  234  223  223  220  222  209  197  179  175  178  194  224  251  288  296  314
  306  295  268  247  226  210  195  186  173  163  149  139  129  121  112  109
  114  127  149  168  190  210  241  270  301  330  354  387  419  451  473  493
  503  518  534  555  581  606  611  616  571                                   
    25.0-180.0 180.0   5.0 450.0                            LAT/LON1/LON2/DLON/H
  665  679  645  592  541  497  458  437  419  399  372  348  325  305  283  263
  241  228  219  213  207  200  191  191  201  223  260  311  350  381  387  389
  371  344  308  275  247  217  204  190  176  163  146  135  122  113  104  105
  110  122  144  165  194  224  262  295  324  353  375  409  442  490  517  546
  561  578  602  623  656  680  701  721  665                                   
    22.5-180.0 180.0   5.0 450.0                            LAT/LON1/LON2/DLON/H
  761  784  751  695  642  582  532  492  468  438  414  386  363  336  311  285
  259  236  221  208  203  195  197  214  242  300  344  408  437  468  458  450
  414  378  328  291  252  224  200  192  170  157  132  120  106   98   94   96
  109  124  150  170  207  237  281  309  349  375  403  434  476  521  552  590
  610  638  668  693  723  750  790  816  761                                   
    20.0-180.0 180.0   5.0 450.0                            LAT/LON1/LON2/DLON/H
  851  861  844  798  745  687  633  587  549  509  472  443  418  391  358  322
  287  258  232  216  207  208  221  263  320  390  440  487  511  516  496  467
  432  383  338  294  253  218  193  182  162  144  122  109   99   92   90   98
  109  130  153  182  218  256  291  329  364  399  424  466  501  553  584  625
  653  682  720  737  778  793  855  876  851                                   
    17.5-180.0 180.0   5.0 450.0                            LAT/LON1/LON2/DLON/H
  905  934  921  884  831  769  714  673  628  581  537  504  475  451  419  378
  336  298  267  248  240  248  273  343  414  492  535  564  566  545  510  467
  424  378  330  281  239  208  180  164  140  122  108   95   89   84   91   94
  112  128  162  191  236  273  317  355  396  428  458  496  534  573  601  644
  669  706  739  769  805  817  876  901  905                                   
    15.0-180.0 180.0   5.0 450.0                            LAT/LON1/LON2/DLON/H
  924  954  962  936  906  847  793  750  714  664  612  572  545  519  491  454
  410  367  329  313  309  336  376  453  519  578  593  596  564  522  468  415
  379  334  297  248  214  183  160  144  121  105   95   91   89   86   87   95
  110  136  161  201  244  290  329  376  414  451  485  524  558  588  615  649
  674  714  741  773  806  801  851  887  924                                   
    12.5-180.0 180.0   5.0 450.0                            LAT/LON1/LON2/DLON/H
  901  940  962  958  936  898  849  807  771  730  680  641  611  585  556  524
  487  453  422  414  419  455  501  566  618  638  635  592  541  470  405  360
  325  290  248  220  186  162  144  130  112   95   93   92   93   86   91   91
  107  124  162  205  250  294  344  389  434  473  510  547  571  600  614  645
  665  695  725  757  787  774  804  850  901                                   
    10.0-180.0 180.0   5.0 450.0                            LAT/LON1/LON2/DLON/H
  855  891  926  945  942  913  886  853  814  777  740  704  677  653  621  595
  565  547  534  542  561  597  632  673  684  669  612  548  470  393  337  299
  271  243  216  190  165  152  140  133  115  108  105  109  104  100   94   97
  107  128  162  207  252  300  350  396  439  480  520  554  583  601  626  647
  662  686  708  738  762  745  761  800  855                                   
     7.5-180.0 180.0   5.0 450.0                            LAT/LON1/LON2/DLON/H
  801  839  878  914  923  915  893  873  846  809  783  757  734  715  687  664
  639  637  641  665  691  722  739  738  707  646  561  475  396  330  285  261
