data/unet/pred2890.15i
     1.0            IONOSPHERE MAPS     GNSS                IONEX VERSION / TYPE
pyspatialgeodesy        IME             05-JAN-18 20:20     PGM / RUN BY / DATE 
Map Name                                                    COMMENT             
Predicted global ionosphere maps (GIM).                     DESCRIPTION         
  2015    10    16     0     0     0                        EPOCH OF FIRST MAP  
  2015    10    17     0     0     0                        EPOCH OF LAST MAP   
  7200                                                      INTERVAL            
    13                                                      # OF MAPS IN FILE   
  NONE                                                      MAPPING FUNCTION    
10.0                                                        ELEVATION CUTOFF    
One-way carrier phase leveled to code                       OBSERVABLES USED    
  6371.0                                                    BASE RADIUS         
 2                                                          MAP DIMENSION       
   450.0 450.0   0.0                                        HGT1 / HGT2 / DHGT  
    87.5 -87.5  -2.5                                        LAT1 / LAT2 / DLAT  
  -180.0 180.0   5.0                                        LON1 / LON2 / DLON  
    -1                                                      EXPONENT            
                                                            END OF HEADER       
     1                                                      START OF TEC MAP    
  2015    10    16     0     0     0                        EPOCH OF CURRENT MAP
    87.5-180.0 180.0   5.0 450.0                            LAT/LON1/LON2/DLON/H
  109   88   83   79   79   75   78   76   79   77   80   77   80   78   80   77
   80   76   79   75   78   74   76   72   74   70   73   68   71   67   69   65
   68   65   68   64   68   64   68   65   69   66   69   67   70   68   71   68
   72   70   73   70   73   71   73   70   74   70   73   70   73   70   73   69
   73   70   74   71   78   75   84   91  109                                   
    85.0-180.0 180.0   5.0 450.0                            LAT/LON1/LON2/DLON/H
   95   70   71   70   69   64   68   65   69   67   71   68   73   70   74   70
   73   69   72   67   69   63   65   59   61   55   56   50   52   47   49   44
   46   43   46   43   46   45   48   47   50   50   53   52   56   55   58   57
   61   59   63   61   64   62   65   62   66   63   66   62   66   63   65   62
   65   62   66   62   67   57   60   86   95                                   
    82.5-180.0 180.0   5.0 450.0                            LAT/LON1/LON2/DLON/H
   91   72   72   73   71   67   70   69   72   72   76   76   79   79   82   80
   82   79   80   75   75   69   69   62   61   54   54   47   47   41   42   37
   40   35   39   36   41   38   44   41   47   45   51   49   55   53   58   56
   61   59   64   61   66   63   68   65   69   66   70   67   71   67   71   68
   72   69   73   69   72   63   68   87   91                                   
    80.0-180.0 180.0   5.0 450.0                            LAT/LON1/LON2/DLON/H
   93   80   79   80   75   74   75   76   78   81   84   87   90   93   95   96
   96   94   93   90   86   81   76   71   65   59   55   49   46   42   40   37
   37   35   36   36   38   39   42   43   46   47   50   50   53   53   56   56
   59   59   61   61   64   64   67   67   70   70   73   73   75   75   77   77
   79   79   81   81   80   74   78   94   93                                   
    77.5-180.0 180.0   5.0 450.0                            LAT/LON1/LON2/DLON/H
  102   88   87   86   81   80   80   82   84   88   92   97  100  103  105  107
  106  104  101   97   92   86   79   72   65   57   52   45   41   37   35   33
   33   31   33   33   35   36   39   39   42   42   45   45   47   46   48   47
   50   48   51   51   54   54   57   58   62   63   66   67   71   72   75   76
   79   79   83   84   85   82   85   98  102                                   
    75.0-180.0 180.0   5.0 450.0                            LAT/LON1/LON2/DLON/H
  105   96   96   96   89   87   87   89   91   95  100  104  107  111  111  112
  110  108  104   99   93   87   80   72   64   57   51   45   41   38   36   35
   35   35   36   37   38   39   40   41   42   42   43   43   43   42   42   41
   42   41   42   43   44   46   48   51   54   58   61   64   67   70   73   76
   79   82   86   90   91   91   95  104  105                                   
    72.5-180.0 180.0   5.0 450.0                            LAT/LON1/LON2/DLON/H
  115  107  107  105   97   95   93   94   96   99  103  107  108  110  109  108
  104  101   97   93   87   81   74   67   60   53   49   44   42   39   40   40
   41   41   43   42   43   42   43   42   43   41   42   39   40   37   37   34
   35   32   35   33   36   36   41   42   48   50   56   59   64   66   71   73
   78   81   88   92   98   99  103  112  115                                   
    70.0-180.0 180.0   5.0 450.0                            LAT/LON1/LON2/DLON/H
  118  115  118  115  106  103  101  101  101  104  106  107  107  105  102   98
   94   89   85   80   76   70   66   59   55   49   47   44   44   43   45   46
   47   48   49   48   47   45   44   42   42   40   40   37   37   34   33   31
   30   28   28   27   29   31   35   38   44   48   54   58   63   66   70   73
   78   82   90   96  102  105  112  119  118                                   
    67.5-180.0 180.0   5.0 450.0                            LAT/LON1/LON2/DLON/H
  128  125  127  123  114  110  108  107  107  109  109  108  104   99   93   86
   80   75   71   67   64   59   56   51   48   45   44   43   44   45   48   49
   51   51   51   48   47   43   42   39   39   36   37   34   34   31   31   28
   28   24   26   23   27   27   34   37   45   49   57   60   66   68   73   74
   79   82   89   95  104  108  114  123  128                                   
    65.0-180.0 180.0   5.0 450.0                            LAT/LON1/LON2/DLON/H
  131  130  132  129  120  116  113  112  113  114  113  109  102   93   84   76
   69   64   61   58   56   53   50   47   45   43   43   44   46   48   51   52
   53   51   50   46   43   39   37   35   34   33   34   33   33   32   31   29
   28   25   25   24   26   28   34   40   48   54   61   66   72   74   77   78
   80   83   89   94  102  107  115  123  131                                   
    62.5-180.0 180.0   5.0 450.0                            LAT/LON1/LON2/DLON/H
  137  134  135  130  121  116  114  114  116  117  115  110  102   90   79   69
   63   58   56   54   52   49   47   44   43   41   42   43   46   47   49   49
   49   46   43   39   36   32   30   28   29   29   31   32   34   32   33   30
   30   26   26   23   27   29   37   42   53   58   67   72   79   80   84   83
   85   85   89   92   99  103  111  121  137                                   
    60.0-180.0 180.0   5.0 450.0                            LAT/LON1/LON2/DLON/H
  137  137  136  131  121  116  113  114  116  118  117  112  103   90   79   69
   64   60   58   57   55   52   49   46   44   43   43   44   46   47   47   45
   43   40   36   32   29   26   25   24   26   28   31   34   36   36   36   34
   32   30   28   27   30   33   40   47   57   65   74   79   86   89   91   91
   92   91   93   94   97  101  109  118  137                                   
    57.5-180.0 180.0   5.0 450.0                            LAT/LON1/LON2/DLON/H
  148  145  143  135  124  118  114  114  117  120  120  115  107   95   84   77
   73   70   69   67   64   59   54   49   46   44   44   44   45   44   43   41
   38   34   31   27   24   22   22   23   26   30   34   37   40   40   41   38
   37   34   33   31   34   36   44   50   62   69   79   85   93   97  101  102
  103  101  102  100  102  103  111  120  148                                   
    55.0-180.0 180.0   5.0 450.0                            LAT/LON1/LON2/DLON/H
  159  159  156  147  134  125  119  118  120  122  123  118  111  101   93   87
   85   83   82   78   74   67   60   54   50   47   47   46   47   46   43   40
   37   33   29   26   25   23   25   26   31   35   40   43   46   46   45   43
   42   40   39   38   40   42   49   55   67   74   84   90  100  105  111  113
  116  116  116  113  113  113  120  127  159                                   
    52.5-180.0 180.0   5.0 450.0                            LAT/LON1/LON2/DLON/H
  184  182  178  167  153  142  133  129  128  128  127  123  117  110  104  101
  100  100   96   91   84   75   67   60   55   53   51   51   50   48   45   41
   39   35   33   31   30   30   32   35   40   44   48   50   53   51   51   48
   49   46   46   44   47   49   56   61   72   79   89   95  105  111  119  124
  130  132  134  131  130  130  136  142  184                                   
    50.0-180.0 180.0   5.0 450.0                            LAT/LON1/LON2/DLON/H
  210  207  206  196  179  165  154  146  141  137  134  128  123  117  114  112
  112  110  105   99   90   80   72   65   62   59   59   57   57   54   50   47
   45   43   41   40   40   41   43   45   50   54   58   59   60   59   57   56
   56   55   55   56   58   61   67   73   83   89   97  103  112  119  129  136
  145  150  155  154  153  152  158  162  210                                   
    47.5-180.0 180.0   5.0 450.0                            LAT/LON1/LON2/DLON/H
  237  234  235  228  212  199  184  171  161  152  144  137  131  127  124  123
  121  118  111  103   94   85   77   73   70   68   66   65   63   60   57   54
   53   51   51   52   53   53   55   57   61   64   67   68   68   65   64   62
   64   63   65   66   70   73   79   86   95  101  107  113  121  129  139  149
  160  169  174  178  178  178  180  184  237                                   
    45.0-180.0 180.0   5.0 450.0                            LAT/LON1/LON2/DLON/H
  257  253  259  255  243  231  216  201  184  169  157  148  141  137  134  132
  127  121  112  104   96   88   84   80   79   77   76   72   70   66   63   61
   61   60   61   62   63   63   64   66   69   72   75   75   75   73   71   70
   72   73   76   79   84   87   94  100  110  115  121  125  131  138  149  159
  172  182  191  196  199  197  199  204  257                                   
    42.5-180.0 180.0   5.0 450.0                            LAT/LON1/LON2/DLON/H
  265  260  269  272  267  261  248  231  210  191  174  162  155  150  146  142
  135  125  115  107  100   96   93   91   89   86   82   78   74   70   67   66
   66   67   68   69   70   70   71   72   75   77   81   80   81   78   78   76
   80   81   86   90   96  101  108  115  124  130  134  138  144  150  159  170
  181  193  202  210  215  214  210  219  265                                   
    40.0-180.0 180.0   5.0 450.0                            LAT/LON1/LON2/DLON/H
  262  260  271  275  277  276  268  253  232  211  192  178  170  164  159  152
  142  131  120  113  109  106  104  102   99   94   87   80   75   71   68   68
   70   71   73   75   76   76   77   77   79   82   84   86   86   85   84   84
   87   90   95   99  106  112  121  129  139  145  149  153  158  164  173  182
  192  202  211  221  227  226  222  232  262                                   
    37.5-180.0 180.0   5.0 450.0                            LAT/LON1/LON2/DLON/H
  255  250  261  268  273  275  273  262  245  226  207  195  186  181  175  167
  155  143  133  127  124  121  117  113  107   99   90   81   75   71   69   70
   72   75   79   82   84   85   85   86   86   88   90   91   92   91   92   92
   95   98  103  106  112  119  128  138  149  157  163  168  174  180  188  196
  203  212  221  231  239  240  235  246  255                                   
    35.0-180.0 180.0   5.0 450.0                            LAT/LON1/LON2/DLON/H
  256  249  257  257  260  264  264  260  247  233  220  210  204  199  192  182
  170  158  149  143  139  134  127  119  110   99   89   80   74   71   72   75
   79   85   90   95   96   98   96   96   94   94   95   96   96   97   97   98
  100  101  105  108  115  121  132  142  156  164  173  179  188  197  205  213
  220  227  236  245  254  257  256  269  256                                   
    32.5-180.0 180.0   5.0 450.0                            LAT/LON1/LON2/DLON/H
  275  264  265  257  254  252  252  250  244  237  229  224  221  218  209  201
  188  178  168  161  152  144  132  120  108   98   89   83   79   80   83   89
   96  104  111  116  117  119  115  114  109  107  105  104  104  104  104  103
  103  101  103  104  109  116  127  139  152  163  173  184  198  212  224  237
  243  251  257  267  275  283  290  301  275                                   
    30.0-180.0 180.0   5.0 450.0                            LAT/LON1/LON2/DLON/H
  320  314  306  285  270  258  252  249  245  244  241  238  237  234  227  216
  205  194  182  171  158  143  127  114  104   97   93   92   94   99  107  114
  123  130  137  141  143  142  137  132  125  119  114  112  111  111  110  107
  105  101   99   97  101  106  119  130  145  155  168  184  203  224  245  262
  274  284  292  301  310  320  338  346  320                                   
    27.5-180.0 180.0   5.0 450.0                            LAT/LON1/LON2/DLON/H
  393  392  377  345  313  290  273  264  259  258  258  255  252  248  240  230
  216  204  188  172  152  133  115  104   99  101  106  114  121  133  143  154
  161  166  169  171  168  165  157  151  140  133  127  124  121  119  115  111
  105   98   92   87   88   94  107  121  135  148  162  181  206  233  261  287
  303  322  333  345  354  367  390  390  393                                   
    25.0-180.0 180.0   5.0 450.0                            LAT/LON1/LON2/DLON/H
  487  503  482  440  396  350  320  300  292  288  285  280  273  264  252  240
  223  206  186  162  138  115  100   96  102  114  128  143  158  172  184  193
  199  201  202  200  194  188  178  169  157  148  139  134  129  125  120  113
  105   96   86   79   79   86  101  116  133  145  160  180  207  242  277  310
  337  362  382  399  412  425  451  444  487                                   
    22.5-180.0 180.0   5.0 450.0                            LAT/LON1/LON2/DLON/H
  581  607  590  556  496  442  392  363  343  334  324  313  299  282  264  246
  224  203  174  146  118   98   89   96  113  137  159  181  196  211  221  228
  229  228  225  219  212  203  193  182  170  159  150  143  137  131  123  114
  103   91   78   68   69   78   96  114  133  148  164  185  217  253  293  333
  366  399  425  446  460  471  497  496  581                                   
    20.0-180.0 180.0   5.0 450.0                            LAT/LON1/LON2/DLON/H
  673  717  710  673  623  556  493  445  413  392  374  354  333  308  282  256
  228  198  165  132  106   91   93  111  140  172  199  220  238  249  256  258
  252  247  237  231  220  212  201  192  179  171  160  154  144  137  127  116
  105   90   75   66   64   75   94  116  139  156  175  200  234  269  311  352
  393  429  463  487  504  521  544  544  673                                   
    17.5-180.0 180.0   5.0 450.0                            LAT/LON1/LON2/DLON/H
  717  784  798  778  727  665  596  545  495  467  435  408  375  342  307  272
  236  200  161  129  106  102  114  143  177  214  242  264  275  278  276  267
  256  242  232  222  214  206  201  193  185  177  169  160  150  140  129  117
  105   92   75   63   62   71   94  122  148  169  190  219  255  287  328  369
  412  453  489  518  535  552  569  569  717                                   
    15.0-180.0 180.0   5.0 450.0                            LAT/LON1/LON2/DLON/H
  746  826  859  858  824  765  703  646  595  553  511  470  428  388  344  300
  259  215  177  145  133  137  160  195  232  267  288  300  301  294  282  264
  244  227  213  205  198  195  192  190  185  180  172  165  154  143  131  118
  107   94   79   69   66   77  100  130  159  182  209  240  274  305  342  379
  422  463  502  530  550  565  586  582  746                                   
    12.5-180.0 180.0   5.0 450.0                            LAT/LON1/LON2/DLON/H
  721  803  850  872  859  823  775  729  678  635  583  536  483  438  388  341
  294  251  213  190  184  199  226  260  291  309  316  312  301  284  265  240
  220  204  193  185  182  180  182  182  182  178  172  163  152  138  124  111
  102   92   80   71   70   82  107  140  170  196  225  255  289  319  353  390
  428  470  504  532  546  556  572  566  721                                   
    10.0-180.0 180.0   5.0 450.0                            LAT/LON1/LON2/DLON/H
  692  760  814  854  867  853  828  795  757  707  656  601  545  492  439  392
  344  303  271  255  256  275  303  327  341  340  328  305  283  258  235  214
  201  188  181  172  170  170  173  175  176  173  167  158  145  129  114  101
   95   88   79   75   75   88  115  144  174  202  231  262  295  327  360  393
  428  464  499  522  535  539  558  549  692                                   
     7.5-180.0 180.0   5.0 450.0                            LAT/LON1/LON2/DLON/H
  632  684  738  794  824  834  829  816  792  756  706  652  594  543  490  448
  400  363  338  328  335  352  372  378  372  347  319  285  258  231  214  202
