data/unet/pred0460.15i
     1.0            IONOSPHERE MAPS     GNSS                IONEX VERSION / TYPE
pyspatialgeodesy        IME             05-JAN-18 20:20     PGM / RUN BY / DATE 
Map Name                                                    COMMENT             
Predicted global ionosphere maps (GIM).                     DESCRIPTION         
  2015     2    15     0     0     0                        EPOCH OF FIRST MAP  
  2015     2    16     0     0     0                        EPOCH OF LAST MAP   
  7200                                                      INTERVAL            
    13                                                      # OF MAPS IN FILE   
  NONE                                                      MAPPING FUNCTION    
10.0                                                        ELEVATION CUTOFF    
One-way carrier phase leveled to code                       OBSERVABLES USED    
  6371.0                                                    BASE RADIUS         
 2                                                          MAP DIMENSION       
   450.0 450.0   0.0                                        HGT1 / HGT2 / DHGT  
    87.5 -87.5  -2.5                                        LAT1 / LAT2 / DLAT  
  -180.0 180.0   5.0                                        LON1 / LON2 / DLON  
    -1                                                      EXPONENT            
                                                            END OF HEADER       
     1                                                      START OF TEC MAP    
  2015     2    15     0     0     0                        EPOCH OF CURRENT MAP
    87.5-180.0 180.0   5.0 450.0                            LAT/LON1/LON2/DLON/H
  172  140  136  132  129  126  128  125  127  124  125  122  123  120  120  117
  118  114  115  111  112  109  109  106  107  104  105  101  103  100  101   98
  101   98  100   98  101   99  102  101  104  103  106  106  109  110  113  114
  117  117  120  120  123  122  124  124  127  126  128  128  129  129  129  129
  131  132  131  134  138  140  143  172  172                                   
    85.0-180.0 180.0   5.0 450.0                            LAT/LON1/LON2/DLON/H
  150  146  148  145  143  137  140  135  138  133  135  130  132  126  126  120
  121  115  115  109  110  104  104   99   98   94   94   90   90   86   87   84
   85   84   85   85   88   88   91   92   95   96   99  101  105  107  111  113
  117  118  121  122  125  126  128  129  131  132  134  135  137  137  138  139
  141  141  142  142  149  145  149  150  150                                   
    82.5-180.0 180.0   5.0 450.0                            LAT/LON1/LON2/DLON/H
  154  155  158  156  152  147  148  145  146  143  143  139  138  133  132  126
  124  117  116  109  108  101  101   94   94   87   87   82   82   76   77   73
   75   72   76   74   79   78   83   83   89   89   95   96  102  103  110  111
  116  117  121  121  124  124  128  127  132  131  136  136  141  140  145  145
  150  149  153  152  157  154  158  161  154                                   
    80.0-180.0 180.0   5.0 450.0                            LAT/LON1/LON2/DLON/H
  172  175  180  180  172  171  169  170  168  167  163  160  155  151  145  139
  133  126  121  115  111  106  102   98   96   91   89   85   84   79   79   76
   76   74   76   76   79   80   84   85   89   91   95   97  102  104  109  111
  114  115  118  120  121  121  123  124  126  127  130  133  136  140  144  150
  155  159  161  164  166  167  170  177  172                                   
    77.5-180.0 180.0   5.0 450.0                            LAT/LON1/LON2/DLON/H
  202  199  205  202  199  198  198  197  197  193  191  185  180  171  163  152
  144  134  126  118  113  107  104   99   98   94   92   88   86   82   81   77
   77   74   75   75   77   78   81   82   85   86   90   92   94   96   99  100
  102  103  105  106  107  107  108  108  110  112  116  119  125  131  139  148
  157  164  169  174  176  178  184  192  202                                   
    75.0-180.0 180.0   5.0 450.0                            LAT/LON1/LON2/DLON/H
  231  230  236  234  230  231  230  231  229  228  223  218  209  199  185  171
  157  143  133  121  116  109  107  102  102   99   99   96   93   90   88   84
   82   81   80   80   80   82   83   85   86   88   89   91   91   92   93   92
   92   92   93   92   91   90   91   92   94   96  101  106  112  121  131  143
  156  167  176  184  187  194  200  214  231                                   
    72.5-180.0 180.0   5.0 450.0                            LAT/LON1/LON2/DLON/H
  258  254  265  264  260  261  263  263  262  260  255  247  237  223  206  188
  169  151  136  124  115  110  107  105  104  102  102  100   97   93   90   86
   84   81   81   79   80   80   82   82   83   83   84   84   82   81   79   78
   76   75   74   73   72   70   71   71   74   77   84   90  100  110  124  138
  155  168  181  193  201  211  219  237  258                                   
    70.0-180.0 180.0   5.0 450.0                            LAT/LON1/LON2/DLON/H
  276  280  293  293  292  293  293  295  293  292  285  279  264  247  225  202
  178  156  138  123  115  110  108  107  107  107  106  104  100   97   93   88
   85   81   80   78   78   77   79   79   79   79   79   76   73   69   67   64
   61   58   57   54   53   52   53   54   59   64   72   80   93  106  120  136
  153  170  185  200  212  228  239  259  276                                   
    67.5-180.0 180.0   5.0 450.0                            LAT/LON1/LON2/DLON/H
  290  294  311  314  313  313  314  315  314  312  308  298  285  264  239  211
  183  159  138  124  115  112  110  110  110  110  108  105  100   96   89   84
   79   75   72   70   69   69   70   70   70   69   68   65   60   57   54   52
   49   47   46   43   43   41   44   46   52   59   68   80   95  108  125  141
  160  175  193  210  227  242  254  275  290                                   
    65.0-180.0 180.0   5.0 450.0                            LAT/LON1/LON2/DLON/H
  294  305  323  326  324  322  321  322  323  322  320  313  299  280  252  223
  192  166  144  128  119  115  113  113  112  112  108  103   97   91   84   77
   71   66   63   60   59   59   60   60   61   60   59   55   52   47   46   42
   41   39   39   37   38   38   41   46   53   63   74   89  105  120  137  153
  170  186  202  220  238  257  271  290  294                                   
    62.5-180.0 180.0   5.0 450.0                            LAT/LON1/LON2/DLON/H
  298  304  324  325  321  316  315  316  319  319  319  314  304  283  259  232
  200  174  150  136  124  120  117  117  113  111  105   99   91   84   76   70
   62   57   52   49   47   47   48   50   51   52   50   48   44   42   40   39
   37   37   38   38   40   40   44   50   58   70   84  101  118  136  153  169
  185  199  216  232  249  265  279  297  298                                   
    60.0-180.0 180.0   5.0 450.0                            LAT/LON1/LON2/DLON/H
  293  303  318  318  311  306  302  304  307  309  309  306  300  285  263  239
  212  186  162  146  135  128  123  118  113  108  100   93   86   79   72   65
   58   51   46   42   40   40   42   45   48   49   50   48   47   43   43   40
   41   41   44   44   46   47   52   58   68   82   99  116  135  152  169  185
  199  213  228  242  256  273  287  301  293                                   
    57.5-180.0 180.0   5.0 450.0                            LAT/LON1/LON2/DLON/H
  295  298  313  311  302  297  297  298  300  301  301  299  294  282  267  247
  224  202  178  161  146  137  128  121  112  105   96   90   83   78   72   66
   58   52   46   42   40   41   43   47   50   52   53   53   52   50   48   47
   48   49   52   54   56   58   61   68   79   94  111  129  150  167  185  199
  216  229  242  253  266  277  289  301  295                                   
    55.0-180.0 180.0   5.0 450.0                            LAT/LON1/LON2/DLON/H
  296  302  314  313  304  303  300  302  299  299  295  293  289  283  271  256
  237  216  196  176  159  146  135  124  114  106   98   92   88   84   79   73
   67   60   55   50   50   50   53   55   60   61   65   64   66   62   62   59
   61   61   66   66   69   70   73   78   90  104  121  139  159  177  194  210
  226  240  253  263  272  285  297  305  296                                   
    52.5-180.0 180.0   5.0 450.0                            LAT/LON1/LON2/DLON/H
  307  310  322  323  319  320  318  318  312  308  299  294  290  284  277  266
  249  230  209  190  169  154  141  130  119  112  105  101   97   95   91   85
   78   73   67   65   63   65   66   69   71   75   77   78   77   75   72   71
   72   74   77   79   79   81   82   87   97  110  126  144  165  182  202  218
  237  249  263  271  281  291  301  310  307                                   
    50.0-180.0 180.0   5.0 450.0                            LAT/LON1/LON2/DLON/H
  318  325  337  341  343  347  343  339  330  320  305  297  288  284  278  271
  255  236  215  194  176  159  147  135  127  121  116  113  111  108  104   98
   91   85   81   79   81   81   83   83   87   88   92   91   93   88   87   85
   86   87   91   91   92   92   93   96  105  116  131  148  168  187  205  223
  241  255  270  280  289  299  312  319  318                                   
    47.5-180.0 180.0   5.0 450.0                            LAT/LON1/LON2/DLON/H
  332  341  354  364  373  379  374  368  354  340  322  309  297  289  283  274
  259  240  217  198  178  164  152  145  137  133  128  126  122  119  113  105
   98   94   90   91   92   95   95   97   98  101  103  104  103  100   98   97
   98  100  101  102  100  100   99  103  110  121  136  152  172  189  210  228
  249  262  277  287  299  308  319  327  332                                   
    45.0-180.0 180.0   5.0 450.0                            LAT/LON1/LON2/DLON/H
  340  355  369  382  397  405  400  392  376  359  338  322  305  297  286  279
  259  240  217  198  181  169  160  153  148  143  139  134  129  123  115  106
   99   95   95   97  102  104  106  106  108  109  112  111  112  108  108  107
  109  110  111  111  109  108  106  109  117  127  141  157  174  192  212  233
  252  268  282  295  305  317  330  337  340                                   
    42.5-180.0 180.0   5.0 450.0                            LAT/LON1/LON2/DLON/H
  346  362  376  391  406  416  414  410  393  376  355  338  321  309  297  283
  264  243  219  203  189  180  172  167  159  153  145  137  129  120  110  100
   94   92   94   99  104  109  110  111  111  114  115  116  116  115  115  116
  118  120  120  118  115  113  111  115  124  134  149  163  181  197  217  236
  258  271  286  297  310  323  333  342  346                                   
    40.0-180.0 180.0   5.0 450.0                            LAT/LON1/LON2/DLON/H
  347  362  376  387  400  407  406  406  395  382  360  346  330  320  304  293
  270  249  226  212  202  195  188  180  170  158  146  134  123  112  102   92
   88   88   93   99  108  112  114  114  116  117  119  118  120  119  121  121
  124  125  125  124  120  118  116  121  131  144  158  171  189  205  225  245
  266  282  294  305  317  331  345  348  347                                   
    37.5-180.0 180.0   5.0 450.0                            LAT/LON1/LON2/DLON/H
  348  359  370  377  381  385  384  386  381  375  362  351  339  330  318  303
  283  262  243  229  222  215  205  194  177  161  144  129  117  108   99   93
   91   93   98  106  112  118  118  119  119  122  122  124  123  124  124  124
  126  126  126  124  122  119  119  125  138  153  168  182  199  215  237  256
  278  291  305  314  328  340  349  352  348                                   
    35.0-180.0 180.0   5.0 450.0                            LAT/LON1/LON2/DLON/H
  355  362  369  366  363  357  354  354  355  356  351  347  339  335  326  317
  297  283  265  256  245  237  220  203  181  160  141  127  119  115  114  112
  114  115  120  125  130  131  130  128  128  129  130  129  129  126  126  124
  125  124  123  121  119  118  119  127  142  159  177  193  211  228  251  271
  292  306  319  329  343  359  375  369  355                                   
    32.5-180.0 180.0   5.0 450.0                            LAT/LON1/LON2/DLON/H
  377  378  385  372  355  341  332  330  332  337  339  341  340  340  336  328
  315  302  291  281  271  255  233  208  182  160  143  136  136  144  152  159
  163  165  164  165  162  158  150  145  141  141  139  137  134  130  126  123
  121  117  116  112  112  111  115  124  140  159  181  201  223  242  266  285
  309  321  337  349  364  384  398  391  377                                   
    30.0-180.0 180.0   5.0 450.0                            LAT/LON1/LON2/DLON/H
  418  419  421  398  375  351  334  323  323  324  327  332  337  342  340  339
  329  325  313  305  288  268  237  208  183  166  158  162  179  201  222  237
  245  241  230  218  206  190  179  168  162  157  153  146  140  131  125  118
  114  108  106  102  102  102  108  119  137  159  186  209  235  256  281  304
  325  341  356  371  391  415  440  437  418                                   
    27.5-180.0 180.0   5.0 450.0                            LAT/LON1/LON2/DLON/H
  475  482  475  452  425  396  368  348  338  332  332  334  340  345  347  346
  343  338  332  318  297  270  238  210  192  186  190  210  241  283  318  337
  339  330  308  285  257  231  209  195  183  176  165  155  144  132  123  114
  108  102   96   92   92   93  101  113  135  161  188  218  247  271  295  319
  341  357  374  388  413  446  478  488  475                                   
    25.0-180.0 180.0   5.0 450.0                            LAT/LON1/LON2/DLON/H
  544  549  534  507  488  464  432  403  381  362  352  344  347  351  352  354
  350  349  337  324  295  268  236  218  212  220  237  276  324  383  416  426
  416  393  368  338  305  270  242  222  207  194  180  164  151  134  125  112
  106   95   91   84   85   86   94  108  132  164  199  231  261  285  310  334
  357  372  389  408  440  482  525  551  544                                   
    22.5-180.0 180.0   5.0 450.0                            LAT/LON1/LON2/DLON/H
  613  621  602  584  563  544  516  488  456  425  398  379  371  365  362  357
  355  348  337  315  288  263  243  238  246  269  299  352  413  465  489  483
  460  430  395  366  329  298  263  242  223  209  188  172  151  136  123  114
  104   96   91   87   87   89   97  110  136  170  210  245  275  304  328  357
  377  397  412  438  473  516  570  613  613                                   
    20.0-180.0 180.0   5.0 450.0                            LAT/LON1/LON2/DLON/H
  666  672  666  651  643  630  603  574  539  504  464  434  412  393  380  370
  362  354  336  316  288  272  263  275  296  331  370  429  484  525  534  514
  482  441  407  374  340  307  275  254  234  216  194  174  156  139  131  115
  107   94   92   87   89   89   96  108  139  175  221  259  293  322  351  378
  403  420  441  468  509  552  609  664  666                                   
    17.5-180.0 180.0   5.0 450.0                            LAT/LON1/LON2/DLON/H
  698  717  720  711  710  700  680  653  618  576  538  500  470  439  413  390
  378  363  348  325  306  298  304  329  362  402  441  483  526  543  542  513
  472  428  388  353  319  291  265  250  228  214  189  171  152  139  131  119
  109  101   99   97   97   97  103  118  152  193  238  279  313  352  378  409
  428  449  471  503  549  580  638  698  698                                   
    15.0-180.0 180.0   5.0 450.0                            LAT/LON1/LON2/DLON/H
  714  735  747  746  763  762  750  719  677  634  593  556  524  487  455  425
  406  390  374  357  343  346  361  400  431  470  491  514  529  531  513  476
  433  382  342  304  282  261  246  235  219  202  183  164  151  137  134  119
  111  100   98   93   93   93  103  124  166  209  257  297  340  376  409  434
  455  476  499  529  575  599  647  702  714                                   
    12.5-180.0 180.0   5.0 450.0                            LAT/LON1/LON2/DLON/H
  700  731  752  764  782  793  788  762  720  673  635  600  572  535  498  465
  446  428  417  404  400  408  429  465  494  509  512  502  497  478  448  408
  363  314  277  250  234  227  220  216  204  193  173  159  143  136  129  121
  112  105  102   96   96   99  112  140  182  228  267  313  352  397  426  454
  476  498  518  548  590  607  641  691  700                                   
    10.0-180.0 180.0   5.0 450.0                            LAT/LON1/LON2/DLON/H
  683  711  730  749  781  793  801  782  751  711  677  653  624  586  545  511
  494  479  472  467  469  478  496  523  533  528  502  466  433  402  365  321
  278  234  215  200  200  200  203  200  199  185  171  155  145  134  132  122
  114  107   99   95   92   98  115  148  193  237  278  318  359  401  436  466
  490  512  536  560  595  609  632  668  683                                   
     7.5-180.0 180.0   5.0 450.0                            LAT/LON1/LON2/DLON/H
  663  684  695  716  749  780  789  783  761  733  713  697  681  642  603  568
  547  534  530  530  535  540  552  559  549  516  464  406  360  326  286  250
