data/unet/pred2290.15i
     1.0            IONOSPHERE MAPS     GNSS                IONEX VERSION / TYPE
pyspatialgeodesy        IME             05-JAN-18 20:20     PGM / RUN BY / DATE 
Map Name                                                    COMMENT             
Predicted global ionosphere maps (GIM).                     DESCRIPTION         
  2015     8    17     0     0     0                        EPOCH OF FIRST MAP  
  2015     8    18     0     0     0                        EPOCH OF LAST MAP   
  7200                                                      INTERVAL            
    13                                                      # OF MAPS IN FILE   
  NONE                                                      MAPPING FUNCTION    
10.0                                                        ELEVATION CUTOFF    
One-way carrier phase leveled to code                       OBSERVABLES USED    
  6371.0                                                    BASE RADIUS         
 2                                                          MAP DIMENSION       
   450.0 450.0   0.0                                        HGT1 / HGT2 / DHGT  
    87.5 -87.5  -2.5                                        LAT1 / LAT2 / DLAT  
  -180.0 180.0   5.0                                        LON1 / LON2 / DLON  
    -1                                                      EXPONENT            
                                                            END OF HEADER       
[from data line 4290]
    11                                                      START OF TEC MAP    
  2015     8    17    20     0     0                        EPOCH OF CURRENT MAP
    87.5-180.0 180.0   5.0 450.0                            LAT/LON1/LON2/DLON/H
  146  119  103  108  105  107  106  108  108  110  109  111  110  111  110  112
  110  111  109  110  108  109  107  108  106  107  104  105  103  103  101  101
   99   99   96   97   95   95   93   94   92   92   91   91   90   91   90   90
   90   90   89   90   89   90   89   90   89   91   90   92   91   93   93   95
   94   96   96   98   99  101   99  135  146                                   
    85.0-180.0 180.0   5.0 450.0                            LAT/LON1/LON2/DLON/H
   97   97   98  103  103  103  104  105  106  107  108  109  109  110  110  110
  110  109  109  108  109  107  107  105  106  103  103  101  101   98   98   95
   95   92   92   89   89   86   87   84   85   83   84   82   84   81   83   81
   83   81   84   81   84   81   85   82   86   83   87   84   88   86   89   88
   91   90   92   92   95   94   95  114   97                                   
    82.5-180.0 180.0   5.0 450.0                            LAT/LON1/LON2/DLON/H
   99   99  100  103  102  105  104  109  107  112  110  115  112  117  114  118
  115  119  115  118  114  117  112  114  109  111  106  107  102  103   98   99
   94   95   90   92   88   89   85   88   84   86   82   85   82   85   82   85
   82   84   82   84   82   84   82   84   83   85   83   85   85   86   86   88
   88   89   90   91   92   92   88   99   99                                   
    80.0-180.0 180.0   5.0 450.0                            LAT/LON1/LON2/DLON/H
  103   95   94   95   96   97   99  101  104  106  109  110  113  113  116  115
  117  115  117  114  115  113  113  110  110  106  105  101  100   95   95   91
   90   87   87   84   83   82   81   80   79   78   78   77   77   77   77   76
   77   76   77   76   77   76   77   75   77   75   77   76   78   77   79   78
   81   80   82   81   84   83   81   93  103                                   
    77.5-180.0 180.0   5.0 450.0                            LAT/LON1/LON2/DLON/H
   95   90   86   89   89   91   94   96   99  102  105  107  109  111  113  114
  114  115  115  116  114  114  113  111  109  107  104  101   98   95   92   90
   87   85   84   83   82   81   80   79   78   77   77   76   75   75   75   75
   75   75   75   75   74   74   73   73   71   72   71   72   72   73   73   74
   75   76   77   77   78   78   75   83   95                                   
    75.0-180.0 180.0   5.0 450.0                            LAT/LON1/LON2/DLON/H
   91   82   81   83   84   86   90   92   97   99  105  106  110  110  115  113
  116  114  116  114  115  114  113  111  109  107  105  101   98   94   91   87
   85   83   82   80   80   79   79   76   76   74   74   72   72   71   72   71
   72   72   73   72   72   72   71   70   68   68   68   68   68   69   70   70
   72   72   74   74   76   75   75   85   91                                   
    72.5-180.0 180.0   5.0 450.0                            LAT/LON1/LON2/DLON/H
   88   82   79   81   81   83   86   90   94   98  102  105  109  110  113  113
  113  114  113  114  113  114  113  113  111  109  106  102   98   95   90   88
   84   85   81   83   80   83   80   81   77   78   74   73   70   72   70   71
   69   72   71   72   69   71   67   67   64   65   63   65   64   67   67   70
   70   72   72   74   74   76   74   83   88                                   
    70.0-180.0 180.0   5.0 450.0                            LAT/LON1/LON2/DLON/H
   91   80   79   79   80   81   86   87   94   96  103  105  110  111  115  113
  115  112  114  112  113  112  113  112  111  108  106  101   97   92   89   85
   83   81   80   79   79   79   78   76   75   72   70   66   66   64   66   63
   65   65   67   65   65   64   63   61   59   59   59   59   61   63   66   68
   70   71   73   73   76   76   76   86   91                                   
    67.5-180.0 180.0   5.0 450.0                            LAT/LON1/LON2/DLON/H
   93   85   83   82   81   82   85   89   94   99  104  108  112  114  117  116
  115  114  114  113  114  115  115  114  113  110  107  103   97   93   88   85
   81   82   79   82   79   81   78   77   73   72   66   64   60   60   58   58
   57   59   58   59   56   57   54   54   51   53   52   55   57   62   64   69
   70   74   75   77   78   79   78   86   93                                   
    65.0-180.0 180.0   5.0 450.0                            LAT/LON1/LON2/DLON/H
   99   87   85   85   85   85   90   90   97  100  108  110  116  117  121  119
  120  117  117  115  117  116  118  116  115  111  109  103   99   93   90   85
   83   81   81   80   80   79   76   74   70   67   62   57   55   52   52   50
   51   50   51   49   49   47   46   45   44   45   47   49   53   57   62   66
   70   74   77   78   81   80   81   91   99                                   
    62.5-180.0 180.0   5.0 450.0                            LAT/LON1/LON2/DLON/H
  100   93   91   90   90   90   92   95   98  104  109  115  119  123  125  125
  123  121  120  120  120  120  121  119  118  114  111  106  101   97   92   90
   85   85   82   84   81   82   77   76   69   66   59   55   49   48   45   45
   43   44   42   42   40   39   37   36   36   38   40   44   48   54   58   64
   69   74   77   80   82   83   83   91  100                                   
    60.0-180.0 180.0   5.0 450.0                            LAT/LON1/LON2/DLON/H
  102   93   93   94   95   94   96   95  100  102  110  113  121  124  128  127
  127  124  123  122  123  123  123  121  120  116  113  109  106  102   99   95
   93   90   89   87   86   84   81   77   71   65   60   54   50   45   45   42
   42   39   39   36   35   32   31   30   31   33   36   39   44   49   55   60
   66   71   76   80   84   84   85   95  102                                   
    57.5-180.0 180.0   5.0 450.0                            LAT/LON1/LON2/DLON/H
  101   99   98  101  100  100   98   99  100  104  109  115  121  126  130  130
  130  127  126  125  126  124  125  123  122  118  116  113  112  110  108  105
  102   99   97   96   93   91   87   83   76   70   64   59   53   49   45   44
   41   39   37   35   33   30   29   28   29   31   34   37   41   45   50   56
   62   68   74   79   83   83   84   94  101                                   
    55.0-180.0 180.0   5.0 450.0                            LAT/LON1/LON2/DLON/H
  101   99  102  107  107  105  104  101  103  104  109  114  120  125  128  130
  129  128  126  126  126  126  125  124  122  121  119  120  120  121  120  118
  114  111  109  106  104  100   96   91   85   79   73   67   63   57   54   49
   47   43   41   38   36   32   32   30   31   31   34   36   39   42   47   51
   58   65   72   78   83   84   87  100  101                                   
    52.5-180.0 180.0   5.0 450.0                            LAT/LON1/LON2/DLON/H
  101  103  106  113  111  111  108  107  106  107  110  114  119  124  128  129
  129  126  126  125  125  124  124  121  121  120  122  123  127  129  131  128
  126  121  119  115  113  109  106  100   95   87   83   77   73   67   62   57
   53   49   46   43   41   38   37   36   37   37   39   38   40   41   44   48
   55   64   72   79   83   84   87  100  101                                   
    50.0-180.0 180.0   5.0 450.0                            LAT/LON1/LON2/DLON/H
  104  106  110  118  119  117  116  111  112  108  112  113  118  121  124  125
  124  122  122  121  121  120  120  118  117  119  122  127  132  137  140  139
  136  131  129  126  123  120  117  111  105   98   94   89   85   79   74   68
   63   58   56   51   50   46   46   44   45   44   46   44   44   43   45   48
   56   65   74   82   88   89   93  107  104                                   
    47.5-180.0 180.0   5.0 450.0                            LAT/LON1/LON2/DLON/H
  110  113  116  124  124  124  123  121  120  117  119  120  123  124  125  125
  123  120  119  118  118  118  118  116  117  119  124  131  138  144  147  146
  144  139  138  135  134  131  127  121  116  108  105   99   96   89   84   76
   72   66   63   59   58   56   56   55   55   54   54   52   50   47   49   52
   60   69   79   88   93   94   97  110  110                                   
    45.0-180.0 180.0   5.0 450.0                            LAT/LON1/LON2/DLON/H
  117  119  121  129  130  132  132  130  131  127  128  127  128  127  126  124
  121  118  116  115  115  114  115  114  116  120  126  134  142  148  151  151
  150  147  147  145  144  142  137  131  124  118  113  109  105   99   92   86
   81   75   73   69   68   65   65   63   65   64   65   62   60   57   57   60
   68   77   88   97  103  105  108  122  117                                   
    42.5-180.0 180.0   5.0 450.0                            LAT/LON1/LON2/DLON/H
  127  128  127  134  135  137  139  140  142  140  141  139  139  136  133  129
  125  121  118  117  117  118  118  119  122  127  134  142  150  154  157  156
  156  154  155  154  155  151  146  138  132  124  121  115  112  105  100   93
   89   83   81   77   76   73   72   71   73   72   74   71   70   67   67   70
   78   87   98  106  113  115  117  130  127                                   
    40.0-180.0 180.0   5.0 450.0                            LAT/LON1/LON2/DLON/H
  135  134  134  139  140  144  146  148  152  150  151  149  149  144  140  136
  131  125  122  121  121  121  123  125  130  136  143  151  157  159  161  160
  163  161  165  164  164  161  153  145  137  130  126  121  117  111  105   99
   95   91   88   85   82   79   78   77   79   79   82   81   81   78   80   82
   91   99  110  119  125  127  130  142  135                                   
    37.5-180.0 180.0   5.0 450.0                            LAT/LON1/LON2/DLON/H
  145  144  140  145  144  148  151  155  160  161  163  161  161  157  153  148
  142  136  132  131  131  132  134  137  144  151  159  165  169  170  169  169
  171  172  176  175  175  167  159  148  141  132  129  123  120  114  110  104
  102   99   96   92   89   85   83   81   83   83   87   87   88   88   89   92
   99  108  119  126  134  137  140  152  145                                   
    35.0-180.0 180.0   5.0 450.0                            LAT/LON1/LON2/DLON/H
  152  151  148  150  150  153  156  161  165  168  171  171  171  168  164  160
  153  147  142  141  141  143  145  149  156  164  171  177  180  178  180  178
  184  182  187  184  182  173  162  151  141  134  129  125  121  117  112  108
  107  104  101   97   93   89   86   84   85   86   89   91   95   96   99  104
  111  119  130  137  144  147  151  164  152                                   
    32.5-180.0 180.0   5.0 450.0                            LAT/LON1/LON2/DLON/H
  162  158  154  157  156  159  161  165  171  175  180  181  183  181  179  174
  168  162  157  155  155  156  159  163  171  180  187  193  195  194  195  195
  198  197  198  193  188  176  165  150  142  132  129  124  121  116  113  110
  109  107  105  100   96   91   88   84   85   85   89   91   95   98  102  106
  113  121  132  139  148  153  158  173  162                                   
    30.0-180.0 180.0   5.0 450.0                            LAT/LON1/LON2/DLON/H
  167  166  164  165  164  167  169  172  177  180  185  188  190  190  188  185
  179  173  168  166  166  167  169  173  181  189  197  204  208  207  211  209
  215  209  211  202  194  179  166  152  142  134  129  125  120  116  113  111
  111  109  106  101   97   93   89   85   84   83   85   87   92   96  101  109
  115  125  136  145  154  159  165  183  167                                   
    27.5-180.0 180.0   5.0 450.0                            LAT/LON1/LON2/DLON/H
  175  173  172  175  175  179  181  183  186  189  193  197  200  201  200  198
  193  187  182  179  178  178  180  183  191  200  210  218  224  226  229  229
  230  225  220  210  197  180  165  150  142  133  130  125  120  116  113  111
  111  109  107  102   99   93   89   84   83   81   81   81   85   89   94  102
  109  119  132  143  154  162  167  188  175                                   
    25.0-180.0 180.0   5.0 450.0                            LAT/LON1/LON2/DLON/H
  177  183  185  189  190  196  198  198  199  200  202  206  210  210  210  209
  205  199  193  190  189  188  188  191  198  208  219  230  238  241  246  244
  246  233  227  211  199  180  165  152  143  136  131  128  121  117  113  111
  111  109  108  103  102   96   92   85   82   78   77   75   78   81   87   97
  105  118  131  144  158  167  174  199  177                                   
    22.5-180.0 180.0   5.0 450.0                            LAT/LON1/LON2/DLON/H
  184  189  194  200  206  211  216  215  216  216  217  220  222  224  223  222
  218  213  207  204  202  200  200  202  209  220  232  246  254  260  264  264
  258  246  232  216  199  182  166  153  145  136  132  126  119  114  110  109
  108  106  105  102  100   97   92   85   79   74   71   68   68   72   77   87
   96  109  125  141  157  170  176  203  184                                   
    20.0-180.0 180.0   5.0 450.0                            LAT/LON1/LON2/DLON/H
  187  201  209  217  223  233  236  238  237  236  234  236  237  237  237  236
  233  228  222  218  216  213  212  215  221  233  245  258  268  274  279  275
  269  249  235  214  200  182  168  157  148  140  133  127  118  113  108  106
  104  102  101   98   99   96   94   86   81   73   68   63   62   63   69   79
   90  105  123  142  161  175  183  209  187                                   
    17.5-180.0 180.0   5.0 450.0                            LAT/LON1/LON2/DLON/H
  195  210  217  226  239  246  255  254  258  255  254  254  253  253  251  250
  248  244  239  236  233  232  230  235  240  252  262  275  283  291  293  290
  279  261  240  220  204  189  179  165  156  145  139  129  120  113  107  105
  101   99   98   97   98   97   93   88   80   72   65   58   56   57   61   72
   83  100  118  141  161  178  184  211  195                                   
    15.0-180.0 180.0   5.0 450.0                            LAT/LON1/LON2/DLON/H
  202  222  231  240  251  262  270  274  278  278  276  276  274  272  269  267
  264  259  256  253  252  250  251  255  262  270  279  289  298  302  304  295
  288  265  247  224  212  200  191  179  167  156  146  136  125  117  110  106
  101   97   95   94   96   95   92   87   81   74   66   58   55   53   59   66
   79   96  117  141  163  181  190  214  202                                   
    12.5-180.0 180.0   5.0 450.0                            LAT/LON1/LON2/DLON/H
  210  229  235  247  259  268  280  285  295  295  295  295  292  291  286  283
  279  274  270  268  267  268  270  277  283  293  299  307  313  316  315  309
  297  276  255  235  224  214  207  194  183  165  155  142  133  123  116  109
  103   98   94   93   93   94   89   87   79   73   64   57   52   51   55   63
   74   92  113  138  161  184  192  216  210                                   
    10.0-180.0 180.0   5.0 450.0                            LAT/LON1/LON2/DLON/H
  221  240  249  261  269  281  289  299  307  311  312  313  312  309  304  300
  294  289  283  280  281  281  286  293  303  310  318  320  325  321  322  312
  302  278  263  244  238  228  224  211  195  178  163  150  139  129  121  113
  105   98   93   90   90   90   88   85   80   71   66   57   55   51   56   61
   72   86  109  133  158  181  194  214  221                                   
     7.5-180.0 180.0   5.0 450.0                            LAT/LON1/LON2/DLON/H
  229  247  259  274  281  293  301  308  317  321  325  327  327  326  321  317
  310  305  299  296  296  297  302  310  321  330  335  336  338  335  331  321
