data/unet/pred3480.15i
     1.0            IONOSPHERE MAPS     GNSS                IONEX VERSION / TYPE
pyspatialgeodesy        IME             05-JAN-18 20:20     PGM / RUN BY / DATE 
Map Name                                                    COMMENT             
Predicted global ionosphere maps (GIM).                     DESCRIPTION         
  2015    12    14     0     0     0                        EPOCH OF FIRST MAP  
  2015    12    15     0     0     0                        EPOCH OF LAST MAP   
  7200                                                      INTERVAL            
    13                                                      # OF MAPS IN FILE   
  NONE                                                      MAPPING FUNCTION    
10.0                                                        ELEVATION CUTOFF    
One-way carrier phase leveled to code                       OBSERVABLES USED    
  6371.0                                                    BASE RADIUS         
 2                                                          MAP DIMENSION       
   450.0 450.0   0.0                                        HGT1 / HGT2 / DHGT  
    87.5 -87.5  -2.5                                        LAT1 / LAT2 / DLAT  
  -180.0 180.0   5.0                                        LON1 / LON2 / DLON  
    -1                                                      EXPONENT            
                                                            END OF HEADER       
[from data line 5148]
    13                                                      START OF TEC MAP    
  2015    12    15     0     0     0                        EPOCH OF CURRENT MAP
    87.5-180.0 180.0   5.0 450.0                            LAT/LON1/LON2/DLON/H
  101   80   73   69   71   68   72   69   73   70   73   70   73   70   72   69
   72   68   71   67   69   66   68   64   66   62   65   60   63   59   62   58
   62   58   63   59   63   60   64   61   65   62   66   63   67   63   67   64
   67   64   68   64   68   64   67   64   68   64   68   64   68   65   68   65
   68   65   69   66   73   71   82   83  101                                   
    85.0-180.0 180.0   5.0 450.0                            LAT/LON1/LON2/DLON/H
   90   55   56   55   57   52   57   55   59   56   61   57   60   56   60   55
   58   53   55   49   52   46   48   42   44   38   40   35   37   33   36   32
   35   32   37   34   39   37   42   40   45   43   48   45   49   46   50   47
   51   47   51   47   51   47   51   47   51   47   50   47   50   47   49   46
   49   46   50   47   55   46   53   82   90                                   
    82.5-180.0 180.0   5.0 450.0                            LAT/LON1/LON2/DLON/H
   81   56   56   58   58   54   58   57   61   59   63   61   63   60   62   59
   60   55   55   50   49   44   43   38   37   31   33   27   29   24   27   24
   28   25   30   29   34   33   39   38   43   42   47   46   49   47   50   48
   50   47   50   46   49   45   49   44   48   43   48   43   48   43   48   43
   48   44   51   48   55   49   58   81   81                                   
    80.0-180.0 180.0   5.0 450.0                            LAT/LON1/LON2/DLON/H
   85   67   66   69   66   65   67   68   69   70   71   71   71   70   71   69
   68   65   64   60   57   52   50   45   42   38   36   32   31   28   29   28
   30   30   35   36   40   42   46   48   52   53   57   57   59   59   61   60
   60   58   59   57   57   54   54   52   52   50   50   49   50   49   51   50
   53   53   57   58   61   58   66   87   85                                   
    77.5-180.0 180.0   5.0 450.0                            LAT/LON1/LON2/DLON/H
   94   74   73   75   73   72   73   75   76   77   78   78   79   78   78   76
   75   72   70   66   63   58   54   49   45   39   36   32   30   28   28   27
   30   31   36   38   43   46   51   53   57   59   62   63   65   64   65   64
   63   61   60   58   57   55   53   51   50   48   49   47   49   48   50   50
   54   55   60   63   69   67   74   91   94                                   
    75.0-180.0 180.0   5.0 450.0                            LAT/LON1/LON2/DLON/H
   98   85   83   87   84   82   84   84   85   86   87   87   85   85   83   82
   78   76   73   70   66   63   58   53   48   43   40   35   34   32   32   33
   36   38   43   47   52   55   60   62   66   68   71   71   72   71   71   69
   67   65   64   61   60   57   56   54   52   51   51   50   51   52   54   56
   58   62   67   72   79   79   86   98   98                                   
    72.5-180.0 180.0   5.0 450.0                            LAT/LON1/LON2/DLON/H
  110   96   97   96   93   91   92   91   93   92   93   91   90   87   84   79
   76   72   70   67   66   63   60   55   51   47   43   40   38   37   38   39
   42   45   51   54   59   62   67   68   71   72   74   74   74   72   72   69
   67   64   63   61   59   57   56   55   53   53   52   53   53   55   57   61
   64   69   75   81   89   92   96  107  110                                   
    70.0-180.0 180.0   5.0 450.0                            LAT/LON1/LON2/DLON/H
  116  107  108  108  105  101  102  101  103  101  102   99   95   88   81   74
   67   63   61   60   60   60   60   58   56   53   50   47   46   45   46   47
   51   54   59   61   65   66   70   70   72   72   74   73   73   71   70   67
   65   62   62   60   61   60   60   59   59   58   58   58   59   61   64   68
   73   79   85   92  101  105  112  119  116                                   
    67.5-180.0 180.0   5.0 450.0                            LAT/LON1/LON2/DLON/H
  129  119  121  119  116  112  113  112  114  112  112  107  100   90   78   66
   57   51   49   50   53   56   59   60   60   58   56   53   52   51   52   53
   56   58   62   64   66   67   69   68   68   68   69   68   67   65   65   61
   60   58   59   58   60   60   63   62   64   63   63   64   65   67   70   76
   81   87   93  101  110  116  121  128  129                                   
    65.0-180.0 180.0   5.0 450.0                            LAT/LON1/LON2/DLON/H
  137  132  134  132  128  124  125  125  127  127  125  118  108   93   78   62
   50   42   40   41   47   52   57   60   62   61   60   58   57   56   57   57
   60   62   64   65   66   66   66   64   64   63   64   62   62   59   59   55
   55   54   56   57   61   63   67   67   69   69   70   70   72   75   79   83
   89   96  101  109  117  123  130  136  137                                   
    62.5-180.0 180.0   5.0 450.0                            LAT/LON1/LON2/DLON/H
  150  145  147  144  140  137  138  138  142  141  139  130  118  101   82   64
   50   40   37   38   44   49   54   57   60   60   59   57   56   55   55   56
   58   59   60   61   61   60   58   57   56   56   56   55   55   53   52   49
   49   48   51   53   60   62   67   68   71   72   74   75   78   80   85   89
   96  101  108  114  123  128  134  142  150                                   
    60.0-180.0 180.0   5.0 450.0                            LAT/LON1/LON2/DLON/H
  159  159  162  159  153  149  150  151  154  154  153  145  131  112   93   73
   57   46   42   41   45   48   52   54   56   56   56   54   54   53   53   53
   55   55   56   56   56   53   53   50   51   49   51   49   50   47   47   43
   43   42   46   48   55   58   63   65   69   71   74   76   81   83   88   93
  100  106  112  119  126  130  139  147  159                                   
    57.5-180.0 180.0   5.0 450.0                            LAT/LON1/LON2/DLON/H
  179  179  181  176  170  166  166  164  167  166  164  156  144  126  107   88
   72   61   55   51   52   51   52   51   51   51   51   50   50   48   48   47
   48   48   48   49   49   47   46   45   45   44   45   45   46   44   42   39
   38   37   40   43   49   53   58   61   66   68   73   76   82   85   91   97
  106  112  120  126  133  137  143  152  179                                   
    55.0-180.0 180.0   5.0 450.0                            LAT/LON1/LON2/DLON/H
  200  202  205  199  190  184  181  179  179  177  175  166  156  139  124  104
   91   78   70   63   60   56   53   49   49   47   47   47   47   46   46   44
   44   44   45   45   46   44   45   43   45   44   47   46   48   45   45   40
   39   35   38   38   44   47   52   55   60   64   70   75   83   88   96  103
  114  121  131  137  142  146  153  164  200                                   
    52.5-180.0 180.0   5.0 450.0                            LAT/LON1/LON2/DLON/H
  228  227  230  224  215  207  202  196  194  188  184  174  164  150  137  122
  109   96   87   77   70   63   57   52   49   47   47   47   48   46   46   43
   43   43   45   46   47   47   48   48   49   49   51   51   52   50   49   45
   42   38   38   38   41   43   48   50   56   61   68   74   84   92  101  111
  122  132  144  152  157  162  168  179  228                                   
    50.0-180.0 180.0   5.0 450.0                            LAT/LON1/LON2/DLON/H
  254  251  259  252  243  232  224  214  209  200  194  182  173  160  152  137
  127  111  101   88   80   70   63   57   55   52   53   53   53   51   49   46
   46   46   49   51   54   54   56   55   57   56   59   58   61   58   58   53
   50   45   44   42   43   44   49   51   57   62   70   78   90   98  110  120
  135  146  161  170  177  180  186  196  254                                   
    47.5-180.0 180.0   5.0 450.0                            LAT/LON1/LON2/DLON/H
  273  268  278  276  270  258  250  237  228  214  205  190  181  168  162  149
  139  123  111   97   88   79   73   68   66   65   66   65   64   61   57   53
   52   53   56   59   62   63   64   64   64   64   66   67   69   68   68   63
   60   55   53   50   50   50   54   56   60   65   73   82   94  105  117  130
  146  162  178  190  197  199  201  214  273                                   
    45.0-180.0 180.0   5.0 450.0                            LAT/LON1/LON2/DLON/H
  284  281  293  293  289  280  272  258  246  228  216  199  189  176  171  157
  148  129  118  102   97   87   86   82   83   81   81   79   76   71   65   60
   59   59   63   65   70   70   72   70   72   71   74   75   78   77   78   75
   72   68   66   63   62   62   65   66   70   75   82   91  104  114  127  140
  157  174  191  204  211  215  215  226  284                                   
    42.5-180.0 180.0   5.0 450.0                            LAT/LON1/LON2/DLON/H
  279  276  288  294  294  290  286  275  263  241  226  207  196  183  176  162
  151  134  122  110  106  102  101  100  101  100   98   95   89   83   75   69
   66   66   68   72   75   76   76   76   76   77   80   82   85   86   87   85
   83   80   78   76   75   75   78   78   82   85   93  101  114  123  136  148
  165  182  200  213  223  224  223  234  279                                   
    40.0-180.0 180.0   5.0 450.0                            LAT/LON1/LON2/DLON/H
  265  265  275  280  284  284  286  279  269  250  233  215  203  189  182  166
  155  136  128  118  119  116  120  118  119  115  112  106  100   92   83   76
   73   72   74   75   78   78   80   78   80   81   86   88   92   93   95   93
   92   90   89   87   86   87   89   91   95   98  105  113  126  135  146  158
  173  189  204  217  226  227  224  234  265                                   
    37.5-180.0 180.0   5.0 450.0                            LAT/LON1/LON2/DLON/H
  242  240  248  255  263  266  274  272  269  251  237  220  209  196  187  171
  159  143  137  132  135  136  138  135  132  125  119  113  106   99   90   84
   79   78   77   78   79   81   81   82   83   88   92   96   99   99  100   99
   99   97   96   94   95   95   99  101  106  110  118  126  139  148  159  169
  183  196  208  220  229  226  223  231  242                                   
    35.0-180.0 180.0   5.0 450.0                            LAT/LON1/LON2/DLON/H
  224  224  233  239  246  252  261  263  262  250  239  224  215  202  194  177
  167  152  149  145  151  151  152  143  138  128  122  115  111  103   97   90
   87   83   82   81   82   83   84   85   89   94  101  104  107  105  105  103
  102  100   99   97   98  100  105  109  115  120  128  137  151  161  172  182
  194  205  214  223  230  230  227  238  224                                   
    32.5-180.0 180.0   5.0 450.0                            LAT/LON1/LON2/DLON/H
  216  217  229  235  244  247  255  255  255  245  237  226  219  209  201  187
  178  167  165  163  166  162  157  145  134  124  118  115  112  108  103   99
   94   91   87   87   86   89   89   94   97  104  110  114  114  112  109  106
  104  100   99   96   98  100  107  113  122  129  140  150  165  174  187  197
  209  218  227  235  242  242  241  256  216                                   
    30.0-180.0 180.0   5.0 450.0                            LAT/LON1/LON2/DLON/H
  227  232  248  257  261  261  264  261  256  246  238  228  223  214  208  196
  191  182  181  177  175  165  154  139  127  119  117  116  119  117  115  109
  105  100   98   96   96   98  100  104  109  115  122  124  122  117  112  107
  102   97   94   91   92   96  105  115  126  138  149  164  180  192  206  219
  231  240  248  254  263  264  272  289  227                                   
    27.5-180.0 180.0   5.0 450.0                            LAT/LON1/LON2/DLON/H
  260  261  285  290  291  285  286  276  267  252  243  232  227  220  214  206
  202  196  194  185  177  161  144  128  118  115  118  124  130  130  130  125
  120  114  112  112  112  115  115  119  122  128  132  132  128  121  113  106
   99   92   89   85   86   91  102  116  132  148  161  178  195  210  228  244
  260  272  282  291  299  303  313  331  260                                   
    25.0-180.0 180.0   5.0 450.0                            LAT/LON1/LON2/DLON/H
  298  304  332  337  336  331  327  314  296  274  257  243  235  224  219  212
  210  204  199  185  171  150  133  120  117  121  130  142  151  154  153  148
  141  136  132  132  132  135  134  134  137  139  142  139  133  123  114  104
   96   88   83   80   81   89  102  121  140  159  172  189  207  227  249  271
  292  309  323  334  345  354  374  385  298                                   
    22.5-180.0 180.0   5.0 450.0                            LAT/LON1/LON2/DLON/H
  354  360  391  398  394  390  383  361  340  306  284  261  248  233  223  216
  214  206  197  178  159  138  124  119  126  137  154  168  179  180  177  169
  162  156  152  150  152  152  151  148  147  147  147  142  133  122  113  101
   94   86   83   80   83   92  106  127  150  172  187  206  226  247  272  302
  328  350  368  382  397  409  431  442  354                                   
    20.0-180.0 180.0   5.0 450.0                            LAT/LON1/LON2/DLON/H
  419  435  460  469  472  470  458  433  399  363  326  293  268  245  230  219
  214  204  191  168  149  130  127  132  150  169  188  203  212  210  206  196
  185  178  172  171  171  170  166  162  157  153  151  143  133  120  110   99
   93   86   84   84   87   99  113  135  160  185  203  225  245  267  295  330
  363  388  407  423  444  459  491  499  419                                   
    17.5-180.0 180.0   5.0 450.0                            LAT/LON1/LON2/DLON/H
  475  497  519  532  543  549  540  514  474  428  384  338  303  267  244  226
  217  202  186  162  146  136  144  161  186  209  225  234  238  230  222  212
  200  191  185  184  184  181  175  167  159  153  146  138  126  112  103   94
   91   87   88   89   93  105  120  143  170  196  221  246  269  291  321  358
  389  415  436  456  478  499  527  535  475                                   
    15.0-180.0 180.0   5.0 450.0                            LAT/LON1/LON2/DLON/H
  513  538  553  571  593  610  611  593  550  501  441  395  344  299  265  241
  226  207  188  168  160  161  181  208  234  254  263  260  257  243  234  220
  208  197  193  191  190  186  178  170  160  151  142  131  119  106   97   90
   88   87   90   95  102  115  130  152  179  208  238  267  290  313  343  374
  403  429  452  473  501  523  552  555  513                                   
    12.5-180.0 180.0   5.0 450.0                            LAT/LON1/LON2/DLON/H
  530  551  564  583  617  646  660  647  611  558  498  444  392  339  299  266
  246  224  207  191  191  205  233  263  287  293  290  275  263  247  238  225
  213  205  202  200  196  191  181  170  158  146  134  122  109   97   89   85
   85   87   92   99  108  122  138  160  187  217  250  277  304  328  356  384
  410  436  459  485  510  528  550  549  530                                   
    10.0-180.0 180.0   5.0 450.0                            LAT/LON1/LON2/DLON/H
  528  553  558  576  613  647  670  669  641  597  538  488  432  383  338  301
  276  254  238  229  239  263  295  321  333  322  303  277  259  244  237  227
  220  214  213  210  205  196  185  172  158  142  130  116  105   93   87   81
   84   86   94  103  115  129  146  166  192  224  256  286  315  339  366  392
  416  440  465  488  512  523  541  534  528                                   
     7.5-180.0 180.0   5.0 450.0                            LAT/LON1/LON2/DLON/H
  511  524  527  549  584  622  650  661  646  612  564  516  470  423  382  343
  316  291  279  277  292  319  348  362  358  334  301  270  250  239  237  235
