data/unet/pred1630.15i
     1.0            IONOSPHERE MAPS     GNSS                IONEX VERSION / TYPE
pyspatialgeodesy        IME             05-JAN-18 20:20     PGM / RUN BY / DATE 
Map Name                                                    COMMENT             
Predicted global ionosphere maps (GIM).                     DESCRIPTION         
  2015     6    12     0     0     0                        EPOCH OF FIRST MAP  
  2015     6    13     0     0     0                        EPOCH OF LAST MAP   
  7200                                                      INTERVAL            
    13                                                      # OF MAPS IN FILE   
  NONE                                                      MAPPING FUNCTION    
10.0                                                        ELEVATION CUTOFF    
One-way carrier phase leveled to code                       OBSERVABLES USED    
  6371.0                                                    BASE RADIUS         
 2                                                          MAP DIMENSION       
   450.0 450.0   0.0                                        HGT1 / HGT2 / DHGT  
    87.5 -87.5  -2.5                                        LAT1 / LAT2 / DLAT  
  -180.0 180.0   5.0                                        LON1 / LON2 / DLON  
    -1                                                      EXPONENT            
                                                            END OF HEADER       
[from data line 429]
     2                                                      START OF TEC MAP    
  2015     6    12     2     0     0                        EPOCH OF CURRENT MAP
    87.5-180.0 180.0   5.0 450.0                            LAT/LON1/LON2/DLON/H
  195  200  199  201  202  200  201  202  203  204  204  205  205  206  206  205
  204  203  202  200  197  195  192  189  188  186  185  183  184  183  184  182
  184  182  184  182  184  182  184  182  184  184  186  185  187  187  188  187
  189  189  191  191  193  193  195  195  197  197  198  197  199  199  199  198
  200  199  199  198  198  196  194  201  195                                   
    85.0-180.0 180.0   5.0 450.0                            LAT/LON1/LON2/DLON/H
  200  205  201  208  207  206  207  208  209  210  211  211  211  212  212  212
  210  210  207  206  202  200  197  194  191  189  186  184  183  181  180  179
  179  178  179  178  179  179  180  180  181  182  183  184  184  186  187  188
  189  190  192  193  195  196  198  199  201  201  203  202  204  203  204  203
  205  204  205  203  205  198  202  199  200                                   
    82.5-180.0 180.0   5.0 450.0                            LAT/LON1/LON2/DLON/H
  205  204  210  216  216  212  216  214  217  216  219  217  219  217  219  216
  218  214  215  211  210  205  204  198  197  192  190  186  183  180  179  176
  176  175  176  175  177  177  180  179  182  183  187  187  190  190  193  194
  197  198  202  202  206  206  209  208  211  210  212  210  213  210  212  209
  213  210  214  211  216  209  209  201  205                                   
    80.0-180.0 180.0   5.0 450.0                            LAT/LON1/LON2/DLON/H
  209  208  213  219  221  220  222  222  223  222  223  223  223  223  223  223
  222  221  220  218  216  212  209  204  201  195  192  185  181  175  173  169
  169  167  169  169  172  172  176  177  182  183  188  190  194  195  200  200
  204  204  209  208  213  211  215  213  217  214  217  214  217  214  216  213
  216  214  217  215  218  213  214  210  209                                   
    77.5-180.0 180.0   5.0 450.0                            LAT/LON1/LON2/DLON/H
  209  212  214  221  221  222  223  223  223  223  224  224  224  224  224  224
  223  223  222  221  219  216  212  208  202  197  191  184  177  173  168  166
  164  166  167  169  172  175  178  181  185  188  192  194  198  201  205  207
  210  212  215  216  218  219  221  221  222  221  222  221  221  221  220  220
  220  220  220  218  219  219  219  214  209                                   
    75.0-180.0 180.0   5.0 450.0                            LAT/LON1/LON2/DLON/H
  213  212  216  220  222  222  223  223  223  223  224  223  223  222  222  221
  221  221  221  219  217  213  209  202  196  188  182  173  169  162  161  158
  160  161  167  169  175  177  183  185  190  192  198  199  205  206  212  212
  218  218  223  223  226  225  228  226  229  226  228  225  227  225  226  222
  224  221  223  218  220  218  221  217  213                                   
    72.5-180.0 180.0   5.0 450.0                            LAT/LON1/LON2/DLON/H
  212  212  214  217  218  216  220  218  220  218  219  218  217  215  214  213
  213  213  213  213  211  208  203  196  188  179  170  163  156  153  151  153
  156  160  166  171  176  180  184  187  190  193  197  201  205  208  213  216
  219  223  225  227  228  229  229  229  228  228  226  227  225  226  224  223
  221  220  220  217  219  220  221  218  212                                   
    70.0-180.0 180.0   5.0 450.0                            LAT/LON1/LON2/DLON/H
  212  210  213  216  217  217  219  219  220  219  219  216  214  211  209  207
  206  206  207  207  207  202  199  189  182  171  165  155  152  149  151  153
  158  163  171  176  182  185  190  192  195  198  202  205  210  213  219  222
  226  228  232  232  234  232  233  231  231  229  229  228  229  228  228  225
  226  223  224  220  221  219  221  218  212                                   
    67.5-180.0 180.0   5.0 450.0                            LAT/LON1/LON2/DLON/H
  211  208  209  211  213  210  215  213  217  216  217  214  210  206  202  199
  197  197  197  197  197  194  189  180  170  161  153  147  143  145  147  153
  158  166  172  179  182  186  188  191  192  194  199  203  208  213  219  223
  228  230  233  234  234  233  232  231  230  229  228  228  228  228  227  226
  225  224  223  221  222  221  220  216  211                                   
    65.0-180.0 180.0   5.0 450.0                            LAT/LON1/LON2/DLON/H
  211  206  206  210  210  210  213  215  217  219  219  217  213  208  203  198
  196  194  194  193  194  189  184  174  167  155  149  142  142  143  148  153
  160  167  174  178  182  184  187  188  190  192  197  202  208  214  221  225
  231  232  236  235  236  235  235  234  233  232  231  231  231  231  231  230
  229  227  227  224  224  220  220  214  211                                   
    62.5-180.0 180.0   5.0 450.0                            LAT/LON1/LON2/DLON/H
  213  205  205  205  207  205  210  210  217  218  221  219  216  210  203  197
  192  189  186  186  184  181  175  168  158  151  144  143  141  147  149  157
  161  167  171  174  176  178  180  182  184  187  193  199  207  214  221  225
  230  232  235  235  236  235  236  236  236  236  235  234  235  233  234  232
  232  230  229  227  228  225  222  214  213                                   
    60.0-180.0 180.0   5.0 450.0                            LAT/LON1/LON2/DLON/H
  215  206  204  207  206  205  207  210  214  219  221  222  220  215  209  201
  196  189  187  184  184  177  174  165  160  151  148  145  147  150  154  158
  162  163  166  166  168  169  173  175  179  183  191  198  207  213  222  226
  232  232  237  236  239  239  242  242  243  243  242  242  241  240  240  238
  238  235  235  232  233  227  227  217  215                                   
    57.5-180.0 180.0   5.0 450.0                            LAT/LON1/LON2/DLON/H
  223  211  210  208  209  204  207  205  213  215  221  223  225  220  215  206
  199  191  187  182  180  175  170  166  160  157  152  155  154  158  158  160
  158  157  155  155  155  158  161  166  171  178  187  196  204  213  221  226
  230  233  236  237  241  244  247  250  251  252  252  250  250  247  247  245
  245  243  242  241  243  238  234  225  223                                   
    55.0-180.0 180.0   5.0 450.0                            LAT/LON1/LON2/DLON/H
  231  222  219  219  216  210  208  208  210  214  219  223  225  224  220  212
  206  197  192  186  185  179  177  170  169  164  165  164  167  165  165  161
  158  152  150  147  148  151  156  162  169  177  187  195  205  213  222  227
  233  235  240  241  249  253  260  263  267  267  267  264  263  260  258  256
  257  254  254  252  255  246  245  237  231                                   
    52.5-180.0 180.0   5.0 450.0                            LAT/LON1/LON2/DLON/H
  247  236  235  232  229  220  219  212  215  213  218  220  226  226  226  220
  216  206  202  194  193  187  183  180  179  177  177  178  177  175  169  163
  156  148  143  140  141  147  152  162  168  179  187  197  205  215  223  230
  234  239  244  248  257  264  272  277  282  282  283  280  277  273  271  269
  270  269  269  269  272  264  259  254  247                                   
    50.0-180.0 180.0   5.0 450.0                            LAT/LON1/LON2/DLON/H
  264  255  256  256  249  241  233  227  222  219  218  220  224  227  228  225
  222  213  210  202  202  195  195  190  192  189  191  190  188  182  174  164
  158  148  144  142  144  150  159  167  176  184  193  199  208  215  225  231
  238  244  252  259  269  279  290  296  302  303  303  298  295  290  288  285
  286  284  285  285  289  280  278  276  264                                   
    47.5-180.0 180.0   5.0 450.0                            LAT/LON1/LON2/DLON/H
  285  277  279  277  273  262  256  244  237  227  224  222  226  229  232  232
  231  225  222  217  216  211  209  206  208  206  208  204  200  189  179  168
  161  153  149  147  149  156  162  173  179  189  194  203  208  219  225  234
  240  249  257  267  282  293  307  314  321  322  322  316  312  305  304  300
  302  302  304  307  311  303  297  294  285                                   
    45.0-180.0 180.0   5.0 450.0                            LAT/LON1/LON2/DLON/H
  305  296  299  301  295  289  279  270  257  245  233  229  229  231  234  235
  235  230  228  224  224  220  221  219  222  219  219  214  206  193  184  172
  168  161  160  159  163  168  177  182  190  195  201  206  213  219  230  237
  246  254  265  277  291  307  321  333  340  343  342  335  331  323  321  318
  321  321  326  330  335  327  321  321  305                                   
    42.5-180.0 180.0   5.0 450.0                            LAT/LON1/LON2/DLON/H
  322  318  316  321  316  309  301  290  278  262  250  241  239  240  242  244
  242  241  237  236  237  234  236  234  237  233  233  223  215  200  191  182
  179  175  174  174  176  183  186  193  196  202  206  212  216  226  234  243
  252  261  274  285  305  319  337  348  357  359  359  353  347  340  336  335
  336  340  345  352  359  353  344  336  322                                   
    40.0-180.0 180.0   5.0 450.0                            LAT/LON1/LON2/DLON/H
  344  339  339  341  337  331  322  315  301  287  269  260  255  254  252  252
  250  245  241  239  240  241  242  245  247  245  241  232  221  207  199  192
  193  192  194  193  196  199  204  205  209  211  216  220  226  231  241  248
  260  270  285  299  317  334  347  363  372  379  382  377  372  363  362  358
  361  365  371  381  389  379  371  363  344                                   
    37.5-180.0 180.0   5.0 450.0                            LAT/LON1/LON2/DLON/H
  359  361  357  358  353  346  339  332  321  307  292  282  276  272  268  265
  260  254  248  245  246  246  251  252  257  253  254  242  232  219  211  209
  210  211  211  211  210  213  213  216  219  220  225  227  231  237  245  253
  268  280  297  310  330  341  360  370  383  389  396  393  387  382  377  376
  376  381  387  397  408  400  392  376  359                                   
    35.0-180.0 180.0   5.0 450.0                            LAT/LON1/LON2/DLON/H
  381  383  379  376  370  362  355  350  340  330  316  308  302  296  288  279
  270  260  251  246  245  249  254  262  266  267  265  255  243  230  225  221
  225  224  226  223  223  221  224  224  229  231  236  236  240  242  250  259
  275  287  306  320  340  355  367  383  392  401  410  410  409  404  403  401
  400  403  406  417  427  419  418  402  381                                   
    32.5-180.0 180.0   5.0 450.0                            LAT/LON1/LON2/DLON/H
  396  397  394  389  384  373  369  362  356  347  338  331  327  319  308  297
  285  271  260  252  252  253  263  269  279  279  281  270  261  249  242  241
  240  240  235  232  227  227  227  230  235  239  243  243  242  245  251  263
  278  291  308  322  342  356  375  382  396  402  412  412  412  410  410  409
  408  408  413  422  436  430  429  416  396                                   
    30.0-180.0 180.0   5.0 450.0                            LAT/LON1/LON2/DLON/H
  416  416  412  409  402  392  386  382  378  372  364  360  357  348  335  318
  301  282  267  257  256  261  272  284  292  295  296  286  275  263  256  250
  248  243  237  230  228  225  228  229  235  240  245  244  243  245  253  263
  279  290  308  322  342  358  374  385  397  407  415  420  423  424  427  427
  425  424  428  438  451  447  453  440  416                                   
    27.5-180.0 180.0   5.0 450.0                            LAT/LON1/LON2/DLON/H
  426  428  430  425  424  412  411  404  404  397  393  388  387  376  363  341
  320  299  280  267  265  270  284  294  307  307  310  299  288  274  263  256
  248  241  231  225  219  220  220  225  229  235  238  239  237  238  246  256
  270  284  300  317  336  357  374  383  397  404  414  418  424  426  432  431
  432  429  434  442  458  458  460  451  426                                   
    25.0-180.0 180.0   5.0 450.0                            LAT/LON1/LON2/DLON/H
  446  450  452  450  447  440  438  436  434  431  428  424  421  412  396  371
  344  316  296  279  278  283  298  309  319  319  317  305  289  274  258  248
  238  228  218  211  208  208  213  216  220  224  230  228  228  228  235  245
  258  271  288  305  330  352  371  383  395  407  414  423  430  439  447  450
  450  449  450  459  474  473  481  474  446                                   
    22.5-180.0 180.0   5.0 450.0                            LAT/LON1/LON2/DLON/H
  460  467  477  474  475  468  469  466  468  464  461  456  451  438  422  396
  368  337  311  294  292  298  313  322  333  325  318  301  282  264  244  232
  218  207  194  188  185  188  191  197  198  205  208  209  208  207  215  227
  243  258  275  295  318  344  364  378  391  401  414  421  433  442  456  460
  463  461  461  467  482  483  486  481  460                                   
    20.0-180.0 180.0   5.0 450.0                            LAT/LON1/LON2/DLON/H
  483  489  499  497  500  499  503  503  503  499  493  487  477  462  444  419
  390  358  329  313  311  317  330  338  342  329  312  291  269  248  227  213
  196  182  168  163  163  168  173  175  177  179  185  182  184  186  196  209
  228  247  269  292  317  342  363  377  389  402  415  429  440  454  468  477
  480  479  478  485  497  493  498  494  483                                   
    17.5-180.0 180.0   5.0 450.0                            LAT/LON1/LON2/DLON/H
  499  504  516  518  523  528  535  538  536  529  519  510  499  481  461  435
  409  376  349  329  327  331  345  347  343  321  299  273  248  226  206  189
  166  151  139  133  137  141  148  149  150  154  158  159  162  165  175  191
  213  236  261  286  313  338  358  373  387  400  420  434  450  461  478  487
  493  493  493  497  507  503  499  496  499                                   
    15.0-180.0 180.0   5.0 450.0                            LAT/LON1/LON2/DLON/H
  520  521  526  526  536  543  556  559  560  551  540  526  511  492  470  446
  419  392  364  345  338  344  352  349  335  307  281  252  228  201  183  160
  144  128  120  117  121  128  135  135  136  135  141  140  146  147  159  174
  200  226  257  285  315  339  361  377  393  411  429  448  460  475  489  503
  509  515  513  519  525  517  514  513  520                                   
    12.5-180.0 180.0   5.0 450.0                            LAT/LON1/LON2/DLON/H
  535  532  534  533  540  550  564  569  572  561  550  535  518  497  474  450
  424  398  375  352  346  344  349  337  317  284  255  226  199  181  158  145
  127  115  109  105  112  115  119  115  114  114  120  124  130  132  143  159
  186  216  251  281  314  341  365  383  404  422  445  460  478  489  504  515
  525  529  532  535  541  532  526  523  535                                   
    10.0-180.0 180.0   5.0 450.0                            LAT/LON1/LON2/DLON/H
  557  547  540  533  537  544  558  564  566  558  547  532  514  493  467  446
  421  399  375  358  347  345  339  321  295  257  225  191  171  152  142  129
  120  109  106  102  108  110  111  108  107  109  117  118  127  124  135  148
  176  207  244  278  315  345  372  396  420  444  462  479  495  509  521  533
  540  548  550  556  560  553  549  552  557                                   
     7.5-180.0 180.0   5.0 450.0                            LAT/LON1/LON2/DLON/H
  571  563  555  544  539  543  549  553  555  548  538  525  507  486  459  437
  414  392  370  349  339  329  320  294  262  222  184  157  142  135  128  123
