data/unet/pred0920.15i
     1.0            IONOSPHERE MAPS     GNSS                IONEX VERSION / TYPE
pyspatialgeodesy        IME             05-JAN-18 20:20     PGM / RUN BY / DATE 
Map Name                                                    COMMENT             
Predicted global ionosphere maps (GIM).                     DESCRIPTION         
  2015     4     2     0     0     0                        EPOCH OF FIRST MAP  
  2015     4     3     0     0     0                        EPOCH OF LAST MAP   
  7200                                                      INTERVAL            
    13                                                      # OF MAPS IN FILE   
  NONE                                                      MAPPING FUNCTION    
10.0                                                        ELEVATION CUTOFF    
One-way carrier phase leveled to code                       OBSERVABLES USED    
  6371.0                                                    BASE RADIUS         
 2                                                          MAP DIMENSION       
   450.0 450.0   0.0                                        HGT1 / HGT2 / DHGT  
    87.5 -87.5  -2.5                                        LAT1 / LAT2 / DLAT  
  -180.0 180.0   5.0                                        LON1 / LON2 / DLON  
    -1                                                      EXPONENT            
                                                            END OF HEADER       
[from data line 429]
     2                                                      START OF TEC MAP    
  2015     4     2     2     0     0                        EPOCH OF CURRENT MAP
    87.5-180.0 180.0   5.0 450.0                            LAT/LON1/LON2/DLON/H
  166  167  160  157  158  158  160  163  167  169  172  173  175  176  175  174
  172  170  167  163  160  154  152  146  147  143  145  142  145  143  146  144
  148  148  151  152  156  158  161  162  165  167  169  171  174  176  177  179
  181  182  182  183  185  185  184  183  184  183  180  179  178  177  173  172
  170  169  165  166  168  166  165  178  166                                   
    85.0-180.0 180.0   5.0 450.0                            LAT/LON1/LON2/DLON/H
  170  177  164  166  167  166  171  173  177  179  181  182  181  183  180  179
  175  172  168  163  159  154  149  145  142  138  137  134  134  132  132  132
  133  135  136  141  144  150  153  158  162  167  169  175  176  180  180  185
  185  188  187  189  189  190  186  188  186  186  182  183  180  180  175  176
  172  172  168  170  174  168  172  179  170                                   
    82.5-180.0 180.0   5.0 450.0                            LAT/LON1/LON2/DLON/H
  173  176  178  180  178  179  185  185  190  187  192  189  192  188  189  182
  182  174  173  164  163  153  152  140  140  129  129  120  121  115  117  114
  118  117  124  126  136  139  149  153  161  164  172  174  180  181  185  187
  191  191  192  193  195  193  192  193  194  193  191  191  190  189  186  185
  184  183  182  184  187  182  181  184  173                                   
    80.0-180.0 180.0   5.0 450.0                            LAT/LON1/LON2/DLON/H
  185  183  186  184  185  187  194  196  200  200  202  203  203  202  199  196
  190  184  179  171  166  155  149  137  131  120  115  106  102   96   96   93
   97   98  106  111  122  129  141  147  158  163  172  175  182  182  187  188
  192  191  193  194  197  195  197  197  202  199  203  201  205  202  204  201
  203  199  200  198  199  193  193  195  185                                   
    77.5-180.0 180.0   5.0 450.0                            LAT/LON1/LON2/DLON/H
  200  196  195  192  190  196  201  204  206  209  210  213  212  212  208  205
  197  192  183  176  166  156  145  134  123  112  103   94   87   82   79   78
   80   84   92   99  111  119  133  141  154  161  170  174  180  181  185  185
  188  187  190  191  195  194  199  199  206  203  209  206  212  208  214  209
  214  209  213  205  207  201  206  210  200                                   
    75.0-180.0 180.0   5.0 450.0                            LAT/LON1/LON2/DLON/H
  218  209  206  202  199  200  202  205  207  209  212  212  213  208  206  199
  192  184  176  167  158  147  138  126  117  107   99   88   80   74   70   69
   72   77   85   94  105  117  128  139  150  157  166  169  174  174  178  176
  180  178  182  182  189  190  197  198  207  206  213  212  218  215  220  218
  223  219  224  219  220  219  227  228  218                                   
    72.5-180.0 180.0   5.0 450.0                            LAT/LON1/LON2/DLON/H
  237  228  226  222  218  214  214  214  211  213  209  211  205  203  194  190
  179  174  162  155  147  137  130  121  113  104   96   87   78   73   69   70
   72   78   86   94  106  116  127  136  144  151  155  158  159  160  161  162
  164  167  170  174  182  186  195  198  209  209  218  216  223  221  226  224
  230  231  237  234  235  236  245  248  237                                   
    70.0-180.0 180.0   5.0 450.0                            LAT/LON1/LON2/DLON/H
  252  244  241  238  231  229  225  227  222  223  217  214  208  197  187  174
  164  155  145  141  134  131  125  121  114  108  101   93   84   79   75   74
   76   81   87   96  103  113  120  129  133  138  140  143  142  143  143  145
  148  152  159  166  175  184  192  200  209  213  219  221  224  225  225  228
  229  236  239  244  242  251  256  263  252                                   
    67.5-180.0 180.0   5.0 450.0                            LAT/LON1/LON2/DLON/H
  263  257  256  254  247  240  238  236  233  231  224  224  209  201  179  167
  150  142  132  129  125  125  124  122  118  114  107  102   93   90   84   85
   83   88   90   97  101  108  112  118  120  122  122  122  121  122  124  127
  133  140  149  160  172  184  194  206  215  221  225  226  227  227  228  229
  232  237  242  246  247  256  264  269  263                                   
    65.0-180.0 180.0   5.0 450.0                            LAT/LON1/LON2/DLON/H
  269  264  262  262  252  247  241  243  239  241  234  231  218  204  185  167
  150  140  129  128  126  128  128  128  125  120  115  108  102   97   94   91
   90   90   91   92   96   98  101  103  105  105  104  105  102  105  106  113
  120  131  144  158  174  190  202  215  225  232  235  236  237  237  236  236
  237  240  243  246  246  260  264  272  269                                   
    62.5-180.0 180.0   5.0 450.0                            LAT/LON1/LON2/DLON/H
  270  265  264  262  254  244  241  239  241  241  240  238  225  213  189  170
  152  141  132  130  129  132  133  134  131  127  121  115  110  106  101   99
   95   95   91   92   91   94   93   95   94   93   92   91   91   93   97  105
  115  130  145  163  181  200  212  227  236  243  245  248  246  247  245  245
  242  244  244  245  246  257  264  269  270                                   
    60.0-180.0 180.0   5.0 450.0                            LAT/LON1/LON2/DLON/H
  272  263  258  256  246  238  231  233  230  236  233  234  223  214  196  180
  166  155  148  145  145  146  147  144  141  133  128  120  117  110  109  104
  100   96   92   90   89   88   90   89   90   87   87   84   84   86   91  100
  112  130  149  170  189  209  223  239  248  257  262  266  268  267  268  265
  263  260  259  254  254  263  268  271  272                                   
    57.5-180.0 180.0   5.0 450.0                            LAT/LON1/LON2/DLON/H
  277  269  263  255  244  232  227  223  225  225  229  226  224  216  203  190
  178  169  163  160  158  157  156  150  147  138  134  127  125  120  117  114
  108  105   99   97   94   95   95   95   94   90   89   86   85   88   92  103
  115  134  152  174  192  214  229  246  259  271  279  287  292  296  297  296
  292  290  283  279  276  278  277  279  277                                   
    55.0-180.0 180.0   5.0 450.0                            LAT/LON1/LON2/DLON/H
  294  283  275  262  247  233  222  218  213  216  215  218  216  217  209  205
  196  190  187  180  178  171  168  159  155  146  142  136  135  129  130  123
  121  113  109  105  103  103  104  104  105  100   99   93   94   94  100  109
  121  139  159  179  198  217  234  251  267  280  295  305  316  324  332  332
  334  331  326  316  310  305  303  304  294                                   
    52.5-180.0 180.0   5.0 450.0                            LAT/LON1/LON2/DLON/H
  320  310  301  285  267  248  234  221  216  210  213  211  217  214  217  214
  211  205  199  192  186  180  174  165  162  155  154  149  148  144  143  138
  133  128  123  120  119  121  122  123  122  118  114  109  107  108  111  120
  131  147  165  184  201  222  239  259  277  295  313  326  341  355  365  375
  377  377  373  366  358  350  338  337  320                                   
    50.0-180.0 180.0   5.0 450.0                            LAT/LON1/LON2/DLON/H
  361  350  345  318  300  274  259  237  226  213  209  207  208  212  213  219
  217  215  211  199  193  183  177  171  170  167  168  165  165  160  159  151
  149  140  139  133  135  133  138  136  137  131  127  122  120  119  122  129
  142  158  177  194  212  229  248  265  285  304  324  340  359  375  391  403
  412  416  416  414  408  401  385  378  361                                   
    47.5-180.0 180.0   5.0 450.0                            LAT/LON1/LON2/DLON/H
  403  396  387  366  348  322  298  273  251  229  218  209  210  210  218  219
  220  216  209  199  190  184  180  179  182  184  187  186  183  178  172  166
  159  155  151  151  150  152  152  153  148  144  137  132  130  129  134  142
  155  170  189  207  225  245  264  282  302  321  339  356  374  389  406  421
  433  444  447  453  453  444  426  416  403                                   
    45.0-180.0 180.0   5.0 450.0                            LAT/LON1/LON2/DLON/H
  447  445  431  413  397  372  346  307  280  247  232  217  214  214  217  219
  215  211  204  194  189  183  183  186  195  203  209  206  201  190  184  173
  170  162  165  160  164  160  164  159  157  150  144  141  139  139  144  154
  168  186  205  224  243  261  280  299  317  336  352  370  385  400  417  431
  445  459  467  479  485  483  469  454  447                                   
    42.5-180.0 180.0   5.0 450.0                            LAT/LON1/LON2/DLON/H
  474  473  460  448  431  410  386  349  313  280  255  234  228  225  225  221
  216  206  198  192  189  189  193  203  215  226  228  224  212  198  187  177
  171  169  169  171  171  172  169  167  160  154  147  146  147  149  156  165
  181  196  218  238  260  280  301  319  335  350  367  381  395  405  421  434
  449  463  475  491  503  502  493  478  474                                   
    40.0-180.0 180.0   5.0 450.0                            LAT/LON1/LON2/DLON/H
  505  500  490  475  463  443  423  383  350  306  279  251  244  235  231  226
  216  208  199  196  199  200  207  217  231  237  239  228  217  198  187  176
  174  170  175  174  179  175  177  170  166  157  153  152  154  156  165  176
  191  209  230  253  277  300  320  339  351  366  377  396  405  419  430  444
  458  473  485  504  519  521  515  498  505                                   
    37.5-180.0 180.0   5.0 450.0                            LAT/LON1/LON2/DLON/H
  520  516  507  492  478  460  437  406  375  335  303  278  266  255  247  236
  226  215  209  210  216  222  230  240  248  250  245  231  217  199  189  181
  179  178  180  181  182  181  179  175  168  163  160  161  164  167  173  183
  196  213  236  261  286  310  332  348  361  372  386  401  415  427  440  457
  473  490  504  524  541  543  537  511  520                                   
    35.0-180.0 180.0   5.0 450.0                            LAT/LON1/LON2/DLON/H
  554  542  528  506  490  467  447  415  395  351  322  293  280  267  255  245
  233  226  225  229  236  243  250  253  255  250  245  229  218  203  198  192
  195  194  197  193  192  188  186  180  175  168  170  169  175  173  179  184
  200  217  240  263  288  314  335  354  366  382  396  419  435  454  471  489
  506  527  545  566  584  587  582  555  554                                   
    32.5-180.0 180.0   5.0 450.0                            LAT/LON1/LON2/DLON/H
  590  571  553  527  504  475  452  425  404  371  340  311  294  279  263  250
  243  236  241  248  259  265  268  265  263  256  251  241  233  225  225  226
  231  230  230  222  213  205  200  193  189  181  179  179  181  179  178  183
  195  211  232  257  283  309  329  346  360  379  400  428  451  479  502  526
  547  572  595  618  636  639  632  599  590                                   
    30.0-180.0 180.0   5.0 450.0                            LAT/LON1/LON2/DLON/H
  664  648  618  583  550  515  484  450  429  394  368  335  314  291  272  259
  251  248  252  261  271  277  276  272  273  269  270  267  271  271  281  285
  295  286  278  257  238  225  215  207  201  194  190  187  188  182  181  179
  194  210  234  257  280  304  325  346  362  383  405  445  478  512  545  582
  617  654  680  703  718  717  712  689  664                                   
    27.5-180.0 180.0   5.0 450.0                            LAT/LON1/LON2/DLON/H
  745  743  695  664  625  582  546  506  477  438  407  372  343  316  287  275
  262  261  266  271  279  279  281  281  292  301  313  325  338  350  364  376
  373  358  327  295  263  243  231  222  216  207  201  195  186  178  166  165
  173  197  223  248  272  294  314  336  361  389  418  461  501  548  589  644
  693  741  778  797  810  810  796  770  745                                   
    25.0-180.0 180.0   5.0 450.0                            LAT/LON1/LON2/DLON/H
  860  864  817  784  747  708  662  617  575  526  484  437  398  357  322  300
  281  274  269  270  272  274  282  297  325  352  376  401  422  442  460  459
  443  403  359  315  282  258  244  232  224  215  208  200  190  176  165  157
  167  185  212  239  264  287  311  338  363  398  435  487  536  596  644  722
  780  839  880  899  909  916  898  889  860                                   
    22.5-180.0 180.0   5.0 450.0                            LAT/LON1/LON2/DLON/H
  966  967  942  911  869  823  779  735  693  637  588  524  475  421  373  343
  309  291  272  266  263  270  290  329  376  420  454  487  509  528  537  528
  492  436  371  324  286  262  245  234  225  215  206  195  181  167  153  149
  159  176  207  233  266  286  316  339  378  412  454  506  558  632  691  775
  837  887  932  948  964  974  969  963  966                                   
    20.0-180.0 180.0   5.0 450.0                            LAT/LON1/LON2/DLON/H
 1041 1038 1029 1003  978  927  898  852  815  765  713  653  582  519  455  403
  363  323  290  274  269  284  320  384  444  504  536  570  583  591  585  562
  510  440  374  322  290  261  247  233  224  212  202  192  179  163  148  146
  153  177  207  241  271  302  329  362  399  443  482  539  593  666  731  800
  869  918  959  973  993 1002 1017 1025 1041                                   
    17.5-180.0 180.0   5.0 450.0                            LAT/LON1/LON2/DLON/H
 1065 1089 1098 1083 1064 1013  988  939  915  863  818  759  693  621  549  491
  438  383  333  309  304  330  380  451  520  575  608  622  617  604  583  548
  487  421  358  312  277  253  237  226  212  195  191  178  169  152  144  142
  152  180  215  252  285  318  356  394  435  477  520  578  629  700  748  816
  874  921  959  979  996 1013 1027 1033 1065                                   
    15.0-180.0 180.0   5.0 450.0                            LAT/LON1/LON2/DLON/H
 1066 1099 1122 1123 1115 1072 1052 1009  985  943  902  848  783  723  659  600
  534  468  406  375  370  411  463  543  598  645  654  647  611  582  540  490
  439  380  340  289  264  238  228  210  195  175  175  171  158  147  135  134
  146  179  218  262  298  337  378  417  456  504  552  607  661  720  762  816
  865  905  946  965  989 1004 1022 1038 1066                                   
    12.5-180.0 180.0   5.0 450.0                            LAT/LON1/LON2/DLON/H
 1034 1070 1100 1124 1120 1102 1084 1052 1038 1001  971  919  871  813  752  712
  645  579  513  482  475  509  553  616  659  669  652  606  554  504  453  415
  371  337  294  264  242  226  215  196  176  158  158  157  148  133  127  126
  150  179  225  271  314  354  393  437  475  525  566  625  674  733  770  815
  846  886  919  944  963  986  990 1018 1034                                   
    10.0-180.0 180.0   5.0 450.0                            LAT/LON1/LON2/DLON/H
  980 1018 1043 1080 1096 1091 1087 1072 1064 1043 1016  981  931  885  837  795
  751  706  649  616  609  636  664  698  697  669  601  532  461  403  364  336
  319  285  266  241  235  222  215  191  171  150  153  154  144  132  123  126
  146  183  229  280  318  358  400  440  480  526  570  624  681  736  775  810
  836  867  897  919  944  959  965 1007  980                                   
     7.5-180.0 180.0   5.0 450.0                            LAT/LON1/LON2/DLON/H
  920  932  959  989 1022 1045 1053 1063 1054 1049 1037 1003  973  924  896  854
  822  794  765  745  738  749  746  723  677  605  512  428  358  315  284  280
