data/unet/pred0130.15i
     1.0            IONOSPHERE MAPS     GNSS                IONEX VERSION / TYPE
pyspatialgeodesy        IME             05-JAN-18 20:20     PGM / RUN BY / DATE 
Map Name                                                    COMMENT             
Predicted global ionosphere maps (GIM).                     DESCRIPTION         
  2015     1    13     0     0     0                        EPOCH OF FIRST MAP  
  2015     1    14     0     0     0                        EPOCH OF LAST MAP   
  7200                                                      INTERVAL            
    13                                                      # OF MAPS IN FILE   
  NONE                                                      MAPPING FUNCTION    
10.0                                                        ELEVATION CUTOFF    
One-way carrier phase leveled to code                       OBSERVABLES USED    
  6371.0                                                    BASE RADIUS         
 2                                                          MAP DIMENSION       
   450.0 450.0   0.0                                        HGT1 / HGT2 / DHGT  
    87.5 -87.5  -2.5                                        LAT1 / LAT2 / DLAT  
  -180.0 180.0   5.0                                        LON1 / LON2 / DLON  
    -1                                                      EXPONENT            
                                                            END OF HEADER       
[from data line 2574]
     7                                                      START OF TEC MAP    
  2015     1    13    12     0     0                        EPOCH OF CURRENT MAP
    87.5-180.0 180.0   5.0 450.0                            LAT/LON1/LON2/DLON/H
   86   98   96   98   94   95   94   94   94   94   94   93   92   93   91   93
   91   93   91   93   91   93   90   91   89   89   86   86   83   83   81   81
   78   79   77   77   75   76   74   75   72   73   70   72   69   71   68   71
   68   71   69   73   70   75   73   78   76   81   79   84   82   86   85   89
   88   91   90   92   91   90  100   82   86                                   
    85.0-180.0 180.0   5.0 450.0                            LAT/LON1/LON2/DLON/H
   97   96   92   88   92   90   93   92   94   94   96   96   97   98   98   98
   98   98   98   97   98   97   97   95   96   95   95   94   93   92   90   89
   87   85   84   81   80   76   76   73   72   69   69   67   66   65   64   64
   64   65   66   68   70   72   75   77   79   81   84   84   87   86   89   88
   91   88   92   88   91   90   96   93   97                                   
    82.5-180.0 180.0   5.0 450.0                            LAT/LON1/LON2/DLON/H
   95   90   85   84   84   84   84   83   86   84   88   85   89   86   89   86
   90   85   91   85   91   85   92   85   92   86   92   87   89   86   84   83
   78   79   73   75   67   70   63   65   58   60   53   56   49   51   45   48
   44   48   46   51   50   56   57   63   66   69   73   74   78   77   81   80
   83   82   84   82   84   82   81   75   95                                   
    80.0-180.0 180.0   5.0 450.0                            LAT/LON1/LON2/DLON/H
   81   74   71   67   70   65   70   66   70   67   71   67   70   67   70   67
   70   69   72   71   75   74   79   77   83   80   87   82   87   83   86   82
   82   79   79   75   74   70   70   65   63   59   57   53   50   45   44   40
   40   38   41   41   45   47   53   56   62   64   70   69   74   71   77   73
   77   73   77   71   75   66   67   70   81                                   
    77.5-180.0 180.0   5.0 450.0                            LAT/LON1/LON2/DLON/H
   72   67   57   57   55   56   55   57   55   57   56   58   55   57   56   56
   56   56   59   61   62   67   69   75   77   83   85   89   88   91   90   92
   89   92   88   90   84   86   79   80   71   71   63   62   54   51   46   43
   40   39   40   40   44   46   51   55   59   63   66   69   70   71   71   71
   70   69   67   65   64   59   57   57   72                                   
    75.0-180.0 180.0   5.0 450.0                            LAT/LON1/LON2/DLON/H
   65   57   55   51   51   49   52   48   49   47   48   45   45   43   44   41
   43   43   45   49   51   59   60   69   69   80   82   90   92   98  100  105
  106  111  111  114  109  112  104  104   94   93   84   79   70   65   59   54
   51   48   49   48   50   53   57   60   63   67   69   71   72   72   72   70
   69   66   66   61   61   54   53   55   65                                   
    72.5-180.0 180.0   5.0 450.0                            LAT/LON1/LON2/DLON/H
   66   64   53   52   51   52   51   52   49   50   48   47   44   43   40   39
   37   38   39   43   47   57   60   70   73   84   90   98  104  109  116  121
  128  134  140  145  145  147  141  140  131  128  116  109  100   92   82   75
   68   63   62   60   61   61   64   64   68   69   71   72   73   72   73   71
   70   67   66   62   62   55   55   54   66                                   
    70.0-180.0 180.0   5.0 450.0                            LAT/LON1/LON2/DLON/H
   68   62   58   55   56   55   57   52   53   48   49   43   43   38   38   32
   33   30   33   38   43   53   58   71   75   85   91   99  106  115  122  133
  142  154  166  177  180  182  177  175  166  163  156  146  136  123  112  100
   92   84   80   72   70   67   68   67   68   69   70   72   73   73   74   72
   72   69   70   64   64   58   58   59   68                                   
    67.5-180.0 180.0   5.0 450.0                            LAT/LON1/LON2/DLON/H
   73   71   60   62   62   62   61   61   59   56   54   50   48   42   41   35
   36   32   35   38   44   54   60   73   79   89   94  103  112  120  132  141
  157  170  189  200  209  211  209  206  197  192  184  177  166  153  140  127
  114  102   92   83   77   71   69   65   65   66   67   67   69   69   70   70
   70   70   70   66   67   61   62   66   73                                   
    65.0-180.0 180.0   5.0 450.0                            LAT/LON1/LON2/DLON/H
   72   67   63   61   64   62   65   62   63   58   59   53   51   48   45   42
   40   37   37   40   44   53   62   74   82   91  101  108  119  127  140  152
  169  186  207  223  231  237  234  235  224  222  214  208  193  182  167  151
  135  119  104   91   80   72   66   63   60   61   60   62   62   63   65   66
   68   68   70   66   66   63   64   69   72                                   
    62.5-180.0 180.0   5.0 450.0                            LAT/LON1/LON2/DLON/H
   68   64   56   60   59   61   60   63   61   60   59   56   57   53   55   48
   51   44   47   47   52   55   62   73   82   93  102  113  122  136  149  162
  180  195  220  233  249  250  251  247  242  237  231  224  217  204  189  171
  155  135  118  101   88   74   67   58   55   53   53   53   54   55   56   58
   60   62   63   62   63   59   62   71   68                                   
    60.0-180.0 180.0   5.0 450.0                            LAT/LON1/LON2/DLON/H
   59   51   50   49   54   50   55   54   58   56   58   58   56   58   54   56
   52   49   48   47   47   52   55   70   80   93  104  117  127  142  156  171
  189  208  230  249  255  261  256  257  252  249  243  240  232  223  207  187
  166  146  126  106   89   76   65   58   50   48   45   48   47   49   49   51
   53   55   57   57   57   54   58   62   59                                   
    57.5-180.0 180.0   5.0 450.0                            LAT/LON1/LON2/DLON/H
   51   43   37   40   39   41   41   46   46   50   51   52   55   54   58   56
   58   55   56   52   53   54   58   66   80   95  108  123  138  154  171  186
  206  222  244  253  265  261  264  260  262  256  254  250  248  237  225  201
  183  158  140  116  100   82   73   61   54   48   44   43   44   45   45   47
   47   49   52   52   53   49   50   58   51                                   
    55.0-180.0 180.0   5.0 450.0                            LAT/LON1/LON2/DLON/H
   43   34   31   28   30   29   34   36   40   44   47   52   50   56   53   59
   54   56   51   51   45   52   49   69   78  102  115  135  149  170  185  206
  223  243  254  266  269  271  271  274  271  271  265  268  264  257  242  221
  197  172  151  129  111   91   80   70   63   55   51   47   46   46   45   45
   46   47   49   50   49   48   48   49   43                                   
    52.5-180.0 180.0   5.0 450.0                            LAT/LON1/LON2/DLON/H
   46   35   27   28   26   28   27   31   33   37   42   44   48   50   53   55
   57   56   57   52   52   53   59   67   85  106  126  147  168  189  207  228
  243  255  264  267  275  275  283  283  287  282  283  282  282  272  256  232
  212  186  170  146  129  109   97   85   78   68   60   55   53   52   51   50
   50   50   51   51   52   47   48   54   46                                   
    50.0-180.0 180.0   5.0 450.0                            LAT/LON1/LON2/DLON/H
   54   41   36   31   32   30   31   33   35   40   41   49   45   52   47   56
   52   59   52   55   47   54   52   74   87  116  133  162  179  206  220  242
  252  263  267  274  278  285  289  297  297  300  297  304  299  289  269  246
  222  198  180  161  143  124  110  100   91   84   75   67   63   59   59   58
   56   57   57   58   57   58   59   59   54                                   
    47.5-180.0 180.0   5.0 450.0                            LAT/LON1/LON2/DLON/H
   70   59   51   48   46   42   38   36   38   39   44   47   50   52   54   56
   61   60   60   56   56   58   65   79  101  126  151  176  197  216  231  245
  251  256  262  267  280  284  296  299  310  310  314  313  308  294  273  249
  229  207  192  175  159  139  125  112  102   93   82   75   69   68   67   66
   66   65   66   66   68   67   71   79   70                                   
    45.0-180.0 180.0   5.0 450.0                            LAT/LON1/LON2/DLON/H
   89   79   72   68   67   62   56   51   49   51   52   58   55   61   55   63
   58   65   58   61   56   65   69   94  112  140  161  189  203  224  234  244
  245  252  255  269  279  293  300  311  317  324  324  326  313  300  277  256
  234  216  200  184  165  147  131  118  108   98   87   80   75   73   74   74
   73   74   75   77   79   84   90   95   89                                   
    42.5-180.0 180.0   5.0 450.0                            LAT/LON1/LON2/DLON/H
  104  100   91   87   84   76   70   62   59   57   60   63   66   66   67   69
   72   72   71   67   69   74   85  107  129  156  182  202  217  226  232  231
  233  236  248  263  283  296  309  318  329  333  335  330  318  300  278  258
  239  223  207  189  170  148  131  117  104   94   82   76   73   73   77   78
   81   81   83   84   89   92  102  113  104                                   
    40.0-180.0 180.0   5.0 450.0                            LAT/LON1/LON2/DLON/H
  113  112  104  102  100   94   86   75   71   67   70   74   75   77   73   78
   75   77   74   73   74   84   97  122  145  173  193  213  221  227  223  224
  225  236  249  275  295  312  322  333  343  347  346  341  326  309  288  270
  251  234  215  195  171  148  126  109   96   84   75   69   67   71   77   81
   83   84   85   88   91   98  110  115  113                                   
    37.5-180.0 180.0   5.0 450.0                            LAT/LON1/LON2/DLON/H
  114  114  108  108  106  100   93   84   78   75   78   83   86   87   86   87
   91   88   89   82   85   95  111  137  160  189  208  223  227  224  218  216
  223  237  263  291  319  331  345  352  364  367  367  359  347  329  307  287
  269  250  231  204  179  150  126  105   89   76   67   63   64   68   75   80
   85   85   85   84   86   90  103  110  114                                   
    35.0-180.0 180.0   5.0 450.0                            LAT/LON1/LON2/DLON/H
  111  108  101  103  106  102  100   88   86   79   86   89   94   94   93   94
   95   96   95   94   95  107  126  151  174  200  216  228  228  225  220  227
  241  266  296  329  355  366  376  380  389  391  392  389  381  364  343  324
  303  284  256  228  197  167  139  115   97   82   74   75   74   81   83   88
   89   87   82   79   76   83   91   90  111                                   
    32.5-180.0 180.0   5.0 450.0                            LAT/LON1/LON2/DLON/H
  101   95   90   96   98   97   95   88   85   82   87   91   97   97   99  101
  105  104  105   97  102  114  136  162  187  213  226  236  234  232  232  244
  273  307  350  379  411  413  425  421  431  432  440  436  432  415  396  372
  351  328  302  270  236  199  172  149  133  120  116  105  108  115  115  115
  118  104   96   83   76   71   79   72  101                                   
    30.0-180.0 180.0   5.0 450.0                            LAT/LON1/LON2/DLON/H
   94   85   80   82   91   91   94   85   87   80   89   92   97   98   98  103
  106  109  107  107  109  127  150  179  196  221  232  241  241  242  255  279
  323  369  417  449  473  476  475  474  478  483  493  496  495  482  463  441
  413  392  360  333  295  265  232  212  192  169  153  139  131  140  147  164
  151  143  125  110   88   76   77   54   94                                   
    27.5-180.0 180.0   5.0 450.0                            LAT/LON1/LON2/DLON/H
   80   82   75   83   87   90   91   87   84   80   85   89   93   92   97   99
  107  109  111  107  116  134  161  188  208  229  239  248  254  264  292  323
  380  430  495  520  547  541  544  537  544  548  568  577  573  563  544  521
  493  466  433  402  374  350  327  298  279  255  237  214  205  195  195  195
  196  181  159  133  116   98   95   51   80                                   
    25.0-180.0 180.0   5.0 450.0                            LAT/LON1/LON2/DLON/H
   95   98   92   85   89   83   88   83   86   77   83   80   87   86   89   94
  101  107  109  114  124  148  171  199  215  232  241  252  273  295  334  366
  432  488  551  584  609  610  603  604  608  624  642  658  660  652  628  603
  571  545  510  486  457  440  414  395  371  353  330  309  289  274  255  261
  256  250  217  192  153  128  112   85   95                                   
    22.5-180.0 180.0   5.0 450.0                            LAT/LON1/LON2/DLON/H
  146  128  122  119   98   94   88   88   88   80   82   75   82   78   84   86
   98  102  110  113  132  156  184  210  225  239  252  270  300  326  373  404
  468  535  592  625  650  647  647  649  665  686  710  727  722  714  687  668
  635  607  571  546  523  507  489  470  449  431  416  406  395  367  339  334
  326  314  281  246  208  173  155  136  146                                   
    20.0-180.0 180.0   5.0 450.0                            LAT/LON1/LON2/DLON/H
  200  161  156  140  135  112  108   95   99   85   85   72   78   71   75   79
   86   94  101  116  137  168  193  219  234  247  263  291  326  351  399  437
  514  566  623  655  677  677  675  690  707  742  764  775  767  752  729  708
  682  657  625  598  572  551  530  521  498  489  476  469  462  436  406  389
  378  368  335  298  260  226  203  200  200                                   
    17.5-180.0 180.0   5.0 450.0                            LAT/LON1/LON2/DLON/H
  249  206  188  172  160  145  127  120  115  102   94   83   84   76   83   81
   90   96  111  121  151  181  210  235  250  261  284  310  343  366  415  467
  533  589  635  665  673  671  678  695  724  753  773  782  769  756  730  716
  691  675  644  620  594  575  557  550  535  521  516  504  496  467  439  420
  405  397  368  335  301  274  252  258  249                                   
    15.0-180.0 180.0   5.0 450.0                            LAT/LON1/LON2/DLON/H
  277  239  218  201  178  159  145  135  125  117  105   97   93   88   88   90
   92  102  113  129  159  191  223  246  264  278  305  331  356  389  437  486
  549  602  641  659  662  664  669  694  715  745  761  762  752  733  716  702
  687  673  651  634  609  588  563  550  523  516  502  503  486  460  431  410
  396  387  371  349  325  304  290  295  277                                   
    12.5-180.0 180.0   5.0 450.0                            LAT/LON1/LON2/DLON/H
  284  266  242  222  199  173  158  141  132  121  111  100   88   87   86   95
  101  111  127  146  180  219  248  275  290  302  328  345  372  408  453  508
  555  601  624  634  631  638  650  670  692  709  718  720  707  695  679  674
  664  654  637  621  601  583  563  535  508  491  480  468  455  433  405  393
  378  378  363  348  328  316  307  299  284                                   
    10.0-180.0 180.0   5.0 450.0                            LAT/LON1/LON2/DLON/H
  257  268  256  230  201  176  157  143  128  124  113  103   86   84   83   91
   96  111  128  152  188  232  262  294  307  324  342  369  398  437  473  516
  556  586  603  609  616  632  643  660  672  683  692  687  678  670  664  663
  659  650  636  621  600  576  548  513  477  459  439  431  409  387  359  347
  342  344  345  331  324  310  297  291  257                                   
     7.5-180.0 180.0   5.0 450.0                            LAT/LON1/LON2/DLON/H
  226  249  236  228  200  179  161  144  135  126  121  112   95   91   91   92
  100  112  131  160  198  244  277  303  320  339  357  385  419  457  490  519
