data/unet/pred3230.15i
     1.0            IONOSPHERE MAPS     GNSS                IONEX VERSION / TYPE
pyspatialgeodesy        IME             05-JAN-18 20:20     PGM / RUN BY / DATE 
Map Name                                                    COMMENT             
Predicted global ionosphere maps (GIM).                     DESCRIPTION         
  2015    11    19     0     0     0                        EPOCH OF FIRST MAP  
  2015    11    20     0     0     0                        EPOCH OF LAST MAP   
  7200                                                      INTERVAL            
    13                                                      # OF MAPS IN FILE   
  NONE                                                      MAPPING FUNCTION    
10.0                                                        ELEVATION CUTOFF    
One-way carrier phase leveled to code                       OBSERVABLES USED    
  6371.0                                                    BASE RADIUS         
 2                                                          MAP DIMENSION       
   450.0 450.0   0.0                                        HGT1 / HGT2 / DHGT  
    87.5 -87.5  -2.5                                        LAT1 / LAT2 / DLAT  
  -180.0 180.0   5.0                                        LON1 / LON2 / DLON  
    -1                                                      EXPONENT            
                                                            END OF HEADER       
[from data line 1716]
     5                                                      START OF TEC MAP    
  2015    11    19     8     0     0                        EPOCH OF CURRENT MAP
    87.5-180.0 180.0   5.0 450.0                            LAT/LON1/LON2/DLON/H
   36   54   54   52   52   51   54   54   55   55   56   56   56   56   56   55
   56   54   55   53   54   53   53   52   52   52   52   51   50   50   50   49
   48   47   47   45   45   44   44   43   43   44   45   45   45   46   46   46
   46   47   47   46   46   46   46   45   45   44   44   43   43   42   42   41
   42   41   42   43   47   48   50   52   36                                   
    85.0-180.0 180.0   5.0 450.0                            LAT/LON1/LON2/DLON/H
   42   68   61   69   64   67   67   70   69   71   69   71   69   70   67   68
   65   66   63   65   61   64   61   64   61   64   63   64   63   64   64   63
   63   63   63   60   61   59   61   58   59   57   60   57   59   58   60   59
   59   60   59   59   57   58   56   56   54   54   52   51   50   49   47   48
   47   48   47   50   51   50   52   44   42                                   
    82.5-180.0 180.0   5.0 450.0                            LAT/LON1/LON2/DLON/H
   38   64   55   60   59   62   63   67   66   69   66   68   64   65   61   61
   56   56   53   52   50   51   50   51   50   54   53   56   54   59   56   59
   57   61   58   60   57   61   57   61   57   62   58   63   59   64   60   64
   60   64   60   62   58   60   55   56   50   51   45   45   40   40   35   36
   32   36   32   36   35   35   37   33   38                                   
    80.0-180.0 180.0   5.0 450.0                            LAT/LON1/LON2/DLON/H
   40   55   48   50   52   55   58   60   63   63   63   61   59   57   53   50
   46   44   40   39   36   37   36   37   39   41   44   46   48   50   53   52
   55   53   56   54   57   55   59   56   61   58   64   61   66   64   69   65
   70   66   69   64   67   61   62   56   56   50   47   42   38   34   30   28
   26   25   25   25   27   24   28   29   40                                   
    77.5-180.0 180.0   5.0 450.0                            LAT/LON1/LON2/DLON/H
   32   55   45   45   48   51   55   57   59   59   59   57   54   51   48   44
   41   38   35   33   32   31   32   32   36   37   42   43   47   48   53   51
   55   55   57   56   57   57   58   60   61   64   66   70   71   75   77   80
   81   81   83   81   81   77   77   71   69   62   59   51   46   38   36   29
   28   23   24   21   25   21   26   17   32                                   
    75.0-180.0 180.0   5.0 450.0                            LAT/LON1/LON2/DLON/H
   33   50   41   41   45   48   53   54   57   58   57   56   52   50   45   42
   38   34   32   28   29   26   29   26   33   32   40   37   44   42   48   44
   48   46   49   46   49   46   52   50   59   59   71   73   81   85   93   94
   99   99  103  100  100   96   96   90   87   80   75   66   59   51   43   37
   32   28   27   24   26   21   26   17   33                                   
    72.5-180.0 180.0   5.0 450.0                            LAT/LON1/LON2/DLON/H
   33   54   40   39   41   44   49   50   53   53   53   52   49   46   43   39
   34   32   28   28   26   27   28   28   33   34   39   39   44   44   46   45
   47   45   46   43   44   44   46   51   58   66   73   83   90  101  108  114
  119  120  124  120  121  117  116  110  105   98   91   82   74   65   57   48
   42   36   34   29   29   26   29   19   33                                   
    70.0-180.0 180.0   5.0 450.0                            LAT/LON1/LON2/DLON/H
   35   51   39   39   41   42   47   48   52   52   55   51   51   47   46   42
   39   36   35   32   34   30   34   31   37   36   41   39   45   42   46   41
   44   39   42   35   41   37   48   49   64   71   86   96  109  119  132  133
  142  140  146  140  143  136  137  129  125  116  108   99   91   81   74   64
   58   51   47   40   39   32   34   25   35                                   
    67.5-180.0 180.0   5.0 450.0                            LAT/LON1/LON2/DLON/H
   38   57   41   40   41   41   47   46   51   50   53   52   52   48   48   44
   41   39   37   37   36   37   37   39   41   41   43   44   45   46   43   44
   41   41   38   38   36   41   46   56   67   82   97  111  126  136  146  150
  154  156  159  156  156  152  149  142  136  127  118  109  100   91   84   75
   69   61   58   50   47   40   42   31   38                                   
    65.0-180.0 180.0   5.0 450.0                            LAT/LON1/LON2/DLON/H
   39   54   40   39   38   39   43   44   48   49   52   51   53   51   52   49
   48   47   45   44   44   43   45   43   45   44   45   44   44   43   43   40
   40   37   37   34   38   39   51   59   76   94  112  128  141  150  158  161
  166  166  170  166  167  162  158  154  144  138  126  117  107   99   90   82
   76   68   64   58   55   45   46   36   39                                   
    62.5-180.0 180.0   5.0 450.0                            LAT/LON1/LON2/DLON/H
   41   59   42   40   39   38   43   42   48   46   52   50   53   51   53   51
   50   49   46   46   43   44   43   44   42   44   40   41   38   37   36   37
   35   36   34   37   38   46   53   69   86  106  125  140  152  161  166  171
  172  173  174  172  173  169  164  157  150  141  130  119  110  100   91   82
   76   69   66   59   57   49   51   38   41                                   
    60.0-180.0 180.0   5.0 450.0                            LAT/LON1/LON2/DLON/H
   42   55   40   38   36   35   38   39   43   44   48   48   51   50   53   52
   54   52   51   49   46   45   44   42   42   41   39   38   36   34   34   34
   37   35   40   41   49   54   68   84  103  122  140  154  164  171  178  181
  184  182  185  183  181  175  167  163  152  147  133  126  114  104   94   83
   76   67   64   58   57   49   50   40   42                                   
    57.5-180.0 180.0   5.0 450.0                            LAT/LON1/LON2/DLON/H
   47   63   45   41   39   36   40   38   43   41   46   46   49   47   51   51
   54   51   49   46   43   42   38   38   35   35   32   31   28   28   28   31
   34   39   44   52   58   69   80   99  116  134  149  162  171  180  183  191
  190  193  194  193  188  181  173  166  158  150  141  132  122  108   95   83
   74   65   61   55   56   49   51   41   47                                   
    55.0-180.0 180.0   5.0 450.0                            LAT/LON1/LON2/DLON/H
   54   62   47   44   42   38   41   37   41   40   44   44   48   46   51   50
   52   50   47   44   40   38   36   35   33   32   30   29   25   26   27   32
   38   46   56   67   77   89  102  118  133  148  162  172  183  190  197  201
  206  208  210  209  202  195  185  178  169  162  151  147  135  123  105   91
   78   67   63   58   59   51   55   47   54                                   
    52.5-180.0 180.0   5.0 450.0                            LAT/LON1/LON2/DLON/H
   65   75   59   53   51   47   47   42   42   41   42   43   45   45   49   48
   50   47   45   40   37   36   33   34   32   31   28   26   22   24   25   33
   42   56   70   84   95  107  119  135  147  161  171  182  188  199  204  213
  218  222  225  222  218  210  201  193  186  177  170  162  152  137  119  100
   84   72   66   62   62   57   62   55   65                                   
    50.0-180.0 180.0   5.0 450.0                            LAT/LON1/LON2/DLON/H
   77   80   68   63   62   55   55   48   49   45   47   45   49   47   52   50
   52   48   46   42   40   39   39   39   39   38   35   32   27   27   30   38
   52   71   88  104  116  127  138  151  162  172  183  191  201  208  218  224
  233  235  238  236  232  225  216  208  200  193  185  180  170  157  135  116
   98   85   78   72   73   65   70   66   77                                   
    47.5-180.0 180.0   5.0 450.0                            LAT/LON1/LON2/DLON/H
   88   95   86   81   78   70   67   61   55   53   49   49   49   50   52   51
   52   48   48   43   44   43   44   47   47   47   41   38   30   31   33   44
   59   81   99  117  130  143  152  165  173  184  189  198  205  216  225  235
  241  245  245  244  240  234  226  217  210  201  196  188  181  167  148  126
  109   94   87   81   81   76   80   75   88                                   
    45.0-180.0 180.0   5.0 450.0                            LAT/LON1/LON2/DLON/H
   92   99   94   94   89   83   80   73   69   63   61   59   60   58   61   59
   60   56   55   54   53   55   56   59   59   58   53   48   40   38   41   52
   70   93  116  134  148  160  170  180  190  195  202  207  217  223  236  242
  249  249  250  248  244  239  231  221  213  205  196  190  183  173  155  137
  117  105   96   91   90   83   87   84   92                                   
    42.5-180.0 180.0   5.0 450.0                            LAT/LON1/LON2/DLON/H
   94  101  103  104  102   97   94   89   83   79   72   71   68   69   67   66
   64   62   63   61   65   65   67   70   69   69   61   56   47   45   46   58
   76  101  124  145  160  174  184  195  202  208  209  216  221  232  241  248
  249  249  246  244  241  237  230  219  211  199  191  181  176  165  151  134
  120  107  101   94   93   88   92   87   94                                   
    40.0-180.0 180.0   5.0 450.0                            LAT/LON1/LON2/DLON/H
   87   99  100  103  104  103  102  101   95   91   86   86   84   82   80   78
   76   74   74   76   77   80   79   81   79   77   71   64   56   52   54   65
   86  112  135  157  173  187  199  209  218  221  227  229  237  243  252  254
  255  252  248  246  244  240  232  222  212  198  185  175  166  157  143  130
  117  107   99   94   91   85   88   83   87                                   
    37.5-180.0 180.0   5.0 450.0                            LAT/LON1/LON2/DLON/H
   73   89   92   96   99  101  105  106  105  103   98   98   95   95   90   88
   84   82   84   85   89   89   88   87   83   80   74   68   59   57   58   71
   91  118  143  165  182  198  210  223  230  236  238  243  250  256  262  263
  262  257  253  252  251  249  244  233  223  206  191  176  165  152  138  125
  115  103   97   90   87   80   81   72   73                                   
    35.0-180.0 180.0   5.0 450.0                            LAT/LON1/LON2/DLON/H
   59   80   76   76   82   89   97  103  104  106  105  108  109  109  106  101
   99   96   98  100  103  103   98   94   88   83   77   72   66   64   68   81
  102  129  151  173  190  209  224  237  250  255  260  262  274  279  287  286
  286  282  279  278  277  276  270  261  247  228  210  194  178  163  147  133
  120  107   97   90   84   75   73   60   59                                   
    32.5-180.0 180.0   5.0 450.0                            LAT/LON1/LON2/DLON/H
   48   69   62   62   65   73   81   90   95  101  103  109  114  117  115  111
  108  106  108  109  111  109  102   94   86   79   73   71   66   69   73   87
  107  133  154  178  194  215  232  249  261  269  276  282  295  303  312  315
  318  316  318  317  318  316  311  302  292  273  255  234  217  198  178  158
  140  120  107   96   90   77   74   54   48                                   
    30.0-180.0 180.0   5.0 450.0                            LAT/LON1/LON2/DLON/H
   43   51   50   47   48   54   62   70   79   86   95  106  117  121  125  121
  120  117  119  120  120  116  106   96   86   79   75   72   71   73   80   96
  114  143  159  182  196  219  237  258  274  285  297  307  325  335  350  353
  363  365  373  377  380  378  374  368  361  343  322  299  275  253  228  207
  183  156  135  121  108   94   86   60   43                                   
    27.5-180.0 180.0   5.0 450.0                            LAT/LON1/LON2/DLON/H
   63   59   57   53   51   51   54   59   67   76   84   96  109  117  123  122
  122  120  121  121  120  114  104   91   80   75   71   71   70   76   85  104
  126  152  168  186  202  222  244  266  284  297  316  329  353  366  385  394
  411  421  436  444  451  451  454  448  443  425  404  380  354  324  293  264
  240  208  181  160  147  126  107   81   63                                   
    25.0-180.0 180.0   5.0 450.0                            LAT/LON1/LON2/DLON/H
   92   74   66   53   46   44   51   54   59   63   73   87  100  111  119  121
  123  121  122  122  120  113  103   91   83   78   79   73   77   83   97  118
  140  167  185  201  214  234  257  283  304  320  344  362  387  402  424  436
  459  473  493  502  517  524  535  539  543  533  518  486  449  411  370  339
  310  277  245  215  197  176  134  116   92                                   
    22.5-180.0 180.0   5.0 450.0                            LAT/LON1/LON2/DLON/H
  140  118  104   83   68   57   55   53   60   60   69   77   89   98  107  111
  115  115  116  114  112  106   99   90   85   84   80   81   83   94  111  131
  157  185  204  216  229  246  271  299  318  342  369  387  416  435  460  477
  503  525  545  561  576  590  602  614  615  603  590  568  537  496  457  415
  387  353  323  295  271  242  196  170  140                                   
    20.0-180.0 180.0   5.0 450.0                            LAT/LON1/LON2/DLON/H
  203  186  174  146  114   90   76   62   64   58   71   74   83   90   98  102
  107  106  107  105  103   99   95   92   92   90   90   85   89   98  114  138
  164  199  218  230  243  265  288  313  339  364  396  420  449  468  496  513
  543  570  596  611  633  640  645  649  652  643  635  612  588  560  518  483
  452  420  393  371  345  317  268  235  203                                   
    17.5-180.0 180.0   5.0 450.0                            LAT/LON1/LON2/DLON/H
  278  274  264  236  200  162  129  105   91   75   76   77   84   83   88   90
   95   95   96   95   93   91   92   94   94   97   94   92   92  101  117  142
  171  200  223  236  254  275  301  329  354  383  413  436  468  489  517  541
  573  601  624  643  653  655  656  657  658  656  652  640  620  595  562  532
  499  461  434  410  389  356  333  302  278                                   
    15.0-180.0 180.0   5.0 450.0                            LAT/LON1/LON2/DLON/H
  342  334  328  310  278  237  193  157  133  105   90   82   90   86   88   85
   90   86   90   86   87   88   93   98  102  102  100   94   97  101  115  144
  169  200  220  241  260  287  312  340  372  399  430  455  484  505  529  552
  583  611  633  648  649  645  639  637  639  640  645  637  627  608  581  563
  531  493  458  441  423  400  361  347  342                                   
    12.5-180.0 180.0   5.0 450.0                            LAT/LON1/LON2/DLON/H
  370  362  365  357  334  293  250  210  181  152  128  106   98   90   90   89
   90   87   87   85   87   89   95  102  108  106  105  103   98  105  114  142
  165  197  218  243  265  293  320  357  384  413  436  464  493  511  536  559
  583  606  621  630  627  620  609  605  605  613  617  618  612  601  580  567
  542  503  471  452  441  417  389  374  370                                   
    10.0-180.0 180.0   5.0 450.0                            LAT/LON1/LON2/DLON/H
  360  354  359  361  346  324  279  243  215  184  156  130  113   98   93   90
   92   89   90   85   85   85   94  104  110  111  108  105  101  103  111  139
  164  195  222  251  273  303  331  365  399  423  451  475  505  518  545  559
  583  595  606  601  594  580  577  577  576  581  586  589  589  586  573  565
  533  502  469  453  440  419  382  367  360                                   
     7.5-180.0 180.0   5.0 450.0                            LAT/LON1/LON2/DLON/H
  335  336  346  349  342  328  294  264  239  212  185  156  139  117  106  100
   96   92   86   82   76   78   88  100  117  116  112  112  103  109  116  142
