data/unet/pred2420.15i
     1.0            IONOSPHERE MAPS     GNSS                IONEX VERSION / TYPE
pyspatialgeodesy        IME             05-JAN-18 20:20     PGM / RUN BY / DATE 
Map Name                                                    COMMENT             
Predicted global ionosphere maps (GIM).                     DESCRIPTION         
  2015     8    30     0     0     0                        EPOCH OF FIRST MAP  
  2015     8    31     0     0     0                        EPOCH OF LAST MAP   
  7200                                                      INTERVAL            
    13                                                      # OF MAPS IN FILE   
  NONE                                                      MAPPING FUNCTION    
10.0                                                        ELEVATION CUTOFF    
One-way carrier phase leveled to code                       OBSERVABLES USED    
  6371.0                                                    BASE RADIUS         
 2                                                          MAP DIMENSION       
   450.0 450.0   0.0                                        HGT1 / HGT2 / DHGT  
    87.5 -87.5  -2.5                                        LAT1 / LAT2 / DLAT  
  -180.0 180.0   5.0                                        LON1 / LON2 / DLON  
    -1                                                      EXPONENT            
                                                            END OF HEADER       
[from data line 4719]
    12                                                      START OF TEC MAP    
  2015     8    30    22     0     0                        EPOCH OF CURRENT MAP
    87.5-180.0 180.0   5.0 450.0                            LAT/LON1/LON2/DLON/H
  159  105   85   88   87   87   88   88   89   89   90   90   91   91   92   92
   92   92   93   92   92   91   91   91   91   90   89   89   88   87   86   86
   85   85   84   83   83   82   81   80   80   79   78   78   77   77   77   77
   77   78   78   78   79   80   80   81   82   82   82   83   83   84   84   84
   84   85   85   86   86   86   90  133  159                                   
    85.0-180.0 180.0   5.0 450.0                            LAT/LON1/LON2/DLON/H
   92   78   76   79   80   81   82   83   84   85   86   87   88   89   90   90
   90   91   91   91   90   90   89   88   87   87   85   84   83   82   80   80
   78   78   76   75   74   74   72   71   70   69   69   68   67   67   67   67
   67   67   68   68   69   70   71   71   72   72   73   73   73   73   74   73
   74   74   75   74   77   76   80  109   92                                   
    82.5-180.0 180.0   5.0 450.0                            LAT/LON1/LON2/DLON/H
   82   78   79   80   81   81   84   85   88   89   92   93   95   96   97   97
   98   98   99   98   98   96   96   94   93   90   90   86   86   82   82   79
   80   76   77   73   75   71   73   69   71   67   69   66   68   66   68   66
   68   67   69   69   71   71   73   73   75   75   76   75   77   76   77   75
   77   75   76   74   77   74   79   98   82                                   
    80.0-180.0 180.0   5.0 450.0                            LAT/LON1/LON2/DLON/H
   85   80   76   79   78   80   82   86   87   91   93   97   98  101  102  104
  104  105  104  105  103  103  101  100   97   96   92   90   88   85   82   81
   79   78   76   76   74   74   72   72   70   70   68   68   67   66   66   66
   66   66   67   68   69   70   71   72   74   75   76   76   77   77   77   76
   76   76   75   74   76   75   74   88   85                                   
    77.5-180.0 180.0   5.0 450.0                            LAT/LON1/LON2/DLON/H
   83   81   76   77   77   78   82   85   88   91   96   98  101  103  106  106
  108  107  109  107  108  105  105  101  100   96   94   90   88   84   82   79
   78   76   76   75   74   73   72   71   70   69   67   67   65   65   64   64
   63   64   64   65   66   68   69   71   72   75   75   77   77   78   77   77
   76   76   75   74   75   72   71   85   83                                   
    75.0-180.0 180.0   5.0 450.0                            LAT/LON1/LON2/DLON/H
   83   80   75   78   77   81   83   88   91   96   99  104  106  109  111  112
  112  112  112  112  110  109  107  105  101   98   94   91   87   84   81   79
   77   76   75   75   74   74   73   72   70   69   67   66   64   63   61   61
   60   61   61   62   63   65   66   69   70   73   74   75   76   77   76   77
   76   77   75   75   75   74   73   87   83                                   
    72.5-180.0 180.0   5.0 450.0                            LAT/LON1/LON2/DLON/H
   83   82   79   80   79   81   85   88   93   98  103  106  110  111  114  113
  113  111  112  109  110  107  107  102  101   95   93   87   85   80   79   76
   76   74   75   74   74   74   73   72   70   68   66   64   62   60   59   58
   58   58   58   58   59   61   62   65   67   69   71   72   74   74   75   74
   75   75   76   74   76   74   74   88   83                                   
    70.0-180.0 180.0   5.0 450.0                            LAT/LON1/LON2/DLON/H
   85   84   80   82   81   84   87   92   97  103  108  112  115  116  116  114
  113  111  110  110  109  109  107  105  101   97   92   87   83   79   75   74
   73   73   72   72   73   72   71   70   68   65   63   61   59   57   56   55
   54   54   53   54   54   56   57   59   62   65   67   69   71   72   72   73
   73   75   75   76   77   77   77   90   85                                   
    67.5-180.0 180.0   5.0 450.0                            LAT/LON1/LON2/DLON/H
   87   86   83   83   82   83   88   91   98  104  110  114  118  117  118  114
  114  110  111  108  110  107  108  104  102   95   92   85   81   76   73   70
   69   69   68   69   68   68   67   65   62   60   57   56   54   53   52   51
   50   50   49   49   49   50   51   54   56   60   62   66   68   70   71   71
   72   73   75   75   79   79   79   92   87                                   
    65.0-180.0 180.0   5.0 450.0                            LAT/LON1/LON2/DLON/H
   89   88   84   85   83   84   88   92   99  106  113  116  120  119  119  115
  114  111  111  110  110  109  109  107  103   98   91   86   79   75   70   68
   66   65   64   64   63   62   59   58   54   53   50   49   48   48   47   47
   46   46   45   44   44   44   45   47   51   54   58   62   65   68   69   70
   71   73   74   76   79   80   83   96   89                                   
    62.5-180.0 180.0   5.0 450.0                            LAT/LON1/LON2/DLON/H
   91   90   86   85   83   82   87   90   99  104  113  117  122  120  122  117
  118  113  114  111  114  111  112  108  105   97   93   85   80   74   70   66
   63   61   59   57   56   54   51   50   46   45   42   43   42   42   42   43
   41   41   39   39   37   38   38   41   43   49   52   58   61   65   66   68
   68   71   72   76   80   81   83   98   91                                   
    60.0-180.0 180.0   5.0 450.0                            LAT/LON1/LON2/DLON/H
   92   92   89   89   87   86   88   92   99  106  113  119  123  123  124  121
  121  118  118  117  118  116  116  112  107  101   94   89   82   78   71   68
   63   60   56   54   51   49   45   44   40   40   38   39   39   40   39   40
   39   38   35   35   33   33   32   35   39   44   49   55   60   63   64   66
   67   70   72   75   80   82   86  100   92                                   
    57.5-180.0 180.0   5.0 450.0                            LAT/LON1/LON2/DLON/H
   98   97   95   94   92   90   93   94  102  106  114  118  124  124  127  124
  126  122  124  122  124  121  120  114  110  102   98   90   88   81   78   72
   67   62   57   53   49   47   43   42   39   39   38   39   39   39   40   40
   38   37   34   34   30   31   28   33   34   42   46   55   57   64   63   67
   65   69   70   75   79   82   85  100   98                                   
    55.0-180.0 180.0   5.0 450.0                            LAT/LON1/LON2/DLON/H
  100  102  103  105  103  101  102  103  107  111  116  121  125  127  129  129
  130  129  130  129  129  126  124  119  115  108  103   99   95   91   87   82
   76   70   63   59   53   51   47   47   43   45   43   44   43   44   42   43
   40   40   36   35   31   30   29   32   35   42   48   56   61   65   66   67
   67   70   72   76   81   83   89  103  100                                   
    52.5-180.0 180.0   5.0 450.0                            LAT/LON1/LON2/DLON/H
  108  111  113  116  115  113  113  111  114  114  119  121  126  127  131  130
  133  131  134  132  133  129  128  122  119  112  109  105  105  100   99   91
   87   78   72   65   61   58   56   55   53   52   51   51   49   48   47   46
   43   42   38   36   32   32   29   33   34   42   47   57   61   67   67   70
   69   73   74   79   82   86   89  105  108                                   
    50.0-180.0 180.0   5.0 450.0                            LAT/LON1/LON2/DLON/H
  113  119  125  130  131  129  128  125  124  123  125  127  129  131  132  134
  135  136  136  136  135  133  130  127  125  120  118  116  116  113  110  104
   98   89   82   76   72   70   67   68   64   65   61   62   58   57   53   53
   48   48   43   43   39   38   36   38   41   47   54   62   68   72   73   75
   75   78   80   84   88   90   96  111  113                                   
    47.5-180.0 180.0   5.0 450.0                            LAT/LON1/LON2/DLON/H
  122  130  135  143  144  145  143  139  136  132  133  132  134  132  134  133
  136  135  137  135  136  133  133  130  131  127  128  125  127  123  122  115
  110  100   94   87   85   82   82   80   79   77   75   72   68   64   60   57
   54   52   49   48   45   45   43   45   46   53   59   67   72   78   78   81
   82   86   88   92   95   96   99  116  122                                   
    45.0-180.0 180.0   5.0 450.0                            LAT/LON1/LON2/DLON/H
  129  139  147  154  157  157  156  153  149  146  143  143  142  141  138  139
  138  139  138  138  137  137  136  138  139  139  139  139  139  135  132  124
  117  109  103   99   96   96   94   95   90   90   85   83   77   74   68   66
   61   60   58   58   57   56   54   56   58   63   69   76   81   85   87   89
   91   95   98  101  104  104  110  126  129                                   
    42.5-180.0 180.0   5.0 450.0                            LAT/LON1/LON2/DLON/H
  138  147  153  160  163  163  164  160  158  155  154  152  150  146  144  141
  140  139  139  137  138  138  141  143  147  149  151  150  150  145  141  132
  126  118  114  110  109  107  108  105  104  100   97   92   88   82   77   73
   69   67   67   67   66   66   65   65   66   71   76   83   88   93   94   97
  100  104  108  111  113  114  116  134  138                                   
    40.0-180.0 180.0   5.0 450.0                            LAT/LON1/LON2/DLON/H
  146  154  159  165  167  169  169  169  168  168  167  167  164  161  155  153
  149  148  146  145  144  146  148  155  160  164  165  164  162  155  149  139
  132  126  122  120  118  119  117  117  112  111  105  103   97   92   87   83
   80   78   78   78   77   77   75   76   76   80   85   91   97  101  103  107
  109  116  119  122  124  122  126  145  146                                   
    37.5-180.0 180.0   5.0 450.0                            LAT/LON1/LON2/DLON/H
  156  161  163  165  168  169  171  172  174  177  179  180  177  174  168  165
  160  157  154  152  151  153  157  165  172  177  179  176  173  164  157  146
  140  133  131  130  129  128  127  124  122  118  116  112  108  102   97   93
   89   86   86   84   84   83   83   82   82   85   90   97  102  108  110  114
  117  124  129  133  133  133  134  156  156                                   
    35.0-180.0 180.0   5.0 450.0                            LAT/LON1/LON2/DLON/H
  168  172  172  174  173  176  176  181  184  191  195  198  196  193  186  182
  177  173  167  164  162  165  170  181  189  195  195  192  185  175  165  154
  147  142  140  139  138  137  134  133  129  128  125  123  118  113  108  104
   99   95   93   91   89   88   86   86   85   88   93  101  107  113  116  121
  125  132  137  141  143  142  146  168  168                                   
    32.5-180.0 180.0   5.0 450.0                            LAT/LON1/LON2/DLON/H
  187  185  185  184  185  184  188  192  198  204  210  214  213  208  201  196
  190  184  177  172  170  173  180  191  201  206  207  202  195  184  174  162
  157  151  150  149  148  144  143  139  139  136  136  133  130  124  119  112
  106  100   95   91   89   87   85   83   83   86   91  101  108  116  119  125
  130  138  144  150  152  155  158  184  187                                   
    30.0-180.0 180.0   5.0 450.0                            LAT/LON1/LON2/DLON/H
  207  204  207  206  206  207  208  210  215  219  226  229  228  224  215  212
  203  196  186  182  180  185  193  205  214  218  217  214  206  195  183  172
  165  160  159  157  155  152  148  147  145  146  145  144  139  133  125  117
  109  102   96   91   87   85   84   82   81   84   90  100  109  118  124  129
  136  144  151  156  162  166  175  201  207                                   
    27.5-180.0 180.0   5.0 450.0                            LAT/LON1/LON2/DLON/H
  237  230  237  240  240  240  240  244  245  250  251  253  247  243  232  227
  214  207  196  191  190  197  206  217  226  229  226  219  212  200  191  180
  175  167  167  162  163  156  154  151  152  152  153  150  145  137  127  118
  109  100   94   88   85   83   81   80   78   81   87   98  108  120  126  134
  141  151  159  167  173  182  190  220  237                                   
    25.0-180.0 180.0   5.0 450.0                            LAT/LON1/LON2/DLON/H
  264  258  272  278  283  287  283  284  281  281  278  273  268  262  251  244
  229  218  206  203  205  213  224  234  239  238  232  225  216  207  198  186
  179  171  169  164  164  156  153  150  151  155  156  155  149  140  128  118
  107   98   91   86   85   83   83   79   78   79   86   95  108  120  129  137
  146  156  167  176  186  195  210  238  264                                   
    22.5-180.0 180.0   5.0 450.0                            LAT/LON1/LON2/DLON/H
  288  287  307  321  328  333  332  332  322  321  313  310  299  293  277  266
  247  234  220  218  222  234  246  254  255  250  241  230  222  209  202  187
  182  170  169  160  161  151  148  144  147  150  154  154  147  138  124  113
  101   91   83   79   79   80   80   81   78   80   84   95  107  121  132  142
  154  165  178  189  200  213  226  257  288                                   
    20.0-180.0 180.0   5.0 450.0                            LAT/LON1/LON2/DLON/H
  308  308  327  345  356  363  360  360  346  346  333  334  323  319  303  292
  271  256  241  239  245  257  270  275  272  261  249  239  229  216  205  189
  180  166  162  149  151  139  138  133  139  143  150  151  148  138  125  112
   99   87   79   75   77   79   82   79   79   79   84   93  107  123  135  149
  161  175  190  201  215  228  245  274  308                                   
    17.5-180.0 180.0   5.0 450.0                            LAT/LON1/LON2/DLON/H
  319  325  347  368  378  388  386  385  373  373  360  362  353  351  336  326
  304  287  271  270  278  290  301  300  294  278  265  251  241  224  211  193
  182  167  158  146  142  133  129  126  130  136  143  147  144  137  124  113
   98   85   76   72   73   76   78   79   76   78   83   94  110  127  143  158
  173  189  206  219  232  246  260  289  319                                   
    15.0-180.0 180.0   5.0 450.0                            LAT/LON1/LON2/DLON/H
  331  336  354  374  383  391  391  395  383  389  374  385  373  381  364  361
  338  324  309  308  317  325  332  324  314  295  279  264  249  232  214  195
  180  162  152  137  137  127  127  122  129  131  143  144  146  139  130  117
  103   89   78   72   72   75   76   75   74   76   82   94  111  129  149  167
  183  202  220  233  249  260  276  305  331                                   
    12.5-180.0 180.0   5.0 450.0                            LAT/LON1/LON2/DLON/H
  335  346  357  378  388  396  398  402  396  403  397  408  407  413  405  398
  380  364  351  349  355  357  359  346  334  312  296  279  262  244  224  207
  187  173  160  147  145  138  136  133  136  140  146  149  149  144  134  123
  106   92   79   72   70   71   70   70   70   73   81   94  112  133  156  176
  194  214  233  250  265  278  291  321  335                                   
    10.0-180.0 180.0   5.0 450.0                            LAT/LON1/LON2/DLON/H
  348  357  364  379  388  393  394  398  392  402  398  416  415  431  424  426
  412  403  390  388  389  387  380  364  348  327  308  291  270  252  232  213
  193  179  168  158  153  150  150  148  150  151  157  157  157  151  142  126
  110   94   81   72   68   66   65   65   66   70   78   90  109  130  157  180
  201  224  246  263  281  293  308  338  348                                   
     7.5-180.0 180.0   5.0 450.0                            LAT/LON1/LON2/DLON/H
  360  375  371  384  390  395  399  400  399  403  407  424  432  448  449  453
  447  439  432  424  421  411  399  381  365  346  327  309  284  267  245  230
