data/unet/pred0570.15i
     1.0            IONOSPHERE MAPS     GNSS                IONEX VERSION / TYPE
pyspatialgeodesy        IME             05-JAN-18 20:20     PGM / RUN BY / DATE 
Map Name                                                    COMMENT             
Predicted global ionosphere maps (GIM).                     DESCRIPTION         
  2015     2    26     0     0     0                        EPOCH OF FIRST MAP  
  2015     2    27     0     0     0                        EPOCH OF LAST MAP   
  7200                                                      INTERVAL            
    13                                                      # OF MAPS IN FILE   
  NONE                                                      MAPPING FUNCTION    
10.0                                                        ELEVATION CUTOFF    
One-way carrier phase leveled to code                       OBSERVABLES USED    
  6371.0                                                    BASE RADIUS         
 2                                                          MAP DIMENSION       
   450.0 450.0   0.0                                        HGT1 / HGT2 / DHGT  
    87.5 -87.5  -2.5                                        LAT1 / LAT2 / DLAT  
  -180.0 180.0   5.0                                        LON1 / LON2 / DLON  
    -1                                                      EXPONENT            
                                                            END OF HEADER       
[from data line 1287]
     4                                                      START OF TEC MAP    
  2015     2    26     6     0     0                        EPOCH OF CURRENT MAP
    87.5-180.0 180.0   5.0 450.0                            LAT/LON1/LON2/DLON/H
   55   92   89   88   90   87   92   91   97   97  101  102  106  106  110  110
  113  112  115  114  118  116  118  117  119  117  119  116  119  116  118  114
  117  113  116  112  116  112  116  111  116  112  116  111  116  112  115  111
  114  110  113  108  110  107  108  105  107  104  105  101  102   99   99   96
   96   94   94   92   96   92  108   59   55                                   
    85.0-180.0 180.0   5.0 450.0                            LAT/LON1/LON2/DLON/H
   86   88   88   90   89   86   88   90   92   95   97  101  102  106  107  110
  110  112  111  112  111  111  109  109  107  107  104  104  102  102  100  101
   99  100   98   99   98   99   99   99  100  100  101  103  103  105  105  108
  107  110  109  113  112  115  115  118  117  118  118  117  116  115  114  112
  110  107  106  103  102   92  105   78   86                                   
    82.5-180.0 180.0   5.0 450.0                            LAT/LON1/LON2/DLON/H
   76   82   82   79   82   79   84   87   91   95   99  104  108  111  114  116
  118  117  118  116  116  113  111  108  105  103  100   97   95   93   92   91
   91   91   91   93   93   96   95   99   99  102  104  107  110  112  115  117
  120  120  123  124  125  126  129  127  129  125  128  124  126  120  121  114
  114  106  107   99   98   89  100   59   76                                   
    80.0-180.0 180.0   5.0 450.0                            LAT/LON1/LON2/DLON/H
   75   78   71   68   65   67   69   72   78   82   89   93  100  104  109  111
  114  113  113  111  110  106  103   98   95   91   88   85   84   82   81   80
   81   82   84   85   88   89   92   94   97   99  103  106  112  115  124  128
  137  141  150  150  156  156  162  158  161  156  157  153  151  145  140  133
  125  119  111  108   99   90   92   61   75                                   
    77.5-180.0 180.0   5.0 450.0                            LAT/LON1/LON2/DLON/H
   79   78   69   64   61   61   62   67   71   78   83   92   97  104  107  111
  112  111  109  106  102   97   90   86   79   76   71   71   67   69   67   70
   69   73   74   79   81   84   87   91   95   98  104  111  119  128  138  147
  157  165  176  180  188  189  194  193  194  191  188  185  179  177  168  165
  153  147  134  126  115  102  101   69   79                                   
    75.0-180.0 180.0   5.0 450.0                            LAT/LON1/LON2/DLON/H
   88   81   70   64   57   55   57   59   65   69   76   83   90   96  100  104
  104  104  101   99   91   87   79   75   67   64   59   59   56   59   58   62
   61   65   65   70   71   75   78   82   86   91   98  106  114  129  142  156
  171  185  199  205  214  218  225  225  227  224  222  216  212  205  198  188
  181  173  162  150  138  119  115   87   88                                   
    72.5-180.0 180.0   5.0 450.0                            LAT/LON1/LON2/DLON/H
  102   92   77   67   59   54   55   56   61   65   73   78   86   91   96   98
  100   98   97   92   87   80   75   67   63   57   56   52   54   54   56   58
   59   60   63   63   67   68   75   77   84   87   97  106  117  131  149  165
  185  199  217  226  238  244  253  255  257  252  249  242  238  231  225  218
  207  196  185  175  162  143  129  110  102                                   
    70.0-180.0 180.0   5.0 450.0                            LAT/LON1/LON2/DLON/H
  117  102   83   74   61   57   55   57   61   64   69   75   80   85   89   92
   91   92   89   87   82   77   71   65   60   55   53   51   52   54   56   59
   59   60   60   61   62   63   66   69   76   81   93  104  119  136  155  174
  193  210  231  243  258  266  276  277  279  273  267  258  253  243  238  229
  224  214  205  194  182  163  148  134  117                                   
    67.5-180.0 180.0   5.0 450.0                            LAT/LON1/LON2/DLON/H
  132  119   98   84   71   63   61   58   63   63   69   71   77   79   83   85
   85   87   85   85   82   78   74   69   66   61   61   58   62   61   64   64
   65   63   62   60   60   59   64   67   75   82   93  109  125  144  162  181
  201  219  240  255  270  279  290  291  293  284  278  266  260  250  242  234
  229  221  216  206  198  180  165  148  132                                   
    65.0-180.0 180.0   5.0 450.0                            LAT/LON1/LON2/DLON/H
  143  127  104   93   75   68   63   64   64   67   69   73   76   79   80   81
   81   82   81   82   79   78   74   71   67   66   65   65   65   67   67   67
   64   62   57   55   53   53   56   61   71   81   95  115  133  152  171  186
  207  225  246  259  276  286  296  298  298  290  278  265  260  248  242  233
  230  222  220  212  207  191  176  165  143                                   
    62.5-180.0 180.0   5.0 450.0                            LAT/LON1/LON2/DLON/H
  151  137  113  100   84   75   70   66   68   66   70   70   75   76   78   80
   79   82   80   83   81   81   79   77   75   74   75   74   76   74   73   69
   65   59   53   50   47   49   51   60   69   83  100  122  139  159  175  192
  212  229  248  262  276  287  297  298  299  287  277  262  257  246  239  232
  228  221  217  211  207  192  181  167  151                                   
    60.0-180.0 180.0   5.0 450.0                            LAT/LON1/LON2/DLON/H
  153  136  115  102   82   75   66   66   64   67   66   71   72   76   77   79
   80   81   79   80   79   79   77   76   74   74   74   74   75   74   70   67
   58   54   46   43   41   44   49   60   72   91  110  132  150  168  184  199
  219  235  255  266  283  291  301  300  300  289  276  264  259  250  243  235
  230  221  216  209  205  192  181  174  153                                   
    57.5-180.0 180.0   5.0 450.0                            LAT/LON1/LON2/DLON/H
  159  142  119  104   86   76   68   63   63   61   65   63   69   70   74   76
   78   78   77   77   76   76   74   74   73   73   75   74   76   73   70   64
   57   50   42   41   40   47   52   66   79  101  119  140  157  175  191  209
  230  246  265  275  291  297  307  304  306  295  289  276  272  264  255  247
  238  228  217  209  206  191  181  167  159                                   
    55.0-180.0 180.0   5.0 450.0                            LAT/LON1/LON2/DLON/H
  164  146  125  107   84   75   63   62   58   60   60   65   64   70   69   75
   75   77   74   74   72   70   68   66   66   66   69   69   71   67   64   58
   51   47   41   41   43   51   57   74   89  113  131  151  167  183  202  221
  242  261  281  295  309  314  323  321  325  318  311  303  297  291  279  268
  253  239  227  217  211  196  183  173  164                                   
    52.5-180.0 180.0   5.0 450.0                            LAT/LON1/LON2/DLON/H
  181  159  138  115   95   79   66   59   56   54   58   57   63   63   68   69
   72   71   71   68   68   64   63   61   60   61   63   64   66   64   62   57
   52   48   44   46   49   57   67   83  102  125  141  160  174  192  212  235
  257  278  299  315  329  336  343  341  347  340  338  328  326  318  308  293
  277  258  244  231  224  207  191  175  181                                   
    50.0-180.0 180.0   5.0 450.0                            LAT/LON1/LON2/DLON/H
  195  172  150  128  104   88   72   65   58   58   58   61   63   67   65   70
   67   70   65   67   65   63   61   58   57   58   60   61   64   61   61   56
   54   51   49   53   56   67   77   96  115  139  154  173  188  206  228  250
  272  295  319  338  352  360  366  366  369  364  359  352  347  339  328  314
  296  276  259  245  238  219  202  190  195                                   
    47.5-180.0 180.0   5.0 450.0                            LAT/LON1/LON2/DLON/H
  214  190  168  145  124  103   85   74   65   60   60   59   64   65   69   67
   68   65   66   63   66   62   62   59   58   58   59   60   61   60   62   60
   61   58   60   62   69   78   91  109  129  150  166  184  199  221  243  265
  287  309  335  354  370  376  383  380  383  374  371  362  359  350  341  328
  312  293  276  260  252  236  215  202  214                                   
    45.0-180.0 180.0   5.0 450.0                            LAT/LON1/LON2/DLON/H
  226  201  177  159  138  117  102   88   78   71   69   67   70   71   71   71
   67   68   66   70   70   70   68   65   64   64   64   65   66   66   68   64
   65   64   67   72   80   93  105  126  142  163  177  195  212  235  257  279
  300  324  351  372  385  394  395  394  390  383  372  363  354  345  335  325
  310  295  281  268  261  241  227  216  226                                   
    42.5-180.0 180.0   5.0 450.0                            LAT/LON1/LON2/DLON/H
  234  210  190  170  154  134  119  105   92   82   76   72   75   74   75   71
   71   68   71   73   78   78   79   75   74   72   73   72   75   73   76   73
   75   75   81   87   97  108  120  140  156  175  189  206  228  248  270  287
  310  332  361  381  396  402  404  400  395  381  368  354  344  336  327  319
  308  295  283  272  264  244  228  219  234                                   
    40.0-180.0 180.0   5.0 450.0                            LAT/LON1/LON2/DLON/H
  232  208  188  176  164  145  134  118  110   96   90   83   85   83   82   78
   78   77   82   87   92   94   93   90   88   87   87   87   87   84   83   80
   80   80   87   94  106  118  132  152  168  186  200  220  243  261  281  296
  317  343  371  394  408  416  414  412  402  390  369  354  341  331  320  314
  303  296  283  273  262  237  225  220  232                                   
    37.5-180.0 180.0   5.0 450.0                            LAT/LON1/LON2/DLON/H
  222  200  183  169  162  150  139  130  119  110  101   94   95   93   93   88
   89   87   93   97  104  104  104  102   99  100   99  100   98   96   91   88
   85   87   94  100  111  123  138  161  179  197  213  232  257  270  289  300
  322  344  373  395  413  421  423  423  416  406  387  373  357  346  333  325
  314  304  293  279  263  234  218  209  222                                   
    35.0-180.0 180.0   5.0 450.0                            LAT/LON1/LON2/DLON/H
  208  184  164  158  156  146  142  132  128  117  111  103  105  102  103  100
  102  102  109  115  121  122  120  118  118  117  118  116  114  106  101   92
   88   85   88   93  103  118  136  163  186  204  224  245  269  282  299  309
  330  352  380  403  421  435  442  447  444  438  423  412  398  383  368  358
  346  337  317  298  277  241  219  212  208                                   
    32.5-180.0 180.0   5.0 450.0                            LAT/LON1/LON2/DLON/H
  210  174  157  142  141  133  130  126  122  119  114  109  110  109  110  108
  112  114  120  124  128  127  124  124  125  130  130  130  122  114  104   94
   91   84   87   87   98  112  135  166  193  215  234  256  280  295  311  321
  342  361  390  411  433  451  463  473  477  476  468  466  457  448  429  417
  405  391  373  346  312  270  236  221  210                                   
    30.0-180.0 180.0   5.0 450.0                            LAT/LON1/LON2/DLON/H
  222  175  148  138  133  124  121  120  120  117  114  110  112  112  115  116
  122  126  133  138  140  140  136  137  142  147  148  144  134  120  108   96
   90   84   84   85   90  107  129  166  193  219  240  261  289  305  326  339
  361  385  412  441  466  492  513  528  539  545  541  545  542  537  520  508
  492  479  451  425  381  326  276  259  222                                   
    27.5-180.0 180.0   5.0 450.0                            LAT/LON1/LON2/DLON/H
  260  196  173  146  137  121  120  112  115  112  112  109  112  112  115  118
  126  131  139  141  141  139  136  143  150  160  160  153  142  118  102   89
   89   84   86   85   99  111  135  168  205  229  253  272  297  318  341  361
  387  417  455  490  523  553  582  606  624  633  636  647  653  654  644  626
  609  589  560  524  478  416  348  328  260                                   
    25.0-180.0 180.0   5.0 450.0                            LAT/LON1/LON2/DLON/H
  324  246  209  179  150  133  120  116  116  114  113  111  113  114  117  121
  128  135  142  145  143  143  144  155  168  175  174  157  139  116  103   94
   92   85   84   81   90  119  139  173  206  237  262  285  307  328  350  380
  410  456  502  547  586  622  649  668  685  696  711  727  737  740  736  722
  710  690  665  635  591  521  449  421  324                                   
    22.5-180.0 180.0   5.0 450.0                            LAT/LON1/LON2/DLON/H
  418  338  286  236  201  170  149  135  133  126  128  121  123  121  121  124
  129  134  138  140  138  141  146  165  181  190  174  153  134  121  110  102
   95   81   83   72   90  115  149  176  217  247  277  302  323  348  369  404
  443  496  549  598  640  675  702  725  742  761  776  797  811  813  813  804
  797  784  765  726  676  626  577  523  418                                   
    20.0-180.0 180.0   5.0 450.0                            LAT/LON1/LON2/DLON/H
  522  447  392  329  266  228  192  178  163  162  155  151  145  139  134  132
  136  138  140  142  139  145  158  177  197  189  171  152  138  128  115  107
  104   92   86   77   87  119  150  184  219  256  287  317  342  372  397  439
  483  539  594  647  687  719  744  762  776  794  810  836  851  860  862  856
  855  844  835  797  756  705  657  638  522                                   
    17.5-180.0 180.0   5.0 450.0                            LAT/LON1/LON2/DLON/H
  616  568  511  443  376  316  266  238  225  214  203  190  181  170  162  155
  154  151  150  148  144  154  172  192  204  193  175  157  142  126  116  111
  107   97   91   80   93  121  155  184  225  262  297  332  358  393  420  465
  510  569  622  677  709  738  754  774  783  799  816  840  857  870  872  872
  876  877  876  852  819  780  734  729  616                                   
    15.0-180.0 180.0   5.0 450.0                            LAT/LON1/LON2/DLON/H
  686  660  601  534  462  410  359  328  292  278  255  240  222  211  199  190
  184  176  170  165  163  165  184  199  207  198  181  159  143  123  120  108
  112  101   97   85   93  124  149  183  222  265  303  343  376  414  444  490
  539  591  643  688  717  735  754  765  776  792  807  831  845  855  855  853
  858  863  874  860  848  822  778  788  686                                   
    12.5-180.0 180.0   5.0 450.0                            LAT/LON1/LON2/DLON/H
  735  721  664  609  540  485  445  420  395  362  336  308  280  255  236  224
  217  209  200  188  183  187  205  214  222  209  194  164  148  132  123  114
  112  100  100   90  102  122  151  181  226  269  311  354  389  428  457  505
  553  600  646  682  703  722  731  742  749  766  783  807  820  830  831  830
  834  847  857  854  847  835  802  805  735                                   
    10.0-180.0 180.0   5.0 450.0                            LAT/LON1/LON2/DLON/H
  746  738  690  641  579  537  490  479  458  442  406  373  330  311  281  267
  253  244  231  217  209  211  220  228  229  219  202  177  159  144  136  127
  120  111  104   97  101  119  144  180  219  269  311  357  398  435  472  514
  561  598  638  662  685  695  708  715  725  741  760  780  793  800  802  801
  808  815  831  828  834  830  806  799  746                                   
     7.5-180.0 180.0   5.0 450.0                            LAT/LON1/LON2/DLON/H
  740  727  688  646  599  558  524  510  500  490  467  432  393  360  330  314
  291  276  261  247  234  231  241  241  243  231  212  186  168  156  143  133
