data/unet/pred0650.15i
     1.0            IONOSPHERE MAPS     GNSS                IONEX VERSION / TYPE
pyspatialgeodesy        IME             05-JAN-18 20:20     PGM / RUN BY / DATE 
Map Name                                                    COMMENT             
Predicted global ionosphere maps (GIM).                     DESCRIPTION         
  2015     3     6     0     0     0                        EPOCH OF FIRST MAP  
  2015     3     7     0     0     0                        EPOCH OF LAST MAP   
  7200                                                      INTERVAL            
    13                                                      # OF MAPS IN FILE   
  NONE                                                      MAPPING FUNCTION    
10.0                                                        ELEVATION CUTOFF    
One-way carrier phase leveled to code                       OBSERVABLES USED    
  6371.0                                                    BASE RADIUS         
 2                                                          MAP DIMENSION       
   450.0 450.0   0.0                                        HGT1 / HGT2 / DHGT  
    87.5 -87.5  -2.5                                        LAT1 / LAT2 / DLAT  
  -180.0 180.0   5.0                                        LON1 / LON2 / DLON  
    -1                                                      EXPONENT            
                                                            END OF HEADER       
[from data line 2145]
     6                                                      START OF TEC MAP    
  2015     3     6    10     0     0                        EPOCH OF CURRENT MAP
    87.5-180.0 180.0   5.0 450.0                            LAT/LON1/LON2/DLON/H
   91  120  115  117  118  118  121  122  125  126  129  130  132  133  134  134
  135  136  137  137  137  138  138  138  138  138  137  138  137  137  136  135
  134  132  133  130  130  127  128  125  124  123  121  120  117  116  113  113
  109  108  105  105  102  102  101  101  101  100  101  101  102  103  103  105
  106  108  107  109  107  111  115  100   91                                   
    85.0-180.0 180.0   5.0 450.0                            LAT/LON1/LON2/DLON/H
  110  112  116  126  124  127  128  132  134  137  139  142  143  145  146  148
  148  151  151  153  152  155  154  156  155  157  157  159  158  159  158  159
  157  158  156  155  152  151  147  145  141  138  134  132  128  126  121  118
  113  110  106  102   98   96   94   93   91   91   90   90   90   92   93   95
   97  100  102  104  106  109  118  101  110                                   
    82.5-180.0 180.0   5.0 450.0                            LAT/LON1/LON2/DLON/H
  101  114  112  119  118  122  123  128  129  132  133  135  135  138  137  140
  139  142  140  143  142  145  145  147  147  150  151  155  156  160  160  163
  164  166  167  166  167  164  164  159  158  152  151  143  143  134  134  125
  125  116  114  106  103   96   95   89   89   85   85   82   84   83   84   85
   88   88   91   92   97  100  107  102  101                                   
    80.0-180.0 180.0   5.0 450.0                            LAT/LON1/LON2/DLON/H
  104  112  111  114  114  117  116  121  118  123  120  123  119  123  120  123
  120  122  121  123  122  126  125  128  128  131  133  138  143  148  154  159
  166  168  175  175  180  178  181  176  176  170  169  162  161  154  152  146
  141  136  130  125  118  114  108  105  100   99   95   94   92   92   92   92
   93   94   95   95   97   97  103  100  104                                   
    77.5-180.0 180.0   5.0 450.0                            LAT/LON1/LON2/DLON/H
  106  114  113  116  113  116  115  115  113  113  111  110  107  107  104  104
  101  103  101  103  101  106  104  109  109  114  117  124  132  138  148  154
  164  171  179  184  189  192  194  195  195  195  193  192  188  186  182  178
  173  170  165  160  155  150  145  141  135  132  128  125  121  119  116  116
  113  114  110  111  107  108  107  104  106                                   
    75.0-180.0 180.0   5.0 450.0                            LAT/LON1/LON2/DLON/H
  111  113  112  116  112  115  111  112  107  107  100  100   92   92   86   86
   82   84   82   85   84   88   88   92   92   98  101  109  116  127  137  148
  161  170  182  190  198  203  208  210  212  213  214  215  214  215  213  211
  206  203  199  195  189  185  179  177  171  168  161  158  150  148  141  140
  133  131  124  124  118  116  112  109  111                                   
    72.5-180.0 180.0   5.0 450.0                            LAT/LON1/LON2/DLON/H
  112  112  111  112  110  110  109  107  103  100   96   91   86   82   78   76
   74   75   75   78   79   82   82   85   85   89   92  100  106  118  129  143
  157  170  181  193  201  211  215  222  224  230  233  237  238  240  241  241
  238  235  232  228  224  219  216  213  208  203  196  191  181  177  168  163
  154  149  140  135  129  122  116  115  112                                   
    70.0-180.0 180.0   5.0 450.0                            LAT/LON1/LON2/DLON/H
  111  107  106  110  106  109  109  108  104  101   96   91   84   80   75   72
   71   72   75   78   80   83   84   85   85   87   89   94  102  114  127  143
  158  172  187  201  213  222  231  239  246  253  258  266  266  271  270  272
  269  267  265  261  257  251  248  241  236  227  219  209  200  191  181  171
  162  153  143  138  130  123  115  113  111                                   
    67.5-180.0 180.0   5.0 450.0                            LAT/LON1/LON2/DLON/H
  104  103  103  105  102  104  107  105  104  100   97   91   85   81   76   73
   73   76   79   84   87   91   91   92   90   91   91   95   99  111  122  140
  156  173  187  205  217  230  239  249  256  265  273  280  284  286  288  286
  286  281  284  278  277  268  265  258  252  241  231  219  207  195  181  169
  156  147  137  129  123  114  110  107  104                                   
    65.0-180.0 180.0   5.0 450.0                            LAT/LON1/LON2/DLON/H
   98   96   94   98   96  101  103  105  104  103   99   95   90   85   82   77
   80   82   87   92   96  100  100  101   97   96   93   98  100  112  124  144
  161  179  196  215  228  242  251  262  269  279  285  295  295  300  298  300
  297  297  297  294  290  281  276  267  260  247  235  220  205  191  175  160
  146  136  126  118  111  106  103  102   98                                   
    62.5-180.0 180.0   5.0 450.0                            LAT/LON1/LON2/DLON/H
   91   88   87   89   88   94   96   99  100   99   97   95   90   89   85   84
   85   88   92   99  102  107  105  105  100   99   95   97  101  111  124  144
  162  185  200  221  232  247  254  266  271  281  289  298  302  304  306  304
  304  301  302  297  294  283  277  266  258  244  231  215  200  184  165  149
  134  122  111  103   99   93   93   92   91                                   
    60.0-180.0 180.0   5.0 450.0                            LAT/LON1/LON2/DLON/H
   86   79   78   79   78   83   85   89   90   93   92   92   90   89   87   88
   89   90   95   99  103  107  106  106  100   98   93   95   99  113  127  151
  169  194  211  233  244  258  267  277  283  293  298  308  308  313  312  312
  310  309  307  304  297  288  281  269  260  246  232  217  201  186  166  149
  131  119  107  101   95   90   89   87   86                                   
    57.5-180.0 180.0   5.0 450.0                            LAT/LON1/LON2/DLON/H
   86   80   74   74   69   72   73   76   78   82   82   86   83   86   84   87
   88   91   92   96   97  102   99  100   93   92   87   90   96  110  126  151
  171  198  216  238  249  265  271  283  290  300  308  316  319  320  321  319
  318  313  313  306  301  289  283  269  262  249  238  222  209  193  174  155
  136  121  110  102   99   92   91   86   86                                   
    55.0-180.0 180.0   5.0 450.0                            LAT/LON1/LON2/DLON/H
   93   80   77   70   64   63   61   63   64   68   70   75   75   79   77   82
   80   84   84   85   88   88   89   88   84   84   81   87   94  112  130  160
  180  209  227  251  262  279  287  300  307  319  323  332  332  336  333  334
  329  327  325  321  315  305  299  287  280  270  259  250  234  221  198  180
  158  143  129  123  116  110  106   96   93                                   
    52.5-180.0 180.0   5.0 450.0                            LAT/LON1/LON2/DLON/H
  105   97   86   79   66   61   55   54   54   58   60   67   68   74   74   77
   76   78   78   79   79   81   80   83   79   82   81   89   99  118  138  166
  189  216  238  260  271  289  297  311  321  335  341  349  351  351  349  347
  346  341  342  336  334  323  318  306  301  290  283  272  266  250  232  208
  186  170  157  149  144  133  127  110  105                                   
    50.0-180.0 180.0   5.0 450.0                            LAT/LON1/LON2/DLON/H
  124  115  102   91   77   68   56   53   47   52   52   60   62   66   66   70
   68   71   68   70   70   70   72   75   77   81   86   95  107  130  149  181
  201  232  253  279  290  309  316  336  344  360  363  374  372  374  368  369
  365  362  362  356  355  346  341  332  326  318  308  303  293  285  265  246
  219  203  186  180  170  161  149  133  124                                   
    47.5-180.0 180.0   5.0 450.0                            LAT/LON1/LON2/DLON/H
  140  136  122  112   92   79   66   57   51   51   52   58   60   64   65   68
   67   70   69   69   68   70   71   76   80   87   94  107  120  142  164  190
  216  246  268  293  303  324  331  353  364  379  386  394  394  391  387  381
  380  375  376  370  369  359  354  342  337  327  321  314  309  299  285  265
  244  223  204  195  187  178  171  148  140                                   
    45.0-180.0 180.0   5.0 450.0                            LAT/LON1/LON2/DLON/H
  152  147  134  126  109   99   83   73   62   61   58   63   62   65   64   68
   68   72   71   72   72   70   74   76   84   92  102  118  132  158  177  206
  227  261  279  310  318  345  351  376  384  401  406  416  412  410  402  398
  394  389  388  382  379  372  363  352  343  333  324  319  311  305  288  273
  248  232  210  203  192  185  172  161  152                                   
    42.5-180.0 180.0   5.0 450.0                            LAT/LON1/LON2/DLON/H
  155  150  140  137  121  114  100   89   79   72   71   73   72   72   72   75
   76   80   80   82   79   78   77   81   88   98  109  126  143  166  187  212
  237  270  292  321  333  360  369  394  404  420  427  433  430  422  415  406
  402  395  393  384  381  368  358  342  332  320  312  303  297  288  274  257
  235  217  197  189  179  172  164  153  155                                   
    40.0-180.0 180.0   5.0 450.0                            LAT/LON1/LON2/DLON/H
  138  138  130  133  126  126  113  106   97   90   86   85   83   82   80   82
   85   88   91   91   89   83   82   82   88   98  113  133  156  179  199  223
  246  280  303  337  352  382  393  416  428  444  450  455  448  438  427  419
  412  405  399  392  384  373  359  344  330  316  304  295  286  275  257  240
  216  198  179  169  157  150  140  140  138                                   
    37.5-180.0 180.0   5.0 450.0                            LAT/LON1/LON2/DLON/H
  121  121  117  124  120  124  116  111  105  100   98   97   96   94   92   93
   94   99  100  100   96   91   85   85   87   97  113  133  158  180  204  223
  250  284  315  350  372  403  418  444  457  473  479  479  472  458  446  434
  428  417  412  402  394  376  362  344  330  314  302  289  278  262  243  223
  200  180  161  148  137  125  120  114  121                                   
    35.0-180.0 180.0   5.0 450.0                            LAT/LON1/LON2/DLON/H
   97   96   94  102  108  115  115  112  110  107  107  107  107  106  105  104
  107  108  111  109  104   96   88   83   86   94  109  134  160  187  206  231
  250  288  318  361  387  421  445  469  490  505  516  514  506  492  478  467
  458  448  440  432  423  410  392  376  358  341  323  306  290  271  251  232
  207  185  164  149  131  114  105  104   97                                   
    32.5-180.0 180.0   5.0 450.0                            LAT/LON1/LON2/DLON/H
   90   88   86   95  100  106  108  106  105  104  107  110  113  115  114  114
  115  117  116  115  108  100   90   84   84   91  107  129  158  183  210  232
  259  290  325  375  406  449  472  506  524  546  557  559  553  543  533  521
  514  500  496  484  478  464  452  437  420  402  381  360  337  317  294  276
  252  228  198  174  152  123  114   96   90                                   
    30.0-180.0 180.0   5.0 450.0                            LAT/LON1/LON2/DLON/H
   97   80   73   75   83   90   98   97  100   99  104  108  115  118  122  121
  125  124  124  120  113  102   92   83   85   88  107  130  159  189  209  239
  261  300  329  383  426  468  503  540  561  586  600  608  603  599  588  585
  577  575  571  570  565  556  548  535  521  500  476  452  427  408  382  363
  335  311  276  243  203  170  141  123   97                                   
    27.5-180.0 180.0   5.0 450.0                            LAT/LON1/LON2/DLON/H
  113   96   83   78   77   84   87   90   93   95   99  105  112  118  123  125
  127  127  123  121  112  104   92   85   85   92  111  138  170  197  221  246
  276  307  348  403  456  498  532  567  594  624  642  656  665  665  665  661
  662  656  653  649  645  646  646  644  637  624  610  591  570  547  524  507
  484  448  396  344  289  241  204  155  113                                   
    25.0-180.0 180.0   5.0 450.0                            LAT/LON1/LON2/DLON/H
  147  120  106   83   85   77   84   79   89   85   95  100  110  116  124  125
  131  129  131  123  120  107   98   89   93   98  120  152  183  208  227  257
  281  321  359  428  482  530  563  603  630  664  687  711  729  734  733  739
  733  741  731  743  740  752  757  761  755  746  733  713  691  661  641  621
  597  565  517  460  384  326  274  220  147                                   
    22.5-180.0 180.0   5.0 450.0                            LAT/LON1/LON2/DLON/H
  209  179  154  121  100   93   91   90   87   88   92  100  110  115  123  124
  127  127  127  123  118  110  101   95   99  109  135  165  196  223  248  272
  301  340  387  453  511  557  586  621  652  689  720  753  774  781  787  794
  801  805  807  814  819  830  839  840  836  830  817  801  778  750  721  703
  683  663  621  551  479  408  371  297  209                                   
    20.0-180.0 180.0   5.0 450.0                            LAT/LON1/LON2/DLON/H
  288  257  211  171  143  124  116  110  110   94   99  100  113  118  126  124
  127  123  128  121  120  112  105  104  111  123  147  180  206  241  257  289
  322  366  412  479  533  574  609  640  673  705  747  778  797  809  817  829
  836  841  844  852  856  868  877  884  883  880  873  859  844  810  779  751
  727  707  673  632  559  488  450  380  288                                   
    17.5-180.0 180.0   5.0 450.0                            LAT/LON1/LON2/DLON/H
  361  331  297  244  208  183  159  151  142  121  109  105  111  117  125  124
  126  121  123  118  118  111  110  108  117  127  154  184  217  251  278  311
  352  391  438  500  547  583  611  643  674  709  744  776  797  805  824  833
  845  850  856  864  873  881  890  898  898  894  891  877  864  829  791  755
  731  705  682  645  598  535  497  431  361                                   
    15.0-180.0 180.0   5.0 450.0                            LAT/LON1/LON2/DLON/H
  397  375  353  316  276  233  211  186  176  155  138  119  116  116  120  120
  122  121  121  116  114  114  108  114  116  134  161  200  234  280  304  338
  374  417  458  510  546  572  608  635  667  698  735  765  782  797  809  822
  829  836  840  845  852  858  866  880  873  869  866  849  831  791  753  718
  686  668  645  626  589  542  519  460  397                                   
    12.5-180.0 180.0   5.0 450.0                            LAT/LON1/LON2/DLON/H
  419  402  391  370  330  281  249  223  204  180  161  139  124  118  116  117
  120  120  120  118  118  113  116  108  120  133  167  211  251  294  322  358
  391  423  468  503  534  566  595  624  652  683  711  740  765  772  788  795
  803  803  810  812  818  821  824  829  829  822  819  807  781  748  700  665
  632  610  591  566  559  528  522  471  419                                   
    10.0-180.0 180.0   5.0 450.0                            LAT/LON1/LON2/DLON/H
  427  412  412  382  360  310  284  248  233  198  182  157  140  131  119  117
  113  116  111  111  106  110  103  110  115  139  174  227  266  307  338  368
  400  433  467  494  518  549  594  619  647  673  700  730  755  768  775  784
  784  786  785  784  784  782  784  784  785  778  775  761  736  699  650  611
  563  534  516  512  515  503  511  465  427                                   
     7.5-180.0 180.0   5.0 450.0                            LAT/LON1/LON2/DLON/H
  425  426  432  400  377  333  304  271  252  223  197  167  145  129  121  113
  112  113  108  111  103  106  100  109  113  149  184  242  276  312  346  369
