data/unet/pred2220.15i
     1.0            IONOSPHERE MAPS     GNSS                IONEX VERSION / TYPE
pyspatialgeodesy        IME             05-JAN-18 20:20     PGM / RUN BY / DATE 
Map Name                                                    COMMENT             
Predicted global ionosphere maps (GIM).                     DESCRIPTION         
  2015     8    10     0     0     0                        EPOCH OF FIRST MAP  
  2015     8    11     0     0     0                        EPOCH OF LAST MAP   
  7200                                                      INTERVAL            
    13                                                      # OF MAPS IN FILE   
  NONE                                                      MAPPING FUNCTION    
10.0                                                        ELEVATION CUTOFF    
One-way carrier phase leveled to code                       OBSERVABLES USED    
  6371.0                                                    BASE RADIUS         
 2                                                          MAP DIMENSION       
   450.0 450.0   0.0                                        HGT1 / HGT2 / DHGT  
    87.5 -87.5  -2.5                                        LAT1 / LAT2 / DLAT  
  -180.0 180.0   5.0                                        LON1 / LON2 / DLON  
    -1                                                      EXPONENT            
                                                            END OF HEADER       
[from data line 3861]
    10                                                      START OF TEC MAP    
  2015     8    10    18     0     0                        EPOCH OF CURRENT MAP
    87.5-180.0 180.0   5.0 450.0                            LAT/LON1/LON2/DLON/H
  187  162  159  160  161  158  160  159  161  159  161  159  161  158  160  157
  158  155  157  153  155  152  153  150  151  148  149  147  148  146  147  144
  145  143  144  142  143  141  142  140  142  140  141  140  142  140  141  140
  142  141  142  141  143  142  144  143  145  144  146  145  148  147  149  148
  151  150  153  151  153  151  162  170  187                                   
    85.0-180.0 180.0   5.0 450.0                            LAT/LON1/LON2/DLON/H
  152  151  151  156  154  157  154  157  155  159  156  158  156  158  155  156
  153  155  152  153  150  151  148  148  145  146  142  143  141  142  139  140
  137  139  136  138  135  137  135  137  135  137  135  137  136  138  135  137
  136  138  135  138  136  139  136  139  137  141  138  142  140  144  141  145
  143  147  144  147  145  144  151  168  152                                   
    82.5-180.0 180.0   5.0 450.0                            LAT/LON1/LON2/DLON/H
  151  148  150  151  154  153  155  155  157  158  159  159  160  159  160  159
  159  158  158  156  156  154  153  150  149  146  145  142  141  138  137  135
  135  134  133  133  133  133  133  134  134  134  134  134  135  135  135  134
  135  134  135  133  135  133  135  133  136  134  136  135  138  136  139  138
  140  140  142  141  143  138  140  149  151                                   
    80.0-180.0 180.0   5.0 450.0                            LAT/LON1/LON2/DLON/H
  146  148  144  148  149  151  151  153  153  156  156  158  158  159  159  159
  159  159  158  157  156  155  152  150  147  145  140  139  135  134  130  131
  128  130  127  129  128  130  128  131  129  132  129  131  130  132  129  131
  129  130  129  130  129  130  129  130  130  130  130  131  131  132  133  134
  134  136  137  139  138  135  134  143  146                                   
    77.5-180.0 180.0   5.0 450.0                            LAT/LON1/LON2/DLON/H
  137  139  138  138  141  142  144  145  147  148  150  151  152  152  154  154
  155  155  156  156  156  153  152  149  147  143  140  136  133  129  127  124
  124  123  124  124  126  126  128  128  129  129  129  127  127  126  126  124
  125  123  124  123  123  122  123  122  122  121  122  122  123  123  124  124
  126  127  130  129  131  125  124  134  137                                   
    75.0-180.0 180.0   5.0 450.0                            LAT/LON1/LON2/DLON/H
  130  133  130  134  135  137  138  141  141  145  145  148  149  150  152  153
  155  156  157  158  157  157  154  153  148  146  141  137  132  129  125  124
  121  123  122  125  126  129  129  132  130  132  129  129  125  126  123  123
  121  122  120  121  119  120  118  119  116  117  115  117  115  118  117  120
  119  123  124  126  125  123  120  134  130                                   
    72.5-180.0 180.0   5.0 450.0                            LAT/LON1/LON2/DLON/H
  125  126  128  127  130  131  133  134  137  138  141  142  143  145  147  149
  151  153  156  157  158  158  158  155  154  149  145  139  135  130  127  123
  122  121  124  125  129  130  133  133  133  132  130  127  125  122  121  119
  119  117  118  115  116  113  113  111  110  108  108  107  108  108  110  110
  113  114  118  118  121  116  116  126  125                                   
    70.0-180.0 180.0   5.0 450.0                            LAT/LON1/LON2/DLON/H
  120  123  122  125  127  128  131  133  135  137  139  140  143  143  146  146
  150  150  155  156  159  160  161  160  157  154  149  144  138  133  128  125
  124  124  125  128  130  134  135  136  135  134  130  127  123  121  117  117
  115  115  114  113  111  111  107  107  103  103  100  101   99  102  101  105
  104  109  111  115  116  112  111  127  120                                   
    67.5-180.0 180.0   5.0 450.0                            LAT/LON1/LON2/DLON/H
  118  121  123  122  126  128  130  133  135  137  139  140  141  142  144  144
  146  149  152  156  160  163  165  165  164  161  157  152  146  140  136  131
  129  128  130  132  136  137  139  138  138  134  131  124  122  116  115  111
  112  110  111  107  107  104  103   99   97   95   94   93   93   94   95   97
   99  102  107  109  112  109  110  121  118                                   
    65.0-180.0 180.0   5.0 450.0                            LAT/LON1/LON2/DLON/H
  116  120  121  124  127  131  133  136  139  141  144  145  147  146  148  148
  149  150  154  157  162  164  169  169  170  168  165  160  155  149  144  140
  137  136  137  139  141  143  143  143  140  138  132  127  121  118  114  113
  112  111  109  107  105  102   99   96   93   92   89   90   87   90   89   93
   93   99  101  107  109  105  108  123  116                                   
    62.5-180.0 180.0   5.0 450.0                            LAT/LON1/LON2/DLON/H
  114  120  123  124  130  133  137  139  143  144  147  147  149  149  151  150
  151  151  155  157  162  166  170  173  175  175  172  170  165  161  156  153
  149  148  147  148  149  150  150  148  146  141  136  129  124  119  117  114
  114  110  109  105  103   98   96   91   90   88   87   86   85   86   86   89
   90   96   99  103  106  104  108  116  114                                   
    60.0-180.0 180.0   5.0 450.0                            LAT/LON1/LON2/DLON/H
  112  120  122  126  132  137  141  144  146  148  150  152  154  155  156  157
  156  156  157  159  162  166  172  175  179  180  180  178  176  173  170  167
  163  161  159  158  158  159  158  157  153  150  143  137  130  127  122  121
  118  115  111  107  102   98   93   90   88   87   85   85   83   84   82   85
   85   91   93  100  103  100  105  118  112                                   
    57.5-180.0 180.0   5.0 450.0                            LAT/LON1/LON2/DLON/H
  109  118  123  126  134  137  143  144  148  147  152  151  155  155  159  158
  159  156  157  157  161  164  171  175  180  183  185  186  185  186  184  182
  179  176  173  171  170  169  169  167  164  159  154  146  139  134  131  127
  123  118  114  107  102   95   92   89   88   87   86   84   83   81   80   81
   82   87   90   97  100  100  104  110  109                                   
    55.0-180.0 180.0   5.0 450.0                            LAT/LON1/LON2/DLON/H
  108  121  123  129  137  141  146  147  150  150  152  154  156  159  161  163
  162  161  159  158  160  164  170  175  180  184  189  190  194  196  197  196
  195  191  188  184  183  182  181  179  175  171  163  157  149  145  138  136
  129  125  116  110  102   98   93   92   91   91   89   88   84   82   79   80
   79   85   87   95   97   97  103  114  108                                   
    52.5-180.0 180.0   5.0 450.0                            LAT/LON1/LON2/DLON/H
  108  120  126  131  139  142  148  147  151  149  151  151  155  156  162  162
  163  160  159  156  159  162  168  173  179  184  188  194  198  204  206  209
  208  206  201  198  196  195  194  191  187  183  176  169  161  155  149  143
  136  129  120  112  106  100   98   96   97   95   95   91   88   83   81   80
   80   85   88   95   98   96  102  108  108                                   
    50.0-180.0 180.0   5.0 450.0                            LAT/LON1/LON2/DLON/H
  110  124  127  136  143  148  152  152  155  153  155  154  156  159  162  165
  166  164  162  160  161  164  169  175  181  185  191  196  203  209  215  218
  220  216  215  210  210  208  207  203  200  194  187  179  171  165  158  153
  144  136  126  118  112  108  105  105  105  104  102   98   93   88   84   83
   83   88   90   97   98   97  102  116  110                                   
    47.5-180.0 180.0   5.0 450.0                            LAT/LON1/LON2/DLON/H
  113  125  132  138  147  151  157  156  160  157  159  157  160  160  166  166
  169  165  165  162  164  167  173  177  183  186  192  198  205  213  219  225
  225  225  223  221  221  219  219  215  211  205  197  189  180  173  166  158
  150  140  132  124  119  114  113  112  113  110  108  102   97   91   89   88
   89   93   96  101  101   99  105  113  113                                   
    45.0-180.0 180.0   5.0 450.0                            LAT/LON1/LON2/DLON/H
  117  131  135  145  153  159  165  167  170  169  171  169  169  171  172  173
  173  171  170  168  170  174  179  184  188  192  197  203  210  217  226  229
  234  232  235  232  235  232  233  226  222  214  207  197  189  181  172  164
  155  146  137  131  126  123  122  121  121  119  115  109  104   99   96   96
   97  102  103  108  105  103  108  123  117                                   
    42.5-180.0 180.0   5.0 450.0                            LAT/LON1/LON2/DLON/H
  123  136  140  149  159  164  173  174  180  180  182  180  181  180  180  178
  178  175  175  174  178  181  188  191  197  199  205  210  217  224  231  237
  241  242  245  245  248  247  246  240  234  224  215  206  197  187  178  168
  159  149  143  136  134  129  128  127  127  123  121  113  110  104  106  105
  108  110  112  114  111  105  112  121  123                                   
    40.0-180.0 180.0   5.0 450.0                            LAT/LON1/LON2/DLON/H
  125  141  145  154  166  173  182  186  194  195  200  197  197  195  192  189
  187  183  183  183  187  191  197  202  205  211  215  222  228  236  243  249
  254  257  262  263  267  264  263  255  248  237  228  215  206  195  186  175
  165  156  148  142  139  135  133  132  131  127  124  120  117  115  117  119
  121  123  122  123  117  111  115  128  125                                   
    37.5-180.0 180.0   5.0 450.0                            LAT/LON1/LON2/DLON/H
  129  144  147  157  166  175  185  191  200  204  210  210  211  208  204  201
  196  195  193  194  198  202  209  211  217  221  228  236  243  251  258  266
  271  277  283  285  287  284  279  271  262  250  239  226  215  202  192  180
  172  161  154  147  143  138  135  133  131  128  127  124  124  124  129  130
  133  132  130  128  122  114  119  126  129                                   
    35.0-180.0 180.0   5.0 450.0                            LAT/LON1/LON2/DLON/H
  128  147  150  162  169  180  190  199  209  217  224  226  227  224  219  215
  210  206  205  205  209  214  218  223  225  235  242  253  263  272  282  291
  302  308  316  313  315  307  301  288  278  263  251  238  225  212  200  186
  177  166  158  150  143  137  133  129  127  125  126  126  129  132  138  141
  142  141  137  134  126  119  122  129  128                                   
    32.5-180.0 180.0   5.0 450.0                            LAT/LON1/LON2/DLON/H
  130  148  151  160  170  176  188  195  209  217  228  234  234  235  229  228
  220  221  216  220  221  227  228  233  235  247  255  272  283  299  309  324
  335  340  342  338  334  324  315  301  288  273  258  244  231  216  204  190
  180  168  160  151  144  135  131  126  124  124  126  128  134  139  146  149
  149  147  142  137  129  120  125  127  130                                   
    30.0-180.0 180.0   5.0 450.0                            LAT/LON1/LON2/DLON/H
  131  153  155  170  174  188  193  209  216  231  237  246  244  246  241  239
  233  232  229  231  232  237  236  241  242  256  271  289  310  329  347  362
  375  377  379  368  361  345  331  313  299  280  265  250  235  221  207  192
  180  167  158  147  139  131  126  122  120  119  123  127  134  140  148  151
  151  150  144  142  132  127  128  130  131                                   
    27.5-180.0 180.0   5.0 450.0                            LAT/LON1/LON2/DLON/H
  133  149  154  165  173  182  192  202  214  226  238  246  253  256  255  255
  248  250  243  249  244  251  246  252  252  270  285  311  333  359  378  396
  408  412  408  393  379  357  338  316  298  279  261  245  231  215  203  188
  177  164  153  143  134  127  123  119  118  118  121  127  134  140  147  151
  151  150  145  142  136  126  131  129  133                                   
    25.0-180.0 180.0   5.0 450.0                            LAT/LON1/LON2/DLON/H
  138  160  161  176  182  196  201  216  222  239  245  259  262  272  269  272
  266  266  260  262  257  262  256  262  264  282  307  334  363  387  413  429
  446  446  443  422  401  370  344  318  297  276  258  241  225  211  197  184
  171  158  145  135  128  123  120  117  115  114  117  121  129  135  143  146
  147  148  145  144  138  133  137  136  138                                   
    22.5-180.0 180.0   5.0 450.0                            LAT/LON1/LON2/DLON/H
  141  157  164  174  182  189  200  212  221  235  245  256  267  275  284  288
  288  289  281  284  275  280  273  279  282  303  324  355  382  409  431  447
  463  462  454  429  402  369  339  313  289  267  249  231  217  201  189  173
  162  148  137  129  125  122  121  119  118  114  115  118  124  129  134  138
  140  142  142  141  140  131  139  135  141                                   
    20.0-180.0 180.0   5.0 450.0                            LAT/LON1/LON2/DLON/H
  144  166  170  185  193  204  215  228  236  250  256  270  276  291  298  309
  307  309  302  302  295  297  293  297  304  325  352  379  410  430  453  466
  480  473  463  433  402  368  335  308  286  262  244  226  211  197  183  172
  158  147  134  128  124  124  125  124  121  116  114  112  116  118  123  126
  130  134  137  139  136  133  138  139  144                                   
    17.5-180.0 180.0   5.0 450.0                            LAT/LON1/LON2/DLON/H
  143  162  175  186  200  207  220  229  239  250  257  270  283  297  310  318
  326  325  326  325  321  323  318  325  330  353  374  400  422  441  458  469
  477  468  452  421  390  358  330  307  282  259  240  222  207  193  182  168
  158  145  135  128  125  127  130  131  127  120  115  111  110  111  113  114
  117  121  126  127  130  123  133  133  143                                   
    15.0-180.0 180.0   5.0 450.0                            LAT/LON1/LON2/DLON/H
  140  162  175  193  204  217  232  244  255  267  275  287  298  313  325  338
  342  347  345  347  343  348  348  353  364  380  406  423  446  454  469  470
  476  462  445  415  388  358  335  312  290  265  245  226  211  199  186  175
  161  150  137  130  126  130  133  135  130  122  115  107  105  102  103  104
  106  109  113  117  116  115  120  127  140                                   
    12.5-180.0 180.0   5.0 450.0                            LAT/LON1/LON2/DLON/H
  133  151  173  189  210  219  238  248  261  272  280  295  304  322  333  348
  357  362  366  366  367  373  374  384  391  409  424  441  452  461  465  465
  462  449  433  408  386  362  343  323  300  276  253  236  221  211  198  184
  170  155  141  133  131  134  138  139  133  125  115  108  103  100  100   98
   98   98  100   99   99   98  106  114  133                                   
    10.0-180.0 180.0   5.0 450.0                            LAT/LON1/LON2/DLON/H
  124  144  165  188  205  221  236  252  264  280  288  303  316  333  348  363
  372  382  385  391  392  398  402  410  421  434  452  459  470  470  473  465
  461  445  434  412  397  378  364  343  323  295  272  252  239  226  213  196
  179  160  147  136  134  135  138  138  133  123  114  106  100   97   96   94
   92   91   90   88   85   84   92  102  124                                   
     7.5-180.0 180.0   5.0 450.0                            LAT/LON1/LON2/DLON/H
  117  134  161  183  205  219  236  251  266  279  290  305  318  337  351  369
  382  395  400  406  411  417  420  431  440  453  464  471  474  475  472  463
