data/unet/pred1930.15i
     1.0            IONOSPHERE MAPS     GNSS                IONEX VERSION / TYPE
pyspatialgeodesy        IME             05-JAN-18 20:20     PGM / RUN BY / DATE 
Map Name                                                    COMMENT             
Predicted global ionosphere maps (GIM).                     DESCRIPTION         
  2015     7    12     0     0     0                        EPOCH OF FIRST MAP  
  2015     7    13     0     0     0                        EPOCH OF LAST MAP   
  7200                                                      INTERVAL            
    13                                                      # OF MAPS IN FILE   
  NONE                                                      MAPPING FUNCTION    
10.0                                                        ELEVATION CUTOFF    
One-way carrier phase leveled to code                       OBSERVABLES USED    
  6371.0                                                    BASE RADIUS         
 2                                                          MAP DIMENSION       
   450.0 450.0   0.0                                        HGT1 / HGT2 / DHGT  
    87.5 -87.5  -2.5                                        LAT1 / LAT2 / DLAT  
  -180.0 180.0   5.0                                        LON1 / LON2 / DLON  
    -1                                                      EXPONENT            
                                                            END OF HEADER       
[from data line 4719]
    12                                                      START OF TEC MAP    
  2015     7    12    22     0     0                        EPOCH OF CURRENT MAP
    87.5-180.0 180.0   5.0 450.0                            LAT/LON1/LON2/DLON/H
  199  167  158  161  159  159  159  160  160  160  160  160  160  160  159  158
  158  157  156  155  154  153  151  151  149  149  147  146  145  144  143  142
  141  140  139  138  138  137  136  135  135  134  134  133  134  133  133  132
  133  132  133  132  133  132  134  133  135  134  136  136  137  138  140  140
  142  144  146  147  148  149  153  179  199                                   
    85.0-180.0 180.0   5.0 450.0                            LAT/LON1/LON2/DLON/H
  164  162  164  169  167  167  167  169  168  170  168  170  169  169  167  167
  165  165  162  162  160  159  157  156  153  153  150  150  146  146  142  143
  140  140  137  137  135  135  133  133  131  130  130  129  129  128  129  128
  129  128  129  129  130  129  131  131  132  132  135  136  137  138  140  142
  143  147  148  151  151  154  154  169  164                                   
    82.5-180.0 180.0   5.0 450.0                            LAT/LON1/LON2/DLON/H
  163  164  167  173  173  175  175  177  178  178  178  179  177  177  174  175
  171  172  167  168  163  164  159  159  156  155  152  151  148  147  144  144
  142  141  139  139  137  137  136  135  134  133  132  132  131  131  131  132
  131  131  131  132  131  132  132  134  133  134  135  137  137  139  141  143
  144  147  149  150  151  153  156  168  163                                   
    80.0-180.0 180.0   5.0 450.0                            LAT/LON1/LON2/DLON/H
  167  167  171  174  176  178  181  183  184  185  184  185  184  183  181  180
  178  176  172  170  168  166  163  160  158  155  152  151  148  147  143  143
  141  141  139  140  138  138  137  137  135  136  134  134  133  133  132  133
  132  132  132  132  132  131  132  132  133  131  133  133  134  135  137  138
  140  143  145  146  149  154  155  160  167                                   
    77.5-180.0 180.0   5.0 450.0                            LAT/LON1/LON2/DLON/H
  162  165  168  174  177  179  183  185  187  187  189  187  187  184  184  180
  179  176  174  171  169  167  165  162  160  157  155  152  149  147  145  143
  143  141  142  141  143  141  143  141  142  140  141  139  139  138  139  138
  139  138  139  139  139  138  139  137  137  135  136  135  136  135  137  137
  140  141  144  144  148  150  154  155  162                                   
    75.0-180.0 180.0   5.0 450.0                            LAT/LON1/LON2/DLON/H
  155  160  165  170  172  175  179  182  184  185  186  187  186  184  182  180
  177  174  171  170  167  166  164  162  160  158  155  153  149  147  145  144
  143  143  143  145  145  147  147  148  147  147  145  146  143  145  143  145
  143  145  144  146  144  145  143  143  140  140  138  139  137  137  137  138
  138  141  142  144  147  151  154  155  155                                   
    72.5-180.0 180.0   5.0 450.0                            LAT/LON1/LON2/DLON/H
  151  159  163  168  170  173  176  180  182  184  186  186  185  183  181  178
  176  172  171  168  168  166  166  164  163  160  157  154  151  147  145  144
  143  143  145  147  149  150  152  151  152  149  149  147  147  145  146  145
  147  147  149  148  150  148  149  146  146  142  143  140  140  138  139  138
  141  141  144  145  150  152  154  154  151                                   
    70.0-180.0 180.0   5.0 450.0                            LAT/LON1/LON2/DLON/H
  151  160  165  169  169  172  174  178  180  184  185  187  186  186  182  182
  177  175  171  171  169  170  168  169  166  165  161  158  153  150  146  145
  143  145  145  150  151  153  153  154  152  151  147  147  144  144  142  145
  145  148  147  150  150  151  149  149  147  146  143  143  141  141  140  141
  142  144  146  149  152  157  157  157  151                                   
    67.5-180.0 180.0   5.0 450.0                            LAT/LON1/LON2/DLON/H
  153  166  167  172  171  173  175  179  182  185  188  190  191  190  189  186
  183  179  178  175  176  175  176  174  174  171  169  163  159  153  150  147
  146  146  147  150  152  153  154  152  151  147  145  140  139  137  138  138
  141  142  145  145  149  147  149  147  149  145  147  144  146  144  146  146
  148  148  151  154  159  161  161  158  153                                   
    65.0-180.0 180.0   5.0 450.0                            LAT/LON1/LON2/DLON/H
  158  171  173  177  175  176  177  180  182  186  190  195  195  197  194  195
  190  188  184  185  183  184  184  185  183  181  176  172  165  160  154  152
  149  149  148  152  152  154  152  151  146  143  137  134  130  130  128  132
  132  136  137  141  141  143  142  144  144  146  145  147  147  149  150  152
  154  156  158  161  164  168  168  167  158                                   
    62.5-180.0 180.0   5.0 450.0                            LAT/LON1/LON2/DLON/H
  163  176  177  182  180  178  179  181  183  187  192  197  200  201  202  200
  199  195  193  191  192  191  194  193  193  189  186  180  175  168  163  158
  156  154  153  153  154  153  152  147  144  136  132  126  125  122  124  123
  127  126  130  130  134  133  137  137  142  142  146  146  151  152  157  157
  162  163  167  169  173  174  174  172  163                                   
    60.0-180.0 180.0   5.0 450.0                            LAT/LON1/LON2/DLON/H
  169  181  183  187  186  184  182  183  184  187  190  197  200  204  204  206
  203  202  199  200  200  201  201  202  201  198  193  189  183  178  172  169
  165  162  159  159  157  155  151  147  141  134  127  123  119  118  117  118
  119  120  120  122  122  125  127  131  135  140  144  147  151  155  159  163
  167  170  173  176  178  180  178  180  169                                   
    57.5-180.0 180.0   5.0 450.0                            LAT/LON1/LON2/DLON/H
  175  183  187  192  190  188  187  187  186  187  188  193  197  201  204  205
  206  204  204  203  206  205  208  206  207  204  202  197  195  190  186  182
  178  173  169  165  163  158  155  149  143  135  130  123  121  118  118  116
  117  114  116  113  116  116  122  124  133  137  145  148  155  159  165  168
  174  177  182  183  186  186  182  185  175                                   
    55.0-180.0 180.0   5.0 450.0                            LAT/LON1/LON2/DLON/H
  180  188  193  199  198  197  195  195  191  190  189  193  194  198  200  204
  204  205  204  207  208  209  211  210  210  209  207  206  204  203  199  195
  189  184  178  173  168  164  159  154  148  141  135  129  126  122  120  118
  116  113  110  109  109  111  115  122  129  138  146  151  157  162  168  172
  179  183  187  189  190  191  187  193  180                                   
    52.5-180.0 180.0   5.0 450.0                            LAT/LON1/LON2/DLON/H
  187  191  198  205  205  205  204  202  198  194  191  191  191  193  196  198
  201  200  203  204  209  209  211  209  211  209  212  210  214  212  212  207
  201  194  186  179  174  168  164  158  153  147  142  136  134  129  128  123
  121  115  111  106  108  107  114  119  131  139  149  154  162  166  172  177
  184  189  194  194  198  195  193  200  187                                   
    50.0-180.0 180.0   5.0 450.0                            LAT/LON1/LON2/DLON/H
  194  196  204  212  213  215  214  215  209  204  196  195  191  192  192  196
  197  199  201  205  209  210  211  211  211  211  212  215  218  220  218  215
  208  201  191  185  179  174  169  166  162  158  154  149  147  142  139  132
  129  121  115  110  109  109  114  122  134  145  154  162  169  174  179  184
  191  197  202  203  203  202  201  210  194                                   
    47.5-180.0 180.0   5.0 450.0                            LAT/LON1/LON2/DLON/H
  204  204  211  218  221  225  227  227  222  215  206  201  196  193  192  193
  196  196  201  204  209  211  213  210  213  211  216  216  223  223  224  218
  213  203  194  187  182  177  174  172  171  168  166  161  159  154  150  142
  138  129  123  116  114  113  119  126  140  150  162  169  177  181  187  190
  197  203  209  209  211  211  208  220  204                                   
    45.0-180.0 180.0   5.0 450.0                            LAT/LON1/LON2/DLON/H
  215  212  219  228  231  237  240  244  237  231  219  214  206  201  198  198
  198  199  202  208  212  216  215  216  215  216  218  223  226  228  226  221
  214  204  196  191  186  184  182  182  182  180  179  175  172  166  162  155
  150  142  134  127  123  122  125  134  146  159  172  180  189  193  198  201
  207  213  217  219  221  222  223  235  215                                   
    42.5-180.0 180.0   5.0 450.0                            LAT/LON1/LON2/DLON/H
  231  227  232  238  241  248  252  256  253  247  237  230  222  215  209  206
  206  205  208  213  219  221  224  222  225  223  229  230  235  233  231  222
  217  206  200  194  193  191  193  192  195  193  193  188  184  178  172  165
  160  152  145  135  131  127  131  137  151  163  178  188  198  202  206  209
  214  220  225  227  231  236  236  250  231                                   
    40.0-180.0 180.0   5.0 450.0                            LAT/LON1/LON2/DLON/H
  247  241  244  251  255  262  264  270  266  264  254  251  240  233  225  221
  217  215  217  223  226  231  232  234  235  238  241  244  244  241  235  228
  221  212  206  204  202  203  204  205  207  206  206  201  196  190  183  177
  172  164  157  149  142  138  137  143  156  169  186  198  212  216  221  221
  225  229  234  239  243  247  252  266  247                                   
    37.5-180.0 180.0   5.0 450.0                            LAT/LON1/LON2/DLON/H
  266  260  262  267  269  274  276  280  279  276  270  268  260  252  242  235
  229  227  229  233  240  242  246  246  253  255  262  260  263  255  249  239
  234  225  222  219  222  220  223  222  226  224  225  218  214  205  198  190
  185  176  169  158  151  143  141  144  155  169  186  202  218  226  229  229
  232  237  242  247  252  261  264  281  266                                   
    35.0-180.0 180.0   5.0 450.0                            LAT/LON1/LON2/DLON/H
  281  273  276  279  283  287  289  292  292  292  288  289  282  275  261  253
  243  240  240  246  250  255  257  264  269  277  281  283  281  273  264  254
  249  242  241  241  240  241  240  239  241  240  240  233  226  217  209  201
  195  187  177  167  156  148  143  145  154  168  188  207  226  235  241  239
  239  244  247  255  260  269  279  296  281                                   
    32.5-180.0 180.0   5.0 450.0                            LAT/LON1/LON2/DLON/H
  296  290  292  294  297  302  303  305  306  307  305  307  304  297  284  273
  262  258  257  261  268  272  279  284  294  300  308  307  305  294  285  273
  267  261  259  257  258  257  256  255  257  255  256  248  242  231  223  214
  205  196  185  173  161  150  144  143  150  165  183  206  226  238  243  242
  243  246  252  258  266  279  287  308  296                                   
    30.0-180.0 180.0   5.0 450.0                            LAT/LON1/LON2/DLON/H
  310  305  308  310  315  318  320  322  324  324  325  330  331  327  313  302
  286  280  275  279  283  289  295  304  312  322  326  328  322  311  301  289
  281  274  271  270  269  269  265  264  266  265  266  258  250  238  227  218
  209  199  188  175  163  151  143  142  145  158  175  199  220  234  241  243
  242  249  251  261  268  280  297  319  310                                   
    27.5-180.0 180.0   5.0 450.0                            LAT/LON1/LON2/DLON/H
  321  319  321  326  331  337  340  343  346  348  351  356  361  359  349  335
  317  307  299  301  305  309  318  324  334  339  343  342  336  324  311  298
  289  282  278  276  273  269  265  263  265  266  265  259  250  238  225  215
  205  195  183  171  159  149  142  139  142  150  168  188  210  225  235  240
  243  246  253  262  272  287  300  326  321                                   
    25.0-180.0 180.0   5.0 450.0                            LAT/LON1/LON2/DLON/H
  331  329  333  340  349  357  363  369  376  381  386  392  398  398  391  377
  357  342  327  328  326  331  335  341  345  350  350  349  341  328  315  298
  285  274  269  266  262  258  255  253  254  254  255  249  241  227  217  204
  197  185  175  162  154  143  139  135  136  143  155  174  194  212  225  233
  239  248  253  267  275  290  309  333  331                                   
    22.5-180.0 180.0   5.0 450.0                            LAT/LON1/LON2/DLON/H
  336  336  340  351  362  375  384  395  404  413  418  426  433  435  432  421
  404  385  367  357  351  349  352  352  354  353  351  347  339  326  308  288
  269  256  245  239  234  229  225  223  224  229  230  227  219  208  194  183
  173  164  153  144  137  132  129  126  126  131  142  157  178  198  217  229
  240  250  260  271  281  296  313  337  336                                   
    20.0-180.0 180.0   5.0 450.0                            LAT/LON1/LON2/DLON/H
  343  341  348  360  377  389  404  416  432  443  452  460  469  472  471  463
  447  429  406  390  377  370  363  360  355  351  345  339  332  314  295  269
  245  229  213  204  199  193  189  187  192  197  204  201  197  183  174  160
  154  142  135  127  126  123  122  118  119  122  131  146  166  189  210  228
  243  256  265  279  285  297  317  338  343                                   
    17.5-180.0 180.0   5.0 450.0                            LAT/LON1/LON2/DLON/H
  348  345  350  364  381  397  412  428  443  461  470  484  494  502  504  500
  490  470  449  424  404  385  374  363  353  343  336  329  320  301  278  252
  224  204  182  172  163  156  152  152  156  163  169  167  160  150  138  130
  122  116  111  109  111  110  111  108  109  112  121  135  155  180  206  230
  250  266  278  289  296  305  322  341  348                                   
    15.0-180.0 180.0   5.0 450.0                            LAT/LON1/LON2/DLON/H
  352  347  352  364  382  396  415  430  453  470  485  498  513  522  529  527
  519  501  478  451  424  400  383  368  354  341  333  323  313  290  267  236
  206  181  158  145  141  133  132  132  138  141  149  142  138  124  117  108
  104   99   98   98  101  102  103  101  101  103  111  125  146  173  206  234
  262  280  294  304  314  319  333  346  352                                   
    12.5-180.0 180.0   5.0 450.0                            LAT/LON1/LON2/DLON/H
  357  353  354  364  378  392  406  426  446  467  481  499  512  527  534  537
  533  519  499  470  443  413  393  372  355  339  329  316  303  280  257  228
  200  174  152  144  134  128  127  126  129  131  135  129  122  112  102   96
   91   89   88   88   91   92   92   90   91   94  101  117  138  168  204  238
  267  288  305  315  328  333  343  355  357                                   
    10.0-180.0 180.0   5.0 450.0                            LAT/LON1/LON2/DLON/H
  364  359  356  363  372  382  393  413  434  455  471  487  504  518  530  534
  536  525  508  479  451  420  398  375  358  340  330  314  298  273  252  224
  198  171  154  144  139  135  136  134  136  132  135  124  120  106  102   93
   91   87   87   87   88   88   88   85   86   88   96  110  133  162  205  237
  271  290  310  321  337  344  353  362  364                                   
     7.5-180.0 180.0   5.0 450.0                            LAT/LON1/LON2/DLON/H
  370  373  364  369  372  378  385  402  420  442  457  472  485  502  512  520
  521  516  504  478  453  421  400  377  360  343  330  311  293  269  251  226
