data/unet/pred0410.15i
     1.0            IONOSPHERE MAPS     GNSS                IONEX VERSION / TYPE
pyspatialgeodesy        IME             05-JAN-18 20:20     PGM / RUN BY / DATE 
Map Name                                                    COMMENT             
Predicted global ionosphere maps (GIM).                     DESCRIPTION         
  2015     2    10     0     0     0                        EPOCH OF FIRST MAP  
  2015     2    11     0     0     0                        EPOCH OF LAST MAP   
  7200                                                      INTERVAL            
    13                                                      # OF MAPS IN FILE   
  NONE                                                      MAPPING FUNCTION    
10.0                                                        ELEVATION CUTOFF    
One-way carrier phase leveled to code                       OBSERVABLES USED    
  6371.0                                                    BASE RADIUS         
 2                                                          MAP DIMENSION       
   450.0 450.0   0.0                                        HGT1 / HGT2 / DHGT  
    87.5 -87.5  -2.5                                        LAT1 / LAT2 / DLAT  
  -180.0 180.0   5.0                                        LON1 / LON2 / DLON  
    -1                                                      EXPONENT            
                                                            END OF HEADER       
[from data line 3003]
     8                                                      START OF TEC MAP    
  2015     2    10    14     0     0                        EPOCH OF CURRENT MAP
    87.5-180.0 180.0   5.0 450.0                            LAT/LON1/LON2/DLON/H
   88  119  131  134  136  140  142  145  147  149  152  151  155  153  158  154
  160  156  161  155  161  155  159  152  156  151  154  149  150  149  149  148
  146  145  143  141  137  136  133  130  127  126  123  122  119  118  116  116
  114  114  113  114  113  114  114  115  115  117  117  119  118  121  119  122
  120  123  122  123  123  126  129  108   88                                   
    85.0-180.0 180.0   5.0 450.0                            LAT/LON1/LON2/DLON/H
   93  117  127  130  137  141  146  151  153  159  160  163  164  167  168  168
  170  169  171  169  173  171  173  172  172  172  169  169  166  163  163  156
  156  148  148  140  138  133  130  125  120  117  114  110  108  105  104  101
  100   98   98   97   99   97  100   98  101   99  102   99  103  100  103  100
  103  101  106  106  110  113  118  116   93                                   
    82.5-180.0 180.0   5.0 450.0                            LAT/LON1/LON2/DLON/H
   89   98  109  117  118  128  129  137  139  145  146  150  153  154  157  156
  161  157  163  159  165  161  166  162  167  164  167  165  167  163  163  157
  157  149  147  137  136  126  124  114  111  104  100   95   92   90   88   87
   86   85   87   86   89   88   91   90   93   92   94   93   94   92   92   91
   90   91   90   92   90   92   94   94   89                                   
    80.0-180.0 180.0   5.0 450.0                            LAT/LON1/LON2/DLON/H
   71   80   80   88   93  100  105  114  117  128  127  138  136  145  142  150
  149  152  152  154  155  157  157  162  162  167  166  169  166  167  161  161
  156  152  146  141  135  129  122  115  108  102   95   90   84   82   78   78
   77   80   81   83   84   88   87   91   89   92   89   91   87   90   83   84
   77   77   72   71   66   66   68   77   71                                   
    77.5-180.0 180.0   5.0 450.0                            LAT/LON1/LON2/DLON/H
   57   64   65   68   71   76   80   89   92  103  104  115  112  123  120  130
  127  137  133  142  139  148  147  157  157  166  165  168  167  166  167  164
  163  159  154  147  141  134  127  119  112  104   98   93   86   82   77   74
   73   74   77   79   84   88   91   93   95   96   95   94   91   92   86   84
   77   74   68   63   57   53   53   62   57                                   
    75.0-180.0 180.0   5.0 450.0                            LAT/LON1/LON2/DLON/H
   56   58   59   60   65   66   73   76   82   85   92   93   99   98  102  100
  107  106  114  115  124  126  133  137  148  153  163  166  173  176  176  179
  179  175  172  166  160  155  146  139  131  126  116  111  103   97   90   85
   81   78   80   81   88   90   97   99  103  104  104  103  100   99   94   91
   85   80   75   66   61   53   56   63   56                                   
    72.5-180.0 180.0   5.0 450.0                            LAT/LON1/LON2/DLON/H
   60   67   62   66   66   67   70   74   78   82   85   87   89   89   88   91
   92   99  103  114  119  132  134  149  154  169  173  185  185  194  192  198
  195  199  194  191  184  181  174  166  159  149  144  133  126  117  108  101
   93   91   89   90   94   99  103  107  109  113  111  113  109  107  101  100
   91   90   82   78   70   64   64   70   60                                   
    70.0-180.0 180.0   5.0 450.0                            LAT/LON1/LON2/DLON/H
   73   76   77   74   77   73   79   76   82   80   83   78   82   74   78   70
   80   80   95  105  117  130  138  154  159  169  174  179  187  193  198  208
  209  215  212  213  208  207  200  197  189  183  173  163  151  138  127  114
  106   97   96   93   96   98  102  106  107  110  108  110  108  108  105  103
  100   98   94   88   83   76   76   80   73                                   
    67.5-180.0 180.0   5.0 450.0                            LAT/LON1/LON2/DLON/H
   80   89   86   90   86   85   85   83   84   82   82   79   77   75   74   74
   76   83   96  111  124  139  148  163  166  178  180  190  194  205  206  220
  218  228  225  231  224  225  218  216  210  204  194  183  172  158  144  128
  116  106   99   95   93   95   95   96   94   97   93   96   93   97   95   99
   97  102   97   98   89   88   86   91   80                                   
    65.0-180.0 180.0   5.0 450.0                            LAT/LON1/LON2/DLON/H
   88   93   96   96   97   92   93   88   89   84   84   78   76   71   70   68
   71   79   93  113  130  149  158  178  179  192  191  202  202  213  211  226
  220  235  231  244  240  245  239  242  234  230  218  209  195  180  162  142
  124  107   97   86   83   79   78   76   74   75   71   74   72   77   79   85
   89   96   98   96   93   89   89   90   88                                   
    62.5-180.0 180.0   5.0 450.0                            LAT/LON1/LON2/DLON/H
   83   88   90  100   97   98   95   92   90   86   84   79   77   73   66   71
   75   86  100  125  142  164  179  193  200  205  205  214  214  225  227  236
  236  244  246  253  253  257  254  258  251  246  233  223  209  192  173  151
  132  110   97   82   75   68   62   58   55   53   49   49   50   54   58   65
   72   81   84   89   84   84   81   85   83                                   
    60.0-180.0 180.0   5.0 450.0                            LAT/LON1/LON2/DLON/H
   74   73   83   90   93   90   90   84   83   79   78   74   66   54   53   54
   65   81  101  124  146  168  185  200  205  213  214  222  222  233  235  246
  248  258  257  264  264  266  263  265  260  255  243  236  220  205  183  160
  138  116   97   80   69   59   51   47   43   40   35   34   35   37   41   49
   56   65   72   73   71   68   69   66   74                                   
    57.5-180.0 180.0   5.0 450.0                            LAT/LON1/LON2/DLON/H
   51   56   63   80   78   83   77   77   71   73   69   69   58   54   45   51
   57   80  104  127  151  174  193  210  218  228  231  240  244  255  262  278
  281  288  283  285  282  280  276  275  270  264  253  245  233  215  196  172
  153  127  112   88   78   63   54   48   44   38   33   28   29   28   32   36
   43   50   57   61   59   57   51   49   51                                   
    55.0-180.0 180.0   5.0 450.0                            LAT/LON1/LON2/DLON/H
   35   43   52   62   67   66   64   62   59   53   53   46   48   40   39   44
   56   73  106  134  159  178  198  211  223  231  237  248  255  270  282  300
  307  312  308  307  302  297  290  287  281  273  265  258  247  232  211  190
  168  148  128  110   95   83   71   64   57   52   45   40   37   34   35   38
   42   47   53   54   51   48   47   33   35                                   
    52.5-180.0 180.0   5.0 450.0                            LAT/LON1/LON2/DLON/H
   29   43   44   59   55   60   52   55   45   45   40   43   40   37   35   42
   51   75  100  140  167  185  202  216  229  243  252  267  278  294  311  327
  336  337  334  330  321  315  306  302  293  287  279  272  261  246  228  207
  190  167  156  135  124  108   98   89   82   75   67   62   59   55   52   52
   52   55   57   60   57   56   44   38   29                                   
    50.0-180.0 180.0   5.0 450.0                            LAT/LON1/LON2/DLON/H
   41   50   51   56   57   55   50   41   40   32   38   34   37   34   35   47
   60   86  118  154  182  199  214  227  242  255  268  282  294  309  326  339
  347  347  344  342  335  331  321  318  308  302  293  287  275  261  243  224
  206  190  177  161  147  134  123  115  109  104   97   93   85   82   78   75
   72   70   71   72   71   67   64   50   41                                   
    47.5-180.0 180.0   5.0 450.0                            LAT/LON1/LON2/DLON/H
   65   70   64   71   65   65   55   53   43   45   41   44   43   40   41   50
   69  103  136  177  197  213  225  240  254  272  285  300  311  323  336  344
  350  347  346  344  342  339  333  330  321  315  304  297  284  271  253  234
  221  204  194  177  165  150  138  128  123  118  115  113  110  108  101   97
   91   89   87   89   88   90   82   82   65                                   
    45.0-180.0 180.0   5.0 450.0                            LAT/LON1/LON2/DLON/H
   94   89   87   86   86   79   74   67   65   55   61   53   55   50   53   66
   94  127  172  196  215  228  242  256  275  289  304  315  323  330  336  339
  341  340  342  343  345  345  342  342  333  328  314  307  293  280  259  242
  227  213  201  184  169  152  139  128  124  121  120  121  121  123  118  114
  107  104  104  106  108  110  109  107   94                                   
    42.5-180.0 180.0   5.0 450.0                            LAT/LON1/LON2/DLON/H
  110  110  103  107  101   99   91   88   81   82   78   79   68   62   65   82
  114  158  191  212  230  244  255  274  288  306  316  324  328  327  328  326
  326  329  336  342  349  352  354  353  346  337  324  313  299  282  264  245
  231  213  202  182  164  144  127  115  109  106  107  111  116  121  117  115
  109  109  108  112  117  124  125  132  110                                   
    40.0-180.0 180.0   5.0 450.0                            LAT/LON1/LON2/DLON/H
  120  121  120  119  120  114  109  100   97   92   91   88   87   82   89  107
  147  176  207  226  243  254  270  285  302  312  322  325  325  320  316  312
  315  320  334  344  357  363  369  369  361  350  335  323  307  289  268  251
  232  217  200  180  159  136  117  101   95   90   93   96  103  108  108  107
  105  104  108  109  116  123  129  135  120                                   
    37.5-180.0 180.0   5.0 450.0                            LAT/LON1/LON2/DLON/H
  121  122  120  125  123  122  116  112  107  105  101  102   97   98  106  127
  161  190  217  233  249  260  274  292  304  315  319  320  316  312  307  309
  316  328  344  360  374  386  394  394  385  373  355  340  320  302  281  261
  243  224  209  188  168  143  122  102   94   86   86   87   92   93   96   96
   93   93   92   94  100  115  116  130  121                                   
    35.0-180.0 180.0   5.0 450.0                            LAT/LON1/LON2/DLON/H
  112  111  116  118  122  119  119  111  111  105  106  103  107  109  125  143
  176  197  227  239  258  270  286  298  308  313  315  314  313  313  316  326
  340  359  377  399  409  426  431  433  420  406  383  366  343  327  304  290
  269  256  233  219  198  179  155  135  118  105   99   93   91   91   93   91
   90   86   84   80   83   91  102  105  112                                   
    32.5-180.0 180.0   5.0 450.0                            LAT/LON1/LON2/DLON/H
   98   98  101  109  112  115  114  109  106  104  104  105  109  114  130  154
  183  206  230  246  266  280  294  308  311  319  315  321  323  337  352  381
  400  434  446  471  472  481  476  474  462  450  427  409  389  372  354  337
  324  310  298  285  268  245  222  197  181  165  151  139  129  124  121  121
  118  112  101   92   85   87   79   88   98                                   
    30.0-180.0 180.0   5.0 450.0                            LAT/LON1/LON2/DLON/H
   79   87   86   91   98  101  104   99   98   92   97   98  110  116  139  161
  192  210  239  257  282  297  310  319  318  322  325  334  353  376  412  459
  498  539  556  574  561  561  538  532  512  498  474  459  439  426  409  400
  388  383  378  366  348  333  305  282  249  227  207  193  171  155  134  119
  116  112  108  101   93   90   87   65   79                                   
    27.5-180.0 180.0   5.0 450.0                            LAT/LON1/LON2/DLON/H
   72   85   84   86   89   93   95   92   92   86   91   92  102  114  134  164
  192  215  243  266  294  312  326  335  332  339  343  366  393  443  496  568
  624  665  683  689  671  649  613  594  568  561  541  535  518  512  500  496
  489  489  487  484  472  456  435  405  376  347  321  293  249  204  177  154
  146  138  129  112   99   97  101   65   72                                   
    25.0-180.0 180.0   5.0 450.0                            LAT/LON1/LON2/DLON/H
   82   98   82   83   81   85   84   86   82   81   80   80   93  107  137  166
  200  224  259  283  311  329  339  346  347  357  378  411  462  529  602  676
  734  771  790  791  763  732  684  657  631  621  611  603  597  591  591  593
  596  598  596  593  590  574  548  514  475  444  413  380  334  292  250  231
  216  207  184  168  141  124  133   90   82                                   
    22.5-180.0 180.0   5.0 450.0                            LAT/LON1/LON2/DLON/H
  124  122  108   93   88   83   85   75   80   73   79   69   83  100  132  167
  205  236  272  296  326  344  354  365  367  391  417  470  536  615  693  770
  820  856  868  857  822  781  743  712  695  685  678  674  670  676  677  684
  686  686  682  678  668  656  627  599  567  529  495  460  419  375  338  314
  288  272  245  229  201  175  179  130  124                                   
    20.0-180.0 180.0   5.0 450.0                            LAT/LON1/LON2/DLON/H
  171  140  130  123  113  107   99   87   79   76   75   75   78   97  134  174
  215  253  291  317  347  366  377  384  398  425  470  535  608  686  764  828
  882  904  913  889  852  815  779  755  741  734  732  732  734  742  749  762
  766  764  749  735  712  692  652  623  594  567  543  511  480  444  403  384
  351  331  300  276  254  225  211  183  171                                   
    17.5-180.0 180.0   5.0 450.0                            LAT/LON1/LON2/DLON/H
  214  165  145  132  128  129  117  105   93   83   82   65   76   87  128  167
  217  260  303  332  364  384  394  410  429  473  521  598  663  749  810  864
  898  920  920  892  870  836  819  805  800  798  794  794  794  803  809  814
  804  789  758  732  684  643  607  579  554  537  524  514  494  464  431  401
  383  359  337  319  294  267  248  220  214                                   
    15.0-180.0 180.0   5.0 450.0                            LAT/LON1/LON2/DLON/H
  236  185  162  145  138  132  136  129  113  101   90   88   87  115  149  193
  232  275  319  353  386  404  417  435  468  513  577  634  692  752  805  847
  882  891  888  870  851  832  822  818  823  827  830  834  833  840  832  833
  809  783  738  682  625  575  539  505  491  480  488  489  484  464  435  410
  386  365  342  325  304  284  265  251  236                                   
    12.5-180.0 180.0   5.0 450.0                            LAT/LON1/LON2/DLON/H
  244  198  175  157  147  133  137  130  124  113   92   89   88  111  152  200
  240  283  324  367  402  422  425  451  481  550  606  678  720  770  801  832
  855  850  848  834  832  821  823  828  838  844  848  850  845  845  838  824
  795  751  672  585  512  461  439  418  405  406  423  447  446  437  412  392
  378  362  339  326  307  290  278  254  244                                   
    10.0-180.0 180.0   5.0 450.0                            LAT/LON1/LON2/DLON/H
  232  209  185  171  153  140  136  131  131  129  109   99  103  128  165  221
  258  302  340  381  420  436  453  483  533  592  647  683  719  745  766  777
  794  795  793  795  800  803  814  826  838  845  848  854  846  846  830  808
  767  702  608  497  435  381  358  323  331  335  376  403  417  416  395  376
  364  340  319  302  286  274  273  242  232                                   
     7.5-180.0 180.0   5.0 450.0                            LAT/LON1/LON2/DLON/H
  207  199  182  163  155  143  142  129  123  115  106  106  102  128  173  226
  270  311  350  392  422  450  468  519  572  637  682  713  733  747  751  742
