data/unet/pred3360.15i
     1.0            IONOSPHERE MAPS     GNSS                IONEX VERSION / TYPE
pyspatialgeodesy        IME             05-JAN-18 20:20     PGM / RUN BY / DATE 
Map Name                                                    COMMENT             
Predicted global ionosphere maps (GIM).                     DESCRIPTION         
  2015    12     2     0     0     0                        EPOCH OF FIRST MAP  
  2015    12     3     0     0     0                        EPOCH OF LAST MAP   
  7200                                                      INTERVAL            
    13                                                      # OF MAPS IN FILE   
  NONE                                                      MAPPING FUNCTION    
10.0                                                        ELEVATION CUTOFF    
One-way carrier phase leveled to code                       OBSERVABLES USED    
  6371.0                                                    BASE RADIUS         
 2                                                          MAP DIMENSION       
   450.0 450.0   0.0                                        HGT1 / HGT2 / DHGT  
    87.5 -87.5  -2.5                                        LAT1 / LAT2 / DLAT  
  -180.0 180.0   5.0                                        LON1 / LON2 / DLON  
    -1                                                      EXPONENT            
                                                            END OF HEADER       
[from data line 4290]
    11                                                      START OF TEC MAP    
  2015    12     2    20     0     0                        EPOCH OF CURRENT MAP
    87.5-180.0 180.0   5.0 450.0                            LAT/LON1/LON2/DLON/H
  113   83   65   68   66   68   68   70   71   73   73   75   74   76   75   77
   76   77   75   75   74   74   73   72   71   70   69   68   67   66   65   64
   64   63   62   61   60   59   59   58   57   57   56   56   56   56   55   55
   55   55   55   55   56   56   56   57   57   57   57   58   57   58   58   59
   58   60   60   60   62   63   59  105  113                                   
    85.0-180.0 180.0   5.0 450.0                            LAT/LON1/LON2/DLON/H
   54   53   53   58   58   60   60   62   65   66   69   70   72   72   73   74
   74   74   73   72   72   70   69   67   67   64   64   61   61   58   59   55
   57   53   54   51   53   49   50   48   49   47   47   46   46   46   45   46
   45   46   45   46   45   47   45   47   45   47   45   47   45   47   46   47
   46   47   47   48   50   50   47   71   54                                   
    82.5-180.0 180.0   5.0 450.0                            LAT/LON1/LON2/DLON/H
   50   49   47   51   52   55   55   60   62   67   68   73   74   77   77   80
   79   80   78   78   75   74   71   70   66   65   61   60   56   56   52   53
   49   50   47   49   45   47   44   45   42   43   41   42   40   42   39   42
   39   42   39   43   40   43   41   44   41   45   41   44   40   44   40   43
   39   42   39   43   40   41   35   47   50                                   
    80.0-180.0 180.0   5.0 450.0                            LAT/LON1/LON2/DLON/H
   48   40   42   43   48   49   55   57   64   66   73   75   82   83   88   87
   89   86   87   82   81   76   74   69   67   62   60   55   55   50   50   46
   47   43   44   41   42   40   40   38   38   37   37   36   37   36   37   36
   37   37   39   38   40   40   41   41   42   41   42   41   41   40   41   38
   38   36   37   33   34   31   27   38   48                                   
    77.5-180.0 180.0   5.0 450.0                            LAT/LON1/LON2/DLON/H
   40   34   34   36   40   41   48   51   60   64   72   77   84   88   93   94
   94   94   91   88   82   78   72   67   62   57   55   50   49   45   45   42
   43   41   41   40   40   39   38   38   36   36   34   35   33   34   33   34
   34   35   35   37   37   38   38   39   39   39   39   39   38   38   37   36
   34   33   32   31   28   25   20   25   40                                   
    75.0-180.0 180.0   5.0 450.0                            LAT/LON1/LON2/DLON/H
   42   32   34   36   39   42   48   52   61   67   78   83   91   95  100   99
  101   97   96   89   85   78   73   68   62   59   54   52   48   47   45   45
   44   44   44   43   42   42   41   40   38   38   36   36   35   35   35   35
   36   36   38   37   40   39   41   40   42   41   42   40   41   39   40   37
   37   34   35   31   31   26   26   33   42                                   
    72.5-180.0 180.0   5.0 450.0                            LAT/LON1/LON2/DLON/H
   46   40   40   42   43   44   50   54   63   71   81   89   96  102  105  107
  105  104   98   94   85   80   72   68   61   57   52   49   46   44   44   43
   44   44   44   44   42   44   40   42   37   40   35   38   33   37   34   37
   35   39   38   41   39   42   40   43   41   43   41   43   40   41   39   39
   35   36   34   33   31   28   29   33   46                                   
    70.0-180.0 180.0   5.0 450.0                            LAT/LON1/LON2/DLON/H
   55   44   48   47   49   50   57   60   72   78   91   96  106  108  113  111
  111  105  102   93   88   80   74   68   62   56   51   48   45   43   43   42
   43   43   43   42   41   41   39   38   37   37   35   36   35   36   37   37
   39   38   41   39   41   40   42   40   42   40   42   39   41   38   40   36
   37   33   36   31   35   31   36   42   55                                   
    67.5-180.0 180.0   5.0 450.0                            LAT/LON1/LON2/DLON/H
   61   57   56   58   58   58   63   68   78   86   98  104  113  117  120  119
  116  111  105   99   92   85   78   72   63   58   51   48   44   42   41   41
   41   40   40   40   37   36   33   34   30   33   30   33   31   35   34   37
   37   39   38   40   39   40   38   39   38   39   37   39   37   38   36   36
   34   34   33   33   34   33   37   44   61                                   
    65.0-180.0 180.0   5.0 450.0                            LAT/LON1/LON2/DLON/H
   69   61   66   64   68   67   75   78   91   97  111  115  126  126  131  127
  125  118  114  104  100   91   84   76   69   61   54   50   44   43   40   39
   38   37   35   34   31   29   26   26   24   27   26   30   30   33   34   36
   37   38   39   37   38   36   37   34   36   34   36   34   36   34   35   32
   33   30   33   29   35   33   42   52   69                                   
    62.5-180.0 180.0   5.0 450.0                            LAT/LON1/LON2/DLON/H
   69   69   72   73   76   74   81   84   97  105  118  126  135  138  141  138
  136  127  123  113  108   99   92   83   73   65   56   51   45   42   38   37
   34   32   30   27   25   22   20   18   18   20   21   25   27   30   32   34
   33   35   34   34   32   32   30   31   30   31   30   32   31   32   31   31
   29   28   28   28   30   31   40   50   69                                   
    60.0-180.0 180.0   5.0 450.0                            LAT/LON1/LON2/DLON/H
   71   69   77   77   83   82   92   95  109  118  133  139  148  148  152  148
  148  140  135  126  119  109  100   89   80   70   61   55   48   44   40   37
   33   30   27   23   21   17   16   15   16   19   21   27   29   33   33   35
   34   34   32   30   30   29   28   27   29   28   29   28   30   29   30   28
   28   25   26   23   28   27   40   52   71                                   
    57.5-180.0 180.0   5.0 450.0                            LAT/LON1/LON2/DLON/H
   69   75   80   84   90   89   98  101  116  125  139  147  155  159  163  162
  161  155  150  141  133  120  110   97   86   74   65   58   51   46   42   38
   34   29   26   22   20   17   18   17   20   22   27   31   34   36   37   36
   34   33   31   30   29   29   28   28   28   29   29   30   29   30   29   28
   27   25   24   23   25   27   38   47   69                                   
    55.0-180.0 180.0   5.0 450.0                            LAT/LON1/LON2/DLON/H
   73   78   88   93  102  104  114  120  134  143  157  164  171  173  177  176
  176  172  166  158  147  135  121  107   95   82   74   66   60   54   50   45
   41   35   31   27   26   24   25   25   29   32   37   41   44   46   44   43
   39   39   36   36   34   34   34   35   34   35   34   33   33   31   32   29
   30   26   27   23   28   28   41   51   73                                   
    52.5-180.0 180.0   5.0 450.0                            LAT/LON1/LON2/DLON/H
   76   88   97  107  115  118  126  133  145  154  164  172  178  181  185  187
  189  188  181  173  160  145  132  115  104   90   83   74   69   62   58   51
   48   40   39   34   35   34   37   38   42   46   50   54   57   57   54   51
   47   46   45   45   43   43   43   43   42   42   41   39   37   36   34   34
   32   31   30   29   31   33   45   53   76                                   
    50.0-180.0 180.0   5.0 450.0                            LAT/LON1/LON2/DLON/H
   87   96  111  123  133  139  150  155  168  176  185  188  192  193  197  199
  201  199  192  183  169  155  141  128  117  105   98   90   84   76   71   64
   59   53   50   47   49   48   52   54   58   60   64   67   69   69   65   62
   58   58   58   58   58   57   56   55   54   53   50   47   45   41   41   38
   39   36   38   35   40   40   53   63   87                                   
    47.5-180.0 180.0   5.0 450.0                            LAT/LON1/LON2/DLON/H
   94  110  124  140  151  158  166  172  182  188  194  195  196  197  200  205
  207  207  199  191  176  165  152  140  131  121  113  103   97   87   81   71
   68   60   59   57   61   62   66   68   71   72   76   77   79   78   75   72
   70   71   71   73   72   71   69   67   64   62   58   54   49   46   43   42
   41   41   42   43   47   49   61   71   94                                   
    45.0-180.0 180.0   5.0 450.0                            LAT/LON1/LON2/DLON/H
  107  120  142  157  169  179  189  197  206  210  212  209  208  207  210  213
  214  213  206  196  183  173  164  155  148  138  130  119  110   99   90   81
   75   68   67   67   71   73   77   78   81   81   84   85   86   86   83   82
   81   83   86   87   86   84   80   77   73   69   64   59   54   49   47   44
   45   44   48   49   56   58   73   86  107                                   
    42.5-180.0 180.0   5.0 450.0                            LAT/LON1/LON2/DLON/H
  113  131  149  167  181  191  200  209  218  220  220  216  213  213  214  218
  219  216  208  200  189  182  175  169  162  153  142  128  116  101   92   80
   75   68   70   70   77   79   83   83   85   85   87   88   90   89   88   87
   89   92   94   95   94   90   86   81   77   73   67   61   54   51   47   45
   44   44   48   50   59   64   80   95  113                                   
    40.0-180.0 180.0   5.0 450.0                            LAT/LON1/LON2/DLON/H
  122  139  161  178  191  204  214  224  231  233  231  226  223  222  224  226
  226  221  213  205  198  192  188  182  176  165  152  135  119  103   91   82
   76   73   74   77   82   85   88   87   87   86   89   90   92   92   91   92
   93   97   99   99   97   92   87   81   77   72   66   60   55   50   48   45
   46   44   49   52   63   70   88  104  122                                   
    37.5-180.0 180.0   5.0 450.0                            LAT/LON1/LON2/DLON/H
  123  141  159  178  193  204  215  225  233  234  232  229  228  229  231  233
  232  227  218  212  206  203  199  193  183  171  154  134  116   98   88   78
   77   74   80   81   89   89   93   89   90   86   90   90   93   92   93   92
   94   96   97   97   93   89   83   79   74   70   63   59   53   50   47   45
   43   41   44   50   62   72   89  107  123                                   
    35.0-180.0 180.0   5.0 450.0                            LAT/LON1/LON2/DLON/H
  128  145  164  182  195  207  219  229  236  238  238  236  236  237  240  240
  240  233  227  221  218  213  208  200  189  174  155  134  115  100   92   88
   89   90   95   98  101  102  100   97   93   91   92   94   95   95   93   93
   92   93   92   90   86   82   78   73   71   66   62   57   54   50   49   47
   46   42   46   50   65   75   96  112  128                                   
    32.5-180.0 180.0   5.0 450.0                            LAT/LON1/LON2/DLON/H
  130  146  160  177  191  201  213  222  231  234  235  237  239  243  246  248
  246  241  235  232  228  222  213  202  188  172  154  134  119  107  104  103
  109  110  117  117  121  116  114  106  103   97   99   98  100   96   95   91
   89   87   84   81   77   75   71   69   66   63   59   56   53   52   51   49
   46   42   45   50   63   76   97  114  130                                   
    30.0-180.0 180.0   5.0 450.0                            LAT/LON1/LON2/DLON/H
  141  155  168  183  195  208  219  228  237  239  242  242  245  249  252  254
  251  247  244  240  237  228  216  202  188  173  159  145  135  129  131  135
  143  146  149  146  145  139  132  123  116  111  110  110  109  105  101   95
   90   85   81   76   73   72   70   69   67   64   61   58   57   56   58   55
   53   48   51   55   71   83  108  121  141                                   
    27.5-180.0 180.0   5.0 450.0                            LAT/LON1/LON2/DLON/H
  156  167  174  189  202  214  224  232  239  242  244  246  249  255  255  256
  252  250  247  245  240  229  214  199  186  177  171  164  163  163  171  178
  187  189  188  179  173  160  153  141  134  126  124  121  119  113  107   99
   91   84   77   73   71   72   72   73   71   68   64   62   60   62   62   61
   58   54   55   60   74   91  114  129  156                                   
    25.0-180.0 180.0   5.0 450.0                            LAT/LON1/LON2/DLON/H
  178  185  199  213  225  236  245  251  257  257  258  258  260  262  261  259
  255  251  250  247  241  227  214  199  193  190  196  199  209  212  224  233
  242  241  232  215  201  185  172  160  150  144  138  136  131  126  118  110
  100   90   83   78   78   81   83   85   82   78   71   68   67   66   67   66
   66   64   68   72   89  105  133  148  178                                   
    22.5-180.0 180.0   5.0 450.0                            LAT/LON1/LON2/DLON/H
  200  208  221  240  251  260  268  273  277  277  275  275  276  275  268  264
  256  253  249  248  240  228  215  206  208  215  232  246  264  274  286  294
  296  288  270  245  221  201  186  172  163  154  150  145  141  134  127  118
  108   98   89   84   84   87   90   92   87   82   74   71   69   70   68   68
   68   69   75   84  101  122  143  168  200                                   
    20.0-180.0 180.0   5.0 450.0                            LAT/LON1/LON2/DLON/H
  224  226  247  264  278  291  298  301  306  303  303  301  301  295  286  275
  265  258  255  250  242  231  226  224  237  256  285  309  328  338  344  346
  339  324  295  265  234  210  193  181  169  163  157  153  148  142  137  128
  120  110  102   96   95   97   99   97   91   84   75   72   70   69   70   69
   70   74   83   95  116  137  165  192  224                                   
    17.5-180.0 180.0   5.0 450.0                            LAT/LON1/LON2/DLON/H
  237  243  264  287  306  322  332  335  338  336  334  334  333  325  312  296
  281  272  264  259  251  246  247  255  283  311  348  369  387  388  390  378
  363  337  299  265  232  206  192  179  171  165  159  153  148  143  139  134
  127  119  110  105  102  102  103  102   95   88   78   75   70   70   67   67
   67   73   86  100  122  149  172  208  237                                   
    15.0-180.0 180.0   5.0 450.0                            LAT/LON1/LON2/DLON/H
  251  256  284  310  332  353  363  372  371  371  369  371  372  363  348  329
  311  297  287  279  275  275  286  306  342  374  403  421  425  421  409  390
  363  330  287  254  222  201  188  181  173  169  162  156  151  146  142  138
  133  127  119  113  108  108  108  105   99   91   80   77   70   69   66   65
   67   74   90  108  131  160  187  217  251                                   
    12.5-180.0 180.0   5.0 450.0                            LAT/LON1/LON2/DLON/H
  253  265  293  324  350  373  389  396  401  400  403  408  408  403  388  369
  348  334  321  314  312  319  340  368  404  430  450  454  449  432  410  383
  343  305  261  232  208  190  184  179  174  168  162  153  149  144  142  140
  136  131  122  116  110  109  110  106  101   93   84   78   72   70   65   64
   64   73   92  110  136  166  189  224  253                                   
    10.0-180.0 180.0   5.0 450.0                            LAT/LON1/LON2/DLON/H
  260  274  305  337  366  395  409  422  422  432  433  445  448  442  427  411
  390  375  364  359  361  375  397  429  457  475  478  470  450  427  399  363
  318  275  240  215  199  187  185  184  179  173  166  158  152  146  145  142
  139  134  127  120  113  111  110  107  102   94   85   81   75   72   68   65
   67   77   97  117  144  173  199  226  260                                   
     7.5-180.0 180.0   5.0 450.0                            LAT/LON1/LON2/DLON/H
  260  279  309  342  374  405  422  434  443  453  465  477  485  480  464  451
  435  421  406  404  408  425  447  476  494  503  493  473  442  415  377  341
