data/unet/pred2390.15i
     1.0            IONOSPHERE MAPS     GNSS                IONEX VERSION / TYPE
pyspatialgeodesy        IME             05-JAN-18 20:20     PGM / RUN BY / DATE 
Map Name                                                    COMMENT             
Predicted global ionosphere maps (GIM).                     DESCRIPTION         
  2015     8    27     0     0     0                        EPOCH OF FIRST MAP  
  2015     8    28     0     0     0                        EPOCH OF LAST MAP   
  7200                                                      INTERVAL            
    13                                                      # OF MAPS IN FILE   
  NONE                                                      MAPPING FUNCTION    
10.0                                                        ELEVATION CUTOFF    
One-way carrier phase leveled to code                       OBSERVABLES USED    
  6371.0                                                    BASE RADIUS         
 2                                                          MAP DIMENSION       
   450.0 450.0   0.0                                        HGT1 / HGT2 / DHGT  
    87.5 -87.5  -2.5                                        LAT1 / LAT2 / DLAT  
  -180.0 180.0   5.0                                        LON1 / LON2 / DLON  
    -1                                                      EXPONENT            
                                                            END OF HEADER       
[from data line 3432]
     9                                                      START OF TEC MAP    
  2015     8    27    16     0     0                        EPOCH OF CURRENT MAP
    87.5-180.0 180.0   5.0 450.0                            LAT/LON1/LON2/DLON/H
  124  131  130  130  130  129  130  130  130  131  131  131  132  132  132  132
  132  132  132  132  132  131  132  131  132  130  131  130  130  129  128  128
  127  126  126  125  125  124  124  124  124  124  124  123  123  123  122  122
  122  121  122  121  122  121  122  122  123  122  124  123  125  124  125  124
  125  125  127  126  126  125  128  145  124                                   
    85.0-180.0 180.0   5.0 450.0                            LAT/LON1/LON2/DLON/H
  100  118  113  115  116  117  118  118  119  120  121  121  122  121  122  121
  122  122  122  122  123  123  124  123  123  122  122  120  120  118  117  116
  115  113  111  110  109  108  107  106  106  106  105  105  105  104  104  104
  103  103  103  103  103  103  103  104  105  105  105  106  107  107  108  108
  109  109  111  111  111  108  110  117  100                                   
    82.5-180.0 180.0   5.0 450.0                            LAT/LON1/LON2/DLON/H
   99  103  106  106  107  107  109  109  111  111  113  112  114  113  115  113
  116  115  117  116  119  118  120  118  119  118  117  116  114  113  111  109
  107  106  104  103  101  102  100  101  100  101   99  101  100  101   99  100
   99  100   98   99   97   98   96   98   96   98   97   98   97   98   98   99
   98  100  100  101  102   98  109  100   99                                   
    80.0-180.0 180.0   5.0 450.0                            LAT/LON1/LON2/DLON/H
   88   97   99  101  100  103  103  106  105  107  107  109  109  110  110  112
  113  114  115  117  118  120  119  121  119  120  116  117  111  112  107  107
  103  104  100  102   98  102   98  102   98  102   98  101   97  100   96   98
   95   97   94   96   93   94   92   93   91   92   91   92   90   92   91   93
   91   94   92   93   92   94   97   96   88                                   
    77.5-180.0 180.0   5.0 450.0                            LAT/LON1/LON2/DLON/H
   81   92   93   93   96   97   99  100  100  101  101  102  102  104  105  107
  108  111  113  116  118  120  121  122  120  119  116  114  110  107  103  101
   98   96   96   94   95   94   96   97   97   97   97   97   97   96   96   95
   95   94   94   93   93   92   92   91   90   89   89   88   88   86   87   86
   87   86   87   86   86   83   86   86   81                                   
    75.0-180.0 180.0   5.0 450.0                            LAT/LON1/LON2/DLON/H
   75   84   85   88   90   92   94   95   95   95   95   95   95   96   98  100
  104  106  112  113  119  119  123  122  122  120  118  112  110  104  102   96
   95   92   93   92   93   95   96   99   98  101   98  100   97   98   95   96
   94   95   94   94   93   93   91   90   88   88   86   85   84   84   83   82
   81   82   81   81   81   80   84   83   75                                   
    72.5-180.0 180.0   5.0 450.0                            LAT/LON1/LON2/DLON/H
   72   81   82   84   85   88   89   91   89   90   88   88   87   89   91   94
   98  102  109  112  120  122  126  125  124  122  119  115  110  106  102   98
   95   93   93   94   95   98   99  101  101  101   99   99   96   96   93   95
   93   95   94   95   93   93   90   89   86   85   82   82   79   80   78   78
   77   78   76   76   75   72   74   74   72                                   
    70.0-180.0 180.0   5.0 450.0                            LAT/LON1/LON2/DLON/H
   67   73   75   78   81   84   87   87   87   85   85   83   83   83   86   88
   94   99  106  111  120  123  127  126  127  123  120  114  111  105  103   96
   97   91   95   93   98   97  101  101  102  101   99   98   95   94   92   93
   93   93   93   92   91   89   87   83   81   78   76   74   74   72   72   71
   71   70   70   68   69   68   70   70   67                                   
    67.5-180.0 180.0   5.0 450.0                            LAT/LON1/LON2/DLON/H
   65   71   73   73   76   80   83   84   84   84   83   82   81   82   84   87
   92   98  106  111  120  125  129  129  128  126  120  117  111  107  103  100
   97   97   97   99  101  104  104  106  103  103   99   98   94   93   91   93
   91   92   90   91   86   85   79   78   71   70   66   67   64   65   64   66
   64   65   64   65   64   61   61   62   65                                   
    65.0-180.0 180.0   5.0 450.0                            LAT/LON1/LON2/DLON/H
   60   64   67   68   73   77   83   82   84   83   84   82   83   83   86   88
   93   98  107  112  121  125  131  131  131  128  124  119  115  111  108  105
  105  103  105  105  108  108  111  110  109  106  103  101   97   95   93   93
   93   92   91   88   86   81   77   72   68   65   63   61   61   61   61   60
   61   60   61   58   60   59   61   60   60                                   
    62.5-180.0 180.0   5.0 450.0                            LAT/LON1/LON2/DLON/H
   57   61   63   63   66   70   76   79   81   82   84   85   87   88   92   94
   99  102  109  114  120  124  129  130  131  128  125  122  118  116  112  113
  111  112  111  114  114  116  116  116  114  112  108  105  101   98   96   95
   94   93   90   89   83   79   72   68   62   60   57   57   55   55   54   55
   53   55   54   56   57   53   53   54   57                                   
    60.0-180.0 180.0   5.0 450.0                            LAT/LON1/LON2/DLON/H
   55   57   58   57   63   66   74   75   80   80   85   87   90   92   97   99
  104  104  110  112  118  121  126  128  129  127  126  124  122  120  118  119
  119  120  119  122  120  122  121  123  120  119  115  113  108  106  102  102
  101   99   96   92   87   80   74   68   64   60   58   56   56   54   53   51
   52   51   53   51   54   55   55   54   55                                   
    57.5-180.0 180.0   5.0 450.0                            LAT/LON1/LON2/DLON/H
   54   58   57   56   58   62   67   71   76   79   84   88   94   97  103  106
  109  108  111  111  114  116  120  123  125  125  125  125  126  126  126  127
  127  128  127  129  127  128  128  129  128  126  125  122  119  116  113  112
  109  106  101   97   90   83   75   71   65   63   60   61   57   56   53   52
   50   50   51   51   53   50   50   52   54                                   
    55.0-180.0 180.0   5.0 450.0                            LAT/LON1/LON2/DLON/H
   55   56   55   54   58   60   67   68   75   77   84   88   95  100  107  109
  112  110  112  109  112  111  116  117  123  123  126  127  129  130  132  133
  133  134  133  134  132  134  133  136  135  136  134  134  131  130  125  124
  120  117  110  104   96   89   82   78   75   73   70   68   64   60   57   53
   52   51   52   50   53   57   56   56   55                                   
    52.5-180.0 180.0   5.0 450.0                            LAT/LON1/LON2/DLON/H
   57   60   58   58   59   62   66   69   74   78   85   91   98  103  109  112
  115  113  113  110  110  109  113  114  119  121  126  127  134  135  140  141
  143  142  142  142  141  141  142  143  145  144  145  145  144  141  138  135
  130  125  118  112  103   96   89   87   84   84   81   80   73   69   63   59
   56   54   55   54   55   54   56   57   57                                   
    50.0-180.0 180.0   5.0 450.0                            LAT/LON1/LON2/DLON/H
   61   61   61   59   62   64   70   70   77   79   88   92  100  104  111  114
  116  113  113  110  111  109  115  116  122  124  129  131  137  139  144  146
  148  148  148  149  148  151  150  154  153  156  156  158  157  156  152  149
  143  137  128  122  113  107  100   99   97   99   97   94   87   80   73   67
   64   62   62   59   60   62   65   64   61                                   
    47.5-180.0 180.0   5.0 450.0                            LAT/LON1/LON2/DLON/H
   65   68   67   65   68   70   75   78   83   87   93   98  105  109  115  117
  119  118  118  116  116  116  121  124  129  131  136  136  143  143  150  151
  155  155  158  158  160  161  163  164  165  166  168  168  168  165  162  158
  152  146  136  130  121  114  110  109  109  110  108  107   98   92   83   78
   73   71   70   68   68   65   66   66   65                                   
    45.0-180.0 180.0   5.0 450.0                            LAT/LON1/LON2/DLON/H
   68   69   71   70   73   77   83   86   92   95  102  105  111  114  120  122
  123  123  123  122  123  123  130  133  140  140  144  144  148  149  154  155
  160  162  166  170  172  176  175  178  177  178  178  179  180  178  175  170
  164  156  146  138  130  124  119  119  120  122  121  119  112  104   95   89
   84   81   80   76   75   74   75   74   68                                   
    42.5-180.0 180.0   5.0 450.0                            LAT/LON1/LON2/DLON/H
   69   74   75   74   79   84   91   97  103  108  114  118  123  125  129  130
  132  132  133  133  135  136  141  146  152  152  155  154  157  155  160  160
  166  169  177  182  187  191  191  192  191  189  189  187  188  184  182  176
  169  161  151  143  135  128  124  124  125  128  127  126  118  113  104  101
   95   94   90   87   82   77   77   76   69                                   
    40.0-180.0 180.0   5.0 450.0                            LAT/LON1/LON2/DLON/H
   72   74   76   76   81   89   97  103  113  117  126  129  134  134  137  138
  140  140  142  142  145  146  152  156  162  162  165  164  166  165  168  170
  176  183  190  200  203  210  207  209  203  203  199  200  198  197  193  187
  179  169  157  148  139  132  128  128  129  132  132  132  126  121  115  111
  107  104  101   93   89   84   84   82   72                                   
    37.5-180.0 180.0   5.0 450.0                            LAT/LON1/LON2/DLON/H
   72   74   73   75   80   89   99  110  121  130  138  143  148  148  149  149
  151  152  153  155  155  158  161  168  171  173  175  175  176  175  179  181
  191  198  211  221  228  234  233  231  226  221  217  214  212  208  204  197
  186  175  160  150  141  134  128  129  128  132  132  134  128  127  122  122
  117  117  111  105   95   87   85   84   72                                   
    35.0-180.0 180.0   5.0 450.0                            LAT/LON1/LON2/DLON/H
   73   71   69   67   75   85   97  109  124  135  147  152  158  158  159  159
  159  160  162  163  165  167  172  175  179  181  184  185  189  190  197  202
  210  221  229  243  249  256  253  251  245  241  234  232  228  225  219  209
  198  184  169  155  144  136  128  128  127  130  131  132  131  130  128  127
  126  124  120  110  102   93   92   90   73                                   
    32.5-180.0 180.0   5.0 450.0                            LAT/LON1/LON2/DLON/H
   76   72   65   64   67   75   90  104  122  136  151  160  167  169  170  169
  169  169  171  173  174  177  179  184  187  191  195  199  204  208  218  225
  237  248  262  273  282  285  283  276  271  263  259  253  249  242  235  222
  208  191  173  157  146  136  129  129  129  134  135  137  135  137  133  134
  131  131  125  117  105   97   95   92   76                                   
    30.0-180.0 180.0   5.0 450.0                            LAT/LON1/LON2/DLON/H
   79   74   65   58   65   70   86   98  118  134  152  163  172  174  176  176
  174  175  177  179  182  184  189  191  195  198  206  212  221  229  241  253
  261  277  286  298  305  307  304  299  295  288  284  280  275  266  254  237
  221  201  182  166  154  143  134  134  134  139  141  144  144  143  141  139
  137  134  130  122  113  105  103   99   79                                   
    27.5-180.0 180.0   5.0 450.0                            LAT/LON1/LON2/DLON/H
   87   81   67   64   65   71   84   95  116  131  150  164  175  179  181  181
  181  181  185  188  192  195  196  201  204  212  219  230  243  255  271  283
  295  307  318  329  334  334  332  326  325  318  318  310  304  291  276  255
  231  208  185  167  156  144  140  139  142  144  147  150  151  152  148  146
  141  139  135  128  118  109  106  102   87                                   
    25.0-180.0 180.0   5.0 450.0                            LAT/LON1/LON2/DLON/H
   93   86   74   68   71   74   85   97  114  130  148  162  175  181  185  186
  187  189  195  199  204  206  208  210  216  224  238  251  267  284  301  319
  330  344  351  359  358  359  356  354  354  350  349  341  331  313  293  268
  241  213  190  173  161  152  148  150  151  154  156  158  160  160  157  151
  146  142  140  133  126  117  113  110   93                                   
    22.5-180.0 180.0   5.0 450.0                            LAT/LON1/LON2/DLON/H
  103   95   85   81   82   87   96  107  120  135  153  164  178  184  189  189
  192  194  203  209  215  219  221  226  233  244  260  276  297  316  335  354
  364  374  376  379  379  378  380  379  383  380  378  368  351  330  304  276
  245  220  196  179  170  162  161  162  165  166  165  165  167  166  163  155
  149  144  141  136  128  120  116  110  103                                   
    20.0-180.0 180.0   5.0 450.0                            LAT/LON1/LON2/DLON/H
  110  103   97   92   96   97  105  113  123  138  151  165  178  186  193  194
  201  207  218  223  232  233  239  242  251  265  285  306  327  351  369  388
  394  399  397  400  400  403  406  408  410  410  403  391  369  345  316  286
  256  231  211  196  189  184  180  182  181  180  176  174  173  171  164  156
  147  141  141  137  133  124  122  116  110                                   
    17.5-180.0 180.0   5.0 450.0                            LAT/LON1/LON2/DLON/H
  116  110  104  102  104  110  117  127  136  150  163  173  187  195  204  205
  212  219  231  238  244  249  256  262  276  292  317  337  362  385  400  411
  411  412  411  412  419  419  428  428  433  428  420  407  383  357  324  295
  266  248  228  215  207  201  199  200  197  193  184  180  176  172  165  154
  144  137  135  133  128  122  120  115  116                                   
    15.0-180.0 180.0   5.0 450.0                            LAT/LON1/LON2/DLON/H
  117  113  111  107  113  117  127  133  143  154  165  177  189  202  213  218
  227  233  248  252  263  265  275  281  300  320  348  370  392  412  421  429
  422  425  421  430  434  443  448  455  453  453  440  430  404  378  343  317
  290  271  253  241  230  224  219  217  214  206  195  187  180  173  164  154
  142  135  133  128  125  117  121  116  117                                   
    12.5-180.0 180.0   5.0 450.0                            LAT/LON1/LON2/DLON/H
  116  109  107  107  110  119  129  139  151  164  176  188  201  213  227  232
  241  247  260  266  277  282  294  303  326  344  379  397  418  430  436  435
  431  430  431  439  453  461  471  471  470  462  449  435  412  386  354  329
  306  291  271  260  246  243  237  238  231  221  202  191  182  173  164  151
  140  131  128  121  114  112  114  111  116                                   
    10.0-180.0 180.0   5.0 450.0                            LAT/LON1/LON2/DLON/H
  115  107  105  103  110  115  130  140  153  167  180  192  206  221  236  246
  254  259  274  276  288  290  307  317  342  367  396  414  427  436  436  438
  431  432  433  447  460  476  482  488  480  476  458  448  422  401  367  346
  325  310  292  279  264  257  250  249  241  228  208  194  184  174  163  152
  139  131  127  118  110  105  110  107  115                                   
     7.5-180.0 180.0   5.0 450.0                            LAT/LON1/LON2/DLON/H
  112  100   97   96  101  107  121  135  151  169  183  197  212  231  247  258
  266  273  284  288  298  303  320  331  359  379  413  420  436  435  439  435
