data/unet/pred3140.15i
     1.0            IONOSPHERE MAPS     GNSS                IONEX VERSION / TYPE
pyspatialgeodesy        IME             05-JAN-18 20:20     PGM / RUN BY / DATE 
Map Name                                                    COMMENT             
Predicted global ionosphere maps (GIM).                     DESCRIPTION         
  2015    11    10     0     0     0                        EPOCH OF FIRST MAP  
  2015    11    11     0     0     0                        EPOCH OF LAST MAP   
  7200                                                      INTERVAL            
    13                                                      # OF MAPS IN FILE   
  NONE                                                      MAPPING FUNCTION    
10.0                                                        ELEVATION CUTOFF    
One-way carrier phase leveled to code                       OBSERVABLES USED    
  6371.0                                                    BASE RADIUS         
 2                                                          MAP DIMENSION       
   450.0 450.0   0.0                                        HGT1 / HGT2 / DHGT  
    87.5 -87.5  -2.5                                        LAT1 / LAT2 / DLAT  
  -180.0 180.0   5.0                                        LON1 / LON2 / DLON  
    -1                                                      EXPONENT            
                                                            END OF HEADER       
[from data line 4290]
    11                                                      START OF TEC MAP    
  2015    11    10    20     0     0                        EPOCH OF CURRENT MAP
    87.5-180.0 180.0   5.0 450.0                            LAT/LON1/LON2/DLON/H
  116   84   65   71   68   70   68   70   70   72   72   73   73   75   74   75
   74   75   73   74   72   73   71   71   69   70   67   68   66   66   64   64
   62   63   61   61   60   60   59   59   58   59   58   59   59   60   60   61
   61   62   63   64   63   65   65   66   65   67   66   68   66   68   67   68
   67   69   67   68   69   71   64  111  116                                   
    85.0-180.0 180.0   5.0 450.0                            LAT/LON1/LON2/DLON/H
   55   51   50   53   55   54   55   56   58   59   61   62   64   65   67   66
   67   66   67   65   66   64   64   63   63   61   61   59   59   56   56   53
   53   51   51   48   49   47   47   45   45   44   44   45   45   46   46   48
   47   50   49   52   51   54   53   56   54   56   55   56   55   56   54   55
   53   54   53   52   55   54   51   74   55                                   
    82.5-180.0 180.0   5.0 450.0                            LAT/LON1/LON2/DLON/H
   43   43   42   45   45   47   47   52   53   58   60   65   67   71   71   75
   73   76   73   75   72   73   69   70   65   67   61   63   57   58   53   54
   49   50   45   46   42   43   39   40   37   40   37   40   39   42   41   45
   45   49   48   53   51   57   54   60   56   62   56   62   56   61   55   58
   52   55   50   52   48   47   40   52   43                                   
    80.0-180.0 180.0   5.0 450.0                            LAT/LON1/LON2/DLON/H
   41   34   34   33   35   35   40   43   49   53   59   63   70   72   78   78
   82   81   82   79   78   75   73   70   68   66   64   62   60   58   56   53
   51   49   46   44   42   40   38   36   35   35   35   35   37   38   41   42
   45   46   50   51   55   56   59   59   62   61   63   61   61   58   59   55
   54   50   49   44   44   38   33   43   41                                   
    77.5-180.0 180.0   5.0 450.0                            LAT/LON1/LON2/DLON/H
   35   30   26   26   27   28   33   38   44   51   58   65   71   76   81   85
   86   87   85   83   80   77   73   70   67   64   64   61   60   59   58   56
   54   52   50   47   44   41   39   36   34   34   34   35   36   38   40   43
   46   49   51   55   56   59   59   62   61   63   61   61   59   58   56   54
   51   48   45   42   39   33   28   33   35                                   
    75.0-180.0 180.0   5.0 450.0                            LAT/LON1/LON2/DLON/H
   36   29   26   28   29   31   36   40   48   55   65   72   81   86   93   94
   96   95   93   89   85   80   76   71   68   66   65   64   64   64   64   63
   61   59   57   54   51   47   44   41   39   38   38   39   41   43   47   48
   52   54   58   58   62   62   64   62   64   62   64   60   61   57   58   54
   54   50   49   44   42   36   36   41   36                                   
    72.5-180.0 180.0   5.0 450.0                            LAT/LON1/LON2/DLON/H
   42   38   34   35   34   37   40   47   53   64   73   83   91   99  104  107
  105  104   99   94   87   83   76   72   68   66   65   65   64   67   66   67
   65   66   62   61   55   54   49   48   43   45   42   45   45   49   51   54
   57   60   61   63   62   64   62   63   60   61   58   58   56   57   54   54
   52   51   49   47   44   40   39   43   42                                   
    70.0-180.0 180.0   5.0 450.0                            LAT/LON1/LON2/DLON/H
   50   43   43   43   44   46   50   55   64   71   83   92  103  109  114  115
  114  109  104   95   90   81   76   68   66   62   61   61   62   63   64   65
   64   63   61   59   56   53   50   48   46   46   46   48   50   52   55   57
   60   60   62   60   61   59   58   55   56   53   54   51   53   51   53   50
   52   48   51   46   48   43   47   52   50                                   
    67.5-180.0 180.0   5.0 450.0                            LAT/LON1/LON2/DLON/H
   55   54   52   56   55   58   60   67   73   83   93  105  114  121  125  126
  122  117  110  102   93   86   77   71   65   60   58   56   56   57   58   60
   59   59   56   56   52   51   48   48   45   46   44   47   48   50   53   55
   56   57   57   55   54   51   49   47   46   45   44   44   44   45   44   45
   43   45   44   45   45   43   46   53   55                                   
    65.0-180.0 180.0   5.0 450.0                            LAT/LON1/LON2/DLON/H
   58   57   60   63   65   68   72   76   83   90  103  113  124  129  134  133
  130  124  117  108  101   91   82   74   66   58   53   51   49   49   50   50
   50   49   47   45   43   42   41   42   41   43   42   45   45   48   49   50
   51   50   49   45   43   39   37   34   35   33   36   35   38   36   39   36
   37   34   38   36   41   39   48   59   58                                   
    62.5-180.0 180.0   5.0 450.0                            LAT/LON1/LON2/DLON/H
   55   61   63   72   73   78   79   85   90   99  109  121  131  138  142  141
  139  133  127  119  111  102   91   81   70   59   52   45   43   42   41   41
   40   39   37   35   33   33   33   34   34   35   36   37   37   39   40   40
   40   39   36   33   28   26   23   22   23   25   25   28   28   29   27   27
   25   25   24   27   29   31   40   52   55                                   
    60.0-180.0 180.0   5.0 450.0                            LAT/LON1/LON2/DLON/H
   48   55   63   72   78   81   86   90   96  103  113  123  133  140  145  146
  145  141  137  131  124  114  103   90   78   64   53   46   41   40   39   37
   36   33   30   27   26   25   26   28   30   32   33   34   34   35   35   35
   33   31   28   23   19   15   14   13   16   17   20   21   23   22   23   19
   19   15   18   16   23   23   37   49   48                                   
    57.5-180.0 180.0   5.0 450.0                            LAT/LON1/LON2/DLON/H
   44   53   62   74   82   87   91   95   99  106  115  125  136  143  150  152
  153  152  151  147  142  133  122  106   91   74   63   52   48   44   45   42
   40   35   32   27   24   23   24   25   29   30   32   31   32   30   30   28
   27   24   21   16   13   10   10   11   14   17   20   22   21   20   18   15
   12   11   11   12   16   20   32   42   44                                   
    55.0-180.0 180.0   5.0 450.0                            LAT/LON1/LON2/DLON/H
   43   55   66   79   88   94   99  103  106  112  119  128  138  146  153  157
  159  161  161  161  157  151  140  126  110   91   78   68   63   60   59   56
   53   46   40   33   30   28   28   31   33   36   37   38   37   35   34   32
   29   28   24   20   17   15   15   17   21   24   25   27   25   24   20   17
   16   13   17   16   23   24   38   45   43                                   
    52.5-180.0 180.0   5.0 450.0                            LAT/LON1/LON2/DLON/H
   54   65   75   90  101  107  113  115  119  121  127  133  143  150  159  162
  167  169  173  173  173  168  159  146  130  113   99   88   84   80   79   74
   70   61   54   45   41   36   37   37   41   43   45   44   44   41   39   36
   35   33   31   28   26   25   26   28   32   35   36   35   33   29   25   22
   20   19   23   25   31   34   47   54   54                                   
    50.0-180.0 180.0   5.0 450.0                            LAT/LON1/LON2/DLON/H
   69   82   95  109  120  128  134  137  138  139  142  146  151  158  163  169
  171  175  178  182  182  180  172  162  150  135  124  114  110  104  102   95
   88   78   69   60   54   49   48   49   52   55   57   58   57   54   52   50
   49   47   46   44   42   42   43   46   48   50   48   47   42   39   36   32
   33   34   39   42   49   52   67   72   69                                   
    47.5-180.0 180.0   5.0 450.0                            LAT/LON1/LON2/DLON/H
   95  111  120  137  149  157  162  164  165  165  165  166  168  171  175  179
  181  184  185  190  190  190  184  177  167  156  146  136  128  120  115  105
   97   85   78   68   65   59   59   59   62   64   68   68   68   65   63   61
   61   60   60   59   59   60   61   63   65   65   61   58   52   48   45   43
   44   46   53   58   66   71   85   94   95                                   
    45.0-180.0 180.0   5.0 450.0                            LAT/LON1/LON2/DLON/H
  122  138  155  168  180  188  195  197  197  194  191  187  186  187  188  191
  190  191  192  195  196  197  193  188  181  173  164  152  141  127  117  105
   95   85   78   73   71   69   68   68   69   72   75   77   77   75   74   72
   74   74   75   75   76   76   77   79   79   76   70   65   60   56   55   54
   57   60   68   75   86   94  109  120  122                                   
    42.5-180.0 180.0   5.0 450.0                            LAT/LON1/LON2/DLON/H
  150  168  183  199  210  218  225  227  227  225  220  216  211  210  208  207
  204  203  200  203  202  204  200  196  191  185  175  159  141  121  107   93
   84   75   72   70   73   73   75   73   75   75   80   81   82   80   80   79
   81   82   84   85   86   88   88   89   87   83   77   70   64   61   60   59
   62   65   73   83   95  107  122  139  150                                   
    40.0-180.0 180.0   5.0 450.0                            LAT/LON1/LON2/DLON/H
  170  191  209  222  236  244  252  253  254  251  246  239  232  227  224  220
  218  213  210  210  209  208  207  204  201  193  182  161  136  114   95   84
   75   69   68   72   78   82   83   81   78   79   81   83   83   83   82   83
   85   87   89   90   92   93   94   94   92   86   79   72   67   65   63   64
   66   69   78   87  102  116  136  153  170                                   
    37.5-180.0 180.0   5.0 450.0                            LAT/LON1/LON2/DLON/H
  184  203  218  237  253  262  270  272  273  271  266  259  250  245  240  237
  232  229  223  222  219  218  215  213  207  201  185  160  131  106   90   78
   73   68   73   78   90   93   96   89   86   81   83   82   84   82   83   82
   86   87   90   90   92   94   95   94   92   86   79   72   68   65   64   63
   64   64   71   80   95  112  131  155  184                                   
    35.0-180.0 180.0   5.0 450.0                            LAT/LON1/LON2/DLON/H
  188  210  229  245  264  273  282  284  286  286  282  274  264  258  254  249
  247  243  239  236  234  230  227  222  218  207  191  165  135  114  101   96
   92   92   95  104  114  119  117  109   98   91   88   87   86   84   84   84
   86   87   89   89   91   93   94   94   91   86   79   75   70   70   67   66
   66   64   71   78   95  112  137  155  188                                   
    32.5-180.0 180.0   5.0 450.0                            LAT/LON1/LON2/DLON/H
  189  210  228  250  269  280  290  293  298  296  293  285  276  271  266  265
  263  262  258  257  252  247  240  234  226  217  200  177  154  138  134  134
  137  135  138  142  151  151  147  131  118  104  100   95   93   89   88   87
   88   88   88   87   89   91   94   93   92   87   82   78   75   74   72   69
   65   61   66   71   87  104  130  151  189                                   
    30.0-180.0 180.0   5.0 450.0                            LAT/LON1/LON2/DLON/H
  191  215  234  252  275  284  298  299  306  305  302  295  288  282  279  277
  278  278  277  274  272  262  254  244  238  226  217  200  188  185  191  200
  205  202  196  193  193  191  179  162  142  129  119  114  110  103  101   97
   96   93   91   89   91   94   98   99   97   94   89   87   84   84   82   78
   74   70   77   81   97  114  145  161  191                                   
    27.5-180.0 180.0   5.0 450.0                            LAT/LON1/LON2/DLON/H
  201  223  236  256  277  291  305  309  318  317  315  305  300  296  292  291
  291  294  293  294  289  281  268  259  250  245  239  233  234  243  265  282
  291  279  263  246  236  226  213  189  169  149  140  131  126  119  115  109
  105   98   91   87   88   93   99  102  102  100   96   96   91   93   88   86
   83   81   89   95  108  128  152  176  201                                   
    25.0-180.0 180.0   5.0 450.0                            LAT/LON1/LON2/DLON/H
  216  234  252  268  289  304  321  324  333  333  332  324  316  312  308  306
  305  307  306  305  302  290  280  269  266  264  272  276  292  314  346  365
  375  359  325  294  270  255  236  217  191  178  165  159  151  144  139  130
  123  111  101   93   93   97  103  108  109  108  105  103  101  100   99   96
   96   97  108  118  134  155  182  206  216                                   
    22.5-180.0 180.0   5.0 450.0                            LAT/LON1/LON2/DLON/H
  236  255  274  295  315  332  347  352  359  355  354  349  346  338  330  325
  321  320  317  315  308  299  289  284  286  296  312  329  356  384  424  432
  434  412  376  328  295  271  251  230  210  194  185  178  172  165  158  150
  139  126  113  105  103  106  111  116  116  118  113  112  105  106  103  105
  106  112  125  142  161  184  204  240  236                                   
    20.0-180.0 180.0   5.0 450.0                            LAT/LON1/LON2/DLON/H
  263  278  305  326  350  368  382  388  390  385  381  377  373  367  358  347
  340  334  328  321  316  305  299  298  309  329  355  379  412  439  462  464
  464  436  390  344  301  276  255  241  223  216  206  205  196  190  182  174
  163  148  134  125  120  121  123  128  128  127  122  118  112  111  110  112
  117  127  147  168  191  210  234  263  263                                   
    17.5-180.0 180.0   5.0 450.0                            LAT/LON1/LON2/DLON/H
  283  306  333  358  381  403  417  429  430  430  426  419  416  402  393  378
  365  354  344  334  329  320  320  324  345  368  400  426  458  475  497  507
  493  453  397  345  294  272  253  240  229  223  218  213  207  199  193  186
  179  164  152  140  135  134  137  140  140  137  130  124  116  115  111  113
  119  132  155  184  207  227  247  282  283                                   
    15.0-180.0 180.0   5.0 450.0                            LAT/LON1/LON2/DLON/H
  305  329  365  392  419  445  462  479  480  486  473  473  462  448  430  409
  393  376  363  351  346  341  348  358  385  414  446  468  488  498  515  518
  501  449  389  330  286  267  254  250  243  243  237  231  221  213  204  200
  191  181  167  156  150  149  149  152  149  144  135  127  118  116  112  115
  120  135  165  191  220  235  264  291  305                                   
    12.5-180.0 180.0   5.0 450.0                            LAT/LON1/LON2/DLON/H
  314  347  385  415  443  474  493  515  524  530  527  519  507  487  469  447
  430  407  395  379  374  370  383  399  428  456  482  494  508  517  525  522
  490  434  367  316  280  265  263  262  262  259  254  241  229  213  205  198
  193  183  173  162  158  157  157  157  152  147  134  126  114  112  107  110
  116  131  157  191  217  237  264  298  314                                   
    10.0-180.0 180.0   5.0 450.0                            LAT/LON1/LON2/DLON/H
  325  357  401  429  465  495  523  550  566  578  565  568  547  532  508  489
  472  442  425  409  403  403  417  437  468  492  510  514  519  515  508  489
  453  398  345  307  286  280  281  287  288  285  275  259  240  222  207  201
  193  184  174  167  161  161  157  158  151  144  133  123  114  108  103  104
  111  125  158  184  215  230  265  298  325                                   
     7.5-180.0 180.0   5.0 450.0                            LAT/LON1/LON2/DLON/H
  327  369  409  439  470  504  531  562  583  595  591  590  575  561  545  524
  505  482  469  447  442  440  455  472  502  519  528  529  524  509  488  460
