data/unet/pred0330.15i
     1.0            IONOSPHERE MAPS     GNSS                IONEX VERSION / TYPE
pyspatialgeodesy        IME             05-JAN-18 20:20     PGM / RUN BY / DATE 
Map Name                                                    COMMENT             
Predicted global ionosphere maps (GIM).                     DESCRIPTION         
  2015     2     2     0     0     0                        EPOCH OF FIRST MAP  
  2015     2     3     0     0     0                        EPOCH OF LAST MAP   
  7200                                                      INTERVAL            
    13                                                      # OF MAPS IN FILE   
  NONE                                                      MAPPING FUNCTION    
10.0                                                        ELEVATION CUTOFF    
One-way carrier phase leveled to code                       OBSERVABLES USED    
  6371.0                                                    BASE RADIUS         
 2                                                          MAP DIMENSION       
   450.0 450.0   0.0                                        HGT1 / HGT2 / DHGT  
    87.5 -87.5  -2.5                                        LAT1 / LAT2 / DLAT  
  -180.0 180.0   5.0                                        LON1 / LON2 / DLON  
    -1                                                      EXPONENT            
                                                            END OF HEADER       
[from data line 4290]
    11                                                      START OF TEC MAP    
  2015     2     2    20     0     0                        EPOCH OF CURRENT MAP
    87.5-180.0 180.0   5.0 450.0                            LAT/LON1/LON2/DLON/H
  134  103   83   87   88   89   92   94   97  100  102  105  107  109  112  113
  116  116  118  117  119  119  120  120  120  120  120  120  119  118  117  116
  114  113  111  109  107  105  103  102  100   99   97   96   95   95   95   95
   95   95   95   95   95   94   94   93   93   92   92   91   91   90   90   88
   88   86   86   84   85   85   80  115  134                                   
    85.0-180.0 180.0   5.0 450.0                            LAT/LON1/LON2/DLON/H
   81   69   70   74   78   80   85   88   93   97  102  106  110  113  116  118
  120  122  124  124  127  127  129  129  131  130  132  131  132  131  130  129
  127  126  123  122  118  116  112  110  106  104  101  100   98   98   97   98
   97   98   96   96   96   94   93   91   92   89   89   86   86   83   83   78
   79   75   77   71   75   69   70   84   81                                   
    82.5-180.0 180.0   5.0 450.0                            LAT/LON1/LON2/DLON/H
   73   65   62   61   64   64   70   73   81   87   93  101  105  113  115  122
  123  129  130  134  134  138  138  142  141  145  143  147  144  147  142  145
  138  140  133  133  125  124  116  115  106  107   99  101   95   97   93   96
   93   96   93   95   93   94   92   92   90   89   87   86   85   83   81   79
   76   74   72   70   69   65   61   65   73                                   
    80.0-180.0 180.0   5.0 450.0                            LAT/LON1/LON2/DLON/H
   75   58   55   52   56   56   65   68   79   86   96  105  114  122  128  133
  139  140  147  145  151  147  153  150  155  153  157  157  158  158  157  156
  152  150  145  142  136  132  126  121  116  112  108  106  104  104  102  104
  103  103  103  102  102  101  101  100   99   97   97   94   94   90   91   85
   85   78   79   70   72   63   57   56   75                                   
    77.5-180.0 180.0   5.0 450.0                            LAT/LON1/LON2/DLON/H
   77   62   53   51   53   54   60   66   75   85   97  108  119  125  134  139
  146  147  153  151  154  150  154  150  154  152  155  155  157  155  155  151
  151  145  145  138  137  127  127  115  116  105  108  100  104   99  104  101
  106  105  108  109  111  111  111  110  110  108  107  105  104  101   99   94
   92   87   84   79   74   70   59   53   77                                   
    75.0-180.0 180.0   5.0 450.0                            LAT/LON1/LON2/DLON/H
   88   72   65   63   63   65   72   77   87  100  115  128  138  148  155  159
  165  161  165  157  161  150  156  147  152  147  153  152  154  153  153  151
  150  147  146  142  140  134  131  124  120  115  113  111  110  111  110  113
  113  119  118  122  123  125  125  126  125  123  121  120  117  116  112  110
  105  102   98   93   88   82   75   67   88                                   
    72.5-180.0 180.0   5.0 450.0                            LAT/LON1/LON2/DLON/H
  103   91   81   79   80   80   87   93  108  120  138  149  164  172  181  184
  186  183  179  172  167  158  155  148  146  144  144  144  145  145  148  144
  147  141  145  138  139  132  131  124  123  117  117  114  114  115  115  117
  118  122  123  125  126  129  129  130  129  128  125  124  121  121  118  115
  113  109  107  102   98   95   88   83  103                                   
    70.0-180.0 180.0   5.0 450.0                            LAT/LON1/LON2/DLON/H
  117  109  104  102  103  105  114  123  139  155  174  191  203  215  220  220
  218  206  202  185  181  164  161  146  146  137  142  137  141  139  140  139
  137  136  135  132  131  127  123  119  115  115  111  112  110  112  112  116
  117  121  121  123  125  124  126  125  127  123  123  120  120  118  117  114
  113  111  110  108  107  106  104  102  117                                   
    67.5-180.0 180.0   5.0 450.0                            LAT/LON1/LON2/DLON/H
  126  125  122  122  124  127  138  148  168  183  205  221  239  249  253  254
  243  235  220  209  194  183  170  156  147  137  136  129  131  125  125  120
  119  116  115  114  112  111  107  106  102  103  100  100   99   98   99  100
  101  104  105  108  108  108  108  109  108  109  106  107  105  107  103  104
  101  101  101  101  103  106  107  111  126                                   
    65.0-180.0 180.0   5.0 450.0                            LAT/LON1/LON2/DLON/H
  132  133  136  139  143  150  163  177  196  216  238  261  278  291  293  292
  284  268  256  235  224  201  190  166  156  137  132  121  117  111  107  102
   99   96   94   92   90   89   87   86   84   85   83   84   83   84   81   84
   82   87   86   88   89   89   90   90   92   90   91   89   90   90   90   89
   89   88   89   89   94   99  107  118  132                                   
    62.5-180.0 180.0   5.0 450.0                            LAT/LON1/LON2/DLON/H
  126  134  140  146  153  160  176  191  212  234  261  288  313  325  329  330
  317  305  285  269  250  232  212  193  173  155  140  123  114  101   98   88
   86   77   76   70   70   67   67   66   67   66   67   66   65   62   61   59
   60   61   63   64   66   66   69   70   72   72   73   72   74   73   72   71
   69   69   68   69   75   83   95  111  126                                   
    60.0-180.0 180.0   5.0 450.0                            LAT/LON1/LON2/DLON/H
  122  126  139  149  160  173  188  208  228  255  282  311  335  351  359  363
  358  341  325  304  287  263  245  217  199  171  156  132  120  104   97   86
   80   74   69   63   61   57   57   56   58   57   59   56   56   51   49   47
   46   46   45   46   48   49   53   56   59   61   61   62   63   62   61   58
   56   54   54   54   60   68   84  102  122                                   
    57.5-180.0 180.0   5.0 450.0                            LAT/LON1/LON2/DLON/H
  110  118  131  145  160  173  193  213  241  268  297  324  348  367  379  389
  387  376  356  337  318  293  270  244  221  197  177  155  141  123  113   97
   91   80   75   66   61   54   54   51   52   50   52   49   48   42   39   34
   32   29   31   30   35   36   44   47   53   55   59   58   60   57   56   52
   49   44   43   41   47   54   72   90  110                                   
    55.0-180.0 180.0   5.0 450.0                            LAT/LON1/LON2/DLON/H
  114  116  134  151  171  190  213  238  262  289  313  336  356  372  386  399
  406  402  387  369  350  329  305  280  254  229  209  189  178  158  147  129
  119  104   96   84   76   65   63   57   58   54   57   52   53   46   43   36
   34   30   30   31   34   38   43   49   54   59   60   63   63   61   59   55
   51   46   45   42   47   53   71   86  114                                   
    52.5-180.0 180.0   5.0 450.0                            LAT/LON1/LON2/DLON/H
  119  125  142  162  186  206  237  261  287  309  329  347  361  379  389  409
  418  424  411  400  380  360  334  308  282  256  237  220  210  197  183  167
  147  131  116  104   93   83   76   71   68   67   66   64   61   57   52   46
   42   38   39   38   42   45   53   59   66   68   72   71   73   71   69   64
   60   54   54   51   56   61   77   92  119                                   
    50.0-180.0 180.0   5.0 450.0                            LAT/LON1/LON2/DLON/H
  145  147  166  186  210  240  267  297  321  339  355  364  375  385  396  415
  426  433  424  416  398  380  357  333  310  287  271  256  247  231  218  195
  176  153  138  122  113  102   96   89   87   84   85   82   82   77   73   67
   64   62   61   62   63   67   72   79   84   87   86   87   86   85   82   80
   76   73   73   71   77   85  102  114  145                                   
    47.5-180.0 180.0   5.0 450.0                            LAT/LON1/LON2/DLON/H
  167  173  193  216  242  270  301  330  353  368  376  385  386  398  402  422
  427  435  426  424  406  396  374  356  333  312  296  283  271  256  234  211
  184  163  143  132  122  117  109  106  102  100   99   99   97   94   90   86
   84   83   84   83   85   87   92   97  102  102  102  100   98   97   94   93
   91   88   93   93  101  110  123  141  167                                   
    45.0-180.0 180.0   5.0 450.0                            LAT/LON1/LON2/DLON/H
  202  206  231  251  276  307  337  364  385  397  406  407  411  416  422  434
  438  439  431  430  417  408  387  370  349  328  315  299  286  262  237  208
  181  158  142  133  129  126  121  117  114  111  113  112  113  110  108  105
  105  104  106  105  106  107  111  115  118  118  115  113  110  109  106  106
  105  108  112  118  130  143  158  173  202                                   
    42.5-180.0 180.0   5.0 450.0                            LAT/LON1/LON2/DLON/H
  221  231  259  282  309  335  364  388  406  419  422  429  427  435  434  446
  442  444  433  435  422  417  398  383  361  343  326  308  285  256  222  191
  161  143  130  128  128  130  127  125  121  119  118  119  118  117  114  113
  115  116  119  119  120  119  122  124  126  124  122  118  115  114  111  112
  112  116  122  132  145  162  176  202  221                                   
    40.0-180.0 180.0   5.0 450.0                            LAT/LON1/LON2/DLON/H
  244  254  284  306  331  355  384  404  422  432  439  448  450  456  454  460
  456  455  444  445  434  429  412  393  371  351  333  309  281  245  210  176
  151  135  130  131  136  139  138  133  128  124  124  123  123  120  119  117
  122  124  128  128  129  127  129  131  131  129  125  121  120  119  117  119
  116  121  127  136  154  171  193  215  244                                   
    37.5-180.0 180.0   5.0 450.0                            LAT/LON1/LON2/DLON/H
  246  262  292  320  345  365  390  406  424  438  446  458  461  466  464  467
  460  461  448  449  438  434  417  398  374  355  332  305  269  234  199  171
  153  146  145  151  154  158  154  148  139  133  129  129  125  122  117  116
  118  124  128  131  131  131  133  134  135  129  127  123  119  120  116  117
  112  113  116  127  144  166  192  224  246                                   
    35.0-180.0 180.0   5.0 450.0                            LAT/LON1/LON2/DLON/H
  249  268  301  328  347  368  389  406  423  439  452  466  471  477  474  477
  469  466  457  457  448  442  425  403  378  355  331  304  272  241  213  197
  187  188  189  194  194  194  185  174  160  150  146  143  140  132  127  121
  124  126  131  131  133  133  136  138  137  133  128  125  122  123  118  118
  111  109  107  114  129  153  186  218  249                                   
    32.5-180.0 180.0   5.0 450.0                            LAT/LON1/LON2/DLON/H
  244  264  298  326  349  362  383  398  419  436  454  468  476  476  476  475
  472  470  461  462  454  448  430  406  380  358  336  313  288  266  254  250
  253  258  260  256  250  242  229  212  193  179  169  166  159  152  140  134
  129  131  130  132  131  134  135  139  138  136  131  129  126  126  121  119
  108  102   96  101  116  139  179  220  244                                   
    30.0-180.0 180.0   5.0 450.0                            LAT/LON1/LON2/DLON/H
  245  263  304  335  354  374  388  404  420  438  457  472  479  482  480  483
  478  479  471  472  465  457  435  410  384  366  350  338  327  325  332  345
  357  359  355  341  319  298  277  257  234  220  208  203  195  184  171  160
  151  147  143  142  141  143  145  148  144  141  136  135  134  133  129  124
  115  106  103   99  115  138  181  226  245                                   
    27.5-180.0 180.0   5.0 450.0                            LAT/LON1/LON2/DLON/H
  251  272  307  338  364  381  398  410  426  444  462  474  480  476  476  478
  477  478  472  474  466  456  433  411  390  381  377  379  387  403  424  446
  462  464  451  422  386  353  324  294  273  256  247  241  234  221  204  189
  175  164  156  151  151  150  152  149  144  140  137  138  137  138  132  130
  119  115  108  110  121  150  194  245  251                                   
    25.0-180.0 180.0   5.0 450.0                            LAT/LON1/LON2/DLON/H
  270  291  325  350  372  397  410  429  439  464  474  489  485  487  479  486
  482  485  477  479  468  454  429  414  402  407  417  435  458  487  518  538
  557  561  549  503  451  401  362  331  305  289  281  277  274  262  246  224
  205  186  172  163  161  162  162  159  152  147  143  145  144  143  137  134
  128  122  123  121  139  164  217  262  270                                   
    22.5-180.0 180.0   5.0 450.0                            LAT/LON1/LON2/DLON/H
  292  323  355  371  396  415  437  450  471  489  503  504  498  489  482  489
  489  487  480  478  463  446  425  418  419  440  466  501  530  561  593  625
  647  650  624  569  494  429  383  352  329  316  312  312  314  305  292  267
  241  213  194  181  174  170  167  161  153  145  143  141  143  143  146  147
  148  143  143  148  164  200  243  291  292                                   
    20.0-180.0 180.0   5.0 450.0                            LAT/LON1/LON2/DLON/H
  324  348  386  402  430  451  467  490  499  526  529  540  518  517  497  506
  499  506  492  486  466  447  429  432  449  487  522  554  594  624  665  699
  717  699  662  598  514  444  386  356  337  334  331  337  339  335  321  296
  272  240  221  203  198  190  188  177  170  156  153  150  148  143  144  145
  152  153  163  170  191  230  274  320  324                                   
    17.5-180.0 180.0   5.0 450.0                            LAT/LON1/LON2/DLON/H
  349  378  412  435  465  488  506  523  544  563  574  564  558  543  532  523
  517  518  509  494  472  455  442  459  487  533  576  611  641  677  707  724
  713  690  643  570  482  412  357  328  311  313  315  332  338  341  331  313
  288  264  245  235  229  224  219  208  192  176  167  160  155  148  148  154
  160  167  174  192  215  257  305  344  349                                   
    15.0-180.0 180.0   5.0 450.0                            LAT/LON1/LON2/DLON/H
  373  394  438  465  502  530  548  572  585  616  617  630  604  603  580  576
  554  550  537  519  493  476  469  493  534  584  631  654  682  702  710  706
  687  656  599  521  438  369  321  300  293  299  306  325  330  333  326  314
  296  279  267  256  253  246  239  224  207  185  176  165  159  150  149  156
  163  169  179  196  219  264  315  360  373                                   
    12.5-180.0 180.0   5.0 450.0                            LAT/LON1/LON2/DLON/H
  381  416  458  492  528  558  586  603  631  653  668  670  664  648  633  613
  602  586  568  552  525  510  510  543  590  642  671  691  696  696  679  671
  639  592  520  450  377  325  290  282  277  290  292  310  307  310  304  299
  288  280  275  271  264  258  246  233  213  197  181  172  160  155  154  163
  168  175  179  192  218  263  319  365  381                                   
    10.0-180.0 180.0   5.0 450.0                            LAT/LON1/LON2/DLON/H
  391  426  479  520  556  592  615  644  666  700  713  734  723  725  706  686
  661  645  613  588  565  560  565  602  647  683  704  716  704  691  669  640
  583  526  459  396  344  304  287  283  286  295  296  304  295  293  287  282
  278  271  271  263  260  245  243  223  216  194  189  171  171  157  160  154
  160  163  171  184  210  252  313  368  391                                   
     7.5-180.0 180.0   5.0 450.0                            LAT/LON1/LON2/DLON/H
  388  437  493  543  582  612  645  666  699  723  747  764  770  768  760  746
  721  695  667  642  616  614  625  660  691  717  725  720  690  677  640  594
