data/unet/pred0880.15i
     1.0            IONOSPHERE MAPS     GNSS                IONEX VERSION / TYPE
pyspatialgeodesy        IME             05-JAN-18 20:20     PGM / RUN BY / DATE 
Map Name                                                    COMMENT             
Predicted global ionosphere maps (GIM).                     DESCRIPTION         
  2015     3    29     0     0     0                        EPOCH OF FIRST MAP  
  2015     3    30     0     0     0                        EPOCH OF LAST MAP   
  7200                                                      INTERVAL            
    13                                                      # OF MAPS IN FILE   
  NONE                                                      MAPPING FUNCTION    
10.0                                                        ELEVATION CUTOFF    
One-way carrier phase leveled to code                       OBSERVABLES USED    
  6371.0                                                    BASE RADIUS         
 2                                                          MAP DIMENSION       
   450.0 450.0   0.0                                        HGT1 / HGT2 / DHGT  
    87.5 -87.5  -2.5                                        LAT1 / LAT2 / DLAT  
  -180.0 180.0   5.0                                        LON1 / LON2 / DLON  
    -1                                                      EXPONENT            
                                                            END OF HEADER       
[from data line 4719]
    12                                                      START OF TEC MAP    
  2015     3    29    22     0     0                        EPOCH OF CURRENT MAP
    87.5-180.0 180.0   5.0 450.0                            LAT/LON1/LON2/DLON/H
  184  155  145  146  146  144  146  143  146  143  145  142  144  141  143  141
  141  141  141  142  143  143  144  144  146  145  147  145  147  145  146  144
  145  143  145  143  145  143  144  143  145  144  147  147  150  150  153  153
  156  156  158  159  160  160  162  162  163  163  164  163  164  163  164  162
  163  161  162  159  158  156  159  175  184                                   
    85.0-180.0 180.0   5.0 450.0                            LAT/LON1/LON2/DLON/H
  148  143  144  144  143  140  142  140  142  141  144  143  146  144  148  146
  149  147  149  149  150  150  150  151  150  151  148  148  145  145  141  141
  137  139  136  137  135  137  136  138  138  140  142  145  147  150  153  156
  159  161  163  166  167  169  169  171  171  172  171  171  171  170  169  167
  167  165  165  162  161  156  154  167  148                                   
    82.5-180.0 180.0   5.0 450.0                            LAT/LON1/LON2/DLON/H
  142  141  141  142  139  140  141  143  145  147  150  152  156  157  162  162
  165  164  166  165  166  165  165  163  162  160  157  153  150  147  144  140
  138  135  134  132  132  131  131  131  133  134  137  140  143  148  150  156
  157  164  164  170  170  175  174  178  177  180  177  180  176  178  173  174
  170  170  165  164  159  157  152  162  142                                   
    80.0-180.0 180.0   5.0 450.0                            LAT/LON1/LON2/DLON/H
  141  141  138  138  135  137  140  143  147  151  158  161  169  170  176  176
  180  179  180  179  179  177  176  174  172  170  167  163  160  155  151  147
  143  139  136  132  131  127  127  126  128  128  132  135  139  143  148  152
  156  160  164  168  172  175  177  180  180  182  181  182  180  180  176  176
  172  171  166  163  158  153  148  156  141                                   
    77.5-180.0 180.0   5.0 450.0                            LAT/LON1/LON2/DLON/H
  142  144  140  140  140  141  145  149  156  163  171  178  186  191  196  198
  201  199  200  196  197  192  192  187  186  181  178  173  170  165  162  156
  153  147  145  139  136  131  131  128  129  129  132  134  139  142  147  150
  154  157  162  165  167  170  171  174  175  176  177  177  177  175  174  171
  170  166  165  160  158  154  152  158  142                                   
    75.0-180.0 180.0   5.0 450.0                            LAT/LON1/LON2/DLON/H
  149  153  151  154  153  155  159  164  171  181  191  202  212  218  223  224
  224  221  218  214  211  207  204  200  197  193  189  185  181  176  174  168
  166  159  156  150  146  141  139  136  136  136  138  140  143  146  149  152
  155  156  158  159  160  160  160  161  162  162  163  163  164  163  164  162
  163  162  164  160  160  157  159  169  149                                   
    72.5-180.0 180.0   5.0 450.0                            LAT/LON1/LON2/DLON/H
  163  168  168  171  171  173  177  182  191  201  212  223  234  240  244  240
  240  230  227  219  217  210  209  204  202  198  195  192  189  185  183  179
  176  170  167  161  157  151  148  144  143  141  143  144  146  148  150  151
  151  151  149  148  146  144  142  143  142  144  145  148  149  151  153  154
  156  159  162  163  166  166  170  187  163                                   
    70.0-180.0 180.0   5.0 450.0                            LAT/LON1/LON2/DLON/H
  183  190  191  196  195  196  198  203  210  219  228  239  248  254  254  253
  248  238  229  222  216  211  207  207  205  202  200  197  195  190  190  184
  183  176  174  167  163  156  153  149  147  145  146  146  148  148  149  147
  147  142  139  133  130  125  122  120  122  122  125  128  133  136  141  144
  150  154  162  165  173  176  183  206  183                                   
    67.5-180.0 180.0   5.0 450.0                            LAT/LON1/LON2/DLON/H
  207  211  214  217  217  214  216  218  225  233  242  251  261  264  264  260
  253  242  231  221  215  209  207  206  206  203  200  197  194  190  187  184
  181  177  173  167  163  157  153  149  146  144  143  143  143  143  142  140
  136  131  125  119  112  107  102  101  100  104  106  112  117  124  130  136
  144  152  161  170  178  188  197  224  207                                   
    65.0-180.0 180.0   5.0 450.0                            LAT/LON1/LON2/DLON/H
  225  232  236  239  239  235  234  236  241  248  256  263  273  273  275  269
  263  250  239  229  221  216  213  212  209  205  201  195  190  184  182  177
  176  170  168  161  158  151  148  143  141  137  137  134  135  131  131  126
  123  116  111  103   97   90   87   85   87   88   93   99  107  114  122  129
  139  148  160  168  181  193  205  236  225                                   
    62.5-180.0 180.0   5.0 450.0                            LAT/LON1/LON2/DLON/H
  243  245  251  252  252  247  245  245  247  254  259  270  276  282  280  278
  268  260  245  238  229  224  221  217  215  207  203  193  188  179  177  171
  169  164  161  155  151  145  141  136  132  130  127  126  123  121  118  115
  109  104   97   91   85   81   78   79   79   84   87   96  102  111  119  129
  138  149  159  172  183  198  211  245  243                                   
    60.0-180.0 180.0   5.0 450.0                            LAT/LON1/LON2/DLON/H
  253  256  267  266  262  258  251  252  250  257  260  272  277  284  286  287
  281  274  263  257  249  245  239  234  226  218  210  200  192  185  179  173
  169  163  159  151  146  139  134  129  125  121  118  114  112  108  104   99
   95   89   85   81   80   77   78   78   81   84   90   98  106  115  124  134
  143  154  165  174  186  199  214  251  253                                   
    57.5-180.0 180.0   5.0 450.0                            LAT/LON1/LON2/DLON/H
  268  272  282  281  276  268  261  258  254  257  258  269  274  286  287  295
  290  290  281  279  273  269  263  255  246  233  224  210  206  194  192  181
  178  169  163  153  146  139  133  128  122  119  113  111  105  102   95   92
   86   83   80   80   79   81   82   85   87   92   96  105  112  123  133  144
  152  163  172  182  190  204  217  257  268                                   
    55.0-180.0 180.0   5.0 450.0                            LAT/LON1/LON2/DLON/H
  279  285  298  294  289  283  273  267  259  259  254  264  267  281  286  297
  297  302  297  298  294  291  286  277  267  254  245  233  224  214  207  198
  190  178  170  159  151  143  136  131  126  121  116  110  106   99   94   88
   85   82   82   83   86   88   92   94   99  102  108  115  125  135  147  157
  166  176  187  193  202  212  228  267  279                                   
    52.5-180.0 180.0   5.0 450.0                            LAT/LON1/LON2/DLON/H
  300  309  322  321  316  308  302  293  282  274  264  267  268  281  287  300
  303  310  309  312  309  309  305  299  290  280  271  262  254  242  233  217
  208  191  181  168  160  152  145  140  134  131  124  121  113  108  100   97
   92   92   91   94   97  101  104  108  110  115  118  127  137  149  161  173
  183  195  205  215  222  233  248  286  300                                   
    50.0-180.0 180.0   5.0 450.0                            LAT/LON1/LON2/DLON/H
  327  338  351  348  348  345  335  326  307  295  278  273  271  279  286  297
  303  310  312  315  316  317  318  315  312  306  301  294  286  273  259  240
  222  204  189  178  168  159  153  147  143  140  136  132  128  121  116  111
  108  107  108  110  114  117  121  122  125  126  132  139  151  164  177  190
  204  218  233  244  256  264  283  314  327                                   
    47.5-180.0 180.0   5.0 450.0                            LAT/LON1/LON2/DLON/H
  355  373  381  385  389  385  381  366  350  329  310  297  291  293  299  307
  311  316  318  320  321  324  326  328  326  326  321  318  308  294  276  252
  231  209  197  183  175  166  160  156  152  152  148  149  143  140  134  132
  129  128  127  129  132  135  137  139  138  140  143  153  163  178  192  209
  224  241  261  276  292  304  320  346  355                                   
    45.0-180.0 180.0   5.0 450.0                            LAT/LON1/LON2/DLON/H
  388  398  409  413  424  425  418  408  385  371  344  331  318  313  316  317
  320  322  323  325  329  334  340  342  343  341  340  332  324  304  282  255
  231  212  198  186  178  169  164  159  158  157  159  158  158  155  154  150
  150  148  148  148  151  152  154  153  153  152  156  163  176  190  208  224
  244  263  287  305  327  336  354  370  388                                   
    42.5-180.0 180.0   5.0 450.0                            LAT/LON1/LON2/DLON/H
  412  425  428  436  447  454  454  442  427  411  390  373  359  348  346  340
  342  336  340  337  344  346  355  353  355  352  349  342  326  301  273  245
  222  206  195  188  180  174  167  165  161  166  165  170  168  170  167  168
  166  165  164  164  165  167  168  168  164  164  165  175  187  205  222  241
  260  282  308  332  357  372  386  399  412                                   
    40.0-180.0 180.0   5.0 450.0                            LAT/LON1/LON2/DLON/H
  434  435  440  442  456  465  473  468  459  445  426  412  394  382  373  365
  359  356  356  360  365  368  375  370  373  362  359  342  325  291  263  235
  217  206  198  196  190  185  178  172  170  170  174  175  179  179  181  180
  181  179  179  177  179  180  180  179  175  173  174  182  198  214  235  253
  273  295  321  347  373  393  407  417  434                                   
    37.5-180.0 180.0   5.0 450.0                            LAT/LON1/LON2/DLON/H
  446  453  446  451  460  473  484  483  483  472  462  449  434  420  410  397
  392  384  389  388  395  393  397  389  387  373  364  344  319  286  259  238
  222  217  212  214  208  203  191  190  178  180  178  184  183  186  185  188
  186  187  183  184  183  187  186  188  183  182  180  190  202  223  240  260
  277  298  323  352  380  406  422  431  446                                   
    35.0-180.0 180.0   5.0 450.0                            LAT/LON1/LON2/DLON/H
  456  460  455  453  464  474  489  494  501  497  493  483  474  461  450  441
  433  430  433  435  438  433  429  416  408  389  377  354  332  299  279  262
  259  257  259  261  252  244  224  214  198  194  189  189  188  190  188  190
  189  190  187  188  189  193  195  195  191  186  186  194  210  229  251  266
  284  298  321  345  375  401  419  433  456                                   
    32.5-180.0 180.0   5.0 450.0                            LAT/LON1/LON2/DLON/H
  462  473  467  472  477  487  499  510  519  519  520  514  510  501  490  482
  475  473  474  476  475  469  457  442  429  412  399  382  368  346  334  327
  328  329  331  326  315  295  273  253  232  230  219  214  205  201  194  193
  189  187  185  185  187  192  195  197  192  189  188  199  217  240  262  281
  293  307  323  345  372  403  422  436  462                                   
    30.0-180.0 180.0   5.0 450.0                            LAT/LON1/LON2/DLON/H
  474  486  488  488  500  503  517  526  537  532  537  529  530  518  517  507
  502  501  501  504  501  492  478  461  448  433  428  418  418  408  411  408
  412  411  411  405  390  371  337  317  281  276  258  250  237  231  220  215
  204  202  195  195  194  196  196  192  183  177  173  186  205  236  262  288
  303  321  337  354  377  403  427  441  474                                   
    27.5-180.0 180.0   5.0 450.0                            LAT/LON1/LON2/DLON/H
  492  512  519  532  541  550  560  568  572  568  566  560  554  544  535  528
  526  525  523  525  518  508  492  478  468  463  468  476  488  495  495  493
  498  498  491  470  443  417  393  365  341  326  306  293  272  263  245  240
  225  219  209  208  204  204  202  195  186  177  177  183  202  234  274  302
  324  339  357  375  397  426  446  459  492                                   
    25.0-180.0 180.0   5.0 450.0                            LAT/LON1/LON2/DLON/H
  520  548  566  583  599  608  612  621  623  617  611  596  586  565  555  542
  541  539  540  537  527  518  505  491  490  491  510  526  550  562  580  583
  588  581  559  529  489  463  432  412  383  371  345  331  306  292  275  263
  243  231  215  210  202  202  199  194  181  174  166  179  199  246  281  320
  342  366  377  397  413  439  465  479  520                                   
    22.5-180.0 180.0   5.0 450.0                            LAT/LON1/LON2/DLON/H
  561  603  626  655  671  681  682  685  687  689  679  660  638  610  588  571
  566  566  564  555  540  529  519  515  523  539  569  597  630  652  664  670
  663  641  604  560  517  484  454  433  413  399  379  362  339  325  305  294
  269  256  232  226  209  207  195  192  178  173  170  177  201  239  292  334
  364  387  405  424  439  464  490  511  561                                   
    20.0-180.0 180.0   5.0 450.0                            LAT/LON1/LON2/DLON/H
  596  651  679  717  739  751  752  755  758  765  755  734  704  662  634  607
  596  590  584  567  550  537  533  537  556  580  619  649  680  697  704  699
  677  644  597  547  498  464  440  434  418  417  393  382  359  347  330  315
  292  272  253  238  224  211  199  185  175  167  164  174  196  242  291  348
  377  407  424  447  463  491  522  544  596                                   
    17.5-180.0 180.0   5.0 450.0                            LAT/LON1/LON2/DLON/H
  623  681  727  767  795  811  815  817  824  832  824  808  775  730  691  660
  643  633  617  595  571  560  558  572  600  630  666  687  697  700  688  668
  631  588  539  488  444  423  410  413  402  402  380  372  353  350  336  327
  305  289  265  249  231  217  199  186  169  165  161  174  201  243  299  346
  385  412  435  462  484  517  554  569  623                                   
    15.0-180.0 180.0   5.0 450.0                            LAT/LON1/LON2/DLON/H
  645  704  756  800  834  856  862  865  869  879  877  865  836  795  749  720
  691  676  650  626  598  586  589  608  640  666  687  693  683  663  628  590
  539  490  440  400  374  369  365  375  365  363  342  337  326  328  323  317
  303  288  269  255  234  221  198  188  169  169  165  184  206  257  299  347
  381  414  438  471  498  539  578  593  645                                   
    12.5-180.0 180.0   5.0 450.0                            LAT/LON1/LON2/DLON/H
  651  715  766  819  853  875  885  884  894  903  912  906  883  845  803  776
  744  721  693  673  646  637  640  658  683  694  694  676  636  590  535  482
  421  378  344  329  323  333  334  343  332  324  304  297  293  299  301  300
  292  280  263  250  225  212  187  180  164  173  173  194  213  247  291  332
  371  406  434  472  504  548  593  602  651                                   
    10.0-180.0 180.0   5.0 450.0                            LAT/LON1/LON2/DLON/H
  663  731  784  830  863  883  890  889  899  913  932  934  919  893  859  828
  793  768  741  722  703  694  693  705  717  712  689  642  575  504  428  359
  310  282  276  280  295  308  316  321  304  290  265  258  255  265  270  275
  270  261  244  232  204  195  169  172  160  175  175  194  207  243  278  324
  358  399  428  473  508  563  608  619  663                                   
     7.5-180.0 180.0   5.0 450.0                            LAT/LON1/LON2/DLON/H
  671  746  790  838  865  882  884  887  895  914  936  946  938  920  894  866
  838  812  789  773  760  757  751  751  746  722  672  601  511  422  339  285
