data/unet/pred0380.15i
     1.0            IONOSPHERE MAPS     GNSS                IONEX VERSION / TYPE
pyspatialgeodesy        IME             05-JAN-18 20:20     PGM / RUN BY / DATE 
Map Name                                                    COMMENT             
Predicted global ionosphere maps (GIM).                     DESCRIPTION         
  2015     2     7     0     0     0                        EPOCH OF FIRST MAP  
  2015     2     8     0     0     0                        EPOCH OF LAST MAP   
  7200                                                      INTERVAL            
    13                                                      # OF MAPS IN FILE   
  NONE                                                      MAPPING FUNCTION    
10.0                                                        ELEVATION CUTOFF    
One-way carrier phase leveled to code                       OBSERVABLES USED    
  6371.0                                                    BASE RADIUS         
 2                                                          MAP DIMENSION       
   450.0 450.0   0.0                                        HGT1 / HGT2 / DHGT  
    87.5 -87.5  -2.5                                        LAT1 / LAT2 / DLAT  
  -180.0 180.0   5.0                                        LON1 / LON2 / DLON  
    -1                                                      EXPONENT            
                                                            END OF HEADER       
[from data line 858]
     3                                                      START OF TEC MAP    
  2015     2     7     4     0     0                        EPOCH OF CURRENT MAP
    87.5-180.0 180.0   5.0 450.0                            LAT/LON1/LON2/DLON/H
   87  114  106  104  105  101  102  101  103  103  104  105  105  105  104  104
  103  103  100   99   97   96   94   93   92   92   91   91   90   92   90   92
   90   92   90   92   90   93   90   93   90   94   91   94   92   96   94   97
   95   99   98  102  101  105  104  107  107  110  110  112  111  113  111  112
  111  112  110  112  113  111  121   91   87                                   
    85.0-180.0 180.0   5.0 450.0                            LAT/LON1/LON2/DLON/H
  129  114   97  105   99   96   92   93   93   95   94   97   97  100   98  100
   98   99   95   96   91   91   87   87   84   84   81   82   80   81   79   81
   79   81   80   82   81   84   83   87   85   89   88   92   90   95   93   98
   97  101  102  107  108  112  115  118  121  124  125  127  128  129  128  129
  127  128  125  127  124  121  125  134  129                                   
    82.5-180.0 180.0   5.0 450.0                            LAT/LON1/LON2/DLON/H
  130  107  105  105   95   94   89   93   91   96   95  100   99  103  101  104
  101  103   98   98   94   92   87   85   81   79   75   72   70   67   67   65
   66   65   67   66   70   69   74   74   79   78   84   83   89   88   93   93
   98   99  104  106  113  114  123  124  133  133  141  142  146  146  148  147
  146  145  143  141  138  134  136  133  130                                   
    80.0-180.0 180.0   5.0 450.0                            LAT/LON1/LON2/DLON/H
  145  122  115  108   99   94   91   91   92   94   97  100  104  106  108  109
  109  108  105  104   99   96   90   86   80   76   72   68   64   62   61   61
   63   64   66   68   71   73   76   78   82   82   86   86   90   90   95   96
  101  103  110  114  121  125  133  139  146  152  159  164  169  173  176  178
  178  179  175  176  168  158  152  150  145                                   
    77.5-180.0 180.0   5.0 450.0                            LAT/LON1/LON2/DLON/H
  160  135  123  111   98   90   85   84   83   86   89   95   99  104  107  110
  110  110  107  105   99   94   88   82   75   70   65   62   58   56   57   58
   62   65   69   73   77   80   84   86   88   89   91   91   92   92   95   95
   99  103  111  117  127  135  145  153  163  172  180  189  197  202  207  210
  212  210  208  204  199  187  178  168  160                                   
    75.0-180.0 180.0   5.0 450.0                            LAT/LON1/LON2/DLON/H
  172  154  138  121  104   95   87   85   84   86   89   93   99  103  108  109
  111  110  109  105  100   94   86   79   72   66   61   57   55   53   56   57
   63   67   73   77   82   84   89   88   91   90   91   90   90   89   90   91
   94   99  109  118  131  138  152  159  173  180  193  200  212  218  226  230
  235  236  235  233  223  208  202  186  172                                   
    72.5-180.0 180.0   5.0 450.0                            LAT/LON1/LON2/DLON/H
  198  173  156  135  114  102   91   87   84   84   85   90   95  100  104  106
  108  108  108  105  100   96   88   82   75   69   64   62   60   60   63   65
   70   74   79   82   86   87   90   89   91   88   89   85   87   84   88   87
   93  101  116  127  143  152  166  177  188  198  208  218  227  234  241  248
  254  257  258  255  250  238  230  214  198                                   
    70.0-180.0 180.0   5.0 450.0                            LAT/LON1/LON2/DLON/H
  215  195  176  154  127  113   99   94   89   87   88   89   93   94   99   98
  103  100  104  100  101   94   91   83   80   72   71   66   68   65   71   70
   77   77   83   83   87   85   88   87   87   85   85   83   81   81   80   85
   90  106  120  138  153  167  182  194  209  217  229  236  246  251  259  264
  272  275  278  278  272  265  252  239  215                                   
    67.5-180.0 180.0   5.0 450.0                            LAT/LON1/LON2/DLON/H
  239  218  196  172  141  124  108  102   94   93   89   90   89   90   90   91
   93   93   96   96   97   95   93   88   85   81   78   76   75   75   76   78
   79   81   81   83   81   81   80   80   81   80   80   77   77   76   77   83
   96  110  130  148  166  183  201  216  229  239  249  258  263  267  271  276
  281  285  289  289  289  286  276  264  239                                   
    65.0-180.0 180.0   5.0 450.0                            LAT/LON1/LON2/DLON/H
  258  238  218  192  160  139  120  112  103  101   94   93   89   87   84   83
   86   84   90   90   95   93   95   91   91   86   87   82   82   79   81   78
   81   78   78   75   73   72   70   71   71   72   70   72   69   72   72   86
   98  120  139  161  184  205  226  240  256  263  274  276  282  280  282  282
  289  293  298  298  304  301  291  279  258                                   
    62.5-180.0 180.0   5.0 450.0                            LAT/LON1/LON2/DLON/H
  273  253  233  207  173  149  127  118  107  104   95   94   88   84   78   78
   78   79   83   86   91   93   95   95   93   91   88   87   82   81   77   77
   73   73   68   65   61   60   59   61   63   64   65   66   66   66   74   84
  104  125  151  176  206  229  249  264  278  286  293  294  297  294  291  291
  293  296  299  302  312  308  299  292  273                                   
    60.0-180.0 180.0   5.0 450.0                            LAT/LON1/LON2/DLON/H
  279  262  244  220  188  162  136  125  112  107   96   95   90   84   78   76
   77   78   84   85   92   92   96   94   95   90   89   83   81   75   74   68
   68   63   57   54   52   51   50   54   55   60   60   63   62   65   72   90
  110  138  167  196  230  251  273  287  302  306  313  312  316  311  308  304
  304  303  304  308  317  311  301  292  279                                   
    57.5-180.0 180.0   5.0 450.0                            LAT/LON1/LON2/DLON/H
  285  269  255  230  195  168  140  126  113  106   95   92   87   83   78   77
   77   80   82   85   88   91   92   92   91   88   83   79   73   72   64   64
   58   56   51   50   48   48   49   51   55   59   59   61   61   65   76   93
  121  149  182  214  246  269  289  305  319  324  329  329  332  329  325  320
  317  313  312  314  324  317  305  302  285                                   
    55.0-180.0 180.0   5.0 450.0                            LAT/LON1/LON2/DLON/H
  291  276  264  238  204  175  145  130  114  105   91   88   82   82   78   78
   79   81   84   83   88   86   90   86   86   80   76   69   66   61   58   56
   56   54   53   51   52   51   53   55   58   61   60   60   61   66   79  103
  131  161  197  230  265  284  308  321  337  344  351  352  354  351  348  344
  337  332  329  330  337  327  314  306  291                                   
    52.5-180.0 180.0   5.0 450.0                            LAT/LON1/LON2/DLON/H
  304  292  280  252  216  185  154  134  117  105   91   85   80   81   80   82
   83   85   84   84   83   84   83   82   80   74   70   63   60   56   55   54
   55   56   58   58   61   60   63   63   66   67   66   66   68   75   90  114
  146  176  214  247  278  299  319  335  351  360  366  368  370  370  367  363
  357  352  347  345  350  341  326  322  304                                   
    50.0-180.0 180.0   5.0 450.0                            LAT/LON1/LON2/DLON/H
  318  310  297  269  236  204  171  145  125  109   90   84   78   79   80   83
   85   83   83   80   81   78   81   76   77   69   68   62   60   58   58   59
   62   63   67   68   72   72   73   74   76   74   73   71   76   85  104  130
  161  194  233  265  295  312  334  346  365  373  381  382  385  383  380  376
  372  365  359  355  357  345  332  323  318                                   
    47.5-180.0 180.0   5.0 450.0                            LAT/LON1/LON2/DLON/H
  333  326  315  294  261  232  193  165  139  120   99   88   81   81   81   85
   85   83   80   77   77   78   79   79   79   74   74   67   67   63   65   65
   70   72   78   80   85   85   87   86   88   85   84   84   91  101  123  149
  183  216  254  283  307  326  343  358  373  380  385  385  386  384  379  375
  371  367  362  357  357  348  331  328  333                                   
    45.0-180.0 180.0   5.0 450.0                            LAT/LON1/LON2/DLON/H
  338  331  322  308  280  253  218  186  155  131  109   94   86   82   84   82
   85   78   79   74   79   79   84   82   85   81   81   75   73   69   70   70
   73   78   83   88   93   95   96   97   97   94   93   95  104  119  140  169
  203  240  277  302  327  341  359  371  385  390  391  388  385  381  375  369
  365  359  357  352  351  341  329  322  338                                   
    42.5-180.0 180.0   5.0 450.0                            LAT/LON1/LON2/DLON/H
  336  330  323  319  295  272  237  210  175  150  125  108   94   89   85   85
   83   80   80   79   84   87   90   93   93   92   90   85   81   77   75   74
   77   81   89   93  102  103  109  107  108  105  107  111  121  137  162  193
  232  267  298  323  344  362  374  386  396  396  392  386  382  375  368  359
  354  351  349  347  343  331  318  315  336                                   
    40.0-180.0 180.0   5.0 450.0                            LAT/LON1/LON2/DLON/H
  325  316  307  303  289  271  242  218  190  163  138  120  107   95   92   87
   88   83   88   89   99  102  106  104  105  100   98   92   87   83   80   77
   79   82   89   95  104  108  112  115  115  115  117  124  136  156  182  218
  256  291  320  343  365  382  397  405  414  411  405  397  389  380  371  361
  358  352  352  345  339  317  310  301  325                                   
    37.5-180.0 180.0   5.0 450.0                            LAT/LON1/LON2/DLON/H
  315  301  292  287  272  260  237  220  195  176  152  136  119  109  100   98
   97   98  104  110  116  120  121  119  117  112  109  104   98   92   88   83
   85   85   93   98  108  112  119  122  126  128  134  139  154  174  205  241
  278  308  336  360  384  402  417  426  434  431  424  414  407  399  390  380
  376  372  371  360  350  320  307  296  315                                   
    35.0-180.0 180.0   5.0 450.0                            LAT/LON1/LON2/DLON/H
  312  291  274  263  249  239  221  209  191  176  159  145  133  121  115  110
  114  116  127  131  141  140  140  132  129  124  120  118  112  108  101   94
   92   91   98   99  108  111  120  126  131  135  142  153  165  189  220  257
  292  321  346  371  395  417  436  447  459  459  458  451  447  440  434  427
  423  420  413  402  386  350  326  309  312                                   
    32.5-180.0 180.0   5.0 450.0                            LAT/LON1/LON2/DLON/H
  332  299  273  255  235  223  206  196  181  173  159  151  140  134  126  126
  129  136  145  153  160  158  153  144  140  134  133  131  127  126  117  114
  105  106  107  109  113  118  126  132  137  142  153  162  178  201  233  266
  300  326  350  376  402  427  449  468  481  487  489  492  498  497  501  499
  498  493  487  468  450  409  368  348  332                                   
    30.0-180.0 180.0   5.0 450.0                            LAT/LON1/LON2/DLON/H
  383  328  288  254  233  216  197  183  172  162  155  149  145  139  136  136
  143  148  162  168  178  169  163  151  149  148  150  153  152  150  137  134
  126  125  123  119  118  120  130  134  139  144  154  166  182  206  238  273
  305  329  351  377  405  434  460  482  500  512  523  538  557  570  583  592
  594  593  582  564  537  492  435  414  383                                   
    27.5-180.0 180.0   5.0 450.0                            LAT/LON1/LON2/DLON/H
  458  400  335  279  250  228  206  186  170  160  152  148  144  142  139  142
  147  157  169  177  180  171  163  154  156  162  170  180  177  176  163  167
  157  158  147  143  127  122  126  131  134  140  150  164  184  208  238  272
  303  327  349  376  408  444  476  504  529  548  570  599  637  662  693  714
  724  721  706  674  647  602  548  517  458                                   
    25.0-180.0 180.0   5.0 450.0                            LAT/LON1/LON2/DLON/H
  570  500  429  351  295  266  236  208  184  165  155  148  148  144  144  144
  150  154  166  169  173  164  159  156  166  181  198  209  211  215  205  208
  198  192  170  159  137  129  127  129  132  135  148  162  185  213  243  274
  307  330  355  384  419  456  498  531  562  591  619  663  711  750  794  825
  841  843  829  805  773  729  680  642  570                                   
    22.5-180.0 180.0   5.0 450.0                            LAT/LON1/LON2/DLON/H
  689  615  543  462  395  341  288  255  219  193  173  162  157  153  148  147
  146  151  155  158  160  156  156  163  180  206  221  242  244  256  240  237
  218  202  177  159  130  121  112  120  124  128  138  156  183  216  249  280
  313  335  364  397  437  482  527  569  604  642  679  729  779  825  872  902
  918  922  918  900  885  855  807  766  689                                   
    20.0-180.0 180.0   5.0 450.0                            LAT/LON1/LON2/DLON/H
  783  740  656  572  506  448  378  328  275  241  208  192  182  167  161  153
  150  147  151  152  155  157  165  181  208  235  262  284  285  293  265  245
  220  201  173  154  127  113  100  105  116  121  130  151  182  224  259  294
  330  355  386  422  466  514  560  603  646  685  724  773  816  865  901  935
  954  961  961  948  948  923  895  854  783                                   
    17.5-180.0 180.0   5.0 450.0                            LAT/LON1/LON2/DLON/H
  855  826  767  682  617  549  484  420  353  305  264  243  227  210  192  175
  163  157  153  157  163  174  186  212  238  281  302  326  320  314  279  244
  216  194  171  156  127  115   98   94   98  102  115  140  178  222  265  308
  346  377  414  453  499  547  591  639  681  724  760  804  834  874  899  925
  937  949  955  958  968  961  943  916  855                                   
    15.0-180.0 180.0   5.0 450.0                            LAT/LON1/LON2/DLON/H
  893  872  834  765  715  640  579  511  450  393  339  307  286  260  236  214
  195  181  178  181  195  208  228  255  293  334  349  349  329  308  266  229
  202  188  165  146  122  109   92   89   90   99  107  142  176  231  277  325
  363  399  439  482  529  578  620  663  705  751  779  811  833  865  878  895
  900  907  919  928  953  953  940  929  893                                   
    12.5-180.0 180.0   5.0 450.0                            LAT/LON1/LON2/DLON/H
  894  899  882  833  791  724  660  593  538  483  430  393  360  329  301  274
  248  233  228  234  244  268  294  339  365  389  379  361  321  277  241  212
  198  184  167  148  131  117  105   96   89   91  103  136  180  235  288  337
  378  415  457  503  553  592  634  676  719  756  779  799  810  823  826  835
  834  847  858  881  907  926  910  919  894                                   
    10.0-180.0 180.0   5.0 450.0                            LAT/LON1/LON2/DLON/H
  872  901  895  871  837  782  730  663  620  566  522  480  445  412  378  349
  325  310  305  321  343  369  394  416  423  414  388  347  300  252  224  202
  195  174  160  143  130  121  109  101   94  101  107  147  184  246  292  340
  382  423  467  519  564  601  637  673  719  752  774  787  797  800  799  798
  796  801  812  830  857  876  871  887  872                                   
     7.5-180.0 180.0   5.0 450.0                            LAT/LON1/LON2/DLON/H
  846  891  898  885  860  815  766  717  677  640  599  562  522  487  457  434
  413  406  409  430  452  473  483  484  465  432  381  328  278  232  216  200
