data/unet/pred3190.15i
     1.0            IONOSPHERE MAPS     GNSS                IONEX VERSION / TYPE
pyspatialgeodesy        IME             05-JAN-18 20:20     PGM / RUN BY / DATE 
Map Name                                                    COMMENT             
Predicted global ionosphere maps (GIM).                     DESCRIPTION         
  2015    11    15     0     0     0                        EPOCH OF FIRST MAP  
  2015    11    16     0     0     0                        EPOCH OF LAST MAP   
  7200                                                      INTERVAL            
    13                                                      # OF MAPS IN FILE   
  NONE                                                      MAPPING FUNCTION    
10.0                                                        ELEVATION CUTOFF    
One-way carrier phase leveled to code                       OBSERVABLES USED    
  6371.0                                                    BASE RADIUS         
 2                                                          MAP DIMENSION       
   450.0 450.0   0.0                                        HGT1 / HGT2 / DHGT  
    87.5 -87.5  -2.5                                        LAT1 / LAT2 / DLAT  
  -180.0 180.0   5.0                                        LON1 / LON2 / DLON  
    -1                                                      EXPONENT            
                                                            END OF HEADER       
[from data line 429]
     2                                                      START OF TEC MAP    
  2015    11    15     2     0     0                        EPOCH OF CURRENT MAP
    87.5-180.0 180.0   5.0 450.0                            LAT/LON1/LON2/DLON/H
   85   82   77   66   67   60   62   59   63   59   63   58   61   58   61   57
   59   57   59   56   58   56   57   55   56   54   55   53   55   53   54   52
   55   53   56   55   58   57   60   59   62   62   65   64   67   67   69   69
   73   72   75   74   79   78   81   80   84   81   84   81   85   80   83   78
   82   77   81   75   84   72   77   71   85                                   
    85.0-180.0 180.0   5.0 450.0                            LAT/LON1/LON2/DLON/H
   84   89   68   69   64   60   59   59   59   59   59   59   59   59   59   58
   57   57   56   55   54   53   52   50   49   48   46   46   44   45   43   44
   44   45   45   47   47   49   50   52   54   56   58   60   63   64   67   68
   71   72   75   75   80   79   83   82   86   84   87   85   88   86   87   85
   86   83   84   81   82   73   80   94   84                                   
    82.5-180.0 180.0   5.0 450.0                            LAT/LON1/LON2/DLON/H
   85   83   79   74   68   60   61   57   60   56   61   56   62   57   64   58
   64   58   63   57   60   54   57   50   52   45   47   41   43   38   41   37
   40   37   42   40   45   43   49   49   55   55   62   62   68   68   73   73
   79   77   83   82   88   86   92   90   96   94   98   97  101  100  101  101
  101  101  101   99   96   87   92  104   85                                   
    80.0-180.0 180.0   5.0 450.0                            LAT/LON1/LON2/DLON/H
   91   84   77   71   67   58   57   53   54   52   55   55   58   59   63   64
   67   65   67   64   65   60   59   52   51   44   44   37   38   33   34   31
   34   31   36   35   40   39   46   46   53   53   60   60   66   65   72   70
   76   74   80   78   85   83   91   89   97   95  104  101  110  106  114  110
  117  111  118  110  109   97   94  104   91                                   
    77.5-180.0 180.0   5.0 450.0                            LAT/LON1/LON2/DLON/H
   96   93   83   79   66   64   55   56   50   55   53   59   58   66   65   73
   70   76   72   75   69   68   61   58   49   47   40   39   34   34   31   33
   31   34   33   38   38   43   44   50   50   56   56   62   61   65   64   68
   66   70   68   73   72   77   77   82   84   90   93   99  102  107  111  115
  117  120  121  121  117  110  108  113   96                                   
    75.0-180.0 180.0   5.0 450.0                            LAT/LON1/LON2/DLON/H
  107  100   91   85   74   67   60   56   52   52   53   56   59   64   68   72
   74   76   77   76   73   69   64   58   52   47   43   39   38   36   37   37
   39   39   41   43   44   46   48   51   53   55   57   58   60   60   60   59
   60   59   60   60   62   63   66   69   74   78   85   90   97  101  108  112
  117  121  126  127  125  120  119  119  107                                   
    72.5-180.0 180.0   5.0 450.0                            LAT/LON1/LON2/DLON/H
  122  115  106   97   82   75   65   62   54   56   53   58   57   64   65   72
   72   78   76   77   72   69   62   56   49   46   41   41   39   41   42   45
   46   48   48   50   49   52   52   54   52   55   54   56   54   55   53   52
   50   50   48   49   47   50   51   57   61   68   73   81   88   94  102  107
  115  120  127  130  132  130  133  127  122                                   
    70.0-180.0 180.0   5.0 450.0                            LAT/LON1/LON2/DLON/H
  139  129  118  113   98   89   78   73   66   63   60   60   60   61   63   66
   70   71   73   71   69   64   59   51   48   43   43   42   46   47   52   53
   57   57   59   57   57   55   55   54   54   53   54   53   53   51   50   47
   46   43   42   41   42   43   47   52   59   65   73   80   88   95  103  109
  117  123  131  137  140  140  142  135  139                                   
    67.5-180.0 180.0   5.0 450.0                            LAT/LON1/LON2/DLON/H
  155  144  135  127  111  104   91   87   76   74   65   66   58   62   57   63
   62   68   65   67   62   60   52   48   42   41   40   44   46   52   55   61
   61   63   60   60   55   55   51   51   48   50   49   50   48   48   45   44
   41   39   36   36   36   40   43   51   59   68   76   85   93   98  105  110
  118  123  133  140  146  148  151  142  155                                   
    65.0-180.0 180.0   5.0 450.0                            LAT/LON1/LON2/DLON/H
  165  152  144  138  127  117  107  101   93   86   78   72   66   61   58   57
   60   59   61   59   59   52   49   42   41   38   42   44   51   54   60   62
   65   62   61   56   54   49   47   45   45   45   47   48   48   47   46   42
   41   38   36   36   38   42   50   58   70   81   90  100  107  112  116  119
  124  129  137  144  149  152  156  149  165                                   
    62.5-180.0 180.0   5.0 450.0                            LAT/LON1/LON2/DLON/H
  170  160  150  143  131  124  114  111  101   96   84   79   67   63   54   56
   53   57   55   57   52   50   43   41   36   38   38   43   47   52   54   57
   56   55   50   47   43   40   36   37   37   40   41   44   44   45   43   41
   38   37   35   37   40   47   55   67   81   94  105  114  122  125  128  128
  132  134  140  145  151  156  159  152  170                                   
    60.0-180.0 180.0   5.0 450.0                            LAT/LON1/LON2/DLON/H
  171  161  152  147  139  128  121  115  109  101   93   82   74   63   58   53
   55   52   55   52   53   47   45   39   39   37   40   41   47   48   51   48
   49   44   42   38   37   33   32   32   35   38   42   44   46   45   44   42
   41   38   39   41   47   55   66   81   96  111  121  133  139  142  143  144
  145  145  148  152  155  159  161  157  171                                   
    57.5-180.0 180.0   5.0 450.0                            LAT/LON1/LON2/DLON/H
  175  167  156  148  137  129  120  117  109  104   93   86   74   68   59   59
   55   58   55   57   52   50   44   42   38   40   39   42   43   43   42   40
   37   34   31   30   28   28   27   31   33   38   41   45   46   47   45   44
   42   42   42   47   54   65   77   92  109  121  133  144  153  157  161  161
  161  160  162  162  166  167  169  162  175                                   
    55.0-180.0 180.0   5.0 450.0                            LAT/LON1/LON2/DLON/H
  183  174  164  156  147  135  127  120  113  104   95   86   79   70   66   61
   62   58   59   55   55   49   48   42   44   42   45   43   46   42   41   35
   35   30   31   29   32   32   34   36   40   44   48   50   52   51   50   48
   47   47   50   55   65   76   91  106  120  134  144  157  166  174  178  181
  182  181  180  180  179  180  180  175  183                                   
    52.5-180.0 180.0   5.0 450.0                            LAT/LON1/LON2/DLON/H
  197  193  181  168  155  145  132  125  114  105   94   87   79   75   69   68
   65   64   60   58   55   52   48   47   46   48   49   50   49   46   42   38
   35   35   34   37   38   41   41   45   45   50   52   55   55   55   52   52
   52   55   59   67   77   91  104  118  131  142  153  165  176  186  193  198
  202  202  203  200  201  198  198  189  197                                   
    50.0-180.0 180.0   5.0 450.0                            LAT/LON1/LON2/DLON/H
  214  208  200  191  177  164  150  139  123  111   96   90   82   78   75   71
   68   63   60   55   54   50   50   48   51   52   56   55   56   51   49   43
   44   42   47   49   54   56   57   57   59   61   63   64   64   62   60   60
   62   65   72   81   95  108  121  133  145  154  164  175  187  198  209  216
  222  223  223  221  219  215  213  204  214                                   
    47.5-180.0 180.0   5.0 450.0                            LAT/LON1/LON2/DLON/H
  229  229  221  214  200  186  168  154  134  118  101   92   85   82   77   74
   69   63   58   55   52   52   52   53   56   59   63   64   65   62   58   55
   54   57   60   66   69   71   70   69   68   69   70   70   68   68   66   69
   71   79   87  100  113  126  136  148  157  167  173  184  195  208  219  230
  236  240  240  238  236  230  226  214  229                                   
    45.0-180.0 180.0   5.0 450.0                            LAT/LON1/LON2/DLON/H
  239  237  233  232  224  212  194  174  152  133  111  100   90   86   80   73
   67   59   55   52   53   53   55   57   60   64   68   70   71   68   67   64
   66   68   74   79   84   85   84   81   81   79   81   79   79   77   77   78
   83   91  104  118  132  145  155  164  173  180  185  193  204  216  230  239
  246  248  248  245  241  236  231  220  239                                   
    42.5-180.0 180.0   5.0 450.0                            LAT/LON1/LON2/DLON/H
  238  240  237  241  235  228  209  191  164  146  122  109   97   92   83   76
   66   60   56   57   58   62   63   65   67   70   74   75   76   75   73   72
   72   77   83   89   92   94   90   88   86   86   86   86   85   86   85   88
   95  107  120  135  148  162  170  181  187  194  197  204  212  223  233  242
  248  251  250  246  243  236  231  217  238                                   
    40.0-180.0 180.0   5.0 450.0                            LAT/LON1/LON2/DLON/H
  232  231  228  236  235  229  216  201  177  157  134  120  107   98   89   77
   70   64   64   66   71   74   75   76   75   77   77   78   79   76   76   74
   77   80   87   92   97   97   98   95   96   95   98   97   97   95   95   96
  105  117  132  147  163  176  186  195  202  207  211  216  225  232  242  248
  254  252  252  245  242  234  227  210  232                                   
    37.5-180.0 180.0   5.0 450.0                            LAT/LON1/LON2/DLON/H
  222  218  211  215  215  214  204  196  175  160  139  126  114  106   95   86
   79   78   79   86   90   93   91   89   86   83   81   79   78   76   75   73
   75   78   85   89   95   97   98   98  101  102  104  105  104  103  102  106
  112  125  140  158  175  191  199  209  216  220  225  228  236  243  251  256
  259  260  257  252  250  237  229  207  222                                   
    35.0-180.0 180.0   5.0 450.0                            LAT/LON1/LON2/DLON/H
  219  214  198  197  192  192  185  179  166  156  141  131  121  112  103   95
   92   92   98  104  109  109  105  101   94   89   84   80   78   75   74   73
   75   77   83   86   93   96  100  101  107  109  113  112  112  108  106  106
  113  125  142  162  183  199  212  221  229  234  240  245  254  263  272  276
  281  278  278  271  266  251  243  222  219                                   
    32.5-180.0 180.0   5.0 450.0                            LAT/LON1/LON2/DLON/H
  236  228  203  188  177  168  161  156  149  142  133  128  120  116  108  106
  104  110  115  122  124  122  116  108  101   94   89   83   81   77   77   75
   76   78   83   86   92   96  100  104  109  112  115  114  112  108  106  105
  112  123  142  164  188  210  225  237  246  252  260  266  279  290  304  310
  315  316  313  311  309  295  277  256  236                                   
    30.0-180.0 180.0   5.0 450.0                            LAT/LON1/LON2/DLON/H
  276  265  233  211  186  171  157  150  141  136  130  127  121  118  114  112
  114  118  124  127  126  122  116  111  107  104   99   95   91   88   88   87
   87   88   90   93   95  100  103  106  113  115  118  116  113  108  105  103
  108  117  138  163  193  218  238  251  263  269  280  290  305  319  334  348
  362  369  374  377  379  366  345  312  276                                   
    27.5-180.0 180.0   5.0 450.0                            LAT/LON1/LON2/DLON/H
  355  345  299  264  231  198  175  156  143  135  128  124  119  118  115  116
  118  123  123  122  116  111  107  108  111  114  114  111  110  107  108  108
  109  109  108  107  106  106  106  107  109  111  112  110  106  102   99  100
  104  114  133  157  188  216  239  258  272  285  299  314  331  344  364  384
  406  425  437  450  461  458  438  390  355                                   
    25.0-180.0 180.0   5.0 450.0                            LAT/LON1/LON2/DLON/H
  460  460  417  354  296  252  213  185  163  149  136  130  123  121  116  116
  117  115  111  103   95   91   95  105  119  128  133  134  133  134  136  137
  139  135  129  120  114  109  108  106  108  106  109  104  102   97   95   94
  101  109  133  159  192  218  242  261  280  292  313  331  352  372  395  422
  451  476  499  520  539  544  535  487  460                                   
    22.5-180.0 180.0   5.0 450.0                            LAT/LON1/LON2/DLON/H
  580  585  540  482  422  352  288  240  206  179  159  144  132  124  117  115
  112  107   95   83   71   73   83  105  128  145  156  159  162  166  168  172
  167  164  146  132  119  112  106  102   99   99   98   96   93   90   88   90
   97  109  132  163  197  225  249  271  294  315  336  355  377  401  430  462
  492  523  549  580  607  622  619  582  580                                   
    20.0-180.0 180.0   5.0 450.0                            LAT/LON1/LON2/DLON/H
  683  700  674  619  561  482  398  330  267  224  192  170  152  138  127  119
  110  100   83   69   60   67   88  117  145  167  179  185  191  195  200  197
  190  179  155  135  123  113  107  100   94   92   88   86   83   81   81   81
   92  110  140  174  213  245  275  297  327  346  367  385  410  437  467  499
  530  559  591  623  664  685  685  663  683                                   
    17.5-180.0 180.0   5.0 450.0                            LAT/LON1/LON2/DLON/H
  744  778  759  725  679  602  517  433  362  293  240  206  180  160  144  131
  118  103   84   70   65   78  105  137  168  190  206  214  219  221  219  216
  202  187  159  138  123  110  104   93   86   80   80   76   76   73   74   79
   92  118  150  189  231  268  301  330  356  379  400  421  445  465  496  523
  552  579  609  641  683  708  718  703  744                                   
    15.0-180.0 180.0   5.0 450.0                            LAT/LON1/LON2/DLON/H
  766  800  799  780  749  691  616  535  458  382  309  254  216  193  173  158
  142  127  111  101  104  119  147  173  199  220  232  240  241  241  233  222
  205  184  157  135  123  113  105   98   85   83   78   77   73   72   72   80
  100  130  169  211  257  296  330  361  389  411  434  452  472  490  512  535
  559  581  607  634  670  696  712  712  766                                   
    12.5-180.0 180.0   5.0 450.0                            LAT/LON1/LON2/DLON/H
  736  776  782  775  768  726  672  602  536  462  390  324  271  235  210  193
  180  167  158  156  165  180  202  224  244  257  258  257  255  250  238  219
  201  176  158  135  126  113  107   96   88   81   80   76   72   71   72   85
  109  143  183  230  277  313  352  382  409  436  455  474  489  500  519  535
  553  566  581  598  625  646  671  680  736                                   
    10.0-180.0 180.0   5.0 450.0                            LAT/LON1/LON2/DLON/H
  685  715  731  743  747  731  697  649  590  527  460  399  341  297  261  238
  221  214  210  215  229  244  262  280  287  284  269  262  253  246  232  209
  189  168  154  139  131  124  116  110   98   93   89   83   77   72   77   89
  121  153  199  244  286  323  358  389  420  446  464  478  491  503  515  529
  540  550  555  566  583  599  615  640  685                                   
     7.5-180.0 180.0   5.0 450.0                            LAT/LON1/LON2/DLON/H
  618  639  658  675  704  701  695  662  623  563  508  454  407  366  333  308
  294  285  285  296  309  320  327  328  316  294  273  257  247  237  222  198
