data/unet/pred3310.15i
     1.0            IONOSPHERE MAPS     GNSS                IONEX VERSION / TYPE
pyspatialgeodesy        IME             05-JAN-18 20:20     PGM / RUN BY / DATE 
Map Name                                                    COMMENT             
Predicted global ionosphere maps (GIM).                     DESCRIPTION         
  2015    11    27     0     0     0                        EPOCH OF FIRST MAP  
  2015    11    28     0     0     0                        EPOCH OF LAST MAP   
  7200                                                      INTERVAL            
    13                                                      # OF MAPS IN FILE   
  NONE                                                      MAPPING FUNCTION    
10.0                                                        ELEVATION CUTOFF    
One-way carrier phase leveled to code                       OBSERVABLES USED    
  6371.0                                                    BASE RADIUS         
 2                                                          MAP DIMENSION       
   450.0 450.0   0.0                                        HGT1 / HGT2 / DHGT  
    87.5 -87.5  -2.5                                        LAT1 / LAT2 / DLAT  
  -180.0 180.0   5.0                                        LON1 / LON2 / DLON  
    -1                                                      EXPONENT            
                                                            END OF HEADER       
[from data line 4719]
    12                                                      START OF TEC MAP    
  2015    11    27    22     0     0                        EPOCH OF CURRENT MAP
    87.5-180.0 180.0   5.0 450.0                            LAT/LON1/LON2/DLON/H
  151   91   69   73   72   72   73   75   75   78   77   79   79   81   79   81
   80   81   80   80   79   80   78   78   77   77   76   75   73   73   71   71
   69   69   67   67   65   65   64   64   63   62   62   61   61   60   60   60
   59   59   59   59   59   60   60   60   60   61   61   62   62   62   63   63
   63   64   64   65   66   66   70  117  151                                   
    85.0-180.0 180.0   5.0 450.0                            LAT/LON1/LON2/DLON/H
   85   59   58   61   63   61   65   65   70   70   74   73   77   76   78   76
   79   76   77   74   76   72   73   69   70   67   67   63   63   60   59   56
   55   53   53   51   50   49   48   46   46   45   45   43   43   42   42   41
   42   41   42   41   42   42   43   43   44   44   45   44   45   44   45   45
   46   46   47   46   49   48   52   90   85                                   
    82.5-180.0 180.0   5.0 450.0                            LAT/LON1/LON2/DLON/H
   71   54   53   57   56   58   60   64   67   71   73   76   78   81   81   82
   82   82   80   80   77   77   73   73   69   69   65   64   61   60   58   56
   55   53   52   50   49   47   46   44   43   41   41   38   39   36   38   35
   37   36   38   37   40   38   41   40   42   41   42   41   42   41   41   40
   41   40   41   40   41   37   41   75   71                                   
    80.0-180.0 180.0   5.0 450.0                            LAT/LON1/LON2/DLON/H
   73   54   53   54   56   55   62   62   71   71   79   79   85   84   88   85
   88   84   84   81   79   75   73   69   67   64   62   59   58   56   55   54
   52   51   50   49   47   46   43   42   39   37   36   34   33   31   32   30
   32   31   33   33   36   36   39   39   42   40   42   40   41   38   39   37
   37   36   36   34   34   34   35   67   73                                   
    77.5-180.0 180.0   5.0 450.0                            LAT/LON1/LON2/DLON/H
   69   54   51   50   53   51   59   60   70   72   81   80   87   85   89   85
   86   81   81   75   74   68   66   61   59   55   54   51   50   48   48   46
   46   44   45   42   42   39   39   35   33   31   30   28   27   24   25   23
   25   24   28   28   32   32   36   36   39   37   40   36   37   33   35   31
   32   29   30   27   30   28   29   64   69                                   
    75.0-180.0 180.0   5.0 450.0                            LAT/LON1/LON2/DLON/H
   76   62   61   64   66   68   73   77   84   88   94   95   98   96   96   92
   90   85   82   76   71   67   62   59   54   53   49   49   46   46   45   46
   44   45   43   42   40   40   37   36   32   32   29   29   27   26   25   25
   26   27   29   31   34   36   39   40   42   40   41   38   38   34   34   31
   32   30   31   30   33   36   39   70   76                                   
    72.5-180.0 180.0   5.0 450.0                            LAT/LON1/LON2/DLON/H
   90   80   77   82   84   86   91   93   99  103  108  108  110  106  104   98
   94   87   84   76   71   66   62   57   53   51   49   46   46   44   45   44
   45   43   43   41   40   38   35   33   30   30   28   27   25   25   24   25
   25   27   29   32   34   37   39   41   42   42   41   39   38   35   34   31
   32   31   34   34   40   43   50   80   90                                   
    70.0-180.0 180.0   5.0 450.0                            LAT/LON1/LON2/DLON/H
  109   98   98  103  107  109  113  115  120  124  126  128  127  123  117  110
  102   95   88   81   74   69   63   58   52   50   46   44   42   42   42   42
   42   42   40   39   36   35   32   30   27   28   27   27   26   27   27   27
   28   29   32   32   37   37   42   41   45   42   43   38   38   34   35   32
   35   35   40   41   49   57   66   93  109                                   
    67.5-180.0 180.0   5.0 450.0                            LAT/LON1/LON2/DLON/H
  128  117  116  123  125  124  129  131  136  140  142  143  141  136  128  119
  110  101   93   84   78   71   66   59   53   48   45   42   41   40   41   40
   40   38   38   35   32   29   26   25   22   23   22   24   23   25   24   26
   26   27   28   30   32   35   37   39   40   40   39   37   35   33   33   32
   35   38   44   50   60   70   79  106  128                                   
    65.0-180.0 180.0   5.0 450.0                            LAT/LON1/LON2/DLON/H
  144  131  133  136  140  140  145  148  153  157  161  161  158  152  142  132
  121  111  102   93   85   77   69   61   54   48   44   41   40   39   38   38
   37   35   32   29   26   23   20   19   18   19   20   22   23   25   25   26
   26   26   28   27   31   31   35   35   39   36   37   32   34   31   34   33
   39   42   52   58   70   81   93  118  144                                   
    62.5-180.0 180.0   5.0 450.0                            LAT/LON1/LON2/DLON/H
  152  143  143  149  152  150  157  159  166  170  174  172  170  162  153  142
  130  121  110   99   90   80   71   62   54   47   42   39   38   37   37   36
   34   30   28   23   20   16   13   13   13   15   17   20   22   24   24   24
   23   23   21   22   23   25   27   29   32   32   31   30   31   30   32   34
   40   46   55   65   77   89  101  127  152                                   
    60.0-180.0 180.0   5.0 450.0                            LAT/LON1/LON2/DLON/H
  159  148  151  155  161  160  168  171  179  184  187  187  182  175  164  155
  142  132  120  109   98   86   75   64   55   47   43   40   39   39   38   37
   33   30   23   20   15   12   10   12   12   17   19   24   26   27   26   26
   24   23   21   20   21   22   24   25   29   27   28   26   29   29   34   37
   45   51   61   70   82   94  106  130  159                                   
    57.5-180.0 180.0   5.0 450.0                            LAT/LON1/LON2/DLON/H
  158  152  154  160  163  164  169  174  182  187  191  190  187  179  171  162
  153  142  131  118  106   92   79   66   57   49   45   43   44   44   44   41
   38   31   27   21   17   14   14   15   18   21   26   29   32   32   30   30
   25   24   20   21   19   21   21   25   26   27   26   27   29   32   36   41
   49   57   65   75   86   97  107  132  158                                   
    55.0-180.0 180.0   5.0 450.0                            LAT/LON1/LON2/DLON/H
  160  153  159  164  170  169  176  179  185  190  192  193  190  186  179  175
  165  156  142  129  113   99   83   72   62   56   52   52   53   54   53   51
   44   40   32   29   24   23   23   26   29   33   37   41   42   42   39   36
   32   30   26   25   23   25   24   27   28   29   28   29   31   35   41   48
   58   66   75   84   92  101  111  134  160                                   
    52.5-180.0 180.0   5.0 450.0                            LAT/LON1/LON2/DLON/H
  162  158  163  172  177  177  180  183  187  192  191  192  188  187  183  180
  174  164  152  136  120  103   90   77   70   63   62   61   65   65   65   60
   55   48   43   39   37   36   37   40   43   46   50   53   53   52   48   45
   39   38   33   34   31   33   32   35   35   36   33   34   35   40   46   55
   65   76   85   94  102  108  114  139  162                                   
    50.0-180.0 180.0   5.0 450.0                            LAT/LON1/LON2/DLON/H
  167  164  173  183  188  188  192  195  197  199  196  196  191  189  187  188
  180  174  159  144  124  109   96   87   81   78   75   77   77   78   73   70
   62   58   52   51   50   51   53   55   58   61   64   66   67   64   60   56
   51   49   46   46   44   45   44   46   45   44   41   41   41   46   54   64
   77   89   99  107  113  117  123  145  167                                   
    47.5-180.0 180.0   5.0 450.0                            LAT/LON1/LON2/DLON/H
  174  174  183  196  201  204  206  210  207  207  200  197  190  189  188  190
  185  177  164  147  129  114  106   98   96   92   91   88   89   85   82   75
   70   64   62   61   64   66   68   69   71   72   76   77   78   76   71   68
   63   63   60   61   59   59   57   58   56   55   49   48   46   51   58   71
   84   99  111  120  125  128  131  155  174                                   
    45.0-180.0 180.0   5.0 450.0                            LAT/LON1/LON2/DLON/H
  184  184  196  209  215  219  221  225  222  220  210  205  196  195  193  196
  190  183  167  152  135  124  117  115  112  109  103  100   94   89   81   77
   70   68   66   70   73   76   78   79   79   80   83   85   87   84   82   78
   75   75   74   74   73   72   70   68   66   62   57   54   52   56   65   77
   92  108  121  131  136  140  144  165  184                                   
    42.5-180.0 180.0   5.0 450.0                            LAT/LON1/LON2/DLON/H
  192  193  202  216  222  229  231  236  232  230  218  212  202  201  197  198
  192  184  171  156  143  134  133  129  128  121  114  104   96   86   80   72
   70   67   71   74   80   83   85   84   85   84   88   90   92   91   89   87
   85   85   86   85   84   82   79   77   73   69   61   57   55   59   67   80
   96  114  129  140  147  150  154  177  192                                   
    40.0-180.0 180.0   5.0 450.0                            LAT/LON1/LON2/DLON/H
  199  199  206  216  222  227  232  237  237  235  226  222  213  212  207  208
  199  192  178  168  157  152  148  146  141  131  119  106   92   82   73   69
   66   69   72   80   84   88   88   87   86   86   90   92   95   94   93   91
   91   92   92   92   89   87   83   80   77   71   64   60   58   62   72   85
  101  119  133  145  153  158  164  185  199                                   
    37.5-180.0 180.0   5.0 450.0                            LAT/LON1/LON2/DLON/H
  201  203  204  213  216  221  224  230  231  232  227  227  222  222  216  214
  206  198  188  178  171  166  162  154  148  133  118  100   87   75   70   65
   69   71   80   85   92   93   93   89   89   89   93   95   97   97   96   94
   94   95   95   94   91   88   84   82   78   72   65   61   60   65   75   89
  105  122  137  149  159  164  169  194  201                                   
    35.0-180.0 180.0   5.0 450.0                            LAT/LON1/LON2/DLON/H
  207  205  205  207  209  210  213  218  221  224  226  231  232  234  229  227
  217  210  201  195  187  181  172  161  148  131  114   97   84   76   73   75
   79   87   93   99  101  102   99   96   94   94   97   98  100   98   97   95
   94   94   93   92   89   87   83   81   77   72   65   63   63   69   81   95
  112  128  141  153  163  170  177  201  207                                   
    32.5-180.0 180.0   5.0 450.0                            LAT/LON1/LON2/DLON/H
  214  214  209  209  206  204  201  203  207  211  217  228  236  241  238  234
  225  219  212  206  199  190  177  160  146  127  112   98   90   86   90   95
  103  109  116  117  117  113  110  106  104  103  105  105  104  101   99   96
   93   92   90   88   85   84   82   81   77   73   67   65   66   75   87  103
  120  135  148  159  170  176  181  210  214                                   
    30.0-180.0 180.0   5.0 450.0                            LAT/LON1/LON2/DLON/H
  231  230  229  226  220  214  205  204  202  207  213  228  239  248  246  242
  235  231  225  220  209  194  176  157  141  126  116  110  109  113  122  131
  139  143  144  142  136  130  124  120  118  116  116  115  112  107  103   99
   96   93   91   87   86   84   84   82   80   75   69   67   70   81   97  114
  132  147  159  169  180  188  194  224  231                                   
    27.5-180.0 180.0   5.0 450.0                            LAT/LON1/LON2/DLON/H
  256  261  264  263  256  246  234  223  212  212  217  230  243  252  250  246
  239  236  231  224  210  192  170  152  140  131  132  135  144  154  166  175
  181  182  178  168  158  147  138  132  130  128  128  123  119  112  108  102
   97   92   88   85   82   83   83   83   80   76   70   71   74   88  104  126
  144  161  173  183  193  202  208  242  256                                   
    25.0-180.0 180.0   5.0 450.0                            LAT/LON1/LON2/DLON/H
  290  301  312  311  307  299  286  271  247  238  231  243  251  261  259  252
  245  240  235  225  208  187  166  152  146  148  158  170  187  200  210  218
  216  211  198  184  171  159  149  143  141  140  139  133  129  121  116  108
  103   97   92   87   85   85   87   86   84   78   72   71   79   92  113  135
  158  175  190  201  213  226  234  267  290                                   
    22.5-180.0 180.0   5.0 450.0                            LAT/LON1/LON2/DLON/H
  327  349  361  367  369  359  352  333  310  286  267  266  266  270  264  257
  247  241  232  219  202  182  167  160  166  178  198  218  235  245  252  254
  249  236  217  196  180  165  156  149  147  146  145  139  134  125  119  111
  106   98   92   86   84   83   84   84   83   78   72   74   80   98  117  144
  167  189  208  222  235  249  262  294  327                                   
    20.0-180.0 180.0   5.0 450.0                            LAT/LON1/LON2/DLON/H
  365  389  407  416  424  425  418  404  376  348  315  307  293  291  274  266
  255  246  235  220  203  188  180  186  199  219  241  262  276  279  282  279
  268  246  220  193  175  158  151  146  147  146  146  142  136  128  123  116
  110  103   97   91   88   86   86   85   82   77   73   76   85  100  122  148
  176  201  224  242  258  276  292  321  365                                   
    17.5-180.0 180.0   5.0 450.0                            LAT/LON1/LON2/DLON/H
  396  425  445  460  473  476  480  467  447  414  378  356  335  321  298  281
  265  253  238  223  210  202  207  221  245  270  291  302  308  302  302  291
  272  241  211  181  161  143  138  136  140  142  145  142  138  130  125  115
  111  102   99   92   89   86   85   82   80   75   74   79   91  109  128  156
  185  212  239  261  279  300  319  344  396                                   
    15.0-180.0 180.0   5.0 450.0                            LAT/LON1/LON2/DLON/H
  422  452  473  491  509  521  529  527  508  477  434  405  376  361  331  313
  289  272  254  241  232  235  248  274  299  316  326  327  323  309  298  274
  249  216  190  161  144  128  127  127  133  137  142  141  140  131  126  117
  111  105  101   95   92   89   86   82   78   74   73   81   92  111  132  162
  193  223  251  275  294  319  338  361  422                                   
    12.5-180.0 180.0   5.0 450.0                            LAT/LON1/LON2/DLON/H
  433  465  485  505  526  543  561  567  559  536  496  460  427  405  376  354
  328  306  287  274  273  284  303  328  346  356  356  344  326  297  273  243
  214  189  165  144  131  121  120  125  131  137  142  143  143  135  130  120
  116  108  106   99   97   91   86   79   75   71   73   82   97  116  138  169
  200  231  261  287  309  330  351  374  433                                   
    10.0-180.0 180.0   5.0 450.0                            LAT/LON1/LON2/DLON/H
  441  471  485  504  528  550  573  592  596  581  546  509  471  446  418  397
  371  351  331  322  323  337  357  379  389  384  370  340  307  266  235  201
  181  163  153  138  134  127  131  135  141  145  149  150  149  142  136  126
  120  114  112  107  103   96   88   79   72   67   70   83   98  121  146  177
  208  238  270  295  318  341  359  380  441                                   
     7.5-180.0 180.0   5.0 450.0                            LAT/LON1/LON2/DLON/H
  437  468  474  494  514  536  563  589  601  598  571  540  508  482  458  439
  418  399  384  377  380  397  412  427  423  404  368  324  276  235  201  177
