data/unet/pred1840.15i
     1.0            IONOSPHERE MAPS     GNSS                IONEX VERSION / TYPE
pyspatialgeodesy        IME             05-JAN-18 20:20     PGM / RUN BY / DATE 
Map Name                                                    COMMENT             
Predicted global ionosphere maps (GIM).                     DESCRIPTION         
  2015     7     3     0     0     0                        EPOCH OF FIRST MAP  
  2015     7     4     0     0     0                        EPOCH OF LAST MAP   
  7200                                                      INTERVAL            
    13                                                      # OF MAPS IN FILE   
  NONE                                                      MAPPING FUNCTION    
10.0                                                        ELEVATION CUTOFF    
One-way carrier phase leveled to code                       OBSERVABLES USED    
  6371.0                                                    BASE RADIUS         
 2                                                          MAP DIMENSION       
   450.0 450.0   0.0                                        HGT1 / HGT2 / DHGT  
    87.5 -87.5  -2.5                                        LAT1 / LAT2 / DLAT  
  -180.0 180.0   5.0                                        LON1 / LON2 / DLON  
    -1                                                      EXPONENT            
                                                            END OF HEADER       
[from data line 3432]
     9                                                      START OF TEC MAP    
  2015     7     3    16     0     0                        EPOCH OF CURRENT MAP
    87.5-180.0 180.0   5.0 450.0                            LAT/LON1/LON2/DLON/H
  167  178  175  178  179  179  180  182  183  184  186  187  188  188  189  189
  189  188  188  186  186  184  183  181  180  177  177  175  174  172  171  170
  168  168  166  166  165  165  164  165  164  165  166  167  168  170  172  173
  175  177  178  180  181  182  183  183  184  184  184  184  184  183  183  182
  182  182  181  180  177  177  186  188  167                                   
    85.0-180.0 180.0   5.0 450.0                            LAT/LON1/LON2/DLON/H
  158  170  175  179  181  181  186  185  189  188  193  192  195  193  196  194
  196  193  195  192  192  189  189  185  185  182  181  177  176  173  172  169
  168  166  166  164  164  162  163  162  163  163  165  166  168  170  173  173
  176  177  180  180  183  182  185  183  186  184  186  183  185  181  183  180
  181  179  181  177  178  172  180  164  158                                   
    82.5-180.0 180.0   5.0 450.0                            LAT/LON1/LON2/DLON/H
  163  166  168  169  173  176  180  183  186  189  190  193  193  195  194  195
  193  193  192  191  190  187  185  182  180  177  174  172  168  166  162  160
  156  156  152  152  149  150  148  149  148  151  151  154  154  158  159  163
  164  168  169  172  173  175  175  177  176  176  175  175  173  172  169  168
  167  167  166  167  165  162  172  161  163                                   
    80.0-180.0 180.0   5.0 450.0                            LAT/LON1/LON2/DLON/H
  156  155  160  165  168  173  177  182  185  188  190  193  194  195  195  195
  194  194  193  193  190  190  187  186  182  181  177  176  172  170  166  164
  159  158  154  154  150  151  148  149  148  151  150  154  154  158  159  163
  164  168  169  172  173  174  174  174  175  174  172  171  169  167  164  164
  161  161  158  158  154  155  157  152  156                                   
    77.5-180.0 180.0   5.0 450.0                            LAT/LON1/LON2/DLON/H
  152  151  152  158  162  169  174  179  182  187  188  191  192  194  193  194
  192  192  190  190  188  187  186  185  183  181  179  176  173  170  167  165
  161  158  155  154  150  150  148  150  148  151  152  156  156  161  161  167
  166  172  170  176  173  177  174  177  173  175  170  171  165  165  158  159
  153  154  149  149  142  142  146  147  152                                   
    75.0-180.0 180.0   5.0 450.0                            LAT/LON1/LON2/DLON/H
  151  147  151  154  160  164  171  174  179  181  186  186  189  188  190  188
  189  188  188  187  187  185  186  185  185  182  182  179  178  175  173  169
  167  163  162  158  156  153  153  150  153  151  156  154  159  159  164  164
  169  169  173  172  175  173  175  171  172  168  168  165  164  160  157  154
  152  150  147  144  142  142  143  147  151                                   
    72.5-180.0 180.0   5.0 450.0                            LAT/LON1/LON2/DLON/H
  158  154  153  158  162  168  173  177  180  184  184  188  186  189  187  189
  186  187  185  187  185  186  186  187  187  186  185  184  182  180  178  175
  171  169  166  164  161  160  158  158  157  159  159  163  163  168  168  172
  171  176  174  177  174  176  173  174  171  171  167  167  163  162  156  156
  151  150  146  145  140  139  144  151  158                                   
    70.0-180.0 180.0   5.0 450.0                            LAT/LON1/LON2/DLON/H
  164  158  160  163  166  169  174  176  180  181  184  184  186  185  186  184
  185  183  185  183  185  183  186  184  187  184  185  183  184  181  181  179
  177  173  171  168  166  162  162  158  160  159  163  161  166  166  170  169
  172  172  173  172  172  170  171  168  169  165  166  163  164  161  160  158
  156  154  152  150  147  147  150  158  164                                   
    67.5-180.0 180.0   5.0 450.0                            LAT/LON1/LON2/DLON/H
  176  170  169  172  174  178  181  182  183  184  184  185  184  185  183  185
  182  184  181  184  182  184  184  185  186  184  185  184  184  183  182  182
  179  177  174  172  169  168  166  166  165  166  167  169  168  172  170  173
  170  173  170  172  168  169  167  167  166  166  165  166  166  165  163  163
  160  160  157  157  151  151  157  165  176                                   
    65.0-180.0 180.0   5.0 450.0                            LAT/LON1/LON2/DLON/H
  182  175  179  180  182  183  185  185  186  185  186  185  186  185  185  184
  183  182  182  181  182  181  183  181  183  180  181  179  181  180  182  181
  181  179  178  174  173  168  169  164  167  165  169  167  170  169  170  168
  168  167  166  164  162  160  160  159  160  160  162  164  166  166  167  166
  166  165  163  162  159  161  164  172  182                                   
    62.5-180.0 180.0   5.0 450.0                            LAT/LON1/LON2/DLON/H
  186  183  184  186  189  189  190  189  189  187  187  185  186  186  186  186
  183  183  180  180  179  180  180  181  181  180  180  179  179  181  181  184
  182  182  180  178  175  173  172  172  172  174  174  176  173  174  170  171
  167  169  165  166  162  164  161  164  162  166  165  169  170  172  171  171
  170  169  167  167  162  162  169  176  186                                   
    60.0-180.0 180.0   5.0 450.0                            LAT/LON1/LON2/DLON/H
  181  180  187  189  192  192  193  191  192  189  190  188  191  189  191  190
  189  185  183  180  181  179  181  180  182  179  179  177  179  180  184  185
  187  186  186  181  181  176  177  174  178  177  181  178  178  175  173  170
  168  165  164  161  160  158  158  158  159  161  162  167  168  170  170  170
  169  166  165  164  162  164  169  174  181                                   
    57.5-180.0 180.0   5.0 450.0                            LAT/LON1/LON2/DLON/H
  173  178  184  187  190  192  194  192  193  189  190  187  190  190  193  191
  190  186  182  178  177  176  179  181  183  182  181  182  182  185  187  191
  191  190  188  185  184  181  182  183  185  187  187  187  182  180  174  172
  168  168  165  166  164  165  162  166  163  168  165  171  169  172  168  168
  164  163  159  160  154  156  163  167  173                                   
    55.0-180.0 180.0   5.0 450.0                            LAT/LON1/LON2/DLON/H
  160  168  178  183  190  193  196  195  196  194  194  190  194  193  197  195
  194  187  184  177  178  176  181  183  186  186  186  186  187  190  194  197
  198  198  196  193  192  188  190  189  193  194  195  193  190  186  181  177
  173  170  169  167  166  166  164  165  164  165  164  168  166  166  162  160
  155  152  149  145  144  147  154  154  160                                   
    52.5-180.0 180.0   5.0 450.0                            LAT/LON1/LON2/DLON/H
  148  160  170  178  186  192  198  198  200  197  198  195  198  197  200  198
  196  189  183  176  176  175  181  186  191  194  194  197  197  200  202  204
  205  203  202  199  199  196  198  199  202  204  204  203  198  193  186  182
  178  177  175  175  172  174  170  172  168  171  167  171  166  166  158  156
  148  147  138  137  131  133  142  143  148                                   
    50.0-180.0 180.0   5.0 450.0                            LAT/LON1/LON2/DLON/H
  137  147  160  170  183  191  200  203  206  205  205  202  205  203  207  204
  202  194  189  181  181  179  186  190  197  200  203  204  205  207  210  212
  213  212  211  208  208  206  208  208  211  212  214  210  207  201  195  190
  186  183  181  179  178  176  175  175  173  172  169  169  165  161  154  148
  142  136  130  125  121  123  132  131  137                                   
    47.5-180.0 180.0   5.0 450.0                            LAT/LON1/LON2/DLON/H
  130  141  149  162  177  188  202  208  214  213  216  213  215  213  215  210
  208  199  193  185  183  182  188  194  201  207  209  214  214  217  218  219
  220  217  219  216  218  217  220  220  223  223  224  221  218  211  205  199
  195  191  188  186  183  182  179  180  177  177  172  172  165  163  153  150
  140  138  125  124  115  115  125  126  130                                   
    45.0-180.0 180.0   5.0 450.0                            LAT/LON1/LON2/DLON/H
  127  134  143  155  175  188  206  213  223  225  228  226  228  226  228  223
  220  210  203  195  192  190  195  199  207  212  218  221  223  225  227  228
  228  228  229  228  230  231  234  234  236  235  236  234  230  225  218  213
  206  202  197  194  190  188  186  185  183  182  178  175  169  164  157  149
  143  136  128  122  116  116  123  121  127                                   
    42.5-180.0 180.0   5.0 450.0                            LAT/LON1/LON2/DLON/H
  126  132  136  150  167  185  205  219  233  239  243  242  243  240  240  235
  231  222  214  207  202  200  203  205  213  218  224  229  232  236  239  238
  240  239  243  244  251  251  255  253  256  253  254  251  248  242  235  227
  220  214  207  203  197  196  192  193  190  189  183  182  175  172  164  161
  151  147  134  132  121  119  127  126  126                                   
    40.0-180.0 180.0   5.0 450.0                            LAT/LON1/LON2/DLON/H
  126  128  133  143  162  180  205  221  240  249  258  258  261  257  254  249
  243  237  227  222  215  213  211  214  217  223  231  239  243  249  251  254
  256  258  262  266  273  274  278  276  277  274  272  269  266  260  252  245
  235  229  219  213  207  203  199  200  196  195  190  188  183  179  173  168
  161  154  147  139  130  127  131  128  126                                   
    37.5-180.0 180.0   5.0 450.0                            LAT/LON1/LON2/DLON/H
  126  125  124  136  151  172  197  217  241  256  269  272  274  270  266  258
  252  245  237  231  225  219  219  216  223  227  238  247  256  262  268  273
  279  283  292  297  305  304  310  305  308  301  301  295  293  284  274  265
  254  244  234  226  217  214  207  207  201  201  194  195  189  189  182  181
  171  167  154  151  133  132  136  134  126                                   
    35.0-180.0 180.0   5.0 450.0                            LAT/LON1/LON2/DLON/H
  126  119  118  124  141  162  189  211  241  258  278  284  289  287  280  271
  260  256  245  243  233  233  225  228  229  239  248  261  272  282  291  301
  310  319  328  336  342  341  341  337  336  332  330  323  316  306  295  282
  269  258  247  238  229  224  218  214  209  207  201  201  196  196  191  189
  181  174  164  156  143  139  136  135  126                                   
    32.5-180.0 180.0   5.0 450.0                            LAT/LON1/LON2/DLON/H
  125  117  107  116  126  150  174  201  231  255  276  288  295  295  289  279
  268  263  253  252  245  242  237  238  241  251  265  277  293  306  321  335
  348  360  370  378  384  378  376  365  364  357  356  347  341  326  315  300
  286  273  260  250  241  235  227  223  214  212  204  205  201  202  196  195
  185  180  166  160  141  139  139  140  125                                   
    30.0-180.0 180.0   5.0 450.0                            LAT/LON1/LON2/DLON/H
  121  109  101  103  115  137  163  189  221  248  274  291  303  307  301  293
  277  272  258  259  247  252  241  251  252  266  280  299  318  335  352  371
  387  403  413  419  419  414  403  395  387  381  376  369  359  342  328  310
  297  281  269  257  248  239  231  223  215  207  203  202  202  202  197  196
  187  180  168  159  145  141  136  137  121                                   
    27.5-180.0 180.0   5.0 450.0                            LAT/LON1/LON2/DLON/H
  119  108   95   99  105  129  150  181  208  240  264  284  300  309  305  299
  283  278  265  264  256  257  252  259  267  280  300  322  346  362  383  402
  421  438  449  452  449  439  429  414  408  397  394  384  372  353  336  316
  301  285  271  260  248  239  228  220  209  202  195  196  194  197  192  192
  182  176  162  156  138  138  136  138  119                                   
    25.0-180.0 180.0   5.0 450.0                            LAT/LON1/LON2/DLON/H
  118  105   99   97  107  124  147  171  199  228  254  279  298  311  310  308
  290  284  268  265  256  258  257  265  277  293  320  344  369  387  408  427
  448  465  475  473  468  456  445  432  421  415  406  397  379  358  338  319
  301  285  270  257  242  233  220  211  200  191  184  182  180  183  181  181
  174  166  155  146  136  134  132  136  118                                   
    22.5-180.0 180.0   5.0 450.0                            LAT/LON1/LON2/DLON/H
  119  108  100  102  107  128  144  171  192  221  242  270  290  307  311  311
  297  292  276  275  264  267  266  277  290  310  336  361  383  405  424  443
  462  478  484  477  471  456  447  432  426  413  407  390  375  355  335  314
  297  280  264  249  234  222  209  200  189  181  173  172  169  170  169  170
  163  159  146  141  128  130  132  136  119                                   
    20.0-180.0 180.0   5.0 450.0                            LAT/LON1/LON2/DLON/H
  119  110  106  106  117  133  151  173  191  214  234  262  284  305  311  315
  305  302  288  283  273  275  278  288  306  326  354  375  398  416  433  450
  468  478  480  471  461  450  441  433  425  417  405  391  371  353  330  313
  294  277  259  241  223  209  196  186  177  168  161  158  153  153  151  153
  151  146  138  131  125  124  127  132  119                                   
    17.5-180.0 180.0   5.0 450.0                            LAT/LON1/LON2/DLON/H
  117  111  107  111  118  138  152  177  189  209  226  250  273  295  308  314
  310  308  296  293  285  288  290  302  318  337  361  381  403  423  435  449
  461  464  462  450  444  429  426  416  412  400  391  374  357  339  321  303
  285  267  247  228  208  196  183  175  165  160  152  150  143  140  139  142
  140  139  128  125  114  117  121  127  117                                   
    15.0-180.0 180.0   5.0 450.0                            LAT/LON1/LON2/DLON/H
  113  107  107  107  122  138  158  177  191  206  221  243  264  289  302  316
  315  317  309  305  300  302  308  316  333  350  370  391  409  425  435  446
  450  451  441  434  425  420  413  411  406  400  387  373  355  338  319  303
  283  264  241  221  200  185  173  164  155  149  143  138  131  129  127  131
  129  127  121  114  108  106  110  117  113                                   
    12.5-180.0 180.0   5.0 450.0                            LAT/LON1/LON2/DLON/H
  104  100   97  103  112  135  149  173  185  202  213  234  253  275  295  310
  317  320  317  314  310  312  319  327  342  356  379  396  414  429  435  439
  438  431  424  414  414  405  406  400  399  388  376  361  346  329  312  294
  275  254  231  211  189  176  163  157  150  147  140  135  127  123  120  124
  122  122  111  106   95   97  100  106  104                                   
    10.0-180.0 180.0   5.0 450.0                            LAT/LON1/LON2/DLON/H
   95   88   87   86  102  118  142  162  180  196  211  227  246  269  288  308
  317  326  324  325  321  326  330  343  357  373  392  408  422  434  438  440
  432  426  413  413  409  410  407  408  402  394  379  365  350  335  316  298
  276  253  226  205  183  167  154  149  144  141  135  130  122  120  116  119
  116  114  106   97   91   85   84   88   95                                   
     7.5-180.0 180.0   5.0 450.0                            LAT/LON1/LON2/DLON/H
   82   77   71   76   84  106  124  151  168  191  205  224  240  260  280  300
  314  323  327  326  328  332  342  356  372  388  405  421  437  444  445  441
