data/unet/pred1130.15i
     1.0            IONOSPHERE MAPS     GNSS                IONEX VERSION / TYPE
pyspatialgeodesy        IME             05-JAN-18 20:20     PGM / RUN BY / DATE 
Map Name                                                    COMMENT             
Predicted global ionosphere maps (GIM).                     DESCRIPTION         
  2015     4    23     0     0     0                        EPOCH OF FIRST MAP  
  2015     4    24     0     0     0                        EPOCH OF LAST MAP   
  7200                                                      INTERVAL            
    13                                                      # OF MAPS IN FILE   
  NONE                                                      MAPPING FUNCTION    
10.0                                                        ELEVATION CUTOFF    
One-way carrier phase leveled to code                       OBSERVABLES USED    
  6371.0                                                    BASE RADIUS         
 2                                                          MAP DIMENSION       
   450.0 450.0   0.0                                        HGT1 / HGT2 / DHGT  
    87.5 -87.5  -2.5                                        LAT1 / LAT2 / DLAT  
  -180.0 180.0   5.0                                        LON1 / LON2 / DLON  
    -1                                                      EXPONENT            
                                                            END OF HEADER       
[from data line 4290]
    11                                                      START OF TEC MAP    
  2015     4    23    20     0     0                        EPOCH OF CURRENT MAP
    87.5-180.0 180.0   5.0 450.0                            LAT/LON1/LON2/DLON/H
  253  238  236  236  234  232  234  235  237  237  239  240  242  242  243  243
  245  244  245  244  244  242  241  240  238  236  235  233  231  230  228  228
  227  227  227  227  227  228  228  229  228  230  229  231  230  233  231  234
  233  236  235  238  237  240  238  241  239  241  240  241  240  241  239  240
  239  239  239  236  233  233  232  226  253                                   
    85.0-180.0 180.0   5.0 450.0                            LAT/LON1/LON2/DLON/H
  222  231  231  231  228  227  230  230  235  235  239  240  244  244  247  246
  250  247  250  247  250  245  247  242  242  237  237  232  232  227  227  224
  223  221  221  220  221  220  222  221  223  222  225  224  227  227  230  230
  234  233  237  236  240  239  243  241  245  243  245  243  246  242  244  240
  243  239  241  234  232  227  231  235  222                                   
    82.5-180.0 180.0   5.0 450.0                            LAT/LON1/LON2/DLON/H
  215  216  220  219  217  218  220  225  227  233  235  241  243  248  249  253
  254  256  256  257  255  255  250  249  244  241  236  233  228  226  221  218
  214  213  210  210  208  210  208  211  210  213  213  217  218  222  223  227
  228  233  234  238  239  242  242  245  245  246  246  246  246  245  244  243
  242  240  238  233  227  223  216  221  215                                   
    80.0-180.0 180.0   5.0 450.0                            LAT/LON1/LON2/DLON/H
  208  201  200  199  197  201  203  210  214  221  226  233  238  244  248  253
  255  257  258  258  257  254  251  247  242  238  232  228  221  217  211  207
  203  200  198  197  196  195  196  196  197  199  201  203  205  208  211  214
  218  221  226  227  232  232  237  236  241  239  242  239  242  238  240  234
  236  230  230  220  218  209  206  208  208                                   
    77.5-180.0 180.0   5.0 450.0                            LAT/LON1/LON2/DLON/H
  196  189  187  184  186  188  195  200  209  215  225  232  241  247  254  257
  261  262  264  262  261  257  255  249  245  238  234  227  223  215  211  205
  201  197  195  193  192  192  191  193  193  196  196  199  200  203  205  208
  211  214  218  221  224  226  229  231  233  233  234  234  234  233  232  229
  227  224  221  213  207  199  193  195  196                                   
    75.0-180.0 180.0   5.0 450.0                            LAT/LON1/LON2/DLON/H
  193  185  183  181  183  186  193  198  208  216  228  238  248  255  262  265
  268  268  269  267  265  262  259  254  251  243  240  232  228  220  217  209
  206  201  200  197  196  194  195  194  194  196  196  198  197  198  199  200
  202  204  207  209  212  214  217  218  222  221  224  222  225  222  223  219
  219  215  215  207  204  195  193  194  193                                   
    72.5-180.0 180.0   5.0 450.0                            LAT/LON1/LON2/DLON/H
  195  191  189  187  189  192  198  204  214  224  237  247  258  265  270  272
  273  271  270  267  265  262  260  256  253  248  244  238  232  226  220  214
  209  206  203  202  200  201  199  201  199  200  198  199  196  197  194  195
  194  196  196  198  199  200  203  203  206  205  208  207  209  208  210  208
  209  208  208  204  201  196  194  198  195                                   
    70.0-180.0 180.0   5.0 450.0                            LAT/LON1/LON2/DLON/H
  204  200  199  199  200  203  209  215  225  236  247  258  267  274  276  277
  275  272  268  265  261  259  257  255  253  250  247  242  237  230  225  219
  215  212  209  207  206  205  205  205  204  203  200  198  194  191  189  187
  185  185  185  185  186  186  187  188  190  189  192  192  196  195  198  198
  200  200  203  201  202  197  199  205  204                                   
    67.5-180.0 180.0   5.0 450.0                            LAT/LON1/LON2/DLON/H
  213  213  213  213  214  217  223  228  238  248  261  270  279  283  285  282
  278  272  267  262  258  255  255  254  253  251  249  244  239  233  228  222
  218  215  211  210  208  208  207  208  204  204  199  196  188  186  179  177
  172  172  170  171  171  170  171  171  172  172  174  175  178  179  183  184
  188  191  195  196  200  200  205  211  213                                   
    65.0-180.0 180.0   5.0 450.0                            LAT/LON1/LON2/DLON/H
  221  222  224  225  226  230  234  240  249  260  271  282  289  293  292  290
  284  278  270  265  259  257  256  255  254  253  250  246  241  236  232  228
  224  220  217  214  212  210  210  207  206  201  197  191  184  177  171  166
  162  159  157  156  156  155  155  155  156  155  158  157  163  164  170  172
  178  181  188  191  196  199  206  215  221                                   
    62.5-180.0 180.0   5.0 450.0                            LAT/LON1/LON2/DLON/H
  221  223  226  229  232  234  239  244  254  265  277  288  296  301  302  299
  295  288  282  274  269  264  264  262  261  257  255  250  246  241  239  235
  230  227  222  218  214  213  210  209  204  201  192  188  176  170  160  156
  148  147  142  144  141  143  140  142  140  142  141  143  145  149  154  160
  166  173  180  185  190  196  204  215  221                                   
    60.0-180.0 180.0   5.0 450.0                            LAT/LON1/LON2/DLON/H
  220  223  227  230  232  236  240  246  256  267  280  291  302  307  311  311
  308  303  297  291  285  280  277  273  269  264  261  256  254  250  249  245
  242  237  232  225  221  215  214  209  206  200  194  185  176  166  157  149
  142  138  135  133  132  133  132  132  133  131  132  132  136  140  146  154
  162  170  179  183  188  193  200  213  220                                   
    57.5-180.0 180.0   5.0 450.0                            LAT/LON1/LON2/DLON/H
  218  220  225  226  228  230  235  242  251  264  277  291  302  312  318  322
  323  320  317  310  306  297  294  285  280  273  269  264  263  261  261  259
  255  250  243  236  229  224  219  216  209  206  195  189  176  166  152  145
  133  132  126  128  125  128  125  129  126  128  124  128  127  135  139  151
  159  173  181  186  189  193  197  211  218                                   
    55.0-180.0 180.0   5.0 450.0                            LAT/LON1/LON2/DLON/H
  222  226  233  231  229  232  235  241  249  262  276  290  304  316  327  334
  339  340  337  333  325  317  309  301  293  285  281  276  278  277  281  276
  274  264  260  248  243  233  229  223  218  210  204  193  185  170  159  146
  138  132  129  129  127  130  128  131  129  129  127  127  128  135  143  155
  167  182  193  197  198  200  204  215  222                                   
    52.5-180.0 180.0   5.0 450.0                            LAT/LON1/LON2/DLON/H
  232  237  245  244  242  241  243  247  254  267  278  294  306  321  333  346
  355  359  357  352  346  335  329  315  311  298  298  292  298  298  304  300
  296  285  276  266  259  250  243  236  228  222  213  204  191  180  164  156
  142  140  132  134  131  135  135  138  136  137  132  134  132  141  148  164
  177  196  209  214  215  215  218  232  232                                   
    50.0-180.0 180.0   5.0 450.0                            LAT/LON1/LON2/DLON/H
  252  258  272  273  270  269  268  270  275  285  293  305  318  331  348  362
  374  379  377  372  363  356  346  338  330  323  319  319  322  326  329  325
  320  304  295  280  273  262  255  245  238  229  222  210  201  188  177  166
  158  151  147  144  144  147  147  150  149  149  145  143  144  151  161  179
  197  217  232  239  240  240  246  260  252                                   
    47.5-180.0 180.0   5.0 450.0                            LAT/LON1/LON2/DLON/H
  275  286  299  303  303  301  301  303  306  312  315  324  332  346  364  381
  393  394  391  385  378  370  366  356  354  345  346  343  348  347  349  343
  334  319  307  293  284  275  268  258  248  238  228  219  208  200  189  183
  173  168  160  158  155  157  158  161  160  160  156  155  154  162  172  192
  211  234  251  261  265  268  272  289  275                                   
    45.0-180.0 180.0   5.0 450.0                            LAT/LON1/LON2/DLON/H
  306  317  331  340  341  345  344  347  348  350  351  353  361  370  390  403
  414  412  407  401  395  393  388  383  378  374  371  370  369  368  363  353
  341  324  313  298  291  282  275  265  253  240  231  220  214  207  202  197
  192  186  180  177  174  173  173  175  173  173  168  167  165  173  183  204
  226  250  268  283  289  292  300  312  306                                   
    42.5-180.0 180.0   5.0 450.0                            LAT/LON1/LON2/DLON/H
  327  347  360  370  379  383  387  390  394  394  392  393  397  407  423  433
  439  430  424  419  417  418  415  412  406  400  396  391  387  379  369  355
  341  325  315  304  298  290  283  271  258  245  235  227  222  219  216  214
  209  205  197  194  189  187  185  185  183  182  178  177  173  180  188  209
  233  258  280  298  309  319  325  336  327                                   
    40.0-180.0 180.0   5.0 450.0                            LAT/LON1/LON2/DLON/H
  350  374  388  402  406  418  425  432  437  438  436  436  441  448  464  470
  473  462  455  452  453  458  454  451  443  432  425  415  406  392  378  360
  346  331  323  316  312  303  295  280  265  249  240  232  227  228  226  228
  225  223  216  214  207  207  200  200  193  192  185  183  180  184  193  213
  239  266  287  309  321  333  342  353  350                                   
    37.5-180.0 180.0   5.0 450.0                            LAT/LON1/LON2/DLON/H
  362  390  405  417  428  439  451  463  473  477  477  477  484  493  504  505
  504  492  489  486  492  497  495  491  476  466  453  441  429  413  397  380
  365  353  347  343  339  328  314  295  277  260  251  244  240  238  237  239
  236  234  228  224  219  217  213  209  204  198  192  184  182  181  191  208
  234  259  282  303  322  338  353  363  362                                   
    35.0-180.0 180.0   5.0 450.0                            LAT/LON1/LON2/DLON/H
  373  403  419  438  448  465  476  496  511  520  522  524  530  538  548  548
  547  539  536  539  541  544  539  532  517  502  488  473  462  446  433  418
  408  400  399  394  388  371  351  327  303  286  273  266  257  257  250  253
  246  247  238  240  232  233  225  223  212  204  192  189  184  185  192  207
  231  256  278  300  319  336  354  368  373                                   
    32.5-180.0 180.0   5.0 450.0                            LAT/LON1/LON2/DLON/H
  375  407  428  445  464  479  500  520  544  552  559  560  569  576  585  585
  583  576  573  571  574  571  564  554  540  532  522  514  506  496  489  482
  475  470  465  456  436  410  382  357  342  326  313  300  291  277  267  255
  249  243  238  236  233  234  231  227  220  211  206  202  202  200  207  215
  236  256  279  297  319  336  357  373  375                                   
    30.0-180.0 180.0   5.0 450.0                            LAT/LON1/LON2/DLON/H
  385  412  434  455  471  494  517  546  572  589  600  607  616  624  631  629
  627  614  612  603  603  595  587  577  566  556  551  547  546  543  534  530
  516  516  509  505  481  455  414  387  363  354  345  339  323  307  290  277
  266  258  254  249  249  243  244  232  228  215  210  204  205  206  215  231
  244  261  275  296  314  336  357  379  385                                   
    27.5-180.0 180.0   5.0 450.0                            LAT/LON1/LON2/DLON/H
  404  424  451  465  486  508  535  568  603  626  642  650  663  671  676  671
  661  642  633  626  624  613  601  588  580  576  574  581  586  596  596  599
  587  585  581  564  524  480  435  400  377  371  368  370  365  343  326  309
  299  287  284  278  281  273  277  261  259  236  239  223  226  218  224  236
  247  266  281  304  328  352  373  393  404                                   
    25.0-180.0 180.0   5.0 450.0                            LAT/LON1/LON2/DLON/H
  432  446  469  483  506  520  556  590  631  660  680  693  710  718  721  702
  697  671  665  652  652  636  626  609  607  608  623  645  660  672  667  665
  651  646  627  610  561  515  458  421  393  390  389  394  391  378  357  342
  325  315  308  302  302  299  291  283  263  255  239  237  229  237  237  253
  253  274  281  314  330  363  386  407  432                                   
    22.5-180.0 180.0   5.0 450.0                            LAT/LON1/LON2/DLON/H
  448  482  507  519  536  565  592  630  661  691  716  735  753  764  765  747
  736  715  699  682  675  659  651  646  655  670  692  716  738  748  746  729
  704  678  653  617  573  513  461  418  395  389  391  401  404  402  393  377
  365  347  343  332  337  324  327  301  298  272  268  246  249  240  256  265
  278  288  295  316  335  370  393  417  448                                   
    20.0-180.0 180.0   5.0 450.0                            LAT/LON1/LON2/DLON/H
  459  518  542  563  573  597  624  658  686  720  753  780  804  806  809  788
  780  745  733  709  703  685  684  685  705  732  771  792  811  814  794  761
  719  678  638  592  536  478  433  397  382  383  388  400  411  416  415  403
  395  381  374  367  364  357  348  333  315  297  277  265  248  250  249  268
  272  292  297  321  339  375  400  430  459                                   
    17.5-180.0 180.0   5.0 450.0                            LAT/LON1/LON2/DLON/H
  456  518  566  584  600  620  641  684  722  762  795  829  848  857  859  852
  838  813  791  756  740  723  725  740  772  806  838  857  857  846  804  764
  710  659  604  545  478  423  388  357  352  359  370  390  410  422  429  424
  421  406  405  391  392  376  372  344  333  304  293  269  264  252  262  264
  276  289  300  318  341  372  409  426  456                                   
    15.0-180.0 180.0   5.0 450.0                            LAT/LON1/LON2/DLON/H
  461  533  569  606  623  647  667  708  746  789  828  863  890  909  921  921
  911  888  867  833  810  790  793  805  843  874  895  893  879  845  796  737
  672  599  539  473  416  371  339  321  326  341  359  377  404  416  428  431
  429  420  410  403  395  381  367  344  333  306  299  273  267  256  250  255
  261  279  288  315  331  368  409  433  461                                   
    12.5-180.0 180.0   5.0 450.0                            LAT/LON1/LON2/DLON/H
  459  534  573  609  633  659  684  720  763  811  859  896  926  949  972  978
  981  970  948  916  885  868  866  887  914  932  929  911  876  837  776  712
  630  554  481  423  372  333  313  307  321  337  356  376  403  414  427  428
  434  417  415  399  391  367  354  329  319  296  289  266  254  237  232  229
  240  250  271  290  317  345  393  424  459                                   
    10.0-180.0 180.0   5.0 450.0                            LAT/LON1/LON2/DLON/H
  464  542  575  609  641  669  691  731  777  829  886  921  951  984 1011 1039
 1047 1053 1035 1010  971  950  944  953  967  966  949  913  865  819  756  675
  590  505  446  396  359  332  325  325  346  360  379  390  413  419  426  432
  428  417  405  385  371  344  331  303  302  272  266  236  234  206  210  202
  211  226  249  276  307  339  388  429  464                                   
     7.5-180.0 180.0   5.0 450.0                            LAT/LON1/LON2/DLON/H
  458  538  568  608  642  672  707  745  789  843  894  927  959  989 1022 1058
 1082 1087 1088 1064 1034 1013 1004 1000  992  974  940  894  840  791  729  662
