data/unet/pred0470.15i
     1.0            IONOSPHERE MAPS     GNSS                IONEX VERSION / TYPE
pyspatialgeodesy        IME             05-JAN-18 20:20     PGM / RUN BY / DATE 
Map Name                                                    COMMENT             
Predicted global ionosphere maps (GIM).                     DESCRIPTION         
  2015     2    16     0     0     0                        EPOCH OF FIRST MAP  
  2015     2    17     0     0     0                        EPOCH OF LAST MAP   
  7200                                                      INTERVAL            
    13                                                      # OF MAPS IN FILE   
  NONE                                                      MAPPING FUNCTION    
10.0                                                        ELEVATION CUTOFF    
One-way carrier phase leveled to code                       OBSERVABLES USED    
  6371.0                                                    BASE RADIUS         
 2                                                          MAP DIMENSION       
   450.0 450.0   0.0                                        HGT1 / HGT2 / DHGT  
    87.5 -87.5  -2.5                                        LAT1 / LAT2 / DLAT  
  -180.0 180.0   5.0                                        LON1 / LON2 / DLON  
    -1                                                      EXPONENT            
                                                            END OF HEADER       
[from data line 1287]
     4                                                      START OF TEC MAP    
  2015     2    16     6     0     0                        EPOCH OF CURRENT MAP
    87.5-180.0 180.0   5.0 450.0                            LAT/LON1/LON2/DLON/H
   64  110  107  101  102   93   98   89   96   87   93   84   90   82   88   80
   86   82   89   87   95   95  103  104  111  113  117  118  122  121  125  123
  127  125  129  127  131  128  132  129  134  131  135  133  136  136  137  137
  138  138  138  137  139  136  138  134  136  132  133  129  131  127  127  123
  125  121  121  119  121  116  125   87   64                                   
    85.0-180.0 180.0   5.0 450.0                            LAT/LON1/LON2/DLON/H
  111  115  115  110  114  104  109  102  106   99  102   97   96   92   91   90
   87   88   87   89   90   93   95   99  100  104  105  109  110  114  114  118
  118  121  121  124  124  126  126  128  128  130  130  132  132  135  135  137
  138  140  140  141  143  143  143  143  144  143  141  142  140  140  136  136
  133  133  128  131  127  122  135  122  111                                   
    82.5-180.0 180.0   5.0 450.0                            LAT/LON1/LON2/DLON/H
  106  116  105  100  100   94   97   92   98   92   96   93   95   90   91   88
   87   85   85   85   83   85   83   87   85   90   89   96   97  102  105  109
  112  115  118  121  124  125  127  127  131  131  134  135  141  141  146  147
  152  153  154  155  159  157  159  156  159  155  154  151  151  146  144  139
  138  132  129  125  120  115  125  109  106                                   
    80.0-180.0 180.0   5.0 450.0                            LAT/LON1/LON2/DLON/H
  109  106  102   91   94   86   94   85   96   86   95   86   94   83   90   80
   84   76   80   75   77   74   77   76   78   80   81   85   88   93   96  100
  104  107  111  113  117  118  122  122  127  128  135  137  144  147  155  158
  167  167  174  172  181  177  183  179  185  180  182  179  179  176  174  171
  166  158  149  140  130  119  120  112  109                                   
    77.5-180.0 180.0   5.0 450.0                            LAT/LON1/LON2/DLON/H
  111  109   95   88   87   85   87   86   88   86   87   86   84   82   80   79
   75   74   72   72   70   71   70   71   73   74   76   79   82   87   89   95
   96  102  102  109  108  115  114  119  120  124  128  135  140  148  154  164
  173  182  187  194  201  202  206  207  209  209  208  207  207  203  201  194
  188  179  171  159  146  127  132  117  111                                   
    75.0-180.0 180.0   5.0 450.0                            LAT/LON1/LON2/DLON/H
  117  105   90   80   80   74   79   76   80   76   78   75   76   71   71   66
   65   62   63   63   63   64   66   66   69   70   73   76   79   83   85   88
   90   93   94   98   98  101  102  103  107  109  116  122  130  138  151  161
  178  185  199  203  216  218  228  227  235  230  233  227  228  223  221  217
  210  199  188  179  162  146  140  125  117                                   
    72.5-180.0 180.0   5.0 450.0                            LAT/LON1/LON2/DLON/H
  128  113   91   81   76   75   73   73   73   72   70   70   67   64   62   59
   55   52   53   52   56   56   61   63   66   70   72   75   77   80   81   83
   84   85   85   87   87   90   90   92   93   96  102  111  121  133  145  159
  177  188  202  214  225  235  241  248  251  253  250  249  245  242  238  235
  232  223  214  198  181  166  156  139  128                                   
    70.0-180.0 180.0   5.0 450.0                            LAT/LON1/LON2/DLON/H
  135  116   94   84   78   73   71   71   71   70   69   66   66   60   59   52
   50   45   47   47   51   54   60   63   68   72   76   78   80   81   80   80
   77   78   75   77   74   76   75   78   80   85   93  104  120  133  152  164
  183  193  211  221  237  243  255  258  264  261  262  255  258  249  249  241
  242  232  226  214  198  178  166  148  135                                   
    67.5-180.0 180.0   5.0 450.0                            LAT/LON1/LON2/DLON/H
  144  130  104   91   81   75   72   68   70   69   68   65   63   57   54   46
   44   38   40   38   45   48   58   63   71   75   79   81   82   80   77   72
   69   65   64   61   61   59   61   64   69   76   86  102  120  139  155  172
  188  203  219  233  243  252  260  263  267  265  261  256  253  249  247  244
  244  239  235  226  213  194  179  162  144                                   
    65.0-180.0 180.0   5.0 450.0                            LAT/LON1/LON2/DLON/H
  148  132  105   91   81   70   70   65   69   69   68   67   63   58   53   46
   43   39   40   42   49   54   63   70   78   83   85   84   81   78   70   65
   58   54   49   49   45   46   45   52   58   71   84  107  126  147  167  180
  198  213  228  242  253  263  269  271  273  268  263  255  254  247  248  242
  242  235  232  224  212  197  188  170  148                                   
    62.5-180.0 180.0   5.0 450.0                            LAT/LON1/LON2/DLON/H
  154  144  114   96   80   73   66   65   66   68   69   68   65   59   55   47
   43   40   39   41   46   53   62   71   79   85   86   84   81   73   66   56
   50   41   40   34   35   33   37   45   55   69   90  112  134  154  170  187
  205  223  238  251  261  269  272  272  272  266  258  250  249  242  242  238
  239  233  230  223  213  202  192  178  154                                   
    60.0-180.0 180.0   5.0 450.0                            LAT/LON1/LON2/DLON/H
  155  146  116   98   81   68   65   61   66   64   67   66   63   59   55   51
   47   44   45   46   52   58   65   75   81   87   86   84   77   70   58   50
   42   37   33   32   31   34   37   48   60   81  101  127  147  166  182  197
  216  235  247  263  271  280  278  279  276  271  263  256  256  249  246  241
  240  235  228  222  213  201  197  181  155                                   
    57.5-180.0 180.0   5.0 450.0                            LAT/LON1/LON2/DLON/H
  166  156  125  104   84   76   64   60   61   62   63   61   62   58   61   56
   57   54   53   52   56   60   68   75   82   87   86   84   76   68   57   49
   43   36   35   31   34   36   44   56   72   96  119  142  159  178  192  209
  227  244  257  270  279  285  284  284  281  277  270  268  267  263  259  256
  252  244  236  229  217  208  198  186  166                                   
    55.0-180.0 180.0   5.0 450.0                            LAT/LON1/LON2/DLON/H
  174  161  132  113   92   77   66   54   54   48   51   49   51   51   54   54
   56   53   55   52   56   60   66   75   81   87   85   83   75   68   58   51
   47   43   40   40   41   47   55   70   88  114  137  158  175  190  204  220
  236  254  266  281  287  293  293  293  291  290  285  284  282  278  275  269
  263  254  245  235  224  212  204  192  174                                   
    52.5-180.0 180.0   5.0 450.0                            LAT/LON1/LON2/DLON/H
  195  176  152  129  109   93   76   62   56   49   48   45   49   50   57   56
   61   56   60   56   63   65   69   76   82   86   85   83   74   69   61   57
   54   52   51   51   55   61   72   87  110  136  157  176  190  204  218  234
  247  264  275  287  295  298  300  299  301  300  300  301  302  301  297  292
  285  273  262  251  240  227  211  198  195                                   
    50.0-180.0 180.0   5.0 450.0                            LAT/LON1/LON2/DLON/H
  213  188  164  145  127  109   95   78   66   52   47   44   45   49   55   57
   61   57   58   58   63   66   74   78   87   89   92   86   83   75   72   65
   65   61   62   62   67   74   86  103  127  151  173  188  205  217  233  247
  260  275  285  298  304  308  310  311  313  315  315  317  319  318  314  308
  300  287  274  266  256  236  219  208  213                                   
    47.5-180.0 180.0   5.0 450.0                            LAT/LON1/LON2/DLON/H
  230  202  187  165  151  132  117  103   87   68   60   51   54   54   61   61
   67   62   68   66   73   76   81   87   93   97   97   95   88   84   78   75
   75   75   75   76   82   88  102  122  145  169  188  205  219  233  247  259
  269  282  292  302  309  311  315  314  320  319  322  323  326  326  322  317
  308  298  287  275  265  248  227  213  230                                   
    45.0-180.0 180.0   5.0 450.0                            LAT/LON1/LON2/DLON/H
  235  211  192  180  168  152  137  125  110   95   79   68   67   65   69   68
   71   68   73   76   82   83   95   96  109  107  110  102   99   90   89   82
   85   82   86   88   95  100  115  132  157  177  198  213  229  244  255  267
  275  289  298  309  313  316  317  321  324  323  321  322  323  322  318  311
  303  295  284  276  267  248  232  220  235                                   
    42.5-180.0 180.0   5.0 450.0                            LAT/LON1/LON2/DLON/H
  234  208  203  187  186  167  159  142  129  115  103   92   89   82   84   78
   82   78   86   86   92   96  107  113  120  121  119  113  106  100   94   92
   92   94   97  102  105  113  124  149  168  194  210  229  241  256  263  272
  279  291  302  312  316  315  318  317  321  315  312  308  310  308  305  300
  295  287  280  270  263  244  228  215  234                                   
    40.0-180.0 180.0   5.0 450.0                            LAT/LON1/LON2/DLON/H
  223  203  193  187  191  177  173  157  146  129  121  107  107   99  102   95
   97   91   97   96  109  112  127  129  137  133  132  121  115  104  100   94
   96   96  102  106  112  118  135  154  182  205  228  249  262  275  279  288
  293  303  312  322  324  329  327  331  328  322  311  307  306  303  297  294
  287  282  272  264  253  230  219  207  223                                   
    37.5-180.0 180.0   5.0 450.0                            LAT/LON1/LON2/DLON/H
  203  187  180  172  179  171  169  159  149  140  130  125  121  116  114  109
  109  106  110  112  122  128  138  142  145  143  136  129  117  110   97   96
   92   96  101  109  114  127  141  170  193  224  246  268  280  290  292  299
  303  314  323  335  340  344  347  347  347  338  325  318  313  310  306  304
  298  292  280  270  254  226  214  195  203                                   
    35.0-180.0 180.0   5.0 450.0                            LAT/LON1/LON2/DLON/H
  184  169  158  153  161  155  161  147  145  134  132  126  128  124  124  119
  123  118  126  127  139  142  151  152  151  148  143  134  126  115  106   97
   95   93   99  103  114  124  148  171  206  233  263  281  295  301  307  310
  319  326  340  351  361  371  376  383  379  375  361  355  349  345  341  336
  330  320  306  287  268  232  216  195  184                                   
    32.5-180.0 180.0   5.0 450.0                            LAT/LON1/LON2/DLON/H
  181  161  148  137  137  136  137  131  128  127  125  128  131  131  131  128
  132  132  140  142  149  150  154  152  149  149  142  142  130  127  113  107
   99   99   99  104  111  126  148  181  209  241  268  289  302  309  315  320
  330  339  355  368  384  400  413  423  426  425  416  415  411  411  405  400
  392  384  365  344  311  270  243  229  181                                   
    30.0-180.0 180.0   5.0 450.0                            LAT/LON1/LON2/DLON/H
  207  161  145  131  127  117  118  112  113  111  116  119  127  128  131  130
  138  140  150  152  158  155  154  151  148  149  148  147  143  136  127  109
  102  100  103  104  108  121  145  177  210  235  262  282  298  306  317  325
  341  353  376  397  424  448  466  480  483  486  483  485  488  490  490  486
  475  464  443  422  384  324  292  272  207                                   
    27.5-180.0 180.0   5.0 450.0                            LAT/LON1/LON2/DLON/H
  256  194  171  141  128  116  109  101  102  104  109  116  123  126  129  130
  138  143  154  156  159  153  150  147  145  153  155  161  161  148  130  109
  101   97   99  110  112  121  144  174  211  233  254  275  293  308  324  337
  357  374  405  438  474  509  533  553  554  563  560  573  578  592  593  592
  582  568  547  517  481  422  361  346  256                                   
    25.0-180.0 180.0   5.0 450.0                            LAT/LON1/LON2/DLON/H
  340  254  214  181  156  137  124  114  110  109  111  115  122  122  125  125
  135  140  151  153  155  151  149  148  150  158  166  172  174  153  134  116
  112  104  104  108  119  125  143  175  207  234  253  273  291  315  339  361
  386  415  459  501  545  586  621  642  650  653  655  664  678  691  701  701
  695  684  662  636  594  529  474  436  340                                   
    22.5-180.0 180.0   5.0 450.0                            LAT/LON1/LON2/DLON/H
  449  367  311  253  215  188  163  146  134  129  128  130  133  129  127  125
  129  134  144  147  149  147  149  153  162  171  186  185  180  156  145  131
  120  105   95   98  109  126  142  172  209  237  259  283  305  330  353  381
  414  458  512  564  613  659  692  709  713  717  717  729  744  756  769  767
  767  758  745  723  684  647  598  538  449                                   
    20.0-180.0 180.0   5.0 450.0                            LAT/LON1/LON2/DLON/H
  567  491  432  365  304  265  230  213  192  177  167  162  158  147  139  130
  131  131  140  142  148  148  156  164  176  188  200  195  185  161  156  139
  129  114  101  101  109  122  144  173  211  241  267  292  319  349  378  409
  458  508  566  617  668  701  731  745  753  755  761  772  789  799  809  806
  809  801  804  783  758  718  676  646  567                                   
    17.5-180.0 180.0   5.0 450.0                            LAT/LON1/LON2/DLON/H
  661  610  561  489  425  375  329  292  256  240  219  210  198  186  165  148
  138  135  139  144  149  156  169  181  199  205  216  193  187  164  152  135
  122  114   96   99  103  121  143  173  213  246  278  306  338  371  400  440
  491  545  597  645  690  722  743  759  763  769  771  785  802  813  823  819
  820  821  827  824  805  778  744  725  661                                   
    15.0-180.0 180.0   5.0 450.0                            LAT/LON1/LON2/DLON/H
  729  696  654  589  520  477  423  390  344  318  290  278  260  234  210  187
  166  154  151  156  161  172  186  203  219  231  227  204  194  167  153  135
  127  116  105  100  104  114  140  172  209  247  283  315  353  391  427  471
  523  565  611  652  688  708  728  740  745  748  753  767  785  795  804  795
  795  801  816  822  822  803  771  776  729                                   
    12.5-180.0 180.0   5.0 450.0                            LAT/LON1/LON2/DLON/H
  762  756  705  652  595  541  496  461  423  394  363  352  326  301  261  226
  200  184  177  176  184  190  210  222  246  245  237  210  192  163  150  139
  123  117  106  105  105  119  142  173  214  252  291  330  369  415  449  498
  538  573  608  639  667  682  694  707  711  719  723  740  755  766  766  762
  756  769  784  803  805  800  780  783  762                                   
    10.0-180.0 180.0   5.0 450.0                            LAT/LON1/LON2/DLON/H
  760  766  723  684  621  582  533  505  469  446  422  411  387  362  319  283
  244  225  205  209  205  220  229  247  268  260  246  209  180  157  137  129
  116  111  102  100  104  116  143  176  213  254  295  338  386  425  466  505
  542  564  593  618  646  655  665  674  682  688  699  716  733  739  740  731
  729  736  751  766  778  775  763  769  760                                   
     7.5-180.0 180.0   5.0 450.0                            LAT/LON1/LON2/DLON/H
  741  758  717  678  626  580  546  516  490  470  455  450  434  413  370  338
  298  275  253  248  242  243  254  262  274  258  241  200  171  147  135  123
