data/unet/pred0450.15i
     1.0            IONOSPHERE MAPS     GNSS                IONEX VERSION / TYPE
pyspatialgeodesy        IME             05-JAN-18 20:20     PGM / RUN BY / DATE 
Map Name                                                    COMMENT             
Predicted global ionosphere maps (GIM).                     DESCRIPTION         
  2015     2    14     0     0     0                        EPOCH OF FIRST MAP  
  2015     2    15     0     0     0                        EPOCH OF LAST MAP   
  7200                                                      INTERVAL            
    13                                                      # OF MAPS IN FILE   
  NONE                                                      MAPPING FUNCTION    
10.0                                                        ELEVATION CUTOFF    
One-way carrier phase leveled to code                       OBSERVABLES USED    
  6371.0                                                    BASE RADIUS         
 2                                                          MAP DIMENSION       
   450.0 450.0   0.0                                        HGT1 / HGT2 / DHGT  
    87.5 -87.5  -2.5                                        LAT1 / LAT2 / DLAT  
  -180.0 180.0   5.0                                        LON1 / LON2 / DLON  
    -1                                                      EXPONENT            
                                                            END OF HEADER       
[from data line 2145]
     6                                                      START OF TEC MAP    
  2015     2    14    10     0     0                        EPOCH OF CURRENT MAP
    87.5-180.0 180.0   5.0 450.0                            LAT/LON1/LON2/DLON/H
   42   68   55   56   57   61   63   67   68   73   74   79   79   85   85   89
   88   92   91   93   92   94   93   94   94   95   95   96   96   97   96   96
   96   96   95   95   94   93   93   91   90   89   87   85   84   82   80   78
   75   74   71   70   68   69   66   66   63   63   60   60   56   56   53   53
   50   50   47   47   45   46   51   38   42                                   
    85.0-180.0 180.0   5.0 450.0                            LAT/LON1/LON2/DLON/H
   58   53   54   62   62   72   72   81   80   89   88   96   95  101  100  106
  104  109  106  110  107  111  107  110  106  111  107  112  108  113  110  113
  110  113  110  112  108  109  105  105  100  101   97   96   91   91   86   84
   78   76   72   69   65   62   59   56   51   49   46   44   41   41   38   39
   37   39   37   39   41   42   50   36   58                                   
    82.5-180.0 180.0   5.0 450.0                            LAT/LON1/LON2/DLON/H
   34   49   42   50   50   60   63   73   75   85   86   95   94  104  103  110
  107  113  109  113  109  112  107  110  106  109  107  110  110  113  113  116
  117  120  120  121  122  121  122  119  119  115  115  110  109  106  103   99
   94   91   85   80   74   70   63   58   50   45   39   35   30   29   25   25
   21   23   19   22   21   26   31   14   34                                   
    80.0-180.0 180.0   5.0 450.0                            LAT/LON1/LON2/DLON/H
   32   42   37   41   47   56   62   70   74   82   85   91   93   97   99  101
  103  102  104  101  101  100   98   97   95   96   96   98  100  103  106  110
  114  119  123  127  131  133  136  136  138  136  137  134  134  131  131  126
  123  117  113  106  100   91   85   76   69   61   54   47   40   35   30   28
   24   23   18   18   17   19   27   13   32                                   
    77.5-180.0 180.0   5.0 450.0                            LAT/LON1/LON2/DLON/H
   30   45   39   42   49   55   62   69   74   81   84   89   90   93   93   95
   93   95   93   92   90   90   86   86   83   83   83   85   86   91   95  103
  108  118  125  134  140  147  152  156  158  161  162  162  162  165  164  164
  160  157  152  147  140  133  126  116  105   94   84   74   66   58   52   46
   43   37   33   28   26   24   29   15   30                                   
    75.0-180.0 180.0   5.0 450.0                            LAT/LON1/LON2/DLON/H
   38   43   41   44   49   57   61   70   73   79   81   83   84   85   84   83
   81   81   80   80   78   78   76   74   73   72   73   73   76   81   87   95
  105  115  126  137  148  157  166  171  178  180  186  187  191  192  196  197
  198  197  195  191  184  177  168  157  145  133  120  109   97   88   77   71
   64   57   51   46   41   41   41   29   38                                   
    72.5-180.0 180.0   5.0 450.0                            LAT/LON1/LON2/DLON/H
   48   53   47   49   50   54   58   64   67   72   72   76   74   76   72   72
   68   68   66   68   67   69   68   68   67   66   66   66   68   72   79   88
  100  113  126  140  152  164  176  183  191  196  202  207  211  217  222  227
  230  232  232  231  226  218  208  196  182  170  156  144  129  118  105   95
   85   77   69   64   59   55   57   44   48                                   
    70.0-180.0 180.0   5.0 450.0                            LAT/LON1/LON2/DLON/H
   57   51   52   50   51   53   56   60   64   66   68   68   69   66   63   60
   57   56   56   58   60   64   65   67   67   66   64   64   66   70   76   88
  100  117  130  146  160  175  184  193  200  208  214  219  227  234  244  251
  256  261  264  262  256  247  237  223  209  193  180  165  153  139  127  115
  103   94   84   77   72   71   67   54   57                                   
    67.5-180.0 180.0   5.0 450.0                            LAT/LON1/LON2/DLON/H
   59   57   51   50   47   49   51   57   59   64   62   63   59   59   53   53
   49   50   51   55   59   64   67   70   70   69   68   68   69   72   78   89
  103  120  137  154  169  182  192  201  208  216  223  231  237  249  261  271
  276  280  282  280  276  264  251  235  220  202  189  174  159  144  129  117
  106   94   86   78   74   71   74   60   59                                   
    65.0-180.0 180.0   5.0 450.0                            LAT/LON1/LON2/DLON/H
   57   49   51   45   42   42   47   51   55   60   59   60   57   56   52   49
   46   47   49   54   58   66   68   74   72   73   69   71   70   76   81   96
  110  130  148  167  181  195  204  213  221  229  234  242  248  260  269  281
  285  291  291  288  280  269  252  234  216  201  187  172  156  139  122  109
   95   86   76   73   67   70   69   56   57                                   
    62.5-180.0 180.0   5.0 450.0                            LAT/LON1/LON2/DLON/H
   53   51   46   43   37   40   43   51   53   60   58   62   56   56   50   49
   46   46   49   55   61   68   72   76   75   74   71   71   72   77   86  101
  118  138  156  173  191  201  214  221  231  239  244  252  257  271  279  288
  291  291  291  282  274  256  241  220  204  188  173  159  143  125  109   94
   81   70   62   58   56   58   63   48   53                                   
    60.0-180.0 180.0   5.0 450.0                            LAT/LON1/LON2/DLON/H
   48   44   44   36   31   36   37   45   46   53   53   57   53   52   48   47
   45   45   48   54   58   67   68   74   69   72   66   70   68   79   87  109
  124  149  166  187  202  216  226  235  242  251  252  264  264  280  280  291
  289  291  283  276  262  246  229  213  196  183  167  155  138  120  100   84
   68   58   49   48   46   52   53   42   48                                   
    57.5-180.0 180.0   5.0 450.0                            LAT/LON1/LON2/DLON/H
   49   52   45   39   31   35   35   44   42   51   49   54   51   51   47   46
   45   44   47   51   56   61   64   66   65   64   62   64   68   78   92  113
  134  157  177  194  213  225  238  247  254  262  265  275  279  289  291  295
  293  288  282  268  258  237  224  207  194  181  170  156  142  124  104   84
   67   54   45   43   44   48   52   40   49                                   
    55.0-180.0 180.0   5.0 450.0                            LAT/LON1/LON2/DLON/H
   54   54   53   42   32   35   32   39   38   45   44   50   48   49   46   46
   44   43   45   48   50   56   55   59   55   57   55   61   66   82   97  123
  143  170  186  210  226  242  254  265  271  281  281  295  292  304  299  306
  299  297  285  275  260  243  228  216  205  196  183  174  158  142  119   97
   76   63   52   51   49   57   58   47   54                                   
    52.5-180.0 180.0   5.0 450.0                            LAT/LON1/LON2/DLON/H
   70   77   68   61   48   46   39   42   39   45   43   48   48   49   47   47
   45   44   45   47   50   51   52   53   51   52   52   60   69   85  103  128
  153  176  196  216  237  252  266  276  286  296  302  311  312  317  316  316
  312  306  297  285  274  256  243  231  225  215  208  196  183  165  146  124
  101   85   72   68   67   72   72   64   70                                   
    50.0-180.0 180.0   5.0 450.0                            LAT/LON1/LON2/DLON/H
   86   89   89   80   66   61   51   50   45   47   45   51   50   53   51   52
   49   47   48   48   50   51   52   52   51   52   55   63   76   93  113  139
  161  185  204  228  245  261  275  288  298  312  317  325  324  329  326  327
  324  320  310  300  286  274  258  250  241  237  226  220  203  190  169  152
  128  111   97   94   90   93   91   82   86                                   
    47.5-180.0 180.0   5.0 450.0                            LAT/LON1/LON2/DLON/H
  108  113  108  105   90   82   69   64   56   55   52   56   57   59   58   57
   56   54   55   55   57   58   58   58   56   58   61   70   83  102  122  146
  168  190  211  233  251  267  281  293  308  319  328  333  336  337  338  334
  335  328  322  309  300  283  271  259  253  245  239  228  217  201  186  167
  148  130  117  112  109  109  107  100  108                                   
    45.0-180.0 180.0   5.0 450.0                            LAT/LON1/LON2/DLON/H
  118  122  124  121  111  104   90   83   72   69   67   69   71   72   70   69
   68   65   67   67   70   69   71   69   68   68   73   81   96  114  133  155
  174  196  217  240  258  274  287  301  312  325  331  337  340  340  339  339
  339  337  330  320  308  292  275  263  251  244  233  224  210  200  183  169
  149  137  122  121  114  115  112  108  118                                   
    42.5-180.0 180.0   5.0 450.0                            LAT/LON1/LON2/DLON/H
  121  128  130  133  124  119  108   99   90   83   81   83   85   85   83   80
   79   77   80   79   83   82   83   80   78   79   83   92  105  121  137  157
  176  197  221  245  265  280  293  307  320  333  338  342  344  343  343  340
  343  338  334  322  311  291  273  254  243  227  216  203  194  180  168  152
  137  124  115  110  106  103  106  103  121                                   
    40.0-180.0 180.0   5.0 450.0                            LAT/LON1/LON2/DLON/H
  109  119  126  132  127  127  118  114  104  100   96  100  101  102   99   96
   95   93   95   95   98   95   95   90   87   87   92  101  115  131  147  163
  182  204  229  254  275  290  302  317  328  341  347  350  352  349  349  349
  351  349  344  336  323  305  281  261  241  222  205  190  175  164  148  132
  116  107   96   94   85   85   85   85  109                                   
    37.5-180.0 180.0   5.0 450.0                            LAT/LON1/LON2/DLON/H
   93  107  113  121  121  123  119  115  111  107  107  108  112  112  110  106
  106  104  106  105  105  102  101   95   92   91   97  106  118  133  146  162
  180  206  234  261  283  299  313  327  339  354  359  364  364  361  360  358
  362  358  358  348  340  321  300  277  257  236  215  192  177  159  144  123
  108   95   84   77   69   69   68   62   93                                   
    35.0-180.0 180.0   5.0 450.0                            LAT/LON1/LON2/DLON/H
   75   86   93  102  103  111  110  110  109  108  112  115  121  122  121  117
  117  115  117  113  113  106  104   96   93   92  100  110  124  139  153  166
  185  210  242  271  295  312  329  344  359  373  381  386  388  386  386  385
  386  384  381  375  367  354  335  317  294  274  251  227  204  183  165  142
  123  104   86   75   63   63   59   51   75                                   
    32.5-180.0 180.0   5.0 450.0                            LAT/LON1/LON2/DLON/H
   65   79   77   87   89   97   97   98  100  101  106  112  121  123  124  121
  122  120  120  115  112  106  101   93   89   89   99  110  125  138  151  166
  186  214  246  282  309  329  349  369  385  402  408  416  418  419  421  420
  424  421  423  417  416  404  397  380  370  349  329  300  272  243  218  190
  168  148  123  100   84   74   67   54   65                                   
    30.0-180.0 180.0   5.0 450.0                            LAT/LON1/LON2/DLON/H
   74   73   69   72   73   81   83   87   88   91   98  106  117  120  125  124
  127  124  125  117  113  104   99   91   89   89  100  114  134  147  163  176
  198  228  264  300  329  351  378  398  416  429  439  446  450  455  459  465
  468  471  472  475  477  478  477  475  470  456  437  407  377  340  307  272
  242  209  184  161  136  115  101   89   74                                   
    27.5-180.0 180.0   5.0 450.0                            LAT/LON1/LON2/DLON/H
  100  100   81   74   69   75   75   79   79   81   88   96  105  113  118  121
  126  126  126  118  112  105   98   90   86   87   98  116  141  158  180  193
  219  248  287  319  349  377  405  432  448  470  482  493  503  510  520  525
  530  527  534  542  561  566  586  594  604  597  586  551  519  473  430  382
  341  302  264  233  204  175  152  128  100                                   
    25.0-180.0 180.0   5.0 450.0                            LAT/LON1/LON2/DLON/H
  148  133  110   89   78   74   75   75   76   77   81   89  100  105  113  117
  127  126  128  118  115  106  100   93   92   90  107  124  156  178  195  219
  248  281  318  350  380  408  441  465  484  506  528  545  558  577  584  600
  597  606  608  633  640  664  677  711  722  729  711  687  649  614  571  522
  467  412  367  330  293  255  217  196  148                                   
    22.5-180.0 180.0   5.0 450.0                            LAT/LON1/LON2/DLON/H
  219  197  160  131  108   97   87   87   81   79   81   85   93   97  104  111
  122  124  127  120  115  109  103   97   96   96  110  136  167  194  222  240
  269  303  339  372  404  432  461  493  510  536  562  583  608  629  657  669
  678  675  681  700  723  747  781  806  832  833  825  806  773  722  674  621
  577  534  485  433  389  335  298  279  219                                   
    20.0-180.0 180.0   5.0 450.0                            LAT/LON1/LON2/DLON/H
  302  271  227  193  157  134  122  109  100   92   89   89   93   94   99  104
  116  119  124  118  116  113  110  104  103  102  122  147  177  210  236  267
  295  326  361  397  430  455  491  523  543  566  590  618  645  679  708  719
  720  724  727  747  772  798  827  852  872  873  867  854  826  788  737  680
  633  591  550  524  487  430  382  364  302                                   
    17.5-180.0 180.0   5.0 450.0                            LAT/LON1/LON2/DLON/H
  378  339  286  243  215  198  171  155  134  120  107  102  100   97   97   99
  110  114  119  114  112  109  109  101  100  105  113  152  184  221  250  284
  316  344  381  417  443  467  501  539  565  591  617  644  675  708  732  741
  744  740  744  758  785  803  829  848  868  864  862  844  825  783  745  694
  654  610  582  558  531  482  446  423  378                                   
    15.0-180.0 180.0   5.0 450.0                            LAT/LON1/LON2/DLON/H
  421  388  338  293  257  234  220  203  181  157  138  121  113  103   99   98
  108  106  111  107  107  109  107  105  104  103  123  161  197  238  269  308
  340  371  401  434  461  475  524  560  590  615  642  670  701  728  737  749
  743  741  738  748  764  780  800  816  829  822  816  796  773  737  698  658
  624  592  567  554  527  493  476  445  421                                   
    12.5-180.0 180.0   5.0 450.0                            LAT/LON1/LON2/DLON/H
  436  414  365  318  288  263  247  235  217  197  171  149  134  115  105  101
  104  108  107  101  102   98  103  100   90  106  126  168  205  251  281  325
  350  386  421  443  463  488  529  569  607  634  665  694  722  737  739  738
  733  729  724  726  730  736  746  760  773  761  752  732  712  676  638  587
  557  524  515  507  496  462  466  447  436                                   
    10.0-180.0 180.0   5.0 450.0                            LAT/LON1/LON2/DLON/H
  415  403  373  334  311  289  273  257  248  228  208  178  160  133  119  109
  106  104  105  103  102  103  100   94   91  107  135  175  221  265  300  340
  363  398  430  445  473  493  544  581  617  645  678  708  733  742  733  736
  722  724  709  710  702  704  705  715  715  703  693  672  646  597  544  499
  470  445  438  437  435  420  438  410  415                                   
     7.5-180.0 180.0   5.0 450.0                            LAT/LON1/LON2/DLON/H
  387  380  368  336  319  296  287  271  262  247  228  200  180  153  136  120
  112  109  107  103   98   97   87   87   85  109  140  190  233  286  316  349
