data/unet/pred1020.15i
     1.0            IONOSPHERE MAPS     GNSS                IONEX VERSION / TYPE
pyspatialgeodesy        IME             05-JAN-18 20:20     PGM / RUN BY / DATE 
Map Name                                                    COMMENT             
Predicted global ionosphere maps (GIM).                     DESCRIPTION         
  2015     4    12     0     0     0                        EPOCH OF FIRST MAP  
  2015     4    13     0     0     0                        EPOCH OF LAST MAP   
  7200                                                      INTERVAL            
    13                                                      # OF MAPS IN FILE   
  NONE                                                      MAPPING FUNCTION    
10.0                                                        ELEVATION CUTOFF    
One-way carrier phase leveled to code                       OBSERVABLES USED    
  6371.0                                                    BASE RADIUS         
 2                                                          MAP DIMENSION       
   450.0 450.0   0.0                                        HGT1 / HGT2 / DHGT  
    87.5 -87.5  -2.5                                        LAT1 / LAT2 / DLAT  
  -180.0 180.0   5.0                                        LON1 / LON2 / DLON  
    -1                                                      EXPONENT            
                                                            END OF HEADER       
[from data line 4719]
    12                                                      START OF TEC MAP    
  2015     4    12    22     0     0                        EPOCH OF CURRENT MAP
    87.5-180.0 180.0   5.0 450.0                            LAT/LON1/LON2/DLON/H
  183  147  139  140  140  138  139  137  138  137  138  137  138  137  139  137
  138  136  137  136  136  135  136  134  134  132  133  131  131  130  130  128
  128  127  127  126  127  125  126  125  126  125  126  125  127  126  128  127
  129  129  130  130  132  132  133  133  135  134  136  135  137  136  138  136
  138  137  138  138  140  140  143  163  183                                   
    85.0-180.0 180.0   5.0 450.0                            LAT/LON1/LON2/DLON/H
  135  135  137  142  142  142  142  143  142  144  144  147  146  148  147  149
  147  148  146  147  144  144  142  142  138  139  135  135  132  131  128  128
  125  125  122  123  121  122  121  122  122  123  124  125  127  128  129  131
  132  133  134  136  137  138  139  140  140  141  141  142  141  142  141  143
  141  142  140  142  142  144  140  151  135                                   
    82.5-180.0 180.0   5.0 450.0                            LAT/LON1/LON2/DLON/H
  126  129  135  139  138  138  141  143  145  146  150  152  154  155  157  157
  158  156  157  154  153  150  149  145  144  139  138  133  132  127  126  122
  121  118  118  116  117  116  118  118  119  120  122  124  126  127  129  131
  132  133  134  136  136  138  138  140  139  140  140  141  140  141  141  141
  140  140  139  139  138  138  133  138  126                                   
    80.0-180.0 180.0   5.0 450.0                            LAT/LON1/LON2/DLON/H
  125  124  125  129  127  129  131  135  139  143  148  153  156  159  162  163
  164  163  162  160  158  155  152  148  144  140  135  131  126  121  117  114
  111  109  107  106  106  106  107  108  109  110  112  113  115  116  117  119
  120  121  121  123  122  124  124  125  125  126  126  128  127  129  128  130
  129  130  128  129  126  129  120  125  125                                   
    77.5-180.0 180.0   5.0 450.0                            LAT/LON1/LON2/DLON/H
  118  121  119  121  121  122  126  131  137  142  150  155  161  164  168  169
  170  169  169  166  164  159  157  151  147  140  136  129  124  117  113  108
  106  102  102  100  101  100  102  102  103  104  106  106  107  107  108  108
  109  108  109  109  109  109  110  110  111  112  113  115  116  117  118  119
  120  120  119  119  119  117  114  115  118                                   
    75.0-180.0 180.0   5.0 450.0                            LAT/LON1/LON2/DLON/H
  117  119  118  121  119  123  125  132  137  146  153  161  166  172  175  176
  176  175  172  170  166  163  158  154  149  143  136  129  122  116  110  106
  102  101   98   98   96   98   97   98   97   99   98   98   97   97   96   96
   94   94   92   93   91   92   91   93   93   95   96  100  101  104  105  108
  108  110  110  111  113  115  113  116  117                                   
    72.5-180.0 180.0   5.0 450.0                            LAT/LON1/LON2/DLON/H
  120  125  123  126  126  127  131  136  144  152  161  168  175  178  181  180
  178  174  172  168  165  161  159  155  151  144  139  131  124  117  112  105
  102   99   98   96   96   95   96   94   94   92   92   89   89   85   86   82
   82   79   80   77   77   76   77   77   80   81   85   87   92   94   98  100
  103  105  107  109  113  115  116  121  120                                   
    70.0-180.0 180.0   5.0 450.0                            LAT/LON1/LON2/DLON/H
  128  135  134  138  135  137  138  145  149  159  166  175  179  182  181  180
  175  170  166  164  160  159  157  155  151  146  139  133  125  119  111  107
  102  101   97   98   95   96   93   93   89   89   84   83   79   78   75   74
   72   71   69   68   67   68   67   69   71   75   78   83   87   91   94   98
  100  103  105  109  114  119  123  131  128                                   
    67.5-180.0 180.0   5.0 450.0                            LAT/LON1/LON2/DLON/H
  140  145  146  148  147  145  148  151  158  164  173  179  184  183  181  176
  170  163  160  156  156  154  155  153  151  146  141  134  127  120  114  108
  105  100   99   96   96   93   92   88   86   81   79   74   72   68   67   65
   65   63   63   62   62   62   64   65   69   72   78   82   88   92   96   99
  102  103  107  111  118  124  130  139  140                                   
    65.0-180.0 180.0   5.0 450.0                            LAT/LON1/LON2/DLON/H
  148  156  157  160  156  156  155  159  162  170  177  184  185  185  179  174
  165  159  153  152  151  152  153  152  150  145  139  133  125  119  112  108
  102  101   96   96   91   91   86   85   80   77   71   68   63   62   59   60
   59   59   59   59   60   61   62   65   69   73   79   85   91   96  100  102
  104  106  109  113  121  128  138  149  148                                   
    62.5-180.0 180.0   5.0 450.0                            LAT/LON1/LON2/DLON/H
  155  162  164  167  165  163  164  165  170  175  182  187  189  186  181  172
  164  156  154  151  153  152  154  153  150  145  139  132  126  119  114  108
  104   99   96   91   89   85   83   79   76   70   67   62   60   56   56   55
   57   57   58   58   60   61   65   67   72   76   83   89   97  102  107  109
  110  111  113  117  124  132  141  154  155                                   
    60.0-180.0 180.0   5.0 450.0                            LAT/LON1/LON2/DLON/H
  158  168  170  175  171  171  169  172  174  179  184  189  189  187  180  174
  166  160  155  156  155  156  156  155  150  144  138  131  125  120  115  111
  105  101   94   92   86   84   80   79   73   71   65   63   58   58   55   57
   57   59   59   62   64   66   68   72   75   81   86   95  102  110  114  118
  118  119  119  122  129  135  145  161  158                                   
    57.5-180.0 180.0   5.0 450.0                            LAT/LON1/LON2/DLON/H
  165  175  175  181  180  179  180  180  183  185  189  191  192  189  184  178
  172  166  163  163  162  162  161  158  152  145  140  133  129  124  121  115
  111  102   98   90   87   82   82   78   78   73   71   66   66   62   62   61
   62   63   65   66   69   70   74   75   80   83   91   98  108  116  123  127
  129  130  131  132  137  142  147  165  165                                   
    55.0-180.0 180.0   5.0 450.0                            LAT/LON1/LON2/DLON/H
  171  185  185  194  192  195  194  196  196  197  197  199  195  194  189  187
  180  177  174  174  172  170  167  163  156  149  144  139  137  133  131  126
  119  112  102   97   90   88   85   86   83   83   79   78   74   74   70   70
   68   70   70   74   75   78   79   82   84   89   94  103  111  122  129  137
  140  143  143  145  148  150  158  176  171                                   
    52.5-180.0 180.0   5.0 450.0                            LAT/LON1/LON2/DLON/H
  184  197  198  208  210  210  214  212  214  209  207  203  201  197  195  193
  191  188  185  183  181  178  174  168  162  156  153  150  151  147  146  138
  132  119  112  101   99   94   96   94   97   95   96   92   92   88   86   83
   82   81   81   82   84   85   87   87   89   91   98  104  115  125  136  145
  152  157  160  162  165  166  166  188  184                                   
    50.0-180.0 180.0   5.0 450.0                            LAT/LON1/LON2/DLON/H
  199  212  217  228  229  234  235  239  236  232  223  219  210  207  201  201
  198  195  191  189  186  183  179  175  171  167  166  165  166  162  159  151
  142  130  119  111  107  105  105  107  108  110  109  110  106  106  101  100
   96   95   93   95   96   97   97   97   96   99  101  110  118  131  141  155
  164  173  178  183  186  185  186  207  199                                   
    47.5-180.0 180.0   5.0 450.0                            LAT/LON1/LON2/DLON/H
  221  228  235  245  251  254  262  261  263  253  243  230  222  213  210  206
  204  200  196  193  190  188  185  183  182  179  180  179  181  175  172  160
  152  136  129  119  119  115  120  119  124  123  126  125  125  122  120  116
  114  110  108  108  109  109  109  106  106  105  110  116  126  137  150  163
  176  188  196  203  208  209  205  227  221                                   
    45.0-180.0 180.0   5.0 450.0                            LAT/LON1/LON2/DLON/H
  240  249  255  267  272  279  284  288  287  280  266  254  241  232  223  219
  212  207  201  199  196  195  195  196  198  198  198  196  194  186  178  165
  154  141  133  127  127  125  129  131  134  136  137  139  137  138  135  134
  130  128  126  125  124  125  123  121  117  117  118  127  135  149  160  175
  188  203  213  224  230  232  233  251  240                                   
    42.5-180.0 180.0   5.0 450.0                            LAT/LON1/LON2/DLON/H
  263  267  274  284  292  296  305  305  309  298  289  271  261  247  240  229
  222  213  207  204  205  205  208  212  217  216  215  206  201  186  178  162
  155  142  140  134  139  137  142  140  144  144  146  147  148  148  148  146
  145  141  139  137  137  135  134  130  128  126  130  136  148  160  174  187
  201  215  228  240  250  254  255  273  263                                   
    40.0-180.0 180.0   5.0 450.0                            LAT/LON1/LON2/DLON/H
  280  286  293  302  307  312  318  322  325  317  305  292  282  272  261  250
  239  227  219  218  218  220  225  231  235  232  224  212  201  182  171  157
  150  142  142  141  147  147  150  148  151  151  153  155  157  158  159  159
  157  154  151  149  148  147  145  143  139  139  140  149  161  175  188  200
  213  227  241  255  267  274  278  295  280                                   
    37.5-180.0 180.0   5.0 450.0                            LAT/LON1/LON2/DLON/H
  301  304  311  314  319  321  327  329  336  326  319  304  301  290  283  268
  258  244  238  235  239  239  245  247  252  242  231  209  195  172  165  150
  151  146  153  154  163  162  164  159  159  158  160  163  165  167  166  167
  165  163  160  158  156  154  152  147  146  143  148  155  171  186  201  212
  224  237  252  266  280  292  297  317  301                                   
    35.0-180.0 180.0   5.0 450.0                            LAT/LON1/LON2/DLON/H
  321  326  333  333  335  336  338  344  345  341  333  323  319  311  305  293
  282  269  263  261  262  261  263  264  262  250  233  210  191  170  162  152
  157  156  166  165  177  173  180  173  173  170  172  175  177  177  176  175
  173  172  169  168  166  164  161  157  153  152  155  166  183  200  217  228
  239  252  266  280  293  306  318  339  321                                   
    32.5-180.0 180.0   5.0 450.0                            LAT/LON1/LON2/DLON/H
  348  353  360  357  356  352  354  356  358  356  350  338  338  329  328  315
  308  297  293  290  289  285  283  279  274  261  242  217  203  185  184  176
  185  183  192  192  199  196  198  193  188  186  186  188  188  188  185  182
  180  176  175  173  172  169  168  162  160  158  163  172  189  209  228  241
  254  265  281  293  306  323  335  360  348                                   
    30.0-180.0 180.0   5.0 450.0                            LAT/LON1/LON2/DLON/H
  374  381  387  383  385  376  379  381  384  384  374  365  363  355  351  341
  336  328  323  318  313  304  296  290  283  273  257  241  229  215  213  208
  215  214  221  216  222  213  214  208  205  201  203  201  202  198  195  190
  184  179  175  171  170  168  165  161  158  159  163  178  196  221  243  261
  277  290  305  316  329  344  362  384  374                                   
    27.5-180.0 180.0   5.0 450.0                            LAT/LON1/LON2/DLON/H
  411  412  414  415  417  415  417  420  424  423  412  401  395  383  378  366
  364  357  351  343  333  320  307  302  299  295  288  276  271  260  263  262
  271  268  266  255  252  244  239  231  224  220  217  216  215  210  205  195
  189  182  176  172  169  166  160  157  154  155  158  174  194  227  252  278
  297  314  328  342  353  374  391  414  411                                   
    25.0-180.0 180.0   5.0 450.0                            LAT/LON1/LON2/DLON/H
  448  454  455  457  466  466  473  474  480  476  464  452  438  422  408  395
  391  382  373  362  349  334  322  318  319  322  321  320  319  318  323  321
  322  309  298  284  279  272  266  258  252  248  247  245  244  235  226  212
  201  192  185  180  174  169  161  154  148  150  150  167  191  226  259  290
  312  334  355  373  393  414  436  451  448                                   
    22.5-180.0 180.0   5.0 450.0                            LAT/LON1/LON2/DLON/H
  491  507  509  519  524  528  536  536  545  539  526  511  489  467  449  431
  422  405  390  374  361  346  339  338  347  352  360  364  372  369  372  362
  358  337  323  304  301  295  291  285  278  277  279  278  272  263  248  230
  215  201  193  186  178  172  165  158  155  152  155  166  192  232  269  307
  331  358  374  403  422  449  470  489  491                                   
    20.0-180.0 180.0   5.0 450.0                            LAT/LON1/LON2/DLON/H
  527  553  566  579  585  589  596  602  612  612  595  580  554  531  504  485
  464  441  412  392  377  365  361  367  378  387  401  407  411  404  401  392
  378  351  327  310  309  313  313  308  302  301  300  303  299  289  271  250
  228  212  198  189  182  176  169  162  156  156  158  169  189  230  272  318
  347  377  398  423  448  474  498  517  527                                   
    17.5-180.0 180.0   5.0 450.0                            LAT/LON1/LON2/DLON/H
  563  600  623  643  650  655  661  670  687  686  674  654  626  598  570  551
  520  489  449  417  401  392  396  405  418  425  435  431  429  418  410  394
  374  345  321  306  311  314  319  317  314  314  318  323  322  310  292  266
  246  223  209  195  187  178  171  163  160  158  167  173  195  227  273  321
  354  387  408  440  464  495  521  544  563                                   
    15.0-180.0 180.0   5.0 450.0                            LAT/LON1/LON2/DLON/H
  583  629  656  682  695  701  706  721  742  750  747  731  709  687  653  631
  599  557  507  468  448  441  448  459  468  467  460  441  421  404  387  364
  347  328  315  307  316  321  329  328  325  329  331  340  333  323  298  274
  250  229  210  198  183  176  163  160  150  156  159  170  189  227  268  319
  353  387  414  447  480  513  544  562  583                                   
    12.5-180.0 180.0   5.0 450.0                            LAT/LON1/LON2/DLON/H
  593  645  678  709  723  731  739  759  785  800  802  795  780  763  734  705
  670  633  580  534  510  502  509  515  515  490  462  428  401  372  344  325
  312  307  309  311  323  333  340  345  345  347  347  350  340  323  299  273
  254  228  213  195  183  175  162  156  151  149  156  164  190  223  270  316
  356  388  415  452  484  525  556  575  593                                   
    10.0-180.0 180.0   5.0 450.0                            LAT/LON1/LON2/DLON/H
  605  662  694  724  743  748  759  779  810  830  836  831  826  818  804  783
  751  713  665  614  588  574  576  568  545  506  459  415  376  343  316  301
  297  301  313  328  344  354  368  375  374  374  364  361  339  317  290  267
  244  223  204  191  176  168  154  151  142  140  144  160  184  224  269  319
  358  393  423  459  495  536  572  589  605                                   
     7.5-180.0 180.0   5.0 450.0                            LAT/LON1/LON2/DLON/H
  616  674  704  736  750  759  769  793  822  844  849  850  847  852  845  836
  811  778  734  688  661  642  633  611  575  518  456  403  358  330  305  300
