data/unet/pred1360.15i
     1.0            IONOSPHERE MAPS     GNSS                IONEX VERSION / TYPE
pyspatialgeodesy        IME             05-JAN-18 20:20     PGM / RUN BY / DATE 
Map Name                                                    COMMENT             
Predicted global ionosphere maps (GIM).                     DESCRIPTION         
  2015     5    16     0     0     0                        EPOCH OF FIRST MAP  
  2015     5    17     0     0     0                        EPOCH OF LAST MAP   
  7200                                                      INTERVAL            
    13                                                      # OF MAPS IN FILE   
  NONE                                                      MAPPING FUNCTION    
10.0                                                        ELEVATION CUTOFF    
One-way carrier phase leveled to code                       OBSERVABLES USED    
  6371.0                                                    BASE RADIUS         
 2                                                          MAP DIMENSION       
   450.0 450.0   0.0                                        HGT1 / HGT2 / DHGT  
    87.5 -87.5  -2.5                                        LAT1 / LAT2 / DLAT  
  -180.0 180.0   5.0                                        LON1 / LON2 / DLON  
    -1                                                      EXPONENT            
                                                            END OF HEADER       
[from data line 3003]
     8                                                      START OF TEC MAP    
  2015     5    16    14     0     0                        EPOCH OF CURRENT MAP
    87.5-180.0 180.0   5.0 450.0                            LAT/LON1/LON2/DLON/H
  220  224  235  244  247  252  253  257  257  259  260  260  260  260  261  261
  261  261  263  262  264  263  264  263  264  262  263  261  261  259  258  257
  256  256  255  256  255  255  254  254  253  251  250  249  247  246  244  243
  241  240  239  238  236  234  233  232  230  229  226  226  224  224  222  223
  223  223  223  220  219  216  230  200  220                                   
    85.0-180.0 180.0   5.0 450.0                            LAT/LON1/LON2/DLON/H
  226  221  220  233  233  240  240  245  245  249  249  253  252  256  255  258
  257  260  259  262  261  262  262  262  263  262  262  260  260  257  256  255
  254  253  252  251  250  249  247  246  244  243  241  239  238  236  235  234
  234  232  232  230  230  228  228  226  226  223  222  219  218  217  216  215
  215  214  214  213  212  210  212  219  226                                   
    82.5-180.0 180.0   5.0 450.0                            LAT/LON1/LON2/DLON/H
  214  199  200  209  210  215  219  222  225  227  231  232  235  236  239  240
  243  244  247  248  249  251  251  254  253  255  252  254  250  252  247  249
  243  245  239  240  234  235  229  230  224  226  221  222  219  221  218  221
  218  221  218  221  218  221  217  219  215  216  211  212  208  209  204  206
  203  206  202  203  200  198  203  211  214                                   
    80.0-180.0 180.0   5.0 450.0                            LAT/LON1/LON2/DLON/H
  193  185  184  192  191  197  198  206  205  211  210  217  215  221  220  226
  225  230  230  234  234  237  237  240  240  242  243  244  244  242  242  239
  239  234  233  227  226  220  218  212  212  207  208  205  208  205  209  207
  211  210  213  212  214  212  214  211  212  208  208  206  204  201  198  196
  195  193  191  188  186  185  183  194  193                                   
    77.5-180.0 180.0   5.0 450.0                            LAT/LON1/LON2/DLON/H
  179  172  174  181  178  185  185  191  191  195  195  199  200  204  204  209
  209  214  214  220  219  225  224  231  229  235  235  240  240  242  241  242
  238  237  232  230  222  220  213  211  205  206  203  206  205  209  209  214
  214  218  218  221  220  221  219  220  217  216  212  212  206  205  199  199
  193  193  186  186  178  179  176  181  179                                   
    75.0-180.0 180.0   5.0 450.0                            LAT/LON1/LON2/DLON/H
  176  170  169  173  173  176  178  181  182  184  185  186  188  187  190  189
  194  193  200  199  207  205  214  212  221  220  230  230  239  236  243  236
  239  232  232  224  221  213  210  203  204  200  203  202  207  207  212  212
  217  217  221  220  223  222  223  220  220  216  214  211  208  204  199  197
  193  191  187  183  180  176  173  179  176                                   
    72.5-180.0 180.0   5.0 450.0                            LAT/LON1/LON2/DLON/H
  177  170  171  176  173  179  178  182  179  182  180  181  179  180  178  181
  181  185  188  193  196  203  207  213  219  224  232  237  244  246  250  249
  249  244  241  235  228  223  217  213  210  211  212  216  218  222  224  226
  228  230  231  232  232  232  230  230  226  223  218  215  209  206  199  198
  192  193  187  186  181  180  180  181  177                                   
    70.0-180.0 180.0   5.0 450.0                            LAT/LON1/LON2/DLON/H
  181  174  173  177  177  180  180  182  182  181  181  178  177  174  175  172
  177  175  183  181  191  190  202  202  214  215  229  230  243  241  250  245
  249  242  242  233  232  223  222  217  219  218  224  223  229  229  231  231
  232  232  233  232  232  230  230  226  225  219  215  210  206  201  197  192
  189  186  184  181  181  177  179  182  181                                   
    67.5-180.0 180.0   5.0 450.0                            LAT/LON1/LON2/DLON/H
  180  175  177  183  184  190  190  193  191  191  188  185  181  178  178  177
  180  182  186  190  195  200  207  211  220  224  235  237  247  248  256  253
  258  252  253  245  243  237  237  233  235  236  241  242  244  244  243  241
  239  239  236  235  232  232  228  227  222  218  211  208  200  197  189  187
  181  181  176  177  173  175  180  180  180                                   
    65.0-180.0 180.0   5.0 450.0                            LAT/LON1/LON2/DLON/H
  174  171  173  179  186  190  194  195  196  195  194  188  188  182  184  180
  184  182  190  190  199  199  208  209  219  223  232  236  242  246  252  254
  256  254  254  248  248  242  244  240  247  247  254  253  254  250  248  243
  240  236  233  230  228  225  223  218  215  207  203  196  192  185  181  175
  171  168  166  162  164  162  167  173  174                                   
    62.5-180.0 180.0   5.0 450.0                            LAT/LON1/LON2/DLON/H
  162  161  161  173  181  190  195  200  201  203  202  199  198  195  195  195
  195  197  199  204  207  212  216  220  226  230  236  239  242  247  251  255
  256  259  259  258  256  255  255  255  259  263  267  267  266  262  257  252
  244  241  234  232  226  226  221  219  213  208  201  196  187  181  172  168
  160  158  152  150  146  146  155  159  162                                   
    60.0-180.0 180.0   5.0 450.0                            LAT/LON1/LON2/DLON/H
  144  141  143  154  167  175  185  190  197  197  202  198  200  195  198  194
  197  196  200  202  208  210  216  219  223  229  231  236  238  245  248  256
  258  263  265  263  265  261  265  263  271  271  278  275  275  268  262  254
  248  243  239  234  230  225  223  217  215  206  202  192  188  175  170  158
  154  145  142  134  133  127  133  144  144                                   
    57.5-180.0 180.0   5.0 450.0                            LAT/LON1/LON2/DLON/H
  129  122  124  136  145  158  166  176  182  189  193  197  199  200  201  201
  200  202  202  207  209  213  217  221  225  227  229  233  234  241  245  257
  259  270  270  276  273  276  275  278  280  283  286  286  283  279  270  263
  256  251  246  243  239  237  232  231  225  221  214  207  199  186  175  165
  154  146  137  129  121  113  119  127  129                                   
    55.0-180.0 180.0   5.0 450.0                            LAT/LON1/LON2/DLON/H
  118  107  107  116  127  136  147  154  166  172  183  188  195  194  198  196
  197  196  199  200  204  208  211  218  218  227  224  234  232  245  248  265
  269  281  284  286  288  287  289  287  290  290  293  292  291  285  279  272
  266  263  259  259  256  255  250  246  242  236  229  221  215  201  192  176
  168  153  146  131  126  111  112  121  118                                   
    52.5-180.0 180.0   5.0 450.0                            LAT/LON1/LON2/DLON/H
  115   99   99  103  111  120  129  139  147  158  169  178  186  190  194  196
  197  198  198  203  204  210  213  219  222  227  229  236  237  251  255  275
  277  295  294  303  301  304  302  300  301  301  303  303  301  297  291  287
  281  280  277  279  277  277  272  270  262  259  249  244  236  225  212  198
  186  172  163  150  139  122  124  123  115                                   
    50.0-180.0 180.0   5.0 450.0                            LAT/LON1/LON2/DLON/H
  125  104   98  102  105  114  120  129  138  147  159  168  178  184  190  192
  196  196  199  201  204  211  213  224  223  234  233  245  248  263  270  288
  295  309  314  320  322  323  320  317  316  314  316  315  316  310  307  300
  299  297  298  301  297  298  291  290  280  278  267  264  254  244  233  219
  209  194  188  173  164  146  140  140  125                                   
    47.5-180.0 180.0   5.0 450.0                            LAT/LON1/LON2/DLON/H
  139  119  109  102  107  110  118  125  135  143  155  163  174  182  189  196
  200  203  204  209  211  219  222  232  235  244  246  257  261  276  282  300
  306  322  326  335  338  338  338  334  334  330  330  329  328  324  319  315
  312  312  313  314  311  310  302  301  291  288  279  276  267  259  247  236
  226  217  209  200  190  173  176  164  139                                   
    45.0-180.0 180.0   5.0 450.0                            LAT/LON1/LON2/DLON/H
  159  140  122  118  118  124  126  135  139  152  158  167  177  186  193  202
  207  210  212  217  216  226  229  242  246  257  260  273  277  291  295  313
  321  336  346  355  360  363  362  359  356  351  350  347  344  338  335  328
  327  324  324  322  316  312  303  301  292  293  283  284  274  269  257  248
  241  233  229  220  216  203  197  191  159                                   
    42.5-180.0 180.0   5.0 450.0                            LAT/LON1/LON2/DLON/H
  181  164  147  136  136  134  139  143  152  161  169  176  187  195  204  213
  219  225  226  230  229  238  243  255  261  272  277  288  292  303  308  326
  336  356  368  381  390  392  394  390  388  379  373  368  362  356  350  343
  340  333  330  324  315  310  299  297  288  288  282  280  274  270  261  255
  249  242  236  231  225  218  225  212  181                                   
    40.0-180.0 180.0   5.0 450.0                            LAT/LON1/LON2/DLON/H
  201  182  165  156  156  154  156  162  168  179  187  195  203  211  219  228
  234  239  241  244  240  249  252  265  272  285  290  303  305  315  323  339
  358  381  399  417  425  433  434  432  426  414  405  395  386  378  370  361
  354  345  337  325  314  302  291  285  280  279  276  277  272  269  261  255
  251  242  239  233  232  227  229  225  201                                   
    37.5-180.0 180.0   5.0 450.0                            LAT/LON1/LON2/DLON/H
  215  195  177  168  167  163  166  169  179  188  202  208  217  222  234  242
  248  254  254  256  253  260  266  278  285  297  303  315  317  329  336  361
  379  409  428  449  463  472  479  474  467  452  436  424  411  400  391  380
  372  357  347  331  319  304  293  289  286  286  282  282  276  274  265  263
  254  247  237  232  225  224  234  231  215                                   
    35.0-180.0 180.0   5.0 450.0                            LAT/LON1/LON2/DLON/H
  220  202  181  177  173  175  175  182  192  204  219  229  238  244  254  260
  266  271  271  272  267  275  278  287  297  307  317  326  333  341  359  388
  418  452  473  494  505  516  521  521  511  498  479  465  446  438  424  415
  404  391  378  354  335  324  320  317  311  304  297  290  287  278  276  269
  262  252  241  233  226  226  233  231  220                                   
    32.5-180.0 180.0   5.0 450.0                            LAT/LON1/LON2/DLON/H
  222  199  182  175  169  167  170  173  189  204  224  238  249  257  266  274
  281  285  287  287  287  292  297  304  311  324  330  345  347  366  384  424
  456  495  519  539  551  560  562  564  556  545  524  509  492  480  465  458
  448  426  403  386  369  360  347  349  348  347  348  337  326  315  307  298
  290  275  259  245  232  228  233  237  222                                   
    30.0-180.0 180.0   5.0 450.0                            LAT/LON1/LON2/DLON/H
  215  209  180  179  170  171  169  179  194  214  230  247  264  272  284  292
  299  305  306  310  309  315  319  322  330  337  351  359  376  397  432  473
  516  549  581  595  610  609  612  614  605  593  571  556  538  531  522  519
  504  488  471  454  436  425  408  410  397  407  392  396  384  374  359  346
  327  308  287  267  249  240  245  238  215                                   
    27.5-180.0 180.0   5.0 450.0                            LAT/LON1/LON2/DLON/H
  217  207  186  178  169  168  162  167  177  202  223  244  266  280  292  302
  310  318  323  327  331  333  338  342  350  361  372  386  406  436  478  522
  571  612  651  670  677  672  659  658  645  635  612  602  586  589  581  597
  584  583  564  549  530  522  504  502  485  491  476  483  453  452  427  418
  393  378  341  317  288  270  258  245  217                                   
    25.0-180.0 180.0   5.0 450.0                            LAT/LON1/LON2/DLON/H
  215  226  198  194  180  176  167  167  173  192  215  240  263  283  301  314
  324  335  345  354  361  363  368  366  376  385  403  420  454  490  535  582
  641  687  731  743  737  715  695  684  669  661  648  642  639  639  646  647
  658  654  648  629  608  593  570  569  547  561  545  554  526  533  506  498
  467  445  407  380  338  307  291  260  215                                   
    22.5-180.0 180.0   5.0 450.0                            LAT/LON1/LON2/DLON/H
  214  244  220  202  190  179  176  173  175  184  204  226  248  278  299  323
  338  351  364  374  383  385  389  389  397  410  430  455  499  539  589  646
  708  754  784  776  764  733  714  696  685  680  676  678  677  682  686  701
  711  717  712  693  659  637  607  599  572  580  568  587  572  576  552  553
  534  520  477  442  386  356  321  293  214                                   
    20.0-180.0 180.0   5.0 450.0                            LAT/LON1/LON2/DLON/H
  243  283  253  224  203  184  163  163  169  185  198  218  240  269  294  324
  348  364  385  399  411  413  421  418  429  442  471  506  551  595  647  709
  764  784  790  781  765  738  714  698  691  692  704  706  723  726  743  755
  763  762  747  732  696  660  627  615  584  586  575  594  597  603  588  590
  577  567  537  492  438  395  368  321  243                                   
    17.5-180.0 180.0   5.0 450.0                            LAT/LON1/LON2/DLON/H
  281  307  285  253  221  193  179  164  164  175  191  210  229  257  281  317
  341  369  389  411  424  430  437  441  456  477  514  554  596  643  695  749
  784  791  792  780  759  734  717  700  704  715  728  746  762  778  791  796
  799  785  762  729  689  642  611  594  569  562  559  565  568  584  577  580
  572  569  544  515  459  432  399  351  281                                   
    15.0-180.0 180.0   5.0 450.0                            LAT/LON1/LON2/DLON/H
  311  328  301  268  237  203  179  165  159  165  178  197  217  245  272  299
  329  361  391  417  438  447  459  470  494  521  559  598  638  678  725  762
  778  782  772  758  739  725  710  706  719  734  764  781  804  814  821  817
  809  786  751  710  661  612  583  563  543  528  527  523  533  542  553  558
  554  548  536  511  477  450  417  377  311                                   
    12.5-180.0 180.0   5.0 450.0                            LAT/LON1/LON2/DLON/H
  323  331  301  274  246  214  192  172  167  160  168  188  206  238  262  285
  312  343  380  406  435  452  466  488  516  553  592  632  667  705  735  756
  763  763  753  739  730  720  718  721  741  768  784  805  818  832  828  819
  800  767  727  678  622  573  546  526  511  503  488  493  485  498  489  504
  494  495  483  471  448  434  415  377  323                                   
    10.0-180.0 180.0   5.0 450.0                            LAT/LON1/LON2/DLON/H
  321  319  296  274  242  216  191  174  164  155  162  179  208  238  263  282
  310  339  371  404  431  455  473  502  539  578  620  660  695  724  744  753
  753  747  735  727  719  716  722  735  766  780  802  811  825  826  819  800
  774  738  697  647  602  554  532  508  496  481  479  466  465  456  448  445
  445  444  438  426  419  405  401  367  321                                   
     7.5-180.0 180.0   5.0 450.0                            LAT/LON1/LON2/DLON/H
  310  302  278  257  232  209  192  176  166  156  158  176  208  242  264  284
  306  335  357  392  418  447  473  514  554  601  639  679  710  730  744  748
