data/unet/pred2560.15i
     1.0            IONOSPHERE MAPS     GNSS                IONEX VERSION / TYPE
pyspatialgeodesy        IME             05-JAN-18 20:20     PGM / RUN BY / DATE 
Map Name                                                    COMMENT             
Predicted global ionosphere maps (GIM).                     DESCRIPTION         
  2015     9    13     0     0     0                        EPOCH OF FIRST MAP  
  2015     9    14     0     0     0                        EPOCH OF LAST MAP   
  7200                                                      INTERVAL            
    13                                                      # OF MAPS IN FILE   
  NONE                                                      MAPPING FUNCTION    
10.0                                                        ELEVATION CUTOFF    
One-way carrier phase leveled to code                       OBSERVABLES USED    
  6371.0                                                    BASE RADIUS         
 2                                                          MAP DIMENSION       
   450.0 450.0   0.0                                        HGT1 / HGT2 / DHGT  
    87.5 -87.5  -2.5                                        LAT1 / LAT2 / DLAT  
  -180.0 180.0   5.0                                        LON1 / LON2 / DLON  
    -1                                                      EXPONENT            
                                                            END OF HEADER       
[from data line 429]
     2                                                      START OF TEC MAP    
  2015     9    13     2     0     0                        EPOCH OF CURRENT MAP
    87.5-180.0 180.0   5.0 450.0                            LAT/LON1/LON2/DLON/H
  111  102   97   88   92   85   89   85   90   85   88   83   87   81   85   78
   83   76   81   74   79   73   77   71   76   71   75   70   75   71   74   70
   75   71   74   71   76   72   76   72   78   74   79   75   80   76   81   77
   83   79   85   81   87   83   88   84   90   86   91   86   92   87   92   87
   92   88   93   88   97   89   95  112  111                                   
    85.0-180.0 180.0   5.0 450.0                            LAT/LON1/LON2/DLON/H
  103  114   97   98   97   93   94   93   93   91   90   88   88   86   85   83
   82   79   79   76   76   74   73   72   72   71   70   70   70   70   70   70
   70   71   71   72   73   73   74   74   75   75   77   77   78   78   80   80
   81   81   83   83   85   85   86   86   89   88   90   90   92   91   93   92
   94   93   96   95   98   92   98  107  103                                   
    82.5-180.0 180.0   5.0 450.0                            LAT/LON1/LON2/DLON/H
  105  110  106  109  103  104  102  104  101  100   97   96   93   90   87   84
   83   79   77   74   73   70   69   66   66   63   64   62   64   63   64   65
   67   67   69   71   73   73   75   76   77   78   79   79   80   80   80   81
   81   82   82   83   84   85   86   88   89   90   91   93   94   95   96   98
   99  100  101  103  104  100  109  111  105                                   
    80.0-180.0 180.0   5.0 450.0                            LAT/LON1/LON2/DLON/H
  110  110  111  109  113  107  110  107  108  103  103   99   99   94   92   88
   86   81   79   75   73   68   66   62   62   57   57   55   56   54   57   57
   61   61   65   65   70   69   74   72   76   74   77   75   78   75   77   75
   78   75   79   77   81   79   84   83   88   86   92   91   96   94   99   97
  102  100  106  104  108  101  105  107  110                                   
    77.5-180.0 180.0   5.0 450.0                            LAT/LON1/LON2/DLON/H
  111  114  113  118  112  114  111  113  108  109  104  105   99   98   93   92
   86   85   80   79   72   71   65   64   57   57   51   53   49   52   50   55
   54   60   60   66   66   71   70   75   72   75   72   74   71   72   69   72
   69   71   70   74   73   77   77   82   82   87   87   92   91   95   95   99
   99  103  103  108  105  106  109  109  111                                   
    75.0-180.0 180.0   5.0 450.0                            LAT/LON1/LON2/DLON/H
  112  111  115  116  118  115  117  114  114  111  110  106  103  100   96   93
   89   86   84   80   76   73   69   64   60   56   52   49   48   47   47   49
   51   54   57   60   63   65   67   68   68   68   67   67   65   65   63   64
   63   64   65   67   69   71   75   77   80   82   86   88   89   90   92   94
   96   97  101  104  106  104  110  109  112                                   
    72.5-180.0 180.0   5.0 450.0                            LAT/LON1/LON2/DLON/H
  112  114  117  119  116  117  116  115  112  110  107  106  100   99   93   92
   86   85   81   80   75   73   68   65   58   56   51   49   46   46   45   47
   48   50   53   56   57   60   61   63   62   62   61   60   58   58   57   57
   56   57   59   61   63   66   70   73   75   78   81   84   84   86   87   89
   89   92   94   99  102  102  112  110  112                                   
    70.0-180.0 180.0   5.0 450.0                            LAT/LON1/LON2/DLON/H
  112  113  117  121  122  120  120  118  115  113  109  106  100   96   90   87
   83   82   80   78   76   74   71   66   62   57   54   50   49   47   46   46
   47   48   49   51   52   54   55   56   55   55   55   55   54   54   53   54
   54   55   57   60   62   66   70   74   76   79   81   84   84   84   85   85
   86   88   92   97  100  102  113  112  112                                   
    67.5-180.0 180.0   5.0 450.0                            LAT/LON1/LON2/DLON/H
  114  115  121  124  120  121  119  118  114  112  107  105   96   93   86   84
   78   79   75   76   72   73   68   67   61   59   54   52   49   48   46   46
   44   44   43   43   43   45   45   47   47   48   49   50   49   50   51   52
   53   55   58   60   63   66   71   74   78   80   82   84   83   84   83   84
   83   86   89   95   99  102  115  115  114                                   
    65.0-180.0 180.0   5.0 450.0                            LAT/LON1/LON2/DLON/H
  115  117  121  125  124  121  121  119  116  113  108  104   96   91   82   78
   73   72   70   70   69   69   67   64   63   58   57   54   54   51   50   47
   45   42   40   38   38   38   38   40   41   43   44   46   48   50   52   54
   57   59   62   65   68   72   76   80   84   87   88   89   89   88   87   87
   87   88   91   96  100  104  118  118  115                                   
    62.5-180.0 180.0   5.0 450.0                            LAT/LON1/LON2/DLON/H
  119  119  123  124  120  119  117  117  114  113  107  106   95   92   80   77
   69   69   64   66   62   64   60   60   57   57   54   54   53   53   49   47
   42   38   33   30   28   28   28   31   32   36   37   41   43   48   51   55
   58   61   65   66   71   74   80   83   88   90   92   93   92   92   90   90
   88   90   92   97  101  105  120  119  119                                   
    60.0-180.0 180.0   5.0 450.0                            LAT/LON1/LON2/DLON/H
  118  119  118  122  120  117  116  115  114  113  109  105   98   92   83   76
   69   64   60   59   57   56   55   54   55   53   55   54   57   55   54   48
   45   37   32   27   26   24   25   27   31   33   36   40   44   47   52   56
   61   64   67   71   74   78   83   88   93   95   97   98   98   97   96   96
   96   96   99  101  104  107  120  119  118                                   
    57.5-180.0 180.0   5.0 450.0                            LAT/LON1/LON2/DLON/H
  122  120  120  119  114  112  112  112  111  111  108  106   99   96   84   79
   68   65   57   56   51   53   49   50   49   52   50   54   54   57   53   51
   42   37   28   25   21   21   21   25   27   31   32   37   40   45   49   55
   59   64   68   71   76   79   86   90   95   98  100  102  101  101  100  100
   99  100  101  104  105  108  121  117  122                                   
    55.0-180.0 180.0   5.0 450.0                            LAT/LON1/LON2/DLON/H
  119  119  115  118  114  112  110  111  111  112  110  110  105  101   92   85
   75   68   60   55   52   49   48   47   48   48   52   52   58   57   57   50
   47   37   33   26   26   25   27   29   32   34   36   39   43   46   51   56
   61   65   69   72   77   82   87   93   99  102  105  105  107  106  107  106
  107  107  109  109  110  110  120  118  119                                   
    52.5-180.0 180.0   5.0 450.0                            LAT/LON1/LON2/DLON/H
  124  122  119  119  115  112  112  112  112  112  111  110  107  104   97   91
   80   74   65   60   54   53   49   50   48   51   50   54   54   58   54   52
   44   40   33   31   28   30   30   33   33   36   35   38   39   44   47   53
   57   63   66   71   76   82   87   93   99  103  104  107  106  108  108  109
  109  110  110  112  111  112  121  116  124                                   
    50.0-180.0 180.0   5.0 450.0                            LAT/LON1/LON2/DLON/H
  122  122  117  123  121  119  118  117  116  115  113  114  111  110  103  100
   90   83   74   68   62   58   56   54   55   53   56   55   58   57   57   51
   49   43   41   37   38   38   40   41   43   42   43   43   46   48   53   57
   63   67   72   77   82   89   95  101  107  109  112  112  114  114  117  116
  118  116  118  117  116  114  122  118  122                                   
    47.5-180.0 180.0   5.0 450.0                            LAT/LON1/LON2/DLON/H
  130  129  125  129  126  126  126  125  124  120  119  116  117  113  111  106
   99   93   84   79   71   69   64   63   61   61   58   59   56   57   53   53
   47   46   43   44   44   46   46   48   47   48   46   47   47   50   53   59
   64   70   75   81   88   95  102  108  113  115  115  116  115  117  118  120
  121  122  120  121  118  117  123  118  130                                   
    45.0-180.0 180.0   5.0 450.0                            LAT/LON1/LON2/DLON/H
  133  132  130  137  137  136  137  135  131  128  124  124  122  122  119  118
  111  108  100   94   87   82   78   76   74   71   68   64   61   57   55   51
   52   50   51   51   53   54   55   55   56   56   55   55   56   58   62   66
   72   78   85   91   99  108  115  121  126  126  127  126  127  126  130  129
  132  131  132  129  126  123  129  125  133                                   
    42.5-180.0 180.0   5.0 450.0                            LAT/LON1/LON2/DLON/H
  143  140  140  143  142  144  144  142  140  134  133  129  132  129  130  125
  124  120  114  109  100   96   91   88   85   81   75   69   61   58   52   52
   51   53   54   57   57   59   59   60   60   61   60   61   60   62   64   70
   76   84   91  100  110  119  127  131  136  135  135  134  135  135  137  137
  139  139  137  136  130  130  137  134  143                                   
    40.0-180.0 180.0   5.0 450.0                            LAT/LON1/LON2/DLON/H
  149  149  146  153  149  150  148  149  145  142  138  138  138  139  138  137
  135  134  128  123  114  109  103  101   97   93   84   75   66   59   55   53
   56   58   62   63   65   65   65   66   67   69   70   71   71   71   74   78
   86   93  103  112  122  133  139  146  149  150  149  148  149  148  150  149
  152  150  151  147  142  141  148  142  149                                   
    37.5-180.0 180.0   5.0 450.0                            LAT/LON1/LON2/DLON/H
  160  160  157  155  151  149  151  149  150  146  149  147  152  148  151  145
  147  143  139  133  125  119  113  110  105  100   91   81   70   63   56   56
   57   61   64   67   67   68   67   69   71   75   77   78   76   76   77   82
   90  101  113  122  135  143  152  156  163  161  162  160  162  161  163  163
  164  162  163  158  152  153  161  154  160                                   
    35.0-180.0 180.0   5.0 450.0                            LAT/LON1/LON2/DLON/H
  172  176  168  165  157  154  152  152  152  151  153  156  158  158  156  154
  153  152  146  141  131  125  119  117  112  108   97   86   74   66   60   60
   62   66   69   71   71   71   71   72   77   80   84   84   83   81   82   86
   96  106  119  131  144  158  165  173  176  177  176  175  176  176  178  177
  178  177  178  174  169  169  177  169  172                                   
    32.5-180.0 180.0   5.0 450.0                            LAT/LON1/LON2/DLON/H
  191  192  185  173  164  156  156  152  157  155  161  162  168  164  163  156
  155  152  147  140  131  124  119  117  114  109  101   89   78   71   64   64
   65   69   70   72   71   73   72   76   79   85   86   86   82   80   80   85
   97  109  125  138  156  169  181  186  194  192  195  192  194  193  196  193
  194  191  193  189  184  187  195  186  191                                   
    30.0-180.0 180.0   5.0 450.0                            LAT/LON1/LON2/DLON/H
  215  217  206  193  180  172  166  163  162  162  165  169  171  169  164  159
  155  153  145  138  127  123  117  118  114  110  101   92   81   75   69   69
   70   72   73   76   74   76   76   78   83   85   88   85   83   79   80   84
   96  109  127  144  162  182  193  206  211  214  213  213  213  214  216  214
  213  210  211  207  203  206  215  206  215                                   
    27.5-180.0 180.0   5.0 450.0                            LAT/LON1/LON2/DLON/H
  249  245  238  221  211  196  193  181  179  174  179  179  182  173  167  155
  150  144  137  128  120  115  113  113  113  107  103   92   84   79   73   74
   73   75   76   78   77   78   79   82   83   86   85   83   77   74   73   81
   93  107  127  145  168  189  208  220  233  234  237  235  237  236  241  236
  238  231  234  227  225  229  236  228  249                                   
    25.0-180.0 180.0   5.0 450.0                            LAT/LON1/LON2/DLON/H
  284  275  276  255  248  230  222  207  198  191  189  188  183  175  163  152
  142  137  127  120  112  110  110  113  111  107  100   93   85   83   79   78
   76   78   77   81   79   82   81   83   84   83   83   77   75   70   72   78
   91  107  128  149  175  201  223  239  252  256  259  260  263  265  268  265
  264  260  258  251  250  254  262  255  284                                   
    22.5-180.0 180.0   5.0 450.0                            LAT/LON1/LON2/DLON/H
  326  320  319  305  295  276  266  244  233  218  213  204  197  179  164  146
  134  124  115  109  104  105  109  111  112  105  100   91   87   84   81   81
   78   80   78   81   81   82   83   83   81   80   76   73   67   67   66   75
   87  105  126  149  180  211  239  257  271  275  279  282  288  288  296  291
  296  289  292  284  285  284  287  283  326                                   
    20.0-180.0 180.0   5.0 450.0                            LAT/LON1/LON2/DLON/H
  371  368  381  367  358  336  317  286  267  244  232  220  207  188  166  148
  131  121  110  105  103  106  111  114  112  106   98   93   89   89   87   85
   83   82   80   83   82   85   84   83   81   77   76   70   69   65   67   72
   87  103  129  153  187  219  250  271  288  291  297  301  310  313  324  326
  328  326  325  321  318  320  318  315  371                                   
    17.5-180.0 180.0   5.0 450.0                            LAT/LON1/LON2/DLON/H
  405  412  429  429  420  402  376  345  313  284  266  246  229  204  181  155
  138  122  113  106  108  113  118  119  117  108  102   95   93   93   89   88
   84   85   81   83   82   83   84   82   79   75   71   69   65   64   62   69
   82  101  125  152  185  219  251  275  296  306  312  321  330  339  347  351
  358  363  365  363  360  361  349  350  405                                   
    15.0-180.0 180.0   5.0 450.0                            LAT/LON1/LON2/DLON/H
  441  449  467  472  474  459  437  402  367  331  303  273  249  224  197  174
  151  137  126  121  120  125  128  127  123  114  107  102  101  100   99   96
   94   92   89   88   87   87   86   84   81   76   76   71   70   65   64   68
   82  102  130  159  195  227  256  283  305  320  329  340  351  362  372  382
  390  398  404  403  397  397  391  389  441                                   
    12.5-180.0 180.0   5.0 450.0                            LAT/LON1/LON2/DLON/H
  454  466  483  497  500  493  474  448  413  378  344  312  278  248  221  195
  176  159  149  140  139  140  141  135  129  119  113  109  107  108  105  103
  100   98   96   93   91   89   88   84   80   77   75   73   70   64   60   66
   80  102  132  163  197  228  258  287  314  332  347  359  372  383  395  407
  415  428  436  435  429  432  424  426  454                                   
    10.0-180.0 180.0   5.0 450.0                            LAT/LON1/LON2/DLON/H
  481  485  497  507  514  507  496  472  447  415  381  349  314  278  246  224
  203  190  177  170  164  161  157  150  140  131  126  123  123  123  120  118
  113  111  107  104   99   96   92   88   85   83   83   78   74   65   61   62
   75   97  129  161  194  226  256  288  314  339  358  375  390  404  415  426
  435  445  456  457  454  453  454  457  481                                   
     7.5-180.0 180.0   5.0 450.0                            LAT/LON1/LON2/DLON/H
  482  485  496  506  511  508  498  483  459  435  406  377  347  315  280  255
  236  221  209  199  189  178  168  157  146  139  136  135  135  135  133  129
