data/unet/pred3210.15i
     1.0            IONOSPHERE MAPS     GNSS                IONEX VERSION / TYPE
pyspatialgeodesy        IME             05-JAN-18 20:20     PGM / RUN BY / DATE 
Map Name                                                    COMMENT             
Predicted global ionosphere maps (GIM).                     DESCRIPTION         
  2015    11    17     0     0     0                        EPOCH OF FIRST MAP  
  2015    11    18     0     0     0                        EPOCH OF LAST MAP   
  7200                                                      INTERVAL            
    13                                                      # OF MAPS IN FILE   
  NONE                                                      MAPPING FUNCTION    
10.0                                                        ELEVATION CUTOFF    
One-way carrier phase leveled to code                       OBSERVABLES USED    
  6371.0                                                    BASE RADIUS         
 2                                                          MAP DIMENSION       
   450.0 450.0   0.0                                        HGT1 / HGT2 / DHGT  
    87.5 -87.5  -2.5                                        LAT1 / LAT2 / DLAT  
  -180.0 180.0   5.0                                        LON1 / LON2 / DLON  
    -1                                                      EXPONENT            
                                                            END OF HEADER       
[from data line 2574]
     7                                                      START OF TEC MAP    
  2015    11    17    12     0     0                        EPOCH OF CURRENT MAP
    87.5-180.0 180.0   5.0 450.0                            LAT/LON1/LON2/DLON/H
   88   89   89   90   89   90   88   90   87   89   86   88   85   86   83   85
   82   83   80   81   78   78   75   76   73   75   71   74   71   73   69   72
   69   71   68   70   67   68   65   66   63   64   62   63   61   62   60   62
   61   63   62   65   65   68   67   71   70   73   72   75   75   78   77   80
   80   82   82   85   86   84   93   81   88                                   
    85.0-180.0 180.0   5.0 450.0                            LAT/LON1/LON2/DLON/H
   88   88   87   83   86   84   89   86   88   85   85   83   83   82   81   79
   78   76   75   73   72   70   70   68   67   66   66   65   65   65   65   64
   65   63   63   62   62   59   59   57   56   54   54   52   52   50   51   50
   52   51   53   54   56   57   60   60   64   64   67   67   71   69   73   71
   76   74   79   76   82   82   89   92   88                                   
    82.5-180.0 180.0   5.0 450.0                            LAT/LON1/LON2/DLON/H
   83   79   77   77   76   75   77   74   75   72   71   70   68   66   64   62
   60   59   56   56   54   55   53   54   53   55   54   56   56   58   57   58
   56   56   54   53   49   49   45   44   40   39   35   34   30   30   28   29
   28   30   30   34   34   39   39   44   44   49   49   54   53   58   57   60
   60   63   62   65   67   66   68   70   83                                   
    80.0-180.0 180.0   5.0 450.0                            LAT/LON1/LON2/DLON/H
   66   61   61   61   62   63   66   63   65   61   62   58   58   54   54   49
   49   46   46   43   44   42   45   44   47   47   52   52   56   55   59   57
   59   56   58   54   54   49   48   42   41   35   33   29   26   23   22   21
   21   21   24   26   29   32   36   38   41   42   45   46   47   47   48   49
   49   49   50   50   51   49   49   59   66                                   
    77.5-180.0 180.0   5.0 450.0                            LAT/LON1/LON2/DLON/H
   51   44   44   47   48   51   52   52   51   49   48   46   43   41   39   36
   34   32   31   30   31   31   35   37   41   44   48   53   55   60   60   64
   63   65   63   64   59   59   54   53   45   43   36   34   27   26   22   22
   19   21   21   26   27   32   34   39   39   43   42   45   42   43   40   41
   39   39   38   37   37   35   37   44   51                                   
    75.0-180.0 180.0   5.0 450.0                            LAT/LON1/LON2/DLON/H
   41   33   33   36   38   41   43   42   42   39   38   34   33   29   28   24
   23   20   22   20   23   24   30   32   38   43   50   55   60   64   69   73
   76   79   80   82   78   79   72   71   62   59   49   45   38   35   30   28
   26   27   28   32   34   39   41   45   45   47   47   46   44   41   39   36
   34   32   31   30   29   26   31   38   41                                   
    72.5-180.0 180.0   5.0 450.0                            LAT/LON1/LON2/DLON/H
   36   28   28   32   34   35   38   37   36   34   31   29   26   22   20   17
   16   15   15   16   20   23   30   35   42   48   55   63   68   76   81   88
   92   97   98  101   99  100   95   92   84   78   71   63   57   50   46   42
   40   39   40   42   45   47   50   52   53   54   52   51   48   45   41   38
   35   32   30   27   26   22   29   35   36                                   
    70.0-180.0 180.0   5.0 450.0                            LAT/LON1/LON2/DLON/H
   37   28   27   30   32   34   37   36   36   31   30   26   24   20   18   15
   14   13   15   15   21   25   32   38   46   53   60   67   74   80   88   95
  103  108  114  117  119  121  116  115  106  104   93   90   78   75   64   63
   55   56   53   54   54   55   57   57   58   57   57   54   52   47   45   40
   38   34   33   31   30   26   33   40   37                                   
    67.5-180.0 180.0   5.0 450.0                            LAT/LON1/LON2/DLON/H
   40   33   30   33   35   35   38   37   37   32   32   28   27   22   21   18
   17   16   19   20   27   30   39   45   53   60   67   73   79   86   94  102
  111  119  126  132  136  138  138  134  131  124  121  111  106   96   89   81
   76   70   67   63   62   60   60   59   60   58   57   55   53   50   48   45
   43   41   40   38   37   33   38   47   40                                   
    65.0-180.0 180.0   5.0 450.0                            LAT/LON1/LON2/DLON/H
   46   35   32   34   35   36   40   39   37   33   32   30   28   26   23   22
   21   20   22   24   28   35   42   51   59   66   71   76   82   88   97  106
  118  127  137  143  150  154  152  154  146  146  136  134  122  117  104   98
   87   83   74   69   63   60   57   55   55   54   53   52   51   49   49   48
   48   47   47   45   44   41   44   53   46                                   
    62.5-180.0 180.0   5.0 450.0                            LAT/LON1/LON2/DLON/H
   46   38   32   35   35   35   37   38   37   35   34   33   32   31   30   28
   27   25   27   28   33   37   45   54   61   69   73   79   84   93  102  114
  126  136  146  152  161  163  165  163  162  158  155  146  141  131  122  109
   99   90   79   70   62   56   53   50   49   47   47   46   46   47   47   48
   49   50   50   50   50   45   47   56   46                                   
    60.0-180.0 180.0   5.0 450.0                            LAT/LON1/LON2/DLON/H
   47   34   30   29   32   31   36   34   36   32   33   31   32   31   31   30
   29   27   28   29   33   37   45   54   62   69   74   79   87   97  110  124
  138  149  161  168  173  176  174  174  170  169  161  159  150  144  132  121
  107   96   82   71   59   52   49   46   45   43   42   43   43   44   46   48
   50   51   52   51   51   49   49   51   47                                   
    57.5-180.0 180.0   5.0 450.0                            LAT/LON1/LON2/DLON/H
   42   35   23   26   25   27   27   30   29   28   29   30   32   32   34   33
   32   30   31   31   34   37   45   54   62   70   76   85   95  108  123  140
  155  165  177  181  185  184  184  181  180  175  173  167  164  155  146  131
  118  104   89   75   62   54   49   45   43   42   41   42   41   44   44   48
   49   51   53   52   52   47   46   48   42                                   
    55.0-180.0 180.0   5.0 450.0                            LAT/LON1/LON2/DLON/H
   43   31   22   20   25   21   28   22   28   22   27   25   29   28   31   30
   31   28   30   29   33   36   44   55   65   74   82   92  106  122  140  159
  176  190  199  204  204  202  197  193  188  186  180  178  175  170  161  148
  132  116  101   85   73   62   57   52   49   48   45   47   46   48   48   49
   50   50   52   52   49   49   47   41   43                                   
    52.5-180.0 180.0   5.0 450.0                            LAT/LON1/LON2/DLON/H
   44   36   22   27   23   25   23   26   24   25   25   28   28   29   31   32
   33   32   32   33   36   40   48   59   70   81   91  104  120  138  157  177
  196  209  217  218  217  212  208  201  198  193  191  187  188  181  175  160
  146  130  116  102   88   79   71   67   63   61   59   58   56   57   56   55
   55   54   56   54   55   48   48   47   44                                   
    50.0-180.0 180.0   5.0 450.0                            LAT/LON1/LON2/DLON/H
   54   44   36   34   39   34   37   30   34   29   33   31   32   30   32   31
   34   32   33   34   39   44   55   68   79   92  103  118  136  156  174  197
  215  230  233  236  232  231  224  220  213  213  207  206  204  201  193  179
  164  146  131  117  106   97   89   85   80   79   75   75   71   70   68   65
   64   60   61   60   59   59   58   52   54                                   
    47.5-180.0 180.0   5.0 450.0                            LAT/LON1/LON2/DLON/H
   65   60   49   56   51   49   45   44   41   39   39   40   38   38   36   37
   36   38   38   42   46   54   66   79   91  104  117  133  150  168  187  206
  225  236  239  241  242  240  236  230  228  223  222  217  218  210  206  188
  176  157  145  132  122  114  107  102   98   96   91   90   86   85   81   78
   75   70   70   67   70   65   71   72   65                                   
    45.0-180.0 180.0   5.0 450.0                            LAT/LON1/LON2/DLON/H
   80   78   73   70   77   67   69   57   60   51   55   52   52   47   46   42
   44   42   45   48   57   66   80   93  105  120  131  148  163  180  194  212
  224  235  236  242  244  247  243  243  238  238  233  233  229  226  216  204
  187  169  155  143  134  126  118  113  108  107  103  102   98   98   95   91
   86   80   77   76   77   80   85   86   80                                   
    42.5-180.0 180.0   5.0 450.0                            LAT/LON1/LON2/DLON/H
   91   94   87   91   89   86   82   76   73   68   68   68   64   60   55   54
   50   51   52   58   65   78   90  106  118  132  144  158  169  180  192  201
  213  218  226  232  241  246  250  248  250  243  243  235  235  227  222  204
  191  170  160  147  137  127  119  112  109  105  102  102  101  102  101   99
   94   89   83   82   84   84   95  104   91                                   
    40.0-180.0 180.0   5.0 450.0                            LAT/LON1/LON2/DLON/H
   96  105  103   98  106   99   99   87   89   80   86   80   81   74   72   66
   65   61   65   66   80   90  107  119  133  147  158  171  179  186  191  196
  204  211  222  234  248  258  263  266  265  263  256  253  246  239  230  215
  198  180  166  152  140  127  116  109  104  101  100  101  102  104  106  105
   99   93   87   84   86   91  100  107   96                                   
    37.5-180.0 180.0   5.0 450.0                            LAT/LON1/LON2/DLON/H
   93  101   99  101  103  100   99   94   95   90   95   93   93   87   83   77
   72   71   70   77   87  104  116  134  144  159  168  179  184  187  190  192
  200  209  229  245  269  277  288  287  290  282  273  263  256  246  238  222
  207  186  174  157  144  128  114  103   98   95   95   97   98  102  103  105
  100   93   84   82   83   85   94  106   93                                   
    35.0-180.0 180.0   5.0 450.0                            LAT/LON1/LON2/DLON/H
   85   93   95   91  100   98  102   95  100   96  103  100  104   98   96   88
   84   80   82   88  100  116  131  146  159  171  182  189  195  194  199  200
  212  226  250  275  301  314  317  322  317  314  300  292  278  270  258  243
  229  212  194  178  158  141  123  111  104  101  102  104  105  108  109  108
  101   91   80   75   73   77   85   91   85                                   
    32.5-180.0 180.0   5.0 450.0                            LAT/LON1/LON2/DLON/H
   73   74   72   77   81   81   86   84   91   90  100  100  107  101  102   92
   88   85   87   96  108  128  140  160  167  182  190  200  205  206  215  216
  238  257  297  327  357  365  366  361  353  342  332  320  308  296  285  272
  261  244  231  211  193  170  153  135  127  124  125  125  124  123  119  116
  105   92   79   72   67   63   68   76   73                                   
    30.0-180.0 180.0   5.0 450.0                            LAT/LON1/LON2/DLON/H
   70   62   57   57   68   68   76   73   83   84   96   97  104  102  103   96
   92   90   94  106  121  142  156  171  181  192  204  211  218  224  236  248
  277  316  359  397  417  424  412  405  390  385  374  368  354  345  329  319
  304  295  281  266  244  223  200  183  170  165  165  163  160  153  145  137
  123  107   83   75   62   62   63   55   70                                   
    27.5-180.0 180.0   5.0 450.0                            LAT/LON1/LON2/DLON/H
   63   50   41   43   44   50   54   60   67   75   85   89   98   96  101   93
   93   91   98  114  132  155  166  183  190  203  214  223  236  243  267  288
  340  384  440  468  489  483  471  450  440  428  426  421  413  405  393  385
  372  365  355  344  326  297  271  248  234  227  226  221  214  199  185  170
  150  131  108   91   79   66   65   48   63                                   
    25.0-180.0 180.0   5.0 450.0                            LAT/LON1/LON2/DLON/H
   60   46   31   26   33   38   44   46   57   59   72   78   88   89   93   91
   90   95  103  125  145  169  180  195  202  213  225  237  251  271  303  346
  398  450  499  532  547  542  513  493  477  479  479  485  481  477  465  456
  443  436  428  421  405  384  357  335  321  311  304  294  278  261  238  219
  193  175  150  137  105   90   82   49   60                                   
    22.5-180.0 180.0   5.0 450.0                            LAT/LON1/LON2/DLON/H
   68   72   54   45   38   37   41   42   48   52   61   68   79   80   87   84
   89   93  109  131  154  179  190  205  213  221  235  250  274  297  348  389
  450  498  551  577  593  573  555  526  524  522  537  547  548  541  530  519
  508  495  487  475  467  446  428  404  395  383  375  365  350  330  303  279
  249  227  206  183  155  132  119   67   68                                   
    20.0-180.0 180.0   5.0 450.0                            LAT/LON1/LON2/DLON/H
  100   89   75   66   64   58   52   46   48   46   54   58   71   73   80   80
   88   98  115  141  163  190  201  216  221  234  246  272  296  333  385  429
  483  534  577  607  612  597  570  553  548  557  575  591  600  598  591  580
  564  551  539  527  515  497  475  451  441  439  432  428  407  386  355  332
  295  277  242  226  194  171  149  107  100                                   
    17.5-180.0 180.0   5.0 450.0                            LAT/LON1/LON2/DLON/H
  138  127  107   93   83   79   79   65   59   53   58   60   72   76   79   81
   88  100  121  147  172  199  213  226  237  249  265  287  325  358  419  461
  514  553  593  614  613  594  584  569  578  585  611  624  635  638  629  623
  607  594  580  562  550  526  500  468  458  451  457  460  448  429  389  366
  328  310  284  265  242  219  194  152  138                                   
    15.0-180.0 180.0   5.0 450.0                            LAT/LON1/LON2/DLON/H
  180  155  139  121  104   95   90   84   72   62   63   63   75   78   83   82
   93  108  132  159  184  209  221  239  249  264  279  313  345  390  441  488
  527  566  592  605  599  592  580  579  588  602  626  642  656  661  662  655
  641  631  612  602  585  560  525  485  462  458  461  467  453  439  406  386
  352  339  312  296  271  251  226  201  180                                   
    12.5-180.0 180.0   5.0 450.0                            LAT/LON1/LON2/DLON/H
  203  186  163  143  123  108  101   99   85   75   74   75   81   87   91   96
  104  120  140  168  189  213  232  250  265  279  301  327  367  409  457  500
  538  563  578  583  576  574  576  583  601  618  637  654  663  674  667  666
  648  639  622  611  590  558  518  470  448  435  440  443  435  425  398  383
  352  340  319  305  286  267  243  226  203                                   
    10.0-180.0 180.0   5.0 450.0                            LAT/LON1/LON2/DLON/H
  210  198  175  156  136  119  112  109   95   83   78   78   83   87   92   95
  104  119  143  169  187  214  233  258  276  296  319  350  387  430  466  504
  530  548  554  555  552  561  569  588  607  628  646  658  668  673  676  668
  656  640  623  608  587  551  507  461  427  410  402  403  393  391  375  366
  343  332  315  301  281  263  244  232  210                                   
     7.5-180.0 180.0   5.0 450.0                            LAT/LON1/LON2/DLON/H
  198  202  176  158  143  130  127  119  104   92   87   85   89   90   96   99
  111  131  155  179  196  219  241  265  290  314  340  373  406  441  471  500
