data/unet/pred2510.15i
     1.0            IONOSPHERE MAPS     GNSS                IONEX VERSION / TYPE
pyspatialgeodesy        IME             05-JAN-18 20:20     PGM / RUN BY / DATE 
Map Name                                                    COMMENT             
Predicted global ionosphere maps (GIM).                     DESCRIPTION         
  2015     9     8     0     0     0                        EPOCH OF FIRST MAP  
  2015     9     9     0     0     0                        EPOCH OF LAST MAP   
  7200                                                      INTERVAL            
    13                                                      # OF MAPS IN FILE   
  NONE                                                      MAPPING FUNCTION    
10.0                                                        ELEVATION CUTOFF    
One-way carrier phase leveled to code                       OBSERVABLES USED    
  6371.0                                                    BASE RADIUS         
 2                                                          MAP DIMENSION       
   450.0 450.0   0.0                                        HGT1 / HGT2 / DHGT  
    87.5 -87.5  -2.5                                        LAT1 / LAT2 / DLAT  
  -180.0 180.0   5.0                                        LON1 / LON2 / DLON  
    -1                                                      EXPONENT            
                                                            END OF HEADER       
[from data line 858]
     3                                                      START OF TEC MAP    
  2015     9     8     4     0     0                        EPOCH OF CURRENT MAP
    87.5-180.0 180.0   5.0 450.0                            LAT/LON1/LON2/DLON/H
  115  125  110  108  105  104  103  103  102  102  102  101  100  100   99   99
   99   98   98   98   97   97   97   96   95   95   95   94   94   94   93   93
   93   93   93   93   94   94   94   94   95   95   95   95   96   95   96   95
   96   96   96   96   97   96   97   97   97   97   98   98   98   99   99  101
  100  102  102  104  103  102  116  115  115                                   
    85.0-180.0 180.0   5.0 450.0                            LAT/LON1/LON2/DLON/H
  126  120  102  108  102  102  101  103  101  103  101  102   99  101   98  100
   97   99   96   97   94   95   92   93   89   90   88   88   86   87   86   87
   86   88   87   89   89   90   90   91   91   92   92   93   93   94   93   95
   95   96   95   96   96   97   97   97   97   98   98   99   98  100   98  100
   99  101  100  103  100  102  111  121  126                                   
    82.5-180.0 180.0   5.0 450.0                            LAT/LON1/LON2/DLON/H
  114   99   98   99   96   93   94   95   95   96   96   97   96   96   95   94
   93   91   90   88   87   84   83   80   79   76   76   74   74   72   72   72
   73   73   74   75   76   78   78   80   80   82   82   84   83   85   84   87
   86   89   88   91   90   93   92   95   94   96   95   96   96   96   96   96
   96   96   97   96   97   94  108  106  114                                   
    80.0-180.0 180.0   5.0 450.0                            LAT/LON1/LON2/DLON/H
  118  105  101  101   99   99   99  101  100  101  101  102  100  100   99   99
   96   95   92   91   88   85   82   79   76   73   70   69   67   67   66   68
   68   70   72   74   76   77   78   80   81   82   82   84   84   86   86   88
   89   91   92   94   95   96   97   98   99   99   99  100  100  100  100  100
  100   99  100  100  100   96  108  107  118                                   
    77.5-180.0 180.0   5.0 450.0                            LAT/LON1/LON2/DLON/H
  116  103   98  100   96   96   95   97   97   97   97   97   96   96   94   94
   92   92   89   87   83   80   76   72   68   63   60   58   55   55   56   57
   59   61   65   67   71   72   75   76   77   77   79   81   81   83   84   87
   88   91   92   95   95   98   98  100   99  101  100  102   99  101   99  100
   98   99   98   99   99   96  108  105  116                                   
    75.0-180.0 180.0   5.0 450.0                            LAT/LON1/LON2/DLON/H
  113  102   94   93   92   90   91   90   91   90   91   89   89   88   89   87
   87   85   85   82   80   75   72   66   62   56   53   50   47   46   48   49
   51   54   58   61   64   66   70   70   73   73   77   76   78   79   83   83
   87   88   92   93   96   97  100   99  100  100  101  100  100   98   99   97
   98   97   98   98   99   95  107  106  113                                   
    72.5-180.0 180.0   5.0 450.0                            LAT/LON1/LON2/DLON/H
  111   96   91   90   87   86   85   84   84   83   83   82   82   80   81   80
   80   80   80   79   77   73   70   65   60   54   50   47   44   43   45   45
   48   50   56   57   60   62   66   66   69   69   72   72   75   76   81   83
   86   89   92   95   97  100  102  103  103  103  103  101   99   99   98   97
   96   96   98   99  100   98  110  109  111                                   
    70.0-180.0 180.0   5.0 450.0                            LAT/LON1/LON2/DLON/H
  111   98   92   89   87   84   84   81   81   77   78   74   74   70   72   70
   73   72   76   74   75   71   69   63   60   52   50   45   44   41   44   43
   46   48   51   53   55   57   60   61   63   65   69   70   76   78   83   85
   90   92   97   99  103  105  108  108  109  107  107  104  103  100  100   97
   98   97  101  102  105  102  115  113  111                                   
    67.5-180.0 180.0   5.0 450.0                            LAT/LON1/LON2/DLON/H
  114   99   93   91   85   83   81   79   77   74   72   68   66   63   62   61
   63   64   67   69   69   69   66   63   58   54   50   47   44   42   42   42
   43   44   45   46   47   49   51   53   55   58   63   67   72   76   82   86
   90   96  100  104  106  110  111  112  110  109  107  105  101   99   96   96
   94   96   99  102  106  105  119  119  114                                   
    65.0-180.0 180.0   5.0 450.0                            LAT/LON1/LON2/DLON/H
  115  105   98   94   91   85   84   80   78   73   72   66   63   57   56   53
   56   57   61   63   66   65   65   61   59   53   52   47   46   44   44   42
   41   40   40   40   40   42   44   47   50   55   61   68   74   80   87   92
   98  101  106  108  112  114  115  116  114  114  112  109  106  102  101   98
   99   99  103  107  111  110  123  124  115                                   
    62.5-180.0 180.0   5.0 450.0                            LAT/LON1/LON2/DLON/H
  120  108  100   99   92   88   84   82   77   74   69   65   59   53   48   46
   45   47   51   54   56   58   57   56   54   51   50   47   46   44   42   40
   37   35   33   33   32   35   36   42   45   53   60   69   75   85   91   98
  100  105  108  111  113  116  117  118  117  115  113  111  106  104  100   99
   97   99  102  106  112  112  126  128  120                                   
    60.0-180.0 180.0   5.0 450.0                            LAT/LON1/LON2/DLON/H
  120  114  105  101   96   89   86   81   79   73   71   64   60   51   45   42
   40   40   44   46   48   47   48   46   47   45   48   45   47   43   43   38
   36   30   29   27   29   29   34   38   45   52   62   72   82   92   99  104
  107  111  113  116  118  122  123  126  124  124  120  118  114  110  106  103
  102  102  105  109  113  113  126  129  120                                   
    57.5-180.0 180.0   5.0 450.0                            LAT/LON1/LON2/DLON/H
  127  117  110  108  100   92   88   84   79   75   71   66   61   53   47   42
   37   35   34   34   35   34   35   35   38   38   42   42   44   42   41   37
   34   29   29   27   29   30   34   39   46   55   65   77   88  100  106  112
  115  118  121  122  127  129  133  134  135  133  131  125  122  117  113  108
  105  104  106  109  114  113  127  130  127                                   
    55.0-180.0 180.0   5.0 450.0                            LAT/LON1/LON2/DLON/H
  127  125  120  116  108   99   94   88   84   78   76   69   66   58   52   46
   39   36   33   31   29   27   27   25   29   30   37   38   43   41   41   36
   34   28   29   26   30   31   38   41   51   58   72   83   97  107  114  120
  123  127  129  133  136  140  143  146  146  145  142  138  133  128  123  120
  114  114  113  115  118  117  128  133  127                                   
    52.5-180.0 180.0   5.0 450.0                            LAT/LON1/LON2/DLON/H
  140  131  131  131  123  112  103   96   90   84   79   75   71   64   59   51
   45   38   33   28   26   21   22   20   25   26   35   37   43   42   42   38
   36   33   34   33   38   40   45   50   58   66   78   92  104  116  124  130
  135  136  142  144  150  152  157  157  160  157  155  150  147  140  135  130
  126  123  122  120  123  122  133  135  140                                   
    50.0-180.0 180.0   5.0 450.0                            LAT/LON1/LON2/DLON/H
  145  144  147  148  140  131  119  110  100   93   88   81   79   72   66   61
   54   48   41   35   31   26   25   23   26   28   35   38   45   43   44   39
   40   36   40   40   46   47   54   57   66   73   86   99  113  125  133  139
  143  147  151  158  162  168  170  172  170  168  163  159  155  150  146  143
  140  139  137  136  135  130  139  143  145                                   
    47.5-180.0 180.0   5.0 450.0                            LAT/LON1/LON2/DLON/H
  163  157  164  165  158  150  139  128  115  105   96   91   85   80   74   68
   62   55   51   43   40   35   34   32   35   37   42   43   49   47   48   45
   46   45   50   53   59   62   65   68   73   80   92  105  121  132  143  146
  155  159  168  173  181  182  185  183  181  176  171  166  162  160  158  157
  155  153  153  149  148  145  149  148  163                                   
    45.0-180.0 180.0   5.0 450.0                            LAT/LON1/LON2/DLON/H
  171  172  179  180  177  169  157  148  133  119  108  100   95   88   83   77
   72   66   61   56   52   50   50   48   51   49   53   51   54   51   53   49
   52   53   58   62   66   70   71   75   78   87   96  112  126  140  147  156
  163  173  180  188  194  197  196  193  188  181  174  168  165  163  164  164
  166  167  167  167  162  157  162  162  171                                   
    42.5-180.0 180.0   5.0 450.0                            LAT/LON1/LON2/DLON/H
  185  182  191  192  189  181  172  161  147  134  118  109  101   96   87   84
   78   74   70   67   64   64   63   64   65   64   63   60   59   56   56   55
   58   61   67   72   77   79   79   81   84   91  101  116  132  143  154  162
  175  184  194  200  207  206  205  198  192  185  177  171  168  167  168  171
  173  177  179  178  174  174  175  171  185                                   
    40.0-180.0 180.0   5.0 450.0                            LAT/LON1/LON2/DLON/H
  193  193  198  200  197  193  181  173  157  148  131  121  112  105   98   92
   88   84   80   79   78   80   82   82   83   78   74   68   65   61   61   61
   66   68   74   78   81   85   82   87   88   99  107  124  136  151  159  171
  180  189  200  206  212  211  208  202  197  191  183  177  173  171  173  176
  180  186  189  192  187  185  186  184  193                                   
    37.5-180.0 180.0   5.0 450.0                            LAT/LON1/LON2/DLON/H
  203  199  207  206  201  195  186  174  162  152  139  130  119  114  103  100
   94   93   89   90   91   95   97   98   95   88   82   73   70   67   65   67
   70   74   79   83   87   90   89   92   97  106  116  132  146  157  167  177
  189  197  206  212  216  216  212  209  205  199  194  188  184  182  181  184
  187  192  197  199  196  199  197  192  203                                   
    35.0-180.0 180.0   5.0 450.0                            LAT/LON1/LON2/DLON/H
  218  216  217  215  210  201  188  178  161  155  142  137  127  122  113  108
  103  101   99  100  102  105  109  107  104   97   89   82   77   74   75   75
   80   81   86   87   91   93   94   96  103  113  125  138  152  163  171  181
  190  198  209  212  219  221  220  219  220  217  214  207  202  198  195  194
  196  202  205  210  206  209  209  208  218                                   
    32.5-180.0 180.0   5.0 450.0                            LAT/LON1/LON2/DLON/H
  236  231  234  228  216  206  189  176  162  152  143  139  131  129  118  116
  108  109  105  107  108  111  113  113  108  102   94   86   82   81   80   83
   84   87   88   92   95   97  100  102  110  119  132  144  157  166  176  182
  194  199  211  214  225  229  233  237  242  242  241  234  228  219  212  207
  207  209  215  215  217  223  224  224  236                                   
    30.0-180.0 180.0   5.0 450.0                            LAT/LON1/LON2/DLON/H
  269  260  257  249  237  219  199  183  164  155  146  145  139  134  125  120
  114  112  108  109  109  113  114  113  110  105  100   95   93   90   92   90
   95   91   95   92   98   96  102  102  113  119  135  142  157  164  176  181
  193  198  211  218  232  241  250  261  271  274  276  272  264  253  242  233
  228  229  230  235  233  240  245  245  269                                   
    27.5-180.0 180.0   5.0 450.0                            LAT/LON1/LON2/DLON/H
  304  296  295  282  261  242  215  194  174  161  151  148  141  138  127  122
  116  113  109  109  109  112  113  114  111  110  106  103  100  100   98   99
   98   96   96   97  101  101  105  107  115  123  136  144  155  163  175  179
  195  203  217  226  244  257  274  286  303  312  317  314  305  295  279  270
  259  258  257  259  260  267  270  273  304                                   
    25.0-180.0 180.0   5.0 450.0                            LAT/LON1/LON2/DLON/H
  343  343  338  324  300  275  245  216  192  175  161  156  151  144  134  125
  117  111  107  106  107  112  113  114  114  114  114  111  112  108  109  103
  105   98   99   94   99   97  103  101  113  118  135  138  153  159  172  181
  196  208  224  237  256  274  292  311  330  341  348  350  342  335  320  307
  296  292  289  289  287  297  302  301  343                                   
    22.5-180.0 180.0   5.0 450.0                            LAT/LON1/LON2/DLON/H
  379  385  387  376  351  322  281  248  216  196  176  168  156  148  136  127
  117  111  106  106  107  112  114  117  118  120  119  119  116  114  110  107
  102  100   96   98   99  101  103  103  111  120  132  139  151  161  174  182
  199  213  234  247  273  288  311  325  351  361  370  375  374  372  363  349
  337  328  323  319  321  330  336  339  379                                   
    20.0-180.0 180.0   5.0 450.0                            LAT/LON1/LON2/DLON/H
  413  426  427  421  403  379  335  294  253  226  203  185  172  159  146  132
  123  113  108  109  112  117  120  124  127  127  128  124  124  117  114  107
  104   98   97   95   97   95   99   96  107  112  127  134  150  161  176  188
  205  223  245  264  287  307  326  345  369  382  387  397  400  402  394  385
  370  364  356  352  352  364  368  368  413                                   
    17.5-180.0 180.0   5.0 450.0                            LAT/LON1/LON2/DLON/H
  435  455  461  459  445  428  390  354  300  263  231  211  189  172  156  142
  129  122  115  118  119  125  127  133  132  136  131  128  121  116  109  105
   99   98   94   96   95   96   95   94  100  109  123  134  153  165  180  192
  212  230  257  278  302  323  344  363  386  398  402  412  423  426  423  413
  403  394  387  384  382  395  393  400  435                                   
    15.0-180.0 180.0   5.0 450.0                            LAT/LON1/LON2/DLON/H
  453  474  480  481  476  467  439  405  353  310  268  241  217  194  174  157
  148  137  132  130  132  136  138  142  142  139  134  126  120  111  107  100
   98   94   92   91   91   89   89   87   95  103  120  133  155  169  185  198
  220  241  269  290  316  338  359  379  397  409  412  425  436  444  443  438
  430  422  417  410  408  415  419  413  453                                   
    12.5-180.0 180.0   5.0 450.0                            LAT/LON1/LON2/DLON/H
  461  484  489  488  482  481  463  443  400  355  306  274  243  220  197  177
  165  156  149  147  147  150  150  150  145  140  130  120  113  107  100   99
   94   93   89   89   87   86   84   84   91  100  117  136  159  171  187  199
  225  249  279  305  328  354  374  393  406  417  421  434  444  451  452  449
  443  437  432  425  423  429  431  429  461                                   
    10.0-180.0 180.0   5.0 450.0                            LAT/LON1/LON2/DLON/H
  469  487  489  486  483  484  472  457  427  389  341  303  270  245  221  202
  186  175  168  161  162  161  160  154  148  138  127  115  108  102   99   95
   92   89   85   83   79   79   79   79   87   95  115  135  160  171  188  202
  231  256  289  311  337  361  382  402  413  426  429  443  451  461  463  460
  456  447  444  432  428  428  435  427  469                                   
     7.5-180.0 180.0   5.0 450.0                            LAT/LON1/LON2/DLON/H
  470  488  485  476  469  471  464  454  431  403  363  327  296  271  248  233
  218  207  196  187  181  174  168  160  150  138  125  115  107  102   98   96
