data/unet/pred0740.15i
     1.0            IONOSPHERE MAPS     GNSS                IONEX VERSION / TYPE
pyspatialgeodesy        IME             05-JAN-18 20:20     PGM / RUN BY / DATE 
Map Name                                                    COMMENT             
Predicted global ionosphere maps (GIM).                     DESCRIPTION         
  2015     3    15     0     0     0                        EPOCH OF FIRST MAP  
  2015     3    16     0     0     0                        EPOCH OF LAST MAP   
  7200                                                      INTERVAL            
    13                                                      # OF MAPS IN FILE   
  NONE                                                      MAPPING FUNCTION    
10.0                                                        ELEVATION CUTOFF    
One-way carrier phase leveled to code                       OBSERVABLES USED    
  6371.0                                                    BASE RADIUS         
 2                                                          MAP DIMENSION       
   450.0 450.0   0.0                                        HGT1 / HGT2 / DHGT  
    87.5 -87.5  -2.5                                        LAT1 / LAT2 / DLAT  
  -180.0 180.0   5.0                                        LON1 / LON2 / DLON  
    -1                                                      EXPONENT            
                                                            END OF HEADER       
[from data line 1716]
     5                                                      START OF TEC MAP    
  2015     3    15     8     0     0                        EPOCH OF CURRENT MAP
    87.5-180.0 180.0   5.0 450.0                            LAT/LON1/LON2/DLON/H
   85  101  107  107  112  113  118  120  127  129  136  138  143  146  149  151
  154  155  157  158  159  158  159  156  157  154  155  151  151  147  149  145
  146  143  146  143  145  142  145  143  145  144  146  145  145  144  144  142
  142  139  140  137  137  135  136  133  133  130  129  127  125  123  122  119
  118  116  115  115  116  111  111   86   85                                   
    85.0-180.0 180.0   5.0 450.0                            LAT/LON1/LON2/DLON/H
   91  103  102  110  110  113  117  123  127  133  137  143  146  151  154  158
  159  163  164  165  164  165  164  163  162  161  160  158  157  155  156  153
  154  153  155  153  154  152  154  152  153  152  153  153  152  153  153  153
  152  152  151  151  149  149  148  147  144  143  139  137  133  131  127  124
  120  117  114  112  113  104  106   82   91                                   
    82.5-180.0 180.0   5.0 450.0                            LAT/LON1/LON2/DLON/H
   85   87   84   85   85   90   95  103  107  117  121  130  134  143  146  152
  153  158  158  161  159  161  159  158  156  155  153  152  150  149  149  149
  149  150  151  153  153  155  155  157  156  158  158  159  159  160  160  162
  160  163  161  163  159  160  156  156  151  150  144  142  134  131  123  119
  111  107  100   95   92   83   85   66   85                                   
    80.0-180.0 180.0   5.0 450.0                            LAT/LON1/LON2/DLON/H
   77   72   65   64   63   69   73   81   88   98  105  115  121  130  135  141
  144  147  148  149  148  148  146  144  141  138  136  133  133  131  133  133
  137  138  144  145  151  152  158  158  163  162  168  167  172  171  175  176
  177  178  178  179  177  178  175  175  171  169  163  159  151  145  137  130
  120  112  103   95   88   77   74   61   77                                   
    77.5-180.0 180.0   5.0 450.0                            LAT/LON1/LON2/DLON/H
   70   69   60   55   56   59   66   72   81   89   99  107  117  123  131  135
  138  140  141  141  138  137  133  130  125  121  118  115  114  114  116  117
  121  125  132  137  144  151  156  162  166  172  176  181  185  190  194  199
  202  205  207  210  210  211  211  210  209  205  202  196  190  179  170  157
  146  133  121  107   97   83   80   60   70                                   
    75.0-180.0 180.0   5.0 450.0                            LAT/LON1/LON2/DLON/H
   76   67   57   52   51   53   60   66   74   83   93  101  109  115  122  124
  128  127  128  125  124  121  117  112  108  104  100   98   97   97  100  104
  108  115  123  129  139  147  156  162  170  175  184  188  197  202  209  214
  218  224  226  230  231  235  236  239  240  240  238  234  227  218  207  196
  180  164  147  130  117   97   91   72   76                                   
    72.5-180.0 180.0   5.0 450.0                            LAT/LON1/LON2/DLON/H
   87   80   66   58   55   55   61   65   75   81   89   95  102  106  110  113
  114  114  113  111  108  105  100   96   91   87   83   81   81   82   87   92
   98  106  115  124  133  144  152  163  169  178  185  194  202  209  219  227
  232  239  244  248  250  253  255  260  263  264  264  262  256  248  237  225
  212  196  177  155  136  116  110   86   87                                   
    70.0-180.0 180.0   5.0 450.0                            LAT/LON1/LON2/DLON/H
  100   86   71   64   60   59   63   67   74   80   86   90   95   98  101  102
  104  104  103  102   99   97   92   89   83   79   75   74   75   77   83   91
   98  107  117  126  137  145  158  166  176  183  195  202  212  220  228  237
  244  252  258  264  266  268  270  271  274  275  276  276  273  268  258  251
  237  223  206  184  162  136  127  105  100                                   
    67.5-180.0 180.0   5.0 450.0                            LAT/LON1/LON2/DLON/H
  110   98   82   74   67   64   68   69   76   78   84   86   91   91   93   94
   95   95   95   93   92   89   85   81   76   72   69   69   70   74   81   90
   99  109  119  130  139  150  160  170  178  189  196  208  214  226  234  246
  251  261  268  274  274  275  274  273  273  272  272  273  271  268  260  254
  244  231  219  199  178  151  143  114  110                                   
    65.0-180.0 180.0   5.0 450.0                            LAT/LON1/LON2/DLON/H
  115  102   86   78   69   65   66   67   71   74   80   83   86   87   89   90
   92   91   93   92   90   88   84   80   75   71   68   68   70   75   81   92
  103  114  127  137  147  156  168  176  187  195  206  215  224  234  242  251
  260  268  275  279  279  277  274  272  270  267  266  266  263  263  254  252
  242  233  221  203  186  161  151  126  115                                   
    62.5-180.0 180.0   5.0 450.0                            LAT/LON1/LON2/DLON/H
  121  108   91   84   73   67   66   66   69   70   76   78   83   84   87   88
   90   91   91   91   89   86   81   77   72   68   65   65   67   72   79   90
  103  116  130  143  153  163  173  182  192  202  211  221  228  240  246  258
  264  274  279  283  281  276  270  266  264  261  258  256  253  250  243  237
  231  221  214  197  182  160  153  127  121                                   
    60.0-180.0 180.0   5.0 450.0                            LAT/LON1/LON2/DLON/H
  123  109   93   85   74   65   61   59   60   61   66   70   75   78   82   85
   88   88   89   89   87   83   78   74   69   65   62   62   63   68   74   88
  102  119  136  150  162  172  182  192  203  212  223  233  242  249  258  266
  275  283  288  290  288  282  275  270  267  263  256  255  249  245  236  230
  220  212  203  189  178  158  151  134  123                                   
    57.5-180.0 180.0   5.0 450.0                            LAT/LON1/LON2/DLON/H
  133  118  103   94   80   70   63   58   58   57   61   65   71   75   79   82
   85   86   86   85   82   77   72   68   63   60   57   57   57   62   69   82
   99  118  137  155  170  180  192  202  213  224  233  245  253  264  267  278
  284  294  298  300  296  289  282  276  274  269  266  260  257  248  239  227
  218  205  198  183  174  158  152  134  133                                   
    55.0-180.0 180.0   5.0 450.0                            LAT/LON1/LON2/DLON/H
  145  130  116  105   88   76   66   58   55   52   57   60   65   69   73   77
   79   81   79   79   74   72   66   64   60   58   54   53   52   57   63   78
   97  122  144  165  181  194  207  219  230  243  255  265  277  284  292  298
  306  313  317  318  314  308  300  296  293  289  284  280  274  266  253  241
  227  215  203  192  184  170  161  151  145                                   
    52.5-180.0 180.0   5.0 450.0                            LAT/LON1/LON2/DLON/H
  166  150  139  124  108   93   81   70   62   57   58   60   64   67   71   73
   76   75   74   71   68   65   62   60   58   57   53   53   51   55   62   76
   97  124  150  173  194  207  223  234  247  261  272  287  299  309  313  321
  326  333  335  335  332  325  320  314  316  310  310  302  299  286  276  258
  245  229  220  206  199  185  177  164  166                                   
    50.0-180.0 180.0   5.0 450.0                            LAT/LON1/LON2/DLON/H
  187  175  162  150  130  116   97   84   70   63   63   63   66   65   69   70
   72   71   69   69   65   65   62   64   63   64   61   58   55   57   64   79
  102  132  161  187  207  224  237  252  266  280  296  311  325  332  340  345
  350  354  355  353  349  342  336  333  335  333  333  329  323  313  300  284
  268  254  242  229  220  202  191  183  187                                   
    47.5-180.0 180.0   5.0 450.0                            LAT/LON1/LON2/DLON/H
  201  196  187  172  156  138  123  104   90   80   74   72   72   71   71   70
   71   70   69   69   68   68   68   71   73   74   70   68   63   64   69   86
  109  141  171  197  220  235  249  265  278  297  314  331  342  350  356  361
  366  369  367  364  359  351  344  338  340  338  341  336  333  322  312  296
  283  266  255  239  228  212  202  189  201                                   
    45.0-180.0 180.0   5.0 450.0                            LAT/LON1/LON2/DLON/H
  200  198  191  187  173  161  143  127  109   98   89   84   82   78   77   74
   74   74   74   75   76   77   80   84   87   87   86   80   78   74   81   95
  121  151  181  208  229  245  260  274  293  313  335  350  361  368  375  380
  382  385  382  376  369  358  348  342  342  340  338  335  330  322  311  301
  288  275  263  245  232  211  198  187  200                                   
    42.5-180.0 180.0   5.0 450.0                            LAT/LON1/LON2/DLON/H
  190  186  184  184  180  170  160  145  129  116  106  100   96   92   89   85
   85   84   86   88   90   93   96   99  101  101  100   95   89   87   90  106
  129  159  187  214  235  251  266  283  303  325  347  362  372  378  384  389
  394  395  393  386  377  362  348  339  336  330  327  320  316  308  301  291
  283  269  258  237  222  200  189  168  190                                   
    40.0-180.0 180.0   5.0 450.0                            LAT/LON1/LON2/DLON/H
  160  163  156  162  164  165  160  151  140  128  119  115  112  106  103   98
   98   97  100  104  108  111  113  115  115  114  111  106  101   97  101  114
  137  163  191  217  237  253  274  289  315  338  361  379  389  396  403  409
  412  415  412  407  396  382  365  357  346  339  325  318  307  302  292  284
  276  266  252  232  211  184  170  144  160                                   
    37.5-180.0 180.0   5.0 450.0                            LAT/LON1/LON2/DLON/H
  136  136  130  132  139  144  148  145  139  133  127  125  124  122  119  115
  116  115  121  122  128  127  129  125  124  120  116  110  103  100  100  112
  131  158  184  210  235  255  276  296  320  346  370  387  399  407  416  422
  429  433  433  431  425  412  398  384  373  352  338  322  313  304  298  288
  280  267  251  229  206  176  160  117  136                                   
    35.0-180.0 180.0   5.0 450.0                            LAT/LON1/LON2/DLON/H
  114  102  100  100  106  114  125  127  131  129  130  132  135  134  134  131
  132  133  136  140  142  141  139  134  128  123  116  109  101   96   98  108
  126  151  177  201  229  255  281  304  332  359  385  406  419  430  439  447
  456  464  472  476  477  473  462  451  434  409  382  360  344  335  325  316
  306  291  272  243  217  190  159  113  114                                   
    32.5-180.0 180.0   5.0 450.0                            LAT/LON1/LON2/DLON/H
  121   94   84   81   85   91  102  109  115  119  123  132  139  144  145  145
  147  147  150  149  152  148  146  137  130  121  112  103   95   91   95  104
  123  144  170  195  223  256  285  317  344  375  400  424  440  451  463  473
  489  505  526  541  558  559  561  550  538  503  473  437  418  394  383  366
  353  331  311  278  250  218  173  127  121                                   
    30.0-180.0 180.0   5.0 450.0                            LAT/LON1/LON2/DLON/H
  144  106   82   64   60   69   86   92  101  105  115  126  140  146  152  152
  156  156  157  158  156  153  148  140  131  121  110   98   90   86   92  103
  123  145  173  202  230  258  296  330  364  396  424  449  470  485  501  514
  538  567  605  631  657  665  669  663  651  624  595  570  546  520  501  477
  451  423  390  353  316  275  216  174  144                                   
    27.5-180.0 180.0   5.0 450.0                            LAT/LON1/LON2/DLON/H
  215  162  131   94   78   75   81   88   95  102  108  119  132  144  149  154
  157  158  158  155  156  151  149  141  135  123  111   98   91   88  101  110
  133  150  180  207  236  267  305  345  379  413  441  468  493  511  534  556
  587  626  674  704  732  755  772  776  772  748  714  685  657  634  611  588
  563  534  499  441  399  347  304  257  215                                   
    25.0-180.0 180.0   5.0 450.0                            LAT/LON1/LON2/DLON/H
  314  265  219  161  128  109   95   87   88   91  104  114  127  134  145  148
  156  154  156  153  154  153  151  149  141  132  115  103   94   93  103  113
  130  154  183  216  244  278  315  360  397  430  457  484  511  533  563  592
  632  678  730  768  808  838  869  882  891  872  846  816  790  761  736  707
  677  640  602  554  512  472  400  375  314                                   
    22.5-180.0 180.0   5.0 450.0                            LAT/LON1/LON2/DLON/H
  404  341  292  254  212  176  146  126  110  100  104  117  128  134  138  145
  149  150  148  147  150  150  154  156  151  142  125  108   97   97  106  117
  144  163  198  224  251  284  323  364  403  437  468  493  524  554  589  627
  666  723  765  809  847  884  915  941  957  950  934  918  896  874  847  820
  785  753  708  657  606  567  527  463  404                                   
    20.0-180.0 180.0   5.0 450.0                            LAT/LON1/LON2/DLON/H
  491  445  378  312  276  262  212  181  144  129  114  118  125  134  137  138
  143  141  142  140  144  153  158  167  161  151  129  116  105  104  108  123
  143  171  204  237  262  296  334  373  412  445  478  505  544  574  617  648
  704  743  788  815  854  879  915  940  967  967  968  955  951  932  914  888
  861  826  791  738  693  644  600  549  491                                   
    17.5-180.0 180.0   5.0 450.0                            LAT/LON1/LON2/DLON/H
  552  517  478  393  339  304  276  246  201  173  148  139  137  134  141  144
  146  145  141  140  144  155  165  172  166  154  138  124  116  109  116  127
  155  186  217  245  269  300  341  375  411  450  484  517  561  599  635  672
  713  753  781  803  826  845  866  890  913  923  933  935  940  932  924  907
  885  858  828  787  741  697  652  616  552                                   
    15.0-180.0 180.0   5.0 450.0                            LAT/LON1/LON2/DLON/H
  590  558  524  461  406  354  316  292  257  217  181  163  148  143  137  144
  151  146  144  138  144  160  170  180  174  170  152  144  128  125  126  137
  163  194  226  255  279  310  344  377  414  454  492  530  576  610  649  674
  718  736  757  763  775  780  791  802  826  834  859  870  888  889  892  879
  863  846  819  787  747  702  664  620  590                                   
    12.5-180.0 180.0   5.0 450.0                            LAT/LON1/LON2/DLON/H
  587  565  548  502  455  402  367  337  306  265  223  195  172  158  154  150
  164  162  161  156  157  169  178  181  173  171  159  150  133  126  123  142
  165  201  227  255  280  310  346  373  412  457  497  540  586  625  651  676
  698  710  718  717  715  713  711  716  724  740  760  787  809  825  832  830
  823  814  791  760  722  674  640  602  587                                   
    10.0-180.0 180.0   5.0 450.0                            LAT/LON1/LON2/DLON/H
  572  552  532  500  460  421  395  369  338  310  269  229  202  181  172  173
  172  179  173  175  163  173  169  183  179  184  163  148  133  119  126  144
  170  199  231  254  283  309  342  369  410  452  499  541  582  618  647  661
  683  682  687  679  674  665  659  653  659  661  689  718  748  767  779  785
  781  778  757  727  686  642  613  555  572                                   
     7.5-180.0 180.0   5.0 450.0                            LAT/LON1/LON2/DLON/H
  549  534  521  490  463  435  416  401  374  349  313  274  241  209  197  193
  199  191  190  175  173  159  167  172  175  180  162  142  125  113  122  138
