data/unet/pred0610.15i
     1.0            IONOSPHERE MAPS     GNSS                IONEX VERSION / TYPE
pyspatialgeodesy        IME             05-JAN-18 20:20     PGM / RUN BY / DATE 
Map Name                                                    COMMENT             
Predicted global ionosphere maps (GIM).                     DESCRIPTION         
  2015     3     2     0     0     0                        EPOCH OF FIRST MAP  
  2015     3     3     0     0     0                        EPOCH OF LAST MAP   
  7200                                                      INTERVAL            
    13                                                      # OF MAPS IN FILE   
  NONE                                                      MAPPING FUNCTION    
10.0                                                        ELEVATION CUTOFF    
One-way carrier phase leveled to code                       OBSERVABLES USED    
  6371.0                                                    BASE RADIUS         
 2                                                          MAP DIMENSION       
   450.0 450.0   0.0                                        HGT1 / HGT2 / DHGT  
    87.5 -87.5  -2.5                                        LAT1 / LAT2 / DLAT  
  -180.0 180.0   5.0                                        LON1 / LON2 / DLON  
    -1                                                      EXPONENT            
                                                            END OF HEADER       
[from data line 3432]
     9                                                      START OF TEC MAP    
  2015     3     2    16     0     0                        EPOCH OF CURRENT MAP
    87.5-180.0 180.0   5.0 450.0                            LAT/LON1/LON2/DLON/H
  142  150  153  155  158  157  159  160  162  163  166  166  169  169  172  171
  174  173  175  173  176  173  175  171  173  169  170  167  166  164  163  160
  160  157  157  154  152  150  148  146  144  142  141  140  139  138  138  137
  137  137  137  138  139  139  141  142  143  144  144  145  147  147  148  148
  149  150  151  152  154  152  157  165  142                                   
    85.0-180.0 180.0   5.0 450.0                            LAT/LON1/LON2/DLON/H
  113  130  139  144  148  149  153  154  160  161  166  167  172  173  177  177
  182  181  184  183  185  183  184  181  182  178  177  173  172  167  165  160
  157  153  150  145  143  138  135  130  129  125  124  121  121  119  119  118
  120  119  121  119  122  121  124  123  127  125  127  126  128  127  128  127
  129  129  131  132  134  132  137  141  113                                   
    82.5-180.0 180.0   5.0 450.0                            LAT/LON1/LON2/DLON/H
  105  115  123  124  129  131  135  139  144  147  152  155  161  163  169  169
  176  175  182  179  185  181  185  181  184  179  180  174  174  167  165  158
  153  147  142  137  131  126  121  116  111  108  105  103  101  101  100  101
  104  102  107  106  111  109  112  110  113  110  111  108  110  107  108  106
  108  106  109  108  112  108  122  114  105                                   
    80.0-180.0 180.0   5.0 450.0                            LAT/LON1/LON2/DLON/H
   84   95   98   99  106  108  112  115  121  125  131  137  142  148  152  158
  161  166  167  173  173  178  177  182  179  182  178  179  174  172  167  164
  156  152  142  138  129  123  115  110  102   99   94   92   89   91   90   94
   95   99  100  102  103  105  105  106  105  105  102  102   99   97   95   92
   90   89   88   87   88   88   97  101   84                                   
    77.5-180.0 180.0   5.0 450.0                            LAT/LON1/LON2/DLON/H
   74   83   81   82   87   90   95   98  103  107  114  118  124  131  137  144
  150  154  160  163  166  169  171  173  175  175  179  175  177  171  171  164
  159  151  144  137  128  121  113  105   99   93   90   86   85   86   86   90
   94   99  104  108  111  114  113  114  114  113  110  108  105  100   97   92
   90   83   83   78   77   72   78   85   74                                   
    75.0-180.0 180.0   5.0 450.0                            LAT/LON1/LON2/DLON/H
   65   69   68   69   74   78   83   85   91   94  103  106  116  122  133  140
  149  153  159  162  164  166  166  168  169  171  172  175  176  177  177  174
  169  164  155  147  137  129  119  110  103   96   92   88   87   89   91   95
   99  104  111  115  121  121  125  123  125  121  120  115  114  108  106   99
   96   89   87   80   78   74   77   79   65                                   
    72.5-180.0 180.0   5.0 450.0                            LAT/LON1/LON2/DLON/H
   66   69   67   66   69   71   77   79   84   90   98  106  114  125  133  144
  151  160  163  168  167  171  170  173  171  176  176  181  182  184  185  183
  180  173  167  157  146  138  128  119  110  104  100   97   95   98   99  105
  106  113  116  122  124  128  128  129  128  128  124  123  118  116  111  108
  100   96   90   86   79   75   77   79   66                                   
    70.0-180.0 180.0   5.0 450.0                            LAT/LON1/LON2/DLON/H
   66   65   64   63   70   70   75   75   80   82   92   99  110  120  133  144
  156  163  169  174  175  177  173  174  170  170  171  171  176  177  184  182
  183  179  175  166  157  148  140  132  124  118  114  111  110  110  111  114
  115  118  120  121  122  124  123  124  124  123  121  120  119  117  115  111
  109  103  100   92   86   80   81   82   66                                   
    67.5-180.0 180.0   5.0 450.0                            LAT/LON1/LON2/DLON/H
   69   68   67   66   69   71   76   76   82   86   95  106  115  131  141  156
  166  176  183  188  191  192  189  187  180  179  177  177  180  180  185  183
  186  181  180  171  166  156  149  142  134  129  124  122  117  118  114  116
  112  113  110  111  108  110  106  109  107  110  106  111  109  112  109  111
  105  106   99   98   86   82   83   85   69                                   
    65.0-180.0 180.0   5.0 450.0                            LAT/LON1/LON2/DLON/H
   66   64   61   61   68   69   75   74   79   82   92  102  115  131  147  162
  176  186  196  200  206  207  205  198  193  185  184  180  182  180  184  182
  185  182  183  177  173  166  161  154  148  142  137  133  129  126  121  117
  109  104   96   93   86   86   81   84   83   86   86   91   93   96   98   98
   98   97   97   91   86   81   80   86   66                                   
    62.5-180.0 180.0   5.0 450.0                            LAT/LON1/LON2/DLON/H
   62   59   56   58   62   66   71   72   77   80   91  105  118  137  151  169
  183  193  203  208  214  214  214  208  199  193  187  184  184  182  185  183
  185  182  184  178  177  170  168  161  158  151  147  140  133  126  117  108
   98   89   81   73   67   64   61   63   64   68   67   74   77   80   82   85
   83   87   83   84   75   73   71   78   62                                   
    60.0-180.0 180.0   5.0 450.0                            LAT/LON1/LON2/DLON/H
   54   47   48   48   57   58   64   66   72   76   89  101  117  135  154  171
  187  194  207  209  218  218  219  214  211  203  199  194  194  193  193  193
  193  191  190  184  182  176  174  170  167  164  161  154  146  135  120  109
   93   81   69   62   52   52   46   50   50   54   55   61   63   67   68   70
   71   74   73   72   68   66   63   71   54                                   
    57.5-180.0 180.0   5.0 450.0                            LAT/LON1/LON2/DLON/H
   51   43   40   43   45   50   55   59   66   72   85  100  115  134  153  170
  187  196  207  209  216  214  216  212  211  208  206  203  206  207  211  210
  209  204  200  194  189  184  182  179  178  174  173  166  157  141  125  108
   94   80   70   60   52   50   47   48   52   54   54   57   60   60   61   61
   61   65   62   65   58   59   56   59   51                                   
    55.0-180.0 180.0   5.0 450.0                            LAT/LON1/LON2/DLON/H
   50   39   38   35   41   43   51   54   65   73   87  100  116  134  153  172
  189  196  208  207  214  209  212  209  211  211  216  216  220  223  225  228
  223  218  211  204  201  195  194  193  192  190  189  182  173  158  139  121
  105   93   83   75   66   65   60   63   65   67   66   68   66   66   63   63
   63   67   65   66   64   62   59   59   50                                   
    52.5-180.0 180.0   5.0 450.0                            LAT/LON1/LON2/DLON/H
   60   50   42   44   40   44   49   56   66   78   92  105  121  137  158  177
  196  204  213  212  216  208  210  207  212  214  222  229  238  242  247  247
  243  237  227  219  214  209  207  205  205  203  201  195  185  172  154  138
  122  114  108  101   96   92   88   89   91   91   87   85   82   79   75   71
   72   76   74   77   70   72   68   62   60                                   
    50.0-180.0 180.0   5.0 450.0                            LAT/LON1/LON2/DLON/H
   74   61   58   55   52   52   55   61   72   86  101  114  129  144  166  187
  205  212  223  217  222  214  217  214  220  224  234  243  253  259  262  261
  254  247  237  231  228  224  223  221  221  219  215  209  200  188  172  159
  146  139  134  129  123  121  117  117  117  115  112  109  105  101   95   93
   89   95   92   95   93   91   92   81   74                                   
    47.5-180.0 180.0   5.0 450.0                            LAT/LON1/LON2/DLON/H
  100   86   78   78   71   68   67   74   84  100  117  130  146  161  184  203
  223  230  240  236  237  229  230  227  233  236  248  257  267  269  272  268
  263  254  247  241  241  239  239  236  234  228  224  216  207  194  182  172
  163  160  157  152  147  141  137  135  136  135  130  129  123  121  117  114
  111  114  111  117  110  113  114  110  100                                   
    45.0-180.0 180.0   5.0 450.0                            LAT/LON1/LON2/DLON/H
  119  109  100   96   90   84   81   85   98  115  135  148  164  180  201  220
  240  248  260  253  256  247  248  247  253  258  266  273  278  277  278  272
  267  257  254  249  252  251  253  249  245  237  230  218  208  195  186  176
  172  169  167  161  154  146  141  140  141  141  140  139  137  137  137  137
  134  137  136  137  137  137  144  138  119                                   
    42.5-180.0 180.0   5.0 450.0                            LAT/LON1/LON2/DLON/H
  139  128  121  117  107   98   93   98  112  132  155  173  189  203  224  242
  263  273  282  279  277  269  269  270  273  279  285  287  286  280  276  267
  262  255  255  256  262  264  267  261  254  241  230  216  204  191  183  177
  173  172  170  162  151  140  135  133  136  136  135  138  138  142  142  148
  147  151  147  155  149  156  161  161  139                                   
    40.0-180.0 180.0   5.0 450.0                            LAT/LON1/LON2/DLON/H
  144  139  133  127  118  109  104  107  123  146  173  190  208  221  243  258
  280  288  299  293  295  287  290  290  294  300  301  299  292  282  273  264
  258  256  262  264  277  279  283  274  266  249  236  218  205  192  184  175
  171  164  161  147  137  123  118  118  121  125  126  130  132  139  145  152
  154  154  155  155  156  156  165  165  144                                   
    37.5-180.0 180.0   5.0 450.0                            LAT/LON1/LON2/DLON/H
  143  136  133  127  117  107  103  108  128  156  186  205  225  239  260  277
  297  305  312  307  306  301  304  306  311  313  314  306  297  283  273  264
  264  266  277  283  298  301  303  293  280  263  245  229  213  201  192  184
  176  170  160  146  130  117  112  109  114  115  116  118  122  128  136  142
  145  145  140  144  140  147  156  159  143                                   
    35.0-180.0 180.0   5.0 450.0                            LAT/LON1/LON2/DLON/H
  129  123  122  118  111  105  103  112  133  162  195  215  239  252  273  285
  306  312  319  314  316  312  316  316  319  321  321  314  305  294  289  283
  288  293  309  317  333  334  334  319  307  285  269  247  233  221  212  204
  196  187  178  162  145  131  121  120  117  120  116  116  117  123  131  138
  142  137  132  124  124  121  133  138  129                                   
    32.5-180.0 180.0   5.0 450.0                            LAT/LON1/LON2/DLON/H
  113  103  104  102   98   93   95  106  130  163  196  223  247  264  283  300
  317  322  326  323  324  320  323  323  326  326  326  322  319  315  318  323
  336  346  364  377  392  389  380  362  339  322  301  287  273  264  255  250
  240  233  220  205  189  169  168  162  161  153  144  134  129  125  132  136
  137  134  123  120  110  111  109  119  113                                   
    30.0-180.0 180.0   5.0 450.0                            LAT/LON1/LON2/DLON/H
  100   84   85   86   85   87   92  105  127  160  196  225  254  273  295  309
  326  327  334  331  337  332  336  329  329  327  332  334  341  347  362  382
  403  425  441  455  460  456  440  418  393  369  349  334  323  317  313  314
  312  301  285  268  249  232  219  210  205  198  191  184  183  170  164  160
  157  150  139  136  127  121  112  107  100                                   
    27.5-180.0 180.0   5.0 450.0                            LAT/LON1/LON2/DLON/H
   91   84   77   76   77   82   88  104  125  161  196  230  259  280  305  322
  336  338  342  341  347  343  343  334  332  332  340  350  369  394  428  464
  493  517  531  535  532  520  502  481  454  432  412  400  391  378  375  372
  379  387  394  391  378  358  339  316  294  277  252  232  216  211  215  212
  203  189  169  155  142  129  117  109   91                                   
    25.0-180.0 180.0   5.0 450.0                            LAT/LON1/LON2/DLON/H
   90   80   80   80   79   83   90  102  125  157  198  235  267  289  318  333
  349  349  358  356  366  356  355  340  341  344  361  384  414  455  496  541
  572  605  610  609  597  584  567  554  532  511  488  476  469  461  461  468
  484  502  509  509  492  473  439  408  380  352  320  297  278  264  257  256
  254  249  223  192  169  149  134  132   90                                   
    22.5-180.0 180.0   5.0 450.0                            LAT/LON1/LON2/DLON/H
  103   99   91   91   90   95   96  112  131  167  206  249  278  305  332  349
  362  366  375  374  381  367  363  350  354  364  391  424  471  523  575  629
  670  693  689  674  653  635  623  615  598  576  563  546  539  527  523  520
  531  545  561  558  549  529  502  473  446  413  375  354  329  322  311  320
  305  310  283  260  221  193  165  171  103                                   
    20.0-180.0 180.0   5.0 450.0                            LAT/LON1/LON2/DLON/H
  125  119  109   96   98  106  116  130  148  180  215  256  286  317  345  365
  378  387  398  399  402  385  379  367  374  394  425  472  519  578  648  711
  754  766  753  725  700  681  673  672  649  624  601  578  566  548  542  543
  565  583  601  599  587  561  533  501  479  451  425  404  379  369  358  362
  356  352  329  310  275  245  209  195  125                                   
    17.5-180.0 180.0   5.0 450.0                            LAT/LON1/LON2/DLON/H
  151  151  133  119  112  115  129  149  166  197  226  266  296  329  358  382
  395  411  422  426  426  411  402  394  409  434  477  522  576  646  718  775
  797  797  781  747  720  700  693  695  681  658  636  604  572  544  530  530
  549  565  580  578  567  544  520  492  477  450  433  419  408  399  387  390
  375  377  348  331  294  267  238  224  151                                   
    15.0-180.0 180.0   5.0 450.0                            LAT/LON1/LON2/DLON/H
  168  166  145  129  122  121  132  160  186  221  243  281  303  341  371  404
  418  440  452  456  451  439  427  430  445  481  524  572  636  695  762  796
  811  806  789  760  734  719  715  722  716  697  665  623  574  534  511  503
  512  517  529  519  506  489  469  445  430  418  414  411  407  403  392  388
  372  366  345  321  291  279  252  217  168                                   
    12.5-180.0 180.0   5.0 450.0                            LAT/LON1/LON2/DLON/H
  179  179  149  134  122  121  131  161  193  230  253  292  316  353  388  423
  444  467  482  487  480  470  462  469  489  527  570  619  675  725  781  795
  810  802  786  763  744  733  730  733  727  708  673  620  562  501  467  447
  445  439  434  419  403  395  380  373  375  378  386  392  393  390  373  369
  343  342  314  303  269  261  247  212  179                                   
    10.0-180.0 180.0   5.0 450.0                            LAT/LON1/LON2/DLON/H
  164  179  156  134  126  125  138  167  201  241  270  309  339  375  418  451
  477  500  518  520  513  502  495  509  533  572  614  658  702  741  777  786
  792  783  773  760  750  746  741  745  735  720  681  622  556  488  446  418
  402  372  353  334  334  334  343  335  349  353  370  377  382  373  356  336
  314  305  283  266  243  235  237  184  164                                   
     7.5-180.0 180.0   5.0 450.0                            LAT/LON1/LON2/DLON/H
  153  173  156  133  122  114  134  164  207  249  282  324  356  405  443  480
  509  538  553  557  549  540  534  554  578  618  657  691  729  753  775  773
