data/unet/pred2170.15i
     1.0            IONOSPHERE MAPS     GNSS                IONEX VERSION / TYPE
pyspatialgeodesy        IME             05-JAN-18 20:20     PGM / RUN BY / DATE 
Map Name                                                    COMMENT             
Predicted global ionosphere maps (GIM).                     DESCRIPTION         
  2015     8     5     0     0     0                        EPOCH OF FIRST MAP  
  2015     8     6     0     0     0                        EPOCH OF LAST MAP   
  7200                                                      INTERVAL            
    13                                                      # OF MAPS IN FILE   
  NONE                                                      MAPPING FUNCTION    
10.0                                                        ELEVATION CUTOFF    
One-way carrier phase leveled to code                       OBSERVABLES USED    
  6371.0                                                    BASE RADIUS         
 2                                                          MAP DIMENSION       
   450.0 450.0   0.0                                        HGT1 / HGT2 / DHGT  
    87.5 -87.5  -2.5                                        LAT1 / LAT2 / DLAT  
  -180.0 180.0   5.0                                        LON1 / LON2 / DLON  
    -1                                                      EXPONENT            
                                                            END OF HEADER       
[from data line 1716]
     5                                                      START OF TEC MAP    
  2015     8     5     8     0     0                        EPOCH OF CURRENT MAP
    87.5-180.0 180.0   5.0 450.0                            LAT/LON1/LON2/DLON/H
  136  147  156  156  157  157  158  159  160  161  162  163  163  164  164  165
  163  165  163  165  162  163  160  160  158  158  156  155  154  153  153  152
  152  150  150  148  148  147  147  147  148  148  148  148  149  149  149  148
  148  148  147  146  146  146  145  145  145  145  144  144  145  144  143  142
  144  142  143  142  143  140  145  131  136                                   
    85.0-180.0 180.0   5.0 450.0                            LAT/LON1/LON2/DLON/H
  142  152  153  164  160  161  162  164  164  165  166  166  166  166  167  167
  166  166  165  165  163  163  161  160  159  158  157  155  155  154  154  153
  154  153  154  153  154  153  154  154  155  156  156  157  158  158  157  157
  157  157  155  156  155  155  153  154  153  153  151  151  151  150  148  148
  147  148  146  145  146  142  147  132  142                                   
    82.5-180.0 180.0   5.0 450.0                            LAT/LON1/LON2/DLON/H
  149  149  153  156  156  156  157  157  158  158  158  158  157  157  157  157
  156  156  155  154  153  151  152  149  150  148  149  147  149  148  150  149
  151  151  152  152  154  155  156  157  160  160  162  162  165  163  164  163
  164  162  162  161  161  160  159  157  157  155  154  152  152  150  149  147
  147  146  146  144  144  142  143  138  149                                   
    80.0-180.0 180.0   5.0 450.0                            LAT/LON1/LON2/DLON/H
  159  149  151  150  151  149  150  148  149  147  148  146  147  146  146  146
  145  145  144  143  143  140  142  137  141  136  140  136  141  137  142  139
  144  143  147  148  153  154  157  159  163  163  166  167  170  170  170  170
  170  170  168  168  168  165  165  162  162  159  158  155  155  151  150  148
  147  146  144  145  147  142  142  141  159                                   
    77.5-180.0 180.0   5.0 450.0                            LAT/LON1/LON2/DLON/H
  159  154  154  152  152  150  147  145  142  141  139  139  137  138  136  137
  135  137  135  137  135  136  135  136  134  135  133  134  133  135  135  138
  139  143  145  150  153  157  162  165  169  171  174  176  179  180  182  183
  183  183  183  183  182  181  179  177  176  172  170  166  165  160  159  156
  156  153  153  152  152  149  148  140  159                                   
    75.0-180.0 180.0   5.0 450.0                            LAT/LON1/LON2/DLON/H
  163  154  154  151  148  142  139  134  133  129  129  125  126  123  125  123
  125  123  125  124  125  124  126  122  124  121  124  122  124  124  127  128
  133  136  141  145  152  156  162  165  170  172  176  179  182  184  186  188
  189  189  189  190  190  189  188  185  184  180  177  173  171  166  164  160
  160  157  158  156  158  152  153  145  163                                   
    72.5-180.0 180.0   5.0 450.0                            LAT/LON1/LON2/DLON/H
  167  158  155  149  142  136  129  125  120  118  116  115  113  113  112  112
  112  112  113  113  113  113  113  113  112  113  112  114  114  117  117  122
  125  130  135  141  148  154  161  166  171  175  180  183  187  188  190  191
  191  192  192  192  193  193  192  190  188  186  182  179  176  172  169  166
  166  163  165  163  163  158  157  150  167                                   
    70.0-180.0 180.0   5.0 450.0                            LAT/LON1/LON2/DLON/H
  170  157  154  146  139  128  122  114  112  106  108  103  107  102  107  102
  106  103  107  104  107  105  108  105  107  105  107  108  111  113  117  121
  125  129  136  142  150  155  163  167  174  177  182  185  188  189  190  190
  190  189  189  190  191  191  191  190  189  187  184  181  179  175  173  170
  170  168  170  168  170  162  162  158  170                                   
    67.5-180.0 180.0   5.0 450.0                            LAT/LON1/LON2/DLON/H
  172  159  152  142  130  119  110  103   98   95   96   94   97   96   98   97
   97   97   97   96   96   96   96   96   96   96   99  102  105  109  113  117
  123  127  133  139  147  152  160  166  173  177  183  186  188  188  187  186
  186  185  185  185  187  186  187  186  186  184  182  179  178  174  172  170
  170  169  172  171  173  166  165  160  172                                   
    65.0-180.0 180.0   5.0 450.0                            LAT/LON1/LON2/DLON/H
  179  161  156  143  131  116  107   97   92   88   89   87   92   89   94   90
   93   88   91   87   89   87   89   88   90   92   95  101  106  113  117  124
  128  132  138  143  150  154  162  167  175  179  185  188  189  188  185  184
  182  181  180  181  181  181  181  182  181  180  178  177  176  173  171  170
  170  171  174  174  177  171  171  170  179                                   
    62.5-180.0 180.0   5.0 450.0                            LAT/LON1/LON2/DLON/H
  184  170  160  145  130  115  103   93   86   82   81   81   85   85   88   86
   87   84   83   80   80   78   80   79   82   83   90   96  105  111  119  124
  131  135  140  144  150  154  162  168  176  182  187  189  190  188  187  185
  185  183  182  182  183  181  183  181  182  179  179  176  176  172  171  168
  170  170  175  176  181  175  176  174  184                                   
    60.0-180.0 180.0   5.0 450.0                            LAT/LON1/LON2/DLON/H
  193  176  170  155  140  121  108   94   86   78   77   75   79   78   82   78
   80   74   74   69   70   68   70   71   76   78   86   95  105  114  122  131
  136  141  144  148  154  157  165  170  179  184  190  194  194  195  192  193
  191  190  187  188  187  187  185  185  184  181  179  177  176  173  171  170
  170  172  176  179  185  181  185  186  193                                   
    57.5-180.0 180.0   5.0 450.0                            LAT/LON1/LON2/DLON/H
  203  191  181  166  147  129  113   97   86   77   72   70   71   71   74   72
   71   67   65   62   62   61   64   64   70   72   82   90  102  112  122  129
  138  142  146  149  154  159  166  173  181  189  195  200  202  202  203  202
  204  201  201  199  200  197  196  193  192  188  186  183  181  177  174  170
  171  173  178  183  189  186  193  190  203                                   
    55.0-180.0 180.0   5.0 450.0                            LAT/LON1/LON2/DLON/H
  214  200  193  181  164  144  127  106   92   79   72   66   67   65   67   63
   63   57   56   53   53   54   57   60   65   70   79   89  100  111  121  133
  139  145  149  154  160  163  172  178  188  196  204  210  214  217  217  220
  219  219  216  217  213  212  207  205  201  197  193  190  187  182  178  175
  174  177  182  187  196  196  203  203  214                                   
    52.5-180.0 180.0   5.0 450.0                            LAT/LON1/LON2/DLON/H
  223  213  203  194  178  157  138  117   99   84   72   66   62   61   61   59
   57   54   52   49   51   51   56   58   66   70   79   86   98  108  119  128
  138  145  151  157  162  169  176  184  194  205  213  220  225  229  233  235
  236  236  233  232  228  224  218  214  210  206  202  198  195  189  184  180
  179  181  187  192  202  203  211  207  223                                   
    50.0-180.0 180.0   5.0 450.0                            LAT/LON1/LON2/DLON/H
  229  216  211  202  191  170  153  130  111   90   77   67   63   59   59   55
   55   50   48   46   48   50   55   60   68   73   83   89   99  109  118  131
  138  148  155  163  171  177  185  192  203  213  223  232  238  243  247  251
  251  252  248  247  241  237  229  225  219  214  209  206  201  197  191  188
  186  189  193  200  208  212  217  215  229                                   
    47.5-180.0 180.0   5.0 450.0                            LAT/LON1/LON2/DLON/H
  230  221  213  206  196  179  161  139  118   99   83   71   65   61   59   57
   55   52   50   49   51   54   61   65   73   79   88   93  102  109  119  127
  137  148  158  169  177  185  191  200  210  222  231  241  247  255  259  263
  263  263  259  256  249  244  235  229  223  219  215  211  207  202  199  195
  196  197  203  207  215  215  217  214  230                                   
    45.0-180.0 180.0   5.0 450.0                            LAT/LON1/LON2/DLON/H
  227  211  208  201  194  180  165  146  129  107   92   79   71   67   64   61
   59   55   54   53   55   58   65   72   82   86   95   99  107  114  121  132
  140  154  165  177  186  194  201  209  218  229  240  250  259  266  272  276
  276  275  269  266  258  252  241  235  228  223  218  215  211  209  205  207
  207  211  214  216  219  219  220  217  227                                   
    42.5-180.0 180.0   5.0 450.0                            LAT/LON1/LON2/DLON/H
  223  210  201  193  186  173  162  144  130  114  100   88   81   75   72   69
   66   64   63   62   65   67   75   80   88   93   99  104  110  115  123  131
  141  155  168  182  191  201  206  214  224  237  246  258  267  277  282  286
  285  283  276  273  264  258  247  241  233  229  225  221  219  215  216  216
  222  224  230  227  230  224  220  215  223                                   
    40.0-180.0 180.0   5.0 450.0                            LAT/LON1/LON2/DLON/H
  217  196  187  178  171  161  153  142  132  119  109   99   93   87   83   79
   77   74   74   72   75   75   83   88   95   99  106  109  116  121  129  137
  148  162  176  187  200  206  215  221  232  243  257  267  279  288  297  300
  301  298  292  287  277  272  262  255  249  243  238  233  229  226  225  230
  235  241  245  240  237  229  223  220  217                                   
    37.5-180.0 180.0   5.0 450.0                            LAT/LON1/LON2/DLON/H
  218  200  183  167  158  145  140  132  127  119  114  107  104   96   93   88
   87   85   86   84   87   86   90   93   98  102  107  112  119  125  132  141
  152  165  179  192  204  214  221  231  241  253  265  278  289  301  311  317
  318  316  310  306  298  295  285  280  271  266  260  254  250  243  246  247
  257  261  266  259  253  241  229  221  218                                   
    35.0-180.0 180.0   5.0 450.0                            LAT/LON1/LON2/DLON/H
  217  193  173  158  144  135  130  126  124  121  120  116  113  107  101   97
   94   92   94   92   94   92   96   99  104  107  112  117  124  130  138  146
  156  167  183  192  208  215  228  234  248  260  278  289  306  317  333  339
  346  346  344  344  339  338  328  324  313  306  296  285  277  266  265  267
  276  282  286  280  271  256  241  236  217                                   
    32.5-180.0 180.0   5.0 450.0                            LAT/LON1/LON2/DLON/H
  229  204  182  156  142  129  125  120  120  119  121  120  118  111  107  102
  100   99  100  100  102  100  102  103  106  108  112  117  124  130  138  147
  156  166  180  192  208  219  232  242  256  271  288  301  320  335  352  363
  375  379  383  385  386  385  376  372  362  354  343  329  316  303  298  297
  304  307  310  301  291  277  257  248  229                                   
    30.0-180.0 180.0   5.0 450.0                            LAT/LON1/LON2/DLON/H
  240  209  184  162  145  133  126  121  121  121  125  126  124  119  111  105
  102  100  102  101  105  104  108  109  114  114  118  121  127  133  140  147
  153  162  175  186  205  214  234  240  262  275  297  315  337  354  375  388
  405  417  426  441  443  452  441  439  423  413  397  378  362  343  335  330
  334  333  334  322  312  297  279  265  240                                   
    27.5-180.0 180.0   5.0 450.0                            LAT/LON1/LON2/DLON/H
  262  222  201  175  161  145  136  128  127  125  127  127  126  119  112  104
  102  101  103  104  109  109  113  114  116  117  117  119  124  129  137  143
  149  158  169  182  201  217  235  247  263  279  301  320  345  364  388  407
  428  446  459  479  488  502  497  496  479  464  444  421  400  381  369  365
  363  360  356  343  329  317  294  278  262                                   
    25.0-180.0 180.0   5.0 450.0                            LAT/LON1/LON2/DLON/H
  274  237  211  190  173  160  147  140  135  133  134  133  130  122  114  106
  101  100  102  104  110  113  121  123  126  124  124  122  125  128  134  140
  144  153  163  179  200  217  239  248  271  283  312  331  360  378  406  423
  447  463  481  506  519  537  538  541  526  511  488  464  439  417  402  394
  390  383  377  361  347  331  310  292  274                                   
    22.5-180.0 180.0   5.0 450.0                            LAT/LON1/LON2/DLON/H
  286  249  229  208  194  177  168  158  150  145  143  140  135  126  117  107
  104  102  103  106  112  118  125  129  130  128  123  120  121  122  128  133
  140  149  163  180  202  222  242  256  275  290  315  335  364  382  409  430
  451  472  488  514  529  548  548  553  540  528  506  485  461  440  425  417
  410  402  392  372  356  340  316  298  286                                   
    20.0-180.0 180.0   5.0 450.0                            LAT/LON1/LON2/DLON/H
  289  261  240  226  210  195  183  171  163  157  154  149  143  131  122  112
  106  104  104  106  112  119  129  136  139  133  128  121  120  118  124  130
  138  150  164  184  206  227  248  263  284  299  325  344  371  389  415  432
  452  468  485  509  524  539  541  545  536  527  512  493  476  455  443  433
  426  416  405  382  362  346  322  307  289                                   
    17.5-180.0 180.0   5.0 450.0                            LAT/LON1/LON2/DLON/H
  290  266  252  238  226  208  201  188  178  170  165  159  151  140  129  119
  114  111  109  109  113  118  128  135  138  132  125  116  112  110  116  125
  136  148  165  185  210  230  254  268  291  308  333  351  375  392  415  432
  449  463  477  493  505  514  513  514  507  500  493  482  471  458  446  439
  432  421  409  384  361  345  322  306  290                                   
    15.0-180.0 180.0   5.0 450.0                            LAT/LON1/LON2/DLON/H
  285  274  255  244  231  218  207  194  186  177  174  166  158  146  138  127
  122  116  113  110  112  116  126  135  137  130  122  110  105  103  110  123
  135  151  170  193  215  242  260  280  300  317  343  358  383  395  417  426
  443  451  464  475  483  491  489  490  484  480  478  470  467  454  448  438
  432  422  411  384  360  344  323  308  285                                   
    12.5-180.0 180.0   5.0 450.0                            LAT/LON1/LON2/DLON/H
  282  271  255  240  230  216  211  201  193  187  182  175  166  154  146  138
  132  125  119  112  111  113  120  126  129  120  113   99   95   94  104  118
  132  148  170  195  221  243  265  281  303  321  347  362  385  395  415  425
  440  446  455  461  465  467  464  460  457  454  453  451  451  444  439  432
  429  420  407  380  355  341  321  306  282                                   
    10.0-180.0 180.0   5.0 450.0                            LAT/LON1/LON2/DLON/H
  272  270  249  230  215  205  199  191  187  181  181  174  170  156  150  141
  137  128  121  111  108  107  113  117  118  110  102   90   86   88   97  112
  129  148  174  202  227  251  271  288  310  326  353  365  390  397  416  420
  436  440  449  453  454  455  448  450  447  448  445  443  442  435  432  426
  422  414  403  376  356  338  323  306  272                                   
     7.5-180.0 180.0   5.0 450.0                            LAT/LON1/LON2/DLON/H
  276  273  252  232  215  201  194  188  184  182  181  176  170  161  155  147
  143  134  126  113  107  103  105  104  105   97   90   80   79   80   91  104
