data/unet/pred2760.15i
     1.0            IONOSPHERE MAPS     GNSS                IONEX VERSION / TYPE
pyspatialgeodesy        IME             05-JAN-18 20:20     PGM / RUN BY / DATE 
Map Name                                                    COMMENT             
Predicted global ionosphere maps (GIM).                     DESCRIPTION         
  2015    10     3     0     0     0                        EPOCH OF FIRST MAP  
  2015    10     4     0     0     0                        EPOCH OF LAST MAP   
  7200                                                      INTERVAL            
    13                                                      # OF MAPS IN FILE   
  NONE                                                      MAPPING FUNCTION    
10.0                                                        ELEVATION CUTOFF    
One-way carrier phase leveled to code                       OBSERVABLES USED    
  6371.0                                                    BASE RADIUS         
 2                                                          MAP DIMENSION       
   450.0 450.0   0.0                                        HGT1 / HGT2 / DHGT  
    87.5 -87.5  -2.5                                        LAT1 / LAT2 / DLAT  
  -180.0 180.0   5.0                                        LON1 / LON2 / DLON  
    -1                                                      EXPONENT            
                                                            END OF HEADER       
[from data line 2574]
     7                                                      START OF TEC MAP    
  2015    10     3    12     0     0                        EPOCH OF CURRENT MAP
    87.5-180.0 180.0   5.0 450.0                            LAT/LON1/LON2/DLON/H
  108  113  115  117  117  117  119  119  121  121  123  124  125  126  126  128
  127  128  127  128  126  126  125  125  123  124  123  124  122  123  122  122
  120  121  119  119  118  118  117  116  115  114  113  113  112  112  110  110
  109  109  107  107  107  106  105  105  105  104  104  104  105  105  104  105
  105  106  106  108  109  107  113  105  108                                   
    85.0-180.0 180.0   5.0 450.0                            LAT/LON1/LON2/DLON/H
   99  104  103  103  106  105  111  111  114  114  117  117  120  120  122  122
  123  122  122  121  121  120  119  118  118  117  117  116  117  117  118  116
  117  116  116  114  115  113  114  111  112  109  110  106  107  104  105  102
  102  100   99   97   97   95   96   93   95   91   94   90   93   90   92   90
   93   91   94   92   95   97  103  110   99                                   
    82.5-180.0 180.0   5.0 450.0                            LAT/LON1/LON2/DLON/H
   89   86   91   93   92   94   96   98  101  101  104  104  108  107  110  109
  112  111  112  112  113  111  112  110  111  110  111  111  112  112  113  113
  113  113  113  112  112  111  111  107  107  103  104   98   99   93   95   89
   91   85   86   82   83   79   80   77   79   76   78   76   77   75   77   76
   77   77   79   77   80   79   82   87   89                                   
    80.0-180.0 180.0   5.0 450.0                            LAT/LON1/LON2/DLON/H
   75   71   77   79   82   81   87   88   92   91   94   95   97   96   99   99
  101  101  102  103  104  103  104  104  106  105  108  107  110  109  113  111
  115  113  118  114  118  114  117  111  112  106  108  101  102   95   96   88
   90   82   84   78   80   75   77   73   75   70   73   69   72   67   71   67
   69   66   68   65   67   63   65   71   75                                   
    77.5-180.0 180.0   5.0 450.0                            LAT/LON1/LON2/DLON/H
   63   59   60   63   64   68   71   74   75   77   78   79   79   79   79   81
   81   83   84   87   87   91   92   95   96   99  101  103  106  107  111  112
  115  115  118  117  118  118  116  115  111  110  107  104  101   98   96   92
   91   86   85   80   79   76   75   74   72   70   68   68   65   64   62   61
   58   58   56   55   54   53   52   55   63                                   
    75.0-180.0 180.0   5.0 450.0                            LAT/LON1/LON2/DLON/H
   55   50   53   55   58   58   64   62   66   63   66   63   64   61   63   62
   64   66   70   72   76   79   85   87   92   93  100  100  107  107  114  114
  121  119  127  124  129  126  128  123  122  119  117  113  109  106  104  100
   98   94   92   89   86   84   81   78   75   73   70   68   65   63   60   58
   56   54   53   50   49   47   46   47   55                                   
    72.5-180.0 180.0   5.0 450.0                            LAT/LON1/LON2/DLON/H
   50   47   47   49   52   51   55   55   57   55   55   53   52   50   51   51
   52   55   58   63   66   73   78   85   90   96  102  106  111  114  119  121
  126  127  133  134  138  138  139  137  134  132  128  125  120  118  115  112
  110  107  106  101  100   95   93   87   85   80   78   72   71   66   65   61
   60   56   54   51   49   46   45   43   50                                   
    70.0-180.0 180.0   5.0 450.0                            LAT/LON1/LON2/DLON/H
   51   46   45   46   47   47   52   50   52   46   48   43   43   39   41   40
   44   46   52   57   63   71   79   85   94  100  107  111  117  118  125  126
  133  134  142  144  151  150  155  151  150  147  143  138  132  128  123  121
  117  116  113  111  107  105  100   96   91   86   82   78   75   71   69   65
   64   60   59   55   53   50   49   47   51                                   
    67.5-180.0 180.0   5.0 450.0                            LAT/LON1/LON2/DLON/H
   51   48   44   45   46   45   47   46   48   44   44   41   40   37   38   38
   41   45   51   57   62   73   80   90   98  105  113  117  121  123  129  130
  136  139  147  151  158  160  163  162  162  159  157  151  146  139  135  132
  128  127  125  121  118  112  107  100   96   89   86   80   77   73   72   69
   68   64   63   58   56   52   51   51   51                                   
    65.0-180.0 180.0   5.0 450.0                            LAT/LON1/LON2/DLON/H
   55   49   44   46   44   43   47   43   46   39   41   37   38   34   36   37
   41   45   52   59   67   75   84   92  101  107  114  118  123  123  129  129
  138  139  149  153  163  165  170  169  171  169  165  161  153  149  141  137
  132  131  128  127  120  117  108  103   95   90   84   80   77   74   73   69
   69   66   66   62   60   57   57   58   55                                   
    62.5-180.0 180.0   5.0 450.0                            LAT/LON1/LON2/DLON/H
   53   50   44   44   43   41   42   41   42   39   40   38   38   37   39   41
   44   48   55   61   67   77   84   94   99  106  111  116  119  121  125  127
  135  139  148  154  163  166  172  172  174  172  170  164  161  153  148  142
  139  137  135  131  126  119  111  103   96   89   84   79   77   74   72   69
   68   65   65   60   60   55   57   61   53                                   
    60.0-180.0 180.0   5.0 450.0                            LAT/LON1/LON2/DLON/H
   56   51   43   44   41   38   39   36   39   33   36   33   37   34   39   41
   46   49   56   61   69   76   85   92   99  102  108  109  116  116  122  124
  133  136  147  151  162  164  171  172  175  176  172  171  164  159  153  148
  144  143  139  135  129  122  113  105   97   91   86   82   81   75   75   70
   70   65   67   61   63   58   60   64   56                                   
    57.5-180.0 180.0   5.0 450.0                            LAT/LON1/LON2/DLON/H
   53   50   43   42   40   36   35   33   33   30   32   33   36   36   40   43
   46   50   56   61   67   76   83   91   94  100  101  107  108  114  118  123
  130  135  145  150  160  163  170  172  176  176  177  173  170  165  161  156
  153  150  147  142  135  128  120  112  104   99   95   92   89   86   83   78
   75   70   69   64   64   58   59   63   53                                   
    55.0-180.0 180.0   5.0 450.0                            LAT/LON1/LON2/DLON/H
   60   56   46   46   41   37   35   30   30   27   29   29   35   33   39   39
   45   46   54   58   67   74   83   89   95   97  102  104  111  113  121  124
  135  138  148  152  161  165  171  176  178  182  180  183  178  177  171  167
  162  159  154  148  141  135  126  119  112  110  106  105  103  100   96   88
   85   76   77   67   70   63   64   68   60                                   
    52.5-180.0 180.0   5.0 450.0                            LAT/LON1/LON2/DLON/H
   64   60   53   50   47   40   37   33   32   29   31   33   35   35   39   41
   43   47   53   60   67   76   84   92   95  100  101  108  110  118  123  131
  138  143  152  155  164  167  175  178  183  186  190  190  190  187  184  178
  174  168  164  157  150  143  137  130  127  125  126  126  125  122  117  109
  101   92   89   81   79   72   71   73   64                                   
    50.0-180.0 180.0   5.0 450.0                            LAT/LON1/LON2/DLON/H
   79   72   64   63   58   52   47   41   39   36   38   36   39   35   40   38
   44   46   54   62   73   82   92   97  104  105  109  112  118  122  130  134
  145  148  157  161  170  176  182  188  192  199  201  208  205  206  202  197
  190  184  177  168  162  155  148  142  140  140  142  144  144  143  138  130
  120  111  105   96   93   85   83   87   79                                   
    47.5-180.0 180.0   5.0 450.0                            LAT/LON1/LON2/DLON/H
   91   85   80   76   73   66   61   55   50   47   45   45   44   42   42   44
   44   49   56   69   80   91  100  108  111  115  116  121  123  129  134  142
  147  153  161  166  177  182  192  195  205  210  217  220  220  218  216  209
  205  195  188  177  170  162  155  150  149  150  154  158  160  160  155  147
  138  128  122  112  108   99   99   99   91                                   
    45.0-180.0 180.0   5.0 450.0                            LAT/LON1/LON2/DLON/H
  105   98   93   91   90   80   77   68   65   59   59   54   56   48   50   47
   51   54   65   77   93  102  114  117  125  124  128  128  132  133  139  142
  152  156  167  174  185  196  204  211  216  228  230  236  234  234  229  223
  215  207  196  186  176  169  160  154  151  154  158  164  167  169  164  157
  148  140  132  125  119  113  112  114  105                                   
    42.5-180.0 180.0   5.0 450.0                            LAT/LON1/LON2/DLON/H
  111  106  102  102  100   93   89   81   78   73   70   68   64   61   57   58
   58   65   75   90  102  114  123  128  132  133  135  137  136  138  139  144
  150  157  168  177  192  204  218  225  237  243  249  247  247  244  240  231
  225  213  203  189  180  170  160  152  150  151  157  163  167  169  165  158
  150  140  136  127  123  114  119  123  111                                   
    40.0-180.0 180.0   5.0 450.0                            LAT/LON1/LON2/DLON/H
  115  108  102  105  107  101  101   90   90   83   85   77   80   70   70   66
   71   76   89  100  118  125  136  134  143  140  145  141  143  139  141  142
  153  159  173  185  203  222  235  250  254  267  266  267  262  261  254  245
  235  225  213  201  186  174  161  152  146  149  154  161  165  166  163  154
  145  136  130  126  120  119  119  125  115                                   
    37.5-180.0 180.0   5.0 450.0                            LAT/LON1/LON2/DLON/H
  112  104   98  102  103  100  100   94   93   89   88   86   85   80   78   78
   78   87   98  114  124  135  139  142  145  145  146  146  143  142  140  145
  152  164  178  196  218  241  261  275  283  288  287  285  281  277  270  258
  250  237  229  214  201  181  167  154  149  149  155  161  163  163  158  149
  140  129  124  117  116  110  116  124  112                                   
    35.0-180.0 180.0   5.0 450.0                            LAT/LON1/LON2/DLON/H
  108   99   87   95   98   97  101   93   97   89   95   90   94   87   88   86
   89   95  107  122  133  139  145  142  149  145  152  147  152  145  150  151
  167  177  198  221  250  280  298  312  310  319  311  313  305  303  292  284
  270  261  250  239  220  202  180  164  153  152  156  160  164  162  158  147
  136  124  116  112  107  109  110  115  108                                   
    32.5-180.0 180.0   5.0 450.0                            LAT/LON1/LON2/DLON/H
  102   90   79   85   87   88   91   87   89   85   89   90   94   91   92   92
   92   99  109  126  133  143  142  144  143  148  151  155  155  157  160  169
  183  204  230  260  289  315  332  337  341  342  338  335  331  328  322  313
  302  291  280  270  257  240  219  197  185  175  175  174  175  171  166  154
  143  128  120  109  107  101  104  108  102                                   
    30.0-180.0 180.0   5.0 450.0                            LAT/LON1/LON2/DLON/H
  102   88   72   77   81   82   88   83   87   81   89   88   95   92   96   94
   97  103  116  129  137  144  141  141  144  147  160  161  172  171  186  194
  220  242  276  301  332  346  357  361  360  365  360  362  358  361  359  356
  347  342  330  326  312  301  277  259  239  226  215  207  202  194  184  172
  158  143  129  120  107  106  108   99  102                                   
    27.5-180.0 180.0   5.0 450.0                            LAT/LON1/LON2/DLON/H
  108   93   76   79   79   81   83   81   81   78   82   85   90   91   95   95
   96  102  112  124  133  139  137  138  139  149  160  173  184  195  210  229
  255  286  318  344  363  371  376  378  380  385  387  391  394  400  405  407
  408  403  398  389  378  359  345  325  308  289  278  260  249  229  215  198
  185  166  153  136  125  114  114   99  108                                   
    25.0-180.0 180.0   5.0 450.0                            LAT/LON1/LON2/DLON/H
  112   97   85   81   82   83   85   80   82   76   80   83   89   90   93   91
   95  100  115  126  140  142  143  143  145  156  173  186  206  216  242  262
  299  325  358  378  393  394  394  395  397  408  413  423  430  444  450  459
  458  459  450  441  423  408  391  374  361  344  328  315  297  282  255  233
  210  194  178  162  145  139  134  108  112                                   
    22.5-180.0 180.0   5.0 450.0                            LAT/LON1/LON2/DLON/H
  117  117  102   95   94   89   89   84   81   74   77   79   85   87   89   88
   91   95  109  122  134  141  143  144  148  160  176  199  220  240  267  293
  329  361  387  406  412  410  408  412  420  434  442  460  471  486  493  499
  498  496  490  473  462  444  434  418  407  387  378  352  335  315  300  274
  249  223  208  190  176  158  149  121  117                                   
    20.0-180.0 180.0   5.0 450.0                            LAT/LON1/LON2/DLON/H
  132  135  120  110  108  104  100   92   88   80   78   79   85   86   86   83
   86   92  109  122  140  146  158  157  167  175  192  213  238  261  292  323
  358  384  409  424  423  421  417  428  439  458  471  489  505  518  526  529
  528  524  515  500  483  465  449  435  425  412  401  384  367  346  326  306
  278  255  231  217  197  185  174  144  132                                   
    17.5-180.0 180.0   5.0 450.0                            LAT/LON1/LON2/DLON/H
  155  156  140  134  127  120  115  104   95   84   80   78   82   81   82   79
   84   92  107  121  140  148  158  163  174  184  201  227  254  282  311  346
  378  407  423  439  429  435  429  450  458  486  494  515  523  539  540  548
  541  542  530  517  499  480  461  445  434  418  410  391  374  352  336  319
  301  280  261  234  222  199  196  162  155                                   
    15.0-180.0 180.0   5.0 450.0                            LAT/LON1/LON2/DLON/H
  177  169  149  141  136  130  123  113  102   91   82   81   81   79   79   77
   85   92  110  123  141  149  165  171  188  200  218  245  268  301  324  361
  386  416  425  438  425  436  428  454  462  488  501  518  529  542  549  560
  559  557  538  524  501  487  461  446  432  416  399  379  361  344  330  319
  305  291  273  255  236  223  214  194  177                                   
    12.5-180.0 180.0   5.0 450.0                            LAT/LON1/LON2/DLON/H
  193  189  166  150  142  135  128  117  106   93   85   78   79   75   79   77
   86   99  119  134  149  155  170  176  193  205  233  256  283  309  340  373
  398  426  431  446  432  451  443  473  476  504  508  528  528  544  544  556
  552  552  531  516  492  478  454  442  423  406  384  362  342  325  313  308
  303  297  287  268  256  237  239  219  193                                   
    10.0-180.0 180.0   5.0 450.0                            LAT/LON1/LON2/DLON/H
  209  200  176  162  147  139  128  120  104   95   80   79   73   77   78   84
   93  105  125  139  155  164  175  187  205  225  250  277  297  329  351  385
  399  427  432  446  440  455  453  473  475  493  500  511  519  528  536  544
  540  537  519  502  479  465  443  430  412  391  368  346  326  309  300  298
  297  296  288  277  263  252  244  239  209                                   
     7.5-180.0 180.0   5.0 450.0                            LAT/LON1/LON2/DLON/H
  217  209  193  171  156  139  132  118  107   92   83   74   72   70   78   85
   95  111  126  145  160  169  181  191  212  237  264  286  312  335  365  390
