data/unet/pred0560.15i
     1.0            IONOSPHERE MAPS     GNSS                IONEX VERSION / TYPE
pyspatialgeodesy        IME             05-JAN-18 20:20     PGM / RUN BY / DATE 
Map Name                                                    COMMENT             
Predicted global ionosphere maps (GIM).                     DESCRIPTION         
  2015     2    25     0     0     0                        EPOCH OF FIRST MAP  
  2015     2    26     0     0     0                        EPOCH OF LAST MAP   
  7200                                                      INTERVAL            
    13                                                      # OF MAPS IN FILE   
  NONE                                                      MAPPING FUNCTION    
10.0                                                        ELEVATION CUTOFF    
One-way carrier phase leveled to code                       OBSERVABLES USED    
  6371.0                                                    BASE RADIUS         
 2                                                          MAP DIMENSION       
   450.0 450.0   0.0                                        HGT1 / HGT2 / DHGT  
    87.5 -87.5  -2.5                                        LAT1 / LAT2 / DLAT  
  -180.0 180.0   5.0                                        LON1 / LON2 / DLON  
    -1                                                      EXPONENT            
                                                            END OF HEADER       
[from data line 429]
     2                                                      START OF TEC MAP    
  2015     2    25     2     0     0                        EPOCH OF CURRENT MAP
    87.5-180.0 180.0   5.0 450.0                            LAT/LON1/LON2/DLON/H
  130  132  130  124  120  116  114  114  114  114  113  113  114  114  114  113
  113  111  109  106  106  101   99   93   94   87   89   82   85   79   82   77
   80   76   79   75   79   76   80   77   82   79   84   82   87   86   91   90
   96   96  101  102  106  108  112  113  117  118  122  122  125  126  128  128
  131  131  132  132  136  130  127  141  130                                   
    85.0-180.0 180.0   5.0 450.0                            LAT/LON1/LON2/DLON/H
  131  140  127  126  123  116  115  112  114  111  112  112  114  113  114  113
  112  112  108  108  104  102   95   93   87   85   80   79   74   74   70   71
   67   69   67   70   67   71   69   73   72   75   76   80   81   84   86   90
   92   96   99  103  105  109  112  114  117  120  123  125  127  129  130  132
  134  136  137  138  139  133  138  142  131                                   
    82.5-180.0 180.0   5.0 450.0                            LAT/LON1/LON2/DLON/H
  146  142  136  132  126  118  116  113  114  112  114  115  119  120  124  123
  126  123  123  120  118  113  107  102   96   90   84   80   74   71   68   66
   63   62   63   63   64   65   67   68   70   71   75   76   80   81   87   87
   94   93  101  101  108  108  116  116  123  123  131  130  138  137  145  144
  151  149  156  152  156  147  151  149  146                                   
    80.0-180.0 180.0   5.0 450.0                            LAT/LON1/LON2/DLON/H
  157  149  145  139  134  124  123  119  121  119  123  124  129  130  134  135
  139  135  136  130  128  119  114  104   99   88   83   74   69   62   59   54
   53   51   53   53   56   57   61   63   69   70   76   77   85   85   92   92
  100   99  107  107  114  115  122  124  131  132  140  141  148  150  157  159
  165  166  171  171  171  165  166  166  157                                   
    77.5-180.0 180.0   5.0 450.0                            LAT/LON1/LON2/DLON/H
  165  164  158  155  142  136  128  127  123  125  125  132  132  140  140  145
  143  145  141  140  133  127  119  112  100   92   82   76   65   63   56   57
   52   56   54   60   59   65   66   73   73   79   80   87   87   92   94   99
   99  104  105  112  113  120  122  129  130  137  140  147  151  159  164  171
  176  181  186  187  188  183  184  185  165                                   
    75.0-180.0 180.0   5.0 450.0                            LAT/LON1/LON2/DLON/H
  179  178  173  168  154  146  137  137  132  134  134  137  139  140  143  141
  144  140  142  137  135  127  121  112  103   94   85   78   70   66   62   61
   60   61   63   66   68   72   76   80   82   85   88   91   93   94   97   95
   98   97  102  101  106  108  114  119  124  130  135  143  149  158  165  174
  180  189  194  199  202  204  205  205  179                                   
    72.5-180.0 180.0   5.0 450.0                            LAT/LON1/LON2/DLON/H
  199  200  196  184  167  156  146  142  137  136  133  135  132  133  131  131
  129  129  129  128  127  122  119  111  104   95   88   80   73   69   67   67
   67   69   73   76   78   81   85   87   89   91   93   94   94   93   93   90
   91   88   91   90   94   95  102  106  114  118  127  132  142  149  161  170
  182  190  201  207  218  220  224  226  199                                   
    70.0-180.0 180.0   5.0 450.0                            LAT/LON1/LON2/DLON/H
  222  222  218  208  189  174  162  157  150  148  144  142  136  131  126  120
  119  116  117  116  117  115  111  107  100   94   87   84   78   77   76   77
   79   81   84   87   88   91   91   93   92   93   93   92   90   86   86   83
   82   81   81   81   84   87   93  101  109  117  125  132  140  148  159  168
  182  193  207  219  232  239  244  244  222                                   
    67.5-180.0 180.0   5.0 450.0                            LAT/LON1/LON2/DLON/H
  246  246  242  230  212  193  180  171  164  159  151  145  134  126  114  107
  101   98   98   99  102  103  102  101   96   93   87   85   80   81   80   82
   83   84   88   88   89   88   89   88   88   87   87   86   83   80   80   77
   76   74   75   75   79   84   92  101  112  121  130  137  145  152  161  170
  181  194  210  223  240  249  253  257  246                                   
    65.0-180.0 180.0   5.0 450.0                            LAT/LON1/LON2/DLON/H
  257  258  256  244  226  209  194  188  179  174  165  156  142  128  113  101
   93   88   87   90   94   96   96   96   92   89   86   84   82   83   84   84
   86   83   86   83   83   80   79   77   76   75   76   75   74   72   73   70
   69   69   69   73   78   85   98  111  126  136  146  152  160  163  169  173
  182  192  206  222  239  252  261  260  257                                   
    62.5-180.0 180.0   5.0 450.0                            LAT/LON1/LON2/DLON/H
  266  266  262  252  237  221  209  200  195  187  176  164  147  130  110   96
   85   80   79   83   86   91   90   90   86   85   81   81   79   79   78   78
   77   74   73   68   66   61   61   58   59   57   60   61   62   62   63   61
   60   61   64   69   77   88  103  120  136  149  160  170  176  181  183  185
  188  195  205  219  236  248  257  263  266                                   
    60.0-180.0 180.0   5.0 450.0                            LAT/LON1/LON2/DLON/H
  265  263  261  250  234  223  211  206  201  196  185  173  155  136  116  101
   91   85   83   85   88   88   88   85   83   79   77   75   75   73   73   68
   68   60   60   51   52   45   46   43   45   45   50   53   56   58   58   58
   58   62   65   72   82   96  114  132  151  165  180  189  198  200  202  201
  202  204  211  220  232  242  253  257  265                                   
    57.5-180.0 180.0   5.0 450.0                            LAT/LON1/LON2/DLON/H
  264  263  258  249  235  224  217  211  208  202  193  179  161  143  124  110
   99   94   90   91   90   89   84   82   77   75   71   71   68   67   64   59
   56   47   44   36   36   28   32   27   35   35   43   46   52   53   54   55
   55   60   66   73   87  104  124  145  165  185  200  213  222  227  228  226
  224  222  226  229  236  241  251  260  264                                   
    55.0-180.0 180.0   5.0 450.0                            LAT/LON1/LON2/DLON/H
  265  263  261  248  235  226  217  213  209  205  195  184  167  152  136  124
  116  110  106  102   98   93   86   81   76   72   69   67   65   63   60   52
   49   40   40   32   34   30   33   32   37   40   47   52   56   59   59   60
   61   67   72   82   98  117  138  159  183  201  219  231  245  250  256  252
  249  243  241  239  241  245  253  262  265                                   
    52.5-180.0 180.0   5.0 450.0                            LAT/LON1/LON2/DLON/H
  272  274  269  260  248  239  228  220  214  207  197  184  172  158  146  137
  130  123  118  110  103   95   86   81   75   72   68   67   65   63   61   55
   51   45   44   38   42   36   43   38   48   48   57   58   64   64   63   65
   66   71   78   91  107  129  149  174  194  215  230  247  262  273  280  278
  278  269  266  257  258  256  264  275  272                                   
    50.0-180.0 180.0   5.0 450.0                            LAT/LON1/LON2/DLON/H
  284  286  286  275  265  252  239  229  219  211  196  186  174  165  155  149
  143  135  126  116  106   97   88   83   78   76   72   70   69   65   64   58
   58   51   54   50   58   57   61   60   64   65   70   73   77   77   76   76
   79   83   92  105  127  147  170  190  213  229  244  260  277  290  302  305
  306  299  295  285  282  278  279  290  284                                   
    47.5-180.0 180.0   5.0 450.0                            LAT/LON1/LON2/DLON/H
  300  308  302  297  287  276  261  247  232  218  202  188  177  168  162  155
  149  139  129  117  107   97   91   87   85   83   80   78   76   73   73   68
   67   65   69   69   78   76   82   79   84   82   86   87   88   89   87   90
   91   98  107  124  144  167  184  207  223  240  253  271  289  306  320  325
  330  328  326  317  312  304  302  309  300                                   
    45.0-180.0 180.0   5.0 450.0                            LAT/LON1/LON2/DLON/H
  318  320  320  314  308  297  281  262  241  227  207  193  181  173  166  159
  151  141  128  118  108  103   99   97   94   93   87   83   80   76   76   71
   73   71   79   82   94   97  102  102  104  103  104  103  105  104  104  104
  107  112  126  142  166  186  208  222  239  251  264  280  297  316  330  338
  343  346  348  340  334  326  319  322  318                                   
    42.5-180.0 180.0   5.0 450.0                            LAT/LON1/LON2/DLON/H
  331  335  329  328  323  315  298  280  258  237  218  203  190  179  169  161
  151  139  127  118  113  111  110  110  109  104   97   90   85   80   78   75
   76   78   85   91  103  107  115  114  118  117  117  116  116  117  116  118
  122  130  143  162  187  207  224  239  250  263  271  287  305  323  336  343
  351  356  361  355  351  344  335  333  331                                   
    40.0-180.0 180.0   5.0 450.0                            LAT/LON1/LON2/DLON/H
  347  344  336  331  329  325  312  292  269  246  226  213  200  189  176  165
  154  142  132  128  125  126  127  127  122  116  102   96   87   81   77   75
   76   79   85   95  105  113  119  123  128  128  131  129  130  129  129  128
  134  141  157  175  202  221  242  251  265  271  281  295  314  329  340  347
  355  362  368  368  366  361  347  338  347                                   
    37.5-180.0 180.0   5.0 450.0                            LAT/LON1/LON2/DLON/H
  358  353  334  329  326  324  315  298  277  255  236  223  213  201  186  172
  159  150  143  141  142  145  145  143  136  125  111   99   89   82   77   73
   75   76   85   90  103  108  120  122  132  132  135  134  135  135  136  138
  143  153  166  186  212  234  253  265  276  284  291  306  324  338  348  353
  361  367  376  378  382  376  360  346  358                                   
    35.0-180.0 180.0   5.0 450.0                            LAT/LON1/LON2/DLON/H
  378  367  341  324  322  320  313  298  279  260  244  232  223  212  196  182
  170  162  159  159  162  163  161  154  143  131  114  107   96   94   88   90
   84   91   87   97  100  112  117  127  133  139  141  140  140  139  141  140
  148  153  169  185  213  234  257  269  282  289  302  313  335  349  359  365
  374  381  391  397  404  405  385  363  378                                   
    32.5-180.0 180.0   5.0 450.0                            LAT/LON1/LON2/DLON/H
  405  390  354  329  319  316  307  294  279  263  252  241  233  222  206  192
  180  177  176  178  180  179  170  160  149  132  121  112  109  106  109  106
  108  106  109  109  115  117  127  129  141  141  146  142  141  140  140  141
  141  148  159  178  202  226  247  266  280  292  302  323  344  362  375  387
  397  405  416  422  436  436  420  395  405                                   
    30.0-180.0 180.0   5.0 450.0                            LAT/LON1/LON2/DLON/H
  455  440  402  361  345  332  315  297  281  268  257  250  242  231  216  203
  193  191  192  192  191  185  173  159  149  140  135  138  137  143  141  144
  139  139  133  135  131  134  135  141  144  150  147  145  141  137  137  133
  136  142  152  171  194  220  241  263  282  300  317  338  361  387  405  423
  432  441  451  461  474  486  475  457  455                                   
    27.5-180.0 180.0   5.0 450.0                            LAT/LON1/LON2/DLON/H
  526  506  463  417  390  364  340  313  291  278  267  257  250  237  222  209
  200  199  198  198  192  183  168  155  154  151  160  167  176  183  188  194
  196  193  188  177  169  155  155  152  157  155  151  145  138  132  127  125
  124  131  142  163  185  213  236  264  285  312  330  355  380  409  436  458
  474  483  499  509  530  542  548  552  526                                   
    25.0-180.0 180.0   5.0 450.0                            LAT/LON1/LON2/DLON/H
  618  609  569  507  469  428  389  354  323  299  280  268  253  242  228  215
  206  200  197  189  182  169  161  156  166  177  192  209  220  238  238  248
  243  237  224  206  193  174  167  164  163  161  152  142  132  124  119  114
  115  125  137  158  183  214  242  272  297  320  339  370  398  434  468  497
  517  534  553  570  594  624  640  658  618                                   
    22.5-180.0 180.0   5.0 450.0                            LAT/LON1/LON2/DLON/H
  706  722  679  617  567  511  458  409  370  336  311  288  268  250  237  221
  210  200  190  179  170  160  161  168  192  215  237  270  280  305  305  309
  298  281  253  230  212  193  183  176  171  165  152  137  123  116  109  107
  108  119  138  165  194  229  261  290  316  341  367  395  423  461  499  535
  560  584  609  631  663  699  727  756  706                                   
    20.0-180.0 180.0   5.0 450.0                            LAT/LON1/LON2/DLON/H
  783  800  773  722  679  624  558  494  440  390  352  320  290  267  249  234
  221  204  191  176  169  167  178  201  232  277  304  344  359  378  376  364
  341  313  281  250  232  204  189  178  171  162  150  134  120  111  108  104
  106  118  139  174  214  256  286  317  344  373  399  430  458  502  538  574
  602  633  660  684  717  750  796  825  783                                   
    17.5-180.0 180.0   5.0 450.0                            LAT/LON1/LON2/DLON/H
  830  852  838  801  760  711  650  575  510  453  407  362  331  298  276  254
  241  218  203  186  187  193  221  267  312  356  387  416  431  436  424  403
  368  335  295  263  238  216  193  180  168  160  142  127  115  105  103   99
  104  118  148  186  237  277  314  343  379  411  440  473  504  546  571  608
  630  667  693  721  756  788  838  862  830                                   
    15.0-180.0 180.0   5.0 450.0                            LAT/LON1/LON2/DLON/H
  853  870  867  850  823  775  723  661  591  523  473  421  384  350  328  303
  282  259  241  230  232  264  305  368  411  453  468  476  471  456  428  393
  362  324  295  260  240  212  189  171  159  149  136  124  111  106  103   99
  107  123  158  208  260  301  334  361  400  431  467  498  536  569  600  628
  653  683  709  740  772  797  843  860  853                                   
    12.5-180.0 180.0   5.0 450.0                            LAT/LON1/LON2/DLON/H
  847  873  868  863  853  819  770  721  653  588  530  485  445  423  400  383
  357  330  308  303  322  368  420  473  510  527  522  502  473  441  404  373
  340  310  278  249  227  202  180  161  150  134  128  115  108   99   97   91
  103  126  170  225  274  316  349  381  418  455  487  525  552  592  612  646
  661  688  704  731  757  791  815  830  847                                   
    10.0-180.0 180.0   5.0 450.0                            LAT/LON1/LON2/DLON/H
  823  855  858  863  864  840  807  764  712  653  594  546  516  496  488  475
  455  431  410  419  443  498  543  579  588  578  542  491  439  390  354  322
  302  280  260  238  219  198  177  167  148  140  127  125  111  109  101   97
  109  131  179  230  281  316  353  378  421  451  495  522  561  589  620  650
  666  683  699  713  734  757  772  789  823                                   
     7.5-180.0 180.0   5.0 450.0                            LAT/LON1/LON2/DLON/H
  790  822  837  853  868  858  839  806  767  724  672  632  595  584  565  559
  538  525  510  528  557  606  636  644  623  578  518  446  384  337  307  288
