data/unet/pred0340.15i
     1.0            IONOSPHERE MAPS     GNSS                IONEX VERSION / TYPE
pyspatialgeodesy        IME             05-JAN-18 20:20     PGM / RUN BY / DATE 
Map Name                                                    COMMENT             
Predicted global ionosphere maps (GIM).                     DESCRIPTION         
  2015     2     3     0     0     0                        EPOCH OF FIRST MAP  
  2015     2     4     0     0     0                        EPOCH OF LAST MAP   
  7200                                                      INTERVAL            
    13                                                      # OF MAPS IN FILE   
  NONE                                                      MAPPING FUNCTION    
10.0                                                        ELEVATION CUTOFF    
One-way carrier phase leveled to code                       OBSERVABLES USED    
  6371.0                                                    BASE RADIUS         
 2                                                          MAP DIMENSION       
   450.0 450.0   0.0                                        HGT1 / HGT2 / DHGT  
    87.5 -87.5  -2.5                                        LAT1 / LAT2 / DLAT  
  -180.0 180.0   5.0                                        LON1 / LON2 / DLON  
    -1                                                      EXPONENT            
                                                            END OF HEADER       
[from data line 2574]
     7                                                      START OF TEC MAP    
  2015     2     3    12     0     0                        EPOCH OF CURRENT MAP
    87.5-180.0 180.0   5.0 450.0                            LAT/LON1/LON2/DLON/H
   86   92   89   90   88   89   87   90   88   90   88   91   89   91   87   90
   86   88   84   85   82   82   79   79   78   79   77   78   77   78   77   77
   76   76   75   74   73   73   72   71   71   71   70   71   70   71   70   71
   71   73   72   74   74   76   75   78   78   80   79   81   80   82   80   82
   81   84   82   85   84   84   93   86   86                                   
    85.0-180.0 180.0   5.0 450.0                            LAT/LON1/LON2/DLON/H
   85   81   81   79   80   80   83   83   86   86   87   87   88   86   85   83
   83   80   80   78   79   76   78   75   77   75   76   76   77   76   77   76
   76   76   76   74   74   72   72   70   70   69   69   67   68   67   68   67
   68   68   69   69   71   71   74   74   77   76   79   78   81   78   81   77
   81   77   80   77   80   77   83   87   85                                   
    82.5-180.0 180.0   5.0 450.0                            LAT/LON1/LON2/DLON/H
   78   74   65   63   62   62   63   66   67   70   71   73   73   75   72   74
   69   71   66   68   65   66   64   65   65   67   67   70   71   73   75   75
   76   75   76   74   75   71   71   67   67   62   62   58   58   56   56   55
   56   55   57   56   59   59   62   63   67   66   71   70   74   71   73   70
   72   67   68   64   66   62   60   66   78                                   
    80.0-180.0 180.0   5.0 450.0                            LAT/LON1/LON2/DLON/H
   68   60   56   50   55   53   59   58   62   63   67   67   70   68   70   67
   67   62   64   60   64   58   64   59   66   64   72   74   81   82   88   88
   92   91   94   92   93   89   88   83   82   76   75   69   68   64   64   63
   63   63   64   64   66   67   70   71   74   76   79   79   82   80   81   77
   77   72   71   64   63   56   52   59   68                                   
    77.5-180.0 180.0   5.0 450.0                            LAT/LON1/LON2/DLON/H
   61   54   46   42   44   45   49   50   55   55   61   61   65   64   66   65
   63   62   59   60   57   60   59   64   63   70   73   84   85   96   96  106
  103  111  108  112  107  108  104  100   96   91   87   83   79   77   74   74
   73   74   75   76   77   80   82   86   87   91   92   95   93   93   91   88
   85   80   76   68   64   55   52   58   61                                   
    75.0-180.0 180.0   5.0 450.0                            LAT/LON1/LON2/DLON/H
   56   49   45   37   42   41   49   47   55   54   62   62   67   65   67   64
   63   59   59   56   58   55   61   61   69   72   82   89   98  105  113  119
  125  129  132  133  132  128  125  120  116  111  108  103  101   98   97   94
   94   93   93   93   92   94   94   97   98  102  103  106  105  104  102   97
   93   88   83   74   68   59   56   61   56                                   
    72.5-180.0 180.0   5.0 450.0                            LAT/LON1/LON2/DLON/H
   60   52   46   42   42   43   47   49   53   55   61   63   67   68   69   69
   68   66   64   64   63   64   67   71   76   84   91  103  110  123  129  141
  145  153  155  157  156  152  150  142  139  133  133  128  127  124  123  120
  118  117  114  111  107  105  103  102  102  103  105  106  107  107  104  102
   96   92   87   79   73   64   62   71   60                                   
    70.0-180.0 180.0   5.0 450.0                            LAT/LON1/LON2/DLON/H
   64   56   54   46   50   48   55   52   60   56   64   64   71   70   73   74
   74   73   73   71   72   73   77   81   87   94  100  110  118  128  138  149
  156  163  170  171  174  172  171  168  165  164  162  163  161  161  156  151
  145  140  133  127  119  113  106  103   97   98   97  100  101  102  102  100
   97   94   90   83   77   70   70   80   64                                   
    67.5-180.0 180.0   5.0 450.0                            LAT/LON1/LON2/DLON/H
   69   65   61   56   57   56   59   58   61   59   64   65   71   74   78   82
   82   83   84   83   83   83   87   91   95  100  105  114  120  132  140  154
  162  172  178  184  188  189  190  189  189  189  193  192  197  192  191  180
  175  163  155  141  131  115  106   95   89   84   83   83   86   88   91   92
   91   90   87   83   81   72   76   87   69                                   
    65.0-180.0 180.0   5.0 450.0                            LAT/LON1/LON2/DLON/H
   72   68   64   62   65   65   68   65   67   61   67   66   74   73   79   82
   84   86   87   87   88   91   95   98  102  106  109  115  122  131  142  152
  164  173  183  189  197  201  204  208  208  215  216  223  225  224  218  207
  193  181  165  150  133  115   99   86   73   67   61   62   63   67   71   74
   76   78   78   79   76   72   74   90   72                                   
    62.5-180.0 180.0   5.0 450.0                            LAT/LON1/LON2/DLON/H
   68   65   63   65   67   68   70   67   68   63   64   64   71   73   79   84
   86   89   90   91   90   91   93   96   98  101  105  109  116  124  136  150
  164  176  186  196  205  211  217  222  226  232  237  240  249  244  240  225
  211  192  177  155  138  113   95   75   62   50   44   42   45   47   50   54
   57   61   64   67   68   68   69   86   68                                   
    60.0-180.0 180.0   5.0 450.0                            LAT/LON1/LON2/DLON/H
   64   56   54   59   64   66   69   65   66   59   62   62   69   68   74   76
   78   80   83   83   84   85   90   93   98   99  106  108  119  125  140  153
  171  181  195  205  218  226  231  239  242  250  253  258  265  262  253  238
  221  200  182  161  142  116   96   74   57   48   40   37   37   37   42   42
   47   48   52   56   58   60   63   76   64                                   
    57.5-180.0 180.0   5.0 450.0                            LAT/LON1/LON2/DLON/H
   54   48   45   51   54   59   61   62   61   57   56   57   60   63   66   70
   71   73   73   75   74   76   77   84   89   94  101  107  119  128  148  164
  183  198  212  224  236  241  247  252  260  265  271  274  276  270  256  241
  226  208  191  170  151  127  105   85   69   59   51   47   45   43   42   42
   44   44   48   51   54   56   53   67   54                                   
    55.0-180.0 180.0   5.0 450.0                            LAT/LON1/LON2/DLON/H
   54   44   35   39   47   50   56   54   57   51   55   51   56   54   61   60
   62   61   61   59   63   62   71   76   89   93  107  112  131  144  165  182
  202  217  234  243  253  256  260  265  273  280  284  288  289  283  267  251
  237  223  205  190  169  148  126  107   91   82   73   69   65   60   58   51
   50   49   49   53   54   59   58   58   54                                   
    52.5-180.0 180.0   5.0 450.0                            LAT/LON1/LON2/DLON/H
   55   43   31   35   39   46   48   52   50   51   49   50   49   51   52   53
   53   53   53   55   54   60   64   75   85   99  114  129  150  166  189  207
  227  243  257  263  270  269  274  277  287  292  300  301  299  290  273  257
  246  233  222  208  194  173  155  137  124  115  108  103   98   91   83   74
   69   63   64   65   68   66   65   65   55                                   
    50.0-180.0 180.0   5.0 450.0                            LAT/LON1/LON2/DLON/H
   70   51   37   36   42   45   52   49   55   49   54   50   53   49   52   48
   50   48   49   48   52   55   66   76   96  112  133  148  173  190  206  228
  248  264  272  282  286  287  288  291  299  307  315  321  318  310  291  280
  264  257  243  231  213  200  181  165  153  145  139  135  129  125  113  103
   92   83   80   82   82   86   84   75   70                                   
    47.5-180.0 180.0   5.0 450.0                            LAT/LON1/LON2/DLON/H
   86   69   51   46   46   50   53   56   55   56   54   53   51   50   50   49
   49   50   51   54   56   64   73   90  110  132  152  172  192  211  231  250
  270  280  289  298  301  301  301  303  313  320  328  331  328  317  303  287
  276  265  253  242  227  214  198  182  172  164  159  156  152  147  137  126
  115  105  102  102  105  104  104  100   86                                   
    45.0-180.0 180.0   5.0 450.0                            LAT/LON1/LON2/DLON/H
  103   87   69   61   62   60   64   61   64   62   64   60   61   56   57   53
   54   55   59   60   67   73   88  106  128  151  171  192  209  229  249  268
  280  294  298  314  314  316  311  316  323  337  343  349  343  335  317  305
  289  279  264  252  236  223  202  187  175  168  162  160  156  154  146  138
  127  120  113  114  115  121  125  121  103                                   
    42.5-180.0 180.0   5.0 450.0                            LAT/LON1/LON2/DLON/H
  119  105   90   81   77   72   73   72   71   69   71   66   67   62   63   60
   63   64   71   73   80   90  104  123  145  165  187  207  223  238  260  270
  287  298  309  321  326  326  325  327  334  343  347  350  344  334  319  304
  292  278  263  249  234  212  195  177  167  157  151  148  146  145  141  134
  127  119  117  118  124  127  136  138  119                                   
    40.0-180.0 180.0   5.0 450.0                            LAT/LON1/LON2/DLON/H
  126  119  105   98   98   88   88   81   82   78   81   77   77   71   72   69
   73   75   82   85   96  104  123  141  159  181  198  218  229  244  254  269
  280  300  311  334  336  345  340  347  348  358  357  362  352  345  327  314
  299  285  267  253  234  211  191  174  159  147  139  133  130  130  126  122
  116  112  109  110  115  123  132  139  126                                   
    37.5-180.0 180.0   5.0 450.0                            LAT/LON1/LON2/DLON/H
  128  120  112  108  104   97   95   87   86   83   87   82   84   77   80   77
   83   84   92   96  106  119  135  153  170  192  207  221  231  237  251  263
  287  310  333  358  366  376  367  369  365  368  364  364  355  345  331  315
  303  288  272  258  240  214  197  175  162  147  138  129  123  120  116  113
  106  102  100  100  107  111  118  128  128                                   
    35.0-180.0 180.0   5.0 450.0                            LAT/LON1/LON2/DLON/H
  120  116  108  110  113  107  105   95   94   91   94   91   91   84   86   84
   90   90   97  100  113  127  147  166  184  203  213  225  229  240  250  274
  297  335  364  398  406  414  401  401  390  392  380  378  364  358  342  333
  321  313  296  286  266  240  220  201  186  170  158  147  139  132  125  118
  109   99   91   85   89   95  107  107  120                                   
    32.5-180.0 180.0   5.0 450.0                            LAT/LON1/LON2/DLON/H
  109  107  102  105  108  106  103   95   92   92   94   94   94   88   91   90
   95   93   99  104  117  133  154  175  192  211  221  232  238  249  275  307
  347  391  431  463  469  469  450  436  424  417  407  402  391  383  372  366
  360  356  344  334  312  289  267  247  231  217  208  197  190  179  171  158
  145  124  105   90   85   84   91   89  109                                   
    30.0-180.0 180.0   5.0 450.0                            LAT/LON1/LON2/DLON/H
   98   83   84   91  100  101  101   93   95   93   98   97   98   92   94   91
   95   93   97  103  118  139  163  186  203  222  233  246  254  278  306  352
  400  456  495  534  531  525  502  485  467  457  446  439  426  418  407  405
  404  405  403  400  385  367  342  330  314  301  293  285  276  263  244  220
  196  178  144  118   89   74   87   73   98                                   
    27.5-180.0 180.0   5.0 450.0                            LAT/LON1/LON2/DLON/H
   88   83   78   79   88   90   92   86   86   87   92   94   98   93   95   92
   95   91   96  103  123  146  175  197  216  235  252  269  289  324  363  412
  475  528  578  602  604  585  557  538  519  506  496  487  477  470  466  467
  473  480  486  488  485  472  453  428  418  402  404  394  391  356  327  288
  255  223  196  163  139  114  100   68   88                                   
    25.0-180.0 180.0   5.0 450.0                            LAT/LON1/LON2/DLON/H
  106   99   93   92   90   85   84   77   78   80   87   91   94   93   92   88
   89   86   91  101  124  152  182  203  225  247  268  295  329  376  430  489
  559  614  658  681  669  648  611  594  578  566  554  546  533  528  523  537
  549  572  591  605  605  591  579  558  544  537  532  536  521  489  439  396
  352  313  262  219  175  155  145  104  106                                   
    22.5-180.0 180.0   5.0 450.0                            LAT/LON1/LON2/DLON/H
  143  125  112  108  107   97   89   75   77   74   82   82   90   89   95   86
   90   84   94  105  135  163  196  219  241  261  287  323  371  432  489  560
  625  675  717  728  714  688  658  644  632  627  616  604  594  590  596  621
  654  696  718  723  721  703  689  664  649  625  622  609  603  568  531  492
  458  418  375  316  262  226  203  162  143                                   
    20.0-180.0 180.0   5.0 450.0                            LAT/LON1/LON2/DLON/H
  197  172  149  135  127  121  104   87   81   78   80   78   84   82   89   84
   82   79   90  107  140  170  203  226  250  274  309  359  423  485  548  620
  676  722  753  761  743  721  697  687  682  679  672  660  650  656  671  710
  740  772  790  797  795  781  748  722  701  683  663  671  648  630  582  554
  507  486  439  395  345  305  276  242  197                                   
    17.5-180.0 180.0   5.0 450.0                            LAT/LON1/LON2/DLON/H
  257  207  175  153  141  129  121  103   91   79   82   82   85   86   94   91
   92   85   94  113  147  184  215  238  265  293  335  394  459  526  594  657
  701  745  762  768  749  737  723  726  727  735  726  722  713  727  742  770
  798  819  832  832  825  800  772  731  704  667  657  655  649  623  593  559
  533  504  476  447  409  381  350  318  257                                   
    15.0-180.0 180.0   5.0 450.0                            LAT/LON1/LON2/DLON/H
  303  248  215  190  170  147  132  121  107   90   82   76   74   77   86   87
   88   81   91  110  150  188  224  249  283  314  365  422  488  553  614  667
  711  747  762  763  756  749  748  758  769  777  775  769  765  772  797  809
  827  834  843  838  821  790  744  708  654  637  615  621  600  594  561  543
  515  497  473  448  429  411  391  366  303                                   
    12.5-180.0 180.0   5.0 450.0                            LAT/LON1/LON2/DLON/H
  339  291  252  221  194  162  141  128  121  105   95   84   73   76   89   92
   93   85   97  120  159  199  236  272  309  347  391  456  509  570  622  671
  706  745  745  749  747  751  764  784  800  811  803  798  791  802  819  823
  832  826  821  800  780  739  704  645  605  576  561  551  543  530  510  497
  468  455  432  428  428  429  406  390  339                                   
    10.0-180.0 180.0   5.0 450.0                            LAT/LON1/LON2/DLON/H
  345  321  288  259  229  193  163  149  140  130  114   98   84   82   89   93
  100   89  108  132  177  214  267  299  340  370  420  467  524  578  618  667
  697  716  720  716  730  742  764  790  812  818  816  802  801  799  812  801
  799  781  764  745  713  686  641  599  555  532  508  497  490  470  437  425
  401  397  390  392  407  414  403  381  345                                   
     7.5-180.0 180.0   5.0 450.0                            LAT/LON1/LON2/DLON/H
  346  344  307  281  251  215  187  165  154  141  133  114  103   97   99  100
  105  100  119  150  197  249  298  332  364  401  449  494  543  581  611  642
