data/unet/pred0530.15i
     1.0            IONOSPHERE MAPS     GNSS                IONEX VERSION / TYPE
pyspatialgeodesy        IME             05-JAN-18 20:20     PGM / RUN BY / DATE 
Map Name                                                    COMMENT             
Predicted global ionosphere maps (GIM).                     DESCRIPTION         
  2015     2    22     0     0     0                        EPOCH OF FIRST MAP  
  2015     2    23     0     0     0                        EPOCH OF LAST MAP   
  7200                                                      INTERVAL            
    13                                                      # OF MAPS IN FILE   
  NONE                                                      MAPPING FUNCTION    
10.0                                                        ELEVATION CUTOFF    
One-way carrier phase leveled to code                       OBSERVABLES USED    
  6371.0                                                    BASE RADIUS         
 2                                                          MAP DIMENSION       
   450.0 450.0   0.0                                        HGT1 / HGT2 / DHGT  
    87.5 -87.5  -2.5                                        LAT1 / LAT2 / DLAT  
  -180.0 180.0   5.0                                        LON1 / LON2 / DLON  
    -1                                                      EXPONENT            
                                                            END OF HEADER       
[from data line 2145]
     6                                                      START OF TEC MAP    
  2015     2    22    10     0     0                        EPOCH OF CURRENT MAP
    87.5-180.0 180.0   5.0 450.0                            LAT/LON1/LON2/DLON/H
   68   92   84   85   84   85   86   89   89   91   92   93   94   93   93   93
   93   93   93   92   93   91   92   90   91   89   89   87   88   86   86   85
   85   85   84   84   84   85   84   85   85   85   85   85   85   84   83   83
   82   81   79   79   77   78   76   76   74   74   73   73   72   72   72   72
   73   74   75   76   77   77   84   79   68                                   
    85.0-180.0 180.0   5.0 450.0                            LAT/LON1/LON2/DLON/H
   89   90   94   98   96   99  100  102  104  103  105  103  105  103  103  101
  102   99   99   98   99   99   99   99   99  100  100  101  102  104  103  106
  106  109  108  111  111  113  113  114  114  113  112  110  109  106  104  101
   99   95   92   88   85   81   79   75   74   71   70   67   69   68   69   70
   72   74   76   77   81   82   96   84   89                                   
    82.5-180.0 180.0   5.0 450.0                            LAT/LON1/LON2/DLON/H
   81   89   92   97   96   98  100  101  103  102  102  102  101   99   97   96
   93   92   90   89   88   88   87   88   87   91   90   94   95   99  100  104
  106  110  113  115  120  121  124  124  127  125  126  122  122  117  116  109
  106  100   95   90   85   79   74   68   63   60   55   54   52   53   51   54
   55   59   60   64   66   71   82   73   81                                   
    80.0-180.0 180.0   5.0 450.0                            LAT/LON1/LON2/DLON/H
   84   84   87   90   92   94   95   96   96   94   92   91   87   85   79   78
   73   72   67   66   64   63   62   63   64   67   68   73   75   81   84   92
   97  105  111  118  124  128  132  134  137  137  138  137  136  133  131  126
  122  115  110  102   96   88   82   75   68   64   58   55   52   51   49   50
   52   55   57   60   63   67   77   75   84                                   
    77.5-180.0 180.0   5.0 450.0                            LAT/LON1/LON2/DLON/H
   80   85   88   89   90   91   92   92   91   89   86   83   79   75   71   66
   62   59   54   52   50   49   48   49   51   54   57   61   66   72   77   85
   93  104  112  124  132  142  146  152  154  157  155  157  156  156  154  151
  148  141  137  128  122  112  105   96   89   82   75   71   66   64   62   62
   62   65   66   69   71   74   82   69   80                                   
    75.0-180.0 180.0   5.0 450.0                            LAT/LON1/LON2/DLON/H
   81   83   86   89   89   89   90   89   86   84   79   76   70   66   61   55
   51   45   43   39   39   38   41   42   44   46   50   53   58   65   73   82
   93  106  118  131  142  152  160  169  172  176  177  179  180  181  181  181
  177  174  168  161  153  143  135  125  117  108  101   93   87   82   78   77
   76   76   77   78   78   80   85   74   81                                   
    72.5-180.0 180.0   5.0 450.0                            LAT/LON1/LON2/DLON/H
   79   85   83   86   85   85   86   86   83   80   75   71   65   59   53   46
   42   38   36   35   36   39   41   44   46   49   53   55   59   63   73   81
   94  107  122  136  152  163  176  184  190  194  198  202  205  208  212  211
  213  209  208  199  194  181  176  162  156  142  134  121  114  103   98   91
   88   87   86   85   85   85   88   78   79                                   
    70.0-180.0 180.0   5.0 450.0                            LAT/LON1/LON2/DLON/H
   79   77   79   80   84   83   85   83   82   78   74   69   62   57   49   45
   39   37   36   38   40   45   49   53   55   58   59   61   64   67   75   84
   98  112  129  146  162  177  189  201  208  215  218  225  227  234  235  238
  237  239  235  232  224  216  207  195  185  172  160  148  136  125  114  108
  100   98   93   94   88   89   87   79   79                                   
    67.5-180.0 180.0   5.0 450.0                            LAT/LON1/LON2/DLON/H
   72   77   73   74   73   77   78   81   78   78   73   70   62   56   49   43
   40   39   39   44   48   55   59   65   66   69   69   69   71   72   81   87
  102  117  134  152  169  185  198  210  221  228  235  241  247  251  257  255
  257  252  254  246  245  233  228  215  206  191  180  165  153  137  124  111
  104   98   93   91   87   84   85   76   72                                   
    65.0-180.0 180.0   5.0 450.0                            LAT/LON1/LON2/DLON/H
   67   68   67   65   69   72   77   79   79   78   75   72   65   60   53   50
   44   47   46   53   56   65   69   76   77   79   76   77   74   77   81   93
  107  124  141  161  175  194  204  220  231  241  246  253  256  267  265  270
  264  267  260  258  249  243  231  224  211  200  184  172  156  141  123  110
   99   92   86   86   81   80   79   71   67                                   
    62.5-180.0 180.0   5.0 450.0                            LAT/LON1/LON2/DLON/H
   57   66   59   59   58   66   68   76   73   76   71   70   64   62   57   54
   51   52   55   59   65   71   77   81   82   83   80   79   78   78   85   93
  110  128  147  167  182  197  211  225  238  245  252  257  266  270  274  272
  273  266  266  256  252  238  232  221  213  201  188  172  157  139  121  103
   91   81   75   73   71   71   73   63   57                                   
    60.0-180.0 180.0   5.0 450.0                            LAT/LON1/LON2/DLON/H
   53   56   55   52   53   59   64   69   70   73   70   70   66   65   62   62
   57   59   58   64   65   73   74   80   79   80   77   77   75   79   83   97
  112  135  154  177  189  207  219  236  246  254  261  270  274  281  278  281
  274  275  265  261  247  241  228  224  212  203  187  174  154  139  117  101
   84   74   65   66   63   66   66   57   53                                   
    57.5-180.0 180.0   5.0 450.0                            LAT/LON1/LON2/DLON/H
   50   59   51   51   46   52   53   60   59   64   61   63   60   61   61   61
   59   59   59   60   61   65   68   71   71   72   70   70   70   75   83   96
  115  139  160  179  197  213  229  242  256  262  274  281  290  290  291  286
  285  276  273  259  253  239  235  224  220  209  197  181  168  147  128  105
   88   73   64   60   61   62   65   55   50                                   
    55.0-180.0 180.0   5.0 450.0                            LAT/LON1/LON2/DLON/H
   54   55   54   45   41   44   46   51   52   55   55   58   57   59   60   62
   61   60   58   58   55   58   57   62   59   63   60   65   66   77   85  105
  122  150  169  193  208  230  243  258  269  280  289  301  303  308  301  302
  291  291  279  273  260  253  244  241  234  227  212  203  183  169  143  124
   98   86   72   71   69   72   71   61   54                                   
    52.5-180.0 180.0   5.0 450.0                            LAT/LON1/LON2/DLON/H
   66   70   60   52   42   41   39   43   41   46   44   50   50   54   56   58
   60   58   57   54   51   50   50   51   51   55   56   62   67   79   92  111
  131  157  177  200  222  241  260  272  286  298  312  320  326  323  320  312
  308  299  296  284  280  266  265  255  255  242  234  219  207  189  169  146
  125  106   93   89   87   86   85   76   66                                   
    50.0-180.0 180.0   5.0 450.0                            LAT/LON1/LON2/DLON/H
   82   80   76   63   51   46   42   43   40   43   43   48   49   55   55   60
   58   58   55   54   50   48   48   49   50   55   58   68   76   92  105  128
  146  172  190  218  237  260  276  292  307  323  334  344  346  347  338  334
  324  320  313  305  297  288  285  278  274  264  252  242  228  216  192  174
  149  133  115  114  110  110  106   95   82                                   
    47.5-180.0 180.0   5.0 450.0                            LAT/LON1/LON2/DLON/H
  103  105   94   80   65   56   49   45   41   43   42   48   49   54   56   59
   60   60   59   57   55   52   51   51   52   57   64   75   86  103  119  140
  159  180  202  227  252  273  292  308  326  341  354  360  363  359  355  344
  341  331  330  319  317  303  301  287  283  271  262  249  242  230  212  191
  170  153  138  131  129  128  126  117  103                                   
    45.0-180.0 180.0   5.0 450.0                            LAT/LON1/LON2/DLON/H
  119  118  110   97   83   74   62   58   51   52   51   56   58   62   61   65
   64   67   66   67   64   63   61   61   62   68   77   91  104  123  137  158
  172  195  217  246  267  290  309  329  344  360  370  377  378  375  366  360
  353  347  343  334  329  318  311  300  290  279  266  257  245  236  218  199
  175  162  144  143  137  139  136  129  119                                   
    42.5-180.0 180.0   5.0 450.0                            LAT/LON1/LON2/DLON/H
  129  130  122  112   99   89   76   68   62   59   59   62   64   66   67   69
   72   74   78   78   78   74   73   70   71   77   87  102  116  134  149  165
  179  202  228  256  281  304  326  345  361  377  386  392  391  383  374  362
  358  351  349  339  332  318  310  294  283  269  258  246  236  226  210  193
  172  157  143  137  134  135  134  132  129                                   
    40.0-180.0 180.0   5.0 450.0                            LAT/LON1/LON2/DLON/H
  126  127  124  121  109  103   90   84   74   74   71   75   75   76   77   79
   81   86   89   90   90   85   83   79   82   87  100  116  131  150  161  178
  192  217  243  273  298  323  344  363  379  394  404  408  406  398  386  377
  370  364  360  350  341  327  313  298  282  269  250  237  225  213  197  178
  158  145  128  128  121  122  120  121  126                                   
    37.5-180.0 180.0   5.0 450.0                            LAT/LON1/LON2/DLON/H
  117  119  118  119  112  107   98   92   84   81   80   81   82   83   83   85
   90   94   99   99   98   92   88   83   85   91  103  120  137  153  167  180
  197  224  254  285  313  340  363  384  398  416  423  429  423  414  402  390
  386  379  375  363  352  334  318  299  282  265  247  231  216  203  185  167
  148  129  117  109  107  101  102  102  117                                   
    35.0-180.0 180.0   5.0 450.0                            LAT/LON1/LON2/DLON/H
  104  105  106  110  106  109  101   98   90   88   86   89   89   90   91   95
   99  103  108  107  104   96   92   86   89   95  109  129  148  164  178  192
  209  236  267  297  329  362  391  413  431  444  453  455  452  445  434  429
  422  416  407  397  381  364  341  323  301  282  260  243  229  211  194  173
  152  133  116  108  100   95   89   88  104                                   
    32.5-180.0 180.0   5.0 450.0                            LAT/LON1/LON2/DLON/H
   94   99   93  100   98  102   96   94   88   88   86   89   90   92   95   98
  105  108  111  109  103   95   88   84   86   93  110  129  151  170  186  200
  219  245  276  311  344  384  419  446  462  478  484  488  485  479  474  471
  471  464  457  442  428  407  388  368  349  327  306  285  268  247  228  205
  184  161  140  123  112   96   89   75   94                                   
    30.0-180.0 180.0   5.0 450.0                            LAT/LON1/LON2/DLON/H
   89   90   83   85   87   93   90   89   84   84   84   87   90   94   97  102
  108  111  113  108  101   92   87   83   87   94  114  136  162  180  196  210
  233  259  295  334  371  417  456  484  501  516  522  529  526  526  523  528
  529  528  523  511  498  483  466  449  430  411  390  371  352  325  298  271
  247  217  191  171  146  122  108   85   89                                   
    27.5-180.0 180.0   5.0 450.0                            LAT/LON1/LON2/DLON/H
   97  104   83   81   82   88   85   84   79   80   79   83   86   91   96  101
  108  110  110  104   96   92   86   84   90   97  119  139  166  182  206  219
  247  275  315  357  403  448  483  507  524  541  551  564  566  576  578  589
  598  602  606  597  594  584  585  578  571  555  543  526  510  478  439  393
  351  311  273  238  203  168  144  105   97                                   
    25.0-180.0 180.0   5.0 450.0                            LAT/LON1/LON2/DLON/H
  126  122  108   93   88   85   86   84   81   80   79   83   85   91   94  101
  107  107  105   99   95   91   89   89   96  104  126  149  178  203  225  250
  280  311  353  391  433  473  503  526  541  564  578  601  610  624  638  654
  666  669  669  673  674  682  688  696  694  681  670  660  646  616  582  540
  498  446  394  336  282  233  203  157  126                                   
    22.5-180.0 180.0   5.0 450.0                            LAT/LON1/LON2/DLON/H
  173  153  135  115  107  102   93   87   86   83   84   86   86   89   92   96
  100   99   97   93   92   93   93   94  103  110  134  156  192  218  253  277
  312  337  383  413  457  484  512  527  547  568  594  625  643  670  690  706
  719  729  743  751  763  772  784  786  784  776  764  753  734  703  668  640
  607  556  503  446  377  313  272  231  173                                   
    20.0-180.0 180.0   5.0 450.0                            LAT/LON1/LON2/DLON/H
  233  210  176  146  131  121  120  108  103   97   96   94   93   90   88   90
   91   89   88   85   89   92   97  101  110  119  142  173  207  243  271  305
  336  366  406  441  477  499  521  535  553  579  609  645  676  707  727  749
  763  784  792  807  816  834  839  847  843  843  833  826  809  776  741  704
  674  644  607  537  467  401  367  313  233                                   
    17.5-180.0 180.0   5.0 450.0                            LAT/LON1/LON2/DLON/H
  301  266  237  193  167  156  147  141  127  117  113  106  104   99   96   91
   92   87   85   82   88   95  103  106  116  122  146  178  218  254  293  322
  355  384  431  465  496  519  539  546  567  591  623  662  695  731  754  773
  791  806  817  829  841  854  867  870  871  866  861  851  837  801  767  726
  701  671  648  599  536  463  437  386  301                                   
    15.0-180.0 180.0   5.0 450.0                            LAT/LON1/LON2/DLON/H
  355  330  292  244  219  190  180  170  160  144  134  123  116  107  102   98
   94   88   87   83   90   96  104  109  114  120  144  183  223  267  300  333
  368  402  445  478  502  526  547  559  576  603  632  668  705  740  762  782
  793  804  811  818  829  836  845  853  849  845  837  823  802  770  731  697
  668  653  635  610  560  498  471  428  355                                   
    12.5-180.0 180.0   5.0 450.0                            LAT/LON1/LON2/DLON/H
  393  367  349  296  269  238  218  204  193  171  155  139  130  115  106  104
  100   98   96   97  102  100  107  106  111  116  142  182  228  269  309  341
  380  416  463  485  511  535  560  570  589  614  637  675  708  742  760  772
  780  780  782  785  794  799  803  804  805  797  788  776  750  717  676  645
  622  608  601  570  545  505  488  455  393                                   
    10.0-180.0 180.0   5.0 450.0                            LAT/LON1/LON2/DLON/H
  400  387  367  333  304  268  252  228  221  196  176  156  144  127  121  112
  106  100   96  104  110  112  109  105  104  109  138  190  234  282  320  352
  392  426  466  488  512  541  567  584  602  622  647  675  710  739  749  758
  756  752  747  748  749  754  752  755  752  750  743  720  698  658  612  572
  544  533  525  513  500  479  483  443  400                                   
     7.5-180.0 180.0   5.0 450.0                            LAT/LON1/LON2/DLON/H
  401  402  388  354  335  298  276  253  243  224  198  170  154  138  131  124
  118  111  107  109  113  112  106   95   95  101  138  192  245  290  331  360
