data/unet/pred3500.15i
     1.0            IONOSPHERE MAPS     GNSS                IONEX VERSION / TYPE
pyspatialgeodesy        IME             05-JAN-18 20:20     PGM / RUN BY / DATE 
Map Name                                                    COMMENT             
Predicted global ionosphere maps (GIM).                     DESCRIPTION         
  2015    12    16     0     0     0                        EPOCH OF FIRST MAP  
  2015    12    17     0     0     0                        EPOCH OF LAST MAP   
  7200                                                      INTERVAL            
    13                                                      # OF MAPS IN FILE   
  NONE                                                      MAPPING FUNCTION    
10.0                                                        ELEVATION CUTOFF    
One-way carrier phase leveled to code                       OBSERVABLES USED    
  6371.0                                                    BASE RADIUS         
 2                                                          MAP DIMENSION       
   450.0 450.0   0.0                                        HGT1 / HGT2 / DHGT  
    87.5 -87.5  -2.5                                        LAT1 / LAT2 / DLAT  
  -180.0 180.0   5.0                                        LON1 / LON2 / DLON  
    -1                                                      EXPONENT            
                                                            END OF HEADER       
[from data line 1716]
     5                                                      START OF TEC MAP    
  2015    12    16     8     0     0                        EPOCH OF CURRENT MAP
    87.5-180.0 180.0   5.0 450.0                            LAT/LON1/LON2/DLON/H
   22   39   38   39   39   39   39   38   39   38   38   36   37   35   36   34
   34   32   34   31   32   30   31   29   30   29   30   29   28   28   29   28
   28   28   28   28   28   28   29   29   29   29   30   29   30   29   30   29
   30   29   30   29   30   29   30   29   31   30   31   30   32   31   33   32
   34   34   35   36   37   36   33   38   22                                   
    85.0-180.0 180.0   5.0 450.0                            LAT/LON1/LON2/DLON/H
   30   57   46   55   49   55   49   56   49   54   48   52   46   50   43   47
   41   45   40   43   39   42   39   42   39   43   41   44   41   45   42   45
   42   45   42   44   41   44   41   43   40   42   39   42   39   42   38   42
   38   42   38   43   39   43   39   43   39   44   39   44   40   44   40   45
   40   46   41   47   43   42   38   37   30                                   
    82.5-180.0 180.0   5.0 450.0                            LAT/LON1/LON2/DLON/H
   38   61   51   53   52   53   52   54   51   53   47   49   43   45   37   39
   32   35   29   33   27   32   28   33   29   36   33   38   34   41   36   41
   35   42   35   41   34   40   34   39   32   38   31   36   30   35   29   34
   29   35   31   36   32   37   33   38   33   38   34   38   34   38   35   39
   36   39   38   40   39   37   35   36   38                                   
    80.0-180.0 180.0   5.0 450.0                            LAT/LON1/LON2/DLON/H
   38   57   50   55   52   55   53   57   53   53   48   48   41   41   33   34
   26   29   22   25   21   25   22   26   25   30   30   33   33   36   36   37
   38   38   38   37   37   36   36   35   35   35   33   34   33   35   33   36
   34   38   35   39   36   40   36   41   36   40   35   39   34   38   34   37
   34   38   35   37   36   32   30   37   38                                   
    77.5-180.0 180.0   5.0 450.0                            LAT/LON1/LON2/DLON/H
   33   57   49   48   50   50   52   51   50   47   45   41   37   32   29   24
   21   18   17   15   15   16   18   19   22   25   29   30   33   34   37   36
   37   36   37   36   35   35   34   34   33   33   34   33   35   35   37   38
   40   41   43   43   44   44   44   42   41   40   39   38   37   35   35   33
   33   31   33   30   33   28   29   25   33                                   
    75.0-180.0 180.0   5.0 450.0                            LAT/LON1/LON2/DLON/H
   34   52   43   46   47   50   50   51   48   48   43   42   35   34   26   26
   19   20   16   18   16   20   20   24   25   30   31   34   35   38   37   38
   36   38   36   36   35   35   35   35   34   36   37   39   40   44   46   51
   52   56   57   58   58   58   56   55   52   50   47   46   42   41   38   36
   33   32   32   30   30   25   26   26   34                                   
    72.5-180.0 180.0   5.0 450.0                            LAT/LON1/LON2/DLON/H
   32   52   39   40   43   43   45   45   45   43   41   37   33   30   26   22
   19   17   16   17   17   20   22   26   28   32   35   36   37   38   37   36
   35   35   33   33   33   34   34   35   36   37   40   43   47   51   56   61
   65   68   71   71   71   69   68   64   62   58   56   52   49   45   42   38
   36   31   32   27   29   24   26   20   32                                   
    70.0-180.0 180.0   5.0 450.0                            LAT/LON1/LON2/DLON/H
   31   43   34   37   40   42   44   45   45   43   42   40   37   34   30   27
   25   24   22   23   24   26   30   32   36   38   41   40   41   40   39   36
   35   34   34   34   36   36   39   39   43   44   50   53   60   66   73   79
   84   87   90   90   90   86   83   79   76   71   69   64   62   57   54   48
   44   39   36   32   31   24   26   23   31                                   
    67.5-180.0 180.0   5.0 450.0                            LAT/LON1/LON2/DLON/H
   32   47   33   33   35   36   38   39   40   39   39   39   37   36   33   32
   29   28   27   27   27   30   31   36   37   41   40   42   38   38   33   32
   28   29   28   31   33   36   38   42   46   50   56   62   70   78   86   93
   99  102  104  104  101   97   92   87   82   78   74   71   67   63   60   54
   49   43   40   34   32   26   29   21   32                                   
    65.0-180.0 180.0   5.0 450.0                            LAT/LON1/LON2/DLON/H
   31   42   33   33   35   36   39   39   41   40   42   41   42   41   40   39
   37   37   35   35   34   37   38   42   42   45   44   42   39   36   32   30
   27   28   29   33   36   39   44   47   54   59   68   76   86   96  104  111
  116  119  119  117  115  109  103   96   92   87   84   80   77   72   69   63
   57   51   46   40   36   28   31   25   31                                   
    62.5-180.0 180.0   5.0 450.0                            LAT/LON1/LON2/DLON/H
   34   49   34   32   33   33   35   35   37   37   39   39   41   42   42   42
   40   39   37   36   33   35   35   38   39   41   39   37   33   29   26   23
   22   22   25   29   35   40   47   52   60   67   78   87   99  107  117  121
  126  127  128  124  121  115  108  101   96   91   87   83   80   76   71   64
   59   51   47   41   38   31   36   27   34                                   
    60.0-180.0 180.0   5.0 450.0                            LAT/LON1/LON2/DLON/H
   33   44   36   34   36   34   37   36   38   37   39   40   42   44   45   46
   44   43   39   38   35   35   35   37   38   39   37   36   31   27   23   22
   21   24   28   34   41   46   55   62   71   81   92  103  113  121  127  133
  137  137  136  133  131  124  118  111  105   99   95   90   87   81   76   68
   61   54   50   45   42   33   37   31   33                                   
    57.5-180.0 180.0   5.0 450.0                            LAT/LON1/LON2/DLON/H
   38   52   39   36   35   34   35   35   34   34   35   36   38   40   42   43
   42   40   36   33   29   30   28   31   31   32   31   29   26   22   21   20
   22   26   32   38   47   53   63   71   82   90  103  112  122  129  134  138
  141  142  142  139  138  133  127  118  114  107  103   97   93   85   80   70
   63   54   52   46   44   38   43   34   38                                   
    55.0-180.0 180.0   5.0 450.0                            LAT/LON1/LON2/DLON/H
   40   51   40   38   38   37   38   37   37   35   35   36   38   40   42   43
   42   39   35   31   28   27   27   28   29   30   28   27   24   23   20   23
   25   32   38   45   55   63   73   83   93  105  114  125  131  138  141  146
  148  150  150  149  149  145  138  131  125  120  114  109  102   93   84   75
   65   57   54   49   49   40   46   42   40                                   
    52.5-180.0 180.0   5.0 450.0                            LAT/LON1/LON2/DLON/H
   48   61   47   42   42   41   40   40   37   36   34   34   34   37   37   39
   37   34   31   27   24   24   23   26   26   26   24   23   21   20   21   23
   29   36   45   53   63   72   81   91  103  113  123  131  137  143  146  150
  153  156  159  161  161  157  152  145  141  134  128  120  112  101   91   79
   71   61   59   54   53   48   53   45   48                                   
    50.0-180.0 180.0   5.0 450.0                            LAT/LON1/LON2/DLON/H
   54   62   48   45   45   45   45   44   43   40   38   37   36   37   39   39
   39   36   33   30   28   28   29   30   30   30   27   26   23   24   24   30
   36   45   54   66   75   85   94  106  115  126  133  142  147  153  155  160
  164  167  173  177  177  173  167  162  156  151  143  136  125  114  101   89
   78   70   66   63   64   53   58   55   54                                   
    47.5-180.0 180.0   5.0 450.0                            LAT/LON1/LON2/DLON/H
   64   73   56   52   52   52   51   51   48   46   41   41   37   39   38   40
   38   37   34   32   31   33   34   37   35   34   29   28   24   26   26   32
   39   50   61   73   83   94  104  115  125  135  142  148  153  159  163  168
  171  177  184  189  190  185  179  172  168  161  154  144  136  122  111   97
   88   79   77   72   74   67   70   61   64                                   
    45.0-180.0 180.0   5.0 450.0                            LAT/LON1/LON2/DLON/H
   70   74   57   56   55   57   57   58   57   55   52   49   46   45   45   45
   46   44   43   42   44   47   48   49   47   44   38   35   31   30   32   37
   45   57   70   86   98  111  120  131  140  147  152  159  164  170  174  178
  182  187  192  195  196  191  183  177  171  165  155  149  139  130  117  106
   97   90   86   84   84   72   77   74   70                                   
    42.5-180.0 180.0   5.0 450.0                            LAT/LON1/LON2/DLON/H
   77   82   65   62   63   63   64   65   64   64   60   59   54   54   51   53
   51   52   50   52   54   59   61   62   58   54   45   41   35   35   34   39
   49   61   77   93  109  121  133  142  151  158  163  167  172  178  183  186
  191  194  198  198  199  190  183  173  169  159  151  143  138  128  121  111
  105   97   95   90   91   82   87   77   77                                   
    40.0-180.0 180.0   5.0 450.0                            LAT/LON1/LON2/DLON/H
   78   79   65   65   64   67   66   70   70   72   71   70   67   65   62   62
   62   62   63   66   69   74   76   76   71   64   56   49   44   40   41   44
   55   68   87  108  124  139  150  160  167  173  175  180  184  189  193  197
  199  199  200  199  197  188  179  170  163  155  145  142  136  132  124  117
  111  104   99   97   97   84   86   84   78                                   
    37.5-180.0 180.0   5.0 450.0                            LAT/LON1/LON2/DLON/H
   79   82   69   67   69   67   70   71   75   78   79   79   77   75   71   72
   69   72   72   76   79   86   88   88   81   72   63   55   49   46   45   50
   59   75   95  117  136  152  165  174  181  185  187  190  196  201  206  208
  209  206  206  203  202  191  184  172  168  155  150  142  140  132  130  122
  117  107  104   97   97   84   86   81   79                                   
    35.0-180.0 180.0   5.0 450.0                            LAT/LON1/LON2/DLON/H
   76   78   63   64   64   66   66   70   74   80   84   88   87   85   81   81
   79   82   82   87   91   96   97   95   88   78   69   61   57   53   53   57
   68   86  107  133  151  169  181  192  197  200  201  205  209  216  221  224
  221  218  215  213  209  203  193  187  179  172  160  157  149  146  138  132
  124  114  103  100   95   81   80   81   76                                   
    32.5-180.0 180.0   5.0 450.0                            LAT/LON1/LON2/DLON/H
   72   79   63   64   63   62   64   67   73   79   85   90   91   90   86   85
   84   87   89   94   97  102  101   98   90   80   73   65   63   60   61   66
   76   94  117  141  164  180  197  205  212  214  217  219  227  234  241  240
  237  233  231  230  231  227  224  219  216  207  199  190  184  173  165  151
  139  122  110   99   95   80   80   77   72                                   
    30.0-180.0 180.0   5.0 450.0                            LAT/LON1/LON2/DLON/H
   67   77   59   61   58   58   56   60   65   73   81   89   92   92   90   89
   89   92   94   98  100  102  102   97   89   80   74   69   66   68   68   77
   86  108  129  158  179  200  212  224  230  232  236  241  250  257  264  262
  258  257  256  261  262  266  264  265  261  255  243  237  225  213  200  181
  163  141  119  110  100   85   83   75   67                                   
    27.5-180.0 180.0   5.0 450.0                            LAT/LON1/LON2/DLON/H
   70   79   67   64   62   60   58   58   61   68   76   85   88   90   87   87
   87   91   94   97   98  100   99   93   86   77   72   69   69   71   75   81
   95  114  139  166  194  213  232  242  249  254  259  266  275  286  291  290
  288  288  293  301  311  320  328  329  330  321  312  299  286  265  246  220
  197  165  144  127  118   98   99   85   70                                   
    25.0-180.0 180.0   5.0 450.0                            LAT/LON1/LON2/DLON/H
   79   75   72   67   64   60   58   55   55   59   67   76   82   84   83   83
   85   89   92   95   95   96   93   88   81   75   69   70   73   76   84   94
  105  131  152  185  206  233  244  262  271  277  285  292  308  314  324  319
  322  324  332  346  361  377  389  393  396  386  373  358  339  319  294  265
  236  202  174  157  142  123  120   98   79                                   
    22.5-180.0 180.0   5.0 450.0                            LAT/LON1/LON2/DLON/H
  101   90   79   70   65   62   59   56   58   60   64   71   75   78   77   78
   80   85   87   90   90   88   87   82   78   71   69   70   73   77   84   96
  112  136  163  191  221  241  262  280  292  300  311  320  336  343  352  352
  358  363  379  390  411  427  447  455  461  449  436  413  395  368  343  310
  276  242  217  194  182  157  143  123  101                                   
    20.0-180.0 180.0   5.0 450.0                            LAT/LON1/LON2/DLON/H
  124  107   93   79   71   64   62   57   58   58   62   65   71   72   73   75
   78   83   86   88   88   85   84   81   78   75   75   73   75   78   88  102
  119  149  176  210  233  259  274  298  309  322  335  346  365  373  385  384
  396  400  419  430  451  466  486  494  501  490  475  459  437  416  386  356
  320  290  261  243  225  201  169  146  124                                   
    17.5-180.0 180.0   5.0 450.0                            LAT/LON1/LON2/DLON/H
  157  136  121  103   93   81   74   67   65   63   69   69   72   72   73   74
   77   81   83   87   85   84   84   83   85   82   79   76   74   77   89  104
  127  155  185  215  243  266  292  315  329  345  359  372  389  400  413  418
  429  434  450  461  478  491  507  515  519  511  502  486  470  448  423  392
  359  327  305  283  270  242  211  185  157                                   
    15.0-180.0 180.0   5.0 450.0                            LAT/LON1/LON2/DLON/H
  183  169  149  132  117  105   93   82   78   73   77   76   77   76   76   78
   79   84   84   87   86   85   87   89   93   91   85   79   78   77   93  109
  137  167  199  229  253  281  308  329  352  366  384  398  418  427  440  443
  451  457  467  479  491  500  509  512  515  507  500  489  478  462  444  419
  389  367  336  323  304  287  247  219  183                                   
    12.5-180.0 180.0   5.0 450.0                            LAT/LON1/LON2/DLON/H
  214  200  182  161  147  134  123  112  103   93   94   92   91   86   86   82
   83   84   86   86   86   86   90   96  100   99   94   85   82   82   95  113
  140  173  201  231  258  286  318  346  364  385  400  422  436  450  456  460
  462  467  476  486  495  498  501  499  499  493  487  480  476  465  452  432
  411  390  370  353  334  312  283  252  214                                   
    10.0-180.0 180.0   5.0 450.0                            LAT/LON1/LON2/DLON/H
  230  225  206  186  173  165  155  143  131  118  114  110  106  100   98   93
   93   90   92   90   90   92   96  105  106  107  102   90   88   84   96  112
  144  175  207  237  261  293  325  349  376  393  414  432  448  459  462  463
  462  466  472  481  487  491  492  490  491  485  483  474  475  466  459  444
  427  414  394  379  360  336  304  270  230                                   
     7.5-180.0 180.0   5.0 450.0                            LAT/LON1/LON2/DLON/H
  243  235  224  204  189  181  176  172  162  149  138  128  125  118  114  108
  105   99   98   94   94   95  103  108  116  115  110  102   93   89   98  116
