data/unet/pred2200.15i
     1.0            IONOSPHERE MAPS     GNSS                IONEX VERSION / TYPE
pyspatialgeodesy        IME             05-JAN-18 20:20     PGM / RUN BY / DATE 
Map Name                                                    COMMENT             
Predicted global ionosphere maps (GIM).                     DESCRIPTION         
  2015     8     8     0     0     0                        EPOCH OF FIRST MAP  
  2015     8     9     0     0     0                        EPOCH OF LAST MAP   
  7200                                                      INTERVAL            
    13                                                      # OF MAPS IN FILE   
  NONE                                                      MAPPING FUNCTION    
10.0                                                        ELEVATION CUTOFF    
One-way carrier phase leveled to code                       OBSERVABLES USED    
  6371.0                                                    BASE RADIUS         
 2                                                          MAP DIMENSION       
   450.0 450.0   0.0                                        HGT1 / HGT2 / DHGT  
    87.5 -87.5  -2.5                                        LAT1 / LAT2 / DLAT  
  -180.0 180.0   5.0                                        LON1 / LON2 / DLON  
    -1                                                      EXPONENT            
                                                            END OF HEADER       
[from data line 1716]
     5                                                      START OF TEC MAP    
  2015     8     8     8     0     0                        EPOCH OF CURRENT MAP
    87.5-180.0 180.0   5.0 450.0                            LAT/LON1/LON2/DLON/H
  103  117  121  122  119  117  116  116  118  117  118  118  120  119  120  120
  122  121  122  122  123  122  122  121  122  120  121  119  120  118  119  118
  119  119  120  120  122  122  123  123  124  124  124  124  125  125  125  124
  126  125  125  124  126  125  125  124  125  123  124  122  123  121  122  120
  121  120  122  121  123  117  118  108  103                                   
    85.0-180.0 180.0   5.0 450.0                            LAT/LON1/LON2/DLON/H
  106  120  120  125  120  120  121  124  125  125  125  126  127  128  127  129
  130  130  129  129  130  129  128  126  126  125  124  124  123  124  123  124
  124  125  125  126  127  128  128  129  130  131  131  133  134  135  134  136
  137  138  137  138  138  138  136  137  136  135  134  134  132  132  130  130
  128  128  128  126  125  117  120  107  106                                   
    82.5-180.0 180.0   5.0 450.0                            LAT/LON1/LON2/DLON/H
  110  116  120  120  118  117  119  122  123  124  124  126  127  128  127  129
  129  130  128  129  127  127  125  125  123  122  121  121  121  121  120  121
  120  123  121  124  124  127  126  130  129  133  132  136  136  140  139  143
  142  145  144  146  145  145  144  144  142  141  139  139  136  135  133  132
  130  129  128  125  122  119  116  106  110                                   
    80.0-180.0 180.0   5.0 450.0                            LAT/LON1/LON2/DLON/H
  109  109  116  114  114  113  117  119  122  122  125  124  127  125  126  125
  127  125  125  124  124  121  121  118  119  115  116  115  116  115  116  116
  119  117  120  120  124  124  127  128  132  132  137  137  144  143  148  148
  153  151  154  153  154  153  151  150  149  146  145  142  141  138  136  132
  132  127  127  122  122  114  112  105  109                                   
    77.5-180.0 180.0   5.0 450.0                            LAT/LON1/LON2/DLON/H
  104  104  109  108  109  107  113  113  118  117  121  119  122  120  121  120
  120  117  117  116  115  112  111  108  107  106  106  106  107  107  109  109
  111  111  114  116  118  120  124  126  130  132  138  140  147  148  154  155
  159  158  162  161  162  159  160  157  157  153  153  149  149  144  144  139
  137  132  131  124  123  118  114  100  104                                   
    75.0-180.0 180.0   5.0 450.0                            LAT/LON1/LON2/DLON/H
  110  103  107  105  106  104  108  109  112  112  115  115  116  115  115  113
  113  110  109  106  105  101  100   96   96   95   96   96   98  100  102  103
  106  108  112  113  117  119  124  125  132  135  144  146  155  156  163  162
  167  166  169  167  168  166  166  164  162  160  159  156  155  151  150  145
  143  137  137  130  130  121  118  106  110                                   
    72.5-180.0 180.0   5.0 450.0                            LAT/LON1/LON2/DLON/H
  111  106  105  103  102   98  102  100  104  103  108  107  109  106  107  104
  104  100   99   96   94   91   89   86   85   84   86   87   90   93   97  100
  103  106  110  112  115  119  123  128  134  141  148  154  161  164  170  170
  173  172  173  171  170  168  168  165  165  162  163  160  160  157  157  152
  150  145  145  137  135  130  124  111  111                                   
    70.0-180.0 180.0   5.0 450.0                            LAT/LON1/LON2/DLON/H
  119  107  108  105  103   97   98   97   99   99  101  102  102  101  100   97
   97   93   93   89   88   84   82   79   78   77   80   82   87   91   97  102
  106  109  113  115  120  122  130  133  143  146  157  160  169  170  175  174
  176  173  173  170  170  166  167  164  165  162  164  162  164  161  162  158
  158  152  153  145  146  136  133  122  119                                   
    67.5-180.0 180.0   5.0 450.0                            LAT/LON1/LON2/DLON/H
  122  113  110  105  100   93   92   88   91   88   93   91   94   91   93   89
   89   85   85   82   80   77   75   72   72   71   74   78   83   90   97  104
  108  113  116  120  122  127  132  138  145  152  160  164  171  172  176  174
  174  170  168  164  162  159  159  156  157  155  158  157  160  158  160  158
  158  155  156  150  150  143  137  126  122                                   
    65.0-180.0 180.0   5.0 450.0                            LAT/LON1/LON2/DLON/H
  131  117  116  109  104   94   91   87   86   86   86   88   88   88   87   85
   84   81   81   78   77   73   71   67   67   68   71   76   82   90   98  106
  112  117  122  124  129  130  140  141  153  156  167  169  177  176  178  174
  173  167  165  160  158  154  154  150  152  150  153  153  156  156  159  157
  159  157  160  154  157  148  147  140  131                                   
    62.5-180.0 180.0   5.0 450.0                            LAT/LON1/LON2/DLON/H
  138  127  123  114  106   94   90   82   82   76   80   77   81   78   81   78
   80   75   75   71   70   66   64   62   62   63   68   73   80   89   97  107
  113  120  123  127  130  133  139  144  152  158  168  171  177  176  177  172
  169  164  161  156  153  149  148  145  146  145  148  148  152  151  154  153
  155  155  158  154  156  152  153  141  138                                   
    60.0-180.0 180.0   5.0 450.0                            LAT/LON1/LON2/DLON/H
  146  133  130  122  113   98   91   83   77   75   72   73   72   73   73   74
   72   70   68   66   63   61   59   59   59   62   65   72   79   88   97  106
  115  121  126  129  135  137  145  148  158  162  172  176  181  179  178  174
  170  166  162  158  155  152  150  146  147  144  148  148  151  149  152  151
  154  153  157  154  160  154  160  154  146                                   
    57.5-180.0 180.0   5.0 450.0                            LAT/LON1/LON2/DLON/H
  153  145  141  131  121  104   95   83   77   68   66   63   64   63   66   65
   65   61   61   57   56   53   53   54   54   59   63   70   77   87   95  107
  114  123  127  133  137  142  147  153  162  168  177  180  184  183  182  178
  175  170  167  163  161  158  156  152  152  150  152  151  153  150  152  149
  151  151  156  154  159  158  165  153  153                                   
    55.0-180.0 180.0   5.0 450.0                            LAT/LON1/LON2/DLON/H
  162  152  150  143  131  112  101   88   77   68   60   58   55   58   57   59
   57   56   52   51   47   47   47   50   53   58   63   70   76   86   95  105
  114  123  130  136  144  148  157  162  171  177  184  189  191  192  189  187
  183  181  176  174  170  169  165  163  160  159  159  158  158  155  155  152
  152  153  157  157  165  163  173  168  162                                   
    52.5-180.0 180.0   5.0 450.0                            LAT/LON1/LON2/DLON/H
  168  163  160  153  140  121  108   92   80   66   59   51   50   49   51   51
   51   48   47   43   42   41   43   47   50   57   63   70   77   86   94  106
  114  125  131  141  148  157  164  171  178  185  192  197  200  201  200  197
  196  193  191  187  184  180  176  172  170  168  167  166  164  161  158  154
  153  153  159  158  166  167  177  167  168                                   
    50.0-180.0 180.0   5.0 450.0                            LAT/LON1/LON2/DLON/H
  176  167  168  162  151  132  118  100   85   70   60   52   48   47   46   47
   44   44   39   39   37   39   41   45   51   58   64   71   78   86   95  104
  114  124  134  143  155  163  174  181  189  196  201  207  209  210  209  209
  207  205  201  198  192  187  181  178  175  175  174  174  172  168  165  161
  159  160  164  165  174  173  183  177  176                                   
    47.5-180.0 180.0   5.0 450.0                            LAT/LON1/LON2/DLON/H
  178  172  171  167  155  139  125  108   92   76   66   55   51   47   47   45
   44   42   40   39   38   40   43   48   54   61   67   74   81   88   96  105
  114  124  135  147  157  171  181  191  198  206  211  216  220  220  222  220
  220  216  214  207  200  190  184  179  178  178  179  180  178  175  171  167
  166  166  170  170  177  177  183  175  178                                   
    45.0-180.0 180.0   5.0 450.0                            LAT/LON1/LON2/DLON/H
  182  170  171  167  159  144  134  115  101   84   74   64   57   53   50   49
   46   45   41   42   41   45   47   53   58   64   70   76   84   90   99  106
  118  126  139  150  165  178  190  200  206  214  218  224  227  229  228  229
  226  224  218  210  201  191  182  179  176  179  181  183  183  181  178  175
  174  175  178  178  184  181  187  183  182                                   
    42.5-180.0 180.0   5.0 450.0                            LAT/LON1/LON2/DLON/H
  180  169  166  162  155  144  134  120  108   93   85   75   70   62   60   56
   54   51   50   50   51   54   57   60   64   68   74   79   87   93  102  109
  120  128  140  153  166  183  192  205  212  218  226  231  236  237  240  237
  238  233  228  218  209  195  187  180  181  182  186  187  188  186  185  182
  183  183  186  183  188  183  189  180  180                                   
    40.0-180.0 180.0   5.0 450.0                            LAT/LON1/LON2/DLON/H
  181  163  159  155  152  141  135  123  115  102   95   87   81   75   69   65
   62   61   58   60   59   62   64   66   69   71   77   81   90   94  105  109
  122  127  142  152  170  184  198  208  214  222  228  235  241  246  247  249
  247  244  237  230  219  207  196  191  188  192  192  196  194  195  192  194
  194  196  196  194  197  190  195  186  181                                   
    37.5-180.0 180.0   5.0 450.0                            LAT/LON1/LON2/DLON/H
  182  164  154  147  143  134  129  122  117  110  106   99   96   87   82   76
   73   71   70   71   71   73   74   73   76   76   81   85   93   98  108  114
  125  130  145  154  173  186  200  208  216  223  232  238  248  253  259  260
  263  260  258  249  244  230  223  213  214  210  213  210  211  206  207  206
  209  210  213  207  208  198  201  184  182                                   
    35.0-180.0 180.0   5.0 450.0                            LAT/LON1/LON2/DLON/H
  186  164  151  143  136  127  124  118  118  113  112  108  103   96   90   85
   82   80   80   80   80   80   81   80   81   80   84   86   95  100  111  114
  124  128  142  151  170  180  197  203  214  223  231  242  251  262  267  275
  280  285  285  281  277  265  255  248  243  241  237  234  229  226  222  224
  225  229  228  222  221  211  214  198  186                                   
    32.5-180.0 180.0   5.0 450.0                            LAT/LON1/LON2/DLON/H
  194  175  158  143  135  124  120  114  116  114  117  113  112  102   98   91
   90   87   88   88   89   88   87   86   87   86   89   92  100  105  114  119
  129  132  145  153  171  182  195  202  213  221  235  243  258  268  281  292
  302  310  318  316  319  308  303  290  286  277  274  265  261  252  249  247
  251  249  250  240  238  225  227  206  194                                   
    30.0-180.0 180.0   5.0 450.0                            LAT/LON1/LON2/DLON/H
  205  184  165  151  137  124  119  113  115  114  118  115  113  105   99   94
   91   90   89   89   90   88   89   88   90   88   92   94  102  106  115  119
  129  132  145  152  169  176  190  195  207  217  232  245  260  277  290  307
  320  334  345  353  360  355  353  341  335  324  315  306  297  287  277  276
  276  273  271  261  257  246  246  229  205                                   
    27.5-180.0 180.0   5.0 450.0                            LAT/LON1/LON2/DLON/H
  227  204  184  162  149  132  127  118  120  116  122  118  118  108  104   96
   96   91   94   91   93   90   93   92   94   94   98  100  108  112  122  124
  134  138  148  156  170  178  192  198  212  221  241  252  273  287  305  320
  338  353  373  385  402  403  406  393  387  369  362  346  340  323  318  309
  311  301  298  285  279  267  260  244  227                                   
    25.0-180.0 180.0   5.0 450.0                            LAT/LON1/LON2/DLON/H
  247  221  201  179  161  144  133  125  123  120  122  120  117  109  103   97
   93   92   90   90   89   89   92   92   97   97  102  103  109  112  121  124
  136  139  150  157  171  181  194  203  216  230  246  264  281  298  315  332
  350  370  393  414  433  443  445  440  431  416  404  388  378  359  351  341
  338  326  320  305  298  288  279  267  247                                   
    22.5-180.0 180.0   5.0 450.0                            LAT/LON1/LON2/DLON/H
  274  247  224  202  183  161  151  138  136  129  129  124  122  112  107   99
   98   95   96   92   93   91   95   96  102  102  107  107  113  114  122  127
  138  144  154  161  178  188  207  215  234  245  268  282  303  315  333  346
  365  384  410  430  452  461  465  461  454  440  433  417  412  392  386  369
  366  350  341  326  317  310  293  281  274                                   
    20.0-180.0 180.0   5.0 450.0                            LAT/LON1/LON2/DLON/H
  285  264  240  220  201  181  165  152  145  138  134  128  124  116  108  105
   98   98   92   93   89   90   94   97  102  103  106  106  107  109  116  125
  136  144  155  169  184  202  214  230  246  264  285  302  320  333  350  359
  375  395  418  439  457  466  470  470  464  454  446  435  434  419  413  397
  388  366  356  340  334  325  310  298  285                                   
    17.5-180.0 180.0   5.0 450.0                            LAT/LON1/LON2/DLON/H
  297  279  255  237  220  198  186  171  165  154  149  140  135  126  120  113
  110  103  101   96   95   93   99  100  107  105  108  104  107  107  115  122
  135  145  159  173  196  209  230  242  266  282  304  320  339  352  364  376
  389  406  424  439  447  455  457  458  454  450  449  446  450  442  438  422
  412  390  376  362  350  344  320  306  297                                   
    15.0-180.0 180.0   5.0 450.0                            LAT/LON1/LON2/DLON/H
  295  283  257  243  226  212  197  187  176  167  159  152  146  138  129  125
  116  112  102  100   94   96   98  101  104  104  102   99   96   99  105  119
  131  151  162  184  202  224  238  257  276  295  316  332  350  361  375  383
  396  411  421  429  433  438  439  443  445  445  450  453  463  458  455  441
  424  407  391  375  363  351  331  316  295                                   
    12.5-180.0 180.0   5.0 450.0                            LAT/LON1/LON2/DLON/H
  298  286  262  248  234  218  211  199  194  181  177  170  164  155  147  138
  132  122  116  105  103   99  104  102  106  103  101   94   93   93  101  112
  131  150  168  185  210  229  248  265  286  304  326  342  359  373  386  400
  409  424  425  428  424  426  424  429  433  439  448  458  469  470  468  452
  439  419  407  389  373  359  336  315  298                                   
    10.0-180.0 180.0   5.0 450.0                            LAT/LON1/LON2/DLON/H
  291  283  260  246  232  222  212  207  199  191  185  179  175  166  158  149
  139  131  119  112  104  103  100  104   99  100   89   86   80   86   93  115
  131  155  174  196  218  237  256  270  293  307  330  344  363  374  392  405
  418  429  431  432  425  424  423  431  438  446  456  463  476  478  476  463
  447  431  414  397  379  360  339  320  291                                   
     7.5-180.0 180.0   5.0 450.0                            LAT/LON1/LON2/DLON/H
  299  286  263  249  236  221  217  209  207  196  194  188  186  177  170  161
  152  142  132  120  114  106  107  103  102   94   87   79   78   80   91  111
