data/unet/pred3560.15i
     1.0            IONOSPHERE MAPS     GNSS                IONEX VERSION / TYPE
pyspatialgeodesy        IME             05-JAN-18 20:20     PGM / RUN BY / DATE 
Map Name                                                    COMMENT             
Predicted global ionosphere maps (GIM).                     DESCRIPTION         
  2015    12    22     0     0     0                        EPOCH OF FIRST MAP  
  2015    12    23     0     0     0                        EPOCH OF LAST MAP   
  7200                                                      INTERVAL            
    13                                                      # OF MAPS IN FILE   
  NONE                                                      MAPPING FUNCTION    
10.0                                                        ELEVATION CUTOFF    
One-way carrier phase leveled to code                       OBSERVABLES USED    
  6371.0                                                    BASE RADIUS         
 2                                                          MAP DIMENSION       
   450.0 450.0   0.0                                        HGT1 / HGT2 / DHGT  
    87.5 -87.5  -2.5                                        LAT1 / LAT2 / DLAT  
  -180.0 180.0   5.0                                        LON1 / LON2 / DLON  
    -1                                                      EXPONENT            
                                                            END OF HEADER       
[from data line 3432]
     9                                                      START OF TEC MAP    
  2015    12    22    16     0     0                        EPOCH OF CURRENT MAP
    87.5-180.0 180.0   5.0 450.0                            LAT/LON1/LON2/DLON/H
   57   68   66   70   68   69   67   68   66   67   65   66   64   64   63   65
   62   64   63   66   64   67   66   68   67   68   68   69   68   69   69   70
   68   70   69   70   69   70   69   71   69   71   69   71   69   70   68   69
   68   69   67   69   67   68   66   68   67   69   67   69   68   70   67   70
   68   70   67   69   69   69   71   82   57                                   
    85.0-180.0 180.0   5.0 450.0                            LAT/LON1/LON2/DLON/H
   42   49   41   45   45   46   46   47   47   48   49   50   49   50   50   51
   50   51   51   53   51   53   53   55   54   56   55   58   56   58   57   59
   57   58   58   58   57   57   56   56   55   54   54   53   52   51   50   49
   49   49   47   48   47   48   47   48   48   49   48   49   49   50   48   49
   48   49   48   47   47   48   48   46   42                                   
    82.5-180.0 180.0   5.0 450.0                            LAT/LON1/LON2/DLON/H
   39   34   33   33   34   33   35   35   35   35   37   36   39   38   41   39
   41   40   43   43   45   45   48   48   50   50   52   52   54   53   56   54
   56   53   55   53   54   51   52   49   50   46   47   43   44   41   42   38
   40   38   39   37   40   38   40   38   41   39   41   38   42   39   41   38
   41   38   39   34   36   28   43   34   39                                   
    80.0-180.0 180.0   5.0 450.0                            LAT/LON1/LON2/DLON/H
   36   32   30   31   31   31   32   32   34   33   35   34   35   33   35   34
   36   34   37   37   40   41   42   44   45   46   47   48   48   50   49   50
   50   50   49   50   48   48   46   45   43   42   40   39   38   38   36   36
   35   36   35   37   37   39   39   40   41   42   41   43   42   43   41   41
   39   40   37   35   33   32   37   29   36                                   
    77.5-180.0 180.0   5.0 450.0                            LAT/LON1/LON2/DLON/H
   37   30   28   26   27   26   29   29   30   29   31   29   30   27   31   28
   32   29   35   33   39   37   41   41   43   43   45   46   47   47   49   48
   49   48   49   47   47   44   44   41   41   38   38   35   36   34   35   33
   35   33   36   35   38   37   40   39   42   41   44   42   44   41   43   39
   40   37   37   32   32   24   29   28   37                                   
    75.0-180.0 180.0   5.0 450.0                            LAT/LON1/LON2/DLON/H
   34   30   27   28   28   29   31   30   32   32   32   32   32   31   32   31
   33   32   36   37   40   41   44   46   47   47   47   48   47   48   47   49
   47   48   47   46   43   43   40   38   36   35   35   33   34   34   35   33
   37   35   39   37   42   40   44   43   47   45   48   46   48   46   47   44
   43   41   39   35   34   31   36   30   34                                   
    72.5-180.0 180.0   5.0 450.0                            LAT/LON1/LON2/DLON/H
   35   34   32   30   30   29   31   31   33   31   33   30   32   30   33   33
   36   36   40   42   46   48   51   53   54   54   54   53   52   50   49   48
   48   46   47   43   43   38   39   34   34   31   32   30   31   31   33   33
   35   36   38   39   42   43   46   47   49   52   53   54   53   53   53   51
   48   46   44   39   37   31   33   31   35                                   
    70.0-180.0 180.0   5.0 450.0                            LAT/LON1/LON2/DLON/H
   37   37   35   33   35   35   36   35   37   36   36   36   37   36   39   40
   43   43   48   52   57   60   64   67   67   67   64   62   58   55   53   52
   50   49   46   45   42   38   36   33   31   30   29   29   30   31   32   33
   36   36   38   38   42   43   46   47   51   53   55   56   56   57   56   54
   52   50   48   44   41   37   41   35   37                                   
    67.5-180.0 180.0   5.0 450.0                            LAT/LON1/LON2/DLON/H
   41   39   39   37   36   36   37   37   38   35   38   37   39   38   42   44
   49   51   57   62   69   74   80   82   82   79   75   72   66   62   58   57
   54   53   50   48   44   39   37   32   31   28   29   28   29   29   33   32
   36   35   39   37   41   40   44   45   49   51   55   57   58   59   59   58
   56   54   51   48   45   38   40   37   41                                   
    65.0-180.0 180.0   5.0 450.0                            LAT/LON1/LON2/DLON/H
   42   38   41   37   39   38   39   36   37   36   38   38   40   41   45   48
   53   58   64   74   82   89   95   96   96   93   89   82   77   72   69   66
   63   61   57   52   47   42   38   34   31   30   30   30   30   32   32   34
   34   36   35   36   36   37   38   40   44   46   50   52   54   55   56   55
   55   53   52   47   46   41   46   41   42                                   
    62.5-180.0 180.0   5.0 450.0                            LAT/LON1/LON2/DLON/H
   43   39   39   36   34   33   34   32   35   34   38   38   41   41   46   50
   57   62   73   82   95  101  108  110  110  107  102   96   89   85   80   78
   74   71   65   60   52   46   41   37   35   31   32   30   33   31   35   32
   36   32   36   31   34   30   35   34   40   41   46   47   51   51   53   52
   52   50   50   46   45   39   42   38   43                                   
    60.0-180.0 180.0   5.0 450.0                            LAT/LON1/LON2/DLON/H
   43   37   40   35   36   32   33   30   32   32   37   38   41   41   47   51
   58   66   79   93  107  114  121  122  124  119  117  109  105   99   96   94
   91   86   80   72   64   56   48   44   41   38   38   37   37   36   37   36
   36   33   33   29   29   27   28   29   34   35   39   41   43   44   46   45
   47   45   47   43   44   40   44   39   43                                   
    57.5-180.0 180.0   5.0 450.0                            LAT/LON1/LON2/DLON/H
   45   41   40   36   33   29   29   26   29   29   34   37   41   41   49   53
   62   70   86   99  117  124  134  134  137  131  131  125  121  116  115  112
  108  103   95   86   75   67   58   54   49   45   45   42   42   37   38   34
   35   29   31   24   27   22   26   26   31   33   37   38   40   40   41   41
   43   43   44   43   42   38   40   36   45                                   
    55.0-180.0 180.0   5.0 450.0                            LAT/LON1/LON2/DLON/H
   48   40   43   36   36   30   30   24   26   27   34   37   41   43   50   54
   64   76   93  109  128  139  148  146  151  145  144  139  137  134  133  130
  127  121  111  101   89   80   71   65   59   55   53   49   47   43   41   36
   36   31   30   24   25   23   24   26   30   32   35   35   36   36   38   37
   41   41   45   43   46   44   47   39   48                                   
    52.5-180.0 180.0   5.0 450.0                            LAT/LON1/LON2/DLON/H
   52   48   46   43   40   35   32   28   28   29   35   40   45   48   56   61
   74   83  103  118  140  148  161  159  164  157  157  152  152  147  149  146
  144  137  126  115  102   93   83   78   70   65   59   54   51   44   42   36
   36   31   31   27   28   26   30   31   36   37   41   39   40   39   39   40
   41   43   46   47   48   46   49   40   52                                   
    50.0-180.0 180.0   5.0 450.0                            LAT/LON1/LON2/DLON/H
   57   50   52   46   46   39   38   30   32   32   41   44   50   52   60   66
   79   92  115  132  152  160  172  170  175  168  168  161  162  157  160  157
  156  148  138  127  115  105   98   91   84   77   69   63   57   50   47   43
   42   37   37   34   34   35   38   41   45   46   48   45   45   43   45   44
   50   50   56   54   57   56   61   49   57                                   
    47.5-180.0 180.0   5.0 450.0                            LAT/LON1/LON2/DLON/H
   62   58   56   55   53   48   45   39   40   43   49   55   61   63   71   79
   92  107  130  148  166  172  181  182  186  180  179  172  170  164  167  163
  163  155  147  138  127  118  111  105   96   89   80   72   62   55   53   51
   50   48   49   46   46   45   50   52   58   58   60   57   56   53   52   54
   55   58   60   62   60   61   64   56   62                                   
    45.0-180.0 180.0   5.0 450.0                            LAT/LON1/LON2/DLON/H
   65   58   61   58   60   54   54   46   51   51   63   66   74   74   84   89
  106  122  147  164  179  184  191  189  192  188  185  176  173  167  169  164
  165  159  152  144  137  129  123  115  107   98   89   79   70   64   59   58
   57   57   57   54   55   54   58   60   66   66   69   64   65   61   63   61
   66   66   70   67   67   67   73   66   65                                   
    42.5-180.0 180.0   5.0 450.0                            LAT/LON1/LON2/DLON/H
   65   61   60   63   62   60   59   56   62   65   76   81   89   92  101  109
  126  143  165  181  194  197  200  197  197  195  191  182  177  168  169  164
  165  159  156  152  147  141  133  126  116  106   96   87   78   72   68   66
   66   65   65   61   60   60   63   66   70   72   74   72   71   69   68   68
   69   70   69   69   65   64   69   66   65                                   
    40.0-180.0 180.0   5.0 450.0                            LAT/LON1/LON2/DLON/H
   64   55   60   59   63   61   67   62   73   75   91   97  108  110  122  128
  146  160  182  194  206  207  209  203  200  197  192  184  178  170  168  165
  166  163  161  159  157  152  147  137  126  115  103   94   85   80   75   74
   70   70   68   65   63   62   65   67   72   73   76   75   76   74   74   73
   74   73   73   69   67   66   69   67   64                                   
    37.5-180.0 180.0   5.0 450.0                            LAT/LON1/LON2/DLON/H
   55   51   52   57   59   59   63   65   78   85  103  112  127  131  144  150
  167  179  197  210  217  218  216  211  206  203  199  190  185  175  174  170
  174  173  174  175  173  170  162  150  135  124  112  103   93   88   84   81
   77   72   70   65   61   60   62   64   67   69   71   72   73   73   73   72
   72   68   66   64   60   59   61   59   55                                   
    35.0-180.0 180.0   5.0 450.0                            LAT/LON1/LON2/DLON/H
   52   44   49   47   54   54   63   64   82   92  115  126  146  153  166  173
  187  196  211  220  227  226  223  216  212  211  205  200  192  187  185  186
  191  193  195  194  195  189  183  166  151  137  125  114  105  100   94   89
   81   78   70   65   60   59   61   61   64   68   68   72   71   77   73   74
   71   69   65   62   58   58   58   55   52                                   
    32.5-180.0 180.0   5.0 450.0                            LAT/LON1/LON2/DLON/H
   45   40   40   41   45   45   54   61   82   96  125  140  165  173  190  195
  208  211  222  227  232  231  227  221  219  216  217  212  210  204  210  215
  224  228  229  229  227  220  208  190  170  153  139  130  121  113  107   99
   92   83   77   68   64   60   62   61   63   64   64   68   69   72   70   72
   70   64   60   58   55   54   55   47   45                                   
    30.0-180.0 180.0   5.0 450.0                            LAT/LON1/LON2/DLON/H
   54   44   41   36   40   39   51   59   82  101  131  152  179  192  210  217
  226  225  231  233  237  237  232  226  224  229  227  232  229  236  244  257
  269  275  278  271  268  255  241  217  197  176  162  152  143  135  124  116
  106  100   89   83   76   73   73   71   73   72   73   76   77   80   76   80
   73   72   67   65   61   59   57   49   54                                   
    27.5-180.0 180.0   5.0 450.0                            LAT/LON1/LON2/DLON/H
   70   51   44   39   40   36   49   59   82  102  135  160  193  209  231  236
  246  237  239  237  240  240  235  232  231  238  243  254  261  271  286  306
  322  329  329  325  312  298  277  254  229  207  190  180  170  160  151  140
  131  120  114  104  100   95   94   90   88   86   86   88   89   89   86   87
   82   77   76   75   73   69   69   57   70                                   
    25.0-180.0 180.0   5.0 450.0                            LAT/LON1/LON2/DLON/H
   91   70   57   48   46   40   50   62   84  109  140  169  201  222  246  252
  260  249  246  241  243  244  240  238  240  251  260  278  291  309  330  351
  369  374  373  362  350  333  313  288  264  241  226  214  201  191  178  168
  157  148  140  133  128  124  121  117  115  112  113  111  112  112  108  105
  100   95   90   91   88   84   83   71   91                                   
    22.5-180.0 180.0   5.0 450.0                            LAT/LON1/LON2/DLON/H
  110   82   73   63   62   49   63   73  100  121  152  177  213  232  259  268
  275  264  258  252  253  251  250  250  256  266  284  302  323  342  365  387
  406  413  409  397  379  363  341  320  297  276  260  247  235  221  209  196
  187  177  171  163  158  150  148  141  139  134  134  132  131  128  124  121
  120  110  108  106  106  107  102   87  110                                   
    20.0-180.0 180.0   5.0 450.0                            LAT/LON1/LON2/DLON/H
  127  105   91   81   76   65   73   86  112  134  164  192  225  244  270  280
  286  275  266  259  261  262  261  262  269  285  304  328  349  370  396  417
  440  442  439  423  405  387  366  349  327  308  291  278  265  250  236  223
  212  205  200  194  186  178  170  164  159  156  155  154  151  145  140  136
  136  130  127  119  119  120  121  102  127                                   
    17.5-180.0 180.0   5.0 450.0                            LAT/LON1/LON2/DLON/H
  148  116  109   99   97   83   97  109  139  160  190  221  248  269  292  302
  309  294  284  273  276  276  282  282  294  304  328  346  375  394  421  438
  457  459  454  439  421  404  384  370  348  333  315  301  284  273  260  249
  238  234  228  223  212  202  189  177  169  164  164  161  158  151  148  147
  149  146  141  132  128  131  128  112  148                                   
    15.0-180.0 180.0   5.0 450.0                            LAT/LON1/LON2/DLON/H
  155  129  122  119  107  107  115  135  165  185  215  238  269  285  314  320
  327  309  302  287  287  292  297  305  313  333  348  373  396  415  435  447
  463  459  451  438  426  408  392  379  363  349  328  313  295  283  269  259
  249  248  241  238  222  211  192  179  170  166  165  161  158  152  153  151
  156  153  149  138  133  133  133  118  155                                   
    12.5-180.0 180.0   5.0 450.0                            LAT/LON1/LON2/DLON/H
  160  129  133  126  128  119  137  153  187  210  234  257  284  309  333  344
  352  334  327  304  308  306  319  321  338  345  371  388  415  426  445  450
  463  459  452  443  432  416  403  391  375  359  334  318  297  286  272  265
  256  255  249  246  228  214  193  178  168  164  161  158  153  150  150  154
  153  152  145  135  131  129  126  113  160                                   
    10.0-180.0 180.0   5.0 450.0                            LAT/LON1/LON2/DLON/H
  150  122  127  131  130  137  152  178  209  233  256  280  307  329  357  364
  376  358  351  325  326  325  335  348  359  379  392  411  424  434  442  444
  453  446  444  437  431  421  409  398  380  362  335  315  293  280  266  257
  250  247  243  238  222  205  181  169  158  156  155  150  148  143  147  146
  151  142  138  124  121  119  113  104  150                                   
     7.5-180.0 180.0   5.0 450.0                            LAT/LON1/LON2/DLON/H
  126  109  116  119  127  134  158  184  218  242  270  293  317  338  363  375
  395  383  381  352  356  345  362  369  391  403  419  428  443  444  458  455
