data/unet/pred2850.15i
     1.0            IONOSPHERE MAPS     GNSS                IONEX VERSION / TYPE
pyspatialgeodesy        IME             05-JAN-18 20:20     PGM / RUN BY / DATE 
Map Name                                                    COMMENT             
Predicted global ionosphere maps (GIM).                     DESCRIPTION         
  2015    10    12     0     0     0                        EPOCH OF FIRST MAP  
  2015    10    13     0     0     0                        EPOCH OF LAST MAP   
  7200                                                      INTERVAL            
    13                                                      # OF MAPS IN FILE   
  NONE                                                      MAPPING FUNCTION    
10.0                                                        ELEVATION CUTOFF    
One-way carrier phase leveled to code                       OBSERVABLES USED    
  6371.0                                                    BASE RADIUS         
 2                                                          MAP DIMENSION       
   450.0 450.0   0.0                                        HGT1 / HGT2 / DHGT  
    87.5 -87.5  -2.5                                        LAT1 / LAT2 / DLAT  
  -180.0 180.0   5.0                                        LON1 / LON2 / DLON  
    -1                                                      EXPONENT            
                                                            END OF HEADER       
[from data line 1716]
     5                                                      START OF TEC MAP    
  2015    10    12     8     0     0                        EPOCH OF CURRENT MAP
    87.5-180.0 180.0   5.0 450.0                            LAT/LON1/LON2/DLON/H
   35   48   48   46   48   47   50   49   52   51   53   52   54   53   55   53
   55   53   55   53   54   52   54   52   53   51   53   51   52   50   51   50
   51   50   51   50   51   50   51   50   51   50   51   50   50   49   50   49
   49   48   49   47   48   46   47   45   46   43   44   42   43   41   42   39
   41   40   42   43   47   43   47   43   35                                   
    85.0-180.0 180.0   5.0 450.0                            LAT/LON1/LON2/DLON/H
   43   59   49   56   52   55   54   58   57   60   57   60   58   60   57   60
   57   59   57   59   57   60   58   61   59   62   60   63   61   64   61   64
   61   65   61   64   61   64   61   63   60   63   60   63   59   62   58   61
   57   60   55   59   54   57   52   55   51   53   48   51   47   49   45   47
   44   46   44   46   47   45   47   37   43                                   
    82.5-180.0 180.0   5.0 450.0                            LAT/LON1/LON2/DLON/H
   46   58   43   46   43   47   47   52   50   53   51   54   51   53   50   53
   49   52   48   52   47   52   48   54   50   56   52   57   54   59   56   60
   57   61   57   61   58   61   58   61   58   61   58   61   58   60   57   58
   55   57   53   54   50   51   47   48   44   44   40   41   36   37   32   34
   30   33   30   32   30   31   37   30   46                                   
    80.0-180.0 180.0   5.0 450.0                            LAT/LON1/LON2/DLON/H
   40   47   38   39   39   42   42   46   46   47   46   48   46   46   44   45
   42   43   40   42   39   42   40   43   42   46   46   49   49   52   52   54
   55   55   57   56   58   57   60   58   61   60   62   61   63   62   63   61
   63   60   61   58   58   55   54   50   50   46   44   41   39   37   33   32
   29   29   26   24   25   21   27   23   40                                   
    77.5-180.0 180.0   5.0 450.0                            LAT/LON1/LON2/DLON/H
   32   47   37   36   38   39   42   43   44   43   43   42   41   39   39   36
   35   33   33   31   31   31   32   32   34   36   39   41   43   45   48   48
   50   51   52   52   52   54   55   57   58   60   62   64   65   67   68   69
   69   68   68   66   66   63   62   59   58   54   52   48   46   42   40   35
   34   30   29   25   26   22   28   17   32                                   
    75.0-180.0 180.0   5.0 450.0                            LAT/LON1/LON2/DLON/H
   32   41   34   36   37   40   42   43   43   43   41   41   38   37   34   33
   29   29   26   25   23   24   23   24   26   28   31   33   36   39   42   43
   45   47   48   49   50   52   54   57   59   63   66   69   72   75   78   78
   79   79   79   78   77   75   74   70   69   65   63   59   57   52   49   44
   40   37   33   30   29   24   27   17   32                                   
    72.5-180.0 180.0   5.0 450.0                            LAT/LON1/LON2/DLON/H
   36   47   34   33   35   35   37   37   37   36   35   34   33   30   29   26
   24   22   20   18   17   16   16   17   19   21   25   27   31   33   37   38
   41   42   44   45   47   49   51   55   58   63   68   73   76   80   83   85
   86   86   86   85   84   82   80   77   75   72   70   66   64   60   57   52
   47   42   38   34   32   28   30   22   36                                   
    70.0-180.0 180.0   5.0 450.0                            LAT/LON1/LON2/DLON/H
   39   42   34   33   35   35   38   37   38   35   36   34   34   31   31   28
   27   24   23   20   19   18   17   18   20   21   26   27   32   33   38   38
   43   42   46   46   50   51   56   58   64   68   75   78   85   87   93   93
   96   95   97   94   94   90   89   85   84   80   79   76   75   70   69   63
   59   53   50   43   41   33   34   27   39                                   
    67.5-180.0 180.0   5.0 450.0                            LAT/LON1/LON2/DLON/H
   45   50   35   32   32   32   34   33   33   31   31   31   30   30   28   28
   26   25   23   22   19   19   17   18   19   21   24   26   29   32   35   37
   39   41   43   45   47   50   53   58   63   70   76   82   87   91   94   97
   97   99   98   97   94   93   89   87   84   82   80   78   77   75   72   68
   65   60   55   49   45   37   39   33   45                                   
    65.0-180.0 180.0   5.0 450.0                            LAT/LON1/LON2/DLON/H
   47   46   34   33   32   34   34   34   33   32   33   32   33   32   33   33
   33   31   31   28   27   25   23   23   24   25   28   29   32   33   37   37
   41   42   46   47   50   53   57   61   67   73   81   85   91   93   98   98
  101  101  103  101   99   96   93   89   86   84   82   81   80   79   77   74
   70   67   63   57   53   43   44   38   47                                   
    62.5-180.0 180.0   5.0 450.0                            LAT/LON1/LON2/DLON/H
   52   55   36   33   32   31   31   30   30   29   29   30   30   31   32   33
   33   33   31   31   27   27   23   25   24   26   26   28   29   31   33   35
   37   40   43   46   48   52   56   61   67   74   79   85   88   92   94   97
   98  101  101  101   99   96   92   88   85   82   80   79   79   78   76   74
   70   67   63   59   56   47   47   42   52                                   
    60.0-180.0 180.0   5.0 450.0                            LAT/LON1/LON2/DLON/H
   53   51   36   34   33   32   32   32   31   30   30   31   32   33   35   36
   37   36   35   33   30   29   26   27   26   28   28   29   30   31   33   35
   39   41   46   48   52   54   60   64   70   76   82   86   91   92   96   97
  102  104  108  108  108  104  100   94   91   86   84   82   83   81   80   77
   74   71   68   63   62   52   51   47   53                                   
    57.5-180.0 180.0   5.0 450.0                            LAT/LON1/LON2/DLON/H
   59   61   42   37   35   33   33   31   31   29   28   29   29   31   31   34
   33   34   31   30   27   26   24   25   24   26   25   27   26   27   29   32
   36   40   45   49   53   56   62   65   72   77   83   87   89   93   95  100
  103  110  113  116  116  114  109  103   99   93   90   87   86   84   81   78
   74   71   68   65   64   57   54   49   59                                   
    55.0-180.0 180.0   5.0 450.0                            LAT/LON1/LON2/DLON/H
   64   61   46   41   40   37   37   34   33   30   29   29   30   30   32   33
   34   32   30   28   25   25   23   26   24   27   25   26   26   27   30   33
   38   43   49   52   58   60   67   72   77   83   88   90   95   97  102  107
  115  120  127  130  133  129  125  117  112  105  101   97   95   92   89   86
   81   77   75   71   73   63   63   59   64                                   
    52.5-180.0 180.0   5.0 450.0                            LAT/LON1/LON2/DLON/H
   72   73   55   48   45   41   40   36   35   31   30   28   28   28   28   30
   29   28   24   23   21   22   21   23   23   25   23   24   22   24   26   31
   37   44   50   55   60   64   69   75   82   88   92   96   99  104  108  117
  123  133  138  144  145  144  138  131  124  118  112  107  105  101   96   92
   86   82   78   77   77   72   71   66   72                                   
    50.0-180.0 180.0   5.0 450.0                            LAT/LON1/LON2/DLON/H
   80   74   62   55   54   46   47   41   40   34   32   30   29   29   30   31
   30   27   25   23   21   22   22   25   26   27   26   26   25   26   29   34
   42   49   57   62   67   72   77   86   92   98  103  106  111  115  123  130
  140  148  155  161  164  161  156  146  140  131  126  121  119  114  110  104
   98   93   90   89   91   82   81   77   80                                   
    47.5-180.0 180.0   5.0 450.0                            LAT/LON1/LON2/DLON/H
   88   84   71   63   59   53   50   44   41   35   34   29   30   29   30   30
   29   27   24   23   22   24   25   27   27   28   26   26   24   26   28   35
   42   52   59   66   71   78   85   93  101  108  113  118  122  129  134  144
  151  161  165  173  172  171  163  155  146  139  134  130  127  123  118  112
  106  101   97   96   96   91   89   86   88                                   
    45.0-180.0 180.0   5.0 450.0                            LAT/LON1/LON2/DLON/H
   93   83   75   70   67   59   59   50   49   41   39   34   34   33   34   34
   34   31   29   27   28   29   30   32   32   32   31   30   29   30   34   41
   49   58   67   75   82   90   96  107  114  121  126  131  137  142  151  158
  167  172  178  180  179  174  166  157  149  143  139  136  135  132  128  122
  116  111  107  106  106   97   95   92   93                                   
    42.5-180.0 180.0   5.0 450.0                            LAT/LON1/LON2/DLON/H
   93   88   80   73   69   64   60   55   51   45   41   37   37   35   38   37
   38   35   34   33   34   36   36   36   35   34   32   31   30   32   36   43
   53   63   73   81   90   97  107  116  125  132  137  142  147  155  162  170
  175  180  181  180  175  170  161  152  145  141  140  138  139  136  132  126
  120  113  110  106  105   98   97   95   93                                   
    40.0-180.0 180.0   5.0 450.0                            LAT/LON1/LON2/DLON/H
   90   81   75   71   69   65   63   58   56   49   47   43   45   44   47   47
   48   45   45   43   45   45   45   43   40   38   36   35   36   38   43   51
   60   72   82   94  102  112  120  132  138  146  149  154  161  167  176  181
  186  186  186  181  177  168  159  150  146  142  142  143  144  142  139  132
  127  120  115  111  109   97   94   92   90                                   
    37.5-180.0 180.0   5.0 450.0                            LAT/LON1/LON2/DLON/H
   82   82   71   66   62   61   60   57   56   53   51   49   51   51   55   55
   57   53   54   53   54   54   51   48   43   39   36   36   37   40   46   54
   65   77   90  100  112  122  132  141  150  156  160  164  170  178  186  191
  195  195  192  188  183  175  167  159  155  151  152  151  153  149  144  136
  130  122  116  109  105   95   92   87   82                                   
    35.0-180.0 180.0   5.0 450.0                            LAT/LON1/LON2/DLON/H
   76   72   62   59   55   56   56   57   57   56   55   55   58   60   64   66
   66   66   66   65   65   63   59   53   47   42   39   39   40   45   51   60
   71   86   99  113  125  136  145  157  162  170  172  177  183  191  199  204
  209  208  209  207  205  198  190  183  179  174  172  170  168  162  157  148
  140  132  124  117  111   96   90   86   76                                   
    32.5-180.0 180.0   5.0 450.0                            LAT/LON1/LON2/DLON/H
   72   77   61   52   50   51   53   55   56   57   58   60   63   67   71   74
   75   73   75   74   74   71   65   58   49   44   40   40   41   47   53   64
   75   91  105  119  134  145  158  167  175  181  184  189  195  204  214  221
  227  231  235  239  241  238  234  226  220  212  209  202  198  186  177  163
  154  141  133  121  115  100   94   85   72                                   
    30.0-180.0 180.0   5.0 450.0                            LAT/LON1/LON2/DLON/H
   75   74   59   54   49   50   51   53   54   56   59   62   68   72   78   80
   81   81   83   82   83   78   71   62   53   47   43   43   44   51   58   69
   82  100  115  132  146  161  171  183  191  198  202  208  215  224  235  243
  254  264  278  290  299  301  295  287  274  264  252  243  230  219  204  192
  178  165  151  141  131  112  102   94   75                                   
    27.5-180.0 180.0   5.0 450.0                            LAT/LON1/LON2/DLON/H
   89   94   73   62   58   54   54   55   56   59   60   66   70   77   80   84
   85   85   88   87   88   82   75   65   56   51   45   46   45   53   60   73
   87  106  121  139  157  171  185  196  206  213  220  226  235  247  259  270
  283  298  319  337  354  361  361  350  339  323  308  292  276  257  240  222
  207  188  173  159  150  130  122  106   89                                   
    25.0-180.0 180.0   5.0 450.0                            LAT/LON1/LON2/DLON/H
  109  107   88   79   71   64   60   58   57   58   62   66   72   77   83   85
   87   88   90   89   91   84   77   69   60   55   50   49   49   54   63   77
   94  113  128  148  166  183  195  207  217  226  234  245  257  268  284  298
  317  339  367  395  417  429  430  420  405  385  364  345  325  304  279  257
  239  222  204  188  175  156  146  127  109                                   
    22.5-180.0 180.0   5.0 450.0                            LAT/LON1/LON2/DLON/H
  138  139  121  109   98   85   78   73   67   66   66   71   73   79   80   84
   83   84   85   88   86   83   77   71   64   60   53   52   49   54   66   80
  101  117  135  152  174  188  205  217  229  239  251  265  279  296  314  331
  353  378  410  441  463  477  477  468  454  433  414  389  367  344  317  292
  269  248  230  216  203  180  174  151  138                                   
    20.0-180.0 180.0   5.0 450.0                            LAT/LON1/LON2/DLON/H
  167  171  151  141  126  113   99   90   81   74   72   72   76   77   78   78
   80   78   81   82   86   82   82   78   74   69   61   54   53   56   71   86
  107  124  142  160  181  198  215  229  241  254  269  284  303  322  343  361
  387  413  446  473  492  503  502  496  483  466  448  427  407  381  357  329
  306  283  263  247  234  214  200  179  167                                   
    17.5-180.0 180.0   5.0 450.0                            LAT/LON1/LON2/DLON/H
  196  203  192  181  166  148  135  120  104   94   85   85   81   81   76   76
   72   73   70   74   77   80   81   82   80   76   67   59   55   60   76   89
  110  129  148  165  186  203  220  234  253  265  285  303  327  347  368  387
  411  438  465  487  499  505  500  496  486  472  459  443  426  407  383  358
  332  310  291  276  264  241  228  208  196                                   
    15.0-180.0 180.0   5.0 450.0                            LAT/LON1/LON2/DLON/H
  218  234  217  210  195  181  166  152  132  118  105   99   93   86   81   76
   73   69   71   72   77   81   87   88   89   82   73   62   61   63   78   89
  111  129  150  167  189  210  226  242  262  278  300  323  351  371  392  406
  428  448  469  483  490  492  488  488  483  474  462  452  440  424  406  385
  359  340  316  304  288  271  250  236  218                                   
    12.5-180.0 180.0   5.0 450.0                            LAT/LON1/LON2/DLON/H
  249  254  243  235  225  212  198  184  165  148  133  122  108   98   85   81
   71   69   66   71   77   85   90   94   94   88   79   70   66   68   78   89
  110  131  152  170  192  210  227  243  264  283  311  334  362  381  400  415
  431  447  460  469  469  471  466  465  464  459  454  446  438  428  413  396
  375  356  334  319  303  285  274  263  249                                   
    10.0-180.0 180.0   5.0 450.0                            LAT/LON1/LON2/DLON/H
  255  263  246  244  235  227  211  199  183  169  156  143  128  111   95   87
   80   75   72   77   83   91   99  101  102   94   87   76   72   71   79   90
  110  129  150  171  189  209  226  247  268  289  317  343  371  389  406  416
  427  438  446  451  451  453  448  453  452  451  446  444  439  429  419  406
  385  374  349  342  320  302  287  277  255                                   
     7.5-180.0 180.0   5.0 450.0                            LAT/LON1/LON2/DLON/H
  267  263  253  247  244  238  227  211  200  190  180  167  152  132  109   93
   81   74   71   75   82   95  106  110  108  101   92   82   74   73   80   90
