data/unet/pred1850.15i
     1.0            IONOSPHERE MAPS     GNSS                IONEX VERSION / TYPE
pyspatialgeodesy        IME             05-JAN-18 20:20     PGM / RUN BY / DATE 
Map Name                                                    COMMENT             
Predicted global ionosphere maps (GIM).                     DESCRIPTION         
  2015     7     4     0     0     0                        EPOCH OF FIRST MAP  
  2015     7     5     0     0     0                        EPOCH OF LAST MAP   
  7200                                                      INTERVAL            
    13                                                      # OF MAPS IN FILE   
  NONE                                                      MAPPING FUNCTION    
10.0                                                        ELEVATION CUTOFF    
One-way carrier phase leveled to code                       OBSERVABLES USED    
  6371.0                                                    BASE RADIUS         
 2                                                          MAP DIMENSION       
   450.0 450.0   0.0                                        HGT1 / HGT2 / DHGT  
    87.5 -87.5  -2.5                                        LAT1 / LAT2 / DLAT  
  -180.0 180.0   5.0                                        LON1 / LON2 / DLON  
    -1                                                      EXPONENT            
                                                            END OF HEADER       
[from data line 3432]
     9                                                      START OF TEC MAP    
  2015     7     4    16     0     0                        EPOCH OF CURRENT MAP
    87.5-180.0 180.0   5.0 450.0                            LAT/LON1/LON2/DLON/H
  184  194  191  194  197  197  199  199  200  201  202  202  202  202  203  203
  203  203  203  204  203  203  203  203  202  201  201  201  200  199  198  198
  197  196  196  195  195  194  194  193  193  192  192  192  191  191  190  190
  190  190  190  190  190  190  190  190  190  190  189  189  189  188  188  188
  189  189  189  188  186  186  196  196  184                                   
    85.0-180.0 180.0   5.0 450.0                            LAT/LON1/LON2/DLON/H
  178  188  193  196  199  197  203  200  205  202  207  205  208  206  208  207
  208  207  209  207  208  206  208  205  206  203  205  201  203  198  200  196
  198  194  196  192  195  191  193  190  192  190  192  190  192  190  192  190
  192  190  192  191  193  191  193  191  193  191  192  190  191  190  190  189
  191  190  192  189  189  184  192  178  178                                   
    82.5-180.0 180.0   5.0 450.0                            LAT/LON1/LON2/DLON/H
  186  187  189  190  194  196  199  201  203  205  206  207  208  209  209  209
  209  209  209  209  208  208  206  205  203  202  200  198  196  194  191  189
  187  186  184  183  182  182  181  181  181  181  181  182  182  183  182  183
  182  183  183  184  183  184  183  184  183  184  181  182  180  181  179  179
  179  180  180  182  181  178  189  176  186                                   
    80.0-180.0 180.0   5.0 450.0                            LAT/LON1/LON2/DLON/H
  178  177  182  186  188  191  195  197  199  202  204  205  207  208  208  209
  208  209  208  208  208  206  206  204  202  200  198  196  193  190  187  183
  182  178  178  176  175  175  175  175  176  177  178  179  180  180  181  181
  181  182  182  182  182  183  182  183  181  181  179  180  177  178  174  176
  174  176  174  177  173  175  176  171  178                                   
    77.5-180.0 180.0   5.0 450.0                            LAT/LON1/LON2/DLON/H
  174  172  174  180  181  187  190  194  195  198  200  203  203  205  205  207
  206  208  207  208  206  207  205  205  203  202  199  197  193  191  186  185
  180  179  176  176  173  175  173  176  175  178  178  181  180  183  181  184
  182  184  182  184  182  183  181  182  179  179  176  176  173  172  168  169
  167  168  165  167  161  163  167  167  174                                   
    75.0-180.0 180.0   5.0 450.0                            LAT/LON1/LON2/DLON/H
  172  168  173  176  180  183  188  189  193  194  198  198  200  201  202  202
  202  202  204  203  204  204  204  203  203  201  200  197  195  190  188  183
  182  177  177  172  173  171  174  173  176  175  179  177  181  179  182  180
  182  180  183  180  182  180  181  178  179  175  175  172  172  168  167  166
  165  164  164  164  161  165  167  169  172                                   
    72.5-180.0 180.0   5.0 450.0                            LAT/LON1/LON2/DLON/H
  177  173  176  180  182  187  190  193  194  197  198  200  199  201  200  201
  199  202  200  203  202  205  204  206  204  205  203  202  198  196  191  189
  185  184  179  179  177  179  178  180  180  182  182  183  183  184  183  183
  182  184  183  183  182  183  181  181  178  178  175  175  172  172  168  169
  166  167  164  166  160  164  170  176  177                                   
    70.0-180.0 180.0   5.0 450.0                            LAT/LON1/LON2/DLON/H
  182  178  182  185  187  190  194  195  197  198  200  200  199  199  199  198
  197  197  197  198  199  200  203  202  204  203  204  201  199  196  193  189
  187  183  182  179  179  178  180  179  181  180  183  180  182  179  181  179
  181  178  181  179  180  178  179  178  178  176  175  174  175  173  173  171
  171  170  170  169  168  172  176  182  182                                   
    67.5-180.0 180.0   5.0 450.0                            LAT/LON1/LON2/DLON/H
  191  188  190  194  195  198  201  202  202  204  203  204  202  202  200  199
  197  197  195  196  195  198  199  201  202  202  201  200  198  196  194  191
  188  187  184  184  181  183  182  183  183  184  183  183  181  181  179  179
  178  180  179  181  180  182  179  182  179  180  177  180  178  179  177  179
  176  177  174  176  171  176  182  189  191                                   
    65.0-180.0 180.0   5.0 450.0                            LAT/LON1/LON2/DLON/H
  198  195  201  203  205  207  208  207  208  209  209  208  207  206  203  201
  199  197  195  194  193  194  195  195  197  197  197  196  195  194  193  190
  190  188  187  184  184  182  184  182  185  183  185  181  181  177  177  174
  175  174  177  177  178  177  177  177  177  177  176  179  179  180  179  180
  179  179  178  177  177  182  186  192  198                                   
    62.5-180.0 180.0   5.0 450.0                            LAT/LON1/LON2/DLON/H
  201  201  205  209  211  212  213  213  212  213  212  213  211  210  208  206
  203  200  196  194  191  191  190  191  192  192  193  192  193  192  193  192
  191  191  189  188  186  186  185  186  186  187  186  185  182  180  177  177
  176  179  178  182  180  183  180  183  180  183  180  185  182  185  182  184
  181  183  179  180  176  181  188  194  201                                   
    60.0-180.0 180.0   5.0 450.0                            LAT/LON1/LON2/DLON/H
  195  198  207  210  214  214  214  213  213  213  214  214  215  216  214  213
  209  205  200  196  193  190  190  189  191  191  192  191  193  192  194  194
  196  194  194  192  191  188  190  188  191  189  191  187  186  180  179  176
  178  177  181  182  182  182  180  181  180  181  178  183  181  184  180  181
  178  177  173  172  171  176  182  188  195                                   
    57.5-180.0 180.0   5.0 450.0                            LAT/LON1/LON2/DLON/H
  184  192  200  206  209  211  213  212  212  211  211  211  214  215  218  217
  216  211  204  199  193  190  188  188  189  191  191  192  194  196  198  200
  201  200  199  197  195  193  193  194  196  197  197  195  192  188  185  184
  183  185  185  189  186  189  185  187  183  185  181  185  181  184  178  178
  172  170  164  162  158  163  173  179  184                                   
    55.0-180.0 180.0   5.0 450.0                            LAT/LON1/LON2/DLON/H
  168  179  191  197  204  207  209  209  210  209  211  210  214  217  222  222
  223  217  211  203  198  194  192  192  193  194  195  196  199  200  204  206
  208  208  207  204  202  200  200  200  203  204  205  203  201  196  193  189
  190  189  191  191  190  190  187  187  184  184  179  181  177  179  172  171
  162  159  150  146  144  151  158  164  168                                   
    52.5-180.0 180.0   5.0 450.0                            LAT/LON1/LON2/DLON/H
  154  167  178  189  197  204  207  208  209  208  210  210  214  217  224  227
  228  224  217  209  202  198  196  197  197  200  201  204  206  210  213  216
  217  217  216  212  210  208  209  209  212  214  216  215  212  208  204  201
  199  199  198  200  197  198  194  194  189  188  182  183  177  177  168  164
  154  148  139  134  130  132  144  150  154                                   
    50.0-180.0 180.0   5.0 450.0                            LAT/LON1/LON2/DLON/H
  140  152  167  179  191  199  206  209  212  213  216  216  222  225  233  237
  240  233  227  216  211  206  206  207  208  210  212  214  218  220  223  225
  227  226  225  222  221  219  219  220  223  225  228  227  225  220  216  211
  210  205  205  203  202  201  198  197  193  190  182  183  174  175  164  162
  148  142  130  126  121  125  133  137  140                                   
    47.5-180.0 180.0   5.0 450.0                            LAT/LON1/LON2/DLON/H
  133  144  155  170  185  197  207  213  216  219  223  223  228  231  240  245
  248  244  235  226  217  214  212  215  216  220  222  226  229  231  233  234
  236  235  236  233  233  231  233  233  236  237  240  239  237  232  228  222
  219  215  213  212  209  209  206  207  201  198  189  187  179  177  165  160
  146  138  127  122  116  114  125  131  133                                   
    45.0-180.0 180.0   5.0 450.0                            LAT/LON1/LON2/DLON/H
  129  136  149  162  181  195  210  218  226  233  239  241  246  250  254  258
  260  254  248  235  229  224  225  225  230  232  236  239  242  243  243  244
  245  246  247  247  248  248  250  250  252  253  254  253  252  247  242  236
  230  224  221  217  215  214  213  213  208  203  194  191  179  180  166  164
  148  144  131  127  118  116  123  124  129                                   
    42.5-180.0 180.0   5.0 450.0                            LAT/LON1/LON2/DLON/H
  131  134  140  158  176  193  209  222  234  244  252  254  260  262  267  273
  273  269  259  250  239  236  233  236  240  244  248  250  254  255  256  256
  258  259  263  264  268  268  272  269  272  270  272  269  268  262  257  250
  243  237  231  228  224  225  223  224  219  216  206  201  192  190  180  174
  161  152  140  131  123  117  125  129  131                                   
    40.0-180.0 180.0   5.0 450.0                            LAT/LON1/LON2/DLON/H
  131  130  137  150  169  189  209  226  245  260  273  281  284  287  287  288
  286  279  272  261  255  248  248  248  255  257  262  265  268  270  270  273
  275  279  284  289  296  297  298  296  295  292  291  288  287  279  273  263
  255  247  241  236  233  231  231  230  226  221  211  207  194  198  184  186
  170  166  151  146  134  127  130  129  131                                   
    37.5-180.0 180.0   5.0 450.0                            LAT/LON1/LON2/DLON/H
  134  129  128  145  161  183  203  226  248  268  283  293  298  301  300  301
  297  292  284  275  266  262  259  260  263  267  273  277  283  286  291  295
  300  307  315  321  330  328  331  322  323  315  316  311  309  299  293  281
  271  261  252  248  243  242  239  240  235  230  221  216  208  206  201  198
  186  177  162  152  139  131  136  140  134                                   
    35.0-180.0 180.0   5.0 450.0                            LAT/LON1/LON2/DLON/H
  133  125  124  134  150  172  196  220  249  275  296  311  317  321  318  315
  308  300  293  285  279  274  272  271  276  280  287  294  301  310  316  325
  333  343  353  362  367  366  363  357  352  346  343  336  332  321  310  297
  285  273  263  255  251  245  245  241  237  231  222  220  208  213  202  207
  192  187  173  163  151  141  140  141  133                                   
    32.5-180.0 180.0   5.0 450.0                            LAT/LON1/LON2/DLON/H
  133  123  114  128  139  163  184  214  244  275  299  318  326  331  326  324
  317  309  302  297  291  288  284  286  288  295  304  313  325  337  347  362
  373  386  397  405  408  404  400  390  385  376  371  361  356  341  329  312
  300  286  276  267  258  253  247  245  237  234  224  221  215  215  211  211
  201  191  177  165  153  145  147  153  133                                   
    30.0-180.0 180.0   5.0 450.0                            LAT/LON1/LON2/DLON/H
  131  118  110  116  129  150  175  203  237  270  300  323  337  343  339  337
  329  321  312  307  301  299  297  300  305  314  325  338  350  365  378  398
  412  430  440  447  446  441  434  424  415  404  396  386  374  357  339  321
  307  292  282  270  261  251  245  237  231  224  216  216  209  215  207  212
  201  194  181  170  161  149  149  150  131                                   
    27.5-180.0 180.0   5.0 450.0                            LAT/LON1/LON2/DLON/H
  131  114  106  114  120  145  165  196  225  260  293  321  341  351  349  347
  336  328  319  315  310  309  309  312  319  330  345  360  377  396  412  434
  451  468  476  475  472  462  455  442  434  421  413  401  387  366  347  326
  311  295  283  270  258  247  235  228  218  213  205  204  201  204  201  203
  193  187  174  168  156  152  152  158  131                                   
    25.0-180.0 180.0   5.0 450.0                            LAT/LON1/LON2/DLON/H
  133  116  109  109  118  138  160  187  217  250  285  316  339  354  357  354
  343  336  326  321  316  317  316  323  330  348  361  384  399  424  442  465
  484  497  501  495  485  476  466  457  446  437  425  412  393  371  346  325
  306  291  278  262  248  234  222  213  201  195  188  187  183  190  186  191
  184  178  171  161  157  149  150  152  133                                   
    22.5-180.0 180.0   5.0 450.0                            LAT/LON1/LON2/DLON/H
  136  120  114  116  120  140  157  184  207  239  269  303  327  351  359  363
  354  350  338  334  327  326  326  333  343  361  379  401  420  446  462  484
  500  509  507  496  485  470  463  451  444  432  422  405  387  363  340  318
  299  282  266  250  233  218  204  195  183  179  173  173  169  171  169  172
  168  166  157  156  148  149  151  156  136                                   
    20.0-180.0 180.0   5.0 450.0                            LAT/LON1/LON2/DLON/H
  138  125  121  122  129  143  160  186  206  236  261  292  318  343  360  367
  366  359  350  346  338  338  337  348  356  377  392  417  435  458  472  489
  502  506  499  486  473  460  452  446  438  430  416  401  378  356  331  311
  291  273  256  237  219  203  188  177  166  161  155  154  148  151  150  156
  153  152  148  143  142  139  144  149  138                                   
    17.5-180.0 180.0   5.0 450.0                            LAT/LON1/LON2/DLON/H
  138  127  124  127  133  149  163  186  204  226  249  276  302  329  349  366
  369  368  359  356  346  346  345  355  364  384  402  425  445  462  471  482
  491  486  480  461  451  435  431  424  421  408  397  379  359  336  315  295
  277  259  241  224  204  190  174  166  157  153  148  145  138  138  137  142
  141  141  132  134  127  131  137  147  138                                   
    15.0-180.0 180.0   5.0 450.0                            LAT/LON1/LON2/DLON/H
  135  125  123  127  138  151  166  186  202  226  245  272  293  321  343  361
  371  369  367  361  357  356  357  368  375  395  411  433  448  460  465  472
  471  467  454  441  428  421  414  413  409  400  385  369  348  331  307  290
  270  254  235  215  196  181  166  158  150  146  138  132  123  124  120  128
  125  126  118  117  113  116  125  135  135                                   
    12.5-180.0 180.0   5.0 450.0                            LAT/LON1/LON2/DLON/H
  129  119  119  124  132  148  162  181  196  215  236  258  280  304  326  349
  362  368  366  363  360  361  363  374  382  402  418  436  449  456  458  459
  458  447  441  424  417  405  405  401  399  387  372  355  336  316  295  277
  259  244  224  206  186  174  161  158  151  148  137  130  120  119  115  120
  116  115  104  104   98  102  111  124  129                                   
    10.0-180.0 180.0   5.0 450.0                            LAT/LON1/LON2/DLON/H
  117  105  106  110  121  136  154  173  190  213  230  252  275  299  321  342
  357  364  368  366  367  370  373  385  393  412  425  444  451  457  456  456
  449  442  431  424  415  410  406  405  401  390  372  354  336  319  297  280
  261  243  221  201  182  169  159  156  151  145  134  125  115  113  108  114
  106  105   92   91   88   90   96  103  117                                   
     7.5-180.0 180.0   5.0 450.0                            LAT/LON1/LON2/DLON/H
  102   95   95  101  107  123  140  163  181  202  220  240  262  283  306  326
  344  354  360  361  365  371  378  391  402  421  434  449  455  458  458  455
