data/unet/pred0370.15i
     1.0            IONOSPHERE MAPS     GNSS                IONEX VERSION / TYPE
pyspatialgeodesy        IME             05-JAN-18 20:20     PGM / RUN BY / DATE 
Map Name                                                    COMMENT             
Predicted global ionosphere maps (GIM).                     DESCRIPTION         
  2015     2     6     0     0     0                        EPOCH OF FIRST MAP  
  2015     2     7     0     0     0                        EPOCH OF LAST MAP   
  7200                                                      INTERVAL            
    13                                                      # OF MAPS IN FILE   
  NONE                                                      MAPPING FUNCTION    
10.0                                                        ELEVATION CUTOFF    
One-way carrier phase leveled to code                       OBSERVABLES USED    
  6371.0                                                    BASE RADIUS         
 2                                                          MAP DIMENSION       
   450.0 450.0   0.0                                        HGT1 / HGT2 / DHGT  
    87.5 -87.5  -2.5                                        LAT1 / LAT2 / DLAT  
  -180.0 180.0   5.0                                        LON1 / LON2 / DLON  
    -1                                                      EXPONENT            
                                                            END OF HEADER       
[from data line 5148]
    13                                                      START OF TEC MAP    
  2015     2     7     0     0     0                        EPOCH OF CURRENT MAP
    87.5-180.0 180.0   5.0 450.0                            LAT/LON1/LON2/DLON/H
  149  120  117  113  113  110  113  112  116  115  117  116  119  116  118  114
  116  112  112  108  109  105  106  102  104  102  103  101  102  101  102  100
  102  101  102  101  101  100  101  100  101  100  101  101  102  103  104  104
  105  107  107  109  110  113  113  115  116  117  118  118  119  118  118  116
  117  115  116  116  124  124  124  152  149                                   
    85.0-180.0 180.0   5.0 450.0                            LAT/LON1/LON2/DLON/H
  129  120  128  127  126  121  125  121  127  124  128  125  129  125  128  123
  125  120  120  114  115  109  109  103  105  100  100   95   97   92   94   89
   92   88   91   88   91   89   92   91   94   94   98   98  102  102  106  106
  110  111  115  115  119  120  124  123  126  125  128  126  129  126  129  126
  129  125  129  127  137  132  132  134  129                                   
    82.5-180.0 180.0   5.0 450.0                            LAT/LON1/LON2/DLON/H
  134  134  142  142  138  134  134  134  136  137  138  138  139  138  138  136
  135  132  130  126  124  119  116  112  109  105  102   97   95   90   88   85
   83   82   82   82   83   84   85   88   90   93   96  100  103  107  110  113
  116  118  121  122  126  126  130  129  132  130  133  131  134  131  135  133
  137  135  140  140  147  145  144  142  134                                   
    80.0-180.0 180.0   5.0 450.0                            LAT/LON1/LON2/DLON/H
  152  156  163  162  155  153  151  153  152  154  152  154  152  151  148  146
  144  141  138  136  132  129  125  120  116  111  106  101   95   91   86   83
   80   78   79   78   80   81   84   86   89   91   96   99  103  105  109  112
  115  117  120  122  125  126  128  129  130  130  131  131  133  133  136  138
  142  146  150  155  159  160  159  161  152                                   
    77.5-180.0 180.0   5.0 450.0                            LAT/LON1/LON2/DLON/H
  176  176  184  180  173  169  168  166  166  165  165  163  162  158  156  151
  147  143  141  138  134  131  128  125  121  116  111  104   98   92   87   83
   80   78   78   79   80   81   84   86   89   91   94   97   99  101  105  106
  108  110  112  113  115  116  118  117  118  117  120  119  122  123  128  132
  138  144  152  159  167  169  172  176  176                                   
    75.0-180.0 180.0   5.0 450.0                            LAT/LON1/LON2/DLON/H
  203  206  212  207  198  195  191  189  187  186  183  181  176  171  164  157
  151  145  142  138  136  133  132  129  127  122  118  111  105   98   93   88
   85   82   82   83   84   85   88   89   92   93   95   95   96   96   98   97
   98   98  100  100  102  102  104  103  105  104  107  108  111  114  120  126
  136  145  157  166  175  181  187  198  203                                   
    72.5-180.0 180.0   5.0 450.0                            LAT/LON1/LON2/DLON/H
  239  237  243  237  228  223  220  216  213  210  204  200  192  183  172  161
  152  143  139  136  135  136  135  134  132  128  123  117  109  103   97   91
   86   83   82   82   83   83   86   87   89   90   91   90   89   88   87   85
   84   83   83   84   85   86   89   89   91   91   94   96  102  107  114  124
  136  150  164  176  187  196  206  223  239                                   
    70.0-180.0 180.0   5.0 450.0                            LAT/LON1/LON2/DLON/H
  269  273  279  272  264  261  254  252  245  241  232  224  213  198  182  165
  152  140  135  131  133  133  137  135  134  130  126  119  112  105   99   93
   88   84   82   80   80   80   83   84   86   87   88   86   84   80   78   74
   70   68   68   70   71   72   74   77   79   82   85   90   97  104  114  125
  141  157  174  188  201  215  228  251  269                                   
    67.5-180.0 180.0   5.0 450.0                            LAT/LON1/LON2/DLON/H
  296  298  307  303  295  291  288  282  280  272  264  251  237  216  193  172
  153  138  130  127  128  130  134  134  132  128  122  115  107  100   92   85
   81   75   73   70   70   69   73   74   77   78   78   77   73   69   65   61
   57   54   55   56   58   59   64   67   73   76   82   88   97  106  118  131
  151  168  186  202  219  234  250  274  296                                   
    65.0-180.0 180.0   5.0 450.0                            LAT/LON1/LON2/DLON/H
  314  322  332  327  320  316  312  310  308  304  293  282  261  238  209  182
  158  140  129  123  124  126  130  129  127  121  115  107   98   90   82   76
   71   66   63   60   59   59   61   63   65   67   67   66   63   60   55   51
   47   47   47   50   51   55   59   65   71   78   85   94  105  116  129  143
  164  181  199  216  234  251  269  293  314                                   
    62.5-180.0 180.0   5.0 450.0                            LAT/LON1/LON2/DLON/H
  323  328  339  336  329  325  322  323  324  321  316  302  284  257  226  197
  167  147  131  125  122  124  125  124  119  112  102   93   83   75   68   62
   58   54   51   48   47   47   48   50   52   54   54   54   52   50   46   42
   40   41   45   47   51   54   60   66   75   83   93  105  120  133  149  164
  184  198  215  230  247  262  278  303  323                                   
    60.0-180.0 180.0   5.0 450.0                            LAT/LON1/LON2/DLON/H
  323  334  344  339  333  328  323  326  328  330  327  319  301  278  245  215
  184  161  143  133  128  125  123  118  111  101   90   80   71   63   57   52
   49   46   43   41   39   39   39   42   44   46   47   49   48   47   44   42
   41   44   48   51   55   59   64   70   80   90  104  119  139  154  171  186
  203  217  229  243  258  273  287  310  323                                   
    57.5-180.0 180.0   5.0 450.0                            LAT/LON1/LON2/DLON/H
  325  332  342  339  332  326  322  323  328  330  330  323  311  289  263  234
  205  183  161  148  138  132  124  117  106   96   84   74   64   58   52   49
   46   44   42   40   38   38   38   40   41   43   45   47   48   47   44   44
   45   50   55   57   61   64   69   74   85   97  114  134  158  176  195  209
  228  238  249  260  273  283  294  317  325                                   
    55.0-180.0 180.0   5.0 450.0                            LAT/LON1/LON2/DLON/H
  331  346  353  348  339  331  323  324  326  329  327  325  315  300  277  254
  228  206  184  166  152  140  129  118  107   96   84   74   66   60   56   53
   52   51   49   48   46   46   46   47   48   50   52   54   55   53   51   50
   54   58   63   66   68   71   74   79   91  105  124  146  172  193  212  232
  249  262  271  282  294  306  316  332  331                                   
    52.5-180.0 180.0   5.0 450.0                            LAT/LON1/LON2/DLON/H
  348  363  370  365  355  346  337  334  333  333  330  324  316  303  287  268
  248  227  204  186  165  152  137  127  114  104   92   84   75   71   66   65
   63   63   61   61   60   61   60   60   60   62   62   64   64   62   60   61
   65   69   73   74   76   77   79   84   96  112  133  157  185  207  231  251
  270  285  297  310  323  332  338  350  348                                   
    50.0-180.0 180.0   5.0 450.0                            LAT/LON1/LON2/DLON/H
  370  393  399  396  388  378  363  356  347  341  332  326  316  306  292  280
  261  242  219  199  178  161  147  136  126  116  107   99   91   85   81   78
   78   77   77   78   79   80   79   78   78   78   79   78   78   74   74   73
   78   80   83   83   84   84   86   91  104  119  141  166  194  218  242  266
  286  307  322  338  352  363  368  371  370                                   
    47.5-180.0 180.0   5.0 450.0                            LAT/LON1/LON2/DLON/H
  393  417  425  427  422  417  402  389  373  358  344  332  319  307  296  284
  269  250  228  208  186  172  158  150  140  132  121  113  104   98   92   88
   86   86   86   90   92   95   93   94   92   93   92   92   91   89   88   88
   92   93   95   93   93   93   94  100  112  129  151  176  204  226  253  274
  298  320  341  360  378  385  387  387  393                                   
    45.0-180.0 180.0   5.0 450.0                            LAT/LON1/LON2/DLON/H
  411  441  449  453  454  451  437  423  400  379  358  341  324  312  298  288
  273  255  233  214  195  182  171  163  154  145  134  123  113  104   97   90
   88   87   91   95  102  105  106  106  106  106  106  106  106  103  103  103
  106  106  105  105  104  104  106  113  126  142  164  187  212  234  257  280
  302  327  352  374  395  405  407  396  411                                   
    42.5-180.0 180.0   5.0 450.0                            LAT/LON1/LON2/DLON/H
  420  447  456  465  470  470  460  450  427  403  375  353  335  319  304  290
  275  256  237  219  204  194  184  176  165  154  140  128  115  104   96   88
   84   84   89   96  104  110  111  114  113  115  116  118  118  118  118  119
  120  118  117  116  115  117  120  129  142  161  181  201  223  242  263  281
  302  325  351  375  400  408  407  398  420                                   
    40.0-180.0 180.0   5.0 450.0                            LAT/LON1/LON2/DLON/H
  419  447  454  461  470  472  465  458  439  417  387  364  344  329  311  297
  279  262  242  228  217  208  200  188  174  156  139  124  112  101   94   86
   84   85   92  100  110  115  118  119  121  122  126  128  131  131  133  133
  133  130  128  127  128  131  135  144  159  177  196  215  236  253  270  288
  304  324  349  371  395  401  402  388  419                                   
    37.5-180.0 180.0   5.0 450.0                            LAT/LON1/LON2/DLON/H
  412  432  438  444  451  456  453  451  437  421  393  371  353  338  320  304
  287  269  253  241  234  225  213  198  178  156  135  120  109  103   99   96
   96  100  107  117  123  127  126  126  126  130  133  137  139  141  141  142
  141  138  136  136  138  142  147  158  172  192  210  229  249  264  280  293
  309  325  345  365  387  390  387  378  412                                   
    35.0-180.0 180.0   5.0 450.0                            LAT/LON1/LON2/DLON/H
  408  424  424  423  429  432  430  430  421  412  390  374  357  345  329  315
  298  285  271  263  254  242  225  202  179  152  134  124  121  125  128  130
  134  137  145  147  151  147  142  137  137  138  143  144  147  146  147  146
  145  142  141  142  145  148  152  162  176  195  215  234  254  270  286  300
  315  332  350  368  387  392  392  381  408                                   
    32.5-180.0 180.0   5.0 450.0                            LAT/LON1/LON2/DLON/H
  421  425  422  417  417  416  411  412  405  399  384  371  359  349  336  324
  311  300  290  283  273  257  233  205  178  154  140  144  153  173  186  197
  201  206  205  203  195  184  168  160  152  151  150  151  149  147  145  144
  142  140  140  142  145  148  151  159  172  190  210  231  253  270  289  305
  324  341  360  374  394  400  407  401  421                                   
    30.0-180.0 180.0   5.0 450.0                            LAT/LON1/LON2/DLON/H
  462  456  453  439  434  425  414  408  398  392  379  370  359  352  341  334
  322  316  308  302  288  266  236  206  182  166  165  182  208  242  271  288
  294  290  279  262  244  221  202  184  173  165  163  158  152  147  143  141
  139  136  135  138  140  144  146  152  164  182  205  229  256  278  299  322
  344  363  382  395  412  424  441  442  462                                   
    27.5-180.0 180.0   5.0 450.0                            LAT/LON1/LON2/DLON/H
  527  522  510  494  483  467  451  435  419  404  387  376  365  357  348  339
  332  325  320  310  293  267  236  210  193  192  205  240  285  339  369  388
  384  379  355  330  290  262  233  213  193  183  174  165  154  144  139  134
  132  128  127  127  130  132  135  143  159  180  207  238  269  295  319  348
  374  399  418  433  451  467  489  508  527                                   
    25.0-180.0 180.0   5.0 450.0                            LAT/LON1/LON2/DLON/H
  623  623  601  577  564  544  519  496  467  442  414  396  379  369  355  348
  338  332  323  310  288  262  235  220  217  232  265  323  387  449  476  487
  473  460  424  390  343  300  261  238  216  202  188  175  160  147  138  131
  126  121  119  117  117  119  125  138  160  186  217  255  286  318  344  379
  411  439  466  486  509  537  568  603  623                                   
    22.5-180.0 180.0   5.0 450.0                            LAT/LON1/LON2/DLON/H
  722  736  715  690  666  642  616  587  550  509  468  438  411  393  374  358
  345  332  319  301  279  257  240  239  255  290  342  415  482  534  552  549
  531  507  465  423  366  322  277  258  235  219  201  184  167  149  137  125
  117  110  106  104  102  105  114  132  159  195  232  273  307  345  377  422
  459  492  523  549  582  616  661  708  722                                   
    20.0-180.0 180.0   5.0 450.0                            LAT/LON1/LON2/DLON/H
  799  834  824  796  775  755  728  692  648  600  545  501  460  432  400  379
  354  337  315  296  275  263  259  278  314  375  440  511  563  596  601  582
  556  521  472  426  370  324  284  263  246  228  211  194  172  153  135  122
  109  102   95   93   92   96  109  130  164  205  249  294  336  379  428  475
  518  554  588  618  660  699  751  791  799                                   
    17.5-180.0 180.0   5.0 450.0                            LAT/LON1/LON2/DLON/H
  841  903  909  888  867  848  824  791  749  694  636  581  530  485  444  409
  377  347  323  301  285  284  296  336  393  465  524  570  597  604  592  559
  529  493  445  402  352  314  278  260  241  228  214  198  176  156  139  122
  111  100   95   89   90   91  107  131  170  219  266  318  361  418  468  519
  562  601  639  675  721  760  807  830  841                                   
    15.0-180.0 180.0   5.0 450.0                            LAT/LON1/LON2/DLON/H
  859  929  949  938  934  924  909  880  840  786  723  661  606  553  498  455
  411  377  345  324  312  324  353  415  479  542  579  593  592  568  539  499
  468  435  398  356  318  287  266  250  237  223  212  196  178  160  142  127
  112  102   93   87   86   89  108  137  184  238  292  338  394  452  505  550
  599  639  680  714  756  787  825  835  859                                   
    12.5-180.0 180.0   5.0 450.0                            LAT/LON1/LON2/DLON/H
  839  912  934  940  947  955  956  938  909  855  794  736  679  623  568  515
  466  425  391  371  366  387  428  494  550  585  590  566  532  486  448  412
  384  367  340  314  285  268  257  249  234  224  211  198  180  165  147  130
  116  104   96   87   86   89  113  147  199  255  303  356  413  470  520  570
  621  661  701  733  768  784  809  808  839                                   
    10.0-180.0 180.0   5.0 450.0                            LAT/LON1/LON2/DLON/H
  814  874  893  910  930  952  969  968  954  911  860  802  750  693  643  592
  542  500  463  447  444  472  511  563  596  599  570  511  452  394  350  313
  305  288  281  264  258  255  255  249  239  229  218  205  184  166  148  130
  118  106   96   87   86   92  119  158  217  266  317  367  429  480  532  583
  631  672  705  733  755  770  784  775  814                                   
     7.5-180.0 180.0   5.0 450.0                            LAT/LON1/LON2/DLON/H
  773  829  841  860  880  916  941  961  961  938  903  852  808  760  713  667
  622  578  542  528  526  550  580  605  609  575  512  435  363  302  262  247
