data/unet/pred1030.15i
     1.0            IONOSPHERE MAPS     GNSS                IONEX VERSION / TYPE
pyspatialgeodesy        IME             05-JAN-18 20:20     PGM / RUN BY / DATE 
Map Name                                                    COMMENT             
Predicted global ionosphere maps (GIM).                     DESCRIPTION         
  2015     4    13     0     0     0                        EPOCH OF FIRST MAP  
  2015     4    14     0     0     0                        EPOCH OF LAST MAP   
  7200                                                      INTERVAL            
    13                                                      # OF MAPS IN FILE   
  NONE                                                      MAPPING FUNCTION    
10.0                                                        ELEVATION CUTOFF    
One-way carrier phase leveled to code                       OBSERVABLES USED    
  6371.0                                                    BASE RADIUS         
 2                                                          MAP DIMENSION       
   450.0 450.0   0.0                                        HGT1 / HGT2 / DHGT  
    87.5 -87.5  -2.5                                        LAT1 / LAT2 / DLAT  
  -180.0 180.0   5.0                                        LON1 / LON2 / DLON  
    -1                                                      EXPONENT            
                                                            END OF HEADER       
[from data line 3861]
    10                                                      START OF TEC MAP    
  2015     4    13    18     0     0                        EPOCH OF CURRENT MAP
    87.5-180.0 180.0   5.0 450.0                            LAT/LON1/LON2/DLON/H
  222  192  193  193  194  193  194  194  196  196  198  197  200  198  200  199
  201  199  202  200  203  200  203  200  202  199  201  197  199  195  197  193
  195  192  194  191  193  191  193  192  193  192  194  194  196  196  198  198
  199  200  201  202  201  202  201  202  201  202  200  201  199  200  197  198
  197  198  196  196  195  194  201  196  222                                   
    85.0-180.0 180.0   5.0 450.0                            LAT/LON1/LON2/DLON/H
  197  186  187  190  189  191  189  193  192  195  195  197  197  200  199  201
  200  202  202  203  202  204  202  203  201  201  199  199  196  196  193  193
  191  192  190  191  189  191  190  191  190  193  192  195  193  197  196  198
  198  200  199  201  199  202  200  201  200  201  199  199  198  198  195  195
  194  194  193  192  190  184  193  196  197                                   
    82.5-180.0 180.0   5.0 450.0                            LAT/LON1/LON2/DLON/H
  194  177  177  177  179  180  180  181  184  186  189  190  193  194  196  197
  198  200  201  202  202  202  202  201  200  199  198  196  194  193  190  189
  186  186  184  185  183  184  184  185  186  188  188  190  191  193  194  195
  196  197  198  198  199  198  199  198  198  197  196  195  194  192  191  188
  188  186  186  183  182  173  175  177  194                                   
    80.0-180.0 180.0   5.0 450.0                            LAT/LON1/LON2/DLON/H
  181  168  163  164  167  166  169  170  174  176  180  182  186  188  191  193
  196  198  200  202  202  203  203  202  201  200  198  195  193  190  187  185
  183  181  180  179  178  178  179  179  180  182  183  185  186  188  189  190
  190  191  191  192  191  191  191  190  190  188  187  186  184  183  180  180
  177  177  174  173  167  162  158  161  181                                   
    77.5-180.0 180.0   5.0 450.0                            LAT/LON1/LON2/DLON/H
  163  153  150  149  152  155  157  159  163  166  171  175  179  182  187  189
  193  196  199  201  203  204  205  205  205  204  202  199  196  192  189  186
  184  181  180  179  178  178  177  178  178  180  180  182  182  183  183  184
  182  183  181  181  179  179  177  177  175  173  171  170  167  166  163  161
  159  158  156  154  150  144  143  149  163                                   
    75.0-180.0 180.0   5.0 450.0                            LAT/LON1/LON2/DLON/H
  147  142  139  142  146  147  151  153  157  161  166  171  176  180  186  188
  194  196  201  203  207  208  211  210  212  209  210  205  204  197  196  189
  188  183  184  180  182  179  182  179  182  179  182  178  180  176  178  174
  174  170  170  166  167  163  164  160  160  155  155  151  150  147  146  145
  143  144  142  142  139  135  135  143  147                                   
    72.5-180.0 180.0   5.0 450.0                            LAT/LON1/LON2/DLON/H
  138  136  135  137  140  145  147  152  154  162  165  173  176  183  186  192
  194  199  202  207  210  214  216  221  220  224  219  218  213  209  203  199
  193  191  189  188  187  188  187  187  185  185  182  180  177  174  171  167
  163  160  157  154  152  149  148  146  144  141  139  137  134  132  130  129
  127  128  128  128  128  124  130  140  138                                   
    70.0-180.0 180.0   5.0 450.0                            LAT/LON1/LON2/DLON/H
  131  136  135  141  143  147  149  154  158  165  170  176  180  185  188  193
  195  200  203  208  211  217  221  226  228  230  229  226  223  217  212  205
  202  196  196  192  194  190  192  187  188  182  182  174  173  164  163  155
  153  146  144  139  138  134  135  131  130  126  125  120  120  117  116  115
  116  117  118  121  121  121  128  136  131                                   
    67.5-180.0 180.0   5.0 450.0                            LAT/LON1/LON2/DLON/H
  127  136  139  143  146  150  153  158  162  169  175  182  185  192  193  199
  199  205  205  211  213  220  224  230  232  235  234  232  227  223  217  211
  206  202  199  198  196  195  194  191  187  182  177  171  164  157  151  144
  139  133  130  126  124  122  122  119  118  115  113  110  107  106  103  104
  103  106  107  111  113  114  123  133  127                                   
    65.0-180.0 180.0   5.0 450.0                            LAT/LON1/LON2/DLON/H
  123  139  141  148  152  156  159  165  170  177  182  190  193  201  201  207
  204  210  209  214  215  223  225  233  234  238  237  236  231  228  221  216
  211  206  206  202  202  197  196  189  186  177  173  163  157  147  142  132
  127  120  118  114  114  111  112  110  110  106  104  101   99   97   95   95
   95   98  101  105  108  111  120  129  123                                   
    62.5-180.0 180.0   5.0 450.0                            LAT/LON1/LON2/DLON/H
  116  135  141  149  154  158  162  167  173  180  188  194  201  208  211  215
  213  217  214  217  218  223  227  231  234  235  237  234  233  228  225  219
  215  211  209  206  203  199  196  190  183  175  167  159  149  141  132  124
  117  112  109  106  106  106  106  106  105  103  100   97   92   92   88   88
   87   90   92   96  100  101  110  121  116                                   
    60.0-180.0 180.0   5.0 450.0                            LAT/LON1/LON2/DLON/H
  109  130  136  150  156  163  167  174  178  187  193  204  208  218  217  224
  219  223  219  222  221  226  227  232  233  234  233  232  230  228  227  223
  220  215  215  208  207  199  197  188  182  173  166  157  148  139  131  121
  115  107  106  102  102  101  105  104  105  102   99   95   92   90   86   84
   83   86   87   92   93   95  103  115  109                                   
    57.5-180.0 180.0   5.0 450.0                            LAT/LON1/LON2/DLON/H
  101  120  131  146  155  164  169  175  181  189  197  206  213  221  225  228
  227  228  225  224  224  225  228  229  232  229  232  229  233  231  234  230
  229  224  222  217  212  206  201  193  185  177  168  160  150  141  131  123
  115  108  104  102  101  103  105  108  108  107  103  101   94   92   86   84
   81   84   84   87   87   85   94  105  101                                   
    55.0-180.0 180.0   5.0 450.0                            LAT/LON1/LON2/DLON/H
   98  117  129  147  159  171  177  183  187  196  203  212  217  226  228  234
  231  233  230  231  228  230  229  231  231  231  232  233  236  240  242  244
  240  237  233  228  223  215  209  201  194  186  178  169  160  152  142  133
  123  115  110  105  106  107  111  112  116  112  110  106  101   97   93   90
   88   90   89   92   89   87   93  104   98                                   
    52.5-180.0 180.0   5.0 450.0                            LAT/LON1/LON2/DLON/H
   99  117  129  149  164  177  186  193  197  205  209  219  222  233  234  240
  239  239  238  236  234  233  234  232  235  233  238  240  247  253  257  258
  255  250  246  239  236  227  223  214  208  199  191  181  172  162  153  144
  134  126  119  116  115  118  121  125  126  126  120  117  110  109  102  102
   98  101   98  100   96   91   98  104   99                                   
    50.0-180.0 180.0   5.0 450.0                            LAT/LON1/LON2/DLON/H
  109  130  142  163  181  196  206  213  217  222  226  230  234  238  243  247
  248  248  248  245  243  241  240  240  241  243  248  252  259  269  272  275
  271  266  262  255  251  244  240  231  224  215  206  196  187  176  168  158
  148  140  133  129  129  130  135  137  140  135  133  128  124  122  119  119
  117  119  118  119  113  109  111  115  109                                   
    47.5-180.0 180.0   5.0 450.0                            LAT/LON1/LON2/DLON/H
  122  144  156  176  193  209  221  228  234  239  241  247  246  251  254  261
  263  262  260  254  252  248  248  248  251  253  257  264  272  281  284  284
  279  274  270  265  262  256  252  244  236  225  215  204  194  183  177  168
  160  151  145  141  140  143  146  151  151  151  145  143  136  138  133  136
  132  135  131  133  126  122  126  128  122                                   
    45.0-180.0 180.0   5.0 450.0                            LAT/LON1/LON2/DLON/H
  141  165  177  198  216  232  246  253  260  263  266  266  267  266  272  274
  278  275  273  266  264  261  262  262  266  267  275  280  290  296  299  296
  294  285  285  277  278  271  267  256  247  235  225  212  202  192  186  179
  172  164  157  151  149  151  155  157  161  158  157  152  150  151  149  151
  149  150  147  149  143  141  142  141  141                                   
    42.5-180.0 180.0   5.0 450.0                            LAT/LON1/LON2/DLON/H
  156  179  193  212  229  243  255  266  272  280  282  285  286  288  290  295
  296  293  289  281  278  275  276  278  279  282  286  294  300  304  304  301
  296  291  289  287  286  280  274  262  251  237  225  210  201  193  190  185
  181  172  165  157  154  155  159  164  165  167  163  164  160  164  160  163
  159  159  154  154  148  144  151  153  156                                   
    40.0-180.0 180.0   5.0 450.0                            LAT/LON1/LON2/DLON/H
  170  194  210  227  245  258  272  281  291  299  305  305  308  307  311  310
  312  306  302  294  291  289  292  295  297  299  305  310  314  317  313  311
  306  304  303  303  302  296  287  273  259  245  230  215  204  198  195  191
  187  179  171  161  157  156  160  163  167  168  169  170  171  173  172  172
  168  165  159  159  154  150  156  155  170                                   
    37.5-180.0 180.0   5.0 450.0                            LAT/LON1/LON2/DLON/H
  171  196  212  229  245  255  268  282  295  308  316  322  325  325  329  330
  327  323  316  309  307  307  310  312  313  313  317  319  324  324  324  320
  320  317  321  318  318  308  297  278  264  248  233  217  208  200  200  197
  194  186  177  167  161  158  162  165  169  171  172  176  176  179  176  175
  167  162  155  151  145  141  151  155  171                                   
    35.0-180.0 180.0   5.0 450.0                            LAT/LON1/LON2/DLON/H
  172  199  218  233  247  259  274  290  306  323  335  343  347  347  350  347
  346  340  335  330  329  331  333  338  338  339  342  346  348  352  350  351
  351  351  352  352  346  336  319  299  280  263  249  233  223  214  211  206
  203  194  187  175  171  167  170  171  175  176  179  180  183  183  182  176
  170  161  154  149  143  134  148  148  172                                   
    32.5-180.0 180.0   5.0 450.0                            LAT/LON1/LON2/DLON/H
  161  189  210  227  244  256  273  291  312  332  348  358  364  363  366  363
  364  359  358  355  357  363  367  370  370  371  376  382  386  389  391  394
  399  405  406  404  391  374  350  328  304  286  273  259  247  236  228  221
  216  207  201  191  188  185  189  190  194  191  192  190  188  187  182  176
  165  158  147  141  132  127  137  147  161                                   
    30.0-180.0 180.0   5.0 450.0                            LAT/LON1/LON2/DLON/H
  161  187  209  232  245  263  281  305  326  352  367  383  387  390  389  389
  387  387  386  391  391  398  399  407  405  413  417  429  433  445  448  464
  470  480  478  468  447  422  396  372  346  327  311  298  283  268  253  240
  227  218  206  202  196  200  202  207  208  211  211  215  212  202  192  182
  170  162  153  145  137  127  135  136  161                                   
    27.5-180.0 180.0   5.0 450.0                            LAT/LON1/LON2/DLON/H
  158  188  208  236  253  271  290  312  338  365  387  400  409  409  412  408
  414  411  418  418  425  428  432  434  440  447  462  478  492  508  521  540
  551  556  545  528  498  467  435  413  387  369  351  338  318  301  285  273
  257  248  233  233  226  234  238  247  247  243  241  232  227  216  209  196
  186  170  159  149  138  132  131  141  158                                   
    25.0-180.0 180.0   5.0 450.0                            LAT/LON1/LON2/DLON/H
  174  198  220  252  270  294  310  340  358  391  409  429  434  441  438  440
  439  445  449  455  459  462  462  469  473  488  507  531  553  576  593  613
  622  622  606  581  542  500  460  434  411  398  382  368  349  334  314  302
  287  276  263  260  258  258  262  266  271  272  278  276  266  249  229  211
  195  185  174  166  155  150  140  146  174                                   
    22.5-180.0 180.0   5.0 450.0                            LAT/LON1/LON2/DLON/H
  187  214  229  266  285  312  331  359  388  415  435  458  466  475  476  473
  475  477  486  485  491  484  488  492  503  522  552  584  618  640  666  687
  699  702  673  639  584  523  473  440  417  402  386  379  355  346  323  320
  302  299  285  282  282  287  294  295  296  297  300  296  289  280  264  253
  233  217  199  188  175  168  161  167  187                                   
    20.0-180.0 180.0   5.0 450.0                            LAT/LON1/LON2/DLON/H
  209  222  242  275  301  331  352  385  407  443  459  490  502  519  520  525
  522  528  526  527  521  516  516  522  536  559  598  636  671  697  725  742
  760  753  720  677  619  545  489  445  412  392  375  366  350  348  335  339
  335  336  333  327  330  331  332  328  325  321  318  311  300  276  260  247
  239  234  227  214  195  185  172  179  209                                   
    17.5-180.0 180.0   5.0 450.0                            LAT/LON1/LON2/DLON/H
  222  231  254  286  306  337  361  388  423  455  483  513  535  554  559  567
  574  574  571  558  549  531  537  544  569  602  649  689  721  729  745  765
  774  766  728  683  630  558  494  444  400  372  353  344  333  337  340  357
  362  372  369  374  372  375  365  357  349  339  327  314  297  272  252  244
  235  232  226  218  204  202  184  191  222                                   
    15.0-180.0 180.0   5.0 450.0                            LAT/LON1/LON2/DLON/H
  223  221  251  289  309  337  358  390  428  461  492  527  557  581  589  608
  611  619  607  594  571  557  558  577  610  649  697  719  743  750  763  772
  771  754  721  679  627  563  502  441  392  357  335  324  322  334  357  376
  395  400  408  404  407  396  385  370  357  339  327  304  283  256  239  227
  224  220  219  210  198  191  191  195  223                                   
    12.5-180.0 180.0   5.0 450.0                            LAT/LON1/LON2/DLON/H
  216  216  242  285  313  337  361  389  430  466  497  532  574  598  619  635
  642  649  640  622  595  584  592  620  659  704  728  739  755  758  758  755
  743  729  703  673  623  567  508  451  394  351  323  311  311  333  365  394
  418  430  433  428  422  406  390  369  351  328  309  283  260  245  226  217
  210  206  204  198  189  183  181  189  216                                   
    10.0-180.0 180.0   5.0 450.0                            LAT/LON1/LON2/DLON/H
  205  210  243  289  319  349  372  405  445  487  513  549  590  623  648  672
  680  691  673  654  626  619  632  665  710  732  752  755  766  759  753  740
  721  707  689  670  629  581  527  466  412  363  338  317  324  344  392  414
  447  444  448  427  421  397  382  358  336  311  286  259  234  223  210  200
  196  190  190  184  176  174  174  184  205                                   
     7.5-180.0 180.0   5.0 450.0                            LAT/LON1/LON2/DLON/H
  192  209  239  286  325  353  390  422  469  505  531  563  606  636  670  692
  713  725  710  688  657  656  672  713  740  759  766  764  762  752  740  724
