data/unet/pred1380.15i
     1.0            IONOSPHERE MAPS     GNSS                IONEX VERSION / TYPE
pyspatialgeodesy        IME             05-JAN-18 20:20     PGM / RUN BY / DATE 
Map Name                                                    COMMENT             
Predicted global ionosphere maps (GIM).                     DESCRIPTION         
  2015     5    18     0     0     0                        EPOCH OF FIRST MAP  
  2015     5    19     0     0     0                        EPOCH OF LAST MAP   
  7200                                                      INTERVAL            
    13                                                      # OF MAPS IN FILE   
  NONE                                                      MAPPING FUNCTION    
10.0                                                        ELEVATION CUTOFF    
One-way carrier phase leveled to code                       OBSERVABLES USED    
  6371.0                                                    BASE RADIUS         
 2                                                          MAP DIMENSION       
   450.0 450.0   0.0                                        HGT1 / HGT2 / DHGT  
    87.5 -87.5  -2.5                                        LAT1 / LAT2 / DLAT  
  -180.0 180.0   5.0                                        LON1 / LON2 / DLON  
    -1                                                      EXPONENT            
                                                            END OF HEADER       
[from data line 5148]
    13                                                      START OF TEC MAP    
  2015     5    19     0     0     0                        EPOCH OF CURRENT MAP
    87.5-180.0 180.0   5.0 450.0                            LAT/LON1/LON2/DLON/H
  215  197  196  198  198  197  198  196  198  196  196  194  196  194  194  193
  195  194  195  193  195  194  193  191  192  190  188  185  185  182  180  175
  175  170  168  163  162  158  156  153  153  151  150  149  150  150  150  151
  153  154  155  156  159  160  161  162  165  166  169  170  174  175  178  178
  183  184  188  190  198  196  195  208  215                                   
    85.0-180.0 180.0   5.0 450.0                            LAT/LON1/LON2/DLON/H
  200  205  206  207  206  205  206  205  206  206  205  205  206  206  206  205
  206  206  205  204  204  203  201  198  197  194  191  188  187  183  181  177
  176  172  169  166  165  162  160  157  157  155  154  153  154  154  155  155
  158  160  161  162  165  167  168  170  173  176  177  180  183  186  188  190
  193  195  197  199  206  204  202  197  200                                   
    82.5-180.0 180.0   5.0 450.0                            LAT/LON1/LON2/DLON/H
  203  208  205  206  204  205  205  206  207  207  206  208  208  210  208  209
  208  209  206  207  204  203  199  197  193  190  185  182  179  175  172  169
  168  165  162  161  160  159  157  156  156  155  153  153  154  155  155  156
  158  160  160  163  164  167  167  171  173  176  178  182  184  187  188  191
  194  196  198  200  208  206  200  200  203                                   
    80.0-180.0 180.0   5.0 450.0                            LAT/LON1/LON2/DLON/H
  203  208  203  203  202  203  204  205  205  205  205  206  207  207  207  207
  207  206  204  204  202  199  196  193  189  185  180  177  173  170  167  166
  165  164  163  163  164  164  164  163  165  164  164  163  165  164  164  164
  167  167  168  170  172  173  174  177  179  181  183  186  189  192  193  196
  197  199  200  203  208  208  203  201  203                                   
    77.5-180.0 180.0   5.0 450.0                            LAT/LON1/LON2/DLON/H
  204  207  201  202  199  201  202  203  203  204  203  205  204  206  204  205
  202  202  200  200  198  196  193  190  187  183  179  175  172  169  167  167
  166  167  167  170  170  173  172  174  173  175  173  174  173  175  172  175
  174  177  174  178  177  180  179  183  182  186  186  190  191  195  195  199
  199  202  201  204  208  207  204  201  204                                   
    75.0-180.0 180.0   5.0 450.0                            LAT/LON1/LON2/DLON/H
  208  211  205  203  201  201  203  203  205  204  205  205  205  204  203  200
  198  195  195  193  193  190  190  186  184  179  176  171  169  165  165  164
  166  167  170  172  176  178  181  181  183  182  183  181  183  182  183  182
  184  184  185  186  187  188  189  189  190  191  192  193  195  196  199  199
  202  202  204  205  209  208  206  204  208                                   
    72.5-180.0 180.0   5.0 450.0                            LAT/LON1/LON2/DLON/H
  216  217  212  208  205  204  205  206  207  209  208  209  207  206  200  197
  191  189  187  186  185  185  184  182  181  176  173  167  165  161  161  160
  163  164  169  173  179  181  185  186  188  187  188  186  187  186  187  187
  188  189  191  193  195  196  196  197  197  198  197  198  198  199  199  201
  201  203  204  206  211  211  210  210  216                                   
    70.0-180.0 180.0   5.0 450.0                            LAT/LON1/LON2/DLON/H
  225  226  222  216  213  210  212  212  216  217  218  216  213  209  202  195
  188  182  180  179  179  179  180  178  178  174  171  166  164  161  162  161
  165  166  172  175  182  185  189  190  192  191  191  189  190  189  190  191
  194  197  200  204  207  209  209  209  208  207  206  206  205  204  204  203
  204  205  206  208  212  214  215  216  225                                   
    67.5-180.0 180.0   5.0 450.0                            LAT/LON1/LON2/DLON/H
  239  236  233  228  223  221  222  224  227  230  230  229  224  217  207  199
  188  184  179  180  179  181  182  182  181  178  174  170  167  164  163  163
  165  167  172  175  181  183  187  187  189  186  186  183  184  183  186  188
  194  199  205  210  215  217  219  218  217  216  214  213  211  210  208  207
  206  208  208  212  216  219  221  223  239                                   
    65.0-180.0 180.0   5.0 450.0                            LAT/LON1/LON2/DLON/H
  249  245  246  240  235  233  235  237  242  245  247  245  240  231  218  207
  196  190  185  185  185  187  188  188  188  185  180  177  174  173  170  170
  171  171  172  174  177  178  180  179  179  176  174  171  172  173  177  183
  191  199  207  215  222  226  227  228  227  226  224  222  220  218  215  213
  212  213  214  217  221  225  228  229  249                                   
    62.5-180.0 180.0   5.0 450.0                            LAT/LON1/LON2/DLON/H
  259  253  254  248  244  243  244  248  253  259  260  262  256  249  235  223
  211  204  199  198  199  200  202  202  202  198  195  190  187  184  181  179
  177  174  172  170  171  170  170  167  166  161  159  156  157  158  164  171
  183  193  205  214  223  228  232  233  235  233  232  229  227  223  220  218
  218  219  220  224  229  234  236  236  259                                   
    60.0-180.0 180.0   5.0 450.0                            LAT/LON1/LON2/DLON/H
  264  260  262  255  251  251  253  257  262  270  273  277  274  268  256  244
  233  225  220  218  217  218  218  217  217  215  211  207  204  200  196  191
  186  181  174  169  166  163  161  156  154  148  146  142  144  146  154  162
  175  187  200  211  222  229  234  239  241  242  241  240  237  234  230  229
  228  229  230  233  238  242  242  242  264                                   
    57.5-180.0 180.0   5.0 450.0                            LAT/LON1/LON2/DLON/H
  270  265  266  260  256  256  258  263  267  275  278  285  283  283  274  268
  257  253  246  245  243  243  240  239  238  236  233  229  226  221  215  207
  198  187  178  169  165  159  156  150  147  140  138  133  135  137  145  153
  167  179  194  205  218  225  235  240  246  247  250  249  247  243  241  238
  239  239  241  243  248  250  250  248  270                                   
    55.0-180.0 180.0   5.0 450.0                            LAT/LON1/LON2/DLON/H
  273  271  273  267  264  264  267  272  274  281  284  290  291  294  291  289
  283  282  277  275  272  270  267  265  263  261  257  254  250  243  236  224
  212  198  185  174  168  160  156  150  146  139  135  130  132  133  140  147
  159  171  185  197  211  222  232  243  250  257  260  260  258  255  252  251
  251  251  252  253  256  257  257  255  273                                   
    52.5-180.0 180.0   5.0 450.0                            LAT/LON1/LON2/DLON/H
  282  281  283  280  278  279  280  282  283  287  287  292  293  299  298  302
  301  305  302  303  299  298  294  291  288  285  281  277  271  265  253  241
  224  209  194  181  173  165  161  155  151  143  139  134  135  135  141  145
  156  164  179  191  206  220  234  247  258  266  272  271  270  266  264  262
  264  263  264  262  265  265  266  266  282                                   
    50.0-180.0 180.0   5.0 450.0                            LAT/LON1/LON2/DLON/H
  293  297  300  300  301  302  302  303  300  301  297  300  300  305  308  314
  318  323  325  326  325  323  320  316  312  307  302  296  289  280  268  253
  236  219  204  190  181  172  168  162  158  151  146  142  142  142  146  148
  156  162  175  187  204  222  238  254  267  277  281  282  278  276  273  273
  274  274  275  274  273  273  278  278  293                                   
    47.5-180.0 180.0   5.0 450.0                            LAT/LON1/LON2/DLON/H
  309  315  320  323  326  329  328  326  321  318  311  308  306  309  311  319
  324  333  336  342  341  343  339  336  329  323  313  305  294  285  272  258
  241  226  212  200  191  184  179  173  169  163  159  156  156  155  157  157
  161  166  177  190  209  228  246  264  280  288  294  291  289  284  283  282
  287  287  291  288  289  289  293  296  309                                   
    45.0-180.0 180.0   5.0 450.0                            LAT/LON1/LON2/DLON/H
  326  336  342  346  354  359  360  358  352  346  334  327  318  318  317  324
  328  338  343  352  355  357  355  352  343  334  320  309  296  285  271  258
  244  230  219  207  202  195  192  186  182  176  173  170  169  167  168  165
  168  170  181  192  213  232  254  272  289  297  302  300  294  291  289  291
  296  301  304  305  305  307  314  315  326                                   
    42.5-180.0 180.0   5.0 450.0                            LAT/LON1/LON2/DLON/H
  346  360  366  372  381  385  387  386  381  372  357  345  334  329  325  327
  331  340  347  357  363  368  366  363  352  340  323  310  295  283  269  257
  246  235  227  220  216  213  209  203  198  191  189  186  185  182  181  177
  177  177  187  198  219  239  261  280  297  305  309  306  303  299  299  303
  311  318  324  327  330  332  339  343  346                                   
    40.0-180.0 180.0   5.0 450.0                            LAT/LON1/LON2/DLON/H
  369  387  391  397  406  410  412  413  408  400  384  371  356  349  338  337
  335  344  350  364  371  381  377  374  359  345  326  311  295  282  269  259
  250  243  239  233  233  228  226  219  215  207  205  202  200  196  193  186
  185  183  191  201  223  242  266  283  300  308  314  312  311  309  311  316
  327  336  346  353  360  363  374  371  369                                   
    37.5-180.0 180.0   5.0 450.0                            LAT/LON1/LON2/DLON/H
  399  416  419  423  428  431  430  429  424  418  405  394  379  368  356  348
  345  351  359  374  383  392  391  384  369  353  334  318  301  289  278  269
  263  258  256  254  252  250  245  240  235  229  226  222  218  211  204  196
  191  188  194  203  223  242  264  281  297  307  313  314  316  317  322  331
  343  359  372  387  395  402  406  404  399                                   
    35.0-180.0 180.0   5.0 450.0                            LAT/LON1/LON2/DLON/H
  441  454  452  452  454  453  449  446  440  436  428  421  407  396  379  370
  360  364  370  387  395  405  399  394  373  360  339  327  310  302  292  285
  279  275  273  270  269  264  261  253  252  247  246  240  234  224  215  203
  197  192  196  204  223  239  261  278  296  305  312  316  321  327  334  347
  363  382  399  416  432  435  445  437  441                                   
    32.5-180.0 180.0   5.0 450.0                            LAT/LON1/LON2/DLON/H
  487  496  498  494  489  484  475  469  459  457  450  448  437  428  408  396
  384  386  389  403  411  419  415  408  390  376  359  348  335  327  317  309
  301  296  291  287  282  277  270  266  264  263  262  258  249  236  224  207
  199  192  195  200  216  233  255  275  293  306  313  322  330  338  348  363
  383  405  423  446  462  471  474  470  487                                   
    30.0-180.0 180.0   5.0 450.0                            LAT/LON1/LON2/DLON/H
  537  557  557  555  549  537  523  510  496  490  482  482  471  464  442  428
  409  408  405  418  421  431  424  421  402  394  377  372  359  352  339  330
  317  311  300  294  284  277  271  268  269  270  271  265  258  242  228  211
  202  194  194  197  210  226  250  270  291  308  321  335  346  359  373  391
  410  432  450  473  494  501  513  506  537                                   
    27.5-180.0 180.0   5.0 450.0                            LAT/LON1/LON2/DLON/H
  580  608  620  629  625  614  593  571  547  535  523  521  509  501  478  461
  440  433  426  432  433  442  438  437  424  418  405  402  387  374  357  344
  328  316  299  288  272  264  259  260  265  269  270  265  257  240  226  207
  198  191  190  191  201  217  238  263  286  310  326  346  362  381  398  418
  435  454  471  496  519  529  538  537  580                                   
    25.0-180.0 180.0   5.0 450.0                            LAT/LON1/LON2/DLON/H
  616  658  682  705  714  703  687  657  629  604  585  573  557  544  518  497
  470  458  442  445  441  449  444  446  437  433  422  415  396  377  356  340
  320  304  281  266  246  240  239  246  254  262  264  260  253  236  222  203
  198  187  185  182  193  207  231  257  284  314  334  359  378  403  428  451
  467  486  501  525  549  551  569  566  616                                   
    22.5-180.0 180.0   5.0 450.0                            LAT/LON1/LON2/DLON/H
  639  687  728  767  788  788  775  745  711  679  653  632  612  589  560  533
  503  485  463  458  451  456  454  458  450  447  433  422  395  367  340  319
  297  278  253  234  219  217  220  231  239  247  250  247  239  224  209  195
  189  178  175  171  182  197  226  257  283  317  340  369  393  422  445  471
  490  509  520  542  562  562  576  580  639                                   
    20.0-180.0 180.0   5.0 450.0                            LAT/LON1/LON2/DLON/H
  649  700  749  801  841  850  852  827  799  759  726  695  669  639  606  573
  537  514  486  475  462  463  460  461  456  445  428  404  372  337  309  285
  263  242  218  207  196  203  206  221  226  236  236  236  228  213  200  184
  181  166  164  159  173  189  221  255  285  320  346  374  404  433  461  486
  509  527  541  558  575  565  588  590  649                                   
    17.5-180.0 180.0   5.0 450.0                            LAT/LON1/LON2/DLON/H
  641  690  742  800  849  874  886  877  856  823  788  750  718  684  649  611
  575  543  514  496  478  474  466  464  451  436  409  372  332  295  267  244
  224  208  193  184  182  190  197  209  212  218  217  216  211  199  186  171
  168  157  157  154  170  189  222  258  286  319  345  380  409  441  468  494
  516  534  546  561  573  565  581  589  641                                   
    15.0-180.0 180.0   5.0 450.0                            LAT/LON1/LON2/DLON/H
  623  664  721  778  835  867  894  893  885  857  827  792  761  724  690  653
  614  579  543  521  499  485  472  456  438  409  369  321  281  245  223  202
  190  180  172  173  176  188  195  206  207  208  207  204  203  187  178  161
  158  146  146  146  165  190  226  263  295  323  353  382  418  449  477  501
  525  540  557  570  583  570  588  592  623                                   
    12.5-180.0 180.0   5.0 450.0                            LAT/LON1/LON2/DLON/H
  592  623  667  716  768  809  842  853  856  843  825  803  782  752  720  684
  648  612  573  545  517  498  474  450  418  373  315  266  231  203  189  179
  173  169  170  176  185  199  205  212  207  203  199  195  193  180  172  155
  149  137  136  139  160  191  228  265  295  324  352  387  421  454  482  508
  529  548  563  577  588  580  591  596  592                                   
    10.0-180.0 180.0   5.0 450.0                            LAT/LON1/LON2/DLON/H
  560  573  606  638  686  723  764  785  802  804  801  795  787  770  741  709
  677  643  604  569  538  509  477  437  391  327  267  221  197  176  168  162
  163  166  174  187  202  214  220  219  213  203  198  192  190  176  165  148
  137  124  121  126  149  182  224  259  291  319  350  384  423  457  487  517
  541  561  577  592  606  601  610  609  560                                   
     7.5-180.0 180.0   5.0 450.0                            LAT/LON1/LON2/DLON/H
  535  551  558  574  596  631  661  693  713  732  742  755  763  759  743  718
  691  661  625  590  552  516  471  420  358  287  230  194  178  170  169  172
