data/unet/pred1080.15i
     1.0            IONOSPHERE MAPS     GNSS                IONEX VERSION / TYPE
pyspatialgeodesy        IME             05-JAN-18 20:20     PGM / RUN BY / DATE 
Map Name                                                    COMMENT             
Predicted global ionosphere maps (GIM).                     DESCRIPTION         
  2015     4    18     0     0     0                        EPOCH OF FIRST MAP  
  2015     4    19     0     0     0                        EPOCH OF LAST MAP   
  7200                                                      INTERVAL            
    13                                                      # OF MAPS IN FILE   
  NONE                                                      MAPPING FUNCTION    
10.0                                                        ELEVATION CUTOFF    
One-way carrier phase leveled to code                       OBSERVABLES USED    
  6371.0                                                    BASE RADIUS         
 2                                                          MAP DIMENSION       
   450.0 450.0   0.0                                        HGT1 / HGT2 / DHGT  
    87.5 -87.5  -2.5                                        LAT1 / LAT2 / DLAT  
  -180.0 180.0   5.0                                        LON1 / LON2 / DLON  
    -1                                                      EXPONENT            
                                                            END OF HEADER       
     1                                                      START OF TEC MAP    
  2015     4    18     0     0     0                        EPOCH OF CURRENT MAP
    87.5-180.0 180.0   5.0 450.0                            LAT/LON1/LON2/DLON/H
  194  174  168  164  162  158  159  157  161  160  162  161  165  164  166  164
  167  165  166  162  164  160  160  155  156  152  151  147  148  143  143  138
  140  136  137  133  136  133  135  132  135  134  137  136  139  139  142  142
  146  145  148  148  152  152  155  155  159  159  161  161  165  165  167  167
  170  170  173  173  178  173  171  189  194                                   
    85.0-180.0 180.0   5.0 450.0                            LAT/LON1/LON2/DLON/H
  171  179  180  176  174  170  172  172  176  176  179  179  183  183  184  184
  185  183  183  180  179  175  172  167  166  160  158  152  151  145  142  137
  136  132  131  128  129  127  128  128  130  131  133  134  137  138  141  141
  146  147  150  151  155  156  159  159  164  165  168  168  172  172  175  175
  179  180  183  184  187  181  176  172  171                                   
    82.5-180.0 180.0   5.0 450.0                            LAT/LON1/LON2/DLON/H
  169  178  178  177  173  171  173  175  179  180  183  185  189  190  191  191
  191  189  187  184  181  176  171  166  161  155  149  143  139  131  127  121
  120  115  115  112  114  111  114  113  117  116  121  121  125  125  130  130
  135  136  141  142  148  149  153  154  160  160  165  165  170  170  174  174
  179  179  184  183  188  183  178  173  169                                   
    80.0-180.0 180.0   5.0 450.0                            LAT/LON1/LON2/DLON/H
  169  178  178  178  173  175  175  179  180  184  185  190  192  194  194  196
  195  194  190  188  183  179  172  167  159  153  145  139  132  126  119  114
  111  107  106  104  105  104  107  107  110  110  113  114  118  118  122  123
  128  130  135  138  144  146  151  154  159  162  165  168  170  172  173  175
  177  179  181  182  184  183  180  177  169                                   
    77.5-180.0 180.0   5.0 450.0                            LAT/LON1/LON2/DLON/H
  175  182  181  181  175  177  176  180  180  184  186  191  193  195  196  196
  196  194  192  188  184  178  172  165  157  149  142  134  127  119  113  108
  104  100   99   98   99   99  102  103  105  106  109  110  113  113  116  118
  122  125  130  134  139  144  149  154  158  162  164  167  169  170  171  172
  174  175  178  179  182  182  182  179  175                                   
    75.0-180.0 180.0   5.0 450.0                            LAT/LON1/LON2/DLON/H
  183  187  188  184  178  176  177  178  180  183  187  190  193  194  194  194
  193  191  189  186  183  179  172  167  159  152  145  138  130  122  116  110
  106  103  102  102  103  104  107  108  110  110  113  112  114  113  116  116
  120  123  129  133  141  145  151  155  161  163  168  169  171  171  172  171
  173  173  178  179  183  184  185  185  183                                   
    72.5-180.0 180.0   5.0 450.0                            LAT/LON1/LON2/DLON/H
  197  197  197  192  186  182  181  181  183  186  190  192  194  193  192  188
  186  183  182  180  179  176  173  168  162  154  147  140  132  124  117  112
  108  106  105  106  107  109  111  113  114  114  116  114  115  113  116  116
  120  123  130  134  142  146  153  156  163  165  169  170  171  170  169  167
  169  169  174  177  183  186  190  192  197                                   
    70.0-180.0 180.0   5.0 450.0                            LAT/LON1/LON2/DLON/H
  208  206  207  201  194  189  188  188  191  195  198  201  200  197  192  186
  180  176  174  175  175  176  174  171  165  158  150  142  134  127  121  115
  112  109  109  109  110  112  115  116  117  116  116  114  114  111  114  113
  117  120  128  133  142  147  154  158  166  167  172  171  173  169  169  165
  167  166  173  177  184  190  194  199  208                                   
    67.5-180.0 180.0   5.0 450.0                            LAT/LON1/LON2/DLON/H
  219  215  215  208  201  195  194  195  200  205  208  210  209  204  195  186
  177  171  169  170  172  175  175  173  167  159  151  142  133  126  120  115
  112  109  108  108  108  109  111  111  112  111  110  108  108  105  108  107
  112  115  124  130  141  146  154  158  167  168  173  172  173  169  167  163
  163  162  168  174  183  190  196  202  219                                   
    65.0-180.0 180.0   5.0 450.0                            LAT/LON1/LON2/DLON/H
  225  221  221  212  204  198  197  200  206  213  219  222  220  213  202  189
  178  171  167  168  170  173  174  172  166  157  149  138  131  123  118  113
  110  107  105  103  103  103  105  105  105  104  103  100   99   97   97   96
  101  105  115  122  135  141  151  156  165  168  173  172  174  169  166  160
  160  158  164  169  178  186  194  200  225                                   
    62.5-180.0 180.0   5.0 450.0                            LAT/LON1/LON2/DLON/H
  230  223  221  212  202  197  195  199  208  218  226  231  230  222  210  196
  183  174  168  168  169  171  171  167  160  151  141  133  124  118  113  108
  105  100   97   94   93   92   93   93   94   92   91   88   87   84   86   85
   90   95  104  113  126  135  144  152  161  166  171  172  174  169  165  160
  158  156  160  165  172  181  189  195  230                                   
    60.0-180.0 180.0   5.0 450.0                            LAT/LON1/LON2/DLON/H
  230  225  223  213  203  197  195  199  209  220  230  237  238  231  218  204
  189  179  171  169  168  167  163  157  149  139  131  122  116  110  107  103
   99   94   90   86   84   83   84   84   85   84   82   79   77   75   74   75
   79   84   95  104  120  129  140  147  158  163  170  172  175  172  169  164
  163  160  165  167  172  179  185  190  230                                   
    57.5-180.0 180.0   5.0 450.0                            LAT/LON1/LON2/DLON/H
  238  229  226  218  207  201  197  201  209  221  231  240  243  238  228  215
  200  190  179  175  170  166  159  151  140  130  121  115  109  107  104  101
   96   90   85   80   77   76   77   78   79   78   76   72   71   68   68   68
   71   76   84   95  109  122  132  142  151  159  166  172  177  178  177  175
  174  173  176  178  180  185  189  191  238                                   
    55.0-180.0 180.0   5.0 450.0                            LAT/LON1/LON2/DLON/H
  249  239  242  234  225  215  211  210  216  223  232  241  245  244  236  226
  213  203  190  183  174  168  158  147  135  124  117  111  109  108  107  103
   99   91   87   81   79   77   79   80   82   81   78   74   72   69   68   68
   70   73   81   90  108  117  132  139  151  157  167  174  182  186  189  190
  193  194  199  200  200  202  203  204  249                                   
    52.5-180.0 180.0   5.0 450.0                            LAT/LON1/LON2/DLON/H
  272  260  263  260  251  243  234  231  230  233  236  242  246  249  245  239
  229  219  204  195  181  173  159  149  135  128  119  117  115  116  114  112
  106  100   94   89   86   86   87   89   90   88   85   81   79   76   75   72
   73   74   78   88  104  117  128  139  149  158  168  177  188  194  203  209
  215  219  227  229  231  231  229  231  272                                   
    50.0-180.0 180.0   5.0 450.0                            LAT/LON1/LON2/DLON/H
  299  294  300  297  291  284  273  264  257  250  247  248  251  255  255  254
  245  235  218  207  191  179  165  155  144  137  131  129  128  128  126  122
  115  109  104   99   98   98  100  100  102  100   97   94   93   90   88   86
   85   85   89   97  115  126  141  149  161  167  177  184  196  206  216  226
  237  246  260  265  269  270  267  270  299                                   
    47.5-180.0 180.0   5.0 450.0                            LAT/LON1/LON2/DLON/H
  329  333  339  340  337  333  320  308  291  277  263  259  259  264  268  270
  264  254  236  219  201  189  173  165  154  150  144  143  140  139  135  132
  124  119  113  112  109  111  111  112  113  112  110  109  108  106  104  101
   99   98  101  109  125  138  151  162  172  179  187  193  207  217  232  245
  260  273  290  299  307  310  308  311  329                                   
    45.0-180.0 180.0   5.0 450.0                            LAT/LON1/LON2/DLON/H
  361  378  383  386  388  387  378  363  341  317  294  280  277  279  284  286
  282  271  251  232  214  201  187  177  167  162  157  154  150  146  141  137
  130  127  123  123  122  123  123  123  124  125  125  126  126  125  122  119
  116  114  116  124  140  154  171  183  195  200  207  213  225  236  251  267
  282  300  319  332  344  353  356  353  361                                   
    42.5-180.0 180.0   5.0 450.0                            LAT/LON1/LON2/DLON/H
  393  412  415  423  429  434  427  416  388  361  328  311  299  300  301  304
  298  287  267  249  231  217  202  191  178  170  162  158  150  146  141  138
  133  132  130  131  130  131  130  130  132  134  137  140  141  140  137  133
  128  125  126  135  151  169  186  203  213  220  225  232  243  256  273  290
  307  325  346  362  379  389  394  390  393                                   
    40.0-180.0 180.0   5.0 450.0                            LAT/LON1/LON2/DLON/H
  428  447  446  453  460  469  467  460  435  405  370  348  333  328  325  322
  315  301  283  266  251  235  218  203  188  174  164  154  147  141  138  136
  136  139  139  141  140  139  136  136  140  144  148  152  155  153  150  145
  138  134  135  144  162  181  202  218  232  238  246  253  266  281  300  317
  335  354  376  395  417  427  437  422  428                                   
    37.5-180.0 180.0   5.0 450.0                            LAT/LON1/LON2/DLON/H
  464  474  472  471  476  483  485  483  463  439  402  382  362  358  348  345
  332  319  299  286  272  257  235  215  193  175  158  150  140  138  137  141
  144  150  152  152  150  147  143  143  147  153  159  164  165  163  157  149
  140  136  135  148  163  184  204  223  238  247  257  269  285  305  326  346
  366  386  407  428  451  463  470  454  464                                   
    35.0-180.0 180.0   5.0 450.0                            LAT/LON1/LON2/DLON/H
  508  515  502  494  493  498  499  501  485  466  435  416  400  393  383  370
  354  335  318  304  293  274  251  223  197  172  155  146  141  143  147  154
  162  168  170  169  164  159  154  154  159  165  171  174  174  169  161  154
  143  138  139  148  164  183  204  225  243  258  270  287  305  330  353  377
  398  418  439  463  488  503  514  492  508                                   
    32.5-180.0 180.0   5.0 450.0                            LAT/LON1/LON2/DLON/H
  563  570  550  532  519  515  513  513  501  487  461  449  432  429  412  401
  375  357  337  325  310  289  261  229  199  176  159  156  155  164  168  180
  186  194  192  192  183  177  172  171  174  179  182  182  178  169  158  149
  139  135  135  143  155  175  195  217  241  264  280  302  322  353  380  412
  432  453  471  496  523  544  555  537  563                                   
    30.0-180.0 180.0   5.0 450.0                            LAT/LON1/LON2/DLON/H
  631  653  625  603  580  562  549  541  527  514  493  482  470  462  448  428
  401  373  353  335  317  292  260  228  200  181  172  173  182  194  203  214
  222  229  229  224  215  205  198  194  194  195  193  189  181  170  157  149
  138  136  135  139  149  165  185  210  234  266  282  311  333  369  402  442
  467  489  506  530  560  588  606  595  631                                   
    27.5-180.0 180.0   5.0 450.0                            LAT/LON1/LON2/DLON/H
  707  739  719  697  667  638  612  590  566  547  528  516  503  494  476  456
  422  396  365  344  318  290  254  227  201  194  188  198  211  228  240  258
  268  276  277  273  262  248  233  224  215  211  204  195  182  171  160  153
  144  139  134  134  140  152  170  193  225  261  285  313  338  379  418  460
  490  516  533  559  596  634  661  658  707                                   
    25.0-180.0 180.0   5.0 450.0                            LAT/LON1/LON2/DLON/H
  788  843  829  817  789  750  713  676  640  608  583  565  548  534  510  481
  444  403  369  335  307  277  249  230  219  222  230  252  269  292  303  319
  329  331  329  317  306  286  267  247  234  224  212  202  189  177  165  155
  148  132  129  126  134  143  160  191  221  265  286  325  354  398  440  484
  518  546  571  601  644  692  737  738  788                                   
    22.5-180.0 180.0   5.0 450.0                            LAT/LON1/LON2/DLON/H
  855  929  935  932  907  867  822  775  726  685  649  625  603  581  551  516
  471  427  380  339  302  275  251  247  245  265  286  324  344  369  370  383
  382  379  369  354  334  313  286  261  242  227  216  207  197  186  172  164
  151  132  129  122  133  144  168  198  237  282  311  351  383  426  464  505
  537  572  605  642  693  746  804  806  855                                   
    20.0-180.0 180.0   5.0 450.0                            LAT/LON1/LON2/DLON/H
  922  997 1013 1018 1009  975  943  894  837  787  746  711  683  653  612  566
  514  457  405  351  315  288  278  283  299  329  370  402  426  429  429  421
  417  400  391  368  344  318  290  265  243  230  219  214  207  195  184  173
  158  145  136  138  140  152  172  209  250  299  334  375  406  451  492  526
  564  601  649  687  739  793  859  858  922                                   
    17.5-180.0 180.0   5.0 450.0                            LAT/LON1/LON2/DLON/H
  955 1028 1064 1079 1073 1045 1016  981  937  884  836  797  760  721  675  627
  571  514  455  405  357  341  332  356  378  427  454  479  477  466  446  426
  407  391  375  356  330  305  279  258  240  229  223  220  214  206  200  187
  174  157  155  143  147  153  181  221  265  313  353  393  433  475  511  548
  585  631  679  723  767  812  863  874  955                                   
    15.0-180.0 180.0   5.0 450.0                            LAT/LON1/LON2/DLON/H
  974 1041 1084 1105 1112 1087 1068 1035 1004  966  924  881  840  788  739  687
  632  570  515  455  417  398  408  434  469  498  517  514  494  461  430  396
  378  354  342  322  305  285  271  251  237  229  225  226  223  217  211  197
  183  167  150  142  140  155  186  235  278  324  363  408  453  492  529  568
  609  656  706  740  775  811  862  879  974                                   
    12.5-180.0 180.0   5.0 450.0                            LAT/LON1/LON2/DLON/H
  938 1016 1066 1092 1106 1095 1084 1062 1037 1005  976  935  890  838  783  733
  682  633  580  536  496  489  496  516  535  538  530  504  462  418  377  347
  323  307  295  288  281  271  260  246  234  226  225  227  227  223  216  196
  180  157  144  130  138  154  195  242  283  323  363  413  463  507  547  588
  633  681  728  756  777  797  843  861  938                                   
    10.0-180.0 180.0   5.0 450.0                            LAT/LON1/LON2/DLON/H
  908  977 1027 1055 1074 1073 1072 1063 1049 1024 1000  969  929  876  824  769
  725  682  642  606  585  580  586  580  571  536  502  446  397  347  318  293
  283  274  275  275  277  272  264  251  240  233  229  231  231  226  217  195
  174  148  131  123  132  154  195  244  286  322  361  412  465  514  556  603
  646  700  741  766  774  792  835  848  908                                   
     7.5-180.0 180.0   5.0 450.0                            LAT/LON1/LON2/DLON/H
  853  934  973 1001 1022 1028 1036 1042 1038 1024 1004  980  941  897  846  796
  753  716  683  663  648  645  634  606  560  499  435  370  320  285  270  267
