data/unet/pred2950.15i
     1.0            IONOSPHERE MAPS     GNSS                IONEX VERSION / TYPE
pyspatialgeodesy        IME             05-JAN-18 20:20     PGM / RUN BY / DATE 
Map Name                                                    COMMENT             
Predicted global ionosphere maps (GIM).                     DESCRIPTION         
  2015    10    22     0     0     0                        EPOCH OF FIRST MAP  
  2015    10    23     0     0     0                        EPOCH OF LAST MAP   
  7200                                                      INTERVAL            
    13                                                      # OF MAPS IN FILE   
  NONE                                                      MAPPING FUNCTION    
10.0                                                        ELEVATION CUTOFF    
One-way carrier phase leveled to code                       OBSERVABLES USED    
  6371.0                                                    BASE RADIUS         
 2                                                          MAP DIMENSION       
   450.0 450.0   0.0                                        HGT1 / HGT2 / DHGT  
    87.5 -87.5  -2.5                                        LAT1 / LAT2 / DLAT  
  -180.0 180.0   5.0                                        LON1 / LON2 / DLON  
    -1                                                      EXPONENT            
                                                            END OF HEADER       
[from data line 3432]
     9                                                      START OF TEC MAP    
  2015    10    22    16     0     0                        EPOCH OF CURRENT MAP
    87.5-180.0 180.0   5.0 450.0                            LAT/LON1/LON2/DLON/H
  138  148  149  150  152  151  152  153  155  155  158  158  160  160  162  161
  164  162  165  163  165  162  164  160  162  159  159  156  156  154  152  150
  149  147  146  144  142  141  139  138  137  135  134  133  133  132  133  132
  133  133  133  133  134  134  135  135  136  135  135  136  137  137  137  138
  138  140  140  141  143  145  148  156  138                                   
    85.0-180.0 180.0   5.0 450.0                            LAT/LON1/LON2/DLON/H
  119  137  136  140  143  144  146  148  152  154  158  160  163  165  168  169
  171  171  173  172  172  170  170  167  167  163  162  158  156  152  148  144
  141  137  134  131  129  125  123  120  119  116  116  114  114  112  112  112
  113  114  115  116  118  119  120  121  123  123  123  124  125  125  125  125
  126  127  129  130  132  130  133  124  119                                   
    82.5-180.0 180.0   5.0 450.0                            LAT/LON1/LON2/DLON/H
  114  115  119  123  123  128  130  135  138  142  147  150  155  158  162  164
  168  168  172  170  173  170  170  166  166  161  158  153  148  144  137  135
  127  126  118  117  108  108  100  102   94   96   90   93   88   92   88   92
   90   94   93   97   97  100  101  103  104  105  105  105  107  106  107  107
  108  108  110  110  112  107  115   99  114                                   
    80.0-180.0 180.0   5.0 450.0                            LAT/LON1/LON2/DLON/H
   92   92   97  100  103  108  111  118  121  128  132  140  143  150  153  159
  161  165  165  168  166  168  165  165  160  158  151  150  141  140  130  129
  120  118  108  108   98   97   88   88   80   80   74   76   71   75   72   76
   75   80   80   85   86   91   92   95   96   98   97  100   98   99   97   98
   96   97   96   94   94   93   95   82   92                                   
    77.5-180.0 180.0   5.0 450.0                            LAT/LON1/LON2/DLON/H
   74   77   77   78   80   84   89   95  101  107  115  120  127  131  139  142
  149  150  157  158  163  160  162  159  159  153  149  144  138  132  126  121
  114  109  102   98   91   86   80   76   71   68   65   64   62   63   64   66
   68   72   75   81   83   89   91   94   96   96   96   96   96   93   93   90
   89   86   86   82   80   73   75   67   74                                   
    75.0-180.0 180.0   5.0 450.0                            LAT/LON1/LON2/DLON/H
   66   64   66   64   70   71   78   80   88   92  102  106  115  119  129  132
  141  143  152  153  160  160  164  162  163  158  155  149  145  138  131  124
  118  114  107  104   96   93   84   81   74   72   67   66   64   64   65   68
   70   75   79   84   87   92   95   97   99   98   98   96   95   92   91   87
   86   83   83   76   77   72   75   66   66                                   
    72.5-180.0 180.0   5.0 450.0                            LAT/LON1/LON2/DLON/H
   66   65   62   60   60   64   69   72   80   84   93   98  106  112  121  127
  135  141  149  154  162  164  170  170  173  169  166  161  155  148  140  133
  126  121  115  112  105  101   94   89   81   77   72   70   68   68   68   71
   74   79   83   88   92   96   98  100  101  100   98   96   94   91   89   86
   84   82   80   77   74   68   72   65   66                                   
    70.0-180.0 180.0   5.0 450.0                            LAT/LON1/LON2/DLON/H
   67   63   61   56   59   60   67   69   78   82   91   96  105  110  121  127
  137  145  155  161  172  177  184  186  189  185  183  176  171  160  153  143
  139  130  127  122  117  113  106  103   95   90   84   81   76   77   75   78
   79   85   87   93   94   99  100  102  101   99   96   92   91   87   87   84
   84   81   83   78   78   73   78   69   67                                   
    67.5-180.0 180.0   5.0 450.0                            LAT/LON1/LON2/DLON/H
   71   67   61   59   58   60   67   71   79   85   93   99  108  114  123  133
  142  153  163  174  185  195  202  207  210  208  203  195  187  177  168  160
  153  147  143  139  133  126  119  113  106  100   93   88   83   80   78   78
   79   81   83   86   88   90   91   91   91   89   86   85   83   81   80   80
   78   80   79   80   76   71   74   69   71                                   
    65.0-180.0 180.0   5.0 450.0                            LAT/LON1/LON2/DLON/H
   66   61   59   54   58   58   66   70   80   86   96  102  113  118  130  138
  150  160  175  185  203  212  223  226  233  228  227  216  210  199  188  177
  170  162  159  152  149  142  135  128  119  113  104   99   91   88   83   82
   78   79   76   78   76   77   76   76   75   74   72   70   69   68   69   67
   70   69   73   70   71   67   71   65   66                                   
    62.5-180.0 180.0   5.0 450.0                            LAT/LON1/LON2/DLON/H
   56   55   52   52   52   57   61   69   77   88   98  107  118  124  135  143
  156  168  183  197  216  229  241  248  251  248  243  236  231  222  213  202
  193  182  174  168  163  155  148  139  129  118  108  101   93   86   81   76
   73   68   66   62   62   61   61   61   62   62   59   60   60   58   58   58
   59   60   61   61   58   55   56   51   56                                   
    60.0-180.0 180.0   5.0 450.0                            LAT/LON1/LON2/DLON/H
   39   40   44   41   47   49   59   64   75   85  100  109  123  128  139  147
  161  173  189  204  223  234  250  255  260  255  254  249  246  243  237  229
  218  206  194  185  177  167  161  150  141  129  118  110  101   94   85   79
   70   64   58   54   51   49   48   49   50   50   50   50   51   50   51   49
   52   51   53   49   48   45   45   37   39                                   
    57.5-180.0 180.0   5.0 450.0                            LAT/LON1/LON2/DLON/H
   22   32   32   33   36   43   49   59   68   82   97  111  124  133  143  152
  164  177  193  208  226  238  252  262  264  263  261  259  261  258  258  252
  244  229  217  203  193  181  171  161  150  138  126  116  105   96   87   78
   70   60   57   49   46   43   43   44   46   47   47   50   50   49   48   48
   46   46   44   44   38   36   33   21   22                                   
    55.0-180.0 180.0   5.0 450.0                            LAT/LON1/LON2/DLON/H
   14   26   29   27   34   38   48   57   70   82   99  113  128  136  148  155
  169  180  196  210  227  238  249  256  264  263  264  265  269  273  274  274
  265  254  236  224  210  196  185  173  164  151  140  129  120  111  101   90
   79   70   61   56   52   49   49   51   53   55   55   57   57   56   55   54
   52   50   48   44   41   37   36   18   14                                   
    52.5-180.0 180.0   5.0 450.0                            LAT/LON1/LON2/DLON/H
   18   33   31   31   33   40   47   59   70   84  101  117  132  142  154  164
  175  187  202  216  232  239  250  258  263  267  268  272  279  284  291  288
  285  271  258  241  228  212  201  187  178  166  156  144  134  125  113  103
   93   83   75   68   65   64   63   65   68   70   70   72   71   70   65   64
   59   59   53   53   45   43   39   21   18                                   
    50.0-180.0 180.0   5.0 450.0                            LAT/LON1/LON2/DLON/H
   37   48   45   42   46   51   59   68   79   92  108  122  138  147  161  170
  184  194  210  222  234  242  249  256  263  268  274  279  289  297  305  304
  300  289  276  261  248  234  223  209  198  186  176  165  155  144  134  122
  112  103   96   90   86   84   84   85   88   89   90   91   90   89   85   82
   78   75   72   69   64   61   60   41   37                                   
    47.5-180.0 180.0   5.0 450.0                            LAT/LON1/LON2/DLON/H
   64   69   62   59   60   66   71   82   91  106  120  134  149  159  173  183
  197  207  224  232  243  249  256  263  269  275  280  286  297  302  310  307
  306  293  285  271  263  250  240  226  214  201  192  181  170  158  147  138
  126  119  113  109  104  103  101  104  105  108  107  110  107  108  102  102
   95   95   86   87   78   77   81   66   64                                   
    45.0-180.0 180.0   5.0 450.0                            LAT/LON1/LON2/DLON/H
   95   91   84   78   83   87   94  100  109  120  134  145  159  169  185  194
  211  222  236  244  253  259  263  271  277  282  288  293  300  306  310  309
  307  298  293  285  280  270  261  248  234  218  206  192  182  168  158  146
  138  129  125  121  118  116  115  116  117  118  119  121  121  122  121  120
  116  113  109  107  103   99  106   94   95                                   
    42.5-180.0 180.0   5.0 450.0                            LAT/LON1/LON2/DLON/H
  110  104   96   93   94   99  105  115  125  140  152  163  175  185  201  210
  228  238  250  256  264  271  277  283  291  294  299  302  306  305  307  304
  305  299  301  297  296  287  279  264  249  229  213  199  185  172  159  150
  140  135  128  126  120  120  116  118  118  122  119  125  123  129  125  130
  124  126  119  123  116  117  124  116  110                                   
    40.0-180.0 180.0   5.0 450.0                            LAT/LON1/LON2/DLON/H
  119  115  105  102  105  110  120  128  142  155  166  175  188  198  215  227
  243  253  263  269  273  279  285  293  299  304  307  309  307  305  303  304
  307  308  315  317  318  311  300  284  266  243  222  203  187  171  160  147
  141  132  129  123  118  114  112  112  113  114  115  119  122  127  130  133
  131  130  127  129  127  128  134  129  119                                   
    37.5-180.0 180.0   5.0 450.0                            LAT/LON1/LON2/DLON/H
  119  111  105  105  101  108  117  134  151  167  181  192  205  215  230  243
  256  264  271  276  280  286  294  302  310  314  317  314  310  305  306  308
  317  323  337  342  349  340  329  308  287  259  235  211  191  174  159  149
  139  133  128  123  115  112  107  108  107  111  110  116  114  122  120  128
  121  126  119  128  121  127  132  127  119                                   
    35.0-180.0 180.0   5.0 450.0                            LAT/LON1/LON2/DLON/H
  115  110  101   97   99  106  120  135  158  176  193  205  220  233  248  260
  270  278  282  286  290  295  304  311  319  322  325  320  318  315  318  326
  339  352  371  382  388  377  361  336  309  279  252  223  202  181  169  155
  148  137  132  123  117  110  108  108  111  113  114  115  118  120  122  126
  122  120  116  119  116  118  124  119  115                                   
    32.5-180.0 180.0   5.0 450.0                            LAT/LON1/LON2/DLON/H
  106   97   92   92   89   97  106  129  158  182  205  219  235  247  263  273
  281  286  289  293  297  303  311  318  328  332  336  333  335  337  346  358
  378  398  420  436  440  424  399  369  340  307  279  249  223  204  189  180
  170  161  153  144  136  129  126  126  129  132  132  133  130  132  129  132
  123  121  110  115  104  109  111  106  106                                   
    30.0-180.0 180.0   5.0 450.0                            LAT/LON1/LON2/DLON/H
   94   93   85   83   83   92  106  125  158  185  211  227  246  263  279  289
  295  300  304  308  313  319  325  331  339  343  349  354  364  375  391  414
  440  469  491  508  503  484  449  416  379  344  313  283  262  241  230  219
  210  199  191  179  169  162  160  161  165  167  162  157  152  149  147  145
  140  132  122  116  108  102  108   94   94                                   
    27.5-180.0 180.0   5.0 450.0                            LAT/LON1/LON2/DLON/H
   89   87   82   80   78   88   98  124  154  189  217  237  255  272  290  299
  306  310  315  322  327  332  335  339  347  355  372  387  408  427  454  480
  514  545  566  571  559  532  495  459  423  389  354  324  301  288  279  278
  268  250  237  214  202  188  185  188  199  204  205  205  194  186  174  169
  158  155  141  134  114  114  110   93   89                                   
    25.0-180.0 180.0   5.0 450.0                            LAT/LON1/LON2/DLON/H
   91   98   86   84   81   89  101  124  156  191  221  239  263  283  303  316
  323  331  336  345  350  352  353  354  363  377  401  429  461  494  525  557
  589  620  636  636  611  584  542  510  470  440  404  377  355  344  328  320
  311  302  288  274  259  248  243  242  243  241  233  230  227  223  215  206
  191  183  167  158  142  132  127  101   91                                   
    22.5-180.0 180.0   5.0 450.0                            LAT/LON1/LON2/DLON/H
  109  108  101   94   89   93  105  133  159  200  223  249  267  289  310  323
  336  345  356  364  370  368  368  369  383  403  439  474  518  553  585  609
  645  672  687  679  648  612  570  540  503  476  446  420  392  373  368  367
  367  362  354  343  329  306  291  281  279  271  263  254  249  237  239  232
  229  221  207  194  171  161  146  118  109                                   
    20.0-180.0 180.0   5.0 450.0                            LAT/LON1/LON2/DLON/H
  122  128  117  114  105  107  121  140  169  202  226  249  270  295  320  339
  352  366  376  386  392  389  388  394  411  440  475  522  568  605  634  662
  693  718  722  709  671  637  591  567  535  513  473  445  420  409  404  409
  411  413  410  401  385  364  341  332  320  314  299  289  277  272  266  266
  264  253  236  228  203  183  164  134  122                                   
    17.5-180.0 180.0   5.0 450.0                            LAT/LON1/LON2/DLON/H
  137  137  128  123  120  122  135  155  176  211  230  258  274  301  326  344
  362  376  393  399  407  402  405  412  435  465  517  564  615  650  680  699
  726  740  734  714  673  637  602  584  561  530  495  464  440  431  430  436
  442  447  446  439  419  395  370  356  345  340  325  314  297  291  286  287
  288  285  265  245  222  202  181  152  137                                   
    15.0-180.0 180.0   5.0 450.0                            LAT/LON1/LON2/DLON/H
  128  143  125  117  123  132  151  168  196  221  241  264  281  309  335  360
  378  396  408  416  419  417  420  434  462  504  559  613  663  697  716  726
  737  741  725  705  668  641  614  606  582  561  519  487  454  442  433  439
  441  450  450  443  424  401  376  366  353  350  333  323  303  299  293  298
  301  302  282  261  232  207  187  159  128                                   
    12.5-180.0 180.0   5.0 450.0                            LAT/LON1/LON2/DLON/H
  133  143  126  121  119  134  149  174  201  230  246  270  288  317  347  376
  396  413  429  433  437  432  443  463  504  552  610  659  701  721  730  732
  732  726  707  689  657  638  625  624  607  582  541  497  461  439  427  425
  430  436  437  428  413  392  372  358  347  340  321  308  288  285  283  291
  295  296  277  260  230  205  184  160  133                                   
    10.0-180.0 180.0   5.0 450.0                            LAT/LON1/LON2/DLON/H
  117  134  114  109  117  132  159  183  216  243  267  287  305  336  365  398
  421  438  451  457  459  460  478  510  559  609  660  701  729  736  734  724
  714  706  688  677  652  651  638  648  623  603  552  509  460  434  413  411
  408  415  413  408  395  380  368  354  343  328  310  292  277  270  269  275
  279  279  261  245  218  193  175  145  117                                   
     7.5-180.0 180.0   5.0 450.0                            LAT/LON1/LON2/DLON/H
  111  123  105  104  109  130  159  191  220  254  277  304  323  352  383  414
  439  460  475  485  489  496  520  560  610  660  698  729  740  737  724  713
