data/unet/pred3000.15i
     1.0            IONOSPHERE MAPS     GNSS                IONEX VERSION / TYPE
pyspatialgeodesy        IME             05-JAN-18 20:20     PGM / RUN BY / DATE 
Map Name                                                    COMMENT             
Predicted global ionosphere maps (GIM).                     DESCRIPTION         
  2015    10    27     0     0     0                        EPOCH OF FIRST MAP  
  2015    10    28     0     0     0                        EPOCH OF LAST MAP   
  7200                                                      INTERVAL            
    13                                                      # OF MAPS IN FILE   
  NONE                                                      MAPPING FUNCTION    
10.0                                                        ELEVATION CUTOFF    
One-way carrier phase leveled to code                       OBSERVABLES USED    
  6371.0                                                    BASE RADIUS         
 2                                                          MAP DIMENSION       
   450.0 450.0   0.0                                        HGT1 / HGT2 / DHGT  
    87.5 -87.5  -2.5                                        LAT1 / LAT2 / DLAT  
  -180.0 180.0   5.0                                        LON1 / LON2 / DLON  
    -1                                                      EXPONENT            
                                                            END OF HEADER       
[from data line 429]
     2                                                      START OF TEC MAP    
  2015    10    27     2     0     0                        EPOCH OF CURRENT MAP
    87.5-180.0 180.0   5.0 450.0                            LAT/LON1/LON2/DLON/H
  113  106  104   94   92   85   85   81   84   79   80   77   79   75   76   72
   74   69   70   65   67   63   64   59   62   58   61   58   61   59   63   61
   66   65   69   68   73   72   76   76   79   80   83   84   86   87   88   90
   92   94   95   97   99  100  102  103  106  106  108  107  110  109  110  108
  111  109  111  109  114  107  106  122  113                                   
    85.0-180.0 180.0   5.0 450.0                            LAT/LON1/LON2/DLON/H
  106  116   98   99   92   87   82   82   80   79   77   77   76   75   73   72
   71   69   66   64   62   60   57   55   53   53   51   52   50   53   52   55
   55   58   58   62   63   66   68   71   72   76   78   81   83   87   88   92
   93   97   99  101  103  105  107  109  111  111  113  113  115  114  115  114
  115  114  115  114  114  107  113  120  106                                   
    82.5-180.0 180.0   5.0 450.0                            LAT/LON1/LON2/DLON/H
  116  116  111  104   96   87   85   81   83   79   81   80   82   81   82   81
   80   78   75   72   68   64   60   55   52   48   47   44   44   42   44   43
   46   45   49   50   54   56   61   63   68   70   75   79   84   86   92   95
  101  102  108  109  115  115  120  121  126  127  130  131  134  135  136  137
  138  137  138  134  134  125  129  124  116                                   
    80.0-180.0 180.0   5.0 450.0                            LAT/LON1/LON2/DLON/H
  128  123  115  108  102   92   90   85   86   83   86   86   90   89   92   90
   92   87   86   80   77   68   63   55   51   43   41   36   36   33   35   34
   38   37   44   44   52   52   61   61   70   69   79   79   88   86   95   94
  102  101  109  109  117  117  124  125  132  132  138  139  144  145  149  149
  153  151  155  150  148  138  137  131  128                                   
    77.5-180.0 180.0   5.0 450.0                            LAT/LON1/LON2/DLON/H
  142  138  128  123  108  104   93   94   87   91   88   94   94  100   97  102
   98   99   92   90   81   76   66   59   49   45   39   37   33   34   33   38
   36   43   43   52   51   60   60   68   67   74   75   81   81   85   87   91
   92   95   98  101  105  109  114  119  125  130  136  140  147  150  156  160
  165  165  169  166  162  158  157  149  142                                   
    75.0-180.0 180.0   5.0 450.0                            LAT/LON1/LON2/DLON/H
  157  152  141  135  122  114  103  101   95   95   94   97  100  102  104  104
  105  103   99   94   87   79   70   61   52   45   40   38   35   37   37   42
   42   47   50   55   57   61   64   67   69   72   74   76   77   76   79   77
   80   80   84   86   91   95  103  109  118  125  133  139  147  152  160  164
  173  176  181  181  178  174  174  163  157                                   
    72.5-180.0 180.0   5.0 450.0                            LAT/LON1/LON2/DLON/H
  177  171  161  148  133  123  111  106   98   97   94   97   98  101  102  104
  104  102  100   95   89   82   75   65   58   50   48   44   45   45   49   50
   53   55   58   61   61   63   64   66   66   67   68   68   67   66   67   65
   66   65   69   71   78   82   93  101  114  121  131  138  149  154  164  168
  179  182  191  192  193  193  194  182  177                                   
    70.0-180.0 180.0   5.0 450.0                            LAT/LON1/LON2/DLON/H
  192  188  179  168  152  141  126  122  112  109  103  104  103  102  103  102
  103  101  100   95   90   82   76   67   61   55   53   52   53   56   59   62
   62   65   63   64   60   60   58   58   56   57   57   57   56   54   55   53
   53   54   57   62   69   78   89  102  115  126  137  145  156  162  171  176
  185  189  197  201  204  208  213  199  192                                   
    67.5-180.0 180.0   5.0 450.0                            LAT/LON1/LON2/DLON/H
  206  206  197  183  165  153  140  133  124  118  110  107  101  100   95   95
   93   94   93   91   86   83   76   71   64   62   61   62   63   67   70   73
   72   71   68   64   59   55   53   49   48   46   49   47   48   46   47   45
   46   45   49   55   65   77   92  107  121  133  144  155  164  170  178  182
  189  192  200  205  213  217  221  211  206                                   
    65.0-180.0 180.0   5.0 450.0                            LAT/LON1/LON2/DLON/H
  215  216  209  196  180  168  155  150  139  133  122  116  107  100   94   90
   89   88   88   86   85   80   76   70   66   64   64   66   70   74   77   79
   77   75   68   63   54   50   43   41   39   39   41   42   43   43   43   42
   41   43   47   57   68   84  100  118  132  146  158  168  176  181  185  189
  192  195  201  206  214  220  228  218  215                                   
    62.5-180.0 180.0   5.0 450.0                            LAT/LON1/LON2/DLON/H
  219  222  212  200  183  172  163  156  149  139  128  118  107   98   88   84
   81   82   81   82   78   78   71   69   63   64   63   68   69   75   76   78
   74   70   63   56   48   41   36   32   33   32   38   39   42   41   41   40
   39   42   47   59   72   90  107  126  142  158  170  181  187  190  193  192
  194  194  199  204  213  219  225  217  219                                   
    60.0-180.0 180.0   5.0 450.0                            LAT/LON1/LON2/DLON/H
  221  219  210  199  186  177  166  164  154  148  135  125  112  101   90   84
   81   80   80   79   77   74   68   64   61   60   60   64   67   70   71   71
   67   63   57   51   44   38   33   32   33   36   41   45   49   50   48   47
   45   48   53   65   80   99  117  137  153  171  184  194  201  205  205  203
  202  199  200  203  209  215  221  213  221                                   
    57.5-180.0 180.0   5.0 450.0                            LAT/LON1/LON2/DLON/H
  220  219  208  197  181  175  167  163  158  149  139  126  114  103   93   86
   82   81   80   79   74   72   65   63   58   57   56   59   60   63   62   61
   57   54   51   47   44   38   38   35   39   41   48   53   55   56   54   53
   50   55   60   71   86  106  125  144  161  180  193  205  213  216  219  214
  213  207  208  207  211  213  216  210  220                                   
    55.0-180.0 180.0   5.0 450.0                            LAT/LON1/LON2/DLON/H
  228  222  212  200  185  177  168  166  159  153  141  131  119  110  100   94
   90   87   84   81   75   71   65   61   57   57   56   58   58   59   57   55
   52   51   50   51   50   49   49   49   52   56   63   68   71   72   68   65
   62   65   71   82   97  117  136  153  172  189  204  215  226  232  234  233
  229  223  220  217  217  218  219  212  228                                   
    52.5-180.0 180.0   5.0 450.0                            LAT/LON1/LON2/DLON/H
  240  236  223  209  193  183  172  167  160  151  141  130  121  113  106  101
   96   92   86   81   74   70   64   61   58   58   58   59   57   57   54   51
   49   50   53   57   62   62   65   64   67   70   76   81   82   82   78   76
   73   76   81   92  107  126  143  161  177  196  210  224  235  243  249  247
  247  240  238  232  230  227  228  221  240                                   
    50.0-180.0 180.0   5.0 450.0                            LAT/LON1/LON2/DLON/H
  255  247  237  227  211  198  182  175  163  155  141  132  123  118  111  106
  101   94   86   79   73   68   66   64   63   64   64   64   63   61   57   53
   52   56   60   69   76   80   82   81   83   85   90   94   97   96   91   87
   86   89   96  108  125  141  157  173  189  203  218  229  243  253  260  263
  263  258  254  248  243  243  239  233  255                                   
    47.5-180.0 180.0   5.0 450.0                            LAT/LON1/LON2/DLON/H
  271  266  257  248  231  218  200  187  170  157  143  132  125  119  115  109
  102   94   85   78   73   70   69   70   69   71   71   71   70   66   63   59
   59   62   71   80   91   94   97   94   95   97  101  104  106  105  100   99
   99  104  113  125  141  156  170  187  199  212  224  236  247  257  266  270
  274  269  269  262  260  255  255  248  271                                   
    45.0-180.0 180.0   5.0 450.0                            LAT/LON1/LON2/DLON/H
  279  276  272  266  250  238  218  205  181  166  147  136  127  122  116  109
  100   91   82   76   74   74   75   77   77   78   77   78   76   73   69   64
   64   69   77   89   99  105  107  105  104  105  110  114  116  114  111  109
  112  119  132  147  163  178  192  203  214  222  233  242  252  262  270  275
  278  275  274  269  265  265  263  258  279                                   
    42.5-180.0 180.0   5.0 450.0                            LAT/LON1/LON2/DLON/H
  282  284  279  277  266  254  236  220  197  175  155  141  130  123  115  107
   97   88   80   78   78   82   84   86   84   83   81   81   79   77   72   68
   67   72   81   92  104  109  110  108  106  109  113  118  120  119  118  119
  124  134  149  164  182  198  209  221  229  235  243  249  256  262  271  272
  277  274  275  271  270  267  270  264  282                                   
    40.0-180.0 180.0   5.0 450.0                            LAT/LON1/LON2/DLON/H
  279  281  279  279  271  261  243  230  207  187  163  149  136  126  116  106
   96   88   83   85   88   93   94   94   89   86   80   79   77   76   72   69
   68   72   80   92  102  108  109  107  107  110  116  122  125  125  126  127
  136  149  166  183  203  216  229  237  245  249  254  259  266  272  278  278
  280  276  276  272  270  269  271  264  279                                   
    37.5-180.0 180.0   5.0 450.0                            LAT/LON1/LON2/DLON/H
  276  278  274  275  269  261  248  235  217  197  175  158  142  131  119  108
   98   92   92   96  102  107  107  102   92   84   76   73   71   71   69   67
   66   70   79   87   99  103  105  104  106  110  116  122  127  128  129  133
  142  158  176  197  215  233  244  254  260  263  269  272  280  285  293  290
  292  286  287  281  277  275  279  269  276                                   
    35.0-180.0 180.0   5.0 450.0                            LAT/LON1/LON2/DLON/H
  280  281  273  267  260  254  243  233  217  201  181  165  149  135  122  110
  103  101  103  111  115  119  113  105   91   82   71   67   66   67   67   67
   69   74   80   89   97  103  104  105  107  113  120  126  130  130  132  134
  144  160  181  200  222  237  252  259  267  271  278  285  297  308  314  313
  313  307  305  297  293  290  290  279  280                                   
    32.5-180.0 180.0   5.0 450.0                            LAT/LON1/LON2/DLON/H
  298  295  282  270  260  250  240  229  219  203  187  170  154  139  124  113
  108  109  112  120  124  125  117  105   90   79   69   66   65   68   69   73
   76   81   87   92  100  104  107  107  111  115  120  126  127  128  126  130
  137  152  172  192  215  236  250  262  270  278  288  301  317  330  341  342
  345  341  341  333  331  324  324  309  298                                   
    30.0-180.0 180.0   5.0 450.0                            LAT/LON1/LON2/DLON/H
  344  333  311  282  265  249  237  227  215  204  188  174  158  141  126  115
  112  114  117  124  123  122  112  103   91   84   78   76   78   80   84   89
   94  100  102  106  110  114  113  113  117  120  124  128  128  125  124  125
  135  147  167  183  209  229  251  261  276  284  304  319  344  360  373  379
  386  386  392  386  390  389  383  355  344                                   
    27.5-180.0 180.0   5.0 450.0                            LAT/LON1/LON2/DLON/H
  416  406  372  324  294  266  248  233  222  208  194  177  159  142  125  115
  111  114  114  118  115  113  107  102   98   99  100  102  104  107  109  117
  120  125  124  123  124  121  122  119  120  119  121  123  120  117  113  117
  124  137  153  175  198  222  241  259  272  290  314  339  365  385  407  420
  428  434  441  446  455  459  456  422  416                                   
    25.0-180.0 180.0   5.0 450.0                            LAT/LON1/LON2/DLON/H
  526  518  473  405  353  304  270  246  230  216  199  183  163  144  127  114
  110  109  106  105  100  101  100  105  113  123  134  137  141  141  144  150
  154  158  153  146  141  135  130  125  123  119  119  118  116  112  111  113
  122  134  155  174  200  225  248  262  283  300  328  353  387  411  441  462
  480  490  503  510  524  539  541  512  526                                   
    22.5-180.0 180.0   5.0 450.0                            LAT/LON1/LON2/DLON/H
  626  617  567  500  437  372  321  279  256  232  216  193  171  149  130  116
  106  101   92   89   83   90   99  117  136  156  172  180  181  181  177  184
  183  186  173  162  150  142  137  128  123  114  111  109  107  103  103  107
  117  132  149  172  198  229  251  273  297  318  344  371  404  433  469  498
  524  538  555  566  588  606  615  601  626                                   
    20.0-180.0 180.0   5.0 450.0                            LAT/LON1/LON2/DLON/H
  704  715  670  603  540  461  395  341  296  262  234  212  187  163  141  123
  112   98   88   79   79   90  110  137  166  192  217  221  224  215  211  212
  208  205  188  171  157  145  136  129  120  113  107  106  104  100  101  105
  119  133  155  179  212  242  271  294  319  336  366  390  424  455  495  528
  562  580  602  618  650  678  689  682  704                                   
    17.5-180.0 180.0   5.0 450.0                            LAT/LON1/LON2/DLON/H
  744  771  732  684  620  541  467  404  356  311  271  237  211  184  160  140
  123  107   92   87   91  111  139  171  204  235  257  263  257  246  233  229
  218  209  190  171  153  141  131  122  114  104   97   93   93   87   91  101
  117  137  159  190  224  261  293  320  346  365  392  416  445  476  511  545
  577  599  622  645  682  716  737  730  744                                   
    15.0-180.0 180.0   5.0 450.0                            LAT/LON1/LON2/DLON/H
  754  786  767  729  679  601  533  465  418  368  320  272  237  209  185  163
  148  126  116  108  125  145  177  207  243  267  285  282  275  256  241  234
  218  206  185  165  148  134  122  118  109  104   95   92   90   85   89   98
  117  138  165  197  239  277  313  339  365  381  405  430  459  491  520  552
  582  604  627  654  692  724  746  747  754                                   
    12.5-180.0 180.0   5.0 450.0                            LAT/LON1/LON2/DLON/H
  723  766  759  736  703  636  573  511  464  420  372  322  277  245  218  197
  180  166  155  160  175  202  226  256  277  297  301  294  278  260  242  229
  211  196  176  156  142  128  121  115  108   99   91   84   84   78   84   97
  117  141  169  207  251  290  329  353  382  395  422  441  471  492  518  539
  566  583  604  630  669  695  722  733  723                                   
    10.0-180.0 180.0   5.0 450.0                            LAT/LON1/LON2/DLON/H
  674  719  725  728  707  661  608  553  511  464  426  376  334  287  257  231
  217  203  203  211  237  259  281  295  306  307  300  281  266  247  231  217
  198  182  166  149  134  126  120  118  111  103   95   89   85   77   83   94
  115  141  171  210  253  294  328  355  381  400  422  450  476  498  513  534
  554  572  585  615  643  663  678  703  674                                   
     7.5-180.0 180.0   5.0 450.0                            LAT/LON1/LON2/DLON/H
  614  656  678  692  692  662  630  585  549  508  465  426  386  344  307  280
  259  251  250  275  297  323  329  327  312  298  279  260  241  230  217  203
