data/unet/pred1180.15i
     1.0            IONOSPHERE MAPS     GNSS                IONEX VERSION / TYPE
pyspatialgeodesy        IME             05-JAN-18 20:20     PGM / RUN BY / DATE 
Map Name                                                    COMMENT             
Predicted global ionosphere maps (GIM).                     DESCRIPTION         
  2015     4    28     0     0     0                        EPOCH OF FIRST MAP  
  2015     4    29     0     0     0                        EPOCH OF LAST MAP   
  7200                                                      INTERVAL            
    13                                                      # OF MAPS IN FILE   
  NONE                                                      MAPPING FUNCTION    
10.0                                                        ELEVATION CUTOFF    
One-way carrier phase leveled to code                       OBSERVABLES USED    
  6371.0                                                    BASE RADIUS         
 2                                                          MAP DIMENSION       
   450.0 450.0   0.0                                        HGT1 / HGT2 / DHGT  
    87.5 -87.5  -2.5                                        LAT1 / LAT2 / DLAT  
  -180.0 180.0   5.0                                        LON1 / LON2 / DLON  
    -1                                                      EXPONENT            
                                                            END OF HEADER       
[from data line 3432]
     9                                                      START OF TEC MAP    
  2015     4    28    16     0     0                        EPOCH OF CURRENT MAP
    87.5-180.0 180.0   5.0 450.0                            LAT/LON1/LON2/DLON/H
  231  218  224  216  222  213  223  217  226  222  230  226  234  230  236  233
  238  236  240  238  242  239  243  240  244  241  244  242  245  243  245  242
  243  239  239  234  235  229  229  224  224  218  219  213  214  208  210  204
  207  202  205  201  205  201  205  201  205  201  206  201  206  201  206  201
  206  201  207  202  210  205  211  222  231                                   
    85.0-180.0 180.0   5.0 450.0                            LAT/LON1/LON2/DLON/H
  227  220  218  220  212  218  216  223  222  228  227  233  233  238  237  240
  240  243  242  244  244  245  244  244  244  243  242  241  240  239  237  236
  233  230  226  223  220  216  213  210  208  204  204  200  201  197  199  195
  197  194  197  194  197  194  198  196  199  197  200  199  200  200  201  201
  200  201  200  200  203  203  203  221  227                                   
    82.5-180.0 180.0   5.0 450.0                            LAT/LON1/LON2/DLON/H
  231  215  213  214  208  214  213  221  222  228  229  234  235  239  239  242
  241  244  243  246  243  247  244  246  244  246  243  245  242  243  239  239
  233  231  224  221  215  212  207  204  201  198  196  195  193  192  191  190
  190  189  190  190  192  191  194  192  194  192  195  194  194  194  195  195
  194  195  194  194  192  196  196  211  231                                   
    80.0-180.0 180.0   5.0 450.0                            LAT/LON1/LON2/DLON/H
  210  201  196  204  199  210  206  217  213  222  220  226  226  229  228  231
  231  234  234  237  237  240  239  241  239  240  238  238  236  235  231  229
  225  220  214  208  203  197  192  188  185  182  180  179  179  178  179  178
  180  178  182  181  185  183  187  184  188  184  189  184  187  182  185  181
  181  181  181  181  182  182  186  199  210                                   
    77.5-180.0 180.0   5.0 450.0                            LAT/LON1/LON2/DLON/H
  201  192  191  197  199  206  205  211  210  216  213  218  216  219  217  220
  220  225  225  230  229  234  231  235  231  234  230  232  230  231  227  227
  221  219  211  209  200  197  190  188  184  182  181  182  182  182  183  184
  186  186  189  190  192  192  195  195  194  194  194  193  191  189  187  185
  182  180  178  175  173  176  176  187  201                                   
    75.0-180.0 180.0   5.0 450.0                            LAT/LON1/LON2/DLON/H
  187  184  181  188  193  198  202  204  207  205  209  207  210  207  210  208
  212  212  219  220  227  227  233  233  236  236  237  236  237  234  234  229
  226  222  217  211  206  201  196  192  189  187  186  185  187  187  189  187
  191  190  194  192  196  194  196  192  193  189  191  185  186  181  182  176
  175  171  171  166  167  166  173  177  187                                   
    72.5-180.0 180.0   5.0 450.0                            LAT/LON1/LON2/DLON/H
  186  182  185  191  195  201  204  208  208  209  207  209  205  207  205  207
  207  212  214  220  223  229  231  236  236  240  238  241  239  239  235  235
  229  229  223  222  215  213  206  207  201  202  199  201  200  202  200  204
  202  205  203  207  204  206  201  202  196  197  192  192  186  186  181  180
  175  175  171  169  167  167  171  171  186                                   
    70.0-180.0 180.0   5.0 450.0                            LAT/LON1/LON2/DLON/H
  175  177  183  188  195  200  207  210  212  213  212  212  212  211  211  210
  212  214  220  224  231  235  242  245  250  253  252  255  253  251  247  244
  240  239  234  233  227  225  218  218  214  215  211  214  212  213  212  213
  213  212  209  209  206  203  198  195  191  188  185  182  180  176  175  171
  170  166  167  162  162  163  167  161  175                                   
    67.5-180.0 180.0   5.0 450.0                            LAT/LON1/LON2/DLON/H
  168  172  183  190  197  202  209  213  216  217  217  218  217  218  216  218
  217  222  225  232  237  243  249  256  260  263  262  264  261  257  252  250
  245  245  242  242  238  235  229  229  225  226  223  226  223  225  220  222
  216  215  207  206  197  194  185  184  175  174  169  170  163  164  159  161
  156  158  157  157  157  155  162  154  168                                   
    65.0-180.0 180.0   5.0 450.0                            LAT/LON1/LON2/DLON/H
  155  164  176  183  194  201  208  212  216  218  219  221  221  223  222  224
  224  229  233  240  247  253  260  265  271  271  270  269  266  262  257  255
  251  251  248  247  246  242  238  235  233  232  231  232  233  231  227  223
  219  210  204  195  189  180  175  168  162  159  154  152  148  147  145  145
  144  144  146  143  144  146  151  143  155                                   
    62.5-180.0 180.0   5.0 450.0                            LAT/LON1/LON2/DLON/H
  134  145  162  172  185  191  201  204  211  211  215  216  219  221  225  226
  229  232  237  244  250  257  262  269  271  270  267  267  264  260  257  256
  254  255  254  255  252  250  246  246  242  243  241  245  240  239  230  227
  215  208  195  189  176  170  161  155  148  144  139  138  132  133  129  129
  126  127  127  126  125  124  131  128  134                                   
    60.0-180.0 180.0   5.0 450.0                            LAT/LON1/LON2/DLON/H
  116  126  140  153  168  181  190  196  202  206  209  214  216  222  224  229
  229  235  237  245  249  258  262  265  268  264  264  260  262  258  258  259
  259  261  261  263  260  258  255  253  252  250  250  250  248  243  235  225
  216  203  192  180  172  161  155  146  143  137  134  132  127  126  122  121
  117  117  116  112  109  109  112  109  116                                   
    57.5-180.0 180.0   5.0 450.0                            LAT/LON1/LON2/DLON/H
   99  106  121  135  153  164  177  182  191  193  202  204  212  215  222  226
  231  234  239  242  249  254  257  261  259  256  253  255  253  257  257  264
  264  270  270  272  270  270  266  266  262  263  260  262  255  252  240  233
  217  207  192  185  170  163  154  150  143  142  138  138  131  131  124  122
  115  113  109  104  100   94   95   94   99                                   
    55.0-180.0 180.0   5.0 450.0                            LAT/LON1/LON2/DLON/H
   94   97  109  123  141  157  167  175  180  186  192  199  205  213  218  227
  230  237  239  243  245  251  252  258  256  255  253  253  260  260  268  269
  275  278  279  282  279  279  276  275  272  274  270  271  265  260  247  236
  224  211  199  188  179  170  163  157  155  154  153  150  145  143  136  131
  123  119  115  108  101   99   98   92   94                                   
    52.5-180.0 180.0   5.0 450.0                            LAT/LON1/LON2/DLON/H
   95   97  108  123  141  155  166  174  181  187  194  198  207  212  222  230
  236  240  245  245  249  251  255  259  262  261  264  267  270  279  282  292
  293  299  300  301  299  298  295  294  291  292  287  287  278  273  259  249
  233  224  210  203  190  185  175  175  170  173  171  172  166  163  154  149
  138  133  126  119  112  104  104   98   95                                   
    50.0-180.0 180.0   5.0 450.0                            LAT/LON1/LON2/DLON/H
  111  108  116  129  147  163  173  181  186  193  198  203  210  217  228  237
  243  250  252  254  254  256  257  263  265  273  273  284  287  297  303  311
  314  320  319  321  316  315  311  311  307  308  302  301  290  283  269  259
  247  235  223  213  206  197  192  189  189  188  190  189  188  182  174  166
  157  150  145  137  130  125  124  118  111                                   
    47.5-180.0 180.0   5.0 450.0                            LAT/LON1/LON2/DLON/H
  131  124  128  141  156  173  185  195  201  210  215  219  225  231  241  251
  259  265  268  268  269  270  274  280  286  293  300  309  316  327  334  340
  344  347  348  346  343  339  335  332  328  328  320  317  304  294  280  271
  256  248  233  227  214  208  200  200  197  200  200  201  199  194  187  179
  171  165  160  154  150  142  144  139  131                                   
    45.0-180.0 180.0   5.0 450.0                            LAT/LON1/LON2/DLON/H
  155  146  146  155  171  187  201  212  218  228  231  237  241  249  260  271
  278  286  286  288  286  290  292  300  303  313  316  333  337  356  357  371
  368  373  369  372  367  365  358  357  350  348  336  331  315  304  286  275
  261  251  236  227  216  208  202  199  200  202  203  205  203  200  192  186
  179  174  172  167  166  163  168  162  155                                   
    42.5-180.0 180.0   5.0 450.0                            LAT/LON1/LON2/DLON/H
  172  160  162  170  182  199  215  229  240  249  253  259  262  269  279  292
  299  307  308  310  309  314  319  327  330  337  343  355  367  379  387  393
  395  396  397  397  395  392  387  382  372  366  352  343  326  313  295  282
  268  254  238  228  214  203  196  192  194  195  199  199  199  194  190  185
  179  176  173  171  172  172  179  173  172                                   
    40.0-180.0 180.0   5.0 450.0                            LAT/LON1/LON2/DLON/H
  185  171  172  177  190  205  224  239  251  263  269  277  278  287  293  307
  310  322  321  326  327  335  341  351  354  363  368  381  389  401  409  416
  419  423  425  429  424  423  416  412  399  389  373  360  341  326  307  294
  277  261  241  227  212  200  191  188  185  189  188  192  187  187  181  180
  174  172  170  171  172  175  185  180  185                                   
    37.5-180.0 180.0   5.0 450.0                            LAT/LON1/LON2/DLON/H
  185  173  173  179  187  205  222  241  258  274  285  293  295  303  306  319
  322  332  333  341  344  357  364  376  380  390  395  407  415  427  440  448
  456  461  465  464  460  455  448  440  426  415  399  387  366  351  330  316
  298  279  258  241  221  207  198  192  189  187  190  188  187  184  181  182
  177  177  174  171  167  171  180  179  185                                   
    35.0-180.0 180.0   5.0 450.0                            LAT/LON1/LON2/DLON/H
  177  166  162  167  179  195  218  237  261  278  294  304  309  316  316  326
  329  339  339  351  357  373  380  396  400  415  420  434  447  461  481  490
  507  509  514  511  503  497  483  476  458  448  430  421  403  388  365  345
  324  301  276  256  239  225  217  215  216  220  222  222  218  213  209  205
  203  196  192  182  176  174  176  174  177                                   
    32.5-180.0 180.0   5.0 450.0                            LAT/LON1/LON2/DLON/H
  168  153  153  157  168  187  211  233  261  278  298  308  317  323  325  333
  337  345  349  362  372  391  400  414  423  438  447  464  482  501  527  542
  565  571  582  576  569  555  539  524  504  491  470  459  436  420  391  376
  352  329  307  288  269  254  246  241  242  240  242  243  243  239  245  243
  243  229  218  200  191  180  174  166  168                                   
    30.0-180.0 180.0   5.0 450.0                            LAT/LON1/LON2/DLON/H
  163  155  150  148  158  174  202  224  255  274  297  310  319  328  329  337
  341  349  353  371  382  404  413  431  440  460  475  496  523  543  582  601
  642  653  661  650  633  616  588  573  547  529  501  486  468  455  432  419
  399  383  358  341  317  307  292  290  286  290  291  293  294  290  289  282
  278  268  261  235  210  192  185  168  163                                   
    27.5-180.0 180.0   5.0 450.0                            LAT/LON1/LON2/DLON/H
  150  160  153  149  151  167  189  214  248  276  301  313  325  334  338  346
  349  357  365  383  397  416  428  442  459  478  501  527  562  591  644  682
  735  744  750  732  706  676  645  619  595  576  542  523  502  485  466  454
  438  418  396  376  360  351  343  346  343  350  347  356  353  358  351  351
  343  337  312  289  256  227  198  169  150                                   
    25.0-180.0 180.0   5.0 450.0                            LAT/LON1/LON2/DLON/H
  151  173  164  156  163  173  191  212  241  274  299  318  328  342  344  355
  358  367  376  395  410  429  441  461  479  502  530  563  610  656  724  775
  808  818  808  789  748  722  688  665  636  618  593  570  546  528  509  497
  483  467  449  434  418  416  407  417  412  423  417  427  424  428  426  425
  418  401  372  332  300  269  244  185  151                                   
    22.5-180.0 180.0   5.0 450.0                            LAT/LON1/LON2/DLON/H
  190  211  195  179  174  188  200  221  244  276  302  321  335  343  349  362
  369  380  393  409  426  440  457  475  501  528  567  609  668  725  795  823
  854  856  842  813  773  743  713  692  670  653  631  611  585  561  541  526
  512  496  486  478  464  460  455  461  462  472  472  483  487  490  492  495
  489  475  435  393  336  289  264  203  190                                   
    20.0-180.0 180.0   5.0 450.0                            LAT/LON1/LON2/DLON/H
  219  221  209  197  194  202  213  240  253  276  297  316  331  343  351  369
  378  394  406  425  442  458  476  498  528  560  609  654  720  778  824  851
  867  867  850  817  779  748  723  696  678  656  641  618  591  559  538  518
  507  488  482  475  473  472  473  479  487  498  505  511  517  520  520  523
  504  492  462  430  377  331  295  242  219                                   
    17.5-180.0 180.0   5.0 450.0                            LAT/LON1/LON2/DLON/H
  241  238  215  205  200  207  225  243  264  279  296  314  328  341  355  373
  386  405  419  440  460  477  498  523  557  597  646  692  754  797  829  841
  853  846  826  796  764  742  717  697  676  661  640  617  580  543  512  490
  476  457  454  451  454  460  470  473  493  506  520  521  529  527  528  525
  506  487  460  427  382  341  314  272  241                                   
    15.0-180.0 180.0   5.0 450.0                            LAT/LON1/LON2/DLON/H
  250  240  221  213  198  200  213  238  258  279  301  315  333  345  360  378
  399  418  434  459  478  500  520  551  590  627  675  713  762  792  814  822
  826  807  786  758  735  714  699  680  670  654  635  598  560  507  478  449
  431  409  405  396  412  410  431  429  458  474  500  498  496  490  482  480
  469  454  426  403  364  334  316  279  250                                   
    12.5-180.0 180.0   5.0 450.0                            LAT/LON1/LON2/DLON/H
  242  236  214  208  190  193  203  226  248  274  296  313  332  349  369  388
  410  433  452  479  497  522  544  577  615  651  695  729  762  768  784  778
  780  757  743  718  708  698  684  676  669  663  634  594  541  489  448  422
  395  380  369  367  375  382  389  400  420  435  452  451  442  432  414  407
  400  384  373  351  330  302  290  257  242                                   
    10.0-180.0 180.0   5.0 450.0                            LAT/LON1/LON2/DLON/H
  210  222  203  180  175  171  191  208  250  269  307  322  344  363  385  400
  426  445  465  489  509  535  563  595  635  670  713  737  751  745  744  735
  727  711  696  680  674  666  662  663  664  658  626  582  530  467  428  393
  371  352  352  344  358  356  368  367  386  394  400  395  383  363  336  325
  317  319  308  294  281  270  263  234  210                                   
     7.5-180.0 180.0   5.0 450.0                            LAT/LON1/LON2/DLON/H
  195  196  181  155  157  147  175  189  240  265  304  321  343  366  390  410
  434  459  478  501  521  547  581  617  654  687  719  736  736  727  720  708
