data/unet/pred0560.15i
     1.0            IONOSPHERE MAPS     GNSS                IONEX VERSION / TYPE
pyspatialgeodesy        IME             05-JAN-18 20:20     PGM / RUN BY / DATE 
Map Name                                                    COMMENT             
Predicted global ionosphere maps (GIM).                     DESCRIPTION         
  2015     2    25     0     0     0                        EPOCH OF FIRST MAP  
  2015     2    26     0     0     0                        EPOCH OF LAST MAP   
  7200                                                      INTERVAL            
    13                                                      # OF MAPS IN FILE   
  NONE                                                      MAPPING FUNCTION    
10.0                                                        ELEVATION CUTOFF    
One-way carrier phase leveled to code                       OBSERVABLES USED    
  6371.0                                                    BASE RADIUS         
 2                                                          MAP DIMENSION       
   450.0 450.0   0.0                                        HGT1 / HGT2 / DHGT  
    87.5 -87.5  -2.5                                        LAT1 / LAT2 / DLAT  
  -180.0 180.0   5.0                                        LON1 / LON2 / DLON  
    -1                                                      EXPONENT            
                                                            END OF HEADER       
[from data line 3861]
    10                                                      START OF TEC MAP    
  2015     2    25    18     0     0                        EPOCH OF CURRENT MAP
    87.5-180.0 180.0   5.0 450.0                            LAT/LON1/LON2/DLON/H
  171  142  143  144  142  142  142  144  145  148  149  152  153  155  156  157
  159  158  158  156  157  153  153  147  149  143  145  138  141  135  138  131
  135  128  132  126  129  125  128  125  127  126  128  128  129  130  132  134
  134  136  137  139  139  142  141  143  143  145  144  145  144  145  144  144
  143  143  143  143  144  146  148  153  171                                   
    85.0-180.0 180.0   5.0 450.0                            LAT/LON1/LON2/DLON/H
  121  124  128  134  131  133  133  138  138  144  143  150  150  156  154  159
  158  161  159  161  158  158  154  154  150  149  145  145  140  140  134  134
  129  129  123  123  118  120  114  118  112  118  112  119  115  122  118  125
  123  130  127  134  132  138  136  141  139  143  141  143  141  142  140  140
  138  139  136  137  135  131  134  141  121                                   
    82.5-180.0 180.0   5.0 450.0                            LAT/LON1/LON2/DLON/H
   96   96  104  107  109  111  112  119  121  129  131  140  143  150  152  158
  159  162  162  162  162  159  158  155  152  148  145  142  137  134  129  126
  121  118  112  110  105  104   99  100   96   99   96  100   98  103  103  108
  109  115  117  120  122  125  128  129  131  130  132  129  130  126  127  123
  122  119  116  113  111  103  104  103   96                                   
    80.0-180.0 180.0   5.0 450.0                            LAT/LON1/LON2/DLON/H
   75   77   82   87   89   94   98  106  110  119  124  134  139  148  153  160
  163  166  166  166  163  161  157  154  148  145  140  137  131  128  122  120
  113  109  103   99   94   91   86   83   82   80   81   81   84   86   90   94
   99  103  107  111  115  118  121  123  124  124  124  122  122  119  117  113
  110  106  102   97   92   82   83   86   75                                   
    77.5-180.0 180.0   5.0 450.0                            LAT/LON1/LON2/DLON/H
   60   59   67   69   75   78   85   93  100  109  118  127  136  145  153  159
  163  166  166  166  162  160  157  153  149  145  142  136  132  128  123  118
  113  107  101   95   90   84   80   75   72   69   69   70   70   73   77   81
   87   91   98  101  107  110  115  114  117  115  116  113  113  109  108  103
  100   94   89   82   78   67   66   68   60                                   
    75.0-180.0 180.0   5.0 450.0                            LAT/LON1/LON2/DLON/H
   55   55   61   66   70   76   84   91  100  110  119  130  140  149  158  162
  166  168  167  168  163  163  158  156  151  148  144  140  135  131  125  121
  115  111  104   98   90   84   77   72   67   63   62   62   65   67   72   75
   81   84   91   94   99  102  105  105  106  105  104  102  101   98   96   92
   88   83   78   72   65   58   61   62   55                                   
    72.5-180.0 180.0   5.0 450.0                            LAT/LON1/LON2/DLON/H
   62   59   66   70   75   80   88   96  105  114  125  135  145  153  162  165
  169  170  172  171  171  168  167  162  160  156  154  148  145  138  134  128
  124  118  111  105   97   90   82   76   70   67   63   63   63   66   69   73
   78   82   88   90   94   95   96   96   96   96   94   93   92   90   89   85
   83   77   75   69   64   57   61   62   62                                   
    70.0-180.0 180.0   5.0 450.0                            LAT/LON1/LON2/DLON/H
   70   70   76   82   87   93  101  108  117  126  135  145  154  162  168  172
  174  175  176  177  176  177  174  172  168  165  161  157  151  146  140  137
  130  126  117  113  103   99   89   84   76   72   67   67   65   68   69   72
   76   81   83   87   87   89   88   87   87   85   84   84   84   85   84   82
   80   78   75   72   66   63   64   67   70                                   
    67.5-180.0 180.0   5.0 450.0                            LAT/LON1/LON2/DLON/H
   78   77   84   90   97  102  112  119  128  136  146  154  163  169  177  179
  182  182  184  186  188  188  187  184  180  176  172  166  162  154  150  142
  138  130  125  116  109  101   94   87   80   76   72   70   67   69   69   72
   74   78   80   82   81   82   80   81   78   79   77   78   78   80   79   79
   77   75   73   70   67   63   67   70   78                                   
    65.0-180.0 180.0   5.0 450.0                            LAT/LON1/LON2/DLON/H
   79   80   86   96  102  110  119  129  137  146  155  164  172  179  185  188
  191  191  194  196  199  199  199  196  192  186  181  175  168  162  157  150
  143  137  129  123  113  106   97   92   84   81   76   75   70   71   69   71
   70   73   72   74   72   72   69   69   67   68   66   68   68   72   72   74
   71   72   68   68   64   63   64   69   79                                   
    62.5-180.0 180.0   5.0 450.0                            LAT/LON1/LON2/DLON/H
   72   72   81   89   99  108  119  128  140  150  160  170  179  186  193  199
  201  202  204  208  210  210  209  206  201  196  189  184  178  172  166  158
  151  141  134  122  113  103   95   87   82   77   75   71   70   67   66   64
   64   64   63   62   60   59   57   57   56   57   58   60   61   64   65   66
   64   61   59   56   55   52   55   61   72                                   
    60.0-180.0 180.0   5.0 450.0                            LAT/LON1/LON2/DLON/H
   60   58   67   79   89  101  112  126  138  151  162  175  185  194  202  209
  213  214  217  219  222  220  221  215  211  204  199  192  186  181  175  168
  158  149  138  127  114  105   96   89   84   80   76   73   69   66   62   60
   57   57   54   53   49   50   45   49   47   51   51   56   56   60   59   60
   56   55   50   50   46   46   45   50   60                                   
    57.5-180.0 180.0   5.0 450.0                            LAT/LON1/LON2/DLON/H
   45   45   55   66   77   91  105  121  136  152  167  180  193  203  213  221
  226  230  231  234  232  231  228  224  216  211  205  202  196  195  188  182
  172  159  148  132  120  106   99   91   86   82   79   75   73   67   63   57
   55   51   50   47   45   42   43   44   47   48   53   53   56   56   57   55
   52   48   44   41   38   35   37   40   45                                   
    55.0-180.0 180.0   5.0 450.0                            LAT/LON1/LON2/DLON/H
   41   37   47   59   69   86  101  122  138  157  172  188  201  212  224  232
  239  243  246  246  245  239  238  230  225  219  216  214  213  212  208  200
  189  174  160  145  131  118  109  100   98   92   91   85   83   74   69   59
   57   52   52   49   47   46   47   49   52   56   59   61   61   61   59   58
   52   49   45   42   39   37   40   40   41                                   
    52.5-180.0 180.0   5.0 450.0                            LAT/LON1/LON2/DLON/H
   43   40   49   61   74   90  107  128  147  165  182  196  211  222  236  245
  255  259  262  261  257  251  246  240  233  230  227  230  229  230  226  219
  206  190  175  157  144  129  120  113  109  106  103  100   95   88   81   71
   68   63   63   59   59   58   59   62   65   70   73   74   74   72   69   65
   61   55   52   49   47   45   46   49   43                                   
    50.0-180.0 180.0   5.0 450.0                            LAT/LON1/LON2/DLON/H
   59   55   63   73   85  103  119  142  159  178  194  208  222  235  248  259
  267  274  277  275  271  261  255  248  243  240  241  245  248  247  245  234
  221  201  185  170  156  144  135  128  126  120  121  115  114  104   99   89
   86   80   80   78   77   77   78   82   82   88   87   89   86   86   81   79
   72   70   65   66   65   62   63   73   59                                   
    47.5-180.0 180.0   5.0 450.0                            LAT/LON1/LON2/DLON/H
   82   77   84   95  106  123  140  160  177  193  209  220  237  247  265  274
  286  290  294  289  284  273  265  259  252  253  253  259  260  258  253  241
  225  206  190  175  164  153  146  141  138  137  135  135  130  124  118  111
  106  102  102   99   98   98   98  101  100  103  102  102  100  100   98   94
   91   87   86   86   87   85   85   97   82                                   
    45.0-180.0 180.0   5.0 450.0                            LAT/LON1/LON2/DLON/H
  102  103  108  120  131  149  165  182  195  211  224  236  251  263  279  291
  304  308  309  302  297  285  278  270  266  266  266  270  271  264  257  240
  223  203  189  178  168  162  157  152  150  147  147  144  143  137  134  127
  125  121  122  119  117  117  115  117  114  116  112  112  109  111  109  109
  107  105  106  108  110  107  110  119  102                                   
    42.5-180.0 180.0   5.0 450.0                            LAT/LON1/LON2/DLON/H
  118  122  131  144  159  174  188  201  214  228  241  253  270  282  298  310
  323  325  323  317  309  299  291  285  279  278  276  277  272  262  249  230
  211  194  183  173  169  165  162  160  156  154  153  151  150  147  144  139
  138  135  136  132  130  128  125  124  120  118  114  112  112  113  115  115
  117  114  117  118  122  122  127  131  118                                   
    40.0-180.0 180.0   5.0 450.0                            LAT/LON1/LON2/DLON/H
  121  131  139  157  176  193  205  217  226  243  256  270  285  298  315  328
  340  338  337  327  322  310  306  298  294  290  286  283  274  259  241  220
  204  190  181  177  176  174  171  167  164  158  158  156  157  153  151  145
  146  142  144  138  138  133  131  127  121  118  113  112  111  116  118  121
  122  119  120  119  124  123  130  131  121                                   
    37.5-180.0 180.0   5.0 450.0                            LAT/LON1/LON2/DLON/H
  114  127  140  162  182  200  213  225  238  255  271  287  303  316  332  344
  350  350  348  341  335  327  320  313  305  299  293  287  274  257  239  221
  208  198  194  193  191  188  184  178  171  164  163  160  161  156  154  148
  147  143  143  139  136  132  128  123  116  110  106  105  105  109  112  115
  116  112  109  106  111  114  120  123  114                                   
    35.0-180.0 180.0   5.0 450.0                            LAT/LON1/LON2/DLON/H
  102  110  130  156  180  200  215  229  246  264  284  303  322  337  351  356
  361  356  357  345  347  335  336  324  319  311  304  299  284  269  250  242
  231  231  227  230  223  217  207  197  188  179  176  172  173  166  163  157
  154  147  145  137  136  130  126  122  116  112  107  105  104  107  112  112
  109  104  100   94   95   96  102  107  102                                   
    32.5-180.0 180.0   5.0 450.0                            LAT/LON1/LON2/DLON/H
   88   95  112  142  168  190  210  228  249  273  296  320  343  357  366  370
  371  367  366  361  358  351  346  337  328  321  317  314  305  295  288  287
  287  293  293  294  282  268  247  229  215  205  199  193  192  183  178  167
  160  149  144  137  135  132  133  127  121  116  116  115  114  114  117  118
  114  108   98   86   85   83   86   90   88                                   
    30.0-180.0 180.0   5.0 450.0                            LAT/LON1/LON2/DLON/H
   83   87  102  131  158  185  206  231  253  280  307  336  360  375  382  381
  383  377  380  371  373  361  357  343  340  335  336  339  340  343  345  360
  374  394  393  388  365  341  305  280  254  244  234  229  225  217  210  198
  186  172  161  151  145  143  138  134  125  119  117  117  125  124  129  126
  123  113  103   90   85   78   77   81   83                                   
    27.5-180.0 180.0   5.0 450.0                            LAT/LON1/LON2/DLON/H
   90   95  107  133  160  187  211  235  261  287  321  352  379  392  398  397
  396  395  395  392  388  379  367  354  350  353  364  379  398  415  441  465
  494  516  507  489  451  413  365  330  299  284  271  270  264  261  248  238
  217  204  183  178  167  174  166  172  157  155  146  146  146  147  148  145
  141  128  116   99   91   85   86   88   90                                   
    25.0-180.0 180.0   5.0 450.0                            LAT/LON1/LON2/DLON/H
  112  110  126  153  181  210  229  254  273  303  337  370  397  412  417  416
  414  413  414  407  405  389  378  366  368  380  400  435  471  512  547  592
  639  658  639  599  538  481  419  372  335  311  301  305  307  308  298  289
  268  249  228  214  205  205  201  198  187  181  175  174  176  175  174  170
  167  161  144  128  107   96   94  107  112                                   
    22.5-180.0 180.0   5.0 450.0                            LAT/LON1/LON2/DLON/H
  140  141  159  184  214  241  259  276  297  328  362  394  423  439  446  447
  446  443  440  432  426  410  398  391  400  423  461  508  570  611  667  719
  763  784  756  705  624  548  478  426  382  354  335  337  337  349  344  342
  314  291  253  235  217  219  213  220  209  202  195  196  194  193  192  189
  177  170  167  161  142  128  117  139  140                                   
    20.0-180.0 180.0   5.0 450.0                            LAT/LON1/LON2/DLON/H
  172  159  188  217  245  275  289  308  327  360  389  425  450  469  476  482
  480  478  467  460  450  434  421  421  437  475  526  591  643  698  748  793
  823  840  803  746  669  579  508  454  414  381  362  359  362  372  374  374
  356  333  302  276  261  255  251  247  231  221  212  212  204  208  200  198
  188  184  173  173  162  149  140  154  172                                   
    17.5-180.0 180.0   5.0 450.0                            LAT/LON1/LON2/DLON/H
  186  177  210  241  268  297  317  336  360  397  428  463  484  501  512  519
  521  518  509  496  485  464  457  461  494  539  599  656  720  751  797  831
  848  847  804  745  671  596  521  474  429  399  371  368  371  393  400  411
  400  386  353  327  306  298  289  277  257  237  223  216  209  208  205  203
  199  194  186  178  166  164  156  173  186                                   
    15.0-180.0 180.0   5.0 450.0                            LAT/LON1/LON2/DLON/H
  192  185  220  254  286  316  336  362  383  426  456  493  511  530  541  555
  562  567  558  547  528  509  497  515  544  602  653  714  757  786  812  834
  834  820  778  719  663  585  525  476  436  399  370  361  368  392  418  432
  435  415  395  361  345  322  315  290  270  247  231  220  211  206  198  199
  200  200  194  185  170  165  163  168  192                                   
    12.5-180.0 180.0   5.0 450.0                            LAT/LON1/LON2/DLON/H
  179  186  214  260  293  324  349  374  401  445  478  517  537  561  570  595
  602  612  603  591  573  555  550  562  596  641  704  741  769  786  795  800
  788  768  732  690  643  576  524  479  429  399  358  347  347  377  401  427
  433  425  403  379  360  339  322  300  284  259  236  222  209  199  192  192
  194  196  193  184  168  157  153  157  179                                   
    10.0-180.0 180.0   5.0 450.0                            LAT/LON1/LON2/DLON/H
  162  171  211  255  297  333  356  387  414  463  496  539  568  591  610  633
  647  655  651  636  617  604  593  618  640  697  736  758  780  781  780  770
  750  722  695  660  620  568  524  477  435  399  362  341  343  365  396  411
  429  416  412  385  373  347  332  310  291  265  236  220  204  194  188  189
  191  191  188  173  160  151  148  143  162                                   
     7.5-180.0 180.0   5.0 450.0                            LAT/LON1/LON2/DLON/H
  145  165  201  252  297  336  364  399  435  485  516  562  581  615  629  654
  668  673  672  657  642  624  625  646  683  723  749  764  774  770  758  744
