data/unet/pred3410.15i
     1.0            IONOSPHERE MAPS     GNSS                IONEX VERSION / TYPE
pyspatialgeodesy        IME             05-JAN-18 20:20     PGM / RUN BY / DATE 
Map Name                                                    COMMENT             
Predicted global ionosphere maps (GIM).                     DESCRIPTION         
  2015    12     7     0     0     0                        EPOCH OF FIRST MAP  
  2015    12     8     0     0     0                        EPOCH OF LAST MAP   
  7200                                                      INTERVAL            
    13                                                      # OF MAPS IN FILE   
  NONE                                                      MAPPING FUNCTION    
10.0                                                        ELEVATION CUTOFF    
One-way carrier phase leveled to code                       OBSERVABLES USED    
  6371.0                                                    BASE RADIUS         
 2                                                          MAP DIMENSION       
   450.0 450.0   0.0                                        HGT1 / HGT2 / DHGT  
    87.5 -87.5  -2.5                                        LAT1 / LAT2 / DLAT  
  -180.0 180.0   5.0                                        LON1 / LON2 / DLON  
    -1                                                      EXPONENT            
                                                            END OF HEADER       
[from data line 4719]
    12                                                      START OF TEC MAP    
  2015    12     7    22     0     0                        EPOCH OF CURRENT MAP
    87.5-180.0 180.0   5.0 450.0                            LAT/LON1/LON2/DLON/H
  138   81   56   59   59   58   59   58   60   59   60   59   60   59   59   58
   58   57   57   56   56   55   55   54   54   53   53   52   52   51   51   50
   51   50   50   49   50   49   50   49   50   50   51   50   51   51   53   53
   54   54   55   55   56   56   57   57   57   58   58   58   58   58   58   58
   58   57   57   57   58   57   61  115  138                                   
    85.0-180.0 180.0   5.0 450.0                            LAT/LON1/LON2/DLON/H
   65   45   42   46   48   48   49   50   51   52   52   53   53   53   52   51
   51   49   48   46   45   44   42   40   39   38   36   35   34   34   32   32
   31   32   31   32   32   33   33   35   35   37   37   39   39   40   41   42
   42   43   43   44   45   45   45   45   46   46   46   46   46   46   46   45
   45   44   44   43   44   44   44   79   65                                   
    82.5-180.0 180.0   5.0 450.0                            LAT/LON1/LON2/DLON/H
   50   41   41   43   46   45   50   49   54   54   58   57   60   59   60   58
   58   55   54   50   49   44   44   39   39   35   35   31   31   28   29   26
   28   26   28   27   29   28   31   30   33   33   36   36   39   39   42   42
   44   44   46   45   48   46   49   47   49   47   49   46   48   45   47   43
   45   41   43   40   42   38   42   65   50                                   
    80.0-180.0 180.0   5.0 450.0                            LAT/LON1/LON2/DLON/H
   48   39   34   39   39   43   44   49   51   57   58   63   63   66   64   65
   61   60   54   52   47   44   39   37   34   32   30   28   27   26   26   25
   25   25   25   26   26   28   28   30   31   34   34   37   38   41   41   44
   44   46   46   48   48   49   49   49   49   48   47   47   45   44   42   41
   39   38   36   35   34   35   33   54   48                                   
    77.5-180.0 180.0   5.0 450.0                            LAT/LON1/LON2/DLON/H
   43   36   30   34   34   38   41   47   50   56   61   65   67   68   68   66
   63   58   53   49   43   39   34   30   27   26   25   24   23   24   23   24
   23   24   24   25   24   26   26   28   28   31   31   35   35   37   37   39
   40   41   42   43   43   44   44   44   44   43   43   41   40   38   36   34
   33   31   30   29   29   29   28   51   43                                   
    75.0-180.0 180.0   5.0 450.0                            LAT/LON1/LON2/DLON/H
   44   38   31   37   36   41   43   50   55   63   68   74   75   77   75   73
   67   61   54   49   42   37   31   29   26   26   24   25   24   26   27   28
   28   29   29   30   29   30   30   32   31   34   35   37   38   39   39   40
   40   40   41   41   42   42   43   43   43   42   41   40   38   36   34   32
   30   30   28   28   29   30   31   54   44                                   
    72.5-180.0 180.0   5.0 450.0                            LAT/LON1/LON2/DLON/H
   50   45   40   44   41   46   48   55   60   68   74   78   81   81   80   74
   69   60   53   44   39   32   29   26   24   24   25   26   27   29   32   32
   34   34   34   34   33   33   32   34   32   35   34   38   36   38   37   37
   37   37   36   36   37   38   38   38   38   38   38   36   35   32   31   28
   27   27   27   28   31   33   35   59   50                                   
    70.0-180.0 180.0   5.0 450.0                            LAT/LON1/LON2/DLON/H
   58   56   49   54   51   54   56   63   68   77   82   89   90   90   85   79
   70   61   51   43   37   32   28   27   26   26   27   28   30   33   35   37
   37   38   37   37   35   35   33   33   33   34   35   36   37   36   36   34
   34   32   32   31   33   33   34   35   37   37   36   35   33   31   29   27
   26   26   28   30   35   39   44   66   58                                   
    67.5-180.0 180.0   5.0 450.0                            LAT/LON1/LON2/DLON/H
   69   69   63   66   62   64   64   70   75   83   89   95   96   94   90   81
   73   60   52   42   37   31   29   28   28   28   30   31   32   34   36   37
   38   38   38   37   35   33   31   31   29   31   30   33   32   33   31   31
   29   28   27   27   27   29   29   32   33   35   34   34   31   30   28   26
   26   27   29   33   40   45   51   74   69                                   
    65.0-180.0 180.0   5.0 450.0                            LAT/LON1/LON2/DLON/H
   79   82   76   79   74   75   73   79   83   92   98  103  104  102   97   87
   77   66   56   48   41   37   33   32   32   31   32   32   33   34   35   36
   35   35   33   32   29   27   24   24   23   24   25   27   28   27   27   25
   25   22   21   21   22   23   26   29   31   34   34   33   31   30   27   26
   25   27   30   35   44   51   62   82   79                                   
    62.5-180.0 180.0   5.0 450.0                            LAT/LON1/LON2/DLON/H
   90   95   88   90   85   82   81   84   90   97  103  108  110  107  103   93
   85   72   65   55   50   42   39   36   34   32   31   30   31   31   32   31
   31   28   27   25   23   20   18   18   16   19   19   22   22   23   21   21
   19   18   15   16   16   20   20   26   28   33   33   34   32   30   27   25
   25   27   31   36   47   57   67   88   90                                   
    60.0-180.0 180.0   5.0 450.0                            LAT/LON1/LON2/DLON/H
   96  105   98  101   95   94   90   94   97  104  109  114  116  114  110  103
   95   86   78   71   63   56   48   42   36   32   29   27   26   26   26   27
   24   23   20   19   15   15   12   14   13   16   17   20   21   22   20   19
   17   16   13   14   14   17   19   24   28   32   33   34   32   31   28   27
   26   29   32   39   50   60   73   94   96                                   
    57.5-180.0 180.0   5.0 450.0                            LAT/LON1/LON2/DLON/H
  103  112  107  110  107  103  100  101  104  108  113  118  120  119  117  112
  107   99   93   84   78   66   57   46   38   31   28   25   25   23   25   23
   23   20   20   18   16   15   13   15   15   19   20   25   24   25   22   21
   18   18   14   16   14   18   18   25   27   33   34   35   34   33   31   30
   31   33   38   44   54   65   76   97  103                                   
    55.0-180.0 180.0   5.0 450.0                            LAT/LON1/LON2/DLON/H
  107  120  119  123  120  118  115  115  115  118  121  124  127  126  126  124
  120  116  110  102   92   81   66   54   41   34   28   26   24   25   25   27
   24   25   22   24   21   22   20   23   24   28   30   33   33   33   29   28
   24   24   20   21   19   21   22   26   29   33   34   36   35   35   34   35
   37   42   47   53   61   70   83  104  107                                   
    52.5-180.0 180.0   5.0 450.0                            LAT/LON1/LON2/DLON/H
  116  130  130  138  138  136  133  130  129  128  129  129  131  131  133  132
  131  127  123  113  103   88   75   58   46   37   34   31   32   32   34   33
   34   32   33   33   33   34   33   36   37   41   42   45   44   43   39   37
   33   33   29   30   26   28   27   31   33   36   37   38   37   38   38   41
   46   51   58   64   73   82   91  112  116                                   
    50.0-180.0 180.0   5.0 450.0                            LAT/LON1/LON2/DLON/H
  125  141  146  156  158  159  156  153  148  145  142  141  140  140  141  143
  142  139  132  124  112   98   82   67   54   47   41   41   41   44   43   46
   43   45   43   47   47   49   49   52   53   56   57   59   57   55   51   49
   45   45   41   41   37   37   34   37   37   40   39   40   40   41   43   48
   56   64   73   82   88   95  104  124  125                                   
    47.5-180.0 180.0   5.0 450.0                            LAT/LON1/LON2/DLON/H
  139  154  159  173  178  181  180  174  168  160  154  150  147  146  148  148
  149  144  138  127  117  103   91   76   67   58   55   53   55   55   56   55
   55   55   57   59   62   64   65   66   67   69   70   71   69   66   62   60
   57   58   55   54   49   48   44   45   45   46   45   44   44   45   48   55
   65   75   87   97  106  111  116  139  139                                   
    45.0-180.0 180.0   5.0 450.0                            LAT/LON1/LON2/DLON/H
  152  167  175  190  198  203  202  198  190  181  172  167  161  160  160  161
  158  153  144  135  124  113  102   92   81   74   68   67   65   66   63   64
   61   63   63   69   72   76   77   78   78   79   80   80   78   75   71   69
   68   69   67   65   61   58   53   53   52   52   49   49   47   49   54   62
   74   87  100  112  121  127  133  156  152                                   
    42.5-180.0 180.0   5.0 450.0                            LAT/LON1/LON2/DLON/H
  165  177  184  200  208  215  216  213  205  195  185  178  173  170  170  168
  164  157  147  138  130  121  116  106   98   88   82   77   75   71   68   65
   64   64   68   73   79   82   84   84   85   85   86   86   84   80   77   76
   75   76   76   74   70   66   61   60   58   57   54   52   51   53   59   67
   80   94  109  122  134  139  145  172  165                                   
    40.0-180.0 180.0   5.0 450.0                            LAT/LON1/LON2/DLON/H
  175  186  192  205  214  220  223  223  216  209  201  196  190  188  185  183
  176  168  155  150  142  138  131  124  113  102   91   84   77   73   67   65
   62   65   68   76   81   85   86   87   87   87   88   88   86   83   80   78
   79   81   80   79   75   70   65   63   62   60   57   56   55   58   65   74
   87  102  117  130  143  151  157  184  175                                   
    37.5-180.0 180.0   5.0 450.0                            LAT/LON1/LON2/DLON/H
  183  188  190  201  207  214  218  220  217  213  208  206  203  202  199  195
  187  177  167  161  157  152  147  137  126  110   97   85   78   71   66   62
   63   65   71   77   83   85   87   86   88   88   90   89   87   83   81   79
   80   81   82   79   76   71   67   65   63   62   58   58   58   62   69   79
   91  106  121  135  148  157  162  195  183                                   
    35.0-180.0 180.0   5.0 450.0                            LAT/LON1/LON2/DLON/H
  189  192  192  197  201  205  209  212  213  214  214  217  218  219  215  212
  201  193  183  181  176  172  162  149  132  114   98   87   78   74   69   70
   70   75   78   86   88   91   89   90   89   91   92   91   89   84   81   79
   79   80   80   78   75   70   67   65   63   62   58   59   61   67   76   87
   99  113  127  141  155  164  172  204  189                                   
    32.5-180.0 180.0   5.0 450.0                            LAT/LON1/LON2/DLON/H
  199  196  189  191  190  192  195  198  203  207  213  221  227  231  228  223
  215  207  201  198  193  185  171  152  133  113   99   89   85   84   85   86
   90   92   97   98  100   98   97   94   95   95   97   95   93   88   83   80
   79   79   79   76   72   68   65   63   62   61   58   59   62   70   80   93
  106  121  134  147  160  170  178  216  199                                   
    30.0-180.0 180.0   5.0 450.0                            LAT/LON1/LON2/DLON/H
  212  208  199  195  189  190  189  193  198  206  214  228  236  242  238  236
  227  223  217  215  207  194  174  153  131  114  103  100  102  108  113  120
  123  125  124  123  117  114  107  108  105  107  106  105  101   95   90   85
   82   80   79   75   71   67   65   63   61   59   57   60   65   75   88  101
  118  132  146  157  171  181  191  228  212                                   
    27.5-180.0 180.0   5.0 450.0                            LAT/LON1/LON2/DLON/H
  237  232  222  214  204  197  193  196  198  208  218  232  242  249  247  242
  236  232  228  223  212  193  169  147  129  118  116  121  132  144  157  163
  167  162  158  149  141  130  123  118  117  115  116  112  108  101   95   88
   83   80   76   73   68   66   63   62   59   59   57   60   65   78   92  111
  127  145  158  169  181  193  204  246  237                                   
    25.0-180.0 180.0   5.0 450.0                            LAT/LON1/LON2/DLON/H
  266  265  261  252  239  230  219  216  215  222  229  243  249  255  250  248
  241  238  233  227  211  188  164  146  134  132  141  154  172  188  204  211
  209  199  188  175  161  149  137  133  129  129  126  124  119  111  104   96
   91   85   81   76   71   68   66   64   61   59   57   60   68   81   99  117
  138  156  172  184  198  215  226  265  266                                   
    22.5-180.0 180.0   5.0 450.0                            LAT/LON1/LON2/DLON/H
  300  305  306  299  289  278  267  258  251  250  252  260  261  261  255  249
  241  237  231  221  204  181  162  150  150  157  174  193  217  232  246  245
  239  221  207  188  176  161  151  143  140  137  135  129  125  116  109  101
   94   88   82   78   72   69   65   63   60   58   56   60   67   84  100  125
  146  170  187  201  216  234  248  288  300                                   
    20.0-180.0 180.0   5.0 450.0                            LAT/LON1/LON2/DLON/H
  333  341  347  342  336  330  319  311  298  293  284  285  276  272  258  252
  241  236  227  217  200  182  171  170  179  195  214  233  256  271  277  272
  257  236  214  195  179  168  157  152  148  145  141  137  131  123  116  109
  103   96   90   83   78   74   71   67   63   59   57   61   70   85  106  129
  156  180  200  216  234  255  271  308  333                                   
    17.5-180.0 180.0   5.0 450.0                            LAT/LON1/LON2/DLON/H
  360  373  381  380  381  377  374  366  352  342  329  319  304  288  271  256
  244  235  225  215  203  193  193  202  218  234  257  273  290  296  296  286
  265  242  218  199  184  174  164  160  155  151  146  139  134  124  118  111
  106  100   94   88   84   81   78   75   68   65   62   67   74   90  107  135
  160  190  211  231  250  271  291  326  360                                   
    15.0-180.0 180.0   5.0 450.0                            LAT/LON1/LON2/DLON/H
  382  396  403  408  414  422  416  414  397  390  372  360  336  317  291  272
  255  245  233  225  220  220  229  243  264  280  297  303  304  301  291  279
  255  234  213  196  185  175  168  163  159  153  148  141  135  128  122  116
  113  108  102   96   93   90   87   82   76   71   68   72   79   93  113  137
  167  194  219  240  260  285  305  338  382                                   
    12.5-180.0 180.0   5.0 450.0                            LAT/LON1/LON2/DLON/H
  392  410  421  432  443  452  453  452  440  432  415  399  374  348  323  297
  279  263  254  249  253  263  278  296  312  325  326  316  301  289  274  261
  238  226  209  201  192  185  178  173  166  158  149  140  134  126  122  117
  114  111  108  102   99   96   94   90   83   78   73   77   85  101  116  145
  170  200  225  246  267  293  315  346  392                                   
    10.0-180.0 180.0   5.0 450.0                            LAT/LON1/LON2/DLON/H
  400  417  427  440  454  468  474  477  471  463  449  434  410  387  360  336
  315  297  287  288  299  314  333  349  362  356  341  312  283  264  246  234
  219  211  206  204  199  194  188  181  171  161  149  141  132  127  123  121
  119  118  114  109  104  101   98   94   88   82   76   80   88  104  124  150
  178  204  230  250  271  299  321  351  400                                   
     7.5-180.0 180.0   5.0 450.0                            LAT/LON1/LON2/DLON/H
  399  419  428  445  458  477  486  495  493  491  479  464  447  427  407  383
  366  345  338  340  354  372  392  404  399  378  342  299  263  242  227  220
