data/unet/pred3550.15i
     1.0            IONOSPHERE MAPS     GNSS                IONEX VERSION / TYPE
pyspatialgeodesy        IME             05-JAN-18 20:20     PGM / RUN BY / DATE 
Map Name                                                    COMMENT             
Predicted global ionosphere maps (GIM).                     DESCRIPTION         
  2015    12    21     0     0     0                        EPOCH OF FIRST MAP  
  2015    12    22     0     0     0                        EPOCH OF LAST MAP   
  7200                                                      INTERVAL            
    13                                                      # OF MAPS IN FILE   
  NONE                                                      MAPPING FUNCTION    
10.0                                                        ELEVATION CUTOFF    
One-way carrier phase leveled to code                       OBSERVABLES USED    
  6371.0                                                    BASE RADIUS         
 2                                                          MAP DIMENSION       
   450.0 450.0   0.0                                        HGT1 / HGT2 / DHGT  
    87.5 -87.5  -2.5                                        LAT1 / LAT2 / DLAT  
  -180.0 180.0   5.0                                        LON1 / LON2 / DLON  
    -1                                                      EXPONENT            
                                                            END OF HEADER       
[from data line 858]
     3                                                      START OF TEC MAP    
  2015    12    21     4     0     0                        EPOCH OF CURRENT MAP
    87.5-180.0 180.0   5.0 450.0                            LAT/LON1/LON2/DLON/H
   65   89   72   66   68   65   68   66   70   68   70   69   70   70   71   70
   70   70   69   71   67   70   67   68   66   67   66   64   65   63   65   62
   64   63   65   63   65   63   65   62   66   62   67   63   67   64   68   65
   69   67   69   67   70   68   70   69   71   70   71   70   72   70   72   70
   72   69   71   68   73   64   87   68   65                                   
    85.0-180.0 180.0   5.0 450.0                            LAT/LON1/LON2/DLON/H
   93   82   66   66   68   67   68   68   69   68   69   70   70   71   69   70
   67   69   65   67   62   64   60   62   58   60   58   58   57   57   58   57
   58   58   60   58   61   59   62   59   63   60   64   61   65   62   65   63
   66   64   65   65   66   66   66   67   68   68   68   69   70   69   70   69
   70   68   70   65   68   59   76   96   93                                   
    82.5-180.0 180.0   5.0 450.0                            LAT/LON1/LON2/DLON/H
   79   62   60   62   58   61   61   61   63   59   62   58   62   56   58   53
   55   52   51   49   47   46   45   42   41   40   39   37   38   37   40   38
   41   40   43   42   44   44   46   46   48   47   49   48   50   49   50   50
   52   51   51   51   53   53   54   55   57   58   59   59   60   60   60   60
   59   59   58   59   58   52   63   83   79                                   
    80.0-180.0 180.0   5.0 450.0                            LAT/LON1/LON2/DLON/H
   81   65   65   64   64   67   66   69   69   70   71   73   74   73   71   70
   66   64   59   57   52   51   46   46   42   42   41   42   42   42   45   45
   47   48   49   50   51   52   51   53   52   54   51   54   52   53   51   52
   51   52   51   53   53   56   55   59   61   63   64   66   67   69   67   69
   66   67   64   65   63   56   63   81   81                                   
    77.5-180.0 180.0   5.0 450.0                            LAT/LON1/LON2/DLON/H
   84   66   63   63   62   62   63   66   64   68   66   73   70   75   70   74
   66   70   60   61   49   52   43   45   36   41   36   40   37   41   41   44
   45   48   50   52   52   54   52   54   52   54   51   53   51   51   48   49
   48   48   48   51   52   55   56   61   63   67   68   72   72   74   73   74
   72   72   70   69   67   61   71   82   84                                   
    75.0-180.0 180.0   5.0 450.0                            LAT/LON1/LON2/DLON/H
   84   65   60   58   60   60   60   64   65   67   70   72   74   75   77   76
   74   71   68   61   56   51   48   43   41   39   41   39   43   42   47   46
   51   50   54   53   54   54   52   51   49   50   46   48   43   45   41   43
   40   43   43   47   49   54   55   61   63   69   71   76   77   80   80   81
   78   79   75   74   70   65   69   85   84                                   
    72.5-180.0 180.0   5.0 450.0                            LAT/LON1/LON2/DLON/H
   88   64   58   58   58   57   58   60   63   64   66   69   71   73   74   75
   74   74   69   65   58   56   50   47   43   44   44   46   48   51   53   55
   57   58   59   59   58   58   57   55   53   53   49   49   46   46   43   44
   43   45   46   49   52   56   60   65   70   75   80   84   87   91   90   90
   87   86   83   80   77   72   81   87   88                                   
    70.0-180.0 180.0   5.0 450.0                            LAT/LON1/LON2/DLON/H
   93   64   56   53   55   53   53   57   57   61   63   67   70   72   74   76
   77   74   72   66   62   58   53   51   48   49   50   53   55   59   63   62
   66   63   65   61   60   59   56   54   51   50   47   46   45   44   44   43
   45   45   49   51   58   61   69   72   83   85   97   96  106  103  107  103
  103   97   95   88   86   77   83   91   93                                   
    67.5-180.0 180.0   5.0 450.0                            LAT/LON1/LON2/DLON/H
   95   63   54   51   49   46   45   49   49   55   55   61   61   66   67   72
   72   73   68   67   58   59   51   51   49   50   51   55   57   62   63   66
   67   65   63   61   54   53   49   48   47   47   47   48   47   48   48   49
   50   51   54   58   64   70   79   87   97  104  112  118  123  124  122  118
  115  111  106   99   93   87   91   96   95                                   
    65.0-180.0 180.0   5.0 450.0                            LAT/LON1/LON2/DLON/H
  102   67   53   46   46   42   42   45   44   51   52   59   60   65   66   69
   70   71   69   68   61   61   55   57   54   56   54   58   58   64   64   66
   68   65   62   58   53   49   46   46   44   46   45   48   49   49   51   50
   55   53   62   63   77   83   97  104  122  125  138  138  146  143  144  137
  134  127  121  113  104   93   97  101  102                                   
    62.5-180.0 180.0   5.0 450.0                            LAT/LON1/LON2/DLON/H
  103   66   50   45   38   37   35   40   41   47   49   54   56   58   60   62
   63   64   63   63   58   58   55   56   56   55   55   57   56   60   57   62
   60   59   54   51   45   41   37   38   36   39   38   43   44   47   48   51
   55   59   67   76   90  103  115  127  139  146  152  157  162  162  162  156
  149  142  133  125  113  105  105  111  103                                   
    60.0-180.0 180.0   5.0 450.0                            LAT/LON1/LON2/DLON/H
  109   72   50   41   42   35   36   38   38   43   43   49   50   52   53   56
   57   60   60   62   58   58   56   57   56   55   52   53   50   52   49   51
   54   50   51   45   45   38   38   36   38   39   42   43   49   48   54   52
   63   64   82   90  111  122  136  143  156  159  166  169  175  177  178  173
  167  158  149  140  128  113  114  118  109                                   
    57.5-180.0 180.0   5.0 450.0                            LAT/LON1/LON2/DLON/H
  115   77   54   48   39   36   34   37   36   39   40   42   45   45   48   50
   52   53   56   56   56   56   57   55   55   50   49   46   42   40   38   39
   42   41   43   40   39   35   35   35   38   41   43   47   49   52   53   57
   63   74   89  104  125  138  148  155  163  168  172  177  183  187  188  186
  180  173  163  152  141  133  128  131  115                                   
    55.0-180.0 180.0   5.0 450.0                            LAT/LON1/LON2/DLON/H
  120   88   62   50   44   36   37   35   34   35   34   38   37   41   41   46
   45   51   49   50   50   50   51   50   48   45   42   39   34   31   29   30
   36   35   41   38   40   36   39   38   44   44   50   50   54   53   58   59
   74   84  103  117  139  149  158  163  168  171  174  179  186  190  194  193
  191  184  177  166  157  144  141  141  120                                   
    52.5-180.0 180.0   5.0 450.0                            LAT/LON1/LON2/DLON/H
  137  106   80   68   52   43   38   36   36   36   35   36   37   39   40   42
   42   44   44   45   44   44   47   45   45   40   39   34   31   27   26   27
   32   34   39   39   40   39   42   42   48   49   53   54   58   58   62   69
   83   97  115  133  151  160  168  171  174  175  177  182  189  195  198  200
  198  194  186  179  171  166  160  158  137                                   
    50.0-180.0 180.0   5.0 450.0                            LAT/LON1/LON2/DLON/H
  148  127  100   84   67   55   47   43   39   36   33   35   34   36   35   39
   33   42   34   40   36   38   39   39   38   38   37   36   33   29   27   26
   34   35   43   43   47   45   49   48   53   53   56   56   59   62   67   82
   94  111  129  146  162  171  176  179  180  180  182  186  195  199  205  205
  205  201  198  191  186  181  177  170  148                                   
    47.5-180.0 180.0   5.0 450.0                            LAT/LON1/LON2/DLON/H
  172  148  127  110   86   73   58   52   45   41   37   36   37   37   37   36
   35   38   37   37   35   35   35   35   36   38   43   41   41   37   34   33
   38   42   48   52   54   54   55   55   58   59   61   62   66   69   82   95
  112  128  147  161  174  180  186  186  186  185  187  192  197  203  206  209
  206  205  200  198  196  195  195  185  172                                   
    45.0-180.0 180.0   5.0 450.0                            LAT/LON1/LON2/DLON/H
  180  166  147  127  104   90   71   65   54   49   44   43   43   41   42   39
   37   42   34   41   30   36   34   36   39   45   52   52   54   49   45   42
   47   49   59   60   63   62   64   62   64   64   66   68   71   82   95  114
  130  148  163  175  186  192  197  196  196  193  194  196  202  204  208  207
  208  205  203  202  200  199  202  190  180                                   
    42.5-180.0 180.0   5.0 450.0                            LAT/LON1/LON2/DLON/H
  197  176  161  146  123  108   88   78   65   58   51   50   52   48   49   41
   42   41   41   42   35   37   38   39   43   51   62   62   64   58   54   50
   52   56   63   67   67   69   69   70   70   73   75   78   84   96  115  133
  150  163  175  185  194  201  205  204  202  200  197  198  202  205  205  206
  202  202  199  201  198  198  203  195  197                                   
    40.0-180.0 180.0   5.0 450.0                            LAT/LON1/LON2/DLON/H
  201  178  164  153  130  119   95   91   72   71   60   64   65   61   62   53
   53   56   49   56   46   49   48   52   55   65   73   74   76   69   63   59
   60   62   71   71   72   72   72   73   74   78   80   84   92  108  127  147
  164  176  186  193  202  208  212  212  210  204  198  196  202  203  205  205
  205  206  206  206  201  197  203  190  201                                   
    37.5-180.0 180.0   5.0 450.0                            LAT/LON1/LON2/DLON/H
  198  175  164  151  131  117  105   94   83   78   72   74   77   75   74   64
   66   63   68   69   66   63   63   65   66   75   81   81   80   73   66   61
   60   64   69   70   69   70   71   74   77   82   87   93  103  121  143  161
  177  187  195  202  209  216  221  220  218  208  199  196  203  206  209  212
  214  218  216  216  209  200  204  193  198                                   
    35.0-180.0 180.0   5.0 450.0                            LAT/LON1/LON2/DLON/H
  202  176  161  150  133  119  102   98   85   86   78   85   88   86   85   77
   78   78   83   87   85   87   82   84   80   87   88   87   85   79   71   69
   69   72   77   74   75   73   76   77   82   86   93   98  112  129  152  167
  186  193  201  206  213  222  229  233  229  223  208  208  212  223  227  238
  241  245  244  240  230  217  218  199  202                                   
    32.5-180.0 180.0   5.0 450.0                            LAT/LON1/LON2/DLON/H
  211  180  167  150  133  113  109   92   94   86   89   91   99   98  100   93
   98   97  110  112  111  105   98   94   88   91   91   90   87   82   76   76
   75   79   80   78   77   76   78   79   85   89   97  106  118  137  157  175
  190  199  205  212  221  234  245  250  250  243  229  228  233  245  256  269
  276  284  286  280  267  244  243  226  211                                   
    30.0-180.0 180.0   5.0 450.0                            LAT/LON1/LON2/DLON/H
  243  207  182  161  141  120  107   93   90   84   86   92   96   98  103   98
  110  115  128  133  128  122  112  106   95   99   95   96   89   89   84   85
   86   87   88   86   84   81   84   84   91   94  104  110  125  141  161  175
  192  199  208  217  230  251  268  281  279  275  255  264  265  289  298  320
  328  343  345  336  316  292  281  260  243                                   
    27.5-180.0 180.0   5.0 450.0                            LAT/LON1/LON2/DLON/H
  283  238  214  178  155  132  123   98  102   90   99   96  106  104  113  111
  123  132  140  147  137  127  114  106   99  101  101  102   98   99   97   98
   99   98   96   93   92   89   90   92   97   99  106  113  126  143  162  178
  193  204  214  228  243  270  287  300  304  301  286  290  297  323  340  366
  378  396  404  397  380  354  331  311  283                                   
    25.0-180.0 180.0   5.0 450.0                            LAT/LON1/LON2/DLON/H
  348  292  258  220  190  165  141  115  102   92   90   90   96   98  110  110
  125  134  141  141  136  125  114  113  107  113  115  115  113  114  115  113
  113  110  103   99   95   94   96   97  100  102  108  114  129  146  168  183
  202  211  227  238  261  289  313  329  336  333  320  327  334  368  389  424
  434  451  458  451  437  418  398  370  348                                   
    22.5-180.0 180.0   5.0 450.0                            LAT/LON1/LON2/DLON/H
  412  358  321  269  227  191  169  143  130  109  108   99  106  104  113  119
  126  135  134  137  126  120  112  117  119  129  132  135  132  133  133  132
  127  122  111  105   99   99   99  102  103  104  109  115  135  153  176  191
  212  223  239  255  276  305  333  353  368  370  360  369  385  413  439  464
  481  492  503  501  495  486  450  424  412                                   
    20.0-180.0 180.0   5.0 450.0                            LAT/LON1/LON2/DLON/H
  466  427  379  334  286  244  217  185  165  139  127  114  112  106  113  111
  120  122  123  119  116  115  118  128  139  149  157  158  156  152  151  145
  139  128  115  107   99   99  101  101  103  101  110  117  140  165  188  205
  228  239  261  274  301  327  361  386  404  404  401  407  426  457  481  510
  520  528  530  531  527  528  506  474  466                                   
    17.5-180.0 180.0   5.0 450.0                            LAT/LON1/LON2/DLON/H
  492  470  436  390  339  296  259  227  202  183  163  146  138  128  126  127
  121  123  114  118  115  127  132  149  161  177  184  187  181  174  168  158
  147  133  117  106   99   98  100  100  101  102  110  122  151  176  201  219
  245  260  281  299  323  354  386  416  442  453  450  461  474  495  515  526
  529  530  534  537  542  551  535  508  492                                   
    15.0-180.0 180.0   5.0 450.0                            LAT/LON1/LON2/DLON/H
  513  495  463  430  384  355  319  287  264  232  212  187  174  152  144  130
  126  114  116  116  126  140  156  172  189  203  214  212  206  192  180  162
  147  128  113  102   96   93   96   95   97   98  111  129  160  186  210  233
  261  278  304  325  351  382  414  444  470  488  491  498  511  527  534  536
  532  528  533  534  542  553  554  525  513                                   
    12.5-180.0 180.0   5.0 450.0                            LAT/LON1/LON2/DLON/H
  524  504  481  440  409  384  372  350  326  293  263  236  213  198  180  169
  149  143  132  148  155  181  194  218  229  242  246  241  227  207  187  165
  146  129  112  103   96   93   97   96  100  102  117  138  171  200  225  250
  278  301  325  356  378  409  437  471  495  515  521  529  536  536  534  523
  516  510  513  513  523  541  538  525  524                                   
    10.0-180.0 180.0   5.0 450.0                            LAT/LON1/LON2/DLON/H
  516  498  476  444  411  401  390  392  372  353  326  290  269  243  230  206
  191  170  173  184  209  231  251  265  271  274  268  254  235  210  186  163
  143  125  111  101   97   94   98   96   98  104  118  145  172  206  229  258
  286  313  342  373  402  428  459  482  504  519  530  535  539  535  524  512
  502  493  493  490  502  521  523  513  516                                   
     7.5-180.0 180.0   5.0 450.0                            LAT/LON1/LON2/DLON/H
  504  493  476  446  419  406  403  405  402  392  376  354  326  306  279  266
  239  234  225  253  270  307  313  324  313  305  285  264  234  208  181  161
