data/unet/pred2480.15i
     1.0            IONOSPHERE MAPS     GNSS                IONEX VERSION / TYPE
pyspatialgeodesy        IME             05-JAN-18 20:20     PGM / RUN BY / DATE 
Map Name                                                    COMMENT             
Predicted global ionosphere maps (GIM).                     DESCRIPTION         
  2015     9     5     0     0     0                        EPOCH OF FIRST MAP  
  2015     9     6     0     0     0                        EPOCH OF LAST MAP   
  7200                                                      INTERVAL            
    13                                                      # OF MAPS IN FILE   
  NONE                                                      MAPPING FUNCTION    
10.0                                                        ELEVATION CUTOFF    
One-way carrier phase leveled to code                       OBSERVABLES USED    
  6371.0                                                    BASE RADIUS         
 2                                                          MAP DIMENSION       
   450.0 450.0   0.0                                        HGT1 / HGT2 / DHGT  
    87.5 -87.5  -2.5                                        LAT1 / LAT2 / DLAT  
  -180.0 180.0   5.0                                        LON1 / LON2 / DLON  
    -1                                                      EXPONENT            
                                                            END OF HEADER       
[from data line 3432]
     9                                                      START OF TEC MAP    
  2015     9     5    16     0     0                        EPOCH OF CURRENT MAP
    87.5-180.0 180.0   5.0 450.0                            LAT/LON1/LON2/DLON/H
  125  132  132  133  133  131  132  132  133  132  132  132  133  133  133  133
  133  132  132  131  132  130  130  128  128  127  127  125  124  122  122  120
  119  117  117  115  115  113  114  113  114  113  114  114  116  116  117  118
  119  120  121  122  123  124  124  125  126  126  127  127  129  128  129  129
  130  130  130  130  131  130  133  146  125                                   
    85.0-180.0 180.0   5.0 450.0                            LAT/LON1/LON2/DLON/H
  100  118  116  119  121  120  122  123  125  124  126  126  128  127  128  128
  129  128  127  127  126  125  123  123  120  119  117  117  113  113  109  110
  105  105  101  103   99  100   97   99   97   99   98  101  100  102  102  105
  105  108  108  111  112  113  114  115  117  117  119  118  120  118  120  118
  120  118  119  119  120  117  116  116  100                                   
    82.5-180.0 180.0   5.0 450.0                            LAT/LON1/LON2/DLON/H
  103  101  107  106  108  109  111  112  116  116  120  119  124  122  126  123
  126  123  125  121  123  119  120  117  116  114  113  111  110  107  106  104
  101   99   96   95   93   91   90   89   88   89   89   90   90   93   93   97
   97  101  101  105  105  108  108  110  110  112  111  112  112  111  111  110
  109  108  107  105  106  100  110   98  103                                   
    80.0-180.0 180.0   5.0 450.0                            LAT/LON1/LON2/DLON/H
   87   91   92   95   96  100  101  106  108  111  113  117  119  121  123  125
  125  125  125  125  123  122  119  120  116  116  112  114  109  110  105  107
  101  101   95   96   90   90   85   86   82   83   81   84   82   85   84   89
   88   94   93   99   98  103  101  105  103  106  104  105  104  104  101  100
   98   97   94   93   91   89   92   88   87                                   
    77.5-180.0 180.0   5.0 450.0                            LAT/LON1/LON2/DLON/H
   74   78   81   81   85   86   92   96  100  102  108  110  114  115  119  120
  123  121  125  122  125  121  124  121  121  118  119  117  116  113  113  110
  108  104  102   98   95   90   88   84   83   79   79   77   78   77   80   81
   84   86   90   92   94   96   97   98   98   98   98   97   96   94   93   90
   89   86   85   81   80   73   74   75   74                                   
    75.0-180.0 180.0   5.0 450.0                            LAT/LON1/LON2/DLON/H
   62   67   70   70   76   78   85   87   94   97  103  106  111  113  118  119
  122  123  126  126  127  126  125  124  123  122  121  120  118  118  116  115
  111  110  105  103   96   94   88   85   80   78   75   74   73   74   74   76
   77   80   82   85   86   88   89   89   89   88   88   85   86   82   83   78
   79   73   75   69   70   65   68   68   62                                   
    72.5-180.0 180.0   5.0 450.0                            LAT/LON1/LON2/DLON/H
   55   61   65   63   69   72   77   82   87   91   97  101  105  107  112  114
  117  118  123  123  126  124  126  124  124  124  124  124  123  123  122  121
  117  115  112  109  104   99   94   89   84   81   78   76   75   75   74   76
   76   78   78   79   78   80   78   79   76   77   74   74   71   71   69   67
   66   64   64   61   60   55   55   59   55                                   
    70.0-180.0 180.0   5.0 450.0                            LAT/LON1/LON2/DLON/H
   52   56   60   58   64   67   74   76   83   86   93   96  102  104  109  111
  115  116  120  123  126  126  126  125  125  125  125  126  124  125  123  123
  119  118  114  112  106  103   97   93   88   85   82   81   79   79   78   78
   77   78   76   76   73   72   70   68   66   64   63   62   61   60   60   59
   59   57   58   55   55   55   56   56   52                                   
    67.5-180.0 180.0   5.0 450.0                            LAT/LON1/LON2/DLON/H
   51   54   58   54   60   65   70   75   80   84   89   93   97   99  105  106
  110  111  117  119  124  123  125  125  124  125  124  126  124  125  124  124
  121  120  118  114  110  105  101   97   93   91   88   88   86   86   84   83
   79   78   74   72   67   65   61   59   56   55   54   54   53   53   53   53
   54   52   54   52   52   49   49   53   51                                   
    65.0-180.0 180.0   5.0 450.0                            LAT/LON1/LON2/DLON/H
   49   52   55   52   58   62   69   71   78   80   87   90   95   96  102  104
  108  110  115  118  123  124  126  125  125  124  123  123  122  123  122  121
  119  118  115  113  109  106  102  100   98   96   96   94   94   92   91   88
   85   82   77   72   67   62   58   53   52   49   50   49   49   50   51   52
   53   53   54   51   51   52   52   51   49                                   
    62.5-180.0 180.0   5.0 450.0                            LAT/LON1/LON2/DLON/H
   48   49   53   50   57   60   67   72   77   82   87   92   96   97  102  104
  108  108  115  116  122  122  126  124  123  122  121  121  119  120  120  120
  119  117  116  113  111  107  105  104  102  103  102  102  101  100   97   94
   90   86   79   74   66   61   55   52   48   48   46   48   47   50   50   52
   52   53   54   52   52   48   47   48   48                                   
    60.0-180.0 180.0   5.0 450.0                            LAT/LON1/LON2/DLON/H
   45   46   49   49   55   58   66   68   76   78   87   91   96   97  102  103
  105  106  112  115  121  122  127  126  125  123  121  120  119  119  119  119
  118  117  116  114  112  110  109  109  110  110  111  111  110  107  105  101
   97   91   85   78   71   64   58   53   52   50   50   50   51   52   53   54
   55   55   55   52   52   51   49   46   45                                   
    57.5-180.0 180.0   5.0 450.0                            LAT/LON1/LON2/DLON/H
   44   45   48   47   54   57   65   70   77   82   88   95  100  100  105  105
  107  108  113  116  121  122  127  126  127  123  122  120  121  121  123  123
  124  122  122  120  119  117  117  116  117  118  119  119  117  116  113  110
  104  100   91   86   77   72   64   62   57   58   55   58   55   57   55   57
   55   56   56   54   52   48   45   42   44                                   
    55.0-180.0 180.0   5.0 450.0                            LAT/LON1/LON2/DLON/H
   44   44   47   49   54   58   67   68   77   80   89   93  100  102  107  107
  108  108  113  113  120  121  126  127  129  127  125  125  125  128  129  132
  131  132  129  128  126  126  126  126  127  128  129  127  126  123  122  118
  114  109  103   95   88   81   75   71   70   69   68   67   64   63   61   59
   59   58   58   54   54   52   51   44   44                                   
    52.5-180.0 180.0   5.0 450.0                            LAT/LON1/LON2/DLON/H
   48   49   50   51   57   61   70   73   81   84   91   97  104  106  111  112
  114  114  118  119  124  124  129  129  133  129  131  130  133  135  139  142
  143  142  141  139  137  136  136  136  136  136  136  135  134  131  129  126
  121  118  111  106   97   91   84   83   81   83   80   80   73   72   65   64
   61   61   59   58   57   52   50   45   48                                   
    50.0-180.0 180.0   5.0 450.0                            LAT/LON1/LON2/DLON/H
   55   53   54   56   61   65   74   76   85   87   94   98  104  107  113  114
  117  117  121  121  125  123  129  130  134  134  135  137  140  145  148  152
  153  153  150  148  146  147  146  147  147  146  146  143  143  139  138  134
  132  127  122  114  108  101   97   95   97   97   96   93   87   82   75   70
   67   66   65   63   63   62   61   55   55                                   
    47.5-180.0 180.0   5.0 450.0                            LAT/LON1/LON2/DLON/H
   66   65   64   65   68   73   81   84   93   95  100  105  110  112  118  120
  125  125  128  129  130  129  133  136  140  140  143  146  148  152  156  161
  161  160  158  157  157  157  158  157  157  156  154  152  151  148  145  142
  137  134  126  122  114  110  105  108  107  109  106  105   96   91   82   78
   73   72   72   72   73   68   68   64   66                                   
    45.0-180.0 180.0   5.0 450.0                            LAT/LON1/LON2/DLON/H
   74   73   73   72   75   79   87   92  100  103  108  110  115  117  122  125
  130  131  135  135  136  134  137  140  144  145  148  149  154  156  162  164
  165  164  162  163  166  167  169  168  168  166  164  161  161  157  156  150
  148  142  137  129  125  119  116  117  120  121  120  116  110  103   94   87
   83   81   80   80   81   82   82   78   74                                   
    42.5-180.0 180.0   5.0 450.0                            LAT/LON1/LON2/DLON/H
   81   84   81   81   83   86   95  102  112  114  120  122  126  126  131  134
  139  141  144  146  145  144  145  149  151  152  155  157  159  162  165  167
  167  166  166  170  174  178  181  180  179  174  173  169  168  163  161  157
  152  148  141  137  129  127  122  127  127  130  127  125  115  111  101   97
   91   91   89   90   88   86   90   86   81                                   
    40.0-180.0 180.0   5.0 450.0                            LAT/LON1/LON2/DLON/H
   83   85   82   83   85   91   98  109  118  124  130  132  137  136  141  143
  147  149  152  154  153  152  153  156  158  158  159  161  163  165  168  169
  171  171  174  179  187  192  196  193  192  187  185  181  179  175  172  166
  162  156  150  144  138  132  130  131  135  135  135  132  126  121  114  108
  104  100   99   95   94   95   97   93   83                                   
    37.5-180.0 180.0   5.0 450.0                            LAT/LON1/LON2/DLON/H
   82   85   81   82   84   90  101  113  126  134  142  146  151  150  153  155
  158  160  162  165  163  162  163  166  167  168  169  172  174  175  178  181
  183  186  190  200  210  216  219  217  212  206  202  198  193  189  183  177
  171  164  155  149  141  137  132  135  135  137  135  134  127  125  118  117
  110  109  104  102   95   93   96   90   82                                   
    35.0-180.0 180.0   5.0 450.0                            LAT/LON1/LON2/DLON/H
   75   75   72   72   74   84   93  111  125  138  148  155  160  161  163  164
  165  167  169  172  172  171  172  174  176  178  180  183  186  189  195  197
  205  208  217  228  238  244  244  239  233  225  220  213  209  203  196  190
  182  176  164  156  146  140  135  134  135  134  134  133  130  131  127  125
  121  115  109  101   96   94   94   90   75                                   
    32.5-180.0 180.0   5.0 450.0                            LAT/LON1/LON2/DLON/H
   70   68   63   62   63   73   86  105  123  139  153  161  170  170  172  172
  173  174  178  180  181  181  182  184  184  189  192  199  205  212  222  230
  241  249  261  271  283  282  282  268  260  246  241  232  227  219  211  202
  192  182  171  159  149  142  136  135  133  131  129  128  126  127  125  126
  119  116  108  103   91   88   84   81   70                                   
    30.0-180.0 180.0   5.0 450.0                            LAT/LON1/LON2/DLON/H
   68   62   58   54   56   65   77   97  114  134  148  162  171  176  176  176
  175  178  181  185  188  189  190  191  194  199  207  217  231  243  260  271
  286  296  308  317  324  323  316  303  287  274  263  256  246  239  228  218
  207  196  182  169  157  148  141  138  134  131  127  127  125  129  128  131
  124  118  110   99   92   87   83   79   68                                   
    27.5-180.0 180.0   5.0 450.0                            LAT/LON1/LON2/DLON/H
   70   64   57   55   56   62   73   92  111  128  146  160  173  178  180  180
  180  182  187  193  197  198  199  199  202  209  221  238  258  279  300  318
  334  344  355  359  362  353  343  325  314  296  288  275  269  256  246  232
  219  206  191  175  162  153  146  141  136  130  125  122  124  123  123  124
  118  115  107  101   91   86   79   75   70                                   
    25.0-180.0 180.0   5.0 450.0                            LAT/LON1/LON2/DLON/H
   77   67   61   59   59   64   73   87  102  121  136  155  167  177  179  180
  181  185  192  199  205  209  210  209  214  223  241  261  288  311  338  355
  372  381  390  393  390  378  364  348  335  323  313  303  293  281  268  252
  237  220  204  188  175  164  155  147  141  131  124  122  120  123  121  125
  119  118  109  105   99   92   87   82   77                                   
    22.5-180.0 180.0   5.0 450.0                            LAT/LON1/LON2/DLON/H
   89   75   67   66   65   69   76   87  102  115  133  149  165  173  180  181
  184  187  196  205  214  218  220  220  224  238  258  284  314  339  366  384
  400  411  420  416  408  391  376  361  350  337  332  321  314  298  284  266
  251  235  217  201  185  175  166  158  150  139  129  123  122  120  120  118
  116  117  114  112  107  101   95   84   89                                   
    20.0-180.0 180.0   5.0 450.0                            LAT/LON1/LON2/DLON/H
   99   82   74   75   72   76   82   91  102  114  127  142  157  169  176  180
  185  190  201  211  224  229  234  233  241  255  281  308  338  363  389  404
  419  431  434  427  412  398  384  376  366  363  356  348  335  322  304  286
  266  249  231  214  199  188  182  173  163  148  136  128  125  121  119  120
  116  121  119  121  117  112  105   93   99                                   
    17.5-180.0 180.0   5.0 450.0                            LAT/LON1/LON2/DLON/H
  110   91   82   83   80   87   88   97  106  115  128  139  156  167  178  183
  192  197  211  220  234  240  246  247  258  274  301  328  358  383  407  418
  434  439  440  426  411  396  388  384  384  383  378  367  352  334  315  298
  279  264  245  227  209  198  193  187  177  161  145  135  129  123  120  116
  115  117  122  124  124  119  111   96  110                                   
    15.0-180.0 180.0   5.0 450.0                            LAT/LON1/LON2/DLON/H
  109   92   83   84   79   88   89   99  106  118  129  141  154  168  179  190
  199  207  219  226  242  249  260  263  279  295  323  349  380  402  420  431
  438  441  435  424  410  400  395  399  403  407  401  392  370  350  329  313
  295  280  261  243  223  213  206  201  191  175  157  143  135  128  124  120
  119  120  122  126  126  121  116   97  109                                   
    12.5-180.0 180.0   5.0 450.0                            LAT/LON1/LON2/DLON/H
  110   89   81   86   80   90   93  106  117  127  141  149  167  177  196  205
  220  223  237  239  253  258  271  277  297  313  343  367  397  415  429  434
  438  438  433  425  413  408  407  413  419  422  414  400  376  355  333  316
  300  286  265  248  230  222  215  213  202  188  166  149  140  131  126  121
  119  118  120  123  121  121  109   90  110                                   
    10.0-180.0 180.0   5.0 450.0                            LAT/LON1/LON2/DLON/H
  101   82   76   75   74   79   89  104  119  138  153  163  176  189  205  219
  230  240  250  252  261  265  281  289  312  330  357  382  407  422  429  434
  435  437  434  430  423  423  424  434  436  439  426  408  383  358  337  321
  305  290  269  253  235  227  221  218  208  193  174  159  146  137  131  125
  123  121  119  118  116  110  106   82  101                                   
     7.5-180.0 180.0   5.0 450.0                            LAT/LON1/LON2/DLON/H
   89   74   67   68   67   72   84  103  126  144  166  176  193  204  227  239
  255  264  275  270  277  276  292  301  328  346  374  396  418  427  432  435
