data/unet/pred0800.15i
     1.0            IONOSPHERE MAPS     GNSS                IONEX VERSION / TYPE
pyspatialgeodesy        IME             05-JAN-18 20:20     PGM / RUN BY / DATE 
Map Name                                                    COMMENT             
Predicted global ionosphere maps (GIM).                     DESCRIPTION         
  2015     3    21     0     0     0                        EPOCH OF FIRST MAP  
  2015     3    22     0     0     0                        EPOCH OF LAST MAP   
  7200                                                      INTERVAL            
    13                                                      # OF MAPS IN FILE   
  NONE                                                      MAPPING FUNCTION    
10.0                                                        ELEVATION CUTOFF    
One-way carrier phase leveled to code                       OBSERVABLES USED    
  6371.0                                                    BASE RADIUS         
 2                                                          MAP DIMENSION       
   450.0 450.0   0.0                                        HGT1 / HGT2 / DHGT  
    87.5 -87.5  -2.5                                        LAT1 / LAT2 / DLAT  
  -180.0 180.0   5.0                                        LON1 / LON2 / DLON  
    -1                                                      EXPONENT            
                                                            END OF HEADER       
[from data line 3861]
    10                                                      START OF TEC MAP    
  2015     3    21    18     0     0                        EPOCH OF CURRENT MAP
    87.5-180.0 180.0   5.0 450.0                            LAT/LON1/LON2/DLON/H
  180  149  145  146  146  144  146  145  148  147  149  149  152  150  153  151
  154  151  155  151  155  151  154  151  153  150  152  149  150  147  149  146
  147  144  146  143  145  142  144  141  143  141  144  142  143  143  144  144
  144  144  145  146  146  147  147  148  149  149  149  149  150  149  149  148
  149  148  149  149  152  149  160  165  180                                   
    85.0-180.0 180.0   5.0 450.0                            LAT/LON1/LON2/DLON/H
  135  132  133  138  136  138  137  140  139  143  142  145  144  147  145  148
  147  149  147  149  147  149  147  148  146  147  144  144  141  142  139  139
  136  138  135  135  133  134  131  133  130  134  131  134  132  135  133  136
  134  137  136  138  137  140  139  141  140  143  140  142  140  142  139  141
  138  141  138  141  140  137  144  158  135                                   
    82.5-180.0 180.0   5.0 450.0                            LAT/LON1/LON2/DLON/H
  123  121  124  125  126  128  129  132  135  136  139  140  143  144  146  146
  149  148  149  148  149  149  148  147  146  146  144  143  142  141  139  139
  136  137  134  135  132  133  130  131  129  131  129  131  129  131  130  130
  131  131  132  132  134  133  135  134  135  135  135  134  134  132  131  129
  129  127  127  126  127  120  122  132  123                                   
    80.0-180.0 180.0   5.0 450.0                            LAT/LON1/LON2/DLON/H
  104  108  107  109  112  112  116  118  123  125  129  132  136  138  140  142
  144  145  146  147  147  147  146  146  145  145  143  143  140  141  137  137
  134  135  132  133  130  130  127  128  125  127  124  126  122  126  122  125
  122  125  123  126  125  128  128  129  129  131  129  129  127  127  124  122
  119  117  116  114  111  106  104  116  104                                   
    77.5-180.0 180.0   5.0 450.0                            LAT/LON1/LON2/DLON/H
   89   89   93   92   96   98  103  105  111  114  121  124  129  131  137  138
  141  141  145  145  147  147  148  147  147  146  146  143  143  141  140  138
  136  135  133  132  130  129  127  126  124  123  122  120  119  118  118  116
  116  115  117  116  118  119  121  121  123  122  122  120  119  115  113  109
  107  103  102   99   97   89   87   97   89                                   
    75.0-180.0 180.0   5.0 450.0                            LAT/LON1/LON2/DLON/H
   78   78   80   84   87   91   95   99  105  111  117  123  127  133  137  141
  144  147  150  152  154  155  156  156  155  155  153  152  150  149  145  145
  140  141  137  136  133  132  130  127  125  123  123  120  119  118  117  115
  113  114  113  114  115  117  118  120  120  119  117  115  113  109  106  102
   99   97   94   93   87   82   82   96   78                                   
    72.5-180.0 180.0   5.0 450.0                            LAT/LON1/LON2/DLON/H
   75   73   78   79   82   86   91   95  102  108  115  122  128  134  140  144
  149  153  157  160  163  165  166  166  165  164  162  159  158  155  153  149
  146  143  141  138  135  133  130  127  125  123  123  119  119  116  116  111
  112  109  112  108  113  111  116  113  117  112  112  107  106  100   98   93
   92   88   88   86   83   76   77   86   75                                   
    70.0-180.0 180.0   5.0 450.0                            LAT/LON1/LON2/DLON/H
   74   74   78   82   85   89   92   97  102  110  116  124  132  139  145  151
  155  162  165  170  173  176  176  176  173  171  167  163  159  157  153  150
  146  143  140  137  134  131  129  125  123  121  120  117  116  114  112  108
  106  105  105  104  106  107  110  109  111  108  107  102  100   95   92   89
   87   87   85   86   82   78   81   92   74                                   
    67.5-180.0 180.0   5.0 450.0                            LAT/LON1/LON2/DLON/H
   77   79   85   87   89   93   96  100  106  112  120  128  137  142  151  156
  164  169  176  179  184  186  186  184  180  176  171  164  160  153  150  143
  142  136  134  129  127  124  122  119  118  116  116  111  111  106  105   99
   99   96   97   95   99   97  102  100  103  100   98   94   91   87   85   82
   80   81   81   82   81   79   83   89   77                                   
    65.0-180.0 180.0   5.0 450.0                            LAT/LON1/LON2/DLON/H
   78   85   90   93   96   99  102  108  111  120  126  135  143  150  157  164
  171  178  184  189  194  196  196  192  185  179  169  161  154  146  143  137
  136  131  128  124  121  119  116  114  113  112  111  108  106  101   98   92
   89   87   87   86   88   88   91   91   94   92   90   87   84   81   78   76
   75   78   77   80   79   79   85   91   78                                   
    62.5-180.0 180.0   5.0 450.0                            LAT/LON1/LON2/DLON/H
   77   83   93   97   99  102  107  112  118  124  132  140  148  155  164  170
  178  184  192  197  201  204  201  198  188  180  168  159  150  144  139  135
  133  128  124  119  116  113  110  108  107  107  106  103  100   95   90   84
   80   78   77   77   78   79   82   83   84   83   82   78   75   71   69   66
   67   67   69   72   73   73   81   83   77                                   
    60.0-180.0 180.0   5.0 450.0                            LAT/LON1/LON2/DLON/H
   73   82   90   97  100  104  109  115  121  129  136  145  152  160  166  174
  180  188  194  201  207  209  208  201  192  179  166  156  148  143  141  139
  137  133  128  125  119  116  112  109  107  106  105  101   98   91   86   79
   74   71   70   69   71   71   75   76   79   77   75   72   68   65   61   61
   59   62   62   66   65   66   75   77   73                                   
    57.5-180.0 180.0   5.0 450.0                            LAT/LON1/LON2/DLON/H
   68   74   85   92   97  102  108  115  122  130  137  146  154  161  169  176
  183  189  196  203  208  212  209  205  194  185  170  164  155  157  156  157
  156  150  145  138  132  125  120  115  112  109  106  101   97   90   84   76
   71   67   65   64   66   68   70   74   75   76   73   70   64   62   58   57
   57   56   58   59   61   59   66   65   68                                   
    55.0-180.0 180.0   5.0 450.0                            LAT/LON1/LON2/DLON/H
   65   72   78   88   94  102  109  117  125  132  139  147  153  162  168  176
  181  188  194  202  207  213  214  211  204  195  186  178  176  179  182  186
  185  181  174  166  157  146  139  131  127  120  117  110  104   96   89   81
   74   69   67   65   67   68   72   74   79   79   76   72   66   62   58   59
   57   59   59   60   56   55   60   64   65                                   
    52.5-180.0 180.0   5.0 450.0                            LAT/LON1/LON2/DLON/H
   65   69   77   86   94  102  110  120  127  135  139  148  153  162  168  176
  182  186  193  199  205  213  216  218  213  212  205  208  203  215  217  226
  224  219  211  199  188  174  163  152  143  136  129  122  114  104   97   89
   83   77   75   72   72   74   77   81   84   88   84   81   74   70   66   65
   64   65   65   63   62   56   59   63   65                                   
    50.0-180.0 180.0   5.0 450.0                            LAT/LON1/LON2/DLON/H
   72   75   80   92   99  109  119  130  137  144  147  152  156  162  169  177
  181  187  191  198  204  213  221  228  232  234  235  237  241  250  256  260
  258  251  241  228  216  202  189  176  166  155  147  137  129  120  111  103
   96   91   88   84   84   82   86   88   95   96   96   92   86   83   78   77
   75   78   77   77   70   64   65   74   72                                   
    47.5-180.0 180.0   5.0 450.0                            LAT/LON1/LON2/DLON/H
   82   84   90   99  108  119  131  144  152  159  159  164  165  173  176  183
  186  190  192  197  203  215  228  241  251  260  263  271  275  285  289  291
  285  276  265  252  240  226  214  200  188  173  162  150  142  132  124  114
  108  104  100   96   93   93   93   98  101  107  106  105   98   96   91   90
   90   92   93   92   88   77   79   84   82                                   
    45.0-180.0 180.0   5.0 450.0                            LAT/LON1/LON2/DLON/H
   95   98  101  112  120  134  146  161  168  176  178  180  184  187  192  195
  198  198  200  202  209  222  239  257  271  283  292  298  305  311  312  309
  301  290  279  268  257  244  233  220  206  192  179  166  156  145  138  126
  120  113  110  104  102   97   99   99  107  111  116  115  113  110  106  107
  106  110  110  111  104   98   99  100   95                                   
    42.5-180.0 180.0   5.0 450.0                            LAT/LON1/LON2/DLON/H
  101  110  114  126  137  151  165  182  190  198  199  204  206  210  211  216
  216  215  213  214  221  234  253  272  291  303  314  320  326  327  327  318
  309  296  288  278  271  258  247  233  217  204  189  177  165  155  146  135
  128  121  116  111  105  101   98  101  106  116  120  125  122  123  119  120
  120  122  122  124  120  114  116  113  101                                   
    40.0-180.0 180.0   5.0 450.0                            LAT/LON1/LON2/DLON/H
  106  118  125  143  155  172  187  204  214  224  228  229  232  233  237  239
  241  237  237  234  241  252  269  289  304  319  328  333  336  335  332  325
  315  306  296  290  282  272  258  243  229  215  203  189  178  165  155  141
  133  123  118  110  106   98   96   94  103  110  121  128  131  132  130  131
  129  130  130  131  128  123  126  120  106                                   
    37.5-180.0 180.0   5.0 450.0                            LAT/LON1/LON2/DLON/H
  103  119  130  151  170  189  206  224  236  249  254  259  260  261  264  266
  267  265  261  260  264  274  290  307  321  332  339  340  344  339  340  333
  327  320  313  305  297  287  274  257  239  224  209  198  184  173  160  146
  136  125  119  113  107  102   95   95   96  107  117  130  133  138  134  135
  130  130  127  129  121  116  124  118  103                                   
    35.0-180.0 180.0   5.0 450.0                            LAT/LON1/LON2/DLON/H
   99  117  138  165  188  209  228  245  261  275  285  289  292  292  297  296
  300  295  296  289  297  301  315  326  336  345  346  347  348  350  353  354
  352  349  345  339  329  316  297  276  252  233  219  206  194  181  169  154
  142  129  122  115  112  108  104   99  101  105  118  125  133  135  134  132
  126  124  119  118  110  105  114  106   99                                   
    32.5-180.0 180.0   5.0 450.0                            LAT/LON1/LON2/DLON/H
   92  107  133  167  195  220  239  260  276  295  308  318  321  323  326  328
  330  330  326  327  330  337  347  355  360  361  362  361  369  373  388  392
  401  400  401  390  377  358  330  300  269  246  227  212  200  189  177  166
  154  144  138  134  134  133  126  123  121  119  125  131  136  137  134  130
  123  116  107   99   92   85   94   91   92                                   
    30.0-180.0 180.0   5.0 450.0                            LAT/LON1/LON2/DLON/H
   96  108  135  180  209  240  258  277  295  314  332  342  350  351  357  356
  363  362  365  364  370  373  381  385  388  388  389  394  406  422  443  461
  477  484  480  467  443  411  372  334  292  263  240  225  211  203  192  190
  178  172  153  143  135  136  132  130  132  137  145  147  149  141  141  130
  126  118  110  101   90   81   81   78   96                                   
    27.5-180.0 180.0   5.0 450.0                            LAT/LON1/LON2/DLON/H
   99  113  144  185  225  253  273  291  309  330  350  365  374  380  387  392
  399  403  408  411  417  418  424  420  422  420  426  436  462  487  522  549
  573  572  565  537  509  463  415  365  320  282  259  241  231  227  224  219
  207  200  186  187  185  188  188  183  176  171  169  169  164  160  155  148
  140  130  123  107   97   86   76   78   99                                   
    25.0-180.0 180.0   5.0 450.0                            LAT/LON1/LON2/DLON/H
  115  129  158  201  238  273  289  307  323  344  367  385  401  410  421  425
  437  438  447  447  456  457  460  458  459  465  474  493  524  562  607  639
  658  652  625  592  552  509  454  401  348  314  290  279  269  266  260  262
  244  229  210  196  199  198  207  214  213  211  204  196  192  184  181  169
  161  147  134  121  107   96   89   86  115                                   
    22.5-180.0 180.0   5.0 450.0                            LAT/LON1/LON2/DLON/H
  137  144  186  222  259  288  310  323  341  362  385  406  424  438  450  459
  472  477  482  481  489  488  492  488  496  502  521  540  585  621  667  696
  716  706  671  622  569  517  462  416  372  340  323  317  311  317  309  303
  269  247  239  235  245  253  258  262  245  241  230  222  219  215  212  210
  202  187  168  148  135  121  106  113  137                                   
    20.0-180.0 180.0   5.0 450.0                            LAT/LON1/LON2/DLON/H
  158  148  196  241  274  306  327  343  363  386  399  420  443  461  478  489
  505  506  509  504  509  509  516  519  530  540  562  590  624  662  703  738
  752  740  706  647  582  526  466  428  385  362  348  349  347  356  335  333
  319  301  301  289  303  309  306  301  283  277  255  247  228  228  221  227
  227  221  206  184  161  143  128  127  158                                   
    17.5-180.0 180.0   5.0 450.0                            LAT/LON1/LON2/DLON/H
  174  167  204  248  286  319  344  363  388  409  421  442  464  487  512  529
  541  541  542  531  532  527  535  542  559  577  603  619  654  696  734  756
  765  750  712  652  581  521  468  431  389  371  359  371  364  379  372  380
  371  354  351  335  345  342  334  321  307  290  277  256  244  232  229  231
  231  228  218  203  185  167  147  145  174                                   
    15.0-180.0 180.0   5.0 450.0                            LAT/LON1/LON2/DLON/H
  176  172  208  250  291  324  352  373  404  426  445  473  490  521  540  565
  581  581  580  565  559  552  558  570  590  610  631  657  690  715  752  768
  772  750  710  649  585  528  474  433  396  380  378  395  402  414  417  408
  408  382  383  362  371  360  348  339  315  302  276  264  244  241  228  235
  230  233  224  211  194  178  160  150  176                                   
    12.5-180.0 180.0   5.0 450.0                            LAT/LON1/LON2/DLON/H
  177  174  208  245  288  325  353  384  416  445  468  495  520  545  570  595
  617  620  620  603  595  582  590  602  623  635  653  678  708  731  756  769
  759  737  689  643  585  536  481  449  415  404  402  420  426  436  437  432
  430  408  405  385  376  364  353  338  315  302  276  265  247  237  228  228
  225  228  217  206  187  178  153  147  177                                   
    10.0-180.0 180.0   5.0 450.0                            LAT/LON1/LON2/DLON/H
  171  167  200  238  281  320  354  387  426  456  487  516  544  575  593  629
  644  654  654  639  629  616  616  634  645  663  677  705  725  743  761  766
  749  727  684  649  602  559  511  474  445  431  431  436  447  445  449  444
  444  421  416  395  383  370  358  337  313  295  268  261  242  234  220  221
  215  216  204  194  178  167  147  142  171                                   
     7.5-180.0 180.0   5.0 450.0                            LAT/LON1/LON2/DLON/H
  169  167  196  236  283  320  358  391  435  474  507  533  563  582  611  640
  665  680  687  675  667  651  652  659  663  676  701  720  737  751  755  755
