data/unet/pred0680.15i
     1.0            IONOSPHERE MAPS     GNSS                IONEX VERSION / TYPE
pyspatialgeodesy        IME             05-JAN-18 20:20     PGM / RUN BY / DATE 
Map Name                                                    COMMENT             
Predicted global ionosphere maps (GIM).                     DESCRIPTION         
  2015     3     9     0     0     0                        EPOCH OF FIRST MAP  
  2015     3    10     0     0     0                        EPOCH OF LAST MAP   
  7200                                                      INTERVAL            
    13                                                      # OF MAPS IN FILE   
  NONE                                                      MAPPING FUNCTION    
10.0                                                        ELEVATION CUTOFF    
One-way carrier phase leveled to code                       OBSERVABLES USED    
  6371.0                                                    BASE RADIUS         
 2                                                          MAP DIMENSION       
   450.0 450.0   0.0                                        HGT1 / HGT2 / DHGT  
    87.5 -87.5  -2.5                                        LAT1 / LAT2 / DLAT  
  -180.0 180.0   5.0                                        LON1 / LON2 / DLON  
    -1                                                      EXPONENT            
                                                            END OF HEADER       
[from data line 2145]
     6                                                      START OF TEC MAP    
  2015     3     9    10     0     0                        EPOCH OF CURRENT MAP
    87.5-180.0 180.0   5.0 450.0                            LAT/LON1/LON2/DLON/H
   87  116  114  114  116  114  118  117  121  119  124  123  128  126  131  130
  135  133  137  135  139  136  139  136  138  136  137  136  137  135  136  134
  135  133  133  131  133  130  131  129  131  129  130  129  128  127  125  125
  122  121  117  117  113  113  108  108  106  105  102  102  100  100  100  100
  101  102  103  104  104  102  104   95   87                                   
    85.0-180.0 180.0   5.0 450.0                            LAT/LON1/LON2/DLON/H
  104  102  112  115  116  116  120  120  123  123  126  126  129  129  129  132
  133  135  137  139  143  144  146  147  151  152  154  156  160  160  162  161
  163  162  162  161  162  160  159  157  156  154  152  150  145  143  136  134
  127  124  118  114  109  104   98   94   91   87   84   82   82   81   82   83
   85   87   90   91   93   95  103  105  104                                   
    82.5-180.0 180.0   5.0 450.0                            LAT/LON1/LON2/DLON/H
   92  101  110  117  120  121  125  128  130  131  132  132  133  132  132  132
  135  135  137  138  142  143  146  148  151  154  156  159  163  166  168  171
  173  175  175  177  178  178  177  176  176  173  171  167  165  159  155  149
  143  136  130  122  116  107   99   93   85   79   73   71   67   66   65   67
   69   71   75   78   82   87   95   96   92                                   
    80.0-180.0 180.0   5.0 450.0                            LAT/LON1/LON2/DLON/H
   95  101  110  113  118  120  125  127  129  128  128  127  126  123  122  121
  121  120  121  122  125  126  131  132  138  138  146  147  157  157  167  167
  177  176  184  184  190  189  192  191  192  190  190  186  184  177  174  166
  161  151  144  136  127  118  110  102   93   84   77   71   67   64   62   62
   62   65   68   72   74   80   91   95   95                                   
    77.5-180.0 180.0   5.0 450.0                            LAT/LON1/LON2/DLON/H
   97   99  106  113  115  121  121  126  123  124  120  119  114  110  107  104
  102  100  100  102  104  106  110  113  119  122  131  136  146  152  160  166
  175  181  188  193  199  202  206  207  211  210  212  211  211  208  205  200
  194  185  178  168  159  147  138  125  117  104   98   87   82   76   73   72
   72   74   76   78   79   85   93   90   97                                   
    75.0-180.0 180.0   5.0 450.0                            LAT/LON1/LON2/DLON/H
   99   99  105  110  113  116  117  119  116  115  110  105   99   93   88   82
   80   77   80   79   84   85   93   94  103  106  118  122  135  139  153  156
  170  175  190  193  205  206  215  216  221  222  225  227  229  229  230  228
  225  219  213  204  195  182  172  157  148  134  125  113  105   96   92   88
   86   86   87   87   85   92   96   95   99                                   
    72.5-180.0 180.0   5.0 450.0                            LAT/LON1/LON2/DLON/H
   98   96   99  105  105  108  108  110  106  105   98   95   87   81   75   70
   67   67   67   71   73   78   83   88   95   99  108  113  123  131  142  150
  163  172  186  194  205  209  217  219  226  228  233  236  240  245  248  249
  249  245  242  233  227  215  208  194  185  170  160  147  137  124  117  108
  105  100  101   96   95   96  100   97   98                                   
    70.0-180.0 180.0   5.0 450.0                            LAT/LON1/LON2/DLON/H
   98   91   93   97   99  102  102  104  102   99   93   88   80   74   67   62
   60   59   63   66   72   77   84   87   93   96  103  108  117  125  135  144
  159  169  185  194  208  213  220  223  228  234  237  246  247  258  259  267
  267  270  265  262  253  246  236  225  213  199  185  171  158  144  133  124
  114  110  106  105   99   99   98   99   98                                   
    67.5-180.0 180.0   5.0 450.0                            LAT/LON1/LON2/DLON/H
   93   83   85   90   88   92   93   97   95   95   89   86   76   71   64   60
   57   59   62   70   74   83   88   93   95   97  101  104  111  119  129  140
  153  167  181  193  205  212  218  221  226  229  236  242  250  258  265  269
  275  275  277  271  268  258  251  240  229  215  202  185  169  153  141  128
  120  109  106  100   97   92   94   94   93                                   
    65.0-180.0 180.0   5.0 450.0                            LAT/LON1/LON2/DLON/H
   87   74   75   78   78   82   85   89   90   91   86   83   75   71   65   62
   61   63   68   76   82   89   94   98   98  100  100  104  109  117  127  139
  154  168  184  197  210  216  221  225  226  232  233  246  246  261  263  274
  275  282  280  280  272  268  256  251  235  226  206  190  170  152  136  125
  113  105   99   95   89   87   86   89   87                                   
    62.5-180.0 180.0   5.0 450.0                            LAT/LON1/LON2/DLON/H
   78   66   64   68   66   71   73   79   81   85   82   81   74   71   66   65
   65   68   72   79   83   91   94   97   97   96   95   97  103  110  120  136
  151  169  183  198  208  216  220  222  225  228  234  242  250  259  266  270
  276  277  279  276  271  263  254  247  235  223  206  188  170  151  135  118
  107   96   91   82   79   75   76   80   78                                   
    60.0-180.0 180.0   5.0 450.0                            LAT/LON1/LON2/DLON/H
   76   59   58   58   56   58   62   67   71   75   75   76   72   71   67   67
   68   72   74   81   82   88   89   91   89   90   88   93   97  109  121  143
  157  180  191  210  219  228  230  234  232  240  239  252  253  264  269  277
  280  286  283  283  275  269  256  251  235  227  206  192  171  154  134  118
  102   92   84   80   74   72   72   76   76                                   
    57.5-180.0 180.0   5.0 450.0                            LAT/LON1/LON2/DLON/H
   73   61   55   54   50   51   51   57   60   66   68   70   68   67   66   67
   68   71   72   76   74   77   75   77   75   77   78   83   93  106  123  146
  164  187  200  217  225  237  238  242  243  250  253  262  266  274  281  285
  291  294  294  290  284  275  264  254  243  231  220  203  189  168  154  132
  118  101   93   84   79   76   74   77   73                                   
    55.0-180.0 180.0   5.0 450.0                            LAT/LON1/LON2/DLON/H
   84   66   60   54   49   46   46   48   51   56   60   63   62   63   63   65
   67   69   69   69   66   65   64   65   64   67   70   81   93  113  129  161
  178  206  215  239  242  256  257  262  262  270  271  281  283  290  295  301
  305  310  308  306  298  289  277  268  257  249  237  227  210  195  176  159
  139  123  109  101   93   88   85   84   84                                   
    52.5-180.0 180.0   5.0 450.0                            LAT/LON1/LON2/DLON/H
   96   82   71   66   56   50   44   46   45   51   53   58   59   59   61   62
   64   64   63   61   56   55   53   55   55   59   67   79   96  119  144  173
  197  220  235  256  262  275  278  284  287  291  295  299  306  310  316  318
  323  324  326  319  313  301  291  280  275  267  264  252  244  227  213  190
  174  152  140  124  116  107  105   99   96                                   
    50.0-180.0 180.0   5.0 450.0                            LAT/LON1/LON2/DLON/H
  119   99   88   77   69   59   53   48   48   51   54   57   59   60   61   61
   64   62   61   57   54   51   51   51   55   59   71   86  106  134  158  193
  212  239  253  277  282  294  297  305  308  313  315  318  324  328  331  334
  336  342  340  337  326  317  304  297  290  286  282  277  270  258  242  223
  201  181  164  152  141  130  125  115  119                                   
    47.5-180.0 180.0   5.0 450.0                            LAT/LON1/LON2/DLON/H
  134  118  107   98   85   75   65   60   56   58   58   61   63   62   65   64
   67   64   63   58   56   52   51   55   59   67   79   95  118  145  174  204
  229  254  275  293  302  314  319  327  334  336  342  341  348  345  351  348
  352  350  351  343  336  324  313  305  301  296  294  289  283  273  259  238
  220  195  183  167  160  147  144  131  134                                   
    45.0-180.0 180.0   5.0 450.0                            LAT/LON1/LON2/DLON/H
  148  132  121  113  104   92   86   77   74   70   73   73   74   72   75   72
   75   72   73   67   66   61   63   65   72   80   93  112  135  161  187  218
  237  268  285  304  315  327  333  344  350  355  358  359  362  360  361  362
  361  363  359  353  341  332  316  310  301  299  293  291  284  276  260  241
  218  197  180  173  165  156  151  142  148                                   
    42.5-180.0 180.0   5.0 450.0                            LAT/LON1/LON2/DLON/H
  150  138  132  130  120  112  105   98   93   88   88   87   87   84   85   82
   85   83   83   79   79   75   76   79   83   92  106  125  148  172  198  221
  246  273  296  314  329  342  354  365  377  380  385  378  381  374  379  375
  376  371  368  359  348  334  318  305  296  290  283  278  270  260  244  223
  202  179  167  157  155  149  148  139  150                                   
    40.0-180.0 180.0   5.0 450.0                            LAT/LON1/LON2/DLON/H
  144  136  132  138  134  134  127  120  114  107  108  104  106  101  101   96
  100   96   99   97   97   94   94   94   99  105  118  138  161  184  205  228
  249  279  301  324  343  361  374  388  401  405  407  403  401  398  396  395
  392  390  384  379  363  350  327  316  298  293  279  269  255  239  222  202
  179  159  143  142  137  136  134  131  144                                   
    37.5-180.0 180.0   5.0 450.0                            LAT/LON1/LON2/DLON/H
  130  128  126  135  136  141  137  131  127  121  120  118  119  115  115  109
  111  109  110  110  109  107  105  105  106  113  123  142  165  187  206  227
  252  280  309  335  359  382  400  418  435  440  443  436  438  431  434  425
  427  419  414  406  394  375  354  333  318  303  289  270  253  231  210  186
  166  143  130  126  125  119  121  114  130                                   
    35.0-180.0 180.0   5.0 450.0                            LAT/LON1/LON2/DLON/H
  115  112  115  121  132  142  142  140  136  130  132  129  133  128  129  123
  123  120  122  121  120  116  114  109  111  114  129  150  175  196  215  235
  258  285  315  344  373  401  423  443  463  471  480  477  477  475  475  475
  472  467  459  453  436  417  390  373  352  338  316  294  272  248  222  199
  176  157  137  129  115  106  112  105  115                                   
    32.5-180.0 180.0   5.0 450.0                            LAT/LON1/LON2/DLON/H
  104  105   93  102  113  127  133  132  131  128  131  133  136  136  135  130
  130  127  127  126  122  120  113  110  106  113  126  148  173  198  220  239
  264  289  322  355  388  421  447  475  497  515  524  531  535  534  541  540
  546  539  548  532  530  498  480  451  438  413  391  358  331  303  274  253
  226  201  177  156  138  117  114   95  104                                   
    30.0-180.0 180.0   5.0 450.0                            LAT/LON1/LON2/DLON/H
  107   98   84   87  101  111  123  123  128  123  130  132  139  138  141  135
  135  130  130  126  123  117  111  106  107  112  132  154  184  210  232  254
  275  299  331  365  409  443  480  511  534  560  574  591  597  613  618  629
  633  639  639  633  624  615  600  593  580  564  532  502  457  423  370  351
  314  290  251  226  196  163  144  121  107                                   
    27.5-180.0 180.0   5.0 450.0                            LAT/LON1/LON2/DLON/H
  127  118   90   85   88  100  106  112  118  117  123  129  136  139  141  138
  137  132  131  126  122  115  109  105  104  114  134  161  198  225  251  262
  289  308  346  376  423  464  503  543  571  605  624  651  670  696  712  721
  733  741  750  753  765  767  764  760  737  712  675  642  600  547  511  483
  450  410  359  319  271  235  202  154  127                                   
    25.0-180.0 180.0   5.0 450.0                            LAT/LON1/LON2/DLON/H
  173  152  125  104  101   94  101  100  111  109  121  125  134  135  138  135
  136  130  127  122  117  113  108  106  111  120  141  172  205  233  257  280
  300  324  361  404  456  497  542  580  608  645  669  707  737  759  776  799
  819  835  844  857  862  876  874  879  869  860  824  786  743  694  659  625
  579  536  488  440  375  324  283  231  173                                   
    22.5-180.0 180.0   5.0 450.0                            LAT/LON1/LON2/DLON/H
  230  205  174  140  126  121  112  108  109  109  117  124  132  133  134  133
  134  129  124  118  114  109  107  106  110  120  147  177  211  242  275  290
  323  348  391  434  483  525  565  603  633  671  705  747  779  798  821  843
  867  886  900  911  926  938  946  952  953  946  929  906  869  819  767  731
  694  660  601  542  487  434  382  322  230                                   
    20.0-180.0 180.0   5.0 450.0                            LAT/LON1/LON2/DLON/H
  304  276  246  198  166  140  129  124  123  116  121  124  132  131  132  128
  129  122  117  111  107  108  108  111  116  130  148  181  219  258  284  313
  348  387  431  475  517  553  595  626  657  690  732  765  796  817  840  863
  885  903  914  921  937  944  956  960  969  968  957  941  909  883  838  800
  758  730  687  644  575  515  467  400  304                                   
    17.5-180.0 180.0   5.0 450.0                            LAT/LON1/LON2/DLON/H
  371  354  324  268  227  192  162  151  150  135  132  130  134  133  132  128
  128  120  115  106  103  103  105  106  115  126  151  184  223  259  294  329
  373  415  468  502  541  575  607  638  668  702  740  772  805  826  847  865
  881  890  895  896  907  914  934  934  950  944  947  929  915  881  851  809
  778  748  717  682  637  575  523  458  371                                   
    15.0-180.0 180.0   5.0 450.0                            LAT/LON1/LON2/DLON/H
  421  416  386  338  296  244  213  190  177  163  155  143  141  132  133  127
  129  120  114  105  101  105  111  111  113  126  152  194  239  277  312  349
  397  446  492  528  555  587  625  650  684  711  750  777  808  826  844  860
  864  864  862  856  861  861  880  886  894  895  898  885  865  835  799  774
  742  729  701  683  649  607  558  489  421                                   
    12.5-180.0 180.0   5.0 450.0                            LAT/LON1/LON2/DLON/H
  450  450  427  383  343  294  259  235  215  200  179  165  155  142  135  130
  131  123  118  106  104  100  106  102  109  122  151  202  254  291  325  363
  416  456  504  531  564  596  628  657  689  720  752  782  808  822  835  841
  839  830  820  807  797  797  800  809  805  807  806  804  790  767  736  709
  687  672  663  647  631  600  572  512  450                                   
    10.0-180.0 180.0   5.0 450.0                            LAT/LON1/LON2/DLON/H
  464  470  455  421  383  335  298  264  249  227  210  186  170  153  144  134
  133  126  115  105   96   95   89   91  103  129  166  228  271  307  334  380
  420  471  508  536  565  595  630  656  689  718  754  779  800  811  820  820
  815  794  776  756  743  734  730  726  731  726  725  733  710  703  662  647
  615  609  596  599  589  571  558  503  464                                   
     7.5-180.0 180.0   5.0 450.0                            LAT/LON1/LON2/DLON/H
  477  485  475  444  404  361  323  296  277  252  230  208  177  158  148  139
  135  120  103   85   79   67   69   75   99  133  180  247  282  314  340  375
