data/unet/pred1280.15i
     1.0            IONOSPHERE MAPS     GNSS                IONEX VERSION / TYPE
pyspatialgeodesy        IME             05-JAN-18 20:20     PGM / RUN BY / DATE 
Map Name                                                    COMMENT             
Predicted global ionosphere maps (GIM).                     DESCRIPTION         
  2015     5     8     0     0     0                        EPOCH OF FIRST MAP  
  2015     5     9     0     0     0                        EPOCH OF LAST MAP   
  7200                                                      INTERVAL            
    13                                                      # OF MAPS IN FILE   
  NONE                                                      MAPPING FUNCTION    
10.0                                                        ELEVATION CUTOFF    
One-way carrier phase leveled to code                       OBSERVABLES USED    
  6371.0                                                    BASE RADIUS         
 2                                                          MAP DIMENSION       
   450.0 450.0   0.0                                        HGT1 / HGT2 / DHGT  
    87.5 -87.5  -2.5                                        LAT1 / LAT2 / DLAT  
  -180.0 180.0   5.0                                        LON1 / LON2 / DLON  
    -1                                                      EXPONENT            
                                                            END OF HEADER       
[from data line 2574]
     7                                                      START OF TEC MAP    
  2015     5     8    12     0     0                        EPOCH OF CURRENT MAP
    87.5-180.0 180.0   5.0 450.0                            LAT/LON1/LON2/DLON/H
  144  167  169  172  170  171  171  173  174  175  175  177  177  177  177  178
  177  177  176  175  174  172  170  168  166  164  163  160  160  156  157  153
  154  150  151  148  148  145  145  142  141  138  138  136  135  135  135  135
  135  136  137  138  139  140  141  142  142  144  145  146  147  149  150  151
  153  154  156  157  155  159  170  144  144                                   
    85.0-180.0 180.0   5.0 450.0                            LAT/LON1/LON2/DLON/H
  155  163  164  165  166  166  167  169  169  171  171  172  171  172  171  171
  170  169  169  166  166  162  163  158  160  154  156  152  154  149  151  147
  149  144  146  140  142  137  138  132  132  127  127  123  124  120  122  120
  123  122  125  124  127  127  130  129  132  131  135  134  137  136  138  139
  141  142  144  146  148  152  164  154  155                                   
    82.5-180.0 180.0   5.0 450.0                            LAT/LON1/LON2/DLON/H
  151  159  159  162  165  165  169  168  172  170  174  170  174  170  173  168
  171  166  169  163  166  160  162  156  159  154  158  152  157  151  155  150
  152  147  149  145  145  140  140  134  133  127  127  122  122  119  120  119
  121  120  124  124  127  126  130  129  131  131  133  132  134  132  134  132
  136  135  139  138  144  146  154  150  151                                   
    80.0-180.0 180.0   5.0 450.0                            LAT/LON1/LON2/DLON/H
  142  157  152  161  161  167  166  171  169  172  170  171  169  170  167  167
  165  165  162  161  159  158  156  154  153  152  153  152  154  153  155  153
  154  152  152  150  149  146  144  141  137  135  131  130  127  127  127  130
  129  133  135  139  139  143  143  146  144  147  144  147  143  144  140  141
  138  138  137  139  138  139  141  140  142                                   
    77.5-180.0 180.0   5.0 450.0                            LAT/LON1/LON2/DLON/H
  137  146  144  153  152  160  158  163  160  163  160  162  158  160  157  158
  154  155  151  152  148  149  145  146  143  146  145  147  148  150  151  154
  154  155  156  156  154  152  150  148  144  142  139  138  136  138  139  143
  144  149  151  155  155  159  159  162  160  161  158  159  154  153  148  147
  141  141  136  136  133  136  133  136  137                                   
    75.0-180.0 180.0   5.0 450.0                            LAT/LON1/LON2/DLON/H
  127  138  137  145  147  156  154  161  155  162  155  160  152  156  151  154
  149  152  147  149  144  146  141  143  140  143  141  145  146  150  152  156
  157  161  162  163  162  161  160  156  153  150  148  147  146  149  152  155
  158  163  167  171  172  176  176  178  175  177  172  172  165  163  156  152
  145  143  138  135  132  132  131  131  127                                   
    72.5-180.0 180.0   5.0 450.0                            LAT/LON1/LON2/DLON/H
  123  129  131  140  142  150  150  153  151  152  149  149  146  146  144  145
  144  144  142  142  140  140  137  138  136  138  139  142  146  149  153  157
  162  165  169  171  173  172  171  168  165  163  161  161  161  163  167  169
  173  177  181  185  186  189  188  190  186  187  181  181  173  169  162  157
  151  146  141  137  132  130  126  127  123                                   
    70.0-180.0 180.0   5.0 450.0                            LAT/LON1/LON2/DLON/H
  118  125  123  131  137  143  145  149  147  150  147  147  142  144  141  144
  142  146  143  146  142  145  139  141  137  141  140  144  146  150  154  160
  165  170  175  180  184  184  184  181  181  177  179  176  179  179  183  184
  185  189  191  192  191  194  192  193  189  190  185  184  179  174  169  164
  159  155  150  145  140  135  130  130  118                                   
    67.5-180.0 180.0   5.0 450.0                            LAT/LON1/LON2/DLON/H
  116  117  117  125  128  135  136  141  139  141  140  138  137  136  137  138
  141  143  143  144  142  143  139  140  137  140  140  143  146  149  155  159
  167  172  179  183  190  190  193  191  191  188  190  188  192  191  195  194
  195  195  194  192  190  190  189  190  188  189  186  185  182  179  174  169
  165  160  155  150  144  138  132  131  116                                   
    65.0-180.0 180.0   5.0 450.0                            LAT/LON1/LON2/DLON/H
  115  118  112  116  119  124  126  131  131  135  134  135  132  136  134  140
  140  146  144  148  145  147  142  146  140  145  141  147  147  153  156  164
  168  176  181  190  193  200  200  202  201  200  203  204  204  207  206  206
  201  200  195  192  188  188  186  187  184  186  184  186  184  183  179  177
  173  170  164  160  153  145  137  136  115                                   
    62.5-180.0 180.0   5.0 450.0                            LAT/LON1/LON2/DLON/H
  115  110  107  110  109  112  111  116  116  120  121  123  123  126  129  131
  135  138  140  141  141  140  140  140  139  141  141  144  147  151  158  162
  171  175  183  187  195  196  202  201  204  203  208  208  212  211  212  207
  203  198  193  187  184  182  181  183  183  186  187  189  190  189  187  184
  181  176  172  165  157  149  142  135  115                                   
    60.0-180.0 180.0   5.0 450.0                            LAT/LON1/LON2/DLON/H
  114  108  102  101   99  100   99  102  103  108  109  114  114  122  123  132
  133  140  139  142  139  141  139  144  142  149  146  154  153  162  163  173
  174  184  186  195  195  203  201  208  207  210  213  215  218  218  216  214
  208  204  197  193  189  188  186  189  189  193  194  198  199  197  194  191
  186  183  176  171  162  152  141  134  114                                   
    57.5-180.0 180.0   5.0 450.0                            LAT/LON1/LON2/DLON/H
  117  105   99   97   91   91   88   90   90   94   96  100  104  110  116  121
  128  129  133  131  134  132  136  137  142  146  149  153  157  163  169  175
  182  185  192  193  199  199  205  205  210  211  218  220  223  222  220  215
  211  206  202  197  196  195  195  198  199  205  205  210  210  209  204  199
  193  187  180  173  164  154  141  132  117                                   
    55.0-180.0 180.0   5.0 450.0                            LAT/LON1/LON2/DLON/H
  123  106  102   95   88   86   83   82   81   84   85   90   92  102  106  120
  123  132  130  134  130  135  134  144  146  155  158  166  168  178  180  191
  190  199  198  205  205  212  212  217  220  222  228  231  235  231  230  225
  222  218  217  214  213  214  214  217  220  225  226  230  228  225  217  210
  200  194  184  178  169  157  143  134  123                                   
    52.5-180.0 180.0   5.0 450.0                            LAT/LON1/LON2/DLON/H
  133  114  109  100   92   89   85   82   80   81   81   84   88   95  103  113
  121  126  129  129  130  132  137  145  152  159  166  172  177  183  190  196
  201  204  210  211  219  219  228  229  234  238  243  248  249  249  247  241
  238  235  235  233  234  233  234  237  240  245  246  250  246  242  230  223
  209  201  191  184  176  164  151  138  133                                   
    50.0-180.0 180.0   5.0 450.0                            LAT/LON1/LON2/DLON/H
  144  125  121  113  102   97   91   87   83   82   78   81   82   91   98  113
  121  133  133  140  138  145  147  159  164  173  179  186  189  199  202  212
  213  221  222  231  234  241  244  249  250  257  260  266  266  268  265  263
  259  256  256  254  255  253  253  253  258  261  265  267  264  259  245  235
  218  210  197  192  182  171  160  146  144                                   
    47.5-180.0 180.0   5.0 450.0                            LAT/LON1/LON2/DLON/H
  156  141  136  130  120  111  103   96   92   89   85   86   87   93  102  116
  127  137  142  145  149  152  160  168  178  184  189  194  197  205  211  218
  222  229  235  242  252  256  262  265  270  275  279  284  284  285  282  282
  277  274  272  270  269  266  262  263  266  271  272  276  271  267  252  241
  224  215  203  197  188  177  173  159  156                                   
    45.0-180.0 180.0   5.0 450.0                            LAT/LON1/LON2/DLON/H
  167  156  152  148  137  130  118  115  105  104   95   96   91  101  105  123
  132  147  151  159  161  170  176  188  193  201  201  209  207  219  219  231
  231  244  249  263  269  279  280  289  290  298  299  305  303  304  300  301
  296  294  291  287  283  276  271  267  269  271  273  275  272  268  255  246
  229  221  208  204  193  186  184  172  167                                   
    42.5-180.0 180.0   5.0 450.0                            LAT/LON1/LON2/DLON/H
  174  168  163  160  155  145  137  130  122  120  112  109  102  108  112  128
  140  154  162  168  175  181  192  201  208  213  213  217  217  223  227  236
  241  254  266  282  290  300  305  312  316  321  324  327  325  325  322  321
  316  315  309  304  297  288  275  272  268  271  270  273  268  266  253  246
  230  224  209  206  194  188  191  180  174                                   
    40.0-180.0 180.0   5.0 450.0                            LAT/LON1/LON2/DLON/H
  174  175  166  166  161  155  147  147  138  143  128  131  117  125  123  141
  150  168  171  183  186  198  205  220  222  232  227  234  229  237  237  252
  257  279  291  311  319  333  335  348  348  356  355  360  353  354  346  345
  336  334  323  318  308  298  284  277  274  272  271  270  267  263  254  249
  234  229  214  211  197  193  193  188  174                                   
    37.5-180.0 180.0   5.0 450.0                            LAT/LON1/LON2/DLON/H
  172  170  163  163  161  159  155  154  152  151  144  142  131  134  134  147
  159  171  179  189  197  205  217  228  234  240  238  245  240  248  249  264
  278  301  317  339  348  363  368  378  382  388  388  392  387  386  377  373
  362  358  346  340  325  316  298  291  284  282  278  275  270  268  259  253
  240  233  217  211  196  191  187  184  172                                   
    35.0-180.0 180.0   5.0 450.0                            LAT/LON1/LON2/DLON/H
  168  165  151  154  154  156  152  157  156  164  159  162  147  151  145  158
  166  181  187  200  206  219  226  242  243  254  250  258  254  265  269  291
  310  334  353  376  385  401  403  416  417  426  424  429  423  423  412  408
  396  390  377  372  358  351  331  322  306  299  290  283  277  271  265  262
  250  244  227  220  202  193  188  187  168                                   
    32.5-180.0 180.0   5.0 450.0                            LAT/LON1/LON2/DLON/H
  169  158  146  142  143  144  144  150  155  162  164  165  155  156  153  162
  172  184  192  203  212  223  234  244  250  261  260  270  268  278  289  318
  342  373  388  412  419  436  443  454  457  464  465  470  466  468  457  456
  443  441  425  413  407  399  390  382  368  350  327  316  294  287  276  273
  262  256  238  225  208  198  189  180  169                                   
    30.0-180.0 180.0   5.0 450.0                            LAT/LON1/LON2/DLON/H
  175  155  142  137  134  134  134  140  146  158  164  170  162  165  158  167
  171  183  192  205  218  230  241  253  257  272  271  284  286  301  319  347
  376  405  430  453  461  479  485  500  500  511  513  521  519  518  515  508
  499  476  470  460  463  454  450  438  417  400  368  361  333  323  304  297
  280  272  254  241  225  211  200  186  175                                   
    27.5-180.0 180.0   5.0 450.0                            LAT/LON1/LON2/DLON/H
  165  165  150  140  138  134  133  132  137  146  152  159  156  159  157  163
  171  179  194  206  223  232  247  254  263  273  278  288  298  314  342  373
  405  438  463  487  496  511  521  535  538  548  554  565  565  568  565  561
  554  541  546  540  559  546  546  523  498  456  416  390  368  366  347  339
  318  306  277  257  234  216  208  181  165                                   
    25.0-180.0 180.0   5.0 450.0                            LAT/LON1/LON2/DLON/H
  170  170  157  152  144  134  131  128  134  138  142  151  150  157  155  164
  168  182  193  210  229  243  255  264  271  279  285  296  312  338  367  397
  432  466  492  515  522  536  546  560  566  579  591  601  609  608  609  611
  609  610  629  647  666  672  650  627  581  534  472  434  402  391  373  372
  354  341  309  286  253  232  219  202  170                                   
    22.5-180.0 180.0   5.0 450.0                            LAT/LON1/LON2/DLON/H
  192  191  175  164  158  152  143  134  134  135  140  137  137  139  142  152
  162  176  193  212  236  249  264  268  276  281  289  305  330  356  391  423
  464  498  522  539  546  557  567  582  591  604  618  630  639  647  652  660
  676  686  708  726  745  741  728  696  633  585  534  485  439  419  394  386
  374  367  345  320  289  262  249  226  192                                   
    20.0-180.0 180.0   5.0 450.0                            LAT/LON1/LON2/DLON/H
  230  228  213  196  178  166  155  147  135  133  135  137  136  133  136  144
  155  172  192  214  240  256  270  277  285  292  306  328  351  386  417  455
  490  524  542  561  567  581  590  606  618  630  647  656  667  675  684  701
  713  733  752  766  764  761  741  715  646  587  541  511  472  442  414  400
  388  380  363  341  318  292  283  266  230                                   
    17.5-180.0 180.0   5.0 450.0                            LAT/LON1/LON2/DLON/H
  261  264  250  234  212  190  173  158  153  141  132  129  131  131  133  136
  145  165  186  214  239  258  272  280  290  304  319  345  374  409  446  480
  514  541  561  581  590  603  614  634  644  658  669  683  691  704  711  725
  746  758  774  774  772  759  730  688  627  568  529  507  477  446  421  405
  393  392  382  367  345  322  318  295  261                                   
    15.0-180.0 180.0   5.0 450.0                            LAT/LON1/LON2/DLON/H
  292  287  278  261  243  219  193  170  157  147  137  130  121  125  131  136
  144  162  183  211  234  255  270  283  298  321  339  371  399  439  469  504
  532  557  574  593  606  623  636  659  669  687  690  706  710  723  724  737
  747  757  761  760  752  734  696  645  584  526  494  469  451  426  407  397
  393  397  399  390  374  352  355  324  292                                   
    12.5-180.0 180.0   5.0 450.0                            LAT/LON1/LON2/DLON/H
  306  301  289  267  252  232  210  185  173  152  150  136  129  125  130  134
  145  157  174  207  225  249  265  284  305  336  354  392  421  455  488  516
  545  566  585  603  622  640  659  680  691  704  704  714  721  729  731  737
  741  732  732  713  708  666  636  583  532  484  457  432  416  396  385  379
  382  395  403  401  390  375  373  343  306                                   
    10.0-180.0 180.0   5.0 450.0                            LAT/LON1/LON2/DLON/H
  317  310  301  281  264  240  221  194  178  160  153  144  130  129  130  134
  144  158  173  197  216  240  259  286  312  346  374  416  445  477  502  532
  554  574  591  609  633  653  677  702  714  724  717  726  729  734  732  731
  728  717  707  693  682  645  606  554  503  456  422  397  385  372  360  362
  370  388  402  400  399  380  388  348  317                                   
     7.5-180.0 180.0   5.0 450.0                            LAT/LON1/LON2/DLON/H
  318  315  303  280  259  237  220  197  183  165  164  149  140  133  138  135
  146  154  168  193  208  234  251  288  317  364  395  437  464  488  513  536
