data/unet/pred1040.15i
     1.0            IONOSPHERE MAPS     GNSS                IONEX VERSION / TYPE
pyspatialgeodesy        IME             05-JAN-18 20:20     PGM / RUN BY / DATE 
Map Name                                                    COMMENT             
Predicted global ionosphere maps (GIM).                     DESCRIPTION         
  2015     4    14     0     0     0                        EPOCH OF FIRST MAP  
  2015     4    15     0     0     0                        EPOCH OF LAST MAP   
  7200                                                      INTERVAL            
    13                                                      # OF MAPS IN FILE   
  NONE                                                      MAPPING FUNCTION    
10.0                                                        ELEVATION CUTOFF    
One-way carrier phase leveled to code                       OBSERVABLES USED    
  6371.0                                                    BASE RADIUS         
 2                                                          MAP DIMENSION       
   450.0 450.0   0.0                                        HGT1 / HGT2 / DHGT  
    87.5 -87.5  -2.5                                        LAT1 / LAT2 / DLAT  
  -180.0 180.0   5.0                                        LON1 / LON2 / DLON  
    -1                                                      EXPONENT            
                                                            END OF HEADER       
[from data line 2145]
     6                                                      START OF TEC MAP    
  2015     4    14    10     0     0                        EPOCH OF CURRENT MAP
    87.5-180.0 180.0   5.0 450.0                            LAT/LON1/LON2/DLON/H
  141  170  173  179  182  187  188  194  195  202  200  207  202  208  203  207
  201  206  200  204  198  201  195  197  192  194  190  191  187  189  186  187
  183  186  183  184  182  183  182  182  182  184  184  184  184  185  184  184
  181  181  177  178  172  174  168  170  165  167  161  164  159  161  156  159
  157  158  156  158  156  159  164  142  141                                   
    85.0-180.0 180.0   5.0 450.0                            LAT/LON1/LON2/DLON/H
  161  159  166  180  183  190  194  201  202  208  209  214  214  218  217  219
  217  220  218  220  217  219  216  217  214  216  212  213  210  211  209  210
  206  209  205  207  202  204  200  201  198  199  197  198  195  195  193  191
  188  187  182  181  176  174  170  169  164  163  159  159  155  155  152  153
  151  152  150  153  153  151  160  148  161                                   
    82.5-180.0 180.0   5.0 450.0                            LAT/LON1/LON2/DLON/H
  141  150  154  162  170  178  185  191  197  201  206  208  212  213  215  214
  216  215  216  215  216  215  215  214  214  213  213  212  213  213  214  213
  214  213  213  211  211  208  208  203  204  200  202  196  198  190  192  182
  186  176  179  169  171  161  163  154  156  148  149  142  143  138  137  135
  134  132  132  132  134  133  138  142  141                                   
    80.0-180.0 180.0   5.0 450.0                            LAT/LON1/LON2/DLON/H
  135  143  140  152  156  168  173  184  187  195  196  201  200  204  201  204
  199  202  198  200  196  198  196  198  196  198  198  199  200  202  204  206
  208  209  211  210  210  208  207  205  204  203  202  202  200  199  197  195
  192  190  188  183  182  176  175  170  168  162  159  154  151  146  142  137
  134  130  126  125  124  120  125  127  135                                   
    77.5-180.0 180.0   5.0 450.0                            LAT/LON1/LON2/DLON/H
  125  132  132  140  145  157  161  172  175  182  183  186  184  184  182  181
  179  178  176  175  173  173  173  173  174  175  177  178  184  186  192  195
  201  205  209  211  210  213  212  214  213  215  214  216  215  215  214  215
  213  213  210  211  205  206  200  200  193  192  185  182  174  170  161  156
  147  141  132  128  123  116  116  125  125                                   
    75.0-180.0 180.0   5.0 450.0                            LAT/LON1/LON2/DLON/H
  121  122  121  130  133  146  149  161  162  170  169  172  168  169  165  165
  160  160  157  156  155  155  154  155  155  157  160  164  170  176  184  191
  197  205  209  215  215  220  218  222  220  224  225  227  226  228  228  230
  228  231  228  230  226  228  223  224  218  219  210  209  199  196  184  179
  166  160  145  140  129  122  117  120  121                                   
    72.5-180.0 180.0   5.0 450.0                            LAT/LON1/LON2/DLON/H
  120  118  114  121  124  134  138  147  149  155  153  155  151  151  146  146
  142  142  140  140  138  139  137  138  137  140  143  148  157  164  176  182
  193  200  209  215  219  222  223  227  228  233  235  239  240  246  245  252
  248  255  248  254  245  251  243  248  241  242  235  233  226  221  210  203
  191  181  168  155  144  129  122  126  120                                   
    70.0-180.0 180.0   5.0 450.0                            LAT/LON1/LON2/DLON/H
  125  114  109  116  117  125  128  136  136  142  140  141  138  137  134  134
  131  133  133  134  133  134  132  132  130  133  135  142  149  161  172  183
  194  203  213  219  225  229  231  235  238  242  248  251  257  259  263  265
  265  265  263  260  257  256  254  255  253  254  250  249  243  239  229  223
  212  202  186  173  158  140  128  126  125                                   
    67.5-180.0 180.0   5.0 450.0                            LAT/LON1/LON2/DLON/H
  127  114  105  108  108  114  117  122  122  126  124  126  122  124  121  125
  123  128  127  130  129  130  128  127  125  126  130  135  144  154  169  179
  193  203  214  221  227  231  235  237  243  246  253  257  262  268  269  276
  268  274  263  267  255  260  254  258  256  257  256  254  252  248  241  235
  226  215  200  185  172  151  137  128  127                                   
    65.0-180.0 180.0   5.0 450.0                            LAT/LON1/LON2/DLON/H
  131  113  101  102  100  105  106  111  110  115  112  116  113  118  118  125
  125  132  132  136  134  136  132  133  128  130  130  136  142  156  167  182
  195  207  218  226  233  239  243  248  252  256  264  268  275  277  280  280
  276  274  266  260  255  250  252  250  253  253  253  253  252  250  244  240
  231  224  210  198  182  160  143  133  131                                   
    62.5-180.0 180.0   5.0 450.0                            LAT/LON1/LON2/DLON/H
  135  115   99   97   91   94   93   96   95   99   97  102  101  108  111  120
  122  131  132  136  134  136  132  132  129  129  130  135  142  153  167  182
  196  209  221  230  237  243  248  252  259  262  269  272  277  281  282  283
  274  272  260  257  247  248  245  248  247  247  247  247  246  243  239  235
  229  223  210  200  185  167  151  136  135                                   
    60.0-180.0 180.0   5.0 450.0                            LAT/LON1/LON2/DLON/H
  139  116   98   93   85   85   84   84   85   86   89   91   95  101  105  113
  118  126  126  132  128  133  128  132  127  130  130  135  141  153  167  183
  199  214  227  235  245  252  259  265  270  275  281  284  288  289  291  289
  280  274  264  258  253  249  252  250  252  251  250  249  245  243  236  232
  224  222  211  206  192  172  157  147  139                                   
    57.5-180.0 180.0   5.0 450.0                            LAT/LON1/LON2/DLON/H
  148  124  103   94   82   79   77   75   74   74   75   78   81   88   92  100
  102  110  110  116  114  119  116  122  119  125  125  132  140  151  167  183
  201  216  230  241  250  259  267  273  280  283  289  292  295  299  297  294
  285  276  268  262  257  257  258  259  259  259  257  253  249  242  236  229
  223  218  211  205  196  179  167  156  148                                   
    55.0-180.0 180.0   5.0 450.0                            LAT/LON1/LON2/DLON/H
  159  133  111  100   86   80   77   72   72   69   71   71   75   78   85   89
   94   98   99  103  102  108  108  116  115  123  125  133  140  153  168  186
  205  222  237  249  260  272  280  290  295  303  305  311  313  317  315  311
  302  293  286  279  278  277  281  281  283  283  278  275  266  259  247  240
  229  227  217  216  206  192  181  173  159                                   
    52.5-180.0 180.0   5.0 450.0                            LAT/LON1/LON2/DLON/H
  176  152  129  114   95   86   80   75   72   68   67   66   67   70   73   78
   79   83   82   85   85   92   93  106  108  121  124  134  143  155  173  189
  209  229  241  258  266  282  291  303  308  317  320  327  330  336  335  332
  326  316  311  305  305  304  307  307  309  308  302  297  288  277  267  254
  246  236  231  224  220  206  199  189  176                                   
    50.0-180.0 180.0   5.0 450.0                            LAT/LON1/LON2/DLON/H
  193  170  147  130  114  102   93   86   81   75   72   68   68   67   69   70
   72   74   74   77   79   85   90  104  110  122  129  139  147  162  175  194
  212  233  246  265  276  296  305  320  325  335  340  348  352  358  358  355
  353  345  343  337  338  336  338  338  337  336  329  325  314  304  290  279
  264  259  246  243  231  219  211  209  193                                   
    47.5-180.0 180.0   5.0 450.0                            LAT/LON1/LON2/DLON/H
  209  190  170  153  135  122  108  101   93   87   80   76   71   69   66   67
   66   69   67   70   71   79   84  102  109  126  132  146  152  168  182  199
  216  238  251  270  281  304  314  332  337  349  355  362  369  374  377  375
  374  367  366  360  360  358  356  354  350  348  341  337  328  320  307  294
  283  271  261  249  243  229  227  224  209                                   
    45.0-180.0 180.0   5.0 450.0                            LAT/LON1/LON2/DLON/H
  218  198  182  167  153  143  131  125  112  106   97   90   83   77   73   72
   71   72   72   73   75   81   89  106  116  132  139  153  159  175  183  204
  215  242  252  277  288  313  324  343  351  365  372  382  388  394  397  396
  393  389  385  382  379  376  372  368  360  357  348  346  338  335  322  314
  297  286  269  260  247  233  230  234  218                                   
    42.5-180.0 180.0   5.0 450.0                            LAT/LON1/LON2/DLON/H
  217  202  190  180  166  158  147  143  128  123  110  105   95   89   82   81
   76   78   75   77   75   83   88  108  116  135  143  159  167  183  192  212
  224  247  261  285  299  323  336  355  366  379  388  395  403  407  411  409
  406  402  399  394  391  384  376  368  358  353  344  342  336  334  325  317
  302  285  268  253  240  229  226  230  217                                   
    40.0-180.0 180.0   5.0 450.0                            LAT/LON1/LON2/DLON/H
  207  191  181  173  165  161  155  152  144  137  125  119  110  102   97   94
   91   91   89   88   85   89   94  108  119  138  147  163  172  189  199  219
  231  254  268  294  310  334  350  371  385  398  407  416  422  427  430  429
  426  421  415  410  402  398  386  377  364  356  346  341  336  332  326  318
  303  286  262  245  227  209  207  218  207                                   
    37.5-180.0 180.0   5.0 450.0                            LAT/LON1/LON2/DLON/H
  184  174  161  160  149  151  147  150  142  143  132  129  119  115  106  106
  100  101   95   94   88   89   91  106  116  136  147  165  176  192  205  224
  241  261  280  302  325  349  370  391  405  418  427  433  441  445  451  450
  447  442  437  433  429  422  412  398  382  368  355  344  338  331  322  312
  295  274  248  223  201  184  182  187  184                                   
    35.0-180.0 180.0   5.0 450.0                            LAT/LON1/LON2/DLON/H
  163  153  138  137  131  133  135  139  138  139  135  132  127  123  118  117
  112  114  106  103   95   94   96  108  118  137  148  169  182  201  212  234
  249  271  288  314  336  367  391  417  430  446  452  464  469  479  486  492
  491  489  485  485  484  483  473  461  437  414  389  371  359  347  334  318
  298  272  242  213  185  166  163  179  163                                   
    32.5-180.0 180.0   5.0 450.0                            LAT/LON1/LON2/DLON/H
  153  134  123  119  116  119  123  129  130  132  130  131  128  128  122  122
  117  117  108  103   93   92   93  105  117  136  149  171  184  204  218  240
  257  282  300  330  359  397  425  450  460  473  480  492  504  521  536  549
  558  563  567  573  579  581  578  565  534  496  457  427  398  380  356  335
  311  280  250  215  185  160  150  153  153                                   
    30.0-180.0 180.0   5.0 450.0                            LAT/LON1/LON2/DLON/H
  155  125  114  103  105  106  115  117  124  123  127  126  129  127  126  123
  120  119  111  105   96   96   97  109  121  139  152  172  187  208  220  245
  261  295  314  356  387  431  456  485  495  512  519  540  555  582  603  627
  641  648  655  662  680  693  695  681  646  609  568  521  473  436  403  376
  347  319  291  260  221  184  169  174  155                                   
    27.5-180.0 180.0   5.0 450.0                            LAT/LON1/LON2/DLON/H
  170  144  131  119  114  112  115  115  119  119  124  125  129  129  126  124
  118  116  105  104   97   98  100  112  125  144  157  177  190  213  226  254
  278  316  349  389  426  464  490  513  523  544  554  582  601  638  666  690
  715  737  752  766  789  807  809  798  772  737  688  630  583  542  481  444
  402  376  341  317  278  239  204  184  170                                   
    25.0-180.0 180.0   5.0 450.0                            LAT/LON1/LON2/DLON/H
  206  193  171  152  139  127  123  118  122  117  125  126  131  129  125  121
  116  110  107  105  104  108  112  125  136  151  163  182  198  221  242  273
  305  341  376  417  453  490  509  534  545  571  585  618  643  688  712  747
  779  812  837  858  882  904  908  903  871  837  789  742  684  622  570  530
  488  454  418  386  351  306  269  236  206                                   
    22.5-180.0 180.0   5.0 450.0                            LAT/LON1/LON2/DLON/H
  255  257  228  211  189  169  158  145  139  136  137  137  139  133  129  119
  112  107  104  107  108  119  125  138  149  162  176  194  211  238  265  296
  323  353  393  435  473  501  521  547  560  586  604  641  673  715  749  789
  830  863  899  924  950  968  978  974  947  909  865  821  767  713  655  607
  568  536  500  466  425  375  339  296  255                                   
    20.0-180.0 180.0   5.0 450.0                            LAT/LON1/LON2/DLON/H
  328  322  295  270  248  230  211  184  171  149  149  144  146  138  134  122
  114  104  102  106  113  127  137  149  159  173  187  201  228  253  286  313
  340  372  412  453  485  516  534  559  573  601  620  663  702  738  770  814
  853  887  923  944  967  983  995  993  972  940  900  866  817  770  707  668
  630  608  575  542  496  451  414  367  328                                   
    17.5-180.0 180.0   5.0 450.0                            LAT/LON1/LON2/DLON/H
  390  382  352  328  306  286  265  246  219  191  175  160  155  145  136  127
  118  111  105  108  118  133  146  155  164  176  191  212  242  273  305  329
  353  393  430  471  496  527  546  571  589  616  640  684  723  753  785  824
  858  887  915  932  955  966  978  975  962  930  903  871  836  789  738  696
  664  645  625  597  557  508  472  433  390                                   
    15.0-180.0 180.0   5.0 450.0                            LAT/LON1/LON2/DLON/H
  442  436  401  381  361  337  310  282  262  225  205  177  168  150  144  134
  128  120  118  116  122  135  146  159  167  179  199  219  256  285  314  343
  375  419  452  488  514  544  568  589  608  634  657  697  730  760  789  815
  841  861  874  885  899  912  917  916  903  881  862  839  807  774  731  699
  668  651  633  619  588  550  511  478  442                                   
    12.5-180.0 180.0   5.0 450.0                            LAT/LON1/LON2/DLON/H
  470  468  428  411  381  364  336  316  287  258  232  206  185  165  154  144
  139  134  131  128  128  136  145  154  162  175  197  227  264  298  326  358
  387  427  465  495  524  556  579  605  626  651  675  713  743  767  790  808
  820  823  828  826  831  833  847  842  834  821  806  796  772  748  711  683
  654  637  623  607  591  563  540  517  470                                   
    10.0-180.0 180.0   5.0 450.0                            LAT/LON1/LON2/DLON/H
  491  474  452  416  402  377  355  329  307  273  258  221  205  183  166  155
  145  142  137  138  135  138  141  150  154  169  197  235  272  305  335  372
  403  444  473  502  532  564  594  616  642  664  686  715  744  767  787  798
  802  797  792  783  780  779  788  797  787  779  769  761  741  718  687  661
  628  611  586  582  572  568  551  539  491                                   
     7.5-180.0 180.0   5.0 450.0                            LAT/LON1/LON2/DLON/H
  495  495  456  430  397  381  354  339  313  289  265  235  213  182  174  158
  157  150  141  140  133  135  135  137  143  165  200  244  280  308  338  369
