data/unet/pred1560.15i
     1.0            IONOSPHERE MAPS     GNSS                IONEX VERSION / TYPE
pyspatialgeodesy        IME             05-JAN-18 20:20     PGM / RUN BY / DATE 
Map Name                                                    COMMENT             
Predicted global ionosphere maps (GIM).                     DESCRIPTION         
  2015     6     5     0     0     0                        EPOCH OF FIRST MAP  
  2015     6     6     0     0     0                        EPOCH OF LAST MAP   
  7200                                                      INTERVAL            
    13                                                      # OF MAPS IN FILE   
  NONE                                                      MAPPING FUNCTION    
10.0                                                        ELEVATION CUTOFF    
One-way carrier phase leveled to code                       OBSERVABLES USED    
  6371.0                                                    BASE RADIUS         
 2                                                          MAP DIMENSION       
   450.0 450.0   0.0                                        HGT1 / HGT2 / DHGT  
    87.5 -87.5  -2.5                                        LAT1 / LAT2 / DLAT  
  -180.0 180.0   5.0                                        LON1 / LON2 / DLON  
    -1                                                      EXPONENT            
                                                            END OF HEADER       
[from data line 5148]
    13                                                      START OF TEC MAP    
  2015     6     6     0     0     0                        EPOCH OF CURRENT MAP
    87.5-180.0 180.0   5.0 450.0                            LAT/LON1/LON2/DLON/H
  223  214  222  225  226  225  227  225  226  225  226  225  225  223  224  222
  222  220  220  218  217  214  213  210  209  207  206  203  203  200  200  197
  197  196  197  195  196  196  197  197  199  199  202  202  204  204  206  205
  207  206  208  208  209  209  210  210  211  211  212  211  213  213  214  213
  216  215  214  214  218  215  212  221  223                                   
    85.0-180.0 180.0   5.0 450.0                            LAT/LON1/LON2/DLON/H
  218  220  226  229  229  229  230  230  230  230  231  230  230  230  230  229
  228  227  226  224  222  220  218  215  213  210  208  206  204  202  201  199
  198  197  197  197  197  197  199  199  201  202  204  205  206  207  207  208
  208  209  209  210  210  211  211  212  212  212  213  213  213  214  215  215
  216  217  216  216  219  216  217  212  218                                   
    82.5-180.0 180.0   5.0 450.0                            LAT/LON1/LON2/DLON/H
  226  224  226  229  228  230  230  232  231  233  233  234  233  234  233  232
  231  229  228  225  222  218  215  211  208  204  202  198  196  193  192  190
  190  188  189  188  190  190  192  192  195  195  198  199  200  201  202  203
  204  204  205  206  206  207  207  208  208  208  208  209  209  209  210  210
  211  212  213  214  217  214  212  215  226                                   
    80.0-180.0 180.0   5.0 450.0                            LAT/LON1/LON2/DLON/H
  225  224  226  227  226  230  229  232  231  234  233  236  234  237  235  236
  233  233  230  229  224  221  215  212  205  202  196  193  189  186  184  183
  182  182  182  184  184  187  188  191  192  195  197  199  200  202  203  205
  204  206  206  208  207  209  207  209  207  209  207  209  207  209  207  209
  208  211  210  213  215  215  213  217  225                                   
    77.5-180.0 180.0   5.0 450.0                            LAT/LON1/LON2/DLON/H
  220  218  221  223  225  227  228  230  230  232  233  234  234  235  235  236
  234  234  231  230  226  222  216  211  204  199  193  189  184  182  180  179
  179  180  181  183  184  187  189  192  194  196  198  201  202  204  205  207
  207  209  210  211  210  211  210  211  210  210  209  209  208  208  207  208
  207  208  208  210  213  213  213  215  220                                   
    75.0-180.0 180.0   5.0 450.0                            LAT/LON1/LON2/DLON/H
  216  215  217  221  222  225  225  228  228  230  230  232  232  233  233  234
  233  234  232  231  227  224  218  212  205  198  192  186  182  179  178  177
  179  179  183  184  187  189  192  194  197  198  201  203  206  207  209  211
  211  213  213  215  214  215  215  215  214  214  212  212  210  210  208  208
  206  208  207  210  213  213  212  213  216                                   
    72.5-180.0 180.0   5.0 450.0                            LAT/LON1/LON2/DLON/H
  212  211  214  217  219  221  222  223  225  226  227  228  228  228  229  229
  230  230  230  229  227  223  218  211  205  198  192  186  182  179  178  178
  180  182  185  187  190  191  194  195  197  198  201  202  205  206  208  210
  211  213  215  216  217  218  218  218  217  216  215  213  211  210  208  207
  206  206  206  208  212  211  211  213  212                                   
    70.0-180.0 180.0   5.0 450.0                            LAT/LON1/LON2/DLON/H
  212  211  213  216  215  218  217  220  220  223  223  224  223  224  224  225
  224  226  226  227  225  223  218  213  206  201  194  190  186  185  185  186
  187  189  192  193  195  195  196  196  197  197  200  200  202  204  206  208
  210  212  214  217  218  220  220  221  219  219  216  215  212  211  208  207
  205  206  206  208  212  212  212  214  212                                   
    67.5-180.0 180.0   5.0 450.0                            LAT/LON1/LON2/DLON/H
  214  214  215  217  216  216  217  219  220  221  222  222  222  221  221  221
  222  222  224  224  225  222  220  215  210  204  200  196  194  193  194  194
  195  195  197  196  196  194  194  192  192  191  193  193  195  197  200  202
  205  208  212  214  217  220  222  222  222  220  219  216  214  211  209  207
  207  206  208  209  214  213  215  217  214                                   
    65.0-180.0 180.0   5.0 450.0                            LAT/LON1/LON2/DLON/H
  219  218  219  219  216  217  216  218  218  220  220  221  219  219  218  218
  217  219  219  223  222  223  220  217  213  210  206  204  202  203  202  203
  202  201  199  197  194  190  188  185  184  183  184  184  187  189  193  196
  200  203  208  212  216  221  223  225  224  225  222  221  217  215  212  210
  209  209  210  213  218  218  220  221  219                                   
    62.5-180.0 180.0   5.0 450.0                            LAT/LON1/LON2/DLON/H
  227  224  226  225  221  220  219  219  220  220  222  221  221  220  219  218
  218  218  220  221  224  223  223  220  218  215  214  212  213  211  212  210
  208  203  198  192  187  181  178  174  173  171  173  174  177  180  185  189
  194  198  204  208  214  220  225  228  230  230  228  225  223  219  216  213
  213  212  215  217  224  224  225  229  227                                   
    60.0-180.0 180.0   5.0 450.0                            LAT/LON1/LON2/DLON/H
  235  231  233  231  226  224  221  221  219  221  220  222  220  222  219  220
  218  220  220  223  224  226  224  225  223  222  221  221  221  221  219  216
  210  203  194  186  178  171  167  163  162  162  163  165  169  173  179  183
  189  194  201  206  214  222  228  234  236  238  235  234  228  226  221  219
  217  218  219  223  229  231  232  236  235                                   
    57.5-180.0 180.0   5.0 450.0                            LAT/LON1/LON2/DLON/H
  245  239  242  239  234  231  228  226  224  222  223  223  223  224  224  224
  224  224  225  227  230  230  231  230  231  230  231  230  232  229  226  218
  211  199  189  176  168  160  157  153  155  154  157  159  163  167  173  178
  185  191  199  207  217  227  236  242  246  247  245  241  237  232  228  224
  223  223  225  229  236  238  239  244  245                                   
    55.0-180.0 180.0   5.0 450.0                            LAT/LON1/LON2/DLON/H
  254  248  251  249  243  241  236  233  227  226  223  224  223  226  225  228
  227  229  228  232  233  237  237  238  237  239  238  239  237  235  229  220
  208  195  181  169  160  153  149  147  148  150  153  155  159  163  169  173
  182  187  198  207  220  232  242  251  254  256  252  250  243  240  234  232
  229  230  231  236  242  244  246  250  254                                   
    52.5-180.0 180.0   5.0 450.0                            LAT/LON1/LON2/DLON/H
  266  258  263  261  257  254  249  243  237  231  228  227  226  229  230  232
  234  234  237  240  243  246  248  249  250  249  250  247  246  239  232  218
  205  189  175  163  155  148  147  144  147  147  151  153  157  160  166  170
  178  185  197  209  223  237  251  260  266  267  265  260  254  247  243  239
  238  237  239  242  249  251  253  258  266                                   
    50.0-180.0 180.0   5.0 450.0                            LAT/LON1/LON2/DLON/H
  277  271  277  277  273  271  265  259  249  242  235  233  230  233  234  237
  237  241  242  249  251  257  257  260  258  259  256  254  248  241  230  216
  201  184  172  160  154  148  148  146  148  148  151  152  155  157  162  165
  173  180  194  207  223  240  254  266  271  275  271  268  260  256  249  248
  245  247  247  251  256  259  261  267  277                                   
    47.5-180.0 180.0   5.0 450.0                            LAT/LON1/LON2/DLON/H
  291  285  291  293  292  290  286  278  268  257  248  242  239  240  241  244
  246  249  253  259  265  269  272  272  271  270  267  261  255  243  231  214
  199  182  171  162  157  152  153  151  153  150  152  152  154  155  158  160
  168  176  191  206  223  242  258  270  278  282  281  278  273  267  263  260
  261  260  262  263  269  270  271  278  291                                   
    45.0-180.0 180.0   5.0 450.0                            LAT/LON1/LON2/DLON/H
  305  301  307  308  309  310  307  302  291  280  266  259  252  253  251  254
  253  259  261  271  276  281  282  283  279  277  272  266  256  244  228  213
  198  185  176  169  165  161  161  159  158  155  153  153  153  153  154  155
  161  170  185  201  221  239  257  271  280  287  286  286  282  279  275  275
  275  277  278  280  284  284  285  292  305                                   
    42.5-180.0 180.0   5.0 450.0                            LAT/LON1/LON2/DLON/H
  321  318  323  324  325  328  328  324  315  303  289  279  270  268  266  266
  266  270  276  285  292  297  298  296  291  287  281  273  262  247  232  216
  203  192  184  178  175  171  171  167  166  160  159  155  155  152  153  152
  157  165  181  198  219  237  256  270  282  290  295  296  295  293  293  292
  295  295  298  298  302  300  301  307  321                                   
    40.0-180.0 180.0   5.0 450.0                            LAT/LON1/LON2/DLON/H
  338  340  342  341  342  348  349  350  342  333  317  306  294  291  284  283
  280  284  289  299  306  311  310  307  300  296  286  279  265  251  234  220
  210  202  196  191  188  184  182  179  175  171  166  164  160  157  154  152
  154  161  175  192  213  230  250  267  281  292  299  305  306  308  308  310
  311  314  316  319  321  321  324  325  338                                   
    37.5-180.0 180.0   5.0 450.0                            LAT/LON1/LON2/DLON/H
  359  364  364  362  362  367  371  373  369  362  348  335  323  315  307  301
  298  299  306  315  323  328  326  320  312  305  297  287  274  258  243  229
  221  214  210  205  202  197  194  190  187  183  180  176  172  166  161  156
  156  160  172  187  208  225  244  261  278  292  304  313  319  322  326  327
  330  331  335  337  342  342  344  344  359                                   
    35.0-180.0 180.0   5.0 450.0                            LAT/LON1/LON2/DLON/H
  381  393  391  389  388  393  396  401  399  395  383  373  358  348  334  325
  317  317  321  331  337  340  337  331  321  316  305  297  281  267  250  239
  229  225  221  218  213  209  205  204  201  200  196  194  187  182  173  164
  160  159  167  179  198  214  234  253  272  290  307  321  330  336  339  342
  343  348  351  358  366  369  375  370  381                                   
    32.5-180.0 180.0   5.0 450.0                            LAT/LON1/LON2/DLON/H
  404  419  420  421  418  423  423  429  427  428  418  410  394  381  364  350
  340  336  339  345  351  352  348  341  333  325  317  306  291  275  260  247
  238  232  229  224  221  216  215  215  216  216  214  211  205  196  185  174
  166  161  164  171  187  202  223  242  264  284  306  323  337  344  350  352
  355  358  365  374  386  391  397  390  404                                   
    30.0-180.0 180.0   5.0 450.0                            LAT/LON1/LON2/DLON/H
  424  442  451  454  455  455  456  459  459  462  455  450  435  422  401  384
  368  361  358  362  363  362  355  350  341  335  323  314  296  281  261  249
  237  232  227  225  221  218  217  221  224  228  227  226  218  209  194  181
  169  161  160  164  175  187  206  226  252  275  302  324  342  352  359  363
  364  367  375  386  401  409  422  414  424                                   
    27.5-180.0 180.0   5.0 450.0                            LAT/LON1/LON2/DLON/H
  440  458  477  488  489  491  487  491  490  496  489  487  473  462  438  420
  400  388  381  378  376  370  363  356  348  340  329  317  299  282  262  245
  232  225  222  219  217  214  216  220  228  232  234  229  222  210  195  179
  166  154  152  152  161  170  188  209  238  263  293  318  340  353  362  366
  369  371  378  391  408  419  431  428  440                                   
    25.0-180.0 180.0   5.0 450.0                            LAT/LON1/LON2/DLON/H
  449  471  497  515  522  523  520  522  523  529  526  524  512  500  480  461
  437  423  406  400  387  380  369  361  350  342  327  315  292  274  250  233
  219  213  208  208  204  206  207  215  221  228  227  224  214  202  186  170
  157  144  140  139  145  154  171  192  224  252  283  311  336  351  364  369
  373  374  381  392  413  423  443  442  449                                   
    22.5-180.0 180.0   5.0 450.0                            LAT/LON1/LON2/DLON/H
  453  476  511  537  547  552  548  552  553  560  559  559  547  537  515  498
  472  455  435  420  403  388  375  365  352  338  321  304  283  260  235  218
  204  196  192  192  191  192  196  201  210  214  214  206  196  180  166  151
  140  130  127  125  132  143  161  182  212  241  271  296  324  340  356  365
  372  374  381  394  412  424  440  446  453                                   
    20.0-180.0 180.0   5.0 450.0                            LAT/LON1/LON2/DLON/H
  450  473  512  542  561  568  570  575  578  586  587  589  582  572  553  533
  508  489  463  445  418  400  379  366  347  333  307  289  260  239  214  198
  184  177  174  176  175  180  182  188  192  194  190  181  169  153  139  127
  120  113  113  114  122  134  152  174  203  231  262  285  314  333  352  362
  371  374  384  396  414  424  445  449  450                                   
    17.5-180.0 180.0   5.0 450.0                            LAT/LON1/LON2/DLON/H
  443  465  504  538  558  571  576  586  592  602  606  611  607  602  585  566
  538  518  489  465  434  409  384  364  341  319  292  265  239  216  194  176
  164  158  157  159  161  164  168  170  171  167  161  148  136  121  112  104
  102   98  101  103  113  127  148  171  199  226  253  277  303  325  346  360
  373  380  390  400  414  422  437  444  443                                   
    15.0-180.0 180.0   5.0 450.0                            LAT/LON1/LON2/DLON/H
  434  452  484  514  539  555  566  581  591  604  612  620  623  622  611  593
  567  542  511  482  443  414  382  359  328  302  265  237  209  188  168  155
  145  141  142  146  148  152  153  153  148  140  130  118  107   97   91   88
   88   85   91   95  106  120  142  165  193  219  247  273  301  324  347  363
  380  388  398  406  418  424  440  444  434                                   
    12.5-180.0 180.0   5.0 450.0                            LAT/LON1/LON2/DLON/H
  427  439  465  490  511  528  541  558  572  588  599  610  619  622  617  603
  581  555  521  489  448  412  378  347  312  276  239  207  183  162  147  137
  131  130  133  138  141  143  141  136  128  116  106   96   89   83   80   77
   78   76   82   89  102  117  140  164  194  221  248  274  302  327  352  373
  390  400  408  414  422  426  436  441  427                                   
    10.0-180.0 180.0   5.0 450.0                            LAT/LON1/LON2/DLON/H
  426  432  447  464  483  496  511  527  542  558  572  588  601  611  611  602
  583  557  523  488  441  403  362  329  287  247  207  178  156  142  131  126
  125  127  132  137  138  139  134  127  115  102   93   86   84   80   78   74
   73   71   78   84   99  113  136  160  192  221  250  279  309  335  361  382
  400  408  416  420  430  432  446  446  426                                   
     7.5-180.0 180.0   5.0 450.0                            LAT/LON1/LON2/DLON/H
  434  434  444  454  465  472  484  496  508  522  535  552  568  581  585  580
  565  543  510  475  429  385  344  304  260  219  183  156  138  128  122  121
