data/unet/pred1780.15i
     1.0            IONOSPHERE MAPS     GNSS                IONEX VERSION / TYPE
pyspatialgeodesy        IME             05-JAN-18 20:20     PGM / RUN BY / DATE 
Map Name                                                    COMMENT             
Predicted global ionosphere maps (GIM).                     DESCRIPTION         
  2015     6    27     0     0     0                        EPOCH OF FIRST MAP  
  2015     6    28     0     0     0                        EPOCH OF LAST MAP   
  7200                                                      INTERVAL            
    13                                                      # OF MAPS IN FILE   
  NONE                                                      MAPPING FUNCTION    
10.0                                                        ELEVATION CUTOFF    
One-way carrier phase leveled to code                       OBSERVABLES USED    
  6371.0                                                    BASE RADIUS         
 2                                                          MAP DIMENSION       
   450.0 450.0   0.0                                        HGT1 / HGT2 / DHGT  
    87.5 -87.5  -2.5                                        LAT1 / LAT2 / DLAT  
  -180.0 180.0   5.0                                        LON1 / LON2 / DLON  
    -1                                                      EXPONENT            
                                                            END OF HEADER       
[from data line 5148]
    13                                                      START OF TEC MAP    
  2015     6    28     0     0     0                        EPOCH OF CURRENT MAP
    87.5-180.0 180.0   5.0 450.0                            LAT/LON1/LON2/DLON/H
  169  140  141  139  137  135  136  136  137  137  137  136  137  136  136  134
  135  133  133  131  131  129  128  126  126  124  124  122  122  120  120  118
  119  117  117  116  117  116  117  116  118  117  118  118  120  121  122  122
  125  125  127  127  129  129  131  131  133  132  134  133  135  134  135  134
  136  134  135  135  138  136  138  166  169                                   
    85.0-180.0 180.0   5.0 450.0                            LAT/LON1/LON2/DLON/H
  145  147  150  150  149  146  147  146  148  147  148  146  148  146  146  144
  145  142  141  138  139  136  135  132  132  129  128  125  125  122  121  118
  118  116  116  114  116  115  115  115  117  117  119  119  122  122  124  124
  128  128  131  131  134  134  137  137  139  139  141  140  143  142  143  141
  144  143  145  143  147  142  142  139  145                                   
    82.5-180.0 180.0   5.0 450.0                            LAT/LON1/LON2/DLON/H
  149  153  154  153  154  150  153  150  154  151  154  150  153  149  151  147
  149  144  146  141  143  137  138  133  135  129  130  124  125  119  120  113
  116  110  112  108  112  108  112  109  114  112  117  115  121  120  125  123
  129  128  133  132  137  135  140  138  142  141  144  142  145  143  146  143
  147  144  148  146  152  146  145  141  149                                   
    80.0-180.0 180.0   5.0 450.0                            LAT/LON1/LON2/DLON/H
  155  157  157  157  154  153  154  154  155  155  155  155  155  154  154  152
  151  149  148  146  144  141  140  137  135  132  129  125  123  119  117  113
  112  108  107  105  106  105  107  106  110  110  114  114  118  119  123  124
  129  130  134  135  139  139  142  143  145  145  146  146  147  146  147  146
  148  148  150  151  154  152  150  149  155                                   
    77.5-180.0 180.0   5.0 450.0                            LAT/LON1/LON2/DLON/H
  159  157  156  155  151  150  151  152  153  154  155  155  156  156  155  154
  152  151  148  146  144  141  139  136  133  130  126  123  119  116  112  109
  107  104  103  101  102  102  103  104  107  109  112  114  117  119  122  125
  128  131  134  137  139  141  142  144  145  145  145  146  146  145  145  145
  145  145  146  147  151  149  149  148  159                                   
    75.0-180.0 180.0   5.0 450.0                            LAT/LON1/LON2/DLON/H
  158  155  153  151  148  147  149  150  153  153  156  156  158  157  157  155
  154  151  149  145  143  139  137  133  131  126  124  119  117  112  110  106
  105  102  102  101  103  102  105  105  108  109  113  114  119  120  125  126
  131  132  137  137  141  141  144  144  145  144  145  144  144  142  142  141
  141  140  142  143  146  145  146  148  158                                   
    72.5-180.0 180.0   5.0 450.0                            LAT/LON1/LON2/DLON/H
  159  153  150  147  144  143  145  147  150  152  155  156  158  157  157  155
  153  149  146  142  139  135  132  128  125  121  118  114  111  108  106  103
  103  101  101  100  102  102  105  105  109  110  114  116  120  122  126  128
  132  134  137  138  140  141  142  142  142  142  141  140  140  138  137  136
  136  135  137  138  142  141  145  147  159                                   
    70.0-180.0 180.0   5.0 450.0                            LAT/LON1/LON2/DLON/H
  157  151  148  146  143  142  144  147  150  153  156  159  161  162  160  159
  156  151  148  143  139  134  131  125  122  118  115  111  110  107  106  105
  105  104  105  104  106  107  109  109  112  113  117  119  122  124  128  129
  133  134  138  138  141  140  142  141  142  141  140  139  139  137  136  134
  134  133  136  137  140  139  144  147  157                                   
    67.5-180.0 180.0   5.0 450.0                            LAT/LON1/LON2/DLON/H
  162  155  149  145  141  140  142  145  149  153  157  161  164  165  165  162
  159  154  150  144  139  133  129  123  120  115  113  109  108  107  108  107
  108  108  109  108  110  109  111  111  114  114  117  119  122  123  127  128
  132  133  136  137  139  138  139  139  140  139  139  138  138  137  135  134
  133  133  135  137  140  141  146  148  162                                   
    65.0-180.0 180.0   5.0 450.0                            LAT/LON1/LON2/DLON/H
  166  159  152  148  143  141  142  145  149  153  158  163  167  169  168  167
  163  159  153  147  142  136  131  125  121  116  113  111  110  110  112  112
  114  113  114  113  114  113  114  113  115  114  116  117  119  120  123  125
  129  130  134  135  137  137  138  138  139  139  139  140  140  139  137  136
  135  135  138  140  143  144  149  150  166                                   
    62.5-180.0 180.0   5.0 450.0                            LAT/LON1/LON2/DLON/H
  175  166  157  151  146  142  143  144  149  152  159  163  169  170  171  169
  167  162  157  151  146  140  134  128  124  119  116  114  114  115  117  118
  119  118  118  115  116  113  114  112  113  111  113  112  114  114  118  119
  124  126  131  132  135  135  137  137  139  139  140  140  141  140  138  137
  137  137  140  142  147  149  154  155  175                                   
    60.0-180.0 180.0   5.0 450.0                            LAT/LON1/LON2/DLON/H
  182  173  165  159  152  148  146  146  149  153  157  163  168  171  172  172
  169  166  161  157  152  147  141  136  131  127  124  122  123  124  125  126
  125  123  121  118  116  114  113  111  111  109  109  107  109  109  112  114
  120  123  128  131  134  136  138  139  141  142  143  143  144  143  141  140
  140  141  144  147  151  154  160  160  182                                   
    57.5-180.0 180.0   5.0 450.0                            LAT/LON1/LON2/DLON/H
  190  182  175  169  161  155  152  150  151  153  157  161  166  169  171  171
  170  167  164  161  158  155  151  146  142  138  135  134  133  134  133  132
  130  126  122  118  116  112  112  109  109  106  106  104  105  105  109  111
  118  122  129  132  136  138  141  142  144  145  146  146  147  145  143  141
  141  142  146  151  157  160  166  167  190                                   
    55.0-180.0 180.0   5.0 450.0                            LAT/LON1/LON2/DLON/H
  198  189  186  182  174  167  161  157  155  155  156  159  163  167  167  169
  168  167  165  166  164  164  161  159  155  152  148  147  146  145  142  139
  134  129  123  118  115  112  111  108  108  105  104  101  101  101  105  107
  115  121  129  134  139  142  145  147  149  150  150  149  150  147  145  143
  143  145  150  155  161  164  171  172  198                                   
    52.5-180.0 180.0   5.0 450.0                            LAT/LON1/LON2/DLON/H
  205  198  198  195  189  182  174  168  163  160  159  160  162  164  166  167
  167  167  167  168  170  172  172  171  168  165  162  160  158  155  150  143
  136  128  122  116  114  112  111  109  108  104  103  100  100   99  103  106
  114  121  131  137  143  147  151  152  154  154  154  152  152  149  146  144
  144  146  151  157  165  169  176  178  205                                   
    50.0-180.0 180.0   5.0 450.0                            LAT/LON1/LON2/DLON/H
  209  203  208  208  203  197  190  182  175  170  165  164  163  165  164  166
  165  167  167  171  174  179  180  181  179  176  173  170  166  162  154  146
  137  128  122  117  116  114  113  111  110  107  105  102  101  100  103  106
  114  121  132  140  147  151  156  157  159  158  157  155  154  150  149  146
  147  149  155  161  168  171  180  183  209                                   
    47.5-180.0 180.0   5.0 450.0                            LAT/LON1/LON2/DLON/H
  213  208  215  218  216  211  204  198  190  184  177  174  170  170  168  169
  168  169  170  174  179  185  188  190  188  185  182  178  173  166  158  148
  139  130  124  120  119  118  118  115  114  110  109  106  105  103  105  108
  115  123  134  142  150  156  161  163  165  163  162  160  159  155  153  151
  152  154  160  166  174  177  184  188  213                                   
    45.0-180.0 180.0   5.0 450.0                            LAT/LON1/LON2/DLON/H
  217  212  221  227  227  226  220  213  206  200  193  188  181  179  174  174
  173  174  175  180  185  191  195  197  195  192  188  182  176  169  160  150
  141  134  130  127  127  126  126  124  121  118  115  112  109  108  108  109
  115  122  133  141  151  157  164  167  170  168  167  164  164  161  160  158
  160  162  169  174  181  183  188  193  217                                   
    42.5-180.0 180.0   5.0 450.0                            LAT/LON1/LON2/DLON/H
  222  216  227  234  238  238  234  229  222  216  208  202  195  190  185  184
  181  183  184  188  193  199  202  204  203  200  195  188  181  172  165  155
  148  142  140  138  138  137  136  132  129  125  123  119  117  114  113  112
  117  122  132  141  151  159  168  172  176  175  175  172  172  170  170  169
  171  173  179  184  190  191  196  201  222                                   
    40.0-180.0 180.0   5.0 450.0                            LAT/LON1/LON2/DLON/H
  232  224  235  243  247  249  247  244  239  234  227  220  210  204  197  195
  192  194  196  201  204  209  211  212  210  207  202  195  187  179  171  164
  158  154  153  152  153  150  148  143  139  135  132  128  124  120  117  115
  118  122  131  139  150  160  172  178  183  183  183  182  183  182  182  181
  184  186  192  196  202  203  206  213  232                                   
    37.5-180.0 180.0   5.0 450.0                            LAT/LON1/LON2/DLON/H
  243  233  245  252  257  259  260  258  254  251  245  238  229  221  212  209
  206  208  211  216  220  222  223  221  220  216  212  205  198  189  183  176
  173  168  167  165  164  160  157  150  146  142  140  135  132  126  122  119
  120  123  131  139  151  163  177  186  193  195  197  196  198  198  199  199
  201  203  208  212  217  218  221  229  243                                   
    35.0-180.0 180.0   5.0 450.0                            LAT/LON1/LON2/DLON/H
  261  249  260  268  272  274  275  273  272  270  265  259  250  241  231  227
  224  227  230  235  237  238  234  232  229  226  222  216  209  201  195  190
  186  182  179  176  173  168  164  157  153  149  146  142  138  132  127  123
  122  124  130  138  151  164  181  193  203  207  210  211  214  215  216  216
  218  220  224  229  234  236  238  250  261                                   
    32.5-180.0 180.0   5.0 450.0                            LAT/LON1/LON2/DLON/H
  280  270  279  286  289  292  293  292  292  292  289  283  274  265  254  249
  246  248  253  257  258  255  250  245  242  239  237  230  223  215  209  202
  198  192  187  181  176  169  165  158  156  151  151  146  142  136  131  126
  125  126  130  137  150  165  183  198  211  218  224  228  232  234  235  236
  238  239  243  247  254  256  258  271  280                                   
    30.0-180.0 180.0   5.0 450.0                            LAT/LON1/LON2/DLON/H
  300  294  303  310  314  319  319  320  321  321  320  314  305  295  284  277
  272  275  279  282  279  275  266  260  255  253  249  245  236  227  218  212
  203  196  188  179  173  165  162  157  155  152  151  148  144  138  133  129
  128  127  130  136  148  162  181  198  214  224  232  239  244  248  249  251
  252  253  256  261  270  274  279  293  300                                   
    27.5-180.0 180.0   5.0 450.0                            LAT/LON1/LON2/DLON/H
  316  316  326  334  341  346  348  351  353  356  356  354  345  334  320  311
  305  305  306  306  301  292  282  274  269  266  262  256  246  235  225  215
  205  193  183  171  164  157  156  152  152  150  149  145  142  136  132  129
  127  126  129  133  143  157  175  194  213  227  239  247  254  258  261  263
  265  266  268  275  284  291  296  308  316                                   
    25.0-180.0 180.0   5.0 450.0                            LAT/LON1/LON2/DLON/H
  328  336  347  358  368  376  380  385  392  398  402  399  392  379  366  352
  343  340  336  332  322  310  295  287  278  276  269  263  250  240  225  214
  199  186  171  160  153  149  149  147  148  146  145  141  138  133  129  125
  123  122  123  126  136  148  168  186  209  225  240  249  258  264  268  271
  273  274  277  283  294  304  310  322  328                                   
    22.5-180.0 180.0   5.0 450.0                            LAT/LON1/LON2/DLON/H
  336  346  361  373  386  396  404  415  425  437  443  445  439  428  412  398
  383  375  366  357  341  325  307  293  284  277  270  261  248  234  220  204
  190  173  157  147  141  139  140  139  140  138  136  133  130  125  121  117
  115  113  114  117  127  140  159  179  203  222  240  251  260  267  273  277
  280  282  285  291  302  312  318  331  336                                   
    20.0-180.0 180.0   5.0 450.0                            LAT/LON1/LON2/DLON/H
  339  353  368  382  396  408  423  439  455  468  478  484  482  473  460  444
  429  414  399  383  360  340  315  298  283  275  263  254  238  225  207  193
  175  158  143  133  130  129  132  132  133  131  128  125  123  117  113  108
  106  103  105  109  120  133  153  174  199  220  241  254  264  271  277  281
  286  288  291  297  307  318  325  338  339                                   
    17.5-180.0 180.0   5.0 450.0                            LAT/LON1/LON2/DLON/H
  342  353  370  383  398  412  429  449  467  485  499  510  513  510  500  485
  469  450  428  405  377  349  321  297  279  265  251  238  222  207  192  177
  160  144  131  124  121  123  125  126  125  123  120  116  113  108  103   98
   95   93   95  100  111  125  147  171  195  221  243  258  270  276  282  287
  292  295  300  307  316  324  328  340  342                                   
    15.0-180.0 180.0   5.0 450.0                            LAT/LON1/LON2/DLON/H
  344  355  369  380  394  405  425  450  472  495  511  527  535  539  534  522
  507  486  459  429  392  359  324  297  271  253  234  220  203  189  175  161
  146  133  124  117  117  117  120  119  119  115  113  109  106  100   95   89
   86   84   87   91  104  118  142  166  194  220  246  262  275  282  288  292
  299  304  311  319  329  335  336  349  344                                   
    12.5-180.0 180.0   5.0 450.0                            LAT/LON1/LON2/DLON/H
  350  358  370  378  389  398  416  440  463  486  507  525  542  551  552  544
  530  507  479  442  402  361  324  291  261  237  215  199  182  170  157  147
  135  127  120  118  117  119  117  115  111  108  104  102   98   92   86   80
   76   74   75   82   96  113  137  163  191  220  246  264  278  286  294  301
  308  316  325  336  345  347  344  355  350                                   
    10.0-180.0 180.0   5.0 450.0                            LAT/LON1/LON2/DLON/H
  359  366  375  378  385  390  405  426  450  471  491  513  531  549  555  553
  541  520  489  453  405  364  320  285  250  222  198  180  165  154  145  136
  130  124  123  120  122  119  116  108  106   99   98   93   91   84   79   71
   68   65   68   75   90  106  131  156  185  216  243  265  282  294  304  312
  321  331  341  352  364  364  360  367  359                                   
     7.5-180.0 180.0   5.0 450.0                            LAT/LON1/LON2/DLON/H
  370  377  385  385  386  389  400  415  431  448  465  484  505  522  535  535
  530  510  484  444  399  355  313  273  236  205  180  163  151  142  134  130
