data/unet/pred1240.15i
     1.0            IONOSPHERE MAPS     GNSS                IONEX VERSION / TYPE
pyspatialgeodesy        IME             05-JAN-18 20:20     PGM / RUN BY / DATE 
Map Name                                                    COMMENT             
Predicted global ionosphere maps (GIM).                     DESCRIPTION         
  2015     5     4     0     0     0                        EPOCH OF FIRST MAP  
  2015     5     5     0     0     0                        EPOCH OF LAST MAP   
  7200                                                      INTERVAL            
    13                                                      # OF MAPS IN FILE   
  NONE                                                      MAPPING FUNCTION    
10.0                                                        ELEVATION CUTOFF    
One-way carrier phase leveled to code                       OBSERVABLES USED    
  6371.0                                                    BASE RADIUS         
 2                                                          MAP DIMENSION       
   450.0 450.0   0.0                                        HGT1 / HGT2 / DHGT  
    87.5 -87.5  -2.5                                        LAT1 / LAT2 / DLAT  
  -180.0 180.0   5.0                                        LON1 / LON2 / DLON  
    -1                                                      EXPONENT            
                                                            END OF HEADER       
     1                                                      START OF TEC MAP    
  2015     5     4     0     0     0                        EPOCH OF CURRENT MAP
    87.5-180.0 180.0   5.0 450.0                            LAT/LON1/LON2/DLON/H
  200  180  180  180  179  178  178  179  180  180  179  178  178  176  174  172
  171  168  166  162  162  158  156  152  151  148  147  144  144  141  141  138
  139  137  138  136  138  137  139  138  141  140  143  142  145  144  146  146
  149  148  150  150  152  151  152  152  153  153  154  153  156  155  156  156
  159  159  161  161  165  163  158  182  200                                   
    85.0-180.0 180.0   5.0 450.0                            LAT/LON1/LON2/DLON/H
  180  183  187  189  187  185  187  187  189  188  189  187  189  187  187  184
  185  181  179  175  174  169  166  161  160  155  153  148  147  142  140  136
  137  134  135  133  136  134  137  136  140  139  142  141  145  145  148  147
  151  151  153  153  156  156  158  157  160  160  162  161  164  163  166  165
  169  169  172  171  175  170  166  159  180                                   
    82.5-180.0 180.0   5.0 450.0                            LAT/LON1/LON2/DLON/H
  180  184  185  189  186  186  187  189  190  193  193  194  195  195  195  194
  193  191  188  185  180  175  170  164  159  153  148  143  139  133  130  126
  125  122  123  122  125  124  128  128  132  131  135  135  140  140  144  144
  149  149  153  152  157  156  160  159  163  162  165  164  168  167  170  169
  173  172  175  175  178  174  165  160  180                                   
    80.0-180.0 180.0   5.0 450.0                            LAT/LON1/LON2/DLON/H
  177  180  182  185  184  186  188  193  194  199  199  203  203  205  204  204
  202  200  195  192  186  181  174  168  161  154  148  141  135  128  124  119
  118  115  116  116  119  120  124  125  129  130  133  134  139  139  143  145
  149  150  154  156  159  160  163  164  166  167  168  169  170  171  171  172
  174  174  177  178  179  176  168  162  177                                   
    77.5-180.0 180.0   5.0 450.0                            LAT/LON1/LON2/DLON/H
  173  176  177  179  179  181  186  190  195  198  202  204  207  206  207  204
  203  200  196  193  187  182  175  169  161  153  145  138  130  123  118  114
  112  111  112  113  116  119  122  125  127  130  132  135  137  139  141  144
  147  150  153  156  158  161  163  165  166  167  168  169  169  169  169  170
  171  172  174  174  176  174  169  162  173                                   
    75.0-180.0 180.0   5.0 450.0                            LAT/LON1/LON2/DLON/H
  174  175  176  176  178  178  183  185  192  194  200  200  204  203  204  199
  199  194  192  187  184  178  174  166  159  151  144  135  128  121  117  113
  111  110  113  114  118  120  124  125  128  128  131  131  133  134  137  138
  142  145  150  152  157  158  162  161  164  163  165  163  165  164  167  166
  169  169  174  173  175  175  171  164  174                                   
    72.5-180.0 180.0   5.0 450.0                            LAT/LON1/LON2/DLON/H
  176  177  175  177  175  175  178  180  186  189  194  196  199  197  196  192
  189  184  181  178  175  172  169  164  157  150  142  135  126  120  116  113
  110  111  113  116  119  122  125  126  127  126  127  124  125  124  127  128
  134  137  143  147  152  154  157  158  160  159  161  161  162  163  165  166
  169  171  175  176  178  180  177  170  176                                   
    70.0-180.0 180.0   5.0 450.0                            LAT/LON1/LON2/DLON/H
  178  179  178  176  174  171  174  176  182  185  191  193  195  192  190  185
  180  175  172  170  168  167  165  162  157  150  143  135  128  121  117  113
  111  110  114  115  119  120  123  122  122  118  117  111  112  109  113  115
  122  128  136  141  148  150  155  155  159  157  161  159  162  161  165  165
  170  171  178  179  183  185  183  178  178                                   
    67.5-180.0 180.0   5.0 450.0                            LAT/LON1/LON2/DLON/H
  186  186  182  180  174  171  172  175  180  185  189  192  193  190  186  179
  173  167  164  162  161  161  161  159  155  149  143  136  127  121  116  112
  109  109  110  112  113  115  116  115  114  109  106  100   98   96   99  103
  112  120  131  138  146  150  155  156  161  160  163  163  164  164  167  168
  171  175  181  185  189  192  192  185  186                                   
    65.0-180.0 180.0   5.0 450.0                            LAT/LON1/LON2/DLON/H
  192  193  189  184  178  173  173  175  181  186  191  194  194  191  186  179
  171  166  162  160  160  160  160  158  154  149  142  135  128  122  117  113
  110  108  108  108  109  109  110  108  106   99   95   89   87   85   90   95
  107  116  129  137  147  151  158  160  165  165  169  168  170  169  172  172
  176  178  185  189  195  200  199  193  192                                   
    62.5-180.0 180.0   5.0 450.0                            LAT/LON1/LON2/DLON/H
  201  201  195  190  181  175  173  175  180  186  190  194  195  192  187  181
  174  167  163  161  160  159  158  155  151  145  139  134  127  122  117  113
  109  106  105  104  103  102  102  100   99   93   89   83   81   81   85   93
  104  117  130  141  150  157  164  168  173  174  177  177  178  176  177  176
  178  180  186  191  200  204  206  199  201                                   
    60.0-180.0 180.0   5.0 450.0                            LAT/LON1/LON2/DLON/H
  207  209  205  197  187  179  176  176  182  186  191  194  196  194  190  185
  179  173  169  166  163  161  158  154  149  143  138  133  128  124  120  116
  112  108  105  103  101  100   99   99   97   93   89   84   82   82   88   95
  109  121  136  146  156  163  171  174  181  183  187  186  188  185  185  184
  186  186  191  196  204  209  210  204  207                                   
    57.5-180.0 180.0   5.0 450.0                            LAT/LON1/LON2/DLON/H
  219  219  214  206  195  186  180  180  181  185  188  191  192  192  190  187
  183  178  174  171  166  163  159  155  149  144  139  136  132  130  126  122
  117  112  108  105  102  101  100  100   99   95   93   89   88   89   94  102
  114  127  140  152  161  170  177  184  190  195  198  200  200  198  196  194
  194  194  197  201  209  214  215  209  219                                   
    55.0-180.0 180.0   5.0 450.0                            LAT/LON1/LON2/DLON/H
  229  230  228  220  208  198  191  185  185  184  186  187  189  189  190  189
  188  184  181  176  172  168  164  158  153  148  145  142  140  138  136  132
  127  121  117  113  111  110  110  110  109  108  105  102  100  101  105  111
  123  133  147  156  168  176  185  191  200  205  211  211  213  210  210  206
  208  205  209  210  216  219  220  216  229                                   
    52.5-180.0 180.0   5.0 450.0                            LAT/LON1/LON2/DLON/H
  246  244  246  239  227  216  207  200  194  190  185  185  184  187  187  189
  189  188  185  182  179  176  172  168  163  159  155  153  150  150  146  143
  137  131  126  123  122  122  121  122  122  119  118  113  113  112  117  120
  129  137  149  158  169  178  188  197  208  214  221  223  225  223  222  219
  220  219  221  222  227  229  229  227  246                                   
    50.0-180.0 180.0   5.0 450.0                            LAT/LON1/LON2/DLON/H
  263  264  269  264  256  245  236  224  214  202  195  188  186  186  188  189
  191  191  190  188  187  185  183  179  176  170  167  163  160  157  154  149
  144  139  136  134  136  136  137  137  136  133  130  126  124  124  126  130
  136  142  152  160  172  182  193  203  216  223  232  234  237  234  236  233
  237  236  240  238  242  242  242  242  263                                   
    47.5-180.0 180.0   5.0 450.0                            LAT/LON1/LON2/DLON/H
  283  285  291  291  285  278  269  258  245  229  213  203  195  193  191  192
  193  194  193  194  195  196  195  193  189  183  178  173  166  162  156  151
  147  144  143  143  146  148  150  149  147  142  141  137  137  135  138  139
  143  146  154  160  173  183  197  208  222  230  240  243  247  246  248  248
  253  254  259  257  260  260  258  259  283                                   
    45.0-180.0 180.0   5.0 450.0                            LAT/LON1/LON2/DLON/H
  300  308  316  319  318  316  310  299  285  264  245  225  214  206  202  198
  198  198  199  201  205  207  209  206  202  193  187  176  168  159  153  148
  146  145  149  152  158  161  163  161  158  153  151  148  147  146  147  147
  148  149  155  161  174  186  201  213  228  237  247  251  255  255  258  259
  266  268  276  276  279  278  278  282  300                                   
    42.5-180.0 180.0   5.0 450.0                            LAT/LON1/LON2/DLON/H
  318  327  336  342  345  348  344  336  321  301  280  258  242  229  218  212
  207  207  208  212  217  221  221  218  212  202  190  178  165  156  147  144
  144  148  153  160  167  171  172  170  167  162  161  159  160  159  159  156
  156  154  160  165  180  192  208  220  234  243  254  256  262  261  265  266
  276  281  293  294  299  299  301  306  318                                   
    40.0-180.0 180.0   5.0 450.0                            LAT/LON1/LON2/DLON/H
  335  349  359  367  374  381  380  376  362  343  320  298  280  262  245  232
  225  222  224  227  234  236  236  228  221  206  193  176  163  151  144  142
  145  150  159  168  177  182  184  182  179  176  174  173  173  173  171  168
  165  162  166  171  186  198  214  225  240  249  260  263  268  268  272  275
  286  294  308  312  317  321  325  329  335                                   
    37.5-180.0 180.0   5.0 450.0                            LAT/LON1/LON2/DLON/H
  357  372  383  389  398  406  407  407  394  378  356  336  317  299  279  262
  250  243  245  247  253  252  248  238  226  210  194  180  164  157  149  151
  154  162  170  179  187  193  195  195  194  192  191  189  189  188  186  181
  176  172  173  178  192  206  221  233  245  254  264  268  273  274  278  282
  294  304  319  325  333  339  343  348  357                                   
    35.0-180.0 180.0   5.0 450.0                            LAT/LON1/LON2/DLON/H
  384  397  409  417  428  435  437  438  428  414  391  375  356  336  313  293
  279  271  270  270  272  267  259  244  231  212  199  183  174  165  163  164
  169  175  184  192  201  207  211  213  212  213  211  210  205  203  197  192
  185  180  179  183  195  208  223  233  246  252  262  265  272  273  280  285
  299  310  325  335  348  359  367  369  384                                   
    32.5-180.0 180.0   5.0 450.0                            LAT/LON1/LON2/DLON/H
  416  428  445  454  462  469  470  470  458  445  421  409  388  373  349  329
  311  300  295  290  287  277  265  248  234  219  206  197  187  186  182  187
  189  195  201  209  214  222  226  230  232  233  232  227  220  212  203  196
  189  182  180  181  192  203  217  227  238  245  253  257  264  267  274  281
  295  306  325  338  357  373  385  391  416                                   
    30.0-180.0 180.0   5.0 450.0                            LAT/LON1/LON2/DLON/H
  450  465  483  495  509  514  515  512  500  484  462  447  428  412  387  367
  347  332  320  309  299  284  270  252  241  227  220  213  209  208  209  212
  216  218  224  228  232  238  241  247  249  253  249  244  231  219  206  196
  187  179  174  174  183  192  206  217  231  240  249  254  262  264  272  276
  290  302  323  343  366  385  407  419  450                                   
    27.5-180.0 180.0   5.0 450.0                            LAT/LON1/LON2/DLON/H
  481  501  523  540  555  562  563  557  544  525  503  486  467  454  428  408
  384  365  347  329  312  289  273  256  247  239  235  231  228  230  233  237
  243  245  250  251  252  256  257  263  265  267  262  253  236  220  204  190
  180  169  164  162  169  178  192  207  223  236  248  256  265  269  273  277
  288  302  328  349  375  397  422  443  481                                   
    25.0-180.0 180.0   5.0 450.0                            LAT/LON1/LON2/DLON/H
  505  530  554  579  598  608  614  610  599  578  554  533  514  499  474  451
  423  398  371  346  322  299  282  268  262  258  257  254  254  255  260  261
  266  266  268  267  266  268  267  273  273  275  265  254  235  216  197  181
  169  154  147  143  152  164  181  201  221  239  256  266  279  284  289  294
  304  320  345  368  391  416  444  472  505                                   
    22.5-180.0 180.0   5.0 450.0                            LAT/LON1/LON2/DLON/H
  527  554  582  607  630  646  655  655  646  626  603  583  564  546  519  494
  463  432  398  367  337  312  295  284  281  278  277  274  273  272  276  275
  278  275  276  272  269  268  266  270  268  266  255  243  223  205  186  169
  156  141  134  130  140  151  173  197  223  247  266  284  297  308  315  327
  338  354  376  395  415  437  467  496  527                                   
    20.0-180.0 180.0   5.0 450.0                            LAT/LON1/LON2/DLON/H
  549  575  601  627  654  675  693  703  701  683  658  637  617  598  571  539
  503  466  425  387  356  331  317  308  306  303  300  293  287  281  282  276
  275  270  268  263  257  254  251  253  249  246  234  223  206  187  172  154
  144  128  121  115  126  138  163  193  228  255  280  299  318  335  350  367
  383  400  418  435  448  464  494  523  549                                   
    17.5-180.0 180.0   5.0 450.0                            LAT/LON1/LON2/DLON/H
  571  598  619  642  667  690  711  731  737  727  706  685  663  643  618  587
  545  500  455  414  381  358  343  333  329  321  312  298  285  275  271  262
  258  251  247  239  234  232  230  230  225  220  210  202  187  173  159  145
  135  120  115  110  121  132  160  194  233  265  292  315  336  359  376  399
  417  438  455  471  483  494  519  548  571                                   
    15.0-180.0 180.0   5.0 450.0                            LAT/LON1/LON2/DLON/H
  592  620  638  660  683  699  718  744  764  764  748  732  709  687  661  628
  586  534  486  442  411  388  372  358  348  330  311  288  271  257  249  238
  232  225  223  216  213  209  208  205  201  195  187  177  170  158  150  134
  127  113  107  102  111  125  157  194  238  270  300  324  349  373  395  421
  442  466  484  502  514  523  548  567  592                                   
    12.5-180.0 180.0   5.0 450.0                            LAT/LON1/LON2/DLON/H
  606  633  649  671  688  701  715  740  761  771  763  750  735  715  690  659
  617  567  515  472  439  417  394  373  351  321  290  263  243  230  222  214
  209  205  200  197  196  196  196  191  185  175  167  161  159  152  144  131
  121  107  103   98  110  125  156  194  236  271  299  326  352  381  403  430
  453  482  503  526  539  547  568  584  606                                   
    10.0-180.0 180.0   5.0 450.0                            LAT/LON1/LON2/DLON/H
  616  644  659  680  694  699  708  725  748  762  760  758  744  731  709  677
  640  590  544  498  467  440  415  383  348  304  266  238  222  210  208  203
  201  196  193  193  196  197  198  189  176  163  154  150  153  148  144  129
  119  105   99   97  107  124  153  189  229  262  295  322  353  377  408  434
  460  487  515  537  555  563  584  590  616                                   
     7.5-180.0 180.0   5.0 450.0                            LAT/LON1/LON2/DLON/H
  622  646  659  680  688  693  691  703  715  727  729  734  731  723  710  683
  650  608  563  518  482  452  417  377  327  275  235  214  204  201  204  203
