data/unet/pred1280.15i
     1.0            IONOSPHERE MAPS     GNSS                IONEX VERSION / TYPE
pyspatialgeodesy        IME             05-JAN-18 20:20     PGM / RUN BY / DATE 
Map Name                                                    COMMENT             
Predicted global ionosphere maps (GIM).                     DESCRIPTION         
  2015     5     8     0     0     0                        EPOCH OF FIRST MAP  
  2015     5     9     0     0     0                        EPOCH OF LAST MAP   
  7200                                                      INTERVAL            
    13                                                      # OF MAPS IN FILE   
  NONE                                                      MAPPING FUNCTION    
10.0                                                        ELEVATION CUTOFF    
One-way carrier phase leveled to code                       OBSERVABLES USED    
  6371.0                                                    BASE RADIUS         
 2                                                          MAP DIMENSION       
   450.0 450.0   0.0                                        HGT1 / HGT2 / DHGT  
    87.5 -87.5  -2.5                                        LAT1 / LAT2 / DLAT  
  -180.0 180.0   5.0                                        LON1 / LON2 / DLON  
    -1                                                      EXPONENT            
                                                            END OF HEADER       
[from data line 3861]
    10                                                      START OF TEC MAP    
  2015     5     8    18     0     0                        EPOCH OF CURRENT MAP
    87.5-180.0 180.0   5.0 450.0                            LAT/LON1/LON2/DLON/H
  208  188  186  190  188  188  187  189  189  189  189  189  189  188  188  186
  187  184  184  181  181  177  176  173  172  168  167  164  163  160  159  156
  156  153  153  151  151  149  150  149  149  148  148  148  148  149  150  151
  152  154  155  157  158  161  161  164  165  168  168  171  171  174  173  177
  176  180  179  181  179  182  190  188  208                                   
    85.0-180.0 180.0   5.0 450.0                            LAT/LON1/LON2/DLON/H
  181  185  192  196  197  197  198  199  200  201  201  201  201  201  200  200
  199  198  195  194  190  189  184  183  177  177  170  170  164  164  157  157
  153  153  150  150  147  148  145  147  143  146  142  145  142  146  144  148
  147  153  152  157  157  162  162  167  166  171  170  174  174  178  177  180
  180  184  183  186  184  182  192  188  181                                   
    82.5-180.0 180.0   5.0 450.0                            LAT/LON1/LON2/DLON/H
  180  184  189  193  196  197  199  200  202  203  205  204  206  204  205  203
  203  200  198  194  193  188  185  181  178  173  170  165  163  157  156  151
  150  146  146  143  144  141  142  139  140  138  139  138  139  140  141  143
  145  148  151  154  156  159  161  165  165  169  169  172  172  174  174  176
  177  179  180  180  182  177  180  174  180                                   
    80.0-180.0 180.0   5.0 450.0                            LAT/LON1/LON2/DLON/H
  177  182  183  189  192  195  196  199  201  204  205  207  208  208  208  208
  206  204  202  199  196  193  188  185  180  177  172  168  163  160  154  151
  147  145  142  140  139  137  137  136  136  135  136  135  138  138  141  142
  146  148  152  154  157  159  162  164  166  167  169  169  171  171  172  172
  174  173  175  175  174  171  170  166  177                                   
    77.5-180.0 180.0   5.0 450.0                            LAT/LON1/LON2/DLON/H
  165  174  173  177  180  184  188  190  195  196  201  201  205  204  206  204
  205  201  201  196  195  189  187  181  178  173  170  164  161  156  153  148
  146  142  141  137  137  134  135  132  132  131  132  131  133  134  138  140
  143  145  150  151  155  155  159  158  161  160  163  161  164  162  164  161
  164  162  164  162  162  157  158  158  165                                   
    75.0-180.0 180.0   5.0 450.0                            LAT/LON1/LON2/DLON/H
  159  165  165  170  175  178  182  185  190  194  198  200  204  205  206  206
  206  205  201  200  196  195  190  188  182  179  174  171  165  161  156  153
  148  148  143  143  139  139  137  136  134  134  132  133  134  135  139  140
  145  145  150  148  152  150  153  152  154  153  155  153  156  154  156  154
  156  155  157  156  155  152  150  152  159                                   
    72.5-180.0 180.0   5.0 450.0                            LAT/LON1/LON2/DLON/H
  157  163  163  168  171  176  178  183  187  192  197  200  204  205  207  206
  207  204  204  199  199  194  193  188  186  181  179  173  170  165  162  157
  156  152  152  149  148  145  144  142  139  137  136  136  136  137  140  141
  143  144  146  145  146  144  146  143  144  142  144  142  144  144  145  144
  147  147  149  148  149  145  148  152  157                                   
    70.0-180.0 180.0   5.0 450.0                            LAT/LON1/LON2/DLON/H
  159  163  163  170  174  178  180  185  188  194  197  201  205  207  207  207
  207  206  204  203  200  200  197  196  192  190  185  182  177  172  168  164
  162  160  158  157  156  154  152  149  146  144  142  140  140  141  143  143
  144  143  144  141  141  138  137  133  133  131  132  131  134  134  137  138
  141  143  146  148  150  149  149  153  159                                   
    67.5-180.0 180.0   5.0 450.0                            LAT/LON1/LON2/DLON/H
  163  169  170  175  176  179  181  185  188  193  198  202  206  207  210  208
  210  206  207  202  204  200  201  196  196  191  189  183  181  175  173  168
  168  165  165  163  163  160  159  154  151  147  145  144  142  143  143  142
  141  139  138  134  132  127  125  120  119  117  119  119  123  124  128  130
  136  138  144  146  150  148  154  158  163                                   
    65.0-180.0 180.0   5.0 450.0                            LAT/LON1/LON2/DLON/H
  168  176  174  181  183  185  185  189  190  196  200  205  209  212  212  212
  211  209  207  206  205  205  203  202  199  197  192  189  185  180  178  173
  174  170  171  169  168  166  163  160  156  152  150  147  147  145  145  143
  139  137  133  129  124  120  115  111  109  108  109  110  116  118  124  127
  133  138  144  148  152  153  158  161  168                                   
    62.5-180.0 180.0   5.0 450.0                            LAT/LON1/LON2/DLON/H
  169  179  180  186  186  188  186  188  189  194  199  205  209  213  215  214
  213  209  208  204  205  203  204  201  201  196  194  189  187  183  182  179
  179  178  178  175  174  170  168  164  161  158  155  155  150  149  146  142
  137  132  127  121  116  110  105  101   99   99  100  104  107  112  117  123
  129  134  140  145  150  151  160  163  169                                   
    60.0-180.0 180.0   5.0 450.0                            LAT/LON1/LON2/DLON/H
  165  178  179  187  188  189  188  190  190  195  198  205  209  214  215  214
  212  209  206  203  203  203  204  203  202  200  198  194  192  189  189  186
  188  184  185  180  178  174  171  168  165  161  160  157  156  151  148  141
  135  130  123  119  113  109  104  101   99   98  100  102  107  111  116  122
  127  134  139  145  148  151  158  163  165                                   
    57.5-180.0 180.0   5.0 450.0                            LAT/LON1/LON2/DLON/H
  160  175  179  186  187  190  187  189  188  193  196  202  207  211  214  213
  212  207  205  200  201  199  201  200  202  201  201  198  198  197  197  198
  197  195  192  188  185  180  178  175  173  172  170  169  163  158  150  143
  135  129  122  116  113  108  105  103  101  102  100  105  106  112  114  119
  123  129  133  139  142  144  154  159  160                                   
    55.0-180.0 180.0   5.0 450.0                            LAT/LON1/LON2/DLON/H
  155  172  176  185  189  191  191  193  192  196  197  203  205  211  211  213
  211  208  203  199  199  198  201  202  205  206  207  207  208  208  210  209
  210  204  203  195  193  186  185  181  181  179  178  175  170  163  155  147
  138  132  125  121  118  116  114  112  112  110  110  111  113  116  118  123
  125  130  133  139  140  142  150  158  155                                   
    52.5-180.0 180.0   5.0 450.0                            LAT/LON1/LON2/DLON/H
  156  172  177  188  195  198  199  200  199  202  203  206  209  212  214  214
  215  208  206  200  201  199  203  205  208  210  213  216  219  221  222  224
  221  219  213  207  201  197  195  193  193  193  191  189  181  173  162  154
  145  138  132  128  126  126  124  125  124  124  122  123  120  125  123  127
  127  131  133  138  138  138  149  156  156                                   
    50.0-180.0 180.0   5.0 450.0                            LAT/LON1/LON2/DLON/H
  159  175  181  194  203  208  211  213  214  216  217  218  217  219  217  218
  215  211  206  203  204  203  208  211  215  220  222  228  229  234  233  234
  233  228  226  217  214  208  207  205  203  203  201  197  189  180  169  161
  152  146  141  139  137  138  138  138  138  136  134  133  131  133  132  135
  134  139  139  144  141  143  149  159  159                                   
    47.5-180.0 180.0   5.0 450.0                            LAT/LON1/LON2/DLON/H
  168  183  191  203  214  221  226  229  231  232  233  232  232  232  231  230
  229  222  220  214  216  214  220  222  226  229  233  237  239  242  243  245
  242  241  234  230  224  222  219  218  215  214  210  206  196  188  177  169
  161  156  152  150  149  150  149  149  150  149  146  143  141  142  140  143
  141  145  145  148  147  146  155  163  168                                   
    45.0-180.0 180.0   5.0 450.0                            LAT/LON1/LON2/DLON/H
  179  196  204  218  232  239  248  253  257  258  259  257  254  252  249  249
  245  241  234  232  231  232  234  239  240  246  246  251  250  253  252  252
  251  246  245  240  237  235  232  229  225  221  218  211  203  195  185  178
  172  167  164  160  160  157  157  157  158  156  155  152  150  149  148  151
  150  155  155  157  156  158  162  171  179                                   
    42.5-180.0 180.0   5.0 450.0                            LAT/LON1/LON2/DLON/H
  190  208  219  234  247  256  266  271  277  280  280  280  277  275  275  275
  272  267  260  256  253  253  256  258  261  260  261  261  262  261  261  261
  259  258  255  256  252  251  247  242  237  231  225  219  210  203  194  188
  182  179  175  171  166  164  160  161  162  163  162  162  158  157  155  158
  157  162  161  163  163  161  172  179  190                                   
    40.0-180.0 180.0   5.0 450.0                            LAT/LON1/LON2/DLON/H
  198  220  232  248  261  270  280  290  298  303  308  307  306  302  304  301
  301  294  287  283  279  282  283  286  286  284  281  279  277  276  276  273
  275  272  277  274  276  272  268  259  251  242  236  228  221  213  206  199
  194  189  184  177  171  165  161  162  163  167  169  168  167  164  163  165
  165  168  169  169  171  172  178  184  198                                   
    37.5-180.0 180.0   5.0 450.0                            LAT/LON1/LON2/DLON/H
  202  227  241  255  269  277  289  298  311  319  325  331  328  330  330  332
  328  328  318  318  315  318  318  317  316  309  305  300  298  298  298  302
  299  303  300  303  300  297  290  279  269  256  248  239  231  224  216  210
  204  198  191  183  175  168  163  164  166  171  175  177  174  172  169  170
  169  172  169  170  171  170  184  186  202                                   
    35.0-180.0 180.0   5.0 450.0                            LAT/LON1/LON2/DLON/H
  206  230  244  259  270  281  292  305  319  332  343  350  352  354  357  358
  360  356  355  353  356  355  356  351  349  338  337  329  332  331  336  335
  338  338  343  339  340  331  323  307  294  280  269  258  249  240  232  224
  217  209  202  193  185  178  174  173  177  181  185  186  186  181  180  177
  176  176  175  172  174  173  186  186  206                                   
    32.5-180.0 180.0   5.0 450.0                            LAT/LON1/LON2/DLON/H
  204  227  241  254  266  274  289  303  323  337  353  363  369  376  378  384
  383  385  384  388  393  395  396  389  385  377  377  373  378  381  387  390
  389  395  395  396  393  381  365  344  326  310  296  283  271  259  249  239
  232  224  216  210  202  196  192  193  202  208  211  206  204  195  190  183
  180  178  175  171  169  167  185  182  204                                   
    30.0-180.0 180.0   5.0 450.0                            LAT/LON1/LON2/DLON/H
  205  223  237  251  260  275  288  307  326  344  360  373  381  392  395  399
  403  404  412  417  429  430  435  426  425  418  424  424  434  440  453  457
  463  465  471  470  467  450  428  399  376  355  338  324  309  295  276  261
  245  236  225  223  215  213  211  216  224  228  227  229  227  222  210  197
  193  185  182  176  172  167  180  176  205                                   
    27.5-180.0 180.0   5.0 450.0                            LAT/LON1/LON2/DLON/H
  202  220  232  244  256  269  285  303  326  347  364  379  391  399  407  409
  413  419  428  440  452  460  464  462  464  466  474  484  497  513  525  531
  533  530  529  524  517  499  473  444  417  393  374  356  329  312  284  271
  249  247  237  244  238  245  244  258  263  270  271  268  255  237  223  211
  206  194  189  177  171  166  176  177  202                                   
    25.0-180.0 180.0   5.0 450.0                            LAT/LON1/LON2/DLON/H
  205  216  230  248  260  278  293  313  331  354  370  389  399  413  418  425
  431  437  454  465  484  487  495  494  502  509  525  541  561  579  590  594
  592  581  569  558  550  532  503  472  447  417  387  359  326  305  282  270
  261  259  259  261  274  283  288  301  301  311  303  300  288  267  246  228
  213  203  196  188  174  167  169  178  205                                   
    22.5-180.0 180.0   5.0 450.0                            LAT/LON1/LON2/DLON/H
  202  219  231  255  273  289  304  319  339  361  379  398  413  427  436  442
  451  458  474  489  505  514  517  523  533  549  571  591  616  632  648  648
  640  618  598  576  559  537  503  468  434  402  366  338  311  298  277  271
  265  271  281  294  308  324  326  342  340  347  335  329  311  289  259  241
  227  214  202  190  180  174  175  191  202                                   
    20.0-180.0 180.0   5.0 450.0                            LAT/LON1/LON2/DLON/H
  211  219  240  266  287  303  318  335  353  377  393  414  430  448  459  469
  478  490  504  519  533  537  544  548  567  587  616  637  663  681  702  698
  687  651  626  601  578  549  504  463  422  385  350  321  300  291  287  290
  304  306  329  328  350  359  364  376  371  372  355  346  330  306  278  252
  236  225  215  201  190  179  181  200  211                                   
    17.5-180.0 180.0   5.0 450.0                            LAT/LON1/LON2/DLON/H
  212  227  247  276  297  316  329  349  369  388  406  429  450  469  485  497
  509  523  539  551  561  565  572  584  605  630  657  677  703  716  728  721
  702  667  636  612  583  548  504  465  421  381  335  308  284  289  287  306
  319  331  347  354  370  375  383  384  379  372  358  346  328  304  276  253
  235  227  219  207  193  185  188  210  212                                   
    15.0-180.0 180.0   5.0 450.0                            LAT/LON1/LON2/DLON/H
  218  221  251  277  301  319  336  356  381  404  420  446  464  490  512  526
  540  555  571  583  592  596  604  614  638  658  684  702  726  732  741  728
  708  675  646  627  594  560  519  469  425  372  327  295  284  293  309  328
  350  351  370  368  382  382  388  388  377  368  353  339  322  299  276  249
  236  227  223  212  199  192  188  208  218                                   
    12.5-180.0 180.0   5.0 450.0                            LAT/LON1/LON2/DLON/H
  208  217  245  276  301  320  338  360  386  410  432  460  480  509  532  551
  571  589  610  623  630  633  640  654  672  689  710  720  735  735  734  722
  700  674  650  635  608  575  534  492  437  388  330  305  288  307  321  345
  365  371  384  380  389  378  381  370  364  353  329  317  296  277  256  240
  229  225  218  207  195  188  189  207  208                                   
    10.0-180.0 180.0   5.0 450.0                            LAT/LON1/LON2/DLON/H
  205  202  241  267  297  315  336  361  389  416  441  470  493  527  550  570
  594  612  632  650  660  661  668  677  694  703  722  728  741  737  734  719
  696  674  660  647  621  593  558  518  467  420  363  339  324  346  362  384
  394  396  399  392  388  369  364  345  336  321  301  285  273  255  244  231
  227  219  211  200  186  182  178  193  205                                   
     7.5-180.0 180.0   5.0 450.0                            LAT/LON1/LON2/DLON/H
  190  195  228  259  288  313  337  364  396  425  453  483  504  538  561  581
  609  627  652  671  683  688  697  700  714  720  733  736  740  734  728  716
