data/unet/pred2880.15i
     1.0            IONOSPHERE MAPS     GNSS                IONEX VERSION / TYPE
pyspatialgeodesy        IME             05-JAN-18 20:20     PGM / RUN BY / DATE 
Map Name                                                    COMMENT             
Predicted global ionosphere maps (GIM).                     DESCRIPTION         
  2015    10    15     0     0     0                        EPOCH OF FIRST MAP  
  2015    10    16     0     0     0                        EPOCH OF LAST MAP   
  7200                                                      INTERVAL            
    13                                                      # OF MAPS IN FILE   
  NONE                                                      MAPPING FUNCTION    
10.0                                                        ELEVATION CUTOFF    
One-way carrier phase leveled to code                       OBSERVABLES USED    
  6371.0                                                    BASE RADIUS         
 2                                                          MAP DIMENSION       
   450.0 450.0   0.0                                        HGT1 / HGT2 / DHGT  
    87.5 -87.5  -2.5                                        LAT1 / LAT2 / DLAT  
  -180.0 180.0   5.0                                        LON1 / LON2 / DLON  
    -1                                                      EXPONENT            
                                                            END OF HEADER       
[from data line 1287]
     4                                                      START OF TEC MAP    
  2015    10    15     6     0     0                        EPOCH OF CURRENT MAP
    87.5-180.0 180.0   5.0 450.0                            LAT/LON1/LON2/DLON/H
   22   62   55   55   56   56   58   58   60   59   60   59   60   59   60   59
   60   59   61   59   62   60   62   61   63   62   63   63   64   64   65   65
   66   66   66   65   65   65   64   63   63   62   61   60   60   59   58   57
   57   56   56   54   54   52   52   50   51   48   49   46   47   45   46   44
   45   44   47   47   51   47   65   24   22                                   
    85.0-180.0 180.0   5.0 450.0                            LAT/LON1/LON2/DLON/H
   54   52   55   56   59   57   60   61   62   63   63   64   64   64   64   64
   64   64   64   64   63   63   63   63   63   63   63   63   63   64   64   65
   65   66   66   67   66   66   66   66   66   65   65   64   64   63   63   62
   62   60   60   59   58   57   55   54   53   52   50   49   48   47   47   46
   46   45   47   46   49   43   56   39   54                                   
    82.5-180.0 180.0   5.0 450.0                            LAT/LON1/LON2/DLON/H
   44   52   49   48   51   50   54   55   58   57   60   59   62   59   62   58
   61   56   59   55   57   54   55   53   53   52   53   53   52   53   54   55
   56   57   58   59   60   60   61   61   62   61   62   61   62   61   61   60
   60   59   59   58   57   55   54   52   51   48   48   45   45   43   43   41
   42   39   42   39   40   34   53   34   44                                   
    80.0-180.0 180.0   5.0 450.0                            LAT/LON1/LON2/DLON/H
   43   45   44   40   40   44   44   49   48   52   50   54   51   53   50   50
   47   47   44   43   40   40   37   38   36   38   37   39   38   42   41   45
   45   49   49   53   52   56   55   58   57   60   59   60   60   61   61   61
   61   61   61   60   59   58   56   54   51   50   47   45   42   41   39   37
   36   35   35   35   33   29   37   27   43                                   
    77.5-180.0 180.0   5.0 450.0                            LAT/LON1/LON2/DLON/H
   40   44   41   39   40   42   43   45   45   47   46   48   46   46   44   44
   40   39   35   34   30   29   27   26   25   25   26   27   29   31   34   36
   39   41   44   46   48   51   52   55   55   58   59   61   61   64   63   66
   64   67   65   68   64   67   63   64   59   60   55   55   49   49   45   45
   41   42   40   41   37   32   43   28   40                                   
    75.0-180.0 180.0   5.0 450.0                            LAT/LON1/LON2/DLON/H
   46   46   49   40   39   41   42   43   42   44   42   44   40   41   37   38
   32   33   28   29   23   24   20   20   18   19   19   20   22   24   27   30
   33   37   39   43   44   48   49   53   54   57   60   62   65   67   71   71
   74   74   77   76   77   77   78   76   75   73   71   68   65   63   59   58
   55   55   53   53   51   44   54   34   46                                   
    72.5-180.0 180.0   5.0 450.0                            LAT/LON1/LON2/DLON/H
   52   51   47   43   40   39   39   40   39   39   38   38   36   36   34   34
   31   30   28   27   24   21   20   17   17   15   18   17   20   21   25   28
   30   33   36   39   41   44   46   50   52   55   58   62   65   70   72   76
   76   81   81   85   84   86   86   86   85   84   81   80   75   74   69   70
   65   66   64   65   61   57   63   44   52                                   
    70.0-180.0 180.0   5.0 450.0                            LAT/LON1/LON2/DLON/H
   59   57   55   46   41   39   38   37   35   35   33   32   30   30   28   29
   27   28   27   28   26   26   24   24   22   21   21   21   23   23   26   27
   29   31   34   36   38   40   43   46   50   53   59   62   67   70   75   77
   81   84   88   91   94   95   97   97   97   95   94   92   89   86   82   81
   78   78   77   77   75   69   73   58   59                                   
    67.5-180.0 180.0   5.0 450.0                            LAT/LON1/LON2/DLON/H
   67   63   56   48   42   39   37   35   34   32   32   29   30   28   29   30
   31   33   34   35   35   34   33   32   31   30   30   29   30   29   30   30
   32   32   34   35   37   38   42   44   49   53   59   63   69   73   76   82
   84   89   92   97   99  103  103  106  103  104  100   98   94   92   87   88
   83   86   84   88   86   80   83   68   67                                   
    65.0-180.0 180.0   5.0 450.0                            LAT/LON1/LON2/DLON/H
   70   65   60   49   42   39   37   36   34   33   31   30   29   28   29   31
   33   36   38   42   42   45   43   45   42   42   40   39   37   36   34   33
   32   33   33   35   35   38   40   45   49   55   61   66   71   75   78   83
   86   90   95   99  102  106  108  110  110  109  106  103   98   95   91   88
   86   87   88   90   91   85   88   78   70                                   
    62.5-180.0 180.0   5.0 450.0                            LAT/LON1/LON2/DLON/H
   75   67   57   46   39   35   34   33   32   30   29   27   28   27   29   32
   35   40   41   45   45   48   47   49   47   46   44   42   40   36   33   30
   30   28   29   30   33   35   40   43   51   55   63   67   72   76   78   84
   85   91   94  101  104  109  110  114  111  112  106  105   98   96   89   89
   83   89   86   94   93   89   92   82   75                                   
    60.0-180.0 180.0   5.0 450.0                            LAT/LON1/LON2/DLON/H
   73   64   56   43   37   33   33   33   32   31   28   29   28   27   29   32
   36   39   42   46   45   50   47   52   50   51   47   45   40   36   30   28
   25   25   25   29   31   36   39   45   52   57   65   68   74   76   80   83
   87   91   98  104  111  115  117  120  118  117  112  109  103   99   93   89
   85   85   87   90   94   89   93   87   73                                   
    57.5-180.0 180.0   5.0 450.0                            LAT/LON1/LON2/DLON/H
   79   68   55   42   34   31   30   29   30   28   28   25   27   26   28   31
   34   38   39   41   41   43   42   46   46   47   45   41   37   30   24   19
   18   17   20   23   29   34   40   45   54   60   66   71   76   80   82   88
   91  100  107  117  123  130  130  133  129  128  120  118  112  109  101   98
   90   92   89   96   96   94   97   89   79                                   
    55.0-180.0 180.0   5.0 450.0                            LAT/LON1/LON2/DLON/H
   84   71   60   46   39   34   34   32   32   31   29   29   28   28   29   30
   33   34   34   35   34   38   37   42   43   45   43   40   33   27   19   16
   14   16   19   25   31   37   43   49   57   62   70   72   79   83   89   93
  101  109  121  130  141  145  147  146  145  141  136  132  129  125  120  112
  106  100  100  100  104  100  104   97   84                                   
    52.5-180.0 180.0   5.0 450.0                            LAT/LON1/LON2/DLON/H
   98   86   70   57   47   41   38   35   34   31   30   27   29   28   29   31
   31   32   31   31   30   31   32   35   38   41   40   36   31   23   17   12
   12   14   19   26   34   40   46   53   60   67   73   80   85   93   96  106
  115  129  140  153  162  169  170  168  166  162  155  155  151  152  143  139
  126  120  113  114  114  111  112  105   98                                   
    50.0-180.0 180.0   5.0 450.0                            LAT/LON1/LON2/DLON/H
  111   97   82   72   62   55   51   45   42   37   34   33   31   31   30   31
   30   30   27   28   25   26   31   33   39   40   40   37   31   25   17   16
   15   19   24   33   40   47   53   58   66   71   80   85   95  101  112  121
  135  146  160  173  187  192  193  191  188  184  179  178  179  178  171  162
  152  141  132  129  129  124  125  119  111                                   
    47.5-180.0 180.0   5.0 450.0                            LAT/LON1/LON2/DLON/H
  131  119  100   90   80   74   65   57   50   43   39   36   38   36   36   35
   33   33   30   27   26   28   34   38   42   44   45   41   36   29   24   21
   22   26   33   41   48   56   60   68   74   82   88   99  106  118  128  142
  153  167  181  194  207  210  213  207  207  200  198  197  199  201  196  188
  173  161  150  144  142  138  138  126  131                                   
    45.0-180.0 180.0   5.0 450.0                            LAT/LON1/LON2/DLON/H
  141  132  112  106   95   88   80   71   62   53   48   44   43   42   40   40
   36   37   34   36   37   39   43   45   51   49   51   46   41   36   30   29
   28   35   40   49   55   62   68   74   82   89   98  108  120  132  145  155
  169  181  195  205  217  219  220  215  213  209  207  207  211  212  211  203
  189  173  161  154  150  144  144  137  141                                   
    42.5-180.0 180.0   5.0 450.0                            LAT/LON1/LON2/DLON/H
  149  140  124  117  109  104   91   81   70   61   56   51   51   49   48   47
   43   44   41   46   46   52   53   57   60   60   59   55   50   45   40   38
   39   44   49   58   63   72   77   86   93  105  113  125  137  150  160  171
  183  194  204  212  223  225  225  218  219  212  210  210  214  218  216  211
  196  180  169  160  155  149  147  136  149                                   
    40.0-180.0 180.0   5.0 450.0                            LAT/LON1/LON2/DLON/H
  144  138  118  116  108  104   94   86   76   69   64   60   60   58   55   55
   52   54   53   58   61   65   68   67   70   66   64   59   53   50   44   44
   44   49   53   62   68   77   84   93  105  116  127  138  153  162  174  183
  195  201  210  216  227  227  227  224  224  221  217  219  221  221  217  211
  197  181  168  161  153  145  145  137  144                                   
    37.5-180.0 180.0   5.0 450.0                            LAT/LON1/LON2/DLON/H
  140  129  114  111  106  104   94   88   81   74   72   68   70   68   68   66
   63   66   65   70   73   78   79   78   79   73   70   65   60   57   53   52
   51   55   59   68   75   86   95  110  124  136  147  158  169  178  189  198
  209  215  223  229  239  240  242  238  241  238  235  235  235  234  225  216
  201  185  175  164  155  145  144  131  140                                   
    35.0-180.0 180.0   5.0 450.0                            LAT/LON1/LON2/DLON/H
  129  115   92   93   87   86   82   79   77   76   75   75   76   76   76   75
   73   75   77   80   86   87   89   85   82   76   70   65   60   58   53   52
   49   53   55   65   74   87  100  118  133  145  158  166  178  188  199  207
  218  227  236  244  254  260  263  264  268  269  264  262  259  251  239  227
  211  196  182  171  159  145  142  130  129                                   
    32.5-180.0 180.0   5.0 450.0                            LAT/LON1/LON2/DLON/H
  131  102   90   80   79   74   71   70   70   71   73   75   80   82   86   85
   86   85   87   89   93   93   93   90   84   78   73   66   63   61   57   55
   52   54   57   67   79   93  112  130  147  158  171  177  190  197  209  219
  234  246  261  272  285  294  302  308  316  317  311  308  299  286  270  254
  238  220  207  186  174  153  150  130  131                                   
    30.0-180.0 180.0   5.0 450.0                            LAT/LON1/LON2/DLON/H
  133   99   73   67   62   56   56   55   60   64   70   75   82   85   92   92
   95   93   96   93   97   93   93   89   83   78   72   69   64   63   57   54
   49   51   53   64   77   96  115  137  152  166  176  186  197  209  221  235
  252  268  288  306  323  337  348  361  371  378  373  370  356  340  315  296
  274  258  241  222  200  177  164  143  133                                   
    27.5-180.0 180.0   5.0 450.0                            LAT/LON1/LON2/DLON/H
  161  107   90   72   65   57   54   56   59   63   68   73   81   86   95   96
  101   99  100   97   96   94   90   89   84   80   77   71   69   64   61   55
   53   51   57   64   82   98  123  143  161  172  186  194  209  223  238  255
  275  298  325  348  369  384  399  414  430  440  438  435  420  401  378  351
  329  307  288  263  241  207  196  167  161                                   
    25.0-180.0 180.0   5.0 450.0                            LAT/LON1/LON2/DLON/H
  192  132  107   83   72   61   56   54   55   59   66   71   80   85   96   97
  103   99  100   93   92   89   89   89   89   88   83   78   74   69   64   58
   55   55   58   66   82  102  125  149  164  177  191  202  220  238  256  278
  303  332  362  393  416  435  451  469  484  497  498  495  481  464  436  412
  386  365  339  320  289  253  229  206  192                                   
    22.5-180.0 180.0   5.0 450.0                            LAT/LON1/LON2/DLON/H
  237  170  156  123  108   86   81   72   72   68   72   73   78   81   88   92
   97   96   95   90   87   87   88   93   98   97   96   88   85   75   74   64
   64   58   63   67   88  104  133  153  173  184  200  215  237  259  282  305
  333  363  401  434  462  479  495  512  525  541  545  543  532  513  494  470
  445  420  396  369  341  301  273  250  237                                   
    20.0-180.0 180.0   5.0 450.0                            LAT/LON1/LON2/DLON/H
  269  211  199  166  146  125  114  100   90   84   78   81   82   81   89   87
   95   91   90   83   85   84   94  100  108  111  107   99   91   84   79   73
   69   66   67   73   89  110  133  158  174  186  205  223  254  275  305  330
  364  399  444  475  498  514  525  539  554  571  579  579  573  557  541  523
  497  472  445  423  394  360  318  295  269                                   
    17.5-180.0 180.0   5.0 450.0                            LAT/LON1/LON2/DLON/H
  328  261  246  220  197  173  158  138  125  110  102   89   88   84   84   82
   86   84   83   81   82   89  100  111  122  123  119  108  101   91   89   78
   78   68   75   75   98  113  142  160  180  193  213  239  267  300  328  361
  397  434  478  502  520  525  533  544  556  572  582  584  587  577  572  556
  537  506  484  457  435  410  363  341  328                                   
    15.0-180.0 180.0   5.0 450.0                            LAT/LON1/LON2/DLON/H
  364  328  296  269  244  227  207  187  165  149  129  114  100   90   85   82
   87   83   84   82   89   97  111  124  132  133  125  116  103   98   92   87
   81   76   77   85  101  122  141  165  180  199  222  251  283  315  351  385
  425  462  499  521  529  532  531  538  546  560  565  569  578  581  582  576
  555  529  504  482  462  444  403  382  364                                   
    12.5-180.0 180.0   5.0 450.0                            LAT/LON1/LON2/DLON/H
  404  379  358  337  303  282  253  230  204  183  164  141  120   99   87   76
   78   75   85   83   96  106  125  137  147  144  138  121  112   99   99   88
   88   76   86   87  111  123  148  166  188  207  233  265  294  335  365  405
  441  476  503  517  523  519  515  518  526  536  539  543  556  565  577  573
  559  531  510  488  474  461  431  407  404                                   
    10.0-180.0 180.0   5.0 450.0                            LAT/LON1/LON2/DLON/H
  421  406  392  381  360  340  304  280  241  224  200  181  152  126  106   93
   86   85   85   95  107  123  135  151  157  157  144  132  115  106  100   94
   86   81   83   93  108  127  143  165  183  208  236  268  302  337  372  410
  443  472  496  507  508  505  497  503  509  522  522  530  540  552  563  566
  551  527  506  489  478  468  444  431  421                                   
     7.5-180.0 180.0   5.0 450.0                            LAT/LON1/LON2/DLON/H
  432  423  420  411  395  380  351  320  281  251  228  212  192  157  130  109
  101   95   99  102  119  137  157  169  175  169  158  141  129  113  111   98
