data/unet/pred3400.15i
     1.0            IONOSPHERE MAPS     GNSS                IONEX VERSION / TYPE
pyspatialgeodesy        IME             05-JAN-18 20:20     PGM / RUN BY / DATE 
Map Name                                                    COMMENT             
Predicted global ionosphere maps (GIM).                     DESCRIPTION         
  2015    12     6     0     0     0                        EPOCH OF FIRST MAP  
  2015    12     7     0     0     0                        EPOCH OF LAST MAP   
  7200                                                      INTERVAL            
    13                                                      # OF MAPS IN FILE   
  NONE                                                      MAPPING FUNCTION    
10.0                                                        ELEVATION CUTOFF    
One-way carrier phase leveled to code                       OBSERVABLES USED    
  6371.0                                                    BASE RADIUS         
 2                                                          MAP DIMENSION       
   450.0 450.0   0.0                                        HGT1 / HGT2 / DHGT  
    87.5 -87.5  -2.5                                        LAT1 / LAT2 / DLAT  
  -180.0 180.0   5.0                                        LON1 / LON2 / DLON  
    -1                                                      EXPONENT            
                                                            END OF HEADER       
[from data line 2574]
     7                                                      START OF TEC MAP    
  2015    12     6    12     0     0                        EPOCH OF CURRENT MAP
    87.5-180.0 180.0   5.0 450.0                            LAT/LON1/LON2/DLON/H
   60   62   55   55   54   54   53   53   53   52   53   50   51   48   49   47
   47   46   46   44   45   44   44   43   43   42   43   42   43   42   43   43
   44   44   45   44   46   45   46   45   47   46   47   46   46   46   46   46
   45   47   46   47   46   48   46   49   47   49   47   50   48   51   49   52
   50   53   52   54   53   52   61   57   60                                   
    85.0-180.0 180.0   5.0 450.0                            LAT/LON1/LON2/DLON/H
   70   63   54   53   53   53   54   53   53   52   52   51   51   50   50   48
   49   48   48   47   48   46   48   46   48   47   49   48   49   48   49   49
   49   48   49   48   49   47   48   47   47   46   46   45   45   44   44   44
   44   44   45   44   45   45   46   46   47   47   48   47   49   49   49   49
   50   51   51   51   53   52   59   57   70                                   
    82.5-180.0 180.0   5.0 450.0                            LAT/LON1/LON2/DLON/H
   67   61   49   48   45   46   44   46   43   44   41   42   38   39   37   37
   35   36   34   36   34   36   34   37   36   40   37   42   38   43   39   44
   39   44   39   43   38   42   37   41   35   39   33   38   32   37   32   37
   31   37   33   38   34   39   35   41   36   42   37   43   38   43   39   44
   40   45   41   45   42   43   40   38   67                                   
    80.0-180.0 180.0   5.0 450.0                            LAT/LON1/LON2/DLON/H
   60   51   44   42   42   41   41   39   38   36   35   33   30   28   28   26
   26   25   26   25   27   26   30   29   32   31   35   34   36   36   38   38
   38   39   39   39   38   38   37   36   35   34   33   32   31   30   30   30
   30   30   32   31   33   33   35   34   36   35   37   36   38   36   38   37
   38   37   38   37   39   35   35   34   60                                   
    77.5-180.0 180.0   5.0 450.0                            LAT/LON1/LON2/DLON/H
   54   47   37   39   37   38   35   36   32   32   28   27   23   22   20   20
   18   19   19   21   22   23   24   27   28   32   31   35   33   38   35   41
   37   43   38   44   37   42   36   40   32   36   28   32   25   28   24   27
   24   28   26   29   28   31   30   33   31   33   31   33   30   32   30   31
   29   31   29   30   30   30   29   27   54                                   
    75.0-180.0 180.0   5.0 450.0                            LAT/LON1/LON2/DLON/H
   46   38   36   36   34   34   33   32   29   28   24   21   19   16   15   14
   13   14   15   17   19   21   23   25   27   30   32   34   34   38   38   43
   41   46   44   48   44   48   42   44   37   39   32   32   27   28   25   26
   24   27   28   29   31   32   34   34   35   34   36   33   33   30   31   27
   28   26   27   26   27   26   29   28   46                                   
    72.5-180.0 180.0   5.0 450.0                            LAT/LON1/LON2/DLON/H
   44   39   33   35   33   34   32   32   29   27   24   21   19   16   16   14
   15   14   17   17   22   22   27   27   32   33   37   38   41   44   46   49
   50   54   53   57   54   56   52   53   47   46   41   37   34   31   30   29
   30   30   32   32   34   34   37   37   38   37   37   36   34   33   31   28
   27   25   24   23   24   25   26   25   44                                   
    70.0-180.0 180.0   5.0 450.0                            LAT/LON1/LON2/DLON/H
   43   32   33   33   31   33   31   31   29   26   24   21   19   16   16   15
   15   16   17   20   23   25   28   30   33   35   39   41   44   47   50   56
   58   65   65   72   67   72   64   66   58   58   49   47   40   40   35   36
   34   35   35   36   36   37   39   39   40   40   40   38   38   35   35   30
   30   27   27   25   26   26   29   30   43                                   
    67.5-180.0 180.0   5.0 450.0                            LAT/LON1/LON2/DLON/H
   44   38   33   33   32   33   32   33   30   29   27   24   24   20   21   17
   19   16   20   19   25   25   32   31   37   39   43   47   49   54   58   64
   69   76   77   84   81   84   78   78   71   68   63   57   52   47   45   42
   42   39   40   36   38   36   38   37   39   39   39   39   39   37   37   33
   33   30   30   26   28   27   29   28   44                                   
    65.0-180.0 180.0   5.0 450.0                            LAT/LON1/LON2/DLON/H
   46   33   32   31   28   32   30   32   29   29   28   25   23   21   19   18
   16   16   17   19   22   26   30   34   37   41   45   49   54   60   66   73
   77   86   87   95   92   96   88   91   81   82   72   71   60   59   51   50
   43   43   38   37   33   33   32   32   33   35   37   37   39   38   39   37
   36   34   35   33   33   31   33   36   46                                   
    62.5-180.0 180.0   5.0 450.0                            LAT/LON1/LON2/DLON/H
   49   40   32   31   30   30   30   31   30   30   29   29   27   25   23   20
   18   15   17   17   22   24   30   32   38   42   47   55   60   68   73   82
   86   93   95  101   99  102   98   98   92   90   84   79   73   67   60   55
   50   45   41   37   34   30   29   28   29   30   31   34   35   37   37   36
   37   35   36   34   35   33   35   35   49                                   
    60.0-180.0 180.0   5.0 450.0                            LAT/LON1/LON2/DLON/H
   50   34   32   28   26   28   26   29   27   28   26   27   25   24   20   18
   14   12   11   13   16   20   24   30   33   42   48   57   63   73   80   90
   94  102  101  108  104  109  102  106   99  101   91   92   80   80   67   65
   53   51   40   36   29   27   23   23   24   25   29   31   34   34   36   35
   37   35   38   38   39   36   38   40   50                                   
    57.5-180.0 180.0   5.0 450.0                            LAT/LON1/LON2/DLON/H
   51   42   32   29   28   27   27   28   27   27   26   28   27   26   23   21
   16   13   12   12   15   18   24   28   35   42   51   62   70   82   89  100
  102  109  107  111  109  112  108  111  108  107  103  101   94   89   80   74
   64   58   49   42   36   30   28   25   26   27   28   31   32   34   34   34
   35   35   38   38   41   38   41   40   51                                   
    55.0-180.0 180.0   5.0 450.0                            LAT/LON1/LON2/DLON/H
   51   40   36   31   30   29   28   27   25   25   24   25   24   24   21   19
   14   10    8    9   11   15   19   26   32   43   52   66   75   89   97  110
  112  119  114  120  114  119  113  119  114  119  112  115  104  104   91   87
   73   70   57   51   41   37   31   31   30   31   33   33   34   33   35   33
   35   35   40   41   43   41   44   42   51                                   
    52.5-180.0 180.0   5.0 450.0                            LAT/LON1/LON2/DLON/H
   54   49   38   36   34   34   32   32   29   28   27   29   27   29   25   24
   17   14   12   13   15   18   24   30   37   47   59   72   84   97  107  118
  120  125  122  125  122  123  122  124  124  127  126  125  119  115  106   99
   90   82   73   64   56   49   46   43   42   41   41   41   40   39   38   37
   37   38   41   43   46   43   48   47   54                                   
    50.0-180.0 180.0   5.0 450.0                            LAT/LON1/LON2/DLON/H
   56   50   46   41   43   41   42   38   36   32   31   31   30   30   28   25
   20   17   15   16   18   23   27   35   41   55   65   81   91  106  114  126
  126  133  128  135  130  135  129  137  135  141  137  140  133  131  120  115
  102   97   87   80   70   65   58   56   53   52   51   50   49   46   45   42
   43   43   46   48   49   48   53   51   56                                   
    47.5-180.0 180.0   5.0 450.0                            LAT/LON1/LON2/DLON/H
   61   60   50   50   50   51   50   49   46   42   40   39   38   37   35   33
   28   26   24   26   28   34   39   46   53   64   75   88  100  112  120  128
  128  134  132  137  136  138  139  144  146  149  149  150  145  142  133  125
  116  109  101   93   86   77   72   67   64   61   60   58   57   54   53   50
   49   50   51   52   55   52   58   60   61                                   
    45.0-180.0 180.0   5.0 450.0                            LAT/LON1/LON2/DLON/H
   63   63   61   56   62   59   63   59   60   53   52   47   48   45   43   39
   36   33   33   36   40   46   52   62   68   80   87  100  108  120  122  129
  129  137  135  145  144  152  150  157  156  160  156  159  153  152  142  135
  125  119  111  104   95   87   80   74   70   67   65   64   63   61   61   58
   58   56   58   57   58   57   63   65   63                                   
    42.5-180.0 180.0   5.0 450.0                            LAT/LON1/LON2/DLON/H
   66   69   64   66   67   69   70   71   71   67   65   62   60   56   54   50
   47   45   46   50   54   62   68   78   84   95  101  111  116  122  122  126
  126  133  136  146  149  155  159  161  163  161  162  162  158  157  148  141
  132  125  117  108   99   88   80   72   69   66   65   65   65   66   66   65
   65   63   63   62   63   58   66   72   66                                   
    40.0-180.0 180.0   5.0 450.0                            LAT/LON1/LON2/DLON/H
   65   69   70   67   73   74   79   79   83   80   81   75   74   68   66   61
   59   57   59   64   71   80   87   97  102  112  117  125  126  130  125  129
  127  138  142  156  161  171  171  174  170  170  166  168  164  163  155  148
  138  131  121  111   99   88   77   69   64   61   62   63   66   67   69   69
   69   66   65   63   63   61   67   71   65                                   
    37.5-180.0 180.0   5.0 450.0                            LAT/LON1/LON2/DLON/H
   64   68   66   69   71   76   80   83   88   89   91   88   86   80   76   73
   70   69   70   77   84   94  102  112  117  126  130  135  134  135  128  131
  130  141  149  162  171  179  182  180  178  172  171  170  168  167  161  155
  145  138  127  116  101   89   75   65   61   59   61   63   66   70   71   72
   71   68   66   63   64   58   65   72   64                                   
    35.0-180.0 180.0   5.0 450.0                            LAT/LON1/LON2/DLON/H
   60   63   65   62   69   72   78   83   90   93   98   96   96   88   86   81
   80   78   81   88   95  107  113  125  129  139  142  146  144  144  136  142
  139  153  160  176  184  196  195  195  187  184  177  180  176  179  172  169
  159  152  141  128  112   97   82   70   62   60   62   64   67   71   72   71
   69   65   62   59   58   59   62   64   60                                   
    32.5-180.0 180.0   5.0 450.0                            LAT/LON1/LON2/DLON/H
   56   56   53   53   57   62   70   76   86   91   98   99  100   94   92   88
   85   85   88   96  104  115  123  134  137  146  148  153  151  152  148  152
  154  165  174  189  200  208  211  205  200  192  190  189  191  192  191  188
  181  176  168  154  138  119  103   90   81   76   76   76   76   79   76   74
   68   63   59   56   55   52   56   61   56                                   
    30.0-180.0 180.0   5.0 450.0                            LAT/LON1/LON2/DLON/H
   54   49   48   44   53   54   63   68   80   86   95   96   99   94   94   91
   89   92   94  105  113  126  133  145  146  155  156  164  163  170  166  178
  178  194  199  218  227  238  233  231  220  216  209  214  213  221  220  221
  217  216  207  198  181  161  139  123  111  104  100   97   94   91   85   78
   71   63   56   54   51   52   53   52   54                                   
    27.5-180.0 180.0   5.0 450.0                            LAT/LON1/LON2/DLON/H
   53   47   40   40   41   46   51   59   69   79   87   90   95   91   94   88
   90   92   96  108  118  131  138  148  150  158  162  170  174  184  188  201
  205  221  228  247  257  265  263  256  249  240  240  240  247  250  252  252
  252  250  247  240  231  212  194  173  159  146  138  130  121  113  101   90
   79   68   60   55   53   51   51   53   53                                   
    25.0-180.0 180.0   5.0 450.0                            LAT/LON1/LON2/DLON/H
   58   45   37   35   39   39   45   49   60   68   77   81   85   83   85   84
   85   92   98  112  124  138  144  155  155  164  167  180  186  203  210  229
  234  256  265  285  291  303  296  295  281  279  272  278  280  286  288  292
  291  292  288  284  276  265  245  226  207  192  178  165  151  136  121  107
   92   79   67   62   56   56   56   51   58                                   
    22.5-180.0 180.0   5.0 450.0                            LAT/LON1/LON2/DLON/H
   62   52   43   43   42   43   41   46   50   59   64   72   75   75   77   75
   80   86   97  111  126  139  146  154  157  166  173  186  198  217  230  251
  262  285  297  316  323  331  329  324  318  313  312  313  317  321  325  329
  331  335  335  332  323  312  299  279  262  240  224  202  184  164  142  126
  111   96   83   74   69   65   63   57   62                                   
    20.0-180.0 180.0   5.0 450.0                            LAT/LON1/LON2/DLON/H
   63   55   52   48   51   47   47   44   47   49   55   61   64   65   67   68
   71   82   93  111  125  141  147  158  162  172  177  194  207  231  244  270
  283  309  323  342  350  360  357  358  350  350  346  351  350  356  355  363
  366  375  374  375  364  355  335  323  303  284  261  234  210  186  162  146
  129  118  101   92   81   81   77   65   63                                   
    17.5-180.0 180.0   5.0 450.0                            LAT/LON1/LON2/DLON/H
   71   66   62   58   59   57   55   50   47   47   47   56   57   61   60   63
   66   75   88  107  122  139  146  158  165  177  184  202  219  242  257  283
  305  330  346  362  371  377  381  382  379  380  379  383  384  386  387  389
  394  401  402  402  391  379  361  342  324  302  282  257  230  204  182  164
  151  138  125  110  100   97   92   77   71                                   
    15.0-180.0 180.0   5.0 450.0                            LAT/LON1/LON2/DLON/H
   79   74   71   66   69   63   64   55   52   44   47   48   53   52   54   55
   60   71   84  106  123  139  148  164  171  188  196  218  232  259  272  300
  321  345  361  378  388  398  402  407  404  409  407  413  413  414  413  414
  416  421  420  419  405  391  367  349  326  307  283  263  236  214  192  177
  163  153  139  126  112  111  107   92   79                                   
    12.5-180.0 180.0   5.0 450.0                            LAT/LON1/LON2/DLON/H
   90   87   80   76   76   73   71   65   58   50   47   50   52   56   54   57
   59   73   85  107  123  140  151  167  179  199  215  236  250  271  288  315
  341  362  379  391  405  412  421  427  428  433  432  437  435  434  429  428
  426  429  426  422  406  387  362  338  313  290  269  248  232  214  199  186
  176  163  152  135  123  116  110  100   90                                   
    10.0-180.0 180.0   5.0 450.0                            LAT/LON1/LON2/DLON/H
   97   91   84   80   80   76   75   69   63   52   54   50   57   55   59   58
   64   75   94  113  130  144  154  174  190  218  233  256  267  291  307  331
  351  372  387  403  415  426  434  440  442  449  448  453  450  448  444  441
  434  434  427  421  401  380  349  324  296  272  249  232  217  205  194  186
  176  166  153  138  123  120  115  107   97                                   
     7.5-180.0 180.0   5.0 450.0                            LAT/LON1/LON2/DLON/H
  103   94   85   79   79   76   75   71   65   57   55   57   62   62   67   69
   77   90  106  125  140  154  164  187  209  235  254  272  285  308  326  345
