data/unet/pred1340.15i
     1.0            IONOSPHERE MAPS     GNSS                IONEX VERSION / TYPE
pyspatialgeodesy        IME             05-JAN-18 20:20     PGM / RUN BY / DATE 
Map Name                                                    COMMENT             
Predicted global ionosphere maps (GIM).                     DESCRIPTION         
  2015     5    14     0     0     0                        EPOCH OF FIRST MAP  
  2015     5    15     0     0     0                        EPOCH OF LAST MAP   
  7200                                                      INTERVAL            
    13                                                      # OF MAPS IN FILE   
  NONE                                                      MAPPING FUNCTION    
10.0                                                        ELEVATION CUTOFF    
One-way carrier phase leveled to code                       OBSERVABLES USED    
  6371.0                                                    BASE RADIUS         
 2                                                          MAP DIMENSION       
   450.0 450.0   0.0                                        HGT1 / HGT2 / DHGT  
    87.5 -87.5  -2.5                                        LAT1 / LAT2 / DLAT  
  -180.0 180.0   5.0                                        LON1 / LON2 / DLON  
    -1                                                      EXPONENT            
                                                            END OF HEADER       
[from data line 3432]
     9                                                      START OF TEC MAP    
  2015     5    14    16     0     0                        EPOCH OF CURRENT MAP
    87.5-180.0 180.0   5.0 450.0                            LAT/LON1/LON2/DLON/H
  163  163  163  162  163  160  163  161  164  163  166  165  168  167  170  169
  172  171  174  173  175  174  176  175  176  174  175  172  173  170  170  167
  168  165  166  164  165  162  164  161  163  159  161  159  160  157  159  156
  158  155  158  155  158  155  159  157  160  158  161  159  162  160  163  160
  162  160  163  161  163  160  163  173  163                                   
    85.0-180.0 180.0   5.0 450.0                            LAT/LON1/LON2/DLON/H
  139  155  155  158  158  155  159  157  161  158  164  161  167  164  171  168
  174  171  177  174  179  177  181  179  181  179  180  177  177  173  172  168
  167  164  162  160  158  156  154  153  152  151  151  150  151  148  150  148
  151  147  151  148  152  149  154  151  155  151  157  154  158  154  159  155
  158  156  158  156  158  154  152  155  139                                   
    82.5-180.0 180.0   5.0 450.0                            LAT/LON1/LON2/DLON/H
  143  148  153  154  152  152  153  154  155  155  158  160  162  164  166  168
  171  173  175  176  179  179  182  181  183  182  183  180  178  176  173  169
  166  163  160  157  155  153  151  150  149  148  148  148  148  148  148  148
  148  148  149  149  150  150  152  152  152  153  154  155  154  155  155  156
  154  154  154  152  151  147  152  140  143                                   
    80.0-180.0 180.0   5.0 450.0                            LAT/LON1/LON2/DLON/H
  134  144  147  146  148  146  148  147  150  150  154  155  159  161  165  169
  171  175  177  181  182  185  185  187  185  187  185  185  181  180  175  173
  167  165  159  158  153  152  148  149  146  147  146  147  147  148  149  150
  150  151  153  154  155  155  157  156  157  156  158  157  157  156  157  156
  155  154  154  151  148  144  145  139  134                                   
    77.5-180.0 180.0   5.0 450.0                            LAT/LON1/LON2/DLON/H
  132  142  143  142  143  141  142  143  143  145  147  151  155  156  163  165
  172  172  177  178  180  180  181  182  183  184  184  182  181  177  175  171
  167  162  158  157  153  152  149  151  149  150  150  152  153  152  154  154
  156  155  158  159  160  159  161  160  161  159  160  159  159  157  158  157
  156  155  155  151  149  142  137  131  132                                   
    75.0-180.0 180.0   5.0 450.0                            LAT/LON1/LON2/DLON/H
  127  138  140  140  141  140  141  141  141  141  143  145  150  153  161  163
  171  172  178  178  181  179  182  181  184  182  185  183  184  180  178  173
  171  166  164  160  159  156  155  153  154  153  155  154  157  156  159  157
  161  159  163  160  164  162  165  161  163  161  163  160  160  158  158  155
  153  152  152  149  148  143  139  132  127                                   
    72.5-180.0 180.0   5.0 450.0                            LAT/LON1/LON2/DLON/H
  129  140  144  143  142  140  139  140  138  138  140  142  148  151  159  161
  168  170  175  177  178  179  178  181  180  183  182  185  185  184  180  177
  172  168  164  162  159  158  156  157  157  157  159  161  163  162  164  164
  165  163  164  163  163  162  161  160  159  157  157  155  155  153  153  151
  148  149  147  147  145  141  134  129  129                                   
    70.0-180.0 180.0   5.0 450.0                            LAT/LON1/LON2/DLON/H
  131  143  146  147  147  144  145  142  143  139  144  144  151  153  160  163
  169  171  177  177  180  179  181  182  183  183  185  183  185  181  181  176
  175  168  168  161  163  158  160  157  161  159  163  162  166  163  165  162
  163  161  161  160  160  159  158  156  155  153  152  150  149  148  146  145
  142  142  142  142  142  142  138  129  131                                   
    67.5-180.0 180.0   5.0 450.0                            LAT/LON1/LON2/DLON/H
  129  144  150  150  149  147  147  146  146  144  149  151  156  159  164  166
  170  170  174  174  177  177  179  181  182  184  185  185  185  185  182  181
  175  174  169  168  164  165  164  165  165  167  167  169  166  166  163  162
  159  157  156  156  154  153  150  149  146  144  142  140  139  137  135  133
  130  130  131  132  134  133  129  122  129                                   
    65.0-180.0 180.0   5.0 450.0                            LAT/LON1/LON2/DLON/H
  126  143  148  152  154  153  155  153  155  153  157  156  161  163  167  168
  172  173  177  178  181  182  183  185  188  189  190  189  189  188  187  185
  183  179  176  173  172  170  171  169  172  171  174  172  171  166  163  158
  156  152  150  150  150  148  147  144  143  138  136  132  132  127  126  121
  119  116  117  117  120  125  127  121  126                                   
    62.5-180.0 180.0   5.0 450.0                            LAT/LON1/LON2/DLON/H
  117  137  146  150  156  155  157  158  157  158  160  162  166  167  172  171
  174  172  177  177  182  181  184  184  188  188  188  189  188  187  186  185
  184  182  180  179  178  177  177  178  180  181  182  179  176  172  165  163
  156  155  151  153  150  150  146  145  139  135  130  127  123  119  115  110
  106  102  102  101  102  107  110  107  117                                   
    60.0-180.0 180.0   5.0 450.0                            LAT/LON1/LON2/DLON/H
  111  132  141  150  157  159  162  162  163  162  165  165  167  167  171  171
  174  174  177  179  182  184  187  190  192  192  192  191  191  189  189  188
  188  186  186  185  185  184  185  187  189  191  193  192  187  180  173  167
  163  158  157  156  157  153  152  148  145  137  133  126  124  118  115  107
  103   96   94   91   92   98  104  101  111                                   
    57.5-180.0 180.0   5.0 450.0                            LAT/LON1/LON2/DLON/H
  102  123  134  146  153  155  157  159  159  159  161  163  165  166  170  169
  173  170  175  177  182  182  187  186  189  187  188  187  187  187  189  190
  191  192  193  195  193  195  195  201  202  207  208  209  201  196  187  182
  173  170  167  169  165  164  160  159  152  146  139  135  129  122  117  110
  103   95   92   87   86   87   95   87  102                                   
    55.0-180.0 180.0   5.0 450.0                            LAT/LON1/LON2/DLON/H
  100  116  126  137  149  153  157  158  160  159  162  161  164  163  167  165
  169  169  171  177  178  183  185  186  188  189  192  191  194  194  196  197
  199  201  203  205  206  207  208  213  217  222  224  222  217  211  201  193
  186  182  180  178  177  175  173  169  165  158  151  144  140  134  127  119
  113  104  100   92   91   92   98   87  100                                   
    52.5-180.0 180.0   5.0 450.0                            LAT/LON1/LON2/DLON/H
   99  112  122  135  145  150  154  156  156  156  159  159  163  162  166  164
  168  167  172  175  178  180  183  183  186  185  190  191  197  197  202  205
  208  212  215  220  221  224  225  231  234  241  241  242  234  231  220  215
  206  204  198  197  192  191  186  184  177  171  165  159  153  146  139  131
  125  116  113  105  103   97  103   87   99                                   
    50.0-180.0 180.0   5.0 450.0                            LAT/LON1/LON2/DLON/H
  104  115  122  131  143  151  156  159  160  160  161  162  163  165  167  167
  169  170  172  176  176  182  181  183  182  184  189  191  200  203  210  214
  218  224  228  236  236  240  239  246  248  255  256  256  251  245  236  228
  221  216  213  209  207  204  200  198  194  188  181  176  169  163  155  148
  141  134  130  123  119  113  116  100  104                                   
    47.5-180.0 180.0   5.0 450.0                            LAT/LON1/LON2/DLON/H
  112  120  127  137  150  155  161  163  166  167  169  170  171  172  171  174
  174  176  179  182  181  184  181  185  182  187  189  194  202  206  215  222
  230  238  246  255  256  259  258  263  263  270  268  272  262  261  249  247
  236  232  225  223  217  214  209  208  204  201  197  193  187  180  172  165
  158  150  149  141  140  128  129  114  112                                   
    45.0-180.0 180.0   5.0 450.0                            LAT/LON1/LON2/DLON/H
  125  129  133  143  156  165  170  176  176  181  179  183  182  184  184  187
  185  189  186  192  187  192  186  189  186  190  193  200  208  214  224  234
  245  258  266  277  279  281  278  280  281  284  283  281  273  268  259  254
  247  241  232  227  223  219  215  215  215  214  211  207  203  196  189  181
  175  167  162  155  152  146  143  135  125                                   
    42.5-180.0 180.0   5.0 450.0                            LAT/LON1/LON2/DLON/H
  133  134  141  150  166  175  184  188  193  197  198  202  202  202  200  203
  200  203  200  204  201  200  196  195  193  197  202  210  218  227  236  249
  262  277  288  301  302  304  300  304  300  305  298  297  283  281  267  265
  255  247  236  230  224  221  218  219  218  220  219  217  215  207  202  193
  187  179  175  168  164  155  153  146  133                                   
    40.0-180.0 180.0   5.0 450.0                            LAT/LON1/LON2/DLON/H
  140  138  143  154  171  185  196  203  207  214  215  223  222  224  222  224
  220  220  213  217  209  214  203  210  201  210  211  225  231  245  256  273
  286  306  318  329  331  333  329  330  325  324  318  310  299  288  277  268
  259  249  237  228  224  220  221  222  225  225  227  225  223  217  211  204
  196  188  183  175  173  167  164  158  140                                   
    37.5-180.0 180.0   5.0 450.0                            LAT/LON1/LON2/DLON/H
  143  136  145  152  171  186  202  211  221  231  236  247  247  250  249  250
  246  243  238  237  233  231  224  224  220  225  231  243  254  268  279  300
  316  336  350  359  364  363  362  360  355  352  342  331  318  306  294  285
  276  262  250  237  231  222  223  224  226  229  229  231  226  223  219  213
  203  194  189  180  175  167  165  161  143                                   
    35.0-180.0 180.0   5.0 450.0                            LAT/LON1/LON2/DLON/H
  152  142  149  156  174  190  209  223  236  250  257  270  273  281  283  286
  280  274  262  257  248  249  237  244  236  250  251  270  281  298  311  332
  351  374  389  400  404  403  398  397  389  383  371  357  343  330  319  304
  289  279  267  257  247  240  238  236  239  239  239  240  237  236  230  225
  215  206  196  188  183  176  174  168  152                                   
    32.5-180.0 180.0   5.0 450.0                            LAT/LON1/LON2/DLON/H
  162  146  148  154  166  187  207  224  243  260  272  289  296  306  311  314
  309  306  294  289  279  274  263  263  262  269  281  296  313  329  348  371
  395  421  438  448  451  446  440  438  429  422  408  397  380  356  335  316
  300  284  272  267  270  266  273  270  274  271  274  272  266  260  254  245
  237  220  212  195  189  176  179  171  162                                   
    30.0-180.0 180.0   5.0 450.0                            LAT/LON1/LON2/DLON/H
  169  151  151  153  168  183  209  227  254  277  292  310  317  332  334  340
  335  332  321  313  304  296  285  288  286  301  316  339  360  381  404  431
  454  482  492  503  496  487  474  471  462  455  446  433  408  387  366  350
  331  316  295  295  286  291  285  285  280  281  280  282  284  284  282  285
  271  257  240  216  202  193  190  180  169                                   
    27.5-180.0 180.0   5.0 450.0                            LAT/LON1/LON2/DLON/H
  183  164  157  159  162  184  209  232  263  284  304  325  337  351  354  361
  354  358  344  345  338  329  323  318  324  330  358  382  418  446  474  502
  521  550  551  556  538  527  509  507  499  497  486  468  445  430  409  391
  372  348  334  324  324  319  318  310  305  301  301  305  311  314  314  304
  298  279  273  249  231  204  207  190  183                                   
    25.0-180.0 180.0   5.0 450.0                            LAT/LON1/LON2/DLON/H
  178  168  172  172  174  186  211  228  263  285  312  334  353  371  378  386
  384  388  379  379  374  368  363  359  364  384  412  445  477  506  539  571
  594  615  619  611  589  571  555  550  548  545  523  506  487  470  443  421
  389  371  351  349  344  347  340  337  328  324  321  324  332  335  338  336
  333  322  302  280  263  245  230  205  178                                   
    22.5-180.0 180.0   5.0 450.0                            LAT/LON1/LON2/DLON/H
  180  196  185  178  170  185  205  227  256  282  313  341  368  389  402  414
  414  422  416  423  420  415  412  411  420  443  471  504  525  561  585  626
  643  667  660  651  624  605  591  592  592  585  573  554  530  506  475  440
  416  393  378  380  378  385  380  382  374  375  369  379  380  387  387  388
  381  364  340  315  294  283  269  226  180                                   
    20.0-180.0 180.0   5.0 450.0                            LAT/LON1/LON2/DLON/H
  191  216  199  179  175  177  192  221  260  283  318  349  382  407  428  444
  450  461  461  474  473  472  467  474  480  504  525  553  577  608  637  670
  690  699  695  675  651  632  624  634  634  630  612  590  555  524  481  450
  421  401  390  389  398  398  406  401  404  394  405  403  413  408  411  411
  414  399  381  350  315  288  289  231  191                                   
    17.5-180.0 180.0   5.0 450.0                            LAT/LON1/LON2/DLON/H
  196  224  202  180  167  172  195  222  255  284  315  353  387  417  448  467
  479  494  500  516  520  521  520  532  534  564  575  604  620  654  678  707
  721  722  715  695  678  665  663  666  666  652  645  614  584  538  498  460
  427  411  398  406  404  414  412  419  416  415  417  419  420  419  420  425
  430  426  409  373  328  295  295  237  196                                   
    15.0-180.0 180.0   5.0 450.0                            LAT/LON1/LON2/DLON/H
  201  219  202  170  164  165  189  223  265  291  323  361  396  428  461  491
  510  532  541  561  563  572  568  577  587  607  622  646  663  686  710  722
  735  730  725  711  697  693  694  704  707  701  683  649  607  557  513  467
  443  419  413  406  411  408  415  406  408  402  403  402  401  400  404  405
  410  404  389  355  329  298  298  241  201                                   
    12.5-180.0 180.0   5.0 450.0                            LAT/LON1/LON2/DLON/H
  198  209  194  167  161  166  191  226  272  300  329  366  404  433  471  502
  530  558  572  593  599  606  613  628  639  657  667  686  703  713  729  730
  734  730  726  720  716  720  730  739  750  739  720  673  633  574  525  480
  453  436  423  417  411  413  407  405  400  396  393  390  387  389  384  385
  381  377  358  339  321  294  285  227  198                                   
    10.0-180.0 180.0   5.0 450.0                            LAT/LON1/LON2/DLON/H
  193  202  185  161  157  162  191  234  285  317  351  377  417  444  484  513
  545  576  602  621  631  635  645  661  683  699  711  724  736  737  739  736
  731  728  722  726  731  744  757  761  768  758  733  681  643  581  546  491
  481  453  448  427  424  411  405  392  388  384  374  372  363  362  347  339
  336  319  316  293  292  280  265  212  193                                   
     7.5-180.0 180.0   5.0 450.0                            LAT/LON1/LON2/DLON/H
  187  197  182  164  159  164  202  252  297  333  363  391  427  453  495  522
  552  583  608  631  648  654  675  694  719  734  751  759  774  762  762  744
