data/unet/pred2490.15i
     1.0            IONOSPHERE MAPS     GNSS                IONEX VERSION / TYPE
pyspatialgeodesy        IME             05-JAN-18 20:20     PGM / RUN BY / DATE 
Map Name                                                    COMMENT             
Predicted global ionosphere maps (GIM).                     DESCRIPTION         
  2015     9     6     0     0     0                        EPOCH OF FIRST MAP  
  2015     9     7     0     0     0                        EPOCH OF LAST MAP   
  7200                                                      INTERVAL            
    13                                                      # OF MAPS IN FILE   
  NONE                                                      MAPPING FUNCTION    
10.0                                                        ELEVATION CUTOFF    
One-way carrier phase leveled to code                       OBSERVABLES USED    
  6371.0                                                    BASE RADIUS         
 2                                                          MAP DIMENSION       
   450.0 450.0   0.0                                        HGT1 / HGT2 / DHGT  
    87.5 -87.5  -2.5                                        LAT1 / LAT2 / DLAT  
  -180.0 180.0   5.0                                        LON1 / LON2 / DLON  
    -1                                                      EXPONENT            
                                                            END OF HEADER       
[from data line 2574]
     7                                                      START OF TEC MAP    
  2015     9     6    12     0     0                        EPOCH OF CURRENT MAP
    87.5-180.0 180.0   5.0 450.0                            LAT/LON1/LON2/DLON/H
  108  117  117  118  118  118  119  119  120  120  121  121  123  123  124  124
  125  124  125  124  124  124  123  123  122  122  121  121  120  119  117  118
  116  116  114  115  113  114  111  113  111  113  111  113  111  112  110  111
  111  111  110  110  110  110  109  110  110  110  110  111  110  111  110  111
  111  112  112  113  112  112  121  107  108                                   
    85.0-180.0 180.0   5.0 450.0                            LAT/LON1/LON2/DLON/H
  105  110  111  105  109  107  112  110  113  112  114  114  117  116  119  119
  121  120  123  122  124  122  123  122  123  121  121  120  120  118  118  117
  117  115  115  113  114  112  112  110  110  109  110  107  109  106  108  104
  107  102  105  100  104   98  102   97  102   97  101   97  101   97  101   97
  102   98  103   99  103  103  111  113  105                                   
    82.5-180.0 180.0   5.0 450.0                            LAT/LON1/LON2/DLON/H
   96   99  101   98  100   99  103  102  106  104  108  107  111  110  114  113
  117  116  119  118  121  119  121  119  121  119  121  119  120  118  119  118
  118  116  116  115  114  113  111  111  109  109  108  107  106  105  104  102
  100   98   97   94   94   91   91   88   88   85   86   83   84   81   83   81
   83   81   85   82   86   85   91   92   96                                   
    80.0-180.0 180.0   5.0 450.0                            LAT/LON1/LON2/DLON/H
   83   87   90   91   92   93   95   97   97   99   99  101  101  103  103  106
  107  109  110  112  112  114  114  115  115  115  115  114  114  114  114  114
  114  113  113  113  113  112  111  110  110  109  109  107  108  105  106  102
  102   98   98   94   94   90   90   87   86   82   82   79   79   76   77   74
   76   74   77   74   76   75   74   83   83                                   
    77.5-180.0 180.0   5.0 450.0                            LAT/LON1/LON2/DLON/H
   73   77   77   79   79   83   83   85   85   86   85   87   87   87   89   91
   93   95   97  100  101  104  105  108  107  110  108  110  107  109  107  110
  108  110  109  112  109  111  108  110  107  108  107  108  106  107  105  105
  102  102   99   98   95   93   91   89   85   82   80   77   74   72   71   69
   69   67   68   66   67   66   67   69   73                                   
    75.0-180.0 180.0   5.0 450.0                            LAT/LON1/LON2/DLON/H
   64   65   68   69   70   72   74   74   74   74   73   74   74   75   76   79
   80   85   87   93   94   99  100  104  103  106  105  106  104  105  104  105
  105  107  108  110  109  112  111  111  109  111  110  111  109  111  109  109
  106  107  104  103   99   99   95   93   88   86   82   79   75   73   69   67
   65   65   64   64   63   63   62   65   64                                   
    72.5-180.0 180.0   5.0 450.0                            LAT/LON1/LON2/DLON/H
   57   59   60   61   62   63   64   65   64   63   62   62   61   62   63   66
   68   73   77   84   87   94   95  100   99  103  100  104  100  103  101  103
  103  106  108  110  111  113  113  114  113  115  115  115  114  115  114  113
  111  111  109  108  106  104  101   99   94   91   87   82   78   74   71   68
   65   64   62   60   59   57   59   58   57                                   
    70.0-180.0 180.0   5.0 450.0                            LAT/LON1/LON2/DLON/H
   54   51   55   54   54   55   57   56   56   54   54   53   53   52   55   57
   62   66   73   80   86   93   95   99  100  102  101  103  100  102  100  102
  102  106  106  111  112  115  116  117  117  119  119  119  119  119  118  117
  115  115  113  112  110  109  106  103  100   97   93   88   85   80   76   72
   69   65   65   61   60   59   57   58   54                                   
    67.5-180.0 180.0   5.0 450.0                            LAT/LON1/LON2/DLON/H
   51   50   49   48   49   49   51   50   50   49   49   47   47   47   50   53
   58   64   70   78   83   91   93   98   97  100   98  102   98  101   98  101
  101  105  107  110  113  116  117  119  119  122  123  123  122  122  121  119
  118  117  115  114  112  111  109  107  103  101   98   94   90   85   82   76
   73   68   67   62   60   56   57   54   51                                   
    65.0-180.0 180.0   5.0 450.0                            LAT/LON1/LON2/DLON/H
   50   46   48   45   45   45   47   45   47   44   45   44   45   44   49   51
   57   61   68   77   83   90   92   96   96   99   97  100   97   99   97  100
  100  105  106  111  112  117  117  121  121  125  125  125  123  122  121  119
  117  116  114  114  112  112  110  108  106  104  102   98   96   91   88   82
   79   73   71   64   63   59   58   58   50                                   
    62.5-180.0 180.0   5.0 450.0                            LAT/LON1/LON2/DLON/H
   50   48   45   42   41   40   42   41   43   40   42   41   43   43   47   50
   56   61   66   74   78   86   87   92   91   95   92   96   94   97   95   99
   99  103  104  108  111  114  117  120  122  125  126  126  123  122  120  119
  117  116  114  114  112  112  110  109  107  107  106  104  101   97   93   87
   84   78   76   69   67   60   62   57   50                                   
    60.0-180.0 180.0   5.0 450.0                            LAT/LON1/LON2/DLON/H
   51   48   46   42   39   38   39   37   38   36   37   38   41   41   46   50
   55   58   65   71   76   82   84   88   88   91   89   93   92   95   94   98
   98  103  102  109  109  115  116  123  124  129  128  129  125  125  122  120
  118  118  116  116  114  114  112  112  110  111  110  108  107  102   99   92
   88   82   80   73   71   65   63   61   51                                   
    57.5-180.0 180.0   5.0 450.0                            LAT/LON1/LON2/DLON/H
   55   54   48   43   40   37   36   34   34   31   33   33   38   39   44   48
   53   57   62   68   71   76   77   83   82   87   85   90   90   94   93   98
   98  103  103  107  110  114  118  124  129  132  133  134  130  130  126  127
  123  124  121  122  119  120  117  118  115  117  116  116  114  110  106   99
   93   87   84   78   76   69   68   62   55                                   
    55.0-180.0 180.0   5.0 450.0                            LAT/LON1/LON2/DLON/H
   60   57   53   47   43   40   37   32   30   26   28   29   33   36   41   45
   50   54   59   64   66   72   73   80   80   85   84   90   90   95   95  101
  101  107  105  113  112  121  123  133  134  141  139  141  136  136  134  133
  132  131  129  128  126  128  124  124  122  124  123  122  122  118  113  106
   99   94   89   83   80   76   71   68   60                                   
    52.5-180.0 180.0   5.0 450.0                            LAT/LON1/LON2/DLON/H
   68   67   61   55   51   45   42   34   31   26   26   27   31   33   39   43
   48   52   57   62   65   69   71   77   79   85   85   91   92   97   98  105
  106  112  113  118  121  127  132  140  143  147  147  147  143  144  142  144
  142  143  141  140  138  137  133  132  129  130  129  129  128  126  121  114
  106  100   95   88   86   80   78   73   68                                   
    50.0-180.0 180.0   5.0 450.0                            LAT/LON1/LON2/DLON/H
   76   75   70   65   61   57   52   41   36   29   28   27   30   32   37   41
   46   50   56   62   65   69   73   80   83   89   90   97   97  103  105  112
  114  122  123  132  132  142  144  154  153  159  156  159  154  155  155  155
  156  155  154  152  148  147  142  139  136  135  136  135  137  133  129  122
  115  109  103   95   92   88   83   82   76                                   
    47.5-180.0 180.0   5.0 450.0                            LAT/LON1/LON2/DLON/H
   82   85   79   76   74   67   64   53   46   38   34   32   32   34   36   41
   46   51   57   64   68   74   77   84   88   95   97  103  103  110  112  120
  124  133  137  145  149  155  159  164  166  168  168  167  165  165  165  167
  168  167  165  162  156  154  148  145  140  139  139  140  140  139  135  129
  121  114  107  100   98   91   90   88   82                                   
    45.0-180.0 180.0   5.0 450.0                            LAT/LON1/LON2/DLON/H
   87   89   86   85   84   81   78   68   61   52   47   42   41   39   40   42
   48   53   62   68   76   80   86   92   98  105  107  113  113  118  121  130
  135  145  151  161  165  173  174  181  181  185  182  184  179  181  180  181
  180  177  172  166  160  157  150  146  141  140  141  141  143  141  139  133
  127  121  112  104  100   96   92   97   87                                   
    42.5-180.0 180.0   5.0 450.0                            LAT/LON1/LON2/DLON/H
   86   93   90   91   93   90   88   81   76   67   61   55   50   47   44   47
   51   58   66   75   81   87   92  100  105  113  115  121  121  125  128  138
  145  157  166  175  182  186  191  194  197  198  200  196  195  192  193  190
  190  183  177  169  162  158  152  147  144  143  142  144  144  144  141  137
  130  123  115  105  101   94   94  100   86                                   
    40.0-180.0 180.0   5.0 450.0                            LAT/LON1/LON2/DLON/H
   88   93   92   93   96   97   97   91   90   83   79   70   65   58   55   53
   58   63   74   82   92   98  103  108  114  122  125  131  130  134  136  147
  155  168  179  190  198  206  210  215  218  222  219  217  214  211  211  208
  202  195  183  173  163  159  152  150  147  146  146  146  145  143  140  137
  130  125  116  107   99   95   93  105   88                                   
    37.5-180.0 180.0   5.0 450.0                            LAT/LON1/LON2/DLON/H
   86   93   90   94   96   98   98   97   95   94   89   85   75   69   61   61
   62   69   78   90   98  106  109  115  119  127  131  135  135  139  143  154
  164  178  191  203  215  223  233  236  244  243  242  236  235  231  230  224
  219  209  196  181  172  166  160  159  157  157  156  155  152  150  146  141
  134  126  118  107  100   93   94  104   86                                   
    35.0-180.0 180.0   5.0 450.0                            LAT/LON1/LON2/DLON/H
   87   91   87   88   92   95   98   97  101   98   99   91   86   76   70   66
   68   74   86   97  107  114  118  121  126  133  137  142  141  147  148  163
  172  190  204  221  234  249  256  264  267  270  264  264  258  258  254  250
  241  232  215  202  186  180  173  173  171  172  168  166  159  155  148  143
  135  130  119  110  101   95   94  105   87                                   
    32.5-180.0 180.0   5.0 450.0                            LAT/LON1/LON2/DLON/H
   88   91   82   89   87   91   90   93   93   97   96   97   89   84   74   73
   70   79   88  103  112  119  120  125  126  134  138  143  145  149  155  168
  181  198  218  237  258  271  281  288  292  294  292  290  286  286  280  277
  268  257  242  226  215  205  202  198  199  198  195  188  180  170  160  151
  141  132  123  112  103   95   97  101   88                                   
    30.0-180.0 180.0   5.0 450.0                            LAT/LON1/LON2/DLON/H
   94   96   85   85   85   86   87   88   91   92   96   93   93   85   83   76
   78   82   94  108  119  124  126  128  130  136  141  148  150  158  163  181
  195  216  241  266  283  297  304  314  317  322  318  320  316  318  312  311
  300  294  277  266  255  247  239  237  235  233  227  216  203  186  172  160
  148  141  130  121  110  105  102  104   94                                   
    27.5-180.0 180.0   5.0 450.0                            LAT/LON1/LON2/DLON/H
  104  102   87   90   85   85   83   83   82   87   87   93   89   89   81   80
   76   84   94  110  121  128  127  129  128  135  141  148  155  164  175  192
  210  235  265  290  305  320  327  334  338  342  341  341  340  342  339  340
  333  329  318  310  300  294  286  281  277  271  262  249  230  208  191  174
  161  150  140  130  121  112  109  103  104                                   
    25.0-180.0 180.0   5.0 450.0                            LAT/LON1/LON2/DLON/H
  117  113   98   94   92   88   88   83   83   82   84   85   90   86   88   80
   83   86   98  113  127  132  132  132  131  139  144  154  162  174  187  208
  231  258  288  309  322  335  343  349  356  358  360  360  359  364  361  369
  364  370  362  361  353  350  338  335  323  313  295  274  251  223  203  184
  171  159  148  138  130  126  122  113  117                                   
    22.5-180.0 180.0   5.0 450.0                            LAT/LON1/LON2/DLON/H
  137  123  111  111  104  100   98   91   85   83   81   84   86   89   85   84
   80   86   95  113  125  133  132  132  130  138  144  156  168  184  201  227
  249  276  302  319  331  343  351  359  367  371  373  373  373  378  380  391
  393  405  404  407  403  396  385  373  362  343  325  295  270  239  219  196
  184  168  158  144  141  132  135  118  137                                   
    20.0-180.0 180.0   5.0 450.0                            LAT/LON1/LON2/DLON/H
  148  146  128  127  123  118  113  102   93   85   82   79   85   85   87   83
   86   86  100  112  129  136  136  137  136  144  150  162  177  195  216  241
  267  291  313  328  338  347  359  364  376  378  384  383  384  391  393  409
  415  434  436  443  436  428  414  402  385  366  342  315  283  252  231  209
  194  177  165  154  148  146  148  129  148                                   
    17.5-180.0 180.0   5.0 450.0                            LAT/LON1/LON2/DLON/H
  159  156  148  149  141  139  131  118  105   92   86   81   83   85   86   85
   84   88   97  112  127  134  137  138  138  146  152  170  187  209  231  258
  281  304  323  336  343  355  363  376  384  392  395  398  399  404  411  425
  436  453  462  467  460  450  434  418  399  376  354  326  299  268  250  226
  213  189  179  164  160  154  162  134  159                                   
    15.0-180.0 180.0   5.0 450.0                            LAT/LON1/LON2/DLON/H
  163  171  162  163  156  155  144  132  113   99   87   81   82   82   85   83
   84   86   97  110  126  134  139  141  143  152  162  177  199  221  245  270
  294  317  331  347  352  364  373  385  395  401  407  411  414  422  428  444
  454  473  475  480  469  458  439  424  404  386  361  338  307  282  256  238
  220  202  187  178  169  168  171  148  163                                   
    12.5-180.0 180.0   5.0 450.0                            LAT/LON1/LON2/DLON/H
  174  172  167  168  161  159  149  137  121  104   89   81   79   79   82   81
   85   88  100  112  126  133  137  141  145  156  169  190  210  235  259  284
  305  326  346  362  368  383  388  405  407  419  419  426  428  436  443  455
  465  477  480  478  466  454  435  423  405  387  364  339  316  289  270  248
  235  212  202  187  184  176  183  153  174                                   
    10.0-180.0 180.0   5.0 450.0                            LAT/LON1/LON2/DLON/H
  183  176  170  168  162  159  149  139  123  108   90   81   76   76   78   80
   83   88  100  112  124  128  135  143  150  162  179  200  222  246  271  295
  314  339  357  377  386  400  407  419  424  430  431  437  438  449  455  466
  470  479  474  471  455  443  427  418  404  389  363  344  319  300  274  258
  240  223  211  204  193  192  189  166  183                                   
     7.5-180.0 180.0   5.0 450.0                            LAT/LON1/LON2/DLON/H
  188  176  168  161  153  149  141  130  121  106   93   81   75   74   78   77
   86   92  109  120  131  135  139  146  156  172  190  213  235  257  282  300
