data/unet/pred1460.15i
     1.0            IONOSPHERE MAPS     GNSS                IONEX VERSION / TYPE
pyspatialgeodesy        IME             05-JAN-18 20:20     PGM / RUN BY / DATE 
Map Name                                                    COMMENT             
Predicted global ionosphere maps (GIM).                     DESCRIPTION         
  2015     5    26     0     0     0                        EPOCH OF FIRST MAP  
  2015     5    27     0     0     0                        EPOCH OF LAST MAP   
  7200                                                      INTERVAL            
    13                                                      # OF MAPS IN FILE   
  NONE                                                      MAPPING FUNCTION    
10.0                                                        ELEVATION CUTOFF    
One-way carrier phase leveled to code                       OBSERVABLES USED    
  6371.0                                                    BASE RADIUS         
 2                                                          MAP DIMENSION       
   450.0 450.0   0.0                                        HGT1 / HGT2 / DHGT  
    87.5 -87.5  -2.5                                        LAT1 / LAT2 / DLAT  
  -180.0 180.0   5.0                                        LON1 / LON2 / DLON  
    -1                                                      EXPONENT            
                                                            END OF HEADER       
     1                                                      START OF TEC MAP    
  2015     5    26     0     0     0                        EPOCH OF CURRENT MAP
    87.5-180.0 180.0   5.0 450.0                            LAT/LON1/LON2/DLON/H
  200  179  177  177  177  174  175  175  177  177  178  177  179  178  179  178
  179  178  177  175  175  172  170  167  166  163  161  157  157  154  152  149
  149  147  147  144  146  144  145  144  146  146  147  147  150  150  152  152
  154  155  156  156  158  158  160  159  162  162  163  163  165  165  167  166
  169  169  171  172  177  175  173  193  200                                   
    85.0-180.0 180.0   5.0 450.0                            LAT/LON1/LON2/DLON/H
  180  186  190  191  191  188  190  189  192  191  192  192  194  193  194  193
  194  192  191  189  188  185  182  178  177  173  170  166  165  161  159  155
  155  151  151  148  150  148  150  148  151  151  153  153  156  156  159  159
  162  162  164  163  166  165  167  166  169  168  170  169  172  172  174  173
  177  177  180  180  186  182  180  173  180                                   
    82.5-180.0 180.0   5.0 450.0                            LAT/LON1/LON2/DLON/H
  184  193  195  198  197  196  197  197  199  198  199  198  200  199  200  198
  199  197  195  192  191  187  184  179  176  171  168  163  161  156  154  150
  150  146  147  144  146  144  146  145  149  148  152  152  156  157  160  160
  164  163  166  165  168  167  169  167  170  168  171  169  173  172  174  173
  178  178  182  183  189  186  182  177  184                                   
    80.0-180.0 180.0   5.0 450.0                            LAT/LON1/LON2/DLON/H
  186  195  198  201  200  201  201  202  202  202  202  203  202  203  202  203
  201  201  197  196  192  190  185  182  177  174  167  164  160  156  152  149
  148  145  145  144  145  145  147  148  151  152  155  157  160  161  164  166
  168  169  170  171  172  173  172  173  173  173  173  173  174  175  175  176
  178  181  184  187  191  191  186  182  186                                   
    77.5-180.0 180.0   5.0 450.0                            LAT/LON1/LON2/DLON/H
  188  195  197  199  199  199  200  200  200  198  199  198  199  199  199  199
  199  199  197  195  193  189  186  181  177  171  166  160  156  151  147  144
  142  141  141  141  143  144  147  149  152  154  157  160  163  166  168  170
  173  174  176  177  177  178  177  178  177  176  175  175  175  175  174  175
  176  178  181  183  188  188  186  181  188                                   
    75.0-180.0 180.0   5.0 450.0                            LAT/LON1/LON2/DLON/H
  187  193  196  196  195  193  195  193  194  192  193  192  193  192  193  193
  194  194  192  191  189  187  183  179  174  169  163  157  152  147  143  139
  138  136  139  139  143  144  149  150  156  156  162  162  167  167  172  173
  177  177  180  180  181  180  181  179  179  177  176  173  173  171  171  170
  172  172  176  177  183  184  183  179  187                                   
    72.5-180.0 180.0   5.0 450.0                            LAT/LON1/LON2/DLON/H
  187  191  192  191  189  186  187  186  187  186  187  186  186  184  185  184
  184  183  183  183  182  180  178  174  170  164  159  153  147  142  138  135
  133  133  136  138  142  145  150  153  157  158  162  163  166  168  171  173
  176  177  179  179  180  180  179  178  177  175  173  170  169  167  166  164
  165  165  169  171  177  179  180  177  187                                   
    70.0-180.0 180.0   5.0 450.0                            LAT/LON1/LON2/DLON/H
  182  187  188  186  183  179  181  180  181  181  182  181  182  179  178  176
  175  174  174  175  175  175  173  171  167  162  157  151  146  141  138  134
  133  133  137  139  144  146  151  152  156  156  159  159  162  163  167  169
  173  173  177  176  178  177  178  175  176  173  172  169  168  164  164  161
  163  161  166  166  174  175  177  174  182                                   
    67.5-180.0 180.0   5.0 450.0                            LAT/LON1/LON2/DLON/H
  183  187  186  183  177  174  175  175  177  178  180  180  180  177  174  171
  169  167  167  168  169  170  170  168  165  161  156  151  146  142  138  135
  134  134  137  139  142  144  148  149  151  150  152  151  154  155  160  163
  167  169  171  172  173  173  174  174  174  172  171  169  167  164  162  160
  160  160  163  165  172  174  176  173  183                                   
    65.0-180.0 180.0   5.0 450.0                            LAT/LON1/LON2/DLON/H
  184  188  187  181  176  171  172  171  175  175  179  179  180  177  174  170
  167  164  164  165  167  169  169  169  166  163  159  154  150  146  143  140
  139  138  140  139  141  141  144  142  143  141  142  141  144  145  150  153
  159  160  165  165  169  168  171  170  173  171  172  169  169  165  164  160
  162  160  164  165  173  175  178  174  184                                   
    62.5-180.0 180.0   5.0 450.0                            LAT/LON1/LON2/DLON/H
  192  194  191  185  177  172  171  171  173  175  178  180  181  179  175  171
  168  166  165  167  169  172  172  173  170  167  163  160  157  153  150  147
  144  141  140  137  137  136  137  134  135  131  133  131  134  136  142  146
  153  155  160  162  166  167  170  171  174  174  175  173  173  169  168  165
  165  165  167  170  177  180  183  178  192                                   
    60.0-180.0 180.0   5.0 450.0                            LAT/LON1/LON2/DLON/H
  198  202  200  192  184  177  175  173  175  176  180  181  183  181  179  175
  173  171  171  173  176  178  179  179  176  173  169  166  164  161  159  154
  150  144  140  136  133  130  129  126  126  123  123  123  126  128  134  139
  148  152  158  160  166  167  173  174  179  179  182  179  180  175  175  171
  173  171  175  176  183  185  190  185  198                                   
    57.5-180.0 180.0   5.0 450.0                            LAT/LON1/LON2/DLON/H
  213  214  212  204  195  188  183  180  180  180  182  183  185  185  182  181
  179  179  179  181  184  187  186  186  183  180  175  173  172  170  166  161
  154  145  138  131  127  124  123  120  120  117  118  118  121  124  132  138
  147  153  160  164  171  174  180  183  187  188  189  187  186  182  181  179
  179  179  182  184  190  194  198  191  213                                   
    55.0-180.0 180.0   5.0 450.0                            LAT/LON1/LON2/DLON/H
  223  226  227  221  212  204  199  193  190  187  187  185  188  187  187  186
  187  187  189  190  194  195  196  194  191  186  183  180  179  176  172  164
  156  145  136  128  124  120  119  117  117  116  116  116  120  123  131  138
  148  155  164  168  177  181  189  191  197  197  199  195  194  188  187  185
  187  187  191  191  198  200  205  198  223                                   
    52.5-180.0 180.0   5.0 450.0                            LAT/LON1/LON2/DLON/H
  239  239  242  238  231  224  218  210  204  198  193  190  189  190  189  192
  193  196  197  200  203  205  204  202  198  194  189  187  184  181  174  166
  154  143  132  124  120  118  119  118  119  119  120  120  124  127  134  141
  152  159  169  176  186  192  200  204  208  206  206  201  197  192  190  188
  192  193  196  198  204  207  210  205  239                                   
    50.0-180.0 180.0   5.0 450.0                            LAT/LON1/LON2/DLON/H
  249  249  259  258  254  250  244  236  226  215  205  198  195  194  195  198
  201  204  207  209  212  213  212  209  204  199  194  190  187  180  173  162
  151  138  129  122  120  120  121  122  124  125  126  126  129  131  137  143
  153  161  172  180  193  200  210  213  218  214  213  205  201  193  193  191
  197  199  204  205  210  211  215  212  249                                   
    47.5-180.0 180.0   5.0 450.0                            LAT/LON1/LON2/DLON/H
  261  262  272  276  275  275  271  264  252  238  222  210  203  202  201  205
  207  212  214  218  220  220  218  213  207  202  196  191  184  179  168  158
  144  133  126  122  122  123  126  127  131  131  133  133  135  136  141  146
  156  163  175  186  199  209  219  223  227  222  218  208  202  195  194  195
  201  205  209  211  216  217  220  219  261                                   
    45.0-180.0 180.0   5.0 450.0                            LAT/LON1/LON2/DLON/H
  270  274  285  292  294  298  298  294  283  268  248  231  220  215  212  214
  216  220  223  226  228  227  224  217  210  203  197  189  183  173  164  150
  140  129  125  123  125  128  131  133  137  139  141  141  142  142  144  148
  156  163  175  187  203  215  226  230  233  228  223  212  206  197  198  199
  207  212  216  219  222  224  227  229  270                                   
    42.5-180.0 180.0   5.0 450.0                            LAT/LON1/LON2/DLON/H
  282  285  296  303  308  314  318  318  310  296  275  256  242  233  226  225
  226  230  233  236  238  235  230  220  211  204  196  189  180  172  159  149
  137  130  128  129  132  135  138  140  144  145  148  147  148  146  149  150
  157  163  176  189  206  218  231  236  239  233  227  217  211  205  205  208
  216  222  227  229  233  235  239  241  282                                   
    40.0-180.0 180.0   5.0 450.0                            LAT/LON1/LON2/DLON/H
  296  300  309  315  321  330  338  342  339  327  307  288  270  259  247  244
  241  245  246  250  250  246  237  226  216  207  200  191  183  171  161  147
  140  133  134  135  140  143  146  148  151  153  155  156  156  154  154  154
  159  164  175  189  207  221  234  241  245  241  236  227  223  217  219  221
  230  236  242  246  248  253  258  262  296                                   
    37.5-180.0 180.0   5.0 450.0                            LAT/LON1/LON2/DLON/H
  315  317  326  329  335  345  355  361  360  352  335  316  298  283  271  263
  259  260  262  264  264  257  247  233  222  213  205  199  188  180  165  156
  146  143  142  145  149  152  154  156  159  161  163  163  164  161  161  158
  162  165  176  188  206  220  234  242  248  246  244  237  235  232  232  236
  244  251  256  261  265  273  279  281  315                                   
    35.0-180.0 180.0   5.0 450.0                            LAT/LON1/LON2/DLON/H
  336  342  348  350  355  363  373  380  381  376  362  346  327  311  294  284
  276  277  277  280  278  270  258  243  232  221  217  208  201  188  178  165
  159  153  152  153  156  159  160  163  166  169  172  173  173  170  167  162
  162  163  173  183  201  215  230  239  248  248  250  245  247  245  246  249
  257  264  270  278  283  294  303  310  336                                   
    32.5-180.0 180.0   5.0 450.0                            LAT/LON1/LON2/DLON/H
  365  372  377  378  382  389  396  403  404  401  387  373  354  336  316  303
  294  292  294  295  293  284  271  256  243  234  228  221  212  203  190  181
  171  165  161  160  160  161  163  167  172  176  179  180  179  175  171  165
  163  162  169  177  193  208  224  235  244  246  250  248  253  251  253  255
  263  269  278  287  297  311  323  332  365                                   
    30.0-180.0 180.0   5.0 450.0                            LAT/LON1/LON2/DLON/H
  395  403  407  409  415  421  426  430  431  429  417  403  383  364  341  325
  314  312  310  312  308  299  285  269  259  248  243  235  227  215  204  191
  181  173  166  163  160  162  163  171  176  182  184  184  182  177  172  164
  161  157  161  166  180  194  212  224  236  241  248  249  257  255  258  261
  268  275  286  298  311  327  345  358  395                                   
    27.5-180.0 180.0   5.0 450.0                            LAT/LON1/LON2/DLON/H
  424  429  438  444  452  460  464  465  463  460  450  437  416  394  369  352
  340  334  332  329  325  315  300  284  272  262  255  246  236  224  210  197
  185  175  166  160  157  158  162  170  177  182  185  184  180  174  167  159
  154  151  153  157  168  181  198  213  227  236  244  249  258  258  263  264
  273  279  293  304  321  338  359  376  424                                   
    25.0-180.0 180.0   5.0 450.0                            LAT/LON1/LON2/DLON/H
  444  452  464  476  492  503  508  507  502  496  485  472  452  429  400  383
  367  360  351  348  340  329  314  297  285  273  265  253  242  225  211  196
  183  172  162  156  152  155  159  169  175  182  182  180  175  168  160  151
  145  142  142  145  155  168  185  201  220  232  244  253  262  266  270  274
  282  289  302  313  331  347  376  394  444                                   
    22.5-180.0 180.0   5.0 450.0                            LAT/LON1/LON2/DLON/H
  456  466  486  505  526  544  552  550  543  534  521  506  488  466  440  419
  402  389  378  368  358  344  327  307  293  278  266  251  237  220  204  189
  175  164  153  146  144  147  154  163  170  174  175  171  165  157  147  139
  134  125  126  127  140  155  174  191  212  226  243  253  265  269  278  282
  293  298  313  321  340  358  386  403  456                                   
    20.0-180.0 180.0   5.0 450.0                            LAT/LON1/LON2/DLON/H
  455  469  496  520  554  578  592  589  583  570  558  541  525  502  479  461
  443  428  409  393  378  359  340  319  302  280  262  242  226  208  194  178
  165  152  143  138  137  142  149  158  163  166  163  160  151  143  133  124
  118  110  111  114  127  143  166  184  207  223  242  254  269  275  287  294
  306  311  323  330  345  360  392  409  455                                   
    17.5-180.0 180.0   5.0 450.0                            LAT/LON1/LON2/DLON/H
  446  465  496  523  559  591  610  612  605  593  580  567  555  538  519  500
  485  466  444  421  400  378  353  328  304  275  249  225  207  193  178  165
  151  140  132  129  131  137  144  150  155  155  151  145  138  128  118  106
  101   93   97  101  117  137  162  182  203  221  241  256  273  285  299  308
  320  327  337  345  355  370  395  409  446                                   
    15.0-180.0 180.0   5.0 450.0                            LAT/LON1/LON2/DLON/H
  435  456  485  513  555  589  616  619  617  603  596  582  578  564  554  538
  525  503  477  448  420  391  363  333  302  265  234  205  189  176  165  152
  141  132  128  126  131  137  144  148  149  147  140  134  126  116  106   95
   90   85   88   94  112  133  160  180  201  219  241  259  282  300  315  326
  339  347  360  363  371  380  404  413  435                                   
    12.5-180.0 180.0   5.0 450.0                            LAT/LON1/LON2/DLON/H
  429  447  472  497  531  566  593  604  604  598  591  587  584  580  573  565
  552  531  502  471  436  402  369  332  292  250  212  185  170  160  149  141
  133  129  127  128  132  139  145  147  144  138  131  125  116  106   96   84
   80   75   80   87  107  129  155  177  197  217  240  262  291  314  332  349
  363  377  389  395  398  406  416  423  429                                   
    10.0-180.0 180.0   5.0 450.0                            LAT/LON1/LON2/DLON/H
  429  442  458  475  506  532  561  571  580  575  578  574  582  578  582  575
  570  546  518  483  445  404  365  323  277  228  193  165  154  146  142  137
  134  131  132  133  138  144  148  147  141  132  126  119  112  101   92   80
   76   71   75   83  103  125  150  171  193  212  238  264  299  325  346  366
  381  395  407  415  420  425  436  435  429                                   
     7.5-180.0 180.0   5.0 450.0                            LAT/LON1/LON2/DLON/H
  440  447  457  463  478  500  517  531  540  544  548  554  561  568  572  573
  566  549  520  486  445  401  355  305  255  208  173  151  142  139  138  137
