data/unet/pred1000.15i
     1.0            IONOSPHERE MAPS     GNSS                IONEX VERSION / TYPE
pyspatialgeodesy        IME             05-JAN-18 20:20     PGM / RUN BY / DATE 
Map Name                                                    COMMENT             
Predicted global ionosphere maps (GIM).                     DESCRIPTION         
  2015     4    10     0     0     0                        EPOCH OF FIRST MAP  
  2015     4    11     0     0     0                        EPOCH OF LAST MAP   
  7200                                                      INTERVAL            
    13                                                      # OF MAPS IN FILE   
  NONE                                                      MAPPING FUNCTION    
10.0                                                        ELEVATION CUTOFF    
One-way carrier phase leveled to code                       OBSERVABLES USED    
  6371.0                                                    BASE RADIUS         
 2                                                          MAP DIMENSION       
   450.0 450.0   0.0                                        HGT1 / HGT2 / DHGT  
    87.5 -87.5  -2.5                                        LAT1 / LAT2 / DLAT  
  -180.0 180.0   5.0                                        LON1 / LON2 / DLON  
    -1                                                      EXPONENT            
                                                            END OF HEADER       
[from data line 4719]
    12                                                      START OF TEC MAP    
  2015     4    10    22     0     0                        EPOCH OF CURRENT MAP
    87.5-180.0 180.0   5.0 450.0                            LAT/LON1/LON2/DLON/H
  200  181  174  178  179  178  180  178  181  180  182  181  183  181  183  182
  183  181  182  180  181  179  179  177  177  175  175  172  172  170  170  167
  168  165  165  163  164  162  162  160  162  160  161  160  161  160  161  160
  162  161  163  163  165  164  166  166  168  168  170  169  171  170  171  170
  172  171  172  171  171  171  173  184  200                                   
    85.0-180.0 180.0   5.0 450.0                            LAT/LON1/LON2/DLON/H
  169  171  174  180  180  181  182  184  185  187  188  190  191  192  192  194
  193  193  191  192  189  188  185  184  180  179  175  174  169  168  164  163
  160  160  157  157  155  155  154  155  155  156  157  158  159  160  161  162
  164  164  166  166  167  168  169  170  171  171  173  173  174  174  174  174
  174  173  173  173  172  173  169  177  169                                   
    82.5-180.0 180.0   5.0 450.0                            LAT/LON1/LON2/DLON/H
  153  159  163  170  170  174  175  180  182  187  189  194  195  199  199  202
  200  202  199  199  194  193  188  186  181  178  172  169  164  160  156  153
  150  147  146  144  144  142  144  143  146  145  149  150  153  153  156  157
  159  159  161  162  163  164  165  167  166  168  168  169  168  169  167  168
  166  166  164  164  161  163  159  164  153                                   
    80.0-180.0 180.0   5.0 450.0                            LAT/LON1/LON2/DLON/H
  144  150  152  157  160  164  169  175  180  185  191  196  201  203  207  208
  209  206  206  202  199  193  190  183  179  172  167  159  155  148  145  140
  137  133  131  129  129  127  129  128  131  131  134  135  139  139  142  143
  145  146  147  148  149  151  152  154  155  156  157  158  158  158  158  157
  156  154  153  150  149  151  147  147  144                                   
    77.5-180.0 180.0   5.0 450.0                            LAT/LON1/LON2/DLON/H
  135  143  144  149  154  159  167  173  182  189  198  205  212  216  219  221
  220  218  214  210  204  199  193  187  180  173  165  158  151  145  140  135
  131  128  125  123  122  120  122  121  123  123  127  127  131  131  134  134
  136  135  137  136  138  137  140  140  143  144  147  147  149  149  150  148
  148  146  145  141  140  139  140  136  135                                   
    75.0-180.0 180.0   5.0 450.0                            LAT/LON1/LON2/DLON/H
  133  142  142  148  152  159  166  176  185  195  205  215  222  229  231  233
  230  227  222  216  210  203  197  189  183  173  167  158  153  144  139  133
  130  126  124  121  119  118  117  117  116  117  118  120  121  122  122  122
  122  121  120  119  119  119  120  122  125  128  131  134  137  139  139  140
  139  138  137  135  134  136  138  137  133                                   
    72.5-180.0 180.0   5.0 450.0                            LAT/LON1/LON2/DLON/H
  139  149  149  155  160  166  175  183  195  204  217  226  234  240  242  241
  238  233  228  222  215  208  200  194  186  178  170  163  155  149  142  138
  133  130  126  123  120  118  117  114  115  114  116  114  116  114  115  112
  112  108  107  103  104  102  104  104  109  112  118  122  128  131  134  136
  138  138  138  137  137  138  142  142  139                                   
    70.0-180.0 180.0   5.0 450.0                            LAT/LON1/LON2/DLON/H
  152  161  163  167  171  178  184  194  204  216  226  236  243  249  249  248
  243  238  232  226  219  212  206  199  191  182  174  166  160  153  148  143
  139  134  130  126  122  120  116  114  112  110  110  108  109  107  106  103
  102   97   94   89   89   87   88   91   96  101  108  114  121  127  131  135
  137  140  141  142  143  146  151  155  152                                   
    67.5-180.0 180.0   5.0 450.0                            LAT/LON1/LON2/DLON/H
  170  177  178  183  187  191  198  203  214  221  233  240  249  251  253  249
  245  238  234  227  222  215  209  202  195  186  178  171  164  158  153  148
  143  138  133  128  123  119  115  111  109  106  104  102  102  100   99   95
   94   88   85   80   79   77   79   80   87   93  102  109  118  125  132  137
  142  146  149  152  156  158  160  168  170                                   
    65.0-180.0 180.0   5.0 450.0                            LAT/LON1/LON2/DLON/H
  184  192  195  200  201  205  209  214  221  228  237  246  253  258  258  256
  250  245  237  233  227  221  215  209  201  192  183  174  168  161  157  151
  147  140  134  128  121  117  111  108  104  103  100   98   97   95   94   91
   89   83   80   74   73   71   73   77   83   91  100  109  118  126  134  140
  146  151  155  159  164  169  171  182  184                                   
    62.5-180.0 180.0   5.0 450.0                            LAT/LON1/LON2/DLON/H
  197  203  207  212  213  214  217  217  224  227  238  243  254  256  259  255
  252  245  241  233  231  225  222  215  207  197  189  179  173  167  162  156
  150  142  134  126  119  112  107  103  100   97   95   92   92   89   89   85
   85   79   76   71   70   69   72   76   84   92  103  110  121  129  137  143
  149  154  159  165  171  178  177  192  197                                   
    60.0-180.0 180.0   5.0 450.0                            LAT/LON1/LON2/DLON/H
  204  210  216  222  223  224  222  224  226  231  236  245  254  259  260  260
  255  252  245  243  239  236  231  226  218  209  199  189  182  175  170  164
  157  145  136  126  118  111  106  105  102  100   97   96   94   92   90   89
   86   82   78   75   73   74   76   82   89   97  106  115  125  133  140  147
  153  159  163  170  176  183  185  200  204                                   
    57.5-180.0 180.0   5.0 450.0                            LAT/LON1/LON2/DLON/H
  209  215  221  228  230  229  230  227  231  231  239  242  254  255  262  259
  259  253  251  247  248  244  242  236  230  220  213  204  197  189  184  176
  167  153  141  128  119  112  109  106  106  104  102   97   97   93   93   89
   89   84   83   79   79   79   83   87   96  102  113  120  131  137  145  150
  157  162  168  174  181  187  186  205  209                                   
    55.0-180.0 180.0   5.0 450.0                            LAT/LON1/LON2/DLON/H
  212  221  230  239  243  244  243  242  241  240  242  247  254  258  261  263
  261  258  253  254  252  253  249  248  239  234  226  220  213  206  199  189
  177  162  147  133  122  117  114  115  115  115  112  109  105  103   99   98
   95   94   91   89   88   90   92   97  102  110  117  126  134  143  149  156
  161  168  174  181  187  194  196  215  212                                   
    52.5-180.0 180.0   5.0 450.0                            LAT/LON1/LON2/DLON/H
  220  229  239  249  257  259  263  260  260  254  256  253  261  261  267  265
  266  260  259  255  257  256  257  255  251  246  242  236  233  224  217  202
  189  171  156  141  131  126  124  125  127  127  124  118  115  110  108  104
  104  101  100   97   99   99  103  105  111  115  124  130  141  148  157  163
  172  179  186  194  200  205  204  225  220                                   
    50.0-180.0 180.0   5.0 450.0                            LAT/LON1/LON2/DLON/H
  231  241  251  266  276  284  286  289  284  279  272  271  269  271  270  272
  268  265  260  261  260  263  261  265  260  261  255  254  247  240  228  213
  195  178  161  149  139  138  137  141  143  144  140  136  129  125  121  120
  117  115  113  111  110  111  112  114  117  122  128  137  147  156  164  173
  183  192  201  210  216  221  223  241  231                                   
    47.5-180.0 180.0   5.0 450.0                            LAT/LON1/LON2/DLON/H
  248  257  267  281  294  303  312  313  313  305  298  290  288  284  284  279
  277  271  269  267  269  269  271  273  272  273  271  267  260  249  235  218
  200  183  168  158  150  149  149  153  156  155  153  147  142  137  134  131
  130  126  124  121  122  121  122  122  125  128  136  144  156  165  177  186
  199  210  220  230  237  243  241  259  248                                   
    45.0-180.0 180.0   5.0 450.0                            LAT/LON1/LON2/DLON/H
  267  276  286  300  311  323  331  339  338  333  321  316  306  304  296  294
  286  283  279  281  280  284  284  287  285  286  280  276  265  251  233  214
  197  181  168  162  155  158  156  162  163  165  162  160  156  152  149  146
  145  140  138  134  132  131  129  129  129  132  139  149  162  175  188  198
  211  224  237  249  258  263  270  285  267                                   
    42.5-180.0 180.0   5.0 450.0                            LAT/LON1/LON2/DLON/H
  290  297  306  319  329  337  349  357  362  356  348  339  332  325  319  312
  305  299  297  297  299  300  302  300  298  296  290  282  267  249  228  211
  195  184  175  171  165  167  165  170  171  173  171  170  167  164  161  159
  157  152  148  143  140  138  136  133  134  135  144  155  170  184  198  208
  223  237  254  267  278  287  291  308  290                                   
    40.0-180.0 180.0   5.0 450.0                            LAT/LON1/LON2/DLON/H
  312  319  328  338  344  355  363  374  377  377  368  363  353  348  336  331
  321  320  316  321  320  323  321  318  311  306  296  284  264  242  222  205
  193  186  180  178  173  175  172  178  176  180  177  180  177  176  172  172
  167  164  158  153  148  145  142  139  137  139  147  159  176  191  205  216
  232  246  263  278  292  303  312  327  312                                   
    37.5-180.0 180.0   5.0 450.0                            LAT/LON1/LON2/DLON/H
  337  341  351  359  362  368  374  384  389  392  388  384  379  373  363  355
  347  343  343  345  346  347  344  336  328  320  307  291  266  240  217  203
  193  190  188  190  185  189  187  190  188  191  191  193  191  189  186  183
  179  173  166  160  154  150  146  141  140  140  149  159  179  194  210  220
  237  251  270  286  302  319  326  344  337                                   
    35.0-180.0 180.0   5.0 450.0                            LAT/LON1/LON2/DLON/H
  358  364  374  380  382  388  390  400  405  411  407  407  402  400  389  384
  373  373  370  374  374  373  366  356  347  337  322  303  277  248  227  211
  208  205  208  205  203  202  202  203  204  203  205  205  205  203  199  195
  188  181  172  166  160  157  152  149  146  147  154  166  185  201  218  230
  246  259  278  293  310  329  341  357  358                                   
    32.5-180.0 180.0   5.0 450.0                            LAT/LON1/LON2/DLON/H
  381  385  392  399  402  406  408  418  424  432  428  431  427  427  419  412
  405  402  401  401  400  396  389  379  369  359  343  323  296  271  251  239
  237  236  239  236  230  227  223  225  223  226  226  226  222  218  211  206
  195  185  173  166  160  156  154  150  149  149  161  174  196  209  228  238
  255  268  289  301  314  336  348  370  381                                   
    30.0-180.0 180.0   5.0 450.0                            LAT/LON1/LON2/DLON/H
  398  403  409  417  423  428  429  441  447  457  454  458  455  454  445  440
  432  430  427  424  421  415  408  398  390  379  367  344  326  301  295  284
  288  284  284  280  272  269  261  259  255  257  260  260  254  241  229  215
  201  189  176  169  158  156  146  147  139  147  152  174  196  223  243  259
  277  293  311  319  328  344  360  382  398                                   
    27.5-180.0 180.0   5.0 450.0                            LAT/LON1/LON2/DLON/H
  418  421  426  437  446  455  461  472  481  490  490  492  488  485  474  466
  459  455  450  444  436  429  423  414  408  400  390  376  362  349  345  344
  345  343  335  331  320  322  311  313  303  308  304  301  290  272  255  240
  223  208  196  187  177  173  163  158  149  149  156  173  205  231  259  279
  305  322  338  345  349  366  377  402  418                                   
    25.0-180.0 180.0   5.0 450.0                            LAT/LON1/LON2/DLON/H
  440  441  449  459  477  491  501  517  526  537  536  536  528  520  506  494
  485  477  471  458  450  440  435  426  423  416  416  406  402  393  397  396
  398  385  373  363  348  353  348  356  349  352  341  337  319  297  274  254
  235  222  209  201  189  183  171  165  156  157  159  179  203  241  270  300
  321  344  357  371  383  397  413  431  440                                   
    22.5-180.0 180.0   5.0 450.0                            LAT/LON1/LON2/DLON/H
  470  475  480  499  520  539  556  573  590  603  600  596  582  569  548  533
  516  508  494  480  464  456  450  445  442  440  440  439  439  439  437  437
  427  414  387  371  350  360  359  376  369  376  362  358  336  316  290  270
  251  236  223  213  201  193  180  174  164  164  169  181  215  247  284  317
  344  369  384  401  411  430  442  464  470                                   
    20.0-180.0 180.0   5.0 450.0                            LAT/LON1/LON2/DLON/H
  495  499  511  532  560  583  603  632  653  671  667  664  645  631  606  588
  564  547  525  503  484  469  469  462  462  457  460  460  460  453  450  443
  428  403  374  354  340  350  352  371  367  374  363  361  343  324  301  281
  262  249  235  226  211  200  187  177  169  167  172  187  215  253  287  325
  354  383  402  421  434  447  464  488  495                                   
    17.5-180.0 180.0   5.0 450.0                            LAT/LON1/LON2/DLON/H
  517  535  549  578  601  626  651  683  714  736  743  738  718  700  672  655
  624  603  573  548  518  504  498  495  489  481  475  467  453  441  427  413
  394  372  345  330  321  332  337  354  353  359  351  351  337  324  305  284
  270  254  243  231  216  202  188  180  170  173  177  192  221  252  289  326
  355  389  408  435  447  468  482  509  517                                   
    15.0-180.0 180.0   5.0 450.0                            LAT/LON1/LON2/DLON/H
  537  560  576  605  630  654  679  716  757  795  809  814  792  778  746  729
  694  668  629  598  565  544  536  526  516  498  482  453  429  402  380  358
  343  322  307  303  304  316  322  335  330  334  325  327  319  315  300  284
  267  253  238  227  208  196  180  176  166  176  179  194  215  249  283  324
  353  384  406  434  453  475  497  521  537                                   
    12.5-180.0 180.0   5.0 450.0                            LAT/LON1/LON2/DLON/H
  548  576  597  628  646  667  694  734  784  825  853  861  854  837  812  786
  750  717  682  652  619  598  580  567  544  510  474  431  392  356  327  305
  289  282  280  287  298  309  316  321  313  309  304  305  306  304  295  276
  261  245  230  217  199  187  173  171  165  171  174  189  209  246  279  322
  345  376  393  426  443  473  497  528  548                                   
    10.0-180.0 180.0   5.0 450.0                            LAT/LON1/LON2/DLON/H
  561  595  614  640  659  673  702  741  797  843  873  889  884  875  852  834
  799  768  730  700  667  645  626  602  568  518  467  410  366  324  297  273
  263  263  273  288  305  320  320  321  307  297  284  290  288  291  278  264
  246  232  215  202  185  173  157  155  154  158  166  178  203  238  277  315
  342  370  391  420  441  472  503  532  561                                   
     7.5-180.0 180.0   5.0 450.0                            LAT/LON1/LON2/DLON/H
  569  609  629  657  663  679  700  740  791  838  866  884  887  883  874  858
  833  799  766  733  704  679  658  629  582  523  459  399  354  314  289  272
