data/unet/pred0730.15i
     1.0            IONOSPHERE MAPS     GNSS                IONEX VERSION / TYPE
pyspatialgeodesy        IME             05-JAN-18 20:20     PGM / RUN BY / DATE 
Map Name                                                    COMMENT             
Predicted global ionosphere maps (GIM).                     DESCRIPTION         
  2015     3    14     0     0     0                        EPOCH OF FIRST MAP  
  2015     3    15     0     0     0                        EPOCH OF LAST MAP   
  7200                                                      INTERVAL            
    13                                                      # OF MAPS IN FILE   
  NONE                                                      MAPPING FUNCTION    
10.0                                                        ELEVATION CUTOFF    
One-way carrier phase leveled to code                       OBSERVABLES USED    
  6371.0                                                    BASE RADIUS         
 2                                                          MAP DIMENSION       
   450.0 450.0   0.0                                        HGT1 / HGT2 / DHGT  
    87.5 -87.5  -2.5                                        LAT1 / LAT2 / DLAT  
  -180.0 180.0   5.0                                        LON1 / LON2 / DLON  
    -1                                                      EXPONENT            
                                                            END OF HEADER       
[from data line 1287]
     4                                                      START OF TEC MAP    
  2015     3    14     6     0     0                        EPOCH OF CURRENT MAP
    87.5-180.0 180.0   5.0 450.0                            LAT/LON1/LON2/DLON/H
  108  136  136  135  137  135  138  138  142  141  146  146  148  148  150  150
  151  151  152  151  152  151  151  150  151  150  150  149  150  148  149  147
  148  146  147  145  148  145  148  146  149  147  150  148  151  148  150  148
  150  148  150  148  150  149  151  150  152  152  153  154  155  155  155  155
  154  152  152  150  153  148  155  127  108                                   
    85.0-180.0 180.0   5.0 450.0                            LAT/LON1/LON2/DLON/H
  125  135  125  132  130  128  129  130  130  133  133  136  136  140  140  143
  142  145  145  147  145  145  144  144  142  142  140  140  139  139  138  138
  137  138  137  138  138  140  141  142  144  145  147  147  150  149  152  151
  153  152  155  154  156  154  157  155  157  156  157  156  156  155  155  153
  153  151  150  148  147  138  153  139  125                                   
    82.5-180.0 180.0   5.0 450.0                            LAT/LON1/LON2/DLON/H
  120  124  121  120  120  118  120  122  125  127  131  133  138  140  144  146
  148  149  150  151  149  149  147  146  142  141  138  137  134  134  132  132
  131  132  132  134  136  137  141  143  148  149  153  155  160  160  164  165
  168  168  171  171  173  171  174  171  173  169  171  169  170  168  168  164
  163  159  157  152  150  141  147  130  120                                   
    80.0-180.0 180.0   5.0 450.0                            LAT/LON1/LON2/DLON/H
  126  127  115  113  104  105  102  105  104  109  111  115  118  124  127  132
  135  138  139  140  139  137  135  131  127  124  121  118  116  114  113  113
  113  116  117  120  123  128  132  136  141  145  150  155  160  163  168  172
  177  180  187  188  193  193  198  198  200  200  201  200  200  196  194  190
  186  181  176  171  165  156  152  141  126                                   
    77.5-180.0 180.0   5.0 450.0                            LAT/LON1/LON2/DLON/H
  134  129  116  108  102   99   97   96   97   98  103  107  112  116  120  124
  126  129  127  129  125  125  118  115  108  105  100   97   94   93   93   94
   96  100  104  109  114  120  125  131  138  145  150  158  162  170  175  182
  187  195  201  209  212  218  222  226  228  231  232  234  233  233  229  225
  219  209  201  191  184  173  167  147  134                                   
    75.0-180.0 180.0   5.0 450.0                            LAT/LON1/LON2/DLON/H
  148  140  123  112   99   97   91   90   87   90   91   97   99  104  106  111
  111  115  113  114  111  110  103  101   92   89   83   80   76   77   76   78
   80   85   89   96  102  110  115  123  129  137  145  154  160  169  177  186
  192  201  208  216  223  230  238  243  249  252  256  257  257  254  252  248
  245  238  232  221  211  198  191  173  148                                   
    72.5-180.0 180.0   5.0 450.0                            LAT/LON1/LON2/DLON/H
  166  157  136  118  106   98   93   87   87   85   89   89   94   93   97   97
   98   99  100   99   99   97   94   89   85   80   78   72   73   69   72   72
   76   79   86   93  101  108  116  123  130  138  148  157  164  174  183  192
  199  208  216  226  233  241  249  256  261  265  269  271  273  270  268  264
  261  256  255  247  239  225  210  190  166                                   
    70.0-180.0 180.0   5.0 450.0                            LAT/LON1/LON2/DLON/H
  187  174  148  128  107  100   91   87   84   83   85   85   89   87   89   89
   89   89   90   90   90   89   87   83   79   74   72   69   67   66   67   69
   71   76   79   87   94  102  110  119  127  137  148  159  169  179  190  198
  205  216  225  234  241  249  256  263  269  272  274  274  275  272  269  265
  262  260  259  254  248  241  232  212  187                                   
    67.5-180.0 180.0   5.0 450.0                            LAT/LON1/LON2/DLON/H
  203  190  162  138  118  105   99   91   90   88   89   87   88   84   84   79
   79   76   78   79   82   83   83   82   80   77   76   73   73   70   72   71
   74   76   82   87   96  103  113  121  131  141  153  166  175  185  194  205
  213  223  231  240  246  252  259  266  270  273  272  271  271  267  264  260
  258  256  258  253  250  245  237  222  203                                   
    65.0-180.0 180.0   5.0 450.0                            LAT/LON1/LON2/DLON/H
  209  196  167  144  119  107   97   93   90   89   89   88   87   82   81   76
   75   72   74   76   78   81   82   83   81   80   78   77   75   74   71   72
   70   73   73   79   86   95  105  116  129  143  158  171  183  194  205  216
  224  232  239  246  252  258  264  270  273  273  270  266  264  259  254  249
  246  244  245  243  241  241  242  227  209                                   
    62.5-180.0 180.0   5.0 450.0                            LAT/LON1/LON2/DLON/H
  212  198  170  145  123  109   99   94   93   91   92   90   88   82   80   73
   73   67   70   70   76   76   81   81   83   83   82   82   78   76   72   69
   68   66   69   74   82   91  102  116  130  147  162  176  187  201  213  225
  233  241  248  255  260  266  272  275  278  275  272  267  264  257  252  244
  240  236  238  234  234  233  233  223  212                                   
    60.0-180.0 180.0   5.0 450.0                            LAT/LON1/LON2/DLON/H
  208  195  168  145  121  107   95   90   87   87   87   86   84   80   78   73
   74   69   71   72   76   79   81   83   84   85   84   85   80   79   72   69
   63   61   61   67   76   85   98  114  131  148  167  181  197  212  227  238
  246  255  261  269  273  279  282  285  284  283  276  271  268  261  254  245
  239  231  230  225  224  224  227  220  208                                   
    57.5-180.0 180.0   5.0 450.0                            LAT/LON1/LON2/DLON/H
  209  191  167  146  124  107   94   87   83   82   82   81   82   78   78   73
   74   68   71   68   74   73   78   77   81   81   83   83   81   78   70   63
   58   54   55   63   73   85  100  120  136  155  172  189  206  224  239  250
  260  267  276  282  287  289  292  293  295  292  290  286  285  277  270  259
  250  239  234  226  222  220  218  213  209                                   
    55.0-180.0 180.0   5.0 450.0                            LAT/LON1/LON2/DLON/H
  210  195  172  154  131  113   96   89   79   79   75   77   76   76   76   74
   75   72   73   72   76   75   76   76   77   79   80   83   79   77   67   62
   53   52   52   61   73   87  104  124  142  161  180  197  219  237  253  265
  276  287  295  302  305  309  310  314  313  316  311  312  311  307  297  284
  271  257  248  238  233  228  224  217  210                                   
    52.5-180.0 180.0   5.0 450.0                            LAT/LON1/LON2/DLON/H
  221  203  186  167  146  122  107   94   83   77   73   72   73   73   76   75
   77   73   74   70   75   71   74   71   74   75   79   81   81   76   68   58
   53   50   54   65   79   97  115  138  154  174  191  211  234  253  268  279
  291  301  313  318  325  326  331  331  336  335  336  334  338  335  330  319
  305  289  275  261  253  244  233  225  221                                   
    50.0-180.0 180.0   5.0 450.0                            LAT/LON1/LON2/DLON/H
  236  222  204  187  167  145  125  113   95   89   77   77   74   77   78   79
   80   77   78   77   80   77   76   75   76   78   81   84   84   80   69   63
   53   54   57   72   87  107  127  150  166  185  201  227  250  269  284  296
  310  321  331  339  343  347  349  353  355  356  353  356  360  361  354  347
  333  316  302  286  278  261  250  241  236                                   
    47.5-180.0 180.0   5.0 450.0                            LAT/LON1/LON2/DLON/H
  252  235  229  210  191  169  150  130  115  102   91   84   83   81   85   82
   85   80   82   79   85   82   84   80   83   84   89   90   91   85   77   65
   60   59   67   82   99  123  143  165  180  199  216  243  265  283  297  310
  323  333  345  351  359  359  363  362  365  363  363  364  369  370  366  363
  352  338  325  310  300  282  265  253  252                                   
    45.0-180.0 180.0   5.0 450.0                            LAT/LON1/LON2/DLON/H
  260  244  237  226  209  190  173  154  138  124  110  102   96   95   94   92
   91   87   89   90   96   95   97   94   96   96  101  100   99   91   81   70
   63   64   74   89  110  134  154  176  192  212  232  259  280  298  312  325
  339  349  360  368  371  374  374  375  373  371  365  366  368  368  363  361
  352  343  331  320  311  295  277  266  260                                   
    42.5-180.0 180.0   5.0 450.0                            LAT/LON1/LON2/DLON/H
  258  241  237  228  216  201  189  173  158  143  130  120  114  110  108  102
  100   95   98  101  109  110  113  111  111  112  113  112  107   98   87   76
   69   70   80   98  118  145  165  188  205  227  250  275  295  312  325  339
  351  362  373  380  384  386  386  383  380  374  367  363  362  360  355  354
  347  340  334  324  317  302  283  272  258                                   
    40.0-180.0 180.0   5.0 450.0                            LAT/LON1/LON2/DLON/H
  252  230  218  211  205  194  189  179  171  157  149  138  134  128  124  118
  114  111  112  117  126  129  132  129  129  128  127  124  118  105   94   81
   77   75   87  102  121  148  168  195  213  242  264  290  308  327  340  355
  366  378  389  400  403  407  402  400  393  388  376  368  365  358  350  346
  339  334  327  321  315  303  285  276  252                                   
    37.5-180.0 180.0   5.0 450.0                            LAT/LON1/LON2/DLON/H
  245  222  200  187  176  173  169  168  165  162  157  151  148  145  140  133
  130  125  129  133  143  147  149  146  144  141  136  131  121  108   94   82
   77   76   87  100  120  145  172  197  222  252  280  303  323  342  354  368
  378  391  402  415  421  426  425  422  416  410  400  393  387  376  365  358
  350  341  339  328  323  308  288  277  245                                   
    35.0-180.0 180.0   5.0 450.0                            LAT/LON1/LON2/DLON/H
  244  212  183  165  151  143  143  145  152  152  156  155  160  158  157  150
  148  144  147  152  160  162  163  159  156  153  146  140  127  113  100   88
   80   80   85   98  113  141  169  203  226  260  288  316  337  355  368  379
  389  402  417  436  448  458  459  462  456  454  447  442  437  425  413  401
  389  379  371  360  348  324  302  295  244                                   
    32.5-180.0 180.0   5.0 450.0                            LAT/LON1/LON2/DLON/H
  275  224  193  162  141  128  121  123  128  136  143  149  158  163  164  162
  160  160  162  166  170  171  169  166  161  157  150  142  133  119  109   96
   93   87   91   96  111  134  169  205  231  263  296  327  349  368  379  389
  400  415  434  458  475  492  498  507  509  510  506  508  505  498  490  479
  466  449  439  419  405  374  333  326  275                                   
    30.0-180.0 180.0   5.0 450.0                            LAT/LON1/LON2/DLON/H
  329  251  212  178  148  128  114  111  113  117  127  136  152  161  166  166
  168  168  171  171  175  171  171  169  167  166  158  150  139  129  112  102
   97   95  100  108  117  139  168  209  235  262  296  328  355  373  388  399
  413  433  462  492  522  541  559  571  584  591  596  603  610  611  606  601
  585  566  544  518  488  452  406  387  329                                   
    27.5-180.0 180.0   5.0 450.0                            LAT/LON1/LON2/DLON/H
  406  324  270  216  176  149  128  115  110  110  116  125  140  152  159  163
  167  169  172  170  169  165  165  167  170  173  168  160  143  121  111  101
  102   91   95   98  126  144  170  207  237  266  294  330  357  380  393  410
  427  458  497  539  577  607  631  647  662  679  687  702  715  723  728  725
  719  703  678  636  592  547  502  465  406                                   
    25.0-180.0 180.0   5.0 450.0                            LAT/LON1/LON2/DLON/H
  508  425  363  298  241  207  170  150  131  119  119  123  135  144  152  157
  164  165  167  162  160  156  161  169  177  182  180  167  141  130  126  115
  110   96   97   97  118  149  174  210  244  268  297  326  357  382  400  422
  450  493  545  596  636  662  687  706  731  749  770  794  815  828  835  832
  827  804  777  728  688  642  614  572  508                                   
    22.5-180.0 180.0   5.0 450.0                            LAT/LON1/LON2/DLON/H
  615  535  480  413  346  291  239  205  179  160  144  138  139  143  145  148
  154  157  158  152  150  152  163  179  195  204  207  176  159  145  148  130
  122  108  101   96  116  144  172  204  240  267  295  328  355  385  405  436
  471  519  583  640  680  709  733  757  780  811  830  865  882  901  911  912
  903  881  856  814  768  734  707  679  615                                   
    20.0-180.0 180.0   5.0 450.0                            LAT/LON1/LON2/DLON/H
  699  632  568  509  456  409  342  288  240  214  196  176  167  157  151  147
  149  149  150  146  147  153  171  192  213  233  223  201  180  170  161  143
  132  115  104  101  114  141  169  201  236  263  293  327  364  397  427  456
  498  553  619  667  705  729  757  775  807  834  869  896  925  934  949  950
  943  924  905  865  832  800  771  762  699                                   
    17.5-180.0 180.0   5.0 450.0                            LAT/LON1/LON2/DLON/H
  765  724  673  610  558  507  452  394  335  283  245  225  206  189  169  158
  151  149  151  150  156  169  195  222  251  257  245  220  202  177  164  147
  134  118  105  100  115  137  164  191  229  258  291  329  367  407  437  473
  518  575  641  687  714  741  754  778  797  832  857  893  911  926  935  943
  938  929  914  891  869  850  822  815  765                                   
    15.0-180.0 180.0   5.0 450.0                            LAT/LON1/LON2/DLON/H
  799  787  744  689  643  594  544  489  432  375  321  280  252  226  204  185
  173  163  160  164  168  188  216  255  288  286  267  236  207  181  164  146
  131  108   98   97  112  132  157  189  221  256  292  334  383  419  457  490
  537  591  645  681  707  718  732  745  763  791  812  844  863  871  883  887
  896  888  887  876  874  866  841  832  799                                   
    12.5-180.0 180.0   5.0 450.0                            LAT/LON1/LON2/DLON/H
  801  795  776  725  690  640  606  550  506  445  393  341  303  268  243  224
  207  194  183  188  201  222  256  298  312  304  275  233  199  172  157  141
  124  104   98   96  106  126  155  181  222  255  297  342  387  428  463  508
  546  594  637  671  680  694  692  703  712  740  764  793  809  819  824  839
  844  851  850  853  857  858  836  825  801                                   
    10.0-180.0 180.0   5.0 450.0                            LAT/LON1/LON2/DLON/H
  781  787  759  726  694  657  626  590  551  501  452  405  364  324  294  271
  245  230  215  222  231  258  293  319  327  308  277  232  193  172  144  133
  110  101   90   91  104  126  155  189  224  267  304  350  401  435  476  515
  556  587  618  645  654  658  657  661  667  699  723  746  762  768  781  787
  803  804  821  822  840  841  824  802  781                                   
     7.5-180.0 180.0   5.0 450.0                            LAT/LON1/LON2/DLON/H
  762  757  731  693  664  629  612  587  568  527  492  447  414  370  346  323
  292  265  248  247  257  279  298  316  313  301  265  225  182  163  136  124
