data/unet/pred3330.15i
     1.0            IONOSPHERE MAPS     GNSS                IONEX VERSION / TYPE
pyspatialgeodesy        IME             05-JAN-18 20:20     PGM / RUN BY / DATE 
Map Name                                                    COMMENT             
Predicted global ionosphere maps (GIM).                     DESCRIPTION         
  2015    11    29     0     0     0                        EPOCH OF FIRST MAP  
  2015    11    30     0     0     0                        EPOCH OF LAST MAP   
  7200                                                      INTERVAL            
    13                                                      # OF MAPS IN FILE   
  NONE                                                      MAPPING FUNCTION    
10.0                                                        ELEVATION CUTOFF    
One-way carrier phase leveled to code                       OBSERVABLES USED    
  6371.0                                                    BASE RADIUS         
 2                                                          MAP DIMENSION       
   450.0 450.0   0.0                                        HGT1 / HGT2 / DHGT  
    87.5 -87.5  -2.5                                        LAT1 / LAT2 / DLAT  
  -180.0 180.0   5.0                                        LON1 / LON2 / DLON  
    -1                                                      EXPONENT            
                                                            END OF HEADER       
[from data line 2574]
     7                                                      START OF TEC MAP    
  2015    11    29    12     0     0                        EPOCH OF CURRENT MAP
    87.5-180.0 180.0   5.0 450.0                            LAT/LON1/LON2/DLON/H
   74   78   73   74   70   72   69   71   68   71   68   71   67   70   64   67
   61   65   59   63   58   62   57   60   56   60   56   58   56   58   57   58
   58   59   59   60   59   61   60   63   60   63   61   64   60   64   60   64
   61   64   61   65   62   65   63   66   64   67   64   67   65   68   66   69
   67   70   68   71   70   71   77   76   74                                   
    85.0-180.0 180.0   5.0 450.0                            LAT/LON1/LON2/DLON/H
   79   81   73   71   70   71   71   70   71   71   71   71   71   73   71   72
   70   71   67   68   65   67   64   65   63   65   64   64   64   64   64   64
   64   64   65   64   65   65   65   65   65   65   64   64   64   64   64   64
   64   64   64   65   65   66   67   67   68   69   69   70   70   70   71   71
   71   71   71   70   71   70   76   77   79                                   
    82.5-180.0 180.0   5.0 450.0                            LAT/LON1/LON2/DLON/H
   77   71   60   62   59   60   58   60   58   60   59   60   59   60   58   61
   56   59   54   57   52   55   51   54   51   55   51   56   51   56   51   57
   51   57   52   58   52   58   52   58   51   56   50   55   48   53   48   53
   47   52   48   53   50   55   52   57   54   59   55   60   56   61   56   61
   56   61   56   59   56   57   53   57   77                                   
    80.0-180.0 180.0   5.0 450.0                            LAT/LON1/LON2/DLON/H
   63   56   50   49   51   51   52   53   53   53   53   52   50   50   48   48
   47   46   46   44   45   42   44   42   43   43   44   44   45   45   47   48
   49   50   51   52   52   52   53   52   51   49   49   46   45   42   43   41
   41   40   41   40   42   42   44   44   46   45   47   46   47   46   47   46
   45   46   45   46   47   44   42   44   63                                   
    77.5-180.0 180.0   5.0 450.0                            LAT/LON1/LON2/DLON/H
   55   48   38   39   38   40   39   42   40   41   40   39   38   36   36   35
   35   34   35   33   35   34   36   37   38   39   41   42   43   45   46   49
   48   54   52   58   54   60   54   59   51   55   47   49   40   42   36   38
   33   36   33   36   35   38   37   39   38   40   38   39   36   36   34   34
   31   33   31   33   33   34   32   31   55                                   
    75.0-180.0 180.0   5.0 450.0                            LAT/LON1/LON2/DLON/H
   49   38   35   33   34   34   35   34   36   33   35   30   31   30   30   30
   29   31   30   31   32   34   36   37   40   42   45   46   48   50   52   53
   56   60   63   67   66   70   67   67   62   61   56   52   46   43   39   37
   35   34   35   34   36   36   40   38   40   38   39   35   35   31   31   27
   26   25   26   26   29   27   32   26   49                                   
    72.5-180.0 180.0   5.0 450.0                            LAT/LON1/LON2/DLON/H
   47   42   33   33   32   34   32   33   31   31   29   28   26   26   26   26
   26   27   28   29   31   36   38   44   46   51   54   57   59   61   64   66
   70   75   78   84   84   88   84   84   76   75   66   62   56   51   47   43
   41   39   40   40   42   43   45   44   45   43   42   39   37   35   32   30
   28   28   26   26   28   28   30   23   47                                   
    70.0-180.0 180.0   5.0 450.0                            LAT/LON1/LON2/DLON/H
   48   38   36   34   36   35   37   34   35   31   32   27   28   26   26   27
   27   27   29   29   35   37   44   48   53   59   63   66   68   70   73   77
   82   87   94   99  102  104  101  100   93   89   81   74   67   60   55   49
   47   45   45   44   47   45   48   45   47   44   44   40   40   36   36   32
   32   31   32   30   34   32   36   31   48                                   
    67.5-180.0 180.0   5.0 450.0                            LAT/LON1/LON2/DLON/H
   53   45   38   35   37   35   36   35   34   33   32   30   30   28   30   27
   29   26   29   28   34   37   45   52   59   66   71   75   78   80   83   87
   94  100  107  113  116  118  114  112  104  100   91   84   77   69   63   56
   52   49   49   47   48   47   47   46   46   45   44   41   42   37   38   35
   36   35   37   35   40   36   39   34   53                                   
    65.0-180.0 180.0   5.0 450.0                            LAT/LON1/LON2/DLON/H
   57   42   39   35   37   36   39   35   37   34   36   34   34   33   31   30
   28   26   26   27   32   37   46   54   63   70   77   80   85   87   92   97
  104  111  119  125  127  130  125  124  114  110  101   94   85   78   69   64
   57   55   51   49   48   46   47   44   45   43   43   41   42   40   41   39
   40   42   44   42   45   43   45   44   57                                   
    62.5-180.0 180.0   5.0 450.0                            LAT/LON1/LON2/DLON/H
   59   46   36   32   35   33   36   36   37   36   38   37   38   35   36   31
   31   25   26   24   30   33   42   49   60   69   79   84   90   95  101  107
  115  120  127  131  133  134  131  128  120  115  106  100   92   84   76   70
   63   59   53   50   46   45   42   42   41   41   39   39   39   38   39   39
   40   42   44   43   48   43   48   47   59                                   
    60.0-180.0 180.0   5.0 450.0                            LAT/LON1/LON2/DLON/H
   56   40   34   28   31   31   33   33   35   36   37   37   37   36   33   31
   27   22   19   19   21   26   33   44   55   68   78   86   94  102  108  118
  124  132  134  141  140  143  136  137  125  124  112  110   98   94   81   77
   66   63   53   49   42   41   38   38   36   36   36   36   36   36   38   38
   41   43   46   46   48   46   48   49   56                                   
    57.5-180.0 180.0   5.0 450.0                            LAT/LON1/LON2/DLON/H
   53   40   30   24   27   24   28   28   31   32   35   36   37   36   35   32
   31   25   23   19   23   24   34   40   53   67   77   89   99  107  119  127
  136  140  145  148  148  147  142  140  132  128  123  116  109  101   91   83
   74   66   57   50   44   41   37   36   35   36   34   36   36   36   38   39
   40   43   44   45   48   44   49   48   53                                   
    55.0-180.0 180.0   5.0 450.0                            LAT/LON1/LON2/DLON/H
   54   39   31   25   26   26   27   28   30   32   32   35   33   35   32   32
   28   24   20   19   18   24   28   40   52   69   79   96  104  118  126  142
  146  156  156  162  157  157  147  147  135  138  128  128  117  113   99   93
   80   73   61   55   45   43   38   38   36   37   37   38   38   38   40   39
   41   42   45   46   48   46   49   47   54                                   
    52.5-180.0 180.0   5.0 450.0                            LAT/LON1/LON2/DLON/H
   56   45   34   30   28   27   28   28   29   31   33   34   35   34   34   33
   32   27   26   23   26   29   36   47   60   75   87  103  114  129  140  152
  160  166  169  170  168  164  160  154  150  147  145  139  136  125  117  104
   94   82   72   61   54   49   47   45   46   46   45   47   45   45   45   44
   44   45   46   47   50   47   53   51   56                                   
    50.0-180.0 180.0   5.0 450.0                            LAT/LON1/LON2/DLON/H
   65   53   45   40   38   38   36   35   34   36   34   38   33   36   33   35
   32   31   28   29   30   36   42   57   69   88   97  116  124  140  147  163
  169  178  177  181  175  175  168  168  160  162  156  156  148  143  131  119
  106   95   84   75   65   61   56   56   55   55   55   56   55   54   53   51
   52   50   52   54   56   55   58   54   65                                   
    47.5-180.0 180.0   5.0 450.0                            LAT/LON1/LON2/DLON/H
   75   70   61   57   53   50   47   45   42   42   42   41   41   38   39   38
   39   37   37   38   42   48   59   72   87  102  113  126  136  147  156  165
  173  177  180  180  182  180  180  177  175  172  171  168  165  156  148  133
  121  107   99   87   80   72   69   67   66   66   65   66   64   63   62   60
   58   57   58   59   63   60   67   68   75                                   
    45.0-180.0 180.0   5.0 450.0                            LAT/LON1/LON2/DLON/H
   85   80   75   71   69   66   61   56   54   52   49   50   45   45   43   45
   45   44   45   48   53   63   77   93  108  123  129  141  144  153  157  167
  171  178  182  187  189  191  190  190  186  185  182  181  176  171  159  146
  133  119  109   99   90   84   78   76   73   73   71   71   70   70   69   67
   67   64   66   66   69   70   74   75   85                                   
    42.5-180.0 180.0   5.0 450.0                            LAT/LON1/LON2/DLON/H
   88   90   83   84   80   77   72   68   65   62   62   59   58   53   53   51
   53   52   55   58   67   80   97  113  128  138  145  150  152  155  157  160
  165  169  178  183  191  194  197  194  193  189  190  186  184  175  166  152
  139  127  117  106   96   87   82   77   74   73   70   72   71   73   72   72
   71   69   69   70   73   71   76   84   88                                   
    40.0-180.0 180.0   5.0 450.0                            LAT/LON1/LON2/DLON/H
   88   89   86   88   87   84   81   75   75   72   71   70   66   62   59   58
   59   57   62   67   81   98  115  132  143  154  156  160  156  156  154  157
  160  169  179  192  199  208  209  210  204  202  197  196  190  184  173  161
  148  137  128  114  104   91   84   78   74   71   69   69   70   70   73   72
   73   69   70   70   72   71   76   81   88                                   
    37.5-180.0 180.0   5.0 450.0                            LAT/LON1/LON2/DLON/H
   82   85   80   87   84   85   81   79   78   77   79   76   76   69   68   63
   65   63   68   75   91  109  127  142  154  162  165  164  159  155  152  152
  160  171  186  199  213  221  224  220  217  208  205  198  196  187  179  164
  153  142  133  119  106   92   82   74   70   67   65   67   66   70   71   73
   72   70   68   69   68   65   69   79   82                                   
    35.0-180.0 180.0   5.0 450.0                            LAT/LON1/LON2/DLON/H
   73   73   73   74   80   78   78   75   78   79   82   82   80   75   72   68
   67   67   73   84  101  121  138  154  162  170  170  170  164  160  157  161
  170  187  205  225  236  246  244  243  233  226  216  212  206  201  189  178
  165  156  146  133  116  101   88   79   72   68   65   65   66   68   70   69
   70   66   64   62   62   59   64   67   73                                   
    32.5-180.0 180.0   5.0 450.0                            LAT/LON1/LON2/DLON/H
   63   60   56   65   65   69   68   71   72   76   80   82   84   78   77   70
   70   69   76   89  108  127  145  159  167  173  175  174  172  168  171  179
  195  217  242  258  273  274  277  266  258  244  237  227  224  215  209  195
  185  175  166  150  133  115  101   91   84   81   77   76   73   75   74   75
   72   69   64   62   57   55   53   60   63                                   
    30.0-180.0 180.0   5.0 450.0                            LAT/LON1/LON2/DLON/H
   56   49   47   47   54   54   58   59   66   69   75   78   80   78   75   71
   70   72   80   97  115  136  150  165  169  177  179  183  183  186  194  212
  236  266  289  309  317  317  311  303  288  278  265  262  253  247  237  228
  218  214  202  189  168  149  131  120  112  106  103   99   98   95   92   87
   82   74   70   60   58   53   54   46   56                                   
    27.5-180.0 180.0   5.0 450.0                            LAT/LON1/LON2/DLON/H
   56   44   37   40   40   43   45   52   55   64   68   73   77   74   76   71
   72   73   83  100  120  139  155  165  171  178  183  189  197  205  220  247
  280  311  342  352  362  350  347  331  324  311  304  295  286  277  269  262
  257  253  247  236  218  197  179  166  157  150  144  138  132  126  121  113
  104   92   83   73   65   60   56   51   56                                   
    25.0-180.0 180.0   5.0 450.0                            LAT/LON1/LON2/DLON/H
   58   44   34   28   29   31   37   41   50   56   63   66   70   70   69   68
   69   76   86  107  126  147  158  167  172  180  187  199  210  230  255  293
  330  366  391  400  400  388  380  370  360  354  343  340  330  326  315  311
  306  307  304  296  281  259  234  218  207  200  191  184  173  164  151  142
  129  118  105   90   82   77   73   53   58                                   
    22.5-180.0 180.0   5.0 450.0                            LAT/LON1/LON2/DLON/H
   61   54   38   29   22   22   28   35   41   53   57   64   66   67   69   67
   69   74   86  107  128  148  160  170  175  183  191  208  226  253  289  333
  375  404  428  426  427  408  405  394  393  387  383  380  377  372  363  361
  359  366  366  365  351  334  309  291  275  263  247  233  219  202  184  171
  157  144  133  118  105   98   91   72   61                                   
    20.0-180.0 180.0   5.0 450.0                            LAT/LON1/LON2/DLON/H
   71   64   49   36   27   24   26   31   38   43   52   58   63   63   64   64
   67   77   90  114  133  154  164  173  179  188  199  221  243  280  322  369
  407  436  450  449  439  428  422  420  418  419  415  418  413  412  404  406
  407  417  420  418  407  389  364  344  323  311  296  283  260  232  208  194
  177  165  154  142  131  129  117   92   71                                   
    17.5-180.0 180.0   5.0 450.0                            LAT/LON1/LON2/DLON/H
   80   88   71   55   42   32   31   31   35   41   48   55   61   65   66   65
   69   76   91  113  134  154  166  176  183  196  213  238  265  301  346  386
  422  440  451  446  439  429  429  430  437  441  443  445  444  442  438  441
  443  454  457  458  448  431  403  380  352  337  320  308  287  259  228  213
  196  184  174  158  151  147  134  112   80                                   
    15.0-180.0 180.0   5.0 450.0                            LAT/LON1/LON2/DLON/H
   96   99   85   71   55   46   42   41   41   42   46   50   58   61   62   65
   68   81   94  121  140  161  173  186  197  213  231  260  288  328  365  399
  427  442  444  442  429  428  427  438  445  458  462  469  467  468  463  468
  471  479  480  478  465  444  411  383  353  335  318  307  286  261  236  218
  203  192  182  171  158  158  147  129   96                                   
    12.5-180.0 180.0   5.0 450.0                            LAT/LON1/LON2/DLON/H
  103  112  100   85   73   60   54   49   47   44   47   50   60   64   70   70
   78   87  105  127  148  167  181  196  214  235  259  286  313  346  377  399
  419  425  430  423  421  420  428  441  458  470  479  485  485  482  479  480
  483  487  487  485  468  441  402  370  335  314  295  283  267  250  231  217
  205  197  187  174  159  152  146  129  103                                   
    10.0-180.0 180.0   5.0 450.0                            LAT/LON1/LON2/DLON/H
  107  105   97   88   77   68   60   55   53   49   49   51   58   64   70   75
   82   97  113  139  158  178  193  218  238  265  284  312  334  361  378  392
  404  413  417  417  417  426  432  452  465  483  488  497  495  492  487  488
  484  486  482  476  456  424  383  347  310  284  265  252  244  232  223  211
  204  195  186  169  152  147  142  131  107                                   
     7.5-180.0 180.0   5.0 450.0                            LAT/LON1/LON2/DLON/H
  108  110   99   87   80   71   65   62   59   54   51   51   59   66   76   84
   95  110  129  150  171  189  212  236  264  286  310  331  352  369  378  384
