data/unet/pred2530.15i
     1.0            IONOSPHERE MAPS     GNSS                IONEX VERSION / TYPE
pyspatialgeodesy        IME             05-JAN-18 20:20     PGM / RUN BY / DATE 
Map Name                                                    COMMENT             
Predicted global ionosphere maps (GIM).                     DESCRIPTION         
  2015     9    10     0     0     0                        EPOCH OF FIRST MAP  
  2015     9    11     0     0     0                        EPOCH OF LAST MAP   
  7200                                                      INTERVAL            
    13                                                      # OF MAPS IN FILE   
  NONE                                                      MAPPING FUNCTION    
10.0                                                        ELEVATION CUTOFF    
One-way carrier phase leveled to code                       OBSERVABLES USED    
  6371.0                                                    BASE RADIUS         
 2                                                          MAP DIMENSION       
   450.0 450.0   0.0                                        HGT1 / HGT2 / DHGT  
    87.5 -87.5  -2.5                                        LAT1 / LAT2 / DLAT  
  -180.0 180.0   5.0                                        LON1 / LON2 / DLON  
    -1                                                      EXPONENT            
                                                            END OF HEADER       
[from data line 3432]
     9                                                      START OF TEC MAP    
  2015     9    10    16     0     0                        EPOCH OF CURRENT MAP
    87.5-180.0 180.0   5.0 450.0                            LAT/LON1/LON2/DLON/H
  101  111  108  110  110  111  111  112  113  115  116  117  117  119  119  121
  121  122  122  122  122  122  121  121  120  119  119  118  118  117  117  117
  116  116  115  115  114  113  113  112  112  112  112  111  111  111  111  111
  111  111  111  111  111  110  111  110  111  109  110  108  109  108  108  107
  107  106  106  106  106  104  107  122  101                                   
    85.0-180.0 180.0   5.0 450.0                            LAT/LON1/LON2/DLON/H
   78   93   86   87   89   92   94   95   98  100  103  105  108  109  112  113
  116  116  119  118  120  118  119  116  116  113  112  109  108  106  105  102
  102   99   98   97   97   95   95   94   95   93   95   93   95   93   95   94
   95   94   94   94   94   93   92   92   91   91   89   89   87   87   85   85
   83   83   82   82   81   80   81   88   78                                   
    82.5-180.0 180.0   5.0 450.0                            LAT/LON1/LON2/DLON/H
   76   71   68   71   73   75   78   81   84   87   90   92   96   98  102  103
  107  109  112  112  114  114  114  113  111  110  107  105  102  101   98   97
   93   94   90   92   88   91   87   90   86   90   87   91   87   91   88   91
   89   92   88   91   87   89   85   85   82   82   79   78   75   74   72   71
   69   69   67   68   67   62   74   70   76                                   
    80.0-180.0 180.0   5.0 450.0                            LAT/LON1/LON2/DLON/H
   64   66   62   63   63   69   69   75   76   82   84   90   93   99  101  107
  108  114  115  119  119  121  120  121  116  116  110  110  104  103   97   97
   90   92   85   88   82   87   81   85   81   85   82   86   83   87   84   88
   86   90   87   89   86   88   84   85   81   82   77   77   72   73   67   68
   63   65   60   60   58   57   60   66   64                                   
    77.5-180.0 180.0   5.0 450.0                            LAT/LON1/LON2/DLON/H
   57   61   59   56   61   61   66   68   72   75   80   83   88   91   97  100
  106  107  113  113  118  116  120  116  116  111  110  104  102   96   94   88
   87   83   83   81   81   80   81   79   80   79   81   80   82   82   84   85
   86   86   88   87   88   86   86   83   82   79   78   75   73   70   69   67
   65   63   62   59   59   51   52   62   57                                   
    75.0-180.0 180.0   5.0 450.0                            LAT/LON1/LON2/DLON/H
   55   60   57   55   57   60   63   65   70   72   77   79   86   88   95   97
  103  107  112  114  117  121  121  120  118  115  112  106  103   98   95   90
   87   85   83   82   80   81   79   79   77   78   77   78   77   80   80   82
   82   85   86   86   85   85   83   81   79   78   76   74   72   70   70   67
   66   65   64   61   61   58   61   66   55                                   
    72.5-180.0 180.0   5.0 450.0                            LAT/LON1/LON2/DLON/H
   55   62   61   58   60   62   65   66   68   71   74   77   81   84   90   93
   99  103  109  111  117  119  123  120  121  116  116  109  107  100   98   92
   90   87   86   84   84   83   81   79   77   77   76   75   74   74   74   75
   76   78   79   79   79   79   78   76   75   73   72   71   70   69   69   68
   67   67   66   64   65   60   59   68   55                                   
    70.0-180.0 180.0   5.0 450.0                            LAT/LON1/LON2/DLON/H
   55   63   61   60   60   62   64   64   68   68   73   74   80   82   87   89
   93   98  102  106  111  116  119  120  120  116  115  106  105   97   96   89
   90   86   86   84   84   83   81   78   75   74   72   70   68   68   67   68
   68   70   71   72   72   72   71   71   69   68   67   66   66   66   66   66
   66   66   66   65   65   65   66   71   55                                   
    67.5-180.0 180.0   5.0 450.0                            LAT/LON1/LON2/DLON/H
   55   64   63   60   62   63   65   65   68   70   72   76   78   82   86   86
   89   93   98  101  107  113  119  118  121  117  116  111  107  102  100   95
   93   92   91   90   89   88   85   82   77   76   72   69   66   64   63   62
   61   63   63   65   64   64   63   63   62   61   61   61   61   62   63   64
   64   66   65   66   66   63   63   70   55                                   
    65.0-180.0 180.0   5.0 450.0                            LAT/LON1/LON2/DLON/H
   52   61   60   58   59   61   65   63   69   68   73   74   79   81   84   84
   87   89   94   97  104  110  117  115  120  115  116  107  108  101  101   94
   96   92   95   91   93   89   88   84   81   76   73   68   66   62   61   58
   59   57   58   56   57   55   55   53   53   53   54   54   55   56   57   57
   57   59   59   58   60   60   62   67   52                                   
    62.5-180.0 180.0   5.0 450.0                            LAT/LON1/LON2/DLON/H
   50   58   58   54   58   61   64   66   67   70   73   78   81   84   88   87
   89   91   96   97  105  110  119  116  121  117  116  111  110  107  105  102
  101  100  100   99   98   97   94   91   86   83   78   74   68   65   61   58
   56   55   54   52   51   49   48   47   47   48   49   50   50   52   52   53
   52   53   54   54   56   53   54   60   50                                   
    60.0-180.0 180.0   5.0 450.0                            LAT/LON1/LON2/DLON/H
   45   51   52   50   54   56   62   62   67   68   74   77   83   86   91   91
   93   94   98   99  108  112  120  118  122  119  117  112  112  108  110  104
  107  103  105  101  101   98   98   94   93   88   87   79   77   69   67   60
   60   55   55   49   49   44   44   42   43   42   44   45   46   46   46   45
   45   44   45   43   46   47   48   51   45                                   
    57.5-180.0 180.0   5.0 450.0                            LAT/LON1/LON2/DLON/H
   44   48   49   44   49   52   58   60   63   68   73   79   84   90   96   98
  100  101  104  105  112  116  123  122  124  123  118  116  113  114  114  112
  112  111  111  108  106  104  104  103  101  101   97   93   85   81   74   70
   64   60   56   51   47   43   41   40   40   41   43   44   43   44   42   42
   39   40   40   40   42   41   41   44   44                                   
    55.0-180.0 180.0   5.0 450.0                            LAT/LON1/LON2/DLON/H
   41   42   44   41   44   46   53   53   59   62   67   73   80   87   94   97
  102  105  109  108  115  117  123  121  123  121  118  116  115  115  117  114
  116  113  113  109  108  107  108  107  108  108  107  102   99   91   87   79
   76   68   64   56   52   45   43   41   42   42   43   43   43   42   41   38
   37   36   37   34   38   40   41   40   41                                   
    52.5-180.0 180.0   5.0 450.0                            LAT/LON1/LON2/DLON/H
   42   43   46   40   44   45   51   53   59   62   68   75   81   89   96  102
  105  110  111  113  117  119  122  121  121  121  117  117  116  118  119  120
  121  119  119  115  115  115  116  118  119  120  118  116  110  106  100   94
   88   81   74   66   59   53   49   48   48   49   49   50   47   45   43   40
   37   37   37   37   40   38   40   38   42                                   
    50.0-180.0 180.0   5.0 450.0                            LAT/LON1/LON2/DLON/H
   43   42   44   43   43   45   53   53   61   63   68   75   79   89   94  102
  105  111  111  113  116  119  121  119  120  118  115  115  115  118  119  120
  121  120  120  117  117  118  120  122  124  125  124  122  118  115  111  105
  100   92   85   77   70   63   60   57   57   57   57   56   54   51   49   46
   44   43   44   41   45   46   48   43   43                                   
    47.5-180.0 180.0   5.0 450.0                            LAT/LON1/LON2/DLON/H
   48   48   50   44   48   48   56   59   67   70   75   81   85   93   99  108
  110  115  113  116  115  119  117  118  115  117  112  115  113  118  118  122
  122  124  124  124  124  126  129  131  132  133  132  129  126  124  120  116
  110  104   96   88   83   77   73   72   71   71   69   68   63   60   57   54
   52   52   52   51   53   50   51   50   48                                   
    45.0-180.0 180.0   5.0 450.0                            LAT/LON1/LON2/DLON/H
   52   51   51   50   50   53   62   66   77   78   86   87   92   96  104  110
  114  116  117  116  118  118  120  120  119  118  116  117  115  119  119  123
  124  127  128  130  131  135  137  139  138  138  136  134  132  130  127  124
  119  115  107  101   95   91   88   87   87   86   84   81   77   73   70   66
   66   65   65   60   62   60   61   61   52                                   
    42.5-180.0 180.0   5.0 450.0                            LAT/LON1/LON2/DLON/H
   54   54   55   51   55   56   67   73   85   89   96   97  101  104  110  116
  118  121  120  120  119  120  120  122  120  121  118  120  118  121  122  126
  128  132  135  139  143  146  148  149  147  145  143  141  139  137  135  133
  128  124  117  112  108  103  101  100  100   98   94   92   86   84   79   79
   75   75   74   69   68   64   66   63   54                                   
    40.0-180.0 180.0   5.0 450.0                            LAT/LON1/LON2/DLON/H
   53   53   53   54   56   60   70   78   93   99  107  109  112  112  119  122
  125  125  126  125  125  125  125  126  127  127  125  125  123  124  124  128
  131  137  141  148  153  158  160  160  156  152  148  146  146  145  144  141
  137  133  126  122  117  115  112  113  112  111  107  105  100   99   95   95
   91   89   84   78   75   73   73   73   53                                   
    37.5-180.0 180.0   5.0 450.0                            LAT/LON1/LON2/DLON/H
   53   54   54   50   52   56   69   83  102  111  122  123  127  126  130  133
  134  133  132  130  130  130  130  132  132  134  131  132  129  130  130  135
  139  146  155  164  170  176  177  175  168  163  157  156  155  154  152  150
  145  140  133  128  124  121  119  119  119  117  114  111  106  105  102  100
   96   93   88   80   78   72   76   68   53                                   
    35.0-180.0 180.0   5.0 450.0                            LAT/LON1/LON2/DLON/H
   51   50   46   45   46   54   65   82  100  116  125  133  133  136  137  142
  141  142  138  138  136  138  138  140  140  143  142  143  139  141  140  146
  152  162  172  182  190  195  196  192  185  177  172  168  169  168  167  162
  156  149  141  133  128  124  122  122  122  121  118  117  115  116  112  113
  105  103   93   82   76   75   74   71   51                                   
    32.5-180.0 180.0   5.0 450.0                            LAT/LON1/LON2/DLON/H
   55   52   46   39   40   46   61   78  102  118  133  140  145  147  150  152
  153  149  149  145  147  146  149  149  149  151  152  154  151  153  154  164
  173  186  198  211  218  222  220  214  205  197  189  187  185  184  181  174
  164  156  146  137  130  124  122  120  121  119  118  118  117  118  118  117
  110  107   98   89   81   75   76   68   55                                   
    30.0-180.0 180.0   5.0 450.0                            LAT/LON1/LON2/DLON/H
   58   51   41   38   38   45   55   75   94  117  128  144  146  156  154  161
  156  156  152  153  153  154  156  158  157  160  161  166  165  170  173  188
  199  216  228  240  244  245  241  234  225  216  211  207  206  202  197  185
  174  162  150  141  132  129  123  123  122  123  121  121  123  125  124  126
  116  115  104   97   86   83   76   70   58                                   
    27.5-180.0 180.0   5.0 450.0                            LAT/LON1/LON2/DLON/H
   71   62   48   43   41   46   56   73   94  113  129  144  152  159  162  165
  163  160  159  157  162  161  165  165  166  169  172  179  182  190  199  217
  232  252  265  275  274  272  265  257  249  244  239  236  230  224  213  199
  184  171  157  147  139  133  129  126  128  125  126  126  129  128  131  132
  127  123  112  104   92   87   81   82   71                                   
    25.0-180.0 180.0   5.0 450.0                            LAT/LON1/LON2/DLON/H
   79   66   51   48   45   49   55   71   87  109  121  141  147  162  161  170
  163  166  160  164  166  170  173  175  176  182  186  196  202  217  229  251
  268  288  302  307  305  297  290  281  275  268  264  259  254  244  232  212
  196  179  166  152  146  141  138  136  134  132  131  132  135  137  135  140
  135  134  123  115  105   97   91   90   79                                   
    22.5-180.0 180.0   5.0 450.0                            LAT/LON1/LON2/DLON/H
   94   77   64   63   56   58   63   74   90  108  122  140  150  163  167  172
  171  169  168  168  176  176  182  183  188  194  200  214  226  241  259  281
  302  320  330  332  325  315  308  302  296  292  288  283  272  260  243  225
  207  192  177  166  156  152  150  147  146  140  139  138  143  143  146  148
  147  146  134  128  115  108   98  105   94                                   
    20.0-180.0 180.0   5.0 450.0                            LAT/LON1/LON2/DLON/H
  105   88   74   73   67   69   70   78   89  107  120  138  147  163  167  177
  175  178  174  179  183  188  195  199  205  212  220  236  248  267  286  308
  328  343  350  345  338  326  322  318  320  315  312  303  292  274  257  237
  224  208  196  181  173  167  161  159  156  151  148  148  149  152  153  159
  160  163  155  145  133  120  118  113  105                                   
    17.5-180.0 180.0   5.0 450.0                            LAT/LON1/LON2/DLON/H
  116   95   86   89   84   86   86   91  102  114  127  142  154  166  177  183
  189  190  192  193  201  202  211  214  221  228  239  254  272  288  310  328
  346  356  359  353  346  339  339  343  342  341  334  324  309  291  269  254
  238  229  217  204  193  188  179  175  170  163  157  153  154  155  159  164
  168  171  162  155  141  128  123  121  116                                   
    15.0-180.0 180.0   5.0 450.0                            LAT/LON1/LON2/DLON/H
  119  100   90   91   88   95   94  100  107  117  127  142  155  171  183  193
  199  204  206  207  212  215  224  229  239  248  262  276  294  310  330  343
  357  361  362  357  353  353  357  363  367  364  357  344  328  308  288  268
  256  245  236  224  210  204  197  190  184  176  167  162  160  160  162  167
  174  174  171  159  150  132  129  120  119                                   
    12.5-180.0 180.0   5.0 450.0                            LAT/LON1/LON2/DLON/H
  120   95   89   94   93  102  107  111  125  129  142  152  171  186  201  209
  223  226  231  229  234  233  242  246  258  267  284  294  315  324  346  352
  364  362  366  364  364  365  371  379  382  383  372  358  340  321  300  284
  268  261  249  239  226  220  210  207  198  190  175  166  162  159  162  164
  169  167  162  152  145  130  126  113  120                                   
    10.0-180.0 180.0   5.0 450.0                            LAT/LON1/LON2/DLON/H
  112   92   84   84   87   97  106  116  127  136  147  158  174  194  213  223
  239  243  250  246  251  248  257  261  276  287  304  313  331  339  356  358
  368  366  368  368  370  375  380  388  390  392  381  366  349  331  312  296
  282  273  260  249  234  228  219  214  207  195  184  173  165  162  160  161
  163  161  156  144  137  122  116  100  112                                   
     7.5-180.0 180.0   5.0 450.0                            LAT/LON1/LON2/DLON/H
  110   85   78   77   80   92  107  121  140  148  165  171  191  208  230  242
  259  263  270  267  269  266  273  277  291  300  319  326  348  350  367  361
