data/unet/pred0920.15i
     1.0            IONOSPHERE MAPS     GNSS                IONEX VERSION / TYPE
pyspatialgeodesy        IME             05-JAN-18 20:20     PGM / RUN BY / DATE 
Map Name                                                    COMMENT             
Predicted global ionosphere maps (GIM).                     DESCRIPTION         
  2015     4     2     0     0     0                        EPOCH OF FIRST MAP  
  2015     4     3     0     0     0                        EPOCH OF LAST MAP   
  7200                                                      INTERVAL            
    13                                                      # OF MAPS IN FILE   
  NONE                                                      MAPPING FUNCTION    
10.0                                                        ELEVATION CUTOFF    
One-way carrier phase leveled to code                       OBSERVABLES USED    
  6371.0                                                    BASE RADIUS         
 2                                                          MAP DIMENSION       
   450.0 450.0   0.0                                        HGT1 / HGT2 / DHGT  
    87.5 -87.5  -2.5                                        LAT1 / LAT2 / DLAT  
  -180.0 180.0   5.0                                        LON1 / LON2 / DLON  
    -1                                                      EXPONENT            
                                                            END OF HEADER       
[from data line 2574]
     7                                                      START OF TEC MAP    
  2015     4     2    12     0     0                        EPOCH OF CURRENT MAP
    87.5-180.0 180.0   5.0 450.0                            LAT/LON1/LON2/DLON/H
  150  158  161  156  161  160  168  170  178  180  188  188  195  194  199  196
  199  195  196  190  189  182  181  175  176  172  174  171  175  173  176  174
  177  175  177  174  176  172  174  170  172  168  170  165  168  162  165  158
  161  154  157  150  154  145  148  140  145  137  141  133  139  132  138  131
  138  133  139  137  144  143  155  136  150                                   
    85.0-180.0 180.0   5.0 450.0                            LAT/LON1/LON2/DLON/H
  139  150  160  160  165  165  175  176  184  185  190  192  197  199  202  201
  203  202  202  199  198  194  193  188  189  185  187  184  187  186  189  186
  191  188  190  187  189  185  186  182  183  179  179  175  175  170  169  163
  162  156  154  147  147  139  138  131  133  126  126  121  123  118  120  117
  120  118  123  123  130  136  151  151  139                                   
    82.5-180.0 180.0   5.0 450.0                            LAT/LON1/LON2/DLON/H
  121  135  143  144  150  158  164  171  177  181  186  190  195  196  200  198
  201  197  200  194  195  188  188  184  185  183  184  185  187  189  191  192
  195  195  196  194  194  191  189  186  184  180  177  172  170  164  161  154
  151  143  140  132  131  122  120  112  112  104  104   98  100   94   95   91
   94   93   96   96  104  107  118  130  121                                   
    80.0-180.0 180.0   5.0 450.0                            LAT/LON1/LON2/DLON/H
  109  117  126  133  138  150  155  166  168  176  175  183  182  186  184  188
  182  186  180  184  177  179  173  175  172  175  175  179  183  186  192  195
  201  203  204  205  205  203  201  198  195  192  188  184  181  175  170  165
  159  152  146  140  136  128  124  117  115  107  105   99   97   91   90   84
   85   81   84   82   86   87   95  110  109                                   
    77.5-180.0 180.0   5.0 450.0                            LAT/LON1/LON2/DLON/H
  103  101  112  118  125  140  145  156  159  166  166  172  170  171  167  167
  164  163  161  160  159  160  158  160  158  164  164  173  178  185  193  199
  206  212  216  220  219  220  216  217  211  211  205  204  197  194  187  183
  175  171  163  160  154  150  144  141  134  130  122  120  112  109  100   97
   89   88   82   80   78   76   79   93  103                                   
    75.0-180.0 180.0   5.0 450.0                            LAT/LON1/LON2/DLON/H
  100   91  102  108  117  127  132  140  141  145  144  146  143  142  138  140
  135  141  137  144  139  146  142  151  148  159  160  170  178  187  198  207
  218  224  233  236  240  240  240  238  234  231  226  224  218  216  209  206
  200  197  189  189  181  180  171  169  159  157  147  143  134  129  120  115
  106  101   95   88   84   79   82   84  100                                   
    72.5-180.0 180.0   5.0 450.0                            LAT/LON1/LON2/DLON/H
  103   90   96  102  110  115  124  125  130  130  129  128  125  121  119  119
  119  124  124  131  132  137  141  146  151  160  166  177  185  197  206  217
  226  234  244  248  256  255  261  255  256  248  248  241  241  234  233  227
  225  220  217  213  211  206  202  196  192  187  180  172  164  155  147  137
  128  119  110   99   91   83   85   84  103                                   
    70.0-180.0 180.0   5.0 450.0                            LAT/LON1/LON2/DLON/H
  105   88   93   98  104  108  114  115  116  115  114  109  108  101  104  100
  105  112  118  128  134  141  146  153  159  169  175  184  194  207  217  227
  237  246  255  260  267  269  272  269  269  265  264  260  258  256  251  250
  245  243  237  234  228  224  218  214  210  203  198  189  184  172  166  153
  147  133  126  111  102   91   91   84  105                                   
    67.5-180.0 180.0   5.0 450.0                            LAT/LON1/LON2/DLON/H
  106   90   90   93   98  102  108  107  110  107  106  100   99   92   97   95
  104  112  122  132  140  147  157  162  173  183  192  205  212  229  232  247
  249  261  264  272  276  279  280  280  280  278  277  274  274  270  268  263
  260  253  248  240  236  228  225  217  219  210  210  199  196  183  178  166
  158  147  136  121  108   98   96   87  106                                   
    65.0-180.0 180.0   5.0 450.0                            LAT/LON1/LON2/DLON/H
  104   88   84   88   92   95  102  101  104  101  103   96   99   92  100   97
  108  118  128  142  148  159  168  177  186  195  203  217  228  245  251  264
  266  277  277  285  285  289  287  290  288  289  287  288  287  284  279  272
  266  258  252  244  239  231  225  219  218  213  212  203  199  186  181  168
  162  150  142  126  114  102   97   86  104                                   
    62.5-180.0 180.0   5.0 450.0                            LAT/LON1/LON2/DLON/H
  101   85   79   81   84   87   91   92   94   92   94   89   92   90   96  100
  110  123  134  146  156  164  175  181  194  203  216  228  243  258  268  280
  282  292  290  296  294  298  295  298  297  300  300  304  303  302  292  284
  272  262  253  244  239  230  224  218  217  211  209  200  195  184  180  168
  162  149  141  126  113  100   96   85  101                                   
    60.0-180.0 180.0   5.0 450.0                            LAT/LON1/LON2/DLON/H
   99   80   68   70   71   73   78   78   82   80   84   82   88   85   93   97
  106  124  132  149  155  167  173  184  191  206  213  234  245  270  277  297
  295  307  303  309  305  310  305  311  307  313  312  319  317  318  307  297
  281  270  258  248  244  234  228  221  220  213  212  201  198  186  184  171
  165  152  145  128  116  102   97   82   99                                   
    57.5-180.0 180.0   5.0 450.0                            LAT/LON1/LON2/DLON/H
  101   80   66   63   64   64   66   65   70   70   75   75   78   78   84   92
  101  115  127  140  151  160  171  179  192  202  217  231  250  271  290  305
  311  320  320  324  322  325  322  327  323  331  329  337  334  335  323  313
  295  283  268  258  251  243  235  230  227  221  217  208  204  193  190  177
  169  156  148  133  120  107   97   81  101                                   
    55.0-180.0 180.0   5.0 450.0                            LAT/LON1/LON2/DLON/H
  110   83   66   60   58   56   54   51   54   54   59   62   68   70   76   83
   91  108  118  134  142  157  164  180  186  204  211  234  246  277  292  317
  322  336  334  341  336  340  335  342  337  348  345  355  349  352  338  330
  310  301  286  279  270  263  257  254  248  242  236  228  221  213  205  193
  185  172  162  148  134  121  112   89  110                                   
    52.5-180.0 180.0   5.0 450.0                            LAT/LON1/LON2/DLON/H
  123   96   78   69   63   59   59   51   52   49   54   55   63   67   71   77
   84   96  108  124  137  151  164  178  188  203  217  233  253  280  301  327
  341  352  358  357  359  359  357  360  358  366  366  373  369  372  359  353
  336  326  314  305  298  290  284  279  274  268  259  250  245  236  230  215
  204  188  179  163  155  139  131  102  123                                   
    50.0-180.0 180.0   5.0 450.0                            LAT/LON1/LON2/DLON/H
  141  115   95   82   78   69   67   60   55   48   50   50   55   59   65   70
   78   92  104  124  136  155  166  186  193  212  219  243  256  288  306  335
  352  367  372  375  375  378  373  379  376  385  384  392  388  390  380  373
  358  350  339  332  324  319  311  307  300  295  289  282  276  269  257  247
  230  219  204  194  178  170  159  126  141                                   
    47.5-180.0 180.0   5.0 450.0                            LAT/LON1/LON2/DLON/H
  163  139  122  110  101   92   87   77   71   61   58   56   60   62   69   72
   80   92  105  125  141  160  175  193  206  221  233  253  267  293  312  342
  362  377  387  387  392  394  393  398  396  404  404  412  409  412  402  399
  383  376  366  357  348  338  329  321  314  309  303  302  297  290  279  266
  251  237  225  212  206  192  190  158  163                                   
    45.0-180.0 180.0   5.0 450.0                            LAT/LON1/LON2/DLON/H
  182  167  151  136  131  119  116   99   91   77   73   65   66   66   72   76
   83   98  113  135  150  172  186  209  220  240  248  268  278  302  322  347
  371  383  398  405  413  422  420  427  421  429  427  432  430  429  423  413
  403  391  382  371  361  349  337  327  317  310  306  306  303  300  289  280
  265  256  241  234  225  221  219  195  182                                   
    42.5-180.0 180.0   5.0 450.0                            LAT/LON1/LON2/DLON/H
  195  180  172  163  158  144  138  122  111   97   90   82   80   81   85   88
   95  109  123  145  162  184  200  221  237  255  267  284  293  313  331  355
  373  388  401  415  430  440  447  453  450  453  451  455  449  448  439  434
  419  410  396  385  370  356  339  326  312  304  296  296  294  291  281  275
  263  254  242  232  229  223  234  222  195                                   
    40.0-180.0 180.0   5.0 450.0                            LAT/LON1/LON2/DLON/H
  196  194  181  176  175  164  162  143  136  116  107   94   94   87   93   95
  105  122  137  159  174  195  212  234  251  271  283  299  309  327  343  361
  375  389  409  430  452  471  483  490  491  491  489  484  479  472  465  452
  440  424  407  392  374  355  332  314  297  285  279  278  277  274  268  265
  254  246  233  229  222  225  236  234  196                                   
    37.5-180.0 180.0   5.0 450.0                            LAT/LON1/LON2/DLON/H
  184  183  178  179  179  173  166  155  146  134  123  111  107  102  103  106
  115  132  146  169  184  205  220  241  258  277  289  306  316  336  349  368
  378  399  418  444  470  493  513  525  527  530  525  519  511  503  490  481
  463  451  432  417  393  371  341  320  297  284  272  269  264  261  255  252
  241  233  219  210  203  204  224  222  184                                   
    35.0-180.0 180.0   5.0 450.0                            LAT/LON1/LON2/DLON/H
  173  173  166  164  174  164  166  150  151  134  137  123  120  107  111  111
  122  138  155  175  193  211  228  245  263  278  294  310  326  344  360  375
  392  408  439  462  497  527  551  569  572  577  575  566  559  544  532  516
  503  487  472  454  434  411  380  358  330  311  291  282  272  266  259  253
  241  231  219  208  199  200  208  212  173                                   
    32.5-180.0 180.0   5.0 450.0                            LAT/LON1/LON2/DLON/H
  161  160  150  154  158  159  156  148  147  139  140  135  133  122  120  115
  121  136  154  179  197  218  231  248  259  274  284  305  323  348  367  384
  406  426  460  484  520  552  578  594  607  613  620  621  611  605  587  583
  566  559  544  536  514  499  466  445  409  391  358  348  324  312  288  278
  257  244  222  209  195  187  189  187  161                                   
    30.0-180.0 180.0   5.0 450.0                            LAT/LON1/LON2/DLON/H
  161  155  144  142  142  139  142  134  136  126  138  127  137  127  130  115
  122  132  156  179  202  220  235  249  262  273  283  303  325  352  377  399
  434  454  496  519  561  591  619  637  651  666  681  686  687  678  671  658
  648  631  625  613  603  586  567  544  517  489  456  437  398  381  343  329
  297  277  243  227  207  194  191  187  161                                   
    27.5-180.0 180.0   5.0 450.0                            LAT/LON1/LON2/DLON/H
  173  162  151  151  144  141  131  129  127  124  130  126  134  128  135  119
  125  128  148  180  205  229  241  256  263  276  286  307  334  366  402  431
  468  493  528  553  595  623  646  666  685  709  731  754  752  755  745  745
  733  727  717  712  700  693  672  657  625  601  568  551  504  474  420  404
  363  349  308  285  254  237  215  197  173                                   
    25.0-180.0 180.0   5.0 450.0                            LAT/LON1/LON2/DLON/H
  218  188  169  155  157  151  142  137  137  127  131  123  126  123  128  120
  124  128  148  181  213  236  253  266  272  286  301  326  355  391  435  470
  514  544  584  609  646  667  692  708  734  766  790  812  820  824  824  823
  818  807  801  794  786  778  760  738  711  690  662  648  623  587  526  496
  456  432  394  363  326  299  266  242  218                                   
    22.5-180.0 180.0   5.0 450.0                            LAT/LON1/LON2/DLON/H
  266  231  206  183  175  166  155  153  139  135  129  122  119  123  124  124
  124  128  150  185  226  252  269  282  287  306  319  351  381  423  468  508
  559  601  644  669  690  710  717  742  768  808  833  864  879  887  891  888
  881  864  852  842  836  832  824  808  780  757  727  715  686  660  609  586
  549  520  477  435  393  362  323  292  266                                   
    20.0-180.0 180.0   5.0 450.0                            LAT/LON1/LON2/DLON/H
  316  269  249  220  199  178  172  167  165  154  143  125  118  119  123  123
  127  139  165  198  240  268  287  302  312  329  346  374  409  457  510  557
  608  650  695  715  725  733  743  768  798  827  863  891  913  920  926  920
  918  895  884  871  869  859  847  827  803  783  757  747  721  702  656  637
  600  574  537  495  463  419  380  345  316                                   
    17.5-180.0 180.0   5.0 450.0                            LAT/LON1/LON2/DLON/H
  359  322  283  252  235  205  192  179  171  167  155  135  116  109  111  111
  119  127  159  200  243  284  300  320  328  342  360  392  429  482  541  586
  638  685  723  743  742  748  752  781  801  837  868  902  924  935  941  936
  927  910  895  883  876  860  846  813  787  759  736  727  713  700  671  659
  633  614  577  538  500  469  428  396  359                                   
    15.0-180.0 180.0   5.0 450.0                            LAT/LON1/LON2/DLON/H
  390  357  323  292  260  227  207  188  181  164  162  158  139  122  115  113
  112  128  156  199  246  277  308  323  335  348  374  410  452  511  561  606
  652  694  728  745  742  749  754  773  796  823  857  887  912  924  930  921
  913  891  879  865  855  840  813  781  738  704  665  668  664  671  655  663
  647  641  608  571  537  499  467  422  390                                   
    12.5-180.0 180.0   5.0 450.0                            LAT/LON1/LON2/DLON/H
  422  401  351  315  281  245  225  202  192  174  160  152  148  143  122  119
  111  110  135  167  222  248  276  298  315  342  380  426  482  541  581  622
  660  698  729  743  746  752  762  781  793  823  847  875  895  904  906  897
  884  859  845  829  823  800  767  725  685  632  607  608  613  621  621  639
  629  629  608  582  550  521  487  452  422                                   
    10.0-180.0 180.0   5.0 450.0                            LAT/LON1/LON2/DLON/H
  420  405  363  330  289  257  232  210  194  173  163  148  159  142  152  133
  126  130  138  171  211  241  266  292  319  358  398  457  518  567  601  635
  668  698  721  738  745  756  763  782  793  816  836  856  870  872  870  857
  843  820  808  796  788  772  733  697  649  594  565  565  570  591  590  612
  608  616  598  583  556  528  492  456  420                                   
     7.5-180.0 180.0   5.0 450.0                            LAT/LON1/LON2/DLON/H
  421  408  359  329  287  260  236  212  199  179  174  164  161  160  152  148
  136  140  137  155  187  216  245  279  328  374  422  490  545  590  618  649
