data/unet/pred1680.15i
     1.0            IONOSPHERE MAPS     GNSS                IONEX VERSION / TYPE
pyspatialgeodesy        IME             05-JAN-18 20:20     PGM / RUN BY / DATE 
Map Name                                                    COMMENT             
Predicted global ionosphere maps (GIM).                     DESCRIPTION         
  2015     6    17     0     0     0                        EPOCH OF FIRST MAP  
  2015     6    18     0     0     0                        EPOCH OF LAST MAP   
  7200                                                      INTERVAL            
    13                                                      # OF MAPS IN FILE   
  NONE                                                      MAPPING FUNCTION    
10.0                                                        ELEVATION CUTOFF    
One-way carrier phase leveled to code                       OBSERVABLES USED    
  6371.0                                                    BASE RADIUS         
 2                                                          MAP DIMENSION       
   450.0 450.0   0.0                                        HGT1 / HGT2 / DHGT  
    87.5 -87.5  -2.5                                        LAT1 / LAT2 / DLAT  
  -180.0 180.0   5.0                                        LON1 / LON2 / DLON  
    -1                                                      EXPONENT            
                                                            END OF HEADER       
[from data line 2574]
     7                                                      START OF TEC MAP    
  2015     6    17    12     0     0                        EPOCH OF CURRENT MAP
    87.5-180.0 180.0   5.0 450.0                            LAT/LON1/LON2/DLON/H
  164  178  178  178  177  174  174  171  173  169  170  165  168  162  165  160
  164  158  163  158  163  158  163  158  163  158  163  158  163  158  162  158
  162  158  162  159  163  161  164  162  165  164  165  164  166  164  165  163
  166  163  164  162  165  161  163  160  163  160  164  161  166  163  168  166
  171  170  175  173  175  174  181  157  164                                   
    85.0-180.0 180.0   5.0 450.0                            LAT/LON1/LON2/DLON/H
  172  174  176  175  176  173  175  173  174  170  172  168  171  165  170  163
  169  161  168  161  169  161  169  162  169  161  170  162  170  162  169  161
  168  161  168  162  168  163  168  164  167  164  166  164  166  164  164  163
  164  162  163  162  163  161  163  160  163  160  163  160  164  161  166  163
  168  166  172  169  169  170  177  177  172                                   
    82.5-180.0 180.0   5.0 450.0                            LAT/LON1/LON2/DLON/H
  170  173  175  172  175  170  172  170  170  167  167  166  166  164  164  163
  163  161  162  162  163  162  164  163  164  162  165  164  165  163  165  163
  164  163  164  163  165  164  165  165  166  165  166  166  167  165  166  164
  165  163  164  162  164  161  162  160  161  159  161  160  161  160  161  161
  162  162  166  163  164  163  167  170  170                                   
    80.0-180.0 180.0   5.0 450.0                            LAT/LON1/LON2/DLON/H
  161  164  165  167  169  163  166  163  164  161  162  160  161  158  160  158
  161  157  161  159  162  158  163  159  164  159  165  161  166  161  167  163
  166  163  167  164  167  165  168  166  167  166  168  167  168  167  168  167
  167  166  166  165  165  163  164  162  162  159  161  159  160  157  159  157
  158  158  160  158  158  159  155  166  161                                   
    77.5-180.0 180.0   5.0 450.0                            LAT/LON1/LON2/DLON/H
  156  159  158  160  161  161  159  160  156  156  152  154  150  152  150  153
  151  154  153  157  154  158  156  159  156  160  159  162  160  163  163  165
  165  166  167  168  168  168  169  169  169  169  170  171  171  172  173  173
  173  173  173  172  170  170  169  168  166  165  164  163  161  160  159  158
  157  156  156  153  151  152  149  160  156                                   
    75.0-180.0 180.0   5.0 450.0                            LAT/LON1/LON2/DLON/H
  146  150  148  156  157  156  155  153  151  148  146  145  143  143  144  145
  145  146  148  149  150  150  152  151  152  150  154  152  156  156  161  161
  164  166  169  170  171  172  173  173  173  174  175  177  176  179  179  180
  178  180  179  178  174  175  173  171  168  167  167  164  162  161  160  158
  155  155  153  150  146  148  143  156  146                                   
    72.5-180.0 180.0   5.0 450.0                            LAT/LON1/LON2/DLON/H
  139  140  142  147  149  150  148  147  144  142  139  137  136  135  135  136
  136  139  140  142  142  143  143  143  143  143  144  145  147  151  155  158
  163  166  171  172  175  175  177  176  177  177  180  180  182  183  186  185
  186  186  185  183  181  180  178  175  173  172  170  169  165  164  161  158
  155  153  151  144  142  140  139  149  139                                   
    70.0-180.0 180.0   5.0 450.0                            LAT/LON1/LON2/DLON/H
  133  133  132  142  144  145  144  144  142  140  136  135  133  132  132  133
  134  135  137  138  140  140  140  138  138  135  137  136  141  144  150  155
  161  167  172  175  178  179  181  181  182  183  185  187  188  190  192  191
  190  189  189  187  185  184  183  181  180  179  178  176  173  171  168  164
  159  156  153  146  141  140  136  144  133                                   
    67.5-180.0 180.0   5.0 450.0                            LAT/LON1/LON2/DLON/H
  127  125  128  132  136  138  138  139  138  137  134  133  131  131  131  132
  132  133  134  136  136  136  136  134  132  130  131  132  136  140  147  154
  162  168  174  177  180  181  184  184  185  186  189  190  192  193  195  194
  193  191  191  189  187  186  186  184  184  184  184  183  180  179  175  171
  166  161  157  148  144  138  138  138  127                                   
    65.0-180.0 180.0   5.0 450.0                            LAT/LON1/LON2/DLON/H
  126  121  119  127  129  132  132  136  134  137  133  135  132  133  133  133
  134  135  135  136  136  136  134  131  130  127  130  129  136  140  149  155
  164  171  176  179  181  184  186  187  187  190  191  193  193  197  197  195
  192  191  190  188  186  186  187  188  189  191  192  193  191  191  186  183
  175  171  165  156  148  143  140  138  126                                   
    62.5-180.0 180.0   5.0 450.0                            LAT/LON1/LON2/DLON/H
  125  119  117  117  119  121  123  126  127  130  130  132  132  134  134  134
  135  134  135  134  134  132  131  128  127  125  128  130  136  142  151  158
  167  172  178  181  183  185  187  189  189  192  194  197  197  200  198  197
  193  192  189  187  186  187  188  191  192  195  197  198  198  198  194  191
  183  180  173  163  158  147  143  134  125                                   
    60.0-180.0 180.0   5.0 450.0                            LAT/LON1/LON2/DLON/H
  129  117  110  115  112  114  114  118  119  124  125  130  131  135  135  136
  136  135  134  134  133  131  130  128  129  128  133  135  143  148  159  165
  173  178  183  185  187  189  190  191  192  195  197  200  201  203  201  197
  193  191  189  187  186  188  191  194  198  202  205  207  207  209  205  203
  194  191  183  175  166  157  148  136  129                                   
    57.5-180.0 180.0   5.0 450.0                            LAT/LON1/LON2/DLON/H
  132  119  111  106  104  102  102  105  107  113  116  123  126  132  133  135
  134  133  131  130  129  128  128  129  130  132  136  141  148  155  166  172
  179  184  189  190  192  194  196  198  199  203  206  209  209  211  207  204
  197  196  192  192  191  193  196  199  203  207  211  213  214  215  214  212
  205  200  193  185  178  167  156  134  132                                   
    55.0-180.0 180.0   5.0 450.0                            LAT/LON1/LON2/DLON/H
  138  118  105  105  100   95   93   94   95  101  105  114  119  127  129  133
  132  132  129  129  127  128  129  131  134  137  143  148  158  165  174  180
  187  192  196  199  200  202  204  206  208  212  215  218  218  218  214  208
  202  200  197  196  195  198  201  204  209  213  218  219  220  220  219  214
  206  203  196  190  181  173  157  138  138                                   
    52.5-180.0 180.0   5.0 450.0                            LAT/LON1/LON2/DLON/H
  144  123  110  101   95   90   88   85   85   89   93  103  109  118  121  128
  127  130  126  128  125  128  128  134  135  142  147  155  163  171  180  188
  196  200  207  209  213  215  219  221  224  229  231  235  233  234  227  221
  213  211  206  206  203  207  209  213  215  221  223  224  222  224  220  217
  209  205  200  194  187  178  171  142  144                                   
    50.0-180.0 180.0   5.0 450.0                            LAT/LON1/LON2/DLON/H
  149  126  108  104   96   89   87   82   81   82   86   94  100  109  114  122
  124  127  125  127  125  128  129  135  139  146  153  162  170  180  188  198
  204  212  216  223  227  232  233  236  238  242  244  246  246  245  239  232
  224  220  216  213  211  212  213  216  219  223  226  226  224  226  221  218
  209  207  202  196  186  185  168  142  149                                   
    47.5-180.0 180.0   5.0 450.0                            LAT/LON1/LON2/DLON/H
  151  128  117  109   99   92   88   83   81   80   81   88   92  102  107  118
  121  127  125  129  126  131  131  139  141  151  157  167  175  185  195  204
  213  220  229  237  246  251  255  257  257  261  259  264  261  261  253  245
  234  229  223  221  216  219  219  223  224  228  227  228  224  226  222  221
  212  209  203  195  188  180  175  146  151                                   
    45.0-180.0 180.0   5.0 450.0                            LAT/LON1/LON2/DLON/H
  153  129  115  114  106   97   95   90   89   86   85   88   93   97  104  114
  121  127  130  132  133  134  137  142  148  156  163  174  181  193  201  215
  222  234  242  257  264  274  274  279  275  278  275  279  274  272  262  254
  243  237  229  225  222  222  222  222  222  224  224  223  221  223  221  221
  214  212  205  197  185  180  166  141  153                                   
    42.5-180.0 180.0   5.0 450.0                            LAT/LON1/LON2/DLON/H
  152  131  126  121  115  109  105  100   98   95   92   93   93   98  102  115
  121  131  135  140  138  142  141  149  152  162  168  179  186  198  206  220
  229  244  259  276  286  296  296  300  298  301  298  301  295  294  280  269
  254  246  234  230  224  225  223  225  224  227  225  226  222  225  222  224
  217  216  205  195  184  174  169  143  152                                   
    40.0-180.0 180.0   5.0 450.0                            LAT/LON1/LON2/DLON/H
  157  136  129  131  127  121  117  113  111  108  105  104  103  103  107  115
  125  134  141  145  147  148  150  155  161  168  176  185  193  204  213  228
  238  259  274  297  306  321  320  328  321  325  319  323  313  312  298  287
  269  260  246  239  233  231  230  230  230  230  229  228  226  227  226  226
  221  217  208  196  183  173  165  145  157                                   
    37.5-180.0 180.0   5.0 450.0                            LAT/LON1/LON2/DLON/H
  161  142  142  139  137  134  131  127  125  123  118  116  112  112  112  120
  128  139  146  153  155  158  159  165  168  177  183  193  200  211  219  235
  249  273  291  314  327  342  347  352  349  349  344  344  337  336  323  316
  294  283  265  258  246  245  241  240  239  238  237  237  234  236  233  233
  225  222  211  199  186  176  176  151  161                                   
    35.0-180.0 180.0   5.0 450.0                            LAT/LON1/LON2/DLON/H
  171  154  149  150  149  145  143  141  139  139  134  131  125  123  122  127
  135  144  152  159  164  167  170  175  180  186  194  201  210  220  229  246
  264  291  309  334  346  369  371  383  376  380  370  374  363  365  349  345
  325  315  296  288  273  270  263  261  259  254  252  248  247  245  243  239
  233  228  219  206  194  185  183  165  171                                   
    32.5-180.0 180.0   5.0 450.0                            LAT/LON1/LON2/DLON/H
  182  169  166  162  159  155  152  149  147  146  142  140  134  130  130  133
  142  150  159  167  173  179  183  189  193  200  206  213  222  230  241  259
  282  307  325  350  369  390  400  409  408  407  401  398  393  390  379  374
  360  353  334  325  308  304  293  289  282  276  269  262  258  253  249  245
  236  233  224  214  201  195  198  175  182                                   
    30.0-180.0 180.0   5.0 450.0                            LAT/LON1/LON2/DLON/H
  196  186  180  178  176  168  165  160  158  155  151  149  145  141  140  143
  149  161  169  180  186  193  198  203  209  213  221  227  237  245  257  276
  299  326  344  375  391  419  427  440  438  438  430  430  423  424  412  411
  396  393  374  368  350  343  327  322  309  299  287  276  270  260  255  248
  243  237  232  221  213  205  208  194  196                                   
    27.5-180.0 180.0   5.0 450.0                            LAT/LON1/LON2/DLON/H
  212  204  200  197  193  186  178  171  165  159  154  148  146  143  142  144
  154  167  179  193  201  211  214  220  223  228  234  244  252  262  275  294
  318  343  366  391  414  434  449  457  459  457  454  453  453  454  446  444
  433  430  414  409  392  385  366  357  338  322  303  288  275  265  257  249
  243  239  234  226  217  216  221  204  212                                   
    25.0-180.0 180.0   5.0 450.0                            LAT/LON1/LON2/DLON/H
  223  213  211  212  209  201  192  184  178  170  165  158  153  149  147  145
  157  170  190  206  220  226  231  232  238  241  249  260  272  283  295  313
  338  364  385  411  430  452  462  471  472  474  474  479  482  486  480  480
  468  466  454  451  440  433  410  396  367  346  319  301  279  266  255  247
  241  238  235  229  223  222  225  218  223                                   
    22.5-180.0 180.0   5.0 450.0                            LAT/LON1/LON2/DLON/H
  225  216  216  218  215  211  204  198  190  180  175  165  162  151  153  146
  151  165  191  213  230  239  242  244  246  254  260  274  287  298  312  330
  357  377  403  420  443  455  468  472  474  479  483  494  499  507  502  507
  496  501  491  496  486  483  459  438  404  370  335  310  284  266  252  243
  236  230  227  223  221  224  231  217  225                                   
    20.0-180.0 180.0   5.0 450.0                            LAT/LON1/LON2/DLON/H
  222  214  214  219  218  216  210  206  201  193  194  184  181  171  166  156
  157  163  192  217  241  249  258  258  262  268  277  289  305  311  330  345
  368  388  412  427  446  455  464  468  472  481  489  504  511  519  514  519
  512  519  514  522  515  510  484  462  421  383  339  310  279  264  248  241
  233  229  225  221  219  220  225  221  222                                   
    17.5-180.0 180.0   5.0 450.0                            LAT/LON1/LON2/DLON/H
  214  212  213  215  217  215  215  211  209  200  199  187  184  176  171  163
  158  168  185  216  239  254  259  262  268  277  284  297  312  324  343  359
  384  404  426  438  456  461  467  469  471  481  489  508  513  526  520  528
  519  527  522  533  525  521  493  469  429  390  346  311  281  264  252  242
  236  229  223  216  212  211  221  208  214                                   
    15.0-180.0 180.0   5.0 450.0                            LAT/LON1/LON2/DLON/H
  213  207  205  210  208  211  207  210  209  206  201  189  181  170  169  159
  156  164  188  210  236  254  266  274  279  291  300  309  329  337  359  371
  397  414  431  443  454  461  460  468  465  484  486  510  514  527  521  528
  521  525  523  529  524  517  488  464  421  386  342  308  275  262  251  245
  236  230  223  216  210  208  212  206  213                                   
    12.5-180.0 180.0   5.0 450.0                            LAT/LON1/LON2/DLON/H
  203  203  199  198  199  197  200  200  204  198  193  180  169  160  156  153
  149  157  172  203  225  248  263  274  279  293  304  323  340  357  373  389
  412  426  447  453  470  473  481  485  485  495  498  517  520  532  525  531
  519  522  511  515  508  505  478  454  419  379  345  304  281  263  255  247
  240  232  226  216  210  207  214  193  203                                   
    10.0-180.0 180.0   5.0 450.0                            LAT/LON1/LON2/DLON/H
  201  198  188  185  186  184  187  191  196  194  187  180  170  161  157  149
  149  153  169  191  217  238  260  275  284  297  308  330  356  367  385  396
  418  433  447  462  470  485  485  499  492  507  502  523  521  533  522  527
  515  517  503  504  498  491  466  440  409  375  340  304  284  268  256  248
  241  234  229  220  215  211  210  193  201                                   
     7.5-180.0 180.0   5.0 450.0                            LAT/LON1/LON2/DLON/H
  196  200  186  175  173  169  171  173  175  173  171  163  157  152  143  137
  133  142  152  178  200  228  254  272  282  297  313  341  365  379  393  401
