data/unet/pred0400.15i
     1.0            IONOSPHERE MAPS     GNSS                IONEX VERSION / TYPE
pyspatialgeodesy        IME             05-JAN-18 20:20     PGM / RUN BY / DATE 
Map Name                                                    COMMENT             
Predicted global ionosphere maps (GIM).                     DESCRIPTION         
  2015     2     9     0     0     0                        EPOCH OF FIRST MAP  
  2015     2    10     0     0     0                        EPOCH OF LAST MAP   
  7200                                                      INTERVAL            
    13                                                      # OF MAPS IN FILE   
  NONE                                                      MAPPING FUNCTION    
10.0                                                        ELEVATION CUTOFF    
One-way carrier phase leveled to code                       OBSERVABLES USED    
  6371.0                                                    BASE RADIUS         
 2                                                          MAP DIMENSION       
   450.0 450.0   0.0                                        HGT1 / HGT2 / DHGT  
    87.5 -87.5  -2.5                                        LAT1 / LAT2 / DLAT  
  -180.0 180.0   5.0                                        LON1 / LON2 / DLON  
    -1                                                      EXPONENT            
                                                            END OF HEADER       
[from data line 858]
     3                                                      START OF TEC MAP    
  2015     2     9     4     0     0                        EPOCH OF CURRENT MAP
    87.5-180.0 180.0   5.0 450.0                            LAT/LON1/LON2/DLON/H
  123  141  128  128  129  128  130  130  131  131  132  131  131  131  130  131
  129  130  129  129  128  128  128  127  126  125  125  123  121  120  119  119
  117  119  119  120  120  123  124  126  125  128  128  129  128  130  130  131
  131  133  132  134  132  135  133  135  134  136  135  137  136  138  134  136
  133  134  131  132  131  128  139  121  123                                   
    85.0-180.0 180.0   5.0 450.0                            LAT/LON1/LON2/DLON/H
  153  137  122  131  127  126  125  127  127  129  129  131  130  133  131  134
  132  134  132  133  130  131  128  127  123  123  120  119  114  115  112  114
  112  114  114  115  115  118  118  120  120  123  123  126  124  128  127  131
  129  133  132  136  135  139  139  143  143  147  146  150  149  151  148  149
  146  146  143  144  142  137  141  144  153                                   
    82.5-180.0 180.0   5.0 450.0                            LAT/LON1/LON2/DLON/H
  142  126  121  121  115  114  113  115  116  119  121  123  124  127  127  129
  128  130  128  128  125  123  120  117  114  111  109  106  105  103  104  102
  103  102  105  104  107  107  112  111  114  114  117  116  118  117  121  119
  124  123  129  129  135  136  142  145  150  152  155  157  159  160  158  159
  155  155  149  149  146  140  137  137  142                                   
    80.0-180.0 180.0   5.0 450.0                            LAT/LON1/LON2/DLON/H
  153  135  125  120  117  113  112  112  114  116  119  124  126  131  132  136
  135  137  135  136  132  129  125  121  116  112  108  105  102  101  100  101
  101  103  105  108  109  113  114  118  117  120  120  122  121  121  123  124
  127  129  135  137  144  147  156  161  169  173  179  182  185  188  188  189
  186  186  179  179  170  158  150  149  153                                   
    77.5-180.0 180.0   5.0 450.0                            LAT/LON1/LON2/DLON/H
  161  141  127  120  112  108  105  104  104  107  110  116  117  125  126  132
  131  135  133  134  128  127  120  116  108  104   98   97   92   93   90   94
   93   98   99  104  104  110  110  115  114  117  115  116  114  115  115  118
  120  126  131  141  146  159  167  181  188  198  202  210  213  218  218  219
  218  214  208  201  194  179  169  163  161                                   
    75.0-180.0 180.0   5.0 450.0                            LAT/LON1/LON2/DLON/H
  172  155  138  126  118  110  104  102  100  102  104  109  111  118  121  126
  126  129  128  129  125  120  115  108  102   95   91   89   86   86   86   88
   89   93   95  100  103  106  108  110  110  110  110  109  107  106  106  108
  110  118  128  138  150  162  176  188  198  209  216  224  230  234  238  238
  240  236  232  225  217  198  193  179  172                                   
    72.5-180.0 180.0   5.0 450.0                            LAT/LON1/LON2/DLON/H
  192  172  156  141  126  117  108  103   98   98   98  102  102  106  110  114
  115  119  118  120  116  113  107  101   97   90   87   85   84   84   85   87
   88   91   93   96   99  101  103  103  104  102  103  100   97   95   95   96
  102  110  125  138  155  170  187  201  213  222  230  237  245  250  256  258
  259  256  254  248  242  222  214  202  192                                   
    70.0-180.0 180.0   5.0 450.0                            LAT/LON1/LON2/DLON/H
  207  191  176  157  141  128  115  109   99   99   94   98   95   99  100  102
  103  104  105  106  106  103  103   98   97   92   90   88   88   87   88   90
   90   92   90   96   93   98   96   98   96   96   94   91   88   85   85   88
   97  113  130  147  167  183  201  214  228  236  244  250  259  265  271  273
  275  273  272  269  264  245  238  225  207                                   
    67.5-180.0 180.0   5.0 450.0                            LAT/LON1/LON2/DLON/H
  228  211  194  177  157  141  126  118  107  101   94   93   88   89   88   87
   86   87   88   91   92   93   93   94   92   91   89   91   90   91   90   93
   91   91   87   88   84   86   82   84   81   82   78   79   74   73   74   81
   97  116  140  159  182  198  218  229  244  251  258  265  271  275  280  281
  283  281  284  282  281  268  255  245  228                                   
    65.0-180.0 180.0   5.0 450.0                            LAT/LON1/LON2/DLON/H
  240  228  214  194  175  157  140  129  116  109   99   95   87   83   80   77
   78   76   78   79   83   84   88   88   92   90   92   92   94   93   93   91
   89   86   78   76   68   69   66   68   65   66   64   64   64   62   66   79
  100  125  151  173  198  215  235  250  264  270  276  280  285  288  290  290
  291  290  291  292  292  282  274  259  240                                   
    62.5-180.0 180.0   5.0 450.0                            LAT/LON1/LON2/DLON/H
  258  243  227  210  188  168  149  137  125  117  105   99   87   83   75   71
   68   67   67   71   74   77   80   83   86   88   89   90   88   88   85   84
   79   72   64   59   54   53   49   52   50   53   51   53   52   54   65   82
  109  137  169  191  219  237  258  271  286  289  292  294  299  300  301  299
  298  295  296  297  302  291  281  271  258                                   
    60.0-180.0 180.0   5.0 450.0                            LAT/LON1/LON2/DLON/H
  267  253  241  219  199  178  157  142  130  121  110  100   90   79   73   66
   66   63   65   67   71   73   77   79   82   83   84   82   81   77   76   70
   68   59   53   47   47   45   46   46   48   46   48   47   50   53   68   89
  121  152  185  212  242  264  286  298  311  314  314  316  319  321  319  315
  312  307  305  306  311  298  290  274  267                                   
    57.5-180.0 180.0   5.0 450.0                            LAT/LON1/LON2/DLON/H
  287  267  252  232  205  183  160  144  131  124  110  103   90   84   75   72
   70   69   67   71   72   74   74   75   75   75   74   73   70   66   65   59
   57   48   46   41   44   43   45   46   50   49   51   50   54   62   82  105
  140  171  205  232  263  287  307  321  334  335  336  335  338  338  336  333
  326  320  315  315  320  306  294  284  287                                   
    55.0-180.0 180.0   5.0 450.0                            LAT/LON1/LON2/DLON/H
  304  282  265  239  215  191  166  147  132  123  111  100   91   82   77   74
   76   75   75   76   75   73   71   69   68   67   67   65   63   58   58   53
   52   45   43   42   45   46   50   50   56   53   57   55   62   72   93  120
  157  189  224  256  289  312  331  342  354  358  359  359  360  360  360  354
  348  340  334  332  336  318  306  290  304                                   
    52.5-180.0 180.0   5.0 450.0                            LAT/LON1/LON2/DLON/H
  327  304  283  258  228  204  176  154  136  126  111  102   92   87   82   83
   84   85   83   83   78   76   70   68   64   63   62   60   59   55   57   53
   53   48   52   52   58   58   63   63   68   67   68   69   78   90  114  142
  178  209  244  276  305  328  343  358  368  372  373  373  374  377  375  374
  364  360  352  351  350  335  318  310  327                                   
    50.0-180.0 180.0   5.0 450.0                            LAT/LON1/LON2/DLON/H
  344  322  303  273  245  217  189  164  144  130  113  103   94   89   86   88
   91   90   89   84   83   76   72   66   64   60   60   57   59   56   58   55
   58   56   61   65   73   73   79   79   83   79   81   79   91  105  131  159
  197  228  263  297  325  344  358  371  382  386  387  388  388  391  389  385
  381  374  369  364  362  346  335  324  344                                   
    47.5-180.0 180.0   5.0 450.0                            LAT/LON1/LON2/DLON/H
  360  341  319  299  270  243  210  184  157  140  120  108   98   94   91   93
   95   94   91   87   83   80   75   73   69   68   67   66   67   64   67   65
   68   70   77   83   91   92   96   97   97   95   93   95  108  123  151  178
  216  245  280  310  335  354  366  379  387  391  390  390  390  394  388  389
  380  378  372  369  365  357  341  340  360                                   
    45.0-180.0 180.0   5.0 450.0                            LAT/LON1/LON2/DLON/H
  365  349  330  316  289  258  228  199  171  151  129  116  104   99   95   96
   96   93   91   88   88   85   86   82   82   78   78   73   75   71   74   72
   77   80   90   95  106  106  111  109  109  103  102  105  119  138  165  197
  232  266  299  328  351  366  379  389  397  398  396  393  389  391  384  382
  375  373  367  365  362  353  348  342  365                                   
    42.5-180.0 180.0   5.0 450.0                            LAT/LON1/LON2/DLON/H
  360  348  332  326  304  279  247  222  191  168  144  128  115  108  102  101
   99   96   94   95   96   97   99   99   97   95   93   91   87   86   83   83
   86   92  100  108  114  118  119  119  117  112  112  117  134  153  185  215
  253  286  314  343  364  380  390  397  402  402  395  391  386  385  376  372
  364  362  358  357  352  347  336  338  360                                   
    40.0-180.0 180.0   5.0 450.0                            LAT/LON1/LON2/DLON/H
  342  334  320  319  304  284  256  232  208  183  157  141  126  117  110  105
  104  100  102  104  111  114  118  115  115  110  108  104  101   97   94   92
   96  101  110  115  121  122  125  123  123  118  118  127  143  166  199  234
  271  304  331  357  380  396  407  414  418  416  410  404  395  392  380  374
  367  362  356  350  347  334  331  323  342                                   
    37.5-180.0 180.0   5.0 450.0                            LAT/LON1/LON2/DLON/H
  323  316  305  303  290  276  255  238  216  197  170  155  140  131  121  117
  113  113  116  123  129  133  134  132  129  125  122  119  112  109  102  103
  102  109  112  119  121  124  125  127  126  125  128  136  155  180  216  251
  285  314  339  366  391  409  421  428  434  433  427  422  413  409  400  394
  387  380  373  366  358  341  327  314  323                                   
    35.0-180.0 180.0   5.0 450.0                            LAT/LON1/LON2/DLON/H
  319  306  292  281  270  259  244  232  217  200  180  164  152  141  135  127
  128  127  136  140  149  149  152  144  141  134  132  127  124  117  111  109
  109  113  115  118  119  122  124  126  127  126  129  142  161  190  228  261
  297  326  350  377  403  429  445  455  462  464  465  462  459  456  452  445
  440  433  421  414  402  372  346  328  319                                   
    32.5-180.0 180.0   5.0 450.0                            LAT/LON1/LON2/DLON/H
  338  312  288  267  251  242  228  221  207  196  178  168  158  153  145  142
  140  145  151  160  165  167  163  157  149  146  143  143  136  132  124  123
  122  123  121  119  116  116  120  124  127  129  134  148  173  201  239  274
  307  333  354  379  409  438  464  481  491  495  498  504  512  517  521  519
  515  510  497  485  470  441  386  365  338                                   
    30.0-180.0 180.0   5.0 450.0                            LAT/LON1/LON2/DLON/H
  385  334  298  263  243  230  215  205  193  183  172  164  162  155  153  148
  152  155  166  171  180  174  171  160  156  153  156  159  157  153  148  144
  144  142  136  130  120  115  117  119  124  129  137  152  179  208  244  280
  315  339  359  383  415  450  478  502  514  527  541  557  578  596  609  617
  623  622  615  598  575  530  475  443  385                                   
    27.5-180.0 180.0   5.0 450.0                            LAT/LON1/LON2/DLON/H
  453  401  338  282  253  235  215  200  183  174  163  162  160  160  156  156
  156  162  170  177  180  177  168  164  161  168  172  182  187  185  182  174
  169  164  155  144  125  117  114  115  122  130  142  159  184  214  248  283
  314  340  365  392  431  469  505  531  551  570  587  617  652  685  714  736
  751  758  753  730  704  656  594  548  453                                   
    25.0-180.0 180.0   5.0 450.0                            LAT/LON1/LON2/DLON/H
  555  498  428  361  309  273  245  219  194  176  164  160  161  158  159  155
  158  160  167  170  173  168  166  165  174  184  200  214  220  216  211  197
  189  179  171  153  135  119  112  113  121  133  144  162  186  219  252  287
  322  348  377  412  461  500  543  570  596  619  641  679  721  769  808  847
  872  895  893  876  843  792  744  678  555                                   
    22.5-180.0 180.0   5.0 450.0                            LAT/LON1/LON2/DLON/H
  668  610  544  478  415  366  311  268  229  200  177  171  166  166  160  159
  155  157  158  161  160  161  163  175  190  211  232  248  251  242  233  213
  197  183  172  154  131  121  113  119  124  130  141  156  185  218  258  293
  332  361  397  442  496  540  587  613  646  668  687  724  773  821  870  909
  941  962  972  963  950  915  858  782  668                                   
    20.0-180.0 180.0   5.0 450.0                            LAT/LON1/LON2/DLON/H
  771  734  664  603  542  489  422  368  301  260  222  204  191  185  175  165
  161  157  156  154  157  162  177  195  227  252  282  283  281  253  240  211
  200  184  172  154  138  120  110  111  120  123  131  155  180  222  263  308
  349  384  428  479  532  574  618  649  685  713  732  769  810  858  896  936
  962  989 1001  996  994  970  918  872  771                                   
    17.5-180.0 180.0   5.0 450.0                            LAT/LON1/LON2/DLON/H
  847  838  792  727  663  605  540  476  409  355  305  272  246  229  212  199
  182  173  165  166  166  178  198  231  271  312  333  321  304  266  244  212
  202  192  175  160  137  121  109  104  103  109  119  146  179  225  274  325
  371  418  463  518  568  608  646  675  710  736  763  794  827  869  900  934
  958  977  990  984  990  983  944  915  847                                   
    15.0-180.0 180.0   5.0 450.0                            LAT/LON1/LON2/DLON/H
  899  900  876  829  766  706  639  575  517  462  414  382  339  309  267  247
  226  214  204  199  204  218  251  296  350  376  389  351  319  272  240  212
  205  189  180  154  142  115  108   96   95  103  111  142  177  229  284  333
  386  435  486  540  587  616  651  678  714  750  778  808  830  864  881  903
  915  928  943  943  963  964  940  932  899                                   
    12.5-180.0 180.0   5.0 450.0                            LAT/LON1/LON2/DLON/H
  913  930  929  902  859  806  742  678  614  565  523  487  448  413  370  334
  301  285  271  267  268  291  324  378  413  431  408  364  314  268  236  213
  202  190  175  152  137  117  108   95   89   96  102  135  179  236  294  345
  396  445  500  548  589  611  642  670  709  745  776  799  817  834  844  853
  854  863  877  891  914  931  913  921  913                                   
    10.0-180.0 180.0   5.0 450.0                            LAT/LON1/LON2/DLON/H
  905  934  941  934  891  853  798  750  694  649  611  579  551  514  465  436
  399  386  370  367  379  392  425  449  475  457  420  353  298  250  225  204
  197  175  172  146  139  119  115   98   97   99  108  139  183  240  293  345
  396  447  502  547  583  598  627  655  700  738  772  791  810  819  828  822
  820  821  834  848  874  891  886  898  905                                   
     7.5-180.0 180.0   5.0 450.0                            LAT/LON1/LON2/DLON/H
  880  919  940  930  908  869  826  787  748  708  676  648  629  602  567  542
  511  502  486  490  488  502  506  516  505  474  402  338  280  239  218  201
