data/unet/pred0440.15i
     1.0            IONOSPHERE MAPS     GNSS                IONEX VERSION / TYPE
pyspatialgeodesy        IME             05-JAN-18 20:20     PGM / RUN BY / DATE 
Map Name                                                    COMMENT             
Predicted global ionosphere maps (GIM).                     DESCRIPTION         
  2015     2    13     0     0     0                        EPOCH OF FIRST MAP  
  2015     2    14     0     0     0                        EPOCH OF LAST MAP   
  7200                                                      INTERVAL            
    13                                                      # OF MAPS IN FILE   
  NONE                                                      MAPPING FUNCTION    
10.0                                                        ELEVATION CUTOFF    
One-way carrier phase leveled to code                       OBSERVABLES USED    
  6371.0                                                    BASE RADIUS         
 2                                                          MAP DIMENSION       
   450.0 450.0   0.0                                        HGT1 / HGT2 / DHGT  
    87.5 -87.5  -2.5                                        LAT1 / LAT2 / DLAT  
  -180.0 180.0   5.0                                        LON1 / LON2 / DLON  
    -1                                                      EXPONENT            
                                                            END OF HEADER       
[from data line 2574]
     7                                                      START OF TEC MAP    
  2015     2    13    12     0     0                        EPOCH OF CURRENT MAP
    87.5-180.0 180.0   5.0 450.0                            LAT/LON1/LON2/DLON/H
   80  100  104  108  110  112  115  116  118  119  120  121  121  121  121  120
  119  119  117  117  116  117  116  118  117  118  117  117  116  115  113  113
  110  109  106  105  101  100   96   97   92   92   87   88   83   84   79   80
   75   76   72   73   69   71   67   70   67   71   68   73   70   75   73   78
   77   83   83   87   88   89   99   86   80                                   
    85.0-180.0 180.0   5.0 450.0                            LAT/LON1/LON2/DLON/H
   87   86   92   98  102  106  111  113  116  117  118  119  119  120  119  118
  116  115  113  112  111  111  110  110  111  111  112  111  113  112  113  111
  111  108  107  104  101  100   96   94   90   88   83   80   75   73   68   65
   61   59   55   54   50   51   48   49   47   49   48   50   50   52   53   54
   56   59   62   66   71   77   85   94   87                                   
    82.5-180.0 180.0   5.0 450.0                            LAT/LON1/LON2/DLON/H
   86   85   89   90   98  101  108  110  115  115  119  118  120  119  119  116
  116  112  111  108  108  106  107  107  110  111  113  114  117  116  119  117
  119  115  116  110  110  104  103   97   95   89   87   81   78   73   69   65
   61   56   53   50   47   45   43   42   40   41   40   41   40   42   42   45
   46   50   54   56   61   62   69   77   86                                   
    80.0-180.0 180.0   5.0 450.0                            LAT/LON1/LON2/DLON/H
   80   77   77   83   89   92  100  103  108  109  113  112  115  112  113  109
  109  104  104   99  100   97  100  100  103  105  109  112  116  119  122  125
  126  127  126  125  124  120  119  115  112  107  105   98   97   88   88   79
   78   68   67   59   58   52   51   48   46   45   44   44   43   44   45   44
   47   47   52   51   56   53   59   70   80                                   
    77.5-180.0 180.0   5.0 450.0                            LAT/LON1/LON2/DLON/H
   73   69   69   71   78   81   86   92   94   98   99  102   99  102   97   98
   92   93   88   89   85   88   87   93   94  102  104  113  117  126  129  136
  138  142  142  145  142  142  138  137  131  131  126  125  118  116  109  105
   97   95   87   84   76   74   67   67   61   62   57   60   55   58   54   56
   52   56   53   53   52   52   54   64   73                                   
    75.0-180.0 180.0   5.0 450.0                            LAT/LON1/LON2/DLON/H
   70   59   59   60   68   71   77   78   83   84   86   86   85   85   83   82
   78   77   74   74   73   75   78   84   88   95  101  111  119  128  137  144
  151  154  159  161  164  163  163  161  159  158  155  153  149  146  140  136
  129  125  117  112  105  100   93   89   83   82   77   78   73   74   70   69
   64   64   61   58   55   53   52   60   70                                   
    72.5-180.0 180.0   5.0 450.0                            LAT/LON1/LON2/DLON/H
   66   58   53   54   59   63   68   71   73   74   74   73   73   71   70   68
   67   65   64   65   65   69   70   79   83   94  100  114  122  136  146  158
  165  171  177  181  186  186  189  187  187  185  184  183  181  178  174  168
  163  155  151  141  134  126  118  110  104  100   95   93   91   89   86   84
   80   77   72   67   61   56   55   63   66                                   
    70.0-180.0 180.0   5.0 450.0                            LAT/LON1/LON2/DLON/H
   68   54   50   49   55   57   64   63   67   65   67   63   63   60   60   57
   58   56   58   58   61   66   73   81   90   97  107  117  129  141  155  166
  179  185  194  200  207  208  210  210  211  211  209  209  208  206  203  198
  193  185  177  165  156  144  134  123  115  106  101   97   94   95   94   93
   90   88   83   76   69   64   62   61   68                                   
    67.5-180.0 180.0   5.0 450.0                            LAT/LON1/LON2/DLON/H
   69   58   51   51   53   56   58   61   62   61   60   58   56   55   56   56
   57   57   59   61   64   68   74   85   91  102  110  120  133  146  162  175
  190  198  210  218  226  225  229  225  229  225  227  225  227  224  220  214
  208  196  189  174  166  151  140  126  116  106   99   92   90   89   90   90
   90   89   86   79   74   67   65   68   69                                   
    65.0-180.0 180.0   5.0 450.0                            LAT/LON1/LON2/DLON/H
   70   59   53   50   57   56   61   60   63   59   59   56   56   54   55   54
   57   56   59   59   63   69   78   88   99  106  118  126  140  152  170  184
  200  211  224  234  241  242  243  241  242  241  239  241  237  239  229  223
  215  203  193  178  166  149  133  117  106   93   84   77   73   73   74   77
   80   82   82   78   73   70   68   68   70                                   
    62.5-180.0 180.0   5.0 450.0                            LAT/LON1/LON2/DLON/H
   67   60   52   53   53   55   56   59   58   57   55   54   53   53   55   55
   60   59   64   65   68   72   78   89   99  110  119  131  142  158  174  189
  207  218  233  239  246  245  248  245  248  245  247  246  245  241  234  223
  215  202  191  174  164  146  128  110   97   83   71   63   58   56   57   61
   65   68   71   71   70   66   64   70   67                                   
    60.0-180.0 180.0   5.0 450.0                            LAT/LON1/LON2/DLON/H
   66   58   52   49   54   52   58   55   59   54   56   53   53   53   55   56
   59   59   62   62   65   69   76   89  101  112  125  134  148  161  177  191
  212  224  238  244  252  250  253  253  255  255  253  256  249  249  236  228
  218  206  193  178  162  144  124  106   88   74   62   53   49   45   46   49
   53   57   61   63   63   64   63   67   66                                   
    57.5-180.0 180.0   5.0 450.0                            LAT/LON1/LON2/DLON/H
   65   59   50   50   48   48   50   52   53   52   51   50   49   49   52   53
   56   56   60   60   66   70   77   88  101  115  128  141  151  168  181  198
  215  230  241  249  255  255  261  260  264  263  266  266  262  256  246  233
  224  211  199  185  171  152  133  116   98   85   69   61   55   50   50   49
   51   53   58   59   61   62   60   67   65                                   
    55.0-180.0 180.0   5.0 450.0                            LAT/LON1/LON2/DLON/H
   70   59   51   49   50   45   52   47   54   48   52   48   49   47   48   49
   51   52   53   55   57   64   70   87   98  118  128  146  156  175  187  206
  223  240  250  260  265  267  270  273  274  279  278  284  274  275  261  253
  241  232  219  205  186  167  147  131  113  100   88   79   70   68   62   58
   54   57   58   61   62   65   65   67   70                                   
    52.5-180.0 180.0   5.0 450.0                            LAT/LON1/LON2/DLON/H
   79   68   55   54   49   47   47   48   50   48   49   47   47   44   44   43
   45   46   50   53   58   65   74   89  103  122  136  152  165  185  197  216
  232  249  259  269  276  279  283  284  290  293  299  301  299  291  281  268
  257  246  235  219  205  184  167  151  137  127  116  109  100   96   90   81
   74   70   71   69   70   71   71   77   79                                   
    50.0-180.0 180.0   5.0 450.0                            LAT/LON1/LON2/DLON/H
   93   77   66   62   59   54   57   51   56   50   54   51   52   46   44   43
   43   45   48   53   56   66   75   96  109  130  144  161  172  192  204  223
  239  258  268  281  287  293  294  299  300  309  309  318  312  314  302  294
  280  273  258  245  225  204  185  169  157  149  142  138  131  128  119  111
   96   89   85   85   84   89   89   90   93                                   
    47.5-180.0 180.0   5.0 450.0                            LAT/LON1/LON2/DLON/H
  108   96   84   76   70   64   63   61   62   58   61   57   58   51   49   45
   48   49   54   58   65   75   88  108  125  142  156  172  183  201  211  230
  243  261  272  286  296  301  307  311  317  321  326  329  329  326  315  304
  291  280  268  252  234  213  194  174  167  159  158  155  154  151  143  136
  122  111  106   99  101  100  104  111  108                                   
    45.0-180.0 180.0   5.0 450.0                            LAT/LON1/LON2/DLON/H
  121  113  102   95   91   83   83   75   76   70   74   69   71   63   61   57
   59   60   64   68   74   86   98  123  139  157  172  185  193  207  215  232
  244  263  276  294  307  315  320  327  327  334  330  338  334  335  324  316
  302  293  278  263  240  217  193  173  164  156  157  156  158  158  154  146
  133  126  115  115  112  117  120  125  121                                   
    42.5-180.0 180.0   5.0 450.0                            LAT/LON1/LON2/DLON/H
  129  127  119  113  108  100   97   90   89   84   87   82   82   73   71   67
   70   71   76   79   86   99  115  138  155  170  183  195  199  209  214  228
  240  258  274  297  314  324  335  340  343  345  342  345  342  339  327  317
  305  293  279  262  240  211  185  163  151  141  142  141  146  146  144  137
  129  121  116  113  115  116  127  135  129                                   
    40.0-180.0 180.0   5.0 450.0                            LAT/LON1/LON2/DLON/H
  132  133  128  124  125  118  116  105  102   98  100   97   97   87   86   82
   85   85   88   91   96  112  124  150  167  183  195  201  205  210  215  225
  240  259  281  306  330  344  355  362  359  363  354  357  351  347  335  326
  312  304  290  273  247  215  184  160  143  128  126  123  128  128  127  120
  113  110  103  106  103  112  119  129  132                                   
    37.5-180.0 180.0   5.0 450.0                            LAT/LON1/LON2/DLON/H
  124  127  123  125  127  123  120  112  107  104  106  105  104   97   94   94
   96   98   98  102  106  122  136  159  176  191  200  208  207  212  213  225
  239  262  286  315  344  363  379  385  385  385  379  377  372  368  357  348
  336  328  314  298  273  239  205  178  157  138  129  120  121  116  113  105
  102   98   96   93   92   95  102  117  124                                   
    35.0-180.0 180.0   5.0 450.0                            LAT/LON1/LON2/DLON/H
  117  116  113  117  125  123  123  113  110  106  110  109  112  104  105  103
  106  107  107  109  112  129  142  168  187  201  210  213  215  217  226  236
  257  279  310  340  371  396  412  420  418  419  411  408  404  398  391  384
  379  374  364  349  327  297  260  231  202  180  161  147  138  129  120  112
  102   97   90   88   80   86   89   99  117                                   
    32.5-180.0 180.0   5.0 450.0                            LAT/LON1/LON2/DLON/H
  111  105   99  107  113  115  115  110  105  104  105  108  109  107  107  109
  109  111  110  114  116  135  149  175  191  206  214  221  224  232  242  261
  282  311  342  372  405  435  456  465  466  464  459  457  454  453  449  451
  449  451  448  437  420  391  365  334  308  279  253  228  210  192  181  161
  143  124  112   97   86   79   78   78  111                                   
    30.0-180.0 180.0   5.0 450.0                            LAT/LON1/LON2/DLON/H
  100   86   85   97  106  107  110  103  103   98  104  104  110  105  108  106
  109  108  111  111  119  139  157  183  202  216  226  233  245  258  279  304
  327  356  387  422  461  493  509  526  519  526  519  520  518  519  519  527
  529  538  537  531  515  496  467  448  417  395  364  346  321  295  261  232
  195  174  146  133  113   99   90   64  100                                   
    27.5-180.0 180.0   5.0 450.0                            LAT/LON1/LON2/DLON/H
   85   95   82   84   92   98  102  100   95   95   96  101  102  101  101  103
  103  105  106  112  123  145  167  191  209  224  236  255  274  302  319  340
  367  397  438  471  519  552  575  587  586  593  591  600  598  606  607  618
  622  636  641  637  640  626  619  596  578  539  510  485  452  422  378  336
  282  250  209  183  149  124  121   59   85                                   
    25.0-180.0 180.0   5.0 450.0                            LAT/LON1/LON2/DLON/H
  104  116  102   92   89   88   92   89   92   91   98   98  104   97  101   96
  100   99  106  113  129  155  179  201  218  232  251  279  309  336  350  381
  417  456  489  521  560  598  624  642  645  655  659  677  680  691  699  707
  717  732  745  752  757  749  740  721  696  664  626  598  569  539  502  465
  405  353  302  262  217  182  155  108  104                                   
    22.5-180.0 180.0   5.0 450.0                            LAT/LON1/LON2/DLON/H
  146  145  131  117  110   96   97   92   91   92   95   99  100   97   94   93
   94   97  103  116  137  167  190  211  224  243  265  304  333  355  380  427
  469  506  538  565  605  644  663  686  692  708  719  737  743  752  755  769
  782  801  820  831  834  825  814  796  773  744  712  675  640  608  562  533
  488  457  408  362  309  266  233  171  146                                   
    20.0-180.0 180.0   5.0 450.0                            LAT/LON1/LON2/DLON/H
  197  199  174  150  131  121  116  109  105   97   98   95  101   94   97   88
   93   93  103  120  143  177  200  214  226  247  279  324  354  385  420  472
  510  549  572  603  641  672  692  715  724  744  757  773  776  784  795  811
  824  835  853  861  863  850  842  819  799  767  745  714  689  651  605  580
  535  513  477  439  389  339  297  254  197                                   
    17.5-180.0 180.0   5.0 450.0                            LAT/LON1/LON2/DLON/H
  248  240  211  182  163  144  133  124  122  113  107  107  104  100   98   93
   92   98  105  128  150  191  205  222  230  258  285  333  363  408  455  508
  545  579  599  632  661  688  706  730  739  762  775  788  788  800  808  825
  835  841  849  852  860  848  833  804  779  734  714  686  671  633  604  579
  553  532  507  475  437  388  337  304  248                                   
    15.0-180.0 180.0   5.0 450.0                            LAT/LON1/LON2/DLON/H
  279  272  249  216  189  167  149  142  131  130  116  112  105  101  100   95
   95   95  106  125  152  187  208  222  239  263  297  345  386  437  475  525
  554  589  611  633  658  679  702  728  740  758  772  786  787  795  804  818
  826  828  826  815  813  799  788  760  727  673  646  628  613  593  574  564
  543  532  511  478  445  406  361  338  279                                   
    12.5-180.0 180.0   5.0 450.0                            LAT/LON1/LON2/DLON/H
  297  284  265  234  206  179  163  147  142  137  129  123  112  109  102   99
   96  102  106  131  156  195  212  235  240  271  305  355  405  455  491  536
  564  595  611  628  646  662  694  715  736  756  766  783  784  791  793  806
  805  808  794  781  758  738  711  682  634  580  545  529  524  518  517  522
  513  503  479  458  430  399  368  353  297                                   
    10.0-180.0 180.0   5.0 450.0                            LAT/LON1/LON2/DLON/H
  292  282  267  239  223  192  171  159  142  142  133  129  115  112  103   99
   96  105  111  134  164  202  219  234  249  280  322  368  418  463  491  525
  549  584  596  601  626  634  676  697  725  746  762  772  780  785  790  797
  798  792  780  753  727  694  664  616  560  486  460  422  434  429  448  452
  457  454  447  428  408  379  361  340  292                                   
     7.5-180.0 180.0   5.0 450.0                            LAT/LON1/LON2/DLON/H
  285  272  262  241  226  197  174  157  148  140  137  128  114  109  101  101
  100  109  120  148  171  200  211  233  250  298  333  386  432  469  495  527
