data/unet/pred1090.15i
     1.0            IONOSPHERE MAPS     GNSS                IONEX VERSION / TYPE
pyspatialgeodesy        IME             05-JAN-18 20:20     PGM / RUN BY / DATE 
Map Name                                                    COMMENT             
Predicted global ionosphere maps (GIM).                     DESCRIPTION         
  2015     4    19     0     0     0                        EPOCH OF FIRST MAP  
  2015     4    20     0     0     0                        EPOCH OF LAST MAP   
  7200                                                      INTERVAL            
    13                                                      # OF MAPS IN FILE   
  NONE                                                      MAPPING FUNCTION    
10.0                                                        ELEVATION CUTOFF    
One-way carrier phase leveled to code                       OBSERVABLES USED    
  6371.0                                                    BASE RADIUS         
 2                                                          MAP DIMENSION       
   450.0 450.0   0.0                                        HGT1 / HGT2 / DHGT  
    87.5 -87.5  -2.5                                        LAT1 / LAT2 / DLAT  
  -180.0 180.0   5.0                                        LON1 / LON2 / DLON  
    -1                                                      EXPONENT            
                                                            END OF HEADER       
[from data line 3432]
     9                                                      START OF TEC MAP    
  2015     4    19    16     0     0                        EPOCH OF CURRENT MAP
    87.5-180.0 180.0   5.0 450.0                            LAT/LON1/LON2/DLON/H
  216  225  228  237  237  242  240  246  243  249  247  250  249  252  250  253
  252  254  253  254  253  254  253  252  251  249  248  245  243  240  238  235
  233  230  229  226  225  222  222  219  220  216  217  214  215  212  213  209
  210  208  209  207  208  207  208  207  208  208  208  210  210  211  211  213
  214  217  217  217  215  215  221  217  216                                   
    85.0-180.0 180.0   5.0 450.0                            LAT/LON1/LON2/DLON/H
  214  219  224  232  236  237  242  242  248  248  253  252  256  255  258  257
  259  258  260  258  260  258  259  257  257  255  254  251  248  245  242  238
  235  231  228  225  222  220  218  214  214  211  211  209  209  207  207  204
  205  203  205  202  204  202  204  203  205  204  205  204  206  206  208  207
  212  211  216  213  216  210  216  203  214                                   
    82.5-180.0 180.0   5.0 450.0                            LAT/LON1/LON2/DLON/H
  208  206  209  217  220  225  227  233  234  239  239  244  244  248  248  252
  250  254  253  256  254  257  254  256  253  255  250  251  244  244  237  236
  229  227  221  219  213  212  207  205  202  202  200  200  199  199  198  198
  196  198  196  197  195  196  195  196  195  196  195  196  195  196  195  197
  198  200  202  204  205  201  204  195  208                                   
    80.0-180.0 180.0   5.0 450.0                            LAT/LON1/LON2/DLON/H
  188  189  190  199  199  205  205  212  212  218  218  223  223  227  227  232
  232  235  236  239  238  240  238  240  237  238  235  234  230  228  223  221
  216  214  210  208  203  202  197  196  193  193  191  191  190  192  190  192
  191  193  192  194  193  195  193  195  193  194  191  192  190  190  188  189
  188  189  189  191  189  190  185  182  188                                   
    77.5-180.0 180.0   5.0 450.0                            LAT/LON1/LON2/DLON/H
  172  175  176  183  183  187  190  194  195  198  199  203  203  206  208  211
  213  215  218  221  223  224  226  225  226  224  225  220  221  215  216  210
  211  205  206  201  201  197  195  192  191  190  190  189  190  190  192  193
  193  195  196  197  197  197  196  196  195  195  191  192  188  189  184  185
  181  183  180  182  178  178  175  176  172                                   
    75.0-180.0 180.0   5.0 450.0                            LAT/LON1/LON2/DLON/H
  166  169  170  174  176  178  180  183  185  186  187  188  190  191  193  195
  197  200  206  208  213  214  217  218  219  219  218  216  214  211  209  205
  204  201  200  198  199  196  197  195  196  195  195  195  196  197  198  199
  200  203  204  205  205  206  205  205  203  201  199  196  194  190  188  184
  182  181  180  180  178  177  174  173  166                                   
    72.5-180.0 180.0   5.0 450.0                            LAT/LON1/LON2/DLON/H
  166  173  171  175  174  177  176  180  178  181  179  182  179  182  181  186
  188  194  198  206  210  216  218  223  221  223  221  220  217  215  211  209
  206  204  205  203  205  203  205  201  202  200  202  201  203  202  203  204
  205  207  208  209  209  210  208  210  206  205  198  198  191  190  182  183
  177  180  175  180  174  176  175  175  166                                   
    70.0-180.0 180.0   5.0 450.0                            LAT/LON1/LON2/DLON/H
  164  170  172  173  175  174  177  177  180  179  181  179  179  178  178  180
  183  189  199  207  217  221  228  230  232  231  230  228  224  219  215  212
  209  207  207  207  209  207  209  207  209  208  209  208  209  208  208  209
  209  209  210  210  210  209  209  206  205  200  196  191  187  182  178  174
  172  172  172  175  175  176  175  173  164                                   
    67.5-180.0 180.0   5.0 450.0                            LAT/LON1/LON2/DLON/H
  163  172  172  173  174  176  179  181  181  183  182  182  179  179  179  182
  186  195  207  217  227  234  240  244  244  245  242  239  235  230  226  222
  219  216  216  217  219  219  219  218  219  217  219  216  216  214  213  210
  209  207  206  204  201  201  198  198  192  190  182  180  172  169  160  160
  154  157  155  163  161  166  169  166  163                                   
    65.0-180.0 180.0   5.0 450.0                            LAT/LON1/LON2/DLON/H
  152  160  165  168  173  174  181  181  187  187  191  187  186  184  184  186
  192  202  216  227  240  249  255  258  259  258  255  251  244  240  235  231
  227  225  225  225  227  225  227  225  227  224  224  221  220  216  214  209
  206  201  198  193  190  185  183  179  175  170  165  159  153  146  140  135
  131  133  133  143  145  154  155  154  152                                   
    62.5-180.0 180.0   5.0 450.0                            LAT/LON1/LON2/DLON/H
  138  147  151  158  166  172  179  184  188  192  192  192  189  189  187  192
  198  209  224  234  250  257  265  266  266  263  259  255  249  246  242  239
  238  236  238  237  238  238  238  236  235  231  230  225  222  216  212  205
  199  192  186  180  175  171  166  163  158  155  147  143  133  126  116  112
  105  107  105  115  116  126  132  135  138                                   
    60.0-180.0 180.0   5.0 450.0                            LAT/LON1/LON2/DLON/H
  118  122  128  137  151  159  172  175  186  187  193  189  191  188  191  193
  202  213  230  241  256  263  270  271  271  267  265  261  256  254  252  251
  250  250  251  249  251  248  250  247  245  242  239  234  230  223  216  207
  198  190  181  174  165  158  152  147  142  137  131  125  116  106   96   89
   82   82   79   88   90  102  107  113  118                                   
    57.5-180.0 180.0   5.0 450.0                            LAT/LON1/LON2/DLON/H
  103  103  108  120  133  147  160  170  178  185  189  189  189  191  192  197
  205  215  228  237  249  254  265  264  267  266  262  261  258  259  259  260
  262  263  263  262  262  261  261  259  257  252  250  243  238  230  223  213
  203  193  183  173  162  156  149  145  139  135  127  123  110  102   88   81
   72   71   66   72   71   80   82   89  103                                   
    55.0-180.0 180.0   5.0 450.0                            LAT/LON1/LON2/DLON/H
   81   87   92  104  120  136  150  160  171  177  185  184  188  190  194  201
  208  220  231  240  247  253  257  261  262  264  264  267  266  272  272  278
  278  281  280  279  276  272  274  272  271  269  267  264  257  251  241  232
  220  211  198  190  176  169  161  155  148  142  135  128  118  109   97   88
   77   76   70   73   71   77   79   75   81                                   
    52.5-180.0 180.0   5.0 450.0                            LAT/LON1/LON2/DLON/H
   77   83   87  100  114  132  146  159  169  177  184  188  193  197  203  210
  217  228  235  241  245  246  250  253  258  262  267  272  277  284  291  296
  298  300  299  294  292  287  288  287  289  287  288  285  280  273  264  253
  241  229  218  208  198  190  183  179  171  167  158  153  141  135  122  115
  103   99   91   90   84   83   81   76   77                                   
    50.0-180.0 180.0   5.0 450.0                            LAT/LON1/LON2/DLON/H
   89   90   95  105  120  136  152  162  171  178  186  192  199  207  214  225
  233  244  248  254  252  256  255  264  264  276  277  291  293  307  313  322
  324  325  323  318  313  308  310  308  310  309  312  308  304  296  287  276
  264  253  241  231  221  215  208  203  198  192  185  179  170  165  156  151
  141  136  128  122  114  107  105   93   89                                   
    47.5-180.0 180.0   5.0 450.0                            LAT/LON1/LON2/DLON/H
  117  107  106  115  127  146  160  172  182  190  197  203  213  222  232  246
  254  261  262  265  260  262  261  271  273  286  291  306  313  326  334  340
  345  344  343  335  333  328  328  326  325  325  327  324  320  313  302  291
  278  268  257  248  238  230  225  223  216  213  204  203  195  195  188  187
  178  175  165  160  148  138  133  125  117                                   
    45.0-180.0 180.0   5.0 450.0                            LAT/LON1/LON2/DLON/H
  141  128  125  131  148  162  178  186  198  204  213  218  227  240  254  271
  278  289  283  286  275  282  278  290  292  307  313  332  337  352  356  365
  366  367  365  361  360  356  356  351  348  344  345  339  333  322  312  299
  288  277  265  254  243  234  229  226  224  221  219  217  215  217  215  218
  213  212  206  197  191  178  169  157  141                                   
    42.5-180.0 180.0   5.0 450.0                            LAT/LON1/LON2/DLON/H
  164  150  140  147  159  177  192  204  216  225  234  238  248  258  276  290
  301  309  305  306  295  300  296  309  311  327  332  348  356  366  374  378
  381  381  383  381  383  383  380  371  367  359  356  349  340  329  316  305
  292  281  268  256  242  231  225  222  221  220  217  219  217  223  223  229
  226  229  222  221  212  204  199  187  164                                   
    40.0-180.0 180.0   5.0 450.0                            LAT/LON1/LON2/DLON/H
  179  163  154  155  171  182  203  217  234  242  253  258  268  281  299  318
  328  336  332  332  320  326  323  336  337  352  358  372  380  389  393  400
  401  408  412  420  422  426  419  413  400  389  375  360  347  332  321  306
  294  280  267  252  237  224  217  210  210  208  210  208  214  217  224  228
  232  231  229  224  224  212  207  196  179                                   
    37.5-180.0 180.0   5.0 450.0                            LAT/LON1/LON2/DLON/H
  185  170  158  160  169  188  206  227  245  260  271  277  287  298  317  331
  343  352  349  350  342  348  347  356  358  368  374  384  393  399  410  414
  424  436  448  457  463  464  456  449  432  417  399  380  361  345  331  317
  305  287  275  254  245  228  222  214  210  204  201  199  203  205  211  217
  220  219  214  214  206  204  204  194  185                                   
    35.0-180.0 180.0   5.0 450.0                            LAT/LON1/LON2/DLON/H
  177  161  150  151  163  176  201  224  251  270  286  295  307  321  338  353
  362  369  369  371  369  376  378  386  385  395  401  409  415  425  430  452
  462  488  499  518  520  527  513  506  482  466  441  420  397  377  353  327
  311  290  274  253  241  223  217  211  209  207  208  212  213  210  210  210
  211  209  204  200  194  189  189  179  177                                   
    32.5-180.0 180.0   5.0 450.0                            LAT/LON1/LON2/DLON/H
  169  146  135  137  147  164  190  219  253  280  298  313  326  340  356  368
  375  384  384  392  393  404  404  414  411  417  422  431  443  458  477  504
  525  554  566  584  586  587  573  561  535  515  484  450  421  397  380  365
  351  339  325  308  284  268  251  245  233  229  221  223  226  230  240  235
  226  217  202  188  176  169  168  160  169                                   
    30.0-180.0 180.0   5.0 450.0                            LAT/LON1/LON2/DLON/H
  150  137  126  131  143  155  184  212  253  285  310  332  348  363  379  391
  398  405  410  418  424  433  438  446  444  454  457  476  489  518  541  574
  596  621  641  658  668  672  661  648  621  583  535  498  470  449  438  421
  418  405  400  380  361  341  321  306  290  284  279  283  278  282  267  266
  255  244  217  200  186  175  167  150  150                                   
    27.5-180.0 180.0   5.0 450.0                            LAT/LON1/LON2/DLON/H
  135  135  129  128  132  150  176  213  258  296  325  348  370  385  401  409
  419  427  434  448  453  467  469  480  481  495  507  533  557  593  620  652
  674  703  728  741  750  744  733  716  688  654  597  555  517  498  487  478
  476  467  459  443  427  411  391  372  350  346  336  352  351  356  339  337
  318  312  281  247  208  183  164  149  135                                   
    25.0-180.0 180.0   5.0 450.0                            LAT/LON1/LON2/DLON/H
  118  126  125  134  144  158  184  217  262  303  335  364  387  409  424  437
  447  456  468  484  494  504  509  522  529  552  570  602  630  665  697  731
  768  789  812  819  824  814  799  774  740  702  651  604  571  550  536  520
  516  506  496  482  467  455  431  421  401  409  413  429  439  423  403  381
  358  333  311  283  258  234  189  156  118                                   
    22.5-180.0 180.0   5.0 450.0                            LAT/LON1/LON2/DLON/H
  140  144  132  140  144  168  186  223  260  303  341  367  397  418  441  456
  475  486  503  522  534  548  552  569  581  613  641  676  707  750  789  810
  835  845  864  858  864  843  831  805  777  745  709  660  623  599  583  563
  548  534  527  514  502  494  478  469  461  472  480  499  509  488  464  438
  401  372  337  309  271  237  225  175  140                                   
    20.0-180.0 180.0   5.0 450.0                            LAT/LON1/LON2/DLON/H
  174  173  153  142  155  169  197  228  266  302  339  370  398  428  447  475
  495  513  535  555  572  585  595  615  638  675  706  748  790  837  863  884
  893  900  897  889  875  861  840  820  793  766  734  697  661  628  607  578
  566  548  536  525  519  519  511  516  515  521  539  551  554  526  501  468
  435  407  364  333  292  260  233  198  174                                   
    17.5-180.0 180.0   5.0 450.0                            LAT/LON1/LON2/DLON/H
  186  180  158  160  166  180  206  237  268  297  331  364  396  421  448  472
  501  527  559  584  606  619  632  659  692  733  778  822  871  900  927  932
  939  922  910  882  866  843  827  808  792  767  743  700  657  614  587  551
  547  526  522  514  521  527  539  541  544  546  563  570  575  553  527  490
  460  426  381  347  308  271  249  222  186                                   
    15.0-180.0 180.0   5.0 450.0                            LAT/LON1/LON2/DLON/H
  205  177  168  156  164  178  201  230  268  295  327  357  391  421  443  479
  501  537  568  595  619  639  669  702  746  791  842  888  922  947  949  952
  935  919  888  862  838  823  808  801  787  769  741  689  640  585  549  515
  510  494  498  490  501  513  527  538  544  552  564  568  575  552  534  498
  465  435  384  353  311  278  255  236  205                                   
    12.5-180.0 180.0   5.0 450.0                            LAT/LON1/LON2/DLON/H
  207  180  159  155  155  170  195  222  252  287  319  354  387  419  441  473
  502  540  569  606  633  656  704  743  799  854  895  928  945  951  943  935
  912  889  857  829  811  796  791  783  775  752  716  662  606  543  509  480
  478  472  470  476  481  499  508  525  533  535  544  543  538  530  509  482
  441  413  370  340  300  270  251  235  207                                   
    10.0-180.0 180.0   5.0 450.0                            LAT/LON1/LON2/DLON/H
  205  171  157  143  142  157  176  209  246  280  321  355  394  426  454  486
  514  550  581  611  647  681  732  775  841  889  924  942  942  933  918  904
  879  857  829  809  795  786  782  775  766  743  705  645  588  525  495  467
  483  467  480  468  472  477  489  495  504  505  509  503  486  476  452  422
  399  367  336  305  280  254  242  211  205                                   
     7.5-180.0 180.0   5.0 450.0                            LAT/LON1/LON2/DLON/H
  188  166  146  135  133  143  174  207  248  288  329  363  399  436  472  500
  528  565  590  622  658  699  756  811  862  905  927  928  915  901  886  871
