data/unet/pred0350.15i
     1.0            IONOSPHERE MAPS     GNSS                IONEX VERSION / TYPE
pyspatialgeodesy        IME             05-JAN-18 20:20     PGM / RUN BY / DATE 
Map Name                                                    COMMENT             
Predicted global ionosphere maps (GIM).                     DESCRIPTION         
  2015     2     4     0     0     0                        EPOCH OF FIRST MAP  
  2015     2     5     0     0     0                        EPOCH OF LAST MAP   
  7200                                                      INTERVAL            
    13                                                      # OF MAPS IN FILE   
  NONE                                                      MAPPING FUNCTION    
10.0                                                        ELEVATION CUTOFF    
One-way carrier phase leveled to code                       OBSERVABLES USED    
  6371.0                                                    BASE RADIUS         
 2                                                          MAP DIMENSION       
   450.0 450.0   0.0                                        HGT1 / HGT2 / DHGT  
    87.5 -87.5  -2.5                                        LAT1 / LAT2 / DLAT  
  -180.0 180.0   5.0                                        LON1 / LON2 / DLON  
    -1                                                      EXPONENT            
                                                            END OF HEADER       
[from data line 4719]
    12                                                      START OF TEC MAP    
  2015     2     4    22     0     0                        EPOCH OF CURRENT MAP
    87.5-180.0 180.0   5.0 450.0                            LAT/LON1/LON2/DLON/H
  178  132  114  118  117  118  120  121  124  125  127  128  130  130  130  130
  130  129  128  126  125  123  122  119  118  116  115  112  111  108  107  104
  102  101   99   98   96   95   95   94   93   94   94   94   95   95   96   97
   98   99  100  102  103  104  105  106  107  108  108  110  109  111  110  111
  111  112  111  112  112  112  112  148  178                                   
    85.0-180.0 180.0   5.0 450.0                            LAT/LON1/LON2/DLON/H
  122  108  110  115  115  116  118  122  126  130  132  136  138  140  142  142
  143  141  141  138  137  134  131  128  125  121  118  115  112  108  105  102
   99   96   94   92   91   89   89   88   88   88   89   89   90   91   92   93
   94   96   97   99  100  102  102  105  104  106  106  107  106  107  106  106
  105  105  104  103  104  101  101  122  122                                   
    82.5-180.0 180.0   5.0 450.0                            LAT/LON1/LON2/DLON/H
  107  101  103  110  111  115  119  128  132  141  145  154  156  163  162  167
  165  166  161  160  154  151  144  142  134  132  125  122  117  113  108  104
  101   96   95   91   90   87   88   86   87   86   89   89   91   92   94   95
   97   99  101  104  106  108  109  111  111  113  111  113  110  111  108  108
  105  104  101   99   95   91   90  109  107                                   
    80.0-180.0 180.0   5.0 450.0                            LAT/LON1/LON2/DLON/H
  102   97   98  103  109  115  125  135  146  156  166  174  182  189  192  195
  193  191  186  180  173  166  160  153  148  141  136  131  127  121  117  111
  109  103  101   96   95   92   91   91   89   91   90   93   93   95   97   99
  102  104  107  109  112  114  115  117  118  118  118  117  116  114  112  110
  106  104   99   95   90   86   83   97  102                                   
    77.5-180.0 180.0   5.0 450.0                            LAT/LON1/LON2/DLON/H
   94   93   94   99  107  114  128  141  157  170  184  195  205  212  216  216
  216  209  205  194  188  178  173  166  161  155  150  145  140  134  130  124
  119  114  111  106  103  100   98   97   95   96   96   97   97  100  100  103
  103  106  108  111  112  115  116  118  118  118  117  116  115  112  110  106
  104   99   98   91   89   82   80   92   94                                   
    75.0-180.0 180.0   5.0 450.0                            LAT/LON1/LON2/DLON/H
   97   96  100  105  113  124  140  156  174  190  207  219  230  236  239  236
  231  222  211  200  189  180  172  167  162  159  156  154  149  144  139  136
  131  127  123  120  115  113  109  109  106  106  105  105  105  105  105  106
  106  107  108  110  111  113  113  115  114  115  113  113  111  109  107  105
  102  100   97   93   90   89   87   98   97                                   
    72.5-180.0 180.0   5.0 450.0                            LAT/LON1/LON2/DLON/H
  110  111  113  119  127  138  156  175  196  216  234  249  258  263  261  253
  240  227  210  197  183  175  167  165  161  162  162  162  159  155  150  146
  142  138  133  129  124  121  117  115  113  112  112  111  109  109  108  108
  106  105  105  105  106  106  107  108  108  108  107  107  106  105  103  102
  101  100  101   99   99   98  101  111  110                                   
    70.0-180.0 180.0   5.0 450.0                            LAT/LON1/LON2/DLON/H
  132  129  133  137  144  156  175  196  221  242  264  279  289  290  281  266
  245  227  209  191  176  166  160  155  155  154  156  157  156  152  148  143
  139  135  131  128  124  122  118  116  114  112  111  110  108  106  105  103
  101   99   97   97   96   97   97   99   99  100   98   99   97   97   95   97
   96  100  102  103  105  109  114  125  132                                   
    67.5-180.0 180.0   5.0 450.0                            LAT/LON1/LON2/DLON/H
  156  154  153  159  164  176  195  218  244  270  292  309  315  314  298  278
  247  224  201  182  166  156  149  146  143  144  142  145  141  140  134  132
  127  124  120  118  113  112  109  108  106  104  104  102  101   99   97   95
   93   90   88   87   85   86   86   88   88   89   88   89   86   87   86   87
   89   94  100  105  112  120  128  141  156                                   
    65.0-180.0 180.0   5.0 450.0                            LAT/LON1/LON2/DLON/H
  180  175  176  180  187  196  215  235  264  290  314  331  337  333  317  288
  258  228  200  179  163  151  144  138  135  129  126  123  118  114  109  106
  102  100   98   96   94   93   92   91   90   89   89   88   87   86   84   83
   81   79   77   75   75   73   74   74   77   77   79   77   77   75   75   76
   80   86   95  103  114  126  138  156  180                                   
    62.5-180.0 180.0   5.0 450.0                            LAT/LON1/LON2/DLON/H
  199  194  194  200  206  214  232  254  281  308  332  350  354  351  334  306
  273  242  210  185  166  153  141  133  124  116  106   98   90   86   81   80
   77   76   75   74   74   73   73   72   72   72   72   72   72   71   70   69
   68   66   64   63   62   62   62   65   66   69   68   69   66   66   64   65
   69   77   87   98  113  130  143  166  199                                   
    60.0-180.0 180.0   5.0 450.0                            LAT/LON1/LON2/DLON/H
  211  202  209  214  222  231  248  266  292  317  341  357  365  361  349  324
  295  266  234  205  183  165  148  134  120  106   91   79   69   64   59   61
   58   61   58   60   57   57   56   56   56   57   57   58   58   57   57   56
   55   55   53   52   52   53   55   57   60   61   61   60   58   55   53   54
   59   68   79   92  109  128  146  171  211                                   
    57.5-180.0 180.0   5.0 450.0                            LAT/LON1/LON2/DLON/H
  220  213  222  233  243  252  267  283  304  326  346  362  370  372  361  346
  321  298  268  241  210  186  162  142  118  101   82   68   60   53   52   51
   53   52   53   51   50   47   46   45   46   46   47   47   48   46   46   45
   45   45   44   45   46   48   51   55   58   60   59   57   54   52   49   51
   55   64   76   93  111  130  147  176  220                                   
    55.0-180.0 180.0   5.0 450.0                            LAT/LON1/LON2/DLON/H
  228  223  241  254  268  278  291  302  319  332  348  361  371  375  372  365
  348  332  304  280  246  215  183  154  127  104   85   71   63   58   57   58
   58   58   57   56   52   49   46   45   44   45   47   47   48   46   45   44
   43   44   43   45   46   50   53   59   62   64   62   60   55   52   50   53
   59   70   84  101  119  138  156  185  228                                   
    52.5-180.0 180.0   5.0 450.0                            LAT/LON1/LON2/DLON/H
  243  241  265  285  301  312  324  333  340  348  355  365  371  379  379  382
  372  364  341  317  282  245  208  174  143  118   99   85   77   73   72   73
   73   72   69   66   62   58   53   52   51   52   53   53   54   52   50   48
   47   47   48   50   52   56   60   65   70   70   69   65   62   58   58   62
   71   84  101  120  138  156  171  201  243                                   
    50.0-180.0 180.0   5.0 450.0                            LAT/LON1/LON2/DLON/H
  264  264  295  316  336  350  362  365  369  366  365  368  371  380  383  392
  387  387  366  346  311  275  236  200  169  141  124  108  102   95   96   92
   92   87   83   79   75   70   66   64   63   64   66   66   68   66   65   62
   60   60   60   62   64   68   71   78   80   81   77   74   68   67   67   75
   87  103  125  146  164  181  197  224  264                                   
    47.5-180.0 180.0   5.0 450.0                            LAT/LON1/LON2/DLON/H
  288  295  330  353  373  386  397  402  401  394  383  380  375  383  386  397
  397  397  381  361  330  294  260  224  195  169  152  136  127  120  116  110
  104   99   94   90   86   82   79   77   77   79   81   83   85   83   82   78
   77   76   77   78   80   82   87   90   94   92   88   83   79   77   80   90
  105  125  150  174  193  210  226  254  288                                   
    45.0-180.0 180.0   5.0 450.0                            LAT/LON1/LON2/DLON/H
  315  328  362  383  403  418  426  432  426  415  397  388  380  387  389  402
  400  402  385  370  341  311  281  250  223  196  179  160  149  135  127  114
  107   98   94   91   90   89   87   85   86   88   93   95  100   99   99   96
   96   95   96   97   99  101  103  106  106  104   97   92   85   86   88  101
  118  142  169  196  217  237  255  280  315                                   
    42.5-180.0 180.0   5.0 450.0                            LAT/LON1/LON2/DLON/H
  336  355  387  408  423  437  446  453  449  437  415  404  393  397  396  406
  403  400  385  371  349  324  298  270  246  218  197  176  159  141  125  109
   99   91   88   89   92   94   93   93   94   97  102  107  113  113  114  112
  112  112  114  115  116  117  119  119  119  113  107   99   94   93   98  109
  129  154  182  209  235  258  276  302  336                                   
    40.0-180.0 180.0   5.0 450.0                            LAT/LON1/LON2/DLON/H
  355  372  398  416  432  444  454  463  458  448  429  417  406  407  402  410
  403  401  388  381  362  341  316  289  263  234  207  181  158  134  114   97
   88   82   83   88   95   99  101  100  100  103  109  114  121  122  125  124
  126  126  130  130  132  132  134  133  130  122  113  105   98   98  102  114
  133  158  184  211  238  265  286  315  355                                   
    37.5-180.0 180.0   5.0 450.0                            LAT/LON1/LON2/DLON/H
  362  381  403  418  428  440  451  461  461  455  440  432  420  420  413  416
  408  405  394  391  376  359  333  301  272  237  207  178  153  126  107   91
   84   82   88   96  107  113  115  113  111  111  116  121  126  128  129  129
  131  133  135  137  139  140  140  140  136  127  118  108  103  101  107  117
  135  156  180  204  232  261  288  321  362                                   
    35.0-180.0 180.0   5.0 450.0                            LAT/LON1/LON2/DLON/H
  373  387  403  413  422  428  439  450  455  452  447  440  432  428  420  421
  410  409  402  402  391  374  347  309  274  234  205  174  151  127  114  103
  103  104  113  123  133  139  139  134  130  127  129  131  134  132  133  132
  135  135  139  139  142  143  144  143  139  131  121  113  107  107  112  124
  137  156  175  195  220  250  282  320  373                                   
    32.5-180.0 180.0   5.0 450.0                            LAT/LON1/LON2/DLON/H
  381  396  408  419  419  424  432  442  451  453  453  450  445  441  431  430
  418  418  413  416  406  389  358  313  273  233  204  180  162  149  145  144
  151  155  165  168  174  173  169  162  155  150  148  147  145  140  136  133
  133  131  132  131  134  136  139  139  136  130  122  116  113  114  121  132
  146  161  176  192  213  245  281  325  381                                   
    30.0-180.0 180.0   5.0 450.0                            LAT/LON1/LON2/DLON/H
  397  411  422  427  429  427  433  440  448  452  456  455  452  446  435  430
  419  421  420  424  417  397  364  316  275  236  214  195  193  190  204  213
  229  237  238  234  222  213  201  190  180  176  172  168  160  152  143  138
  133  129  125  123  124  127  132  131  130  126  121  118  119  124  134  149
  163  178  191  202  220  251  291  341  397                                   
    27.5-180.0 180.0   5.0 450.0                            LAT/LON1/LON2/DLON/H
  418  435  448  460  458  459  460  463  466  471  471  469  466  462  445  439
  423  425  424  432  423  404  366  320  285  256  245  240  252  271  299  331
  357  366  353  324  291  258  236  223  210  202  199  190  177  162  149  138
  130  118  111  104  108  109  119  119  123  120  120  119  125  132  150  170
  195  210  225  233  250  283  321  372  418                                   
    25.0-180.0 180.0   5.0 450.0                            LAT/LON1/LON2/DLON/H
  454  471  489  500  510  506  509  505  505  504  501  492  484  475  456  447
  427  426  424  427  421  396  365  327  305  289  292  306  339  385  434  490
  496  491  446  417  358  314  274  258  242  238  232  219  201  180  162  148
  135  123  110  101   98  101  105  109  107  109  104  110  113  128  149  183
  212  237  256  273  294  327  369  409  454                                   
    22.5-180.0 180.0   5.0 450.0                            LAT/LON1/LON2/DLON/H
  494  518  544  561  574  578  578  577  569  565  554  543  520  505  482  470
  445  436  426  429  417  395  368  348  343  350  373  407  455  506  549  581
  556  527  483  428  380  334  304  280  268  265  264  254  237  215  195  179
  164  146  132  117  112  109  114  112  111  107  104  106  111  127  159  197
  240  270  298  317  346  387  422  456  494                                   
    20.0-180.0 180.0   5.0 450.0                            LAT/LON1/LON2/DLON/H
  542  572  610  633  661  662  672  663  661  648  636  613  585  549  514  495
  466  455  434  426  413  392  383  379  396  422  464  511  544  608  617  622
  590  556  500  439  374  334  300  288  281  285  288  283  268  246  223  204
  183  165  149  137  131  130  127  126  117  114  107  108  109  126  159  211
  259  302  331  359  386  428  472  504  542                                   
    17.5-180.0 180.0   5.0 450.0                            LAT/LON1/LON2/DLON/H
  585  632  676  715  746  766  769  765  751  741  720  700  662  625  571  546
  511  486  455  438  419  408  409  425  456  501  543  573  607  631  634  618
  585  537  466  402  349  315  285  278  279  288  295  295  286  267  249  227
  207  185  168  154  147  144  144  138  131  123  117  112  116  132  172  224
  284  327  362  395  426  470  516  549  585                                   
    15.0-180.0 180.0   5.0 450.0                            LAT/LON1/LON2/DLON/H
  625  686  729  778  824  855  871  864  849  830  810  790  754  710  655  609
  563  530  488  458  439  432  449  477  522  564  595  624  630  634  608  581
  524  468  399  355  312  290  271  270  273  286  294  300  291  280  262  247
  226  206  185  171  160  156  150  146  136  127  117  114  116  136  175  234
  293  343  381  419  456  502  551  584  625                                   
    12.5-180.0 180.0   5.0 450.0                            LAT/LON1/LON2/DLON/H
  647  715  763  818  865  908  925  924  911  895  879  866  836  801  745  691
  632  585  536  501  479  478  501  538  580  611  630  625  600  564  515  469
  419  375  337  311  292  281  269  270  272  283  292  297  295  282  273  259
  244  225  204  189  177  170  162  155  143  132  123  117  122  142  185  241
  304  355  396  440  475  527  575  604  647                                   
    10.0-180.0 180.0   5.0 450.0                            LAT/LON1/LON2/DLON/H
  661  741  786  840  891  933  952  952  941  936  924  927  903  879  831  779
  715  654  588  547  523  521  545  584  628  654  645  611  547  486  419  375
  331  308  298  294  294  294  290  289  285  292  292  295  290  283  272  265
  251  237  215  203  188  185  173  166  151  144  134  131  134  158  199  256
  313  366  409  455  492  546  593  614  661                                   
     7.5-180.0 180.0   5.0 450.0                            LAT/LON1/LON2/DLON/H
  662  742  786  842  885  922  937  935  935  937  944  950  947  926  895  851
  793  726  655  605  581  581  600  639  669  673  638  570  483  410  349  312
