data/unet/pred2620.15i
     1.0            IONOSPHERE MAPS     GNSS                IONEX VERSION / TYPE
pyspatialgeodesy        IME             05-JAN-18 20:20     PGM / RUN BY / DATE 
Map Name                                                    COMMENT             
Predicted global ionosphere maps (GIM).                     DESCRIPTION         
  2015     9    19     0     0     0                        EPOCH OF FIRST MAP  
  2015     9    20     0     0     0                        EPOCH OF LAST MAP   
  7200                                                      INTERVAL            
    13                                                      # OF MAPS IN FILE   
  NONE                                                      MAPPING FUNCTION    
10.0                                                        ELEVATION CUTOFF    
One-way carrier phase leveled to code                       OBSERVABLES USED    
  6371.0                                                    BASE RADIUS         
 2                                                          MAP DIMENSION       
   450.0 450.0   0.0                                        HGT1 / HGT2 / DHGT  
    87.5 -87.5  -2.5                                        LAT1 / LAT2 / DLAT  
  -180.0 180.0   5.0                                        LON1 / LON2 / DLON  
    -1                                                      EXPONENT            
                                                            END OF HEADER       
[from data line 2145]
     6                                                      START OF TEC MAP    
  2015     9    19    10     0     0                        EPOCH OF CURRENT MAP
    87.5-180.0 180.0   5.0 450.0                            LAT/LON1/LON2/DLON/H
   76  102   94   96   94   94   95   95   96   96   97   97   97   97   97   96
   96   95   94   94   92   92   91   90   88   88   87   86   85   85   84   83
   83   83   82   82   82   83   82   83   83   84   83   84   83   84   82   83
   82   82   81   81   80   81   79   80   79   80   78   79   78   80   79   81
   80   83   82   85   85   84   84   83   76                                   
    85.0-180.0 180.0   5.0 450.0                            LAT/LON1/LON2/DLON/H
  101  104  109  112  110  111  111  112  112  111  111  110  111  109  109  108
  108  107  107  106  106  105  105  105  104  105  104  105  104  105  104  105
  104  105  104  105  104  105  104  104  103  103  101  101  100   98   97   95
   94   92   91   89   88   86   85   83   83   82   82   81   82   82   83   84
   86   87   90   91   93   94  100   94  101                                   
    82.5-180.0 180.0   5.0 450.0                            LAT/LON1/LON2/DLON/H
   88  101  105  107  108  105  108  107  108  105  106  104  103  101  100   99
   98   97   96   96   96   96   96   96   97   97   98   98  100   99  101   99
  102  100  102  101  104  103  104  103  105  103  103  101  101   98   96   94
   92   89   86   85   82   80   76   76   73   72   70   71   69   71   70   73
   73   77   78   82   83   88   93   90   88                                   
    80.0-180.0 180.0   5.0 450.0                            LAT/LON1/LON2/DLON/H
   84   89   91   94   94   94   95   95   93   92   89   87   84   83   80   80
   77   77   75   77   76   78   78   81   81   83   84   86   88   89   91   91
   94   93   96   96   99   98  101  102  103  102  104  102  102   99   98   94
   93   87   86   81   79   73   71   67   64   61   59   57   57   55   56   57
   58   60   63   66   68   71   78   80   84                                   
    77.5-180.0 180.0   5.0 450.0                            LAT/LON1/LON2/DLON/H
   73   79   81   83   83   85   84   85   82   80   76   74   69   67   64   63
   60   61   60   62   63   66   67   71   72   75   76   79   80   83   84   86
   88   90   91   94   95   98   98  103  102  105  103  106  103  104  101  100
   96   92   88   84   79   75   71   67   63   60   56   55   51   51   49   51
   50   52   54   58   59   63   70   62   73                                   
    75.0-180.0 180.0   5.0 450.0                            LAT/LON1/LON2/DLON/H
   66   71   71   76   74   78   75   76   71   69   63   60   54   52   47   47
   45   46   47   49   51   55   58   62   64   68   70   74   75   79   79   83
   83   88   89   93   94   99  100  106  105  110  110  113  111  113  110  109
  104  102   98   94   88   83   78   73   70   64   63   58   57   54   53   51
   50   50   51   54   55   59   64   56   66                                   
    72.5-180.0 180.0   5.0 450.0                            LAT/LON1/LON2/DLON/H
   58   64   65   66   66   67   67   65   62   57   52   46   42   38   36   35
   35   36   39   42   46   50   55   58   62   65   70   72   75   77   79   82
   84   87   89   93   96  100  103  108  110  114  114  118  117  119  117  117
  114  112  107  104   98   94   88   84   78   75   71   69   64   62   59   57
   54   53   53   54   54   54   60   49   58                                   
    70.0-180.0 180.0   5.0 450.0                            LAT/LON1/LON2/DLON/H
   56   57   59   62   61   63   62   61   57   52   47   41   36   33   31   30
   31   33   37   41   45   50   54   59   62   65   69   71   74   76   78   82
   84   88   90   95   99  104  106  113  114  120  120  125  124  128  125  127
  122  123  117  117  109  108  100   99   92   90   85   83   79   76   72   70
   65   63   60   60   57   58   58   52   56                                   
    67.5-180.0 180.0   5.0 450.0                            LAT/LON1/LON2/DLON/H
   52   54   54   54   54   56   58   56   54   49   44   38   34   31   30   30
   32   35   39   43   48   52   56   59   63   65   69   70   74   76   78   81
   84   87   90   95   98  103  107  112  115  119  122  124  126  126  127  126
  125  124  122  121  116  114  109  107  102  100   95   95   89   88   83   81
   75   72   68   65   62   59   61   51   52                                   
    65.0-180.0 180.0   5.0 450.0                            LAT/LON1/LON2/DLON/H
   54   51   50   53   50   54   54   56   52   50   45   41   37   35   34   36
   37   41   44   49   51   55   58   61   63   66   68   70   72   74   78   81
   85   89   93   98  101  106  109  114  117  122  124  127  126  128  126  129
  125  129  125  128  122  124  116  118  111  112  107  108  102  102   95   93
   87   84   79   76   70   68   64   59   54                                   
    62.5-180.0 180.0   5.0 450.0                            LAT/LON1/LON2/DLON/H
   54   52   48   48   46   47   50   51   51   48   45   42   39   38   39   41
   43   47   49   52   53   55   57   60   61   63   65   66   68   71   74   79
   83   88   92   98  102  106  109  113  117  120  123  123  124  123  123  123
  124  125  126  128  126  126  121  121  116  117  112  114  109  109  102  100
   93   91   85   81   76   70   70   61   54                                   
    60.0-180.0 180.0   5.0 450.0                            LAT/LON1/LON2/DLON/H
   59   51   45   46   41   45   44   48   45   47   42   43   39   42   41   46
   47   51   50   53   51   53   52   56   56   59   60   63   65   68   72   78
   84   91   97  103  107  111  115  119  122  124  126  126  125  125  123  126
  124  130  128  134  130  133  127  128  122  124  120  122  118  118  111  110
  101  100   93   92   85   80   74   70   59                                   
    57.5-180.0 180.0   5.0 450.0                            LAT/LON1/LON2/DLON/H
   63   56   48   43   39   39   41   41   42   40   40   39   39   40   42   46
   48   49   49   48   47   46   47   49   52   54   57   59   62   65   72   78
   87   95  102  109  113  116  120  122  126  127  129  128  128  126  126  126
  128  130  134  137  138  137  135  132  129  128  126  127  124  123  118  114
  107  103   99   95   90   83   80   74   63                                   
    55.0-180.0 180.0   5.0 450.0                            LAT/LON1/LON2/DLON/H
   73   60   51   47   39   40   36   39   35   38   33   37   34   39   38   44
   43   46   42   42   37   39   38   43   45   51   53   58   60   66   73   82
   91  104  111  120  123  128  129  133  134  137  137  138  135  136  133  135
  135  140  141  146  145  147  142  141  135  135  133  134  131  131  124  122
  113  112  105  104   98   93   86   84   73                                   
    52.5-180.0 180.0   5.0 450.0                            LAT/LON1/LON2/DLON/H
   80   70   58   51   44   40   37   35   34   32   32   30   32   32   35   38
   39   38   36   33   31   31   33   38   44   50   55   58   63   68   77   86
   98  110  120  129  135  137  140  141  144  144  146  144  145  144  144  143
  145  147  150  151  154  152  151  146  144  142  141  141  139  138  133  127
  120  115  111  106  101   96   92   89   80                                   
    50.0-180.0 180.0   5.0 450.0                            LAT/LON1/LON2/DLON/H
   94   77   68   62   54   51   44   42   35   35   30   32   28   31   30   34
   33   33   29   28   25   28   30   39   45   55   58   66   68   77   83   96
  108  125  133  145  149  154  153  156  155  159  157  160  159  160  159  158
  159  159  161  163  163  163  159  155  151  151  149  151  149  149  143  139
  129  125  117  117  110  106   99   99   94                                   
    47.5-180.0 180.0   5.0 450.0                            LAT/LON1/LON2/DLON/H
  102   90   79   73   65   59   55   48   43   38   36   32   31   30   30   31
   30   29   26   25   24   28   33   42   50   60   65   71   74   81   90  101
  115  131  142  153  160  162  165  164  167  166  169  170  172  171  172  168
  170  167  169  167  168  165  164  159  158  156  158  158  159  158  155  147
  141  132  126  120  115  109  104  105  102                                   
    45.0-180.0 180.0   5.0 450.0                            LAT/LON1/LON2/DLON/H
  111   94   89   84   78   74   67   62   55   51   44   41   35   35   32   34
   31   31   28   29   28   34   39   51   59   70   74   82   84   92   97  113
  124  142  152  165  169  177  175  180  180  183  183  186  186  188  186  185
  181  179  175  173  170  169  164  164  161  163  163  167  166  168  162  159
  148  142  131  127  119  115  109  112  111                                   
    42.5-180.0 180.0   5.0 450.0                            LAT/LON1/LON2/DLON/H
  111   99   94   93   87   82   78   72   66   61   55   50   45   42   40   39
   37   36   35   36   37   42   49   59   67   77   81   88   89   96  102  115
  127  143  155  168  176  183  185  188  190  192  195  195  198  198  199  194
  191  183  179  172  169  164  164  162  165  166  169  171  173  173  170  166
  157  146  136  126  118  112  109  111  111                                   
    40.0-180.0 180.0   5.0 450.0                            LAT/LON1/LON2/DLON/H
  111   96   94   94   91   88   85   81   77   73   68   63   57   54   49   50
   46   47   45   48   48   53   58   68   75   85   90   97   99  106  110  124
  134  151  163  178  187  196  201  206  208  212  213  215  217  218  217  213
  206  198  189  181  175  171  167  168  168  174  174  179  178  180  175  173
  161  153  136  129  115  110  107  109  111                                   
    37.5-180.0 180.0   5.0 450.0                            LAT/LON1/LON2/DLON/H
  102   92   89   91   88   87   86   83   81   79   76   73   68   65   62   61
   58   58   57   58   59   63   67   74   80   88   93  100  103  110  115  126
  137  152  168  182  194  204  213  219  225  227  231  232  234  233  233  226
  222  211  205  193  191  182  181  178  182  184  186  187  186  185  181  174
  165  152  138  122  111  102  102  101  102                                   
    35.0-180.0 180.0   5.0 450.0                            LAT/LON1/LON2/DLON/H
   93   79   77   79   79   78   81   79   82   81   83   80   79   77   75   75
   71   71   68   70   69   72   74   79   83   91   98  106  110  120  124  135
  144  161  177  194  207  221  231  241  248  254  256  257  260  260  258  254
  246  239  231  221  215  207  201  198  198  201  200  202  195  194  183  179
  162  154  133  122  106   97   96   95   93                                   
    32.5-180.0 180.0   5.0 450.0                            LAT/LON1/LON2/DLON/H
   81   74   66   68   67   69   71   73   76   78   81   82   83   84   85   85
   82   81   77   78   75   77   77   80   82   90   96  106  113  125  129  140
  148  164  182  202  218  236  249  262  271  279  284  288  289  289  289  282
  279  268  263  252  246  235  230  223  226  226  225  223  214  206  194  180
  166  149  135  117  102   92   91   87   81                                   
    30.0-180.0 180.0   5.0 450.0                            LAT/LON1/LON2/DLON/H
   76   65   58   58   57   60   62   67   71   74   79   82   87   91   94   96
   92   90   85   83   81   78   80   80   85   92  100  112  120  134  139  150
  157  175  193  219  236  258  267  285  293  309  318  326  328  329  325  321
  317  313  308  301  294  283  274  265  264  260  258  252  240  227  206  193
  170  158  136  125  105   97   98   86   76                                   
    27.5-180.0 180.0   5.0 450.0                            LAT/LON1/LON2/DLON/H
   80   75   62   60   56   58   59   63   67   71   74   80   85   92   97  100
   96   95   87   87   81   80   77   80   81   91   98  112  122  137  144  154
  161  178  199  229  251  273  284  304  315  336  348  359  363  363  359  354
  353  351  354  350  349  338  331  318  314  303  294  279  266  248  227  206
  185  167  151  133  121  111  112   90   80                                   
    25.0-180.0 180.0   5.0 450.0                            LAT/LON1/LON2/DLON/H
   90   85   71   63   60   63   62   67   66   72   72   79   83   93   99  100
   99   91   89   81   81   74   78   78   84   92  102  115  127  144  148  162
  168  190  212  245  268  290  302  323  337  359  374  388  393  396  392  393
  392  399  403  410  410  406  393  383  373  361  345  323  300  276  253  232
  204  187  168  155  143  138  139  106   90                                   
    22.5-180.0 180.0   5.0 450.0                            LAT/LON1/LON2/DLON/H
  109  107   85   77   73   75   74   76   76   78   75   81   82   92   96   99
   94   91   82   81   75   77   74   80   83   94  103  116  130  142  153  161
  175  197  225  257  281  301  315  336  355  377  393  406  411  414  415  416
  422  430  444  452  458  452  442  428  418  404  386  364  335  306  278  252
  229  208  193  175  169  158  160  119  109                                   
    20.0-180.0 180.0   5.0 450.0                            LAT/LON1/LON2/DLON/H
  129  130  106   92   89   89   90   88   87   85   83   83   86   90   97   94
   92   82   81   72   75   69   76   78   88   96  108  121  132  148  158  172
  185  213  240  274  294  314  328  346  364  383  400  413  421  426  431  440
  448  464  478  491  496  491  481  468  459  448  430  408  381  345  312  280
  255  236  219  203  193  185  184  141  129                                   
    17.5-180.0 180.0   5.0 450.0                            LAT/LON1/LON2/DLON/H
  150  155  134  120  108  108  102  102  100  100   94   92   86   90   89   90
   85   79   75   71   71   69   73   79   89   98  110  120  136  146  166  180
  203  228  260  289  308  326  340  359  374  391  407  417  426  431  438  444
  459  470  489  498  506  502  494  485  476  466  453  433  408  374  343  305
  280  256  242  224  215  205  201  161  150                                   
    15.0-180.0 180.0   5.0 450.0                            LAT/LON1/LON2/DLON/H
  172  173  155  143  131  121  117  110  112  106  105   97   94   88   93   84
   86   74   79   72   75   68   75   78   90   98  109  122  136  155  173  196
  216  247  273  299  314  330  345  360  374  390  407  421  431  438  442  455
  463  477  489  500  504  502  497  491  487  482  471  455  433  402  371  334
  306  283  269  251  240  225  223  192  172                                   
    12.5-180.0 180.0   5.0 450.0                            LAT/LON1/LON2/DLON/H
  192  181  172  157  149  140  132  125  122  121  112  104   94   86   84   78
   76   71   72   67   73   65   75   73   91   95  112  122  141  158  184  209
  235  263  291  312  327  343  358  374  388  400  417  425  435  435  443  447
  461  464  477  480  484  483  480  480  478  477  469  457  436  409  384  350
  328  302  289  269  258  241  234  214  192                                   
    10.0-180.0 180.0   5.0 450.0                            LAT/LON1/LON2/DLON/H
  211  188  178  167  157  146  138  129  130  126  122  111  100   87   88   79
   82   74   81   75   79   72   78   77   86   96  112  127  144  166  189  222
  242  272  291  316  331  348  363  378  393  406  419  427  434  436  439  448
  454  462  468  470  471  472  471  475  474  475  469  459  440  414  390  361
  341  321  309  289  276  257  249  244  211                                   
     7.5-180.0 180.0   5.0 450.0                            LAT/LON1/LON2/DLON/H
  228  202  190  180  170  157  147  135  132  129  124  115  102   91   86   78
   79   77   72   75   74   71   80   71   89   91  115  129  152  173  201  231
