data/unet/pred0620.15i
     1.0            IONOSPHERE MAPS     GNSS                IONEX VERSION / TYPE
pyspatialgeodesy        IME             05-JAN-18 20:20     PGM / RUN BY / DATE 
Map Name                                                    COMMENT             
Predicted global ionosphere maps (GIM).                     DESCRIPTION         
  2015     3     3     0     0     0                        EPOCH OF FIRST MAP  
  2015     3     4     0     0     0                        EPOCH OF LAST MAP   
  7200                                                      INTERVAL            
    13                                                      # OF MAPS IN FILE   
  NONE                                                      MAPPING FUNCTION    
10.0                                                        ELEVATION CUTOFF    
One-way carrier phase leveled to code                       OBSERVABLES USED    
  6371.0                                                    BASE RADIUS         
 2                                                          MAP DIMENSION       
   450.0 450.0   0.0                                        HGT1 / HGT2 / DHGT  
    87.5 -87.5  -2.5                                        LAT1 / LAT2 / DLAT  
  -180.0 180.0   5.0                                        LON1 / LON2 / DLON  
    -1                                                      EXPONENT            
                                                            END OF HEADER       
[from data line 3432]
     9                                                      START OF TEC MAP    
  2015     3     3    16     0     0                        EPOCH OF CURRENT MAP
    87.5-180.0 180.0   5.0 450.0                            LAT/LON1/LON2/DLON/H
  145  147  148  149  151  151  153  154  156  157  159  159  162  162  164  164
  166  166  168  167  169  168  169  168  168  166  166  164  163  161  160  158
  156  154  152  150  148  145  144  142  141  140  139  138  138  137  137  136
  136  135  136  134  135  135  135  135  136  136  136  136  137  137  137  138
  139  140  141  141  142  142  143  159  145                                   
    85.0-180.0 180.0   5.0 450.0                            LAT/LON1/LON2/DLON/H
  110  128  132  136  139  141  144  147  151  153  157  160  164  166  169  170
  173  173  175  176  177  176  177  176  176  173  172  169  167  162  161  156
  154  149  147  142  141  135  135  130  129  126  126  125  124  124  124  125
  125  126  125  127  124  127  123  127  123  126  122  125  122  124  122  124
  122  124  123  124  123  123  124  129  110                                   
    82.5-180.0 180.0   5.0 450.0                            LAT/LON1/LON2/DLON/H
   99  107  112  116  118  123  128  133  137  143  147  151  156  159  164  165
  169  170  173  173  175  175  177  176  177  175  173  171  168  164  160  155
  150  144  140  135  131  126  122  118  115  113  111  110  109  110  110  111
  111  113  113  115  114  115  114  115  114  114  112  112  110  110  107  106
  104  104  102  101  100   96  106  101   99                                   
    80.0-180.0 180.0   5.0 450.0                            LAT/LON1/LON2/DLON/H
   76   83   87   87   94  101  107  113  119  124  131  137  143  146  152  156
  161  163  166  169  171  173  173  175  174  174  172  172  168  166  161  157
  150  143  137  132  125  119  112  108  102  101   97   97   96   98   98  101
  101  105  104  107  106  108  105  107  104  105   99  100   95   94   88   87
   81   81   75   74   72   72   80   84   76                                   
    77.5-180.0 180.0   5.0 450.0                            LAT/LON1/LON2/DLON/H
   64   67   68   67   75   81   91   96  107  111  122  127  138  140  149  152
  159  160  166  167  171  170  173  172  174  173  174  173  171  168  164  160
  152  146  137  133  124  117  108  103   98   94   93   91   91   92   94   97
   99  101  105  106  108  109  109  109  108  107  105  102   99   94   89   83
   79   73   68   62   57   54   58   65   64                                   
    75.0-180.0 180.0   5.0 450.0                            LAT/LON1/LON2/DLON/H
   55   54   56   54   62   68   77   82   94  102  115  123  135  142  151  157
  163  167  172  174  175  176  179  179  180  179  180  177  179  174  173  166
  162  153  147  138  132  123  116  107  103   97   96   92   93   93   94   96
   97  102  103  107  108  111  111  113  112  111  109  106  102   98   92   87
   81   74   67   59   54   54   57   56   55                                   
    72.5-180.0 180.0   5.0 450.0                            LAT/LON1/LON2/DLON/H
   54   54   54   52   56   63   70   76   88   97  110  120  134  142  152  159
  166  171  176  179  180  182  183  184  186  186  187  186  186  184  180  177
  170  164  156  150  140  134  126  119  112  107  103   99   97   96   94   96
   95   99  101  105  107  109  111  111  112  112  111  109  106  102   96   92
   85   80   72   65   57   56   55   56   54                                   
    70.0-180.0 180.0   5.0 450.0                            LAT/LON1/LON2/DLON/H
   56   56   55   51   58   62   70   73   85   93  109  119  134  144  155  163
  171  178  183  187  191  191  193  194  196  196  196  194  195  191  190  184
  181  171  165  156  150  142  136  129  123  116  113  108  105  102   99   98
   96   98   97  101  100  104  103  106  105  108  107  109  105  104   99   96
   90   86   80   72   65   62   63   60   56                                   
    67.5-180.0 180.0   5.0 450.0                            LAT/LON1/LON2/DLON/H
   60   62   57   56   58   63   68   74   84   93  108  120  134  145  155  165
  174  181  187  194  197  199  202  204  206  203  203  201  200  196  194  191
  186  179  172  165  156  151  144  140  133  128  122  117  110  105   98   95
   90   89   88   87   88   88   91   91   95   96   98   99   98   98   95   94
   90   88   84   79   71   67   66   68   60                                   
    65.0-180.0 180.0   5.0 450.0                            LAT/LON1/LON2/DLON/H
   63   63   60   55   60   63   68   70   80   87  104  114  133  144  157  168
  178  185  192  199  204  207  210  211  212  209  208  205  204  200  201  196
  195  185  181  171  166  157  153  147  144  137  131  123  115  107   97   90
   81   79   72   71   67   69   69   73   77   80   82   85   86   88   87   88
   86   86   84   79   75   71   70   74   63                                   
    62.5-180.0 180.0   5.0 450.0                            LAT/LON1/LON2/DLON/H
   58   59   53   55   57   60   65   67   76   82   98  109  127  141  154  166
  177  184  191  200  205  211  213  215  215  211  209  206  206  204  204  201
  201  193  188  179  174  165  161  155  151  145  138  130  119  109   96   86
   75   67   61   54   53   50   55   55   64   63   69   68   70   71   72   73
   75   75   76   74   71   67   65   72   58                                   
    60.0-180.0 180.0   5.0 450.0                            LAT/LON1/LON2/DLON/H
   56   52   50   47   54   55   61   60   69   72   88   99  121  133  153  164
  177  184  191  197  205  208  212  212  212  207  206  203  203  204  206  208
  208  202  198  189  185  176  173  168  165  157  149  140  127  114   98   88
   71   64   51   48   43   44   44   47   53   54   58   58   60   61   62   65
   66   68   68   67   65   64   63   67   56                                   
    57.5-180.0 180.0   5.0 450.0                            LAT/LON1/LON2/DLON/H
   52   47   40   45   48   52   57   60   66   71   84   95  115  129  147  160
  172  179  185  190  195  199  203  206  205  203  202  203  206  210  215  220
  220  216  210  202  196  187  185  180  177  170  163  152  137  121  105   91
   76   64   56   48   48   43   49   48   56   53   59   55   57   55   56   57
   59   60   61   60   57   56   55   57   52                                   
    55.0-180.0 180.0   5.0 450.0                            LAT/LON1/LON2/DLON/H
   53   41   39   38   44   47   54   56   65   70   83   92  109  124  144  156
  171  177  184  185  189  191  197  199  203  203  205  207  213  220  226  234
  233  231  223  215  209  202  200  196  194  187  179  167  151  136  117  103
   87   79   68   64   60   59   61   62   68   66   68   66   65   63   61   60
   63   63   64   61   61   60   60   57   53                                   
    52.5-180.0 180.0   5.0 450.0                            LAT/LON1/LON2/DLON/H
   62   50   42   46   45   51   57   65   71   81   90  101  113  128  144  159
  171  178  183  184  185  186  191  197  200  205  211  217  226  233  240  247
  247  244  237  229  224  217  214  208  207  199  192  180  167  149  134  120
  109  100   94   88   85   81   80   81   86   84   87   82   80   76   74   71
   71   71   70   70   67   66   65   55   62                                   
    50.0-180.0 180.0   5.0 450.0                            LAT/LON1/LON2/DLON/H
   75   58   59   56   55   59   65   72   81   92  103  112  122  134  149  162
  176  181  188  186  189  191  197  202  210  214  224  231  243  250  258  264
  264  261  252  244  239  233  230  225  222  213  206  193  181  167  153  141
  132  126  121  116  113  110  110  110  112  110  110  107  105  101   97   94
   93   90   90   87   87   85   86   74   75                                   
    47.5-180.0 180.0   5.0 450.0                            LAT/LON1/LON2/DLON/H
   97   80   74   72   69   69   74   86   99  114  121  134  139  154  165  179
  190  196  198  198  198  201  206  214  220  228  237  244  257  263  273  275
  276  268  263  254  250  244  243  237  233  222  213  202  193  180  171  161
  156  151  149  144  139  134  131  131  131  131  129  128  124  122  118  118
  112  111  107  108  106  104  108   92   97                                   
    45.0-180.0 180.0   5.0 450.0                            LAT/LON1/LON2/DLON/H
  117  103   95   88   85   82   90  100  116  130  143  156  165  176  187  197
  206  207  214  210  215  217  227  233  243  249  260  265  274  279  286  284
  281  272  267  259  258  254  254  247  244  228  220  207  201  190  182  175
  170  167  163  158  152  146  141  139  139  139  139  138  138  137  138  137
  138  133  129  125  129  130  135  127  117                                   
    42.5-180.0 180.0   5.0 450.0                            LAT/LON1/LON2/DLON/H
  136  123  112  107   97   96  101  114  132  150  164  183  193  207  215  226
  229  234  234  235  234  239  245  256  265  274  284  286  291  288  294  284
  282  270  269  263  267  262  263  255  248  232  220  214  207  198  191  185
  181  177  172  165  155  145  137  134  133  133  132  134  133  139  140  147
  145  145  139  140  141  144  151  146  136                                   
    40.0-180.0 180.0   5.0 450.0                            LAT/LON1/LON2/DLON/H
  145  135  125  115  108  104  113  124  146  166  188  208  221  233  243  250
  256  253  255  249  253  255  268  276  287  296  303  302  301  296  292  279
  275  269  270  272  273  276  274  269  259  242  229  219  214  204  197  189
  184  179  172  161  148  137  126  123  122  124  123  126  128  132  140  145
  150  143  143  139  143  145  154  157  145                                   
    37.5-180.0 180.0   5.0 450.0                            LAT/LON1/LON2/DLON/H
  144  133  124  117  106  104  110  124  147  175  203  226  242  256  265  276
  278  281  277  274  272  279  287  299  311  316  322  317  315  303  300  285
  286  285  294  298  306  305  301  294  276  262  244  238  226  220  210  201
  194  186  176  161  147  129  119  114  116  114  117  114  117  121  129  139
  139  138  133  134  133  137  144  151  144                                   
    35.0-180.0 180.0   5.0 450.0                            LAT/LON1/LON2/DLON/H
  134  125  118  109  105  100  109  121  150  181  216  244  267  281  295  301
  306  303  303  295  299  301  310  319  325  328  331  329  323  316  313  306
  313  314  327  334  343  341  336  326  308  288  268  257  246  238  229  220
  212  204  194  181  162  147  130  126  122  122  119  116  113  116  120  130
  132  131  127  125  124  119  125  134  134                                   
    32.5-180.0 180.0   5.0 450.0                            LAT/LON1/LON2/DLON/H
  121  107  101  101   95   95   97  112  140  176  218  248  277  293  309  319
  327  325  323  321  321  326  331  338  343  345  348  349  350  352  360  365
  379  385  399  403  410  405  393  376  353  333  309  301  281  274  262  249
  237  221  210  192  178  162  161  160  167  155  149  137  129  122  125  128
  132  132  126  120  115  112  108  113  121                                   
    30.0-180.0 180.0   5.0 450.0                            LAT/LON1/LON2/DLON/H
  105   92   89   88   89   85   91  101  129  165  214  252  285  305  326  335
  345  343  346  345  348  351  353  356  357  355  364  376  389  409  429  455
  473  491  492  494  486  479  458  438  408  382  357  343  320  309  288  280
  265  264  254  248  225  214  199  196  190  189  183  179  173  170  162  158
  152  150  143  136  124  117  103   93  105                                   
    27.5-180.0 180.0   5.0 450.0                            LAT/LON1/LON2/DLON/H
   93   91   84   87   83   89   88  102  125  165  213  254  288  311  334  350
  360  362  367  370  374  380  379  378  374  379  395  420  447  479  516  549
  582  594  607  589  580  551  538  507  484  442  413  382  365  346  337  328
  326  332  333  324  307  291  280  267  262  249  240  223  206  193  186  177
  175  171  164  148  131  116  107   86   93                                   
    25.0-180.0 180.0   5.0 450.0                            LAT/LON1/LON2/DLON/H
   84   88   90   92   87   90   92  102  127  162  211  254  291  319  346  362
  377  384  394  400  406  411  405  403  401  415  436  468  501  547  594  642
  683  712  720  702  669  639  614  589  550  509  470  443  419  409  400  405
  408  421  423  416  397  383  364  354  342  327  305  284  266  245  229  222
  216  216  203  191  169  150  125  101   84                                   
    22.5-180.0 180.0   5.0 450.0                            LAT/LON1/LON2/DLON/H
   93  109  107  101  100  103  101  112  136  180  218  264  297  330  356  380
  396  410  424  437  443  444  436  433  434  451  477  513  560  613  670  725
  777  785  793  763  741  699  679  650  625  581  552  513  498  479  477  469
  476  482  487  482  468  459  443  436  418  401  374  351  321  299  274  266
  259  267  255  248  226  203  164  129   93                                   
    20.0-180.0 180.0   5.0 450.0                            LAT/LON1/LON2/DLON/H
  105  128  115  108  107  113  120  134  153  196  229  272  302  343  371  402
  419  441  459  475  477  476  467  466  467  488  516  561  620  678  738  790
  823  828  826  800  768  731  711  688  666  627  598  556  536  509  503  498
  516  521  537  526  522  501  491  472  464  450  426  405  373  347  317  306
  296  298  294  284  255  237  212  153  105                                   
    17.5-180.0 180.0   5.0 450.0                            LAT/LON1/LON2/DLON/H
  137  161  142  125  119  124  130  156  173  211  238  285  308  351  386  420
  442  472  496  513  517  514  505  501  503  525  557  611  669  721  782  821
  854  850  842  803  783  743  733  720  705  669  645  601  573  537  532  524
  546  553  565  558  545  526  509  491  482  467  453  437  416  390  364  353
  340  337  314  302  272  247  237  175  137                                   
    15.0-180.0 180.0   5.0 450.0                            LAT/LON1/LON2/DLON/H
  156  177  162  142  139  135  148  171  202  237  260  302  324  368  402  446
  466  504  528  546  547  547  541  538  544  568  607  659  713  767  821  844
  869  856  839  802  777  756  750  744  733  703  676  628  594  555  547  536
  549  548  559  548  530  503  493  477  464  456  446  441  421  403  371  364
  348  344  319  297  272  247  237  182  156                                   
    12.5-180.0 180.0   5.0 450.0                            LAT/LON1/LON2/DLON/H
  160  181  165  154  145  144  152  187  212  258  276  318  342  386  424  462
  492  529  554  572  577  578  575  576  582  611  644  697  748  796  837  850
  865  841  822  789  770  756  758  756  751  729  697  647  606  561  545  529
  530  526  520  502  474  464  443  430  425  424  421  417  401  384  359  353
  337  332  309  288  263  238  243  184  160                                   
    10.0-180.0 180.0   5.0 450.0                            LAT/LON1/LON2/DLON/H
  154  180  167  149  146  152  162  190  233  272  303  340  376  422  456  495
  524  560  586  601  603  600  605  606  625  650  693  744  798  820  848  845
  841  820  799  781  766  768  764  769  764  752  724  666  623  572  549  527
  516  503  483  463  438  424  409  402  403  406  404  399  382  365  342  329
  311  300  279  262  246  221  226  172  154                                   
     7.5-180.0 180.0   5.0 450.0                            LAT/LON1/LON2/DLON/H
  143  173  162  153  139  153  163  199  239  288  319  364  405  447  484  520
  555  587  612  621  624  622  627  634  658  689  731  780  815  828  841  834
