data/unet/pred1930.15i
     1.0            IONOSPHERE MAPS     GNSS                IONEX VERSION / TYPE
pyspatialgeodesy        IME             05-JAN-18 20:20     PGM / RUN BY / DATE 
Map Name                                                    COMMENT             
Predicted global ionosphere maps (GIM).                     DESCRIPTION         
  2015     7    12     0     0     0                        EPOCH OF FIRST MAP  
  2015     7    13     0     0     0                        EPOCH OF LAST MAP   
  7200                                                      INTERVAL            
    13                                                      # OF MAPS IN FILE   
  NONE                                                      MAPPING FUNCTION    
10.0                                                        ELEVATION CUTOFF    
One-way carrier phase leveled to code                       OBSERVABLES USED    
  6371.0                                                    BASE RADIUS         
 2                                                          MAP DIMENSION       
   450.0 450.0   0.0                                        HGT1 / HGT2 / DHGT  
    87.5 -87.5  -2.5                                        LAT1 / LAT2 / DLAT  
  -180.0 180.0   5.0                                        LON1 / LON2 / DLON  
    -1                                                      EXPONENT            
                                                            END OF HEADER       
[from data line 3861]
    10                                                      START OF TEC MAP    
  2015     7    12    18     0     0                        EPOCH OF CURRENT MAP
    87.5-180.0 180.0   5.0 450.0                            LAT/LON1/LON2/DLON/H
  206  183  181  181  181  177  180  178  181  179  182  180  183  181  183  181
  182  180  181  179  180  177  178  175  177  173  175  171  173  169  171  167
  169  166  168  165  167  164  166  163  166  162  165  161  165  160  165  159
  164  158  164  158  163  156  163  156  162  155  162  155  162  156  163  158
  165  161  168  166  170  168  173  178  206                                   
    85.0-180.0 180.0   5.0 450.0                            LAT/LON1/LON2/DLON/H
  172  167  169  173  169  170  168  170  170  172  171  173  173  174  173  174
  174  174  173  174  173  173  171  172  169  170  167  168  164  166  161  164
  159  162  157  160  156  159  155  158  154  157  154  157  154  158  155  158
  155  158  156  159  156  158  155  158  155  157  154  157  155  158  156  159
  157  162  160  163  162  160  162  166  172                                   
    82.5-180.0 180.0   5.0 450.0                            LAT/LON1/LON2/DLON/H
  168  159  164  164  165  164  165  166  168  168  170  171  173  173  174  174
  175  174  175  173  174  172  173  170  170  167  167  165  163  161  160  158
  156  155  154  153  151  152  151  151  150  152  152  153  153  154  155  157
  157  158  159  160  159  159  159  159  157  157  157  157  155  156  155  156
  155  156  156  154  154  148  146  145  168                                   
    80.0-180.0 180.0   5.0 450.0                            LAT/LON1/LON2/DLON/H
  160  157  159  161  164  162  166  167  170  170  173  174  176  176  178  178
  179  178  178  177  178  176  175  174  172  170  168  165  164  161  159  157
  155  153  152  150  149  148  148  147  147  147  148  149  149  152  152  155
  154  157  157  160  157  159  157  158  155  155  153  154  151  153  150  152
  150  152  151  150  148  144  142  138  160                                   
    77.5-180.0 180.0   5.0 450.0                            LAT/LON1/LON2/DLON/H
  155  151  155  155  158  159  163  164  167  168  172  172  174  173  176  176
  177  176  178  177  178  176  177  174  174  170  170  166  165  161  160  157
  155  152  152  150  148  146  145  144  143  143  144  145  146  148  150  152
  153  154  156  158  157  157  157  155  153  151  151  149  148  147  147  146
  147  147  148  144  144  137  136  132  155                                   
    75.0-180.0 180.0   5.0 450.0                            LAT/LON1/LON2/DLON/H
  152  148  152  154  157  158  161  163  164  166  168  170  171  172  174  175
  175  176  178  178  179  179  180  178  177  175  173  170  168  164  163  160
  158  155  154  152  150  148  146  145  143  143  142  144  143  146  146  149
  149  152  152  155  153  155  152  152  148  148  145  146  143  144  143  144
  144  146  146  146  146  141  141  138  152                                   
    72.5-180.0 180.0   5.0 450.0                            LAT/LON1/LON2/DLON/H
  156  150  158  157  160  160  163  164  166  166  168  168  170  170  173  172
  175  175  178  179  182  182  184  182  182  179  178  174  172  167  166  162
  161  157  156  153  152  149  148  145  143  141  141  140  140  140  142  143
  146  146  149  149  151  149  149  146  144  142  141  140  140  140  142  143
  145  148  151  151  152  146  146  141  156                                   
    70.0-180.0 180.0   5.0 450.0                            LAT/LON1/LON2/DLON/H
  163  158  164  166  168  168  169  169  169  168  170  170  170  170  171  173
  173  175  177  181  182  185  185  185  184  181  179  176  173  170  168  166
  163  160  158  157  154  153  150  149  146  144  142  141  140  139  141  141
  144  144  147  147  148  147  146  143  141  138  138  138  139  140  143  146
  149  152  156  158  160  155  155  154  163                                   
    67.5-180.0 180.0   5.0 450.0                            LAT/LON1/LON2/DLON/H
  175  167  177  176  177  175  175  173  174  172  174  172  174  172  175  174
  177  177  182  183  187  188  191  189  188  185  183  179  177  173  172  168
  167  163  163  159  158  155  154  151  149  146  145  143  141  139  140  139
  142  141  145  144  146  142  142  138  136  133  135  135  138  140  145  149
  153  158  162  166  168  163  163  159  175                                   
    65.0-180.0 180.0   5.0 450.0                            LAT/LON1/LON2/DLON/H
  183  177  183  186  186  183  182  181  179  177  178  177  179  177  179  179
  181  182  185  187  189  191  193  192  191  187  184  181  178  175  173  171
  168  166  164  162  160  158  156  155  152  151  148  146  144  141  141  140
  141  142  143  144  143  141  139  135  133  131  132  134  137  142  146  151
  155  160  165  170  172  169  170  172  183                                   
    62.5-180.0 180.0   5.0 450.0                            LAT/LON1/LON2/DLON/H
  188  182  192  194  193  189  188  185  183  180  182  181  183  182  185  184
  186  185  189  189  193  194  196  194  193  189  187  182  181  177  177  174
  174  169  169  165  163  160  160  159  157  156  155  151  149  145  144  143
  144  143  145  143  143  138  136  131  130  128  130  132  137  141  146  150
  155  160  166  171  176  171  173  172  188                                   
    60.0-180.0 180.0   5.0 450.0                            LAT/LON1/LON2/DLON/H
  185  183  191  197  196  193  190  188  185  183  184  184  186  186  189  189
  190  188  191  190  194  194  198  194  194  188  186  182  182  179  180  179
  178  175  172  170  166  165  164  165  163  164  161  160  156  154  150  150
  147  149  146  147  142  140  134  132  129  128  130  132  136  140  144  147
  151  154  160  165  170  168  171  177  185                                   
    57.5-180.0 180.0   5.0 450.0                            LAT/LON1/LON2/DLON/H
  181  181  193  198  198  196  193  190  187  183  185  185  187  187  190  190
  190  188  189  190  192  193  196  193  193  187  186  183  184  183  186  185
  185  182  179  175  172  170  171  172  173  173  172  170  166  162  159  156
  154  152  151  148  145  139  136  131  130  129  132  133  136  138  141  142
  145  147  152  157  164  162  166  170  181                                   
    55.0-180.0 180.0   5.0 450.0                            LAT/LON1/LON2/DLON/H
  174  178  187  199  200  199  196  194  190  186  187  188  189  190  191  192
  192  189  191  189  193  191  195  192  192  188  187  186  187  189  192  193
  193  190  186  183  179  178  178  182  182  184  182  183  177  174  168  166
  161  160  154  153  145  143  136  135  132  132  134  134  136  136  137  136
  137  137  140  144  151  152  159  170  174                                   
    52.5-180.0 180.0   5.0 450.0                            LAT/LON1/LON2/DLON/H
  168  175  189  200  203  204  202  201  196  194  192  191  191  189  192  190
  190  187  188  188  190  189  192  191  191  188  189  190  194  195  200  201
  201  197  195  190  188  187  189  191  192  193  193  192  186  183  177  173
  168  163  159  154  148  143  139  136  136  135  138  137  137  135  134  131
  129  129  132  135  144  146  156  164  168                                   
    50.0-180.0 180.0   5.0 450.0                            LAT/LON1/LON2/DLON/H
  165  176  186  201  206  210  210  210  205  203  200  199  196  195  194  194
  192  190  190  189  191  190  193  191  192  190  192  195  199  202  206  208
  208  205  201  199  197  197  199  203  204  204  205  203  200  195  190  184
  178  171  164  160  152  148  143  142  141  142  144  143  142  137  134  129
  126  124  126  131  139  142  153  164  165                                   
    47.5-180.0 180.0   5.0 450.0                            LAT/LON1/LON2/DLON/H
  167  175  191  205  212  217  221  222  219  217  212  209  204  200  198  196
  195  191  192  191  191  190  193  192  193  194  197  201  205  208  212  212
  213  209  209  207  209  210  213  215  215  215  214  213  208  205  199  194
  184  178  171  165  158  153  150  148  149  149  152  150  148  142  138  132
  128  126  129  133  143  146  157  167  167                                   
    45.0-180.0 180.0   5.0 450.0                            LAT/LON1/LON2/DLON/H
  173  181  193  210  218  226  231  236  235  233  230  224  218  212  208  206
  203  200  199  198  198  196  197  197  198  199  203  207  211  214  216  217
  217  215  215  217  221  224  229  230  232  228  230  225  223  216  212  203
  197  186  180  171  165  159  156  155  157  157  160  158  155  150  145  140
  135  135  138  144  152  153  164  174  173                                   
    42.5-180.0 180.0   5.0 450.0                            LAT/LON1/LON2/DLON/H
  182  186  203  217  227  236  244  249  252  251  246  242  233  226  220  217
  213  209  207  206  204  202  202  203  204  207  211  216  219  221  222  221
  223  222  226  230  237  243  249  251  250  249  245  242  235  231  223  217
  206  198  188  181  173  168  165  162  164  164  167  165  164  158  156  152
  150  151  153  158  165  166  175  185  182                                   
    40.0-180.0 180.0   5.0 450.0                            LAT/LON1/LON2/DLON/H
  190  194  207  224  233  244  254  262  268  268  267  261  254  245  238  234
  229  224  220  218  215  212  211  212  213  217  222  226  229  230  231  231
  234  236  241  247  258  263  272  272  273  267  268  258  255  245  240  228
  220  206  200  189  185  176  175  170  173  169  174  171  173  170  167  167
  164  167  167  172  175  175  181  192  190                                   
    37.5-180.0 180.0   5.0 450.0                            LAT/LON1/LON2/DLON/H
  200  200  217  229  240  251  261  270  276  283  279  279  269  262  251  247
  240  235  232  229  224  221  221  221  224  229  235  240  243  245  248  251
  257  260  267  275  284  292  298  301  297  293  288  281  274  266  256  245
  233  221  211  203  194  188  183  181  179  181  183  183  183  182  181  181
  179  182  181  180  182  179  186  197  200                                   
    35.0-180.0 180.0   5.0 450.0                            LAT/LON1/LON2/DLON/H
  202  205  216  231  240  252  263  274  283  291  295  296  290  282  272  264
  257  254  249  246  241  236  233  234  238  245  252  259  263  269  275  282
  291  296  303  308  317  321  328  325  325  315  312  300  294  281  272  257
  245  230  222  211  205  194  193  184  187  184  189  188  191  191  191  191
  188  191  187  186  184  181  185  201  202                                   
    32.5-180.0 180.0   5.0 450.0                            LAT/LON1/LON2/DLON/H
  205  202  219  231  241  253  263  277  285  300  305  313  310  305  293  283
  273  269  261  258  253  247  246  248  253  262  272  282  291  300  309  319
  329  335  339  342  343  346  345  346  340  336  326  318  307  296  283  269
  255  241  231  221  212  204  197  195  191  194  195  197  199  199  198  196
  195  194  190  184  182  176  184  199  205                                   
    30.0-180.0 180.0   5.0 450.0                            LAT/LON1/LON2/DLON/H
  205  204  217  234  243  253  264  275  289  302  315  325  329  327  321  306
  297  288  280  275  270  266  264  267  273  284  297  309  322  333  347  360
  372  377  376  371  369  362  360  354  352  342  337  322  314  298  286  269
  257  243  236  225  218  208  204  195  194  192  198  199  204  200  204  199
  198  195  189  181  178  172  176  199  205                                   
    27.5-180.0 180.0   5.0 450.0                            LAT/LON1/LON2/DLON/H
  206  201  217  235  243  255  261  279  289  309  320  340  344  350  343  334
  321  308  299  291  286  281  283  285  292  306  320  337  351  368  385  402
  418  420  413  401  390  374  364  356  347  340  330  319  304  291  273  260
  247  238  230  223  216  209  203  197  193  195  196  201  203  204  203  200
  197  193  186  177  172  164  174  196  206                                   
    25.0-180.0 180.0   5.0 450.0                            LAT/LON1/LON2/DLON/H
  208  203  216  236  246  254  263  274  292  310  330  346  360  367  366  360
  349  333  322  313  306  304  303  307  315  328  346  365  387  406  428  449
  460  458  446  427  408  387  366  350  339  328  317  305  291  277  261  248
  238  229  223  217  211  206  198  193  188  190  191  194  197  197  199  194
  192  186  181  175  169  164  170  198  208                                   
    22.5-180.0 180.0   5.0 450.0                            LAT/LON1/LON2/DLON/H
  210  201  216  236  249  263  268  284  295  321  334  360  372  387  386  387
  376  364  348  337  332  325  324  327  335  352  371  396  419  441  465  482
  492  483  462  438  410  382  354  334  317  305  293  281  266  251  236  224
  216  210  205  202  197  192  185  182  179  181  182  184  186  187  188  186
  185  181  176  171  168  163  175  200  210                                   
    20.0-180.0 180.0   5.0 450.0                            LAT/LON1/LON2/DLON/H
  211  202  216  240  254  261  271  279  298  318  342  362  382  398  400  405
  395  389  372  361  354  346  347  348  357  375  396  421  445  469  489  505
  505  490  464  432  402  370  342  318  300  288  275  263  246  232  216  208
  200  196  192  190  183  180  171  171  168  171  171  171  171  169  173  171
  174  170  171  168  165  164  170  197  211                                   
    17.5-180.0 180.0   5.0 450.0                            LAT/LON1/LON2/DLON/H
  209  202  216  237  254  269  276  293  306  330  347  371  386  408  413  422
  417  414  404  392  380  373  369  370  380  397  419  443  468  488  508  514
  513  489  461  426  394  362  332  306  284  269  256  241  226  210  197  190
  183  181  175  173  166  163  157  157  156  158  158  157  158  156  159  159
  161  162  165  163  164  162  173  192  209                                   
    15.0-180.0 180.0   5.0 450.0                            LAT/LON1/LON2/DLON/H
  201  198  211  233  251  261  279  287  310  325  349  365  387  405  418  430
  431  433  423  414  403  393  393  392  401  419  441  465  486  507  521  524
  513  484  454  414  389  357  333  302  282  265  253  238  224  207  197  187
  182  173  168  162  155  152  147  146  145  146  145  143  143  140  144  143
  149  152  159  160  160  163  168  186  201                                   
    12.5-180.0 180.0   5.0 450.0                            LAT/LON1/LON2/DLON/H
  187  192  205  230  246  268  279  299  313  335  350  370  385  405  417  436
  439  447  441  435  423  414  411  411  420  434  455  475  495  512  523  519
  506  477  445  415  388  365  335  309  286  271  257  244  228  217  203  198
  184  177  166  160  152  147  144  143  143  140  136  134  133  132  133  133
  138  141  147  147  149  149  160  171  187                                   
    10.0-180.0 180.0   5.0 450.0                            LAT/LON1/LON2/DLON/H
  170  180  197  217  237  251  273  284  311  323  346  357  378  393  414  428
  441  449  452  444  438  430  431  431  440  455  470  489  503  517  522  514
  499  467  438  407  391  369  348  321  301  284  274  259  247  234  223  213
  199  186  170  161  152  149  144  144  139  136  129  125  125  121  125  123
  130  131  137  136  135  138  140  148  170                                   
     7.5-180.0 180.0   5.0 450.0                            LAT/LON1/LON2/DLON/H
  147  163  179  206  225  248  264  288  306  328  343  360  374  393  408  429
  439  453  456  454  448  443  444  447  455  464  479  492  504  510  513  501
