data/unet/pred3020.15i
     1.0            IONOSPHERE MAPS     GNSS                IONEX VERSION / TYPE
pyspatialgeodesy        IME             05-JAN-18 20:20     PGM / RUN BY / DATE 
Map Name                                                    COMMENT             
Predicted global ionosphere maps (GIM).                     DESCRIPTION         
  2015    10    29     0     0     0                        EPOCH OF FIRST MAP  
  2015    10    30     0     0     0                        EPOCH OF LAST MAP   
  7200                                                      INTERVAL            
    13                                                      # OF MAPS IN FILE   
  NONE                                                      MAPPING FUNCTION    
10.0                                                        ELEVATION CUTOFF    
One-way carrier phase leveled to code                       OBSERVABLES USED    
  6371.0                                                    BASE RADIUS         
 2                                                          MAP DIMENSION       
   450.0 450.0   0.0                                        HGT1 / HGT2 / DHGT  
    87.5 -87.5  -2.5                                        LAT1 / LAT2 / DLAT  
  -180.0 180.0   5.0                                        LON1 / LON2 / DLON  
    -1                                                      EXPONENT            
                                                            END OF HEADER       
[from data line 1287]
     4                                                      START OF TEC MAP    
  2015    10    29     6     0     0                        EPOCH OF CURRENT MAP
    87.5-180.0 180.0   5.0 450.0                            LAT/LON1/LON2/DLON/H
   14   55   56   53   53   49   53   50   54   52   55   54   57   56   58   57
   59   58   61   59   62   61   64   62   66   64   67   65   69   67   70   68
   72   70   73   70   74   72   75   74   77   76   79   77   80   79   80   79
   81   79   81   79   80   78   79   76   77   73   74   70   71   67   67   62
   64   59   62   60   62   56   59   24   14                                   
    85.0-180.0 180.0   5.0 450.0                            LAT/LON1/LON2/DLON/H
   55   47   58   54   56   47   55   51   58   53   61   57   64   59   66   61
   68   63   69   63   68   64   68   65   67   65   68   66   69   66   70   68
   71   69   73   71   74   74   77   77   79   80   83   84   85   86   89   89
   92   91   94   94   96   94   97   95   97   94   96   93   93   86   88   77
   80   70   74   67   71   55   68   35   55                                   
    82.5-180.0 180.0   5.0 450.0                            LAT/LON1/LON2/DLON/H
   50   52   67   64   63   58   63   60   65   61   65   62   67   63   67   64
   68   63   67   61   65   60   63   59   61   59   61   61   62   63   62   66
   65   68   68   72   71   76   75   81   80   86   86   92   92   96   97  102
  102  104  105  107  108  107  109  107  108  105  106  102  101   96   95   90
   89   83   83   77   75   68   81   35   50                                   
    80.0-180.0 180.0   5.0 450.0                            LAT/LON1/LON2/DLON/H
   47   51   61   55   50   49   49   52   51   55   53   58   55   60   57   60
   56   58   54   54   49   49   46   45   44   44   46   46   49   48   51   51
   55   54   59   59   63   64   70   71   77   78   85   87   93   96  102  105
  110  111  118  118  123  123  127  126  127  125  124  121  117  113  108  104
   98   94   88   85   77   69   68   39   47                                   
    77.5-180.0 180.0   5.0 450.0                            LAT/LON1/LON2/DLON/H
   55   53   59   52   53   46   50   48   53   51   56   55   59   58   60   59
   58   56   53   51   47   45   41   41   38   39   38   41   41   43   44   47
   47   50   50   54   54   59   61   68   72   78   83   90   93  102  109  117
  123  130  135  140  143  146  148  149  148  147  143  141  137  134  127  120
  111  104   97   91   84   75   81   44   55                                   
    75.0-180.0 180.0   5.0 450.0                            LAT/LON1/LON2/DLON/H
   59   58   59   53   46   45   45   48   48   52   51   56   54   58   55   58
   54   55   50   49   43   42   37   37   34   35   35   38   38   41   41   44
   44   46   46   48   48   51   54   60   65   72   81   88   95  106  116  126
  136  143  152  156  163  166  171  170  172  170  170  163  161  155  151  143
  134  124  114  105   95   84   84   51   59                                   
    72.5-180.0 180.0   5.0 450.0                            LAT/LON1/LON2/DLON/H
   75   65   62   52   50   43   45   43   47   46   50   50   53   52   54   52
   52   50   48   45   41   38   35   34   32   32   33   34   37   37   41   40
   42   40   41   40   42   42   47   52   60   67   79   89  100  111  123  135
  146  154  164  171  179  184  191  191  194  191  191  186  183  175  169  161
  152  142  130  119  107   97   95   64   75                                   
    70.0-180.0 180.0   5.0 450.0                            LAT/LON1/LON2/DLON/H
   78   73   63   55   48   44   43   43   44   44   44   47   47   49   47   50
   48   48   45   44   40   39   37   36   36   36   37   39   41   43   44   44
   42   41   38   38   36   37   40   45   54   63   77   91  103  117  130  142
  154  162  175  183  193  198  206  206  211  206  207  200  198  189  184  172
  166  156  145  133  121  106  103   80   78                                   
    67.5-180.0 180.0   5.0 450.0                            LAT/LON1/LON2/DLON/H
   91   79   68   56   53   46   46   43   45   42   45   43   45   44   45   45
   46   45   45   44   42   40   40   39   39   40   41   44   46   47   49   46
   45   40   39   34   34   32   37   42   53   64   79   96  110  125  138  150
  160  170  181  190  200  206  213  216  218  215  213  207  203  196  190  180
  170  162  150  141  128  116  113   89   91                                   
    65.0-180.0 180.0   5.0 450.0                            LAT/LON1/LON2/DLON/H
   92   87   71   61   51   47   46   45   45   44   43   43   41   43   41   45
   46   45   46   45   45   45   43   44   43   46   47   50   51   53   50   50
   44   41   36   33   31   31   35   42   54   68   84  105  119  134  147  157
  166  176  187  196  206  213  220  221  224  220  218  209  204  194  188  176
  168  159  151  142  130  118  118   99   92                                   
    62.5-180.0 180.0   5.0 450.0                            LAT/LON1/LON2/DLON/H
   99   87   72   58   53   48   47   45   47   44   44   40   39   38   39   42
   42   43   43   44   44   43   43   44   45   48   49   53   54   54   51   47
   43   37   34   31   30   31   37   47   61   76   95  115  128  143  153  163
  171  181  190  199  209  217  221  223  223  219  214  206  200  190  181  170
  161  152  143  137  126  118  118   99   99                                   
    60.0-180.0 180.0   5.0 450.0                            LAT/LON1/LON2/DLON/H
   98   89   73   63   51   48   44   45   46   45   42   41   38   39   39   41
   41   43   43   44   43   44   42   45   46   49   50   53   51   51   46   44
   39   36   32   31   32   35   42   54   68   88  107  126  140  154  164  173
  182  191  200  211  221  228  232  230  231  222  216  206  200  188  178  166
  154  146  137  131  120  113  117  100   98                                   
    57.5-180.0 180.0   5.0 450.0                            LAT/LON1/LON2/DLON/H
  102   92   75   60   52   48   46   45   47   44   44   38   38   36   37   39
   39   40   40   39   40   39   40   42   44   48   48   51   48   47   42   40
   36   33   32   33   34   41   50   63   80  100  117  137  150  165  173  184
  193  204  214  225  235  242  242  241  236  228  220  211  204  194  182  169
  157  146  136  130  121  117  119   99  102                                   
    55.0-180.0 180.0   5.0 450.0                            LAT/LON1/LON2/DLON/H
  108   98   78   67   54   50   45   46   45   46   43   42   40   40   39   40
   40   41   39   40   38   39   40   42   44   47   47   48   45   42   38   36
   34   34   34   38   43   51   62   75   93  114  132  150  165  178  188  199
  209  222  233  248  257  262  262  256  251  238  231  220  214  204  193  179
  164  153  141  134  123  119  125  106  108                                   
    52.5-180.0 180.0   5.0 450.0                            LAT/LON1/LON2/DLON/H
  119  111   90   75   64   58   51   49   47   45   45   40   41   38   39   36
   38   35   35   32   35   36   38   41   45   49   48   48   44   41   37   36
   34   35   38   45   51   62   73   88  106  126  143  162  177  191  203  215
  226  241  253  268  277  282  278  271  262  252  241  234  228  220  210  196
  181  169  157  148  138  133  136  117  119                                   
    50.0-180.0 180.0   5.0 450.0                            LAT/LON1/LON2/DLON/H
  133  121   98   89   75   68   58   55   50   49   46   46   45   44   43   42
   41   40   38   39   40   41   43   47   51   54   53   51   47   42   39   37
   37   40   45   54   62   74   86  101  119  139  156  173  190  206  218  232
  244  260  273  286  295  296  293  282  274  261  254  243  241  232  224  216
  200  184  171  161  150  143  147  128  133                                   
    47.5-180.0 180.0   5.0 450.0                            LAT/LON1/LON2/DLON/H
  148  139  117  105   93   84   72   65   59   54   53   49   49   46   47   43
   45   41   43   43   44   46   51   55   59   64   61   59   53   49   43   42
   42   47   53   65   76   88   99  115  130  149  165  184  201  217  232  246
  258  272  284  295  302  301  297  286  279  270  262  254  250  244  237  228
  216  203  189  179  168  162  161  140  148                                   
    45.0-180.0 180.0   5.0 450.0                            LAT/LON1/LON2/DLON/H
  155  144  124  119  106   98   84   77   66   62   57   56   56   56   56   54
   53   52   51   52   54   58   64   69   72   75   72   68   62   54   48   47
   47   54   61   73   85   99  111  128  143  159  176  193  212  229  243  258
  269  281  290  296  300  297  290  282  276  266  260  252  249  243  238  231
  221  210  195  185  173  165  166  147  155                                   
    42.5-180.0 180.0   5.0 450.0                            LAT/LON1/LON2/DLON/H
  157  149  131  126  119  112   99   90   79   71   66   63   64   61   61   59
   58   57   58   59   65   70   78   83   86   86   82   77   68   62   52   51
   49   57   65   81   93  107  120  136  152  168  184  201  220  238  252  264
  275  282  288  288  290  285  282  276  270  261  255  248  247  240  234  225
  217  206  195  185  174  165  165  145  157                                   
    40.0-180.0 180.0   5.0 450.0                            LAT/LON1/LON2/DLON/H
  149  140  123  123  116  114  103   97   85   78   71   71   72   70   69   67
   66   66   67   71   78   84   91   95   96   94   90   82   76   66   58   54
   53   58   66   81   95  112  128  148  163  178  195  211  230  248  260  271
  281  286  288  288  287  284  279  274  269  260  253  249  247  240  232  223
  213  201  188  179  165  153  156  137  149                                   
    37.5-180.0 180.0   5.0 450.0                            LAT/LON1/LON2/DLON/H
  135  128  110  110  108  110  103   99   90   83   78   77   78   78   78   75
   74   74   77   83   91   98  104  106  104  100   92   85   76   68   59   54
   51   55   64   79   97  115  136  158  175  190  206  222  240  255  267  275
  285  288  290  291  293  292  292  288  284  275  268  259  256  247  236  225
  212  197  184  173  158  146  147  124  135                                   
    35.0-180.0 180.0   5.0 450.0                            LAT/LON1/LON2/DLON/H
  123  109   90   91   90   91   93   91   89   84   81   81   84   84   85   82
   83   83   87   93  101  106  109  109  105  100   93   83   78   67   60   53
   51   52   60   73   92  115  141  165  185  201  219  237  254  266  277  283
  291  296  303  307  312  317  318  318  314  304  296  285  278  267  255  239
  223  207  191  174  156  140  142  115  123                                   
    32.5-180.0 180.0   5.0 450.0                            LAT/LON1/LON2/DLON/H
  118  101   80   76   74   77   78   82   82   82   80   82   84   88   88   89
   89   92   96  101  106  110  111  109  104   98   90   82   76   67   61   53
   50   51   59   73   93  120  149  176  196  212  229  248  264  274  286  291
  301  308  319  330  342  356  363  366  367  358  351  337  327  310  295  273
  253  238  217  195  172  151  147  118  118                                   
    30.0-180.0 180.0   5.0 450.0                            LAT/LON1/LON2/DLON/H
  123   93   74   67   60   57   63   68   74   75   78   79   85   88   92   93
   96   98  102  105  108  110  109  107  103   97   93   83   80   70   65   56
   54   52   59   70   90  120  150  177  199  216  235  253  271  283  297  305
  319  331  347  365  386  403  418  427  431  425  418  405  396  374  358  328
  308  282  256  225  197  176  163  137  123                                   
    27.5-180.0 180.0   5.0 450.0                            LAT/LON1/LON2/DLON/H
  149  123   93   75   61   53   53   56   62   64   70   75   80   86   89   93
   95   99  103  105  106  107  107  105  104  100   96   87   85   76   72   63
   63   60   66   75   95  123  155  182  205  219  235  253  274  290  310  321
  342  354  379  400  431  453  474  489  496  496  488  477  464  445  429  402
  378  350  318  280  245  217  198  184  149                                   
    25.0-180.0 180.0   5.0 450.0                            LAT/LON1/LON2/DLON/H
  199  153  125  104   83   68   60   59   59   61   64   71   80   83   89   92
   97   99  101  102  100  101  103  106  107  105  104   95   93   83   80   74
   75   72   78   83  101  122  154  179  200  216  237  254  280  301  328  344
  371  391  422  455  486  510  532  554  566  569  559  547  531  515  499  475
  452  421  389  345  307  270  244  234  199                                   
    22.5-180.0 180.0   5.0 450.0                            LAT/LON1/LON2/DLON/H
  263  201  178  148  120   98   86   78   73   66   67   67   75   80   83   87
   90   93   94   95   92   96  103  109  115  115  114  105  103   90   87   78
   81   78   92   93  109  127  156  182  206  224  244  265  291  315  345  367
  399  427  466  502  538  560  587  603  619  618  613  601  592  574  561  539
  522  493  464  420  384  345  320  308  263                                   
    20.0-180.0 180.0   5.0 450.0                            LAT/LON1/LON2/DLON/H
  331  258  234  207  175  149  123  108   97   91   81   79   80   83   85   87
   91   91   91   89   88   93  105  115  124  122  121  110   97   85   82   77
   82   80   94   96  109  123  151  179  205  227  250  274  304  330  363  389
  426  459  502  537  569  588  609  622  633  630  629  621  618  606  598  581
  569  543  518  482  452  417  392  383  331                                   
    17.5-180.0 180.0   5.0 450.0                            LAT/LON1/LON2/DLON/H
  386  332  313  267  232  204  178  152  132  114  104   96   92   87   85   86
   86   86   86   83   87   94  111  123  136  133  129  106   91   79   74   74
   77   81   91   99  111  125  154  182  210  235  258  286  318  346  374  402
  438  473  511  539  562  574  591  597  610  609  613  608  613  611  612  602
  592  573  554  524  502  471  451  440  386                                   
    15.0-180.0 180.0   5.0 450.0                            LAT/LON1/LON2/DLON/H
  424  387  376  339  299  265  229  204  180  155  136  124  117  107   98   93
   93   89   87   85   89   99  118  129  141  136  118  100   82   74   73   71
   76   76   89   92  106  125  154  184  215  238  266  295  332  359  390  416
  454  482  512  531  542  549  554  558  570  569  578  576  585  588  595  592
  588  571  560  539  526  500  487  471  424                                   
    12.5-180.0 180.0   5.0 450.0                            LAT/LON1/LON2/DLON/H
  452  426  421  388  355  320  287  251  223  198  177  162  148  135  117  102
   96   89   92   91   99  108  130  136  142  130  113   92   77   72   66   69
   71   77   87   91  106  127  157  188  218  244  272  308  342  373  403  427
  458  476  492  501  506  506  506  509  522  522  533  534  546  553  564  568
  567  559  550  538  532  510  503  498  452                                   
    10.0-180.0 180.0   5.0 450.0                            LAT/LON1/LON2/DLON/H
  463  445  440  409  384  352  319  292  261  236  212  197  183  166  145  126
  114  102   96   94   99  106  118  129  129  122  103   88   75   68   64   63
   71   72   85   86  105  129  159  190  220  244  276  310  348  379  414  438
  464  475  485  486  491  484  483  482  496  496  506  505  515  522  532  539
  540  535  529  519  524  504  506  495  463                                   
     7.5-180.0 180.0   5.0 450.0                            LAT/LON1/LON2/DLON/H
  464  452  448  418  393  366  342  315  294  266  249  237  222  206  178  155
  139  121  109  102  104  108  122  126  129  117   98   87   74   69   62   65
