data/unet/pred1880.15i
     1.0            IONOSPHERE MAPS     GNSS                IONEX VERSION / TYPE
pyspatialgeodesy        IME             05-JAN-18 20:20     PGM / RUN BY / DATE 
Map Name                                                    COMMENT             
Predicted global ionosphere maps (GIM).                     DESCRIPTION         
  2015     7     7     0     0     0                        EPOCH OF FIRST MAP  
  2015     7     8     0     0     0                        EPOCH OF LAST MAP   
  7200                                                      INTERVAL            
    13                                                      # OF MAPS IN FILE   
  NONE                                                      MAPPING FUNCTION    
10.0                                                        ELEVATION CUTOFF    
One-way carrier phase leveled to code                       OBSERVABLES USED    
  6371.0                                                    BASE RADIUS         
 2                                                          MAP DIMENSION       
   450.0 450.0   0.0                                        HGT1 / HGT2 / DHGT  
    87.5 -87.5  -2.5                                        LAT1 / LAT2 / DLAT  
  -180.0 180.0   5.0                                        LON1 / LON2 / DLON  
    -1                                                      EXPONENT            
                                                            END OF HEADER       
[from data line 3432]
     9                                                      START OF TEC MAP    
  2015     7     7    16     0     0                        EPOCH OF CURRENT MAP
    87.5-180.0 180.0   5.0 450.0                            LAT/LON1/LON2/DLON/H
  160  168  163  164  163  161  162  162  163  163  163  163  164  164  164  163
  164  163  163  163  163  162  161  160  161  159  159  158  159  158  158  157
  158  157  158  157  158  157  158  157  158  158  159  158  160  159  160  160
  161  161  162  161  163  162  163  163  164  164  164  164  164  164  163  163
  163  162  163  162  161  161  164  174  160                                   
    85.0-180.0 180.0   5.0 450.0                            LAT/LON1/LON2/DLON/H
  144  156  156  159  162  160  163  161  165  162  165  162  166  162  165  162
  166  162  165  161  164  161  163  160  162  159  160  158  159  157  158  156
  157  155  156  154  156  154  156  154  157  156  158  157  160  159  161  160
  162  161  163  162  165  163  165  163  166  163  166  163  166  162  164  160
  163  159  162  158  158  154  155  148  144                                   
    82.5-180.0 180.0   5.0 450.0                            LAT/LON1/LON2/DLON/H
  146  149  149  149  150  150  152  152  155  154  156  155  158  156  159  157
  160  158  160  159  160  159  159  158  158  158  156  156  155  155  154  153
  152  152  151  150  150  150  149  150  150  151  151  152  153  154  156  156
  158  158  159  159  160  160  159  159  159  159  158  157  157  155  155  153
  152  151  151  150  151  145  152  135  146                                   
    80.0-180.0 180.0   5.0 450.0                            LAT/LON1/LON2/DLON/H
  138  141  140  144  144  146  146  149  149  150  150  152  151  153  152  154
  155  156  156  158  158  160  159  161  159  161  158  159  157  157  154  155
  152  153  150  151  149  150  148  150  148  151  150  153  153  156  156  159
  159  162  161  163  162  164  161  162  160  161  158  158  155  155  152  151
  148  148  145  144  141  141  142  132  138                                   
    77.5-180.0 180.0   5.0 450.0                            LAT/LON1/LON2/DLON/H
  131  134  136  136  139  140  143  143  145  144  146  146  148  148  150  150
  152  151  154  154  156  155  158  159  160  160  160  160  159  158  157  156
  154  152  151  151  150  150  149  149  149  150  151  153  153  155  156  158
  158  159  160  161  160  161  160  159  158  157  155  153  151  149  147  144
  143  141  141  137  137  131  132  123  131                                   
    75.0-180.0 180.0   5.0 450.0                            LAT/LON1/LON2/DLON/H
  125  130  134  135  140  142  146  145  149  146  150  148  152  150  154  152
  156  155  159  158  162  162  165  166  168  169  169  169  168  167  165  164
  162  161  159  158  156  156  155  155  155  156  157  158  159  160  161  162
  162  163  164  163  163  163  162  160  159  158  157  154  153  150  150  146
  146  142  143  137  138  135  135  127  125                                   
    72.5-180.0 180.0   5.0 450.0                            LAT/LON1/LON2/DLON/H
  127  134  139  139  145  145  149  149  150  149  150  150  151  152  153  153
  155  155  157  158  162  163  167  169  171  172  172  172  171  171  168  168
  164  163  161  161  158  159  158  159  158  159  159  161  159  161  159  160
  159  160  159  160  158  158  155  156  152  153  150  150  147  147  144  145
  142  142  140  138  138  134  136  128  127                                   
    70.0-180.0 180.0   5.0 450.0                            LAT/LON1/LON2/DLON/H
  131  139  145  147  152  154  158  156  158  154  158  155  159  157  160  158
  162  160  164  163  168  169  173  174  177  177  178  178  178  176  176  173
  172  169  167  166  165  163  163  163  163  163  164  163  163  162  161  160
  159  160  159  159  158  157  155  154  153  152  151  151  151  149  150  148
  149  146  148  144  146  143  144  135  131                                   
    67.5-180.0 180.0   5.0 450.0                            LAT/LON1/LON2/DLON/H
  138  149  155  155  159  161  163  163  161  160  159  161  161  163  162  164
  164  164  166  167  171  171  175  176  178  178  178  178  176  175  173  172
  170  168  166  166  163  163  162  164  162  164  162  163  159  159  156  156
  153  155  153  154  152  152  149  149  146  147  145  148  146  149  148  149
  147  149  148  148  148  146  149  139  138                                   
    65.0-180.0 180.0   5.0 450.0                            LAT/LON1/LON2/DLON/H
  145  156  162  165  170  171  173  170  170  167  167  168  170  171  173  172
  174  171  173  173  176  177  179  181  182  182  181  180  179  177  176  175
  175  172  171  169  168  166  166  166  167  166  166  164  162  159  155  154
  153  154  153  154  153  152  150  149  148  148  148  149  151  152  154  153
  154  153  154  151  154  154  156  147  145                                   
    62.5-180.0 180.0   5.0 450.0                            LAT/LON1/LON2/DLON/H
  145  161  167  170  173  175  174  175  172  171  170  172  173  175  176  178
  176  175  174  174  177  177  180  180  181  178  177  174  174  172  171  171
  171  170  168  167  164  164  162  165  163  166  163  163  158  156  152  152
  150  153  151  154  152  152  149  149  146  148  146  150  150  153  153  155
  152  152  151  150  151  151  157  146  145                                   
    60.0-180.0 180.0   5.0 450.0                            LAT/LON1/LON2/DLON/H
  143  159  166  170  176  176  179  176  176  173  174  175  177  180  182  183
  182  179  178  178  179  180  182  183  183  181  178  176  174  174  174  176
  176  176  174  173  170  169  168  168  170  170  169  166  162  158  154  153
  154  155  155  157  156  156  153  153  151  151  151  153  155  156  157  156
  155  153  152  148  150  151  156  148  143                                   
    57.5-180.0 180.0   5.0 450.0                            LAT/LON1/LON2/DLON/H
  136  154  161  167  170  173  174  175  174  173  173  175  178  181  182  186
  182  181  178  179  178  179  182  182  182  177  176  172  172  171  174  175
  176  176  174  173  170  168  167  169  168  170  168  168  162  160  156  157
  156  159  159  162  160  160  157  157  153  154  152  154  153  155  154  154
  150  148  146  142  141  141  150  142  136                                   
    55.0-180.0 180.0   5.0 450.0                            LAT/LON1/LON2/DLON/H
  130  146  153  160  167  169  173  172  174  172  174  176  180  182  186  188
  186  183  180  179  179  180  182  183  183  182  178  178  176  179  180  184
  186  187  185  183  180  178  177  177  179  180  179  177  172  168  165  164
  165  168  168  170  168  168  164  162  159  158  157  157  158  157  156  152
  149  145  142  135  134  135  141  139  130                                   
    52.5-180.0 180.0   5.0 450.0                            LAT/LON1/LON2/DLON/H
  124  137  147  156  161  166  170  172  173  172  173  176  179  182  185  188
  186  185  181  180  179  179  181  182  183  182  181  180  182  182  186  188
  192  192  192  190  188  186  184  185  186  188  187  186  181  178  173  174
  172  176  175  177  175  173  168  167  163  162  159  159  157  157  154  151
  146  141  137  128  126  125  135  132  124                                   
    50.0-180.0 180.0   5.0 450.0                            LAT/LON1/LON2/DLON/H
  122  130  138  146  156  164  170  172  175  174  175  177  181  184  189  191
  191  189  186  182  180  180  181  184  186  188  186  187  188  191  194  199
  202  205  205  205  203  203  202  202  202  204  204  202  198  194  191  190
  189  190  189  189  185  182  177  175  172  170  168  165  164  161  159  153
  148  142  136  126  123  123  130  129  122                                   
    47.5-180.0 180.0   5.0 450.0                            LAT/LON1/LON2/DLON/H
  122  129  135  144  153  163  171  177  179  180  180  182  185  187  191  194
  194  193  188  186  183  183  184  187  190  192  193  194  196  198  203  206
  212  213  216  217  217  218  216  217  216  216  216  214  211  208  204  203
  201  201  200  199  195  191  185  184  179  177  173  171  167  165  161  157
  151  145  139  129  124  122  132  130  122                                   
    45.0-180.0 180.0   5.0 450.0                            LAT/LON1/LON2/DLON/H
  125  127  131  136  147  161  173  181  186  188  190  190  193  195  199  200
  203  199  196  192  190  189  190  194  195  201  202  206  208  213  216  220
  223  227  229  233  235  238  238  239  237  238  235  235  231  229  226  223
  222  220  216  213  207  205  198  197  194  192  187  184  179  175  171  167
  162  157  149  139  132  130  135  132  125                                   
    42.5-180.0 180.0   5.0 450.0                            LAT/LON1/LON2/DLON/H
  127  127  129  134  144  158  174  187  195  199  202  203  204  205  208  210
  210  207  203  199  197  195  197  200  204  210  214  219  222  225  230  231
  237  240  245  250  255  259  260  261  258  258  255  254  251  248  244  242
  239  236  231  227  221  217  211  210  207  205  200  195  189  185  181  178
  174  170  163  151  143  138  145  139  127                                   
    40.0-180.0 180.0   5.0 450.0                            LAT/LON1/LON2/DLON/H
  132  128  128  129  140  156  174  190  202  208  213  215  216  215  218  218
  220  218  215  211  208  206  206  210  214  224  230  238  242  245  249  251
  256  260  265  271  277  283  283  284  280  281  279  279  275  273  267  264
  260  255  249  243  236  231  226  226  224  224  218  213  205  201  197  196
  191  189  180  172  158  153  154  147  132                                   
    37.5-180.0 180.0   5.0 450.0                            LAT/LON1/LON2/DLON/H
  134  129  124  126  135  149  172  190  207  216  223  227  228  228  227  229
  229  227  224  220  216  213  213  217  224  236  246  255  261  265  271  274
  282  285  291  298  303  309  309  310  306  305  303  303  299  296  291  287
  281  273  264  257  249  244  240  240  238  238  232  228  220  214  210  206
  203  199  193  182  171  162  164  157  134                                   
    35.0-180.0 180.0   5.0 450.0                            LAT/LON1/LON2/DLON/H
  143  132  127  124  132  148  169  189  208  219  230  235  239  239  239  238
  237  236  234  231  227  225  225  230  238  253  265  279  288  297  303  312
  321  325  331  332  339  337  338  335  331  328  326  325  321  317  309  304
  297  288  281  271  264  258  255  254  254  251  247  241  234  228  223  220
  216  213  205  197  184  176  172  166  143                                   
    32.5-180.0 180.0   5.0 450.0                            LAT/LON1/LON2/DLON/H
  145  135  126  124  128  142  164  184  207  221  236  245  249  250  248  247
  245  242  241  240  237  234  235  241  253  270  287  302  313  326  338  352
  365  371  376  376  378  373  370  364  359  355  352  350  345  340  330  323
  313  306  295  287  279  275  272  271  268  263  256  249  243  236  231  225
  221  215  210  199  188  180  180  173  145                                   
    30.0-180.0 180.0   5.0 450.0                            LAT/LON1/LON2/DLON/H
  154  141  134  127  130  142  160  179  201  217  233  244  253  256  255  253
  250  248  247  247  246  246  248  258  272  293  311  329  346  363  380  398
  416  424  428  425  424  411  405  393  385  379  375  370  364  356  346  335
  323  312  303  296  290  286  284  280  278  270  263  252  247  239  235  230
  225  219  213  205  197  187  186  181  154                                   
    27.5-180.0 180.0   5.0 450.0                            LAT/LON1/LON2/DLON/H
  158  149  140  134  132  141  157  174  196  212  232  247  259  265  263  261
  257  257  255  256  255  255  259  270  288  312  331  354  373  397  419  441
  461  467  470  462  455  439  428  413  404  393  389  383  376  367  353  341
  324  313  300  296  290  288  285  283  278  271  259  248  241  235  231  225
  218  212  206  198  192  185  190  182  158                                   
    25.0-180.0 180.0   5.0 450.0                            LAT/LON1/LON2/DLON/H
  165  152  149  141  142  149  162  177  195  212  230  246  261  269  269  269
  265  265  265  265  267  269  274  288  307  331  356  380  408  434  458  482
  498  505  502  492  477  461  448  434  423  413  406  396  387  375  360  342
  324  309  297  292  287  283  282  277  275  263  253  239  231  222  217  213
  209  204  201  193  192  186  188  182  165                                   
    22.5-180.0 180.0   5.0 450.0                            LAT/LON1/LON2/DLON/H
  167  158  153  151  148  156  164  180  197  212  230  248  265  275  277  280
  278  281  280  283  284  286  290  303  321  347  371  402  432  461  486  507
  524  525  516  499  481  463  450  438  430  420  413  403  391  375  354  336
  315  302  289  285  280  279  277  275  270  261  246  233  221  211  206  199
  195  189  185  180  180  177  186  176  167                                   
    20.0-180.0 180.0   5.0 450.0                            LAT/LON1/LON2/DLON/H
  168  157  156  153  160  164  176  186  201  216  231  249  265  278  284  290
  293  294  298  296  298  302  306  319  336  360  389  422  455  480  501  520
  533  529  516  497  476  461  449  443  437  432  424  415  400  381  358  337
  315  299  286  280  274  271  270  261  261  246  237  222  209  196  189  184
  179  175  172  170  170  169  174  169  168                                   
    17.5-180.0 180.0   5.0 450.0                            LAT/LON1/LON2/DLON/H
  164  156  149  155  157  169  178  193  204  220  234  251  268  282  292  303
  312  320  321  318  314  316  320  331  344  371  398  436  466  490  510  522
  529  518  503  480  460  444  437  434  435  432  425  415  398  378  354  336
  314  301  283  276  267  263  259  254  247  239  229  213  203  189  182  173
  171  162  161  156  154  156  166  160  164                                   
    15.0-180.0 180.0   5.0 450.0                            LAT/LON1/LON2/DLON/H
  156  142  141  142  154  163  184  194  210  224  238  254  269  287  302  318
  332  341  343  340  331  331  335  345  359  384  415  448  476  495  508  515
  514  504  489  466  449  437  434  437  438  440  434  424  405  384  360  341
  321  306  288  275  262  256  250  242  239  227  219  200  190  174  170  162
  158  153  149  147  144  147  150  147  156                                   
    12.5-180.0 180.0   5.0 450.0                            LAT/LON1/LON2/DLON/H
  146  132  126  135  138  154  171  193  207  226  240  257  271  290  305  328
  347  363  367  361  351  345  346  356  372  401  428  459  484  498  507  504
  501  488  475  456  442  432  432  433  439  439  435  423  404  385  363  349
  328  314  290  275  260  251  244  241  236  230  219  201  189  171  167  158
  153  145  140  134  133  135  138  130  146                                   
    10.0-180.0 180.0   5.0 450.0                            LAT/LON1/LON2/DLON/H
  134  118  115  116  127  130  158  173  201  219  240  255  273  293  314  337
  358  375  381  375  362  359  359  373  391  414  439  467  490  501  502  498
  490  481  470  457  447  442  444  448  450  450  443  432  414  396  374  358
  338  321  297  278  258  247  238  237  234  226  216  196  183  163  159  150
  149  142  135  131  127  126  125  113  134                                   
     7.5-180.0 180.0   5.0 450.0                            LAT/LON1/LON2/DLON/H
  118  110  101  103  105  117  134  162  188  215  235  254  270  293  311  339
  360  380  386  380  371  366  370  386  403  427  452  478  498  504  504  494
