data/unet/pred1010.15i
     1.0            IONOSPHERE MAPS     GNSS                IONEX VERSION / TYPE
pyspatialgeodesy        IME             05-JAN-18 20:20     PGM / RUN BY / DATE 
Map Name                                                    COMMENT             
Predicted global ionosphere maps (GIM).                     DESCRIPTION         
  2015     4    11     0     0     0                        EPOCH OF FIRST MAP  
  2015     4    12     0     0     0                        EPOCH OF LAST MAP   
  7200                                                      INTERVAL            
    13                                                      # OF MAPS IN FILE   
  NONE                                                      MAPPING FUNCTION    
10.0                                                        ELEVATION CUTOFF    
One-way carrier phase leveled to code                       OBSERVABLES USED    
  6371.0                                                    BASE RADIUS         
 2                                                          MAP DIMENSION       
   450.0 450.0   0.0                                        HGT1 / HGT2 / DHGT  
    87.5 -87.5  -2.5                                        LAT1 / LAT2 / DLAT  
  -180.0 180.0   5.0                                        LON1 / LON2 / DLON  
    -1                                                      EXPONENT            
                                                            END OF HEADER       
[from data line 4290]
    11                                                      START OF TEC MAP    
  2015     4    11    20     0     0                        EPOCH OF CURRENT MAP
    87.5-180.0 180.0   5.0 450.0                            LAT/LON1/LON2/DLON/H
  187  167  158  163  161  160  159  159  159  160  160  161  159  160  159  160
  158  159  157  158  155  156  153  154  151  152  149  151  147  148  145  146
  143  145  142  144  142  145  143  146  145  148  147  149  148  150  149  151
  150  152  150  152  150  152  151  153  151  154  153  155  154  156  155  157
  155  157  156  160  161  162  152  161  187                                   
    85.0-180.0 180.0   5.0 450.0                            LAT/LON1/LON2/DLON/H
  147  147  153  158  159  157  159  158  160  159  162  162  163  162  165  164
  164  163  164  162  161  160  159  157  156  153  153  151  149  146  145  144
  142  141  140  140  140  140  141  142  143  143  146  146  148  148  150  150
  151  151  153  153  153  153  155  155  155  155  157  157  157  157  158  158
  157  157  157  160  161  159  149  147  147                                   
    82.5-180.0 180.0   5.0 450.0                            LAT/LON1/LON2/DLON/H
  139  132  142  149  146  149  149  154  152  158  159  164  162  168  166  172
  167  173  168  172  165  168  161  163  156  157  150  150  143  144  137  139
  132  135  130  134  129  134  132  136  134  140  139  143  142  147  146  150
  148  152  151  155  151  156  153  158  153  158  155  159  154  158  154  157
  151  154  149  150  146  145  133  127  139                                   
    80.0-180.0 180.0   5.0 450.0                            LAT/LON1/LON2/DLON/H
  129  117  125  128  128  128  132  134  139  142  148  151  156  159  162  165
  166  168  167  167  165  164  160  158  153  149  143  139  134  130  126  122
  119  116  116  115  115  116  117  118  120  122  125  126  129  131  134  134
  136  137  139  139  139  140  141  141  141  141  142  142  141  142  141  140
  138  137  135  133  131  126  118  115  129                                   
    77.5-180.0 180.0   5.0 450.0                            LAT/LON1/LON2/DLON/H
  117  105  107  113  112  115  118  123  128  134  140  148  152  159  162  168
  168  172  169  170  167  166  160  158  152  148  140  134  129  122  118  112
  110  106  106  104  106  105  108  108  111  112  115  116  118  121  122  124
  124  126  126  127  127  128  128  129  128  129  130  131  131  131  130  130
  128  127  125  120  117  113  105  103  117                                   
    75.0-180.0 180.0   5.0 450.0                            LAT/LON1/LON2/DLON/H
  106   94   98  102  104  107  112  118  124  131  139  147  154  160  166  170
  172  173  173  171  170  166  164  159  155  149  142  135  129  122  116  112
  108  105  104  103  103  103  103  105  105  107  108  109  111  112  112  113
  113  113  112  113  112  112  112  113  112  114  115  116  116  117  118  118
  118  116  115  111  108  104  100  103  106                                   
    72.5-180.0 180.0   5.0 450.0                            LAT/LON1/LON2/DLON/H
  105   96   96  102  103  108  113  119  127  134  144  151  160  166  172  175
  178  177  177  175  173  169  166  162  157  151  145  136  130  122  118  112
  110  107  107  105  105  104  104  104  105  105  105  105  105  105  105  104
  104  103  103  102  101  100  100   99  100  100  101  102  104  105  107  108
  109  110  109  107  105  105  101  105  105                                   
    70.0-180.0 180.0   5.0 450.0                            LAT/LON1/LON2/DLON/H
  109  102  103  109  112  116  122  128  136  143  153  161  170  176  181  183
  184  182  180  177  175  170  168  163  160  153  149  140  135  127  123  119
  117  114  114  112  111  109  108  106  105  103  103  101  101   99   99   97
   97   95   94   93   92   90   89   88   88   87   89   90   93   94   98   99
  103  103  106  105  106  106  105  112  109                                   
    67.5-180.0 180.0   5.0 450.0                            LAT/LON1/LON2/DLON/H
  118  115  115  121  124  130  135  141  150  156  167  174  184  188  193  193
  193  189  186  182  179  174  171  167  164  157  153  146  140  132  128  125
  123  121  120  117  115  111  109  105  103   99   98   95   95   92   91   89
   89   87   87   85   85   81   82   78   80   76   79   79   83   85   89   93
   96  100  103  106  108  111  111  118  118                                   
    65.0-180.0 180.0   5.0 450.0                            LAT/LON1/LON2/DLON/H
  126  124  128  136  140  144  149  156  163  171  181  189  197  202  205  203
  201  196  192  187  183  178  176  171  169  162  160  152  149  141  139  135
  134  130  129  124  121  115  110  105  101   97   94   90   89   86   85   83
   83   80   80   78   79   75   76   73   74   71   74   73   78   79   85   87
   93   96  102  106  108  113  114  126  126                                   
    62.5-180.0 180.0   5.0 450.0                            LAT/LON1/LON2/DLON/H
  133  135  139  148  154  158  164  169  178  184  194  201  209  212  215  214
  211  206  202  195  191  185  183  179  176  171  167  160  157  151  149  144
  143  138  135  129  124  115  110  102   98   92   90   86   85   81   80   78
   77   75   74   72   74   70   72   68   71   67   69   67   71   73   78   82
   87   92   98  104  109  115  118  129  133                                   
    60.0-180.0 180.0   5.0 450.0                            LAT/LON1/LON2/DLON/H
  137  141  149  159  164  169  174  179  187  193  202  209  218  222  225  223
  220  213  209  202  200  192  191  185  185  179  177  170  170  163  162  157
  156  148  144  135  128  118  110  103   99   93   91   87   86   81   79   76
   75   71   71   69   71   69   72   69   72   67   69   65   70   71   77   81
   88   93  100  106  111  116  119  135  137                                   
    57.5-180.0 180.0   5.0 450.0                            LAT/LON1/LON2/DLON/H
  142  148  155  166  175  179  185  189  197  200  208  215  224  228  231  231
  228  222  217  211  207  202  200  197  196  191  188  184  182  178  177  172
  170  161  155  143  136  124  118  110  106  101  100   96   93   88   84   79
   76   71   71   69   73   71   75   72   75   71   71   68   71   73   77   82
   88   94   99  106  112  119  121  136  142                                   
    55.0-180.0 180.0   5.0 450.0                            LAT/LON1/LON2/DLON/H
  143  152  164  176  183  187  194  198  205  208  216  223  230  235  240  239
  238  232  228  219  216  208  209  203  206  200  201  197  197  193  193  188
  184  175  167  155  144  134  125  120  116  113  110  107  104   99   93   87
   83   77   76   74   77   77   81   81   84   79   79   75   77   77   82   85
   92   97  104  109  116  122  125  146  143                                   
    52.5-180.0 180.0   5.0 450.0                            LAT/LON1/LON2/DLON/H
  152  161  170  185  194  200  209  213  221  222  230  233  240  243  248  247
  247  243  239  232  228  222  220  216  217  214  216  212  214  211  211  206
  201  190  181  167  159  148  142  136  134  130  128  123  120  114  108  100
   95   89   87   84   88   87   92   92   95   91   90   86   86   85   90   93
  100  106  113  119  123  130  130  152  152                                   
    50.0-180.0 180.0   5.0 450.0                            LAT/LON1/LON2/DLON/H
  158  171  183  197  208  217  226  232  241  242  247  249  253  256  259  258
  259  255  253  246  244  237  235  228  232  226  231  226  230  225  226  220
  216  203  194  181  172  161  155  151  149  146  142  140  135  131  124  118
  112  106  101   99  101  101  105  107  109  106  103   99   97   96   99  102
  110  115  125  129  138  140  145  166  158                                   
    47.5-180.0 180.0   5.0 450.0                            LAT/LON1/LON2/DLON/H
  172  182  193  211  223  236  247  254  263  266  270  269  273  272  275  272
  272  269  266  262  259  254  251  246  246  242  244  240  242  238  238  232
  226  214  206  193  186  176  171  167  163  160  158  155  152  146  143  136
  132  124  120  117  116  116  119  120  122  118  116  110  109  105  109  112
  121  127  138  145  153  156  157  178  172                                   
    45.0-180.0 180.0   5.0 450.0                            LAT/LON1/LON2/DLON/H
  182  194  208  225  239  254  267  276  287  289  295  294  296  295  294  290
  289  285  284  279  278  272  270  263  264  257  259  253  255  248  247  238
  235  221  215  202  196  185  180  176  172  170  167  166  163  160  157  153
  148  142  136  133  131  130  131  132  132  130  127  123  119  116  117  121
  129  137  150  160  169  173  177  196  182                                   
    42.5-180.0 180.0   5.0 450.0                            LAT/LON1/LON2/DLON/H
  197  206  217  236  250  267  281  295  305  312  317  321  323  321  318  312
  310  305  304  300  299  293  289  281  278  272  270  264  262  255  250  244
  237  228  221  211  206  199  193  188  183  180  176  175  173  172  169  167
  164  157  151  146  141  138  137  136  136  134  132  126  125  119  123  124
  135  144  160  171  182  189  192  210  197                                   
    40.0-180.0 180.0   5.0 450.0                            LAT/LON1/LON2/DLON/H
  205  217  230  247  260  276  293  307  321  329  340  346  351  349  343  336
  331  325  325  320  321  315  310  300  297  287  285  276  273  261  257  247
  244  233  231  221  220  214  207  200  192  187  180  181  178  179  177  177
  174  169  163  156  151  146  143  139  138  135  131  127  126  123  124  124
  136  147  165  179  193  203  208  228  205                                   
    37.5-180.0 180.0   5.0 450.0                            LAT/LON1/LON2/DLON/H
  219  226  235  249  263  276  294  310  327  342  356  367  374  374  368  362
  355  350  348  345  345  338  330  319  311  302  297  289  283  271  263  254
  249  243  242  239  240  235  228  221  209  202  196  195  193  192  192  189
  186  178  170  163  154  150  144  143  138  135  130  127  127  124  128  126
  138  148  168  184  202  216  220  240  219                                   
    35.0-180.0 180.0   5.0 450.0                            LAT/LON1/LON2/DLON/H
  228  236  247  255  265  277  295  313  334  351  370  385  396  397  391  386
  381  375  371  367  365  356  348  335  327  316  313  305  301  288  279  267
  264  259  263  263  261  259  250  242  230  221  213  211  205  206  200  200
  192  186  176  168  160  153  152  147  146  140  137  132  132  130  133  131
  141  149  170  186  207  220  230  250  228                                   
    32.5-180.0 180.0   5.0 450.0                            LAT/LON1/LON2/DLON/H
  246  249  254  261  270  278  294  313  335  358  379  399  413  419  417  411
  410  402  396  388  383  373  363  352  344  334  331  326  324  315  307  297
  294  293  301  300  302  293  284  271  263  253  247  240  237  227  226  215
  210  194  184  171  164  156  157  156  159  153  149  139  139  134  138  136
  146  155  173  189  208  225  235  256  246                                   
    30.0-180.0 180.0   5.0 450.0                            LAT/LON1/LON2/DLON/H
  269  269  278  280  282  287  301  319  344  366  389  408  427  434  437  431
  430  422  416  408  398  388  378  367  360  353  352  352  355  352  349  340
  342  341  348  345  344  332  320  307  296  287  279  271  263  253  242  230
  221  205  196  181  178  167  166  160  158  154  152  153  152  149  149  148
  159  167  184  199  217  233  244  262  269                                   
    27.5-180.0 180.0   5.0 450.0                            LAT/LON1/LON2/DLON/H
  296  293  300  304  304  308  314  333  357  381  401  421  441  451  460  456
  458  448  444  431  420  406  394  386  381  378  383  389  399  403  407  403
  402  398  398  391  382  370  352  335  318  313  306  303  298  286  275  258
  245  228  217  205  198  190  187  181  178  170  167  160  160  162  177  174
  180  184  203  212  231  236  250  273  296                                   
    25.0-180.0 180.0   5.0 450.0                            LAT/LON1/LON2/DLON/H
  321  312  330  334  336  339  345  363  387  405  425  445  466  473  482  479
  481  472  466  454  442  427  416  409  408  409  420  435  455  465  473  460
  447  431  421  415  403  394  370  352  334  329  322  318  320  315  307  290
  276  254  244  229  224  216  209  207  198  195  182  177  172  174  181  193
  206  206  220  234  249  261  269  290  321                                   
    22.5-180.0 180.0   5.0 450.0                            LAT/LON1/LON2/DLON/H
  337  339  353  366  369  379  386  405  427  449  470  488  506  512  520  517
  520  512  504  490  476  460  449  445  445  454  470  492  514  520  516  491
  465  448  435  430  412  394  367  354  342  344  338  336  335  340  333  323
  308  290  275  261  251  237  232  224  223  213  212  199  197  193  195  204
  217  235  244  255  271  278  288  314  337                                   
    20.0-180.0 180.0   5.0 450.0                            LAT/LON1/LON2/DLON/H
  355  357  379  397  405  418  426  448  471  496  519  542  556  564  566  567
  564  558  546  530  513  497  487  485  491  506  526  539  556  554  538  513
  482  459  439  428  404  380  354  340  333  338  340  340  343  347  352  344
  334  317  306  288  273  257  245  236  227  220  211  207  201  202  205  218
  224  243  260  273  282  296  298  329  355                                   
    17.5-180.0 180.0   5.0 450.0                            LAT/LON1/LON2/DLON/H
  357  368  399  420  433  453  464  490  519  546  572  595  614  620  623  627
  628  620  611  592  572  557  550  551  554  561  574  583  585  578  556  531
  492  463  433  412  382  353  329  318  313  322  325  334  338  353  360  361
  354  343  331  312  295  273  257  244  232  221  214  207  206  206  212  219
  230  244  262  277  290  308  311  349  357                                   
    15.0-180.0 180.0   5.0 450.0                            LAT/LON1/LON2/DLON/H
  365  374  411  437  456  481  497  528  557  586  612  645  659  673  672  685
  680  686  678  665  641  624  613  607  606  607  616  618  613  601  570  538
  493  458  423  392  360  330  310  299  300  306  315  321  333  350  361  365
  365  356  345  325  303  275  256  234  222  209  202  198  197  201  206  218
  226  245  256  278  288  312  321  361  365                                   
    12.5-180.0 180.0   5.0 450.0                            LAT/LON1/LON2/DLON/H
  359  378  420  445  472  499  521  555  590  617  640  673  696  715  725  738
  742  741  743  739  718  697  683  669  659  653  649  647  633  617  580  543
  493  455  415  380  346  314  294  289  292  300  306  318  332  351  363  370
  372  362  353  330  309  282  254  237  217  207  197  196  193  198  202  210
  221  234  250  269  284  311  328  370  359                                   
    10.0-180.0 180.0   5.0 450.0                            LAT/LON1/LON2/DLON/H
  362  377  427  452  483  512  542  577  608  636  662  698  725  754  770  787
  793  806  803  797  779  759  734  714  692  679  669  664  647  626  587  548
  496  451  408  373  345  317  297  295  299  305  310  320  333  353  369  375
  376  365  349  326  296  266  242  220  204  194  188  185  186  188  191  196
  204  214  230  251  268  301  327  370  362                                   
     7.5-180.0 180.0   5.0 450.0                            LAT/LON1/LON2/DLON/H
  362  389  432  464  492  526  555  591  621  652  674  713  740  776  793  815
  822  835  836  831  822  805  782  753  728  703  686  672  654  631  597  557
