data/unet/pred2360.15i
     1.0            IONOSPHERE MAPS     GNSS                IONEX VERSION / TYPE
pyspatialgeodesy        IME             05-JAN-18 20:20     PGM / RUN BY / DATE 
Map Name                                                    COMMENT             
Predicted global ionosphere maps (GIM).                     DESCRIPTION         
  2015     8    24     0     0     0                        EPOCH OF FIRST MAP  
  2015     8    25     0     0     0                        EPOCH OF LAST MAP   
  7200                                                      INTERVAL            
    13                                                      # OF MAPS IN FILE   
  NONE                                                      MAPPING FUNCTION    
10.0                                                        ELEVATION CUTOFF    
One-way carrier phase leveled to code                       OBSERVABLES USED    
  6371.0                                                    BASE RADIUS         
 2                                                          MAP DIMENSION       
   450.0 450.0   0.0                                        HGT1 / HGT2 / DHGT  
    87.5 -87.5  -2.5                                        LAT1 / LAT2 / DLAT  
  -180.0 180.0   5.0                                        LON1 / LON2 / DLON  
    -1                                                      EXPONENT            
                                                            END OF HEADER       
[from data line 1287]
     4                                                      START OF TEC MAP    
  2015     8    24     6     0     0                        EPOCH OF CURRENT MAP
    87.5-180.0 180.0   5.0 450.0                            LAT/LON1/LON2/DLON/H
   86  117  116  116  116  113  117  116  120  119  121  120  123  122  123  122
  124  122  124  121  124  121  123  119  122  118  120  116  118  114  115  111
  113  110  112  109  112  109  112  109  113  111  114  112  115  113  115  113
  116  113  116  113  117  113  116  112  115  112  114  111  113  110  111  109
  111  109  111  110  114  109  121   87   86                                   
    85.0-180.0 180.0   5.0 450.0                            LAT/LON1/LON2/DLON/H
  106  113  107  111  110  107  110  110  112  112  113  113  114  114  114  115
  114  115  114  114  114  113  112  110  109  107  106  104  103  101  100   98
   97   96   95   94   94   93   93   94   94   95   96   98   98  100  100  102
  102  104  104  105  106  107  106  107  107  108  107  108  108  108  107  107
  107  107  107  107  107  101  113  113  106                                   
    82.5-180.0 180.0   5.0 450.0                            LAT/LON1/LON2/DLON/H
  100  105  105  110  109  109  111  113  114  114  115  115  116  115  115  114
  114  113  112  111  112  110  110  108  108  106  105  104  102  101   98   97
   94   94   91   91   90   90   89   90   91   93   94   97   99  101  102  105
  107  109  110  112  113  114  114  115  115  115  115  115  114  114  113  112
  112  111  111  109  107  101  109  100  100                                   
    80.0-180.0 180.0   5.0 450.0                            LAT/LON1/LON2/DLON/H
  101  102  100  100   98   98  101  102  104  105  105  107  107  108  107  109
  107  108  105  105  103  102   99   98   95   94   92   90   88   87   86   85
   84   82   81   80   79   78   79   79   81   83   85   88   92   95   99  101
  106  108  113  114  118  118  121  120  122  120  121  118  118  116  115  113
  113  110  110  108  107   98  100   97  101                                   
    77.5-180.0 180.0   5.0 450.0                            LAT/LON1/LON2/DLON/H
   99   98   95   94   95   94   95   97   98  100  101  104  104  106  105  107
  104  104  101  101   97   96   91   90   84   84   79   81   76   79   76   79
   75   78   74   76   73   75   73   77   76   81   82   87   89   95  100  106
  112  118  123  128  131  134  134  135  134  133  130  129  126  124  121  120
  116  116  113  112  108   99  101   93   99                                   
    75.0-180.0 180.0   5.0 450.0                            LAT/LON1/LON2/DLON/H
  106   99   94   92   89   89   89   91   90   92   92   96   96  100   99  101
   99   99   95   94   88   86   79   78   71   71   67   69   66   70   69   71
   71   71   71   69   69   68   69   69   73   75   81   84   91   96  104  113
  120  127  132  138  140  143  144  144  143  141  139  136  133  130  128  125
  122  120  119  117  114  105  105   99  106                                   
    72.5-180.0 180.0   5.0 450.0                            LAT/LON1/LON2/DLON/H
  108   99   90   87   86   85   84   84   84   85   86   88   90   92   93   95
   93   94   89   88   80   78   70   69   61   60   57   59   57   61   61   65
   64   66   65   66   63   65   64   68   69   75   80   87   95  106  115  124
  132  138  143  147  149  151  151  150  149  147  144  143  138  136  130  129
  124  124  121  121  119  110  109  103  108                                   
    70.0-180.0 180.0   5.0 450.0                            LAT/LON1/LON2/DLON/H
  115  105   96   92   86   85   82   82   79   80   79   83   83   87   87   90
   88   88   84   80   74   69   62   58   53   51   49   52   52   57   58   62
   63   64   64   63   62   61   63   66   71   76   84   94  105  117  126  135
  141  145  148  150  151  150  149  147  145  142  140  138  136  133  130  128
  127  126  126  125  124  115  115  111  115                                   
    67.5-180.0 180.0   5.0 450.0                            LAT/LON1/LON2/DLON/H
  119  107   96   91   86   84   80   79   77   77   77   78   79   80   81   83
   82   82   78   76   68   65   57   54   48   47   45   48   50   54   57   61
   61   63   61   63   60   62   63   67   72   82   91  105  118  129  138  144
  148  150  150  150  148  146  143  141  138  136  133  134  131  132  128  129
  126  128  127  130  127  120  118  114  119                                   
    65.0-180.0 180.0   5.0 450.0                            LAT/LON1/LON2/DLON/H
  125  114  105  100   90   88   82   80   75   75   72   74   73   76   74   78
   76   76   72   69   62   57   51   48   43   43   42   45   46   52   54   59
   58   60   59   60   59   61   64   69   76   89  100  116  129  139  146  150
  151  150  148  145  141  137  132  129  126  124  123  123  123  124  124  125
  124  126  128  129  129  124  121  121  125                                   
    62.5-180.0 180.0   5.0 450.0                            LAT/LON1/LON2/DLON/H
  131  116  108  102   94   89   83   80   75   74   72   71   71   70   71   70
   70   69   65   62   56   53   47   45   41   41   41   44   46   49   52   55
   55   56   56   57   59   61   66   74   83   97  110  125  138  146  152  152
  153  149  146  140  136  129  125  120  119  117  118  118  120  122  122  124
  123  127  128  131  131  125  124  124  131                                   
    60.0-180.0 180.0   5.0 450.0                            LAT/LON1/LON2/DLON/H
  136  122  118  111  101   95   88   83   76   74   69   69   67   67   64   65
   61   61   54   53   46   45   39   38   36   38   37   42   42   47   47   50
   50   52   52   55   58   61   68   77   89  103  118  132  145  151  155  155
  153  149  144  137  133  127  122  118  117  115  115  116  119  120  122  123
  124  126  128  129  130  127  125  128  136                                   
    57.5-180.0 180.0   5.0 450.0                            LAT/LON1/LON2/DLON/H
  140  128  123  118  110  101   92   86   79   75   70   67   66   63   62   59
   58   54   51   47   44   40   38   37   37   38   39   40   42   43   44   44
   45   47   50   54   60   65   74   85   96  112  126  139  151  157  160  158
  158  153  149  144  141  135  131  125  125  122  124  124  127  129  129  131
  130  132  133  136  136  133  131  132  140                                   
    55.0-180.0 180.0   5.0 450.0                            LAT/LON1/LON2/DLON/H
  149  140  138  131  121  113  102   92   83   76   70   66   62   60   56   55
   50   48   41   39   34   34   31   33   33   36   37   40   39   42   40   42
   41   45   49   55   63   69   79   89  102  115  131  142  154  160  165  164
  164  160  158  154  152  146  142  136  134  132  132  133  135  136  136  135
  133  134  135  137  137  137  134  138  149                                   
    52.5-180.0 180.0   5.0 450.0                            LAT/LON1/LON2/DLON/H
  154  152  147  143  134  124  112  100   88   80   72   66   62   58   56   51
   50   44   42   36   36   33   35   35   37   39   41   41   41   40   39   39
   40   45   51   59   68   78   88  100  110  124  137  150  159  166  172  171
  175  174  176  174  175  168  166  157  156  151  151  151  152  152  150  147
  144  143  145  147  148  147  143  149  154                                   
    50.0-180.0 180.0   5.0 450.0                            LAT/LON1/LON2/DLON/H
  165  167  162  157  147  139  125  111   96   86   74   67   61   58   53   50
   47   43   39   36   35   34   34   37   38   41   41   42   41   41   38   40
   41   46   53   63   74   83   94  103  115  126  142  153  166  173  180  182
  186  189  193  195  195  191  186  179  173  169  165  167  166  165  160  156
  151  151  152  154  155  157  155  160  165                                   
    47.5-180.0 180.0   5.0 450.0                            LAT/LON1/LON2/DLON/H
  173  176  170  167  159  150  138  122  105   93   81   72   66   61   58   54
   53   49   48   43   45   42   44   45   47   48   48   48   46   45   44   44
   46   52   60   73   83   96  106  116  124  137  150  164  175  184  192  195
  202  205  212  213  216  209  206  194  190  181  180  178  179  177  174  168
  165  163  166  167  170  171  166  174  173                                   
    45.0-180.0 180.0   5.0 450.0                            LAT/LON1/LON2/DLON/H
  181  186  178  173  164  158  147  132  115  101   86   77   68   63   60   57
   56   54   53   51   52   51   52   52   53   53   52   51   49   49   46   48
   49   56   63   75   88   98  110  117  128  138  154  165  182  190  200  206
  213  218  224  227  226  223  214  205  196  191  185  186  184  184  178  177
  172  174  175  178  179  178  177  181  181                                   
    42.5-180.0 180.0   5.0 450.0                            LAT/LON1/LON2/DLON/H
  186  185  177  171  165  160  151  139  123  109   95   84   77   70   67   64
   65   63   65   63   66   65   67   66   65   63   62   60   58   57   56   55
   57   62   70   82   94  106  117  126  134  146  160  175  191  202  214  220
  229  232  239  238  238  229  222  209  202  194  191  189  190  187  185  183
  181  182  184  185  187  186  181  188  186                                   
    40.0-180.0 180.0   5.0 450.0                            LAT/LON1/LON2/DLON/H
  188  186  174  168  160  158  151  142  129  117  102   94   84   78   73   70
   70   70   71   73   76   77   77   76   73   70   67   64   62   62   60   60
   60   65   70   82   95  106  118  126  137  149  165  180  199  211  222  230
  238  244  250  250  247  239  228  220  211  207  199  200  196  197  191  194
  189  192  191  193  190  189  188  189  188                                   
    37.5-180.0 180.0   5.0 450.0                            LAT/LON1/LON2/DLON/H
  191  182  166  159  152  151  146  140  131  122  112  102   95   86   83   78
   79   78   82   83   87   88   89   87   84   80   76   73   72   70   70   68
   69   70   77   86   99  110  122  133  142  155  170  188  206  220  232  241
  250  254  261  260  259  250  242  233  228  222  218  215  212  211  206  206
  203  204  203  201  200  199  195  196  191                                   
    35.0-180.0 180.0   5.0 450.0                            LAT/LON1/LON2/DLON/H
  196  185  162  153  145  142  140  136  130  126  117  111  102   94   88   83
   82   83   85   89   93   96   95   94   89   85   79   76   74   73   71   70
   68   70   74   83   97  109  121  133  145  157  173  190  208  223  236  247
  257  264  272  275  275  272  265  260  254  252  244  243  236  235  228  227
  220  219  215  212  207  207  203  200  196                                   
    32.5-180.0 180.0   5.0 450.0                            LAT/LON1/LON2/DLON/H
  211  190  168  153  142  139  135  132  129  127  122  116  111  101   95   88
   88   86   91   92   99  100  102  100   96   91   87   83   82   79   79   76
   75   72   78   85  100  111  126  137  149  161  175  190  207  224  241  252
  265  273  284  290  297  298  298  296  294  292  284  279  270  265  256  253
  245  240  236  227  223  221  218  217  211                                   
    30.0-180.0 180.0   5.0 450.0                            LAT/LON1/LON2/DLON/H
  233  210  183  167  153  142  137  131  130  128  125  121  115  106   98   91
   88   88   90   95  100  105  105  105   99   97   90   88   83   82   78   77
   72   72   74   85   98  113  125  139  149  162  173  187  202  223  240  256
  270  284  298  314  324  336  340  346  346  345  332  327  314  307  296  288
  279  273  265  258  247  246  240  237  233                                   
    27.5-180.0 180.0   5.0 450.0                            LAT/LON1/LON2/DLON/H
  269  236  216  192  173  160  148  139  134  133  129  126  120  111  102   94
   91   89   93   94  102  106  110  109  108  103   99   93   90   85   83   78
   75   71   75   83   99  113  127  140  151  161  172  182  199  218  239  257
  277  293  315  333  353  367  383  392  396  394  381  373  357  349  337  330
  321  313  306  296  284  280  275  273  269                                   
    25.0-180.0 180.0   5.0 450.0                            LAT/LON1/LON2/DLON/H
  307  281  254  227  206  185  170  151  143  136  133  128  123  113  104   95
   91   90   92   96  103  110  112  115  111  110  103   99   91   87   79   78
   70   71   72   83   97  114  127  140  149  161  169  182  195  218  240  264
  284  308  329  357  376  402  417  435  436  439  421  415  397  388  375  368
  358  351  344  335  323  319  312  308  307                                   
    22.5-180.0 180.0   5.0 450.0                            LAT/LON1/LON2/DLON/H
  347  325  301  269  240  217  195  173  156  146  137  135  126  119  107   99
   94   91   94   96  105  110  117  117  118  115  110  100   94   82   79   71
   70   66   71   81   96  112  128  140  152  161  173  184  199  220  246  270
  296  321  348  375  402  427  447  462  468  470  459  450  438  425  414  402
  394  384  378  368  358  359  353  345  347                                   
    20.0-180.0 180.0   5.0 450.0                            LAT/LON1/LON2/DLON/H
  375  362  337  318  282  252  225  197  175  158  145  139  131  122  112  101
   99   94   97  100  108  115  120  123  121  120  112  104   92   84   73   70
   66   66   69   79   92  112  126  140  153  165  176  189  206  230  256  283
  308  338  363  396  420  451  467  485  486  492  481  476  466  458  447  436
  427  414  404  393  384  384  379  373  375                                   
    17.5-180.0 180.0   5.0 450.0                            LAT/LON1/LON2/DLON/H
  395  388  370  348  318  286  249  218  192  169  153  145  135  129  118  112
  107  105  107  106  115  118  126  126  126  120  113   99   90   74   71   62
   63   61   65   75   90  109  128  143  161  173  187  200  218  243  269  295
  326  350  382  408  437  461  478  491  494  499  494  488  485  475  469  458
  448  434  424  412  404  407  400  395  395                                   
    15.0-180.0 180.0   5.0 450.0                            LAT/LON1/LON2/DLON/H
  408  404  380  364  331  306  264  237  208  185  164  153  142  136  126  119
  117  113  116  114  120  123  128  131  127  122  110   98   83   74   65   64
   61   61   63   73   86  108  126  146  165  179  195  210  233  257  282  310
  341  368  393  421  443  468  479  493  494  500  498  496  495  489  484  474
  465  454  442  432  423  423  419  411  408                                   
    12.5-180.0 180.0   5.0 450.0                            LAT/LON1/LON2/DLON/H
  415  414  390  371  340  318  280  248  224  198  180  164  154  145  137  131
  129  127  130  127  132  128  134  129  127  117  105   90   79   67   66   61
   61   58   63   69   86  105  129  151  173  190  207  224  247  272  296  326
  360  383  409  431  453  471  481  492  497  502  503  499  502  494  490  481
  475  463  457  446  437  440  435  422  415                                   
    10.0-180.0 180.0   5.0 450.0                            LAT/LON1/LON2/DLON/H
  421  414  391  370  341  319  281  257  233  213  196  180  169  161  151  146
  143  142  142  138  137  133  134  130  124  114  100   87   75   69   65   62
   59   58   59   68   83  106  127  155  176  195  212  234  259  281  306  335
  370  394  416  437  454  473  478  492  499  507  510  509  510  502  497  488
  485  477  472  462  452  451  452  433  421                                   
     7.5-180.0 180.0   5.0 450.0                            LAT/LON1/LON2/DLON/H
  424  420  395  376  343  323  290  268  247  227  211  194  184  176  168  161
  156  153  151  145  142  135  134  126  121  108   97   84   77   70   70   64
