data/unet/pred1010.15i
     1.0            IONOSPHERE MAPS     GNSS                IONEX VERSION / TYPE
pyspatialgeodesy        IME             05-JAN-18 20:20     PGM / RUN BY / DATE 
Map Name                                                    COMMENT             
Predicted global ionosphere maps (GIM).                     DESCRIPTION         
  2015     4    11     0     0     0                        EPOCH OF FIRST MAP  
  2015     4    12     0     0     0                        EPOCH OF LAST MAP   
  7200                                                      INTERVAL            
    13                                                      # OF MAPS IN FILE   
  NONE                                                      MAPPING FUNCTION    
10.0                                                        ELEVATION CUTOFF    
One-way carrier phase leveled to code                       OBSERVABLES USED    
  6371.0                                                    BASE RADIUS         
 2                                                          MAP DIMENSION       
   450.0 450.0   0.0                                        HGT1 / HGT2 / DHGT  
    87.5 -87.5  -2.5                                        LAT1 / LAT2 / DLAT  
  -180.0 180.0   5.0                                        LON1 / LON2 / DLON  
    -1                                                      EXPONENT            
                                                            END OF HEADER       
[from data line 429]
     2                                                      START OF TEC MAP    
  2015     4    11     2     0     0                        EPOCH OF CURRENT MAP
    87.5-180.0 180.0   5.0 450.0                            LAT/LON1/LON2/DLON/H
  134  136  130  122  123  115  117  112  116  111  115  110  113  109  112  107
  109  105  108  103  105  100  103   98  100   95   99   94   97   92   97   92
   96   92   97   94   98   95  101   97  102   99  105  102  107  104  110  106
  111  108  114  110  115  112  117  113  119  115  120  117  122  119  123  120
  124  122  128  128  138  132  131  139  134                                   
    85.0-180.0 180.0   5.0 450.0                            LAT/LON1/LON2/DLON/H
  138  153  138  136  135  128  130  126  127  123  125  121  123  119  122  119
  119  116  118  115  114  112  112  110  108  105  106  103  101  100  101   99
   98   97  100   99   99  100  102  103  104  106  108  110  110  113  115  116
  117  119  121  122  125  125  128  128  131  130  134  134  136  135  138  138
  139  138  143  143  153  148  143  143  138                                   
    82.5-180.0 180.0   5.0 450.0                            LAT/LON1/LON2/DLON/H
  139  139  132  133  127  126  123  125  122  123  120  123  118  121  117  121
  116  118  114  117  111  112  107  109  101  102   96   98   91   93   88   91
   85   89   86   91   87   92   90   96   93   99   98  104  102  108  106  112
  110  115  114  119  118  123  123  128  127  131  131  137  136  140  139  143
  140  146  146  154  155  153  152  143  139                                   
    80.0-180.0 180.0   5.0 450.0                            LAT/LON1/LON2/DLON/H
  143  143  136  130  130  125  125  124  123  121  121  121  120  119  119  120
  119  117  117  116  113  111  109  106  101   97   94   91   86   83   81   80
   78   76   79   80   80   81   84   86   88   89   93   95   98   99  102  104
  107  108  112  114  118  118  123  124  128  128  133  135  138  138  141  142
  143  144  149  153  156  154  151  139  143                                   
    77.5-180.0 180.0   5.0 450.0                            LAT/LON1/LON2/DLON/H
  150  150  141  139  133  130  127  127  125  124  123  125  122  124  122  125
  122  124  121  122  117  117  112  110  102   99   92   90   82   81   77   78
   73   76   76   80   77   82   81   86   84   89   89   94   93   98   98  102
  102  106  108  112  114  118  120  124  125  128  130  135  135  139  140  144
  143  149  152  159  160  163  160  155  150                                   
    75.0-180.0 180.0   5.0 450.0                            LAT/LON1/LON2/DLON/H
  155  160  146  140  137  128  128  124  124  120  123  120  121  117  120  117
  119  116  120  116  118  112  114  107  103   95   92   84   79   73   73   69
   69   68   71   71   72   72   75   75   76   77   79   80   81   83   85   88
   90   94   96  101  103  108  109  114  113  119  120  125  126  130  133  136
  138  142  150  157  165  169  169  166  155                                   
    72.5-180.0 180.0   5.0 450.0                            LAT/LON1/LON2/DLON/H
  168  169  161  157  149  142  138  136  134  132  130  128  126  124  121  121
  119  120  119  121  120  119  116  112  107  100   95   87   81   76   75   73
   74   73   77   78   77   77   79   78   77   76   77   77   79   81   86   88
   94   97  102  106  111  114  117  118  122  122  126  127  131  133  137  139
  143  149  158  166  174  182  179  184  168                                   
    70.0-180.0 180.0   5.0 450.0                            LAT/LON1/LON2/DLON/H
  182  183  174  166  162  152  150  145  146  139  140  132  133  123  123  113
  116  109  114  109  113  107  109  102  100   91   87   79   75   69   69   67
   69   70   73   74   73   72   72   71   68   68   67   69   70   76   79   86
   91   98  102  110  112  119  119  125  125  131  131  135  136  137  139  141
  146  151  163  172  180  186  188  190  182                                   
    67.5-180.0 180.0   5.0 450.0                            LAT/LON1/LON2/DLON/H
  194  196  190  186  176  171  167  166  164  161  157  150  142  134  125  119
  112  110  108  109  109  108  108  104  100   91   87   79   74   70   70   70
   72   74   78   77   75   73   71   68   66   63   65   65   70   75   83   90
   99  105  112  118  125  129  135  136  141  141  146  145  148  146  149  149
  154  160  171  179  185  197  199  207  194                                   
    65.0-180.0 180.0   5.0 450.0                            LAT/LON1/LON2/DLON/H
  209  208  203  195  188  179  178  174  177  170  170  158  153  136  131  115
  112  102  105  100  104   99  101   94   91   82   79   69   67   60   63   60
   64   65   67   67   65   64   60   59   55   57   56   62   65   75   80   93
  100  112  117  127  132  140  144  148  151  155  157  155  155  152  154  149
  155  158  171  178  185  197  204  211  209                                   
    62.5-180.0 180.0   5.0 450.0                            LAT/LON1/LON2/DLON/H
  216  217  212  207  196  191  188  189  190  188  182  175  164  149  135  123
  114  108  104  102  101   99   97   92   87   79   74   67   63   60   58   60
   61   62   63   62   60   57   56   52   53   51   55   57   66   73   85   95
  107  116  125  133  142  146  153  155  163  164  169  165  165  160  158  155
  156  159  168  174  180  197  206  218  216                                   
    60.0-180.0 180.0   5.0 450.0                            LAT/LON1/LON2/DLON/H
  228  226  221  211  203  195  193  193  199  192  191  180  173  155  143  128
  122  110  108  101  101   94   92   83   78   69   64   57   55   50   50   49
   49   50   50   51   48   49   45   48   46   51   52   62   66   80   88  103
  113  125  133  143  150  157  162  167  173  175  177  176  174  169  166  160
  162  160  171  174  182  195  206  215  228                                   
    57.5-180.0 180.0   5.0 450.0                            LAT/LON1/LON2/DLON/H
  235  236  231  226  213  206  202  204  205  204  198  192  181  167  154  141
  132  124  118  112  107  101   95   88   81   73   68   62   57   55   53   53
   51   51   54   51   53   49   52   50   55   54   62   64   75   83   95  106
  120  129  140  147  159  162  170  173  181  182  185  185  183  180  177  174
  171  173  177  183  186  200  208  220  235                                   
    55.0-180.0 180.0   5.0 450.0                            LAT/LON1/LON2/DLON/H
  250  246  245  234  227  216  213  208  212  205  205  193  188  175  166  153
  146  136  129  120  112  104   97   88   81   74   68   63   59   56   53   52
   48   50   49   52   50   53   52   58   59   67   69   78   82   95  104  117
  128  141  148  162  166  176  178  187  191  198  198  201  197  197  192  188
  185  184  192  193  198  207  214  223  250                                   
    52.5-180.0 180.0   5.0 450.0                            LAT/LON1/LON2/DLON/H
  262  264  260  257  246  238  227  225  220  217  211  205  198  190  180  171
  162  152  141  133  122  114  105   98   92   86   82   77   73   70   66   63
   60   60   63   62   67   65   71   70   78   78   85   85   94   99  110  120
  135  145  158  166  178  181  189  194  203  205  209  210  211  210  207  206
  203  205  208  212  213  222  225  234  262                                   
    50.0-180.0 180.0   5.0 450.0                            LAT/LON1/LON2/DLON/H
  279  277  277  272  268  258  251  242  237  225  220  209  208  197  193  184
  178  164  154  141  132  122  113  108  103   99   94   90   85   81   75   73
   69   71   70   76   78   83   86   91   94   98   98  101  105  114  121  136
  145  163  170  188  192  204  204  213  217  224  222  230  225  232  224  228
  223  227  229  231  231  238  238  249  279                                   
    47.5-180.0 180.0   5.0 450.0                            LAT/LON1/LON2/DLON/H
  289  294  292  295  292  287  277  270  257  244  233  224  219  212  207  200
  191  180  166  155  143  136  128  124  119  117  113  109  104   99   94   90
   87   87   91   92   99  100  109  109  115  112  115  110  118  122  133  144
  158  170  182  193  208  213  224  227  238  239  244  244  247  246  248  247
  246  250  252  254  255  257  258  268  289                                   
    45.0-180.0 180.0   5.0 450.0                            LAT/LON1/LON2/DLON/H
  302  307  305  309  309  307  302  290  279  262  249  233  229  220  216  206
  199  186  174  161  154  146  140  136  132  128  125  119  115  109  104  100
   99  102  104  110  114  119  124  126  129  128  128  130  131  141  143  162
  167  190  195  217  224  240  244  255  258  264  260  265  257  268  260  271
  262  276  272  280  276  285  280  292  302                                   
    42.5-180.0 180.0   5.0 450.0                            LAT/LON1/LON2/DLON/H
  309  315  311  321  322  325  319  312  296  280  263  250  243  232  226  215
  206  194  183  173  168  161  157  152  149  143  138  131  125  120  114  113
  113  116  120  123  129  133  139  139  143  139  140  138  140  144  149  162
  176  189  206  220  239  246  264  268  280  280  281  277  276  276  280  280
  285  288  294  298  301  303  303  313  309                                   
    40.0-180.0 180.0   5.0 450.0                            LAT/LON1/LON2/DLON/H
  322  325  317  324  326  332  329  325  312  291  276  263  256  244  234  222
  212  201  191  185  181  176  171  165  159  150  142  133  128  120  119  116
  120  125  129  135  140  144  149  149  154  152  154  154  155  160  163  178
  187  207  218  238  254  268  283  291  304  301  304  296  298  294  296  302
  302  312  312  323  323  331  329  340  322                                   
    37.5-180.0 180.0   5.0 450.0                            LAT/LON1/LON2/DLON/H
  331  329  316  324  322  329  329  328  315  300  286  274  268  256  245  232
  222  209  203  196  195  189  185  175  167  154  144  135  130  125  122  125
  128  134  139  143  148  151  153  156  158  158  160  160  164  167  170  181
  192  208  225  241  261  271  288  296  309  309  315  310  313  310  318  317
  325  330  342  349  358  363  361  361  331                                   
    35.0-180.0 180.0   5.0 450.0                            LAT/LON1/LON2/DLON/H
  359  345  330  319  312  319  318  319  312  300  291  280  276  265  252  238
  226  217  209  206  203  198  190  180  168  154  144  135  133  129  130  132
  138  144  150  153  160  161  165  163  169  167  172  171  175  177  181  189
  200  217  233  248  269  278  298  304  326  326  341  337  344  344  350  356
  365  374  384  391  402  411  407  398  359                                   
    32.5-180.0 180.0   5.0 450.0                            LAT/LON1/LON2/DLON/H
  389  377  358  336  321  318  315  315  311  304  296  287  284  271  258  243
  234  223  218  212  211  201  193  181  171  158  150  144  145  145  145  150
  153  160  161  164  166  169  167  171  172  175  178  177  178  177  182  187
  201  216  233  250  267  282  298  314  335  348  363  370  381  386  397  401
  412  416  428  431  447  455  459  447  389                                   
    30.0-180.0 180.0   5.0 450.0                            LAT/LON1/LON2/DLON/H
  455  436  424  385  361  347  335  332  324  317  306  299  292  278  263  247
  234  226  220  217  213  204  194  183  176  166  163  161  166  166  169  173
  177  177  180  179  182  177  178  176  180  181  181  177  173  171  172  183
  198  217  234  254  274  289  308  323  347  364  384  400  417  429  440  452
  459  470  478  486  498  513  524  526  455                                   
    27.5-180.0 180.0   5.0 450.0                            LAT/LON1/LON2/DLON/H
  532  525  504  460  425  395  379  366  357  343  332  317  308  289  269  250
  236  225  218  214  212  203  197  191  193  190  194  195  199  201  199  204
  199  200  192  190  186  184  178  181  179  182  177  172  164  158  159  166
  186  208  231  253  276  295  315  337  360  383  406  431  453  473  486  493
  503  513  530  540  560  576  593  617  532                                   
    25.0-180.0 180.0   5.0 450.0                            LAT/LON1/LON2/DLON/H
  624  637  620  568  525  488  456  434  413  390  367  348  327  303  276  254
  237  224  215  209  210  204  206  205  218  219  230  230  237  232  231  225
  218  213  205  200  195  193  187  184  182  181  175  170  159  151  146  152
  170  202  227  252  273  297  316  341  362  396  420  454  477  502  518  533
  543  559  575  601  630  659  684  715  624                                   
    22.5-180.0 180.0   5.0 450.0                            LAT/LON1/LON2/DLON/H
  708  736  718  682  642  598  558  523  493  455  421  390  364  329  295  268
  246  229  217  209  210  209  222  230  252  259  273  270  273  264  259  249
  237  226  210  204  194  190  183  181  177  175  166  161  150  141  138  140
  160  191  225  253  282  305  328  350  377  405  433  466  493  521  542  563
  582  598  624  650  690  726  767  801  708                                   
    20.0-180.0 180.0   5.0 450.0                            LAT/LON1/LON2/DLON/H
  789  807  809  775  755  720  682  639  595  542  495  448  410  368  327  290
  258  236  220  214  219  226  247  267  296  312  329  320  312  294  283  270
  252  243  222  217  204  201  191  186  178  170  160  155  143  137  130  136
  154  190  226  264  290  317  339  365  392  428  453  494  521  550  575  599
  620  644  669  702  746  772  831  863  789                                   
    17.5-180.0 180.0   5.0 450.0                            LAT/LON1/LON2/DLON/H
  847  872  878  857  842  811  779  736  692  631  569  513  467  422  381  333
  294  263  245  235  245  256  288  320  353  368  379  361  337  312  297  283
  268  250  234  222  211  200  192  184  172  164  151  145  136  129  127  129
  155  190  236  274  307  335  362  390  423  456  485  519  542  573  590  621
  640  670  698  732  777  804  859  889  847                                   
    15.0-180.0 180.0   5.0 450.0                            LAT/LON1/LON2/DLON/H
  874  903  920  908  908  875  858  815  772  713  651  586  534  479  438  387
  343  308  284  280  288  317  347  380  404  413  410  376  339  312  295  281
  272  253  237  221  209  195  188  176  166  150  140  135  130  128  124  134
  160  199  245  280  317  347  382  414  448  481  516  539  569  589  613  636
  661  691  718  755  791  810  860  888  874                                   
    12.5-180.0 180.0   5.0 450.0                            LAT/LON1/LON2/DLON/H
  869  903  920  931  935  921  900  868  826  768  712  655  596  541  490  448
  408  373  352  348  364  384  411  427  437  427  409  362  321  298  286  273
  265  249  232  217  201  190  181  170  155  142  131  124  124  118  121  129
  163  201  251  287  327  362  401  440  474  508  528  566  582  607  620  647
  668  701  729  759  790  812  842  862  869                                   
    10.0-180.0 180.0   5.0 450.0                            LAT/LON1/LON2/DLON/H
  854  888  910  928  942  929  921  888  856  796  747  696  643  586  537  498
  466  448  428  439  447  464  470  471  454  420  381  329  290  275  266  263
  257  240  230  209  200  187  176  161  147  133  124  121  121  121  120  133
  162  203  246  282  320  359  404  443  485  515  548  573  600  618  633  657
  680  711  733  767  790  804  820  831  854                                   
     7.5-180.0 180.0   5.0 450.0                            LAT/LON1/LON2/DLON/H
  822  853  874  899  917  918  910  893  864  813  763  722  672  624  575  541
  514  504  495  504  515  518  509  486  449  394  345  296  268  257  260  253
