data/unet/pred0560.15i
     1.0            IONOSPHERE MAPS     GNSS                IONEX VERSION / TYPE
pyspatialgeodesy        IME             05-JAN-18 20:20     PGM / RUN BY / DATE 
Map Name                                                    COMMENT             
Predicted global ionosphere maps (GIM).                     DESCRIPTION         
  2015     2    25     0     0     0                        EPOCH OF FIRST MAP  
  2015     2    26     0     0     0                        EPOCH OF LAST MAP   
  7200                                                      INTERVAL            
    13                                                      # OF MAPS IN FILE   
  NONE                                                      MAPPING FUNCTION    
10.0                                                        ELEVATION CUTOFF    
One-way carrier phase leveled to code                       OBSERVABLES USED    
  6371.0                                                    BASE RADIUS         
 2                                                          MAP DIMENSION       
   450.0 450.0   0.0                                        HGT1 / HGT2 / DHGT  
    87.5 -87.5  -2.5                                        LAT1 / LAT2 / DLAT  
  -180.0 180.0   5.0                                        LON1 / LON2 / DLON  
    -1                                                      EXPONENT            
                                                            END OF HEADER       
[from data line 3432]
     9                                                      START OF TEC MAP    
  2015     2    25    16     0     0                        EPOCH OF CURRENT MAP
    87.5-180.0 180.0   5.0 450.0                            LAT/LON1/LON2/DLON/H
  134  144  146  146  147  144  147  146  150  149  153  152  156  154  157  156
  159  157  159  156  158  155  156  152  154  151  152  149  150  147  148  144
  145  142  142  139  139  137  137  136  135  134  135  134  134  134  136  134
  136  135  138  136  139  138  140  139  142  141  142  141  143  142  143  141
  143  141  143  142  144  144  144  150  134                                   
    85.0-180.0 180.0   5.0 450.0                            LAT/LON1/LON2/DLON/H
  114  127  130  132  132  131  133  135  138  140  142  145  148  150  152  153
  155  155  155  155  154  154  150  151  147  149  144  146  141  142  137  136
  132  131  126  125  121  120  116  114  112  111  109  108  108  109  108  109
  110  113  114  116  118  121  122  124  126  128  129  130  130  131  130  131
  131  132  131  132  132  129  127  120  114                                   
    82.5-180.0 180.0   5.0 450.0                            LAT/LON1/LON2/DLON/H
  100   98  107  107  109  107  112  113  118  120  125  128  134  136  140  141
  146  145  148  146  148  146  146  144  143  141  140  138  135  132  129  126
  123  119  116  112  109  105  101   96   94   91   90   88   87   88   87   89
   91   93   96   97  101  103  106  108  110  111  111  113  111  113  111  112
  109  110  108  108  107  100  108   91  100                                   
    80.0-180.0 180.0   5.0 450.0                            LAT/LON1/LON2/DLON/H
   75   70   79   78   82   82   87   89   93   96  100  107  111  118  123  129
  133  137  139  143  142  144  141  142  137  138  134  136  131  131  125  125
  119  117  110  108  101   98   89   88   81   80   74   75   71   74   71   76
   75   80   80   86   87   92   93   96   98  100   99  100   98   98   95   96
   92   92   87   85   80   76   81   75   75                                   
    77.5-180.0 180.0   5.0 450.0                            LAT/LON1/LON2/DLON/H
   59   55   61   59   62   63   69   71   76   78   85   90   96  102  109  115
  122  125  132  136  139  140  142  141  140  139  139  137  135  133  130  126
  123  118  114  107  102   94   87   80   75   70   67   65   63   62   63   64
   67   70   75   80   84   88   92   95   97   98   98   97   96   93   92   88
   85   80   77   71   65   58   59   58   59                                   
    75.0-180.0 180.0   5.0 450.0                            LAT/LON1/LON2/DLON/H
   53   45   56   49   59   56   66   63   71   70   79   82   93   95  107  111
  120  125  132  137  141  144  147  147  147  147  146  145  142  142  138  136
  131  128  122  117  110  103   95   87   80   75   69   67   63   62   62   61
   65   68   73   77   83   87   91   94   95   97   95   95   92   90   87   83
   79   74   70   63   58   52   57   53   53                                   
    72.5-180.0 180.0   5.0 450.0                            LAT/LON1/LON2/DLON/H
   57   52   56   49   54   55   60   61   66   68   75   79   86   91  101  108
  116  124  132  139  146  151  155  156  157  158  158  157  154  153  150  147
  143  139  135  129  122  116  108  101   91   86   78   73   67   65   63   63
   65   70   73   79   82   88   90   95   94   97   94   95   91   90   86   82
   77   73   68   63   56   53   56   55   57                                   
    70.0-180.0 180.0   5.0 450.0                            LAT/LON1/LON2/DLON/H
   61   56   62   55   64   62   70   66   71   70   79   80   90   93  105  110
  121  127  136  144  153  160  165  169  170  172  171  171  166  166  161  161
  155  152  148  143  138  131  125  117  109  101   94   87   81   77   73   74
   73   78   79   85   86   93   91   96   93   96   92   94   90   91   86   85
   80   76   72   67   63   61   65   59   61                                   
    67.5-180.0 180.0   5.0 450.0                            LAT/LON1/LON2/DLON/H
   70   67   67   62   65   65   69   68   72   73   79   83   91   97  108  116
  125  132  142  152  164  171  178  181  184  184  184  181  177  174  172  168
  165  161  158  153  148  144  137  132  122  116  106  100   92   88   82   81
   79   81   82   84   86   87   87   88   87   88   87   89   87   88   86   85
   81   80   75   72   65   63   67   68   70                                   
    65.0-180.0 180.0   5.0 450.0                            LAT/LON1/LON2/DLON/H
   69   65   66   61   69   65   73   68   74   72   82   84   95  100  114  118
  130  137  150  160  174  184  192  193  195  193  191  187  183  180  177  174
  173  169  168  164  161  156  153  148  143  134  128  119  110  103   96   92
   87   87   84   86   82   83   80   80   78   79   78   79   79   81   80   80
   77   76   73   69   65   65   69   67   69                                   
    62.5-180.0 180.0   5.0 450.0                            LAT/LON1/LON2/DLON/H
   66   62   60   59   60   61   63   64   67   69   77   85   94  103  115  125
  137  144  157  167  181  189  199  200  202  197  196  189  187  183  181  178
  177  173  171  167  163  159  155  152  147  142  135  127  118  108  100   93
   88   83   81   77   75   72   69   67   68   66   68   68   71   72   74   74
   72   71   68   64   59   57   59   64   66                                   
    60.0-180.0 180.0   5.0 450.0                            LAT/LON1/LON2/DLON/H
   53   46   49   46   51   49   57   54   63   64   77   83   96  104  121  128
  144  151  166  175  189  196  206  207  207  202  199  194  190  188  187  185
  185  181  180  174  170  165  163  160  158  152  148  139  130  119  107   99
   90   85   77   73   66   63   59   57   57   56   57   59   61   63   65   65
   64   62   59   55   53   52   52   55   53                                   
    57.5-180.0 180.0   5.0 450.0                            LAT/LON1/LON2/DLON/H
   43   36   39   39   41   43   46   50   56   62   73   84   96  109  123  137
  151  162  174  183  192  196  204  205  206  200  199  194  196  194  198  198
  198  192  188  180  174  166  164  159  159  153  151  143  137  123  112   98
   89   80   74   67   63   58   56   54   54   52   53   54   57   57   60   59
   59   55   52   47   45   43   41   45   43                                   
    55.0-180.0 180.0   5.0 450.0                            LAT/LON1/LON2/DLON/H
   37   26   32   30   34   36   42   46   55   62   76   86  101  111  131  143
  163  173  187  192  201  202  207  207  207  206  207  206  209  211  216  218
  218  212  204  195  188  179  176  172  171  168  165  160  153  140  126  111
   99   92   83   79   70   68   61   60   59   59   59   60   61   60   63   60
   60   57   55   50   46   47   46   44   37                                   
    52.5-180.0 180.0   5.0 450.0                            LAT/LON1/LON2/DLON/H
   41   31   34   32   35   39   43   53   60   71   81   95  107  122  139  159
  177  191  201  209  211  211  211  210  210  208  214  216  225  225  233  233
  234  227  218  207  198  189  185  181  181  177  176  171  165  153  138  122
  109  100   94   90   86   80   76   73   73   71   72   71   72   71   71   69
   68   64   61   55   51   50   48   49   41                                   
    50.0-180.0 180.0   5.0 450.0                            LAT/LON1/LON2/DLON/H
   54   43   47   44   46   49   53   61   68   80   93  104  120  132  154  171
  192  203  220  223  230  224  225  219  220  222  229  235  244  246  251  250
  247  241  230  219  210  203  200  198  197  195  193  189  184  173  159  143
  131  123  116  112  107  105   99   97   93   91   88   87   88   87   88   84
   83   79   77   72   68   67   68   67   54                                   
    47.5-180.0 180.0   5.0 450.0                            LAT/LON1/LON2/DLON/H
   76   68   66   65   65   67   68   75   83   97  106  121  134  150  171  190
  210  224  239  245  248  243  238  235  235  236  244  249  258  258  262  256
  252  242  233  223  217  213  212  213  212  209  207  204  199  189  176  162
  148  140  135  131  128  123  121  116  113  110  106  106  105  107  106  105
  102   99   95   91   85   85   86   88   76                                   
    45.0-180.0 180.0   5.0 450.0                            LAT/LON1/LON2/DLON/H
   97   88   86   82   85   84   86   89   97  109  123  136  152  167  189  205
  227  240  260  261  267  259  259  253  255  259  265  269  275  270  268  259
  252  241  233  225  225  223  227  226  227  223  222  216  212  202  191  178
  168  158  153  147  143  137  133  129  124  121  118  116  119  121  124  123
  120  118  114  110  107  105  109  113   97                                   
    42.5-180.0 180.0   5.0 450.0                            LAT/LON1/LON2/DLON/H
  119  111  106  103  102  101  100  103  110  125  137  154  170  184  207  224
  248  263  278  281  281  277  274  274  276  277  282  281  282  269  264  250
  243  232  231  228  233  237  241  242  240  236  230  225  219  211  200  187
  176  167  162  155  149  140  135  130  126  121  117  118  121  126  130  133
  130  129  123  121  119  120  127  128  119                                   
    40.0-180.0 180.0   5.0 450.0                            LAT/LON1/LON2/DLON/H
  127  117  112  109  113  107  109  108  118  133  150  167  184  198  221  238
  265  279  295  294  297  292  293  292  293  297  298  295  286  274  260  247
  239  234  236  240  251  255  260  257  256  246  239  231  226  216  205  193
  183  173  165  156  147  139  129  125  118  116  112  115  119  125  133  136
  136  129  125  117  121  122  128  135  127                                   
    37.5-180.0 180.0   5.0 450.0                            LAT/LON1/LON2/DLON/H
  130  120  115  116  114  110  108  110  121  138  160  179  197  212  236  255
  283  294  305  304  306  304  305  305  311  306  309  299  292  273  263  250
  251  249  261  270  283  289  289  284  272  259  247  239  230  220  207  197
  186  177  167  156  146  134  126  119  113  108  106  106  110  114  119  126
  124  121  112  109  109  113  123  128  130                                   
    35.0-180.0 180.0   5.0 450.0                            LAT/LON1/LON2/DLON/H
  118  108  105  107  107  103  104  105  119  139  165  185  208  225  250  266
  293  303  314  311  314  313  315  314  313  316  311  308  295  285  272  275
  276  291  302  322  333  339  330  319  302  284  268  255  243  230  217  206
  197  186  177  163  151  136  126  119  112  109  103  103  104  107  111  115
  114  113  109  100  103  102  107  115  118                                   
    32.5-180.0 180.0   5.0 450.0                            LAT/LON1/LON2/DLON/H
  107   93   96   97   96   93   93   97  113  137  166  193  218  237  261  280
  303  310  319  318  321  319  321  319  321  315  318  311  310  304  308  321
  335  360  376  396  400  397  387  368  345  322  301  282  267  253  240  228
  216  207  195  182  171  156  148  136  136  130  124  117  114  107  113  116
  119  119  115  112  110  107  101  100  107                                   
    30.0-180.0 180.0   5.0 450.0                            LAT/LON1/LON2/DLON/H
   93   81   80   84   83   83   85   90  108  134  167  195  226  246  271  286
  310  317  330  328  334  330  329  325  322  320  321  326  333  342  356  385
  410  449  464  483  474  469  442  425  395  372  345  325  305  291  276  268
  255  242  230  212  192  174  160  153  148  144  137  137  133  133  132  133
  129  128  119  111  106  109  107   89   93                                   
    27.5-180.0 180.0   5.0 450.0                            LAT/LON1/LON2/DLON/H
   92   88   81   80   78   77   80   88  105  133  169  202  235  255  279  297
  318  328  342  344  350  345  341  336  334  332  345  354  382  404  443  482
  524  559  576  580  566  546  521  487  457  422  395  366  347  325  313  300
  299  294  291  276  260  243  232  216  199  187  175  166  156  147  144  137
  138  146  150  139  126  107  104   96   92                                   
    25.0-180.0 180.0   5.0 450.0                            LAT/LON1/LON2/DLON/H
   91   84   87   82   78   81   83   92  110  136  174  209  243  264  290  307
  330  341  357  361  368  364  355  349  348  353  374  398  444  482  536  585
  642  678  689  680  647  624  584  559  518  486  450  417  389  370  356  355
  359  368  372  368  352  338  311  292  267  250  231  219  201  193  183  181
  174  176  166  165  157  136  119  113   91                                   
    22.5-180.0 180.0   5.0 450.0                            LAT/LON1/LON2/DLON/H
  110  105   99   98   92   91   94  105  123  151  190  230  259  281  304  327
  347  361  376  385  391  385  374  370  371  384  418  458  522  568  636  693
  760  794  798  768  720  679  644  618  584  552  513  480  448  425  412  414
  423  438  451  450  437  418  386  358  325  302  273  261  242  235  221  220
  214  214  206  202  192  175  154  146  110                                   
    20.0-180.0 180.0   5.0 450.0                            LAT/LON1/LON2/DLON/H
  123  122  115  105  107  112  110  120  138  168  207  248  274  297  322  347
  367  386  401  411  415  413  397  393  397  423  466  521  583  642  716  785
  842  865  849  811  747  708  672  659  633  606  569  533  492  462  445  447
  461  487  507  514  502  477  443  408  378  343  313  289  272  264  254  247
  243  241  236  232  216  205  181  164  123                                   
    17.5-180.0 180.0   5.0 450.0                            LAT/LON1/LON2/DLON/H
  136  151  140  128  121  126  128  140  160  191  228  266  291  312  339  366
  388  407  422  436  434  434  414  419  429  468  523  579  645  700  775  833
  858  862  844  800  747  707  681  677  660  640  611  581  539  503  481  478
  490  506  524  529  517  496  458  427  397  368  340  316  301  293  284  279
  268  262  249  247  230  212  201  170  136                                   
    15.0-180.0 180.0   5.0 450.0                            LAT/LON1/LON2/DLON/H
  141  150  142  131  126  127  144  159  180  215  243  283  302  331  353  390
  408  433  445  459  457  456  439  449  467  521  578  634  687  743  797  842
  849  846  826  776  734  701  689  687  682  666  643  612  574  535  509  494
  498  513  528  527  515  482  445  414  392  367  343  326  311  302  294  286
  275  263  249  239  229  212  205  169  141                                   
    12.5-180.0 180.0   5.0 450.0                            LAT/LON1/LON2/DLON/H
  138  157  138  134  129  134  147  165  189  228  258  291  321  345  375  410
  434  458  471  485  481  481  467  485  513  567  613  665  712  755  800  814
  822  809  781  743  713  693  686  692  692  683  663  629  587  543  507  486
  480  488  494  497  473  444  411  392  374  361  340  329  318  309  299  291
  274  264  246  236  222  200  203  162  138                                   
    10.0-180.0 180.0   5.0 450.0                            LAT/LON1/LON2/DLON/H
  127  147  137  119  121  127  142  170  203  242  279  311  339  372  400  440
  459  487  498  508  506  505  500  521  561  610  647  689  728  766  787  796
  789  767  744  714  700  689  692  697  704  700  684  648  611  557  514  480
  469  464  462  445  430  412  394  383  369  359  336  322  310  304  292  276
  259  243  229  217  207  191  194  156  127                                   
     7.5-180.0 180.0   5.0 450.0                            LAT/LON1/LON2/DLON/H
  117  143  130  118  109  120  133  163  206  251  290  325  358  392  422  464
  488  516  525  535  531  531  526  551  587  636  671  713  746  763  778  771
