data/unet/pred2600.15i
     1.0            IONOSPHERE MAPS     GNSS                IONEX VERSION / TYPE
pyspatialgeodesy        IME             05-JAN-18 20:20     PGM / RUN BY / DATE 
Map Name                                                    COMMENT             
Predicted global ionosphere maps (GIM).                     DESCRIPTION         
  2015     9    17     0     0     0                        EPOCH OF FIRST MAP  
  2015     9    18     0     0     0                        EPOCH OF LAST MAP   
  7200                                                      INTERVAL            
    13                                                      # OF MAPS IN FILE   
  NONE                                                      MAPPING FUNCTION    
10.0                                                        ELEVATION CUTOFF    
One-way carrier phase leveled to code                       OBSERVABLES USED    
  6371.0                                                    BASE RADIUS         
 2                                                          MAP DIMENSION       
   450.0 450.0   0.0                                        HGT1 / HGT2 / DHGT  
    87.5 -87.5  -2.5                                        LAT1 / LAT2 / DLAT  
  -180.0 180.0   5.0                                        LON1 / LON2 / DLON  
    -1                                                      EXPONENT            
                                                            END OF HEADER       
[from data line 1287]
     4                                                      START OF TEC MAP    
  2015     9    17     6     0     0                        EPOCH OF CURRENT MAP
    87.5-180.0 180.0   5.0 450.0                            LAT/LON1/LON2/DLON/H
   64   97   95   93   93   92   94   94   96   96   98   98   98   99   99  100
   99  100   99  100   98  100   99  100   98  100   98   99   98   99   98   99
   98   99   98   98   98   98   98   97   98   97   98   96   97   95   96   94
   95   93   94   91   93   90   91   88   90   87   89   86   88   85   87   84
   87   85   88   86   93   89  105   63   64                                   
    85.0-180.0 180.0   5.0 450.0                            LAT/LON1/LON2/DLON/H
   89  101   90   93   89   88   89   91   92   93   93   95   94   95   95   96
   94   95   94   94   92   93   92   91   90   91   90   90   89   90   90   90
   90   91   91   91   92   92   93   93   94   94   95   94   95   94   96   94
   95   94   95   93   94   92   93   91   92   90   90   88   90   87   88   86
   88   86   88   86   88   83  102   93   89                                   
    82.5-180.0 180.0   5.0 450.0                            LAT/LON1/LON2/DLON/H
   83   87   89   87   87   86   90   90   92   90   93   91   93   90   93   89
   92   87   90   86   88   83   85   81   83   79   82   79   81   80   83   82
   85   84   87   87   89   89   91   92   92   93   94   96   96   97   97   99
   98   98   98   98   97   97   96   95   94   93   91   89   89   87   88   85
   86   84   86   84   85   81   94   74   83                                   
    80.0-180.0 180.0   5.0 450.0                            LAT/LON1/LON2/DLON/H
   83   84   80   79   75   77   78   81   80   82   80   82   79   81   79   80
   78   78   77   77   75   75   73   73   71   71   70   71   70   71   71   72
   73   75   77   79   81   82   84   86   87   88   90   91   93   93   96   95
   97   96   98   96   97   95   96   93   93   90   89   87   85   83   82   80
   80   78   78   78   77   72   79   71   83                                   
    77.5-180.0 180.0   5.0 450.0                            LAT/LON1/LON2/DLON/H
   76   78   72   74   71   75   71   76   72   75   72   73   70   70   69   69
   67   67   65   65   63   64   61   62   59   60   58   59   58   60   61   62
   63   66   68   71   72   77   77   81   80   85   84   90   88   94   92   98
   95  100   96  101   96  101   95   99   92   96   88   92   84   88   80   84
   77   81   75   80   75   72   78   64   76                                   
    75.0-180.0 180.0   5.0 450.0                            LAT/LON1/LON2/DLON/H
   73   76   72   69   64   67   64   68   62   66   60   64   57   61   56   59
   55   58   56   57   55   56   55   54   53   53   53   52   53   53   55   56
   58   61   63   66   68   71   73   76   77   81   82   86   88   91   94   95
   98   99  102  101  103  101  103  100  100   96   95   92   91   88   87   85
   83   82   80   81   79   72   80   64   73                                   
    72.5-180.0 180.0   5.0 450.0                            LAT/LON1/LON2/DLON/H
   71   71   65   62   58   59   57   59   55   56   54   52   51   50   50   49
   49   50   51   51   51   51   51   49   48   47   46   45   46   47   48   50
   52   55   59   62   65   69   72   75   77   81   83   88   88   95   94  101
  100  106  104  109  105  109  104  106  102  103   97   97   92   93   86   90
   83   87   82   86   81   76   81   67   71                                   
    70.0-180.0 180.0   5.0 450.0                            LAT/LON1/LON2/DLON/H
   73   72   67   61   54   55   51   53   47   50   43   46   40   44   40   44
   42   46   46   49   48   49   48   46   44   42   41   39   40   40   42   43
   47   49   54   56   60   63   67   69   73   76   81   84   88   92   98  101
  105  106  110  110  111  110  110  108  108  104  102   99   99   95   94   92
   92   91   91   90   88   81   85   73   73                                   
    67.5-180.0 180.0   5.0 450.0                            LAT/LON1/LON2/DLON/H
   76   73   65   58   52   51   48   48   45   44   42   40   39   38   39   39
   41   43   45   47   48   48   48   46   43   41   39   38   37   37   39   41
   44   47   51   54   58   61   65   69   72   77   80   88   89   97   98  105
  104  109  108  113  110  112  109  110  107  106  102  102   98   99   95   97
   93   97   94   98   94   88   90   81   76                                   
    65.0-180.0 180.0   5.0 450.0                            LAT/LON1/LON2/DLON/H
   79   76   67   60   52   51   48   48   43   44   38   40   35   37   35   39
   39   44   45   49   49   50   48   48   43   41   37   37   34   35   35   37
   40   43   47   50   53   56   60   64   68   72   78   84   89   94   98  102
  104  106  108  110  110  111  109  110  108  107  103  103  101  101   99   99
  100  101  103  104  103   95   97   90   79                                   
    62.5-180.0 180.0   5.0 450.0                            LAT/LON1/LON2/DLON/H
   88   81   69   59   52   48   46   44   43   41   40   38   37   36   37   38
   40   42   44   47   48   49   48   47   44   41   38   36   35   33   33   35
   37   39   43   46   50   52   57   62   67   74   79   87   90   96   98  102
  102  105  106  110  110  112  111  111  109  108  104  103  101  102   98  101
  100  105  105  110  109  102  102   98   88                                   
    60.0-180.0 180.0   5.0 450.0                            LAT/LON1/LON2/DLON/H
   91   85   73   64   54   50   46   45   42   41   38   38   38   38   37   39
   40   42   43   47   47   49   46   48   43   42   37   37   33   33   31   33
   34   37   40   44   48   50   55   60   65   72   79   86   91   96   99  102
  103  107  108  112  114  117  115  116  114  113  108  108  105  105  100  101
  101  104  108  111  113  107  107  109   91                                   
    57.5-180.0 180.0   5.0 450.0                            LAT/LON1/LON2/DLON/H
  104   94   79   68   58   52   47   44   42   39   39   38   39   38   38   37
   39   38   39   40   41   42   39   41   39   38   36   33   33   29   30   29
   32   34   39   41   47   49   55   60   67   75   82   91   95  102  104  109
  111  116  120  125  129  132  132  133  131  128  122  120  115  113  106  106
  102  107  109  116  117  114  114  110  104                                   
    55.0-180.0 180.0   5.0 450.0                            LAT/LON1/LON2/DLON/H
  111  102   89   78   68   60   54   48   44   41   40   39   39   39   39   39
   38   38   37   40   39   41   40   42   40   40   36   37   33   33   29   31
   31   36   39   45   48   53   56   62   68   77   85   94  100  108  112  117
  121  127  133  137  142  145  146  146  145  142  134  131  125  121  114  110
  107  107  112  115  121  120  120  119  111                                   
    52.5-180.0 180.0   5.0 450.0                            LAT/LON1/LON2/DLON/H
  127  114  101   90   79   71   61   53   47   42   40   39   39   39   39   37
   36   34   34   33   34   35   33   35   35   36   36   34   34   31   30   29
   32   35   42   47   54   57   63   68   75   84   92  103  111  122  127  135
  140  148  153  160  165  167  168  167  166  162  155  151  142  138  128  124
  117  118  118  123  126  127  128  122  127                                   
    50.0-180.0 180.0   5.0 450.0                            LAT/LON1/LON2/DLON/H
  136  124  117  106   95   86   77   66   57   49   45   44   43   42   41   39
   37   35   34   35   36   38   38   40   42   42   41   42   39   38   33   35
   35   41   45   54   59   64   68   73   79   89   98  111  122  133  142  149
  159  168  175  180  184  186  185  184  182  178  170  164  158  151  144  136
  131  127  128  129  135  134  135  133  136                                   
    47.5-180.0 180.0   5.0 450.0                            LAT/LON1/LON2/DLON/H
  147  134  130  123  113  102   91   78   66   56   51   46   47   44   43   38
   38   34   35   34   36   37   38   40   42   43   45   43   44   39   37   35
   39   43   52   60   69   74   78   83   89  101  110  125  137  151  159  169
  179  186  193  196  198  197  197  193  192  187  183  178  173  168  160  154
  146  143  140  141  141  141  140  134  147                                   
    45.0-180.0 180.0   5.0 450.0                            LAT/LON1/LON2/DLON/H
  151  140  140  134  126  117  107   95   79   71   62   58   54   52   48   44
   42   40   40   43   46   48   50   52   54   54   54   54   49   47   41   41
   40   47   54   65   72   80   83   90   95  106  118  133  148  159  172  183
  192  199  204  206  205  204  201  198  195  192  185  183  179  174  168  162
  156  152  150  148  149  146  146  141  151                                   
    42.5-180.0 180.0   5.0 450.0                            LAT/LON1/LON2/DLON/H
  151  140  142  140  135  128  118  105   92   80   72   65   62   57   54   47
   47   43   47   49   53   55   57   59   60   59   60   57   55   50   46   43
   44   49   59   71   80   90   94  103  108  120  131  147  160  173  185  194
  203  207  211  209  208  204  203  198  198  193  190  186  186  182  177  172
  167  163  159  158  154  149  147  140  151                                   
    40.0-180.0 180.0   5.0 450.0                            LAT/LON1/LON2/DLON/H
  149  140  137  136  131  127  120  112   99   94   84   80   74   70   63   58
   56   56   58   63   68   71   72   72   72   71   68   66   60   57   49   46
   45   51   58   71   81   92   99  107  115  126  140  154  169  182  194  203
  211  216  217  217  213  211  207  207  204  202  194  193  190  186  181  177
  172  170  166  164  158  152  151  145  149                                   
    37.5-180.0 180.0   5.0 450.0                            LAT/LON1/LON2/DLON/H
  143  132  126  122  118  116  113  108  103   97   94   88   86   78   73   65
   65   63   70   72   79   80   81   79   78   75   73   68   64   58   52   47
   48   51   62   75   87   99  108  118  127  139  153  166  179  191  204  211
  220  224  227  225  225  222  224  222  223  219  213  208  204  197  191  185
  180  178  174  169  162  155  152  142  143                                   
    35.0-180.0 180.0   5.0 450.0                            LAT/LON1/LON2/DLON/H
  143  130  115  110  104  103  103  102   99  100   97   97   93   88   82   78
   76   77   81   87   90   93   92   90   85   82   77   73   65   62   52   49
   46   50   57   71   84   98  108  122  131  146  160  171  186  196  209  218
  228  236  240  243  244  247  249  253  251  247  237  230  220  211  200  193
  184  184  180  175  165  162  162  152  143                                   
    32.5-180.0 180.0   5.0 450.0                            LAT/LON1/LON2/DLON/H
  146  131  110   99   92   91   90   91   93   96   99   98   99   93   90   84
   84   83   88   91   95   96   95   92   88   82   78   73   67   61   55   49
   48   49   59   71   87  102  116  130  143  156  172  182  196  206  222  231
  245  254  264  271  280  288  296  300  301  292  280  265  250  235  220  209
  198  196  192  188  179  175  175  161  146                                   
    30.0-180.0 180.0   5.0 450.0                            LAT/LON1/LON2/DLON/H
  159  143  116  101   89   83   83   83   86   90   94   97   99   98   94   93
   93   95   96   99  100  101   99   97   92   87   80   74   66   61   54   51
   47   48   54   68   84  103  116  134  147  163  176  189  202  216  232  245
  259  273  289  307  323  341  353  363  362  350  330  310  290  267  246  229
  215  211  207  204  196  198  197  185  159                                   
    27.5-180.0 180.0   5.0 450.0                            LAT/LON1/LON2/DLON/H
  182  167  135  115  100   93   86   83   81   84   89   91   97   94   96   94
   98   96   99   99  100  100   98   97   93   87   81   73   67   59   55   49
   49   48   55   67   83  103  120  139  155  168  183  194  210  225  243  259
  276  294  316  341  367  391  408  420  421  407  385  358  332  306  280  261
  242  238  234  230  224  228  225  214  182                                   
    25.0-180.0 180.0   5.0 450.0                            LAT/LON1/LON2/DLON/H
  216  190  162  138  118  106   97   87   84   83   86   89   93   95   96  100
  103  103  102  102   99  101  100  101   97   92   84   76   66   61   54   52
   50   50   55   65   81  101  118  140  155  171  185  200  216  233  252  272
  293  317  345  379  409  441  457  472  470  459  433  406  379  350  319  293
  274  265  262  256  254  261  262  247  216                                   
    22.5-180.0 180.0   5.0 450.0                            LAT/LON1/LON2/DLON/H
  253  223  195  170  148  139  123  111   98   92   88   86   89   88   93   96
  101  100   99   97   95   98   98  101   98   93   85   74   67   58   57   52
   53   51   58   65   81   99  118  141  159  175  189  202  222  241  263  285
  311  340  374  410  444  474  490  503  500  492  472  444  421  393  365  338
  312  303  298  294  289  302  292  281  253                                   
    20.0-180.0 180.0   5.0 450.0                            LAT/LON1/LON2/DLON/H
  291  253  225  204  177  163  146  133  118  106   98   94   91   92   93   99
  104  104  100   98   95   99  103  105  103   99   88   80   68   64   59   57
   55   53   56   62   78   96  116  139  159  177  193  206  227  251  273  301
  329  364  399  437  464  494  507  520  517  511  497  476  456  430  403  378
  356  340  334  327  324  332  322  313  291                                   
    17.5-180.0 180.0   5.0 450.0                            LAT/LON1/LON2/DLON/H
  324  288  259  235  212  196  175  158  140  127  113  102   95   90   93   95
  100  100   97   95   94   99  103  106  105   99   91   78   71   63   63   56
   56   52   57   62   77   95  115  140  162  182  199  214  236  261  287  314
  349  380  417  445  472  492  502  509  507  505  500  488  479  459  438  416
  395  381  369  362  355  364  345  340  324                                   
    15.0-180.0 180.0   5.0 450.0                            LAT/LON1/LON2/DLON/H
  353  312  287  267  243  226  202  182  162  147  133  120  109  104  102  106
  107  108  104  101  102  105  110  111  108  103   92   84   71   65   61   59
   56   50   54   58   74   93  114  140  162  184  204  221  247  273  299  331
  362  396  423  450  466  485  489  495  491  493  495  494  494  484  469  450
  431  417  403  392  383  383  362  361  353                                   
    12.5-180.0 180.0   5.0 450.0                            LAT/LON1/LON2/DLON/H
  371  341  315  294  273  254  229  205  186  167  154  137  124  113  110  109
  114  111  108  107  107  111  114  114  111  102   95   79   67   58   57   53
   54   50   54   59   75   93  116  142  167  190  213  232  261  286  314  342
  375  398  424  442  455  465  464  469  469  476  484  490  498  494  486  471
  457  444  432  419  407  406  382  381  371                                   
    10.0-180.0 180.0   5.0 450.0                            LAT/LON1/LON2/DLON/H
  381  353  330  312  292  273  248  226  205  189  176  164  150  139  132  132
  133  134  127  123  122  122  124  120  116  106   93   80   70   62   59   56
   54   49   52   57   73   93  114  142  167  192  217  243  273  298  324  351
  379  401  419  435  442  451  449  455  459  468  478  489  498  499  495  485
  475  464  454  437  426  416  396  392  381                                   
     7.5-180.0 180.0   5.0 450.0                            LAT/LON1/LON2/DLON/H
  389  370  348  332  311  289  265  240  224  207  198  184  172  159  149  148
  148  146  140  136  129  127  121  118  110  101   88   78   70   64   60   57
