data/unet/pred1300.15i
     1.0            IONOSPHERE MAPS     GNSS                IONEX VERSION / TYPE
pyspatialgeodesy        IME             05-JAN-18 20:20     PGM / RUN BY / DATE 
Map Name                                                    COMMENT             
Predicted global ionosphere maps (GIM).                     DESCRIPTION         
  2015     5    10     0     0     0                        EPOCH OF FIRST MAP  
  2015     5    11     0     0     0                        EPOCH OF LAST MAP   
  7200                                                      INTERVAL            
    13                                                      # OF MAPS IN FILE   
  NONE                                                      MAPPING FUNCTION    
10.0                                                        ELEVATION CUTOFF    
One-way carrier phase leveled to code                       OBSERVABLES USED    
  6371.0                                                    BASE RADIUS         
 2                                                          MAP DIMENSION       
   450.0 450.0   0.0                                        HGT1 / HGT2 / DHGT  
    87.5 -87.5  -2.5                                        LAT1 / LAT2 / DLAT  
  -180.0 180.0   5.0                                        LON1 / LON2 / DLON  
    -1                                                      EXPONENT            
                                                            END OF HEADER       
[from data line 1716]
     5                                                      START OF TEC MAP    
  2015     5    10     8     0     0                        EPOCH OF CURRENT MAP
    87.5-180.0 180.0   5.0 450.0                            LAT/LON1/LON2/DLON/H
  192  204  213  223  226  230  229  234  233  238  237  241  240  244  242  246
  243  246  243  246  242  245  241  244  240  244  240  243  238  241  237  239
  234  236  232  233  229  230  227  229  226  227  226  228  226  228  226  229
  227  230  227  231  227  230  226  229  225  228  223  227  222  225  220  223
  219  221  215  215  209  206  208  187  192                                   
    85.0-180.0 180.0   5.0 450.0                            LAT/LON1/LON2/DLON/H
  212  214  215  227  229  230  234  235  239  240  244  244  249  248  252  250
  254  252  256  252  256  252  256  251  255  250  255  249  254  248  253  248
  251  247  250  246  248  245  247  244  246  244  246  244  245  243  245  243
  244  242  244  240  242  238  239  235  236  232  233  229  230  226  226  223
  224  220  220  214  214  206  207  186  212                                   
    82.5-180.0 180.0   5.0 450.0                            LAT/LON1/LON2/DLON/H
  213  210  205  211  211  216  217  223  222  228  228  234  233  238  237  242
  239  243  241  244  242  244  242  244  241  243  241  242  239  241  239  241
  239  241  240  242  240  242  240  242  240  241  240  241  239  241  239  240
  237  238  236  236  233  233  230  230  227  226  222  221  218  216  213  211
  209  207  204  200  198  194  190  199  213                                   
    80.0-180.0 180.0   5.0 450.0                            LAT/LON1/LON2/DLON/H
  214  206  200  204  204  207  210  212  214  217  219  222  224  226  228  230
  231  233  233  234  232  233  231  231  229  229  227  227  226  227  227  230
  230  234  234  238  237  241  240  242  241  244  242  245  243  245  243  244
  241  243  240  241  238  239  236  236  233  232  228  228  224  222  218  216
  213  210  206  200  199  189  187  194  214                                   
    77.5-180.0 180.0   5.0 450.0                            LAT/LON1/LON2/DLON/H
  217  217  205  207  202  207  205  209  205  210  208  212  211  215  215  219
  219  223  222  225  222  223  220  220  215  215  212  213  211  215  215  220
  221  228  229  236  236  242  241  246  245  250  248  252  250  254  252  255
  252  255  252  254  251  254  250  253  249  250  245  245  242  240  236  235
  232  228  222  218  214  205  200  207  217                                   
    75.0-180.0 180.0   5.0 450.0                            LAT/LON1/LON2/DLON/H
  226  220  211  210  207  207  206  203  201  199  199  198  199  198  202  201
  207  208  212  211  213  210  210  204  203  198  199  196  198  199  204  207
  214  220  227  233  237  243  245  250  250  255  256  259  259  262  261  263
  261  263  261  263  262  264  262  265  262  264  260  262  257  257  251  252
  245  244  236  233  229  215  211  220  226                                   
    72.5-180.0 180.0   5.0 450.0                            LAT/LON1/LON2/DLON/H
  237  231  219  217  211  209  205  202  196  192  188  185  183  182  183  184
  189  193  197  200  201  200  197  194  187  187  182  185  184  191  193  202
  208  219  226  235  239  247  248  255  255  262  262  268  267  272  270  274
  271  275  272  276  273  278  274  280  276  279  275  276  272  271  266  264
  261  258  253  247  244  235  227  232  237                                   
    70.0-180.0 180.0   5.0 450.0                            LAT/LON1/LON2/DLON/H
  243  234  224  220  216  211  207  198  193  184  181  171  170  164  167  164
  173  174  185  184  192  187  190  183  182  176  178  175  181  184  193  198
  209  217  228  235  242  248  253  257  261  265  270  274  276  279  281  281
  282  282  283  284  284  285  285  287  286  287  284  285  281  280  273  273
  270  268  263  258  254  240  235  245  243                                   
    67.5-180.0 180.0   5.0 450.0                            LAT/LON1/LON2/DLON/H
  248  237  225  222  214  207  202  193  186  175  168  160  153  147  147  146
  151  155  164  170  173  176  173  173  168  169  167  172  174  184  190  202
  208  222  228  239  242  251  251  259  260  269  271  279  280  286  285  289
  287  291  288  292  287  291  286  290  284  287  281  282  277  275  270  268
  267  266  265  259  258  249  243  246  248                                   
    65.0-180.0 180.0   5.0 450.0                            LAT/LON1/LON2/DLON/H
  248  236  226  218  212  201  197  183  178  165  160  148  144  136  136  132
  138  140  151  154  163  162  165  162  163  162  167  170  178  185  196  203
  214  221  232  237  244  247  252  255  262  268  276  282  288  291  295  295
  296  297  295  295  292  292  289  288  285  283  280  277  273  268  263  260
  259  257  259  256  257  243  242  251  248                                   
    62.5-180.0 180.0   5.0 450.0                            LAT/LON1/LON2/DLON/H
  249  236  224  216  204  192  186  172  165  154  148  139  134  126  124  119
  122  124  132  137  142  145  144  147  146  153  156  167  174  187  196  207
  214  225  231  241  242  249  250  258  262  274  280  290  294  301  301  306
  303  307  301  303  295  297  289  291  283  284  274  274  265  261  253  249
  248  247  250  249  253  246  248  249  249                                   
    60.0-180.0 180.0   5.0 450.0                            LAT/LON1/LON2/DLON/H
  251  238  226  213  201  185  174  160  153  143  139  131  127  120  118  112
  114  114  121  122  128  126  129  129  135  140  151  162  176  186  200  206
  217  223  233  237  243  244  252  256  267  275  288  297  306  309  314  314
  315  314  310  308  303  301  296  294  289  285  279  275  267  260  252  245
  243  240  245  243  251  239  246  254  251                                   
    57.5-180.0 180.0   5.0 450.0                            LAT/LON1/LON2/DLON/H
  259  247  233  218  202  181  166  148  140  131  128  121  120  113  111  104
  104  103  106  107  108  107  108  110  115  125  138  155  169  184  195  207
  215  225  231  239  242  248  252  262  270  284  294  307  314  322  323  328
  324  326  318  320  311  312  304  307  298  299  289  286  276  268  256  249
  244  242  245  246  253  250  258  262  259                                   
    55.0-180.0 180.0   5.0 450.0                            LAT/LON1/LON2/DLON/H
  271  260  249  229  213  187  168  146  134  122  120  115  115  110  108  101
  101   96   99   96   97   93   94   94  102  114  133  148  168  181  197  204
  218  225  235  240  247  251  259  266  280  291  306  317  328  334  339  339
  339  337  333  331  327  326  322  322  317  315  307  303  293  286  275  268
  260  257  259  258  267  258  269  278  271                                   
    52.5-180.0 180.0   5.0 450.0                            LAT/LON1/LON2/DLON/H
  291  281  272  254  231  202  179  149  133  118  113  109  111  106  106   99
   98   94   94   91   89   86   85   86   94  108  129  147  166  182  195  208
  217  230  238  248  253  261  266  278  287  302  314  329  339  348  351  355
  351  353  347  349  343  347  340  345  338  338  330  326  317  311  301  292
  284  278  277  279  283  282  293  293  291                                   
    50.0-180.0 180.0   5.0 450.0                            LAT/LON1/LON2/DLON/H
  306  294  297  277  258  224  198  164  143  122  114  109  111  107  107  100
  100   96   96   92   90   85   85   86   97  110  133  150  170  183  199  207
  222  233  244  256  264  271  278  287  299  311  327  339  353  361  368  370
  370  369  367  367  365  364  361  362  358  357  351  348  340  336  326  319
  311  303  302  299  304  296  307  310  306                                   
    47.5-180.0 180.0   5.0 450.0                            LAT/LON1/LON2/DLON/H
  319  308  310  298  275  244  219  180  155  129  118  111  113  109  110  103
  104  101  102   99   97   93   92   94  105  120  140  156  172  187  198  213
  223  240  250  267  273  284  288  301  308  323  335  351  362  373  379  385
  383  385  380  384  378  382  374  377  371  372  366  363  356  352  344  339
  332  327  324  321  322  315  323  317  319                                   
    45.0-180.0 180.0   5.0 450.0                            LAT/LON1/LON2/DLON/H
  321  307  312  304  294  264  240  204  175  147  130  121  120  116  116  111
  112  110  113  109  109  105  107  108  121  134  154  167  183  194  207  217
  231  247  260  278  287  299  304  314  322  334  348  361  376  386  397  401
  403  403  401  401  397  395  390  387  381  380  374  373  366  366  359  355
  351  344  342  335  336  322  326  321  321                                   
    42.5-180.0 180.0   5.0 450.0                            LAT/LON1/LON2/DLON/H
  316  297  299  297  288  269  246  214  189  158  141  130  129  124  125  120
  123  121  125  123  123  120  123  127  138  150  165  178  191  202  212  225
  234  252  266  289  296  312  316  330  336  350  361  374  387  400  410  419
  420  423  417  417  410  409  398  395  386  384  377  374  371  369  364  364
  359  358  352  349  343  328  322  309  316                                   
    40.0-180.0 180.0   5.0 450.0                            LAT/LON1/LON2/DLON/H
  295  272  273  273  271  260  248  220  201  173  156  145  142  137  137  132
  136  134  138  136  138  134  140  142  156  166  182  192  205  211  224  231
  243  259  275  294  310  321  334  346  357  366  378  389  406  417  432  439
  445  446  443  439  434  426  420  410  403  394  388  382  379  376  373  371
  368  363  358  349  342  321  309  294  295                                   
    37.5-180.0 180.0   5.0 450.0                            LAT/LON1/LON2/DLON/H
  273  245  240  235  236  230  229  210  198  176  163  154  152  149  148  145
  147  145  149  145  146  144  150  156  168  178  192  200  212  219  229  238
  252  265  283  302  316  334  348  366  374  386  395  406  420  436  451  464
  470  475  470  470  462  461  447  443  429  421  412  403  397  392  387  384
  377  373  364  354  340  318  295  274  273                                   
    35.0-180.0 180.0   5.0 450.0                            LAT/LON1/LON2/DLON/H
  246  223  206  197  195  197  201  193  187  177  168  164  163  163  162  159
  159  156  157  154  153  154  160  167  180  192  206  213  221  228  234  248
  255  275  286  310  321  346  361  382  392  403  411  423  440  455  476  491
  504  508  512  509  509  501  499  488  481  470  460  449  439  429  421  413
  404  393  381  368  349  326  299  276  246                                   
    32.5-180.0 180.0   5.0 450.0                            LAT/LON1/LON2/DLON/H
  252  221  199  181  175  173  177  175  174  170  167  167  170  171  172  169
  168  163  162  157  158  158  167  175  192  202  214  219  226  231  238  249
  256  272  286  309  327  353  375  397  409  421  427  440  455  477  500  519
  535  549  560  569  575  580  576  580  570  567  546  534  508  495  471  460
  442  425  410  390  373  344  317  284  252                                   
    30.0-180.0 180.0   5.0 450.0                            LAT/LON1/LON2/DLON/H
  272  248  216  190  174  165  165  165  164  165  163  169  174  179  181  180
  178  172  170  163  165  165  177  185  202  211  221  225  228  236  241  254
  261  278  292  316  335  366  385  412  421  435  441  457  475  499  529  555
  585  609  637  656  673  672  676  671  663  653  634  621  600  583  561  533
  506  477  457  438  419  396  360  326  272                                   
    27.5-180.0 180.0   5.0 450.0                            LAT/LON1/LON2/DLON/H
  330  306  267  229  202  181  174  169  166  166  167  173  179  184  185  184
  183  176  172  167  169  173  186  197  212  218  226  226  228  229  234  244
  254  273  291  319  343  372  391  416  428  444  454  471  490  520  554  598
  634  671  703  721  743  756  769  771  765  751  730  706  673  655  628  612
  579  550  525  500  482  460  425  374  330                                   
    25.0-180.0 180.0   5.0 450.0                            LAT/LON1/LON2/DLON/H
  401  395  344  292  251  224  209  196  187  184  178  185  185  194  193  193
  191  184  183  179  184  189  203  212  225  228  229  226  220  220  221  234
  244  267  290  317  347  373  394  416  428  448  460  481  504  541  587  635
  683  718  752  779  810  830  851  858  855  845  826  804  771  740  705  671
  645  619  595  562  542  513  481  446  401                                   
    22.5-180.0 180.0   5.0 450.0                            LAT/LON1/LON2/DLON/H
  477  464  420  379  338  297  262  243  227  214  206  203  202  201  201  197
  195  188  186  184  193  199  215  226  234  235  227  215  204  201  200  214
  230  255  281  315  342  370  385  409  425  445  464  491  519  561  609  661
  712  747  786  818  850  869  890  896  903  894  886  864  837  806  768  734
  700  674  652  629  602  573  531  509  477                                   
    20.0-180.0 180.0   5.0 450.0                            LAT/LON1/LON2/DLON/H
  527  531  487  440  390  363  333  302  271  258  242  233  225  222  216  214
  208  203  201  201  209  216  232  239  245  238  222  205  193  188  191  204
  226  250  282  313  342  362  382  405  426  447  472  498  532  574  627  676
  726  762  799  829  856  874  889  899  905  903  895  880  862  836  804  773
  746  718  699  669  644  606  577  542  527                                   
    17.5-180.0 180.0   5.0 450.0                            LAT/LON1/LON2/DLON/H
  553  558  542  502  455  408  375  359  336  313  285  272  257  249  238  230
  221  215  212  210  221  229  242  249  245  233  210  195  179  173  175  196
  215  246  274  307  328  352  371  399  426  452  481  513  547  589  635  683
  726  759  788  810  826  836  841  849  854  856  855  847  837  821  804  783
  762  739  717  693  663  628  594  563  553                                   
    15.0-180.0 180.0   5.0 450.0                            LAT/LON1/LON2/DLON/H
  552  557  550  533  494  447  410  386  369  355  321  311  286  275  262  252
  243  239  232  234  237  242  251  255  244  230  204  185  170  158  174  191
  224  250  279  309  329  358  373  402  432  462  499  529  567  600  646  683
  723  744  763  774  776  778  773  779  784  789  796  796  798  792  786  772
  756  738  719  692  663  620  591  549  552                                   
    12.5-180.0 180.0   5.0 450.0                            LAT/LON1/LON2/DLON/H
  527  537  540  533  515  469  443  416  400  387  360  345  320  311  289  279
  266  258  253  247  252  253  255  254  237  220  193  174  157  153  163  188
  214  251  273  302  321  346  368  399  433  470  513  548  585  615  652  684
  712  723  731  727  718  707  698  698  704  707  716  728  740  746  745  741
  730  715  697  670  638  597  559  529  527                                   
    10.0-180.0 180.0   5.0 450.0                            LAT/LON1/LON2/DLON/H
  501  509  511  505  498  476  456  437  421  409  391  367  344  337  313  303
  285  277  265  263  256  259  251  245  223  202  176  148  135  132  148  179
  224  254  284  302  325  354  375  404  440  482  524  561  598  623  657  677
  701  704  706  695  680  670  654  657  660  667  675  688  703  712  715  715
  706  693  671  644  611  568  524  492  501                                   
     7.5-180.0 180.0   5.0 450.0                            LAT/LON1/LON2/DLON/H
  481  487  484  485  476  461  450  441  429  422  399  383  360  354  331  325
  299  286  274  264  257  249  235  225  203  185  158  134  122  124  145  180
