data/unet/pred2910.15i
     1.0            IONOSPHERE MAPS     GNSS                IONEX VERSION / TYPE
pyspatialgeodesy        IME             05-JAN-18 20:20     PGM / RUN BY / DATE 
Map Name                                                    COMMENT             
Predicted global ionosphere maps (GIM).                     DESCRIPTION         
  2015    10    18     0     0     0                        EPOCH OF FIRST MAP  
  2015    10    19     0     0     0                        EPOCH OF LAST MAP   
  7200                                                      INTERVAL            
    13                                                      # OF MAPS IN FILE   
  NONE                                                      MAPPING FUNCTION    
10.0                                                        ELEVATION CUTOFF    
One-way carrier phase leveled to code                       OBSERVABLES USED    
  6371.0                                                    BASE RADIUS         
 2                                                          MAP DIMENSION       
   450.0 450.0   0.0                                        HGT1 / HGT2 / DHGT  
    87.5 -87.5  -2.5                                        LAT1 / LAT2 / DLAT  
  -180.0 180.0   5.0                                        LON1 / LON2 / DLON  
    -1                                                      EXPONENT            
                                                            END OF HEADER       
[from data line 3003]
     8                                                      START OF TEC MAP    
  2015    10    18    14     0     0                        EPOCH OF CURRENT MAP
    87.5-180.0 180.0   5.0 450.0                            LAT/LON1/LON2/DLON/H
   90  101  104  105  102  105  103  107  106  110  109  113  111  115  113  116
  114  117  115  117  115  117  116  117  116  117  115  116  114  115  112  113
  110  111  107  108  104  105  102  103  101  102  100  101   99  101   99  101
   99  101   99  101   99  101   98  100   98  100   97   99   98  100   98  100
   99  101   99  102  102  103  114  100   90                                   
    85.0-180.0 180.0   5.0 450.0                            LAT/LON1/LON2/DLON/H
   95  108  100  101  100  104  103  106  107  110  111  113  115  116  119  118
  121  120  122  121  124  123  124  122  124  121  122  119  120  117  117  113
  113  108  107  102  101   97   95   93   92   90   89   88   88   88   89   88
   90   90   93   92   95   94   96   95   98   96   97   96   98   97   97   97
   97   97   97   96   98   99  101  102   95                                   
    82.5-180.0 180.0   5.0 450.0                            LAT/LON1/LON2/DLON/H
   94   91   90   91   89   93   92   95   98   99  103  103  108  107  113  111
  117  116  120  119  123  123  125  124  125  125  125  124  123  121  120  116
  113  109  105  100   96   91   87   82   78   77   73   73   70   73   71   74
   74   78   79   81   84   85   88   89   92   92   93   93   94   93   93   92
   91   91   90   90   88   87   83   81   94                                   
    80.0-180.0 180.0   5.0 450.0                            LAT/LON1/LON2/DLON/H
   77   71   68   71   69   72   72   75   76   80   82   85   88   91   93   97
   98  103  104  109  109  113  114  117  118  120  120  121  120  119  116  114
  109  105   99   94   87   82   75   71   65   63   59   59   58   60   59   63
   63   68   68   74   74   79   80   84   84   87   85   86   84   84   81   79
   76   75   73   72   70   67   64   69   77                                   
    77.5-180.0 180.0   5.0 450.0                            LAT/LON1/LON2/DLON/H
   63   56   53   52   53   55   55   59   60   63   66   68   72   74   80   81
   86   87   93   95  100  103  107  111  113  116  118  120  120  119  117  114
  110  104   98   91   84   76   70   63   59   54   53   51   52   52   54   57
   59   63   66   69   71   75   77   79   80   80   79   79   76   73   71   68
   65   63   60   59   56   53   50   50   63                                   
    75.0-180.0 180.0   5.0 450.0                            LAT/LON1/LON2/DLON/H
   57   44   42   43   44   45   45   47   49   51   55   57   62   65   70   73
   78   82   85   90   94  101  105  110  113  117  119  121  121  122  120  117
  113  107  102   94   87   78   72   64   59   54   53   51   52   53   56   57
   60   63   66   68   71   73   75   76   76   76   74   72   70   67   65   62
   59   57   55   54   52   46   48   46   57                                   
    72.5-180.0 180.0   5.0 450.0                            LAT/LON1/LON2/DLON/H
   53   47   46   44   45   45   45   46   46   49   52   55   59   64   70   73
   79   82   88   94   99  108  110  118  120  126  127  132  131  133  131  129
  124  120  113  106   99   90   83   76   72   67   65   63   64   64   67   67
   70   70   71   72   72   73   73   74   73   73   70   70   67   65   62   60
   58   56   55   54   52   48   47   42   53                                   
    70.0-180.0 180.0   5.0 450.0                            LAT/LON1/LON2/DLON/H
   57   47   48   49   46   47   44   44   45   46   49   51   56   60   66   72
   78   84   91   99  106  114  119  125  127  133  134  139  137  140  137  136
  131  127  121  114  106   97   91   85   81   77   76   74   76   75   78   77
   78   76   76   74   72   70   69   69   68   68   67   66   65   62   61   58
   58   55   57   56   56   51   52   46   57                                   
    67.5-180.0 180.0   5.0 450.0                            LAT/LON1/LON2/DLON/H
   56   57   55   55   54   52   51   50   49   51   53   55   61   66   72   79
   86   91  101  109  118  127  130  138  138  144  143  148  147  149  146  145
  140  136  131  124  118  110  105   99   95   92   91   90   90   88   88   86
   84   80   77   74   69   66   63   62   60   60   59   62   61   62   60   60
   59   59   59   60   59   58   56   50   56                                   
    65.0-180.0 180.0   5.0 450.0                            LAT/LON1/LON2/DLON/H
   61   56   57   59   56   54   51   51   49   51   52   55   61   67   73   82
   87   97  106  118  127  135  141  146  148  151  150  153  152  155  153  153
  148  144  138  132  125  118  112  107  105  102  100   97   97   94   93   88
   84   79   73   67   61   55   53   50   51   50   52   54   57   58   60   58
   60   58   61   60   63   59   59   53   61                                   
    62.5-180.0 180.0   5.0 450.0                            LAT/LON1/LON2/DLON/H
   55   58   56   59   56   54   54   52   53   53   56   58   64   72   79   88
   95  104  115  125  139  148  153  161  160  163  159  162  160  164  164  164
  161  157  152  144  138  130  125  120  117  114  111  107  104  100   96   89
   84   76   70   63   56   51   46   45   43   43   44   49   52   56   57   59
   58   59   59   60   60   58   57   52   55                                   
    60.0-180.0 180.0   5.0 450.0                            LAT/LON1/LON2/DLON/H
   55   49   51   56   50   50   48   48   47   49   50   56   59   69   75   87
   93  106  116  133  144  156  163  166  169  166  164  163  164  166  169  171
  171  167  162  155  147  138  131  126  123  119  115  110  106   98   95   86
   81   71   65   56   50   42   40   36   38   36   41   44   49   53   57   57
   59   56   57   54   56   52   53   47   55                                   
    57.5-180.0 180.0   5.0 450.0                            LAT/LON1/LON2/DLON/H
   46   45   44   49   44   45   45   45   45   46   49   54   60   70   78   89
   97  107  120  134  149  161  171  175  176  177  172  174  173  179  183  186
  186  183  177  168  161  151  145  139  134  129  124  117  110  103   97   89
   83   74   69   61   55   48   43   41   40   40   42   47   50   55   55   58
   56   56   52   51   49   48   45   41   46                                   
    55.0-180.0 180.0   5.0 450.0                            LAT/LON1/LON2/DLON/H
   48   39   39   43   38   39   38   40   39   42   43   50   53   66   73   86
   93  108  118  139  150  167  174  181  181  180  179  178  181  186  194  199
  201  199  193  184  176  166  160  151  147  138  133  122  117  106  103   93
   90   81   78   69   64   56   53   49   50   49   51   54   57   59   61   59
   60   55   54   48   49   44   45   39   48                                   
    52.5-180.0 180.0   5.0 450.0                            LAT/LON1/LON2/DLON/H
   51   42   37   42   38   40   39   41   41   42   45   51   58   70   79   90
  100  111  124  142  155  171  178  185  185  188  185  190  192  203  209  217
  219  216  209  199  191  182  177  170  165  156  150  139  132  122  117  109
  106   99   97   89   84   76   73   69   68   66   64   67   65   69   66   68
   63   62   56   55   51   48   46   44   51                                   
    50.0-180.0 180.0   5.0 450.0                            LAT/LON1/LON2/DLON/H
   62   48   45   46   43   44   43   43   42   43   43   52   55   69   76   92
  100  117  126  149  158  177  180  190  189  190  191  197  202  214  219  229
  230  230  221  215  206  199  193  187  183  172  167  153  149  137  134  124
  125  117  116  107  105   96   93   88   87   82   82   81   81   79   80   76
   77   70   70   62   63   56   57   54   62                                   
    47.5-180.0 180.0   5.0 450.0                            LAT/LON1/LON2/DLON/H
   74   65   57   61   54   57   54   55   52   51   52   57   64   76   86   99
  111  124  137  155  166  180  184  193  192  199  196  205  208  220  225  233
  236  234  229  222  216  211  208  204  200  191  185  175  168  159  154  146
  142  135  132  124  119  112  107  106  104  103   99   98   93   94   90   93
   88   89   82   80   76   75   75   75   74                                   
    45.0-180.0 180.0   5.0 450.0                            LAT/LON1/LON2/DLON/H
   90   82   77   75   70   68   67   65   60   59   57   65   67   82   90  108
  117  137  146  166  173  188  188  197  195  200  202  209  214  222  226  234
  234  234  229  228  223  222  220  216  215  205  202  189  187  174  173  159
  158  146  145  132  128  117  115  111  115  112  113  110  108  105  106  104
  106  101  102   94   96   91   95   92   90                                   
    42.5-180.0 180.0   5.0 450.0                            LAT/LON1/LON2/DLON/H
  103   99   92   93   86   86   82   79   75   71   71   73   81   92  106  120
  133  149  160  177  184  196  196  205  204  210  210  218  220  224  224  227
  228  227  230  228  234  233  235  230  229  220  216  205  201  191  187  174
  168  156  147  136  126  119  113  115  116  120  118  120  115  116  114  117
  116  116  112  111  110  108  113  113  103                                   
    40.0-180.0 180.0   5.0 450.0                            LAT/LON1/LON2/DLON/H
  111  107  103  100   96   92   88   85   80   80   77   84   86  105  113  136
  145  164  173  189  194  205  204  211  211  216  218  222  223  224  221  222
  223  226  231  236  243  244  247  240  241  226  226  212  212  197  196  179
  174  156  149  131  123  110  106  105  112  115  121  122  124  122  125  123
  128  123  125  118  119  114  122  118  111                                   
    37.5-180.0 180.0   5.0 450.0                            LAT/LON1/LON2/DLON/H
  111  110  106  105   98   97   93   90   87   86   87   92  101  116  129  148
  161  176  186  200  206  215  215  221  222  227  230  232  231  226  224  226
  231  240  249  258  267  267  266  256  251  238  234  222  219  209  203  190
  179  164  152  136  122  112  104  105  110  117  121  128  125  127  125  127
  123  123  118  116  116  116  120  120  111                                   
    35.0-180.0 180.0   5.0 450.0                            LAT/LON1/LON2/DLON/H
  107  103   99   97   93   90   87   85   84   86   88   99  107  129  140  162
  172  190  196  210  213  223  222  227  229  233  238  237  236  231  232  239
  250  264  280  292  300  297  293  275  268  249  247  232  231  219  214  199
  191  174  166  148  137  121  114  110  117  123  130  135  135  133  132  128
  129  123  122  113  115  107  110  110  107                                   
    32.5-180.0 180.0   5.0 450.0                            LAT/LON1/LON2/DLON/H
  100   95   90   92   85   87   82   83   81   86   92  102  116  136  152  171
  184  199  208  221  225  233  232  236  239  246  251  251  254  253  263  274
  295  313  332  343  349  342  332  309  293  273  266  253  250  240  234  223
  215  204  195  182  169  154  145  141  142  148  152  156  151  147  138  134
  125  123  112  111  104  102   97  103  100                                   
    30.0-180.0 180.0   5.0 450.0                            LAT/LON1/LON2/DLON/H
   90   79   79   79   74   74   71   72   74   80   87  106  119  147  161  185
  194  210  216  230  231  240  238  244  246  253  260  264  272  279  294  316
  343  366  390  397  394  386  370  349  327  308  296  285  279  270  265  257
  253  245  242  230  221  202  190  179  178  175  179  179  175  167  156  144
  134  123  118  106  101   89   87   91   90                                   
    27.5-180.0 180.0   5.0 450.0                            LAT/LON1/LON2/DLON/H
   86   73   72   75   71   72   68   70   69   79   87  102  121  145  168  187
  202  215  225  237  240  247  246  251  255  266  275  285  301  316  346  375
  415  442  464  461  450  431  413  391  367  348  334  326  318  314  308  307
  304  305  304  298  290  271  253  234  226  218  214  211  202  194  177  163
  145  133  119  111   99   90   82   94   86                                   
    25.0-180.0 180.0   5.0 450.0                            LAT/LON1/LON2/DLON/H
   80   73   69   69   65   67   65   65   65   74   82  100  119  150  172  196
  209  225  231  247  246  255  253  260  263  276  287  306  327  358  398  443
  487  520  536  525  499  471  448  432  407  397  381  377  368  366  363  365
  369  377  382  379  372  355  335  316  298  283  268  256  237  222  203  189
  171  157  140  128  111  100   87   88   80                                   
    22.5-180.0 180.0   5.0 450.0                            LAT/LON1/LON2/DLON/H
   83   91   82   79   73   74   71   71   69   78   84  102  119  145  172  193
  211  224  236  249  254  264  262  270  275  292  308  334  366  407  457  510
  562  589  598  580  549  512  488  468  450  439  427  424  416  416  416  424
  430  435  442  437  429  407  387  361  350  336  325  311  286  266  236  223
  205  190  174  156  139  125  108  105   83                                   
    20.0-180.0 180.0   5.0 450.0                            LAT/LON1/LON2/DLON/H
  102   95   80   79   81   84   74   72   71   75   82   98  114  145  171  198
  216  233  241  258  263  274  273  281  288  305  328  362  400  449  502  561
  607  635  633  617  575  545  520  507  493  490  481  481  472  473  470  475
  478  483  481  473  465  441  419  390  375  359  350  345  324  302  262  245
  229  221  205  190  166  152  139  119  102                                   
    17.5-180.0 180.0   5.0 450.0                            LAT/LON1/LON2/DLON/H
  117  115   95   87   88   94   93   86   84   82   85   98  115  140  167  196
  216  237  252  268  275  286  287  295  303  324  353  388  431  481  533  586
  629  652  650  631  600  569  554  541  533  533  527  530  522  522  509  512
  507  503  495  485  477  455  437  410  398  383  372  364  344  331  293  273
  252  244  236  221  200  178  170  149  117                                   
    15.0-180.0 180.0   5.0 450.0                            LAT/LON1/LON2/DLON/H
  136  131  105   96   90   90   95   95   86   84   85   98  113  143  168  198
  223  247  262  278  289  299  305  311  324  344  374  411  456  504  553  597
  630  646  640  620  593  574  566  567  571  576  576  576  567  560  549  540
  527  518  505  490  476  454  438  418  407  396  387  380  360  350  314  298
  273  265  254  245  223  201  188  159  136                                   
    12.5-180.0 180.0   5.0 450.0                            LAT/LON1/LON2/DLON/H
  145  144  115  101   96   90   94   93   94   90   92   98  116  142  167  199
  232  257  283  296  306  316  321  331  344  370  400  441  484  525  567  599
  625  631  626  608  593  582  584  592  601  609  606  602  587  579  560  546
  521  504  487  469  453  428  422  407  407  399  393  386  370  357  323  310
  283  273  262  251  238  218  202  177  145                                   
    10.0-180.0 180.0   5.0 450.0                            LAT/LON1/LON2/DLON/H
  154  153  123  107   92   85   84   84   85   86   92  101  122  147  175  207
  239  269  294  311  323  331  338  350  367  390  426  468  509  545  575  596
  608  604  600  590  584  584  593  611  625  634  629  619  602  587  569  542
  514  486  460  439  420  406  398  396  398  402  396  394  371  358  325  312
  284  277  262  251  238  223  206  167  154                                   
     7.5-180.0 180.0   5.0 450.0                            LAT/LON1/LON2/DLON/H
  157  159  130  108   92   81   81   77   83   83   97  102  127  153  182  213
  246  282  309  327  339  348  357  368  386  412  452  495  532  562  581  591
