data/unet/pred2660.15i
     1.0            IONOSPHERE MAPS     GNSS                IONEX VERSION / TYPE
pyspatialgeodesy        IME             05-JAN-18 20:20     PGM / RUN BY / DATE 
Map Name                                                    COMMENT             
Predicted global ionosphere maps (GIM).                     DESCRIPTION         
  2015     9    23     0     0     0                        EPOCH OF FIRST MAP  
  2015     9    24     0     0     0                        EPOCH OF LAST MAP   
  7200                                                      INTERVAL            
    13                                                      # OF MAPS IN FILE   
  NONE                                                      MAPPING FUNCTION    
10.0                                                        ELEVATION CUTOFF    
One-way carrier phase leveled to code                       OBSERVABLES USED    
  6371.0                                                    BASE RADIUS         
 2                                                          MAP DIMENSION       
   450.0 450.0   0.0                                        HGT1 / HGT2 / DHGT  
    87.5 -87.5  -2.5                                        LAT1 / LAT2 / DLAT  
  -180.0 180.0   5.0                                        LON1 / LON2 / DLON  
    -1                                                      EXPONENT            
                                                            END OF HEADER       
[from data line 1287]
     4                                                      START OF TEC MAP    
  2015     9    23     6     0     0                        EPOCH OF CURRENT MAP
    87.5-180.0 180.0   5.0 450.0                            LAT/LON1/LON2/DLON/H
   73  107  104  102  102   99  100   99  100  100  101  100  100  100  100   99
   99   99   98   98   97   97   97   97   97   97   97   96   97   96   97   96
   98   97   99   98  100  100  102  102  104  103  105  103  107  104  108  104
  108  104  108  104  108  104  107  102  106  101  104   99  103   98  102   97
  101   96   99   95  101   95  111   72   73                                   
    85.0-180.0 180.0   5.0 450.0                            LAT/LON1/LON2/DLON/H
   95  107   93   97   95   95   96   98   98   99   99  100   99  100  100   99
   98   97   96   95   93   92   91   90   88   88   87   87   86   87   86   88
   87   89   89   90   91   92   93   94   95   96   97   98  100  100  102  103
  104  105  105  106  106  106  106  106  106  105  104  103  103  101  101   98
   99   96   96   95   94   89  103  102   95                                   
    82.5-180.0 180.0   5.0 450.0                            LAT/LON1/LON2/DLON/H
   87   93   90   93   92   92   96   96   98   97  100   99  100   98  100   97
   98   93   95   90   91   86   87   82   83   79   81   78   80   78   80   79
   82   80   84   84   88   87   91   90   94   94   97   98  102  102  105  106
  109  110  112  112  114  113  114  112  113  111  110  107  107  104  103  100
   99   96   95   93   91   85   95   84   87                                   
    80.0-180.0 180.0   5.0 450.0                            LAT/LON1/LON2/DLON/H
   84   85   80   82   80   82   84   87   88   91   91   94   92   95   93   94
   90   90   86   85   79   79   74   73   69   69   66   67   66   68   68   71
   72   75   76   79   80   83   85   88   89   92   95   98  101  104  107  110
  114  116  119  120  123  122  124  121  122  118  118  114  114  109  107  103
  101   97   94   91   86   78   82   80   84                                   
    77.5-180.0 180.0   5.0 450.0                            LAT/LON1/LON2/DLON/H
   79   76   68   69   68   72   71   77   77   82   82   87   86   89   88   89
   85   84   80   77   71   68   63   61   56   56   54   55   55   57   59   62
   64   68   69   74   74   78   78   83   83   88   89   95  100  106  110  117
  121  127  129  134  135  137  135  136  133  131  127  124  121  117  112  109
  103  100   95   93   86   77   82   73   79                                   
    75.0-180.0 180.0   5.0 450.0                            LAT/LON1/LON2/DLON/H
   78   74   66   63   58   62   61   66   65   72   72   78   76   82   80   84
   78   80   73   72   64   62   54   53   47   49   46   49   48   52   53   58
   60   64   66   69   70   73   74   77   79   83   87   94  100  108  114  122
  127  133  136  140  142  143  143  142  141  137  133  129  126  121  117  113
  108  103   99   95   90   81   85   77   78                                   
    72.5-180.0 180.0   5.0 450.0                            LAT/LON1/LON2/DLON/H
   77   68   60   55   52   53   53   56   57   62   64   69   71   74   76   76
   75   73   70   65   60   53   49   43   41   37   39   39   42   45   50   54
   58   62   64   68   68   71   72   76   77   83   88   97  105  113  121  128
  133  138  142  145  146  148  147  147  145  144  139  137  131  128  122  118
  112  110  104  102   96   87   89   80   77                                   
    70.0-180.0 180.0   5.0 450.0                            LAT/LON1/LON2/DLON/H
   80   72   63   54   48   47   46   47   48   51   55   59   61   66   67   69
   67   67   64   61   55   51   45   42   38   37   36   38   40   44   47   52
   55   59   61   63   65   66   68   71   75   83   89   99  107  117  124  132
  136  141  144  147  147  147  146  145  142  139  137  134  132  127  126  122
  120  116  116  111  109   97   96   90   80                                   
    67.5-180.0 180.0   5.0 450.0                            LAT/LON1/LON2/DLON/H
   86   75   66   58   50   48   44   45   43   47   48   53   54   59   60   64
   63   63   60   57   53   48   44   39   38   34   36   35   39   41   45   49
   53   56   58   60   61   63   65   71   76   85   92  104  113  123  130  137
  140  144  145  146  144  142  140  141  137  136  132  133  129  130  125  126
  122  122  119  121  116  106  103   95   86                                   
    65.0-180.0 180.0   5.0 450.0                            LAT/LON1/LON2/DLON/H
   91   83   73   61   53   48   44   42   40   42   43   47   48   52   54   57
   58   58   57   54   51   48   43   42   39   39   37   40   39   43   41   47
   47   52   52   55   56   58   62   70   77   89   96  109  118  129  134  139
  141  141  141  140  136  134  130  129  125  124  122  122  123  122  123  122
  123  122  124  124  124  116  112  106   91                                   
    62.5-180.0 180.0   5.0 450.0                            LAT/LON1/LON2/DLON/H
   97   89   78   68   56   50   44   42   38   38   38   41   42   45   47   51
   51   53   51   51   48   45   43   41   41   39   41   40   42   39   41   40
   44   43   47   49   53   56   63   72   82   93  105  116  128  136  141  144
  145  144  142  140  135  133  127  127  122  123  119  119  119  120  119  121
  119  122  122  126  125  120  116  109   97                                   
    60.0-180.0 180.0   5.0 450.0                            LAT/LON1/LON2/DLON/H
  101   95   86   74   62   55   48   45   40   40   37   40   39   41   42   45
   46   46   46   44   43   41   40   41   41   44   42   45   41   41   35   38
   36   39   40   45   50   55   63   75   87  101  112  126  136  144  146  148
  148  145  144  140  137  133  129  127  123  120  119  118  120  119  120  119
  119  119  122  124  126  122  120  118  101                                   
    57.5-180.0 180.0   5.0 450.0                            LAT/LON1/LON2/DLON/H
  109  103   91   79   67   58   50   46   41   39   37   36   36   36   35   38
   38   39   38   38   37   35   37   38   41   43   45   44   43   37   35   30
   32   31   38   41   51   57   68   79   94  107  121  134  146  152  155  156
  157  156  154  153  149  148  142  142  135  133  127  127  124  126  122  124
  119  122  121  126  126  124  122  118  109                                   
    55.0-180.0 180.0   5.0 450.0                            LAT/LON1/LON2/DLON/H
  115  110  100   88   75   66   57   52   45   44   39   39   34   36   32   35
   33   35   31   32   31   32   33   38   42   46   48   47   44   40   33   33
   29   34   37   46   53   63   73   87  100  116  128  145  154  163  165  167
  167  168  168  169  168  167  162  159  152  146  139  135  134  132  130  127
  124  123  124  125  128  127  125  124  115                                   
    52.5-180.0 180.0   5.0 450.0                            LAT/LON1/LON2/DLON/H
  129  121  110   98   85   75   65   58   51   47   42   38   35   32   30   29
   29   27   27   25   27   27   32   35   41   45   47   47   43   38   33   28
   30   32   40   48   61   70   83   95  110  124  140  154  166  175  180  182
  185  187  189  192  192  192  187  183  175  169  157  155  147  148  140  138
  132  133  130  134  133  133  131  126  129                                   
    50.0-180.0 180.0   5.0 450.0                            LAT/LON1/LON2/DLON/H
  138  129  124  112   99   88   78   70   62   57   50   46   39   37   30   32
   27   29   25   27   27   31   34   39   45   48   53   50   50   43   38   36
   35   41   47   59   69   81   91  107  118  134  147  163  177  188  192  197
  199  204  206  210  210  211  205  200  191  184  173  167  163  158  153  147
  144  141  142  141  144  141  135  136  138                                   
    47.5-180.0 180.0   5.0 450.0                            LAT/LON1/LON2/DLON/H
  154  142  138  129  115  104   91   83   73   66   58   51   45   37   34   30
   31   28   29   28   31   33   37   41   46   49   51   51   49   43   40   37
   40   44   55   68   81   94  106  119  130  143  159  171  189  199  208  212
  218  221  226  227  227  224  219  211  201  192  182  178  172  172  163  161
  154  154  151  154  152  151  144  141  154                                   
    45.0-180.0 180.0   5.0 450.0                            LAT/LON1/LON2/DLON/H
  159  152  150  141  132  118  107   97   88   79   71   62   54   47   41   39
   35   36   35   38   40   44   47   51   55   56   58   55   53   49   45   45
   45   52   61   76   89  105  115  128  137  151  164  181  197  210  217  226
  230  237  238  240  236  233  223  216  203  195  184  179  176  173  171  168
  165  164  163  163  163  158  152  153  159                                   
    42.5-180.0 180.0   5.0 450.0                            LAT/LON1/LON2/DLON/H
  162  156  154  149  140  130  118  109   97   90   80   71   62   53   49   43
   43   41   43   44   47   51   53   57   58   58   59   57   55   51   50   47
   50   56   67   84   98  115  126  138  147  159  174  188  207  219  231  236
  243  246  250  247  244  236  228  216  206  194  186  181  178  177  173  176
  171  176  173  174  170  164  157  155  162                                   
    40.0-180.0 180.0   5.0 450.0                            LAT/LON1/LON2/DLON/H
  162  155  152  147  140  131  123  115  107  100   93   84   76   67   62   56
   56   55   56   58   62   66   69   70   70   68   64   62   57   57   52   54
   53   61   69   86  101  118  131  144  154  167  179  197  213  228  238  246
  251  254  255  252  245  236  226  217  208  198  188  182  180  178  177  179
  180  184  184  184  179  169  159  160  162                                   
    37.5-180.0 180.0   5.0 450.0                            LAT/LON1/LON2/DLON/H
  156  146  140  134  128  121  117  112  107  102   97   90   85   77   74   67
   67   64   66   67   71   75   77   78   75   73   67   64   60   59   56   55
   56   61   70   87  103  123  138  153  164  176  190  205  224  236  249  253
  262  260  264  259  255  246  238  230  224  214  204  198  193  189  185  188
  187  194  192  192  185  172  162  154  156                                   
    35.0-180.0 180.0   5.0 450.0                            LAT/LON1/LON2/DLON/H
  150  140  127  120  110  109  106  107  103  104  102   98   95   90   89   83
   84   78   83   80   87   87   92   89   87   81   75   71   65   65   59   62
   57   63   68   85  100  121  140  157  171  183  197  213  229  244  255  260
  268  266  272  271  270  268  262  259  253  242  228  219  214  208  203  202
  202  206  206  203  194  181  168  162  150                                   
    32.5-180.0 180.0   5.0 450.0                            LAT/LON1/LON2/DLON/H
  151  135  116  103   97   94   93   92   95   96   99   97   98   94   96   92
   93   88   89   87   90   91   93   93   88   86   77   75   69   68   65   64
   61   64   69   86  101  124  144  165  178  192  204  220  237  250  264  269
  280  279  290  292  302  305  310  310  306  294  274  261  247  238  228  225
  221  225  223  222  211  196  183  168  151                                   
    30.0-180.0 180.0   5.0 450.0                            LAT/LON1/LON2/DLON/H
  160  140  115  101   85   82   79   84   86   94   96   99  101  101  105  102
  105   98  101   94  100   97  102  100  100   93   90   82   78   75   70   69
   63   66   68   83   99  123  145  166  182  194  208  222  239  252  267  273
  288  290  306  316  333  348  359  367  367  355  332  311  291  274  259  251
  246  246  244  242  234  222  204  196  160                                   
    27.5-180.0 180.0   5.0 450.0                            LAT/LON1/LON2/DLON/H
  186  161  132  109   93   84   78   78   83   87   93   94   98   99  105  105
  107  102  102   96   97   97  100  103  100   99   92   87   80   77   75   72
   70   70   72   82   97  121  143  167  183  196  207  222  238  253  269  279
  298  306  326  340  365  379  400  407  412  401  383  363  339  318  295  287
  279  279  278  278  271  257  239  228  186                                   
    25.0-180.0 180.0   5.0 450.0                            LAT/LON1/LON2/DLON/H
  220  188  159  134  107   94   82   82   82   91   93   98   99  102  109  108
  112  105  106   97  101   99  107  109  114  108  107   96   89   84   79   78
   74   75   75   83   96  117  138  164  183  196  208  218  238  254  272  287
  308  325  350  372  396  417  435  447  448  437  417  399  378  362  339  327
  317  315  313  311  309  298  277  272  220                                   
    22.5-180.0 180.0   5.0 450.0                            LAT/LON1/LON2/DLON/H
  266  237  207  179  151  130  110  100   97   97   97   98   97   98  102  104
  105  102   99   95   96  100  106  115  118  118  110  101   91   84   83   81
   79   78   78   81   93  111  134  159  181  198  210  220  234  255  277  297
  320  344  375  398  427  445  464  469  474  459  444  424  409  394  377  370
  360  359  356  354  349  342  317  313  266                                   
    20.0-180.0 180.0   5.0 450.0                            LAT/LON1/LON2/DLON/H
  315  283  258  228  197  169  142  127  115  115  108  107  101   99  102  101
  106   99  102   95  103  105  119  125  134  130  121  109   96   91   84   83
   80   79   76   82   90  110  128  156  175  195  209  220  234  259  283  308
  333  364  396  423  449  469  485  492  492  480  466  450  439  427  412  405
  398  395  391  388  384  380  351  353  315                                   
    17.5-180.0 180.0   5.0 450.0                            LAT/LON1/LON2/DLON/H
  358  340  319  294  261  229  193  170  150  140  130  120  109  103  100   99
   98   96   94   94   99  109  121  134  140  139  127  111   99   88   86   82
   79   75   75   76   90  106  129  153  175  192  208  224  237  266  289  320
  348  383  415  438  460  473  486  487  488  479  473  464  457  450  438  435
  428  426  422  420  416  415  395  388  358                                   
    15.0-180.0 180.0   5.0 450.0                            LAT/LON1/LON2/DLON/H
  391  377  363  346  321  281  242  210  187  173  156  144  128  116  108  104
  103   99  101  100  111  118  134  146  153  151  135  122  102   95   83   79
   72   70   66   75   85  108  127  153  172  192  206  223  240  272  298  330
  363  394  421  438  454  467  474  478  479  478  475  473  472  472  465  461
  455  453  448  444  439  440  423  413  391                                   
    12.5-180.0 180.0   5.0 450.0                            LAT/LON1/LON2/DLON/H
  411  407  400  385  367  328  291  255  230  212  193  170  149  133  121  114
  108  102  101  106  118  130  146  159  166  158  144  123  108   90   84   75
   70   62   65   69   88  106  130  151  174  191  207  228  246  281  306  341
  371  397  419  431  445  450  456  456  463  467  470  475  480  483  480  477
  474  472  467  458  454  455  447  431  411                                   
    10.0-180.0 180.0   5.0 450.0                            LAT/LON1/LON2/DLON/H
  419  416  414  409  395  362  326  295  271  249  226  202  176  158  143  134
  126  119  113  117  129  145  158  172  175  170  149  133  111   97   84   74
   63   59   57   66   83  107  127  151  171  191  208  228  253  284  314  344
  376  397  416  427  436  444  448  453  458  467  471  480  488  495  494  494
  492  490  482  469  458  464  460  444  419                                   
     7.5-180.0 180.0   5.0 450.0                            LAT/LON1/LON2/DLON/H
  423  418  422  414  401  372  342  310  294  275  254  230  204  184  168  159
  152  144  137  136  144  157  172  180  184  172  157  137  121  101   89   75
