data/unet/pred0460.15i
     1.0            IONOSPHERE MAPS     GNSS                IONEX VERSION / TYPE
pyspatialgeodesy        IME             05-JAN-18 20:20     PGM / RUN BY / DATE 
Map Name                                                    COMMENT             
Predicted global ionosphere maps (GIM).                     DESCRIPTION         
  2015     2    15     0     0     0                        EPOCH OF FIRST MAP  
  2015     2    16     0     0     0                        EPOCH OF LAST MAP   
  7200                                                      INTERVAL            
    13                                                      # OF MAPS IN FILE   
  NONE                                                      MAPPING FUNCTION    
10.0                                                        ELEVATION CUTOFF    
One-way carrier phase leveled to code                       OBSERVABLES USED    
  6371.0                                                    BASE RADIUS         
 2                                                          MAP DIMENSION       
   450.0 450.0   0.0                                        HGT1 / HGT2 / DHGT  
    87.5 -87.5  -2.5                                        LAT1 / LAT2 / DLAT  
  -180.0 180.0   5.0                                        LON1 / LON2 / DLON  
    -1                                                      EXPONENT            
                                                            END OF HEADER       
[from data line 4719]
    12                                                      START OF TEC MAP    
  2015     2    15    22     0     0                        EPOCH OF CURRENT MAP
    87.5-180.0 180.0   5.0 450.0                            LAT/LON1/LON2/DLON/H
  173  158  147  150  149  149  150  150  151  150  151  149  150  148  148  145
  145  143  143  140  140  138  138  136  136  134  134  132  132  130  130  128
  129  128  128  127  128  128  128  128  129  129  130  129  130  130  131  131
  133  133  135  136  137  138  140  140  142  142  143  142  144  143  144  143
  145  144  146  146  147  146  149  162  173                                   
    85.0-180.0 180.0   5.0 450.0                            LAT/LON1/LON2/DLON/H
  154  149  149  153  152  153  154  155  157  158  159  158  160  158  159  155
  156  151  151  148  146  144  141  139  135  134  130  129  124  124  119  120
  116  118  115  117  115  118  116  118  117  120  120  123  123  126  127  129
  130  133  134  137  138  140  141  142  142  144  143  144  143  143  142  142
  142  143  143  143  145  144  144  160  154                                   
    82.5-180.0 180.0   5.0 450.0                            LAT/LON1/LON2/DLON/H
  145  140  141  146  145  150  151  158  158  164  164  168  167  169  166  166
  162  159  155  151  147  141  138  131  129  122  120  113  112  106  106  102
  103   99  101   98  101   99  102  100  104  103  108  107  113  112  118  118
  123  124  129  130  134  135  138  138  140  139  139  137  138  136  135  134
  134  134  133  133  132  133  131  148  145                                   
    80.0-180.0 180.0   5.0 450.0                            LAT/LON1/LON2/DLON/H
  138  134  134  143  143  152  155  164  168  175  178  184  186  187  185  183
  178  171  165  157  150  141  134  125  119  112  107  101   98   93   92   89
   89   86   87   86   87   86   88   88   90   91   93   95   98  101  104  107
  111  114  118  121  125  127  130  131  132  132  130  130  127  127  123  124
  121  123  120  121  118  121  120  133  138                                   
    77.5-180.0 180.0   5.0 450.0                            LAT/LON1/LON2/DLON/H
  132  129  130  138  145  152  161  172  181  190  197  205  207  209  207  203
  195  186  175  164  153  141  132  120  112  103   98   92   89   85   85   82
   82   81   82   81   82   82   83   83   83   84   85   86   88   90   92   95
   98  101  104  108  111  114  116  117  118  117  116  114  113  110  108  107
  106  106  106  104  106  108  112  127  132                                   
    75.0-180.0 180.0   5.0 450.0                            LAT/LON1/LON2/DLON/H
  133  134  135  147  152  162  170  185  196  210  219  229  233  236  232  228
  217  205  191  177  160  146  132  120  110  101   95   89   87   83   83   82
   81   82   82   82   82   82   82   82   81   82   81   81   81   82   82   85
   86   89   91   94   96   98   99  100  100   99   98   96   93   91   89   89
   90   91   94   95   99  105  113  133  133                                   
    72.5-180.0 180.0   5.0 450.0                            LAT/LON1/LON2/DLON/H
  148  150  151  161  169  175  189  202  216  231  243  255  259  262  254  249
  233  220  201  187  168  151  135  122  112  103   98   92   90   86   86   84
   85   84   86   85   85   84   83   82   81   81   79   79   77   77   76   76
   75   77   77   80   81   83   83   83   83   82   79   77   75   74   73   74
   77   82   87   93  101  112  122  149  148                                   
    70.0-180.0 180.0   5.0 450.0                            LAT/LON1/LON2/DLON/H
  174  174  178  187  195  202  213  226  240  255  268  280  283  285  275  268
  248  234  211  195  176  159  142  129  120  109  104   97   95   89   88   85
   85   85   84   85   83   83   81   81   79   78   78   76   75   72   71   69
   68   67   67   66   67   67   67   67   66   64   62   60   60   60   60   64
   69   78   87   98  111  126  140  170  174                                   
    67.5-180.0 180.0   5.0 450.0                            LAT/LON1/LON2/DLON/H
  204  202  209  216  225  230  244  255  270  281  294  303  308  307  297  284
  264  246  222  203  182  167  152  139  127  118  111  103   98   92   90   86
   84   83   81   79   78   77   76   75   74   74   73   72   69   67   64   62
   58   57   55   55   53   54   53   54   53   53   50   51   50   52   53   60
   66   78   90  109  126  146  159  193  204                                   
    65.0-180.0 180.0   5.0 450.0                            LAT/LON1/LON2/DLON/H
  231  227  241  247  256  261  270  278  287  299  308  318  319  321  309  299
  276  258  231  214  193  178  163  151  137  125  117  106  100   92   87   82
   78   76   71   70   65   66   63   65   64   66   66   65   63   60   57   54
   50   48   47   44   44   42   43   42   44   43   43   44   46   48   51   57
   67   80   97  118  138  159  178  211  231                                   
    62.5-180.0 180.0   5.0 450.0                            LAT/LON1/LON2/DLON/H
  249  247  264  273  282  286  292  299  305  315  321  330  331  330  323  311
  294  273  249  228  210  192  176  163  148  135  123  111  102   93   87   80
   75   69   64   59   55   53   52   52   54   56   58   58   56   54   49   46
   41   39   37   36   35   36   36   38   39   41   41   44   45   48   51   59
   68   83  102  127  148  171  188  223  249                                   
    60.0-180.0 180.0   5.0 450.0                            LAT/LON1/LON2/DLON/H
  257  255  276  287  296  300  303  308  313  320  325  331  332  333  327  321
  304  290  266  250  227  213  191  177  161  145  131  117  107   97   89   83
   74   68   59   54   46   44   41   44   45   50   52   55   54   52   47   43
   38   36   34   34   34   35   35   38   40   42   43   46   48   51   55   62
   73   88  107  129  150  172  192  224  257                                   
    57.5-180.0 180.0   5.0 450.0                            LAT/LON1/LON2/DLON/H
  258  260  281  298  309  314  317  321  324  328  330  333  335  335  334  328
  320  306  289  269  250  229  212  191  173  156  140  126  116  105   98   89
   81   71   63   54   48   42   40   41   44   48   53   55   54   51   47   42
   38   36   35   35   36   38   40   43   46   50   51   55   56   59   62   69
   78   94  111  134  153  173  191  223  258                                   
    55.0-180.0 180.0   5.0 450.0                            LAT/LON1/LON2/DLON/H
  256  260  286  303  318  322  325  329  331  332  330  330  330  331  332  331
  324  316  300  285  265  248  225  207  186  168  153  138  128  118  111  102
   93   82   72   64   54   50   45   48   49   55   59   63   62   60   55   51
   46   46   44   46   45   48   49   53   55   60   62   65   66   69   71   77
   87  102  119  138  155  174  193  222  256                                   
    52.5-180.0 180.0   5.0 450.0                            LAT/LON1/LON2/DLON/H
  255  264  290  312  328  333  339  342  343  340  335  330  330  329  332  331
  330  321  310  293  278  258  239  218  198  181  166  153  143  133  126  116
  107   95   85   75   69   62   60   59   62   66   71   73   73   69   65   60
   57   56   57   58   59   60   62   65   69   72   74   76   77   79   82   88
   98  115  132  150  165  182  197  227  255                                   
    50.0-180.0 180.0   5.0 450.0                            LAT/LON1/LON2/DLON/H
  259  269  300  319  333  341  347  352  351  346  338  330  327  326  328  331
  329  324  311  300  283  268  245  228  207  192  178  166  157  146  137  127
  116  104   94   88   81   78   73   75   75   81   85   88   89   86   81   78
   73   74   74   77   76   77   76   80   81   85   85   86   85   88   91   99
  110  130  148  167  181  196  212  238  259                                   
    47.5-180.0 180.0   5.0 450.0                            LAT/LON1/LON2/DLON/H
  267  282  309  326  341  352  360  364  363  356  345  334  330  326  331  328
  330  319  312  299  288  271  255  234  216  199  188  176  166  154  144  130
  119  106  100   93   91   87   87   86   89   93   98  100  102   99   96   91
   88   88   91   91   92   90   90   91   93   93   93   92   93   95  101  110
  126  148  168  189  203  217  230  256  267                                   
    45.0-180.0 180.0   5.0 450.0                            LAT/LON1/LON2/DLON/H
  280  298  320  333  349  360  369  373  373  365  353  342  335  332  332  332
  329  321  313  305  293  282  263  245  225  207  193  181  168  152  138  123
  110  100   96   95   94   95   94   96   96  102  106  110  112  110  108  104
  102  103  103  105  102  100   97   97   97   98   96   96   95   99  106  120
  138  163  186  208  223  239  251  274  280                                   
    42.5-180.0 180.0   5.0 450.0                            LAT/LON1/LON2/DLON/H
  293  311  326  340  354  366  376  382  382  375  363  351  345  339  339  335
  331  321  316  308  301  290  275  255  233  212  195  179  163  144  127  109
   97   88   88   89   93   94   97   97  101  104  110  114  118  116  115  112
  110  110  111  110  108  103  101   98   98   96   95   94   95   99  111  125
  149  175  200  223  242  258  270  290  293                                   
    40.0-180.0 180.0   5.0 450.0                            LAT/LON1/LON2/DLON/H
  307  325  335  346  359  367  376  381  387  382  372  362  354  350  344  343
  335  330  323  320  313  306  289  270  243  220  197  179  160  137  119  102
   92   85   87   92   96  101  100  102  103  107  112  117  120  120  118  116
  114  114  113  111  108  103   99   96   94   93   91   90   91   98  111  129
  153  180  205  226  248  265  281  301  307                                   
    37.5-180.0 180.0   5.0 450.0                            LAT/LON1/LON2/DLON/H
  316  335  340  350  358  365  373  380  388  388  382  374  367  362  356  351
  345  339  335  333  329  322  307  285  257  228  202  180  160  138  122  109
  102   99  103  107  111  112  110  108  107  110  113  117  119  119  117  115
  113  110  108  106  103   99   97   95   94   92   90   89   92   99  114  134
  158  184  206  226  247  267  285  308  316                                   
    35.0-180.0 180.0   5.0 450.0                            LAT/LON1/LON2/DLON/H
  329  348  353  355  361  361  368  375  387  390  390  388  383  381  374  372
  365  361  357  357  353  347  330  306  273  243  211  191  171  156  147  140
  140  139  143  141  140  137  131  127  123  123  123  125  123  122  118  115
  110  108  105  103  101  100   99   98   97   96   94   93   95  104  120  140
  164  185  203  218  237  261  285  311  329                                   
    32.5-180.0 180.0   5.0 450.0                            LAT/LON1/LON2/DLON/H
  343  363  365  369  367  364  367  375  385  394  396  399  396  395  388  388
  382  381  379  380  376  367  349  324  290  261  233  213  197  190  188  191
  195  197  194  188  175  165  157  155  151  148  144  141  135  129  122  115
  109  103  100   96   96   96   98   98   99   98   97   96   99  108  126  147
  168  185  199  211  227  254  283  317  343                                   
    30.0-180.0 180.0   5.0 450.0                            LAT/LON1/LON2/DLON/H
  361  383  389  388  381  373  372  376  386  395  400  403  401  399  391  391
  387  388  388  389  385  373  356  333  306  283  265  252  244  244  249  264
  271  281  270  255  229  207  188  179  176  176  173  165  155  143  133  126
  116  110  105  102  101  100  103  104  105  106  106  107  110  119  137  159
  182  198  209  216  230  257  290  329  361                                   
    27.5-180.0 180.0   5.0 450.0                            LAT/LON1/LON2/DLON/H
  383  408  414  419  409  401  395  397  402  411  412  415  409  406  394  395
  389  394  393  395  387  376  357  341  325  314  306  305  309  324  345  371
  382  385  362  335  294  261  227  214  204  202  197  190  178  164  153  141
  130  120  113  108  107  108  110  109  109  109  109  111  116  128  147  175
  198  217  226  235  244  271  305  348  383                                   
    25.0-180.0 180.0   5.0 450.0                            LAT/LON1/LON2/DLON/H
  407  434  449  455  450  444  434  433  435  437  435  433  424  415  400  397
  391  394  393  392  384  372  361  351  349  350  359  370  391  414  435  452
  468  465  438  398  342  298  264  246  238  232  226  215  202  183  173  160
  149  138  128  125  124  128  126  126  119  117  113  115  123  137  160  190
  218  240  254  264  275  299  334  375  407                                   
    22.5-180.0 180.0   5.0 450.0                            LAT/LON1/LON2/DLON/H
  438  463  484  501  502  500  489  485  481  480  471  465  450  437  415  408
  398  401  396  394  383  374  366  368  382  400  424  450  482  502  524  547
  555  538  493  436  369  325  286  272  264  261  254  243  227  211  199  189
  177  166  157  154  152  152  147  145  138  133  127  126  132  149  176  210
  236  263  278  299  315  341  372  409  438                                   
    20.0-180.0 180.0   5.0 450.0                            LAT/LON1/LON2/DLON/H
  467  488  516  544  556  562  553  548  541  535  524  512  493  472  445  432
  418  416  409  402  393  383  387  402  436  467  507  534  564  577  596  603
  593  567  513  436  364  320  285  269  266  265  262  250  237  226  219  210
  195  181  169  167  160  158  147  143  137  135  134  133  140  158  190  224
  259  285  309  329  350  376  409  439  467                                   
    17.5-180.0 180.0   5.0 450.0                            LAT/LON1/LON2/DLON/H
  490  519  552  590  611  622  619  613  605  600  587  574  549  526  492  476
  455  451  436  426  413  410  421  457  505  553  591  617  625  626  618  605
  580  543  481  407  338  298  266  255  253  251  247  240  234  229  226  216
  203  191  182  176  168  161  148  142  136  135  133  137  149  167  202  241
  278  309  331  355  375  402  430  465  490                                   
    15.0-180.0 180.0   5.0 450.0                            LAT/LON1/LON2/DLON/H
  506  537  572  622  646  666  663  666  659  659  650  638  617  591  559  536
  513  500  481  463  454  454  482  525  587  628  658  659  643  619  584  550
  507  460  400  344  294  260  236  226  221  223  219  217  215  216  218  215
  207  200  192  188  175  167  151  144  131  134  133  144  156  179  212  253
  290  320  345  368  390  418  449  483  506                                   
    12.5-180.0 180.0   5.0 450.0                            LAT/LON1/LON2/DLON/H
  507  541  587  637  666  685  692  696  699  702  700  693  679  657  624  601
  577  562  540  522  509  521  552  606  662  690  694  672  627  574  513  462
  408  363  316  285  254  230  212  203  196  191  186  184  186  192  199  204
  204  202  200  195  184  169  151  140  134  137  142  151  165  189  224  263
  298  325  347  373  393  422  452  491  507                                   
    10.0-180.0 180.0   5.0 450.0                            LAT/LON1/LON2/DLON/H
  505  539  582  636  670  692  699  711  716  730  730  734  723  708  679  660
  635  619  595  578  568  583  620  668  710  717  699  647  574  494  418  354
  301  265  247  239  229  221  211  204  189  180  166  164  167  174  183  190
  195  200  201  199  185  173  156  147  143  146  149  158  172  196  231  267
  304  328  351  373  395  426  460  494  505                                   
     7.5-180.0 180.0   5.0 450.0                            LAT/LON1/LON2/DLON/H
  499  535  580  635  665  686  697  707  720  734  745  753  752  740  718  704
  685  669  649  636  632  647  681  718  740  731  681  602  509  418  338  276
