data/unet/pred3200.15i
     1.0            IONOSPHERE MAPS     GNSS                IONEX VERSION / TYPE
pyspatialgeodesy        IME             05-JAN-18 20:20     PGM / RUN BY / DATE 
Map Name                                                    COMMENT             
Predicted global ionosphere maps (GIM).                     DESCRIPTION         
  2015    11    16     0     0     0                        EPOCH OF FIRST MAP  
  2015    11    17     0     0     0                        EPOCH OF LAST MAP   
  7200                                                      INTERVAL            
    13                                                      # OF MAPS IN FILE   
  NONE                                                      MAPPING FUNCTION    
10.0                                                        ELEVATION CUTOFF    
One-way carrier phase leveled to code                       OBSERVABLES USED    
  6371.0                                                    BASE RADIUS         
 2                                                          MAP DIMENSION       
   450.0 450.0   0.0                                        HGT1 / HGT2 / DHGT  
    87.5 -87.5  -2.5                                        LAT1 / LAT2 / DLAT  
  -180.0 180.0   5.0                                        LON1 / LON2 / DLON  
    -1                                                      EXPONENT            
                                                            END OF HEADER       
[from data line 4719]
    12                                                      START OF TEC MAP    
  2015    11    16    22     0     0                        EPOCH OF CURRENT MAP
    87.5-180.0 180.0   5.0 450.0                            LAT/LON1/LON2/DLON/H
  155  104   84   89   88   89   90   92   92   94   95   96   96   97   96   96
   95   96   94   94   92   91   89   88   85   85   82   82   79   78   76   76
   74   74   72   72   71   71   70   70   69   70   69   70   70   71   71   73
   73   74   74   75   76   77   77   77   77   78   78   78   78   78   78   78
   78   79   78   80   81   82   85  128  155                                   
    85.0-180.0 180.0   5.0 450.0                            LAT/LON1/LON2/DLON/H
   88   75   73   78   79   80   83   85   88   91   93   95   95   97   96   96
   95   94   92   91   88   86   83   82   78   76   72   71   67   65   62   61
   58   57   55   54   53   52   51   51   51   52   52   53   54   56   57   59
   60   62   62   64   64   66   66   67   67   67   67   66   66   65   64   63
   64   63   64   64   66   67   68   99   88                                   
    82.5-180.0 180.0   5.0 450.0                            LAT/LON1/LON2/DLON/H
   71   67   66   71   73   74   80   83   88   92   96   99  101  103  103  104
  103  102   99   98   94   92   87   85   79   76   72   69   65   61   59   55
   53   50   49   46   46   43   44   42   45   43   46   45   49   48   53   52
   57   57   60   60   64   64   67   66   68   67   68   66   66   63   62   60
   60   57   58   56   58   54   59   81   71                                   
    80.0-180.0 180.0   5.0 450.0                            LAT/LON1/LON2/DLON/H
   67   64   60   67   69   75   80   87   92   99  103  108  110  112  112  112
  110  107  103  100   95   92   85   82   75   73   66   64   59   58   53   51
   48   46   43   42   39   38   37   37   37   38   39   40   42   43   46   48
   51   53   55   58   60   63   64   66   67   68   66   66   63   62   58   57
   53   53   50   49   48   48   48   69   67                                   
    77.5-180.0 180.0   5.0 450.0                            LAT/LON1/LON2/DLON/H
   63   59   57   61   65   68   77   83   92   98  107  110  115  115  117  114
  112  106  102   96   91   84   80   73   68   63   60   55   53   49   48   45
   44   40   40   37   36   34   34   33   33   33   34   35   36   38   40   42
   45   47   50   53   55   58   60   63   63   64   63   61   59   55   52   48
   46   43   43   40   42   39   41   65   63                                   
    75.0-180.0 180.0   5.0 450.0                            LAT/LON1/LON2/DLON/H
   67   64   61   69   71   77   83   91   99  108  115  120  124  123  123  118
  113  105   99   91   85   77   72   66   62   58   55   53   50   50   48   49
   46   47   43   44   40   40   37   37   35   36   35   36   36   38   39   41
   42   45   47   50   52   55   58   60   62   62   62   59   56   52   49   45
   43   41   40   39   41   42   46   69   67                                   
    72.5-180.0 180.0   5.0 450.0                            LAT/LON1/LON2/DLON/H
   82   79   76   82   83   86   93  100  108  116  124  129  132  130  126  119
  112  103   96   86   80   72   66   60   57   54   53   52   52   51   52   52
   52   51   50   48   46   44   41   40   38   38   37   38   37   38   38   39
   39   40   41   44   45   49   50   54   55   57   55   54   51   47   44   40
   40   38   41   41   46   48   54   79   82                                   
    70.0-180.0 180.0   5.0 450.0                            LAT/LON1/LON2/DLON/H
   99   98   96  103  104  107  112  119  125  134  140  145  146  141  134  124
  113  102   92   83   74   68   62   58   54   52   51   53   52   54   55   57
   56   56   54   53   49   47   44   42   40   40   39   40   40   40   40   39
   39   38   38   38   40   41   45   46   49   49   50   47   46   42   41   38
   39   40   45   48   55   60   69   93   99                                   
    67.5-180.0 180.0   5.0 450.0                            LAT/LON1/LON2/DLON/H
  122  120  118  122  124  124  130  136  143  150  156  160  158  152  142  129
  116  103   93   82   75   68   63   58   55   52   52   51   53   54   56   57
   57   56   54   52   48   45   41   40   37   38   38   40   39   40   39   39
   36   36   32   33   31   34   34   38   39   41   41   40   39   37   36   36
   37   41   47   54   63   73   83  109  122                                   
    65.0-180.0 180.0   5.0 450.0                            LAT/LON1/LON2/DLON/H
  141  137  136  139  142  142  147  152  160  167  173  176  174  166  154  136
  123  109   98   87   80   73   68   62   58   53   51   51   50   52   52   54
   53   52   49   45   41   38   35   34   34   35   37   39   40   41   40   39
   37   34   31   28   27   26   28   29   33   32   34   33   34   32   33   33
   37   43   52   60   72   85   98  125  141                                   
    62.5-180.0 180.0   5.0 450.0                            LAT/LON1/LON2/DLON/H
  155  149  147  150  152  151  158  163  170  178  183  187  183  175  163  147
  132  118  107   96   89   81   74   66   60   54   50   47   47   47   48   48
   47   44   41   36   32   29   26   27   27   30   33   37   37   39   37   37
   32   31   25   23   19   20   19   23   24   27   27   29   29   30   30   33
   37   44   53   64   78   93  105  136  155                                   
    60.0-180.0 180.0   5.0 450.0                            LAT/LON1/LON2/DLON/H
  162  152  153  156  160  160  167  171  179  186  194  197  194  188  175  162
  147  133  122  112  103   94   84   73   63   52   47   42   41   41   41   42
   40   38   33   29   24   22   20   22   25   29   33   36   38   39   38   36
   32   29   24   21   18   17   18   20   23   24   25   26   28   28   31   33
   40   47   58   68   82   96  110  141  162                                   
    57.5-180.0 180.0   5.0 450.0                            LAT/LON1/LON2/DLON/H
  165  156  155  161  163  164  169  174  181  189  197  201  199  193  183  173
  162  152  142  131  120  108   95   79   67   55   47   42   40   39   40   40
   39   34   31   26   22   20   19   22   25   30   33   37   38   39   36   36
   30   29   24   22   18   19   18   22   23   25   25   27   28   30   32   38
   44   52   61   74   87  100  110  143  165                                   
    55.0-180.0 180.0   5.0 450.0                            LAT/LON1/LON2/DLON/H
  169  158  164  169  174  175  179  182  188  196  201  206  204  201  193  188
  179  172  162  152  137  123  105   89   74   60   51   46   43   44   44   46
   42   40   34   31   26   26   26   30   32   38   40   43   43   43   40   38
   34   32   29   27   25   25   25   27   30   30   30   31   31   34   39   44
   54   61   73   83   94  104  115  147  169                                   
    52.5-180.0 180.0   5.0 450.0                            LAT/LON1/LON2/DLON/H
  177  169  176  185  190  191  192  194  198  201  205  207  207  204  200  197
  192  187  179  167  152  134  116   97   83   68   61   55   55   54   55   54
   53   48   45   40   37   37   37   41   42   47   48   50   48   48   44   43
   39   39   36   36   34   36   36   39   39   39   36   37   36   41   45   54
   64   75   85   97  106  115  122  156  177                                   
    50.0-180.0 180.0   5.0 450.0                            LAT/LON1/LON2/DLON/H
  191  183  197  208  215  218  216  216  215  214  211  211  209  208  205  207
  203  200  191  179  161  144  123  108   93   82   74   69   67   68   66   67
   64   62   56   53   50   50   50   54   56   59   60   61   60   57   54   52
   50   49   49   49   48   50   51   52   53   50   46   45   45   49   56   66
   80   92  106  117  126  132  140  171  191                                   
    47.5-180.0 180.0   5.0 450.0                            LAT/LON1/LON2/DLON/H
  210  207  224  239  249  251  248  242  234  228  219  216  213  211  209  209
  208  203  196  182  166  148  131  116  107   95   90   83   82   79   79   76
   75   70   68   64   62   63   63   65   67   69   70   70   68   66   62   61
   59   61   62   63   63   65   66   67   65   63   56   54   53   58   65   78
   93  110  125  139  148  155  161  193  210                                   
    45.0-180.0 180.0   5.0 450.0                            LAT/LON1/LON2/DLON/H
  231  230  252  266  279  281  275  266  252  240  228  223  217  214  211  211
  208  206  198  186  171  155  141  129  120  111  104   97   92   88   85   83
   78   77   73   72   70   71   71   72   74   75   78   78   78   75   73   71
   72   74   76   77   78   79   81   80   79   73   67   63   62   66   76   89
  107  126  144  159  170  177  186  214  231                                   
    42.5-180.0 180.0   5.0 450.0                            LAT/LON1/LON2/DLON/H
  247  249  271  287  301  304  299  286  270  255  242  233  226  221  218  214
  210  204  198  186  175  161  151  141  134  123  116  104   97   89   85   80
   78   75   75   74   74   75   75   76   77   79   82   84   85   83   81   81
   82   84   87   88   89   90   91   90   88   82   74   70   70   75   85  100
  119  140  159  175  188  197  206  236  247                                   
    40.0-180.0 180.0   5.0 450.0                            LAT/LON1/LON2/DLON/H
  258  258  279  291  306  307  305  293  280  264  250  241  234  228  223  218
  211  207  200  194  184  174  164  155  145  133  121  107   95   87   80   77
   75   75   75   76   76   78   77   78   78   80   84   87   91   89   89   88
   90   92   95   96   97   97   98   97   95   88   81   77   77   83   94  110
  129  150  168  184  197  209  219  250  258                                   
    37.5-180.0 180.0   5.0 450.0                            LAT/LON1/LON2/DLON/H
  259  262  275  287  297  300  300  293  282  269  259  251  246  240  235  227
  219  212  206  199  193  185  176  164  152  136  122  103   91   81   77   73
   75   74   77   78   80   82   82   81   81   82   86   90   94   94   94   94
   94   96   98   99  100  101  101  101   98   93   85   82   83   91  102  119
  137  156  172  187  200  214  226  260  259                                   
    35.0-180.0 180.0   5.0 450.0                            LAT/LON1/LON2/DLON/H
  263  261  272  276  286  286  292  286  284  273  267  260  257  251  244  235
  226  221  215  212  203  195  184  171  154  137  119  102   89   83   81   82
   85   87   89   91   91   93   91   90   89   88   91   94   98   98   99   97
   98   98  100  100  101  102  104  103  101   94   89   87   90   98  110  128
  144  161  175  187  199  213  226  262  263                                   
    32.5-180.0 180.0   5.0 450.0                            LAT/LON1/LON2/DLON/H
  268  269  272  276  277  280  283  284  283  278  273  270  270  265  258  248
  239  232  228  222  215  200  187  169  152  133  118  103   97   95  100  104
  110  110  111  110  111  110  108  105  101   99   99  101  102  102  100   99
   98   98   98   99   99  102  103  105  102   99   93   92   95  106  119  137
  151  167  177  188  199  213  227  268  268                                   
    30.0-180.0 180.0   5.0 450.0                            LAT/LON1/LON2/DLON/H
  287  284  288  285  284  284  287  288  290  285  283  279  281  276  270  260
  251  245  242  238  227  209  190  173  154  139  128  122  122  127  136  140
  142  139  134  134  134  136  132  127  121  116  116  115  115  110  108  103
  102   99  100   99  103  104  108  107  106  101   98   98  104  115  130  148
  162  178  187  197  207  224  237  280  287                                   
    27.5-180.0 180.0   5.0 450.0                            LAT/LON1/LON2/DLON/H
  314  320  321  320  317  314  312  311  310  306  301  298  295  292  283  274
  265  258  255  246  235  210  192  171  158  148  148  151  161  170  183  186
  184  178  170  167  164  163  161  154  146  138  133  129  125  119  113  107
  103   99   98   98  100  103  106  108  106  103  100  102  109  124  139  159
  173  189  201  211  223  242  257  299  314                                   
    25.0-180.0 180.0   5.0 450.0                            LAT/LON1/LON2/DLON/H
  355  366  373  372  370  365  361  357  351  346  336  330  322  312  302  288
  279  269  266  253  240  212  195  180  174  174  184  197  212  225  233  233
  229  225  206  200  185  188  181  177  169  161  155  147  142  132  125  116
  112  106  104  101  102  103  107  107  106  102  101  104  115  129  150  170
  187  203  217  230  246  272  287  325  355                                   
    22.5-180.0 180.0   5.0 450.0                            LAT/LON1/LON2/DLON/H
  394  417  430  437  436  432  424  421  410  402  387  377  362  349  330  313
  298  285  277  260  245  219  206  198  202  214  236  258  277  292  295  298
  289  275  246  229  207  205  197  194  188  183  176  169  159  148  136  127
  118  111  105  100   98   98  101  101  101   98   99  105  117  135  154  178
  196  217  235  254  274  304  324  357  394                                   
    20.0-180.0 180.0   5.0 450.0                            LAT/LON1/LON2/DLON/H
  434  466  489  501  505  502  494  488  476  466  442  429  407  390  365  343
  324  303  292  270  256  233  228  229  249  270  302  325  342  352  351  349
  328  308  269  244  214  209  197  195  192  190  187  182  174  161  149  136
  127  117  110  102  100   98  101  100  100   97   98  106  120  138  161  185
  209  232  258  282  306  338  360  389  434                                   
    17.5-180.0 180.0   5.0 450.0                            LAT/LON1/LON2/DLON/H
  466  507  536  559  563  563  556  556  546  537  509  490  462  440  412  388
  361  340  318  297  281  267  270  282  311  338  369  390  399  395  385  370
  341  314  274  243  213  202  192  191  191  194  194  195  188  178  161  148
  134  121  111  102   98   95   98   99  100   99  100  109  123  142  163  191
  216  246  275  305  335  368  392  419  466                                   
    15.0-180.0 180.0   5.0 450.0                            LAT/LON1/LON2/DLON/H
  494  541  578  606  618  618  616  620  616  609  582  560  521  493  458  435
  410  385  366  341  329  319  334  352  387  410  432  431  423  404  378  356
  322  299  265  237  210  194  184  184  186  194  196  201  198  189  173  158
  143  129  119  108  103   98  100  101  102  100  103  111  126  145  171  197
  226  255  292  324  359  394  419  442  494                                   
    12.5-180.0 180.0   5.0 450.0                            LAT/LON1/LON2/DLON/H
  505  558  597  636  648  652  654  667  673  671  648  622  583  552  514  489
  463  443  421  402  394  391  407  429  453  463  467  448  419  379  341  312
  287  273  249  228  203  189  182  183  186  193  196  203  201  195  179  164
  147  135  122  112  105  101  102  102  103  102  105  116  133  154  177  205
  230  263  298  337  375  410  439  460  505                                   
    10.0-180.0 180.0   5.0 450.0                            LAT/LON1/LON2/DLON/H
  510  562  602  637  656  661  672  693  708  713  698  672  635  604  567  542
  514  493  476  458  455  457  475  490  505  498  483  441  391  337  297  270
  257  252  244  231  214  202  194  195  197  201  201  205  203  194  181  166
  153  140  130  118  114  106  109  107  107  105  110  120  139  160  187  213
  240  270  309  346  385  423  452  469  510                                   
     7.5-180.0 180.0   5.0 450.0                            LAT/LON1/LON2/DLON/H
  503  553  584  620  634  645  658  687  711  727  721  702  671  648  613  592
  562  547  527  516  513  517  530  537  539  517  483  419  354  296  257  240
