data/unet/pred3590.15i
     1.0            IONOSPHERE MAPS     GNSS                IONEX VERSION / TYPE
pyspatialgeodesy        IME             05-JAN-18 20:20     PGM / RUN BY / DATE 
Map Name                                                    COMMENT             
Predicted global ionosphere maps (GIM).                     DESCRIPTION         
  2015    12    25     0     0     0                        EPOCH OF FIRST MAP  
  2015    12    26     0     0     0                        EPOCH OF LAST MAP   
  7200                                                      INTERVAL            
    13                                                      # OF MAPS IN FILE   
  NONE                                                      MAPPING FUNCTION    
10.0                                                        ELEVATION CUTOFF    
One-way carrier phase leveled to code                       OBSERVABLES USED    
  6371.0                                                    BASE RADIUS         
 2                                                          MAP DIMENSION       
   450.0 450.0   0.0                                        HGT1 / HGT2 / DHGT  
    87.5 -87.5  -2.5                                        LAT1 / LAT2 / DLAT  
  -180.0 180.0   5.0                                        LON1 / LON2 / DLON  
    -1                                                      EXPONENT            
                                                            END OF HEADER       
[from data line 2574]
     7                                                      START OF TEC MAP    
  2015    12    25    12     0     0                        EPOCH OF CURRENT MAP
    87.5-180.0 180.0   5.0 450.0                            LAT/LON1/LON2/DLON/H
   55   61   56   58   55   55   54   54   54   53   54   52   53   50   51   48
   49   46   46   43   44   41   42   39   41   39   40   38   40   39   41   40
   42   41   42   41   44   42   44   43   45   43   46   44   47   45   47   45
   48   47   49   47   49   48   49   49   50   50   50   50   51   51   51   51
   52   52   52   53   52   48   59   54   55                                   
    85.0-180.0 180.0   5.0 450.0                            LAT/LON1/LON2/DLON/H
   68   66   56   53   55   53   55   54   55   53   54   53   54   52   53   51
   52   50   51   49   50   49   50   49   50   49   50   49   50   50   51   51
   52   52   52   53   53   53   54   53   54   54   54   53   55   53   54   53
   55   54   55   54   55   55   56   55   56   55   56   55   56   54   56   53
   55   53   55   51   55   55   61   57   68                                   
    82.5-180.0 180.0   5.0 450.0                            LAT/LON1/LON2/DLON/H
   63   59   50   50   46   48   45   49   45   48   44   46   42   45   40   43
   39   42   38   41   37   42   38   42   38   43   39   43   39   44   41   45
   41   46   43   47   43   47   43   48   43   47   42   46   41   45   41   44
   41   44   42   45   43   47   45   48   45   49   46   49   45   49   45   47
   43   46   42   44   42   40   39   35   63                                   
    80.0-180.0 180.0   5.0 450.0                            LAT/LON1/LON2/DLON/H
   58   44   45   42   43   41   44   41   43   40   42   39   40   36   38   35
   36   33   35   32   34   32   35   34   35   34   37   35   38   36   40   38
   41   40   43   41   43   42   42   42   41   40   40   39   39   37   39   38
   39   38   41   40   43   42   46   45   47   47   49   47   48   45   46   43
   43   40   41   38   40   34   35   32   58                                   
    77.5-180.0 180.0   5.0 450.0                            LAT/LON1/LON2/DLON/H
   52   43   38   38   37   39   38   40   37   38   35   35   32   32   29   31
   28   30   27   30   27   31   28   32   30   34   31   36   33   38   36   41
   38   44   42   46   43   46   42   44   40   41   37   37   33   35   33   34
   33   35   36   38   39   42   43   45   46   48   47   48   46   46   43   43
   39   38   35   34   33   30   32   24   52                                   
    75.0-180.0 180.0   5.0 450.0                            LAT/LON1/LON2/DLON/H
   49   38   41   37   38   38   38   37   36   34   33   31   29   28   27   26
   25   25   25   25   26   28   29   30   31   33   35   35   37   39   41   43
   44   48   49   51   50   52   50   50   45   45   40   39   35   35   34   34
   34   36   38   39   41   43   46   47   50   51   53   51   51   49   48   44
   42   38   38   34   36   31   35   30   49                                   
    72.5-180.0 180.0   5.0 450.0                            LAT/LON1/LON2/DLON/H
   50   44   42   41   41   41   41   40   38   37   34   32   30   28   26   24
   24   22   24   24   26   28   30   33   34   37   38   41   41   46   47   51
   52   59   58   62   60   62   58   58   52   50   44   42   38   37   36   36
   37   38   40   41   44   45   49   49   53   53   54   53   54   52   50   47
   45   42   40   36   37   33   36   29   50                                   
    70.0-180.0 180.0   5.0 450.0                            LAT/LON1/LON2/DLON/H
   52   45   49   44   45   44   45   42   40   37   35   33   31   28   26   24
   23   23   23   25   28   30   33   35   37   40   43   45   47   51   54   59
   62   69   70   75   73   76   70   68   60   58   51   48   43   42   40   41
   41   42   43   43   45   45   49   48   52   52   55   55   56   54   55   50
   49   45   44   41   41   37   40   39   52                                   
    67.5-180.0 180.0   5.0 450.0                            LAT/LON1/LON2/DLON/H
   54   51   51   48   49   47   48   46   44   42   40   38   34   31   29   27
   26   24   26   27   31   34   38   40   44   48   50   54   55   61   62   68
   70   79   81   85   84   86   80   77   69   65   58   53   49   47   46   45
   45   45   45   43   44   43   44   44   47   48   52   52   55   54   55   52
   51   48   47   42   43   39   43   38   54                                   
    65.0-180.0 180.0   5.0 450.0                            LAT/LON1/LON2/DLON/H
   54   51   54   49   51   49   51   48   47   44   43   40   37   34   30   28
   26   26   27   30   32   38   40   46   46   54   56   60   62   68   72   77
   81   88   92   98   96   98   91   89   79   77   67   66   57   58   53   55
   51   52   47   45   40   39   38   37   40   43   48   49   53   53   55   53
   53   50   49   47   45   41   43   46   54                                   
    62.5-180.0 180.0   5.0 450.0                            LAT/LON1/LON2/DLON/H
   53   51   50   47   49   47   48   47   47   46   45   44   41   38   35   32
   29   27   28   31   35   38   42   46   50   56   60   66   69   76   78   85
   87   96  100  106  105  106  100   97   88   84   78   74   69   67   63   63
   59   56   49   44   39   35   34   33   35   37   41   43   47   48   51   49
   50   47   47   43   44   40   44   42   53                                   
    60.0-180.0 180.0   5.0 450.0                            LAT/LON1/LON2/DLON/H
   50   45   48   43   45   45   46   45   45   44   44   43   41   38   35   30
   28   25   26   29   32   35   38   44   46   55   61   69   74   82   87   94
   98  106  110  116  114  116  109  108   98   98   88   89   80   82   73   74
   65   62   51   46   36   33   30   29   30   32   37   38   42   42   46   43
   46   43   46   43   43   40   40   44   50                                   
    57.5-180.0 180.0   5.0 450.0                            LAT/LON1/LON2/DLON/H
   48   44   42   39   40   40   40   40   40   40   41   41   40   38   35   32
   28   26   26   28   30   32   36   38   44   53   62   73   81   92   98  107
  109  117  119  124  124  125  122  119  115  109  105  101   97   94   89   85
   76   69   58   50   42   37   34   32   33   33   36   38   41   40   43   41
   43   41   41   39   40   36   38   40   48                                   
    55.0-180.0 180.0   5.0 450.0                            LAT/LON1/LON2/DLON/H
   45   39   40   36   37   37   37   35   35   34   35   36   36   34   33   28
   25   22   23   23   25   27   29   33   39   52   64   77   88  101  109  118
  120  127  129  133  133  135  133  134  127  128  120  121  112  112  101   97
   83   78   65   58   46   42   37   36   36   37   38   38   38   39   40   38
   40   40   42   40   41   38   39   40   45                                   
    52.5-180.0 180.0   5.0 450.0                            LAT/LON1/LON2/DLON/H
   46   43   39   37   38   36   36   34   32   30   31   32   33   32   31   28
   25   23   23   23   24   26   29   33   40   55   69   87  101  115  124  132
  133  137  137  139  141  142  145  144  144  142  139  137  133  128  120  110
   98   89   78   69   60   54   50   48   47   47   47   45   45   43   45   43
   44   44   44   43   43   37   41   43   46                                   
    50.0-180.0 180.0   5.0 450.0                            LAT/LON1/LON2/DLON/H
   50   45   45   41   44   40   41   35   33   29   29   30   30   29   29   26
   24   22   22   21   21   23   26   31   40   57   74   92  108  122  132  137
  138  140  141  143  146  150  151  156  154  158  152  154  146  145  132  125
  110  103   89   84   71   67   61   60   58   57   55   53   51   49   50   49
   51   51   52   51   49   45   47   47   50                                   
    47.5-180.0 180.0   5.0 450.0                            LAT/LON1/LON2/DLON/H
   57   54   49   49   50   48   46   41   36   31   29   29   30   29   28   26
   25   24   24   24   25   28   31   37   45   63   82  102  118  132  138  142
  139  141  140  143  147  151  158  162  166  167  167  165  163  157  149  137
  127  116  106   96   86   80   74   70   68   67   65   63   60   58   59   57
   59   59   60   58   57   51   53   56   57                                   
    45.0-180.0 180.0   5.0 450.0                            LAT/LON1/LON2/DLON/H
   64   60   59   57   62   58   59   50   46   37   35   33   32   31   30   28
   26   26   24   25   26   29   34   41   51   70   88  108  122  134  137  137
  137  138  140  145  150  158  163  172  173  179  174  178  171  168  158  150
  137  129  117  108   97   89   81   77   72   71   68   67   64   63   64   63
   65   66   68   67   64   60   62   64   64                                   
    42.5-180.0 180.0   5.0 450.0                            LAT/LON1/LON2/DLON/H
   70   68   63   65   68   68   66   60   54   47   43   40   38   35   34   32
   30   28   28   31   32   37   42   52   62   80   98  116  127  134  134  132
  130  133  137  143  152  159  169  174  181  181  184  182  182  175  170  157
  149  137  127  114  103   91   83   76   73   71   69   68   67   67   68   69
   71   72   73   71   70   64   66   70   70                                   
    40.0-180.0 180.0   5.0 450.0                            LAT/LON1/LON2/DLON/H
   73   70   69   68   75   74   76   68   65   57   54   50   47   43   40   38
   34   34   31   34   35   42   49   61   75   90  108  121  131  132  132  127
  130  133  143  152  163  171  179  186  190  193  191  193  188  187  178  170
  159  149  137  124  111   97   84   76   69   68   66   67   66   66   70   69
   72   73   75   73   71   69   70   71   73                                   
    37.5-180.0 180.0   5.0 450.0                            LAT/LON1/LON2/DLON/H
   70   67   65   67   73   74   75   72   70   65   64   59   57   52   49   45
   41   39   37   39   41   51   59   75   88  103  118  127  133  130  129  125
  130  138  150  162  174  181  191  194  200  200  201  197  197  194  191  180
  172  158  148  131  118  100   87   75   68   65   65   67   67   69   71   73
   73   75   75   72   69   65   65   71   70                                   
    35.0-180.0 180.0   5.0 450.0                            LAT/LON1/LON2/DLON/H
   66   61   60   58   67   66   72   69   72   68   70   67   66   62   59   55
   51   48   45   46   49   61   72   88  103  115  128  133  137  129  129  126
  137  147  165  178  195  202  209  212  213  215  211  211  207  209  203  197
  186  175  160  145  126  108   90   77   66   65   63   68   68   72   74   74
   74   74   74   69   67   65   64   63   66                                   
    32.5-180.0 180.0   5.0 450.0                            LAT/LON1/LON2/DLON/H
   58   52   49   49   52   55   58   61   64   66   70   71   72   70   66   64
   60   57   54   55   58   72   84  101  115  126  137  141  143  138  137  140
  150  166  185  205  220  230  231  230  230  226  225  221  222  220  219  212
  205  192  180  161  145  124  108   92   82   77   76   78   78   81   81   81
   79   78   77   70   65   60   56   59   58                                   
    30.0-180.0 180.0   5.0 450.0                            LAT/LON1/LON2/DLON/H
   60   48   44   36   45   40   49   48   57   57   65   67   72   70   71   69
   69   66   66   67   70   83   99  114  129  137  148  151  157  153  157  159
  175  193  216  238  254  262  257  258  252  249  241  242  240  243  239  239
  230  223  209  197  179  160  140  123  111  104  102  100  100   98   96   93
   90   84   82   75   69   63   58   54   60                                   
    27.5-180.0 180.0   5.0 450.0                            LAT/LON1/LON2/DLON/H
   61   50   40   33   33   32   36   40   46   50   58   63   69   71   74   74
   76   76   77   81   83   98  110  126  139  149  160  168  177  178  182  188
  207  227  257  277  289  296  288  287  279  271  265  260  259  262  262  261
  256  251  245  233  223  205  190  172  158  147  141  138  133  129  124  118
  113  105  100   89   81   70   61   56   61                                   
    25.0-180.0 180.0   5.0 450.0                            LAT/LON1/LON2/DLON/H
   75   58   47   37   37   28   34   31   43   42   53   55   64   65   72   74
   81   86   91   95  100  112  126  138  151  159  172  181  195  198  208  219
  243  274  296  316  317  323  309  314  301  301  286  290  283  293  290  297
  287  289  277  277  266  260  241  225  207  195  184  177  169  161  153  147
  137  132  122  115  100   91   79   70   75                                   
    22.5-180.0 180.0   5.0 450.0                            LAT/LON1/LON2/DLON/H
   83   75   62   52   43   35   33   34   39   42   49   53   61   63   71   77
   87   97  106  114  116  129  137  151  160  171  183  199  214  223  242  254
  291  319  340  354  353  349  338  338  329  324  311  310  305  312  314  322
  318  324  320  323  316  313  301  288  271  255  236  224  209  196  186  176
  170  161  152  139  129  112  104   85   83                                   
    20.0-180.0 180.0   5.0 450.0                            LAT/LON1/LON2/DLON/H
   99   91   84   67   60   45   45   36   44   40   53   51   61   59   69   77
   93  108  120  130  134  143  151  163  174  179  194  209  230  243  265  284
  314  340  351  374  365  370  353  357  343  343  328  332  327  338  338  352
  349  362  359  367  361  359  344  334  317  300  278  263  245  229  211  203
  191  186  175  169  154  144  131  115   99                                   
    17.5-180.0 180.0   5.0 450.0                            LAT/LON1/LON2/DLON/H
  115  114  103   91   77   65   60   52   51   49   57   61   67   66   71   82
   99  119  137  148  151  160  165  179  185  194  208  224  250  262  289  310
  340  355  375  385  392  386  381  376  372  362  353  349  345  350  354  365
  367  380  385  396  392  391  379  365  347  333  310  297  276  256  235  222
  213  203  196  186  177  163  158  134  115                                   
    15.0-180.0 180.0   5.0 450.0                            LAT/LON1/LON2/DLON/H
  136  133  124  111  102   90   86   75   72   65   71   72   76   73   77   86
  107  131  152  163  166  175  185  194  201  205  222  240  265  287  306  331
  346  369  379  401  402  404  395  392  386  381  371  368  364  371  373  386
  388  405  412  423  419  415  398  382  354  336  314  299  279  259  237  226
  216  210  201  198  190  190  181  167  136                                   
    12.5-180.0 180.0   5.0 450.0                            LAT/LON1/LON2/DLON/H
  150  150  142  131  120  110  104   94   90   85   90   92   95   89   89   95
  113  139  161  174  179  193  200  209  213  221  238  255  282  298  327  341
  362  371  398  405  423  417  418  409  407  394  390  383  380  382  385  394
  399  412  423  432  429  422  402  381  350  333  307  294  274  256  237  224
  214  207  202  198  194  194  190  172  150                                   
    10.0-180.0 180.0   5.0 450.0                            LAT/LON1/LON2/DLON/H
  157  154  148  144  137  130  123  115  109  105  109  108  109   98   97   99
  118  145  166  181  192  205  214  219  227  237  254  274  296  320  340  358
  365  385  402  413  425  425  426  418  415  406  399  396  392  396  399  408
  413  427  435  440  432  418  388  361  321  302  276  265  249  233  219  210
  201  197  192  193  190  196  189  185  157                                   
     7.5-180.0 180.0   5.0 450.0                            LAT/LON1/LON2/DLON/H
  156  153  147  143  139  134  129  122  118  116  125  127  124  112  108  107
  121  145  168  189  201  216  224  233  241  254  269  289  310  335  355  367
