data/unet/pred2960.15i
     1.0            IONOSPHERE MAPS     GNSS                IONEX VERSION / TYPE
pyspatialgeodesy        IME             05-JAN-18 20:20     PGM / RUN BY / DATE 
Map Name                                                    COMMENT             
Predicted global ionosphere maps (GIM).                     DESCRIPTION         
  2015    10    23     0     0     0                        EPOCH OF FIRST MAP  
  2015    10    24     0     0     0                        EPOCH OF LAST MAP   
  7200                                                      INTERVAL            
    13                                                      # OF MAPS IN FILE   
  NONE                                                      MAPPING FUNCTION    
10.0                                                        ELEVATION CUTOFF    
One-way carrier phase leveled to code                       OBSERVABLES USED    
  6371.0                                                    BASE RADIUS         
 2                                                          MAP DIMENSION       
   450.0 450.0   0.0                                        HGT1 / HGT2 / DHGT  
    87.5 -87.5  -2.5                                        LAT1 / LAT2 / DLAT  
  -180.0 180.0   5.0                                        LON1 / LON2 / DLON  
    -1                                                      EXPONENT            
                                                            END OF HEADER       
[from data line 1287]
     4                                                      START OF TEC MAP    
  2015    10    23     6     0     0                        EPOCH OF CURRENT MAP
    87.5-180.0 180.0   5.0 450.0                            LAT/LON1/LON2/DLON/H
   43   84   79   78   77   77   78   79   80   82   82   85   84   88   87   90
   88   91   89   92   89   93   90   93   90   94   90   94   89   95   90   95
   90   96   92   97   93   97   95   97   96   97   98   97   98   97   99   98
  100   99  100   99  100   98   99   96   97   94   94   91   91   87   87   84
   84   81   82   80   85   81   97   50   43                                   
    85.0-180.0 180.0   5.0 450.0                            LAT/LON1/LON2/DLON/H
   76   82   77   79   77   75   76   78   78   81   80   84   83   86   85   88
   86   88   87   89   86   88   85   87   84   86   83   85   81   85   82   85
   82   85   84   87   86   89   89   92   92   94   94   96   95   98   98  101
  100  103  104  105  105  106  106  106  106  104  104  101  101   98   98   93
   95   90   92   87   89   80   98   70   76                                   
    82.5-180.0 180.0   5.0 450.0                            LAT/LON1/LON2/DLON/H
   69   78   74   70   72   66   73   71   77   75   82   80   86   84   89   86
   90   86   89   84   86   81   83   78   80   75   78   73   77   72   77   73
   78   75   81   80   85   86   91   91   96   96  100  100  103  104  107  108
  111  112  115  116  117  116  117  115  116  112  112  107  108  101  102   95
   98   90   93   84   87   76   94   59   69                                   
    80.0-180.0 180.0   5.0 450.0                            LAT/LON1/LON2/DLON/H
   69   76   67   64   57   60   58   64   64   70   71   76   77   80   82   82
   83   82   82   80   77   76   73   72   68   68   65   67   64   67   67   69
   69   72   75   75   81   82   88   90   94   97   99  103  107  111  116  120
  124  127  131  133  135  135  138  136  135  132  128  123  118  115  109  107
  101   99   94   93   87   79   84   56   69                                   
    77.5-180.0 180.0   5.0 450.0                            LAT/LON1/LON2/DLON/H
   70   73   66   60   59   57   57   60   62   67   70   75   76   80   80   82
   80   80   77   75   71   68   65   63   60   60   58   59   58   61   61   65
   65   69   69   75   74   80   80   87   88   94   98  109  112  124  129  138
  142  149  152  159  158  163  161  163  158  157  149  146  139  135  126  121
  114  111  106  103   97   87   93   59   70                                   
    75.0-180.0 180.0   5.0 450.0                            LAT/LON1/LON2/DLON/H
   73   78   68   62   53   55   51   57   55   63   63   70   71   76   76   77
   75   76   72   72   66   65   60   60   56   55   55   54   56   56   59   58
   63   62   67   66   71   71   77   80   84   90   98  110  118  130  139  150
  157  166  172  179  181  186  187  187  184  179  171  163  156  151  143  138
  130  125  118  115  108   99  102   69   73                                   
    72.5-180.0 180.0   5.0 450.0                            LAT/LON1/LON2/DLON/H
   85   82   75   63   59   53   54   52   55   56   61   64   68   70   74   73
   74   71   71   67   65   61   59   57   55   54   53   54   54   57   57   60
   60   63   63   67   66   71   72   78   80   90   98  112  123  137  149  161
  170  181  189  197  202  207  208  210  207  204  197  190  180  171  160  154
  147  142  135  131  124  114  113   83   85                                   
    70.0-180.0 180.0   5.0 450.0                            LAT/LON1/LON2/DLON/H
   93   94   79   68   58   55   51   52   51   54   56   59   62   64   67   66
   66   65   63   62   58   58   56   55   54   54   53   53   53   53   56   55
   58   57   60   59   62   62   67   70   78   86  100  111  126  140  157  170
  181  193  203  213  221  227  230  229  227  221  214  205  199  188  178  167
  162  156  152  147  141  129  125  102   93                                   
    67.5-180.0 180.0   5.0 450.0                            LAT/LON1/LON2/DLON/H
  110  104   88   73   67   57   57   53   56   54   58   57   60   61   63   63
   62   62   60   59   57   57   55   56   54   55   54   56   54   56   54   56
   54   56   53   55   54   58   60   67   75   89  103  117  131  148  165  179
  193  205  218  228  237  243  245  245  240  233  223  213  205  196  186  178
  169  164  161  158  153  143  137  113  110                                   
    65.0-180.0 180.0   5.0 450.0                            LAT/LON1/LON2/DLON/H
  114  110   89   76   67   60   59   57   58   57   59   57   59   59   60   60
   59   59   59   58   58   59   59   60   60   60   60   59   59   56   56   53
   52   51   49   50   50   53   56   65   76   91  107  122  139  155  174  189
  204  217  231  241  252  256  260  257  254  244  233  221  213  201  192  181
  175  168  165  161  157  148  142  128  114                                   
    62.5-180.0 180.0   5.0 450.0                            LAT/LON1/LON2/DLON/H
  126  113   93   78   70   62   62   59   62   58   61   57   58   57   57   57
   57   57   57   57   57   58   58   60   60   62   62   62   59   57   53   52
   48   47   45   47   47   52   57   69   82   99  115  132  147  165  181  198
  212  227  241  252  263  267  270  267  263  254  241  228  219  207  194  185
  174  168  163  161  158  151  145  130  126                                   
    60.0-180.0 180.0   5.0 450.0                            LAT/LON1/LON2/DLON/H
  121  111   87   76   66   61   59   59   61   60   60   58   57   58   57   58
   59   59   59   59   59   59   60   62   63   66   64   64   60   58   53   51
   46   45   42   45   48   53   60   74   89  106  123  139  157  174  193  209
  225  238  254  264  275  280  283  280  275  265  251  238  229  217  205  192
  182  171  165  160  156  148  143  135  121                                   
    57.5-180.0 180.0   5.0 450.0                            LAT/LON1/LON2/DLON/H
  129  109   89   75   68   61   61   58   62   58   60   55   56   55   55   57
   56   57   55   54   53   53   53   56   59   61   62   60   58   54   50   46
   43   42   43   48   54   61   70   87  102  119  136  151  170  186  205  220
  236  250  266  276  288  292  295  291  287  275  263  252  243  233  220  208
  193  180  168  162  154  147  142  131  129                                   
    55.0-180.0 180.0   5.0 450.0                            LAT/LON1/LON2/DLON/H
  128  113   87   79   67   64   61   61   60   59   58   56   55   56   57   59
   60   58   58   54   53   52   51   56   57   62   60   61   54   52   45   45
   41   43   46   53   59   67   79   97  112  129  146  163  181  200  218  235
  251  265  280  294  304  310  311  309  302  293  278  268  260  251  241  227
  212  196  182  168  160  151  146  138  128                                   
    52.5-180.0 180.0   5.0 450.0                            LAT/LON1/LON2/DLON/H
  142  116   98   83   76   69   66   62   62   57   57   53   53   53   55   56
   56   55   51   49   46   46   46   50   55   59   61   60   56   51   46   45
   43   46   52   62   71   83   96  114  129  145  161  179  199  216  236  250
  267  281  298  310  323  327  330  324  321  308  297  287  282  273  263  250
  234  216  200  183  171  160  156  141  142                                   
    50.0-180.0 180.0   5.0 450.0                            LAT/LON1/LON2/DLON/H
  149  132  109   98   85   83   74   73   66   64   58   56   54   55   57   58
   60   57   56   51   49   49   49   55   59   66   65   66   59   56   50   49
   48   51   59   70   82   96  109  126  141  156  174  193  215  233  250  266
  282  298  313  329  338  344  343  341  335  326  313  305  298  290  279  267
  255  239  224  203  188  173  170  157  149                                   
    47.5-180.0 180.0   5.0 450.0                            LAT/LON1/LON2/DLON/H
  166  142  127  109  101   93   86   80   75   67   65   58   58   55   57   56
   57   55   52   49   46   47   50   57   64   70   72   71   66   61   56   54
   55   61   71   84   98  113  127  142  156  172  190  210  233  250  268  281
  297  310  327  339  349  351  351  346  342  331  321  312  308  298  289  279
  266  253  239  224  208  191  184  166  166                                   
    45.0-180.0 180.0   5.0 450.0                            LAT/LON1/LON2/DLON/H
  175  161  144  130  118  114  103   98   86   80   74   68   65   62   62   61
   62   60   59   57   56   58   62   70   76   82   82   81   75   70   65   63
   63   69   80   93  107  124  138  154  170  186  206  228  249  266  281  295
  308  323  336  348  352  356  354  351  345  336  323  316  308  300  287  278
  266  257  247  235  223  207  200  185  175                                   
    42.5-180.0 180.0   5.0 450.0                            LAT/LON1/LON2/DLON/H
  183  168  153  140  131  125  114  107   96   88   83   76   74   68   68   65
   64   64   61   62   61   66   72   80   86   90   91   87   81   75   70   67
   68   73   87   99  116  134  151  168  184  203  223  247  266  282  297  309
  320  333  345  351  356  355  355  349  344  331  321  311  306  297  283  275
  260  254  246  239  230  216  206  192  183                                   
    40.0-180.0 180.0   5.0 450.0                            LAT/LON1/LON2/DLON/H
  181  171  158  146  138  134  124  118  107  100   94   87   85   78   78   74
   75   75   75   76   81   83   91   95   99  101   98   93   86   81   75   74
   70   78   86  102  118  142  159  178  196  220  241  263  279  295  308  320
  331  342  350  358  360  363  360  358  352  343  327  318  306  296  277  267
  253  247  239  234  227  211  210  197  181                                   
    37.5-180.0 180.0   5.0 450.0                            LAT/LON1/LON2/DLON/H
  172  165  146  141  134  132  122  118  106  103   97   94   93   88   87   83
   84   85   86   90   94   99  103  105  106  104  101   93   88   80   77   69
   71   72   85  101  124  148  169  190  210  236  257  277  293  309  321  332
  342  350  359  364  369  371  375  373  373  362  350  337  323  309  287  273
  255  249  240  234  223  208  200  190  172                                   
    35.0-180.0 180.0   5.0 450.0                            LAT/LON1/LON2/DLON/H
  161  149  131  124  121  118  115  111  104  102  101  100  100   97   99   95
  100   99  106  107  114  115  118  115  114  109  103   97   90   86   80   77
   72   77   85  103  127  153  178  199  224  249  270  288  304  320  333  342
  352  360  370  379  385  394  398  405  406  402  391  377  358  336  307  289
  268  258  248  236  222  205  201  187  161                                   
    32.5-180.0 180.0   5.0 450.0                            LAT/LON1/LON2/DLON/H
  157  147  122  115  108  108  102  101   94   94   94   97  100  101  104  103
  109  112  116  121  122  124  121  118  113  108  103   96   92   86   84   76
   77   79   89  108  133  164  190  213  238  261  282  297  315  328  341  351
  363  373  387  400  412  426  436  448  453  454  448  433  414  389  359  334
  309  297  276  260  239  218  203  189  157                                   
    30.0-180.0 180.0   5.0 450.0                            LAT/LON1/LON2/DLON/H
  162  143  117  108   98   95   89   89   85   87   89   94   99  103  109  111
  119  121  127  127  131  128  125  120  118  113  109  104   99   94   89   85
   83   86   97  112  139  167  197  216  247  266  289  302  322  333  350  361
  380  392  411  429  451  470  487  505  515  521  514  499  480  456  429  401
  375  352  326  301  270  245  224  209  162                                   
    27.5-180.0 180.0   5.0 450.0                            LAT/LON1/LON2/DLON/H
  195  164  138  119  107   95   90   82   81   80   84   87   94  100  108  112
  119  122  125  126  125  123  118  118  117  116  114  110  108  103  101   95
   92   95  101  119  144  177  205  226  249  270  293  306  328  340  362  375
  398  413  438  463  489  515  539  569  586  602  596  581  560  534  509  485
  457  431  398  360  322  288  261  242  195                                   
    25.0-180.0 180.0   5.0 450.0                            LAT/LON1/LON2/DLON/H
  247  199  167  145  122  112   98   93   85   88   85   89   91  100  108  113
  121  120  124  121  122  118  120  121  127  129  129  126  121  120  116  111
  106  105  113  125  148  172  203  221  243  262  290  308  333  350  374  394
  421  449  484  517  551  583  614  639  656  671  669  664  649  629  602  574
  548  515  483  438  394  352  314  297  247                                   
    22.5-180.0 180.0   5.0 450.0                            LAT/LON1/LON2/DLON/H
  317  251  219  184  160  141  127  114  107  100   96   94   95  100  106  110
  114  112  111  109  107  110  115  126  135  142  144  142  142  137  136  132
  123  121  120  131  150  171  201  221  242  256  286  312  343  366  392  419
  453  490  533  572  615  644  670  697  717  729  730  723  712  699  684  662
  634  600  561  514  471  423  378  364  317                                   
    20.0-180.0 180.0   5.0 450.0                            LAT/LON1/LON2/DLON/H
  389  322  285  250  215  196  174  160  143  132  119  113  107  109  110  110
  113  106  106  100  104  110  125  139  155  165  171  173  160  158  144  144
  125  127  127  132  146  161  189  216  237  259  288  320  355  382  413  445
  488  531  580  623  653  680  704  727  745  757  758  755  747  739  723  708
  695  665  629  580  538  490  457  433  389                                   
    17.5-180.0 180.0   5.0 450.0                            LAT/LON1/LON2/DLON/H
  459  407  371  331  294  264  231  211  191  174  154  140  128  123  118  114
  108  101   97   95  101  113  132  153  177  193  200  188  171  162  143  142
  121  124  115  127  138  153  180  207  235  261  293  330  364  396  431  467
  515  561  610  653  676  696  713  730  744  756  762  761  764  760  751  738
  729  710  683  640  603  559  532  506  459                                   
    15.0-180.0 180.0   5.0 450.0                            LAT/LON1/LON2/DLON/H
  520  485  455  424  383  349  308  287  252  229  203  184  162  152  139  129
  118  107  103  101  112  125  149  178  208  229  223  212  184  170  145  144
  126  121  117  118  129  141  169  204  231  265  298  336  376  408  448  485
  536  578  624  652  673  686  697  707  720  731  741  747  753  754  748  743
  731  721  704  670  644  609  594  568  520                                   
    12.5-180.0 180.0   5.0 450.0                            LAT/LON1/LON2/DLON/H
  578  557  541  509  477  440  394  358  325  294  256  225  201  186  169  148
  132  115  113  113  126  142  175  207  233  245  235  215  178  161  134  135
  115  115  108  116  125  139  167  194  233  266  308  344  382  417  456  498
  543  582  614  640  657  666  666  673  681  694  706  720  731  736  734  733
  725  716  709  687  672  647  646  616  578                                   
    10.0-180.0 180.0   5.0 450.0                            LAT/LON1/LON2/DLON/H
  615  611  594  574  542  510  462  422  374  349  309  281  247  229  207  191
  162  150  136  146  155  179  204  239  257  265  245  218  180  159  140  127
  117  104  106  108  117  134  158  196  229  266  307  343  385  421  464  503
  547  576  604  624  637  639  639  641  653  664  679  690  709  715  716  715
  706  700  694  682  675  660  662  642  615                                   
     7.5-180.0 180.0   5.0 450.0                            LAT/LON1/LON2/DLON/H
  642  645  639  617  594  556  517  472  429  394  357  328  293  271  250  227
  205  184  172  168  181  196  223  250  264  265  241  210  172  155  134  122
