data/unet/pred0710.15i
     1.0            IONOSPHERE MAPS     GNSS                IONEX VERSION / TYPE
pyspatialgeodesy        IME             05-JAN-18 20:20     PGM / RUN BY / DATE 
Map Name                                                    COMMENT             
Predicted global ionosphere maps (GIM).                     DESCRIPTION         
  2015     3    12     0     0     0                        EPOCH OF FIRST MAP  
  2015     3    13     0     0     0                        EPOCH OF LAST MAP   
  7200                                                      INTERVAL            
    13                                                      # OF MAPS IN FILE   
  NONE                                                      MAPPING FUNCTION    
10.0                                                        ELEVATION CUTOFF    
One-way carrier phase leveled to code                       OBSERVABLES USED    
  6371.0                                                    BASE RADIUS         
 2                                                          MAP DIMENSION       
   450.0 450.0   0.0                                        HGT1 / HGT2 / DHGT  
    87.5 -87.5  -2.5                                        LAT1 / LAT2 / DLAT  
  -180.0 180.0   5.0                                        LON1 / LON2 / DLON  
    -1                                                      EXPONENT            
                                                            END OF HEADER       
[from data line 1716]
     5                                                      START OF TEC MAP    
  2015     3    12     8     0     0                        EPOCH OF CURRENT MAP
    87.5-180.0 180.0   5.0 450.0                            LAT/LON1/LON2/DLON/H
   92  105  108  105  105  106  109  110  117  119  128  129  138  140  147  146
  151  150  153  150  152  148  151  145  148  143  147  143  148  146  151  149
  153  152  158  156  162  160  165  164  167  166  168  165  167  164  163  159
  158  154  151  147  145  141  139  136  136  132  130  127  127  125  122  121
  119  118  115  116  115  112  114   96   92                                   
    85.0-180.0 180.0   5.0 450.0                            LAT/LON1/LON2/DLON/H
   85   94   89   94   93   97  101  108  112  119  123  130  134  142  144  148
  150  153  153  154  154  154  153  153  152  153  152  153  153  155  155  157
  158  161  162  165  167  170  171  174  175  177  176  177  175  175  171  170
  166  164  159  157  153  151  146  144  140  136  130  128  124  121  116  113
  110  107  103  102  103   94   99   85   85                                   
    82.5-180.0 180.0   5.0 450.0                            LAT/LON1/LON2/DLON/H
   69   75   70   72   75   80   87   94  100  108  114  123  129  137  140  145
  147  150  150  152  151  152  151  150  149  148  147  146  146  147  149  152
  155  159  163  168  173  177  181  184  187  190  192  193  194  193  192  188
  187  181  178  173  171  166  162  157  152  146  138  132  126  119  113  107
  102   94   90   85   85   74   75   73   69                                   
    80.0-180.0 180.0   5.0 450.0                            LAT/LON1/LON2/DLON/H
   62   61   59   58   61   69   76   85   93  100  109  116  126  130  137  139
  142  142  143  141  141  139  138  134  132  129  129  127  128  130  133  138
  143  150  157  164  173  179  186  191  198  200  205  207  212  212  214  214
  213  212  208  207  203  197  189  184  177  168  159  150  143  133  126  116
  109   98   91   84   79   65   61   64   62                                   
    77.5-180.0 180.0   5.0 450.0                            LAT/LON1/LON2/DLON/H
   56   60   54   51   55   59   69   76   87   94  105  112  123  126  133  133
  136  134  134  130  128  123  121  115  113  108  108  105  108  108  114  119
  128  137  147  158  167  178  186  196  202  210  215  221  229  232  239  240
  243  242  243  241  240  235  232  224  219  206  196  183  175  160  152  139
  130  117  106   94   86   72   66   62   56                                   
    75.0-180.0 180.0   5.0 450.0                            LAT/LON1/LON2/DLON/H
   67   61   53   51   53   57   66   74   83   91  101  106  116  117  122  121
  123  120  120  114  112  106  103   97   94   89   89   87   89   92   97  106
  114  126  137  150  162  173  184  194  204  212  221  228  235  243  250  258
  260  264  265  265  265  263  260  256  252  243  232  221  208  197  185  173
  159  145  131  116  105   86   82   76   67                                   
    72.5-180.0 180.0   5.0 450.0                            LAT/LON1/LON2/DLON/H
   79   70   60   57   59   58   67   70   82   85   96   98  106  107  110  110
  110  108  106  101   98   92   89   82   79   73   72   68   73   72   82   87
  101  109  125  136  152  164  178  190  202  212  223  232  246  255  268  272
  280  281  287  285  289  285  286  280  280  271  265  252  244  229  219  203
  193  177  162  143  130  112  105   95   79                                   
    70.0-180.0 180.0   5.0 450.0                            LAT/LON1/LON2/DLON/H
   94   76   67   65   62   62   68   73   79   84   91   94  100  100  103  100
  102   99   99   95   92   88   85   80   76   72   70   68   71   72   79   87
   98  111  124  138  153  167  179  193  204  216  228  238  252  261  276  282
  291  291  298  297  301  299  301  297  296  287  278  270  260  252  240  230
  216  203  187  171  155  132  122  112   94                                   
    67.5-180.0 180.0   5.0 450.0                            LAT/LON1/LON2/DLON/H
  104   84   74   66   64   60   66   67   76   77   86   86   92   91   94   93
   94   93   93   90   89   85   83   79   75   71   70   68   69   70   78   83
   96  104  121  132  148  158  175  185  201  211  228  239  256  266  283  288
  299  300  306  305  308  305  306  301  299  291  282  274  267  258  249  236
  226  210  200  182  170  147  138  124  104                                   
    65.0-180.0 180.0   5.0 450.0                            LAT/LON1/LON2/DLON/H
  109   87   75   67   61   59   62   65   71   75   80   84   87   87   89   89
   90   90   90   91   89   87   84   81   78   74   71   70   71   73   79   87
   99  112  126  140  153  166  178  193  204  217  231  246  262  274  290  296
  305  306  311  309  310  305  303  300  295  288  276  271  260  256  244  236
  224  213  201  187  174  154  142  131  109                                   
    62.5-180.0 180.0   5.0 450.0                            LAT/LON1/LON2/DLON/H
  111   90   77   65   59   52   56   57   65   67   74   76   81   81   83   85
   86   87   88   88   87   84   83   80   77   74   71   70   70   72   78   86
  100  112  129  140  156  165  180  190  206  217  235  248  267  281  296  303
  311  313  317  314  314  306  302  295  291  284  275  269  263  256  248  234
  224  207  197  180  170  149  143  127  111                                   
    60.0-180.0 180.0   5.0 450.0                            LAT/LON1/LON2/DLON/H
  109   91   76   63   54   48   48   52   56   62   66   72   75   77   77   81
   81   84   84   86   84   82   80   78   75   72   69   68   66   70   74   87
   99  116  132  149  162  174  187  201  214  227  244  259  277  291  306  312
  321  322  325  321  319  311  306  300  293  285  273  270  261  255  244  232
  219  205  190  176  165  145  138  127  109                                   
    57.5-180.0 180.0   5.0 450.0                            LAT/LON1/LON2/DLON/H
  113  101   84   70   60   49   49   49   54   57   63   67   71   71   73   74
   76   78   78   78   78   74   74   71   70   67   64   63   61   65   69   81
   96  113  133  151  167  178  193  205  221  234  250  265  283  299  311  320
  326  330  332  330  327  320  316  308  305  294  289  281  277  268  257  240
  227  205  193  172  162  141  138  124  113                                   
    55.0-180.0 180.0   5.0 450.0                            LAT/LON1/LON2/DLON/H
  123  113   96   80   66   55   49   49   50   55   57   63   65   68   68   71
   72   74   73   74   72   71   68   68   64   64   60   59   57   61   67   82
   98  120  140  162  177  190  204  218  232  246  264  280  300  312  326  333
  340  343  346  344  341  336  331  326  323  314  307  299  291  282  270  252
  237  216  199  183  170  151  144  135  123                                   
    52.5-180.0 180.0   5.0 450.0                            LAT/LON1/LON2/DLON/H
  141  136  119  103   88   71   63   57   56   56   58   61   63   65   65   66
   68   68   68   67   66   65   63   63   62   61   59   58   56   60   67   82
  100  122  147  171  189  205  217  231  245  262  277  295  312  327  337  346
  353  357  359  359  356  352  348  343  343  334  331  319  313  299  288  268
  253  230  215  194  184  164  159  144  141                                   
    50.0-180.0 180.0   5.0 450.0                            LAT/LON1/LON2/DLON/H
  164  157  141  127  111   94   81   70   64   62   61   63   65   65   66   67
   68   69   68   69   67   66   65   66   65   65   62   61   59   64   70   87
  105  132  157  183  202  217  233  246  264  278  298  313  335  345  360  365
  375  377  381  377  372  367  362  359  358  352  346  338  329  317  306  289
  271  251  233  217  205  187  175  164  164                                   
    47.5-180.0 180.0   5.0 450.0                            LAT/LON1/LON2/DLON/H
  183  179  164  152  140  121  106   89   80   73   70   68   69   69   70   70
   72   71   72   72   71   71   70   70   70   70   68   66   65   68   74   91
  111  140  167  195  216  232  246  263  278  297  314  334  350  363  374  382
  388  391  392  389  383  375  368  363  362  354  351  340  335  321  312  296
  283  261  247  228  220  203  194  177  183                                   
    45.0-180.0 180.0   5.0 450.0                            LAT/LON1/LON2/DLON/H
  193  189  175  166  156  142  127  111   98   87   82   79   79   79   79   79
   80   81   82   83   84   84   84   84   84   82   80   77   75   75   80   95
  116  146  176  202  225  241  262  275  296  311  335  351  372  380  394  399
  407  405  406  400  392  381  371  365  361  353  344  335  326  320  311  301
  288  273  258  243  229  213  200  185  193                                   
    42.5-180.0 180.0   5.0 450.0                            LAT/LON1/LON2/DLON/H
  190  186  177  172  168  157  146  130  118  103   96   91   92   90   92   91
   93   93   96   98   99  100   99   98   96   94   91   87   81   81   83   98
  118  150  181  211  235  253  273  290  309  329  348  368  385  396  405  412
  415  416  414  409  399  388  376  367  361  348  338  325  318  309  305  294
  286  271  258  239  227  209  197  181  190                                   
    40.0-180.0 180.0   5.0 450.0                            LAT/LON1/LON2/DLON/H
  167  168  157  159  159  157  152  140  130  118  110  106  107  107  107  106
  108  109  112  116  119  119  118  114  110  106  100   93   86   80   81   91
  113  144  174  205  234  257  282  299  325  342  369  384  404  414  424  428
  433  430  432  424  417  404  391  381  371  357  344  330  316  309  300  293
  282  269  255  238  219  197  182  162  167                                   
    37.5-180.0 180.0   5.0 450.0                            LAT/LON1/LON2/DLON/H
  147  143  137  140  147  147  150  144  138  127  122  117  120  119  123  120
  124  123  130  130  136  132  131  123  120  111  103   93   82   76   74   82
  101  127  164  195  233  261  289  312  337  358  382  400  420  429  439  442
  447  448  451  451  447  439  427  417  406  392  374  358  340  325  314  301
  289  273  256  232  211  182  170  142  147                                   
    35.0-180.0 180.0   5.0 450.0                            LAT/LON1/LON2/DLON/H
  123  121  106  113  121  127  134  135  136  130  128  129  132  135  137  137
  138  140  143  146  148  145  141  134  128  117  105   91   79   67   66   72
   92  117  152  183  221  258  294  321  349  372  397  416  437  447  457  460
  468  471  481  485  488  484  480  474  468  451  432  407  384  366  342  327
  309  291  270  245  219  188  163  130  123                                   
    32.5-180.0 180.0   5.0 450.0                            LAT/LON1/LON2/DLON/H
  128  105  101  102  107  113  122  126  129  127  129  130  137  140  143  143
  146  145  150  149  153  149  146  138  130  117  103   88   75   65   65   71
   91  115  148  181  216  255  296  330  359  385  409  434  457  470  484  490
  503  510  527  540  553  560  567  576  577  560  539  514  487  452  421  390
  361  333  306  278  246  208  179  135  128                                   
    30.0-180.0 180.0   5.0 450.0                            LAT/LON1/LON2/DLON/H
  141  115  100   97  100  103  108  114  119  119  124  130  138  145  146  150
  150  152  153  154  155  153  150  142  134  118  104   87   77   64   67   73
   97  121  152  187  223  262  297  338  368  399  425  450  478  493  515  526
  549  566  597  619  645  649  658  663  665  657  642  627  600  576  532  497
  448  421  381  344  302  264  215  176  141                                   
    27.5-180.0 180.0   5.0 450.0                            LAT/LON1/LON2/DLON/H
  195  151  135  113  111  110  115  115  119  117  122  126  134  140  144  145
  147  147  149  148  151  150  149  144  137  122  107   94   86   77   81   82
  105  129  164  204  236  274  307  344  376  410  437  465  492  515  544  568
  598  625  670  694  720  735  754  769  788  792  786  770  740  708  664  623
  575  530  476  425  384  345  291  249  195                                   
    25.0-180.0 180.0   5.0 450.0                            LAT/LON1/LON2/DLON/H
  277  244  203  166  140  127  127  122  126  120  124  126  132  137  139  143
  144  146  145  145  147  149  151  150  145  129  114   99   91   86   76   78
   98  132  170  222  258  294  321  357  388  423  452  479  510  533  579  604
  647  680  728  754  783  803  828  857  885  906  908  903  876  847  797  749
  690  644  594  552  497  451  395  349  277                                   
    22.5-180.0 180.0   5.0 450.0                            LAT/LON1/LON2/DLON/H
  400  352  307  247  208  177  156  146  139  130  129  130  138  137  136  136
  138  138  138  137  141  145  155  156  153  139  117  102   83   71   67   80
  103  142  180  238  274  303  338  367  400  437  460  493  525  562  604  640
  681  724  762  791  818  838  865  901  940  967  983  985  974  948  906  858
  800  753  698  650  602  567  506  465  400                                   
    20.0-180.0 180.0   5.0 450.0                            LAT/LON1/LON2/DLON/H
  494  460  386  333  290  244  207  186  171  155  148  145  145  144  140  138
  136  136  134  136  141  149  160  164  161  144  113   94   69   64   63   81
  117  149  210  255  292  323  357  384  418  448  474  507  550  589  634  665
  708  746  781  806  829  846  867  902  939  973  996 1010 1008  997  966  929
  881  836  789  737  692  649  605  550  494                                   
    17.5-180.0 180.0   5.0 450.0                            LAT/LON1/LON2/DLON/H
  577  564  500  426  364  327  279  247  222  202  181  173  165  157  149  142
  142  141  140  140  145  153  167  170  165  139  109   83   66   63   67   98
  127  178  234  264  298  329  366  393  423  455  482  524  570  614  653  687
  718  751  778  797  811  823  835  861  893  927  955  972  987  984  974  943
  915  876  841  794  756  716  671  633  577                                   
    15.0-180.0 180.0   5.0 450.0                            LAT/LON1/LON2/DLON/H
  619  608  572  509  437  385  344  322  284  255  226  210  193  184  168  157
  149  151  152  154  158  165  174  173  153  130   99   84   68   67   84  107
  155  204  247  270  305  339  372  403  435  464  493  544  593  632  671  694
  725  743  759  770  773  779  782  801  824  849  881  904  928  937  937  922
  898  874  844  808  777  739  702  666  619                                   
    12.5-180.0 180.0   5.0 450.0                            LAT/LON1/LON2/DLON/H
  633  626  597  567  503  442  400  373  357  322  281  255  233  218  199  182
  171  166  168  167  170  166  168  157  144  120  104   89   84   86  105  138
  177  211  248  273  308  342  374  403  433  460  495  551  607  648  678  701
  715  718  724  723  720  721  719  733  743  764  787  817  846  863  873  868
  859  842  822  787  763  725  693  665  633                                   
    10.0-180.0 180.0   5.0 450.0                            LAT/LON1/LON2/DLON/H
  622  622  594  580  526  479  437  421  395  371  340  307  274  250  231  211
  197  191  187  186  178  175  163  156  136  129  109  103  105  105  124  141
  183  216  249  277  309  343  374  400  435  463  503  564  617  652  680  692
  700  691  686  683  681  678  673  674  679  688  713  741  772  794  807  811
  808  801  786  760  734  702  670  635  622                                   
     7.5-180.0 180.0   5.0 450.0                            LAT/LON1/LON2/DLON/H
  603  605  584  577  538  497  470  450  436  405  379  357  321  290  264  243
  225  220  209  200  184  170  158  150  145  135  132  123  121  113  126  145
