data/unet/pred2310.15i
     1.0            IONOSPHERE MAPS     GNSS                IONEX VERSION / TYPE
pyspatialgeodesy        IME             05-JAN-18 20:20     PGM / RUN BY / DATE 
Map Name                                                    COMMENT             
Predicted global ionosphere maps (GIM).                     DESCRIPTION         
  2015     8    19     0     0     0                        EPOCH OF FIRST MAP  
  2015     8    20     0     0     0                        EPOCH OF LAST MAP   
  7200                                                      INTERVAL            
    13                                                      # OF MAPS IN FILE   
  NONE                                                      MAPPING FUNCTION    
10.0                                                        ELEVATION CUTOFF    
One-way carrier phase leveled to code                       OBSERVABLES USED    
  6371.0                                                    BASE RADIUS         
 2                                                          MAP DIMENSION       
   450.0 450.0   0.0                                        HGT1 / HGT2 / DHGT  
    87.5 -87.5  -2.5                                        LAT1 / LAT2 / DLAT  
  -180.0 180.0   5.0                                        LON1 / LON2 / DLON  
    -1                                                      EXPONENT            
                                                            END OF HEADER       
     1                                                      START OF TEC MAP    
  2015     8    19     0     0     0                        EPOCH OF CURRENT MAP
    87.5-180.0 180.0   5.0 450.0                            LAT/LON1/LON2/DLON/H
  144  111  108  102  104   99  104  101  106  103  107  104  108  106  109  107
  110  108  110  107  109  106  108  104  107  103  105  101  103   99  101   98
  100   96   98   94   96   92   94   90   92   88   91   86   89   85   88   84
   88   84   88   83   88   84   88   83   89   84   89   85   91   87   92   88
   94   91   96   94  103  101  110  137  144                                   
    85.0-180.0 180.0   5.0 450.0                            LAT/LON1/LON2/DLON/H
  118  106  110  108  109  103  108  105  111  108  113  110  114  112  116  113
  116  113  115  112  113  109  110  106  107  102  103   99  100   95   97   92
   94   90   91   87   89   84   86   81   84   79   81   76   79   75   77   73
   76   73   75   72   75   72   75   72   76   74   78   76   81   80   84   83
   88   88   93   93  102   97   97  109  118                                   
    82.5-180.0 180.0   5.0 450.0                            LAT/LON1/LON2/DLON/H
  115  110  116  116  115  110  115  114  119  116  121  119  123  120  124  121
  124  119  122  117  119  113  114  108  109  103  103   98   98   93   94   90
   91   87   88   84   86   81   83   78   81   76   79   74   77   72   75   70
   74   69   73   69   73   69   74   70   76   73   78   76   83   81   87   85
   92   91   98   97  104  101  104  110  115                                   
    80.0-180.0 180.0   5.0 450.0                            LAT/LON1/LON2/DLON/H
  118  119  123  126  123  124  126  128  130  130  131  132  133  133  133  132
  132  130  129  127  124  121  118  114  111  106  104  100   97   95   93   91
   90   89   89   87   87   85   86   84   84   82   82   81   81   79   79   78
   79   77   78   77   79   78   79   79   81   82   84   85   88   90   93   95
   98  100  105  106  110  109  111  115  118                                   
    77.5-180.0 180.0   5.0 450.0                            LAT/LON1/LON2/DLON/H
  123  120  124  126  125  125  128  131  132  133  134  134  134  134  133  133
  132  130  129  127  125  121  118  113  108  104  100   96   92   90   88   87
   86   86   86   87   86   85   85   84   83   81   81   80   79   78   78   77
   78   77   78   77   78   78   79   79   81   81   83   84   87   88   91   93
   96   99  103  105  109  108  111  113  123                                   
    75.0-180.0 180.0   5.0 450.0                            LAT/LON1/LON2/DLON/H
  120  118  120  124  123  124  128  131  133  134  135  134  134  132  131  130
  129  128  127  125  123  120  116  111  105  100   95   90   87   84   83   83
   83   84   85   85   85   85   84   82   82   80   79   78   77   77   77   77
   77   77   78   78   79   79   80   80   81   82   84   84   86   87   90   92
   95   97  101  103  106  107  109  112  120                                   
    72.5-180.0 180.0   5.0 450.0                            LAT/LON1/LON2/DLON/H
  119  114  117  120  119  121  125  128  131  132  133  132  130  127  125  123
  122  121  121  120  118  115  111  106  100   94   89   84   80   78   77   77
   78   79   81   82   82   81   80   78   77   75   74   73   73   72   74   74
   75   76   77   77   78   78   79   79   80   80   82   83   84   85   88   90
   92   94   98  100  104  104  106  108  119                                   
    70.0-180.0 180.0   5.0 450.0                            LAT/LON1/LON2/DLON/H
  112  107  111  115  116  118  124  128  132  133  134  131  128  124  121  118
  116  115  115  115  114  111  108  102   96   89   85   79   76   73   74   73
   75   75   78   78   78   76   76   73   71   68   68   67   68   68   70   71
   74   75   77   78   79   80   81   81   82   82   84   85   86   87   89   91
   93   94   98  100  102  102  103  108  112                                   
    67.5-180.0 180.0   5.0 450.0                            LAT/LON1/LON2/DLON/H
  111  103  107  111  111  114  121  126  130  132  132  130  125  120  115  111
  109  109  110  111  110  108  105   99   92   85   80   74   70   68   68   68
   70   71   72   72   71   69   67   64   62   59   59   58   60   60   64   66
   70   72   75   76   78   78   80   80   81   81   84   84   86   87   89   90
   93   94   98   99  102  101  101  104  111                                   
    65.0-180.0 180.0   5.0 450.0                            LAT/LON1/LON2/DLON/H
  108  101  105  109  110  113  120  126  131  133  134  131  125  119  113  108
  105  105  107  108  109  108  105   98   92   84   79   72   70   67   68   67
   69   69   70   68   67   63   61   57   55   52   52   52   54   56   60   63
   67   70   74   76   78   79   81   82   83   84   86   87   89   90   91   93
   94   96  100  102  104  103  102  107  108                                   
    62.5-180.0 180.0   5.0 450.0                            LAT/LON1/LON2/DLON/H
  111  103  106  108  107  110  117  123  129  132  132  130  125  118  111  106
  104  103  105  107  109  107  104   98   91   83   77   72   69   67   66   66
   66   66   64   63   60   56   53   49   47   44   44   45   48   49   54   57
   62   64   69   70   74   74   78   79   82   83   86   88   90   90   93   93
   96   97  102  104  106  105  104  106  111                                   
    60.0-180.0 180.0   5.0 450.0                            LAT/LON1/LON2/DLON/H
  112  107  109  111  109  110  116  121  127  130  132  131  127  120  113  108
  106  106  108  111  112  111  107  100   93   86   80   76   74   71   70   68
   68   64   63   59   57   52   49   45   43   41   42   43   46   48   52   54
   58   61   64   66   70   72   75   78   82   85   89   91   93   94   95   97
   98  100  105  107  110  109  107  110  112                                   
    57.5-180.0 180.0   5.0 450.0                            LAT/LON1/LON2/DLON/H
  124  118  118  117  112  112  115  119  124  128  130  130  128  123  117  112
  111  111  113  115  116  114  109  103   95   89   83   80   78   76   73   70
   67   63   60   57   53   50   47   44   42   42   43   44   46   47   50   50
   53   55   58   60   64   66   72   75   82   86   90   92   95   96   98   98
  100  102  107  111  114  114  112  111  124                                   
    55.0-180.0 180.0   5.0 450.0                            LAT/LON1/LON2/DLON/H
  129  128  128  126  120  116  117  119  123  126  128  129  129  126  122  119
  118  119  121  122  122  119  113  105   98   92   89   86   85   82   78   73
   70   64   61   57   56   52   52   49   49   48   50   50   52   52   52   51
   52   52   55   56   60   64   70   76   83   89   94   97   99  101  102  102
  104  106  111  115  118  118  117  117  129                                   
    52.5-180.0 180.0   5.0 450.0                            LAT/LON1/LON2/DLON/H
  146  143  141  139  131  126  123  122  122  124  126  128  129  129  127  125
  126  126  128  129  128  124  117  109  101   96   93   92   90   87   82   76
   70   65   61   59   59   58   57   57   57   57   57   58   58   57   55   53
   52   51   53   55   60   65   72   78   87   93   98  101  103  104  105  105
  107  109  115  118  121  122  122  120  146                                   
    50.0-180.0 180.0   5.0 450.0                            LAT/LON1/LON2/DLON/H
  152  152  153  151  144  137  132  128  127  126  126  128  131  131  130  130
  132  133  134  135  134  129  121  112  105  101   99   97   96   91   85   76
   72   66   64   63   65   65   66   66   67   67   68   67   66   63   61   57
   56   54   56   57   63   68   77   84   94  100  105  108  110  111  111  112
  114  115  120  123  126  126  125  124  152                                   
    47.5-180.0 180.0   5.0 450.0                            LAT/LON1/LON2/DLON/H
  162  162  164  164  158  152  145  139  134  131  130  131  133  135  135  136
  138  140  141  142  139  134  125  117  110  106  104  103  100   94   86   78
   72   68   67   69   71   73   74   75   76   76   76   74   72   69   65   62
   60   59   61   64   70   77   86   94  102  108  112  114  116  117  117  118
  120  122  126  128  129  129  129  126  162                                   
    45.0-180.0 180.0   5.0 450.0                            LAT/LON1/LON2/DLON/H
  162  165  171  173  170  165  159  152  145  139  136  136  137  138  139  140
  142  144  145  146  144  138  130  122  116  112  110  107  103   96   87   78
   74   71   72   74   79   80   83   83   84   84   84   82   80   75   72   68
   67   66   68   70   78   84   95  102  112  116  120  121  123  124  126  126
  129  131  136  136  136  134  133  131  162                                   
    42.5-180.0 180.0   5.0 450.0                            LAT/LON1/LON2/DLON/H
  166  167  174  178  177  176  171  166  158  152  145  143  143  144  143  145
  146  149  150  151  149  145  137  130  123  120  117  113  106   98   88   81
   77   76   78   82   85   88   88   89   90   90   89   88   84   80   77   74
   74   73   75   78   85   93  102  111  119  123  126  127  130  131  134  136
  139  142  146  147  144  141  140  137  166                                   
    40.0-180.0 180.0   5.0 450.0                            LAT/LON1/LON2/DLON/H
  166  168  178  182  183  183  182  178  172  164  157  152  150  149  148  149
  150  152  153  155  153  149  144  136  132  127  123  117  109   99   90   83
   80   80   83   86   90   91   92   92   93   94   94   92   88   85   82   80
   80   80   81   84   91   98  109  117  127  129  133  133  137  139  143  146
  152  155  162  161  158  152  149  148  166                                   
    37.5-180.0 180.0   5.0 450.0                            LAT/LON1/LON2/DLON/H
  175  175  182  185  186  188  189  188  183  176  168  163  159  158  155  156
  156  159  159  161  160  157  151  147  141  137  131  124  113  103   93   87
   85   85   87   90   92   93   92   94   95   98   97   96   92   88   86   85
   85   84   86   88   95  103  114  122  131  134  138  139  144  147  152  157
  164  170  176  177  173  168  165  162  175                                   
    35.0-180.0 180.0   5.0 450.0                            LAT/LON1/LON2/DLON/H
  187  185  192  192  192  194  196  196  194  188  181  174  170  167  164  164
  164  165  165  166  165  163  159  155  150  144  138  127  116  105   96   90
   88   88   90   91   92   92   92   94   98  101  102   99   95   92   89   89
   89   88   87   89   95  103  115  123  134  136  141  141  148  153  161  167
  175  182  191  192  189  186  185  183  187                                   
    32.5-180.0 180.0   5.0 450.0                            LAT/LON1/LON2/DLON/H
  213  206  206  203  198  200  200  202  200  197  190  185  179  177  173  174
  173  175  174  175  173  172  169  165  160  153  144  133  119  108   99   94
   91   90   90   90   90   91   92   96  101  105  106  103   98   93   90   89
   88   86   85   85   90   99  111  123  133  138  142  146  153  159  167  174
  182  190  200  204  203  204  207  208  213                                   
    30.0-180.0 180.0   5.0 450.0                            LAT/LON1/LON2/DLON/H
  244  233  232  223  215  211  211  211  211  207  203  197  192  188  185  184
  184  184  182  181  179  178  176  172  167  158  147  133  120  108  101   95
   92   89   88   87   87   89   92   97  104  108  108  104   99   92   88   86
   84   81   78   77   83   92  106  119  131  137  145  149  158  165  175  182
  191  201  212  218  218  225  230  237  244                                   
    27.5-180.0 180.0   5.0 450.0                            LAT/LON1/LON2/DLON/H
  282  268  263  250  238  230  225  223  221  219  214  210  204  202  197  197
  196  196  192  191  188  187  184  180  172  162  149  135  120  110  102   95
   91   87   85   84   84   87   91   98  104  108  108  103   95   87   82   79
   77   73   71   70   76   87  102  118  131  140  148  155  163  172  181  190
  198  209  222  230  234  242  255  261  282                                   
    25.0-180.0 180.0   5.0 450.0                            LAT/LON1/LON2/DLON/H
  311  310  303  286  271  259  250  244  240  237  232  227  222  217  213  212
  210  208  204  200  196  194  191  185  175  162  147  133  120  110  103   95
   91   85   82   81   83   86   92   97  103  105  104   97   89   79   75   70
   69   66   65   66   71   83   98  115  130  140  149  155  166  175  188  196
  207  218  233  245  249  264  279  289  311                                   
    22.5-180.0 180.0   5.0 450.0                            LAT/LON1/LON2/DLON/H
  335  338  336  322  306  292  279  270  264  260  255  250  244  240  234  230
  227  223  218  214  208  206  200  191  178  162  145  130  119  110  102   96
   90   84   80   80   82   87   91   95   98   98   95   88   79   71   66   63
   63   63   61   62   69   83  100  119  135  147  154  162  172  182  195  205
  216  228  244  256  262  277  295  307  335                                   
    20.0-180.0 180.0   5.0 450.0                            LAT/LON1/LON2/DLON/H
  350  366  365  355  343  331  316  304  297  292  286  281  276  269  261  254
  247  240  236  229  225  219  212  199  181  161  143  129  119  111  105   97
   91   84   81   82   85   88   92   92   94   89   86   78   71   62   60   56
   58   57   58   61   69   84  101  121  140  152  162  170  181  192  206  217
  230  241  259  270  277  292  314  328  350                                   
    17.5-180.0 180.0   5.0 450.0                            LAT/LON1/LON2/DLON/H
  361  378  382  378  373  365  351  338  329  323  318  314  309  301  293  283
  275  264  258  249  244  236  224  207  184  161  141  127  120  114  107  100
   94   89   86   88   90   93   93   90   87   81   75   67   60   54   52   51
   51   53   55   60   70   86  106  129  147  162  172  182  193  205  220  233
  247  261  278  286  293  305  326  341  361                                   
    15.0-180.0 180.0   5.0 450.0                            LAT/LON1/LON2/DLON/H
  372  388  394  395  399  394  384  370  364  359  356  352  347  339  329  315
  303  289  282  271  265  253  238  216  188  162  142  128  123  118  113  105
  101   96   94   94   97   96   95   88   84   74   70   60   59   51   52   48
   51   51   55   62   74   91  112  134  155  171  182  193  206  220  236  250
  266  280  296  304  309  323  344  358  372                                   
    12.5-180.0 180.0   5.0 450.0                            LAT/LON1/LON2/DLON/H
  383  396  404  409  414  413  406  396  390  384  383  381  379  371  360  346
  333  317  307  294  286  268  250  221  191  164  144  133  128  125  120  115
  110  107  105  105  104  102   97   89   80   72   65   58   55   50   47   47
   47   49   54   62   76   93  116  139  161  178  191  203  218  232  252  267
  287  301  317  323  328  340  359  373  383                                   
    10.0-180.0 180.0   5.0 450.0                            LAT/LON1/LON2/DLON/H
  394  404  414  421  429  427  422  411  408  404  407  409  408  402  388  373
  357  340  326  312  300  280  256  225  193  164  146  136  135  132  130  125
  122  119  117  114  111  106  100   90   82   72   68   60   60   53   51   48
   49   48   54   60   74   91  113  136  160  178  196  210  227  245  264  283
  301  318  331  341  343  358  379  388  394                                   
     7.5-180.0 180.0   5.0 450.0                            LAT/LON1/LON2/DLON/H
  406  416  426  434  440  438  431  421  414  411  415  420  423  418  407  390
  374  356  340  323  308  283  256  222  190  164  149  142  141  140  138  136
