data/unet/pred2210.15i
     1.0            IONOSPHERE MAPS     GNSS                IONEX VERSION / TYPE
pyspatialgeodesy        IME             05-JAN-18 20:20     PGM / RUN BY / DATE 
Map Name                                                    COMMENT             
Predicted global ionosphere maps (GIM).                     DESCRIPTION         
  2015     8     9     0     0     0                        EPOCH OF FIRST MAP  
  2015     8    10     0     0     0                        EPOCH OF LAST MAP   
  7200                                                      INTERVAL            
    13                                                      # OF MAPS IN FILE   
  NONE                                                      MAPPING FUNCTION    
10.0                                                        ELEVATION CUTOFF    
One-way carrier phase leveled to code                       OBSERVABLES USED    
  6371.0                                                    BASE RADIUS         
 2                                                          MAP DIMENSION       
   450.0 450.0   0.0                                        HGT1 / HGT2 / DHGT  
    87.5 -87.5  -2.5                                        LAT1 / LAT2 / DLAT  
  -180.0 180.0   5.0                                        LON1 / LON2 / DLON  
    -1                                                      EXPONENT            
                                                            END OF HEADER       
[from data line 1287]
     4                                                      START OF TEC MAP    
  2015     8     9     6     0     0                        EPOCH OF CURRENT MAP
    87.5-180.0 180.0   5.0 450.0                            LAT/LON1/LON2/DLON/H
  120  145  142  143  142  138  140  137  140  137  140  136  140  137  139  136
  139  136  139  136  139  136  138  135  138  135  137  134  136  134  136  134
  136  134  136  135  136  135  135  135  136  135  136  136  137  137  137  137
  139  139  139  139  140  140  140  140  141  140  140  140  141  140  140  139
  141  140  142  141  143  140  151  123  120                                   
    85.0-180.0 180.0   5.0 450.0                            LAT/LON1/LON2/DLON/H
  134  143  135  137  138  133  136  134  137  133  137  134  137  133  136  133
  136  132  134  131  132  129  130  126  128  124  125  123  124  121  123  121
  122  120  121  121  122  121  122  122  123  124  125  125  127  128  129  130
  132  133  134  135  136  136  136  136  137  137  137  136  137  135  135  134
  135  134  135  135  134  129  137  139  134                                   
    82.5-180.0 180.0   5.0 450.0                            LAT/LON1/LON2/DLON/H
  130  138  135  140  137  138  137  141  139  141  139  143  140  143  140  143
  140  142  138  140  136  136  132  132  128  129  125  126  122  124  120  122
  119  121  118  121  119  122  120  123  122  125  124  128  128  132  131  135
  135  138  137  140  140  142  140  142  141  141  139  139  138  138  135  135
  134  133  133  135  131  133  133  128  130                                   
    80.0-180.0 180.0   5.0 450.0                            LAT/LON1/LON2/DLON/H
  131  135  132  131  131  127  130  128  132  130  133  132  135  132  136  133
  136  132  133  129  129  124  124  119  118  113  114  110  111  108  109  107
  108  107  109  108  109  109  111  112  115  115  119  120  126  126  131  133
  138  138  143  143  147  146  148  147  148  146  147  143  144  140  139  135
  135  131  133  130  131  126  124  126  131                                   
    77.5-180.0 180.0   5.0 450.0                            LAT/LON1/LON2/DLON/H
  128  128  126  126  126  125  123  126  125  128  127  130  130  133  132  134
  133  132  130  129  125  123  118  116  111  110  105  106  102  104  101  104
  103  105  104  107  107  109  109  112  113  117  119  124  127  133  136  143
  145  151  152  157  157  159  158  159  157  156  153  152  149  147  144  142
  139  137  135  133  131  127  124  118  128                                   
    75.0-180.0 180.0   5.0 450.0                            LAT/LON1/LON2/DLON/H
  129  128  123  121  118  117  115  117  114  117  116  120  119  124  123  126
  124  125  122  121  116  113  108  104  100   96   94   93   91   93   93   96
   97   99  101  102  103  104  107  109  113  117  122  127  133  138  145  149
  155  157  162  162  165  163  165  161  161  157  157  153  153  149  149  145
  144  141  142  139  136  132  127  121  129                                   
    72.5-180.0 180.0   5.0 450.0                            LAT/LON1/LON2/DLON/H
  130  124  120  117  115  111  110  109  109  108  109  110  112  114  116  117
  118  116  116  113  109  105  100   96   90   88   84   84   83   86   86   93
   93  100  100  105  104  109  109  114  116  122  126  136  141  152  155  163
  165  170  171  174  173  173  171  168  166  162  160  158  155  154  152  150
  148  147  147  145  143  137  129  121  130                                   
    70.0-180.0 180.0   5.0 450.0                            LAT/LON1/LON2/DLON/H
  133  127  123  118  113  110  106  106  102  103  101  104  104  107  108  111
  110  111  109  107  102   98   92   87   80   76   74   74   75   79   82   88
   92   96  100  101  104  105  110  113  119  124  133  141  151  157  165  168
  175  174  178  175  175  170  168  162  160  155  154  152  151  151  151  150
  149  148  151  148  146  141  134  128  133                                   
    67.5-180.0 180.0   5.0 450.0                            LAT/LON1/LON2/DLON/H
  136  125  121  117  112  108  105  102  100   97   97   96   98   98  101  102
  103  103  102  100   95   91   85   80   73   70   67   69   70   76   79   88
   90   97   98  104  103  108  109  116  120  131  139  151  158  167  173  178
  180  181  179  178  174  168  164  159  155  152  151  150  149  151  151  152
  151  152  153  152  150  145  135  130  136                                   
    65.0-180.0 180.0   5.0 450.0                            LAT/LON1/LON2/DLON/H
  143  132  129  121  115  109  105  103   98   96   92   93   92   94   94   97
   96   98   95   94   87   83   75   70   63   61   58   60   63   70   75   83
   88   93   96   99  102  104  109  115  124  134  146  157  168  176  180  182
  183  180  178  172  168  157  154  147  145  141  141  141  142  144  145  147
  147  149  152  152  150  148  140  136  143                                   
    62.5-180.0 180.0   5.0 450.0                            LAT/LON1/LON2/DLON/H
  144  133  129  124  117  111  105  102   97   94   91   88   87   87   88   88
   88   88   87   84   80   73   69   62   58   55   54   56   59   67   71   80
   83   89   92   97   99  105  109  118  127  139  151  163  175  182  185  187
  185  183  177  171  165  157  151  145  142  138  138  137  139  140  144  144
  146  148  151  150  150  147  140  138  144                                   
    60.0-180.0 180.0   5.0 450.0                            LAT/LON1/LON2/DLON/H
  148  140  139  132  123  116  110  106   99   96   89   87   83   83   81   82
   80   80   76   74   68   64   56   53   47   47   45   49   52   61   65   75
   78   85   88   92   97  104  109  119  130  143  156  169  181  187  188  188
  187  182  176  168  162  153  149  142  140  137  136  137  138  139  140  141
  141  142  144  145  144  145  140  140  148                                   
    57.5-180.0 180.0   5.0 450.0                            LAT/LON1/LON2/DLON/H
  147  142  141  138  130  120  113  109  101   97   91   86   82   79   78   75
   74   70   70   64   62   55   53   48   47   45   48   49   54   59   64   71
   76   81   86   92   97  106  112  123  135  148  160  173  185  190  191  191
  188  184  177  173  166  161  154  150  146  143  142  141  141  140  141  139
  139  137  140  138  141  142  137  138  147                                   
    55.0-180.0 180.0   5.0 450.0                            LAT/LON1/LON2/DLON/H
  152  148  150  148  138  130  122  116  106  101   91   86   79   76   71   70
   65   63   59   56   51   48   45   44   43   45   46   49   52   58   61   69
   73   80   85   91   99  109  118  128  141  152  166  177  189  191  195  192
  193  188  184  179  177  168  164  156  155  151  151  149  147  145  143  140
  136  135  135  136  135  141  137  140  152                                   
    52.5-180.0 180.0   5.0 450.0                            LAT/LON1/LON2/DLON/H
  154  152  155  156  149  139  131  123  112  104   94   86   79   73   69   65
   63   58   58   52   52   46   49   46   51   51   55   55   58   60   63   67
   74   80   87   96  104  115  125  136  148  159  171  182  194  198  201  200
  201  199  195  194  191  187  180  174  169  166  162  160  157  153  150  144
  140  135  136  133  135  140  137  141  154                                   
    50.0-180.0 180.0   5.0 450.0                            LAT/LON1/LON2/DLON/H
  161  160  163  165  158  150  141  133  121  111   97   89   76   71   64   62
   59   57   54   51   49   49   51   53   57   59   61   62   62   63   63   68
   73   82   90   98  110  120  133  141  155  163  177  185  199  203  209  208
  212  210  209  207  208  200  196  186  183  173  172  168  164  160  155  150
  145  141  139  139  138  143  139  143  161                                   
    47.5-180.0 180.0   5.0 450.0                            LAT/LON1/LON2/DLON/H
  164  164  167  172  167  159  150  140  128  116  102   91   79   72   67   64
   63   60   61   57   59   57   64   65   73   72   76   73   72   69   69   70
   77   85   95  106  118  131  142  152  162  172  182  192  206  212  219  220
  224  223  222  221  220  213  207  199  194  187  182  179  174  169  165  158
  155  149  148  144  146  149  143  148  164                                   
    45.0-180.0 180.0   5.0 450.0                            LAT/LON1/LON2/DLON/H
  171  169  173  176  171  163  156  146  133  121  106   95   80   74   64   65
   62   63   62   63   63   67   72   78   83   85   85   82   79   76   74   75
   80   89  100  110  125  136  149  156  169  173  189  195  213  217  227  227
  233  232  232  230  229  219  213  203  199  190  186  182  177  173  169  166
  162  160  158  158  156  159  150  153  171                                   
    42.5-180.0 180.0   5.0 450.0                            LAT/LON1/LON2/DLON/H
  171  170  172  177  173  165  158  150  137  127  112  101   87   79   73   71
   72   72   74   72   76   77   86   89   95   96   95   90   85   81   78   79
   84   93  106  117  132  144  156  165  174  183  193  204  219  225  235  237
  244  242  244  241  241  229  221  212  208  202  197  192  187  183  179  175
  174  171  171  168  169  168  158  163  171                                   
    40.0-180.0 180.0   5.0 450.0                            LAT/LON1/LON2/DLON/H
  177  174  173  175  169  163  156  149  138  128  116  107   93   86   76   77
   75   78   78   82   83   90   95  101  104  106  102   99   93   89   85   86
   90  100  111  121  135  147  160  167  179  183  200  208  228  232  246  246
  254  253  254  251  252  240  232  223  222  213  209  205  200  196  190  189
  186  186  184  184  185  179  167  170  177                                   
    37.5-180.0 180.0   5.0 450.0                            LAT/LON1/LON2/DLON/H
  180  177  171  171  166  159  153  148  138  133  122  115  103   95   87   85
   83   85   87   88   93   96  104  108  111  111  107  104   98   96   92   93
   98  105  117  126  140  151  164  174  184  192  203  216  232  242  256  258
  266  265  270  267  270  260  254  246  245  237  233  228  223  216  209  205
  205  204  207  203  206  196  183  183  180                                   
    35.0-180.0 180.0   5.0 450.0                            LAT/LON1/LON2/DLON/H
  190  185  175  171  161  154  148  143  137  132  127  120  112  103   95   92
   89   91   92   98   99  108  112  119  118  118  113  111  105  103   99  100
  101  108  117  127  139  151  166  175  188  192  207  217  237  247  264  267
  279  281  289  290  295  286  280  274  275  269  263  257  251  242  234  230
  226  227  225  223  224  213  201  196  190                                   
    32.5-180.0 180.0   5.0 450.0                            LAT/LON1/LON2/DLON/H
  208  198  183  175  166  156  147  143  137  136  132  130  122  115  104   99
   95   95   97  101  106  112  120  123  124  123  118  116  111  110  106  105
  107  109  118  127  141  154  170  182  191  200  209  220  237  252  269  276
  288  292  306  311  324  319  317  313  315  309  300  293  283  273  264  255
  253  249  251  244  246  236  221  219  208                                   
    30.0-180.0 180.0   5.0 450.0                            LAT/LON1/LON2/DLON/H
  232  214  202  188  173  160  150  143  138  135  135  132  129  121  111  105
  100   99  100  106  112  120  125  131  130  131  124  123  118  118  111  111
  107  110  115  124  137  151  168  180  193  197  210  218  238  251  271  279
  294  302  322  336  352  358  359  364  367  363  349  340  327  314  302  290
  283  278  275  270  271  260  249  241  232                                   
    27.5-180.0 180.0   5.0 450.0                            LAT/LON1/LON2/DLON/H
  261  243  229  213  195  177  161  152  144  142  138  141  136  132  119  112
  105  103  105  110  117  126  132  137  137  136  131  128  124  122  117  112
  110  109  116  123  138  154  171  185  196  202  209  216  233  250  268  279
  293  306  330  353  377  391  401  414  421  421  404  395  375  361  347  328
  318  309  306  301  301  293  276  272  261                                   
    25.0-180.0 180.0   5.0 450.0                            LAT/LON1/LON2/DLON/H
  292  269  258  240  221  197  178  161  150  143  140  138  135  129  121  112
  107  105  109  115  123  133  139  146  146  145  138  135  127  125  116  111
  104  104  107  117  131  147  165  178  192  196  207  213  233  246  269  277
  295  312  341  372  401  422  437  456  467  466  453  440  425  408  395  373
  357  341  333  327  327  318  306  298  292                                   
    22.5-180.0 180.0   5.0 450.0                            LAT/LON1/LON2/DLON/H
  323  305  287  270  249  228  202  182  166  155  147  145  138  136  124  119
  111  111  114  122  130  139  147  151  155  150  144  135  130  121  115  104
   99   95  100  110  127  144  163  180  192  201  206  216  231  250  267  283
  299  321  352  386  417  440  458  477  488  490  480  474  458  445  429  410
  390  374  363  356  356  348  337  330  323                                   
    20.0-180.0 180.0   5.0 450.0                            LAT/LON1/LON2/DLON/H
  349  328  311  288  271  244  221  192  174  156  147  140  137  132  127  120
  117  116  120  127  135  144  150  157  158  153  143  135  123  116  103   93
   85   82   85   98  116  135  156  172  187  195  207  216  238  252  276  289
  309  331  365  398  425  448  464  483  493  495  492  486  482  470  460  440
  424  404  390  383  380  370  360  355  349                                   
    17.5-180.0 180.0   5.0 450.0                            LAT/LON1/LON2/DLON/H
  368  351  331  308  286  264  241  215  191  173  158  150  143  141  134  132
  127  127  130  135  143  149  157  158  160  150  141  126  118  103   93   78
   72   66   74   84  105  126  151  170  185  198  211  226  241  263  281  301
  316  344  373  403  426  444  453  470  477  489  485  493  488  487  476  461
  443  429  416  411  406  400  384  380  368                                   
    15.0-180.0 180.0   5.0 450.0                            LAT/LON1/LON2/DLON/H
  380  359  337  314  292  268  246  219  198  175  162  149  144  143  142  139
  139  137  140  142  147  152  157  158  154  146  131  119  104   92   80   68
   60   57   62   72   94  118  143  163  180  193  212  227  248  267  292  309
  330  353  383  405  422  435  441  454  462  474  480  490  497  497  494  482
  467  454  441  437  428  417  402  401  380                                   
    12.5-180.0 180.0   5.0 450.0                            LAT/LON1/LON2/DLON/H
  388  371  343  319  293  272  250  229  211  189  177  164  159  157  156  155
  156  154  154  153  154  155  156  153  148  136  124  106   97   81   74   59
   55   48   55   64   89  112  141  162  182  199  218  236  255  278  297  318
  337  362  386  406  419  429  432  445  452  469  473  491  497  504  503  495
  482  470  460  454  447  441  424  418  388                                   
    10.0-180.0 180.0   5.0 450.0                            LAT/LON1/LON2/DLON/H
  393  374  341  317  292  269  248  233  216  199  184  174  170  167  166  167
  167  165  162  158  156  153  150  145  137  126  110   96   85   74   67   57
   51   46   49   62   83  110  136  163  182  200  219  236  260  280  306  326
  351  375  399  416  423  431  433  447  455  471  480  496  508  516  516  509
  496  487  477  472  462  454  442  437  393                                   
     7.5-180.0 180.0   5.0 450.0                            LAT/LON1/LON2/DLON/H
  402  383  351  326  294  272  251  237  224  208  198  189  187  184  183  181
  182  177  173  166  160  154  148  140  131  117  105   90   83   71   68   55
