data/unet/pred1820.15i
     1.0            IONOSPHERE MAPS     GNSS                IONEX VERSION / TYPE
pyspatialgeodesy        IME             05-JAN-18 20:20     PGM / RUN BY / DATE 
Map Name                                                    COMMENT             
Predicted global ionosphere maps (GIM).                     DESCRIPTION         
  2015     7     1     0     0     0                        EPOCH OF FIRST MAP  
  2015     7     2     0     0     0                        EPOCH OF LAST MAP   
  7200                                                      INTERVAL            
    13                                                      # OF MAPS IN FILE   
  NONE                                                      MAPPING FUNCTION    
10.0                                                        ELEVATION CUTOFF    
One-way carrier phase leveled to code                       OBSERVABLES USED    
  6371.0                                                    BASE RADIUS         
 2                                                          MAP DIMENSION       
   450.0 450.0   0.0                                        HGT1 / HGT2 / DHGT  
    87.5 -87.5  -2.5                                        LAT1 / LAT2 / DLAT  
  -180.0 180.0   5.0                                        LON1 / LON2 / DLON  
    -1                                                      EXPONENT            
                                                            END OF HEADER       
[from data line 5148]
    13                                                      START OF TEC MAP    
  2015     7     2     0     0     0                        EPOCH OF CURRENT MAP
    87.5-180.0 180.0   5.0 450.0                            LAT/LON1/LON2/DLON/H
  192  171  175  175  174  172  173  173  173  173  173  172  172  171  171  169
  169  167  166  163  162  160  158  155  154  152  151  149  148  147  147  146
  146  146  147  147  149  149  150  151  152  152  154  153  155  154  155  154
  155  155  155  154  155  154  155  153  155  154  155  154  156  155  157  156
  160  160  162  161  163  162  161  185  192                                   
    85.0-180.0 180.0   5.0 450.0                            LAT/LON1/LON2/DLON/H
  173  177  184  185  184  183  184  184  184  184  184  183  183  182  181  179
  178  176  175  172  170  167  165  162  160  157  156  153  152  149  149  147
  147  147  148  148  149  150  151  153  154  156  156  157  158  159  159  159
  160  160  160  159  160  159  160  159  160  159  161  160  162  162  164  163
  167  167  169  169  172  167  169  161  173                                   
    82.5-180.0 180.0   5.0 450.0                            LAT/LON1/LON2/DLON/H
  181  183  185  186  186  184  187  185  187  186  188  185  187  184  184  181
  181  177  177  172  171  166  165  160  159  153  154  148  148  143  144  140
  142  138  142  139  143  141  145  144  148  148  152  152  155  154  157  156
  159  158  160  158  160  158  160  158  160  158  160  158  162  160  163  162
  167  166  170  169  173  169  168  164  181                                   
    80.0-180.0 180.0   5.0 450.0                            LAT/LON1/LON2/DLON/H
  186  185  184  186  185  186  186  188  187  190  189  190  188  189  186  186
  182  181  177  174  170  166  162  158  154  150  147  143  140  137  136  133
  133  132  133  133  135  136  139  141  143  146  148  151  153  155  157  158
  159  160  161  162  161  161  161  160  160  159  159  159  160  161  162  163
  165  167  168  170  172  171  170  169  186                                   
    77.5-180.0 180.0   5.0 450.0                            LAT/LON1/LON2/DLON/H
  184  181  179  181  180  182  182  185  185  186  186  187  186  187  185  184
  181  179  175  172  168  163  158  154  149  144  141  136  133  130  128  126
  126  126  127  129  131  134  136  140  143  146  149  152  155  157  159  160
  161  162  162  163  162  161  160  159  157  156  155  155  155  156  156  158
  159  161  162  165  166  166  168  167  184                                   
    75.0-180.0 180.0   5.0 450.0                            LAT/LON1/LON2/DLON/H
  179  175  174  175  174  176  177  179  180  181  183  183  184  184  183  182
  179  177  173  170  165  161  156  150  145  139  136  131  128  124  124  122
  123  123  126  128  131  134  138  141  145  148  152  155  158  160  161  162
  163  163  164  163  163  160  159  156  155  152  152  150  151  150  152  152
  155  155  157  159  161  161  163  163  179                                   
    72.5-180.0 180.0   5.0 450.0                            LAT/LON1/LON2/DLON/H
  173  169  167  168  168  168  170  172  173  175  177  179  179  179  179  178
  176  173  170  166  161  157  152  146  141  135  131  127  124  121  121  120
  121  122  125  128  132  135  139  142  146  149  152  155  157  159  160  160
  161  161  161  161  159  157  155  153  151  149  148  146  147  147  148  148
  150  150  152  153  156  157  160  161  173                                   
    70.0-180.0 180.0   5.0 450.0                            LAT/LON1/LON2/DLON/H
  168  165  163  164  163  163  165  168  170  172  174  177  177  178  176  176
  173  172  168  165  160  156  151  146  140  136  131  128  125  123  123  123
  124  126  129  132  135  138  142  144  147  149  151  153  155  156  158  158
  160  160  160  159  158  156  154  152  150  149  147  147  148  148  148  149
  150  150  152  153  155  155  158  159  168                                   
    67.5-180.0 180.0   5.0 450.0                            LAT/LON1/LON2/DLON/H
  168  164  162  162  160  160  162  164  167  170  174  176  177  177  176  175
  173  170  167  164  160  155  151  146  142  137  133  130  128  126  127  126
  128  129  132  134  137  138  141  142  144  144  146  146  148  149  151  152
  154  154  156  155  155  153  152  150  149  147  147  147  149  149  150  150
  152  151  153  153  156  156  159  159  168                                   
    65.0-180.0 180.0   5.0 450.0                            LAT/LON1/LON2/DLON/H
  169  165  163  163  160  159  160  162  164  169  172  176  177  178  176  175
  173  171  168  166  161  159  154  150  145  142  138  136  134  134  133  134
  134  135  136  137  137  138  139  139  139  139  139  139  141  142  144  146
  149  150  152  152  152  152  151  151  150  151  150  152  152  154  154  155
  155  155  156  157  159  159  162  161  169                                   
    62.5-180.0 180.0   5.0 450.0                            LAT/LON1/LON2/DLON/H
  174  170  168  166  162  160  160  161  164  168  172  175  178  178  178  176
  175  172  171  168  166  162  159  155  152  148  146  143  143  142  142  141
  141  139  139  137  137  135  135  133  133  131  131  130  132  134  137  139
  143  145  149  150  152  151  152  152  153  153  154  155  157  157  158  157
  159  157  159  160  164  163  167  165  174                                   
    60.0-180.0 180.0   5.0 450.0                            LAT/LON1/LON2/DLON/H
  181  177  176  173  168  164  162  163  164  168  171  175  178  180  178  178
  177  176  174  174  172  171  167  165  161  160  156  156  154  154  152  151
  148  145  142  139  136  134  132  130  128  126  125  124  126  127  131  133
  139  142  147  150  153  154  155  157  157  160  160  162  162  164  163  163
  163  163  163  165  169  169  173  171  181                                   
    57.5-180.0 180.0   5.0 450.0                            LAT/LON1/LON2/DLON/H
  191  187  187  184  178  173  169  167  167  169  172  175  178  180  180  180
  180  180  180  180  181  179  178  175  173  171  169  168  167  165  162  158
  153  147  143  138  135  131  130  127  126  123  122  121  123  125  128  131
  137  142  148  152  156  159  161  163  165  166  167  167  169  168  168  167
  167  166  168  171  176  177  181  178  191                                   
    55.0-180.0 180.0   5.0 450.0                            LAT/LON1/LON2/DLON/H
  200  199  200  197  190  185  179  176  172  173  173  177  178  181  180  182
  182  185  185  188  188  190  188  188  185  185  182  183  179  178  172  167
  159  152  145  140  136  133  130  129  127  125  123  123  123  125  128  131
  137  142  149  155  161  166  170  172  174  176  176  176  176  175  173  171
  171  171  173  177  182  183  188  185  200                                   
    52.5-180.0 180.0   5.0 450.0                            LAT/LON1/LON2/DLON/H
  213  211  215  212  205  200  193  187  182  179  178  179  180  182  182  184
  185  188  191  194  197  198  199  198  197  197  195  194  192  187  180  171
  163  153  147  140  137  134  133  131  130  128  127  126  127  128  130  133
  139  144  152  159  167  173  179  181  184  185  185  184  183  180  177  175
  174  174  178  183  190  192  196  195  213                                   
    50.0-180.0 180.0   5.0 450.0                            LAT/LON1/LON2/DLON/H
  222  222  228  227  220  216  207  202  194  190  185  185  184  186  184  187
  188  193  195  201  203  207  206  207  206  206  204  203  199  194  185  175
  165  157  150  145  142  140  138  137  136  135  133  133  132  133  134  136
  141  147  155  164  173  180  188  191  194  196  195  194  191  187  183  180
  180  181  186  192  198  201  204  204  222                                   
    47.5-180.0 180.0   5.0 450.0                            LAT/LON1/LON2/DLON/H
  233  231  239  238  234  229  223  216  208  202  196  194  192  191  190  192
  193  197  201  206  210  212  212  213  212  211  210  208  204  196  187  176
  167  158  152  148  146  144  143  142  141  140  139  138  138  137  138  140
  144  150  159  168  179  187  195  200  204  206  207  204  201  195  191  187
  187  189  195  202  210  212  214  216  233                                   
    45.0-180.0 180.0   5.0 450.0                            LAT/LON1/LON2/DLON/H
  239  238  247  248  245  242  237  232  224  218  209  206  201  200  197  199
  199  204  207  212  214  216  216  216  215  214  213  209  204  196  187  177
  169  162  158  155  154  152  150  148  147  146  145  144  143  143  143  143
  147  152  161  171  182  192  202  208  213  217  217  216  211  207  201  198
  198  202  207  215  221  224  223  228  239                                   
    42.5-180.0 180.0   5.0 450.0                            LAT/LON1/LON2/DLON/H
  247  243  253  254  252  250  247  243  238  232  225  219  214  210  207  207
  208  211  215  218  221  220  220  218  217  215  213  209  203  195  187  177
  171  166  163  161  160  157  155  152  151  150  150  149  148  146  146  146
  149  153  162  172  184  195  207  215  223  228  231  230  227  220  215  211
  211  213  220  226  236  237  236  240  247                                   
    40.0-180.0 180.0   5.0 450.0                            LAT/LON1/LON2/DLON/H
  257  253  261  261  259  258  257  254  252  247  240  235  229  225  219  218
  217  221  224  226  227  225  223  220  219  217  214  209  203  195  187  180
  176  173  172  170  169  165  161  158  155  155  154  154  153  152  151  151
  153  155  163  172  185  197  210  220  229  236  240  243  240  235  228  224
  223  226  232  241  248  249  247  254  257                                   
    37.5-180.0 180.0   5.0 450.0                            LAT/LON1/LON2/DLON/H
  272  266  271  270  267  265  265  265  264  261  255  251  245  240  234  232
  232  234  236  237  237  233  230  226  224  221  217  211  205  197  191  185
  183  180  180  177  175  169  165  160  159  159  161  160  160  158  157  155
  156  157  163  171  184  197  212  222  235  242  251  253  253  247  242  236
  236  238  245  251  260  261  262  268  272                                   
    35.0-180.0 180.0   5.0 450.0                            LAT/LON1/LON2/DLON/H
  294  286  287  283  278  274  275  276  278  277  275  272  267  262  255  252
  249  251  252  252  248  244  239  236  233  229  224  218  210  203  197  194
  192  190  189  186  181  175  169  165  163  166  166  168  166  165  162  160
  159  159  163  169  182  195  211  222  234  245  253  260  260  258  252  249
  247  250  257  265  273  276  278  286  294                                   
    32.5-180.0 180.0   5.0 450.0                            LAT/LON1/LON2/DLON/H
  324  313  310  303  295  291  290  292  294  296  295  293  290  285  279  274
  272  272  273  270  266  260  254  249  246  242  237  229  220  212  207  203
  201  199  196  189  183  176  171  167  169  170  175  175  174  170  168  164
  161  159  160  164  176  188  205  217  230  241  253  260  264  262  260  257
  257  259  266  274  284  290  295  303  324                                   
    30.0-180.0 180.0   5.0 450.0                            LAT/LON1/LON2/DLON/H
  358  355  348  339  330  323  320  320  323  325  324  324  321  315  308  303
  298  298  297  292  285  279  271  267  262  258  251  243  232  223  215  212
  207  204  197  190  183  176  172  171  173  178  180  182  179  176  170  166
  161  156  155  156  166  178  194  209  222  234  248  258  264  266  265  263
  265  268  275  284  296  305  312  320  358                                   
    27.5-180.0 180.0   5.0 450.0                            LAT/LON1/LON2/DLON/H
  393  397  393  388  378  370  363  360  360  360  359  358  355  350  341  335
  329  328  325  320  310  302  293  286  280  273  265  254  242  231  222  215
  209  201  192  183  176  170  169  170  176  181  186  186  182  176  170  163
  157  150  146  145  153  163  181  195  211  225  240  251  260  263  267  267
  271  274  283  292  305  316  326  335  393                                   
    25.0-180.0 180.0   5.0 450.0                            LAT/LON1/LON2/DLON/H
  422  434  436  434  429  419  413  408  406  405  404  403  398  394  383  376
  365  361  355  347  335  324  312  303  294  286  275  263  248  235  222  212
  200  190  178  170  163  161  163  168  174  181  183  185  178  172  163  156
  148  140  134  133  140  151  167  182  199  215  232  246  257  263  269  273
  278  283  291  302  316  330  342  349  422                                   
    22.5-180.0 180.0   5.0 450.0                            LAT/LON1/LON2/DLON/H
  439  453  462  470  468  465  457  454  449  449  447  448  442  441  427  419
  404  396  384  374  358  344  329  316  303  291  278  263  247  229  214  199
  184  170  158  150  145  145  151  157  166  172  177  175  170  161  153  142
  135  125  121  119  127  137  154  169  188  206  226  241  254  263  272  279
  288  293  301  311  328  342  352  359  439                                   
    20.0-180.0 180.0   5.0 450.0                            LAT/LON1/LON2/DLON/H
  448  470  480  494  498  501  495  495  490  489  486  487  484  483  472  464
  447  435  417  401  381  363  343  325  307  291  273  257  237  218  199  180
  162  147  135  127  126  129  136  145  153  160  163  162  156  147  137  127
  119  111  106  106  114  125  143  159  178  198  220  238  253  264  275  285
  296  304  311  323  338  353  364  366  448                                   
    17.5-180.0 180.0   5.0 450.0                            LAT/LON1/LON2/DLON/H
  442  465  483  505  515  523  519  521  516  517  511  515  511  514  506  499
  484  470  449  429  403  379  353  329  304  282  260  240  219  199  177  157
  139  124  112  107  107  112  121  128  136  141  145  143  139  128  120  109
  104   95   92   93  103  114  134  151  172  193  218  237  254  266  281  294
  308  317  325  335  349  361  367  370  442                                   
    15.0-180.0 180.0   5.0 450.0                            LAT/LON1/LON2/DLON/H
  432  459  475  502  516  528  527  531  529  529  527  529  529  533  530  528
  514  501  476  454  422  392  358  327  294  267  240  218  196  176  156  137
  121  107   97   93   95  100  107  112  118  122  125  125  120  112  105   97
   90   84   81   84   93  106  127  145  167  190  214  236  255  271  287  303
  319  330  337  348  361  372  378  375  432                                   
    12.5-180.0 180.0   5.0 450.0                            LAT/LON1/LON2/DLON/H
  414  437  455  479  496  508  511  518  518  522  521  526  529  535  538  538
  529  516  494  468  434  398  358  318  280  245  215  194  172  155  138  124
  110   99   92   89   90   94   98  101  104  106  109  109  106  100   95   87
   81   75   71   75   86  100  122  143  166  189  214  237  259  276  295  313
  331  343  352  361  373  381  383  382  414                                   
    10.0-180.0 180.0   5.0 450.0                            LAT/LON1/LON2/DLON/H
  404  423  435  457  472  483  490  496  499  502  505  510  516  526  531  538
  532  524  500  475  436  396  351  306  261  223  191  169  152  139  128  118
  108  101   95   93   93   95   97   96   97   96   98   99   98   94   89   82
   76   71   68   72   84   98  119  139  161  185  210  235  258  279  299  320
  340  355  365  375  386  393  400  393  404                                   
     7.5-180.0 180.0   5.0 450.0                            LAT/LON1/LON2/DLON/H
  398  410  421  435  445  454  459  466  469  475  478  485  492  503  512  520
  521  515  496  469  430  384  338  288  241  200  169  150  138  130  124  119
