data/unet/pred0300.15i
     1.0            IONOSPHERE MAPS     GNSS                IONEX VERSION / TYPE
pyspatialgeodesy        IME             05-JAN-18 20:20     PGM / RUN BY / DATE 
Map Name                                                    COMMENT             
Predicted global ionosphere maps (GIM).                     DESCRIPTION         
  2015     1    30     0     0     0                        EPOCH OF FIRST MAP  
  2015     1    31     0     0     0                        EPOCH OF LAST MAP   
  7200                                                      INTERVAL            
    13                                                      # OF MAPS IN FILE   
  NONE                                                      MAPPING FUNCTION    
10.0                                                        ELEVATION CUTOFF    
One-way carrier phase leveled to code                       OBSERVABLES USED    
  6371.0                                                    BASE RADIUS         
 2                                                          MAP DIMENSION       
   450.0 450.0   0.0                                        HGT1 / HGT2 / DHGT  
    87.5 -87.5  -2.5                                        LAT1 / LAT2 / DLAT  
  -180.0 180.0   5.0                                        LON1 / LON2 / DLON  
    -1                                                      EXPONENT            
                                                            END OF HEADER       
[from data line 1287]
     4                                                      START OF TEC MAP    
  2015     1    30     6     0     0                        EPOCH OF CURRENT MAP
    87.5-180.0 180.0   5.0 450.0                            LAT/LON1/LON2/DLON/H
   33   69   66   62   64   57   62   58   64   60   65   61   65   62   63   60
   61   59   60   58   58   57   58   58   58   60   59   61   61   64   64   67
   67   70   69   71   71   73   72   74   73   76   75   77   76   78   78   79
   78   81   80   82   80   83   81   83   81   84   81   83   80   81   77   77
   74   73   72   71   73   73   89   42   33                                   
    85.0-180.0 180.0   5.0 450.0                            LAT/LON1/LON2/DLON/H
   67   66   62   63   63   56   59   57   60   58   60   59   60   59   59   57
   57   56   55   54   54   53   53   52   52   52   53   54   54   56   56   58
   58   60   60   62   61   64   63   66   64   68   68   72   71   75   75   80
   79   84   84   88   87   91   91   93   92   94   93   93   92   92   90   88
   87   83   83   78   78   68   89   60   67                                   
    82.5-180.0 180.0   5.0 450.0                            LAT/LON1/LON2/DLON/H
   66   68   68   66   68   62   67   64   69   66   69   67   68   65   65   61
   60   54   54   48   49   42   45   39   43   39   44   42   46   45   51   50
   55   54   59   58   62   60   67   64   70   67   74   72   78   76   82   81
   87   86   93   92   99   97  102   99  103   99  102   97   99   93   94   88
   90   83   87   80   81   71   85   53   66                                   
    80.0-180.0 180.0   5.0 450.0                            LAT/LON1/LON2/DLON/H
   65   67   59   59   55   56   56   61   62   65   65   67   67   66   64   61
   57   53   49   45   41   39   35   36   33   36   36   40   41   46   48   53
   55   58   61   63   64   65   68   68   71   71   75   76   79   83   86   91
   94  100  105  109  112  116  118  119  119  120  118  118  112  111  105  103
   97   94   89   85   79   69   75   51   65                                   
    77.5-180.0 180.0   5.0 450.0                            LAT/LON1/LON2/DLON/H
   65   64   56   54   52   51   52   57   58   64   64   69   66   68   62   63
   56   54   46   43   38   36   34   34   34   36   38   42   45   50   54   60
   61   66   67   69   68   70   68   70   68   70   71   74   75   81   85   92
   97  105  113  120  124  130  132  137  136  140  135  137  128  127  116  115
  104  104   95   94   85   75   79   51   65                                   
    75.0-180.0 180.0   5.0 450.0                            LAT/LON1/LON2/DLON/H
   68   64   54   52   49   51   52   58   60   66   67   72   69   73   67   68
   59   58   48   47   38   39   34   37   34   41   42   49   51   60   62   69
   70   73   74   74   74   73   72   70   69   68   70   72   74   84   88  100
  106  121  129  142  146  155  158  163  160  163  156  156  148  146  137  131
  123  117  110  105   96   82   85   58   68                                   
    72.5-180.0 180.0   5.0 450.0                            LAT/LON1/LON2/DLON/H
   77   69   57   53   52   49   54   55   62   64   70   72   73   74   72   69
   64   58   54   47   44   40   40   40   42   45   50   55   60   66   72   76
   79   79   79   78   75   73   70   66   64   61   65   64   74   79   95  103
  119  133  148  158  165  171  175  179  178  177  171  170  161  160  151  148
  139  134  126  120  109   95   94   71   77                                   
    70.0-180.0 180.0   5.0 450.0                            LAT/LON1/LON2/DLON/H
   86   78   58   55   51   50   53   55   62   64   70   72   74   75   75   73
   68   66   58   56   48   50   47   51   52   58   62   67   73   78   83   84
   86   86   84   82   77   75   69   68   64   65   66   72   77   90   99  118
  132  151  162  176  181  191  196  202  200  202  196  195  188  183  174  167
  162  154  147  136  127  108  106   87   86                                   
    67.5-180.0 180.0   5.0 450.0                            LAT/LON1/LON2/DLON/H
   97   84   67   60   59   53   58   56   65   65   73   72   76   75   76   74
   71   67   63   59   55   56   55   59   60   67   69   76   79   87   87   91
   89   88   84   80   74   69   64   59   60   58   66   68   84   93  114  130
  149  163  175  187  195  204  210  215  214  215  211  209  204  198  189  180
  172  166  158  150  139  122  118  102   97                                   
    65.0-180.0 180.0   5.0 450.0                            LAT/LON1/LON2/DLON/H
  105   94   71   65   60   53   57   54   63   60   69   65   71   68   73   71
   72   70   69   68   64   67   67   71   73   78   83   85   89   90   94   90
   90   85   83   77   70   64   59   56   58   60   69   79   92  112  131  150
  166  180  189  202  209  221  224  230  228  227  222  219  217  211  205  194
  188  180  171  161  149  134  128  116  105                                   
    62.5-180.0 180.0   5.0 450.0                            LAT/LON1/LON2/DLON/H
  112   95   79   68   65   56   59   54   62   60   68   68   72   72   71   74
   71   73   69   69   65   68   67   72   72   79   81   86   85   86   83   83
   79   76   70   66   59   53   49   49   53   59   72   88  107  127  146  164
  176  188  201  211  220  226  230  235  234  233  228  225  222  217  212  202
  193  182  173  164  154  141  137  121  112                                   
    60.0-180.0 180.0   5.0 450.0                            LAT/LON1/LON2/DLON/H
  118  107   84   75   69   59   61   55   62   57   64   59   68   60   69   63
   72   67   73   70   71   72   73   75   76   79   81   82   80   79   75   74
   68   67   61   57   51   46   43   44   52   62   79  101  123  140  158  172
  185  196  209  220  228  235  238  242  242  240  237  232  230  225  218  207
  199  187  175  167  156  144  138  129  118                                   
    57.5-180.0 180.0   5.0 450.0                            LAT/LON1/LON2/DLON/H
  123  105   89   74   71   59   62   56   62   57   63   61   64   66   67   71
   70   72   70   71   68   69   69   70   70   71   72   71   67   66   61   59
   55   54   49   46   41   37   37   39   51   65   87  111  131  149  161  177
  186  203  214  226  233  241  244  248  248  247  242  239  237  231  226  214
  203  189  176  167  159  148  144  130  123                                   
    55.0-180.0 180.0   5.0 450.0                            LAT/LON1/LON2/DLON/H
  130  118   94   80   74   63   65   57   64   56   62   56   65   58   67   61
   71   63   71   65   69   65   68   67   68   67   67   64   60   59   53   53
   49   51   47   46   42   39   39   46   58   77  100  125  145  160  174  188
  201  217  229  241  248  256  257  262  261  262  256  254  251  248  240  229
  215  201  185  174  164  154  146  138  130                                   
    52.5-180.0 180.0   5.0 450.0                            LAT/LON1/LON2/DLON/H
  138  120  102   83   78   66   68   60   65   59   62   60   63   66   68   71
   71   70   69   67   65   65   65   66   66   65   65   61   58   55   52   52
   51   53   51   51   47   47   50   58   72   94  116  140  157  173  185  201
  215  232  243  257  265  271  272  274  275  274  271  269  268  264  257  246
  232  215  199  185  176  165  158  145  138                                   
    50.0-180.0 180.0   5.0 450.0                            LAT/LON1/LON2/DLON/H
  148  134  110   92   85   73   73   65   68   60   66   59   67   62   70   65
   72   63   68   61   65   62   67   64   69   64   66   63   61   59   57   57
   57   59   58   58   55   56   59   69   82  105  126  148  168  183  199  216
  233  249  263  276  280  286  284  288  287  289  284  287  284  284  274  264
  249  233  217  201  188  173  166  154  148                                   
    47.5-180.0 180.0   5.0 450.0                            LAT/LON1/LON2/DLON/H
  160  143  125  104   97   81   82   71   74   66   70   67   71   71   75   75
   75   72   69   69   67   72   72   76   76   77   75   73   69   66   62   63
   63   65   65   68   67   71   74   85   99  123  142  164  181  199  217  235
  254  268  282  290  297  297  298  296  297  294  293  294  293  291  282  271
  255  241  227  212  201  190  182  163  160                                   
    45.0-180.0 180.0   5.0 450.0                            LAT/LON1/LON2/DLON/H
  168  156  134  115  107   93   91   80   81   71   76   68   76   70   78   73
   77   70   72   71   75   76   84   82   89   82   86   79   78   72   71   68
   71   71   73   76   77   82   87   98  113  135  156  176  195  215  235  255
  270  286  296  307  307  311  306  307  303  302  299  302  298  297  287  276
  260  248  234  219  207  190  186  171  168                                   
    42.5-180.0 180.0   5.0 450.0                            LAT/LON1/LON2/DLON/H
  171  158  143  125  119  103  103   90   92   82   87   81   88   83   90   85
   87   83   84   87   89   97   99  106  104  104   97   94   86   81   74   73
   71   74   76   82   85   93   99  116  130  154  172  194  212  234  256  273
  289  300  312  315  319  317  316  310  309  302  300  299  296  293  282  274
  258  246  234  215  206  192  188  170  171                                   
    40.0-180.0 180.0   5.0 450.0                            LAT/LON1/LON2/DLON/H
  165  158  140  128  123  111  110  100  102   91   98   88   96   88   96   90
   94   90   94   98  105  110  119  117  122  114  112  101   97   84   80   74
   72   74   77   85   89  100  109  129  149  171  190  213  233  255  272  290
  303  316  321  329  328  331  325  323  317  313  304  303  295  293  281  272
  259  247  230  212  199  180  182  166  165                                   
    37.5-180.0 180.0   5.0 450.0                            LAT/LON1/LON2/DLON/H
  156  149  135  125  124  112  114  106  109  104  111  105  112  104  111  105
  110  108  114  117  126  131  137  137  134  130  118  111   98   88   75   69
   64   65   70   78   87  102  116  142  163  188  207  231  251  269  287  300
  313  320  330  331  338  337  336  332  329  323  312  308  297  293  281  277
  263  251  237  214  201  180  176  157  156                                   
    35.0-180.0 180.0   5.0 450.0                            LAT/LON1/LON2/DLON/H
  149  140  124  120  122  114  117  110  116  110  122  115  126  115  123  117
  123  122  129  134  142  147  153  151  149  139  129  118  107   93   79   70
   62   63   66   74   85  102  122  150  177  201  225  249  265  284  298  312
  322  331  336  344  352  360  360  364  360  358  344  341  327  320  304  297
  281  271  253  232  209  180  174  153  149                                   
    32.5-180.0 180.0   5.0 450.0                            LAT/LON1/LON2/DLON/H
  149  139  122  115  116  110  112  108  113  116  127  126  134  127  133  129
  136  137  146  148  156  157  162  158  155  145  134  124  110   97   81   69
   64   58   63   67   82   99  125  157  184  212  238  259  276  291  306  317
  328  331  343  349  367  377  392  398  403  400  394  388  376  365  346  337
  323  310  294  272  246  208  187  169  149                                   
    30.0-180.0 180.0   5.0 450.0                            LAT/LON1/LON2/DLON/H
  161  136  119  111  111  104  106  102  109  110  125  125  138  132  141  138
  146  148  154  156  163  161  164  158  158  149  142  135  123  109   95   84
   76   72   72   72   83   99  126  161  192  219  246  268  284  300  315  325
  337  341  355  368  389  409  427  441  450  453  446  444  433  427  409  403
  386  378  361  342  306  256  219  200  161                                   
    27.5-180.0 180.0   5.0 450.0                            LAT/LON1/LON2/DLON/H
  201  158  140  123  116  108  106  103  103  108  118  123  133  132  140  140
  149  152  159  158  162  158  161  155  156  152  147  143  134  125  117   93
   84   74   81   79   88   99  130  163  199  224  249  270  289  302  320  329
  346  352  374  386  419  434  467  478  499  503  506  503  500  498  486  479
  471  461  453  430  397  340  279  261  201                                   
    25.0-180.0 180.0   5.0 450.0                            LAT/LON1/LON2/DLON/H
  252  193  166  145  132  119  114  106  104  104  114  118  129  129  138  140
  147  151  155  154  154  150  151  149  154  158  156  157  151  153  134  119
  102   91   83   91   92  101  126  162  201  228  252  271  295  309  328  340
  359  372  400  426  461  487  518  538  557  569  570  575  570  571  561  558
  553  550  545  528  491  439  367  346  252                                   
    22.5-180.0 180.0   5.0 450.0                            LAT/LON1/LON2/DLON/H
  333  260  221  187  165  150  139  126  119  114  115  117  123  125  132  134
  143  144  148  145  144  141  143  150  156  166  168  172  175  163  149  134
  116   98   89   86  101  104  130  163  210  238  268  286  308  326  346  361
  385  408  443  476  516  543  578  600  628  636  644  647  651  645  641  636
  641  640  640  618  583  533  474  440  333                                   
    20.0-180.0 180.0   5.0 450.0                            LAT/LON1/LON2/DLON/H
  421  354  303  248  218  194  178  158  143  130  127  124  127  127  132  134
  139  140  138  136  133  134  140  152  164  175  181  189  187  178  168  157
  131  110   94   93  102  106  131  167  211  247  280  305  330  354  378  403
  430  463  500  539  574  605  633  658  665  682  687  701  703  701  694  691
  697  700  704  689  662  624  573  531  421                                   
    17.5-180.0 180.0   5.0 450.0                            LAT/LON1/LON2/DLON/H
  499  448  405  350  301  267  240  212  189  164  149  140  135  134  134  134
  135  135  132  131  131  137  148  163  176  189  197  197  187  182  171  156
  135  111   99   92  107  109  139  175  225  261  298  326  353  385  410  447
  473  510  543  579  610  639  663  680  695  707  722  733  743  740  739  733
  740  743  751  741  721  691  660  608  499                                   
    15.0-180.0 180.0   5.0 450.0                            LAT/LON1/LON2/DLON/H
  562  520  481  440  405  369  330  291  257  224  201  180  167  158  153  149
  146  142  139  139  142  150  164  179  195  204  210  200  192  184  181  162
  143  118  104   99  105  115  146  188  232  273  312  347  379  420  453  492
  516  549  574  607  626  654  662  686  690  712  722  741  747  751  750  748
  751  758  765  761  749  723  699  665  562                                   
    12.5-180.0 180.0   5.0 450.0                            LAT/LON1/LON2/DLON/H
  597  575  537  495  464  444  414  379  341  300  266  236  213  195  182  172
  163  158  154  154  161  172  189  202  217  222  213  202  189  183  174  160
  144  120  115  110  114  124  161  199  244  283  326  364  397  442  478  520
  539  569  588  616  630  653  662  676  687  701  718  731  743  747  750  748
  751  756  763  763  753  741  716  682  597                                   
    10.0-180.0 180.0   5.0 450.0                            LAT/LON1/LON2/DLON/H
  615  600  564  532  506  487  467  447  414  386  351  322  287  258  231  213
  201  193  187  188  193  203  216  229  235  235  221  204  192  174  172  151
  141  119  119  103  115  132  170  210  246  286  329  372  413  460  503  537
  552  574  590  611  622  643  644  660  665  683  694  712  725  730  734  731
  732  733  739  739  738  729  710  677  615                                   
     7.5-180.0 180.0   5.0 450.0                            LAT/LON1/LON2/DLON/H
  614  613  585  553  529  511  495  479  461  436  412  383  355  323  287  258
  239  224  219  216  222  225  237  241  247  238  224  204  190  176  171  156
