data/unet/pred0090.15i
     1.0            IONOSPHERE MAPS     GNSS                IONEX VERSION / TYPE
pyspatialgeodesy        IME             05-JAN-18 20:20     PGM / RUN BY / DATE 
Map Name                                                    COMMENT             
Predicted global ionosphere maps (GIM).                     DESCRIPTION         
  2015     1     9     0     0     0                        EPOCH OF FIRST MAP  
  2015     1    10     0     0     0                        EPOCH OF LAST MAP   
  7200                                                      INTERVAL            
    13                                                      # OF MAPS IN FILE   
  NONE                                                      MAPPING FUNCTION    
10.0                                                        ELEVATION CUTOFF    
One-way carrier phase leveled to code                       OBSERVABLES USED    
  6371.0                                                    BASE RADIUS         
 2                                                          MAP DIMENSION       
   450.0 450.0   0.0                                        HGT1 / HGT2 / DHGT  
    87.5 -87.5  -2.5                                        LAT1 / LAT2 / DLAT  
  -180.0 180.0   5.0                                        LON1 / LON2 / DLON  
    -1                                                      EXPONENT            
                                                            END OF HEADER       
[from data line 4290]
    11                                                      START OF TEC MAP    
  2015     1     9    20     0     0                        EPOCH OF CURRENT MAP
    87.5-180.0 180.0   5.0 450.0                            LAT/LON1/LON2/DLON/H
  136  108   92   96   93   94   94   96   96   98   98  100   99  102  100  102
   99  101   98  100   96  100   95   99   95   99   95   98   95   98   95   98
   94   97   93   95   92   94   91   93   90   92   90   91   89   91   89   90
   88   90   87   90   87   91   88   91   89   92   88   91   88   91   87   90
   86   90   85   88   87   91   85  130  136                                   
    85.0-180.0 180.0   5.0 450.0                            LAT/LON1/LON2/DLON/H
   79   78   76   81   80   81   81   84   86   88   89   91   93   94   95   93
   95   92   94   92   94   92   93   92   93   93   93   93   93   92   92   91
   91   89   88   87   85   84   82   81   79   79   77   77   75   77   74   76
   74   76   74   77   75   78   76   80   78   80   78   79   77   77   75   74
   73   72   71   70   72   71   69   96   79                                   
    82.5-180.0 180.0   5.0 450.0                            LAT/LON1/LON2/DLON/H
   70   67   63   67   65   67   67   72   74   80   82   90   92   99   98  103
  101  104  101  103  100  102   98  100   96   98   95   97   94   97   93   96
   92   94   90   91   86   88   83   83   78   80   75   77   72   76   71   75
   71   77   73   79   75   82   78   84   80   86   80   84   79   82   76   78
   72   74   68   69   64   62   53   71   70                                   
    80.0-180.0 180.0   5.0 450.0                            LAT/LON1/LON2/DLON/H
   66   55   54   53   56   55   61   65   73   78   87   92  101  104  110  110
  115  111  113  107  107  101  100   95   94   91   91   90   90   89   90   89
   90   88   89   85   85   81   81   76   75   71   71   67   68   66   67   65
   67   67   71   71   75   76   80   79   83   81   84   81   83   79   79   74
   73   67   66   59   56   52   44   58   66                                   
    77.5-180.0 180.0   5.0 450.0                            LAT/LON1/LON2/DLON/H
   51   44   44   43   45   45   52   57   68   74   88   95  109  114  124  124
  127  123  121  115  109  103   97   93   88   86   84   83   83   83   84   85
   86   86   86   85   83   80   78   74   71   67   65   63   61   61   60   62
   61   65   65   70   70   75   76   79   79   81   80   80   78   77   74   72
   68   65   61   56   51   44   38   45   51                                   
    75.0-180.0 180.0   5.0 450.0                            LAT/LON1/LON2/DLON/H
   49   42   44   45   49   51   61   68   82   92  107  118  131  139  146  148
  148  144  139  129  121  111  102   94   88   84   81   82   79   83   82   86
   85   89   87   88   84   84   79   76   72   69   66   63   62   60   61   60
   62   63   68   69   74   76   79   80   81   81   81   79   78   76   74   71
   68   65   62   58   54   49   44   50   49                                   
    72.5-180.0 180.0   5.0 450.0                            LAT/LON1/LON2/DLON/H
   53   47   50   50   57   58   69   78   93  106  124  139  152  164  170  173
  171  168  159  147  132  120  106   95   85   80   76   76   74   77   79   82
   84   87   88   89   86   86   82   80   74   72   68   66   64   63   62   63
   63   66   67   70   72   76   77   79   79   79   78   77   75   74   71   70
   67   66   62   60   56   52   50   55   53                                   
    70.0-180.0 180.0   5.0 450.0                            LAT/LON1/LON2/DLON/H
   64   55   61   63   68   72   83   94  112  130  149  165  179  189  197  198
  196  191  181  165  149  130  115   97   87   76   71   70   68   70   72   76
   77   80   81   82   80   80   77   76   72   71   68   67   65   65   64   64
   66   66   70   70   74   74   78   76   79   76   76   73   73   70   71   69
   69   68   68   64   64   59   59   67   64                                   
    67.5-180.0 180.0   5.0 450.0                            LAT/LON1/LON2/DLON/H
   74   70   74   76   82   86   97  110  128  148  167  185  199  214  220  226
  223  219  206  190  168  148  125  107   91   79   71   67   64   65   65   68
   68   71   70   72   69   72   68   72   68   69   67   67   65   65   64   64
   64   65   66   67   71   70   72   71   72   70   69   68   67   66   66   66
   66   66   66   67   66   64   65   75   74                                   
    65.0-180.0 180.0   5.0 450.0                            LAT/LON1/LON2/DLON/H
   87   78   87   89   96  101  115  129  149  169  189  208  224  238  245  250
  247  241  227  212  190  166  144  119  104   86   78   68   63   62   59   60
   59   59   56   56   55   56   56   59   59   62   62   64   62   63   60   60
   58   59   59   61   64   64   66   64   66   63   64   61   61   61   61   62
   62   63   65   63   66   64   69   83   87                                   
    62.5-180.0 180.0   5.0 450.0                            LAT/LON1/LON2/DLON/H
   89   92   96  102  111  118  131  145  163  183  202  222  238  256  264  273
  268  264  247  233  211  188  164  140  120  104   90   80   70   64   58   55
   51   49   46   44   42   42   42   46   48   53   55   58   57   57   54   53
   50   50   48   51   51   54   55   56   56   56   55   54   52   53   52   53
   52   54   55   56   58   61   67   82   89                                   
    60.0-180.0 180.0   5.0 450.0                            LAT/LON1/LON2/DLON/H
   94   93  106  112  125  133  149  162  181  199  218  237  255  270  280  287
  284  279  263  248  228  206  187  162  144  120  110   93   86   71   66   57
   52   45   40   35   34   32   34   36   39   44   47   51   50   50   46   45
   41   40   38   39   40   44   45   48   49   50   49   49   48   47   46   46
   46   46   48   48   52   53   62   79   94                                   
    57.5-180.0 180.0   5.0 450.0                            LAT/LON1/LON2/DLON/H
   88  101  112  124  139  146  163  175  193  210  229  248  266  281  291  300
  297  292  274  262  246  229  212  192  172  151  133  117  103   88   78   68
   59   49   42   34   32   27   29   29   34   37   42   44   44   43   39   36
   33   31   28   29   29   33   35   39   41   43   44   44   43   42   39   39
   38   37   38   38   41   45   54   69   88                                   
    55.0-180.0 180.0   5.0 450.0                            LAT/LON1/LON2/DLON/H
   92  102  122  138  156  167  185  198  218  233  252  264  279  288  299  304
  304  298  284  273  262  250  237  218  203  179  162  141  127  107   96   82
   73   60   51   41   36   30   31   31   35   39   42   45   44   44   38   35
   31   29   27   27   27   31   33   38   40   42   43   43   43   41   39   37
   36   34   36   34   38   42   52   66   92                                   
    52.5-180.0 180.0   5.0 450.0                            LAT/LON1/LON2/DLON/H
   90  110  131  151  170  184  204  223  243  259  272  282  290  299  305  311
  311  303  292  284  277  272  265  254  236  212  192  170  154  133  118  103
   91   77   67   53   49   40   39   36   40   42   45   47   47   44   40   35
   31   29   28   28   28   31   33   37   39   41   43   43   42   41   38   37
   36   33   34   32   36   42   52   65   90                                   
    50.0-180.0 180.0   5.0 450.0                            LAT/LON1/LON2/DLON/H
  101  120  148  172  193  215  237  259  277  291  299  301  305  308  312  314
  313  307  298  293  288  287  286  280  267  240  219  195  178  155  137  119
  106   91   80   67   61   53   51   48   50   51   53   55   55   54   50   46
   42   41   39   40   39   42   41   44   44   46   46   46   46   44   43   42
   43   40   43   40   45   51   63   76  101                                   
    47.5-180.0 180.0   5.0 450.0                            LAT/LON1/LON2/DLON/H
  113  134  161  189  216  242  265  289  307  320  322  323  322  321  323  321
  320  311  305  302  299  304  303  304  292  272  245  220  196  173  153  135
  120  105   95   83   78   71   67   63   62   62   63   65   66   64   62   58
   55   54   53   53   52   52   52   52   51   51   50   49   48   47   47   48
   48   48   49   48   54   59   71   88  113                                   
    45.0-180.0 180.0   5.0 450.0                            LAT/LON1/LON2/DLON/H
  132  157  187  216  245  274  299  325  341  352  349  345  342  337  335  331
  326  318  312  311  309  314  316  317  311  289  264  230  206  177  158  137
  123  109  102   94   90   85   81   77   73   71   72   74   75   76   73   73
   70   71   69   70   67   67   64   63   60   58   56   53   52   52   53   55
   58   58   62   61   69   75   94  110  132                                   
    42.5-180.0 180.0   5.0 450.0                            LAT/LON1/LON2/DLON/H
  152  177  203  236  265  296  322  352  367  379  373  369  363  356  351  344
  339  328  324  322  321  328  329  332  323  305  276  241  209  179  158  139
  126  114  109  102  103   98   96   89   85   80   80   82   85   84   84   82
   83   82   83   81   80   78   76   72   69   65   60   56   54   55   55   58
   60   63   66   68   76   86  104  128  152                                   
    40.0-180.0 180.0   5.0 450.0                            LAT/LON1/LON2/DLON/H
  173  199  224  254  281  313  340  369  385  395  390  387  380  374  366  358
  349  340  334  334  333  337  339  337  330  305  278  236  205  172  154  135
  124  113  110  109  111  110  106  101   94   87   86   88   91   91   91   91
   92   93   92   92   89   88   84   82   75   72   64   60   57   55   56   58
   62   66   71   75   88  100  124  147  173                                   
    37.5-180.0 180.0   5.0 450.0                            LAT/LON1/LON2/DLON/H
  191  217  234  267  292  324  350  377  392  404  400  399  394  390  381  373
  365  356  349  349  346  351  349  346  332  309  278  238  205  174  157  141
  132  124  123  121  124  122  120  112  104   96   93   93   95   94   94   93
   94   93   94   93   92   90   89   85   82   75   68   62   58   55   55   56
   58   61   66   72   86  105  131  161  191                                   
    35.0-180.0 180.0   5.0 450.0                            LAT/LON1/LON2/DLON/H
  209  233  251  276  300  329  354  378  393  403  403  405  401  401  392  386
  379  369  363  361  359  361  358  347  332  304  277  235  208  179  168  154
  151  145  145  142  144  141  134  127  115  107  100  100  100  100   98   96
   96   95   95   94   93   93   92   90   85   80   72   67   61   58   54   53
   54   56   61   69   87  110  142  170  209                                   
    32.5-180.0 180.0   5.0 450.0                            LAT/LON1/LON2/DLON/H
  219  248  259  286  307  332  355  375  389  400  399  406  405  406  398  396
  392  386  376  376  372  374  365  353  334  309  280  247  223  203  196  190
  189  187  184  177  174  166  157  145  132  121  112  108  105  102   99   96
   95   93   92   91   91   93   94   91   89   82   76   69   66   60   57   53
   52   50   55   61   82  108  145  180  219                                   
    30.0-180.0 180.0   5.0 450.0                            LAT/LON1/LON2/DLON/H
  229  258  275  295  316  339  359  372  387  392  398  401  405  407  401  400
  399  393  384  382  378  376  366  351  333  305  284  256  243  230  234  237
  243  241  235  222  210  198  183  170  153  142  129  125  117  113  107  104
  101   99   98   97   97   99   99   99   93   87   79   74   70   66   61   56
   53   50   54   61   80  109  152  189  229                                   
    27.5-180.0 180.0   5.0 450.0                            LAT/LON1/LON2/DLON/H
  236  268  290  311  332  354  368  380  388  392  395  401  404  407  403  406
  405  404  392  390  384  382  369  356  338  315  298  283  280  281  297  310
  319  314  298  275  253  232  215  195  178  163  150  143  134  126  120  115
  113  111  109  106  103  105  106  104   99   89   83   74   72   66   62   55
   54   49   57   63   83  111  155  199  236                                   
    25.0-180.0 180.0   5.0 450.0                            LAT/LON1/LON2/DLON/H
  247  279  309  333  357  377  391  399  404  404  404  408  412  411  409  408
  409  407  396  391  384  380  370  357  344  326  320  318  334  351  381  392
  403  395  374  338  306  270  243  222  202  188  176  169  157  148  140  136
  132  131  128  124  121  118  116  112  105   94   86   79   75   69   65   61
   60   59   65   77   95  125  171  214  247                                   
    22.5-180.0 180.0   5.0 450.0                            LAT/LON1/LON2/DLON/H
  259  300  336  362  386  407  423  431  432  433  428  430  431  429  423  419
  420  418  406  399  389  385  377  368  361  353  359  371  405  432  451  448
  450  436  430  402  362  319  281  252  233  217  208  198  189  180  171  165
  162  157  153  146  141  133  129  119  112   96   89   79   78   70   71   63
   71   67   80   88  112  140  182  237  259                                   
    20.0-180.0 180.0   5.0 450.0                            LAT/LON1/LON2/DLON/H
  285  325  371  400  427  454  466  480  473  484  472  470  464  455  449  436
  437  426  418  407  398  391  386  381  380  383  404  435  473  489  507  501
  496  468  454  432  406  355  317  281  264  247  236  221  212  204  198  194
  188  184  176  169  160  151  143  132  119  102   89   80   75   70   68   69
   75   81   93  109  131  162  208  263  285                                   
    17.5-180.0 180.0   5.0 450.0                            LAT/LON1/LON2/DLON/H
  305  355  404  434  464  492  507  521  531  538  530  520  506  489  476  469
  468  452  441  429  419  410  406  405  412  430  463  493  524  544  558  549
  530  494  465  441  414  378  339  309  287  268  256  242  233  224  218  213
  209  206  199  190  181  168  160  142  131  109   98   85   82   73   75   74
   88   97  117  129  156  191  230  289  305                                   
    15.0-180.0 180.0   5.0 450.0                            LAT/LON1/LON2/DLON/H
  331  375  431  468  505  541  563  591  604  620  603  596  567  542  527  516
  513  488  475  457  445  438  436  438  457  481  513  534  564  583  589  569
  544  496  465  436  415  376  348  320  302  279  267  251  243  232  226  219
  217  210  203  190  183  172  165  148  137  115  103   91   85   76   77   78
   93  106  124  145  171  213  257  305  331                                   
    12.5-180.0 180.0   5.0 450.0                            LAT/LON1/LON2/DLON/H
  342  395  446  484  523  557  588  620  652  668  663  650  629  610  591  583
  570  550  524  503  489  482  483  492  517  541  558  576  592  599  593  563
  526  482  450  429  400  376  349  333  312  293  276  261  250  239  230  222
  216  212  202  192  181  173  167  155  145  124  114  101   94   83   83   81
   98  112  134  157  188  229  273  324  342                                   
    10.0-180.0 180.0   5.0 450.0                            LAT/LON1/LON2/DLON/H
  359  402  458  493  538  573  604  639  672  706  702  700  675  670  658  651
  640  614  586  556  541  532  538  551  572  584  592  599  611  606  589  548
  508  463  436  412  390  367  353  336  321  297  284  264  253  237  228  217
  212  205  198  185  178  167  164  152  148  130  119  107  100   89   86   86
   98  112  131  159  195  237  288  329  359                                   
     7.5-180.0 180.0   5.0 450.0                            LAT/LON1/LON2/DLON/H
  360  412  464  505  544  573  598  633  677  709  713  712  700  710  711  713
  703  684  650  623  600  593  596  610  619  624  618  620  616  604  576  533
