data/unet/pred0630.15i
     1.0            IONOSPHERE MAPS     GNSS                IONEX VERSION / TYPE
pyspatialgeodesy        IME             05-JAN-18 20:20     PGM / RUN BY / DATE 
Map Name                                                    COMMENT             
Predicted global ionosphere maps (GIM).                     DESCRIPTION         
  2015     3     4     0     0     0                        EPOCH OF FIRST MAP  
  2015     3     5     0     0     0                        EPOCH OF LAST MAP   
  7200                                                      INTERVAL            
    13                                                      # OF MAPS IN FILE   
  NONE                                                      MAPPING FUNCTION    
10.0                                                        ELEVATION CUTOFF    
One-way carrier phase leveled to code                       OBSERVABLES USED    
  6371.0                                                    BASE RADIUS         
 2                                                          MAP DIMENSION       
   450.0 450.0   0.0                                        HGT1 / HGT2 / DHGT  
    87.5 -87.5  -2.5                                        LAT1 / LAT2 / DLAT  
  -180.0 180.0   5.0                                        LON1 / LON2 / DLON  
    -1                                                      EXPONENT            
                                                            END OF HEADER       
[from data line 2574]
     7                                                      START OF TEC MAP    
  2015     3     4    12     0     0                        EPOCH OF CURRENT MAP
    87.5-180.0 180.0   5.0 450.0                            LAT/LON1/LON2/DLON/H
  142  147  150  148  150  149  152  152  154  154  155  154  155  155  156  157
  157  158  159  160  160  161  161  161  161  160  161  159  160  157  158  155
  156  153  153  149  149  145  146  141  142  138  137  134  133  130  129  125
  125  123  121  121  120  121  120  122  122  124  123  127  127  129  129  132
  132  134  135  135  135  133  144  133  142                                   
    85.0-180.0 180.0   5.0 450.0                            LAT/LON1/LON2/DLON/H
  128  133  137  133  133  133  134  137  139  142  143  146  144  148  145  149
  146  152  149  154  152  158  157  161  160  164  163  165  164  166  165  166
  164  164  161  160  157  153  149  146  141  137  132  130  124  122  116  116
  112  111  108  108  107  107  108  108  111  111  113  114  117  116  119  118
  122  120  124  122  124  122  131  147  128                                   
    82.5-180.0 180.0   5.0 450.0                            LAT/LON1/LON2/DLON/H
  120  121  119  118  116  115  117  117  122  120  125  121  126  120  125  120
  126  123  130  128  137  136  145  145  154  155  163  162  169  167  174  171
  177  171  175  167  170  158  157  145  142  133  127  121  115  110  105  102
   98   96   93   93   92   92   92   95   96   98   99  103  105  106  109  110
  112  113  114  113  112  112  116  125  120                                   
    80.0-180.0 180.0   5.0 450.0                            LAT/LON1/LON2/DLON/H
  106  108  100   97   95   96   99   98  101  100  104  101  104  101  104  103
  106  107  110  113  117  123  128  136  141  149  155  161  166  171  175  178
  181  181  181  179  177  171  164  155  147  138  131  123  116  108  104   98
   96   91   91   89   90   90   92   94   96   99  100  105  104  109  109  112
  110  112  109  108  103  100   99  111  106                                   
    77.5-180.0 180.0   5.0 450.0                            LAT/LON1/LON2/DLON/H
   97   92   83   79   75   78   79   81   81   81   82   80   82   79   82   81
   83   84   87   91   95  104  110  121  127  138  145  155  162  170  176  182
  186  188  192  190  192  184  181  170  164  152  146  135  127  120  113  108
  103  101  100  100   98  100  100  103  105  108  110  113  115  117  118  119
  116  115  110  106   99   92   91   99   97                                   
    75.0-180.0 180.0   5.0 450.0                            LAT/LON1/LON2/DLON/H
   95   87   80   78   73   73   74   74   78   74   77   70   72   67   69   66
   69   69   74   77   82   92   96  112  117  133  139  153  159  172  179  188
  194  201  204  205  207  201  199  190  185  176  167  159  150  144  134  130
  122  121  117  117  114  115  113  115  115  119  120  125  124  130  128  130
  125  126  118  116  104   98   93   97   95                                   
    72.5-180.0 180.0   5.0 450.0                            LAT/LON1/LON2/DLON/H
   97   87   78   76   73   73   71   73   71   70   66   61   59   54   54   52
   53   55   60   65   73   83   92  107  116  130  138  150  160  172  181  192
  202  211  217  222  223  221  218  213  208  200  193  183  181  171  169  160
  156  149  147  141  138  133  131  128  129  128  130  130  134  134  136  135
  133  131  125  119  111  100   99  100   97                                   
    70.0-180.0 180.0   5.0 450.0                            LAT/LON1/LON2/DLON/H
  101   87   81   83   78   78   76   76   74   70   66   59   55   49   48   45
   48   49   57   61   72   83   93  108  116  131  139  150  158  170  180  196
  206  220  226  233  237  238  235  234  230  228  221  217  212  209  202  198
  192  185  179  168  162  151  146  137  133  129  125  126  126  129  130  130
  131  128  125  121  115  108  101  104  101                                   
    67.5-180.0 180.0   5.0 450.0                            LAT/LON1/LON2/DLON/H
  103   95   85   86   84   84   83   83   80   74   68   60   55   48   48   43
   48   48   59   65   80   89  103  114  124  133  142  149  158  167  178  194
  209  219  228  235  242  243  245  243  245  242  242  238  237  231  227  220
  216  208  202  191  181  164  156  143  136  125  120  115  115  115  118  117
  120  119  118  116  114  107  105  109  103                                   
    65.0-180.0 180.0   5.0 450.0                            LAT/LON1/LON2/DLON/H
  103   94   87   91   89   92   89   91   87   82   75   67   60   54   53   50
   55   57   67   77   89  104  116  127  135  144  149  155  161  170  180  196
  210  221  230  237  244  246  247  248  250  251  252  252  251  247  243  238
  232  225  217  206  192  172  156  139  128  115  105   97   95   93   94   96
   99  102  102  104  103  103  100  110  103                                   
    62.5-180.0 180.0   5.0 450.0                            LAT/LON1/LON2/DLON/H
  100   94   86   90   90   91   93   92   90   84   79   71   68   59   62   57
   65   65   78   85  101  112  124  133  139  145  149  154  160  168  181  197
  215  225  234  239  248  248  253  255  262  264  265  266  266  261  256  246
  240  230  223  209  195  175  156  136  124  108   97   85   80   75   74   71
   76   78   84   85   90   91   93  104  100                                   
    60.0-180.0 180.0   5.0 450.0                            LAT/LON1/LON2/DLON/H
   92   83   79   81   85   86   90   88   87   82   79   72   68   64   63   65
   67   76   80   96  103  118  124  137  140  147  149  155  160  170  180  200
  217  230  240  248  253  259  259  267  270  278  275  283  279  277  266  258
  248  238  228  216  199  179  157  139  122  107   94   82   74   67   62   57
   59   59   65   70   75   82   83   95   92                                   
    57.5-180.0 180.0   5.0 450.0                            LAT/LON1/LON2/DLON/H
   84   74   68   72   74   76   79   78   76   74   70   68   65   63   65   66
   73   76   85   91  104  112  122  129  134  140  145  152  161  172  187  206
  226  239  252  258  266  268  275  281  289  293  295  297  297  289  279  265
  255  243  233  221  206  188  167  151  134  120  106   96   84   77   68   61
   57   52   57   58   65   69   73   81   84                                   
    55.0-180.0 180.0   5.0 450.0                            LAT/LON1/LON2/DLON/H
   78   64   61   62   68   67   72   68   68   65   63   61   59   60   61   65
   68   75   78   90   95  109  113  126  127  139  141  154  161  179  193  217
  236  255  266  276  282  288  291  301  304  312  310  317  312  307  294  282
  269  259  248  237  224  208  188  173  158  143  130  118  107   98   87   78
   67   60   57   57   61   67   72   75   78                                   
    52.5-180.0 180.0   5.0 450.0                            LAT/LON1/LON2/DLON/H
   82   66   58   58   60   60   63   61   60   57   56   57   55   58   58   62
   66   72   77   82   90  100  109  118  125  134  144  156  172  187  206  228
  253  269  285  294  303  305  312  318  326  330  333  336  333  326  313  297
  285  274  265  257  245  235  221  205  190  175  162  150  139  130  116  105
   91   81   74   68   69   69   73   75   82                                   
    50.0-180.0 180.0   5.0 450.0                            LAT/LON1/LON2/DLON/H
   91   74   67   61   63   62   63   58   57   53   51   53   52   55   54   61
   61   69   70   82   85  101  105  122  124  141  147  167  178  202  217  249
  268  291  302  317  322  329  332  341  344  353  353  361  353  349  333  320
  308  300  290  284  271  262  248  237  219  205  189  180  168  162  150  137
  120  110   96   90   84   84   85   86   91                                   
    47.5-180.0 180.0   5.0 450.0                            LAT/LON1/LON2/DLON/H
  107   88   79   74   71   67   67   63   60   56   55   55   55   56   55   60
   62   68   73   81   88  101  110  122  131  144  158  177  194  214  236  263
  285  305  322  333  339  344  350  357  364  371  374  377  372  363  350  336
  326  316  310  303  292  279  265  252  237  220  206  194  188  181  174  162
  149  136  124  109  103   98  101  105  107                                   
    45.0-180.0 180.0   5.0 450.0                            LAT/LON1/LON2/DLON/H
  120  104   95   90   87   83   79   72   69   64   63   66   62   64   59   64
   62   71   73   88   92  110  116  134  139  160  169  193  206  229  249  277
  292  315  329  346  352  361  369  377  382  389  388  392  383  376  360  350
  339  333  323  316  302  289  271  259  239  221  205  197  190  189  185  179
  167  157  142  129  118  119  120  124  120                                   
    42.5-180.0 180.0   5.0 450.0                            LAT/LON1/LON2/DLON/H
  132  119  113  107  104   98   93   85   81   76   75   77   74   72   69   71
   72   80   85   95  101  117  127  144  153  171  185  207  221  243  262  285
  299  324  338  356  366  377  387  393  401  401  403  401  394  382  370  358
  350  340  330  319  303  286  267  245  224  204  190  181  178  178  178  175
  169  160  149  133  125  122  133  141  132                                   
    40.0-180.0 180.0   5.0 450.0                            LAT/LON1/LON2/DLON/H
  137  134  125  124  121  116  109  100   96   92   90   94   89   87   79   81
   78   88   89  105  108  128  136  158  166  188  199  222  234  256  267  288
  301  325  340  363  376  393  404  414  418  418  414  413  403  396  380  373
  360  353  337  325  304  288  264  240  215  194  178  168  162  162  163  163
  159  152  140  128  121  124  132  144  137                                   
    37.5-180.0 180.0   5.0 450.0                            LAT/LON1/LON2/DLON/H
  135  136  133  132  130  125  118  111  105  103  102  105  104  100   94   93
   92   98  101  110  117  134  148  167  178  198  213  233  247  259  269  281
  300  320  346  374  400  420  434  440  444  440  438  432  423  415  403  393
  383  370  356  339  319  297  270  242  216  193  176  163  155  150  146  145
  142  135  126  115  109  109  121  135  135                                   
    35.0-180.0 180.0   5.0 450.0                            LAT/LON1/LON2/DLON/H
  129  128  122  126  127  125  120  114  111  109  112  117  115  113  105  106
  102  110  111  124  129  147  160  180  191  214  226  247  257  269  275  291
  306  337  365  404  428  460  469  483  482  481  473  467  457  447  432  423
  410  399  382  367  347  329  301  275  244  222  202  187  172  161  153  148
  141  133  120  111   99  105  111  122  129                                   
    32.5-180.0 180.0   5.0 450.0                            LAT/LON1/LON2/DLON/H
  122  118  112  117  119  118  117  111  110  109  113  119  122  121  118  117
  116  118  123  131  141  157  173  191  204  226  241  258  266  274  286  300
  324  362  399  456  482  525  530  547  540  544  527  519  507  493  483  474
  461  453  437  429  413  402  378  358  330  303  278  252  231  209  195  181
  168  152  137  120  107  103  105  104  122                                   
    30.0-180.0 180.0   5.0 450.0                            LAT/LON1/LON2/DLON/H
  104   94   95  102  107  106  105  100  102  101  108  116  118  123  121  125
  121  127  129  139  150  170  187  206  220  240  256  272  282  294  308  335
  370  418  463  512  549  581  596  612  609  612  596  583  564  546  536  531
  521  512  503  495  489  482  466  447  420  394  370  349  321  295  262  238
  209  195  164  150  121  112  109   98  104                                   
    27.5-180.0 180.0   5.0 450.0                            LAT/LON1/LON2/DLON/H
   94   99   90   92   94   96   98   96   96   96  100  107  114  121  124  129
  128  129  133  141  159  178  197  217  228  250  269  288  303  315  345  382
  425  479  520  574  596  640  650  675  666  681  657  651  621  608  593  593
  588  589  581  583  578  582  572  561  536  516  494  469  433  392  347  307
  269  245  218  191  164  143  130   91   94                                   
    25.0-180.0 180.0   5.0 450.0                            LAT/LON1/LON2/DLON/H
  107  110  104  101   95   92   88   81   83   81   88   91  103  112  117  125
  125  129  133  146  165  191  212  229  248  262  281  303  320  350  391  422
  486  534  584  616  648  680  698  724  726  736  720  709  686  673  664  666
  674  676  679  680  682  682  677  664  645  623  605  590  565  517  460  407
  358  332  291  256  210  188  169  127  107                                   
    22.5-180.0 180.0   5.0 450.0                            LAT/LON1/LON2/DLON/H
  146  143  121  105  102  106  100   92   87   83   84   86   99  106  119  122
  125  127  136  153  178  206  226  249  262  283  298  321  341  381  426  471
  547  590  632  657  684  711  732  754  769  780  770  760  743  739  735  744
  748  759  760  768  765  764  749  736  710  690  674  664  645  612  558  523
  485  446  400  353  294  265  237  177  146                                   
    20.0-180.0 180.0   5.0 450.0                            LAT/LON1/LON2/DLON/H
  211  200  164  140  127  118  114  111   98   86   82   81   90   99  111  116
  119  121  134  155  191  214  247  256  278  292  310  338  379  426  488  534
  610  643  682  702  726  750  768  789  807  817  811  799  789  790  791  802
  810  816  820  823  819  810  792  770  746  726  714  710  701  682  627  593
  545  524  481  446  389  353  325  261  211                                   
    17.5-180.0 180.0   5.0 450.0                            LAT/LON1/LON2/DLON/H
  282  252  206  167  145  123  119  119  119  104   88   83   85   95  108  115
  120  121  140  162  202  235  260  276  283  301  322  363  414  473  539  585
  645  680  711  738  750  767  780  801  820  835  832  829  824  831  840  845
  847  848  851  849  845  832  814  780  751  725  712  698  689  675  645  619
  583  564  522  493  446  435  410  342  282                                   
    15.0-180.0 180.0   5.0 450.0                            LAT/LON1/LON2/DLON/H
  343  303  259  217  182  154  138  133  132  127  103   92   83   90   96  108
  117  123  142  163  203  235  263  278  299  316  354  401  464  522  581  631
  670  699  729  750  759  768  779  798  817  828  832  828  835  839  852  853
  855  849  849  842  837  816  786  744  696  665  638  643  632  635  620  613
  590  575  543  510  475  454  454  380  343                                   
    12.5-180.0 180.0   5.0 450.0                            LAT/LON1/LON2/DLON/H
  378  352  299  253  211  170  153  141  137  134  123  105   98   97  102  108
  117  121  146  166  203  231  261  278  302  332  381  443  500  548  602  641
  676  704  724  744  749  757  769  786  803  820  826  826  837  845  860  863
  861  850  841  826  811  779  742  675  626  582  563  548  549  564  571  572
  566  561  544  516  489  483  481  407  378                                   
    10.0-180.0 180.0   5.0 450.0                            LAT/LON1/LON2/DLON/H
  391  378  332  288  248  204  166  148  149  145  138  130  112  111  108  114
  114  126  145  176  205  236  265  294  326  355  420  476  521  569  612  643
  677  696  721  731  743  748  761  777  797  805  819  819  830  841  857  860
  853  835  819  794  770  736  688  632  576  534  508  488  489  503  518  534
  535  536  518  492  474  464  476  402  391                                   
     7.5-180.0 180.0   5.0 450.0                            LAT/LON1/LON2/DLON/H
  395  390  355  312  272  231  187  160  155  152  150  138  132  118  121  116
  116  120  135  169  196  230  258  287  334  374  441  498  541  576  608  632
