data/unet/pred0760.15i
     1.0            IONOSPHERE MAPS     GNSS                IONEX VERSION / TYPE
pyspatialgeodesy        IME             05-JAN-18 20:20     PGM / RUN BY / DATE 
Map Name                                                    COMMENT             
Predicted global ionosphere maps (GIM).                     DESCRIPTION         
  2015     3    17     0     0     0                        EPOCH OF FIRST MAP  
  2015     3    18     0     0     0                        EPOCH OF LAST MAP   
  7200                                                      INTERVAL            
    13                                                      # OF MAPS IN FILE   
  NONE                                                      MAPPING FUNCTION    
10.0                                                        ELEVATION CUTOFF    
One-way carrier phase leveled to code                       OBSERVABLES USED    
  6371.0                                                    BASE RADIUS         
 2                                                          MAP DIMENSION       
   450.0 450.0   0.0                                        HGT1 / HGT2 / DHGT  
    87.5 -87.5  -2.5                                        LAT1 / LAT2 / DLAT  
  -180.0 180.0   5.0                                        LON1 / LON2 / DLON  
    -1                                                      EXPONENT            
                                                            END OF HEADER       
[from data line 3003]
     8                                                      START OF TEC MAP    
  2015     3    17    14     0     0                        EPOCH OF CURRENT MAP
    87.5-180.0 180.0   5.0 450.0                            LAT/LON1/LON2/DLON/H
  162  180  187  190  191  190  192  191  192  191  192  190  192  188  190  185
  188  184  187  184  188  186  188  186  187  185  185  182  181  179  177  176
  175  174  173  173  172  172  171  171  171  170  170  169  169  168  168  167
  168  167  168  166  168  167  168  167  169  168  168  169  170  171  172  174
  175  178  178  181  182  185  201  166  162                                   
    85.0-180.0 180.0   5.0 450.0                            LAT/LON1/LON2/DLON/H
  158  167  172  178  181  184  184  185  185  185  185  184  185  182  183  180
  181  179  181  178  182  179  182  180  182  180  180  179  177  177  174  173
  170  171  167  167  165  164  162  161  159  159  156  155  154  153  151  150
  149  148  147  146  144  145  142  143  141  142  139  141  140  142  142  146
  149  153  156  159  164  167  177  168  158                                   
    82.5-180.0 180.0   5.0 450.0                            LAT/LON1/LON2/DLON/H
  151  155  160  165  169  170  175  172  179  172  179  172  178  172  176  172
  173  172  171  173  172  175  173  177  175  178  175  178  174  176  171  173
  169  171  166  166  162  161  158  155  154  149  149  142  144  138  140  134
  137  132  134  128  131  125  129  122  127  119  124  118  123  120  124  123
  128  129  134  139  143  146  160  147  151                                   
    80.0-180.0 180.0   5.0 450.0                            LAT/LON1/LON2/DLON/H
  129  137  140  147  152  154  158  158  162  159  162  158  160  156  158  154
  156  152  155  153  157  156  159  159  163  163  165  166  167  168  167  169
  166  168  164  165  161  161  155  154  149  147  142  140  136  135  132  130
  128  128  126  125  124  123  121  120  118  118  116  117  114  116  114  115
  114  117  116  120  120  123  130  127  129                                   
    77.5-180.0 180.0   5.0 450.0                            LAT/LON1/LON2/DLON/H
  108  118  118  125  128  132  137  137  140  138  139  134  136  129  131  127
  130  128  132  133  138  140  147  150  155  158  163  165  168  170  171  173
  173  175  174  173  172  168  166  160  158  151  150  143  142  136  136  131
  131  128  129  127  126  125  123  121  119  118  114  114  110  110  106  107
  101  103   98  102   97  102  106  107  108                                   
    75.0-180.0 180.0   5.0 450.0                            LAT/LON1/LON2/DLON/H
   97  101  104  111  117  121  123  126  125  124  124  119  121  114  117  112
  118  116  125  126  136  139  148  152  161  164  171  172  178  179  182  183
  185  186  187  187  187  183  181  174  171  165  162  156  154  150  148  145
  142  141  139  137  134  133  129  128  125  123  120  117  113  112  107  106
  101  100   95   93   91   90   95   94   97                                   
    72.5-180.0 180.0   5.0 450.0                            LAT/LON1/LON2/DLON/H
   90   96   95  101  103  106  110  110  111  110  108  104  102   98  100   98
  105  108  119  126  138  145  156  163  172  177  182  184  187  189  191  194
  196  199  201  202  203  201  198  193  189  183  180  174  172  167  166  161
  159  156  154  151  147  144  139  137  133  131  126  125  119  117  110  109
  101   99   91   92   87   87   88   89   90                                   
    70.0-180.0 180.0   5.0 450.0                            LAT/LON1/LON2/DLON/H
   91   90   90   93   98  100  103  103  102  100   97   93   92   89   91   93
  102  109  121  132  146  156  169  178  186  192  197  198  201  200  203  204
  210  213  217  218  221  218  217  209  208  199  198  191  190  186  184  179
  176  172  169  163  159  152  148  142  137  132  127  125  119  118  112  110
  104  101   96   91   89   85   88   84   91                                   
    67.5-180.0 180.0   5.0 450.0                            LAT/LON1/LON2/DLON/H
   93   91   87   90   91   93   95   95   94   93   90   89   87   86   88   93
  102  113  127  143  157  173  183  195  199  207  207  212  210  214  213  218
  220  225  230  231  233  231  230  223  220  214  212  206  205  200  198  192
  188  182  177  169  163  154  148  140  134  127  122  120  114  114  108  109
  101  103   94   93   86   89   91   87   93                                   
    65.0-180.0 180.0   5.0 450.0                            LAT/LON1/LON2/DLON/H
   93   86   82   82   83   84   86   86   87   85   85   83   83   82   87   92
  104  116  131  148  162  179  191  201  207  213  217  220  220  223  225  230
  235  240  245  246  248  245  242  235  230  224  222  217  216  210  207  199
  194  186  181  170  163  152  144  134  126  118  111  108  103  103   99   99
   96   96   93   92   90   91   91   84   93                                   
    62.5-180.0 180.0   5.0 450.0                            LAT/LON1/LON2/DLON/H
   91   84   75   74   71   72   73   75   76   78   78   80   79   83   86   96
  105  120  133  153  165  183  191  206  208  217  216  223  222  227  229  237
  245  250  256  255  257  251  247  239  235  229  227  224  222  216  212  202
  197  186  180  167  160  145  136  124  114  105   97   94   89   92   88   91
   87   90   87   91   85   90   89   83   91                                   
    60.0-180.0 180.0   5.0 450.0                            LAT/LON1/LON2/DLON/H
   86   74   65   62   58   58   58   61   64   67   71   72   77   78   87   93
  106  115  132  145  159  173  185  196  204  209  213  220  222  228  236  244
  254  259  265  264  265  258  253  243  240  233  232  226  225  217  213  203
  196  185  178  164  155  141  130  117  107   96   89   83   83   83   84   83
   82   83   84   84   83   85   83   76   86                                   
    57.5-180.0 180.0   5.0 450.0                            LAT/LON1/LON2/DLON/H
   82   72   58   56   48   47   46   50   53   57   61   67   71   78   84   96
  103  118  128  145  153  168  176  190  194  204  207  216  220  231  241  253
  263  269  274  272  271  263  258  249  246  242  240  235  231  224  218  207
  199  186  180  164  154  140  129  117  107   97   88   85   81   84   79   82
   78   80   78   79   76   80   76   74   82                                   
    55.0-180.0 180.0   5.0 450.0                            LAT/LON1/LON2/DLON/H
   81   66   56   51   42   41   39   42   46   51   55   59   67   72   85   91
  105  112  126  135  146  157  168  179  189  197  206  214  224  235  251  264
  277  283  286  283  281  271  267  258  257  252  252  245  241  231  226  215
  207  193  185  171  161  150  140  131  120  111  101   97   93   92   90   86
   86   82   84   80   81   79   76   72   81                                   
    52.5-180.0 180.0   5.0 450.0                            LAT/LON1/LON2/DLON/H
   85   73   59   56   45   43   41   44   46   51   54   61   65   76   84   99
  107  119  126  140  146  160  167  181  188  201  208  221  231  247  262  279
  291  296  299  294  291  282  279  272  273  269  270  263  258  247  239  228
  219  204  196  181  174  163  156  148  140  132  124  120  114  112  104  102
   95   94   89   88   86   85   82   82   85                                   
    50.0-180.0 180.0   5.0 450.0                            LAT/LON1/LON2/DLON/H
   94   83   73   67   58   53   50   49   50   53   57   60   66   74   87   97
  111  118  131  140  150  160  172  185  198  208  221  232  247  259  279  294
  309  314  317  310  307  298  298  290  292  288  289  281  276  265  256  243
  233  218  208  194  186  178  172  166  159  152  146  144  139  137  130  124
  118  111  107  101  101   96   94   96   94                                   
    47.5-180.0 180.0   5.0 450.0                            LAT/LON1/LON2/DLON/H
  109  104   92   87   77   72   66   65   62   64   65   71   73   84   91  109
  119  133  140  154  159  174  183  202  210  227  236  252  261  278  290  309
  320  326  328  323  322  316  316  311  311  308  306  300  292  282  272  258
  245  228  216  200  192  183  175  170  164  161  157  157  153  155  148  147
  136  134  124  122  117  116  115  118  109                                   
    45.0-180.0 180.0   5.0 450.0                            LAT/LON1/LON2/DLON/H
  122  123  114  109  102   94   88   80   78   74   78   79   85   92  104  117
  132  143  155  164  174  186  201  215  230  243  256  268  278  291  303  317
  328  335  339  337  339  334  334  330  328  324  320  313  304  294  284  269
  254  234  220  202  191  180  170  163  158  155  156  157  159  162  161  160
  155  150  146  139  136  133  132  134  122                                   
    42.5-180.0 180.0   5.0 450.0                            LAT/LON1/LON2/DLON/H
  133  140  130  128  123  116  109  101   95   91   91   95   98  109  119  136
  148  162  170  183  189  203  215  233  245  262  271  283  291  300  308  319
  330  337  346  348  354  352  353  348  345  339  333  323  313  301  290  274
  257  234  216  197  183  167  153  144  140  138  139  144  148  156  156  160
  155  155  149  149  145  146  152  150  133                                   
    40.0-180.0 180.0   5.0 450.0                            LAT/LON1/LON2/DLON/H
  137  147  141  140  137  131  124  114  108  103  104  107  114  124  137  154
  167  179  189  198  204  215  231  246  263  276  287  297  301  307  311  320
  329  341  353  363  373  376  377  371  363  353  344  333  321  308  295  278
  258  236  213  194  176  155  138  126  121  121  124  130  136  145  148  154
  153  154  152  148  150  149  155  152  137                                   
    37.5-180.0 180.0   5.0 450.0                            LAT/LON1/LON2/DLON/H
  135  146  141  142  137  135  128  122  115  112  112  119  125  144  156  176
  187  201  208  214  220  227  240  257  273  288  297  307  311  315  317  328
  338  357  373  389  402  407  409  399  389  374  363  348  338  321  308  288
  269  246  226  200  181  157  138  123  118  117  121  125  130  135  136  140
  138  140  137  139  136  143  149  149  135                                   
    35.0-180.0 180.0   5.0 450.0                            LAT/LON1/LON2/DLON/H
  127  132  130  130  130  125  124  115  114  110  116  124  138  158  175  192
  206  217  224  228  232  236  251  264  284  295  305  313  318  323  328  341
  358  383  409  429  445  450  450  439  423  404  390  372  359  340  324  305
  287  269  249  229  205  184  162  146  138  136  137  137  138  139  138  137
  133  132  126  128  125  129  134  135  127                                   
    32.5-180.0 180.0   5.0 450.0                            LAT/LON1/LON2/DLON/H
  112  118  113  114  111  114  110  110  106  108  112  126  142  167  184  206
  219  231  236  239  242  248  258  275  288  303  310  322  329  343  352  372
  393  426  453  479  493  502  500  488  470  451  432  415  400  384  367  349
  336  323  312  301  279  250  227  209  209  197  189  182  172  164  156  148
  140  131  124  119  113  115  112  124  112                                   
    30.0-180.0 180.0   5.0 450.0                            LAT/LON1/LON2/DLON/H
  101  100   94   94   92   92   97   93   97   96  109  121  145  169  191  211
  228  235  245  247  253  257  271  282  296  306  317  330  344  364  382  408
  436  474  503  534  549  558  553  540  523  503  487  468  455  440  424  410
  401  395  381  374  361  340  312  293  279  274  272  253  228  211  195  183
  171  159  149  131  122  114  106  107  101                                   
    27.5-180.0 180.0   5.0 450.0                            LAT/LON1/LON2/DLON/H
   82  103   88   86   79   84   81   85   84   89   95  112  133  165  187  212
  227  240  248  256  263  272  281  291  300  311  321  338  361  392  418  451
  485  526  559  587  602  610  603  592  571  560  544  535  520  512  494  492
  482  481  476  473  463  444  421  398  385  372  367  354  327  303  269  249
  228  215  192  173  153  141  128   97   82                                   
    25.0-180.0 180.0   5.0 450.0                            LAT/LON1/LON2/DLON/H
   82  102   88   83   75   79   77   79   79   79   88  101  129  155  185  207
  228  238  253  262  275  282  294  299  310  317  335  356  388  420  458  496
  538  583  615  641  651  657  648  641  631  622  616  604  595  580  568  560
  558  561  570  575  575  564  543  526  504  490  467  455  422  402  355  337
  290  262  227  199  175  151  148  106   82                                   
    22.5-180.0 180.0   5.0 450.0                            LAT/LON1/LON2/DLON/H
   87  108   93   80   78   76   79   87   84   86   84   99  114  143  168  199
  221  238  256  270  283  292  299  309  316  329  350  380  414  448  491  539
  589  636  662  685  690  689  686  684  680  681  673  670  658  649  634  629
  619  625  628  639  637  629  611  600  587  578  563  547  513  490  436  417
  363  337  287  251  216  185  180  131   87                                   
    20.0-180.0 180.0   5.0 450.0                            LAT/LON1/LON2/DLON/H
  121  140  113   97   84   84   86   90   90   93   89   90  106  129  158  188
  216  237  260  275  290  300  310  317  328  342  371  400  442  474  528  577
  636  673  697  711  709  707  705  710  711  713  709  702  694  683  670  664
  653  654  654  665  665  661  639  625  610  610  607  599  573  562  519  499
  448  418  365  323  281  244  232  185  121                                   
    17.5-180.0 180.0   5.0 450.0                            LAT/LON1/LON2/DLON/H
  156  164  148  120  107  100  101  102  101  102  101  101  105  128  146  183
  213  241  265  284  299  312  319  327  336  358  386  421  461  505  562  621
  666  701  718  720  716  707  715  713  725  727  726  725  720  714  700  694
  673  667  657  657  651  631  609  588  576  575  584  589  579  574  546  535
  495  475  429  391  342  307  284  226  156                                   
    15.0-180.0 180.0   5.0 450.0                            LAT/LON1/LON2/DLON/H
  191  187  164  141  128  117  110  109  102  100  100  101  109  121  147  174
  216  245  270  290  306  318  327  332  348  372  409  444  492  543  598  644
  683  704  719  712  703  698  708  714  725  734  735  737  728  726  712  705
  683  664  643  629  606  570  546  512  505  498  520  529  546  549  546  535
  518  498  465  426  385  344  329  271  191                                   
    12.5-180.0 180.0   5.0 450.0                            LAT/LON1/LON2/DLON/H
  214  209  183  154  141  128  120  114  107  104  104  107  119  135  156  185
  217  250  276  299  313  326  330  339  352  383  422  470  523  580  621  662
  689  705  712  702  696  691  707  710  727  731  734  733  727  723  712  701
  676  646  611  562  518  473  437  412  405  409  428  457  476  495  496  501
  491  482  459  431  397  363  349  284  214                                   
    10.0-180.0 180.0   5.0 450.0                            LAT/LON1/LON2/DLON/H
  225  217  190  168  142  128  120  113  103  102  103  103  120  141  174  200
  229  255  281  302  321  332  341  348  368  400  445  497  553  604  639  670
  686  695  700  697  696  698  711  716  725  732  729  730  723  720  713  698
  675  634  565  489  430  373  339  313  315  319  347  381  417  439  452  459
  457  447  429  402  387  358  356  287  225                                   
     7.5-180.0 180.0   5.0 450.0                            LAT/LON1/LON2/DLON/H
  225  220  195  169  149  128  120  110  102  103  105  109  125  151  187  217
  241  263  285  307  325  338  345  348  377  419  469  534  577  623  646  672
