data/unet/pred1890.15i
     1.0            IONOSPHERE MAPS     GNSS                IONEX VERSION / TYPE
pyspatialgeodesy        IME             05-JAN-18 20:20     PGM / RUN BY / DATE 
Map Name                                                    COMMENT             
Predicted global ionosphere maps (GIM).                     DESCRIPTION         
  2015     7     8     0     0     0                        EPOCH OF FIRST MAP  
  2015     7     9     0     0     0                        EPOCH OF LAST MAP   
  7200                                                      INTERVAL            
    13                                                      # OF MAPS IN FILE   
  NONE                                                      MAPPING FUNCTION    
10.0                                                        ELEVATION CUTOFF    
One-way carrier phase leveled to code                       OBSERVABLES USED    
  6371.0                                                    BASE RADIUS         
 2                                                          MAP DIMENSION       
   450.0 450.0   0.0                                        HGT1 / HGT2 / DHGT  
    87.5 -87.5  -2.5                                        LAT1 / LAT2 / DLAT  
  -180.0 180.0   5.0                                        LON1 / LON2 / DLON  
    -1                                                      EXPONENT            
                                                            END OF HEADER       
[from data line 3003]
     8                                                      START OF TEC MAP    
  2015     7     8    14     0     0                        EPOCH OF CURRENT MAP
    87.5-180.0 180.0   5.0 450.0                            LAT/LON1/LON2/DLON/H
  169  184  191  192  193  193  192  193  193  194  194  195  194  195  194  195
  194  194  194  194  194  193  193  191  192  190  191  189  189  187  187  186
  186  185  185  183  184  182  183  181  183  182  184  183  186  184  187  186
  189  188  191  190  193  191  194  192  195  192  194  191  192  190  190  188
  189  189  190  187  185  181  195  163  169                                   
    85.0-180.0 180.0   5.0 450.0                            LAT/LON1/LON2/DLON/H
  179  181  180  182  183  182  183  182  184  183  186  185  187  186  188  187
  189  188  190  189  191  190  191  190  191  190  190  189  189  188  186  185
  184  183  182  181  179  179  178  178  177  178  179  179  180  182  183  184
  186  187  189  189  191  191  192  192  192  191  190  189  187  187  184  183
  182  183  182  181  177  175  179  173  179                                   
    82.5-180.0 180.0   5.0 450.0                            LAT/LON1/LON2/DLON/H
  182  170  170  175  172  176  173  176  174  178  176  180  178  182  181  184
  183  186  186  189  189  192  192  193  193  194  194  194  192  191  190  188
  186  184  182  180  178  176  176  174  175  174  176  176  178  179  181  183
  185  188  188  192  191  194  193  195  192  193  189  188  184  184  180  178
  176  176  175  173  172  167  176  161  182                                   
    80.0-180.0 180.0   5.0 450.0                            LAT/LON1/LON2/DLON/H
  173  162  161  164  163  162  164  164  166  166  168  168  171  171  173  174
  176  177  180  181  184  185  187  188  190  191  191  192  191  190  188  187
  184  182  179  177  174  172  169  170  168  170  169  173  174  178  179  183
  185  188  190  192  193  194  194  194  192  191  188  186  183  181  177  174
  172  171  169  167  164  161  159  158  173                                   
    77.5-180.0 180.0   5.0 450.0                            LAT/LON1/LON2/DLON/H
  165  155  156  159  157  161  159  162  160  164  162  166  164  168  167  172
  170  175  175  181  181  186  186  191  191  195  195  197  197  197  195  194
  191  188  185  181  179  175  173  171  170  171  172  175  178  182  185  189
  192  195  197  199  199  200  199  198  196  194  190  188  184  181  176  174
  169  169  165  163  158  156  156  148  165                                   
    75.0-180.0 180.0   5.0 450.0                            LAT/LON1/LON2/DLON/H
  162  153  153  154  154  155  156  156  158  158  161  160  162  162  164  165
  168  169  172  173  177  180  184  186  190  192  195  196  199  199  199  198
  196  194  191  187  183  179  175  173  172  173  175  179  182  187  190  194
  196  199  201  201  202  201  201  199  197  194  190  187  183  180  175  174
  169  168  165  160  159  155  152  152  162                                   
    72.5-180.0 180.0   5.0 450.0                            LAT/LON1/LON2/DLON/H
  167  157  159  161  159  163  163  164  163  166  165  167  166  169  168  171
  170  174  174  178  180  185  187  192  194  198  201  205  207  208  209  208
  206  204  200  196  191  187  183  180  178  180  182  187  190  196  198  202
  203  205  206  207  205  205  203  202  199  196  192  190  185  182  177  174
  170  169  167  163  160  158  160  155  167                                   
    70.0-180.0 180.0   5.0 450.0                            LAT/LON1/LON2/DLON/H
  170  161  162  163  164  164  167  166  169  168  172  170  173  172  174  173
  175  174  177  177  181  182  187  188  194  195  202  202  208  207  210  208
  209  204  202  196  193  187  184  180  180  181  183  188  191  195  198  200
  201  201  203  201  201  198  199  195  195  190  190  186  186  181  179  175
  173  171  170  164  165  160  161  165  170                                   
    67.5-180.0 180.0   5.0 450.0                            LAT/LON1/LON2/DLON/H
  177  169  171  175  173  178  177  180  179  182  182  184  183  185  184  185
  183  185  185  186  187  190  192  196  199  202  207  209  214  215  216  216
  214  211  207  203  197  193  188  187  185  188  189  194  196  200  200  202
  200  201  199  199  196  196  194  194  192  192  190  189  188  186  184  182
  179  178  177  173  171  169  171  170  177                                   
    65.0-180.0 180.0   5.0 450.0                            LAT/LON1/LON2/DLON/H
  181  174  175  178  179  179  182  182  186  186  190  189  192  191  193  190
  192  189  192  189  193  191  196  195  201  201  207  206  212  209  214  211
  212  208  206  200  197  192  189  187  188  189  192  195  197  198  198  197
  195  193  192  188  189  186  188  185  188  186  189  188  191  189  190  187
  187  183  183  176  178  172  172  181  181                                   
    62.5-180.0 180.0   5.0 450.0                            LAT/LON1/LON2/DLON/H
  182  177  178  183  181  185  185  189  189  193  195  199  199  202  201  202
  201  201  199  199  199  201  202  206  207  210  212  214  216  216  217  216
  215  213  208  206  200  198  194  194  193  198  198  203  201  204  200  199
  193  193  188  190  185  188  186  190  189  194  194  198  199  200  198  197
  195  192  190  186  183  179  180  182  182                                   
    60.0-180.0 180.0   5.0 450.0                            LAT/LON1/LON2/DLON/H
  178  172  173  177  178  179  182  183  188  189  195  195  199  199  203  201
  204  200  203  200  203  202  205  206  209  210  213  211  214  210  214  210
  212  208  208  203  201  196  196  194  196  198  201  201  202  199  198  193
  190  186  186  184  185  185  187  189  192  193  197  199  203  202  202  200
  198  194  192  184  182  175  174  183  178                                   
    57.5-180.0 180.0   5.0 450.0                            LAT/LON1/LON2/DLON/H
  171  165  164  169  169  173  174  177  180  185  188  192  193  197  197  200
  200  202  201  204  204  207  208  213  215  218  218  219  219  218  219  218
  218  217  215  212  208  205  202  203  202  206  206  209  206  205  200  198
  192  192  189  191  190  194  194  198  199  204  206  209  211  210  210  204
  201  196  189  183  176  172  170  174  171                                   
    55.0-180.0 180.0   5.0 450.0                            LAT/LON1/LON2/DLON/H
  161  150  151  153  157  158  163  164  170  172  179  180  185  185  190  191
  196  195  199  200  203  205  208  213  216  219  221  219  220  216  219  215
  219  215  217  213  212  208  208  206  207  209  210  210  209  205  203  199
  197  196  197  199  200  203  204  207  208  210  212  214  216  214  211  206
  201  194  188  178  173  163  161  164  161                                   
    52.5-180.0 180.0   5.0 450.0                            LAT/LON1/LON2/DLON/H
  153  141  138  141  143  146  151  153  159  163  168  172  174  178  180  185
  187  192  194  198  201  205  209  215  219  224  225  227  227  226  228  227
  229  228  229  227  225  222  220  219  218  220  219  221  217  217  211  211
  208  211  210  216  215  220  219  223  220  223  220  223  222  219  215  208
  202  194  185  175  165  156  155  154  153                                   
    50.0-180.0 180.0   5.0 450.0                            LAT/LON1/LON2/DLON/H
  145  130  128  129  134  135  142  142  149  152  160  161  167  167  175  175
  183  186  191  195  200  203  208  215  221  227  230  231  232  229  231  229
  233  232  236  233  235  230  232  227  229  227  230  227  227  222  223  220
  222  224  227  230  231  232  231  231  228  228  227  226  226  221  217  210
  204  195  188  176  166  153  148  146  145                                   
    47.5-180.0 180.0   5.0 450.0                            LAT/LON1/LON2/DLON/H
  144  127  121  121  124  127  135  137  145  149  156  160  164  167  172  177
  182  188  191  197  200  204  209  216  224  230  234  237  239  239  242  242
  247  249  252  253  253  250  250  246  245  243  242  240  239  237  236  236
  238  241  243  246  244  245  241  240  236  234  231  230  229  224  220  213
  207  199  190  179  167  154  152  146  144                                   
    45.0-180.0 180.0   5.0 450.0                            LAT/LON1/LON2/DLON/H
  145  128  120  118  120  122  129  134  142  150  158  161  168  170  176  181
  188  192  196  199  203  205  212  219  226  232  238  240  245  245  251  251
  258  261  268  268  273  268  271  262  264  256  258  252  255  251  255  252
  256  257  259  257  255  252  249  245  241  240  238  235  235  228  226  218
  216  208  203  189  180  164  157  150  145                                   
    42.5-180.0 180.0   5.0 450.0                            LAT/LON1/LON2/DLON/H
  151  133  124  117  115  119  126  132  143  151  162  166  174  178  185  192
  199  204  206  208  208  211  216  222  231  236  244  249  255  258  265  269
  277  284  293  296  302  300  301  293  291  282  281  275  276  271  275  272
  277  276  276  271  266  261  256  252  250  247  246  243  243  236  234  228
  225  220  213  204  191  175  174  164  151                                   
    40.0-180.0 180.0   5.0 450.0                            LAT/LON1/LON2/DLON/H
  158  141  127  118  115  115  122  131  141  156  166  175  183  189  196  204
  210  215  217  217  218  218  223  226  235  240  249  256  264  271  280  286
  297  306  319  324  334  331  334  323  320  308  305  297  297  294  297  295
  298  297  294  289  281  274  268  264  262  260  258  256  254  247  246  238
  238  230  229  216  207  190  182  178  158                                   
    37.5-180.0 180.0   5.0 450.0                            LAT/LON1/LON2/DLON/H
  169  148  133  121  112  113  119  126  142  153  168  178  190  197  206  214
  222  227  229  227  225  223  227  231  239  246  256  266  275  286  296  309
  322  337  353  362  373  371  371  360  354  342  335  326  322  318  321  317
  320  314  310  301  294  284  281  276  275  272  271  267  265  259  254  249
  246  242  237  228  215  200  200  194  169                                   
    35.0-180.0 180.0   5.0 450.0                            LAT/LON1/LON2/DLON/H
  178  159  139  124  115  110  116  124  139  154  169  182  196  204  213  223
  231  238  237  238  235  234  235  239  245  253  262  275  287  303  316  336
  351  372  389  403  411  411  409  397  389  376  365  356  349  347  345  344
  342  341  334  330  321  317  307  307  299  299  289  289  280  275  269  261
  256  250  244  233  224  212  206  205  178                                   
    32.5-180.0 180.0   5.0 450.0                            LAT/LON1/LON2/DLON/H
  189  166  147  128  116  112  114  120  135  150  167  181  197  208  220  230
  239  245  247  244  241  238  239  243  251  263  275  291  304  325  339  364
  382  408  424  438  444  446  440  431  419  408  395  387  380  377  375  374
  375  371  368  361  355  349  343  338  330  325  313  308  299  292  279  272
  261  256  248  238  228  217  218  219  189                                   
    30.0-180.0 180.0   5.0 450.0                            LAT/LON1/LON2/DLON/H
  195  178  154  141  125  115  114  118  132  146  166  178  198  210  226  234
  246  251  251  251  249  247  249  252  261  272  286  307  319  344  361  393
  412  440  455  471  475  478  470  464  451  440  427  420  410  410  405  409
  407  408  402  397  389  384  373  369  356  350  331  326  308  301  285  276
  265  257  247  238  229  221  221  224  195                                   
    27.5-180.0 180.0   5.0 450.0                            LAT/LON1/LON2/DLON/H
  206  184  166  151  135  122  116  115  125  137  156  173  192  210  227  239
  250  256  259  256  253  248  250  253  265  279  297  316  333  357  378  411
  430  460  473  490  494  497  490  483  471  459  446  437  429  427  424  427
  428  428  426  419  414  406  398  389  375  362  342  331  314  304  289  278
  263  258  246  239  226  222  224  232  206                                   
    25.0-180.0 180.0   5.0 450.0                            LAT/LON1/LON2/DLON/H
  206  199  176  167  151  137  125  119  126  135  153  167  193  209  233  241
  255  260  261  260  260  257  258  261  272  286  304  325  342  372  393  428
  447  476  487  504  505  510  502  498  485  477  464  458  451  452  450  454
  455  458  455  452  446  436  416  400  379  362  339  327  307  299  280  269
  257  248  239  230  222  218  222  227  206                                   
    22.5-180.0 180.0   5.0 450.0                            LAT/LON1/LON2/DLON/H
  209  202  186  179  164  150  136  126  127  132  144  164  185  208  230  248
  259  268  269  269  266  260  260  261  274  288  307  330  351  383  406  437
  456  482  493  506  507  509  505  499  490  482  473  467  463  467  465  472
  471  476  473  470  463  440  416  387  370  353  330  313  289  285  267  260
  245  239  229  222  211  212  217  222  209                                   
    20.0-180.0 180.0   5.0 450.0                            LAT/LON1/LON2/DLON/H
  204  214  191  189  178  167  153  141  136  137  146  161  183  205  229  246
  259  267  272  273  273  267  269  270  282  295  315  339  363  394  414  443
  462  485  498  506  507  508  503  502  492  490  480  481  478  483  484  488
  490  493  490  484  464  439  407  380  357  338  315  299  274  267  250  248
  234  226  216  211  202  199  206  207  204                                   
    17.5-180.0 180.0   5.0 450.0                            LAT/LON1/LON2/DLON/H
  197  201  190  190  181  176  163  152  141  140  143  158  174  203  221  248
  259  272  273  278  275  269  270  268  283  297  318  346  373  403  423  448
  467  487  494  500  494  496  490  493  488  489  483  484  483  489  490  493
  495  494  486  472  446  414  381  358  337  320  295  280  258  251  237  231
  224  216  207  199  189  189  191  192  197                                   
    15.0-180.0 180.0   5.0 450.0                            LAT/LON1/LON2/DLON/H
  187  197  176  181  173  174  163  156  144  142  144  154  172  195  217  241
  258  269  273  276  277  275  277  279  293  306  329  357  383  410  427  451
  464  483  485  488  480  484  480  489  486  494  490  495  496  501  501  500
  499  494  482  466  431  398  355  334  313  300  278  266  246  239  225  219
  209  205  196  188  179  172  176  177  187                                   
    12.5-180.0 180.0   5.0 450.0                            LAT/LON1/LON2/DLON/H
  173  170  160  161  157  159  154  150  141  139  140  151  165  188  208  234
  247  269  273  281  279  279  280  281  297  313  338  371  397  423  438  457
  466  479  477  480  472  476  474  484  485  494  492  499  499  504  502  499
  495  485  469  447  410  373  334  316  299  289  268  257  241  231  222  211
  205  196  189  180  171  165  163  160  173                                   
    10.0-180.0 180.0   5.0 450.0                            LAT/LON1/LON2/DLON/H
  157  154  139  139  139  140  138  134  130  130  136  142  160  178  202  227
  245  263  272  282  283  289  291  301  311  329  356  385  412  433  446  461
  467  477  476  480  476  479  479  489  490  501  499  505  503  506  501  497
  491  480  463  439  398  361  322  307  292  286  267  257  237  229  216  209
  197  189  178  171  161  157  153  144  157                                   
     7.5-180.0 180.0   5.0 450.0                            LAT/LON1/LON2/DLON/H
  138  142  128  124  123  121  123  118  116  118  124  134  147  169  190  215
  235  258  268  282  286  293  300  309  324  344  369  402  425  446  456  468
