data/unet/pred3590.15i
     1.0            IONOSPHERE MAPS     GNSS                IONEX VERSION / TYPE
pyspatialgeodesy        IME             05-JAN-18 20:20     PGM / RUN BY / DATE 
Map Name                                                    COMMENT             
Predicted global ionosphere maps (GIM).                     DESCRIPTION         
  2015    12    25     0     0     0                        EPOCH OF FIRST MAP  
  2015    12    26     0     0     0                        EPOCH OF LAST MAP   
  7200                                                      INTERVAL            
    13                                                      # OF MAPS IN FILE   
  NONE                                                      MAPPING FUNCTION    
10.0                                                        ELEVATION CUTOFF    
One-way carrier phase leveled to code                       OBSERVABLES USED    
  6371.0                                                    BASE RADIUS         
 2                                                          MAP DIMENSION       
   450.0 450.0   0.0                                        HGT1 / HGT2 / DHGT  
    87.5 -87.5  -2.5                                        LAT1 / LAT2 / DLAT  
  -180.0 180.0   5.0                                        LON1 / LON2 / DLON  
    -1                                                      EXPONENT            
                                                            END OF HEADER       
[from data line 3432]
     9                                                      START OF TEC MAP    
  2015    12    25    16     0     0                        EPOCH OF CURRENT MAP
    87.5-180.0 180.0   5.0 450.0                            LAT/LON1/LON2/DLON/H
   68   79   77   79   78   78   77   78   77   78   77   78   77   77   77   77
   77   77   77   77   76   77   76   77   75   76   76   77   76   77   77   77
   77   77   77   77   76   77   76   77   76   76   76   77   76   77   76   78
   77   78   78   79   78   79   78   80   79   80   79   80   79   80   79   80
   79   80   79   79   80   79   81   95   68                                   
    85.0-180.0 180.0   5.0 450.0                            LAT/LON1/LON2/DLON/H
   49   60   53   56   57   56   57   56   56   55   57   56   57   57   57   57
   57   57   57   57   57   58   57   57   57   57   58   57   58   58   58   57
   58   57   57   56   57   56   56   55   56   56   56   56   57   57   58   58
   59   60   60   61   61   62   62   63   63   64   63   63   63   63   62   62
   62   61   61   59   60   59   61   59   49                                   
    82.5-180.0 180.0   5.0 450.0                            LAT/LON1/LON2/DLON/H
   46   41   38   40   39   40   38   42   39   42   40   43   41   44   42   45
   43   45   43   45   44   46   44   46   45   48   45   48   46   49   47   49
   46   49   45   47   43   46   42   44   41   44   41   45   42   46   44   48
   47   51   50   52   52   54   54   55   55   56   55   55   54   54   52   51
   49   49   46   44   43   36   50   45   46                                   
    80.0-180.0 180.0   5.0 450.0                            LAT/LON1/LON2/DLON/H
   35   33   32   33   32   35   34   37   37   39   38   41   40   42   41   44
   43   46   44   47   45   48   45   49   47   50   48   51   49   52   49   52
   49   51   46   48   43   45   40   42   38   41   37   41   39   43   41   46
   45   48   47   51   51   54   53   56   55   57   55   56   54   55   51   50
   46   46   41   40   35   34   40   35   35                                   
    77.5-180.0 180.0   5.0 450.0                            LAT/LON1/LON2/DLON/H
   29   26   28   26   29   29   33   33   35   35   37   37   39   38   42   41
   45   43   47   44   47   45   48   45   47   45   48   46   48   47   49   47
   48   46   46   42   40   37   35   32   31   30   31   30   33   33   37   37
   41   42   46   46   50   50   54   53   55   54   56   54   55   52   52   48
   46   42   41   33   33   23   28   27   29                                   
    75.0-180.0 180.0   5.0 450.0                            LAT/LON1/LON2/DLON/H
   24   22   25   25   29   31   36   35   39   39   42   41   44   44   46   47
   49   50   54   53   56   55   57   54   56   54   57   53   57   54   57   54
   55   51   52   45   45   39   38   33   33   29   32   29   33   32   37   36
   42   41   47   43   50   47   53   49   55   52   57   52   56   51   54   48
   48   42   42   34   33   28   33   28   24                                   
    72.5-180.0 180.0   5.0 450.0                            LAT/LON1/LON2/DLON/H
   25   25   28   26   30   32   38   37   41   39   44   42   47   45   52   50
   58   58   66   65   69   69   70   67   68   65   65   63   64   63   64   62
   61   59   56   50   47   40   38   31   30   26   28   26   30   31   37   37
   42   43   47   45   48   47   50   47   50   49   52   50   53   51   53   49
   49   44   44   35   35   25   27   26   25                                   
    70.0-180.0 180.0   5.0 450.0                            LAT/LON1/LON2/DLON/H
   27   27   31   31   35   36   42   40   45   42   46   45   49   49   55   57
   64   69   75   80   84   86   86   84   81   79   77   72   73   70   72   68
   69   65   62   54   51   41   39   30   29   24   27   25   30   31   37   37
   42   41   45   42   46   41   45   40   46   43   48   46   51   49   53   50
   52   48   48   41   39   33   35   31   27                                   
    67.5-180.0 180.0   5.0 450.0                            LAT/LON1/LON2/DLON/H
   31   32   36   35   39   41   45   44   47   44   47   46   52   51   60   61
   72   77   89   96  103  105  106  102  100   93   89   84   81   79   78   78
   75   74   68   62   52   45   38   30   27   24   26   25   30   31   37   38
   42   41   43   39   40   36   38   35   39   37   42   41   47   47   53   51
   54   51   52   46   43   33   33   33   31                                   
    65.0-180.0 180.0   5.0 450.0                            LAT/LON1/LON2/DLON/H
   33   34   39   38   43   42   48   42   47   42   47   45   51   52   61   66
   77   86   99  110  120  123  125  120  116  107  102   93   92   88   90   87
   87   83   78   69   59   49   40   33   29   27   28   30   33   37   40   42
   43   42   40   37   35   32   33   30   34   32   39   38   45   45   52   51
   55   54   56   49   47   41   42   38   33                                   
    62.5-180.0 180.0   5.0 450.0                            LAT/LON1/LON2/DLON/H
   35   37   41   40   42   43   45   42   44   41   45   46   52   53   63   68
   81   91  108  119  134  138  142  137  133  122  115  108  105  102  102  101
   99   95   88   78   66   55   44   36   31   29   30   32   35   36   41   40
   42   37   37   29   29   23   25   23   28   28   34   36   41   42   48   48
   53   52   53   49   47   37   38   37   35                                   
    60.0-180.0 180.0   5.0 450.0                            LAT/LON1/LON2/DLON/H
   34   35   40   37   42   39   43   38   40   37   43   42   51   51   63   68
   83   95  111  126  141  150  153  150  145  135  129  122  120  118  118  116
  114  108   99   89   75   64   51   46   37   37   35   38   37   41   40   41
   37   35   30   27   23   21   20   21   25   27   32   34   38   38   42   42
   46   46   50   45   46   41   42   37   34                                   
    57.5-180.0 180.0   5.0 450.0                            LAT/LON1/LON2/DLON/H
   34   36   38   36   36   36   36   33   34   33   38   42   49   53   63   69
   83   96  114  129  146  157  161  159  155  147  144  139  139  138  140  138
  135  127  117  102   86   74   61   55   46   44   43   42   41   40   40   37
   36   29   28   21   22   16   21   20   26   29   34   36   38   37   38   38
   41   41   44   42   42   36   37   33   34                                   
    55.0-180.0 180.0   5.0 450.0                            LAT/LON1/LON2/DLON/H
   33   34   39   34   39   34   36   30   32   29   36   38   49   51   65   69
   86   98  117  133  151  161  168  166  165  158  155  151  152  153  154  153
  149  141  130  114   99   87   76   70   61   59   52   52   45   45   41   39
   35   33   29   26   23   22   24   27   33   36   40   39   39   36   37   34
   37   38   43   41   44   41   43   34   33                                   
    52.5-180.0 180.0   5.0 450.0                            LAT/LON1/LON2/DLON/H
   37   38   41   38   38   36   35   30   30   28   36   40   50   54   67   73
   89  102  123  138  155  165  173  174  175  173  173  171  172  173  172  169
  161  153  141  127  112  100   90   84   77   72   66   60   53   47   44   40
   39   32   33   27   29   25   32   34   41   44   47   47   44   40   38   35
   36   39   42   44   45   41   43   33   37                                   
    50.0-180.0 180.0   5.0 450.0                            LAT/LON1/LON2/DLON/H
   43   42   47   41   46   39   41   32   33   30   39   42   53   56   70   77
   94  108  129  144  161  170  182  184  187  185  185  183  181  178  175  167
  161  152  143  130  122  110  104   98   92   87   78   72   61   56   50   49
   46   44   43   41   41   39   43   45   53   54   57   52   51   44   42   38
   41   42   49   50   52   51   54   41   43                                   
    47.5-180.0 180.0   5.0 450.0                            LAT/LON1/LON2/DLON/H
   50   52   52   51   50   47   45   38   39   38   46   50   61   64   77   85
  103  117  138  153  169  179  190  196  199  202  201  197  191  183  174  165
  157  150  143  135  127  121  115  111  105   99   90   82   72   64   59   56
   56   53   55   52   52   51   55   59   63   66   66   63   58   52   49   46
   47   50   55   58   57   56   58   45   50                                   
    45.0-180.0 180.0   5.0 450.0                            LAT/LON1/LON2/DLON/H
   59   58   59   56   59   52   53   44   46   46   55   58   68   70   84   93
  112  127  148  162  177  190  202  207  211  210  206  200  189  176  166  155
  150  144  140  135  133  129  125  120  116  108   99   90   81   74   70   68
   70   68   69   65   67   63   68   67   74   72   73   66   64   57   57   52
   57   58   66   64   67   67   70   57   59                                   
    42.5-180.0 180.0   5.0 450.0                            LAT/LON1/LON2/DLON/H
   61   64   62   63   63   60   58   54   57   60   70   73   81   84   97  107
  126  140  161  172  187  198  209  216  219  220  212  203  185  170  158  148
  143  140  140  140  139  138  134  129  122  116  106   98   89   83   79   79
   78   78   76   74   72   71   72   75   77   76   73   70   66   62   61   60
   62   66   69   71   70   69   73   59   61                                   
    40.0-180.0 180.0   5.0 450.0                            LAT/LON1/LON2/DLON/H
   63   61   62   61   65   60   64   59   66   69   82   87   96   98  111  121
  139  155  172  182  195  206  216  222  222  219  210  198  179  165  155  146
  146  143  147  146  150  147  145  138  131  123  114  105   99   94   91   87
   88   84   82   77   77   73   76   75   79   76   73   69   66   64   65   65
   68   69   74   71   73   74   77   64   63                                   
    37.5-180.0 180.0   5.0 450.0                            LAT/LON1/LON2/DLON/H
   53   57   57   60   61   59   61   62   71   81   94  105  114  117  128  138
  156  169  183  191  202  212  221  229  227  224  211  198  177  164  157  152
  156  160  166  168  168  165  160  152  141  131  120  114  107  104   99   97
   91   88   81   78   73   73   72   76   75   75   69   69   64   64   64   66
   66   69   71   72   68   68   70   56   53                                   
    35.0-180.0 180.0   5.0 450.0                            LAT/LON1/LON2/DLON/H
   48   49   50   48   54   50   58   58   74   85  108  120  131  137  148  159
  173  184  193  202  212  222  229  233  228  222  207  194  175  167  165  167
  178  185  195  194  195  187  180  168  157  143  132  124  119  115  110  104
   97   88   81   73   71   68   69   69   71   70   68   65   64   66   66   68
   68   69   70   67   66   67   67   54   48                                   
    32.5-180.0 180.0   5.0 450.0                            LAT/LON1/LON2/DLON/H
   32   39   41   39   41   41   46   51   69   87  114  132  147  154  166  176
  187  194  201  209  218  227  234  239  234  226  213  201  190  188  195  205
  221  231  240  239  234  222  207  191  175  159  145  138  131  129  121  113
  101   91   80   73   69   67   67   68   67   68   64   66   64   67   66   68
   65   67   64   64   58   58   55   41   32                                   
    30.0-180.0 180.0   5.0 450.0                            LAT/LON1/LON2/DLON/H
   30   33   34   25   32   31   39   43   64   82  117  137  158  167  182  192
  200  205  210  219  226  236  240  243  236  227  219  213  212  221  238  259
  278  290  292  289  276  258  239  219  201  183  168  157  150  147  139  129
  114  102   89   81   75   71   71   70   69   69   68   67   68   69   70   72
   70   69   68   64   60   60   56   42   30                                   
    27.5-180.0 180.0   5.0 450.0                            LAT/LON1/LON2/DLON/H
   29   36   34   27   26   25   29   37   57   81  115  140  166  178  195  203
  211  214  219  226  232  241  245  245  241  236  236  236  251  263  297  317
  344  352  351  336  314  295  273  250  228  208  191  180  171  165  155  146
  128  116  103   95   87   82   79   77   79   77   79   79   79   80   77   78
   74   75   70   70   63   61   52   37   29                                   
    25.0-180.0 180.0   5.0 450.0                            LAT/LON1/LON2/DLON/H
   41   42   42   28   30   24   28   33   55   80  114  141  173  186  203  213
  220  224  228  233  239  248  249  249  245  247  254  266  286  309  347  369
  399  407  391  372  342  323  297  277  257  237  218  205  197  191  181  170
  154  140  127  117  108  101   96   92   92   91   92   92   92   92   90   89
   88   87   87   84   80   75   67   52   41                                   
    22.5-180.0 180.0   5.0 450.0                            LAT/LON1/LON2/DLON/H
   57   61   60   48   42   26   29   38   56   85  115  146  179  192  211  221
  232  233  238  242  247  253  253  253  256  263  280  292  323  345  395  417
  450  448  436  401  368  345  319  299  278  259  240  226  217  211  201  191
  176  165  153  143  132  123  114  110  108  107  109  110  111  109  106  106
  101  105   99   98   93   88   80   60   57                                   
    20.0-180.0 180.0   5.0 450.0                            LAT/LON1/LON2/DLON/H
   76   76   74   58   50   30   31   34   60   88  119  151  183  199  219  230
  242  245  247  254  256  262  258  263  267  282  300  321  356  386  436  452
  480  467  446  411  379  358  335  315  297  278  261  249  240  234  225  216
  202  193  182  171  160  148  136  128  125  123  124  125  127  123  121  117
  118  119  120  117  111  105   98   82   76                                   
    17.5-180.0 180.0   5.0 450.0                            LAT/LON1/LON2/DLON/H
   90   95   91   76   58   36   34   43   68  103  130  165  195  212  232  244
  255  257  258  264  265  269  267  273  283  299  324  344  386  411  461  472
  495  477  458  423  397  371  353  335  317  298  279  263  255  247  242  232
  222  216  208  199  185  172  157  149  140  137  136  138  137  136  132  132
  129  132  131  128  120  115  111   91   90                                   
    15.0-180.0 180.0   5.0 450.0                            LAT/LON1/LON2/DLON/H
  103  102   97   80   76   53   49   56   83  114  143  177  207  226  245  260
  273  277  276  281  278  281  279  287  297  320  344  371  411  434  469  469
  482  458  443  415  399  379  365  348  333  315  294  279  264  260  251  247
  236  238  229  226  212  200  182  169  157  152  147  146  145  143  140  139
  140  138  141  135  129  122  121  105  103                                   
    12.5-180.0 180.0   5.0 450.0                            LAT/LON1/LON2/DLON/H
  101  106   98   86   78   64   63   75  104  135  162  197  228  246  267  284
  295  300  295  297  293  292  291  300  315  337  369  394  433  446  467  464
  467  446  438  418  409  392  378  361  347  329  308  289  272  261  254  249
  242  246  244  239  228  213  192  179  165  159  151  151  148  147  145  144
  142  140  138  132  126  122  119  100  101                                   
    10.0-180.0 180.0   5.0 450.0                            LAT/LON1/LON2/DLON/H
  100   95   89   77   76   73   82  101  128  153  183  215  246  264  282  301
  317  325  318  316  309  306  306  316  333  361  390  418  442  451  456  448
  445  425  426  415  414  399  385  369  353  336  312  295  274  264  254  250
  242  249  245  243  231  217  195  183  164  159  146  147  142  144  145  146
  142  139  136  128  124  117  113   95  100                                   
     7.5-180.0 180.0   5.0 450.0                            LAT/LON1/LON2/DLON/H
   85   86   80   72   72   75   92  115  143  173  205  235  268  284  303  321
  335  346  338  332  324  318  323  333  357  385  416  437  457  458  458  445
