data/unet/pred2680.15i
     1.0            IONOSPHERE MAPS     GNSS                IONEX VERSION / TYPE
pyspatialgeodesy        IME             05-JAN-18 20:20     PGM / RUN BY / DATE 
Map Name                                                    COMMENT             
Predicted global ionosphere maps (GIM).                     DESCRIPTION         
  2015     9    25     0     0     0                        EPOCH OF FIRST MAP  
  2015     9    26     0     0     0                        EPOCH OF LAST MAP   
  7200                                                      INTERVAL            
    13                                                      # OF MAPS IN FILE   
  NONE                                                      MAPPING FUNCTION    
10.0                                                        ELEVATION CUTOFF    
One-way carrier phase leveled to code                       OBSERVABLES USED    
  6371.0                                                    BASE RADIUS         
 2                                                          MAP DIMENSION       
   450.0 450.0   0.0                                        HGT1 / HGT2 / DHGT  
    87.5 -87.5  -2.5                                        LAT1 / LAT2 / DLAT  
  -180.0 180.0   5.0                                        LON1 / LON2 / DLON  
    -1                                                      EXPONENT            
                                                            END OF HEADER       
[from data line 2145]
     6                                                      START OF TEC MAP    
  2015     9    25    10     0     0                        EPOCH OF CURRENT MAP
    87.5-180.0 180.0   5.0 450.0                            LAT/LON1/LON2/DLON/H
   72   95   85   88   85   85   85   85   86   86   86   86   86   86   85   85
   85   84   84   83   82   82   81   80   80   80   79   79   78   79   78   78
   78   79   78   79   78   79   78   78   77   78   77   78   77   78   77   79
   78   79   79   80   80   81   81   83   83   84   83   84   84   84   83   84
   84   84   84   86   86   85   87   81   72                                   
    85.0-180.0 180.0   5.0 450.0                            LAT/LON1/LON2/DLON/H
   97   91   96   96   96   94   97   96   97   96   97   95   97   95   96   95
   96   95   95   94   95   95   95   95   95   97   96   98   97   99   98   99
   98   98   97   97   96   95   95   94   93   92   92   91   91   90   90   89
   89   88   88   88   88   87   87   87   87   87   86   86   87   87   86   86
   87   87   88   87   90   89   97   90   97                                   
    82.5-180.0 180.0   5.0 450.0                            LAT/LON1/LON2/DLON/H
   84   88   89   91   89   88   90   90   91   90   90   89   89   88   87   87
   86   85   85   85   85   86   87   88   90   92   93   95   98   98  100   99
  101  100  100   99   99   96   96   94   93   91   91   90   90   88   88   87
   86   86   84   85   83   83   81   81   80   80   78   80   79   80   78   79
   78   79   78   80   79   81   87   86   84                                   
    80.0-180.0 180.0   5.0 450.0                            LAT/LON1/LON2/DLON/H
   80   75   75   75   75   76   77   78   78   77   76   75   74   73   71   71
   69   69   68   68   69   70   72   74   77   80   84   87   91   93   97   97
  100   99  101   98   99   95   96   92   93   89   91   88   89   86   88   86
   87   85   85   83   83   81   80   79   77   77   75   76   73   74   70   72
   68   69   66   67   66   66   73   76   80                                   
    77.5-180.0 180.0   5.0 450.0                            LAT/LON1/LON2/DLON/H
   69   65   64   64   65   67   68   70   68   68   66   66   63   62   60   59
   57   56   55   55   57   58   62   65   69   73   78   82   86   91   94   98
   99  101  100  101   98   99   95   95   91   92   90   91   90   91   91   92
   91   92   91   91   89   88   86   85   83   83   80   80   76   76   72   71
   67   66   63   62   61   59   66   57   69                                   
    75.0-180.0 180.0   5.0 450.0                            LAT/LON1/LON2/DLON/H
   61   55   54   57   54   60   58   62   59   61   56   57   51   53   47   50
   44   47   43   47   45   51   52   60   61   70   73   81   82   92   93  101
  100  105  103  106  101  102   98   99   94   97   95   98   97  100  100  102
  102  103  102  102  100   99   96   94   91   89   86   84   81   79   74   72
   66   65   59   59   55   55   57   47   61                                   
    72.5-180.0 180.0   5.0 450.0                            LAT/LON1/LON2/DLON/H
   54   51   47   48   47   49   51   53   52   51   50   48   46   45   43   42
   40   39   40   40   42   45   49   54   60   65   71   77   82   88   93   99
  102  107  108  110  108  108  106  104  103  103  104  106  108  111  114  114
  115  114  114  112  109  107  104  102   98   96   91   90   85   83   78   74
   69   64   60   55   52   48   53   37   54                                   
    70.0-180.0 180.0   5.0 450.0                            LAT/LON1/LON2/DLON/H
   50   43   42   42   41   45   45   48   46   46   43   44   41   42   40   41
   38   40   38   40   40   44   46   53   57   64   69   77   81   89   91  100
  103  110  110  116  113  116  111  113  110  113  113  119  120  125  126  129
  127  127  124  122  117  115  110  108  103  102   97   95   91   89   84   81
   74   70   62   59   52   50   49   34   50                                   
    67.5-180.0 180.0   5.0 450.0                            LAT/LON1/LON2/DLON/H
   46   46   41   40   39   41   43   43   44   42   42   42   41   42   42   43
   42   42   41   42   42   45   48   52   57   62   68   73   78   85   90   97
  101  108  111  115  118  118  119  118  120  120  125  127  132  134  136  135
  135  132  129  125  119  114  110  106  103  101   97   98   94   94   88   85
   79   74   68   61   56   49   51   33   46                                   
    65.0-180.0 180.0   5.0 450.0                            LAT/LON1/LON2/DLON/H
   48   45   41   42   38   42   41   43   41   42   40   42   42   45   46   48
   47   48   45   47   45   48   48   54   56   63   67   74   78   86   89   98
  101  110  112  120  120  124  122  126  125  131  133  139  139  144  142  144
  139  139  132  128  120  115  109  106  103  102  100  100   98   98   94   92
   86   82   74   70   62   57   54   38   48                                   
    62.5-180.0 180.0   5.0 450.0                            LAT/LON1/LON2/DLON/H
   51   53   47   46   43   42   42   41   41   40   40   42   42   45   47   50
   49   49   48   47   46   47   49   52   56   60   65   70   74   80   85   92
   98  106  111  117  121  123  126  127  131  133  140  142  145  145  146  144
  140  137  132  126  119  112  108  104  102  101   99  101   99  101   97   97
   90   87   81   75   70   62   62   45   51                                   
    60.0-180.0 180.0   5.0 450.0                            LAT/LON1/LON2/DLON/H
   59   55   51   50   44   44   42   43   40   41   39   42   43   47   49   52
   51   51   48   48   44   47   46   52   54   61   63   71   74   80   85   94
  100  109  115  123  125  130  129  134  134  142  143  149  147  151  147  148
  142  141  135  130  124  117  113  109  107  107  105  107  105  106  102  102
   95   95   87   85   77   73   68   56   59                                   
    57.5-180.0 180.0   5.0 450.0                            LAT/LON1/LON2/DLON/H
   66   67   58   55   49   46   44   41   40   38   38   39   40   43   45   48
   47   46   44   43   41   44   45   50   55   59   65   69   74   79   85   93
  101  111  119  126  131  133  136  137  141  143  148  150  152  152  151  149
  146  144  141  138  133  127  123  118  117  115  113  113  110  111  106  105
   99   98   93   90   85   78   76   64   66                                   
    55.0-180.0 180.0   5.0 450.0                            LAT/LON1/LON2/DLON/H
   75   70   63   59   51   49   45   44   40   41   38   40   38   42   42   45
   43   43   39   40   37   41   41   50   52   61   63   73   75   83   88   99
  107  120  127  137  139  144  143  147  146  153  152  159  156  161  156  159
  154  156  153  152  148  144  140  136  133  130  127  127  121  121  114  113
  105  105   98  100   93   90   85   77   75                                   
    52.5-180.0 180.0   5.0 450.0                            LAT/LON1/LON2/DLON/H
   82   81   69   64   56   51   48   45   43   41   39   39   37   38   38   40
   38   37   35   35   34   38   41   49   55   62   68   74   80   85   93  102
  113  126  137  145  151  152  155  154  157  158  162  165  165  166  166  166
  167  169  170  170  167  162  159  154  151  147  143  139  134  131  123  119
  112  110  106  105  100   96   94   86   82                                   
    50.0-180.0 180.0   5.0 450.0                            LAT/LON1/LON2/DLON/H
   94   84   74   66   59   55   52   49   47   46   41   42   38   39   37   39
   36   36   33   34   34   39   42   52   57   66   70   79   82   91   96  110
  121  137  148  159  164  169  168  172  169  175  173  179  174  179  175  180
  179  185  184  187  183  181  175  173  167  164  159  156  148  145  136  132
  123  122  115  115  108  106   99   95   94                                   
    47.5-180.0 180.0   5.0 450.0                            LAT/LON1/LON2/DLON/H
   99   92   79   71   62   57   55   53   52   50   47   44   41   40   38   38
   35   35   33   34   35   40   45   52   59   68   73   81   86   92  100  112
  125  140  155  166  175  178  183  182  185  185  186  187  186  187  187  189
  192  195  197  196  194  189  185  180  178  174  170  165  160  155  147  141
  133  129  122  119  114  110  106  100   99                                   
    45.0-180.0 180.0   5.0 450.0                            LAT/LON1/LON2/DLON/H
  107   91   81   73   67   64   63   61   60   58   54   51   46   46   43   44
   41   40   38   40   41   46   50   57   63   72   76   85   88   96  103  117
  132  148  165  177  187  194  196  200  199  203  199  202  198  201  199  203
  201  207  205  207  200  197  188  187  181  181  177  176  169  167  158  154
  144  141  132  130  121  118  109  106  107                                   
    42.5-180.0 180.0   5.0 450.0                            LAT/LON1/LON2/DLON/H
  107   97   85   77   70   66   66   66   66   63   61   57   54   52   51   50
   47   46   44   46   46   50   53   58   63   71   78   84   89   94  103  114
  130  146  165  179  193  200  208  208  213  212  213  212  211  212  211  210
  211  211  211  207  202  194  187  182  180  181  179  180  176  172  166  160
  152  147  138  133  124  118  113  108  107                                   
    40.0-180.0 180.0   5.0 450.0                            LAT/LON1/LON2/DLON/H
  109   93   84   78   73   72   73   74   74   72   69   68   65   65   64   63
   59   57   54   55   55   57   58   61   67   74   80   88   92   97  106  117
  135  150  171  185  201  212  220  225  227  230  229  233  230  230  226  226
  222  223  219  216  207  200  189  186  181  184  183  186  182  180  173  168
  159  155  143  140  128  119  110  109  109                                   
    37.5-180.0 180.0   5.0 450.0                            LAT/LON1/LON2/DLON/H
  104   95   86   80   74   73   73   75   75   75   73   72   73   74   75   74
   70   67   64   64   61   61   60   62   66   74   81   87   92   97  104  114
  130  146  167  186  205  220  231  237  242  245  249  250  250  248  245  242
  238  235  232  226  218  209  201  195  193  191  191  191  188  183  177  170
  163  155  145  136  126  116  109  106  104                                   
    35.0-180.0 180.0   5.0 450.0                            LAT/LON1/LON2/DLON/H
  102   89   83   76   73   73   75   75   77   77   79   80   84   87   89   87
   82   77   72   70   67   64   61   62   68   76   85   92   98  101  111  116
  133  149  171  191  214  230  245  253  258  264  268  273  273  275  270  271
  263  264  258  258  249  243  233  227  223  219  212  208  200  194  184  177
  168  161  147  139  126  115  105  105  102                                   
    32.5-180.0 180.0   5.0 450.0                            LAT/LON1/LON2/DLON/H
   99   89   83   79   73   72   71   72   72   76   77   83   88   95   97   97
   91   86   80   77   71   67   63   64   69   77   88   95  102  105  116  121
  137  151  175  196  218  240  255  267  274  280  287  294  299  302  304  303
  302  300  300  299  292  285  277  270  265  256  244  232  220  209  196  182
  172  161  151  138  127  112  106  104   99                                   
    30.0-180.0 180.0   5.0 450.0                            LAT/LON1/LON2/DLON/H
  101   87   82   76   74   68   72   67   74   71   81   84   97  102  109  105
  101   93   87   80   75   68   65   64   72   82   94  103  113  115  128  132
  148  163  184  209  232  251  268  280  290  297  308  320  328  337  340  343
  343  350  355  358  357  355  348  342  331  313  292  272  253  235  216  201
  184  173  159  149  134  118  107  108  101                                   
    27.5-180.0 180.0   5.0 450.0                            LAT/LON1/LON2/DLON/H
  107   92   86   82   76   71   72   69   71   73   79   87   97  107  113  111
  106   98   92   86   78   73   67   69   75   86  100  108  119  125  138  147
  158  178  197  222  244  267  280  294  305  315  329  342  356  364  376  377
  386  390  405  408  417  412  411  402  391  369  342  311  283  261  239  219
  200  182  170  156  143  126  119  112  107                                   
    25.0-180.0 180.0   5.0 450.0                            LAT/LON1/LON2/DLON/H
  122  104   93   85   80   73   75   70   75   73   82   87  100  107  114  112
  107   99   93   86   80   74   70   71   80   90  104  114  125  136  147  163
  173  200  213  244  262  281  292  306  320  329  345  358  376  386  401  406
  419  432  453  468  477  478  471  464  451  428  401  364  329  294  266  246
  225  207  189  177  165  148  133  128  122                                   
    22.5-180.0 180.0   5.0 450.0                            LAT/LON1/LON2/DLON/H
  142  120  105  100   89   84   84   81   83   80   84   87   97  104  110  109
  104   99   92   88   81   77   73   76   84   94  108  118  134  144  158  175
  190  216  236  262  282  298  308  323  338  351  365  381  399  413  429  433
  450  466  497  515  531  532  525  510  493  466  435  398  362  324  292  268
  248  229  211  197  185  168  156  144  142                                   
    20.0-180.0 180.0   5.0 450.0                            LAT/LON1/LON2/DLON/H
  162  140  120  118  107  100  101   93   96   88   91   88   97   98  104  100
   98   92   89   84   80   75   75   79   90   99  110  121  131  148  162  184
  203  231  253  278  299  312  324  335  353  366  382  401  421  437  452  464
  484  504  536  561  575  578  563  548  529  502  473  437  401  362  327  297
  275  257  240  225  211  195  177  171  162                                   
    17.5-180.0 180.0   5.0 450.0                            LAT/LON1/LON2/DLON/H
  185  156  140  137  123  122  116  112  110  100  100   91   94   92   96   92
   92   88   85   83   78   76   76   82   94  103  113  121  138  152  173  195
  217  244  267  290  313  324  341  354  373  388  402  426  439  460  469  484
  504  527  558  576  584  583  566  549  527  505  480  449  417  381  350  321
  296  275  261  247  235  215  203  195  185                                   
    15.0-180.0 180.0   5.0 450.0                            LAT/LON1/LON2/DLON/H
  200  179  160  160  149  147  142  136  128  116  110   96   95   87   89   83
   85   80   81   76   75   73   79   86   98  107  114  126  141  163  188  214
  238  262  283  306  324  336  355  368  391  402  420  439  454  471  479  497
  507  528  547  565  570  566  553  537  524  507  489  465  438  404  372  345
  320  302  287  275  264  244  226  227  200                                   
    12.5-180.0 180.0   5.0 450.0                            LAT/LON1/LON2/DLON/H
  226  193  180  175  165  164  157  152  142  130  119  101   95   84   83   76
   77   74   74   72   72   72   79   87  101  110  120  131  151  170  197  223
  246  272  295  317  333  347  362  383  402  422  433  454  462  477  481  491
  495  508  517  525  529  525  516  507  499  488  475  458  437  410  383  356
  336  318  306  295  285  270  254  252  226                                   
    10.0-180.0 180.0   5.0 450.0                            LAT/LON1/LON2/DLON/H
  240  217  200  194  185  184  179  172  162  148  131  111  101   86   84   72
   74   69   70   67   70   74   80   94  105  117  126  143  163  181  209  233
  255  278  302  320  338  350  369  386  411  427  445  459  469  478  476  483
  479  485  487  491  493  491  488  484  483  477  471  462  444  421  393  369
  350  335  323  315  306  289  278  279  240                                   
     7.5-180.0 180.0   5.0 450.0                            LAT/LON1/LON2/DLON/H
  260  229  212  206  193  192  184  179  168  155  141  119  108   89   86   75
   76   70   73   68   73   74   87   97  112  124  139  157  175  198  218  244
