data/unet/pred2650.15i
     1.0            IONOSPHERE MAPS     GNSS                IONEX VERSION / TYPE
pyspatialgeodesy        IME             05-JAN-18 20:20     PGM / RUN BY / DATE 
Map Name                                                    COMMENT             
Predicted global ionosphere maps (GIM).                     DESCRIPTION         
  2015     9    22     0     0     0                        EPOCH OF FIRST MAP  
  2015     9    23     0     0     0                        EPOCH OF LAST MAP   
  7200                                                      INTERVAL            
    13                                                      # OF MAPS IN FILE   
  NONE                                                      MAPPING FUNCTION    
10.0                                                        ELEVATION CUTOFF    
One-way carrier phase leveled to code                       OBSERVABLES USED    
  6371.0                                                    BASE RADIUS         
 2                                                          MAP DIMENSION       
   450.0 450.0   0.0                                        HGT1 / HGT2 / DHGT  
    87.5 -87.5  -2.5                                        LAT1 / LAT2 / DLAT  
  -180.0 180.0   5.0                                        LON1 / LON2 / DLON  
    -1                                                      EXPONENT            
                                                            END OF HEADER       
     1                                                      START OF TEC MAP    
  2015     9    22     0     0     0                        EPOCH OF CURRENT MAP
    87.5-180.0 180.0   5.0 450.0                            LAT/LON1/LON2/DLON/H
  129   94   90   84   87   82   87   83   89   84   89   85   90   86   90   85
   89   85   89   84   88   83   86   81   85   80   83   78   82   77   81   76
   81   76   81   76   81   77   81   77   82   78   83   80   84   81   86   83
   87   85   89   87   90   88   91   89   92   89   92   89   92   88   91   86
   90   85   89   86   94   90   99  121  129                                   
    85.0-180.0 180.0   5.0 450.0                            LAT/LON1/LON2/DLON/H
  103   80   84   83   83   79   84   81   87   83   88   85   90   86   89   85
   88   83   85   81   82   77   78   73   73   69   69   65   66   62   64   60
   63   60   63   61   65   62   66   64   68   67   71   70   74   73   78   77
   81   80   84   83   86   85   88   87   89   87   90   87   90   86   88   84
   87   82   87   82   90   83   83   96  103                                   
    82.5-180.0 180.0   5.0 450.0                            LAT/LON1/LON2/DLON/H
   96   81   87   89   87   84   88   89   93   92   95   95   98   96   98   95
   96   92   92   87   87   80   80   73   72   65   65   58   60   53   56   51
   55   51   55   52   58   55   60   58   64   62   69   67   73   71   78   76
   82   80   86   84   90   87   92   89   94   90   94   90   94   90   93   88
   91   87   91   89   95   89   88   96   96                                   
    80.0-180.0 180.0   5.0 450.0                            LAT/LON1/LON2/DLON/H
   99   91   96   98   95   96   99  102  104  106  108  110  111  112  112  112
  111  109  106  103   99   95   90   85   80   74   69   64   61   56   55   52
   52   50   53   52   55   55   59   60   63   64   69   70   73   73   77   78
   81   82   86   87   90   90   93   93   96   95   97   97   99   98   99   98
   99   98  100  101  103  101   96  102   99                                   
    77.5-180.0 180.0   5.0 450.0                            LAT/LON1/LON2/DLON/H
  103   94   99  101   99   99  103  105  108  110  114  116  119  119  121  120
  120  117  115  111  107  101   96   89   83   75   69   62   58   52   51   46
   47   45   47   47   50   50   54   55   58   59   62   63   66   66   69   69
   72   72   76   77   81   82   85   87   89   91   92   94   95   96   97   98
   98   99  101  102  106  103  101  102  103                                   
    75.0-180.0 180.0   5.0 450.0                            LAT/LON1/LON2/DLON/H
  104   99  103  106  103  104  107  110  112  115  119  122  125  127  128  127
  126  124  121  117  113  107  102   95   88   80   73   66   60   54   51   48
   47   46   47   47   49   50   52   53   55   55   58   58   59   59   61   61
   63   64   67   69   72   74   77   80   83   85   87   90   92   93   95   96
   97   99  101  104  107  106  103  106  104                                   
    72.5-180.0 180.0   5.0 450.0                            LAT/LON1/LON2/DLON/H
  110  103  108  110  106  105  108  111  113  117  120  124  126  127  127  126
  124  122  119  117  112  108  103   98   89   83   75   68   61   56   52   49
   48   47   49   48   49   49   51   50   51   50   51   50   50   49   51   50
   51   52   56   57   61   63   68   71   75   78   81   84   87   89   91   93
   95   97  101  104  109  109  107  109  110                                   
    70.0-180.0 180.0   5.0 450.0                            LAT/LON1/LON2/DLON/H
  109  107  111  112  108  107  109  112  114  118  121  123  123  122  120  119
  115  113  112  110  107  104  101   96   90   83   76   68   62   57   55   52
   51   49   51   50   50   49   49   48   47   45   46   44   44   42   43   42
   44   44   48   50   54   57   62   66   71   75   79   83   86   88   91   93
   95   97  101  105  111  112  111  113  109                                   
    67.5-180.0 180.0   5.0 450.0                            LAT/LON1/LON2/DLON/H
  116  112  116  116  110  108  110  112  115  117  119  120  118  116  111  109
  105  104  102  102  100  100   96   93   86   81   74   68   61   58   55   52
   51   49   50   48   48   46   45   43   41   39   39   37   37   35   37   35
   37   36   40   42   47   50   57   62   68   73   78   82   86   89   92   94
   95   98  102  106  113  115  113  116  116                                   
    65.0-180.0 180.0   5.0 450.0                            LAT/LON1/LON2/DLON/H
  115  117  119  118  111  108  109  111  114  117  118  118  114  110  104  100
   96   96   95   96   95   95   92   88   83   78   72   66   62   58   57   53
   52   50   49   47   45   43   42   39   38   36   36   35   35   34   35   33
   34   34   37   40   44   49   56   62   70   76   82   87   92   95   97   99
  100  101  105  108  115  118  116  118  115                                   
    62.5-180.0 180.0   5.0 450.0                            LAT/LON1/LON2/DLON/H
  124  122  122  119  111  107  107  109  112  115  117  115  111  106  100   97
   93   93   92   94   92   92   88   85   79   74   68   64   60   57   54   52
   49   46   45   42   40   38   36   35   34   33   34   34   34   33   34   32
   34   32   36   38   44   48   57   63   73   79   86   92   97  101  102  104
  103  104  106  110  116  118  117  120  124                                   
    60.0-180.0 180.0   5.0 450.0                            LAT/LON1/LON2/DLON/H
  124  125  123  120  110  105  103  106  109  113  115  114  111  106  101   97
   95   95   95   95   93   92   87   82   76   70   66   61   59   56   55   50
   48   44   42   39   37   35   34   34   34   35   36   37   38   38   37   36
   36   35   37   40   45   51   60   67   77   84   91   97  103  107  109  110
  110  110  110  112  118  119  118  119  124                                   
    57.5-180.0 180.0   5.0 450.0                            LAT/LON1/LON2/DLON/H
  135  132  129  124  112  105  103  105  108  112  115  115  112  108  105  103
  102  103  102  101   97   93   86   81   73   68   63   60   58   55   52   48
   44   41   39   37   35   35   35   36   38   40   41   43   43   43   43   40
   40   38   40   42   48   54   63   70   80   86   93   99  105  110  113  115
  114  115  114  115  118  120  118  119  135                                   
    55.0-180.0 180.0   5.0 450.0                            LAT/LON1/LON2/DLON/H
  138  139  136  130  117  107  104  104  107  111  115  116  115  113  112  113
  113  114  113  110  104   98   89   81   74   68   64   61   60   57   55   50
   47   43   41   39   40   41   43   44   47   49   51   52   52   51   50   47
   45   43   45   47   52   59   67   74   83   89   95  100  106  111  115  118
  120  120  120  120  123  124  121  120  138                                   
    52.5-180.0 180.0   5.0 450.0                            LAT/LON1/LON2/DLON/H
  152  151  146  140  126  116  109  109  110  114  116  118  118  119  119  121
  123  124  122  117  109  101   91   83   75   70   66   64   61   59   56   52
   48   46   45   46   47   50   53   56   58   61   62   62   61   59   57   53
   51   49   51   53   59   64   72   79   88   93   97  100  105  110  115  121
  124  126  126  127  129  130  128  126  152                                   
    50.0-180.0 180.0   5.0 450.0                            LAT/LON1/LON2/DLON/H
  157  160  158  153  138  127  120  117  116  118  119  120  121  122  124  127
  130  130  127  121  113  104   95   86   79   73   70   67   66   62   59   55
   53   51   53   55   59   62   67   69   72   73   74   73   71   68   65   61
   59   59   60   63   68   73   80   87   95   98  100  101  105  109  115  121
  128  131  134  135  138  138  137  133  157                                   
    47.5-180.0 180.0   5.0 450.0                            LAT/LON1/LON2/DLON/H
  170  172  172  168  154  143  135  131  128  127  126  127  127  129  131  133
  134  134  130  124  115  108   98   92   85   80   75   71   68   64   60   57
   55   56   59   64   69   75   80   82   85   85   85   82   79   75   72   69
   69   69   72   74   79   85   92   99  106  108  107  107  108  111  117  124
  132  138  141  145  147  148  146  142  170                                   
    45.0-180.0 180.0   5.0 450.0                            LAT/LON1/LON2/DLON/H
  171  178  183  179  169  159  152  146  141  138  136  135  135  136  137  138
  137  135  131  125  119  112  105   98   92   86   81   75   71   65   62   59
   60   61   67   73   82   87   92   94   96   95   94   91   87   83   80   79
   80   81   84   86   91   96  104  111  118  119  118  115  115  116  121  127
  136  142  148  152  156  156  155  151  171                                   
    42.5-180.0 180.0   5.0 450.0                            LAT/LON1/LON2/DLON/H
  177  183  188  187  178  172  167  162  156  152  149  148  147  147  145  143
  140  138  133  129  124  120  113  108  100   93   85   77   71   65   61   59
   61   64   72   80   88   94   99  101  103  102  101   97   94   90   89   89
   91   93   97   98  103  109  118  125  133  134  131  128  126  126  128  134
  140  146  152  157  161  162  161  158  177                                   
    40.0-180.0 180.0   5.0 450.0                            LAT/LON1/LON2/DLON/H
  173  181  189  189  184  179  176  172  168  164  161  160  159  157  153  149
  144  141  137  134  131  127  122  116  108   98   88   78   70   63   61   59
   64   68   78   85   95  100  104  106  108  108  107  104  100   98   97   99
  101  104  107  108  113  118  128  136  145  145  144  139  138  136  137  139
  144  148  155  160  165  166  165  163  173                                   
    37.5-180.0 180.0   5.0 450.0                            LAT/LON1/LON2/DLON/H
  176  181  186  188  183  181  178  177  174  174  173  175  174  172  165  160
  153  150  146  144  141  138  132  125  115  104   91   79   70   63   61   61
   66   71   79   87   95  101  105  107  110  110  110  107  105  103  104  105
  108  110  113  114  119  126  136  145  154  156  155  152  150  148  145  146
  148  151  157  162  167  169  169  166  176                                   
    35.0-180.0 180.0   5.0 450.0                            LAT/LON1/LON2/DLON/H
  176  182  187  186  182  180  180  178  178  179  182  185  186  185  177  170
  163  159  156  153  150  145  138  129  118  106   92   80   71   64   63   63
   70   75   84   90   99  103  107  109  113  114  115  112  110  108  108  109
  111  112  112  112  117  124  137  146  158  159  161  157  158  155  154  151
  153  154  161  166  172  177  178  175  176                                   
    32.5-180.0 180.0   5.0 450.0                            LAT/LON1/LON2/DLON/H
  193  193  193  190  182  181  177  178  177  183  188  195  197  197  189  184
  176  172  168  164  158  150  140  131  119  107   93   83   75   71   70   72
   77   81   89   94  101  105  108  112  115  117  117  115  112  109  108  107
  107  104  104  103  108  117  131  144  156  161  162  162  163  161  160  158
  159  161  168  174  181  188  194  193  193                                   
    30.0-180.0 180.0   5.0 450.0                            LAT/LON1/LON2/DLON/H
  214  212  211  202  192  187  183  181  183  189  195  203  206  206  199  193
  186  182  176  168  158  147  135  125  115  105   94   87   82   79   80   81
   87   91   97  101  106  109  112  116  120  121  120  116  112  107  104  100
   98   93   90   89   94  104  120  135  150  156  160  160  165  165  168  166
  170  172  183  190  197  207  215  220  214                                   
    27.5-180.0 180.0   5.0 450.0                            LAT/LON1/LON2/DLON/H
  250  239  238  227  212  205  197  196  196  203  209  217  218  217  209  204
  197  192  181  171  155  142  129  121  112  107   99   97   94   95   95   98
  102  105  109  111  113  115  117  121  124  125  122  117  110  102   96   89
   85   79   76   73   78   89  107  125  141  151  156  162  168  173  178  180
  185  190  202  211  219  230  245  255  250                                   
    25.0-180.0 180.0   5.0 450.0                            LAT/LON1/LON2/DLON/H
  282  274  273  256  242  231  222  218  218  225  230  237  236  232  223  217
  207  199  183  168  149  135  122  117  113  112  110  110  110  112  115  116
  121  121  123  122  122  122  125  127  130  128  124  115  107   96   87   79
   72   66   61   59   64   77   95  117  134  145  152  158  168  177  188  193
  205  213  228  239  248  264  282  299  282                                   
    22.5-180.0 180.0   5.0 450.0                            LAT/LON1/LON2/DLON/H
  314  309  310  292  277  265  257  251  252  259  265  268  265  256  245  235
  221  208  186  168  146  134  123  123  122  126  126  129  130  134  136  137
  138  136  135  132  129  129  131  134  134  131  124  115  103   91   80   71
   62   55   49   46   53   68   91  115  135  147  155  165  176  189  200  210
  225  238  259  271  283  299  318  340  314                                   
    20.0-180.0 180.0   5.0 450.0                            LAT/LON1/LON2/DLON/H
  355  357  354  334  321  310  303  296  299  301  305  306  300  291  276  263
  244  224  195  172  151  140  134  138  142  147  149  152  154  157  158  157
  155  149  145  139  136  134  138  139  139  133  125  112  101   87   77   66
   61   51   48   43   49   66   89  115  137  152  161  174  188  204  219  233
  253  273  295  311  320  342  364  389  355                                   
    17.5-180.0 180.0   5.0 450.0                            LAT/LON1/LON2/DLON/H
  397  405  400  383  371  359  354  347  352  353  357  352  345  333  319  300
  278  250  215  188  167  162  160  168  170  176  174  176  176  179  176  171
  164  156  148  141  137  137  141  144  142  136  126  113  101   89   78   68
   60   53   48   44   52   67   94  122  146  163  175  193  210  229  246  264
  287  310  335  351  364  384  405  424  397                                   
    15.0-180.0 180.0   5.0 450.0                            LAT/LON1/LON2/DLON/H
  438  448  441  426  422  414  408  404  412  415  419  412  399  386  367  349
  322  288  248  217  198  196  199  205  207  206  202  199  196  195  190  180
  170  157  147  138  136  140  146  147  146  138  130  115  105   92   82   72
   67   58   54   50   56   72   99  127  151  170  188  207  229  252  272  295
  321  347  373  391  402  420  445  452  438                                   
    12.5-180.0 180.0   5.0 450.0                            LAT/LON1/LON2/DLON/H
  467  473  470  467  466  465  461  462  466  473  476  472  461  444  425  403
  372  333  292  261  244  242  245  248  244  234  222  212  205  201  194  184
  172  159  146  138  137  144  148  150  147  140  131  118  109   97   87   76
   69   60   54   52   60   74  104  130  157  177  198  220  246  271  296  321
  347  376  401  416  427  443  461  465  467                                   
    10.0-180.0 180.0   5.0 450.0                            LAT/LON1/LON2/DLON/H
  485  491  490  491  501  505  507  507  512  516  524  521  517  501  483  458
  424  384  342  312  297  295  296  291  279  259  239  220  209  200  195  182
  173  160  148  144  143  150  153  155  150  142  134  121  112  100   88   78
   70   61   56   56   64   80  107  132  158  178  201  226  258  285  316  340
  367  394  418  431  442  454  476  474  485                                   
     7.5-180.0 180.0   5.0 450.0                            LAT/LON1/LON2/DLON/H
  498  500  501  507  518  527  532  533  538  543  550  552  551  544  529  506
  471  431  389  360  346  341  336  322  300  273  245  223  209  201  194  186
