data/unet/pred0510.15i
     1.0            IONOSPHERE MAPS     GNSS                IONEX VERSION / TYPE
pyspatialgeodesy        IME             05-JAN-18 20:20     PGM / RUN BY / DATE 
Map Name                                                    COMMENT             
Predicted global ionosphere maps (GIM).                     DESCRIPTION         
  2015     2    20     0     0     0                        EPOCH OF FIRST MAP  
  2015     2    21     0     0     0                        EPOCH OF LAST MAP   
  7200                                                      INTERVAL            
    13                                                      # OF MAPS IN FILE   
  NONE                                                      MAPPING FUNCTION    
10.0                                                        ELEVATION CUTOFF    
One-way carrier phase leveled to code                       OBSERVABLES USED    
  6371.0                                                    BASE RADIUS         
 2                                                          MAP DIMENSION       
   450.0 450.0   0.0                                        HGT1 / HGT2 / DHGT  
    87.5 -87.5  -2.5                                        LAT1 / LAT2 / DLAT  
  -180.0 180.0   5.0                                        LON1 / LON2 / DLON  
    -1                                                      EXPONENT            
                                                            END OF HEADER       
[from data line 1716]
     5                                                      START OF TEC MAP    
  2015     2    20     8     0     0                        EPOCH OF CURRENT MAP
    87.5-180.0 180.0   5.0 450.0                            LAT/LON1/LON2/DLON/H
   58   71   75   74   75   73   76   76   79   81   86   89   92   96   97   98
   97   98   96   96   93   93   91   90   88   88   87   86   84   83   83   80
   80   78   79   76   77   76   77   76   77   77   79   80   80   82   83   84
   84   85   85   86   85   85   84   85   84   84   82   82   81   81   80   80
   79   79   78   80   80   80   80   79   58                                   
    85.0-180.0 180.0   5.0 450.0                            LAT/LON1/LON2/DLON/H
   57   78   68   77   70   78   74   87   83   95   90  101   97  104  100  104
  100  101   99   99   96   96   94   94   92   93   91   93   91   93   92   93
   91   93   92   93   92   94   94   95   95   97   99  100  101  103  104  105
  105  106  105  105  103  103  100   98   96   93   90   88   86   83   80   76
   75   72   71   71   72   71   74   69   57                                   
    82.5-180.0 180.0   5.0 450.0                            LAT/LON1/LON2/DLON/H
   58   71   69   74   77   78   86   91   98  100  105  105  108  105  105  102
  100   96   94   90   87   82   81   77   77   77   77   78   79   81   82   85
   85   88   89   93   92   97   97  102  101  107  107  112  111  116  115  119
  117  120  117  118  115  114  110  106  102   97   93   87   84   78   75   69
   67   62   62   59   60   56   62   60   58                                   
    80.0-180.0 180.0   5.0 450.0                            LAT/LON1/LON2/DLON/H
   53   64   65   71   76   80   89   96  102  104  109  109  109  104  102   97
   94   87   84   77   74   68   64   61   59   59   59   59   61   64   66   69
   72   75   79   82   86   89   93   97  101  105  111  116  122  125  131  132
  138  136  142  136  140  132  133  123  122  111  107   97   93   84   79   71
   67   60   58   53   53   46   50   56   53                                   
    77.5-180.0 180.0   5.0 450.0                            LAT/LON1/LON2/DLON/H
   48   62   61   66   72   78   88   94  101  102  108  105  104   96   94   86
   81   73   69   61   56   50   47   44   42   44   45   47   50   54   58   61
   67   69   75   78   84   88   93   99  104  113  120  131  137  147  153  160
  165  168  172  171  171  166  164  157  152  140  133  121  113  101   94   84
   78   68   65   56   54   44   47   46   48                                   
    75.0-180.0 180.0   5.0 450.0                            LAT/LON1/LON2/DLON/H
   49   56   55   63   68   78   85   94   97  101  104  101   98   91   85   78
   71   64   57   51   46   42   39   37   37   37   41   41   47   50   56   58
   64   65   71   73   80   83   91   96  105  115  128  139  153  165  180  189
  200  205  213  212  212  207  205  195  188  178  166  154  141  129  116  105
   94   85   76   67   61   49   49   50   49                                   
    72.5-180.0 180.0   5.0 450.0                            LAT/LON1/LON2/DLON/H
   50   57   53   59   67   74   83   89   96   97  101   97   94   85   80   72
   65   59   53   48   42   40   37   37   36   40   41   46   49   55   58   63
   67   71   74   79   83   92   95  107  114  129  138  156  170  190  205  222
  236  247  255  254  255  249  247  237  230  217  205  188  177  161  149  131
  120  106   98   85   76   62   60   56   50                                   
    70.0-180.0 180.0   5.0 450.0                            LAT/LON1/LON2/DLON/H
   51   52   48   55   63   73   80   90   92   94   94   92   88   82   76   70
   65   59   55   49   48   44   45   43   46   47   51   52   58   60   66   67
   73   74   80   82   90   94  103  111  124  136  150  167  187  208  228  244
  263  274  285  285  287  282  278  268  260  245  232  218  205  192  176  160
  146  130  118  104   95   76   72   65   51                                   
    67.5-180.0 180.0   5.0 450.0                            LAT/LON1/LON2/DLON/H
   54   60   50   54   60   67   78   86   90   90   88   85   81   78   74   71
   66   63   59   58   53   54   52   54   54   57   57   60   61   65   66   70
   73   77   81   86   93  100  109  120  131  144  160  178  198  218  240  258
  278  288  299  299  302  297  294  285  276  262  246  233  222  207  194  177
  164  147  137  121  110   92   85   67   54                                   
    65.0-180.0 180.0   5.0 450.0                            LAT/LON1/LON2/DLON/H
   52   54   44   47   52   63   72   81   84   86   82   81   77   78   75   73
   72   70   68   67   65   65   66   67   68   70   70   71   71   71   70   72
   73   76   79   84   92   99  110  120  133  148  166  185  206  225  247  263
  279  291  298  302  304  304  301  295  285  273  256  245  230  219  204  190
  175  162  150  136  123  103   94   71   52                                   
    62.5-180.0 180.0   5.0 450.0                            LAT/LON1/LON2/DLON/H
   54   52   44   45   49   57   67   74   78   81   78   77   73   76   74   77
   75   74   73   72   71   72   72   74   75   76   75   74   72   69   67   66
   67   69   73   81   90   99  111  122  138  152  172  190  210  230  250  268
  282  292  296  299  300  300  298  293  285  274  259  248  235  221  206  191
  178  163  155  140  131  111  101   71   54                                   
    60.0-180.0 180.0   5.0 450.0                            LAT/LON1/LON2/DLON/H
   54   45   38   37   42   50   59   67   71   73   72   71   69   73   73   77
   77   78   75   75   74   74   76   77   80   79   80   75   73   67   63   61
   62   65   72   83   95  106  120  133  148  163  182  200  219  237  256  270
  283  289  294  296  297  299  298  296  289  278  262  252  237  224  208  195
  180  168  157  146  136  116  105   73   54                                   
    57.5-180.0 180.0   5.0 450.0                            LAT/LON1/LON2/DLON/H
   62   54   43   41   44   49   55   62   65   66   66   66   65   70   71   77
   76   76   73   71   70   69   70   73   76   76   75   71   66   61   56   55
   57   63   72   85  100  115  130  144  160  177  195  214  232  249  263  280
  288  296  297  300  299  299  299  296  293  281  268  256  243  229  214  198
  184  167  158  145  138  120  110   78   62                                   
    55.0-180.0 180.0   5.0 450.0                            LAT/LON1/LON2/DLON/H
   74   65   50   45   46   49   52   55   60   59   60   61   62   66   69   72
   73   72   68   66   64   63   64   66   69   70   70   66   61   55   52   52
   56   63   77   94  112  130  146  161  177  195  214  231  249  265  282  294
  304  308  310  311  310  311  310  310  306  295  278  269  255  242  224  207
  191  176  165  157  147  132  120   93   74                                   
    52.5-180.0 180.0   5.0 450.0                            LAT/LON1/LON2/DLON/H
   94   90   71   63   59   57   57   58   53   54   53   57   58   63   64   69
   67   67   61   58   56   56   57   60   63   65   63   60   55   52   48   51
   56   66   81  101  122  141  161  176  197  214  232  251  267  284  299  314
  321  326  327  328  329  327  327  324  324  310  298  281  270  253  238  219
  203  184  175  163  158  143  137  111   94                                   
    50.0-180.0 180.0   5.0 450.0                            LAT/LON1/LON2/DLON/H
  115  109   91   83   74   68   63   59   55   49   51   52   57   59   64   64
   65   62   58   54   53   53   56   59   63   64   64   61   57   53   51   55
   63   76   94  117  139  158  176  196  214  231  251  269  290  304  322  333
  341  344  346  345  345  342  342  339  338  326  311  297  283  271  253  235
  215  200  187  180  174  161  152  135  115                                   
    47.5-180.0 180.0   5.0 450.0                            LAT/LON1/LON2/DLON/H
  139  132  116  106   97   86   76   70   58   54   50   53   54   62   62   65
   62   62   57   54   52   54   57   61   65   66   64   62   56   55   53   59
   68   84  103  127  149  169  190  209  229  247  264  284  303  322  335  347
  355  360  362  361  359  354  351  347  344  330  319  301  291  277  262  243
  227  208  196  186  181  169  165  150  139                                   
    45.0-180.0 180.0   5.0 450.0                            LAT/LON1/LON2/DLON/H
  153  146  130  123  113  102   89   78   71   62   60   60   63   65   67   67
   68   65   65   62   64   64   68   70   74   73   71   67   62   59   60   64
   76   93  117  142  163  184  205  224  241  260  279  300  322  337  351  360
  369  373  374  371  365  360  353  349  343  331  316  304  290  282  266  250
  231  214  201  192  186  176  170  157  153                                   
    42.5-180.0 180.0   5.0 450.0                            LAT/LON1/LON2/DLON/H
  156  153  140  134  128  117  106   92   81   76   72   72   71   72   72   73
   72   74   74   75   76   78   80   83   84   82   77   72   64   61   61   67
   79   98  124  148  173  194  219  235  253  270  288  310  331  345  357  365
  375  380  382  376  370  361  350  341  334  318  306  294  285  275  262  244
  229  211  198  184  177  166  166  151  156                                   
    40.0-180.0 180.0   5.0 450.0                            LAT/LON1/LON2/DLON/H
  142  145  133  131  128  121  112  100   92   85   83   83   82   80   79   79
   81   83   87   89   92   92   94   93   92   87   82   75   69   62   63   66
   81  101  129  157  181  206  228  246  262  280  298  319  342  353  365  371
  382  386  384  379  369  361  347  339  329  316  300  291  278  272  255  241
  223  207  192  178  165  155  150  133  142                                   
    37.5-180.0 180.0   5.0 450.0                            LAT/LON1/LON2/DLON/H
  125  130  121  121  121  120  115  107  101   96   94   94   92   89   88   88
   91   96  101  104  106  105  105  101   98   92   84   78   68   64   60   66
   78   97  126  151  185  208  236  252  272  286  305  323  345  354  368  374
  387  390  391  384  378  365  353  341  331  316  301  290  280  267  252  234
  221  204  191  170  157  140  135  112  125                                   
    35.0-180.0 180.0   5.0 450.0                            LAT/LON1/LON2/DLON/H
  102  111   99  100  103  105  107  102  103   99  100  101   99   97   93   95
   98  104  110  114  117  115  113  106  102   93   88   77   71   61   60   62
   76   97  125  159  188  220  246  269  288  305  321  338  361  368  384  391
  404  409  410  407  398  392  376  370  357  346  329  317  301  286  267  251
  234  220  204  181  162  142  127   97  102                                   
    32.5-180.0 180.0   5.0 450.0                            LAT/LON1/LON2/DLON/H
  100   92   85   83   87   92   96   96  100  102  103  105  103  102   98  100
  105  111  119  120  122  118  116  109  107   98   91   84   72   65   58   62
   74   97  125  161  197  232  265  290  309  323  340  355  372  382  401  410
  429  435  443  442  442  434  423  410  402  388  373  355  337  317  298  282
  269  256  238  211  186  158  136   98  100                                   
    30.0-180.0 180.0   5.0 450.0                            LAT/LON1/LON2/DLON/H
  105   85   77   76   78   84   86   89   92   95   98  103  101  102   99  102
  106  113  120  122  122  119  117  111  107   98   94   84   77   66   65   65
   81   98  129  173  210  255  285  319  335  353  366  382  401  413  435  446
  463  474  484  492  492  492  482  477  466  455  439  423  402  378  361  342
  333  318  303  270  236  202  163  126  105                                   
    27.5-180.0 180.0   5.0 450.0                            LAT/LON1/LON2/DLON/H
  143  107   87   77   77   84   87   91   92   94   96  101  102  102  100  104
  107  114  120  121  122  120  118  114  108  104   96   93   83   80   77   84
   95  116  142  183  229  272  310  341  362  377  390  405  425  442  465  481
  502  520  539  551  560  563  556  549  539  527  515  499  481  459  442  427
  423  412  394  356  316  272  221  177  143                                   
    25.0-180.0 180.0   5.0 450.0                            LAT/LON1/LON2/DLON/H
  207  169  131  103   90   87   85   88   90   91   94   96   98  100   98  102
  106  111  115  117  117  118  117  113  109  105  102   97   95   90   92   96
  113  129  160  196  246  287  325  362  385  402  415  433  455  478  500  523
  550  579  605  628  646  655  654  645  629  616  600  584  560  540  522  513
  512  508  488  446  397  357  310  258  207                                   
    22.5-180.0 180.0   5.0 450.0                            LAT/LON1/LON2/DLON/H
  310  273  222  172  140  118  101   98   91   89   87   93   96  100  100  103
  106  111  112  115  116  116  116  114  111  108  107  105  102   99  102  113
  133  147  184  214  262  301  340  375  400  419  438  456  482  505  534  564
  597  632  662  693  706  714  717  710  700  683  674  659  644  625  606  598
  593  593  579  548  500  447  401  368  310                                   
    20.0-180.0 180.0   5.0 450.0                            LAT/LON1/LON2/DLON/H
  396  356  313  265  227  191  160  138  120  106   97   96   98  101  104  102
  105  107  110  111  113  113  115  113  113  108  112  106  106  105  114  125
  151  171  208  234  282  321  359  387  416  437  460  481  509  535  572  601
  644  678  717  734  756  764  770  762  749  737  727  723  714  701  684  676
  672  668  656  624  585  549  497  460  396                                   
    17.5-180.0 180.0   5.0 450.0                            LAT/LON1/LON2/DLON/H
  484  460  398  360  332  289  243  201  170  142  125  117  109  111  107  112
  112  112  113  114  119  116  120  117  118  114  112  111  111  118  125  144
  165  199  229  257  302  337  370  400  427  451  480  502  537  567  602  637
  671  713  738  761  782  796  801  791  779  770  763  763  761  755  739  731
  723  719  707  678  644  609  571  530  484                                   
    15.0-180.0 180.0   5.0 450.0                            LAT/LON1/LON2/DLON/H
  534  523  453  427  401  372  332  277  233  198  172  150  137  127  123  119
  121  119  122  118  121  120  125  122  123  119  111  114  115  115  131  146
  183  210  247  271  320  354  385  413  441  465  499  523  562  592  626  652
  697  723  754  768  792  801  805  800  788  787  786  792  794  786  772  757
  749  735  727  697  670  639  600  573  534                                   
    12.5-180.0 180.0   5.0 450.0                            LAT/LON1/LON2/DLON/H
  551  535  502  484  458  433  398  366  298  259  230  205  184  163  147  140
  134  142  140  137  137  132  133  131  126  123  120  127  124  124  136  157
  193  225  254  289  328  363  392  420  450  476  513  538  582  609  638  667
  699  729  748  759  776  784  788  787  780  783  788  796  799  792  774  758
  745  731  719  691  668  637  606  587  551                                   
    10.0-180.0 180.0   5.0 450.0                            LAT/LON1/LON2/DLON/H
  541  530  501  493  481  456  427  398  349  307  272  247  226  203  178  163
  151  153  152  158  152  148  138  132  124  121  116  117  119  122  136  154
  197  222  265  293  341  367  399  420  451  475  511  540  579  610  644  665
  703  714  734  733  747  755  761  767  766  772  777  785  790  780  762  742
  728  711  696  672  647  620  591  569  541                                   
     7.5-180.0 180.0   5.0 450.0                            LAT/LON1/LON2/DLON/H
  519  505  494  494  488  469  447  422  391  357  318  292  270  247  227  203
  181  175  166  161  158  141  136  129  130  124  120  123  129  126  140  159
