data/unet/pred1910.15i
     1.0            IONOSPHERE MAPS     GNSS                IONEX VERSION / TYPE
pyspatialgeodesy        IME             05-JAN-18 20:20     PGM / RUN BY / DATE 
Map Name                                                    COMMENT             
Predicted global ionosphere maps (GIM).                     DESCRIPTION         
  2015     7    10     0     0     0                        EPOCH OF FIRST MAP  
  2015     7    11     0     0     0                        EPOCH OF LAST MAP   
  7200                                                      INTERVAL            
    13                                                      # OF MAPS IN FILE   
  NONE                                                      MAPPING FUNCTION    
10.0                                                        ELEVATION CUTOFF    
One-way carrier phase leveled to code                       OBSERVABLES USED    
  6371.0                                                    BASE RADIUS         
 2                                                          MAP DIMENSION       
   450.0 450.0   0.0                                        HGT1 / HGT2 / DHGT  
    87.5 -87.5  -2.5                                        LAT1 / LAT2 / DLAT  
  -180.0 180.0   5.0                                        LON1 / LON2 / DLON  
    -1                                                      EXPONENT            
                                                            END OF HEADER       
[from data line 1287]
     4                                                      START OF TEC MAP    
  2015     7    10     6     0     0                        EPOCH OF CURRENT MAP
    87.5-180.0 180.0   5.0 450.0                            LAT/LON1/LON2/DLON/H
  198  213  203  204  207  203  206  203  205  202  205  202  206  204  208  205
  209  206  210  207  210  206  209  205  207  204  207  203  205  203  205  203
  205  203  206  204  206  205  207  206  208  207  209  208  209  209  210  208
  208  206  207  204  204  201  202  199  200  198  199  197  200  198  201  200
  204  201  204  199  203  196  215  213  198                                   
    85.0-180.0 180.0   5.0 450.0                            LAT/LON1/LON2/DLON/H
  200  197  196  201  202  199  201  199  201  199  202  201  204  203  207  205
  208  206  209  207  208  206  207  204  205  202  203  200  201  198  200  197
  199  196  199  197  199  197  200  198  201  198  202  200  204  201  205  202
  205  202  205  202  203  199  201  198  200  196  198  195  198  196  198  196
  201  198  200  196  197  187  197  205  200                                   
    82.5-180.0 180.0   5.0 450.0                            LAT/LON1/LON2/DLON/H
  187  194  193  200  198  199  199  201  201  203  204  207  208  210  211  213
  213  214  214  213  212  211  210  207  206  203  203  200  200  198  198  196
  197  195  197  196  197  196  198  197  200  200  203  203  206  206  209  209
  211  210  213  212  213  211  212  210  211  207  207  203  206  203  204  201
  203  201  202  197  197  190  191  191  187                                   
    80.0-180.0 180.0   5.0 450.0                            LAT/LON1/LON2/DLON/H
  194  198  196  196  197  195  198  198  200  202  203  207  207  211  212  214
  213  213  212  210  208  205  202  198  195  192  189  187  185  184  184  183
  183  184  185  186  187  187  190  191  194  195  200  201  206  207  212  213
  217  218  221  221  224  223  224  223  223  221  218  217  216  214  211  210
  209  207  205  200  200  189  192  191  194                                   
    77.5-180.0 180.0   5.0 450.0                            LAT/LON1/LON2/DLON/H
  190  193  191  194  193  194  194  196  196  199  198  203  203  206  206  208
  206  206  204  202  197  194  189  185  180  178  174  174  171  173  171  175
  174  178  178  182  182  186  187  192  192  198  200  207  209  215  218  223
  225  228  231  233  234  236  236  237  236  235  232  231  229  226  222  221
  217  215  210  204  202  192  191  186  190                                   
    75.0-180.0 180.0   5.0 450.0                            LAT/LON1/LON2/DLON/H
  195  196  193  192  189  189  187  189  187  190  190  194  193  196  195  197
  194  195  192  189  184  179  173  169  162  160  156  156  154  156  157  160
  162  168  171  176  178  182  185  189  193  198  204  208  215  219  225  227
  233  233  238  238  240  240  242  242  242  241  239  238  236  234  230  228
  224  221  215  210  206  196  196  191  195                                   
    72.5-180.0 180.0   5.0 450.0                            LAT/LON1/LON2/DLON/H
  197  199  193  191  187  184  181  180  179  180  179  181  181  183  183  183
  182  182  179  177  171  168  162  158  151  149  145  145  144  148  150  157
  160  169  170  179  178  186  186  193  194  202  206  215  218  226  229  235
  235  238  238  241  240  243  242  245  244  245  243  244  242  241  237  235
  231  228  222  217  214  205  201  197  197                                   
    70.0-180.0 180.0   5.0 450.0                            LAT/LON1/LON2/DLON/H
  207  206  201  196  191  187  182  180  175  176  175  176  176  176  176  175
  174  174  172  169  164  159  153  147  141  137  136  134  136  138  145  151
  159  167  175  182  186  190  194  198  203  208  216  222  229  234  239  240
  243  242  244  242  243  242  243  243  245  244  244  244  244  242  241  238
  235  232  227  222  221  210  208  206  207                                   
    67.5-180.0 180.0   5.0 450.0                            LAT/LON1/LON2/DLON/H
  209  209  202  199  191  185  177  174  168  168  165  166  165  167  165  167
  165  166  163  162  156  153  145  141  134  132  129  131  132  139  144  155
  162  175  181  191  192  199  199  205  207  214  219  227  231  237  239  243
  240  240  238  238  234  235  233  236  235  237  237  239  240  240  239  239
  236  234  230  227  226  217  212  210  209                                   
    65.0-180.0 180.0   5.0 450.0                            LAT/LON1/LON2/DLON/H
  220  217  212  206  199  191  182  176  168  165  162  161  160  160  160  159
  159  158  157  154  150  145  141  135  131  127  128  127  133  135  147  153
  168  177  189  196  202  205  209  211  215  220  226  233  237  241  244  244
  242  238  236  232  230  226  226  224  226  225  228  228  232  231  233  231
  230  229  227  225  226  217  215  216  220                                   
    62.5-180.0 180.0   5.0 450.0                            LAT/LON1/LON2/DLON/H
  221  220  215  211  200  192  180  174  165  162  156  155  152  154  151  153
  150  150  146  145  140  138  133  129  125  124  124  126  131  138  147  159
  169  185  194  205  209  214  216  219  221  225  230  237  241  245  247  246
  242  239  232  230  223  222  216  218  215  217  217  220  222  224  224  226
  224  225  222  223  224  218  216  217  221                                   
    60.0-180.0 180.0   5.0 450.0                            LAT/LON1/LON2/DLON/H
  229  227  224  219  211  201  189  179  169  162  157  152  150  146  146  143
  142  139  137  134  133  129  129  124  125  121  125  124  132  135  149  155
  172  183  199  207  216  218  223  223  227  230  236  240  246  249  251  249
  246  240  236  230  226  221  220  217  216  214  215  214  217  217  219  219
  218  218  217  217  221  215  215  220  229                                   
    57.5-180.0 180.0   5.0 450.0                            LAT/LON1/LON2/DLON/H
  231  229  228  226  217  209  195  184  171  165  155  151  144  142  137  135
  132  131  127  126  124  122  120  118  117  117  119  122  128  135  144  155
  167  183  196  210  217  224  227  229  231  234  240  245  251  253  256  253
  250  244  239  236  230  229  223  224  219  220  214  217  214  217  215  217
  214  216  214  216  221  217  216  219  231                                   
    55.0-180.0 180.0   5.0 450.0                            LAT/LON1/LON2/DLON/H
  240  238  238  234  229  219  209  196  182  170  161  150  143  136  131  128
  124  122  120  118  118  115  116  113  115  113  119  120  128  131  144  150
  166  177  197  208  220  224  231  230  234  236  242  248  252  256  257  256
  253  249  248  245  244  241  239  236  234  231  228  223  221  219  218  218
  216  217  216  218  222  219  218  226  240                                   
    52.5-180.0 180.0   5.0 450.0                            LAT/LON1/LON2/DLON/H
  248  248  249  248  241  233  222  209  190  178  163  152  140  132  124  120
  118  115  113  112  111  110  110  110  112  113  118  122  128  134  142  150
  162  177  193  209  222  230  236  238  240  242  249  253  260  262  266  264
  263  261  259  260  257  259  254  256  249  249  240  239  231  232  227  228
  226  227  224  227  232  230  229  234  248                                   
    50.0-180.0 180.0   5.0 450.0                            LAT/LON1/LON2/DLON/H
  262  264  264  261  257  248  240  225  207  188  172  156  142  132  123  119
  114  113  110  109  109  109  111  111  116  116  123  126  133  136  146  150
  162  175  193  207  224  231  240  241  245  248  253  260  265  270  273  274
  273  273  272  274  275  275  273  271  268  264  257  251  246  242  240  239
  239  239  239  241  246  243  240  250  262                                   
    47.5-180.0 180.0   5.0 450.0                            LAT/LON1/LON2/DLON/H
  271  273  275  275  269  262  252  239  220  198  178  159  143  130  122  116
  114  111  112  109  111  110  113  116  121  124  130  134  139  143  149  155
  165  177  194  209  227  237  248  250  255  256  264  267  276  279  285  286
  288  288  288  290  289  290  286  286  281  278  269  267  258  259  253  258
  256  261  259  262  265  260  257  265  271                                   
    45.0-180.0 180.0   5.0 450.0                            LAT/LON1/LON2/DLON/H
  285  283  282  281  280  273  265  252  234  210  186  166  146  134  123  120
  115  114  113  113  113  115  118  122  129  133  140  143  149  151  158  162
  170  180  197  210  230  238  251  254  261  264  270  276  283  290  295  300
  301  303  301  303  300  299  295  293  290  286  280  276  271  269  268  272
  275  277  279  279  282  275  270  282  285                                   
    42.5-180.0 180.0   5.0 450.0                            LAT/LON1/LON2/DLON/H
  294  289  290  288  286  280  272  258  241  216  193  172  151  137  127  121
  122  119  123  121  125  125  131  136  145  150  156  160  162  165  168  172
  178  187  202  216  235  245  259  264  273  274  283  286  296  302  311  314
  319  317  316  314  312  308  304  301  299  294  288  285  280  282  282  290
  292  298  298  298  300  292  291  295  294                                   
    40.0-180.0 180.0   5.0 450.0                            LAT/LON1/LON2/DLON/H
  306  293  288  286  287  282  275  262  247  224  200  181  159  146  133  129
  127  127  129  130  132  136  143  150  161  167  173  175  178  178  181  182
  189  195  208  218  239  248  262  268  277  280  288  293  304  313  321  327
  329  328  321  320  317  315  309  309  307  305  300  298  296  297  300  307
  313  317  318  319  318  308  304  309  306                                   
    37.5-180.0 180.0   5.0 450.0                            LAT/LON1/LON2/DLON/H
  317  301  295  288  285  279  271  261  246  226  204  185  166  153  141  135
  137  135  142  141  150  153  163  172  183  189  192  193  191  190  189  192
  196  201  211  222  240  251  268  272  286  287  298  301  314  322  334  337
  342  338  335  331  330  328  324  324  323  324  321  320  319  321  323  331
  336  339  340  339  340  327  325  320  317                                   
    35.0-180.0 180.0   5.0 450.0                            LAT/LON1/LON2/DLON/H
  331  308  295  288  283  275  270  257  245  227  210  193  176  165  152  146
  144  144  150  153  160  167  178  188  200  206  208  205  203  200  201  201
  204  207  212  221  238  250  267  274  287  289  301  306  320  330  341  345
  346  345  340  342  340  343  340  343  344  349  349  351  348  351  351  360
  362  366  362  362  358  344  337  337  331                                   
    32.5-180.0 180.0   5.0 450.0                            LAT/LON1/LON2/DLON/H
  352  328  316  300  291  277  271  257  246  230  214  199  184  173  160  152
  151  150  160  163  174  181  195  207  220  225  223  216  210  206  204  204
  205  207  210  220  234  249  266  277  292  294  309  312  328  334  349  348
  355  351  355  358  362  368  369  375  374  383  382  386  385  388  387  391
  392  391  386  381  377  364  357  352  352                                   
    30.0-180.0 180.0   5.0 450.0                            LAT/LON1/LON2/DLON/H
  376  354  333  320  305  289  278  263  250  236  222  209  195  184  171  163
  158  159  165  171  182  193  207  221  234  238  232  224  215  210  207  206
  206  206  207  218  229  246  261  276  292  298  312  318  334  341  354  356
  362  362  368  376  386  395  400  405  409  416  420  426  425  426  423  426
  423  418  410  403  399  382  373  373  376                                   
    27.5-180.0 180.0   5.0 450.0                            LAT/LON1/LON2/DLON/H
  399  386  369  353  334  311  298  278  265  249  237  222  207  195  180  171
  165  164  172  177  192  204  222  235  248  248  240  226  216  208  202  198
  196  196  198  208  221  240  255  275  291  304  316  324  339  345  361  362
  372  374  386  397  412  424  432  437  438  448  450  460  459  462  456  456
  451  443  433  424  420  406  392  392  399                                   
    25.0-180.0 180.0   5.0 450.0                            LAT/LON1/LON2/DLON/H
  420  420  403  390  366  346  322  304  284  270  255  245  228  213  196  187
  177  178  179  189  200  217  234  251  258  255  240  226  211  202  193  192
  189  189  191  202  215  231  246  267  286  298  315  324  341  347  364  368
  381  386  404  419  438  451  464  467  472  477  485  489  493  492  489  486
  481  471  459  450  446  429  418  416  420                                   
    22.5-180.0 180.0   5.0 450.0                            LAT/LON1/LON2/DLON/H
  443  446  435  423  400  377  352  330  310  292  279  265  248  233  214  202
  191  189  191  198  211  226  248  260  267  256  237  219  201  190  182  179
  174  172  176  186  200  216  234  257  277  295  310  322  337  347  364  372
  388  398  420  438  459  472  485  487  491  496  502  507  512  510  509  503
  498  486  476  466  463  450  438  433  443                                   
    20.0-180.0 180.0   5.0 450.0                            LAT/LON1/LON2/DLON/H
  453  466  458  454  429  408  382  364  341  322  305  291  274  259  238  227
  213  211  207  215  224  240  257  268  266  250  225  205  185  176  165  161
  154  152  157  169  186  203  224  247  273  289  307  318  336  346  365  375
  394  408  431  452  473  487  497  503  504  507  514  519  525  524  520  516
  512  500  490  481  478  463  460  451  453                                   
    17.5-180.0 180.0   5.0 450.0                            LAT/LON1/LON2/DLON/H
  459  473  472  464  444  421  398  383  362  345  325  311  293  279  260  247
  235  230  224  226  233  247  263  268  261  238  210  188  170  160  148  137
  128  124  130  145  167  188  211  233  261  282  299  313  329  343  362  377
  395  413  436  457  476  488  496  499  504  506  515  521  529  529  527  522
  518  508  499  492  488  476  468  461  459                                   
    15.0-180.0 180.0   5.0 450.0                            LAT/LON1/LON2/DLON/H
  458  468  468  462  441  423  403  390  376  359  344  329  312  299  283  274
  260  253  242  242  241  252  258  260  245  220  192  170  153  141  126  115
  105  101  107  124  147  174  197  220  249  277  297  315  332  348  367  382
  399  416  436  455  467  479  485  493  498  504  515  522  531  530  528  523
  519  512  503  498  493  482  478  469  458                                   
    12.5-180.0 180.0   5.0 450.0                            LAT/LON1/LON2/DLON/H
  452  459  455  441  424  405  391  381  371  359  345  334  320  308  296  288
  276  269  254  252  246  253  252  245  225  197  173  152  137  124  110   94
   84   77   86  102  131  160  189  214  241  269  293  311  331  347  366  381
  399  416  436  452  463  469  478  487  498  506  519  526  533  532  529  525
  520  515  506  503  497  488  479  471  452                                   
    10.0-180.0 180.0   5.0 450.0                            LAT/LON1/LON2/DLON/H
  441  438  425  413  391  376  366  361  355  347  337  335  322  318  306  300
  287  276  260  252  242  243  235  223  199  171  148  132  117  107   94   79
   70   62   69   85  111  148  176  205  235  264  290  310  332  350  370  385
  403  421  440  456  462  471  479  492  510  519  533  536  538  535  530  528
  521  518  507  506  500  492  485  474  441                                   
     7.5-180.0 180.0   5.0 450.0                            LAT/LON1/LON2/DLON/H
  438  428  410  387  362  345  335  329  326  319  318  317  314  313  307  301
  288  279  262  252  236  232  217  202  177  149  132  115  107   95   85   70
