data/unet/pred3240.15i
     1.0            IONOSPHERE MAPS     GNSS                IONEX VERSION / TYPE
pyspatialgeodesy        IME             05-JAN-18 20:20     PGM / RUN BY / DATE 
Map Name                                                    COMMENT             
Predicted global ionosphere maps (GIM).                     DESCRIPTION         
  2015    11    20     0     0     0                        EPOCH OF FIRST MAP  
  2015    11    21     0     0     0                        EPOCH OF LAST MAP   
  7200                                                      INTERVAL            
    13                                                      # OF MAPS IN FILE   
  NONE                                                      MAPPING FUNCTION    
10.0                                                        ELEVATION CUTOFF    
One-way carrier phase leveled to code                       OBSERVABLES USED    
  6371.0                                                    BASE RADIUS         
 2                                                          MAP DIMENSION       
   450.0 450.0   0.0                                        HGT1 / HGT2 / DHGT  
    87.5 -87.5  -2.5                                        LAT1 / LAT2 / DLAT  
  -180.0 180.0   5.0                                        LON1 / LON2 / DLON  
    -1                                                      EXPONENT            
                                                            END OF HEADER       
[from data line 2145]
     6                                                      START OF TEC MAP    
  2015    11    20    10     0     0                        EPOCH OF CURRENT MAP
    87.5-180.0 180.0   5.0 450.0                            LAT/LON1/LON2/DLON/H
   45   68   59   63   61   62   61   62   61   62   61   62   61   62   60   60
   59   60   59   58   58   58   57   56   56   56   55   54   54   54   53   52
   52   52   51   51   51   51   51   50   51   51   51   51   51   51   50   51
   49   51   49   50   48   50   47   49   47   49   47   49   47   50   47   49
   48   51   50   54   54   49   46   45   45                                   
    85.0-180.0 180.0   5.0 450.0                            LAT/LON1/LON2/DLON/H
   64   65   68   68   69   67   70   68   69   67   68   67   67   65   66   65
   65   65   66   66   66   67   67   68   68   69   69   70   69   70   69   69
   68   68   67   67   66   65   64   63   62   61   60   59   57   56   54   54
   52   51   50   50   49   49   48   49   48   49   49   50   50   51   52   53
   54   55   57   58   59   61   64   61   64                                   
    82.5-180.0 180.0   5.0 450.0                            LAT/LON1/LON2/DLON/H
   61   67   71   73   71   69   71   70   70   68   68   66   66   63   64   61
   62   60   63   62   64   63   66   66   68   68   70   70   71   71   71   70
   69   68   67   66   64   63   61   61   59   58   56   56   54   52   50   49
   47   46   44   44   42   41   41   41   41   42   42   43   44   45   47   48
   50   52   55   55   58   58   62   57   61                                   
    80.0-180.0 180.0   5.0 450.0                            LAT/LON1/LON2/DLON/H
   56   58   65   67   64   65   64   64   62   60   57   56   52   50   47   47
   44   45   44   47   47   50   51   54   55   58   60   63   64   64   65   65
   65   64   64   63   62   61   61   60   59   58   58   57   56   55   53   53
   50   49   46   46   42   42   40   40   38   39   38   40   40   42   42   45
   45   47   48   51   50   51   57   54   56                                   
    77.5-180.0 180.0   5.0 450.0                            LAT/LON1/LON2/DLON/H
   55   55   59   60   60   58   60   57   57   51   50   44   43   37   37   32
   34   31   35   34   38   39   43   45   50   51   56   58   61   60   63   62
   63   62   64   63   64   63   65   65   66   65   66   65   65   64   63   62
   61   59   57   55   52   49   47   45   44   42   42   42   43   43   45   46
   46   47   48   49   49   49   50   40   55                                   
    75.0-180.0 180.0   5.0 450.0                            LAT/LON1/LON2/DLON/H
   49   50   53   57   56   57   56   56   52   49   44   41   34   31   27   26
   23   25   25   29   30   35   38   43   45   50   51   56   56   59   60   62
   62   64   65   68   68   71   72   75   75   77   78   79   79   80   80   81
   79   78   76   73   71   66   64   59   58   53   55   52   53   51   54   52
   53   51   53   53   51   50   47   40   49                                   
    72.5-180.0 180.0   5.0 450.0                            LAT/LON1/LON2/DLON/H
   50   51   51   56   54   55   54   54   51   47   43   39   34   29   26   24
   24   24   28   29   34   37   41   44   47   49   52   53   55   55   58   58
   62   63   67   70   74   77   82   84   88   90   94   95   97   98   99  101
   99   99   96   93   88   83   77   73   68   64   62   60   60   58   59   59
   57   57   56   54   52   49   48   35   50                                   
    70.0-180.0 180.0   5.0 450.0                            LAT/LON1/LON2/DLON/H
   49   48   51   55   56   57   57   58   54   52   46   44   36   34   28   30
   27   32   32   39   39   46   46   52   50   54   52   55   53   56   56   61
   63   68   71   79   81   89   91  100  101  109  110  117  117  123  121  127
  122  124  118  115  107   99   92   84   80   74   72   67   68   65   66   64
   64   62   62   60   57   53   49   40   49                                   
    67.5-180.0 180.0   5.0 450.0                            LAT/LON1/LON2/DLON/H
   47   50   51   55   55   58   58   59   57   54   50   47   42   40   38   38
   38   40   43   46   50   53   54   55   53   53   51   50   49   50   53   56
   63   67   76   81   89   96  104  111  116  122  127  132  136  139  142  142
  142  139  135  126  119  106   98   87   81   73   70   65   65   62   63   62
   62   61   61   59   56   52   50   39   47                                   
    65.0-180.0 180.0   5.0 450.0                            LAT/LON1/LON2/DLON/H
   47   47   50   53   55   58   60   62   59   58   53   52   45   49   44   51
   47   55   52   60   56   63   59   62   55   55   49   50   46   51   52   60
   65   75   82   94   99  113  116  128  129  138  140  150  147  156  152  158
  154  153  145  137  125  111  100   88   79   72   68   63   62   58   59   57
   57   57   58   60   55   53   51   45   47                                   
    62.5-180.0 180.0   5.0 450.0                            LAT/LON1/LON2/DLON/H
   44   49   47   50   51   55   57   59   59   56   53   51   49   50   51   55
   57   58   60   60   62   62   60   58   53   50   45   43   42   45   50   57
   67   77   89   99  111  121  131  136  142  147  153  156  160  161  163  163
  163  159  155  142  130  111   97   83   75   65   61   56   54   49   49   47
   47   48   50   51   51   50   51   42   44                                   
    60.0-180.0 180.0   5.0 450.0                            LAT/LON1/LON2/DLON/H
   46   45   46   47   47   50   53   55   54   53   49   50   47   53   52   61
   58   64   59   64   58   62   56   57   49   47   40   41   39   48   53   66
   75   89  100  115  124  137  141  150  155  160  162  168  166  173  169  173
  167  167  158  147  131  115   97   86   74   67   62   56   53   47   44   40
   40   41   44   49   48   51   50   48   46                                   
    57.5-180.0 180.0   5.0 450.0                            LAT/LON1/LON2/DLON/H
   46   46   42   42   41   43   44   46   45   44   42   42   42   47   50   55
   57   57   56   54   52   50   49   46   42   39   35   36   38   46   56   69
   83   96  111  125  136  145  153  159  166  169  173  172  176  176  178  176
  176  172  166  152  139  119  105   90   80   71   67   61   56   49   44   39
   37   37   41   45   48   50   52   44   46                                   
    55.0-180.0 180.0   5.0 450.0                            LAT/LON1/LON2/DLON/H
   51   44   41   38   35   38   38   40   38   38   36   37   37   43   44   52
   49   52   45   47   41   44   40   42   36   37   33   38   41   54   66   84
   99  117  130  144  152  160  168  176  181  183  183  185  183  188  183  187
  182  183  175  166  148  132  115  104   91   85   79   73   67   59   53   45
   41   39   43   48   50   54   54   53   51                                   
    52.5-180.0 180.0   5.0 450.0                            LAT/LON1/LON2/DLON/H
   56   48   40   38   33   34   32   35   32   33   30   31   31   37   40   44
   45   43   40   36   34   34   35   36   35   35   35   41   46   60   76   94
  112  130  143  153  162  170  179  185  193  193  194  192  195  193  194  192
  194  191  188  176  163  145  132  118  110  102   96   90   83   76   67   59
   53   50   52   54   56   59   59   52   56                                   
    50.0-180.0 180.0   5.0 450.0                            LAT/LON1/LON2/DLON/H
   66   53   48   42   38   37   35   36   34   34   32   32   31   35   36   42
   39   40   33   34   28   33   32   39   37   42   41   50   58   75   91  114
  131  149  159  169  177  183  193  198  206  205  205  205  203  205  201  205
  203  206  201  194  180  166  148  137  125  122  114  112  103   97   86   78
   70   65   64   67   67   68   67   64   66                                   
    47.5-180.0 180.0   5.0 450.0                            LAT/LON1/LON2/DLON/H
   76   66   56   53   47   47   41   42   38   40   36   36   34   37   39   41
   41   39   36   33   33   35   39   43   45   49   51   60   68   84  103  125
  143  158  166  177  184  192  199  207  215  214  217  212  214  211  212  211
  214  213  213  203  196  177  164  148  140  132  129  124  120  113  105   96
   86   81   79   77   77   77   77   70   76                                   
    45.0-180.0 180.0   5.0 450.0                            LAT/LON1/LON2/DLON/H
   88   74   70   67   63   60   58   56   54   54   52   51   47   48   45   49
   45   46   40   43   40   47   47   56   55   62   63   74   82  101  116  142
  154  171  177  190  196  204  214  219  227  225  226  223  221  221  219  222
  221  222  217  213  200  187  169  156  143  138  130  130  124  123  114  110
   99   94   88   87   84   84   86   84   88                                   
    42.5-180.0 180.0   5.0 450.0                            LAT/LON1/LON2/DLON/H
   95   84   79   79   77   76   72   72   68   69   67   66   62   60   57   56
   55   53   53   53   54   57   60   65   65   69   73   83   93  110  129  148
  160  174  184  196  205  216  225  231  235  233  233  230  229  227  227  226
  226  221  219  209  200  183  168  151  140  129  125  122  122  119  116  111
  104   97   93   89   87   85   88   87   95                                   
    40.0-180.0 180.0   5.0 450.0                            LAT/LON1/LON2/DLON/H
   98   88   89   89   89   87   86   85   85   86   85   85   79   76   70   69
   67   67   65   68   67   73   71   74   72   78   83   96  106  126  139  159
  166  183  192  208  220  230  241  244  247  244  242  239  238  237  237  236
  233  229  222  215  201  186  166  151  135  127  118  117  113  114  109  110
  100   99   91   89   84   83   86   91   98                                   
    37.5-180.0 180.0   5.0 450.0                            LAT/LON1/LON2/DLON/H
   96   87   86   92   91   92   89   91   91   96   98   99   95   89   84   80
   79   77   77   79   79   81   79   78   76   81   89  102  117  134  147  159
  170  187  203  221  236  248  256  259  260  257  255  252  253  251  252  248
  246  238  234  221  210  192  176  155  143  128  122  114  113  108  106  103
   97   91   87   82   77   76   80   80   96                                   
    35.0-180.0 180.0   5.0 450.0                            LAT/LON1/LON2/DLON/H
   87   80   82   85   88   89   89   89   94  100  107  110  108  103   97   94
   91   90   89   91   88   89   83   80   77   85   95  115  132  150  158  171
  180  198  216  238  256  269  279  280  279  276  273  272  272  273  273  271
  268  260  252  241  229  212  193  176  158  148  136  130  121  117  109  107
   97   94   83   78   71   71   71   74   87                                   
    32.5-180.0 180.0   5.0 450.0                            LAT/LON1/LON2/DLON/H
   76   70   65   72   73   76   74   78   82   93  102  111  111  109  105  101
   99   97   96   96   93   89   82   76   74   84   99  119  141  156  165  174
  188  206  230  257  278  294  303  305  305  302  301  298  303  302  307  303
  305  295  291  276  265  248  232  213  197  182  173  161  155  143  135  125
  114  102   92   81   74   71   69   61   76                                   
    30.0-180.0 180.0   5.0 450.0                            LAT/LON1/LON2/DLON/H
   66   60   54   57   59   61   61   64   71   83   96  106  112  111  110  107
  105  103  101  100   95   90   79   75   74   87  106  132  154  170  178  187
  202  219  250  277  301  319  329  333  331  330  330  334  337  345  349  352
  352  348  342  331  318  302  283  266  253  239  227  216  203  192  177  165
  148  134  115  104   90   83   75   61   66                                   
    27.5-180.0 180.0   5.0 450.0                            LAT/LON1/LON2/DLON/H
   65   61   47   48   46   49   47   50   55   68   81   95  102  106  107  107
  105  104  101   99   92   85   75   70   75   88  111  135  160  174  188  199
  216  239  266  297  320  342  355  360  361  360  367  370  381  386  401  400
  413  406  411  395  390  371  356  338  325  309  295  277  266  249  236  218
  202  178  160  139  121  107   92   65   65                                   
    25.0-180.0 180.0   5.0 450.0                            LAT/LON1/LON2/DLON/H
   67   64   49   46   43   45   43   44   48   59   72   85   94   99  104  105
  105  103  100   98   89   82   72   71   78   95  119  147  171  189  204  221
  240  264  291  317  342  366  381  387  390  393  403  410  421  433  447  459
  474  480  485  478  472  457  439  421  405  387  365  349  330  312  293  274
  255  234  209  188  165  140  122   87   67                                   
    22.5-180.0 180.0   5.0 450.0                            LAT/LON1/LON2/DLON/H
   88   79   62   55   49   50   45   47   45   53   60   74   81   89   93   97
   99   97   94   91   83   75   70   71   83   98  123  147  175  191  214  234
  257  282  306  332  359  384  404  416  423  429  442  452  469  477  504  513
  544  553  568  560  561  541  529  504  483  454  427  406  385  374  358  335
  313  289  265  240  213  185  156  116   88                                   
    20.0-180.0 180.0   5.0 450.0                            LAT/LON1/LON2/DLON/H
  119  112   87   69   65   64   62   59   55   57   61   69   75   80   84   89
   93   92   91   88   81   76   71   77   89  106  129  154  179  199  222  249
  275  300  326  349  376  401  426  437  452  461  481  497  516  532  548  570
  597  618  621  623  608  603  585  572  557  533  497  475  445  429  401  387
  364  342  319  298  271  235  205  165  119                                   
    17.5-180.0 180.0   5.0 450.0                            LAT/LON1/LON2/DLON/H
  171  163  134  108   93   85   86   78   70   66   65   68   69   73   75   80
   82   85   85   82   77   73   73   77   93  109  133  155  182  199  231  260
  289  312  338  363  394  414  440  454  472  486  511  528  552  564  588  608
  638  647  650  644  634  622  614  602  592  575  555  541  511  485  447  423
  400  381  361  345  322  292  254  217  171                                   
    15.0-180.0 180.0   5.0 450.0                            LAT/LON1/LON2/DLON/H
  217  203  170  150  129  119  115  107   92   86   78   76   71   72   70   73
   74   75   79   76   75   73   75   83   98  115  138  161  183  208  238  274
  303  326  351  374  405  421  455  467  493  511  540  560  574  591  602  627
  642  654  647  644  631  629  622  616  607  587  567  549  528  499  456  433
  403  398  378  370  354  326  301  269  217                                   
    12.5-180.0 180.0   5.0 450.0                            LAT/LON1/LON2/DLON/H
  253  230  195  173  157  148  140  129  115  101   93   86   82   76   75   72
   72   72   75   75   76   74   79   88  104  122  145  168  190  216  247  281
  312  337  359  385  409  435  455  476  495  520  544  562  581  590  601  614
  636  637  631  621  612  605  605  602  596  579  556  535  508  479  439  417
  390  385  373  372  361  345  328  290  253                                   
    10.0-180.0 180.0   5.0 450.0                            LAT/LON1/LON2/DLON/H
  270  241  213  192  178  165  158  147  136  122  111  103   95   87   81   77
   73   72   74   72   75   74   81   91  109  131  157  182  206  234  263  299
  322  352  373  401  421  444  468  488  509  533  554  572  581  584  583  594
  603  611  602  590  581  578  580  581  576  552  528  495  469  432  405  377
  361  351  350  354  351  341  328  304  270                                   
     7.5-180.0 180.0   5.0 450.0                            LAT/LON1/LON2/DLON/H
  267  240  217  194  179  168  158  149  139  130  125  116  112  100   96   83
   82   75   81   75   79   75   83   93  114  141  169  197  218  248  272  304
