data/unet/pred2430.15i
     1.0            IONOSPHERE MAPS     GNSS                IONEX VERSION / TYPE
pyspatialgeodesy        IME             05-JAN-18 20:20     PGM / RUN BY / DATE 
Map Name                                                    COMMENT             
Predicted global ionosphere maps (GIM).                     DESCRIPTION         
  2015     8    31     0     0     0                        EPOCH OF FIRST MAP  
  2015     9     1     0     0     0                        EPOCH OF LAST MAP   
  7200                                                      INTERVAL            
    13                                                      # OF MAPS IN FILE   
  NONE                                                      MAPPING FUNCTION    
10.0                                                        ELEVATION CUTOFF    
One-way carrier phase leveled to code                       OBSERVABLES USED    
  6371.0                                                    BASE RADIUS         
 2                                                          MAP DIMENSION       
   450.0 450.0   0.0                                        HGT1 / HGT2 / DHGT  
    87.5 -87.5  -2.5                                        LAT1 / LAT2 / DLAT  
  -180.0 180.0   5.0                                        LON1 / LON2 / DLON  
    -1                                                      EXPONENT            
                                                            END OF HEADER       
[from data line 4719]
    12                                                      START OF TEC MAP    
  2015     8    31    22     0     0                        EPOCH OF CURRENT MAP
    87.5-180.0 180.0   5.0 450.0                            LAT/LON1/LON2/DLON/H
  167  114   94   97   96   96   97   98   99   99  101  101  102  103  104  104
  105  105  106  106  106  106  106  105  105  104  104  103  102  102  101  100
   99   99   97   97   95   95   93   92   91   90   89   89   88   87   86   86
   86   86   86   86   86   87   87   87   87   88   88   88   88   89   89   90
   90   91   91   92   93   92   97  139  167                                   
    85.0-180.0 180.0   5.0 450.0                            LAT/LON1/LON2/DLON/H
  104   89   87   91   91   91   93   94   95   97   98  100  101  103  103  105
  105  106  106  107  106  107  106  106  105  105  103  103  101  100   98   97
   95   94   92   91   89   88   86   85   83   81   80   79   78   77   76   75
   76   75   76   76   76   76   78   78   78   78   79   79   80   80   81   81
   82   82   83   82   85   83   88  117  104                                   
    82.5-180.0 180.0   5.0 450.0                            LAT/LON1/LON2/DLON/H
   98   91   89   92   92   92   94   96   97  100  101  104  105  107  108  110
  110  112  111  113  111  112  110  110  108  108  105  104  102  100   98   96
   94   92   91   89   88   86   85   82   82   79   79   76   77   74   75   74
   75   74   75   75   76   76   78   78   79   79   80   79   81   80   82   81
   83   83   84   84   85   82   86  107   98                                   
    80.0-180.0 180.0   5.0 450.0                            LAT/LON1/LON2/DLON/H
  102   94   90   93   93   94   96   99  101  104  107  109  112  114  116  117
  119  120  120  121  121  121  119  118  116  114  112  109  107  103  101   98
   96   94   93   91   90   88   86   84   82   80   78   77   75   74   73   73
   73   73   74   74   75   76   77   77   78   79   79   80   81   82   82   83
   84   86   85   85   85   83   82   98  102                                   
    77.5-180.0 180.0   5.0 450.0                            LAT/LON1/LON2/DLON/H
  102   95   92   92   93   92   97   98  103  105  110  112  116  117  120  120
  122  122  124  123  124  123  123  120  119  115  113  108  106  100   98   94
   93   91   91   89   89   86   86   83   82   78   78   75   74   71   71   70
   71   71   72   72   73   74   76   77   78   78   79   80   81   82   83   84
   85   86   87   85   87   82   82   97  102                                   
    75.0-180.0 180.0   5.0 450.0                            LAT/LON1/LON2/DLON/H
  104   95   93   94   96   96  101  103  108  112  117  120  123  124  127  127
  128  128  129  128  129  128  127  124  122  117  114  108  104   99   96   92
   91   89   90   89   89   87   87   84   82   79   77   74   72   71   69   70
   69   71   71   73   73   75   76   78   78   79   80   81   82   84   85   86
   88   89   90   89   90   86   87  102  104                                   
    72.5-180.0 180.0   5.0 450.0                            LAT/LON1/LON2/DLON/H
  105   98   97   97   97   98  104  106  113  116  123  124  128  128  130  128
  129  128  129  128  129  127  127  123  122  115  112  104  101   93   90   86
   86   84   85   84   85   84   84   81   79   75   73   70   69   66   66   65
   66   67   68   69   70   71   73   74   75   76   77   78   80   81   83   84
   87   88   90   90   91   89   89  106  105                                   
    70.0-180.0 180.0   5.0 450.0                            LAT/LON1/LON2/DLON/H
  108   99   99  100  102  102  109  111  119  123  130  131  135  133  134  132
  132  131  132  131  132  130  130  126  124  118  113  105  100   92   88   84
   83   82   83   83   85   83   82   79   77   73   70   66   64   62   62   62
   62   63   64   65   66   67   68   69   71   71   72   74   77   79   81   83
   86   88   91   91   94   90   93  108  108                                   
    67.5-180.0 180.0   5.0 450.0                            LAT/LON1/LON2/DLON/H
  110  102  101  102  103  104  111  114  122  126  133  134  138  135  137  133
  132  130  131  130  132  130  132  128  126  118  114  104   99   90   86   80
   79   77   78   78   78   78   76   73   70   66   62   60   57   56   55   56
   55   57   57   59   58   60   60   62   63   65   66   69   71   75   77   80
   83   86   89   90   93   93   93  110  110                                   
    65.0-180.0 180.0   5.0 450.0                            LAT/LON1/LON2/DLON/H
  112  102  102  104  106  105  113  115  125  129  137  138  143  140  141  136
  137  133  135  134  137  135  137  132  130  123  117  108  102   93   87   82
   80   77   77   76   76   73   72   67   64   59   56   52   51   49   50   50
   51   51   52   51   52   52   53   54   56   58   60   63   67   71   74   77
   82   84   88   90   94   93   97  112  112                                   
    62.5-180.0 180.0   5.0 450.0                            LAT/LON1/LON2/DLON/H
  114  104  103  104  105  105  112  115  124  129  137  139  143  142  143  139
  138  135  136  136  138  137  138  135  133  126  121  111  106   96   91   84
   80   76   73   71   69   66   63   59   54   52   47   46   44   44   43   45
   43   45   43   44   42   43   44   46   48   52   53   59   62   67   70   74
   76   81   84   88   91   94   96  114  114                                   
    60.0-180.0 180.0   5.0 450.0                            LAT/LON1/LON2/DLON/H
  116  106  107  108  108  107  112  114  123  126  136  137  144  142  145  141
  142  140  142  141  144  142  144  139  139  130  126  117  113  104   98   91
   85   79   75   70   68   63   60   55   52   48   46   43   42   41   41   41
   40   39   39   37   37   36   38   39   44   47   51   56   61   65   69   72
   76   79   84   86   92   93   99  117  116                                   
    57.5-180.0 180.0   5.0 450.0                            LAT/LON1/LON2/DLON/H
  120  113  113  113  112  109  114  114  120  124  131  135  140  141  144  142
  143  142  143  143  145  145  145  141  139  133  129  123  119  112  107   99
   92   83   77   70   66   61   57   54   49   47   44   43   41   41   40   40
   37   36   33   33   29   31   30   35   37   44   47   55   58   65   66   72
   73   78   80   85   89   94   99  119  120                                   
    55.0-180.0 180.0   5.0 450.0                            LAT/LON1/LON2/DLON/H
  128  120  122  123  122  118  120  118  122  122  129  131  138  139  144  144
  147  146  149  148  151  149  150  145  145  137  136  130  129  122  120  110
  102   92   84   76   70   65   61   58   55   52   50   48   46   45   43   41
   38   36   33   31   29   28   30   32   38   43   49   55   62   66   70   72
   77   79   83   85   93   95  104  124  128                                   
    52.5-180.0 180.0   5.0 450.0                            LAT/LON1/LON2/DLON/H
  135  132  133  134  133  129  129  125  126  125  128  130  135  138  143  144
  147  147  150  150  151  151  150  148  146  142  141  138  137  133  129  120
  112  101   91   82   76   71   68   65   61   59   56   54   51   49   46   44
   40   38   34   33   29   30   29   35   38   46   50   59   62   70   71   76
   77   82   85   89   94   99  105  129  135                                   
    50.0-180.0 180.0   5.0 450.0                            LAT/LON1/LON2/DLON/H
  143  141  144  148  148  144  142  137  135  131  133  132  137  138  144  146
  150  150  153  154  157  154  156  152  154  148  151  146  150  143  142  131
  124  111  102   92   87   81   79   76   72   70   66   64   60   57   53   50
   45   43   40   37   35   35   37   39   46   51   58   64   71   75   79   80
   85   88   93   95  103  105  114  138  143                                   
    47.5-180.0 180.0   5.0 450.0                            LAT/LON1/LON2/DLON/H
  149  151  154  159  160  157  155  149  146  141  140  138  140  142  145  148
  150  152  154  156  157  157  157  157  157  156  157  156  156  152  149  139
  131  119  111  102   97   92   90   86   83   79   76   71   67   63   59   55
   52   49   47   45   42   43   43   48   52   60   64   73   76   83   84   89
   90   97  100  105  109  113  118  145  149                                   
    45.0-180.0 180.0   5.0 450.0                            LAT/LON1/LON2/DLON/H
  155  157  163  169  172  170  169  165  161  156  153  150  150  149  152  152
  156  156  160  160  163  162  165  163  167  164  168  164  167  159  156  144
  136  124  118  110  107  103  101   97   93   89   85   80   76   71   67   64
   61   59   58   55   54   53   55   56   63   67   75   79   86   90   95   97
  102  106  112  114  120  120  127  152  155                                   
    42.5-180.0 180.0   5.0 450.0                            LAT/LON1/LON2/DLON/H
  157  160  165  173  178  178  179  177  174  171  167  164  162  160  160  160
  160  161  162  163  165  166  169  171  174  174  175  173  171  164  157  147
  139  130  124  120  117  114  111  107  103   97   93   87   83   78   76   72
   70   69   68   67   65   64   64   66   70   76   80   88   92   99  101  106
  111  119  123  128  130  130  132  159  157                                   
    40.0-180.0 180.0   5.0 450.0                            LAT/LON1/LON2/DLON/H
  160  161  168  176  182  183  186  186  187  186  183  180  177  174  172  169
  170  168  169  169  172  172  177  180  186  186  189  183  182  170  162  150
  143  134  132  128  127  124  121  116  112  106  102   97   93   89   86   84
   82   80   79   78   76   74   73   73   77   81   87   94  100  106  111  116
  122  129  136  137  140  137  140  165  160                                   
    37.5-180.0 180.0   5.0 450.0                            LAT/LON1/LON2/DLON/H
  162  163  168  176  181  185  189  192  195  197  197  195  191  186  182  179
  177  175  174  173  174  176  183  188  196  197  198  192  187  175  166  155
  148  141  139  138  136  133  130  124  120  114  111  106  103   98   95   93
   91   89   88   86   83   80   78   78   81   87   91  100  105  114  118  126
  134  143  148  151  150  148  146  171  162                                   
    35.0-180.0 180.0   5.0 450.0                            LAT/LON1/LON2/DLON/H
  168  168  174  182  187  189  194  199  205  210  213  212  208  204  198  194
  190  187  184  182  182  185  193  200  209  211  213  204  198  184  173  162
  155  148  147  146  145  141  137  132  128  124  121  117  113  108  105  102
  100   97   95   91   89   85   83   82   84   88   96  104  113  120  126  133
  142  151  157  158  159  154  154  179  168                                   
    32.5-180.0 180.0   5.0 450.0                            LAT/LON1/LON2/DLON/H
  180  182  185  193  196  200  204  210  216  224  229  230  225  219  211  205
  200  194  190  185  185  189  198  207  218  221  222  213  205  191  181  170
  163  158  155  155  151  148  143  138  136  132  131  126  123  117  113  108
  104  100   97   92   89   85   82   82   83   89   94  106  114  125  130  140
  148  159  165  169  169  167  165  192  180                                   
    30.0-180.0 180.0   5.0 450.0                            LAT/LON1/LON2/DLON/H
  199  198  205  212  216  217  222  227  235  242  249  250  246  239  230  224
  215  207  199  194  191  197  206  219  229  232  232  221  213  200  189  180
  173  168  165  161  158  152  148  144  142  140  139  135  131  124  119  113
  107  102   97   92   87   84   82   81   83   87   96  107  119  128  137  145
  155  164  171  176  179  178  181  207  199                                   
    27.5-180.0 180.0   5.0 450.0                            LAT/LON1/LON2/DLON/H
  220  225  233  242  244  247  250  254  259  267  270  272  264  258  245  238
  227  218  209  202  200  205  217  230  241  242  239  227  217  205  196  188
  182  177  172  166  160  154  150  146  145  145  145  141  136  127  120  112
  105   97   93   87   83   81   80   80   79   85   92  106  117  131  140  152
  160  171  178  186  191  195  198  226  220                                   
    25.0-180.0 180.0   5.0 450.0                            LAT/LON1/LON2/DLON/H
  246  250  267  277  282  283  285  287  289  294  296  297  291  283  272  261
  248  236  225  218  218  223  237  249  258  252  244  230  220  209  200  192
  187  181  176  169  162  154  149  147  147  147  148  144  137  127  117  108
   99   93   87   83   81   79   79   77   79   82   91  103  118  131  145  155
  167  176  186  193  203  209  217  243  246                                   
    22.5-180.0 180.0   5.0 450.0                            LAT/LON1/LON2/DLON/H
  266  277  298  308  315  320  320  323  322  327  326  329  322  317  304  290
  273  256  244  237  241  249  263  271  274  264  249  235  222  213  202  194
  186  180  175  167  159  149  144  141  142  145  146  144  135  124  111  101
   92   85   80   76   75   76   75   75   75   80   86  100  115  132  146  162
  173  186  195  206  217  227  236  264  266                                   
    20.0-180.0 180.0   5.0 450.0                            LAT/LON1/LON2/DLON/H
  286  299  319  332  343  348  351  352  353  357  357  359  357  352  342  326
  309  287  276  265  273  279  294  296  294  276  257  239  223  210  199  188
  180  172  169  157  151  140  137  133  138  140  143  139  132  120  107   95
   88   80   76   73   73   73   74   72   73   76   83   96  113  131  151  168
  183  195  208  218  232  243  256  280  286                                   
    17.5-180.0 180.0   5.0 450.0                            LAT/LON1/LON2/DLON/H
  296  313  331  347  360  371  376  379  380  385  384  389  389  387  379  365
  346  324  309  298  305  312  324  322  312  290  266  245  227  212  198  189
  178  168  162  152  144  132  129  125  129  131  135  133  125  115  102   92
   85   78   73   70   69   71   71   71   69   72   78   92  111  134  155  177
  193  208  221  233  246  258  270  295  296                                   
    15.0-180.0 180.0   5.0 450.0                            LAT/LON1/LON2/DLON/H
  306  321  336  353  370  382  390  397  400  405  406  412  415  418  413  401
  387  366  355  342  352  352  363  351  336  306  278  254  230  213  198  185
  173  158  155  143  142  130  129  123  127  126  131  126  122  110  103   92
   87   80   76   72   71   71   72   70   69   70   75   89  109  132  158  183
  203  220  234  247  259  269  283  307  306                                   
    12.5-180.0 180.0   5.0 450.0                            LAT/LON1/LON2/DLON/H
  310  325  334  353  370  388  398  407  413  420  423  430  437  442  441  434
  422  407  395  387  389  390  389  375  350  317  285  260  237  222  204  192
  176  165  156  149  145  137  134  130  128  126  126  122  116  107  100   91
   87   78   74   70   69   69   70   69   67   69   74   87  108  132  159  188
  210  230  246  259  271  281  294  320  310                                   
    10.0-180.0 180.0   5.0 450.0                            LAT/LON1/LON2/DLON/H
  318  330  338  354  369  386  396  408  414  424  429  440  449  459  462  459
  453  441  434  425  428  419  417  392  364  325  292  267  242  226  206  189
  176  163  161  152  156  149  147  142  140  134  133  125  121  108  104   94
   91   82   77   73   70   70   69   66   65   65   69   82  103  128  158  188
  215  237  256  271  283  292  307  331  318                                   
     7.5-180.0 180.0   5.0 450.0                            LAT/LON1/LON2/DLON/H
  330  343  346  359  369  386  394  408  415  428  434  448  458  469  477  476
  472  465  458  451  449  439  428  400  368  329  298  273  250  237  215  202
