data/unet/pred2860.15i
     1.0            IONOSPHERE MAPS     GNSS                IONEX VERSION / TYPE
pyspatialgeodesy        IME             05-JAN-18 20:20     PGM / RUN BY / DATE 
Map Name                                                    COMMENT             
Predicted global ionosphere maps (GIM).                     DESCRIPTION         
  2015    10    13     0     0     0                        EPOCH OF FIRST MAP  
  2015    10    14     0     0     0                        EPOCH OF LAST MAP   
  7200                                                      INTERVAL            
    13                                                      # OF MAPS IN FILE   
  NONE                                                      MAPPING FUNCTION    
10.0                                                        ELEVATION CUTOFF    
One-way carrier phase leveled to code                       OBSERVABLES USED    
  6371.0                                                    BASE RADIUS         
 2                                                          MAP DIMENSION       
   450.0 450.0   0.0                                        HGT1 / HGT2 / DHGT  
    87.5 -87.5  -2.5                                        LAT1 / LAT2 / DLAT  
  -180.0 180.0   5.0                                        LON1 / LON2 / DLON  
    -1                                                      EXPONENT            
                                                            END OF HEADER       
[from data line 5148]
    13                                                      START OF TEC MAP    
  2015    10    14     0     0     0                        EPOCH OF CURRENT MAP
    87.5-180.0 180.0   5.0 450.0                            LAT/LON1/LON2/DLON/H
  115   89   85   81   81   77   81   79   82   80   83   80   83   81   84   81
   83   81   83   80   82   79   81   77   80   76   78   74   76   71   74   70
   72   68   72   67   71   67   72   68   73   69   74   71   75   72   77   74
   77   74   78   75   78   75   79   75   78   75   78   75   77   74   77   74
   77   74   77   75   81   78   89  101  115                                   
    85.0-180.0 180.0   5.0 450.0                            LAT/LON1/LON2/DLON/H
   99   74   75   75   75   69   75   72   77   74   79   76   81   77   82   77
   82   77   81   75   78   72   75   68   70   63   65   58   60   54   56   51
   53   49   52   49   52   50   54   52   57   55   60   59   63   61   66   64
   68   65   69   66   70   66   70   67   70   67   70   66   69   66   69   65
   69   65   69   65   70   61   66   88   99                                   
    82.5-180.0 180.0   5.0 450.0                            LAT/LON1/LON2/DLON/H
   95   77   78   80   79   76   80   80   84   83   88   88   92   91   94   92
   94   91   92   88   87   82   80   74   72   65   63   57   55   49   49   45
   45   41   44   42   45   44   49   49   54   53   59   59   64   62   67   65
   69   66   70   68   71   68   71   69   71   68   71   68   71   68   71   68
   71   68   72   69   73   65   70   87   95                                   
    80.0-180.0 180.0   5.0 450.0                            LAT/LON1/LON2/DLON/H
   99   86   85   88   85   87   89   92   95   98  102  105  106  108  110  110
  109  108  107  104  100   96   92   86   80   74   69   63   57   52   49   46
   43   42   42   43   45   46   50   52   56   59   63   65   67   68   71   71
   72   72   73   73   73   73   74   74   75   75   75   75   75   75   76   76
   76   76   78   77   78   74   78   95   99                                   
    77.5-180.0 180.0   5.0 450.0                            LAT/LON1/LON2/DLON/H
  105   91   91   94   92   94   97  101  105  109  113  116  119  120  122  121
  120  118  116  113  108  104   99   93   87   80   73   67   59   53   48   43
   40   37   37   37   39   41   44   48   51   55   59   62   64   65   67   67
   67   67   68   68   69   69   70   71   72   72   73   74   74   75   76   76
   77   77   79   80   82   79   83   96  105                                   
    75.0-180.0 180.0   5.0 450.0                            LAT/LON1/LON2/DLON/H
  105   95   96  100   98  101  105  110  115  119  123  126  127  128  128  127
  124  121  117  114  109  105  100   96   89   84   77   70   63   56   50   44
   40   37   37   37   38   40   44   47   50   54   58   60   62   62   63   62
   61   61   62   62   63   65   67   68   70   72   73   74   75   76   77   78
   79   81   83   85   87   85   90  102  105                                   
    72.5-180.0 180.0   5.0 450.0                            LAT/LON1/LON2/DLON/H
  110   99  102  104  102  105  109  114  119  124  128  128  129  127  125  120
  115  110  105  101   97   94   90   87   83   79   73   68   62   57   50   45
   40   37   37   36   37   39   42   44   48   50   54   55   56   55   54   52
   51   50   51   51   54   55   59   61   64   67   69   71   72   73   74   75
   76   78   82   85   90   89   94  106  110                                   
    70.0-180.0 180.0   5.0 450.0                            LAT/LON1/LON2/DLON/H
  109  101  105  107  104  106  111  115  122  126  129  129  127  122  117  109
  101   93   87   80   78   75   75   73   73   70   68   65   62   57   53   47
   43   40   39   37   38   38   41   42   44   46   49   49   48   46   45   42
   41   40   41   42   45   48   52   56   61   64   67   69   71   72   73   73
   75   77   81   85   91   92   99  111  109                                   
    67.5-180.0 180.0   5.0 450.0                            LAT/LON1/LON2/DLON/H
  115  106  108  109  105  106  111  116  123  128  131  129  125  118  108   97
   85   75   66   61   58   57   58   59   61   62   61   61   58   56   52   48
   45   41   40   37   36   35   37   37   39   39   42   41   40   37   37   33
   33   31   34   33   38   41   47   51   58   62   67   69   71   71   71   71
   72   73   78   82   89   92   99  113  115                                   
    65.0-180.0 180.0   5.0 450.0                            LAT/LON1/LON2/DLON/H
  113  107  109  109  104  105  109  115  123  129  132  130  125  115  103   88
   75   61   54   46   46   44   47   47   50   51   54   53   54   52   51   48
   46   42   39   36   34   32   32   32   33   34   35   34   33   31   30   28
   27   26   29   30   34   38   44   50   58   63   68   70   73   72   73   71
   72   72   76   80   86   90   99  112  113                                   
    62.5-180.0 180.0   5.0 450.0                            LAT/LON1/LON2/DLON/H
  116  108  108  107  102  100  104  111  120  128  132  131  126  116  102   87
   72   58   49   42   40   37   38   38   41   41   44   44   46   46   46   44
   42   38   36   32   30   27   27   27   28   28   29   28   29   26   26   24
   25   23   26   26   31   34   42   47   57   62   69   71   74   73   74   72
   72   71   75   77   84   87   95  109  116                                   
    60.0-180.0 180.0   5.0 450.0                            LAT/LON1/LON2/DLON/H
  113  109  108  106   98   96   99  106  117  126  131  133  129  119  107   92
   78   63   54   46   43   38   36   33   35   34   36   36   38   38   39   38
   37   34   32   28   27   24   24   24   25   26   27   27   27   25   25   24
   24   23   25   25   29   32   39   46   55   62   69   72   76   77   77   77
   77   76   78   79   84   87   96  108  113                                   
    57.5-180.0 180.0   5.0 450.0                            LAT/LON1/LON2/DLON/H
  122  117  115  110  100   95   96  102  113  123  130  133  131  124  113  102
   90   78   68   59   52   45   39   34   33   30   31   31   32   31   33   32
   32   30   29   27   26   24   25   25   26   27   28   28   29   27   28   26
   27   25   26   25   28   30   37   43   54   60   69   72   78   80   83   83
   85   85   87   87   91   93  100  110  122                                   
    55.0-180.0 180.0   5.0 450.0                            LAT/LON1/LON2/DLON/H
  129  129  127  121  108  100   98  102  111  121  128  132  132  128  121  113
  103   93   83   72   63   52   43   36   32   28   28   26   26   25   27   27
   28   28   29   28   29   28   29   30   31   32   33   33   33   32   33   31
   31   29   29   27   28   30   35   43   52   60   68   73   80   84   89   93
   97   99  101  102  104  105  111  118  129                                   
    52.5-180.0 180.0   5.0 450.0                            LAT/LON1/LON2/DLON/H
  149  149  146  138  125  115  109  110  115  122  128  131  133  131  128  123
  117  108   98   87   74   63   51   43   38   34   31   28   27   26   27   28
   30   31   33   34   35   36   37   38   39   40   41   40   40   38   38   36
   36   34   32   30   30   31   36   43   53   60   69   74   82   88   96  103
  110  115  119  120  122  123  127  132  149                                   
    50.0-180.0 180.0   5.0 450.0                            LAT/LON1/LON2/DLON/H
  167  170  170  164  148  138  128  125  126  127  129  130  131  131  131  130
  125  117  107   94   82   70   59   52   47   42   38   35   32   30   31   32
   35   38   41   43   45   46   47   48   48   49   49   48   48   46   45   43
   43   40   39   36   35   37   42   50   60   67   75   80   89   96  106  116
  126  133  139  142  143  143  146  148  167                                   
    47.5-180.0 180.0   5.0 450.0                            LAT/LON1/LON2/DLON/H
  192  191  194  190  179  168  156  148  143  139  135  133  132  133  133  133
  129  121  110   99   86   77   68   63   59   56   51   46   43   40   40   41
   45   48   52   55   57   57   57   57   58   57   57   56   55   52   51   49
   49   47   46   44   44   46   52   60   71   78   85   90   98  106  117  128
  140  149  156  161  164  164  165  166  192                                   
    45.0-180.0 180.0   5.0 450.0                            LAT/LON1/LON2/DLON/H
  205  208  214  215  206  198  185  175  163  155  145  139  136  135  134  134
  129  120  109   98   89   81   77   74   71   68   63   57   53   49   49   51
   55   58   62   65   66   67   66   65   65   64   65   63   62   59   57   55
   56   56   56   55   56   59   66   75   86   94  100  103  110  117  127  137
  150  160  170  175  180  178  180  181  205                                   
    42.5-180.0 180.0   5.0 450.0                            LAT/LON1/LON2/DLON/H
  213  213  221  227  226  222  211  200  186  173  159  151  144  141  138  136
  129  120  109  100   92   89   86   85   84   80   74   67   62   58   58   60
   64   68   71   73   74   74   73   71   70   70   71   70   68   65   63   61
   63   64   66   66   69   72   80   90  101  108  113  117  122  128  136  146
  157  167  176  183  189  188  188  191  213                                   
    40.0-180.0 180.0   5.0 450.0                            LAT/LON1/LON2/DLON/H
  207  211  221  230  233  234  227  219  204  191  174  163  155  151  145  140
  132  121  112  104  100   97   96   95   92   87   79   72   66   64   64   66
   70   74   77   78   79   78   76   74   74   75   77   76   75   72   70   68
   71   73   77   79   83   87   96  105  117  123  128  130  136  140  148  154
  164  171  180  187  193  192  193  196  207                                   
    37.5-180.0 180.0   5.0 450.0                            LAT/LON1/LON2/DLON/H
  202  203  211  221  228  232  230  226  216  204  189  178  169  164  157  150
  140  130  121  115  111  109  106  102   96   88   79   71   67   65   67   70
   74   77   80   82   82   81   79   77   77   79   82   83   81   78   75   74
   77   81   86   89   93   98  106  116  128  134  140  142  147  152  159  164
  170  175  182  189  196  196  195  199  202                                   
    35.0-180.0 180.0   5.0 450.0                            LAT/LON1/LON2/DLON/H
  195  198  205  213  219  224  226  225  220  211  200  193  184  179  170  161
  150  139  132  127  123  118  111  101   92   81   72   64   63   63   67   69
   75   77   81   82   83   82   81   79   81   83   87   88   87   83   80   78
   82   86   91   94   98  102  111  120  134  141  147  149  157  161  171  175
  181  183  190  196  203  205  206  210  195                                   
    32.5-180.0 180.0   5.0 450.0                            LAT/LON1/LON2/DLON/H
  205  203  206  211  213  217  219  221  219  215  209  205  199  194  184  174
  162  152  144  138  132  122  110   95   83   71   64   60   61   64   68   72
   75   79   81   85   86   87   85   85   85   88   92   93   92   88   84   82
   84   86   90   91   95   98  108  118  133  142  150  155  164  173  184  190
  196  200  206  213  221  223  224  231  205                                   
    30.0-180.0 180.0   5.0 450.0                            LAT/LON1/LON2/DLON/H
  229  226  227  225  220  219  218  219  219  219  216  213  210  205  194  183
  170  160  152  142  132  117  101   84   72   63   60   61   66   70   77   80
   85   86   91   93   97   97   96   94   96   97  100  100   98   93   89   84
   85   84   87   87   89   92  102  113  128  138  149  158  171  183  200  209
  219  226  235  242  250  255  260  266  229                                   
    27.5-180.0 180.0   5.0 450.0                            LAT/LON1/LON2/DLON/H
  275  267  269  261  248  239  233  232  230  231  228  226  221  214  202  191
  176  164  152  139  123  105   87   72   64   62   65   73   80   88   93   97
   99  102  105  109  111  113  111  110  109  109  109  107  104   97   91   85
   82   79   80   78   79   83   94  107  123  136  147  159  173  192  212  231
  249  262  277  286  293  299  305  310  275                                   
    25.0-180.0 180.0   5.0 450.0                            LAT/LON1/LON2/DLON/H
  330  334  332  317  298  282  268  261  257  255  251  246  238  226  211  196
  178  161  144  125  107   87   73   64   65   71   83   95  106  112  118  119
  122  122  126  129  132  131  130  126  124  121  119  114  108   99   91   83
   78   74   72   68   69   75   87  104  122  134  147  159  178  199  226  252
  279  302  321  337  346  355  368  361  330                                   
    22.5-180.0 180.0   5.0 450.0                            LAT/LON1/LON2/DLON/H
  392  403  402  391  370  350  330  318  306  299  290  279  264  247  225  205
  180  159  134  111   89   73   64   67   78   96  114  130  141  148  151  151
  149  150  149  151  150  150  145  143  138  134  127  119  110  101   91   81
   75   68   64   59   62   69   85  104  126  141  154  167  187  210  241  273
  310  341  368  385  395  405  416  406  392                                   
    20.0-180.0 180.0   5.0 450.0                            LAT/LON1/LON2/DLON/H
  453  479  479  471  455  433  409  390  372  357  343  324  304  279  250  221
  190  161  130  101   81   70   73   87  110  136  157  173  182  184  184  181
  177  174  171  171  168  165  160  155  151  144  136  125  113  100   90   78
   69   61   56   53   56   68   86  110  135  153  168  183  202  225  259  296
  339  377  405  425  440  451  467  445  453                                   
    17.5-180.0 180.0   5.0 450.0                            LAT/LON1/LON2/DLON/H
  502  533  537  540  532  520  494  476  451  433  407  386  356  325  289  254
  213  177  137  109   89   88  100  127  156  185  204  214  217  215  210  206
  198  193  187  184  178  174  167  164  159  153  143  130  116  101   88   75
   65   56   47   45   50   65   90  120  149  171  189  204  225  246  282  321
  367  402  431  453  470  479  492  475  502                                   
    15.0-180.0 180.0   5.0 450.0                            LAT/LON1/LON2/DLON/H
  530  573  582  593  597  591  572  554  533  510  485  454  422  385  344  299
  255  210  167  136  124  129  150  182  214  239  251  252  247  240  232  223
  214  206  195  189  181  177  171  168  164  158  148  134  118  101   87   72
   63   53   45   45   52   71  100  134  165  191  211  227  245  267  304  344
  386  422  452  474  490  498  511  493  530                                   
    12.5-180.0 180.0   5.0 450.0                            LAT/LON1/LON2/DLON/H
  533  574  590  613  628  635  625  616  596  580  551  523  485  450  403  362
  313  266  221  193  181  193  215  246  272  285  283  271  258  247  238  229
  218  209  197  188  180  176  171  169  165  161  150  136  120  102   85   71
   58   50   43   44   54   76  110  147  180  209  231  246  264  289  324  362
  402  434  465  485  499  502  511  500  533                                   
    10.0-180.0 180.0   5.0 450.0                            LAT/LON1/LON2/DLON/H
  519  561  580  612  639  657  660  660  649  636  616  588  554  517  474  432
  385  336  294  268  260  271  291  313  325  319  301  276  256  242  233  224
  214  203  192  184  175  173  169  168  166  161  152  136  120  102   82   67
   57   50   45   47   59   82  117  152  187  217  237  254  275  302  333  370
  407  438  468  486  499  500  510  498  519                                   
     7.5-180.0 180.0   5.0 450.0                            LAT/LON1/LON2/DLON/H
  500  531  554  590  624  650  663  674  671  669  654  637  606  575  533  496
  452  414  374  353  344  353  359  363  353  328  294  261  240  225  221  214
