data/unet/pred2570.15i
     1.0            IONOSPHERE MAPS     GNSS                IONEX VERSION / TYPE
pyspatialgeodesy        IME             05-JAN-18 20:20     PGM / RUN BY / DATE 
Map Name                                                    COMMENT             
Predicted global ionosphere maps (GIM).                     DESCRIPTION         
  2015     9    14     0     0     0                        EPOCH OF FIRST MAP  
  2015     9    15     0     0     0                        EPOCH OF LAST MAP   
  7200                                                      INTERVAL            
    13                                                      # OF MAPS IN FILE   
  NONE                                                      MAPPING FUNCTION    
10.0                                                        ELEVATION CUTOFF    
One-way carrier phase leveled to code                       OBSERVABLES USED    
  6371.0                                                    BASE RADIUS         
 2                                                          MAP DIMENSION       
   450.0 450.0   0.0                                        HGT1 / HGT2 / DHGT  
    87.5 -87.5  -2.5                                        LAT1 / LAT2 / DLAT  
  -180.0 180.0   5.0                                        LON1 / LON2 / DLON  
    -1                                                      EXPONENT            
                                                            END OF HEADER       
[from data line 429]
     2                                                      START OF TEC MAP    
  2015     9    14     2     0     0                        EPOCH OF CURRENT MAP
    87.5-180.0 180.0   5.0 450.0                            LAT/LON1/LON2/DLON/H
  103   92   89   78   84   77   84   79   85   80   85   80   84   80   84   80
   83   79   82   78   81   77   80   75   79   75   78   73   78   73   77   73
   78   73   78   73   79   74   79   74   80   75   80   75   81   77   82   77
   84   79   85   81   87   83   88   84   90   85   90   85   91   86   90   85
   90   85   90   84   94   86   91  112  103                                   
    85.0-180.0 180.0   5.0 450.0                            LAT/LON1/LON2/DLON/H
   93  105   86   89   86   85   85   85   86   86   86   87   87   86   86   86
   85   85   84   83   82   81   80   79   78   77   76   75   75   74   73   72
   73   72   72   72   73   73   73   73   74   75   75   75   76   77   78   78
   80   81   82   83   85   85   87   87   89   89   91   90   92   91   92   91
   92   91   93   91   94   87   91  102   93                                   
    82.5-180.0 180.0   5.0 450.0                            LAT/LON1/LON2/DLON/H
   91   93   92   91   87   87   88   89   90   88   91   89   92   88   92   88
   91   85   89   82   85   78   80   74   76   70   72   67   70   65   68   65
   68   66   69   67   70   68   70   69   71   69   72   70   73   72   75   74
   77   77   80   80   84   84   87   88   91   90   93   92   95   94   96   94
   96   95   97   96   98   91   99  101   91                                   
    80.0-180.0 180.0   5.0 450.0                            LAT/LON1/LON2/DLON/H
   94   94   92   91   92   89   93   93   96   95   97   97   98   98   98   97
   96   92   91   87   84   79   77   72   71   66   66   62   63   60   61   59
   62   60   63   62   65   64   66   65   68   66   68   67   69   68   71   71
   75   74   79   79   84   84   89   89   94   93   98   97  101   99  103  100
  104  101  104  101  103   94   96  101   94                                   
    77.5-180.0 180.0   5.0 450.0                            LAT/LON1/LON2/DLON/H
   95   95   93   96   89   93   91   98   96  101  100  106  103  107  104  106
  101  100   95   93   86   83   77   75   69   67   63   62   59   60   57   60
   58   61   60   63   62   64   63   64   63   64   63   64   63   64   65   67
   67   70   72   76   78   82   84   89   91   94   96  100  100  103  103  105
  104  105  105  106  103  100  102  102   95                                   
    75.0-180.0 180.0   5.0 450.0                            LAT/LON1/LON2/DLON/H
   97   95   92   95   94   93   97   99  102  104  109  110  112  112  112  110
  107  104  100   94   89   83   78   73   68   64   61   58   57   56   56   56
   57   58   59   60   60   61   60   60   59   59   58   58   58   59   60   62
   64   66   69   72   76   79   83   86   90   92   96   97  100  100  102  103
  104  104  106  107  106  101  105  105   97                                   
    72.5-180.0 180.0   5.0 450.0                            LAT/LON1/LON2/DLON/H
   99   96   95   95   90   91   92   97   98  104  105  110  109  113  109  111
  105  104   98   95   86   83   76   72   65   63   58   57   54   55   53   56
   55   58   57   58   57   57   55   54   52   52   51   51   50   52   53   54
   56   59   62   65   69   72   76   80   84   87   90   93   95   96   97   98
   99  100  102  103  104  101  109  106   99                                   
    70.0-180.0 180.0   5.0 450.0                            LAT/LON1/LON2/DLON/H
  101  100   93   96   93   92   94   97  100  104  108  110  111  112  109  108
  102  100   93   89   83   78   72   68   64   60   58   55   55   54   55   55
   56   56   56   55   54   52   50   49   47   47   47   48   48   50   52   54
   57   59   63   66   69   72   76   80   84   87   90   92   95   95   97   97
   98   99  102  104  106  104  112  111  101                                   
    67.5-180.0 180.0   5.0 450.0                            LAT/LON1/LON2/DLON/H
  107  103  100   98   90   91   91   96   97  103  104  109  105  108  101  102
   94   94   86   84   76   74   68   66   60   59   54   55   52   55   53   55
   53   54   50   50   46   45   41   41   39   40   40   43   44   47   50   54
   56   59   63   65   69   71   75   78   82   85   89   91   93   93   93   94
   94   96   98  103  105  105  116  113  107                                   
    65.0-180.0 180.0   5.0 450.0                            LAT/LON1/LON2/DLON/H
  111  108  101  101   96   95   94   97   99  103  105  106  105  103   98   95
   89   85   79   75   71   67   63   60   58   55   55   53   55   53   54   53
   53   49   47   44   41   38   36   34   35   36   38   41   44   49   53   57
   60   64   66   68   71   73   77   80   85   88   92   93   96   95   95   95
   95   96   99  103  106  108  118  118  111                                   
    62.5-180.0 180.0   5.0 450.0                            LAT/LON1/LON2/DLON/H
  117  113  107  103   94   93   91   95   95   99   98  102   97   98   89   88
   79   79   70   70   63   62   56   56   52   52   49   51   50   52   49   50
   46   44   38   36   31   30   26   28   27   31   32   38   42   49   52   58
   62   66   68   70   72   74   77   81   85   89   93   95   96   96   95   95
   94   95   98  101  105  109  120  119  117                                   
    60.0-180.0 180.0   5.0 450.0                            LAT/LON1/LON2/DLON/H
  119  116  107  106   99   96   94   96   97   99  100  100   98   95   90   85
   81   74   70   65   62   57   55   52   52   50   51   50   52   50   51   47
   45   39   36   31   29   26   25   25   27   29   33   38   44   49   54   60
   65   68   70   72   74   75   79   82   88   92   96   98  101  100  100   98
   98   97   98  100  104  108  120  121  119                                   
    57.5-180.0 180.0   5.0 450.0                            LAT/LON1/LON2/DLON/H
  127  121  114  108   99   97   94   96   95   98   96   98   94   94   87   86
   78   76   68   66   60   58   52   51   50   50   49   51   50   51   49   47
   42   38   33   30   26   26   24   26   26   31   33   39   43   50   53   61
   65   69   71   73   75   77   81   85   91   94   99  102  103  104  103  102
  101   99  100  101  105  108  120  118  127                                   
    55.0-180.0 180.0   5.0 450.0                            LAT/LON1/LON2/DLON/H
  129  125  117  115  107  103  100  100   99   99   98   98   97   95   93   88
   85   78   74   67   65   58   56   50   52   49   51   50   53   50   51   45
   44   37   35   31   31   29   29   29   32   33   37   39   43   48   53   59
   64   69   71   75   77   81   84   89   95   99  104  107  111  111  112  110
  108  105  104  103  105  107  118  119  129                                   
    52.5-180.0 180.0   5.0 450.0                            LAT/LON1/LON2/DLON/H
  137  133  128  122  114  110  106  105  102  101   97   98   96   97   94   93
   88   84   78   74   67   63   58   55   54   53   53   54   54   54   51   50
   45   43   39   39   36   38   36   39   38   41   40   43   43   48   50   57
   62   68   72   76   80   84   88   92   99  103  107  109  112  115  115  115
  112  110  107  105  107  110  121  119  137                                   
    50.0-180.0 180.0   5.0 450.0                            LAT/LON1/LON2/DLON/H
  140  137  135  134  128  123  119  115  111  107  103  102  101  101  100   99
   96   91   86   79   75   67   66   58   61   55   58   55   58   54   54   50
   50   46   47   45   47   45   47   46   47   45   46   45   45   47   50   57
   63   71   75   82   86   92   96  102  107  110  113  115  119  120  123  122
  122  116  114  110  111  111  120  120  140                                   
    47.5-180.0 180.0   5.0 450.0                            LAT/LON1/LON2/DLON/H
  145  146  146  145  138  134  131  125  120  114  108  107  106  107  106  105
  102   99   94   88   83   77   72   68   66   64   62   62   60   60   57   57
   54   55   54   56   56   57   55   56   55   55   52   52   50   51   53   60
   67   75   82   89   96  103  108  112  118  118  119  119  120  122  123  126
  124  122  118  116  115  116  125  120  145                                   
    45.0-180.0 180.0   5.0 450.0                            LAT/LON1/LON2/DLON/H
  149  150  152  154  150  146  145  139  132  125  118  115  115  114  114  111
  109  105  103   96   93   84   84   74   78   70   72   65   66   61   61   58
   60   59   63   62   65   63   64   61   62   59   59   57   56   56   59   65
   73   82   91  100  108  116  121  126  129  129  127  125  127  128  131  131
  134  129  130  124  125  123  131  128  149                                   
    42.5-180.0 180.0   5.0 450.0                            LAT/LON1/LON2/DLON/H
  152  157  158  159  154  154  153  148  142  134  128  126  124  124  121  120
  116  114  111  107  102   98   93   89   86   81   77   72   67   66   62   64
   63   66   66   69   69   70   67   68   67   68   65   65   62   64   64   72
   80   92  101  111  118  125  131  136  139  137  134  130  131  131  133  136
  137  138  135  135  132  132  139  134  152                                   
    40.0-180.0 180.0   5.0 450.0                            LAT/LON1/LON2/DLON/H
  158  160  161  162  158  158  158  156  151  145  139  137  136  133  130  125
  123  119  119  114  112  105  105   97   96   88   85   77   73   68   67   65
   67   68   71   71   72   71   71   70   72   71   74   72   72   71   75   80
   91  102  113  123  131  139  145  151  153  151  147  144  143  143  145  146
  150  148  152  148  147  143  150  144  158                                   
    37.5-180.0 180.0   5.0 450.0                            LAT/LON1/LON2/DLON/H
  164  166  164  161  155  158  158  158  156  154  151  150  148  146  141  137
  132  130  128  125  121  116  112  107  103   96   90   82   74   71   66   68
   68   71   72   74   74   74   74   76   78   81   81   82   79   81   81   90
  100  113  123  134  143  152  159  165  167  164  160  157  157  156  158  158
  160  162  165  163  159  159  162  154  164                                   
    35.0-180.0 180.0   5.0 450.0                            LAT/LON1/LON2/DLON/H
  176  174  168  164  158  158  159  161  160  161  161  161  160  154  150  142
  140  134  134  128  126  120  117  112  109  102   95   86   78   72   69   68
   70   70   72   73   74   74   75   77   82   84   88   86   86   84   88   93
  105  116  128  140  151  162  171  177  180  178  175  173  174  173  175  175
  177  179  184  182  179  175  182  174  176                                   
    32.5-180.0 180.0   5.0 450.0                            LAT/LON1/LON2/DLON/H
  195  189  181  170  160  159  157  160  160  165  168  171  169  165  158  152
  145  142  138  134  129  124  120  116  112  108   98   89   80   74   70   69
   71   73   75   77   78   81   81   85   88   92   93   93   88   89   88   96
  105  118  130  144  156  169  180  188  192  192  191  193  196  195  197  193
  196  196  202  200  195  197  201  194  195                                   
    30.0-180.0 180.0   5.0 450.0                            LAT/LON1/LON2/DLON/H
  223  213  203  194  179  174  168  170  168  173  175  177  176  170  163  154
  149  142  139  132  125  119  117  114  113  108  101   91   83   75   74   70
   74   73   77   79   81   82   84   85   91   91   94   89   87   83   85   89
  100  112  127  142  158  174  190  199  207  207  210  214  220  221  222  220
  218  220  224  221  217  218  227  221  223                                   
    27.5-180.0 180.0   5.0 450.0                            LAT/LON1/LON2/DLON/H
  254  247  236  225  210  199  188  183  180  181  182  182  180  174  166  157
  152  145  140  131  123  118  115  115  113  110  103   93   85   78   74   73
   76   80   84   89   88   93   91   94   94   95   93   89   80   79   76   84
   91  105  119  136  155  177  195  211  220  226  230  237  245  246  251  246
  250  246  255  247  244  245  253  250  254                                   
    25.0-180.0 180.0   5.0 450.0                            LAT/LON1/LON2/DLON/H
  293  293  287  272  254  239  223  214  202  200  195  194  187  177  166  154
  147  136  129  119  112  107  108  107  110  107  103   94   88   80   81   78
   89   89   95   96   97   96   95   92   95   88   88   78   73   67   68   74
   85   98  116  134  158  183  207  225  238  242  248  255  266  271  278  279
  281  284  289  282  282  281  288  286  293                                   
    22.5-180.0 180.0   5.0 450.0                            LAT/LON1/LON2/DLON/H
  333  343  341  330  310  293  270  252  235  225  214  204  193  179  165  151
  142  131  124  115  109  107  109  111  114  111  107  100   94   90   88   91
   96  103  103  108  104  106  100   98   92   88   79   72   63   60   58   68
   78   96  114  136  162  191  219  238  252  258  262  271  282  291  301  306
  313  315  324  317  319  323  324  323  333                                   
    20.0-180.0 180.0   5.0 450.0                            LAT/LON1/LON2/DLON/H
  375  393  402  394  379  361  333  308  280  262  243  229  210  192  173  155
  142  127  117  107  104  101  107  107  112  111  108  102   99   96  100  100
  110  108  114  111  114  107  103   94   92   80   75   64   59   53   56   63
   76   93  115  138  168  202  232  254  268  273  278  285  298  309  321  330
  336  344  352  351  356  365  364  358  375                                   
    17.5-180.0 180.0   5.0 450.0                            LAT/LON1/LON2/DLON/H
  398  419  435  437  433  420  397  369  337  310  282  256  232  205  184  160
  146  128  121  112  113  114  119  122  122  120  114  109  107  105  106  109
  111  114  111  114  112  110  101   96   86   78   67   60   53   51   52   61
   75   95  120  145  179  214  246  268  287  293  297  305  319  329  341  350
  361  370  380  381  388  396  390  387  398                                   
    15.0-180.0 180.0   5.0 450.0                            LAT/LON1/LON2/DLON/H
  421  441  459  468  470  465  451  433  400  365  332  297  261  232  204  181
  161  143  133  127  128  127  131  131  128  127  121  118  118  115  120  116
  124  118  120  115  116  107  103   92   84   75   70   61   60   54   58   63
   78   97  125  154  189  223  252  277  297  307  315  325  338  349  360  371
  384  394  407  409  416  422  420  409  421                                   
    12.5-180.0 180.0   5.0 450.0                            LAT/LON1/LON2/DLON/H
  425  443  463  478  487  485  477  464  443  414  380  344  302  263  230  204
  184  163  156  146  151  149  153  149  145  138  132  126  125  124  123  125
  125  124  118  115  110  105   96   89   78   71   67   61   59   56   57   64
   79  101  132  163  198  229  256  283  309  321  334  345  360  368  381  392
  406  418  429  430  435  438  433  431  425                                   
    10.0-180.0 180.0   5.0 450.0                            LAT/LON1/LON2/DLON/H
  434  447  470  487  500  503  497  489  472  449  422  387  347  304  264  238
  216  198  189  181  181  176  176  166  160  150  148  139  142  135  137  134
  134  130  122  115  106  101   92   85   76   70   70   64   65   57   59   59
   76   97  130  162  197  224  252  280  308  328  341  358  371  381  392  404
  421  431  443  444  448  447  447  442  434                                   
     7.5-180.0 180.0   5.0 450.0                            LAT/LON1/LON2/DLON/H
  432  444  466  484  500  502  501  494  482  466  444  417  380  342  301  273
  250  233  223  216  214  207  201  187  177  165  158  155  151  152  147  146
