data/unet/pred3130.15i
     1.0            IONOSPHERE MAPS     GNSS                IONEX VERSION / TYPE
pyspatialgeodesy        IME             05-JAN-18 20:20     PGM / RUN BY / DATE 
Map Name                                                    COMMENT             
Predicted global ionosphere maps (GIM).                     DESCRIPTION         
  2015    11     9     0     0     0                        EPOCH OF FIRST MAP  
  2015    11    10     0     0     0                        EPOCH OF LAST MAP   
  7200                                                      INTERVAL            
    13                                                      # OF MAPS IN FILE   
  NONE                                                      MAPPING FUNCTION    
10.0                                                        ELEVATION CUTOFF    
One-way carrier phase leveled to code                       OBSERVABLES USED    
  6371.0                                                    BASE RADIUS         
 2                                                          MAP DIMENSION       
   450.0 450.0   0.0                                        HGT1 / HGT2 / DHGT  
    87.5 -87.5  -2.5                                        LAT1 / LAT2 / DLAT  
  -180.0 180.0   5.0                                        LON1 / LON2 / DLON  
    -1                                                      EXPONENT            
                                                            END OF HEADER       
[from data line 2145]
     6                                                      START OF TEC MAP    
  2015    11     9    10     0     0                        EPOCH OF CURRENT MAP
    87.5-180.0 180.0   5.0 450.0                            LAT/LON1/LON2/DLON/H
   35   57   43   45   42   44   44   45   45   47   46   48   46   49   46   48
   46   48   46   46   44   45   43   42   41   41   40   39   37   38   37   37
   36   36   35   35   34   35   34   34   33   34   33   34   34   35   34   35
   34   35   34   36   34   35   34   35   34   35   34   34   34   34   34   33
   35   34   35   37   39   36   39   38   35                                   
    85.0-180.0 180.0   5.0 450.0                            LAT/LON1/LON2/DLON/H
   55   60   60   64   60   63   62   67   64   69   65   70   65   70   65   69
   64   68   63   66   62   65   60   63   59   62   57   60   55   57   53   55
   51   52   49   50   48   48   46   47   45   46   44   45   44   44   43   44
   43   44   43   44   44   45   44   46   46   47   47   48   49   49   50   50
   52   52   54   53   54   57   58   45   55                                   
    82.5-180.0 180.0   5.0 450.0                            LAT/LON1/LON2/DLON/H
   44   64   57   61   57   60   60   64   63   67   65   69   66   69   65   68
   63   66   61   64   60   62   58   60   57   59   55   57   53   55   50   52
   47   49   44   46   42   44   40   43   40   42   39   41   39   41   38   40
   38   39   36   38   36   36   35   36   36   36   37   38   39   39   41   42
   43   44   46   46   48   49   52   30   44                                   
    80.0-180.0 180.0   5.0 450.0                            LAT/LON1/LON2/DLON/H
   45   53   49   51   49   53   52   56   56   59   58   60   58   59   56   58
   54   56   52   54   50   53   49   52   49   52   49   51   47   49   46   47
   44   45   42   43   41   40   39   40   39   40   40   41   40   41   40   42
   40   40   38   40   37   38   34   37   34   36   33   36   35   37   36   39
   38   40   40   40   40   40   46   28   45                                   
    77.5-180.0 180.0   5.0 450.0                            LAT/LON1/LON2/DLON/H
   37   46   43   45   45   47   49   50   52   52   55   53   54   52   53   50
   51   48   49   45   47   44   47   43   46   44   47   44   47   45   47   46
   47   46   46   45   45   45   45   45   45   46   47   48   48   49   48   50
   48   49   47   47   44   44   41   41   40   39   39   39   39   39   40   39
   40   38   40   39   40   39   41   21   37                                   
    75.0-180.0 180.0   5.0 450.0                            LAT/LON1/LON2/DLON/H
   36   37   38   38   37   41   41   45   43   47   45   47   44   46   43   44
   40   42   38   38   33   37   33   37   33   40   38   43   40   46   45   49
   47   52   49   53   49   54   51   56   54   59   57   61   60   63   63   64
   63   63   62   60   58   54   53   50   47   47   46   46   44   46   44   45
   43   43   41   42   39   40   41   24   36                                   
    72.5-180.0 180.0   5.0 450.0                            LAT/LON1/LON2/DLON/H
   35   37   36   36   35   37   38   41   41   42   43   42   42   41   42   40
   40   38   36   33   32   31   31   31   33   34   37   38   41   44   47   50
   52   55   57   58   59   60   62   64   66   70   72   75   77   80   80   83
   81   81   78   75   71   67   64   59   57   53   53   50   51   49   50   48
   48   45   45   42   42   40   43   25   35                                   
    70.0-180.0 180.0   5.0 450.0                            LAT/LON1/LON2/DLON/H
   37   33   38   34   35   34   38   37   39   39   39   39   39   39   39   38
   38   36   35   31   31   30   28   28   29   32   32   37   39   46   49   55
   58   64   64   68   67   72   71   77   77   86   86   95   95  102  101  105
  103  103   99   94   88   82   77   70   67   62   61   59   57   57   55   55
   52   53   50   49   45   46   45   33   37                                   
    67.5-180.0 180.0   5.0 450.0                            LAT/LON1/LON2/DLON/H
   38   39   41   40   38   37   40   39   40   40   40   39   40   40   40   40
   40   39   38   36   34   33   32   30   31   29   32   33   39   43   50   55
   62   67   72   74   76   78   80   84   87   94   99  106  111  116  118  119
  118  116  112  105   99   89   83   74   69   63   62   57   58   54   55   52
   53   50   51   49   49   46   47   34   38                                   
    65.0-180.0 180.0   5.0 450.0                            LAT/LON1/LON2/DLON/H
   40   39   44   44   41   41   43   42   42   41   41   40   42   41   43   43
   45   43   43   40   39   36   35   33   30   29   29   32   36   45   50   60
   66   75   77   84   83   89   89   96   97  107  109  120  121  129  128  132
  128  127  121  114  105   96   87   78   72   66   63   59   58   56   55   54
   52   52   50   52   48   50   48   41   40                                   
    62.5-180.0 180.0   5.0 450.0                            LAT/LON1/LON2/DLON/H
   41   43   47   46   45   45   45   44   43   42   41   41   43   44   46   46
   47   46   45   43   42   39   36   34   30   26   27   27   34   40   50   59
   68   76   82   86   89   92   94   98  102  108  115  121  128  130  134  133
  134  130  125  117  109   97   89   78   71   63   60   55   54   49   49   45
   45   43   44   43   45   45   45   39   41                                   
    60.0-180.0 180.0   5.0 450.0                            LAT/LON1/LON2/DLON/H
   40   39   43   44   42   43   43   44   41   40   40   40   42   44   46   48
   47   46   45   43   41   40   37   35   31   28   27   29   33   42   51   65
   73   85   90   98   97  102  102  107  108  116  120  129  132  137  136  139
  136  137  130  125  114  104   93   83   74   67   62   58   54   49   47   43
   41   39   40   41   40   44   41   40   40                                   
    57.5-180.0 180.0   5.0 450.0                            LAT/LON1/LON2/DLON/H
   38   38   40   40   38   39   40   40   39   37   38   38   40   42   45   46
   46   43   42   39   38   36   35   33   30   27   25   26   31   40   53   65
   78   89   96  102  104  107  108  111  113  119  125  131  136  137  141  139
  142  139  138  130  123  111  102   90   81   73   68   62   59   53   49   42
   40   36   38   37   39   40   39   37   38                                   
    55.0-180.0 180.0   5.0 450.0                            LAT/LON1/LON2/DLON/H
   42   35   35   35   32   33   33   34   32   32   32   34   36   39   39   42
   38   38   33   34   31   33   31   32   30   29   27   30   35   46   58   75
   86  101  106  115  115  119  118  122  123  129  132  139  142  147  145  150
  147  151  145  144  132  125  111  104   93   87   79   75   69   63   57   48
   43   38   39   38   39   42   40   41   42                                   
    52.5-180.0 180.0   5.0 450.0                            LAT/LON1/LON2/DLON/H
   45   40   34   32   28   29   28   29   28   27   27   30   32   35   36   37
   36   32   30   27   27   27   28   30   31   31   32   34   41   50   65   79
   94  106  115  121  124  125  127  128  132  135  142  146  152  153  158  158
  163  163  163  157  152  140  131  119  111  102   98   91   86   78   70   61
   54   48   47   46   46   46   47   42   45                                   
    50.0-180.0 180.0   5.0 450.0                            LAT/LON1/LON2/DLON/H
   54   43   38   34   29   29   27   28   25   24   24   27   30   31   32   33
   29   28   23   24   22   26   27   32   32   36   37   42   48   59   71   89
  102  118  124  134  135  138  138  142  142  149  152  159  162  169  170  178
  176  180  175  176  165  160  144  138  126  122  115  113  106  102   89   81
   70   63   59   59   57   57   55   50   54                                   
    47.5-180.0 180.0   5.0 450.0                            LAT/LON1/LON2/DLON/H
   65   58   48   43   34   34   31   30   25   24   22   25   26   29   29   30
   27   25   22   22   21   23   27   30   34   37   42   47   55   64   78   92
  109  121  131  136  142  143  147  148  153  155  163  167  175  178  186  190
  193  192  193  186  182  171  161  148  141  133  130  126  125  118  110   99
   88   78   74   70   69   66   68   56   65                                   
    45.0-180.0 180.0   5.0 450.0                            LAT/LON1/LON2/DLON/H
   77   68   61   53   47   44   39   37   32   30   27   28   29   32   31   32
   28   26   21   23   19   26   24   34   34   43   45   55   62   73   85  102
  116  130  138  147  152  157  160  163  165  170  173  181  185  194  196  205
  204  207  201  198  186  178  163  155  143  140  134  136  131  131  119  113
   98   94   84   84   78   76   77   65   77                                   
    42.5-180.0 180.0   5.0 450.0                            LAT/LON1/LON2/DLON/H
   85   81   73   68   58   55   48   47   40   38   33   35   34   37   36   36
   31   29   25   24   23   26   28   32   38   43   51   58   69   77   90  103
  118  130  140  148  158  163  170  171  175  177  184  187  195  201  209  212
  216  212  211  197  191  175  166  151  146  137  135  133  134  130  124  115
  105  100   91   89   84   80   83   70   85                                   
    40.0-180.0 180.0   5.0 450.0                            LAT/LON1/LON2/DLON/H
   90   82   80   75   71   68   61   58   51   48   44   45   45   47   45   45
   41   38   34   33   28   31   27   34   35   48   53   67   76   86   97  111
  123  136  147  158  170  178  186  189  192  194  196  202  206  215  219  227
  227  228  219  210  196  182  167  154  144  139  132  132  128  128  118  114
  103  100   91   88   83   78   79   71   90                                   
    37.5-180.0 180.0   5.0 450.0                            LAT/LON1/LON2/DLON/H
   86   81   79   80   76   73   66   64   57   55   52   54   54   56   54   54
   48   45   40   38   34   31   30   32   38   47   60   70   84   91  104  112
  125  137  149  162  177  190  201  206  211  212  215  215  223  228  236  237
  244  238  237  220  211  192  181  163  154  143  138  131  128  123  118  110
  103   97   88   83   79   72   75   68   86                                   
    35.0-180.0 180.0   5.0 450.0                            LAT/LON1/LON2/DLON/H
   83   70   76   74   77   72   71   66   65   62   62   64   66   69   66   66
   60   57   51   48   41   39   33   37   40   55   66   82   95  106  116  128
  136  151  163  180  197  213  228  234  238  238  237  241  243  254  258  266
  266  267  259  251  233  219  200  186  170  161  151  143  136  129  123  116
  106  100   88   80   73   65   65   62   83                                   
    32.5-180.0 180.0   5.0 450.0                            LAT/LON1/LON2/DLON/H
   74   65   64   68   65   64   61   62   60   63   65   70   74   78   76   75
   70   66   59   55   48   42   38   38   47   58   75   91  106  116  128  135
  146  160  173  192  213  236  252  262  267  267  269  269  276  281  292  296
  304  299  296  284  269  255  240  223  208  194  182  169  161  151  143  134
  124  114  101   90   80   66   64   54   74                                   
    30.0-180.0 180.0   5.0 450.0                            LAT/LON1/LON2/DLON/H
   71   54   57   52   58   53   58   55   61   59   70   74   82   86   86   85
   80   75   68   64   55   49   44   46   54   69   86  106  122  133  143  154
  165  180  196  219  241  264  281  291  298  302  304  308  311  324  332  344
  348  351  343  332  312  299  281  269  253  242  224  214  200  192  182  171
  157  145  129  116   98   79   68   53   71                                   
    27.5-180.0 180.0   5.0 450.0                            LAT/LON1/LON2/DLON/H
   71   61   54   49   45   43   44   46   50   54   62   72   81   88   90   90
   87   81   74   68   60   53   50   52   62   78   95  115  134  148  162  170
  180  200  216  249  269  296  307  321  330  334  340  343  353  364  380  390
  401  400  398  386  371  356  340  329  317  303  285  267  254  241  230  218
  202  186  170  152  129  104   91   54   71                                   
    25.0-180.0 180.0   5.0 450.0                            LAT/LON1/LON2/DLON/H
   83   75   67   49   51   39   45   39   49   48   62   67   80   86   91   92
   90   85   78   72   65   58   56   60   72   89  109  130  143  160  167  188
  203  231  250  286  303  324  334  343  357  361  370  376  388  403  419  434
  445  446  448  436  426  414  400  394  383  371  352  334  315  304  289  276
  261  244  219  200  176  148  120   76   83                                   
    22.5-180.0 180.0   5.0 450.0                            LAT/LON1/LON2/DLON/H
   97  103   91   73   60   46   45   42   45   43   51   59   71   77   85   87
   88   84   79   73   67   62   62   69   81  100  117  137  155  169  183  203
  225  256  280  315  331  355  359  377  386  397  405  415  430  439  460  464
  484  473  481  466  465  458  458  452  447  433  415  398  379  369  354  340
  316  299  279  258  234  201  164  102   97                                   
    20.0-180.0 180.0   5.0 450.0                            LAT/LON1/LON2/DLON/H
  127  134  120  105   89   66   63   50   54   45   53   52   67   70   79   81
   82   79   77   73   70   68   71   80   94  110  126  147  162  181  199  221
  249  279  302  343  354  374  388  400  421  430  445  451  468  472  491  494
  507  501  500  496  487  493  492  493  487  475  458  442  422  411  400  387
  369  350  331  315  290  261  217  151  127                                   
    17.5-180.0 180.0   5.0 450.0                            LAT/LON1/LON2/DLON/H
  161  182  163  148  117   97   83   68   64   53   52   51   56   60   66   69
   73   72   74   72   72   72   76   86  100  118  133  151  171  191  216  241
  266  293  327  353  375  395  415  434  453  460  473  476  495  496  516  515
  532  521  530  522  526  522  525  517  514  496  482  463  447  434  420  411
  392  377  362  352  339  314  275  204  161                                   
    15.0-180.0 180.0   5.0 450.0                            LAT/LON1/LON2/DLON/H
  202  225  217  197  163  142  118   98   84   70   62   57   60   55   63   62
   68   66   71   67   73   73   81   91  103  120  138  159  179  201  228  253
  277  309  337  369  385  409  433  446  476  481  499  500  510  512  525  526
  531  531  535  539  534  534  532  525  519  504  491  475  459  442  424  407
  394  378  369  364  357  341  310  248  202                                   
    12.5-180.0 180.0   5.0 450.0                            LAT/LON1/LON2/DLON/H
  225  267  256  242  199  181  148  124  106   85   78   66   61   56   56   57
   60   61   64   64   69   72   82   90  106  122  145  168  191  220  241  268
  291  318  353  374  403  416  441  462  483  498  507  507  516  517  528  522
  535  533  547  542  544  535  534  519  514  497  482  462  446  424  404  384
  368  352  347  345  346  339  321  276  225                                   
    10.0-180.0 180.0   5.0 450.0                            LAT/LON1/LON2/DLON/H
  237  264  265  241  221  195  175  151  126  105   92   80   73   63   65   60
   63   60   64   63   71   75   83   93  108  125  152  175  201  232  257  280
  304  328  362  380  409  414  445  457  494  498  520  512  519  515  515  512
  516  527  534  534  535  528  520  506  499  485  468  445  422  395  375  350
  333  318  316  317  322  321  306  290  237                                   
     7.5-180.0 180.0   5.0 450.0                            LAT/LON1/LON2/DLON/H
  235  245  246  242  226  219  190  170  145  123  110   95   88   76   73   66
   68   65   68   67   74   76   88   95  115  133  163  189  213  239  265  285
