data/unet/pred3350.15i
     1.0            IONOSPHERE MAPS     GNSS                IONEX VERSION / TYPE
pyspatialgeodesy        IME             05-JAN-18 20:20     PGM / RUN BY / DATE 
Map Name                                                    COMMENT             
Predicted global ionosphere maps (GIM).                     DESCRIPTION         
  2015    12     1     0     0     0                        EPOCH OF FIRST MAP  
  2015    12     2     0     0     0                        EPOCH OF LAST MAP   
  7200                                                      INTERVAL            
    13                                                      # OF MAPS IN FILE   
  NONE                                                      MAPPING FUNCTION    
10.0                                                        ELEVATION CUTOFF    
One-way carrier phase leveled to code                       OBSERVABLES USED    
  6371.0                                                    BASE RADIUS         
 2                                                          MAP DIMENSION       
   450.0 450.0   0.0                                        HGT1 / HGT2 / DHGT  
    87.5 -87.5  -2.5                                        LAT1 / LAT2 / DLAT  
  -180.0 180.0   5.0                                        LON1 / LON2 / DLON  
    -1                                                      EXPONENT            
                                                            END OF HEADER       
[from data line 1287]
     4                                                      START OF TEC MAP    
  2015    12     1     6     0     0                        EPOCH OF CURRENT MAP
    87.5-180.0 180.0   5.0 450.0                            LAT/LON1/LON2/DLON/H
   23   57   51   49   51   47   52   49   54   51   54   51   53   50   52   49
   50   48   50   48   49   48   49   48   50   50   51   50   52   51   53   52
   54   52   53   51   52   50   51   48   48   46   47   44   45   42   43   39
   41   38   40   37   39   37   39   36   38   36   38   35   37   35   37   34
   36   35   38   38   43   37   58   22   23                                   
    85.0-180.0 180.0   5.0 450.0                            LAT/LON1/LON2/DLON/H
   54   53   48   47   47   45   48   48   50   50   52   52   52   52   52   52
   51   50   50   50   49   49   49   50   49   52   51   54   53   56   55   58
   56   58   57   58   57   57   56   56   55   54   54   54   54   52   54   50
   54   48   54   47   53   46   52   45   51   43   50   42   47   40   46   39
   45   39   44   41   41   35   49   39   54                                   
    82.5-180.0 180.0   5.0 450.0                            LAT/LON1/LON2/DLON/H
   48   47   45   42   45   41   48   48   52   52   55   55   55   55   54   54
   51   50   48   47   45   45   44   45   44   45   45   48   48   50   51   53
   54   54   55   54   55   54   55   54   55   54   55   55   55   55   55   56
   56   57   57   58   57   57   56   57   54   54   51   51   47   47   43   44
   41   41   40   37   34   32   44   32   48                                   
    80.0-180.0 180.0   5.0 450.0                            LAT/LON1/LON2/DLON/H
   46   41   37   34   33   37   41   46   48   51   53   55   55   54   54   52
   49   46   44   41   37   37   35   37   35   39   39   45   43   50   49   55
   53   57   55   57   53   54   51   52   49   50   50   51   51   52   54   55
   57   58   60   61   62   61   63   60   60   56   56   51   50   45   43   38
   36   32   32   29   25   21   28   25   46                                   
    77.5-180.0 180.0   5.0 450.0                            LAT/LON1/LON2/DLON/H
   39   33   32   32   33   37   41   47   48   54   53   59   55   58   52   54
   46   45   40   38   33   32   30   30   29   32   34   39   41   46   49   53
   53   54   53   53   49   49   45   45   42   43   43   45   46   48   51   55
   57   60   62   65   65   68   66   68   65   64   60   59   53   51   46   44
   39   36   34   31   25   21   27   25   39                                   
    75.0-180.0 180.0   5.0 450.0                            LAT/LON1/LON2/DLON/H
   40   34   37   31   33   36   42   47   50   54   57   60   58   59   55   55
   47   46   39   37   30   30   27   27   26   30   33   38   41   47   51   55
   55   56   53   52   46   44   38   37   33   34   33   37   38   44   47   53
   56   62   65   71   72   76   77   79   77   78   75   74   68   66   60   57
   49   48   42   40   32   28   35   26   40                                   
    72.5-180.0 180.0   5.0 450.0                            LAT/LON1/LON2/DLON/H
   35   30   29   27   30   32   38   42   47   50   54   57   56   58   55   55
   49   45   42   37   33   29   28   26   27   28   34   37   42   47   53   55
   56   54   51   47   40   34   30   25   24   23   27   30   37   41   49   54
   60   63   69   72   76   78   81   82   82   82   82   80   77   73   69   65
   59   55   52   46   38   32   38   28   35                                   
    70.0-180.0 180.0   5.0 450.0                            LAT/LON1/LON2/DLON/H
   40   35   33   27   27   30   34   39   43   47   50   55   54   58   55   56
   51   49   44   40   36   33   30   29   29   31   36   39   44   48   54   55
   55   52   48   41   34   25   21   16   16   16   21   28   37   44   52   59
   66   71   77   80   86   87   91   91   94   92   95   92   91   87   84   79
   73   68   63   59   49   41   45   35   40                                   
    67.5-180.0 180.0   5.0 450.0                            LAT/LON1/LON2/DLON/H
   38   36   33   27   30   29   34   35   41   41   47   48   51   52   54   53
   52   50   48   44   41   37   36   34   34   35   38   41   45   49   53   55
   54   50   45   36   29   19   15    9   12   14   23   30   42   51   60   67
   73   81   85   91   94   98  100  102  103  104  103  102  101   97   95   88
   83   78   75   69   61   50   54   39   38                                   
    65.0-180.0 180.0   5.0 450.0                            LAT/LON1/LON2/DLON/H
   46   41   34   29   26   28   29   34   35   39   41   46   46   50   51   55
   52   53   50   49   45   43   40   40   38   39   41   43   45   49   51   52
   50   45   38   30   22   13    9    6    9   15   25   36   49   60   69   78
   86   90   97   99  107  107  111  110  114  112  115  113  114  110  108  102
   95   88   84   80   71   63   60   47   46                                   
    62.5-180.0 180.0   5.0 450.0                            LAT/LON1/LON2/DLON/H
   49   46   37   32   31   27   31   29   34   32   37   37   41   41   47   49
   51   50   50   48   46   43   42   41   40   41   41   43   42   45   46   46
   44   39   34   26   18   10    7    6   11   19   32   45   59   72   81   92
   96  104  104  112  113  119  118  121  121  123  123  124  123  120  116  110
  102   94   90   85   77   67   68   50   49                                   
    60.0-180.0 180.0   5.0 450.0                            LAT/LON1/LON2/DLON/H
   54   46   35   28   28   25   27   28   30   30   31   33   35   38   41   46
   48   49   47   46   43   42   41   41   40   42   41   42   39   40   39   38
   36   33   27   22   15    9    7    8   16   27   41   56   70   83   94  101
  108  110  117  117  125  124  129  125  132  130  135  133  135  131  128  119
  110  100   93   88   80   71   65   56   54                                   
    57.5-180.0 180.0   5.0 450.0                            LAT/LON1/LON2/DLON/H
   59   52   40   34   32   26   29   27   30   27   29   27   30   30   35   38
   41   40   40   37   36   34   36   36   38   39   39   38   36   34   32   32
   31   29   25   21   15   11   10   15   24   37   52   67   83   96  105  115
  119  126  130  136  138  142  142  140  143  143  147  147  146  142  138  129
  117  107   99   92   84   75   73   57   59                                   
    55.0-180.0 180.0   5.0 450.0                            LAT/LON1/LON2/DLON/H
   68   56   43   36   34   26   29   28   29   26   26   26   27   28   32   36
   38   38   36   34   30   31   32   36   38   41   41   40   35   32   30   30
   29   29   27   23   20   17   18   24   34   49   64   79   94  104  115  120
  131  135  143  144  152  149  153  147  153  151  156  154  156  150  148  138
  126  112  103   94   84   77   74   65   68                                   
    52.5-180.0 180.0   5.0 450.0                            LAT/LON1/LON2/DLON/H
   79   68   53   47   43   36   36   34   34   30   28   26   27   27   31   33
   34   31   29   25   24   23   28   32   38   41   42   42   36   33   30   30
   30   31   30   29   27   27   28   36   45   60   73   89  100  114  123  136
  145  157  161  167  170  170  169  164  167  163  166  164  165  161  156  146
  134  120  110   99   89   83   82   70   79                                   
    50.0-180.0 180.0   5.0 450.0                            LAT/LON1/LON2/DLON/H
   90   78   59   53   49   41   42   38   38   34   31   30   29   32   32   36
   34   34   28   27   23   27   29   38   43   49   50   49   44   37   34   33
   34   36   37   37   37   39   42   50   59   73   85   97  110  119  133  142
  161  166  178  179  187  183  184  176  178  173  174  172  173  168  163  154
  143  130  118  107   96   89   89   81   90                                   
    47.5-180.0 180.0   5.0 450.0                            LAT/LON1/LON2/DLON/H
  101   93   74   68   61   55   53   48   49   43   40   36   36   36   38   39
   39   36   33   29   28   30   34   43   50   58   59   60   52   47   40   40
   39   43   45   49   50   54   56   65   73   86   94  108  115  131  142  161
  173  188  195  200  203  200  198  189  188  182  182  178  178  174  168  159
  150  137  127  116  106  101  100   88  101                                   
    45.0-180.0 180.0   5.0 450.0                            LAT/LON1/LON2/DLON/H
  108  100   81   77   69   62   61   56   56   49   47   44   43   43   43   46
   44   44   41   42   39   43   46   56   63   71   74   71   63   54   46   43
   44   48   53   57   60   65   69   78   86   98  105  116  125  137  155  169
  186  196  205  206  209  203  200  192  189  185  181  177  175  170  164  156
  148  139  130  121  111  106  108   96  108                                   
    42.5-180.0 180.0   5.0 450.0                            LAT/LON1/LON2/DLON/H
  112  107   90   85   79   74   70   66   65   59   58   53   52   50   52   51
   51   51   51   52   51   55   58   67   74   82   82   82   70   63   52   50
   48   54   58   66   69   76   80   90   98  109  116  125  133  147  163  180
  195  204  209  209  210  201  197  188  188  181  178  173  170  165  159  151
  144  136  130  123  114  110  111   97  112                                   
    40.0-180.0 180.0   5.0 450.0                            LAT/LON1/LON2/DLON/H
  106  103   89   87   80   76   74   70   72   67   67   62   62   61   59   60
   59   62   64   69   71   75   77   83   88   92   94   89   80   68   57   53
   51   56   60   67   72   80   87  100  110  125  130  140  147  161  174  190
  200  207  208  207  205  199  190  187  184  182  175  171  166  160  153  146
  138  132  126  123  113  109  111   96  106                                   
    37.5-180.0 180.0   5.0 450.0                            LAT/LON1/LON2/DLON/H
  100   96   87   85   82   81   78   75   76   73   75   71   72   70   70   67
   70   71   78   82   88   90   92   93   96   98   95   94   80   73   60   58
   55   61   63   72   76   86   95  110  124  138  145  152  162  173  187  199
  209  210  212  206  210  202  198  195  196  194  187  183  175  170  160  153
  142  134  126  123  113  108  108   85  100                                   
    35.0-180.0 180.0   5.0 450.0                            LAT/LON1/LON2/DLON/H
   90   84   76   76   73   69   71   70   76   75   81   80   81   80   79   76
   78   82   89   97  102  105  104  103  101  101   99   93   83   72   63   57
   55   59   62   68   73   85   97  116  133  149  158  165  174  185  197  205
  210  211  211  210  214  215  213  218  218  223  212  208  193  185  171  165
  152  143  130  125  111  103  107   83   90                                   
    32.5-180.0 180.0   5.0 450.0                            LAT/LON1/LON2/DLON/H
   85   78   66   64   62   63   63   65   70   72   81   83   88   88   87   84
   87   90  101  107  114  112  112  105  102  100   95   91   81   74   65   62
   60   62   65   71   75   87  103  125  145  161  172  178  189  198  209  213
  222  221  227  230  243  250  256  266  269  276  262  254  230  223  204  195
  178  166  150  140  121  110  110   79   85                                   
    30.0-180.0 180.0   5.0 450.0                            LAT/LON1/LON2/DLON/H
   85   68   54   52   49   46   51   53   63   66   78   83   91   93   94   91
   93   97  105  112  117  116  112  106  100   96   93   87   83   75   70   64
   62   61   62   64   69   84  102  126  149  169  182  189  201  212  221  230
  238  244  254  266  282  299  309  328  331  345  329  325  294  278  248  241
  216  199  175  160  139  121  120   92   85                                   
    27.5-180.0 180.0   5.0 450.0                            LAT/LON1/LON2/DLON/H
   97   77   55   49   43   43   44   47   55   59   72   78   89   94   97   95
   97  102  110  114  119  116  113  105  100   95   92   88   85   79   75   72
   69   68   66   67   71   84  105  130  155  175  190  200  215  227  240  249
  262  273  292  312  337  355  371  384  395  403  398  390  365  346  315  299
  270  252  220  201  175  155  144  117   97                                   
    25.0-180.0 180.0   5.0 450.0                            LAT/LON1/LON2/DLON/H
  119   91   65   58   46   43   43   46   52   55   66   73   84   90   95   94
   97  100  107  110  113  111  107  100   95   91   92   88   88   81   80   75
   73   70   66   66   69   83  105  130  155  179  196  211  226  245  258  274
  287  309  331  363  389  412  425  439  448  457  457  443  425  402  377  363
  328  307  267  244  210  189  173  151  119                                   
    22.5-180.0 180.0   5.0 450.0                            LAT/LON1/LON2/DLON/H
  155  122   96   78   67   55   53   48   50   51   61   67   77   83   89   90
   94   97  103  106  109  109  107  102   97   93   94   90   89   84   82   76
   75   74   69   68   71   84  107  131  159  181  201  218  240  259  278  294
  312  336  368  403  431  453  467  475  485  490  498  483  474  446  425  408
  380  357  320  296  257  233  208  194  155                                   
    20.0-180.0 180.0   5.0 450.0                            LAT/LON1/LON2/DLON/H
  202  154  127  112   94   81   73   64   58   53   59   64   73   76   83   82
   87   87   93   93   96   96   97   96   95   91   95   88   86   76   77   70
   70   69   66   67   68   87  106  135  159  184  207  227  249  275  294  317
  333  364  391  430  454  478  488  497  509  515  525  514  511  487  472  451
  427  401  365  343  306  283  249  242  202                                   
    17.5-180.0 180.0   5.0 450.0                            LAT/LON1/LON2/DLON/H
  250  198  172  150  133  117  107   94   87   72   69   69   73   73   77   76
   77   78   83   86   90   94   98   99   99   97   91   78   74   67   67   63
   63   61   64   63   70   87  113  140  167  191  215  237  263  290  313  332
  355  380  411  442  466  484  493  499  506  516  523  526  519  510  497  485
  466  438  406  382  356  344  298  294  250                                   
    15.0-180.0 180.0   5.0 450.0                            LAT/LON1/LON2/DLON/H
  303  242  212  195  180  165  149  131  118  101   89   81   81   75   77   71
   74   70   75   72   82   85   94   95   99   88   81   69   69   63   65   61
   60   61   59   63   69   94  117  150  174  200  223  247  275  305  327  351
  370  400  424  454  470  484  487  490  495  505  516  515  516  507  506  497
  485  460  430  410  390  381  342  338  303                                   
    12.5-180.0 180.0   5.0 450.0                            LAT/LON1/LON2/DLON/H
  343  290  260  233  216  204  190  170  153  131  116  103   95   87   81   75
   74   70   73   73   82   88   99  102   96   84   77   66   62   60   59   56
   55   55   55   56   73   96  124  156  182  208  231  258  285  318  339  362
  385  408  435  455  469  472  469  468  471  483  492  497  498  498  500  496
  491  469  445  425  417  413  383  372  343                                   
    10.0-180.0 180.0   5.0 450.0                            LAT/LON1/LON2/DLON/H
  367  319  289  274  254  241  228  210  196  168  152  133  122  106   97   83
   81   75   79   76   87   90  103   95   89   80   74   66   64   62   61   61
   58   62   54   63   76  102  131  163  187  212  233  258  290  320  342  365
  389  409  432  449  457  456  448  444  449  457  468  472  479  479  486  484
  481  462  447  433  433  428  401  390  367                                   
     7.5-180.0 180.0   5.0 450.0                            LAT/LON1/LON2/DLON/H
  380  342  311  293  277  268  251  237  220  199  180  162  149  133  117   99
   93   85   89   89   97   98  102   96   91   84   75   69   63   62   60   60
