data/unet/pred2060.15i
     1.0            IONOSPHERE MAPS     GNSS                IONEX VERSION / TYPE
pyspatialgeodesy        IME             05-JAN-18 20:20     PGM / RUN BY / DATE 
Map Name                                                    COMMENT             
Predicted global ionosphere maps (GIM).                     DESCRIPTION         
  2015     7    25     0     0     0                        EPOCH OF FIRST MAP  
  2015     7    26     0     0     0                        EPOCH OF LAST MAP   
  7200                                                      INTERVAL            
    13                                                      # OF MAPS IN FILE   
  NONE                                                      MAPPING FUNCTION    
10.0                                                        ELEVATION CUTOFF    
One-way carrier phase leveled to code                       OBSERVABLES USED    
  6371.0                                                    BASE RADIUS         
 2                                                          MAP DIMENSION       
   450.0 450.0   0.0                                        HGT1 / HGT2 / DHGT  
    87.5 -87.5  -2.5                                        LAT1 / LAT2 / DLAT  
  -180.0 180.0   5.0                                        LON1 / LON2 / DLON  
    -1                                                      EXPONENT            
                                                            END OF HEADER       
     1                                                      START OF TEC MAP    
  2015     7    25     0     0     0                        EPOCH OF CURRENT MAP
    87.5-180.0 180.0   5.0 450.0                            LAT/LON1/LON2/DLON/H
  165  134  134  130  131  127  130  129  132  130  132  129  131  128  130  127
  128  126  126  124  125  122  123  120  121  118  119  115  116  113  114  110
  112  109  110  107  109  106  107  105  107  104  105  102  105  102  103  100
  104  101  103  100  104  101  104  101  105  103  107  104  109  107  111  108
  113  112  117  116  122  119  123  146  165                                   
    85.0-180.0 180.0   5.0 450.0                            LAT/LON1/LON2/DLON/H
  140  138  141  141  141  137  141  140  143  141  143  140  142  138  139  135
  137  133  134  129  131  126  127  122  123  118  118  114  114  110  110  106
  107  104  104  101  103  100  101   99  100   98   99   96   98   95   97   94
   97   94   96   94   97   95   97   96   99   98  101  101  105  105  108  108
  112  113  118  118  123  118  116  117  140                                   
    82.5-180.0 180.0   5.0 450.0                            LAT/LON1/LON2/DLON/H
  137  140  143  145  145  142  146  145  149  146  149  146  147  144  144  141
  141  137  136  132  132  127  126  121  121  116  115  110  110  105  105  100
  102   97   99   95   98   95   97   94   97   94   96   93   96   93   95   93
   95   92   95   92   95   92   95   94   98   96  100  100  105  104  109  108
  113  113  120  119  125  120  118  117  137                                   
    80.0-180.0 180.0   5.0 450.0                            LAT/LON1/LON2/DLON/H
  138  139  142  146  145  147  149  151  152  153  153  153  152  151  149  147
  145  143  139  137  134  131  127  124  120  117  113  110  107  104  102  100
   99   97   97   96   97   96   98   97   99   98  100   99  101  100  102  100
  102  100  101   99  101   99  100   99  101  101  104  104  107  107  111  111
  115  116  121  121  125  123  120  119  138                                   
    77.5-180.0 180.0   5.0 450.0                            LAT/LON1/LON2/DLON/H
  135  134  137  141  141  142  145  147  150  151  152  152  151  149  148  146
  143  140  137  134  131  128  124  120  117  112  109  106  103  100   98   96
   96   95   95   96   96   97   98   99  100  101  102  103  104  105  105  106
  105  104  103  102  101  100  100   99  100  100  101  103  104  105  108  109
  111  113  116  118  121  120  118  115  135                                   
    75.0-180.0 180.0   5.0 450.0                            LAT/LON1/LON2/DLON/H
  129  127  129  133  134  135  138  141  144  146  147  148  147  146  144  142
  139  136  134  130  127  124  121  117  113  109  106  102   99   97   95   94
   94   94   95   96   97   98   99  101  102  103  105  107  108  110  111  112
  111  110  109  108  106  104  103  102  101  102  103  104  106  107  109  110
  112  113  116  117  119  117  114  114  129                                   
    72.5-180.0 180.0   5.0 450.0                            LAT/LON1/LON2/DLON/H
  124  119  121  125  125  127  131  134  138  140  142  143  142  141  139  137
  134  131  128  125  122  119  116  112  108  105  102   99   96   93   92   91
   92   92   93   94   95   95   97   98  100  102  104  106  109  111  113  114
  113  113  111  110  107  105  103  103  102  102  104  105  106  108  109  111
  111  112  114  115  117  115  112  110  124                                   
    70.0-180.0 180.0   5.0 450.0                            LAT/LON1/LON2/DLON/H
  117  113  115  120  120  122  127  131  134  137  140  141  140  139  137  134
  131  127  125  122  119  115  113  109  106  102   99   95   93   91   90   89
   90   90   92   92   94   93   95   95   96   98  101  104  107  110  112  114
  114  114  113  111  109  107  105  104  103  104  106  107  108  110  112  112
  112  113  114  115  117  115  109  110  117                                   
    67.5-180.0 180.0   5.0 450.0                            LAT/LON1/LON2/DLON/H
  117  111  114  117  117  119  123  129  133  137  139  141  140  140  137  134
  130  127  124  121  117  114  111  107  103   99   97   93   91   89   88   88
   89   88   90   89   89   87   88   87   88   89   92   96  100  103  107  109
  110  111  111  110  108  107  106  105  105  105  107  109  110  111  113  113
  113  113  115  115  118  115  110  107  117                                   
    65.0-180.0 180.0   5.0 450.0                            LAT/LON1/LON2/DLON/H
  116  113  115  119  119  121  125  130  134  138  142  144  144  143  140  137
  134  130  127  123  121  117  114  109  105  101   98   93   91   89   89   87
   88   87   88   86   85   83   82   80   81   81   84   88   92   96  100  103
  105  106  107  107  107  107  106  107  107  109  111  113  114  115  116  116
  115  116  117  118  121  119  113  111  116                                   
    62.5-180.0 180.0   5.0 450.0                            LAT/LON1/LON2/DLON/H
  121  118  120  122  121  122  126  131  136  140  144  146  147  147  145  142
  138  135  132  129  125  122  117  113  109  104  100   97   93   91   90   88
   87   86   85   81   80   76   75   72   73   73   76   79   84   87   92   95
   99  100  103  103  105  105  107  108  110  112  115  116  118  117  118  116
  116  116  119  120  124  123  118  114  121                                   
    60.0-180.0 180.0   5.0 450.0                            LAT/LON1/LON2/DLON/H
  124  124  126  128  128  128  130  134  137  141  145  148  150  150  149  147
  144  141  139  136  133  129  125  120  117  112  108  103  100   97   95   91
   90   87   85   80   78   74   72   69   69   68   71   73   77   79   84   86
   90   93   96   99  102  104  107  110  113  116  119  121  121  121  120  118
  117  117  121  123  128  129  124  120  124                                   
    57.5-180.0 180.0   5.0 450.0                            LAT/LON1/LON2/DLON/H
  134  133  136  136  134  132  134  135  138  141  144  148  150  152  152  152
  150  149  146  144  142  138  134  130  126  122  118  114  110  106  101   97
   93   89   86   81   78   74   71   68   67   67   69   70   73   75   78   81
   85   88   93   97  101  105  109  114  118  122  125  126  126  124  121  118
  117  117  122  126  132  134  131  124  134                                   
    55.0-180.0 180.0   5.0 450.0                            LAT/LON1/LON2/DLON/H
  138  142  144  145  141  138  137  137  138  140  142  146  148  152  152  154
  154  155  154  153  151  148  144  140  137  133  130  126  122  116  111  104
   99   93   90   84   82   78   76   72   72   71   71   72   73   74   75   77
   81   83   89   95  101  107  113  119  124  129  131  132  131  128  124  120
  118  119  125  129  137  141  137  130  138                                   
    52.5-180.0 180.0   5.0 450.0                            LAT/LON1/LON2/DLON/H
  151  152  154  154  149  145  143  141  141  140  141  144  146  150  152  155
  156  158  159  159  158  157  153  150  146  143  140  137  132  127  119  112
  104   99   93   90   87   85   83   80   79   78   78   78   78   78   78   79
   82   85   90   97  105  112  120  127  132  137  138  139  136  132  127  123
  120  122  128  134  142  146  143  135  151                                   
    50.0-180.0 180.0   5.0 450.0                            LAT/LON1/LON2/DLON/H
  155  159  162  163  158  152  149  146  144  142  141  142  144  146  148  152
  155  159  160  162  162  161  157  155  152  150  147  144  140  134  126  117
  109  102   99   95   94   92   91   89   88   86   85   85   84   83   82   82
   84   86   92   98  108  116  126  133  140  143  146  145  142  137  132  127
  126  127  135  140  148  152  149  140  155                                   
    47.5-180.0 180.0   5.0 450.0                            LAT/LON1/LON2/DLON/H
  167  168  171  172  166  161  158  154  151  148  146  145  144  146  147  151
  154  159  161  164  164  164  161  159  156  156  154  152  146  141  131  123
  113  108  103  102  101  101  100   99   97   95   93   92   92   90   89   89
   90   92   96  103  112  122  132  140  146  150  152  151  147  143  138  134
  133  136  143  149  155  159  155  146  167                                   
    45.0-180.0 180.0   5.0 450.0                            LAT/LON1/LON2/DLON/H
  172  176  180  179  174  169  166  162  159  155  153  149  148  147  148  150
  154  159  162  165  164  164  161  159  158  157  156  154  150  143  135  125
  118  112  110  108  109  109  109  106  105  102  100   98   97   96   95   94
   94   94   98  103  115  124  136  144  152  155  159  157  154  150  147  143
  144  146  155  160  166  168  164  155  172                                   
    42.5-180.0 180.0   5.0 450.0                            LAT/LON1/LON2/DLON/H
  185  185  188  187  183  178  174  171  168  165  161  158  154  153  152  154
  157  161  163  166  165  165  162  161  159  160  158  157  152  146  137  130
  123  119  117  116  116  116  116  114  112  108  106  103  102  101  101  100
  100  100  102  108  117  128  140  149  157  161  164  163  160  157  154  153
  155  159  167  172  176  176  174  167  185                                   
    40.0-180.0 180.0   5.0 450.0                            LAT/LON1/LON2/DLON/H
  193  196  199  197  193  187  183  180  178  175  172  167  163  159  157  158
  161  164  166  167  167  165  163  161  161  160  160  158  154  147  140  133
  129  126  125  123  125  123  123  120  118  114  111  107  106  106  105  104
  104  102  103  106  118  127  141  150  161  164  169  168  168  165  165  164
  169  172  182  185  189  187  185  181  193                                   
    37.5-180.0 180.0   5.0 450.0                            LAT/LON1/LON2/DLON/H
  209  208  210  207  203  198  193  190  189  187  184  180  174  171  167  168
  169  171  171  172  170  170  167  166  164  165  164  162  157  151  144  139
  135  134  133  132  131  130  129  126  124  121  117  113  111  110  110  110
  109  106  105  109  118  130  142  154  163  169  172  173  173  172  172  174
  180  185  194  198  201  200  200  196  209                                   
    35.0-180.0 180.0   5.0 450.0                            LAT/LON1/LON2/DLON/H
  222  222  226  221  217  211  207  202  201  198  197  192  188  182  179  178
  178  178  178  177  176  175  173  172  172  171  170  167  162  156  150  144
  142  141  141  138  138  135  134  130  129  125  122  117  115  113  112  111
  110  106  104  105  116  125  140  150  163  168  175  175  179  178  181  182
  190  195  207  210  214  215  214  216  222                                   
    32.5-180.0 180.0   5.0 450.0                            LAT/LON1/LON2/DLON/H
  243  238  242  240  235  230  223  217  214  212  209  206  200  197  193  192
  190  189  186  185  183  184  183  182  181  181  178  175  169  162  156  151
  148  146  145  143  141  138  136  134  133  131  127  122  118  115  113  111
  109  105  102  104  112  124  137  150  161  169  176  180  183  184  186  189
  197  204  216  221  227  228  229  236  243                                   
    30.0-180.0 180.0   5.0 450.0                            LAT/LON1/LON2/DLON/H
  261  258  265  264  262  256  249  241  238  233  229  222  218  213  209  206
  203  198  194  191  191  192  193  192  192  190  186  181  174  165  159  152
  149  147  146  143  140  136  136  134  135  132  129  123  119  113  110  106
  104   99   97   97  107  116  133  144  158  166  177  182  189  189  193  195
  204  211  225  232  239  242  243  255  261                                   
    27.5-180.0 180.0   5.0 450.0                            LAT/LON1/LON2/DLON/H
  280  278  285  289  288  284  275  269  264  260  253  247  240  235  229  225
  218  213  205  202  201  203  204  204  202  198  193  186  178  168  159  151
  146  143  140  137  135  132  132  132  133  132  128  122  116  109  104  100
   98   93   91   92  100  112  128  142  156  168  180  190  196  199  201  204
  211  220  234  243  250  255  257  269  280                                   
    25.0-180.0 180.0   5.0 450.0                            LAT/LON1/LON2/DLON/H
  293  297  307  313  316  315  308  302  297  291  285  278  270  263  256  249
  238  227  218  212  212  214  216  214  210  204  196  187  178  165  155  144
  138  133  131  128  126  123  125  124  127  125  123  115  109  100   95   89
   88   83   83   83   93  104  120  135  151  165  181  193  202  206  209  210
  217  226  242  252  261  268  271  284  293                                   
    22.5-180.0 180.0   5.0 450.0                            LAT/LON1/LON2/DLON/H
  305  308  320  330  337  339  335  333  329  325  317  311  302  294  285  275
  262  248  236  228  225  227  227  222  215  205  195  183  172  158  145  133
  125  120  117  114  112  112  112  114  116  117  113  107   99   91   84   79
   79   76   78   80   89  100  116  131  149  165  184  200  211  217  218  219
  225  233  249  260  270  277  284  295  305                                   
    20.0-180.0 180.0   5.0 450.0                            LAT/LON1/LON2/DLON/H
  314  320  333  343  355  362  362  363  363  361  355  348  339  328  315  302
  286  271  256  246  241  239  235  226  215  199  186  173  161  146  134  120
  112  106  103  101  100   98  100  100  104  103  102   95   89   80   74   68
   70   68   72   75   87   96  112  128  148  166  187  206  218  224  228  229
  235  243  258  269  278  287  294  306  314                                   
    17.5-180.0 180.0   5.0 450.0                            LAT/LON1/LON2/DLON/H
  323  325  338  348  363  374  379  386  388  392  387  384  373  362  347  332
  313  293  278  266  259  252  243  227  210  190  174  159  148  135  122  110
  101   96   92   91   88   88   87   89   91   92   90   86   79   74   67   64
   65   64   68   70   80   89  107  124  148  169  194  214  229  237  241  243
  247  256  269  278  287  294  301  313  323                                   
    15.0-180.0 180.0   5.0 450.0                            LAT/LON1/LON2/DLON/H
  330  334  343  350  364  376  386  396  405  411  412  410  400  388  374  357
  336  315  297  283  272  261  246  224  202  177  159  145  137  125  114  102
   95   90   87   85   83   80   79   78   80   79   80   76   75   68   65   60
   62   59   64   65   76   85  105  122  147  171  198  220  235  246  253  256
  263  271  283  291  297  304  311  324  330                                   
    12.5-180.0 180.0   5.0 450.0                            LAT/LON1/LON2/DLON/H
  340  340  348  350  360  369  380  393  404  416  419  424  417  410  393  377
  357  336  317  299  285  267  246  219  192  164  146  135  128  119  111  101
   95   91   89   87   83   80   75   74   73   74   72   73   71   68   64   60
   60   57   59   59   68   74   94  113  145  169  201  223  242  256  267  273
  281  289  299  303  308  312  320  334  340                                   
    10.0-180.0 180.0   5.0 450.0                            LAT/LON1/LON2/DLON/H
  356  357  358  352  358  361  370  380  394  407  417  424  423  417  403  389
  370  352  330  310  290  267  241  211  181  153  136  126  122  117  112  106
  102  100   98   95   90   83   79   73   72   70   73   71   74   70   69   63
   62   58   60   58   66   73   91  112  142  168  199  224  244  262  276  285
  295  303  312  317  319  324  332  346  356                                   
     7.5-180.0 180.0   5.0 450.0                            LAT/LON1/LON2/DLON/H
  374  376  373  363  360  359  363  369  380  394  405  417  417  416  403  392
  376  360  340  316  291  263  233  202  171  145  129  122  120  120  117  114
