data/unet/pred0980.15i
     1.0            IONOSPHERE MAPS     GNSS                IONEX VERSION / TYPE
pyspatialgeodesy        IME             05-JAN-18 20:20     PGM / RUN BY / DATE 
Map Name                                                    COMMENT             
Predicted global ionosphere maps (GIM).                     DESCRIPTION         
  2015     4     8     0     0     0                        EPOCH OF FIRST MAP  
  2015     4     9     0     0     0                        EPOCH OF LAST MAP   
  7200                                                      INTERVAL            
    13                                                      # OF MAPS IN FILE   
  NONE                                                      MAPPING FUNCTION    
10.0                                                        ELEVATION CUTOFF    
One-way carrier phase leveled to code                       OBSERVABLES USED    
  6371.0                                                    BASE RADIUS         
 2                                                          MAP DIMENSION       
   450.0 450.0   0.0                                        HGT1 / HGT2 / DHGT  
    87.5 -87.5  -2.5                                        LAT1 / LAT2 / DLAT  
  -180.0 180.0   5.0                                        LON1 / LON2 / DLON  
    -1                                                      EXPONENT            
                                                            END OF HEADER       
[from data line 858]
     3                                                      START OF TEC MAP    
  2015     4     8     4     0     0                        EPOCH OF CURRENT MAP
    87.5-180.0 180.0   5.0 450.0                            LAT/LON1/LON2/DLON/H
  207  204  194  199  199  201  202  205  205  208  208  210  212  213  215  215
  217  218  218  218  217  216  214  212  211  210  209  208  207  205  205  204
  204  205  206  207  208  210  211  214  214  216  215  216  215  215  214  214
  212  212  209  210  207  207  204  205  203  204  202  203  202  202  201  201
  201  200  198  198  199  195  202  214  207                                   
    85.0-180.0 180.0   5.0 450.0                            LAT/LON1/LON2/DLON/H
  206  205  196  206  204  208  208  213  212  217  216  219  218  222  221  223
  222  224  223  223  220  220  216  215  210  210  207  206  202  202  199  199
  198  199  199  202  202  206  206  210  208  212  210  214  210  214  211  214
  210  213  210  212  209  211  208  209  208  210  208  210  210  211  208  209
  209  209  205  206  205  201  205  207  206                                   
    82.5-180.0 180.0   5.0 450.0                            LAT/LON1/LON2/DLON/H
  195  197  194  202  199  202  203  209  210  215  216  220  221  226  227  230
  230  231  230  230  226  225  218  216  207  206  199  196  190  189  185  186
  185  187  188  192  193  198  199  203  203  207  207  209  208  211  210  212
  211  214  211  215  213  217  214  218  217  220  217  219  218  218  216  216
  215  213  210  210  210  205  206  203  195                                   
    80.0-180.0 180.0   5.0 450.0                            LAT/LON1/LON2/DLON/H
  202  202  200  202  200  200  201  205  206  211  213  218  220  224  225  228
  228  229  227  227  223  220  213  206  197  190  180  175  168  165  161  162
  161  165  167  175  177  188  189  198  197  203  202  207  206  208  208  211
  212  214  214  217  219  221  223  225  229  229  231  230  232  230  229  227
  227  225  222  221  220  212  215  210  202                                   
    77.5-180.0 180.0   5.0 450.0                            LAT/LON1/LON2/DLON/H
  214  211  204  203  199  196  197  197  198  201  205  209  212  217  218  222
  221  223  221  219  215  210  202  192  181  170  161  151  146  140  140  138
  142  145  152  158  167  176  183  191  194  199  200  204  204  209  210  215
  216  220  222  226  229  233  237  242  246  249  250  252  252  251  248  247
  244  243  238  235  234  226  224  220  214                                   
    75.0-180.0 180.0   5.0 450.0                            LAT/LON1/LON2/DLON/H
  229  226  218  213  207  200  199  195  195  194  196  197  198  201  201  205
  204  207  207  206  202  196  188  177  166  152  142  132  125  120  119  119
  122  128  135  145  153  163  170  181  183  191  191  198  198  204  206  211
  215  219  225  230  237  242  250  254  262  265  268  269  270  269  267  264
  264  261  258  253  248  240  242  234  229                                   
    72.5-180.0 180.0   5.0 450.0                            LAT/LON1/LON2/DLON/H
  247  240  233  225  213  206  199  194  188  185  182  180  178  179  179  182
  182  186  186  187  183  180  173  164  153  140  131  121  116  111  111  110
  113  117  125  133  142  151  161  168  174  179  182  186  190  195  200  206
  212  219  228  236  246  253  262  268  277  280  284  283  285  282  280  277
  276  274  272  265  263  257  254  248  247                                   
    70.0-180.0 180.0   5.0 450.0                            LAT/LON1/LON2/DLON/H
  254  249  245  235  225  214  208  199  193  184  178  170  165  159  157  157
  158  162  165  168  168  165  161  153  144  133  126  117  112  106  106  104
  107  109  117  122  132  139  147  155  159  165  168  175  178  187  193  203
  213  223  236  247  260  269  279  284  291  293  293  292  289  286  282  279
  279  279  278  274  271  264  267  257  254                                   
    67.5-180.0 180.0   5.0 450.0                            LAT/LON1/LON2/DLON/H
  262  254  251  240  227  219  210  203  192  184  173  164  153  145  138  135
  134  137  141  147  149  151  148  144  138  130  124  117  111  107  104  102
  102  105  109  114  120  126  133  138  144  148  155  160  169  177  189  204
  217  235  247  264  275  288  293  300  303  303  298  293  288  283  278  276
  274  276  275  273  273  271  267  263  262                                   
    65.0-180.0 180.0   5.0 450.0                            LAT/LON1/LON2/DLON/H
  258  253  249  240  231  223  218  210  200  189  176  162  148  137  129  123
  121  121  124  129  132  134  135  133  132  126  123  117  113  107  104  100
   99   97  102  102  108  110  118  119  127  132  141  151  160  173  186  205
  224  244  262  278  291  302  307  312  312  310  302  295  286  280  273  270
  267  268  267  268  267  267  268  264  258                                   
    62.5-180.0 180.0   5.0 450.0                            LAT/LON1/LON2/DLON/H
  258  246  243  235  225  221  215  210  200  192  177  163  147  134  124  117
  113  113  114  119  122  125  126  126  125  123  121  118  113  110  103   99
   94   92   90   90   91   95   99  104  110  119  131  142  158  171  191  213
  236  258  274  293  304  317  321  324  323  318  309  301  292  282  273  266
  259  258  257  258  260  262  261  264  258                                   
    60.0-180.0 180.0   5.0 450.0                            LAT/LON1/LON2/DLON/H
  253  243  236  229  221  216  214  210  203  194  180  165  149  136  126  119
  113  112  112  114  116  116  117  116  118  117  117  115  113  108  102   95
   90   85   83   80   82   82   88   92  101  111  126  141  156  176  198  225
  250  272  290  309  320  332  335  337  334  329  321  312  302  292  279  270
  261  257  255  254  254  258  261  260  253                                   
    57.5-180.0 180.0   5.0 450.0                            LAT/LON1/LON2/DLON/H
  259  240  235  226  214  211  206  205  197  191  178  166  152  139  130  124
  118  116  113  114  111  111  108  109  110  111  112  113  109  106   98   92
   84   81   77   77   77   80   84   89   97  111  128  145  164  183  208  234
  259  280  300  319  332  342  347  348  348  342  337  328  321  309  298  285
  274  267  263  260  260  262  259  261  259                                   
    55.0-180.0 180.0   5.0 450.0                            LAT/LON1/LON2/DLON/H
  269  251  242  229  218  211  205  202  196  188  178  166  155  144  137  132
  128  124  121  116  112  107  104  102  104  105  109  108  107  102   97   89
   83   79   79   78   80   81   87   90  101  114  133  152  171  195  219  246
  269  291  310  329  343  354  359  362  362  360  355  350  345  335  324  310
  297  289  283  277  274  274  272  268  269                                   
    52.5-180.0 180.0   5.0 450.0                            LAT/LON1/LON2/DLON/H
  291  268  259  243  227  219  209  204  194  188  175  167  157  149  144  138
  135  131  126  121  114  109  104  103  102  105  108  109  107  102   96   90
   84   82   83   85   89   91   96  100  110  124  143  162  185  207  230  253
  277  299  317  337  353  363  369  372  374  373  371  369  366  358  349  336
  324  317  308  303  300  297  288  284  291                                   
    50.0-180.0 180.0   5.0 450.0                            LAT/LON1/LON2/DLON/H
  314  296  281  265  249  234  223  211  201  190  179  170  162  155  150  144
  141  136  132  126  122  116  112  109  111  111  115  114  114  106  101   93
   90   87   92   95  100  103  108  111  120  134  153  176  196  220  241  265
  287  310  329  349  366  378  384  387  388  388  386  386  384  378  371  360
  351  341  335  328  325  321  316  308  314                                   
    47.5-180.0 180.0   5.0 450.0                            LAT/LON1/LON2/DLON/H
  336  318  306  291  273  259  240  228  210  201  186  177  167  162  155  150
  144  139  135  133  130  127  125  124  124  125  127  125  123  115  108  100
   97   95  100  105  114  116  121  124  133  145  164  187  209  230  251  272
  295  316  337  358  375  386  393  396  395  393  391  390  388  384  379  373
  366  361  353  349  346  342  334  330  336                                   
    45.0-180.0 180.0   5.0 450.0                            LAT/LON1/LON2/DLON/H
  352  339  327  315  300  286  267  247  229  213  200  187  179  169  163  153
  149  142  141  140  143  142  145  144  146  144  145  141  138  129  122  112
  110  107  113  118  125  128  130  133  139  154  170  196  216  240  261  284
  307  329  350  372  390  404  408  411  407  403  398  396  393  390  387  380
  375  369  362  362  359  358  355  351  352                                   
    42.5-180.0 180.0   5.0 450.0                            LAT/LON1/LON2/DLON/H
  364  349  341  332  319  307  288  273  247  232  214  203  190  181  170  160
  153  148  149  152  160  163  168  170  171  169  167  161  154  144  135  127
  121  119  123  127  133  136  139  141  147  158  175  200  222  245  269  291
  316  337  360  381  399  412  417  418  414  408  401  396  391  388  383  381
  373  371  362  363  360  363  356  364  364                                   
    40.0-180.0 180.0   5.0 450.0                            LAT/LON1/LON2/DLON/H
  369  354  342  334  324  314  298  284  267  247  232  218  207  193  181  165
  161  155  159  165  176  181  189  190  196  191  191  181  176  163  155  143
  137  131  132  132  138  138  142  142  148  159  177  202  224  249  275  302
  327  349  369  392  409  425  430  433  428  422  413  406  401  396  393  385
  380  371  366  363  364  364  366  372  369                                   
    37.5-180.0 180.0   5.0 450.0                            LAT/LON1/LON2/DLON/H
  378  356  341  332  320  310  296  286  271  258  242  231  217  204  189  175
  168  165  171  178  190  196  203  206  210  208  207  198  190  177  168  156
  149  138  134  132  134  137  139  142  148  158  177  202  227  252  280  307
  335  355  374  394  410  426  437  442  443  436  430  421  416  410  406  401
  395  388  381  376  376  378  370  382  378                                   
    35.0-180.0 180.0   5.0 450.0                            LAT/LON1/LON2/DLON/H
  397  368  343  324  311  299  289  276  269  256  248  238  228  212  199  183
  179  175  183  189  201  205  213  215  222  221  222  214  206  191  181  166
  157  141  136  129  132  133  137  140  148  158  179  206  231  255  278  308
  333  355  372  396  413  435  448  459  462  461  459  458  458  455  452  445
  439  430  425  419  419  415  409  409  397                                   
    32.5-180.0 180.0   5.0 450.0                            LAT/LON1/LON2/DLON/H
  434  402  365  333  312  297  283  269  259  252  243  238  227  218  203  192
  186  186  194  201  210  212  217  219  227  228  231  224  214  200  188  171
  161  147  139  134  132  132  135  140  148  161  184  208  236  253  278  301
  326  347  362  388  407  439  462  486  492  504  504  514  519  520  516  511
  502  493  488  482  482  476  456  451  434                                   
    30.0-180.0 180.0   5.0 450.0                            LAT/LON1/LON2/DLON/H
  494  464  425  379  341  314  290  270  258  246  239  232  228  217  207  196
  194  193  202  206  213  214  219  222  235  240  245  238  229  211  198  181
  172  158  155  148  142  135  139  142  153  165  189  214  238  256  273  295
  317  336  351  377  405  441  475  507  530  549  566  584  599  605  601  594
  588  579  575  566  561  547  537  518  494                                   
    27.5-180.0 180.0   5.0 450.0                            LAT/LON1/LON2/DLON/H
  584  546  509  459  414  372  327  294  270  253  241  234  224  218  205  199
  196  199  206  211  215  214  219  227  243  254  260  253  239  226  210  201
  190  184  177  169  156  148  143  145  152  167  190  218  240  255  271  288
  309  331  347  373  401  445  485  526  555  591  615  649  674  687  693  690
  682  669  662  648  647  629  619  596  584                                   
    25.0-180.0 180.0   5.0 450.0                            LAT/LON1/LON2/DLON/H
  686  660  618  562  518  468  411  364  320  285  260  244  234  221  212  201
  201  200  208  209  214  216  228  241  267  282  291  277  263  241  232  219
  213  203  195  180  167  154  149  143  152  166  190  217  239  253  270  287
  310  330  349  377  410  460  504  552  587  630  668  714  747  765  776  778
  773  760  751  735  735  719  707  692  686                                   
    22.5-180.0 180.0   5.0 450.0                            LAT/LON1/LON2/DLON/H
  781  780  734  686  638  576  517  457  404  352  308  281  260  241  221  208
  203  201  207  210  214  223  239  266  294  316  314  305  280  268  251  244
  221  209  192  183  162  158  144  142  142  158  180  211  234  254  275  295
  317  337  359  392  430  482  527  576  614  662  700  749  783  806  819  826
  823  814  810  807  814  808  782  767  781                                   
    20.0-180.0 180.0   5.0 450.0                            LAT/LON1/LON2/DLON/H
  851  864  840  792  745  683  622  554  499  439  386  352  319  288  258  233
  223  211  213  213  222  235  267  298  334  347  344  321  299  279  260  241
  221  204  189  175  155  149  136  132  130  147  176  203  234  251  277  300
  326  351  383  422  466  518  562  606  642  685  718  761  788  814  827  838
  836  833  835  842  859  861  835  820  851                                   
    17.5-180.0 180.0   5.0 450.0                            LAT/LON1/LON2/DLON/H
  885  902  898  866  833  769  707  641  585  529  481  442  402  361  321  286
  261  238  229  226  235  261  291  335  364  377  354  325  293  272  250  233
  214  203  177  167  142  138  122  118  116  133  160  195  226  252  283  309
  342  374  410  453  499  546  584  629  652  689  705  745  771  795  806  822
  825  833  836  850  871  884  860  851  885                                   
    15.0-180.0 180.0   5.0 450.0                            LAT/LON1/LON2/DLON/H
  878  910  914  896  876  822  767  714  665  608  563  526  486  450  398  355
  315  283  265  258  277  300  341  378  405  394  367  316  286  256  242  220
  209  189  168  147  124  117  106  101  103  118  151  183  226  252  288  319
  358  393  438  485  532  573  613  639  660  677  694  722  744  765  777  794
  802  814  818  837  862  864  850  840  878                                   
    12.5-180.0 180.0   5.0 450.0                            LAT/LON1/LON2/DLON/H
  842  885  894  884  879  832  791  744  708  659  618  586  552  513  476  435
  388  351  328  326  336  367  397  428  430  409  362  309  272  245  229  217
  202  185  157  136  113  102   95   89   89  106  132  174  212  251  286  329
  369  411  456  506  551  589  617  640  652  666  675  691  703  714  726  749
  761  779  785  805  825  827  827  827  842                                   
    10.0-180.0 180.0   5.0 450.0                            LAT/LON1/LON2/DLON/H
  787  831  842  839  833  798  760  730  704  682  655  638  606  576  531  496
  455  426  396  392  404  420  446  454  450  407  355  296  259  230  215  201
  189  171  147  121   98   87   80   78   84   96  126  164  213  248  288  328
  370  416  468  520  564  595  621  635  652  662  674  687  695  705  711  729
  741  761  768  784  800  791  796  797  787                                   
     7.5-180.0 180.0   5.0 450.0                            LAT/LON1/LON2/DLON/H
  746  765  779  773  766  725  700  672  669  649  650  638  624  600  569  538
  512  487  473  460  469  479  484  481  447  397  331  280  243  220  204  191
