data/unet/pred1630.15i
     1.0            IONOSPHERE MAPS     GNSS                IONEX VERSION / TYPE
pyspatialgeodesy        IME             05-JAN-18 20:20     PGM / RUN BY / DATE 
Map Name                                                    COMMENT             
Predicted global ionosphere maps (GIM).                     DESCRIPTION         
  2015     6    12     0     0     0                        EPOCH OF FIRST MAP  
  2015     6    13     0     0     0                        EPOCH OF LAST MAP   
  7200                                                      INTERVAL            
    13                                                      # OF MAPS IN FILE   
  NONE                                                      MAPPING FUNCTION    
10.0                                                        ELEVATION CUTOFF    
One-way carrier phase leveled to code                       OBSERVABLES USED    
  6371.0                                                    BASE RADIUS         
 2                                                          MAP DIMENSION       
   450.0 450.0   0.0                                        HGT1 / HGT2 / DHGT  
    87.5 -87.5  -2.5                                        LAT1 / LAT2 / DLAT  
  -180.0 180.0   5.0                                        LON1 / LON2 / DLON  
    -1                                                      EXPONENT            
                                                            END OF HEADER       
[from data line 858]
     3                                                      START OF TEC MAP    
  2015     6    12     4     0     0                        EPOCH OF CURRENT MAP
    87.5-180.0 180.0   5.0 450.0                            LAT/LON1/LON2/DLON/H
  201  198  192  198  198  199  198  200  199  202  201  203  203  205  204  205
  203  203  201  200  197  196  192  191  188  188  186  186  185  186  186  186
  187  187  188  188  188  188  188  188  188  189  188  189  188  189  188  189
  189  189  190  190  191  191  193  193  194  194  195  195  195  196  195  196
  196  197  196  197  194  194  199  207  201                                   
    85.0-180.0 180.0   5.0 450.0                            LAT/LON1/LON2/DLON/H
  204  204  200  209  209  207  208  209  208  210  209  211  209  211  210  211
  208  209  206  207  201  202  196  197  191  192  188  189  186  187  185  187
  185  188  187  189  187  190  189  190  189  191  191  193  192  194  193  194
  194  195  196  196  198  199  200  200  202  202  203  203  204  205  205  205
  206  207  207  207  205  201  203  203  204                                   
    82.5-180.0 180.0   5.0 450.0                            LAT/LON1/LON2/DLON/H
  195  199  198  206  204  203  204  205  205  206  207  208  209  210  210  210
  209  208  206  205  201  200  195  194  188  188  182  183  178  180  177  180
  179  181  181  183  184  185  187  188  190  190  193  193  195  195  197  197
  199  199  203  203  206  206  209  209  211  210  211  209  211  209  209  207
  208  207  208  206  206  203  203  199  195                                   
    80.0-180.0 180.0   5.0 450.0                            LAT/LON1/LON2/DLON/H
  204  209  209  213  213  212  212  213  212  214  213  215  214  215  214  216
  213  214  211  211  207  206  199  198  191  189  182  182  176  178  174  177
  176  181  180  186  185  191  191  195  195  199  199  202  203  205  206  207
  209  210  213  214  217  217  220  220  223  222  223  221  223  220  220  217
  218  216  217  215  215  209  211  208  204                                   
    77.5-180.0 180.0   5.0 450.0                            LAT/LON1/LON2/DLON/H
  207  212  211  216  216  214  215  213  213  212  213  212  213  212  213  213
  212  213  212  211  207  206  199  196  188  184  177  174  170  168  168  169
  172  175  180  184  188  192  196  199  202  204  208  210  212  214  217  218
  220  222  225  227  230  232  234  236  236  237  237  237  236  236  232  232
  228  228  225  224  224  219  215  210  207                                   
    75.0-180.0 180.0   5.0 450.0                            LAT/LON1/LON2/DLON/H
  210  216  213  218  218  215  215  213  211  210  208  207  205  205  203  204
  203  205  204  204  201  198  193  187  179  172  167  161  158  156  156  158
  163  170  176  185  189  196  199  204  206  210  213  217  220  224  226  229
  231  235  238  242  244  247  247  250  249  251  248  249  246  247  242  241
  237  236  232  231  228  222  219  215  210                                   
    72.5-180.0 180.0   5.0 450.0                            LAT/LON1/LON2/DLON/H
  214  217  215  217  216  212  212  207  205  201  200  196  194  190  189  188
  190  191  193  193  192  189  183  176  169  160  155  148  146  143  146  150
  158  165  176  183  191  196  202  205  209  211  217  219  225  228  233  236
  240  244  247  250  252  254  254  255  254  255  252  253  250  250  245  243
  239  238  234  231  230  226  221  217  214                                   
    70.0-180.0 180.0   5.0 450.0                            LAT/LON1/LON2/DLON/H
  215  220  218  220  220  216  214  209  207  202  198  191  186  181  178  176
  178  179  183  185  186  183  180  171  165  155  149  143  140  139  142  148
  156  166  177  188  195  202  207  211  214  217  223  227  233  238  243  248
  252  256  258  261  260  261  258  259  256  256  252  253  250  251  246  244
  240  239  236  234  231  226  222  219  215                                   
    67.5-180.0 180.0   5.0 450.0                            LAT/LON1/LON2/DLON/H
  216  219  217  220  217  215  212  208  203  197  191  184  177  169  166  162
  164  164  168  171  174  173  170  163  156  147  142  137  136  137  142  148
  157  167  179  188  196  201  207  209  212  215  221  226  233  240  247  253
  257  261  263  264  262  260  257  255  251  249  245  245  243  243  240  239
  236  236  233  232  232  229  221  219  216                                   
    65.0-180.0 180.0   5.0 450.0                            LAT/LON1/LON2/DLON/H
  216  220  219  221  222  218  216  211  207  202  195  186  177  167  162  157
  156  156  161  164  168  166  165  158  151  144  139  136  136  138  142  150
  158  169  179  190  196  203  208  211  214  217  225  231  239  246  255  260
  265  267  269  268  266  262  258  255  250  247  243  242  240  240  237  237
  233  234  231  231  230  225  221  217  216                                   
    62.5-180.0 180.0   5.0 450.0                            LAT/LON1/LON2/DLON/H
  219  220  219  221  221  219  216  212  207  202  196  187  177  166  158  152
  149  147  150  152  155  155  153  149  144  139  137  136  137  140  145  151
  159  167  177  186  193  199  204  208  211  216  224  231  240  250  258  264
  268  271  271  269  267  262  259  254  249  245  241  239  237  236  234  233
  231  231  229  230  231  227  220  220  219                                   
    60.0-180.0 180.0   5.0 450.0                            LAT/LON1/LON2/DLON/H
  221  222  220  223  225  220  219  215  211  208  201  193  183  172  161  151
  146  142  143  143  146  145  143  141  139  136  136  136  139  141  146  151
  158  164  172  182  189  197  202  209  213  220  227  237  246  255  264  269
  273  274  275  272  271  267  264  260  255  251  247  244  241  239  236  235
  232  234  230  234  232  225  222  221  221                                   
    57.5-180.0 180.0   5.0 450.0                            LAT/LON1/LON2/DLON/H
  229  224  224  226  225  222  219  215  211  208  204  198  188  177  164  153
  146  140  137  135  136  133  133  132  133  133  136  138  140  143  146  149
  152  156  163  170  179  188  195  203  210  219  228  239  248  258  266  271
  274  277  277  277  277  274  272  268  264  260  255  252  247  245  241  240
  238  239  237  241  241  235  227  229  229                                   
    55.0-180.0 180.0   5.0 450.0                            LAT/LON1/LON2/DLON/H
  235  232  231  232  232  226  222  218  215  212  209  203  196  184  171  158
  149  139  137  131  132  128  129  127  131  132  138  139  143  143  145  145
  149  151  156  164  172  185  194  206  214  224  234  246  254  264  270  277
  279  283  285  286  287  287  286  282  279  275  270  266  260  258  252  251
  248  250  247  252  250  241  236  237  235                                   
    52.5-180.0 180.0   5.0 450.0                            LAT/LON1/LON2/DLON/H
  248  239  243  244  240  234  227  222  218  215  210  208  200  191  178  166
  155  147  140  137  134  131  130  131  134  138  143  146  146  146  144  143
  142  144  148  156  167  181  193  208  218  231  241  252  259  268  275  281
  286  291  295  298  302  302  305  301  299  294  289  284  276  272  267  265
  263  264  264  267  269  257  249  254  248                                   
    50.0-180.0 180.0   5.0 450.0                            LAT/LON1/LON2/DLON/H
  262  254  261  258  256  246  238  229  225  219  216  211  207  197  186  173
  165  154  151  143  144  138  139  139  145  147  153  153  154  149  147  142
  142  142  148  156  166  184  197  215  227  239  250  260  266  274  280  288
  293  300  306  312  316  321  322  321  319  316  308  304  296  291  285  282
  282  283  282  286  285  273  265  268  262                                   
    47.5-180.0 180.0   5.0 450.0                            LAT/LON1/LON2/DLON/H
  279  269  276  276  270  261  250  241  230  225  218  216  209  202  190  181
  173  168  163  160  157  156  155  158  161  165  167  167  163  158  153  148
  145  146  149  158  168  185  201  218  231  246  255  266  271  279  286  294
  301  309  317  324  331  336  340  340  340  334  329  322  314  307  301  299
  300  301  304  307  309  297  284  291  279                                   
    45.0-180.0 180.0   5.0 450.0                            LAT/LON1/LON2/DLON/H
  293  284  290  286  284  274  266  253  243  233  227  219  215  205  197  186
  183  177  177  173  176  173  177  178  185  184  186  180  177  165  162  154
  154  153  158  164  174  192  207  225  237  251  260  270  275  283  291  301
  309  319  325  335  342  351  353  357  356  354  347  342  332  327  321  320
  321  325  328  333  331  319  307  311  293                                   
    42.5-180.0 180.0   5.0 450.0                            LAT/LON1/LON2/DLON/H
  308  297  300  299  293  288  277  267  253  243  232  227  217  209  198  192
  188  188  187  190  191  195  198  204  207  207  203  198  189  181  174  170
  166  166  168  174  182  198  213  230  243  257  265  275  280  291  301  312
  321  331  337  347  355  364  367  370  370  369  365  357  349  342  337  337
  339  345  350  356  358  345  332  334  308                                   
    40.0-180.0 180.0   5.0 450.0                            LAT/LON1/LON2/DLON/H
  326  315  313  306  303  296  289  279  269  258  247  235  227  216  205  197
  196  194  197  198  205  209  218  224  230  227  224  215  206  194  189  183
  181  181  182  187  194  207  220  235  248  264  271  281  287  297  310  323
  335  345  354  365  373  381  382  387  386  389  382  381  370  369  361  367
  364  375  375  387  383  369  359  356  326                                   
    37.5-180.0 180.0   5.0 450.0                            LAT/LON1/LON2/DLON/H
  345  329  325  317  309  306  297  292  280  271  256  246  235  223  209  202
  198  199  200  205  211  221  231  242  245  244  238  229  218  208  203  200
  198  196  197  199  205  213  227  240  256  269  278  285  291  303  317  333
  346  359  369  383  391  399  400  407  404  408  403  398  390  385  380  381
  383  391  396  404  407  394  378  377  345                                   
    35.0-180.0 180.0   5.0 450.0                            LAT/LON1/LON2/DLON/H
  366  351  341  327  320  312  309  302  296  284  275  262  251  237  222  211
  205  203  204  207  217  229  246  258  266  263  259  244  233  222  218  215
  215  214  211  211  213  219  231  243  260  274  283  291  297  309  324  342
  360  373  388  401  414  424  431  435  437  437  432  429  418  418  406  414
  408  417  417  424  425  412  403  400  366                                   
    32.5-180.0 180.0   5.0 450.0                            LAT/LON1/LON2/DLON/H
  390  374  361  347  335  329  321  318  309  302  289  279  264  250  232  220
  211  208  206  212  221  237  256  273  282  280  273  259  244  235  228  229
  226  224  219  217  217  221  230  241  260  273  286  291  298  311  327  347
  363  379  393  411  429  444  452  462  460  467  461  455  442  434  426  424
  422  425  429  435  441  434  420  418  390                                   
    30.0-180.0 180.0   5.0 450.0                            LAT/LON1/LON2/DLON/H
  414  402  387  368  358  348  341  333  326  316  307  295  285  270  251  235
  222  214  211  214  226  245  268  286  298  293  288  272  259  247  239  236
  231  228  220  218  215  218  226  237  254  268  283  292  301  314  332  351
  370  384  404  425  449  468  480  486  495  493  493  486  476  469  454  452
  443  445  446  453  458  450  451  443  414                                   
    27.5-180.0 180.0   5.0 450.0                            LAT/LON1/LON2/DLON/H
  436  430  417  403  388  381  369  363  350  340  326  318  305  290  269  250
  234  223  216  220  233  251  278  297  307  304  294  279  261  250  237  233
  224  220  211  209  208  211  218  228  244  257  274  283  296  310  328  347
  365  381  403  428  454  480  498  510  514  519  515  511  500  492  480  469
  459  456  457  466  474  474  469  456  436                                   
    25.0-180.0 180.0   5.0 450.0                            LAT/LON1/LON2/DLON/H
  459  466  456  441  430  419  407  396  383  368  353  339  327  312  293  273
  253  237  228  230  243  263  290  306  318  310  300  281  261  246  229  221
  210  205  198  199  195  201  206  216  229  245  265  278  294  308  328  346
  365  382  404  429  460  490  513  526  537  540  540  535  527  521  509  499
  485  480  478  484  492  488  495  476  459                                   
    22.5-180.0 180.0   5.0 450.0                            LAT/LON1/LON2/DLON/H
  478  491  487  479  466  459  444  433  414  398  379  365  347  335  315  294
  272  253  241  242  255  275  300  318  324  316  297  278  252  234  211  202
  189  184  176  179  179  183  184  192  206  224  249  264  285  297  318  339
  359  379  401  428  456  489  513  530  540  548  548  546  539  535  527  514
  500  490  486  494  503  503  505  483  478                                   
    20.0-180.0 180.0   5.0 450.0                            LAT/LON1/LON2/DLON/H
  500  519  514  509  501  498  484  471  451  429  407  390  373  353  334  312
  293  274  260  259  273  289  314  328  333  314  294  269  239  217  193  181
  165  158  151  156  155  161  159  166  175  198  230  249  275  290  312  333
  357  379  404  430  457  484  508  526  538  547  552  554  551  552  547  538
  521  511  503  508  514  507  517  494  500                                   
    17.5-180.0 180.0   5.0 450.0                            LAT/LON1/LON2/DLON/H
  516  533  532  531  523  524  510  499  474  452  424  406  385  369  344  327
  309  290  277  274  285  301  323  333  329  307  281  253  220  198  173  157
  138  132  130  133  134  139  137  141  151  175  209  232  260  277  303  327
  352  381  404  433  455  482  500  518  526  537  544  551  552  555  553  545
  532  521  513  516  521  518  517  496  516                                   
    15.0-180.0 180.0   5.0 450.0                            LAT/LON1/LON2/DLON/H
  531  545  541  542  539  541  528  516  490  465  436  414  395  377  356  334
  319  301  292  289  298  311  329  329  319  291  267  233  201  176  149  130
  116  113  110  112  112  116  116  119  130  157  192  221  250  270  296  323
  352  381  409  435  459  483  498  514  522  534  543  553  560  568  569  568
  554  547  535  538  536  526  531  513  531                                   
    12.5-180.0 180.0   5.0 450.0                            LAT/LON1/LON2/DLON/H
  541  547  542  544  538  543  528  517  488  464  431  410  389  374  354  336
  324  310  302  299  306  314  323  315  298  271  240  206  178  150  129  114
  105   98   98   94   97   97   98   99  115  140  180  209  240  259  289  315
  349  378  410  440  463  487  500  517  526  540  548  560  571  577  580  578
  568  562  554  553  550  544  539  524  541                                   
    10.0-180.0 180.0   5.0 450.0                            LAT/LON1/LON2/DLON/H
  554  551  542  540  538  540  524  507  477  449  417  396  379  365  348  335
  325  314  310  307  312  313  313  296  275  239  206  173  147  128  111  102
   93   87   86   84   84   85   85   90  105  130  168  200  231  253  283  311
  344  375  410  442  470  495  514  533  550  559  572  583  594  602  604  603
  593  591  582  581  573  561  564  555  554                                   
     7.5-180.0 180.0   5.0 450.0                            LAT/LON1/LON2/DLON/H
  566  560  548  546  535  534  510  490  453  426  392  376  359  348  335  326
  321  316  313  310  310  304  293  269  237  201  169  137  124  108  102   94
