data/unet/pred0070.15i
     1.0            IONOSPHERE MAPS     GNSS                IONEX VERSION / TYPE
pyspatialgeodesy        IME             05-JAN-18 20:20     PGM / RUN BY / DATE 
Map Name                                                    COMMENT             
Predicted global ionosphere maps (GIM).                     DESCRIPTION         
  2015     1     7     0     0     0                        EPOCH OF FIRST MAP  
  2015     1     8     0     0     0                        EPOCH OF LAST MAP   
  7200                                                      INTERVAL            
    13                                                      # OF MAPS IN FILE   
  NONE                                                      MAPPING FUNCTION    
10.0                                                        ELEVATION CUTOFF    
One-way carrier phase leveled to code                       OBSERVABLES USED    
  6371.0                                                    BASE RADIUS         
 2                                                          MAP DIMENSION       
   450.0 450.0   0.0                                        HGT1 / HGT2 / DHGT  
    87.5 -87.5  -2.5                                        LAT1 / LAT2 / DLAT  
  -180.0 180.0   5.0                                        LON1 / LON2 / DLON  
    -1                                                      EXPONENT            
                                                            END OF HEADER       
[from data line 1716]
     5                                                      START OF TEC MAP    
  2015     1     7     8     0     0                        EPOCH OF CURRENT MAP
    87.5-180.0 180.0   5.0 450.0                            LAT/LON1/LON2/DLON/H
   43   56   54   53   52   52   54   55   57   58   59   59   60   59   58   57
   56   54   54   52   53   52   53   52   53   53   53   52   53   52   52   51
   52   50   51   49   50   47   48   46   47   45   46   43   45   42   44   41
   43   41   43   41   42   40   42   39   40   38   39   37   38   35   37   35
   37   36   39   40   46   48   52   55   43                                   
    85.0-180.0 180.0   5.0 450.0                            LAT/LON1/LON2/DLON/H
   56   81   71   78   71   75   72   76   75   78   75   78   74   77   70   74
   67   71   64   69   62   67   61   68   62   68   63   69   64   69   64   69
   65   69   64   68   63   67   62   65   61   64   60   63   58   62   56   60
   55   59   54   58   52   57   51   55   49   53   48   52   46   51   46   51
   48   54   51   57   56   60   60   51   56                                   
    82.5-180.0 180.0   5.0 450.0                            LAT/LON1/LON2/DLON/H
   63   85   72   78   76   80   79   84   83   84   81   81   79   77   73   72
   68   67   64   64   61   62   59   62   58   62   58   64   60   65   61   66
   62   67   62   65   61   64   60   62   58   60   56   59   55   58   53   57
   52   56   51   53   49   51   46   47   42   43   38   39   35   37   33   36
   35   39   39   44   46   51   56   47   63                                   
    80.0-180.0 180.0   5.0 450.0                            LAT/LON1/LON2/DLON/H
   65   78   68   71   74   76   80   81   84   83   83   81   79   76   71   69
   64   62   56   57   52   54   50   54   50   56   53   59   58   62   62   65
   65   66   66   65   66   64   64   62   63   62   62   62   63   63   64   63
   64   64   64   61   61   58   56   52   49   47   44   41   39   37   36   36
   36   37   39   39   44   43   51   49   65                                   
    77.5-180.0 180.0   5.0 450.0                            LAT/LON1/LON2/DLON/H
   59   80   70   71   74   74   77   79   80   79   77   75   71   67   62   57
   53   49   47   44   42   41   41   41   43   45   48   51   54   56   59   61
   61   63   63   64   63   64   64   64   65   64   68   67   71   73   77   79
   82   83   83   82   80   78   75   72   66   64   59   55   51   47   45   42
   43   42   44   44   47   46   53   45   59                                   
    75.0-180.0 180.0   5.0 450.0                            LAT/LON1/LON2/DLON/H
   59   75   66   68   71   71   75   75   77   76   73   71   66   63   55   53
   45   44   38   38   35   37   36   40   40   46   47   53   54   58   59   62
   63   65   66   67   67   67   68   68   70   72   76   79   84   90   95   99
  103  107  108  108  105  103   98   94   87   82   75   70   63   59   54   51
   48   48   47   47   49   47   55   47   59                                   
    72.5-180.0 180.0   5.0 450.0                            LAT/LON1/LON2/DLON/H
   56   77   65   63   67   65   70   69   72   69   68   64   60   55   49   44
   39   35   33   31   32   33   35   38   42   46   51   55   58   60   62   62
   62   62   62   63   64   63   67   66   72   72   82   85   96  104  117  122
  131  134  139  135  133  127  122  113  105   96   89   81   75   68   64   59
   57   55   54   52   52   52   58   53   56                                   
    70.0-180.0 180.0   5.0 450.0                            LAT/LON1/LON2/DLON/H
   59   71   60   59   63   62   68   66   71   67   66   62   58   54   47   45
   38   38   34   36   35   38   40   45   48   53   57   60   63   63   64   62
   62   60   62   61   62   64   67   69   75   80   91  103  115  128  141  153
  162  167  171  169  165  157  149  137  128  116  108   97   92   82   78   72
   70   66   65   62   60   56   62   57   59                                   
    67.5-180.0 180.0   5.0 450.0                            LAT/LON1/LON2/DLON/H
   55   75   60   56   61   59   65   64   66   61   62   56   55   49   47   44
   41   40   39   40   40   44   46   51   55   60   64   67   68   67   66   62
   59   56   57   55   59   60   67   69   77   83   99  111  130  143  162  173
  188  193  202  199  196  184  172  157  146  132  122  109  102   92   87   81
   78   74   72   67   65   60   65   60   55                                   
    65.0-180.0 180.0   5.0 450.0                            LAT/LON1/LON2/DLON/H
   57   68   54   53   57   55   61   61   64   60   59   56   54   52   49   49
   46   47   45   48   48   52   54   59   63   68   71   73   72   69   66   59
   56   51   51   53   56   61   67   75   84   98  115  133  150  169  182  198
  208  219  225  225  218  207  193  177  164  149  137  125  115  104   96   89
   84   79   74   70   67   61   67   60   57                                   
    62.5-180.0 180.0   5.0 450.0                            LAT/LON1/LON2/DLON/H
   52   70   55   52   55   54   59   57   59   56   56   53   52   50   50   50
   51   51   51   52   53   57   58   64   67   72   73   73   72   67   62   54
   51   45   47   47   54   59   68   75   90  103  123  140  164  180  200  211
  226  235  244  240  233  220  208  191  178  161  149  135  126  113  102   92
   85   77   73   66   65   59   65   56   52                                   
    60.0-180.0 180.0   5.0 450.0                            LAT/LON1/LON2/DLON/H
   52   62   49   47   51   49   54   54   55   54   53   53   52   53   53   55
   56   56   56   57   57   61   62   67   69   72   73   72   68   63   58   52
   46   45   44   50   54   65   73   89  101  120  139  162  179  201  213  229
  239  251  259  254  244  232  219  205  192  178  162  152  138  126  109   97
   85   77   69   64   62   56   62   52   52                                   
    57.5-180.0 180.0   5.0 450.0                            LAT/LON1/LON2/DLON/H
   49   66   51   47   49   48   52   52   53   51   51   49   49   50   51   54
   55   55   54   55   55   57   58   62   63   65   65   64   61   56   51   46
   42   41   44   49   58   68   81   95  111  128  150  168  193  209  229  240
  254  262  270  261  253  239  228  214  203  191  180  166  154  137  121  101
   89   76   70   61   61   54   60   47   49                                   
    55.0-180.0 180.0   5.0 450.0                            LAT/LON1/LON2/DLON/H
   53   61   47   44   45   43   47   48   49   50   48   49   47   50   50   53
   55   54   54   52   53   52   55   57   58   59   57   57   52   51   45   44
   40   44   47   57   67   83   95  112  129  148  166  187  205  225  238  252
  262  270  276  268  260  247  233  224  213  206  195  187  172  156  134  114
   94   82   73   66   64   58   63   50   53                                   
    52.5-180.0 180.0   5.0 450.0                            LAT/LON1/LON2/DLON/H
   56   70   55   48   49   45   49   48   49   47   47   46   45   46   47   49
   49   48   46   44   44   45   46   48   49   50   48   47   44   43   39   39
   38   44   52   63   77   93  109  125  144  160  180  198  219  236  252  261
  276  279  284  274  269  253  243  231  224  218  212  203  194  174  152  127
  107   90   82   74   72   66   72   54   56                                   
    50.0-180.0 180.0   5.0 450.0                            LAT/LON1/LON2/DLON/H
   66   71   57   50   50   45   47   47   48   49   47   47   45   46   45   46
   47   44   43   40   42   41   44   45   46   45   43   43   40   41   38   40
   42   50   61   77   93  112  130  146  163  181  198  216  234  249  263  275
  284  290  291  284  277  264  253  244  237  233  227  222  210  194  171  147
  122  106   94   87   85   79   82   64   66                                   
    47.5-180.0 180.0   5.0 450.0                            LAT/LON1/LON2/DLON/H
   76   85   72   63   60   54   55   51   52   51   51   49   47   46   45   44
   43   41   38   38   37   40   40   43   41   41   38   39   35   37   34   39
   42   54   67   87  108  129  148  165  181  198  214  230  246  261  274  286
  295  297  298  289  284  269  259  248  244  238  236  229  222  205  187  163
  140  118  108  100   97   92   96   76   76                                   
    45.0-180.0 180.0   5.0 450.0                            LAT/LON1/LON2/DLON/H
   87   90   77   70   67   63   62   60   58   60   58   58   54   53   51   49
   48   44   43   41   44   46   47   48   46   45   42   41   40   40   39   43
   48   61   77  103  127  152  170  187  202  217  230  243  261  273  285  294
  298  303  299  295  288  277  266  256  249  243  238  232  223  210  191  174
  149  132  119  111  107  101  102   86   87                                   
    42.5-180.0 180.0   5.0 450.0                            LAT/LON1/LON2/DLON/H
   94   96   86   81   78   73   72   68   69   69   69   67   63   59   57   54
   51   49   47   48   49   53   54   55   51   51   46   47   42   44   40   44
   48   65   84  113  142  167  189  206  221  234  243  257  269  283  292  296
  300  300  298  292  287  275  265  254  246  239  232  225  217  205  190  171
  154  133  123  113  109  104  107   92   94                                   
    40.0-180.0 180.0   5.0 450.0                            LAT/LON1/LON2/DLON/H
   97  100   86   81   79   79   77   79   76   81   79   80   75   72   68   65
   63   59   60   61   64   68   68   69   64   61   57   54   52   50   47   49
   55   71   95  128  157  186  208  226  239  249  260  268  282  292  299  302
  302  300  296  293  289  279  269  258  250  238  231  221  213  202  186  171
  152  137  124  114  107  102  101   91   97                                   
    37.5-180.0 180.0   5.0 450.0                            LAT/LON1/LON2/DLON/H
   94   96   89   85   82   81   84   85   89   89   92   89   86   81   77   74
   72   70   70   72   75   80   80   80   74   71   65   63   59   57   51   52
   57   75  102  135  169  197  222  239  252  264  272  281  296  302  308  305
  305  299  299  292  290  279  271  260  251  241  230  220  212  198  184  167
  153  134  123  109  100   91   94   86   94                                   
    35.0-180.0 180.0   5.0 450.0                            LAT/LON1/LON2/DLON/H
   92   94   80   77   76   84   83   91   92   96   97   98   96   92   88   86
   84   83   83   87   89   95   93   93   85   80   75   72   69   65   60   59
   66   85  112  149  180  210  234  253  268  278  288  297  312  317  321  317
  318  313  316  310  309  300  292  284  276  266  250  236  223  206  190  175
  161  145  129  111   97   86   86   80   92                                   
    32.5-180.0 180.0   5.0 450.0                            LAT/LON1/LON2/DLON/H
   90   87   77   73   75   76   82   85   92   94  100   98   99   95   92   90
   90   90   91   94   96  102  100   98   91   85   80   78   74   71   65   65
   72   91  120  154  188  217  244  264  279  292  306  316  333  336  344  338
  347  342  352  341  344  330  325  315  307  295  278  261  243  225  210  198
  187  169  152  127  107   87   89   73   90                                   
    30.0-180.0 180.0   5.0 450.0                            LAT/LON1/LON2/DLON/H
   99   91   76   72   73   78   76   85   87   95   99  100  101   96   96   94
   95   97   97  102  102  107  103  101   92   85   82   80   79   76   73   74
   83  106  131  167  194  227  252  277  294  310  328  341  361  365  376  375
  386  390  401  398  399  390  386  381  372  358  340  320  295  273  251  242
  231  216  194  169  139  113  103   82   99                                   
    27.5-180.0 180.0   5.0 450.0                            LAT/LON1/LON2/DLON/H
  121  109   95   80   84   76   75   75   78   82   88   90   94   91   93   91
   94   95   98  101  102  105  100   96   88   82   81   79   80   77   78   83
   93  117  144  175  202  231  259  286  308  329  349  367  386  395  407  416
  432  444  458  455  463  457  461  460  456  441  426  403  379  352  328  321
  314  301  271  231  197  160  143  101  121                                   
    25.0-180.0 180.0   5.0 450.0                            LAT/LON1/LON2/DLON/H
  169  154  128  112  108   93   83   77   74   76   81   88   94   90   93   88
   94   93   97   99  101  101   95   89   84   77   78   78   80   83   86   93
  107  137  161  195  214  245  267  301  327  354  380  397  419  432  444  458
  470  491  502  514  522  534  551  565  565  556  542  521  494  463  435  429
  411  407  371  343  288  241  194  154  169                                   
    22.5-180.0 180.0   5.0 450.0                            LAT/LON1/LON2/DLON/H
  233  212  186  162  153  122  107   86   77   71   75   77   83   84   84   80
   86   86   92   93   95   93   90   82   79   73   76   76   80   84   89  100
  117  149  177  207  230  256  284  317  348  380  408  427  450  465  481  493
  513  532  553  568  585  608  619  627  632  626  620  601  580  548  525  514
  501  494  462  418  369  334  289  234  233                                   
    20.0-180.0 180.0   5.0 450.0                            LAT/LON1/LON2/DLON/H
  305  287  248  229  211  179  154  121  105   86   83   84   86   82   83   78
   83   81   86   88   90   89   84   79   74   71   72   73   77   81   91  106
  126  164  191  226  246  277  302  343  377  411  441  459  484  502  517  535
  556  583  604  619  638  645  658  668  674  673  666  657  637  611  584  576
  562  557  527  504  451  403  366  327  305                                   
    17.5-180.0 180.0   5.0 450.0                            LAT/LON1/LON2/DLON/H
  384  373  323  307  274  243  209  169  145  118  107   97   98   88   84   75
   78   74   81   83   88   84   83   77   77   71   75   72   78   80   90  108
  134  172  206  236  264  291  324  362  398  435  462  487  513  534  555  573
  595  618  636  650  658  668  682  691  695  694  693  687  676  656  631  622
  610  606  579  547  510  476  432  407  384                                   
    15.0-180.0 180.0   5.0 450.0                            LAT/LON1/LON2/DLON/H
  423  435  378  375  340  324  277  243  207  175  150  132  119  104   91   83
   81   78   79   84   85   88   83   83   79   76   75   73   74   77   89  108
  138  180  214  254  279  311  340  379  418  455  485  512  542  565  586  601
  619  635  652  657  663  671  685  693  695  696  696  696  689  672  651  642
  633  628  607  578  549  522  481  459  423                                   
    12.5-180.0 180.0   5.0 450.0                            LAT/LON1/LON2/DLON/H
  451  455  429  428  400  383  337  304  262  231  206  182  162  133  119   98
   94   83   87   85   91   89   92   83   80   76   77   77   77   82   92  112
  144  184  222  258  289  319  353  391  425  467  495  528  560  584  600  615
  626  639  646  652  654  659  668  675  677  680  682  683  676  663  643  638
  630  628  613  588  563  541  513  483  451                                   
    10.0-180.0 180.0   5.0 450.0                            LAT/LON1/LON2/DLON/H
  452  452  429  441  423  429  373  363  313  291  253  230  196  169  143  123
  112  102  101  100   99   98   87   82   78   83   83   86   87   81   94  109
  147  186  226  265  295  327  358  392  429  464  497  528  563  583  600  610
  619  623  629  628  630  632  632  642  643  650  650  658  652  645  628  624
  619  620  610  589  567  543  513  482  452                                   
     7.5-180.0 180.0   5.0 450.0                            LAT/LON1/LON2/DLON/H
  412  430  417  431  415  424  386  381  344  328  291  266  238  206  183  157
  142  119  116  104  100   89   81   79   83   91   98  106   97   93   99  118
