data/unet/pred2060.15i
     1.0            IONOSPHERE MAPS     GNSS                IONEX VERSION / TYPE
pyspatialgeodesy        IME             05-JAN-18 20:20     PGM / RUN BY / DATE 
Map Name                                                    COMMENT             
Predicted global ionosphere maps (GIM).                     DESCRIPTION         
  2015     7    25     0     0     0                        EPOCH OF FIRST MAP  
  2015     7    26     0     0     0                        EPOCH OF LAST MAP   
  7200                                                      INTERVAL            
    13                                                      # OF MAPS IN FILE   
  NONE                                                      MAPPING FUNCTION    
10.0                                                        ELEVATION CUTOFF    
One-way carrier phase leveled to code                       OBSERVABLES USED    
  6371.0                                                    BASE RADIUS         
 2                                                          MAP DIMENSION       
   450.0 450.0   0.0                                        HGT1 / HGT2 / DHGT  
    87.5 -87.5  -2.5                                        LAT1 / LAT2 / DLAT  
  -180.0 180.0   5.0                                        LON1 / LON2 / DLON  
    -1                                                      EXPONENT            
                                                            END OF HEADER       
[from data line 1287]
     4                                                      START OF TEC MAP    
  2015     7    25     6     0     0                        EPOCH OF CURRENT MAP
    87.5-180.0 180.0   5.0 450.0                            LAT/LON1/LON2/DLON/H
  116  141  140  140  140  138  140  140  141  139  141  139  140  138  140  137
  140  137  139  137  140  138  139  137  139  136  137  135  137  135  135  134
  134  133  133  132  133  132  132  131  132  131  132  130  132  130  131  129
  131  129  131  128  131  128  130  126  129  126  129  126  129  127  130  127
  130  128  133  129  133  126  137  107  116                                   
    85.0-180.0 180.0   5.0 450.0                            LAT/LON1/LON2/DLON/H
  126  136  126  132  129  127  128  130  130  131  130  131  130  131  129  131
  130  130  129  129  129  129  128  127  128  126  126  124  124  123  122  121
  122  121  121  120  121  120  121  121  121  121  121  122  123  123  123  124
  124  125  124  125  124  125  124  125  124  124  124  124  123  123  123  123
  123  122  123  123  121  116  123  125  126                                   
    82.5-180.0 180.0   5.0 450.0                            LAT/LON1/LON2/DLON/H
  120  123  122  124  122  122  124  125  127  126  127  127  128  127  128  127
  128  128  127  127  126  126  124  124  123  123  121  121  120  120  118  118
  117  118  116  117  117  118  117  119  118  121  119  123  122  126  124  128
  127  130  128  131  129  131  128  131  127  129  126  129  125  127  123  125
  122  123  122  122  117  117  119  113  120                                   
    80.0-180.0 180.0   5.0 450.0                            LAT/LON1/LON2/DLON/H
  119  121  117  118  116  115  119  120  122  122  123  124  125  125  125  124
  125  124  123  121  120  118  117  115  114  112  112  110  110  108  108  107
  107  107  107  107  107  107  108  108  109  110  113  113  117  118  122  123
  127  126  131  129  133  129  133  129  131  127  129  125  126  122  123  119
  119  116  117  114  112  107  110  109  119                                   
    77.5-180.0 180.0   5.0 450.0                            LAT/LON1/LON2/DLON/H
  113  114  110  113  115  114  115  117  118  118  120  119  121  120  121  121
  120  120  118  117  114  113  109  108  103  103   99  100   97   99   97  100
   98  101  100  102  101  103  103  104  105  107  109  113  115  119  122  127
  130  134  135  138  139  139  138  138  136  134  133  130  128  125  123  121
  118  117  116  114  110  107  108  102  113                                   
    75.0-180.0 180.0   5.0 450.0                            LAT/LON1/LON2/DLON/H
  115  114  113  111  110  108  109  110  108  109  107  110  107  109  109  111
  110  111  109  109  106  104  100   98   94   93   90   90   89   90   90   93
   94   97   98   99   99   99  100  100  102  104  108  111  117  120  128  129
  135  134  140  138  141  139  141  137  137  134  135  131  130  126  126  122
  120  117  118  114  111  107  111  105  115                                   
    72.5-180.0 180.0   5.0 450.0                            LAT/LON1/LON2/DLON/H
  112  111  107  109  108  105  105  103  103  101  101  100  100  100  101  102
  102  103  102  101   98   96   93   90   86   84   82   81   81   83   85   88
   91   94   97   99  100  101  101  103  103  107  110  116  121  127  131  136
  138  140  140  141  140  140  139  138  136  134  134  131  131  128  129  124
  123  120  122  118  116  110  111  106  112                                   
    70.0-180.0 180.0   5.0 450.0                            LAT/LON1/LON2/DLON/H
  118  113  113  110  108  105  105  102   99   97   94   94   92   93   93   95
   95   96   95   95   91   89   84   81   77   74   73   73   74   78   81   86
   91   96  100  101  103  102  104  104  107  109  115  120  128  131  139  139
  144  139  144  137  140  133  135  129  131  127  131  127  130  126  129  125
  126  123  126  122  121  114  115  112  118                                   
    67.5-180.0 180.0   5.0 450.0                            LAT/LON1/LON2/DLON/H
  119  113  110  111  109  107  104  102   98   96   92   92   90   90   91   92
   92   93   92   92   89   85   82   77   74   69   69   69   72   75   81   86
   92   98  101  105  104  106  105  108  108  115  119  129  134  142  145  147
  147  144  141  137  133  128  125  121  121  120  122  122  125  125  128  127
  128  127  130  128  128  120  117  112  119                                   
    65.0-180.0 180.0   5.0 450.0                            LAT/LON1/LON2/DLON/H
  127  117  118  114  114  109  109  105  101   97   92   90   88   88   87   90
   89   90   88   87   83   79   74   70   65   61   60   62   65   71   77   86
   92   99  103  106  107  107  108  109  114  120  129  137  146  150  155  152
  153  143  143  132  130  120  120  114  116  112  118  117  123  122  128  127
  130  129  134  132  133  125  124  120  127                                   
    62.5-180.0 180.0   5.0 450.0                            LAT/LON1/LON2/DLON/H
  127  118  116  117  116  113  111  109  103   99   94   93   89   88   87   89
   87   88   86   83   80   75   71   65   62   58   58   58   64   69   76   84
   91   98  100  105  104  108  106  115  118  129  137  149  157  161  165  161
  159  150  143  133  127  118  114  111  110  111  113  116  118  120  124  125
  128  129  134  134  135  130  125  122  127                                   
    60.0-180.0 180.0   5.0 450.0                            LAT/LON1/LON2/DLON/H
  134  121  124  122  122  117  116  111  106  100   94   91   88   86   84   85
   83   83   79   76   71   67   61   56   52   50   50   52   57   65   71   81
   88   95   99  102  105  107  110  116  125  136  148  158  168  171  173  167
  163  150  144  133  128  118  115  111  112  112  115  115  119  118  123  122
  126  127  134  134  136  133  129  127  134                                   
    57.5-180.0 180.0   5.0 450.0                            LAT/LON1/LON2/DLON/H
  134  125  125  128  128  123  120  115  108  104   96   94   88   87   83   83
   80   78   75   71   68   62   59   52   51   47   50   50   57   63   71   78
   86   92   95  100  102  109  110  122  130  144  156  166  178  179  181  173
  168  157  151  140  134  126  123  120  119  120  119  121  120  120  120  120
  122  125  132  133  137  136  131  127  134                                   
    55.0-180.0 180.0   5.0 450.0                            LAT/LON1/LON2/DLON/H
  139  129  134  134  134  128  126  120  114  106   99   94   88   85   80   80
   75   73   67   64   58   56   51   49   47   47   48   51   56   63   70   76
   82   87   92   96  101  108  116  127  140  153  166  178  187  187  188  180
  175  163  158  147  145  137  135  131  130  128  128  126  126  123  123  121
  123  125  133  136  139  140  135  133  139                                   
    52.5-180.0 180.0   5.0 450.0                            LAT/LON1/LON2/DLON/H
  145  136  139  143  141  136  132  126  119  110  100   95   87   84   78   76
   73   68   65   59   57   51   50   46   48   46   50   50   56   61   67   72
   78   83   89   95  101  114  122  136  149  162  175  185  194  194  195  187
  184  175  170  163  159  154  150  147  144  141  139  135  132  127  125  122
  123  126  134  137  142  145  140  137  145                                   
    50.0-180.0 180.0   5.0 450.0                            LAT/LON1/LON2/DLON/H
  151  143  149  150  148  144  140  134  126  116  104   96   86   82   75   73
   69   66   61   58   54   53   51   52   53   53   56   57   63   65   71   73
   79   81   90   95  106  117  131  145  158  169  182  191  200  200  201  195
  194  187  183  178  176  167  163  157  154  149  147  142  138  133  130  128
  129  131  139  144  148  151  144  145  151                                   
    47.5-180.0 180.0   5.0 450.0                            LAT/LON1/LON2/DLON/H
  160  153  156  159  157  151  148  140  133  122  110  100   89   83   76   74
   70   68   66   61   60   57   58   57   60   58   61   61   65   67   71   73
   77   82   90   99  111  128  142  155  167  177  188  195  203  205  206  202
  203  197  195  192  190  183  177  171  166  160  156  151  146  141  137  135
  135  139  146  152  158  160  154  151  160                                   
    45.0-180.0 180.0   5.0 450.0                            LAT/LON1/LON2/DLON/H
  165  160  165  165  164  158  154  148  139  129  115  105   91   85   76   73
   70   69   67   66   64   65   66   68   69   71   70   71   72   74   75   77
   80   84   95  103  119  133  150  162  172  180  190  196  206  207  211  208
  210  204  203  198  197  188  184  174  170  163  161  156  152  149  146  145
  146  148  157  160  166  167  158  163  165                                   
    42.5-180.0 180.0   5.0 450.0                            LAT/LON1/LON2/DLON/H
  172  168  168  169  166  159  155  148  142  133  121  111   98   90   82   78
   76   76   75   74   75   75   78   79   81   80   79   78   78   78   80   80
   84   89   99  110  126  143  158  169  178  183  191  197  206  211  215  215
  217  212  210  205  204  196  190  182  177  172  169  163  160  157  154  154
  155  159  164  171  176  176  170  171  172                                   
    40.0-180.0 180.0   5.0 450.0                            LAT/LON1/LON2/DLON/H
  174  172  170  168  164  159  153  149  143  136  126  116  104   95   84   81
   78   79   79   80   80   84   86   90   91   92   88   88   86   86   85   86
   90   94  106  115  132  146  161  169  178  181  190  195  207  211  219  219
  223  216  214  208  207  199  195  186  184  179  177  172  169  166  164  165
  168  169  175  178  183  182  177  183  174                                   
    37.5-180.0 180.0   5.0 450.0                            LAT/LON1/LON2/DLON/H
  181  177  171  166  161  153  148  144  141  136  131  123  114  105   96   90
   87   87   88   88   90   92   96   99  100   99   96   93   91   90   91   92
   94   99  110  120  136  151  164  171  178  183  187  196  207  215  222  224
  229  224  222  216  215  208  205  199  197  194  192  187  182  178  176  178
  180  184  189  191  196  191  189  189  181                                   
    35.0-180.0 180.0   5.0 450.0                            LAT/LON1/LON2/DLON/H
  186  183  173  165  157  150  144  142  137  137  132  127  118  110   99   93
   87   88   88   91   92   97  101  106  106  106  101   99   96   96   96   97
   99  104  115  123  139  148  160  166  173  176  183  190  205  212  224  226
  234  229  230  225  225  217  216  212  213  210  210  204  200  195  193  195
  198  202  205  205  207  205  198  204  186                                   
    32.5-180.0 180.0   5.0 450.0                            LAT/LON1/LON2/DLON/H
  200  190  180  169  160  148  142  137  135  135  134  130  125  115  107   97
   93   90   91   93   97  101  107  110  111  109  105  102  100  100  102  103
  105  108  117  125  139  148  159  165  170  175  181  189  201  213  224  230
  238  238  240  238  241  236  234  232  234  234  232  227  221  215  212  214
  218  223  226  225  226  220  216  216  200                                   
    30.0-180.0 180.0   5.0 450.0                            LAT/LON1/LON2/DLON/H
  217  207  194  182  171  157  148  142  139  139  136  134  127  119  106   97
   89   87   87   93   97  105  109  115  114  113  107  105  103  103  103  104
  105  106  113  121  134  142  151  158  163  167  176  183  198  208  224  229
  241  240  248  247  256  254  255  255  258  257  257  249  243  234  231  233
  238  242  245  242  242  239  233  234  217                                   
    27.5-180.0 180.0   5.0 450.0                            LAT/LON1/LON2/DLON/H
  239  224  218  202  189  170  159  148  143  141  139  136  131  121  111   98
   92   87   90   94  102  109  116  119  119  116  110  107  105  105  106  105
  104  104  110  116  129  137  147  154  162  168  175  184  194  206  219  229
  240  245  254  259  272  272  276  278  282  284  283  277  267  259  253  256
  259  265  268  266  266  260  254  250  239                                   
    25.0-180.0 180.0   5.0 450.0                            LAT/LON1/LON2/DLON/H
  264  251  240  225  207  190  175  163  156  150  147  142  135  125  112   99
   90   86   89   96  104  114  120  124  122  119  112  108  106  104  103   98
   97   95   99  106  118  127  138  145  156  162  171  178  192  198  215  222
  238  241  254  261  277  281  288  293  300  302  303  296  288  279  274  273
  277  281  285  283  285  282  272  270  264                                   
    22.5-180.0 180.0   5.0 450.0                            LAT/LON1/LON2/DLON/H
  284  273  264  248  232  210  193  178  167  157  151  146  138  128  117  103
   95   89   94  100  111  119  126  128  125  121  112  107  103  100   95   89
   85   83   88   93  109  119  134  144  155  164  173  182  191  201  209  221
  232  242  254  266  282  289  298  304  313  318  318  313  305  299  293  293
  294  299  305  304  306  303  293  288  284                                   
    20.0-180.0 180.0   5.0 450.0                            LAT/LON1/LON2/DLON/H
  303  290  280  268  253  231  210  193  182  168  159  151  145  134  124  111
  102   96   99  107  117  126  131  134  129  123  113  106  101   94   87   78
   75   70   74   81   98  111  128  140  154  164  176  183  194  201  214  222
  237  246  259  271  285  294  301  310  320  325  327  322  319  312  311  308
  312  312  319  317  320  317  306  304  303                                   
    17.5-180.0 180.0   5.0 450.0                            LAT/LON1/LON2/DLON/H
  315  303  296  280  267  247  226  206  192  177  164  154  146  138  129  118
  111  106  109  114  124  130  134  134  129  121  110  101   92   84   76   67
   63   59   65   73   92  110  128  143  158  172  184  194  201  212  219  232
  241  255  266  280  293  301  310  318  329  337  338  338  333  330  329  327
  327  327  332  330  331  329  318  315  315                                   
    15.0-180.0 180.0   5.0 450.0                            LAT/LON1/LON2/DLON/H
  320  307  295  285  272  255  232  215  199  183  170  158  152  144  139  129
  123  118  120  124  130  135  136  136  128  120  107   96   85   75   65   58
   54   51   57   68   87  107  127  145  162  177  190  199  209  219  232  242
  255  266  277  289  300  311  316  326  338  345  350  346  347  346  348  343
  344  338  345  337  339  334  324  325  320                                   
    12.5-180.0 180.0   5.0 450.0                            LAT/LON1/LON2/DLON/H
  322  308  299  281  270  251  233  214  201  185  171  159  152  146  141  135
  130  126  126  127  131  132  133  130  122  112  100   85   77   64   58   51
   49   46   52   63   83  108  130  153  170  188  201  212  220  238  245  260
  269  281  291  302  313  320  328  338  350  360  363  364  363  365  366  362
  359  354  354  348  344  342  333  334  322                                   
    10.0-180.0 180.0   5.0 450.0                            LAT/LON1/LON2/DLON/H
  323  308  293  279  264  246  226  211  198  184  172  160  156  150  149  143
  140  134  133  130  131  130  126  125  114  107   91   80   68   61   55   50
   47   44   50   63   82  109  133  156  175  190  206  214  232  245  260  274
  287  300  311  323  332  342  348  360  372  379  381  379  379  378  379  373
  367  359  358  349  347  342  333  339  323                                   
     7.5-180.0 180.0   5.0 450.0                            LAT/LON1/LON2/DLON/H
  328  310  296  273  257  237  220  206  193  181  170  161  156  153  149  145
  141  135  131  126  124  120  118  113  107   95   84   70   65   56   56   48
