data/unet/pred2880.15i
     1.0            IONOSPHERE MAPS     GNSS                IONEX VERSION / TYPE
pyspatialgeodesy        IME             05-JAN-18 20:20     PGM / RUN BY / DATE 
Map Name                                                    COMMENT             
Predicted global ionosphere maps (GIM).                     DESCRIPTION         
  2015    10    15     0     0     0                        EPOCH OF FIRST MAP  
  2015    10    16     0     0     0                        EPOCH OF LAST MAP   
  7200                                                      INTERVAL            
    13                                                      # OF MAPS IN FILE   
  NONE                                                      MAPPING FUNCTION    
10.0                                                        ELEVATION CUTOFF    
One-way carrier phase leveled to code                       OBSERVABLES USED    
  6371.0                                                    BASE RADIUS         
 2                                                          MAP DIMENSION       
   450.0 450.0   0.0                                        HGT1 / HGT2 / DHGT  
    87.5 -87.5  -2.5                                        LAT1 / LAT2 / DLAT  
  -180.0 180.0   5.0                                        LON1 / LON2 / DLON  
    -1                                                      EXPONENT            
                                                            END OF HEADER       
[from data line 3432]
     9                                                      START OF TEC MAP    
  2015    10    15    16     0     0                        EPOCH OF CURRENT MAP
    87.5-180.0 180.0   5.0 450.0                            LAT/LON1/LON2/DLON/H
   73   89   88   91   91   91   92   93   93   95   95   96   97   98   98   99
   99  100  100  100  101  100  100   99   99   99   98   97   98   97   96   96
   95   95   94   94   93   93   92   91   90   90   89   88   88   87   86   86
   86   85   85   85   84   84   83   84   83   83   82   83   82   83   82   83
   82   83   83   84   85   84   85   95   73                                   
    85.0-180.0 180.0   5.0 450.0                            LAT/LON1/LON2/DLON/H
   57   71   62   67   68   72   72   76   76   79   79   82   83   86   86   89
   88   91   90   93   91   94   90   93   89   91   87   89   85   86   83   83
   81   81   79   79   77   77   75   74   73   73   71   70   70   69   68   67
   66   66   65   65   64   64   62   63   61   62   59   60   59   60   57   59
   57   60   58   60   58   59   60   58   57                                   
    82.5-180.0 180.0   5.0 450.0                            LAT/LON1/LON2/DLON/H
   49   48   47   50   51   54   56   60   62   65   68   70   74   76   79   81
   84   85   87   88   89   90   89   89   88   87   85   83   81   80   77   75
   74   72   70   68   67   65   63   62   60   59   57   56   56   55   54   53
   53   52   53   52   52   51   51   49   49   48   47   46   46   45   44   44
   43   43   42   42   41   36   48   38   49                                   
    80.0-180.0 180.0   5.0 450.0                            LAT/LON1/LON2/DLON/H
   40   41   39   42   42   47   48   53   55   60   62   67   68   73   74   80
   81   85   86   90   90   92   90   92   89   89   85   84   80   79   74   73
   69   69   64   64   61   61   57   57   53   54   50   50   48   48   46   47
   46   47   46   47   47   47   46   46   45   44   43   42   42   40   39   39
   38   38   37   36   34   34   39   31   40                                   
    77.5-180.0 180.0   5.0 450.0                            LAT/LON1/LON2/DLON/H
   33   33   34   33   36   38   44   45   50   52   56   59   63   66   71   74
   77   80   84   85   87   88   89   89   89   87   85   81   78   74   72   68
   65   63   61   59   58   56   55   52   52   48   49   45   47   43   46   42
   47   44   48   46   49   47   49   46   47   44   45   41   42   38   40   36
   38   34   36   32   33   26   31   26   33                                   
    75.0-180.0 180.0   5.0 450.0                            LAT/LON1/LON2/DLON/H
   31   30   32   32   36   38   43   43   47   47   53   54   60   61   67   69
   74   76   82   84   87   89   91   90   89   88   84   81   76   72   68   65
   62   61   58   58   55   56   52   51   48   47   44   43   41   41   41   41
   42   43   45   47   46   49   47   48   45   45   43   42   40   39   39   37
   37   36   37   34   35   33   37   30   31                                   
    72.5-180.0 180.0   5.0 450.0                            LAT/LON1/LON2/DLON/H
   31   32   35   31   33   35   40   41   46   47   52   53   58   60   65   66
   72   74   80   82   87   88   91   91   92   90   88   83   78   73   68   65
   62   60   59   58   57   56   54   52   50   46   45   40   40   37   39   37
   41   40   46   45   48   47   49   47   47   44   44   41   41   39   39   38
   39   38   39   36   36   33   35   30   31                                   
    70.0-180.0 180.0   5.0 450.0                            LAT/LON1/LON2/DLON/H
   31   30   34   32   35   36   41   41   46   45   50   51   56   56   61   63
   68   71   79   83   91   93   97   98   98   97   92   89   81   76   69   66
   62   61   59   61   59   60   56   56   50   48   42   40   36   36   34   36
   36   39   41   45   46   48   47   47   45   43   41   39   38   37   37   37
   39   39   41   39   40   39   41   34   31                                   
    67.5-180.0 180.0   5.0 450.0                            LAT/LON1/LON2/DLON/H
   32   33   35   30   31   34   39   40   45   46   51   53   58   58   63   64
   69   73   83   87   96   98  105  105  107  104  103   97   91   83   76   71
   67   65   64   65   64   64   62   59   54   48   45   39   36   32   33   32
   36   36   43   43   47   45   48   45   45   40   40   37   37   35   36   38
   38   40   41   40   41   36   37   33   32                                   
    65.0-180.0 180.0   5.0 450.0                            LAT/LON1/LON2/DLON/H
   28   27   32   28   31   32   39   39   45   46   53   54   59   59   63   64
   70   76   87   94  105  107  116  115  118  115  112  106  100   93   84   79
   72   70   68   69   68   69   65   64   55   52   44   41   35   34   32   33
   34   37   39   41   43   44   44   42   41   37   36   33   33   32   33   34
   37   38   41   38   40   38   38   32   28                                   
    62.5-180.0 180.0   5.0 450.0                            LAT/LON1/LON2/DLON/H
   24   26   27   24   24   27   32   34   41   45   52   56   61   62   65   68
   74   80   93  101  113  116  125  123  127  121  121  115  111  103   96   88
   82   78   75   75   74   73   69   66   59   53   46   41   37   32   32   30
   33   32   36   36   39   38   39   37   38   33   32   29   29   28   29   30
   32   34   36   35   35   31   30   25   24                                   
    60.0-180.0 180.0   5.0 450.0                            LAT/LON1/LON2/DLON/H
   17   18   22   19   24   24   32   32   40   43   52   57   62   63   66   69
   77   85   99  109  123  127  135  133  137  130  130  124  120  113  105   98
   90   85   80   81   77   77   73   70   62   58   49   45   40   37   35   33
   33   32   33   33   35   34   36   34   35   31   31   28   29   27   29   27
   32   31   35   31   34   31   31   22   17                                   
    57.5-180.0 180.0   5.0 450.0                            LAT/LON1/LON2/DLON/H
   17   19   20   18   18   21   26   29   36   42   52   58   65   66   69   73
   80   89  105  118  131  134  142  139  140  133  135  129  128  121  116  109
  101   95   89   88   84   82   78   74   68   61   55   50   45   41   38   36
   34   31   32   30   32   31   34   33   34   31   31   29   28   27   28   28
   30   30   32   30   30   26   26   15   17                                   
    55.0-180.0 180.0   5.0 450.0                            LAT/LON1/LON2/DLON/H
   19   18   24   19   23   23   29   28   37   43   53   60   66   68   72   75
   84   95  113  124  139  141  149  146  147  139  141  136  136  130  127  119
  111  104   97   95   91   89   84   80   74   69   64   60   55   51   47   43
   39   36   33   32   33   34   36   35   38   35   36   33   35   32   34   32
   36   34   37   32   34   31   32   20   19                                   
    52.5-180.0 180.0   5.0 450.0                            LAT/LON1/LON2/DLON/H
   27   28   29   27   25   27   30   32   40   45   55   62   70   71   75   79
   89  101  119  132  146  147  153  148  149  141  142  138  140  137  136  130
  124  116  109  106  101   98   94   90   85   79   75   71   67   62   58   53
   48   42   39   37   38   38   41   42   44   43   43   43   42   41   40   40
   41   40   41   39   37   34   35   22   27                                   
    50.0-180.0 180.0   5.0 450.0                            LAT/LON1/LON2/DLON/H
   43   36   40   35   39   37   42   39   48   50   60   67   74   75   80   83
   96  107  126  136  150  150  155  150  152  145  147  144  147  144  144  139
  133  126  119  116  111  109  106  103   98   94   89   86   82   78   72   66
   58   52   47   46   47   48   51   52   55   54   56   54   56   53   53   52
   52   51   52   48   48   46   48   36   43                                   
    47.5-180.0 180.0   5.0 450.0                            LAT/LON1/LON2/DLON/H
   54   50   49   49   48   49   51   52   57   60   68   74   81   82   86   91
  103  115  132  144  156  155  159  155  156  148  149  147  149  148  149  146
  142  136  130  127  124  122  119  117  113  108  104  101   97   93   87   80
   72   64   60   59   60   62   63   66   66   67   66   68   65   66   62   64
   61   61   59   59   55   53   56   45   54                                   
    45.0-180.0 180.0   5.0 450.0                            LAT/LON1/LON2/DLON/H
   62   59   60   55   61   60   67   63   70   70   78   83   89   90   96  102
  115  126  141  150  160  160  162  159  159  155  155  153  154  152  152  149
  146  141  138  136  136  135  134  131  128  123  118  114  110  105   98   90
   82   76   73   72   74   76   78   78   79   79   80   79   79   79   78   76
   75   74   72   67   66   64   68   60   62                                   
    42.5-180.0 180.0   5.0 450.0                            LAT/LON1/LON2/DLON/H
   63   64   61   63   65   66   72   74   81   83   91   96  101  103  108  115
  127  137  150  158  166  167  169  169  168  164  164  160  159  156  154  152
  149  146  145  146  147  148  148  145  140  133  127  123  118  112  106   99
   92   87   85   86   87   89   88   89   87   87   84   86   84   86   83   86
   81   82   76   76   69   67   71   65   63                                   
    40.0-180.0 180.0   5.0 450.0                            LAT/LON1/LON2/DLON/H
   68   67   66   61   69   70   82   82   95   95  106  109  116  117  126  132
  144  152  161  167  172  173  176  178  179  176  175  169  165  159  157  155
  154  153  154  156  161  163  163  160  154  144  136  130  124  116  110  102
   97   93   93   94   96   97   97   96   94   93   92   91   92   92   92   92
   91   89   85   80   75   71   75   70   68                                   
    37.5-180.0 180.0   5.0 450.0                            LAT/LON1/LON2/DLON/H
   65   63   57   63   63   68   80   86  101  107  119  124  132  135  143  150
  159  165  171  177  180  182  185  190  191  189  187  180  174  167  163  163
  163  164  167  171  176  178  178  173  166  152  142  133  125  117  110  104
  100   97   96   98   99  100   98   98   95   94   91   93   91   93   91   93
   89   89   82   82   72   69   72   64   65                                   
    35.0-180.0 180.0   5.0 450.0                            LAT/LON1/LON2/DLON/H
   65   61   58   54   62   66   81   87  109  115  132  136  147  150  160  166
  173  178  182  185  189  192  197  201  203  202  201  192  186  178  176  176
  179  182  187  191  196  196  195  188  179  163  149  137  129  120  113  106
  102   99   97   97   98   99   99   99   99   98   96   95   96   96   95   94
   92   89   84   79   73   69   71   62   65                                   
    32.5-180.0 180.0   5.0 450.0                            LAT/LON1/LON2/DLON/H
   56   51   47   52   53   62   74   89  110  121  140  147  160  164  174  180
  185  190  192  198  200  203  206  211  214  215  215  209  202  198  197  200
  205  209  215  218  221  218  214  202  191  172  156  143  133  122  116  108
  104  100   98   97   97  100  100  103  102  102   99   99   98   96   93   93
   88   85   77   75   67   66   67   55   56                                   
    30.0-180.0 180.0   5.0 450.0                            LAT/LON1/LON2/DLON/H
   60   55   51   49   52   60   72   89  112  122  144  152  167  173  183  189
  194  198  203  208  212  214  217  219  223  225  227  225  223  224  228  235
  240  247  251  253  251  246  237  222  207  190  174  160  148  139  131  122
  115  107  102   99   99  102  107  111  115  114  115  112  110  106  101   98
   94   87   81   76   72   69   71   55   60                                   
    27.5-180.0 180.0   5.0 450.0                            LAT/LON1/LON2/DLON/H
   52   49   53   52   53   58   69   91  108  130  146  160  174  186  193  202
  205  211  214  220  223  224  225  227  231  236  242  246  251  259  269  277
  285  290  294  292  287  275  263  243  227  209  196  183  170  159  150  139
  130  119  113  105  106  108  115  121  126  129  127  126  122  117  109  107
  100   93   84   82   74   75   75   61   52                                   
    25.0-180.0 180.0   5.0 450.0                            LAT/LON1/LON2/DLON/H
   63   64   59   56   56   63   72   94  113  133  149  163  178  191  201  210
  215  222  228  232  237  235  238  234  238  245  256  269  282  299  312  321
  326  329  329  328  320  308  289  270  253  237  225  212  201  187  178  165
  156  144  135  126  124  127  135  141  147  150  149  144  139  133  126  121
  115  107   98   92   88   84   86   71   63                                   
    22.5-180.0 180.0   5.0 450.0                            LAT/LON1/LON2/DLON/H
   72   69   71   66   63   65   81  101  114  139  151  173  186  203  212  223
  228  237  241  245  249  247  248  248  254  265  280  300  321  341  357  364
  369  368  368  364  355  339  320  298  283  270  259  248  234  222  208  196
  184  173  163  152  151  152  160  165  170  171  167  163  156  150  141  136
  130  126  115  108  100  100   96   85   72                                   
    20.0-180.0 180.0   5.0 450.0                            LAT/LON1/LON2/DLON/H
   82   82   77   73   63   70   77  100  115  141  154  175  192  209  221  234
  241  253  258  264  266  266  265  264  270  283  304  330  355  380  396  405
  405  406  400  396  385  372  349  329  314  304  292  282  266  255  242  230
  220  211  198  182  180  186  192  195  194  193  187  183  174  165  157  150
  144  139  133  120  112  104  100   91   82                                   
    17.5-180.0 180.0   5.0 450.0                            LAT/LON1/LON2/DLON/H
   91   84   84   80   78   78   87  106  124  151  161  188  202  224  234  250
  260  270  278  281  287  286  284  285  295  312  340  367  397  422  445  447
  451  443  437  428  418  405  387  367  352  343  330  320  303  294  282  277
  266  248  233  216  218  222  227  224  219  211  203  197  189  180  169  162
  153  151  142  133  119  117  104   94   91                                   
    15.0-180.0 180.0   5.0 450.0                            LAT/LON1/LON2/DLON/H
   90   86   84   84   84   86   99  116  130  154  174  196  218  239  254  271
  283  295  302  312  312  315  308  311  322  347  374  408  439  466  483  487
  485  478  467  459  451  441  429  412  396  381  367  351  331  322  313  313
  307  292  281  269  272  268  259  250  240  228  215  207  200  192  180  170
  163  158  151  136  122  111  103   91   90                                   
    12.5-180.0 180.0   5.0 450.0                            LAT/LON1/LON2/DLON/H
   92   81   80   82   85   90  107  124  144  170  185  215  233  260  275  294
  309  317  326  331  335  334  333  339  361  389  425  457  489  507  519  519
  512  506  492  488  476  472  465  453  438  424  405  384  360  347  339  339
  335  327  319  315  305  297  283  272  256  242  223  213  205  197  186  176
  167  162  152  141  123  118  101   82   92                                   
    10.0-180.0 180.0   5.0 450.0                            LAT/LON1/LON2/DLON/H
   82   83   78   82   91  102  120  141  163  185  208  229  254  279  299  322
  334  346  348  352  349  351  351  368  394  428  462  491  519  530  537  532
  521  520  507  509  500  502  496  489  472  456  431  404  374  360  349  351
  347  343  335  328  317  308  293  280  262  245  226  213  205  198  186  175
  168  162  154  140  125  111  101   76   82                                   
     7.5-180.0 180.0   5.0 450.0                            LAT/LON1/LON2/DLON/H
   83   78   70   71   84   95  121  143  170  196  216  244  267  295  317  344
  355  367  369  372  371  370  376  397  431  465  501  525  545  548  550  544
