data/unet/pred3440.15i
     1.0            IONOSPHERE MAPS     GNSS                IONEX VERSION / TYPE
pyspatialgeodesy        IME             05-JAN-18 20:20     PGM / RUN BY / DATE 
Map Name                                                    COMMENT             
Predicted global ionosphere maps (GIM).                     DESCRIPTION         
  2015    12    10     0     0     0                        EPOCH OF FIRST MAP  
  2015    12    11     0     0     0                        EPOCH OF LAST MAP   
  7200                                                      INTERVAL            
    13                                                      # OF MAPS IN FILE   
  NONE                                                      MAPPING FUNCTION    
10.0                                                        ELEVATION CUTOFF    
One-way carrier phase leveled to code                       OBSERVABLES USED    
  6371.0                                                    BASE RADIUS         
 2                                                          MAP DIMENSION       
   450.0 450.0   0.0                                        HGT1 / HGT2 / DHGT  
    87.5 -87.5  -2.5                                        LAT1 / LAT2 / DLAT  
  -180.0 180.0   5.0                                        LON1 / LON2 / DLON  
    -1                                                      EXPONENT            
                                                            END OF HEADER       
[from data line 3861]
    10                                                      START OF TEC MAP    
  2015    12    10    18     0     0                        EPOCH OF CURRENT MAP
    87.5-180.0 180.0   5.0 450.0                            LAT/LON1/LON2/DLON/H
  107   72   70   74   73   72   73   73   74   74   75   75   75   76   76   77
   76   77   76   76   75   76   75   74   73   73   72   71   71   70   70   69
   69   68   68   67   67   66   66   65   65   64   64   63   63   62   62   61
   61   61   60   61   60   60   60   61   61   61   61   62   62   63   63   63
   64   64   65   66   70   67   74   90  107                                   
    85.0-180.0 180.0   5.0 450.0                            LAT/LON1/LON2/DLON/H
   59   57   57   64   64   66   65   68   67   70   68   71   69   72   69   72
   69   72   68   71   67   70   66   67   64   65   61   63   59   61   58   60
   57   59   56   59   56   58   54   57   53   56   52   54   51   53   49   51
   48   50   47   49   47   49   47   49   47   50   48   50   49   52   50   52
   51   54   53   55   57   56   67   73   59                                   
    82.5-180.0 180.0   5.0 450.0                            LAT/LON1/LON2/DLON/H
   52   51   52   57   57   61   59   64   64   69   67   71   70   74   71   74
   71   74   70   71   67   68   63   64   58   60   54   56   51   53   49   52
   48   52   48   52   49   52   48   52   48   52   47   50   46   49   44   47
   43   46   42   45   42   45   42   45   42   46   43   47   44   48   45   48
   45   49   46   49   48   46   50   44   52                                   
    80.0-180.0 180.0   5.0 450.0                            LAT/LON1/LON2/DLON/H
   45   46   45   51   51   56   56   61   62   67   67   71   72   75   75   77
   76   77   75   74   71   70   64   63   57   57   51   51   46   48   44   47
   43   47   44   48   46   49   47   49   47   49   45   46   44   45   42   42
   41   42   40   41   40   42   42   42   43   44   45   45   45   46   46   46
   45   46   44   45   44   38   45   37   45                                   
    77.5-180.0 180.0   5.0 450.0                            LAT/LON1/LON2/DLON/H
   37   38   39   42   44   47   50   53   57   60   65   67   70   73   75   76
   77   77   76   74   72   69   65   60   55   50   46   42   39   38   37   37
   37   38   40   41   43   44   45   44   45   43   43   40   41   38   39   37
   38   36   38   37   38   38   40   40   42   42   43   43   44   43   44   42
   42   41   40   39   39   34   36   28   37                                   
    75.0-180.0 180.0   5.0 450.0                            LAT/LON1/LON2/DLON/H
   35   34   33   38   38   45   45   51   53   59   62   67   69   74   76   79
   80   82   81   79   76   73   68   63   56   50   46   40   36   34   34   32
   34   35   38   39   42   43   44   44   43   43   41   39   37   37   36   36
   35   37   37   38   39   41   42   43   44   46   46   46   47   46   46   44
   43   42   40   38   38   31   38   31   35                                   
    72.5-180.0 180.0   5.0 450.0                            LAT/LON1/LON2/DLON/H
   36   35   34   37   40   42   45   48   52   56   60   65   69   73   77   80
   82   84   86   84   83   79   75   68   62   53   48   40   37   32   33   30
   32   33   37   38   42   42   45   43   44   40   41   37   37   34   37   34
   37   36   40   39   43   43   47   46   49   49   51   49   51   48   49   45
   45   41   42   37   38   32   37   28   36                                   
    70.0-180.0 180.0   5.0 450.0                            LAT/LON1/LON2/DLON/H
   38   35   35   38   39   43   43   48   50   56   58   65   69   75   79   84
   87   91   93   94   93   90   85   79   70   62   55   48   41   37   34   32
   33   33   36   37   40   40   41   40   39   37   35   34   32   33   33   35
   36   40   40   44   45   48   49   50   52   53   53   53   53   52   51   48
   46   44   43   40   39   31   41   35   38                                   
    67.5-180.0 180.0   5.0 450.0                            LAT/LON1/LON2/DLON/H
   40   38   37   40   41   43   44   48   50   55   58   64   69   75   80   86
   91   97  101  105  106  102   98   90   83   72   65   56   50   43   40   36
   35   34   37   37   38   37   39   36   35   33   32   30   29   30   31   32
   35   37   41   42   47   46   51   49   53   51   54   51   53   49   50   46
   46   43   44   40   41   36   42   35   40                                   
    65.0-180.0 180.0   5.0 450.0                            LAT/LON1/LON2/DLON/H
   43   41   39   43   42   44   44   49   50   57   60   67   72   80   85   91
   98  104  110  115  116  114  108  103   93   84   74   67   58   52   46   42
   37   37   36   35   34   34   32   32   29   28   26   27   26   30   29   34
   33   38   38   42   43   46   47   48   49   50   50   50   49   49   48   46
   45   44   43   42   41   35   46   42   43                                   
    62.5-180.0 180.0   5.0 450.0                            LAT/LON1/LON2/DLON/H
   42   42   42   46   44   46   46   50   53   60   64   72   76   84   89   97
  104  113  120  126  128  124  120  111  104   93   86   76   68   59   55   47
   44   38   38   34   32   29   29   27   25   23   23   23   24   26   28   30
   32   33   34   35   38   38   42   41   45   43   46   43   45   43   44   42
   43   41   43   42   43   38   47   40   42                                   
    60.0-180.0 180.0   5.0 450.0                            LAT/LON1/LON2/DLON/H
   45   47   44   48   46   48   49   54   58   66   72   80   85   92   98  106
  113  120  129  133  134  130  125  117  108  100   90   83   74   68   60   55
   47   42   37   34   29   27   24   24   20   22   20   24   23   28   28   31
   30   32   30   32   31   33   34   36   37   40   40   40   40   40   40   40
   41   42   43   44   44   38   49   43   45                                   
    57.5-180.0 180.0   5.0 450.0                            LAT/LON1/LON2/DLON/H
   45   48   48   50   49   52   54   60   66   76   83   91   96  102  108  116
  123  131  138  142  141  136  130  121  113  104   98   90   83   76   71   63
   55   46   42   35   31   27   24   23   22   22   23   25   26   28   30   30
   30   27   28   25   28   26   31   31   36   35   38   36   38   36   39   39
   42   42   46   45   46   41   51   38   45                                   
    55.0-180.0 180.0   5.0 450.0                            LAT/LON1/LON2/DLON/H
   50   53   51   55   54   58   61   70   77   88   96  104  109  115  120  126
  134  140  147  148  146  139  131  122  113  107  100   96   88   84   77   71
   62   54   46   40   34   31   27   28   27   29   30   32   33   35   35   35
   32   30   28   26   26   26   29   32   35   38   38   38   38   38   40   41
   45   48   51   52   51   45   55   43   50                                   
    52.5-180.0 180.0   5.0 450.0                            LAT/LON1/LON2/DLON/H
   53   56   55   59   60   66   71   81   90  101  110  118  123  128  133  140
  147  153  157  157  151  143  134  125  118  111  109  104   99   92   88   81
   73   63   55   47   42   38   37   36   37   38   40   41   42   41   41   39
   38   33   33   29   31   30   35   36   42   42   45   41   42   40   44   45
   51   53   58   57   57   51   59   42   53                                   
    50.0-180.0 180.0   5.0 450.0                            LAT/LON1/LON2/DLON/H
   59   61   60   67   70   76   84   94  104  115  124  131  136  140  147  151
  159  161  166  162  157  145  137  127  123  119  117  114  109  103   97   90
   81   72   63   57   51   48   47   48   49   51   52   52   52   52   51   48
   44   42   38   37   36   39   41   47   49   52   51   50   48   48   50   54
   58   62   66   66   64   57   63   51   59                                   
    47.5-180.0 180.0   5.0 450.0                            LAT/LON1/LON2/DLON/H
   63   64   65   74   79   88   96  109  119  130  139  145  150  153  158  163
  169  172  173  169  160  150  140  135  130  128  129  125  120  112  106   98
   89   80   72   66   61   59   59   60   62   64   65   65   64   62   60   58
   56   53   52   49   50   51   55   58   63   61   63   58   57   54   58   60
   65   67   72   70   69   62   65   51   63                                   
    45.0-180.0 180.0   5.0 450.0                            LAT/LON1/LON2/DLON/H
   67   68   70   82   89  101  111  124  134  145  152  156  161  163  169  171
  180  178  182  174  168  155  149  143  141  142  140  137  129  121  112  103
   94   87   79   75   71   70   70   73   74   75   74   74   73   72   70   69
   67   67   64   63   62   64   65   68   69   70   67   64   61   61   62   66
   71   74   77   75   73   65   68   60   67                                   
    42.5-180.0 180.0   5.0 450.0                            LAT/LON1/LON2/DLON/H
   65   68   74   88   99  112  125  137  148  157  164  167  171  172  178  182
  187  188  186  182  172  165  157  155  154  153  151  145  136  124  114  105
   96   89   83   80   78   78   80   82   83   83   82   81   79   78   78   76
   77   75   76   73   73   72   74   74   76   73   72   66   65   63   66   67
   72   73   76   73   73   65   68   58   65                                   
    40.0-180.0 180.0   5.0 450.0                            LAT/LON1/LON2/DLON/H
   66   70   77   95  105  122  135  150  160  169  174  177  181  181  188  189
  194  193  193  187  182  174  170  168  167  165  159  152  139  127  114  107
   98   94   89   88   86   88   89   91   90   89   86   85   82   82   81   81
   80   81   79   80   76   75   73   74   73   72   68   66   63   64   65   69
   72   74   74   72   69   63   66   59   66                                   
    37.5-180.0 180.0   5.0 450.0                            LAT/LON1/LON2/DLON/H
   61   68   78   95  110  125  142  156  169  177  183  186  189  190  195  198
  199  199  196  196  190  187  182  180  176  172  166  155  142  128  117  111
  104  101   97   97   95   97   97   98   96   94   91   89   86   84   83   83
   82   81   80   77   75   71   71   69   70   67   66   63   63   62   66   66
   69   67   68   65   65   59   63   54   61                                   
    35.0-180.0 180.0   5.0 450.0                            LAT/LON1/LON2/DLON/H
   59   69   76   96  109  127  144  162  175  186  192  197  200  202  205  206
  207  205  204  203  200  196  193  189  183  178  169  159  145  134  125  122
  118  117  116  114  113  112  111  109  105  102   97   94   91   88   85   83
   80   79   75   73   68   65   63   62   62   62   61   61   61   64   65   68
   68   67   65   63   60   56   59   50   59                                   
    32.5-180.0 180.0   5.0 450.0                            LAT/LON1/LON2/DLON/H
   52   65   74   91  109  124  145  162  179  190  200  204  210  212  215  216
  213  212  210  211  208  205  200  194  187  180  172  165  155  147  144  145
  144  144  142  139  135  132  127  122  116  111  107  103   99   94   89   84
   80   77   72   69   64   61   59   59   61   61   63   63   65   66   69   69
   68   66   63   60   59   54   59   44   52                                   
    30.0-180.0 180.0   5.0 450.0                            LAT/LON1/LON2/DLON/H
   54   69   76   92  109  124  145  161  182  195  208  213  220  224  226  226
  221  218  215  215  213  210  204  197  189  184  179  176  172  172  176  181
  184  182  179  170  165  157  151  143  136  128  123  118  112  105   98   91
   85   80   74   70   65   63   63   65   66   68   69   71   72   73   74   75
   73   72   67   64   60   56   58   44   54                                   
    27.5-180.0 180.0   5.0 450.0                            LAT/LON1/LON2/DLON/H
   49   69   80   95  111  127  147  164  186  201  215  222  229  231  235  232
  226  220  218  217  215  211  204  198  192  191  192  196  200  209  221  230
  234  231  223  210  199  185  175  164  155  147  141  135  128  119  111  102
   95   89   83   77   74   73   75   78   82   82   84   83   83   82   81   81
   77   75   71   67   66   59   62   43   49                                   
    25.0-180.0 180.0   5.0 450.0                            LAT/LON1/LON2/DLON/H
   52   73   84  105  119  137  154  172  195  207  224  229  238  238  240  236
  229  222  218  215  216  210  206  202  202  206  215  228  245  261  278  286
  288  281  269  248  231  211  199  185  178  170  166  158  151  139  131  120
  113  105   99   93   91   92   94   98   99  100   98   97   95   93   89   88
   84   83   78   76   70   67   64   53   52                                   
    22.5-180.0 180.0   5.0 450.0                            LAT/LON1/LON2/DLON/H
   52   72   90  108  126  140  160  180  203  220  231  239  244  245  244  239
  231  223  217  214  213  210  206  208  213  228  247  271  293  314  329  334
  331  320  305  281  257  232  216  202  193  187  182  176  168  156  147  137
  131  125  121  115  114  115  118  121  122  119  115  111  108  104   97   94
   88   85   83   77   77   70   70   58   52                                   
    20.0-180.0 180.0   5.0 450.0                            LAT/LON1/LON2/DLON/H
   62   82   95  120  132  154  167  197  215  237  246  254  257  254  251  242
  235  225  220  213  213  208  212  219  236  259  290  317  343  362  373  374
  364  347  328  301  275  245  228  211  205  199  198  191  183  171  164  155
  152  145  143  137  138  137  141  142  141  135  129  124  119  113  105  100
   93   91   86   84   76   76   71   64   62                                   
    17.5-180.0 180.0   5.0 450.0                            LAT/LON1/LON2/DLON/H
   66   84  105  127  144  164  181  207  227  250  260  271  268  269  261  255
  243  232  221  215  212  213  220  237  263  298  332  365  391  406  411  407
  394  370  344  314  284  255  235  220  209  205  201  193  184  174  168  164
  163  163  159  156  154  155  157  157  154  146  138  131  124  119  108  103
   93   89   86   81   80   75   72   68   66                                   
    15.0-180.0 180.0   5.0 450.0                            LAT/LON1/LON2/DLON/H
   72   93  110  140  160  184  199  225  241  266  273  287  283  288  281  271
  258  244  233  221  221  223  239  264  302  343  380  407  427  435  434  425
  406  380  350  318  288  260  240  224  215  210  204  195  185  177  171  170
  172  171  172  169  168  166  168  166  164  154  145  135  128  121  110  103
   94   90   84   82   75   75   74   69   72                                   
    12.5-180.0 180.0   5.0 450.0                            LAT/LON1/LON2/DLON/H
   67   93  121  154  178  200  218  240  258  281  291  302  303  306  302  295
  280  264  247  237  233  243  263  300  343  389  418  442  453  455  450  433
  410  381  350  318  290  264  244  229  218  212  202  191  178  170  167  170
  173  180  179  180  175  174  171  171  164  155  142  135  124  121  107  101
   87   84   79   77   72   70   68   71   67                                   
    10.0-180.0 180.0   5.0 450.0                            LAT/LON1/LON2/DLON/H
   72  108  135  172  202  224  244  265  283  310  318  329  329  332  327  320
  306  290  275  263  261  273  303  345  391  429  453  464  468  463  450  432
  406  380  350  323  296  273  254  242  232  221  207  192  178  170  167  172
  178  182  183  180  177  173  172  169  163  154  143  134  126  119  107   97
   85   80   76   72   71   70   73   69   72                                   
     7.5-180.0 180.0   5.0 450.0                            LAT/LON1/LON2/DLON/H
   70  113  147  183  216  238  259  278  303  324  341  350  355  354  353  344
  341  325  308  297  293  310  339  386  427  462  473  479  474  464  448  426
