data/unet/pred1370.15i
     1.0            IONOSPHERE MAPS     GNSS                IONEX VERSION / TYPE
pyspatialgeodesy        IME             05-JAN-18 20:20     PGM / RUN BY / DATE 
Map Name                                                    COMMENT             
Predicted global ionosphere maps (GIM).                     DESCRIPTION         
  2015     5    17     0     0     0                        EPOCH OF FIRST MAP  
  2015     5    18     0     0     0                        EPOCH OF LAST MAP   
  7200                                                      INTERVAL            
    13                                                      # OF MAPS IN FILE   
  NONE                                                      MAPPING FUNCTION    
10.0                                                        ELEVATION CUTOFF    
One-way carrier phase leveled to code                       OBSERVABLES USED    
  6371.0                                                    BASE RADIUS         
 2                                                          MAP DIMENSION       
   450.0 450.0   0.0                                        HGT1 / HGT2 / DHGT  
    87.5 -87.5  -2.5                                        LAT1 / LAT2 / DLAT  
  -180.0 180.0   5.0                                        LON1 / LON2 / DLON  
    -1                                                      EXPONENT            
                                                            END OF HEADER       
     1                                                      START OF TEC MAP    
  2015     5    17     0     0     0                        EPOCH OF CURRENT MAP
    87.5-180.0 180.0   5.0 450.0                            LAT/LON1/LON2/DLON/H
  230  222  231  234  233  232  231  229  227  226  225  223  222  221  221  219
  218  216  216  213  212  210  210  206  206  203  203  199  199  195  195  191
  191  189  189  187  187  186  186  186  187  188  189  190  192  193  196  197
  199  200  203  203  205  206  209  210  212  213  214  215  218  218  219  220
  222  222  221  221  224  223  219  226  230                                   
    85.0-180.0 180.0   5.0 450.0                            LAT/LON1/LON2/DLON/H
  230  228  234  235  234  234  233  232  231  231  229  229  228  227  227  225
  224  223  222  219  218  215  214  210  209  205  204  200  198  195  193  190
  189  187  187  185  185  185  185  186  187  189  190  193  194  197  199  201
  203  206  208  210  211  213  215  216  217  219  220  221  222  223  223  224
  225  226  225  226  228  225  225  222  230                                   
    82.5-180.0 180.0   5.0 450.0                            LAT/LON1/LON2/DLON/H
  247  237  240  241  239  240  239  240  239  239  238  238  237  236  235  232
  231  228  226  222  220  216  213  209  205  201  197  193  189  185  182  179
  177  175  175  173  174  174  176  177  180  181  185  187  191  194  197  200
  203  205  208  210  213  215  217  219  221  222  224  224  226  226  227  227
  229  229  229  230  232  228  224  232  247                                   
    80.0-180.0 180.0   5.0 450.0                            LAT/LON1/LON2/DLON/H
  255  243  243  241  239  242  242  245  244  246  245  246  244  245  242  241
  237  236  232  230  224  221  216  212  206  202  197  192  187  182  177  174
  171  169  168  168  168  170  172  175  177  182  185  190  193  198  201  205
  207  211  213  217  218  221  222  225  225  227  227  229  228  230  229  231
  230  231  230  231  233  231  229  238  255                                   
    77.5-180.0 180.0   5.0 450.0                            LAT/LON1/LON2/DLON/H
  253  241  243  242  242  244  247  249  251  252  253  254  253  253  250  248
  244  242  238  234  229  225  220  215  210  205  200  195  189  184  179  175
  172  170  170  170  171  174  177  180  184  188  192  197  201  206  209  213
  215  219  221  225  225  228  227  230  229  230  229  231  230  231  230  232
  230  232  230  232  233  231  229  241  253                                   
    75.0-180.0 180.0   5.0 450.0                            LAT/LON1/LON2/DLON/H
  250  239  241  242  241  246  248  253  254  258  258  261  259  260  256  253
  248  244  239  235  229  225  221  216  212  207  203  198  193  188  184  180
  178  176  176  176  178  181  184  188  191  196  200  205  208  213  216  221
  223  226  228  230  230  231  230  231  230  231  229  230  229  230  229  230
  229  230  229  231  231  230  231  243  250                                   
    72.5-180.0 180.0   5.0 450.0                            LAT/LON1/LON2/DLON/H
  248  238  242  242  243  246  250  254  257  261  263  266  265  264  260  256
  250  245  239  234  229  224  220  216  212  209  205  201  198  193  190  186
  183  181  182  182  184  186  189  192  195  199  202  206  210  214  217  221
  224  226  228  229  229  229  228  227  226  225  224  224  224  224  224  225
  226  227  228  229  232  231  234  247  248                                   
    70.0-180.0 180.0   5.0 450.0                            LAT/LON1/LON2/DLON/H
  251  241  244  244  242  246  248  254  256  264  266  271  270  270  264  259
  251  245  238  234  228  225  220  217  213  210  207  204  200  197  194  192
  190  189  188  188  189  191  192  195  197  200  203  206  209  212  215  218
  220  223  224  226  225  225  223  222  221  220  219  218  218  218  218  219
  220  223  224  227  231  232  237  252  251                                   
    67.5-180.0 180.0   5.0 450.0                            LAT/LON1/LON2/DLON/H
  256  245  247  246  243  245  247  252  257  265  270  276  277  276  271  264
  256  249  243  238  233  230  226  222  218  214  211  206  204  201  200  197
  196  193  192  190  190  188  189  189  191  192  195  197  200  204  207  210
  213  217  219  220  220  220  219  218  217  216  215  215  215  214  214  215
  217  220  224  228  235  238  242  258  256                                   
    65.0-180.0 180.0   5.0 450.0                            LAT/LON1/LON2/DLON/H
  264  250  252  249  243  243  243  249  254  265  271  281  282  283  276  271
  260  254  247  244  238  236  231  228  221  218  212  209  204  204  202  202
  198  196  193  189  186  183  181  180  180  181  183  185  189  192  197  200
  206  209  214  215  216  216  216  216  215  215  214  215  214  215  214  215
  215  219  221  229  236  241  246  262  264                                   
    62.5-180.0 180.0   5.0 450.0                            LAT/LON1/LON2/DLON/H
  270  255  254  250  244  241  239  244  250  261  271  281  286  289  285  279
  270  265  258  255  251  248  243  238  231  224  218  213  210  209  208  206
  203  198  191  185  179  174  171  167  167  166  167  169  172  176  182  187
  194  201  207  210  213  214  216  216  217  218  219  219  219  218  218  217
  219  222  226  232  242  246  250  265  270                                   
    60.0-180.0 180.0   5.0 450.0                            LAT/LON1/LON2/DLON/H
  274  258  257  252  243  239  236  239  244  256  266  280  285  292  289  287
  280  277  272  271  266  265  257  251  240  233  224  220  216  217  214  213
  206  200  190  182  173  167  162  158  156  154  155  156  158  162  168  176
  185  193  202  207  212  215  219  221  223  226  226  228  227  228  225  226
  224  228  230  237  245  249  251  266  274                                   
    57.5-180.0 180.0   5.0 450.0                            LAT/LON1/LON2/DLON/H
  277  260  260  255  247  240  235  236  240  250  260  273  283  290  293  293
  292  291  290  289  287  283  276  268  257  247  239  234  232  231  229  224
  216  205  193  181  170  162  156  151  148  146  146  145  148  150  158  166
  177  188  198  206  213  218  224  228  233  238  240  242  241  241  239  237
  237  239  242  246  253  254  255  266  277                                   
    55.0-180.0 180.0   5.0 450.0                            LAT/LON1/LON2/DLON/H
  279  263  265  261  254  248  242  241  241  248  255  267  274  285  290  296
  298  303  303  305  304  301  294  285  273  264  255  251  248  248  243  238
  226  212  197  184  172  164  158  153  149  146  144  143  144  146  152  160
  171  184  196  206  216  224  233  239  246  253  256  258  256  256  252  252
  250  254  254  259  262  262  258  269  279                                   
    52.5-180.0 180.0   5.0 450.0                            LAT/LON1/LON2/DLON/H
  283  271  275  275  270  264  256  252  250  251  253  260  268  278  287  296
  304  311  317  319  321  318  313  303  293  283  275  271  268  266  260  251
  238  222  205  190  178  170  165  160  157  153  151  148  148  147  151  158
  169  181  195  207  220  230  242  252  263  272  277  278  277  273  271  269
  269  270  273  275  276  272  267  273  283                                   
    50.0-180.0 180.0   5.0 450.0                            LAT/LON1/LON2/DLON/H
  291  285  291  294  292  288  280  274  267  262  258  259  262  271  280  292
  303  313  321  327  331  331  328  320  311  302  295  290  285  281  273  263
  247  231  213  200  189  182  178  174  170  166  162  158  155  154  155  161
  169  181  195  210  224  237  253  267  280  291  296  298  295  291  287  286
  286  288  290  292  291  287  281  288  291                                   
    47.5-180.0 180.0   5.0 450.0                            LAT/LON1/LON2/DLON/H
  302  300  309  314  316  312  307  299  290  280  270  265  264  270  279  291
  304  314  325  331  339  341  342  336  329  319  313  306  300  293  284  273
  256  239  223  211  202  196  193  189  186  180  176  169  166  163  163  167
  174  184  199  213  230  246  266  282  298  310  317  317  314  309  305  302
  303  304  307  307  308  303  298  303  302                                   
    45.0-180.0 180.0   5.0 450.0                            LAT/LON1/LON2/DLON/H
  312  319  328  335  338  336  333  326  317  304  288  279  272  275  281  293
  305  316  325  334  342  350  352  351  343  337  327  321  311  304  291  280
  261  246  232  222  216  212  210  207  201  195  188  182  177  174  173  175
  180  189  203  217  237  255  278  297  316  328  334  335  331  326  321  319
  320  322  325  327  329  325  325  328  312                                   
    42.5-180.0 180.0   5.0 450.0                            LAT/LON1/LON2/DLON/H
  329  338  346  351  354  353  352  346  340  326  311  298  290  290  295  303
  314  322  332  340  351  359  364  363  357  349  340  332  322  313  299  286
  268  254  242  235  232  230  229  224  219  209  202  193  189  184  184  185
  189  196  208  223  244  265  290  311  332  346  354  354  351  346  341  338
  339  342  346  350  351  349  350  352  329                                   
    40.0-180.0 180.0   5.0 450.0                            LAT/LON1/LON2/DLON/H
  352  363  366  368  370  367  367  362  358  348  335  324  313  312  314  322
  328  336  344  353  363  373  376  377  368  361  349  342  329  321  304  292
  274  264  252  250  248  250  248  245  237  228  216  208  201  197  195  195
  198  202  213  227  249  270  298  323  346  362  372  376  375  372  367  363
  365  368  372  378  384  384  391  386  352                                   
    37.5-180.0 180.0   5.0 450.0                            LAT/LON1/LON2/DLON/H
  385  397  397  393  392  386  382  375  372  363  356  347  341  339  340  343
  348  354  361  372  383  392  394  392  381  371  359  350  339  328  313  301
  286  276  268  266  267  269  271  266  260  247  235  223  216  210  207  205
  206  207  216  228  249  271  298  326  351  370  383  391  395  396  395  394
  393  396  398  408  415  420  425  420  385                                   
    35.0-180.0 180.0   5.0 450.0                            LAT/LON1/LON2/DLON/H
  431  442  432  426  421  413  403  395  389  384  378  375  369  368  366  370
  370  378  384  398  407  416  413  408  391  380  364  357  345  337  321  312
  296  291  283  285  285  289  290  288  281  269  256  244  233  226  221  217
  215  211  216  224  243  265  294  324  351  374  391  407  416  425  426  429
  428  429  432  444  456  460  471  462  431                                   
    32.5-180.0 180.0   5.0 450.0                            LAT/LON1/LON2/DLON/H
  483  488  479  466  456  446  431  419  411  404  401  398  395  392  390  389
  392  396  406  418  428  435  431  424  404  390  374  368  358  349  335  325
  312  306  300  299  301  304  307  306  302  291  278  264  251  240  233  226
  219  212  211  215  233  258  287  314  344  370  390  411  425  441  448  456
  457  460  463  477  490  498  505  502  483                                   
    30.0-180.0 180.0   5.0 450.0                            LAT/LON1/LON2/DLON/H
  532  541  531  519  511  497  480  465  451  441  435  432  425  421  413  413
  411  418  425  438  446  452  445  435  413  399  383  379  369  361  346  336
  324  319  311  311  309  313  316  318  316  309  298  283  267  253  243  231
  222  209  204  202  220  245  277  305  334  363  389  417  439  462  476  489
  494  496  503  512  529  535  554  547  532                                   
    27.5-180.0 180.0   5.0 450.0                            LAT/LON1/LON2/DLON/H
  574  583  579  574  569  557  539  521  500  483  474  466  458  448  437  429
  428  431  439  449  456  461  452  443  424  409  397  392  383  372  356  343
  331  323  314  309  307  311  314  318  318  315  304  290  273  256  242  228
  216  201  192  189  201  226  257  289  318  349  378  410  436  462  485  503
  514  521  527  537  552  561  582  578  574                                   
    25.0-180.0 180.0   5.0 450.0                            LAT/LON1/LON2/DLON/H
  608  620  627  632  638  628  615  594  570  547  529  516  501  487  469  458
  448  450  454  463  466  466  458  449  434  420  409  399  387  371  352  336
  325  312  302  295  291  295  300  308  310  310  302  288  272  252  237  217
  206  190  182  176  187  208  238  277  308  343  372  406  436  464  491  512
  531  541  555  564  579  582  618  614  608                                   
    22.5-180.0 180.0   5.0 450.0                            LAT/LON1/LON2/DLON/H
  631  650  665  685  698  700  691  672  647  618  594  572  550  528  506  486
  472  467  468  470  470  467  461  452  440  427  413  399  379  356  335  314
  303  286  277  266  261  265  272  282  286  289  282  272  255  235  216  201
  189  177  170  166  175  198  223  263  293  332  359  396  425  455  483  508
  533  546  562  575  590  594  629  630  631                                   
    20.0-180.0 180.0   5.0 450.0                            LAT/LON1/LON2/DLON/H
  647  667  693  717  745  758  764  756  735  704  673  645  616  586  554  528
  504  492  486  483  479  472  467  457  448  429  411  385  359  329  305  283
  272  257  246  234  232  235  245  255  263  266  261  251  235  215  199  180
  171  155  154  150  164  184  213  253  285  323  355  389  426  453  488  513
  540  557  576  590  608  607  650  653  647                                   
    17.5-180.0 180.0   5.0 450.0                            LAT/LON1/LON2/DLON/H
  648  677  709  736  770  791  808  813  804  776  749  717  686  649  613  575
  544  525  510  500  490  477  471  459  445  424  398  363  331  297  272  252
  242  227  217  209  207  216  223  233  238  240  233  226  212  197  178  161
  152  142  144  144  161  182  213  251  280  320  351  389  421  457  487  517
  543  564  583  599  614  614  651  660  648                                   
    15.0-180.0 180.0   5.0 450.0                            LAT/LON1/LON2/DLON/H
  651  680  714  742  779  799  819  835  837  823  804  779  748  709  671  629
  594  568  545  526  512  492  484  464  446  414  379  331  295  259  238  222
  214  204  200  192  194  201  212  218  220  218  211  203  193  175  164  143
  140  128  133  136  155  180  214  252  286  323  360  394  435  466  503  528
  557  575  599  612  630  628  667  671  651                                   
    12.5-180.0 180.0   5.0 450.0                            LAT/LON1/LON2/DLON/H
  650  684  714  739  772  796  815  832  842  838  832  819  797  759  720  677
  640  611  583  554  530  504  485  461  430  389  340  290  254  225  209  200
  195  192  191  193  195  204  210  214  208  203  192  186  176  163  151  136
  130  120  123  127  150  174  212  247  281  319  358  399  442  479  514  544
  569  590  609  626  641  642  673  681  650                                   
    10.0-180.0 180.0   5.0 450.0                            LAT/LON1/LON2/DLON/H
  666  695  718  738  763  788  806  824  832  831  830  828  812  783  747  701
  668  638  612  575  548  511  487  449  410  351  297  244  217  197  189  185
  189  193  200  204  210  213  218  214  207  192  184  175  174  157  148  128
  124  109  112  116  141  165  204  241  278  315  357  401  450  490  526  557
  581  603  623  644  660  665  691  693  666                                   
     7.5-180.0 180.0   5.0 450.0                            LAT/LON1/LON2/DLON/H
  686  716  729  743  758  780  796  809  812  807  808  810  806  787  758  714
  679  651  623  582  546  507  470  425  371  307  249  209  193  185  183  190
