data/unet/pred0940.15i
     1.0            IONOSPHERE MAPS     GNSS                IONEX VERSION / TYPE
pyspatialgeodesy        IME             05-JAN-18 20:20     PGM / RUN BY / DATE 
Map Name                                                    COMMENT             
Predicted global ionosphere maps (GIM).                     DESCRIPTION         
  2015     4     4     0     0     0                        EPOCH OF FIRST MAP  
  2015     4     5     0     0     0                        EPOCH OF LAST MAP   
  7200                                                      INTERVAL            
    13                                                      # OF MAPS IN FILE   
  NONE                                                      MAPPING FUNCTION    
10.0                                                        ELEVATION CUTOFF    
One-way carrier phase leveled to code                       OBSERVABLES USED    
  6371.0                                                    BASE RADIUS         
 2                                                          MAP DIMENSION       
   450.0 450.0   0.0                                        HGT1 / HGT2 / DHGT  
    87.5 -87.5  -2.5                                        LAT1 / LAT2 / DLAT  
  -180.0 180.0   5.0                                        LON1 / LON2 / DLON  
    -1                                                      EXPONENT            
                                                            END OF HEADER       
[from data line 4290]
    11                                                      START OF TEC MAP    
  2015     4     4    20     0     0                        EPOCH OF CURRENT MAP
    87.5-180.0 180.0   5.0 450.0                            LAT/LON1/LON2/DLON/H
  229  210  211  212  209  211  210  212  211  213  212  214  214  216  217  219
  220  221  222  223  223  223  223  222  220  221  218  219  215  217  212  214
  208  210  206  207  203  205  201  203  199  202  198  201  196  199  195  197
  193  195  191  194  191  194  191  195  192  197  194  199  196  201  199  204
  201  206  204  206  203  206  201  198  229                                   
    85.0-180.0 180.0   5.0 450.0                            LAT/LON1/LON2/DLON/H
  194  201  202  207  204  204  205  207  208  210  211  212  215  216  220  220
  225  224  229  227  231  227  231  226  228  223  224  220  219  215  214  211
  209  206  204  202  200  199  198  197  197  195  195  194  194  192  192  191
  191  189  189  190  189  190  190  192  191  194  192  195  194  196  195  196
  196  198  198  197  195  195  194  195  194                                   
    82.5-180.0 180.0   5.0 450.0                            LAT/LON1/LON2/DLON/H
  188  184  188  190  190  191  193  196  200  201  206  206  212  212  219  220
  226  227  231  232  233  233  232  233  229  229  225  224  218  217  211  210
  204  203  198  198  193  194  190  192  189  190  188  190  187  189  187  190
  187  190  188  192  189  193  190  194  191  195  191  194  190  193  188  191
  187  190  186  187  182  182  177  177  188                                   
    80.0-180.0 180.0   5.0 450.0                            LAT/LON1/LON2/DLON/H
  177  168  170  169  170  173  177  182  187  191  197  202  208  212  218  222
  227  229  233  233  235  233  233  230  230  225  225  219  218  210  209  201
  199  192  191  185  186  181  183  178  181  175  179  175  178  174  178  174
  178  175  179  177  180  178  181  180  182  181  182  180  181  178  178  175
  174  172  171  167  167  161  160  164  177                                   
    77.5-180.0 180.0   5.0 450.0                            LAT/LON1/LON2/DLON/H
  158  152  153  153  156  159  166  172  179  186  193  200  207  212  219  223
  228  229  233  232  233  230  232  228  228  224  224  218  216  209  206  199
  196  190  187  182  180  177  175  173  172  170  169  168  167  166  166  166
  167  166  168  168  169  169  170  170  171  170  171  169  169  166  165  162
  161  159  157  154  151  147  144  152  158                                   
    75.0-180.0 180.0   5.0 450.0                            LAT/LON1/LON2/DLON/H
  153  146  150  149  154  157  166  171  180  189  197  206  212  221  225  232
  234  238  239  238  238  235  236  232  233  228  229  222  221  214  212  203
  200  193  190  184  182  176  176  170  170  165  166  161  162  157  159  156
  157  154  156  155  156  155  157  156  157  155  156  154  155  152  153  149
  150  147  149  144  145  139  142  155  153                                   
    72.5-180.0 180.0   5.0 450.0                            LAT/LON1/LON2/DLON/H
  153  152  155  156  160  165  172  180  189  199  209  218  225  232  238  242
  244  244  245  243  242  240  240  237  237  234  233  229  225  220  215  209
  204  198  194  189  185  181  177  173  170  166  163  159  156  153  150  148
  146  144  143  141  141  139  140  139  139  137  138  137  137  135  136  135
  137  136  139  138  141  138  143  158  153                                   
    70.0-180.0 180.0   5.0 450.0                            LAT/LON1/LON2/DLON/H
  161  157  164  164  169  173  183  189  202  211  225  233  244  250  257  258
  258  258  256  255  253  251  251  249  249  244  244  238  235  227  223  216
  210  204  200  195  190  185  180  174  170  163  160  154  152  146  145  140
  138  135  133  129  128  125  123  122  121  120  119  119  119  119  120  121
  124  126  131  134  140  138  147  166  161                                   
    67.5-180.0 180.0   5.0 450.0                            LAT/LON1/LON2/DLON/H
  168  170  176  177  184  186  197  204  216  228  243  254  265  271  276  277
  275  272  270  268  265  265  264  263  260  256  253  248  242  236  228  221
  213  208  202  197  190  185  178  172  165  159  154  149  145  140  135  131
  127  124  121  117  114  110  108  106  104  103  102  102  102  102  105  106
  111  115  123  127  136  140  150  170  168                                   
    65.0-180.0 180.0   5.0 450.0                            LAT/LON1/LON2/DLON/H
  181  178  187  188  195  199  210  218  233  246  264  275  289  295  302  300
  299  293  287  285  280  282  280  280  276  270  265  257  252  243  237  228
  221  214  207  200  193  186  179  171  163  155  150  143  139  132  128  122
  120  115  112  107  103   99   96   93   91   89   89   88   90   90   93   96
  102  107  117  125  134  139  151  173  181                                   
    62.5-180.0 180.0   5.0 450.0                            LAT/LON1/LON2/DLON/H
  184  188  195  199  207  212  223  233  248  263  281  296  309  317  323  322
  319  313  308  303  301  300  299  297  293  285  278  269  260  252  242  235
  226  219  209  202  192  184  174  167  157  151  143  138  130  125  118  115
  109  106  101   98   93   90   86   83   80   80   77   79   78   80   82   85
   91   98  108  118  129  138  150  173  184                                   
    60.0-180.0 180.0   5.0 450.0                            LAT/LON1/LON2/DLON/H
  190  187  197  202  212  221  231  244  259  277  297  315  329  339  344  344
  341  333  327  322  318  318  315  314  309  300  293  281  273  261  254  245
  238  228  219  209  198  188  178  168  161  152  146  137  131  122  116  109
  104   99   96   92   90   86   83   81   78   77   76   75   75   77   80   83
   91   97  108  120  130  138  152  172  190                                   
    57.5-180.0 180.0   5.0 450.0                            LAT/LON1/LON2/DLON/H
  187  192  201  209  222  231  243  256  271  293  312  334  347  360  361  363
  358  353  347  341  337  335  332  328  323  311  305  293  285  274  265  257
  248  239  228  217  203  193  179  172  161  156  146  140  130  122  112  107
  100   97   93   91   89   86   85   83   82   80   78   77   76   78   79   84
   88   97  108  120  131  140  149  171  187                                   
    55.0-180.0 180.0   5.0 450.0                            LAT/LON1/LON2/DLON/H
  196  197  208  220  232  245  257  273  288  311  330  352  365  376  379  379
  374  368  361  355  349  347  343  341  334  325  318  308  303  293  287  275
  267  255  245  230  217  202  190  180  173  164  159  149  141  129  120  112
  107  102  100   98   97   96   96   95   94   93   91   90   88   88   89   93
   98  107  119  131  141  148  157  174  196                                   
    52.5-180.0 180.0   5.0 450.0                            LAT/LON1/LON2/DLON/H
  203  214  226  239  253  265  279  295  312  335  351  371  380  392  391  396
  386  382  373  367  361  357  352  349  343  338  332  326  323  316  310  298
  286  272  260  245  230  215  200  191  181  175  166  159  148  137  126  119
  114  111  109  108  109  109  110  111  110  110  107  106  102  102  101  105
  109  119  130  143  153  160  164  185  203                                   
    50.0-180.0 180.0   5.0 450.0                            LAT/LON1/LON2/DLON/H
  222  232  250  266  279  296  309  329  343  364  378  395  403  412  413  413
  406  398  388  381  372  369  362  362  356  354  349  345  345  339  335  321
  307  287  273  256  241  224  211  200  192  184  177  169  160  150  141  133
  129  125  124  123  124  125  127  129  130  130  127  125  121  119  118  120
  127  137  151  164  174  180  187  208  222                                   
    47.5-180.0 180.0   5.0 450.0                            LAT/LON1/LON2/DLON/H
  237  257  276  292  309  324  341  359  375  395  406  420  426  434  434  436
  426  417  404  393  382  376  372  371  368  369  365  365  363  359  351  336
  318  297  280  262  247  232  219  208  198  191  183  177  167  159  151  147
  143  140  138  137  137  138  141  145  147  148  145  142  138  135  132  135
  140  153  167  181  192  201  205  231  237                                   
    45.0-180.0 180.0   5.0 450.0                            LAT/LON1/LON2/DLON/H
  259  277  299  320  336  355  371  392  411  429  440  451  457  464  465  465
  457  445  427  414  401  395  390  390  387  387  385  383  381  373  362  343
  323  298  280  262  249  235  225  214  203  195  187  181  174  167  164  160
  160  157  154  151  150  150  154  158  161  163  161  158  154  150  147  150
  157  170  186  203  216  226  235  254  259                                   
    42.5-180.0 180.0   5.0 450.0                            LAT/LON1/LON2/DLON/H
  274  300  324  343  360  379  398  420  440  461  471  483  484  491  490  493
  484  474  454  437  423  415  410  408  405  401  398  395  389  379  362  341
  320  297  280  263  254  243  234  219  209  197  189  184  178  175  173  173
  173  171  166  162  157  156  160  165  170  173  170  169  163  160  155  157
  162  177  193  212  229  245  252  277  274                                   
    40.0-180.0 180.0   5.0 450.0                            LAT/LON1/LON2/DLON/H
  292  321  347  369  384  404  422  446  468  488  503  514  519  520  519  518
  514  504  487  470  453  444  436  433  426  421  413  406  397  382  363  341
  319  298  283  271  265  256  247  231  216  205  194  189  185  184  184  185
  186  184  179  173  166  166  168  174  179  183  180  178  172  168  162  164
  168  184  201  222  240  258  269  291  292                                   
    37.5-180.0 180.0   5.0 450.0                            LAT/LON1/LON2/DLON/H
  301  336  364  386  401  416  434  458  485  510  525  537  538  542  540  541
  534  525  509  494  479  468  459  452  443  432  422  412  401  384  366  345
  327  309  299  291  289  279  269  250  235  218  208  199  196  193  193  194
  193  190  185  176  171  167  173  179  186  185  185  179  175  168  163  161
  165  176  193  213  237  260  275  300  301                                   
    35.0-180.0 180.0   5.0 450.0                            LAT/LON1/LON2/DLON/H
  314  348  381  404  419  433  447  473  500  525  546  559  565  566  566  566
  561  550  536  522  509  497  485  475  462  451  438  427  416  401  387  371
  358  347  342  338  336  327  310  288  264  250  230  225  212  212  203  207
  198  199  187  185  175  178  177  186  188  192  186  185  177  171  162  159
  157  169  182  204  229  256  276  306  314                                   
    32.5-180.0 180.0   5.0 450.0                            LAT/LON1/LON2/DLON/H
  323  361  392  418  433  442  458  476  507  535  559  576  582  589  588  590
  582  571  553  540  527  516  505  491  478  464  453  443  437  430  425  418
  411  404  402  398  396  382  368  340  321  297  277  257  243  230  224  214
  207  196  189  182  180  180  187  194  199  199  190  185  177  167  160  155
  155  159  170  189  219  249  281  315  323                                   
    30.0-180.0 180.0   5.0 450.0                            LAT/LON1/LON2/DLON/H
  346  377  413  437  456  463  478  495  529  553  578  593  607  612  617  616
  610  596  581  565  553  539  527  514  500  487  478  474  477  480  489  490
  484  477  470  463  451  438  416  392  362  343  325  302  284  267  253  239
  229  216  209  201  198  197  199  200  199  196  186  188  176  182  162  163
  157  167  173  193  217  250  285  323  346                                   
    27.5-180.0 180.0   5.0 450.0                            LAT/LON1/LON2/DLON/H
  367  404  437  465  480  492  506  523  552  574  595  612  624  633  638  639
  632  619  602  585  570  553  538  523  513  506  507  513  526  538  555  560
  557  545  526  508  492  472  451  426  399  375  352  341  326  308  293  279
  266  250  243  231  235  221  231  217  216  196  187  178  170  164  159  162
  164  171  183  199  224  262  300  337  367                                   
    25.0-180.0 180.0   5.0 450.0                            LAT/LON1/LON2/DLON/H
  389  424  467  492  503  517  532  555  587  607  628  641  658  663  668  663
  658  643  629  608  590  568  553  539  534  536  545  556  578  598  618  629
  628  612  578  554  524  505  483  466  441  419  397  386  378  357  340  319
  303  286  271  259  245  241  230  231  218  210  186  178  164  165  155  169
  167  195  203  232  250  282  312  347  389                                   
    22.5-180.0 180.0   5.0 450.0                            LAT/LON1/LON2/DLON/H
  404  447  483  511  529  549  567  589  619  636  658  670  690  695  698  691
  685  670  654  631  606  582  564  552  557  568  589  602  628  651  678  687
  677  641  601  567  538  513  492  479  462  442  424  408  404  388  375  350
  336  312  303  283  276  255  248  230  229  212  204  185  178  170  169  174
  183  197  211  240  271  299  328  361  404                                   
    20.0-180.0 180.0   5.0 450.0                            LAT/LON1/LON2/DLON/H
  420  460  498  528  545  575  595  627  655  678  702  721  736  740  746  737
  728  706  693  663  637  605  590  583  598  618  642  663  688  709  724  719
  696  650  590  550  514  487  467  455  444  434  426  419  421  407  399  379
  364  343  327  312  294  279  256  245  225  221  201  191  181  178  179  190
  199  215  226  254  283  319  352  374  420                                   
    17.5-180.0 180.0   5.0 450.0                            LAT/LON1/LON2/DLON/H
  418  466  507  537  560  587  618  652  692  718  746  761  780  786  789  781
  773  749  730  701  672  638  622  620  640  664  692  710  722  732  736  724
  690  625  557  503  465  433  408  392  385  385  389  394  403  399  401  389
  382  360  351  329  314  289  268  248  233  220  205  191  182  176  183  193
  206  221  236  253  282  317  359  385  418                                   
    15.0-180.0 180.0   5.0 450.0                            LAT/LON1/LON2/DLON/H
  425  475  516  550  567  600  623  668  704  748  777  807  822  832  835  830
  822  805  787  749  723  690  670  668  686  709  737  741  749  750  747  725
  666  584  502  439  398  365  341  329  328  338  352  370  383  394  402  401
  392  378  363  347  326  298  278  252  235  217  203  191  182  180  184  198
  210  226  239  257  279  310  357  392  425                                   
    12.5-180.0 180.0   5.0 450.0                            LAT/LON1/LON2/DLON/H
  417  478  523  556  576  604  633  671  717  760  801  828  850  864  878  876
  873  853  839  807  778  741  720  712  723  741  758  760  758  752  739  705
  631  538  456  395  349  312  288  282  281  300  319  340  357  372  390  393
  392  375  363  345  321  296  268  245  223  205  193  183  175  173  183  191
  207  218  233  246  273  304  354  394  417                                   
    10.0-180.0 180.0   5.0 450.0                            LAT/LON1/LON2/DLON/H
  420  478  530  567  588  618  642  688  726  775  810  846  868  895  914  926
  927  920  900  874  836  800  772  760  762  771  781  776  771  755  722  675
  591  498  426  360  321  289  274  270  274  290  310  330  342  362  375  383
  372  362  343  321  296  270  252  227  218  197  195  178  176  172  175  185
  190  204  217  237  264  303  349  390  420                                   
     7.5-180.0 180.0   5.0 450.0                            LAT/LON1/LON2/DLON/H
  418  486  536  578  607  637  662  705  743  780  811  841  873  904  931  949
  959  960  953  925  894  850  819  794  796  792  797  781  774  746  708  660
