data/unet/pred1960.15i
     1.0            IONOSPHERE MAPS     GNSS                IONEX VERSION / TYPE
pyspatialgeodesy        IME             05-JAN-18 20:20     PGM / RUN BY / DATE 
Map Name                                                    COMMENT             
Predicted global ionosphere maps (GIM).                     DESCRIPTION         
  2015     7    15     0     0     0                        EPOCH OF FIRST MAP  
  2015     7    16     0     0     0                        EPOCH OF LAST MAP   
  7200                                                      INTERVAL            
    13                                                      # OF MAPS IN FILE   
  NONE                                                      MAPPING FUNCTION    
10.0                                                        ELEVATION CUTOFF    
One-way carrier phase leveled to code                       OBSERVABLES USED    
  6371.0                                                    BASE RADIUS         
 2                                                          MAP DIMENSION       
   450.0 450.0   0.0                                        HGT1 / HGT2 / DHGT  
    87.5 -87.5  -2.5                                        LAT1 / LAT2 / DLAT  
  -180.0 180.0   5.0                                        LON1 / LON2 / DLON  
    -1                                                      EXPONENT            
                                                            END OF HEADER       
[from data line 5148]
    13                                                      START OF TEC MAP    
  2015     7    16     0     0     0                        EPOCH OF CURRENT MAP
    87.5-180.0 180.0   5.0 450.0                            LAT/LON1/LON2/DLON/H
  181  155  157  155  155  152  156  156  162  162  166  165  169  168  169  167
  168  167  167  164  165  162  162  158  158  155  154  150  150  147  147  144
  144  141  141  138  138  135  134  131  131  129  129  127  128  127  128  127
  129  129  130  130  132  132  133  133  135  135  136  136  138  138  139  139
  141  141  143  143  145  145  145  168  181                                   
    85.0-180.0 180.0   5.0 450.0                            LAT/LON1/LON2/DLON/H
  161  163  167  167  166  165  169  169  173  174  177  177  179  180  180  179
  180  179  178  176  176  173  172  168  167  163  162  157  156  152  151  147
  147  143  143  139  139  135  135  131  131  128  129  126  128  126  128  127
  130  130  132  132  135  135  137  137  141  141  143  143  146  146  148  147
  150  150  153  152  155  151  149  145  161                                   
    82.5-180.0 180.0   5.0 450.0                            LAT/LON1/LON2/DLON/H
  162  166  168  170  170  168  172  173  176  177  180  180  182  182  183  182
  183  181  181  178  178  174  172  167  165  160  157  152  150  145  143  139
  139  135  135  131  131  127  127  123  125  121  123  120  124  122  126  124
  130  129  133  132  137  136  140  139  144  143  147  146  150  149  152  150
  154  153  158  156  161  156  155  146  162                                   
    80.0-180.0 180.0   5.0 450.0                            LAT/LON1/LON2/DLON/H
  165  167  169  172  172  174  177  179  181  184  186  188  188  190  189  190
  188  188  185  183  179  176  172  168  162  157  152  147  143  139  135  133
  131  130  129  128  126  125  124  123  123  122  124  123  127  126  130  130
  135  135  139  139  143  143  146  147  150  150  152  153  155  155  157  157
  159  159  162  162  165  163  161  154  165                                   
    77.5-180.0 180.0   5.0 450.0                            LAT/LON1/LON2/DLON/H
  166  166  167  171  171  173  176  180  182  185  188  190  191  192  191  191
  190  188  186  183  179  174  169  163  157  150  145  138  134  129  127  125
  124  123  124  124  124  123  123  122  124  123  125  127  130  132  135  138
  142  144  147  149  150  151  152  154  155  156  156  158  159  160  160  161
  162  162  163  164  165  164  164  156  166                                   
    75.0-180.0 180.0   5.0 450.0                            LAT/LON1/LON2/DLON/H
  168  166  168  170  171  172  177  180  184  187  189  191  191  191  191  189
  188  185  183  178  174  168  162  154  147  140  134  127  123  119  118  116
  118  119  121  122  123  123  124  123  125  126  129  131  136  139  144  147
  152  153  156  157  158  158  159  158  160  159  161  160  161  161  162  162
  163  163  165  165  166  165  165  158  168                                   
    72.5-180.0 180.0   5.0 450.0                            LAT/LON1/LON2/DLON/H
  171  168  168  170  169  170  174  178  182  185  188  189  189  189  188  186
  183  179  176  172  166  160  154  146  138  131  124  118  113  111  110  111
  113  116  120  122  124  125  126  126  128  130  133  137  142  148  152  157
  160  162  163  163  163  162  161  161  161  160  160  160  160  159  159  159
  160  160  162  163  164  165  166  160  171                                   
    70.0-180.0 180.0   5.0 450.0                            LAT/LON1/LON2/DLON/H
  172  168  169  170  169  168  173  176  180  183  186  187  188  186  184  181
  178  174  170  166  161  155  149  141  133  125  118  112  108  105  107  108
  112  115  121  123  126  125  127  127  129  131  136  141  148  154  160  164
  169  169  171  170  169  167  166  164  164  163  163  162  162  160  160  159
  161  160  163  163  165  166  166  161  172                                   
    67.5-180.0 180.0   5.0 450.0                            LAT/LON1/LON2/DLON/H
  177  170  170  170  167  167  170  173  177  181  184  185  186  183  181  177
  173  169  166  162  157  152  147  140  131  124  117  111  107  106  106  109
  113  117  122  124  126  125  125  124  125  127  133  140  148  155  162  167
  171  173  173  173  171  169  167  166  166  165  165  164  163  161  160  159
  159  160  161  164  166  167  167  162  177                                   
    65.0-180.0 180.0   5.0 450.0                            LAT/LON1/LON2/DLON/H
  179  173  172  170  167  165  168  171  176  179  183  184  185  183  180  176
  172  169  165  162  158  155  150  145  136  130  123  118  114  113  114  116
  120  123  126  126  126  124  122  120  121  123  129  135  145  153  161  167
  173  174  176  174  173  170  169  167  168  167  168  166  166  162  162  159
  160  160  164  165  168  168  168  164  179                                   
    62.5-180.0 180.0   5.0 450.0                            LAT/LON1/LON2/DLON/H
  184  175  172  169  165  163  165  167  173  177  181  183  184  182  181  177
  174  169  167  164  162  159  156  151  146  140  133  130  126  126  125  127
  128  128  128  127  124  120  117  113  113  114  120  127  137  146  155  162
  168  170  172  171  171  169  168  168  170  170  171  169  168  165  162  160
  159  159  163  166  168  169  169  165  184                                   
    60.0-180.0 180.0   5.0 450.0                            LAT/LON1/LON2/DLON/H
  187  178  174  169  165  162  163  165  170  174  178  181  183  183  182  179
  176  174  170  169  167  166  163  162  157  153  147  145  142  142  140  139
  138  135  133  129  124  118  114  109  108  107  112  118  129  137  147  153
  160  162  166  165  167  166  169  169  174  174  177  175  174  169  167  163
  163  161  166  167  169  170  171  167  187                                   
    57.5-180.0 180.0   5.0 450.0                            LAT/LON1/LON2/DLON/H
  194  184  180  174  168  164  163  165  168  172  176  181  183  184  184  183
  181  178  176  174  173  172  172  170  168  165  162  160  158  157  153  150
  145  140  135  129  123  116  111  105  103  101  106  111  120  128  138  144
  150  154  158  160  164  166  171  175  180  183  185  184  182  177  172  168
  165  163  166  169  171  172  172  168  194                                   
    55.0-180.0 180.0   5.0 450.0                            LAT/LON1/LON2/DLON/H
  202  192  189  184  177  171  169  168  169  172  175  179  182  184  184  185
  184  182  180  180  178  178  177  177  176  176  173  174  172  170  165  159
  153  145  138  132  126  120  115  108  105  102  105  108  115  121  129  134
  140  144  150  155  162  167  176  182  190  193  196  194  192  185  181  173
  172  168  172  173  175  175  175  172  202                                   
    52.5-180.0 180.0   5.0 450.0                            LAT/LON1/LON2/DLON/H
  215  205  203  199  191  185  180  176  174  174  175  178  180  183  184  186
  186  186  185  184  183  182  183  182  182  181  181  181  181  178  172  164
  155  146  139  133  128  123  119  114  111  107  108  109  114  118  124  128
  134  138  146  154  163  173  184  193  201  206  207  206  201  194  186  180
  176  173  176  178  180  180  180  175  215                                   
    50.0-180.0 180.0   5.0 450.0                            LAT/LON1/LON2/DLON/H
  227  217  219  216  209  202  195  189  184  181  179  179  181  183  184  186
  187  188  187  186  186  185  184  184  184  184  183  185  185  182  175  166
  158  148  142  137  134  131  129  124  122  117  116  114  116  117  120  123
  128  133  143  152  166  178  193  203  214  219  220  217  210  202  193  187
  184  181  186  186  188  188  187  183  227                                   
    47.5-180.0 180.0   5.0 450.0                            LAT/LON1/LON2/DLON/H
  241  231  236  235  228  221  211  204  197  191  186  183  182  184  184  187
  188  191  191  192  190  189  186  186  185  185  185  186  186  183  176  167
  158  149  144  141  140  138  137  134  132  128  126  122  122  120  123  123
  129  133  144  155  170  185  203  215  226  232  231  226  217  207  198  191
  188  187  192  194  197  196  195  189  241                                   
    45.0-180.0 180.0   5.0 450.0                            LAT/LON1/LON2/DLON/H
  253  243  253  252  246  240  230  223  213  205  198  192  190  188  188  191
  193  197  198  198  196  193  191  188  187  184  185  184  185  181  175  167
  160  153  151  149  149  148  148  145  143  139  137  133  130  127  127  127
  130  135  145  156  174  190  210  224  237  243  240  233  221  210  202  196
  195  194  201  202  207  206  203  199  253                                   
    42.5-180.0 180.0   5.0 450.0                            LAT/LON1/LON2/DLON/H
  265  253  264  266  261  256  246  239  230  222  212  206  200  197  195  198
  199  204  205  206  204  203  198  195  191  189  186  185  184  180  175  169
  164  159  158  157  158  157  156  153  152  149  148  143  141  135  135  133
  137  139  148  159  177  195  215  230  245  247  245  235  224  211  205  200
  200  200  208  210  214  214  212  208  265                                   
    40.0-180.0 180.0   5.0 450.0                            LAT/LON1/LON2/DLON/H
  275  263  275  275  273  268  260  255  248  242  233  225  217  212  208  210
  212  217  219  219  217  214  209  204  201  195  192  188  187  182  178  173
  171  168  169  168  169  166  165  160  161  157  157  152  149  143  140  137
  139  141  148  157  176  192  214  229  244  248  245  235  224  212  207  202
  205  207  217  218  224  225  221  219  275                                   
    37.5-180.0 180.0   5.0 450.0                            LAT/LON1/LON2/DLON/H
  283  271  280  283  282  278  272  269  264  261  253  246  237  231  225  227
  229  234  235  235  232  228  222  217  212  207  201  196  193  189  184  181
  178  177  178  177  176  173  170  166  166  164  165  161  158  150  147  143
  145  145  149  156  172  188  208  222  236  239  240  230  224  213  210  207
  211  215  225  229  236  238  231  230  283                                   
    35.0-180.0 180.0   5.0 450.0                            LAT/LON1/LON2/DLON/H
  292  280  289  289  289  285  281  281  281  281  277  272  263  256  248  249
  251  256  256  255  250  244  237  231  225  218  212  206  203  197  193  189
  188  187  189  187  185  177  174  169  171  170  172  168  164  155  150  144
  144  141  144  148  162  175  196  209  224  226  229  223  221  212  212  209
  217  220  233  237  247  248  243  242  292                                   
    32.5-180.0 180.0   5.0 450.0                            LAT/LON1/LON2/DLON/H
  303  290  297  300  299  297  295  296  300  304  303  300  290  283  274  274
  275  279  279  277  270  263  253  245  237  230  224  218  213  207  202  198
  196  195  195  191  187  178  173  171  175  177  180  176  171  160  153  145
  143  139  138  140  151  164  183  197  211  216  220  218  218  215  215  216
  222  228  240  248  258  263  257  258  303                                   
    30.0-180.0 180.0   5.0 450.0                            LAT/LON1/LON2/DLON/H
  318  310  320  320  320  316  315  316  324  329  335  331  324  312  303  300
  304  305  305  299  292  281  271  261  253  244  238  230  224  216  209  202
  200  195  194  188  183  174  170  170  177  181  185  180  174  160  150  139
  136  128  128  128  139  151  170  183  200  205  214  214  222  217  223  221
  231  235  249  257  269  274  273  275  318                                   
    27.5-180.0 180.0   5.0 450.0                            LAT/LON1/LON2/DLON/H
  336  333  347  351  352  350  347  349  356  363  368  368  359  347  334  330
  329  330  327  321  311  301  288  278  268  259  250  241  233  223  213  204
  196  189  183  177  170  163  161  163  172  179  184  179  171  155  142  130
  125  118  116  117  128  141  158  174  190  201  210  217  226  228  233  236
  242  250  263  273  284  294  290  297  336                                   
    25.0-180.0 180.0   5.0 450.0                            LAT/LON1/LON2/DLON/H
  352  364  382  390  395  392  389  387  394  398  405  401  395  378  365  355
  354  351  348  339  330  317  307  296  284  275  264  253  241  227  213  198
  186  175  167  159  154  149  148  153  164  173  176  171  161  144  130  118
  112  106  105  104  116  129  148  164  182  195  212  220  235  236  245  245
  254  259  274  283  297  309  310  315  352                                   
    22.5-180.0 180.0   5.0 450.0                            LAT/LON1/LON2/DLON/H
  365  382  404  419  429  432  432  432  436  437  441  439  433  417  398  384
  377  370  364  355  345  333  322  311  298  285  271  257  243  226  207  189
  169  156  145  137  131  128  128  136  147  156  159  153  143  127  114  102
   98   93   92   93  104  119  137  157  175  195  212  227  242  249  256  261
  267  276  288  297  311  324  324  334  365                                   
    20.0-180.0 180.0   5.0 450.0                            LAT/LON1/LON2/DLON/H
  373  396  422  444  460  468  471  472  474  472  475  472  469  450  433  412
  404  390  384  370  362  349  338  325  307  291  272  255  237  216  194  171
  151  133  123  115  112  109  111  119  131  140  142  136  126  111   99   90
   85   80   81   84   97  111  133  151  174  193  218  234  256  262  273  276
  285  290  303  311  323  335  337  345  373                                   
    17.5-180.0 180.0   5.0 450.0                            LAT/LON1/LON2/DLON/H
  378  396  427  451  471  483  489  494  495  496  498  497  495  481  464  444
  431  413  401  386  376  363  349  332  309  286  264  243  224  201  176  154
  132  115  104   98   94   94   95  102  111  119  119  115  105   94   82   74
   71   68   71   76   88  105  126  149  171  196  221  243  264  277  288  297
  303  311  321  327  337  344  344  356  378                                   
    15.0-180.0 180.0   5.0 450.0                            LAT/LON1/LON2/DLON/H
  381  399  426  452  475  488  497  503  509  512  517  519  519  506  492  470
  457  436  421  403  396  379  362  339  309  280  250  229  207  185  162  139
  120  103   96   90   89   89   90   94  101  105  106  100   94   85   77   69
   65   62   66   71   84   99  124  146  172  198  228  252  277  292  307  315
  323  328  338  342  347  352  354  363  381                                   
    12.5-180.0 180.0   5.0 450.0                            LAT/LON1/LON2/DLON/H
  383  395  422  442  463  475  485  491  498  507  515  522  525  517  506  488
  475  454  437  419  407  388  366  337  301  264  234  209  190  171  152  135
  117  106   99   96   92   92   90   92   94   94   93   89   83   76   69   63
   59   57   60   66   78   95  119  145  172  200  230  258  284  304  319  331
  338  346  352  356  359  361  362  375  383                                   
    10.0-180.0 180.0   5.0 450.0                            LAT/LON1/LON2/DLON/H
  387  395  416  432  452  462  472  476  485  494  507  517  526  523  515  500
  487  468  450  431  417  394  365  330  286  249  216  194  178  163  150  136
  126  116  115  111  110  105  101   95   93   88   87   81   81   74   69   62
   58   53   56   60   74   90  115  140  169  198  232  262  290  312  329  341
  351  359  369  370  371  370  376  385  387                                   
     7.5-180.0 180.0   5.0 450.0                            LAT/LON1/LON2/DLON/H
  395  403  420  431  444  452  457  458  461  469  480  495  507  511  508  497
  486  470  452  432  414  383  350  304  262  224  197  179  168  159  150  142
