data/unet/pred3170.15i
     1.0            IONOSPHERE MAPS     GNSS                IONEX VERSION / TYPE
pyspatialgeodesy        IME             05-JAN-18 20:20     PGM / RUN BY / DATE 
Map Name                                                    COMMENT             
Predicted global ionosphere maps (GIM).                     DESCRIPTION         
  2015    11    13     0     0     0                        EPOCH OF FIRST MAP  
  2015    11    14     0     0     0                        EPOCH OF LAST MAP   
  7200                                                      INTERVAL            
    13                                                      # OF MAPS IN FILE   
  NONE                                                      MAPPING FUNCTION    
10.0                                                        ELEVATION CUTOFF    
One-way carrier phase leveled to code                       OBSERVABLES USED    
  6371.0                                                    BASE RADIUS         
 2                                                          MAP DIMENSION       
   450.0 450.0   0.0                                        HGT1 / HGT2 / DHGT  
    87.5 -87.5  -2.5                                        LAT1 / LAT2 / DLAT  
  -180.0 180.0   5.0                                        LON1 / LON2 / DLON  
    -1                                                      EXPONENT            
                                                            END OF HEADER       
[from data line 3432]
     9                                                      START OF TEC MAP    
  2015    11    13    16     0     0                        EPOCH OF CURRENT MAP
    87.5-180.0 180.0   5.0 450.0                            LAT/LON1/LON2/DLON/H
   66   86   87   88   88   87   88   89   90   90   91   92   93   93   94   94
   95   95   95   95   96   95   95   95   94   93   92   92   91   90   89   88
   87   87   85   85   83   83   81   81   80   80   78   79   78   79   78   79
   79   80   79   80   80   81   80   81   81   82   81   82   82   82   82   82
   82   82   83   83   85   84   85   92   66                                   
    85.0-180.0 180.0   5.0 450.0                            LAT/LON1/LON2/DLON/H
   54   67   58   62   61   63   63   66   65   69   68   72   71   75   74   78
   76   80   78   81   79   81   78   80   77   78   73   75   71   71   67   68
   64   64   61   61   59   58   57   56   55   55   54   54   54   55   54   56
   56   57   57   58   58   59   59   59   59   59   58   59   58   58   58   58
   58   58   58   58   58   58   59   56   54                                   
    82.5-180.0 180.0   5.0 450.0                            LAT/LON1/LON2/DLON/H
   40   44   41   44   41   44   44   48   49   52   54   58   60   64   67   69
   74   75   79   78   81   79   80   77   77   74   72   69   67   64   62   59
   56   54   50   48   46   44   41   40   38   38   36   37   36   38   38   40
   40   42   43   44   45   46   46   46   47   47   47   47   47   46   46   45
   45   44   43   42   41   35   47   38   40                                   
    80.0-180.0 180.0   5.0 450.0                            LAT/LON1/LON2/DLON/H
   27   31   30   33   32   35   36   40   41   46   47   53   55   62   64   72
   74   81   81   86   85   87   83   84   80   79   74   73   68   66   60   58
   53   50   45   43   38   37   33   31   29   28   28   27   29   29   31   32
   36   37   39   40   42   43   44   45   45   45   44   44   43   42   41   40
   38   37   35   33   31   29   37   27   27                                   
    77.5-180.0 180.0   5.0 450.0                            LAT/LON1/LON2/DLON/H
   18   21   20   18   20   21   25   26   29   30   36   38   47   50   60   64
   74   77   85   86   92   89   91   87   86   81   79   74   71   66   63   58
   53   49   45   40   37   31   31   26   26   22   24   22   25   24   28   28
   32   33   37   37   41   40   42   40   42   39   41   37   39   35   37   33
   34   30   32   26   27   18   25   20   18                                   
    75.0-180.0 180.0   5.0 450.0                            LAT/LON1/LON2/DLON/H
   14   17   20   16   19   19   24   21   28   27   35   38   47   51   62   69
   79   85   93   97  102  102  102   98   94   90   85   81   76   73   68   64
   58   55   49   44   39   35   32   28   26   24   24   23   25   25   29   29
   34   34   39   38   42   39   43   39   42   37   41   36   39   34   37   32
   34   30   32   26   28   24   31   22   14                                   
    72.5-180.0 180.0   5.0 450.0                            LAT/LON1/LON2/DLON/H
   18   21   23   17   18   19   23   22   27   27   35   38   48   51   64   69
   82   87  100  103  112  110  112  107  104   96   92   87   82   77   73   68
   64   59   55   49   44   38   35   30   27   23   24   22   25   24   29   29
   35   35   40   40   43   41   42   40   40   38   39   36   38   35   37   34
   34   32   32   28   28   22   25   19   18                                   
    70.0-180.0 180.0   5.0 450.0                            LAT/LON1/LON2/DLON/H
   20   23   28   20   24   21   28   24   31   28   38   41   52   55   68   75
   88   97  109  117  124  124  124  117  113  104   99   94   89   85   80   77
   72   68   63   58   52   47   40   36   31   29   27   28   28   30   32   36
   38   42   42   44   43   42   41   38   38   35   37   34   37   35   39   36
   38   35   38   32   34   29   32   23   20                                   
    67.5-180.0 180.0   5.0 450.0                            LAT/LON1/LON2/DLON/H
   22   27   32   25   28   27   31   30   35   34   42   45   55   58   71   76
   92   99  117  123  136  133  137  128  125  115  111  104   98   93   89   86
   80   77   71   66   59   54   46   42   36   32   31   30   32   31   37   37
   42   41   45   42   43   38   39   35   36   33   35   34   36   35   40   38
   39   38   37   35   34   28   29   22   22                                   
    65.0-180.0 180.0   5.0 450.0                            LAT/LON1/LON2/DLON/H
   21   26   33   25   31   29   35   32   38   38   47   49   60   62   75   82
   97  107  123  133  146  144  147  140  137  126  122  113  109  103   99   96
   90   87   79   74   66   61   53   49   42   38   36   35   35   38   40   42
   43   45   43   42   39   36   34   32   31   30   32   32   35   35   39   38
   41   38   41   35   35   30   33   23   21                                   
    62.5-180.0 180.0   5.0 450.0                            LAT/LON1/LON2/DLON/H
   13   24   29   24   27   29   32   31   38   40   49   52   62   65   77   82
  100  107  127  134  151  150  157  150  151  138  135  128  124  118  114  110
  102   96   86   80   71   65   57   52   45   41   39   37   37   37   40   40
   43   40   42   36   36   29   30   26   28   26   30   31   34   34   36   36
   36   35   34   32   29   23   25   16   13                                   
    60.0-180.0 180.0   5.0 450.0                            LAT/LON1/LON2/DLON/H
    6   19   26   20   25   26   30   31   37   41   50   55   65   68   80   86
  101  111  128  139  153  156  163  158  157  147  144  136  136  129  129  123
  117  107   97   88   78   71   62   58   51   46   42   41   39   40   40   42
   41   39   37   33   31   26   27   25   28   27   30   30   34   32   35   33
   35   32   34   28   28   22   26   11    6                                   
    57.5-180.0 180.0   5.0 450.0                            LAT/LON1/LON2/DLON/H
    0   16   20   16   17   19   22   25   33   38   49   56   67   72   84   89
  104  112  131  140  158  161  169  164  165  157  154  151  151  149  149  145
  136  124  109   98   86   78   69   64   56   51   46   44   41   39   40   39
   40   35   36   29   29   23   26   24   29   28   33   32   34   32   33   31
   30   30   28   26   21   17   19    4    0                                   
    55.0-180.0 180.0   5.0 450.0                            LAT/LON1/LON2/DLON/H
    3   17   23   15   19   18   23   24   31   38   50   58   70   75   87   94
  108  118  135  145  159  165  174  169  171  165  165  161  166  162  165  158
  153  138  124  109   96   87   78   72   64   60   52   50   45   46   42   42
   40   38   35   30   30   26   29   29   33   34   37   36   38   34   35   31
   32   30   31   27   26   24   27    9    3                                   
    52.5-180.0 180.0   5.0 450.0                            LAT/LON1/LON2/DLON/H
   14   26   26   20   20   18   21   22   31   39   52   62   75   81   94  101
  117  125  143  150  165  168  178  175  177  174  174  176  181  182  182  176
  168  153  137  122  108   98   89   83   76   70   64   59   55   51   49   47
   45   41   40   37   37   34   37   38   43   44   46   45   44   40   38   36
   35   34   35   33   32   30   33   15   14                                   
    50.0-180.0 180.0   5.0 450.0                            LAT/LON1/LON2/DLON/H
   32   35   36   28   28   24   26   26   34   42   56   66   79   85  100  110
  124  133  149  156  168  173  183  182  185  183  186  189  195  195  196  188
  178  161  145  130  118  107   99   94   87   82   76   72   65   62   57   56
   53   51   49   47   47   45   49   49   55   54   58   54   55   48   48   44
   45   43   48   46   47   48   51   34   32                                   
    47.5-180.0 180.0   5.0 450.0                            LAT/LON1/LON2/DLON/H
   54   53   52   44   41   35   35   34   42   49   64   74   87   94  110  120
  137  144  160  164  175  179  189  190  192  192  195  200  204  204  202  193
  182  165  151  138  125  116  110  106   99   94   89   84   79   73   69   66
   64   62   62   61   61   61   63   66   69   69   70   68   64   60   58   56
   56   57   60   62   62   61   65   52   54                                   
    45.0-180.0 180.0   5.0 450.0                            LAT/LON1/LON2/DLON/H
   72   68   63   58   53   45   45   45   53   61   74   82   95  103  120  131
  147  155  168  174  183  189  197  198  202  202  205  207  209  204  202  191
  181  165  152  140  132  122  118  113  108  104   98   94   89   85   78   76
   73   73   73   71   74   72   76   75   80   77   80   74   75   69   70   65
   67   67   72   72   74   77   84   73   72                                   
    42.5-180.0 180.0   5.0 450.0                            LAT/LON1/LON2/DLON/H
   80   78   74   68   64   60   58   62   70   80   90   99  110  118  136  146
  163  169  181  184  194  197  205  206  209  210  210  211  208  201  195  185
  175  162  153  144  137  129  125  121  115  110  105  101   96   90   85   82
   80   80   79   80   81   80   80   81   82   82   80   80   78   78   76   76
   75   77   79   82   81   81   89   82   80                                   
    40.0-180.0 180.0   5.0 450.0                            LAT/LON1/LON2/DLON/H
   78   79   77   76   71   68   70   74   87   95  109  118  128  135  151  161
  176  182  193  197  204  206  212  214  216  215  213  209  204  192  186  176
  170  160  155  149  145  137  133  127  121  115  109  105   99   94   87   84
   81   82   81   82   82   80   81   79   82   80   81   80   82   82   82   80
   80   79   80   80   80   82   89   82   78                                   
    37.5-180.0 180.0   5.0 450.0                            LAT/LON1/LON2/DLON/H
   69   71   72   68   70   66   70   79   93  113  125  138  147  153  169  178
  193  197  207  209  215  215  219  222  223  222  217  212  204  191  185  178
  175  171  169  168  162  155  149  140  131  122  115  109  103   96   90   86
   83   82   81   82   80   79   77   79   77   78   77   80   81   83   83   82
   78   74   73   73   73   72   76   70   69                                   
    35.0-180.0 180.0   5.0 450.0                            LAT/LON1/LON2/DLON/H
   56   58   61   61   65   65   72   82  102  123  143  155  167  173  188  196
  208  211  221  222  225  226  229  231  231  229  223  215  207  196  193  190
  194  195  198  196  192  182  171  158  145  133  123  117  110  104   97   92
   87   86   82   81   78   77   75   75   76   77   77   80   82   85   84   79
   74   69   65   63   62   64   62   57   56                                   
    32.5-180.0 180.0   5.0 450.0                            LAT/LON1/LON2/DLON/H
   38   45   47   48   51   54   63   77   98  126  146  165  179  189  204  212
  224  227  236  237  238  237  238  238  239  234  232  225  224  218  220  225
  234  242  247  245  235  220  203  185  169  152  139  131  123  116  110  104
  100   96   93   89   87   83   82   83   83   84   84   86   87   88   85   80
   71   67   59   55   52   52   48   38   38                                   
    30.0-180.0 180.0   5.0 450.0                            LAT/LON1/LON2/DLON/H
   27   29   33   34   36   40   51   66   90  118  149  169  190  202  218  224
  237  239  249  249  252  249  249  247  247  245  245  245  249  253  264  277
  291  303  305  299  283  263  241  219  198  178  163  153  146  140  134  129
  124  118  114  108  105  102  102  102  104  103  104  102  102   99   95   88
   78   71   63   57   53   52   42   31   27                                   
    27.5-180.0 180.0   5.0 450.0                            LAT/LON1/LON2/DLON/H
   27   27   27   27   26   31   39   58   81  108  140  166  193  209  228  235
  250  253  261  261  263  259  257  253  256  255  266  273  292  304  327  345
  368  380  380  367  340  308  278  254  231  211  196  187  179  175  169  164
  156  150  142  134  129  126  126  127  128  127  126  123  120  115  108   99
   90   87   76   74   65   63   44   25   27                                   
    25.0-180.0 180.0   5.0 450.0                            LAT/LON1/LON2/DLON/H
   30   25   24   23   24   29   38   53   78  101  136  165  196  214  237  246
  264  266  277  276  278  272  269  265  268  279  295  315  340  362  392  420
  446  457  451  431  393  354  314  287  263  244  230  222  221  219  215  207
  199  187  179  167  162  156  158  158  160  157  153  148  145  138  127  116
  107  104   96   93   86   74   61   34   30                                   
    22.5-180.0 180.0   5.0 450.0                            LAT/LON1/LON2/DLON/H
   32   29   26   21   19   16   34   50   80  107  134  165  199  219  245  258
  277  279  289  288  289  280  278  276  283  298  326  351  390  416  463  491
  525  525  514  479  434  392  350  317  292  273  261  254  253  254  254  249
  243  233  221  210  201  193  191  189  188  182  177  170  166  157  149  137
  130  121  117  108   96   79   69   52   32                                   
    20.0-180.0 180.0   5.0 450.0                            LAT/LON1/LON2/DLON/H
   43   32   34   33   30   30   39   57   84  110  140  168  203  226  255  270
  292  295  307  304  302  294  291  293  303  327  358  393  440  475  525  546
  576  568  549  511  463  424  382  350  322  305  292  290  289  293  295  296
  291  279  265  248  241  233  227  219  212  204  196  187  181  175  167  161
  153  146  135  122  106   86   76   68   43                                   
    17.5-180.0 180.0   5.0 450.0                            LAT/LON1/LON2/DLON/H
   48   44   38   39   40   33   41   55   83  110  148  183  215  237  268  284
  308  313  323  320  318  309  308  313  329  356  393  428  481  512  562  581
  607  592  574  531  489  447  411  380  355  336  324  319  322  324  329  322
  318  305  293  276  269  257  256  245  240  227  218  206  198  189  184  176
  172  162  153  133  119   96   85   78   48                                   
    15.0-180.0 180.0   5.0 450.0                            LAT/LON1/LON2/DLON/H
   62   47   42   44   51   64   69   88  108  136  166  197  228  250  280  301
  327  333  343  337  334  329  329  341  357  390  428  469  513  543  583  596
  612  595  576  542  503  472  436  409  388  368  355  346  345  344  342  339
  334  324  313  302  292  282  275  266  256  244  232  218  208  198  191  183
  178  170  163  140  125   99   89   82   62                                   
    12.5-180.0 180.0   5.0 450.0                            LAT/LON1/LON2/DLON/H
   58   56   46   52   57   61   74   93  124  149  184  216  251  271  304  325
  351  359  366  361  358  354  361  375  400  433  468  500  537  556  586  588
  605  588  578  550  527  498  470  444  424  402  384  368  362  351  351  344
  341  331  323  314  306  296  290  278  263  251  236  224  212  203  196  186
  180  171  164  144  125  102   89   77   58                                   
    10.0-180.0 180.0   5.0 450.0                            LAT/LON1/LON2/DLON/H
   57   54   48   51   61   75  100  128  157  189  222  251  276  292  329  352
  380  385  397  392  393  393  403  424  448  479  502  528  551  562  575  573
  582  577  573  561  542  527  499  479  455  430  406  385  368  354  344  339
  334  328  320  316  309  307  292  275  258  244  229  218  207  199  194  185
  179  168  161  144  127   99   89   76   57                                   
     7.5-180.0 180.0   5.0 450.0                            LAT/LON1/LON2/DLON/H
   48   51   45   47   57   73  104  135  178  208  247  274  302  320  360  385
  414  422  433  434  435  444  454  479  496  517  531  548  562  561  570  560
