data/unet/pred2040.15i
     1.0            IONOSPHERE MAPS     GNSS                IONEX VERSION / TYPE
pyspatialgeodesy        IME             05-JAN-18 20:20     PGM / RUN BY / DATE 
Map Name                                                    COMMENT             
Predicted global ionosphere maps (GIM).                     DESCRIPTION         
  2015     7    23     0     0     0                        EPOCH OF FIRST MAP  
  2015     7    24     0     0     0                        EPOCH OF LAST MAP   
  7200                                                      INTERVAL            
    13                                                      # OF MAPS IN FILE   
  NONE                                                      MAPPING FUNCTION    
10.0                                                        ELEVATION CUTOFF    
One-way carrier phase leveled to code                       OBSERVABLES USED    
  6371.0                                                    BASE RADIUS         
 2                                                          MAP DIMENSION       
   450.0 450.0   0.0                                        HGT1 / HGT2 / DHGT  
    87.5 -87.5  -2.5                                        LAT1 / LAT2 / DLAT  
  -180.0 180.0   5.0                                        LON1 / LON2 / DLON  
    -1                                                      EXPONENT            
                                                            END OF HEADER       
[from data line 4290]
    11                                                      START OF TEC MAP    
  2015     7    23    20     0     0                        EPOCH OF CURRENT MAP
    87.5-180.0 180.0   5.0 450.0                            LAT/LON1/LON2/DLON/H
  174  152  136  141  137  138  136  138  137  139  137  139  137  139  136  138
  135  137  134  135  133  134  131  132  129  130  127  128  125  126  123  124
  122  123  121  122  120  122  120  121  120  122  120  122  121  123  122  123
  123  125  124  126  125  127  126  128  127  129  128  130  129  131  130  132
  131  133  132  133  133  135  134  160  174                                   
    85.0-180.0 180.0   5.0 450.0                            LAT/LON1/LON2/DLON/H
  132  136  135  139  139  138  139  138  140  139  140  139  140  139  139  137
  138  136  137  134  136  133  134  130  132  128  129  125  127  123  124  121
  122  119  120  117  119  116  118  116  117  116  118  116  119  118  121  119
  123  121  125  123  127  125  129  126  130  128  131  129  132  130  132  130
  133  131  134  132  134  131  132  152  132                                   
    82.5-180.0 180.0   5.0 450.0                            LAT/LON1/LON2/DLON/H
  134  134  137  140  139  140  139  143  142  145  143  147  145  148  145  147
  145  147  144  145  142  143  139  140  136  136  132  132  128  128  125  125
  121  122  118  119  116  117  115  116  114  116  115  118  117  120  120  124
  123  127  127  130  129  132  131  134  132  134  132  135  132  134  132  134
  132  134  132  135  132  132  128  139  134                                   
    80.0-180.0 180.0   5.0 450.0                            LAT/LON1/LON2/DLON/H
  136  129  130  131  130  131  133  135  138  139  141  142  144  144  146  145
  147  145  146  144  144  141  142  137  137  132  132  127  127  122  122  117
  117  113  114  110  111  107  109  105  108  105  109  107  111  111  115  115
  119  119  123  123  126  125  128  126  128  125  127  125  126  124  125  123
  124  123  124  123  125  122  119  131  136                                   
    77.5-180.0 180.0   5.0 450.0                            LAT/LON1/LON2/DLON/H
  127  124  122  124  125  126  129  131  134  136  139  141  143  144  146  147
  148  148  148  147  146  144  142  139  137  133  130  126  124  121  119  116
  114  112  110  107  105  103  101  100  100   99  100  101  103  105  108  110
  113  115  118  119  121  121  122  121  121  120  120  118  118  117  117  116
  116  116  116  116  117  116  112  119  127                                   
    75.0-180.0 180.0   5.0 450.0                            LAT/LON1/LON2/DLON/H
  122  115  117  120  121  124  127  129  133  135  139  142  145  147  150  151
  152  152  153  151  151  149  148  143  140  135  133  128  125  121  119  116
  114  111  110  106  104  101  100   97   97   96   98   97  101  102  106  108
  112  113  117  117  119  119  120  118  118  116  116  114  114  113  114  113
  113  113  114  112  115  111  110  120  122                                   
    72.5-180.0 180.0   5.0 450.0                            LAT/LON1/LON2/DLON/H
  119  117  117  119  120  122  125  128  131  134  139  142  145  147  151  151
  153  153  154  152  152  149  148  143  140  135  131  126  123  120  118  116
  114  112  110  107  104  102   99   98   95   96   95   96   97  100  103  105
  108  110  112  113  113  113  112  111  109  109  108  108  107  108  108  109
  109  111  111  112  112  112  108  118  119                                   
    70.0-180.0 180.0   5.0 450.0                            LAT/LON1/LON2/DLON/H
  122  115  117  119  119  121  125  126  131  134  139  142  146  148  152  153
  154  154  155  153  153  151  149  145  141  136  131  126  123  120  118  116
  116  113  113  109  108  104  103   99   99   97   98   97   99  100  103  105
  107  108  109  108  108  106  105  103  103  101  102  102  103  105  107  108
  110  111  113  112  116  113  110  123  122                                   
    67.5-180.0 180.0   5.0 450.0                            LAT/LON1/LON2/DLON/H
  127  123  121  121  121  121  124  127  131  134  139  142  146  148  151  151
  153  152  153  152  153  150  149  144  141  134  130  125  122  119  119  118
  117  116  115  113  110  108  105  104  102  101  100  100  101  102  103  104
  104  103  102  100   98   96   94   92   92   92   93   95   98  102  105  108
  111  113  115  117  118  119  114  125  127                                   
    65.0-180.0 180.0   5.0 450.0                            LAT/LON1/LON2/DLON/H
  135  128  127  128  127  126  129  129  134  136  141  144  148  150  152  152
  152  152  153  152  153  151  150  146  142  136  132  127  125  123  123  122
  122  120  120  116  115  112  111  108  108  107  107  106  106  106  106  104
  103  101   98   94   92   87   86   83   85   84   88   91   97  101  107  111
  114  116  119  120  123  122  121  134  135                                   
    62.5-180.0 180.0   5.0 450.0                            LAT/LON1/LON2/DLON/H
  143  139  136  135  133  132  132  134  136  139  143  146  149  150  152  152
  152  151  151  151  152  150  150  145  142  136  133  128  128  126  127  126
  127  125  124  121  119  117  116  115  115  114  114  113  112  110  108  104
  101   96   92   86   82   77   75   73   75   77   81   86   94  100  107  111
  117  119  122  123  126  128  124  138  143                                   
    60.0-180.0 180.0   5.0 450.0                            LAT/LON1/LON2/DLON/H
  150  144  144  145  144  141  141  140  142  143  146  148  151  152  152  152
  152  150  150  151  152  151  151  147  145  139  137  134  135  134  136  136
  136  133  131  127  126  123  124  123  125  124  124  122  120  116  113  107
  102   95   89   81   77   70   69   66   70   71   79   83   93   99  108  112
  118  120  124  125  129  129  130  145  150                                   
    57.5-180.0 180.0   5.0 450.0                            LAT/LON1/LON2/DLON/H
  155  154  154  156  154  151  150  148  148  147  149  150  153  153  154  153
  153  150  150  150  152  151  151  147  145  141  140  138  141  141  144  143
  143  140  137  134  132  131  131  131  134  133  133  130  126  121  116  109
  103   94   87   78   71   66   63   62   65   68   74   80   88   95  104  109
  115  118  122  124  128  130  130  145  155                                   
    55.0-180.0 180.0   5.0 450.0                            LAT/LON1/LON2/DLON/H
  159  159  162  167  166  165  163  160  157  155  154  154  155  156  155  155
  153  150  150  149  151  151  152  150  149  146  146  146  149  151  154  153
  153  149  146  142  141  139  141  141  143  143  141  137  133  126  120  112
  105   96   88   78   72   66   64   63   67   68   75   78   86   91  101  105
  112  116  120  122  127  130  133  150  159                                   
    52.5-180.0 180.0   5.0 450.0                            LAT/LON1/LON2/DLON/H
  162  164  168  175  177  175  175  171  168  162  160  157  158  158  159  157
  156  152  150  149  150  150  152  150  150  148  150  151  156  158  161  160
  159  155  152  148  148  148  150  151  152  151  147  141  136  127  121  112
  106   97   89   79   74   68   67   66   69   71   75   77   81   86   93   99
  106  111  116  119  125  130  132  148  162                                   
    50.0-180.0 180.0   5.0 450.0                            LAT/LON1/LON2/DLON/H
  162  165  173  181  184  187  186  184  178  172  166  163  161  161  160  160
  157  152  150  148  150  150  153  152  153  153  156  157  163  165  168  167
  166  162  160  157  158  158  161  161  162  158  154  147  141  132  125  117
  111  102   95   87   82   76   76   75   78   78   80   78   81   82   89   94
  103  109  116  120  126  132  136  154  162                                   
    47.5-180.0 180.0   5.0 450.0                            LAT/LON1/LON2/DLON/H
  164  166  173  184  190  193  197  195  190  182  175  169  167  166  166  164
  161  155  152  150  151  151  153  154  156  156  160  162  167  169  173  170
  170  166  166  165  167  169  171  171  170  165  159  150  142  133  127  119
  114  107  100   93   89   84   85   84   86   85   84   81   80   80   85   91
  100  108  116  121  128  133  136  152  164                                   
    45.0-180.0 180.0   5.0 450.0                            LAT/LON1/LON2/DLON/H
  163  166  174  184  191  199  204  205  201  195  186  179  175  173  171  170
  165  159  155  153  153  154  157  158  161  162  166  169  173  175  177  175
  174  172  173  174  178  179  183  180  179  171  165  156  148  139  133  126
  122  115  110  103  100   96   97   96   97   95   93   87   85   82   86   92
  102  112  122  128  135  141  144  161  163                                   
    42.5-180.0 180.0   5.0 450.0                            LAT/LON1/LON2/DLON/H
  165  165  170  180  190  199  208  212  212  207  199  191  186  182  180  177
  172  165  160  158  159  159  162  164  167  169  174  177  181  181  183  180
  181  179  183  184  189  191  194  190  187  178  170  160  152  144  138  132
  127  122  117  111  107  104  106  105  106  103  100   94   90   87   90   96
  106  117  127  133  142  147  149  164  165                                   
    40.0-180.0 180.0   5.0 450.0                            LAT/LON1/LON2/DLON/H
  165  165  169  177  186  199  209  217  220  218  211  204  198  193  189  186
  180  173  168  167  168  168  171  173  177  179  186  188  192  192  193  190
  192  192  197  198  203  203  206  201  197  188  181  170  163  154  149  143
  139  132  128  121  119  114  116  114  115  112  108  102   99   95   98  104
  114  125  135  144  152  156  158  174  165                                   
    37.5-180.0 180.0   5.0 450.0                            LAT/LON1/LON2/DLON/H
  170  167  166  172  182  193  207  218  226  228  225  219  213  207  202  197
  191  184  179  177  179  180  182  184  189  193  200  203  207  208  208  207
  209  210  214  214  217  216  217  211  205  197  189  180  173  164  158  152
  146  140  134  129  123  120  120  119  118  117  113  111  108  106  108  113
  122  132  142  150  158  162  163  178  170                                   
    35.0-180.0 180.0   5.0 450.0                            LAT/LON1/LON2/DLON/H
  170  170  169  173  179  192  205  218  229  236  237  234  228  224  216  212
  205  198  194  193  194  194  196  198  204  208  218  222  227  227  230  229
  233  233  236  233  234  230  229  222  216  207  200  190  184  174  168  160
  154  148  142  134  130  124  125  122  122  121  120  118  119  118  121  125
  131  140  149  157  164  169  172  186  170                                   
    32.5-180.0 180.0   5.0 450.0                            LAT/LON1/LON2/DLON/H
  176  175  172  174  179  188  202  215  230  243  249  251  247  242  236  230
  223  215  211  209  209  208  210  211  218  224  235  240  247  249  253  255
  258  258  255  250  245  239  235  227  220  212  204  196  190  181  172  164
  157  150  142  135  129  126  123  122  120  120  119  122  124  127  128  131
  135  142  149  157  165  172  175  191  176                                   
    30.0-180.0 180.0   5.0 450.0                            LAT/LON1/LON2/DLON/H
  179  183  182  183  184  192  202  215  232  247  258  264  263  260  254  249
  243  236  230  227  225  223  223  225  233  241  254  261  270  275  281  283
  287  281  275  261  253  242  238  227  221  212  206  198  192  181  173  162
  155  146  140  131  127  121  121  118  117  116  118  123  128  131  133  134
  136  142  149  157  166  173  179  196  179                                   
    27.5-180.0 180.0   5.0 450.0                            LAT/LON1/LON2/DLON/H
  187  194  192  192  193  196  205  217  235  253  266  276  279  279  275  271
  266  258  252  246  243  238  237  238  247  257  271  280  291  297  303  306
  305  299  284  265  250  240  232  221  215  207  201  193  186  176  166  156
  147  140  132  127  121  118  116  113  111  111  113  119  124  128  129  129
  129  134  142  152  162  174  180  199  187                                   
    25.0-180.0 180.0   5.0 450.0                            LAT/LON1/LON2/DLON/H
  193  205  207  208  206  208  213  224  241  260  276  288  293  297  296  294
  290  282  275  269  263  258  254  256  263  275  289  301  311  316  319  319
  318  306  289  263  246  232  224  212  206  197  192  183  176  164  154  144
  135  128  121  115  112  108  109  104  103  103  106  112  118  121  121  121
  123  128  138  149  161  174  182  201  193                                   
    22.5-180.0 180.0   5.0 450.0                            LAT/LON1/LON2/DLON/H
  201  214  216  218  217  217  222  231  248  266  283  297  305  312  314  315
  314  308  300  291  284  276  272  271  279  290  305  316  324  326  327  327
  321  308  284  257  236  220  211  199  193  183  177  166  160  147  138  126
  120  112  106  101   99   98   98   95   94   93   97  101  107  108  109  108
  112  119  131  144  160  176  183  204  201                                   
    20.0-180.0 180.0   5.0 450.0                            LAT/LON1/LON2/DLON/H
  207  224  228  231  229  232  234  245  258  276  291  306  316  325  330  335
  335  330  323  315  305  298  291  291  296  309  320  330  334  334  332  327
  319  301  278  248  227  208  199  186  180  169  162  152  144  131  119  109
  103   96   91   86   86   86   89   85   86   83   86   90   94   95   97   97
  104  114  130  145  162  179  187  207  207                                   
    17.5-180.0 180.0   5.0 450.0                            LAT/LON1/LON2/DLON/H
  213  228  234  236  237  239  244  253  266  281  297  311  323  335  342  349
  350  348  342  336  327  319  312  310  315  324  333  338  339  337  331  324
  311  293  267  240  217  199  188  176  167  156  149  137  130  115  104   93
   88   82   78   75   74   76   79   78   78   75   77   79   81   82   83   86
   95  109  127  144  163  181  188  207  213                                   
    15.0-180.0 180.0   5.0 450.0                            LAT/LON1/LON2/DLON/H
  216  234  239  242  242  249  254  266  274  290  303  319  331  345  354  361
  363  361  357  354  346  341  333  333  335  341  343  345  342  337  327  315
  301  279  258  230  212  194  184  170  161  150  141  132  122  110   95   86
   78   75   69   67   66   68   73   72   73   68   68   69   71   69   73   77
   90  106  128  147  166  184  193  211  216                                   
    12.5-180.0 180.0   5.0 450.0                            LAT/LON1/LON2/DLON/H
  220  234  239  241  244  250  259  269  280  292  306  320  334  348  359  368
  372  371  369  367  363  361  355  354  354  356  354  352  344  336  322  308
  290  270  250  227  209  194  181  168  157  146  139  129  121  107   94   83
   77   71   66   63   61   63   67   68   68   64   61   62   60   61   63   69
   83  101  123  143  163  182  192  208  220                                   
    10.0-180.0 180.0   5.0 450.0                            LAT/LON1/LON2/DLON/H
  220  234  240  242  245  255  264  277  285  298  308  320  332  347  359  367
  374  374  374  375  375  375  373  372  370  368  362  356  345  333  317  298
  281  259  245  221  209  194  185  169  159  148  141  132  123  109   94   84
   75   70   64   60   57   60   65   66   67   60   58   55   56   55   59   64
   79   97  119  139  159  178  192  208  220                                   
     7.5-180.0 180.0   5.0 450.0                            LAT/LON1/LON2/DLON/H
  220  234  239  243  246  254  265  277  287  297  306  315  327  340  353  362
  371  374  377  381  382  385  384  384  383  379  370  361  348  333  314  293
