data/unet/pred3650.15i
     1.0            IONOSPHERE MAPS     GNSS                IONEX VERSION / TYPE
pyspatialgeodesy        IME             05-JAN-18 20:20     PGM / RUN BY / DATE 
Map Name                                                    COMMENT             
Predicted global ionosphere maps (GIM).                     DESCRIPTION         
  2015    12    31     0     0     0                        EPOCH OF FIRST MAP  
  2015    12    31    22     0     0                        EPOCH OF LAST MAP   
  7200                                                      INTERVAL            
    12                                                      # OF MAPS IN FILE   
  NONE                                                      MAPPING FUNCTION    
10.0                                                        ELEVATION CUTOFF    
One-way carrier phase leveled to code                       OBSERVABLES USED    
  6371.0                                                    BASE RADIUS         
 2                                                          MAP DIMENSION       
   450.0 450.0   0.0                                        HGT1 / HGT2 / DHGT  
    87.5 -87.5  -2.5                                        LAT1 / LAT2 / DLAT  
  -180.0 180.0   5.0                                        LON1 / LON2 / DLON  
    -1                                                      EXPONENT            
                                                            END OF HEADER       
[from data line 3861]
    10                                                      START OF TEC MAP    
  2015    12    31    18     0     0                        EPOCH OF CURRENT MAP
    87.5-180.0 180.0   5.0 450.0                            LAT/LON1/LON2/DLON/H
  100   69   66   70   66   67   65   67   66   67   66   67   66   67   66   67
   65   65   64   63   62   61   60   58   58   56   56   54   54   53   53   52
   52   51   51   50   51   51   51   51   51   52   52   53   54   54   55   56
   57   58   59   60   60   61   61   62   62   63   63   63   63   63   63   63
   63   63   63   63   66   63   67   84  100                                   
    85.0-180.0 180.0   5.0 450.0                            LAT/LON1/LON2/DLON/H
   55   54   53   59   57   60   57   60   59   62   60   62   61   63   60   62
   59   60   57   58   55   55   52   52   50   50   48   48   46   46   44   44
   42   43   40   41   39   41   38   40   38   41   39   42   40   44   42   45
   44   48   47   50   49   51   50   52   51   53   52   53   52   53   51   52
   50   53   50   51   53   51   62   67   55                                   
    82.5-180.0 180.0   5.0 450.0                            LAT/LON1/LON2/DLON/H
   50   49   48   55   54   57   55   60   58   63   61   65   63   67   64   66
   63   65   61   61   57   57   52   52   48   48   44   44   41   42   38   39
   36   37   33   35   32   34   31   33   31   34   32   36   34   39   37   42
   41   46   44   48   47   51   50   53   51   54   52   54   51   53   50   52
   48   51   46   49   47   46   47   40   50                                   
    80.0-180.0 180.0   5.0 450.0                            LAT/LON1/LON2/DLON/H
   42   42   44   50   50   54   54   59   59   64   64   67   67   70   70   71
   70   70   67   65   61   59   54   51   47   44   41   38   36   34   33   32
   31   30   29   28   28   27   26   26   26   27   28   29   31   34   35   38
   40   43   44   47   48   51   51   53   52   54   52   53   51   51   49   49
   47   46   44   43   42   35   43   35   42                                   
    77.5-180.0 180.0   5.0 450.0                            LAT/LON1/LON2/DLON/H
   32   33   35   38   40   43   45   49   51   55   57   61   64   67   70   71
   72   71   70   67   64   59   55   50   46   41   38   35   34   30   31   28
   29   26   27   24   24   21   22   19   20   19   22   22   25   27   31   33
   36   39   42   44   47   48   51   51   52   52   53   51   52   49   49   45
   45   41   41   37   36   31   33   27   32                                   
    75.0-180.0 180.0   5.0 450.0                            LAT/LON1/LON2/DLON/H
   29   28   30   33   34   39   39   45   46   51   54   59   62   67   71   74
   75   77   75   74   69   66   58   54   46   43   36   35   31   31   29   29
   28   27   25   24   20   19   16   15   14   15   16   18   20   24   27   30
   33   37   39   42   43   46   46   48   48   50   49   49   48   47   46   43
   41   39   36   33   32   26   34   28   29                                   
    72.5-180.0 180.0   5.0 450.0                            LAT/LON1/LON2/DLON/H
   30   28   29   30   32   34   36   40   42   47   50   56   62   67   74   78
   84   84   87   83   80   72   66   57   50   44   40   35   34   32   34   32
   32   29   29   24   22   17   15   12   12   10   13   14   18   20   25   27
   32   32   37   36   40   40   43   42   45   44   48   46   48   45   47   42
   42   37   38   32   32   27   33   24   30                                   
    70.0-180.0 180.0   5.0 450.0                            LAT/LON1/LON2/DLON/H
   33   29   32   33   32   35   36   39   41   46   49   56   61   69   77   84
   91   95   97   95   90   84   74   68   57   52   44   42   37   38   36   38
   35   34   30   27   21   18   13   11    8   10   10   13   16   21   24   28
   30   32   33   34   35   36   36   37   38   40   41   42   43   43   43   41
   40   38   36   33   34   27   36   28   33                                   
    67.5-180.0 180.0   5.0 450.0                            LAT/LON1/LON2/DLON/H
   35   32   33   35   35   36   36   40   41   46   49   57   65   73   85   93
  103  108  112  110  106   96   86   76   65   58   52   47   44   43   44   43
   42   38   35   28   22   16   12    9    8    8   11   12   17   20   25   26
   29   27   29   27   28   27   29   29   31   32   36   37   40   40   42   40
   42   39   39   35   36   31   37   27   35                                   
    65.0-180.0 180.0   5.0 450.0                            LAT/LON1/LON2/DLON/H
   38   35   35   37   38   38   39   41   43   48   52   60   68   79   90  101
  112  119  124  123  118  111   99   89   76   69   60   56   51   51   49   49
   45   42   36   29   21   17   10   10    7   11   11   16   17   23   24   29
   26   27   24   23   21   21   21   23   24   28   30   34   36   39   39   40
   40   40   38   38   38   30   40   31   38                                   
    62.5-180.0 180.0   5.0 450.0                            LAT/LON1/LON2/DLON/H
   36   35   36   39   40   41   42   44   47   52   57   66   76   87  100  111
  123  130  137  135  133  122  113   99   88   78   70   64   60   58   58   55
   52   45   39   30   22   15   11   11    9   12   15   18   21   23   26   25
   26   22   22   17   18   15   17   17   21   22   28   29   34   35   39   38
   41   39   40   37   38   33   39   27   36                                   
    60.0-180.0 180.0   5.0 450.0                            LAT/LON1/LON2/DLON/H
   35   35   34   40   41   44   45   49   52   58   64   75   84   96  108  119
  128  136  142  142  139  131  122  110   97   88   79   75   69   67   64   61
   55   49   40   31   21   18   13   15   12   17   17   24   23   28   26   27
   24   22   20   17   16   14   16   16   19   22   27   30   33   35   38   37
   38   38   37   37   37   29   38   27   35                                   
    57.5-180.0 180.0   5.0 450.0                            LAT/LON1/LON2/DLON/H
   32   33   34   39   42   46   48   54   58   67   74   86   96  106  118  127
  136  142  148  147  144  137  129  118  108   98   91   86   83   79   76   70
   61   52   43   33   24   20   17   19   19   23   25   29   29   30   30   28
   26   21   21   18   18   16   19   18   24   24   31   32   36   36   39   37
   39   37   39   36   36   30   36   21   32                                   
    55.0-180.0 180.0   5.0 450.0                            LAT/LON1/LON2/DLON/H
   32   34   33   40   43   49   53   61   67   77   86   98  106  117  125  134
  139  145  147  148  144  139  132  124  115  107  102   99   94   91   85   79
   67   59   46   38   30   27   25   27   28   32   34   37   36   37   34   32
   28   26   25   23   23   22   25   26   30   33   37   39   40   41   41   40
   40   39   38   37   36   29   38   23   32                                   
    52.5-180.0 180.0   5.0 450.0                            LAT/LON1/LON2/DLON/H
   33   34   35   42   46   54   59   69   78   89   99  109  118  125  133  138
  143  145  148  147  145  139  135  128  123  117  116  112  110  104   98   89
   77   64   53   43   38   34   34   37   39   43   45   47   46   44   41   38
   36   32   33   30   33   31   36   37   42   43   47   46   48   46   47   44
   45   42   43   40   39   34   40   23   33                                   
    50.0-180.0 180.0   5.0 450.0                            LAT/LON1/LON2/DLON/H
   38   39   40   46   50   60   66   78   89  101  111  120  128  133  139  142
  145  146  149  147  145  139  136  132  129  126  126  124  121  115  108   98
   84   71   58   51   47   45   47   49   52   54   56   57   56   54   51   49
   44   44   41   43   43   46   48   52   54   57   56   56   54   53   52   51
   50   49   48   48   45   38   45   31   38                                   
    47.5-180.0 180.0   5.0 450.0                            LAT/LON1/LON2/DLON/H
   44   45   45   53   57   68   75   89  101  113  124  131  137  140  144  146
  148  149  150  149  146  142  139  137  135  133  136  133  131  124  116  103
   89   75   64   58   56   54   57   58   61   63   64   66   65   64   62   60
   58   56   56   56   58   59   64   66   69   68   68   65   63   59   60   56
   57   54   56   53   52   46   52   37   44                                   
    45.0-180.0 180.0   5.0 450.0                            LAT/LON1/LON2/DLON/H
   51   52   51   60   64   76   85   99  111  124  134  139  144  145  149  150
  153  153  155  152  151  146  145  142  141  141  141  139  135  128  119  105
   90   79   69   64   63   64   67   68   69   71   73   73   75   75   74   74
   71   71   68   70   69   74   74   79   77   77   73   70   66   65   63   63
   62   61   61   61   59   54   61   51   51                                   
    42.5-180.0 180.0   5.0 450.0                            LAT/LON1/LON2/DLON/H
   51   54   57   65   72   83   93  108  122  135  144  148  152  151  155  155
  158  159  161  160  158  156  153  151  148  146  146  142  138  128  119  104
   90   78   72   70   70   71   73   72   73   73   75   76   80   80   83   82
   82   81   80   80   80   81   83   84   84   80   77   71   68   66   68   64
   66   62   64   62   64   59   66   56   51                                   
    40.0-180.0 180.0   5.0 450.0                            LAT/LON1/LON2/DLON/H
   56   58   61   72   78   91  102  117  131  144  153  157  159  158  162  161
  166  165  170  168  170  167  166  161  157  152  148  144  136  127  116  104
   91   83   78   77   79   79   80   78   78   76   79   80   86   87   91   91
   89   89   84   86   81   86   84   87   83   80   73   70   66   67   67   67
   66   64   63   63   63   60   68   62   56                                   
    37.5-180.0 180.0   5.0 450.0                            LAT/LON1/LON2/DLON/H
   50   56   61   72   82   94  108  123  138  152  161  165  168  166  170  170
  172  174  179  182  182  182  178  173  165  159  153  146  137  127  120  108
   99   92   90   90   89   88   87   84   82   79   81   84   89   91   95   94
   94   90   88   85   84   83   84   83   81   76   71   66   64   64   67   65
   65   60   59   57   58   56   64   56   50                                   
    35.0-180.0 180.0   5.0 450.0                            LAT/LON1/LON2/DLON/H
   50   55   61   75   84   99  111  129  144  159  168  173  175  175  178  178
  182  184  190  194  196  196  192  185  175  166  157  151  142  135  128  120
  115  112  110  108  107  102  101   94   91   87   90   91   96   97  100   98
   95   92   85   85   78   83   79   82   76   74   67   65   62   65   67   66
   64   58   54   51   50   49   58   54   50                                   
    32.5-180.0 180.0   5.0 450.0                            LAT/LON1/LON2/DLON/H
   41   48   57   71   84   97  113  130  148  164  175  181  185  185  188  188
  191  193  198  204  205  206  201  193  182  173  166  161  156  152  150  146
  145  142  140  134  129  122  117  109  103   99  100  101  103  103  103   98
   94   88   84   80   78   78   79   78   76   72   67   64   63   64   68   65
   62   54   49   44   44   43   50   42   41                                   
    30.0-180.0 180.0   5.0 450.0                            LAT/LON1/LON2/DLON/H
   41   50   57   73   84   99  113  131  149  166  178  186  192  195  197  198
  199  200  204  209  212  212  207  201  190  184  178  179  177  180  182  184
  184  181  176  168  159  146  141  129  125  116  117  114  116  112  109  101
   96   89   84   81   78   81   79   81   77   75   69   67   66   69   70   68
   64   56   48   43   38   38   45   37   41                                   
    27.5-180.0 180.0   5.0 450.0                            LAT/LON1/LON2/DLON/H
   43   48   58   73   87   99  117  132  153  168  183  191  198  201  206  206
  204  202  205  209  212  211  208  203  197  195  197  205  212  221  230  234
  234  227  219  205  190  174  164  153  146  138  135  131  129  121  115  105
   98   90   87   84   83   85   85   87   84   81   77   74   72   73   73   71
   67   59   51   43   39   37   43   30   43                                   
    25.0-180.0 180.0   5.0 450.0                            LAT/LON1/LON2/DLON/H
   51   56   64   80   94  107  122  137  156  170  184  194  203  209  214  213
  208  203  202  206  208  209  207  207  206  214  222  240  253  270  279  286
  282  274  260  242  223  202  190  176  171  160  158  149  147  135  127  114
  108  100   96   93   92   94   94   97   93   91   86   84   80   80   79   76
   72   67   57   49   43   41   45   34   51                                   
    22.5-180.0 180.0   5.0 450.0                            LAT/LON1/LON2/DLON/H
   62   61   73   90  106  120  134  148  165  178  190  200  209  216  220  217
  209  201  200  200  203  203  206  209  218  232  253  274  297  310  325  325
  321  306  292  273  250  225  210  196  187  177  170  163  157  147  138  126
  118  111  107  103  102  103  104  105  103  100   97   94   91   89   87   83
   79   73   66   56   52   49   49   38   62                                   
    20.0-180.0 180.0   5.0 450.0                            LAT/LON1/LON2/DLON/H
   71   71   82  100  117  133  147  160  176  189  200  208  218  224  229  223
  212  202  197  197  199  203  208  220  235  259  284  309  329  343  351  350
  339  324  306  287  263  237  220  205  197  186  180  172  168  157  150  138
  132  123  120  114  112  110  110  110  108  107  103  101   98   95   90   87
   84   80   73   66   58   59   56   46   71                                   
    17.5-180.0 180.0   5.0 450.0                            LAT/LON1/LON2/DLON/H
   79   80   91  109  128  146  163  175  193  205  216  223  231  238  239  233
  219  206  201  197  201  205  217  232  257  282  315  336  359  364  378  368
  362  340  324  300  276  246  227  210  198  189  180  173  167  160  153  146
  141  135  131  124  119  115  112  111  110  108  107  105  102   98   94   89
   87   84   80   74   69   66   62   50   79                                   
    15.0-180.0 180.0   5.0 450.0                            LAT/LON1/LON2/DLON/H
   80   84   92  114  131  153  171  191  208  223  234  242  249  254  256  247
  234  219  212  208  210  219  234  255  282  312  339  359  373  378  381  369
  359  338  321  298  274  247  225  207  194  184  175  169  164  157  153  147
  147  141  139  129  124  116  112  108  107  105  104  103  101   97   93   89
   88   87   85   81   73   75   68   54   80                                   
    12.5-180.0 180.0   5.0 450.0                            LAT/LON1/LON2/DLON/H
   77   85   95  119  139  162  187  209  232  245  256  263  270  274  275  269
  255  241  232  225  229  237  255  278  309  333  359  373  383  379  380  363
  353  334  320  298  277  250  229  208  192  180  168  162  155  150  147  145
  147  146  143  136  128  121  114  110  107  106  103  104  100   97   91   88
   87   86   87   82   78   75   70   51   77                                   
    10.0-180.0 180.0   5.0 450.0                            LAT/LON1/LON2/DLON/H
   75   86   97  120  141  170  201  227  253  270  281  287  293  299  302  296
  285  271  261  254  256  265  281  305  332  356  374  380  382  372  365  346
  336  321  312  295  276  257  234  213  195  178  168  157  153  146  146  143
  150  149  149  141  133  124  118  112  109  106  106  103  101   94   91   86
   86   86   87   86   79   79   71   47   75                                   
     7.5-180.0 180.0   5.0 450.0                            LAT/LON1/LON2/DLON/H
   65   82   97  122  147  180  213  246  273  294  303  315  322  328  327  324
  316  304  294  288  287  293  309  329  352  370  381  382  376  363  353  337
