data/unet/pred2030.15i
     1.0            IONOSPHERE MAPS     GNSS                IONEX VERSION / TYPE
pyspatialgeodesy        IME             05-JAN-18 20:20     PGM / RUN BY / DATE 
Map Name                                                    COMMENT             
Predicted global ionosphere maps (GIM).                     DESCRIPTION         
  2015     7    22     0     0     0                        EPOCH OF FIRST MAP  
  2015     7    23     0     0     0                        EPOCH OF LAST MAP   
  7200                                                      INTERVAL            
    13                                                      # OF MAPS IN FILE   
  NONE                                                      MAPPING FUNCTION    
10.0                                                        ELEVATION CUTOFF    
One-way carrier phase leveled to code                       OBSERVABLES USED    
  6371.0                                                    BASE RADIUS         
 2                                                          MAP DIMENSION       
   450.0 450.0   0.0                                        HGT1 / HGT2 / DHGT  
    87.5 -87.5  -2.5                                        LAT1 / LAT2 / DLAT  
  -180.0 180.0   5.0                                        LON1 / LON2 / DLON  
    -1                                                      EXPONENT            
                                                            END OF HEADER       
[from data line 4719]
    12                                                      START OF TEC MAP    
  2015     7    22    22     0     0                        EPOCH OF CURRENT MAP
    87.5-180.0 180.0   5.0 450.0                            LAT/LON1/LON2/DLON/H
  186  145  134  135  135  133  135  133  134  133  134  132  134  132  133  131
  133  130  132  130  131  129  130  128  129  127  128  126  127  126  126  125
  126  125  125  124  124  124  124  124  124  124  125  125  125  125  126  126
  127  127  128  127  129  128  129  129  130  129  131  130  131  130  131  130
  131  131  132  131  132  132  137  165  186                                   
    85.0-180.0 180.0   5.0 450.0                            LAT/LON1/LON2/DLON/H
  138  135  136  141  140  140  140  141  140  140  139  140  139  139  138  138
  137  136  136  135  134  133  132  131  130  129  127  126  125  124  123  122
  121  121  120  120  120  119  119  119  119  120  120  121  122  122  123  124
  125  126  126  127  128  129  129  129  130  131  131  131  132  132  132  132
  133  133  134  134  135  135  136  151  138                                   
    82.5-180.0 180.0   5.0 450.0                            LAT/LON1/LON2/DLON/H
  131  136  139  141  142  141  142  142  143  141  142  141  142  140  142  140
  141  139  140  138  139  136  137  134  134  131  130  127  127  124  124  121
  121  118  119  117  118  116  118  116  118  117  120  119  122  121  124  124
  127  126  128  128  130  130  130  130  131  131  131  131  131  131  132  131
  133  132  134  134  135  135  137  144  131                                   
    80.0-180.0 180.0   5.0 450.0                            LAT/LON1/LON2/DLON/H
  132  138  136  140  139  140  140  141  141  141  141  142  141  141  141  142
  142  141  141  141  141  139  138  137  135  132  130  127  125  123  120  118
  116  115  114  113  112  112  112  112  113  113  114  116  117  119  120  122
  124  125  126  127  127  128  127  128  126  127  126  127  125  126  126  127
  126  128  128  129  131  133  132  136  132                                   
    77.5-180.0 180.0   5.0 450.0                            LAT/LON1/LON2/DLON/H
  127  136  134  136  137  138  140  140  142  141  143  142  144  143  145  144
  147  145  147  145  147  144  144  141  140  136  134  129  127  123  122  118
  117  114  114  112  112  111  111  111  112  112  114  115  117  118  120  121
  124  124  126  126  126  126  126  124  124  122  123  121  122  120  122  121
  122  122  124  124  127  126  128  129  127                                   
    75.0-180.0 180.0   5.0 450.0                            LAT/LON1/LON2/DLON/H
  123  133  131  137  136  139  139  143  142  144  144  147  146  149  148  151
  151  152  152  153  152  152  149  148  143  140  135  132  127  125  121  120
  117  117  114  114  111  112  110  111  110  112  111  113  113  117  117  120
  120  123  122  124  123  123  121  121  118  119  116  117  115  117  115  117
  116  119  118  121  121  124  126  129  123                                   
    72.5-180.0 180.0   5.0 450.0                            LAT/LON1/LON2/DLON/H
  121  132  131  135  137  137  140  141  144  144  146  146  149  149  151  151
  154  153  156  154  156  153  153  148  146  140  137  131  129  124  123  119
  119  116  117  115  116  113  114  111  112  110  111  110  112  113  115  116
  119  119  121  120  120  119  118  116  115  113  113  112  113  112  114  114
  116  116  118  118  121  121  124  127  121                                   
    70.0-180.0 180.0   5.0 450.0                            LAT/LON1/LON2/DLON/H
  120  132  131  136  136  139  140  143  144  147  147  151  152  154  154  156
  157  158  158  159  159  158  154  152  147  143  136  133  128  126  122  122
  120  120  119  119  117  117  113  113  110  110  107  108  107  110  110  113
  113  116  114  116  114  114  111  111  109  110  108  110  109  112  112  115
  115  118  118  120  121  122  124  129  120                                   
    67.5-180.0 180.0   5.0 450.0                            LAT/LON1/LON2/DLON/H
  122  134  133  136  137  138  141  142  145  145  149  150  153  153  156  155
  159  157  160  158  160  156  156  150  148  141  137  131  129  125  126  124
  125  123  124  123  122  119  117  113  112  108  107  104  104  104  105  106
  108  108  109  108  108  107  106  105  106  106  107  108  111  113  116  117
  120  120  123  123  125  124  125  130  122                                   
    65.0-180.0 180.0   5.0 450.0                            LAT/LON1/LON2/DLON/H
  126  138  137  140  140  141  142  145  146  149  150  154  155  158  158  160
  160  161  161  162  161  159  156  153  148  143  137  135  131  131  130  131
  130  131  130  129  126  124  118  116  110  108  104  102  100  100   99  100
  100  101  100  101   99  100   99  101  101  104  105  110  112  117  119  123
  124  126  127  128  129  128  129  135  126                                   
    62.5-180.0 180.0   5.0 450.0                            LAT/LON1/LON2/DLON/H
  133  145  142  145  144  143  145  145  148  148  152  153  157  156  160  158
  161  159  161  158  160  156  156  151  149  143  141  136  137  135  137  136
  138  136  136  133  131  126  122  116  112  107  104   99   97   94   94   93
   93   92   92   91   92   92   94   95   98  102  106  111  115  120  123  126
  128  129  131  131  134  132  133  138  133                                   
    60.0-180.0 180.0   5.0 450.0                            LAT/LON1/LON2/DLON/H
  141  152  150  153  151  150  149  151  150  152  152  156  157  159  160  162
  161  162  161  162  161  160  157  155  152  148  145  145  144  145  145  147
  146  145  142  140  135  131  124  120  114  110  105  101   97   94   92   90
   88   88   85   86   84   87   88   92   95  101  105  112  116  122  125  129
  131  133  133  135  136  136  137  145  141                                   
    57.5-180.0 180.0   5.0 450.0                            LAT/LON1/LON2/DLON/H
  149  159  159  160  158  156  155  153  153  152  154  154  157  157  160  159
  160  158  160  158  160  157  158  154  155  150  152  150  154  153  156  153
  154  150  148  142  139  133  128  122  118  112  109  103  100   95   92   88
   87   84   82   81   80   82   85   89   95  101  107  113  118  123  126  129
  132  133  135  135  139  139  139  148  149                                   
    55.0-180.0 180.0   5.0 450.0                            LAT/LON1/LON2/DLON/H
  157  167  168  171  168  166  164  163  159  158  156  157  157  158  158  160
  159  159  158  160  159  160  159  160  159  158  158  161  163  165  165  164
  161  156  151  147  142  137  133  128  124  119  116  110  105  100   95   91
   87   84   80   80   77   81   83   89   94  103  108  115  118  123  126  129
  131  134  135  136  140  141  144  156  157                                   
    52.5-180.0 180.0   5.0 450.0                            LAT/LON1/LON2/DLON/H
  163  173  175  178  177  176  175  171  167  162  160  157  157  156  158  157
  158  156  158  157  159  158  161  160  162  161  165  165  171  171  173  168
  166  158  154  147  144  138  136  131  129  124  122  115  110  103   98   93
   89   85   81   78   77   79   83   89   96  104  111  116  120  123  126  129
  132  135  137  138  142  143  145  159  163                                   
    50.0-180.0 180.0   5.0 450.0                            LAT/LON1/LON2/DLON/H
  167  178  182  187  188  189  187  185  179  174  166  164  160  159  158  158
  157  158  157  160  160  163  163  166  167  169  170  174  177  180  179  175
  170  163  157  151  148  144  141  138  136  133  130  125  118  111  104   99
   93   89   85   82   80   82   85   93   99  108  113  120  122  125  128  132
  136  140  143  144  147  148  150  165  167                                   
    47.5-180.0 180.0   5.0 450.0                            LAT/LON1/LON2/DLON/H
  171  182  185  193  196  199  199  196  191  183  176  169  165  161  160  158
  159  157  160  160  163  164  167  167  171  171  175  177  182  182  183  176
  173  164  160  154  153  148  147  143  142  139  137  130  124  116  109  103
   98   94   89   86   84   85   89   95  104  111  119  122  126  129  134  139
  145  149  152  152  154  154  153  169  171                                   
    45.0-180.0 180.0   5.0 450.0                            LAT/LON1/LON2/DLON/H
  174  185  188  196  201  206  208  209  204  198  188  182  174  171  166  165
  163  163  164  166  168  171  173  175  176  177  179  182  185  185  183  178
  173  167  163  159  158  155  153  151  150  148  145  140  132  124  116  112
  105  102   97   94   90   92   93  101  107  116  122  129  131  136  141  149
  156  162  165  165  165  162  162  177  174                                   
    42.5-180.0 180.0   5.0 450.0                            LAT/LON1/LON2/DLON/H
  178  187  189  197  202  210  215  216  214  208  201  194  188  181  177  172
  171  169  171  171  175  175  179  179  182  182  184  185  187  185  185  179
  176  171  169  166  166  163  163  159  158  155  153  146  139  130  123  118
  113  108  103   99   96   95   99  103  112  118  127  132  138  144  153  161
  171  178  182  181  179  174  168  186  178                                   
    40.0-180.0 180.0   5.0 450.0                            LAT/LON1/LON2/DLON/H
  184  189  191  198  203  211  216  221  221  221  214  211  203  198  189  185
  180  180  180  181  184  185  188  190  192  192  193  193  193  190  187  183
  180  176  176  174  175  172  171  168  166  163  161  155  147  139  131  128
  122  119  112  108  102  101  101  106  112  121  129  138  145  154  164  175
  184  194  197  197  194  186  181  196  184                                   
    37.5-180.0 180.0   5.0 450.0                            LAT/LON1/LON2/DLON/H
  192  193  193  197  202  209  217  223  227  227  227  225  220  213  205  198
  194  191  192  191  194  195  198  200  203  204  205  203  201  196  194  190
  188  186  186  185  185  181  180  176  174  171  167  161  154  146  140  135
  132  126  121  113  107  103  104  106  113  120  130  140  151  161  174  186
  198  207  213  212  210  202  191  210  192                                   
    35.0-180.0 180.0   5.0 450.0                            LAT/LON1/LON2/DLON/H
  202  199  197  202  204  211  217  226  231  240  239  243  237  234  224  217
  211  208  208  207  210  210  214  216  219  220  221  216  213  206  203  199
  199  197  199  195  195  188  187  182  182  178  176  168  162  153  147  142
  136  132  123  116  108  104  103  105  110  118  129  141  155  168  182  195
  208  219  226  227  226  218  210  225  202                                   
    32.5-180.0 180.0   5.0 450.0                            LAT/LON1/LON2/DLON/H
  216  211  205  206  207  214  221  229  239  248  254  257  255  250  242  234
  228  224  223  221  222  223  226  230  235  235  236  229  225  217  215  211
  210  208  209  204  201  194  190  187  185  184  180  175  168  160  154  147
  142  134  127  117  110  104  103  102  107  113  125  139  155  171  187  200
  214  226  235  239  240  235  225  243  216                                   
    30.0-180.0 180.0   5.0 450.0                            LAT/LON1/LON2/DLON/H
  229  225  218  219  218  224  229  238  248  260  266  274  270  268  258  253
  247  245  242  240  237  238  239  243  250  250  251  243  238  229  225  220
  218  213  212  205  202  193  190  186  187  185  184  177  172  162  156  147
  140  131  122  113  107  102  100   99  102  107  119  134  152  168  186  200
  214  228  239  245  249  247  243  258  229                                   
    27.5-180.0 180.0   5.0 450.0                            LAT/LON1/LON2/DLON/H
  243  240  233  232  231  235  241  250  261  273  281  289  288  286  278  273
  266  264  260  257  252  252  252  258  264  265  265  257  251  240  233  226
  219  213  208  200  195  187  184  181  182  182  182  176  171  161  154  145
  138  126  118  109  105  101  100   98   99  103  113  128  146  164  182  197
  212  227  240  250  257  258  254  272  243                                   
    25.0-180.0 180.0   5.0 450.0                            LAT/LON1/LON2/DLON/H
  257  256  253  253  251  255  260  268  279  292  299  309  306  308  299  298
  290  289  283  281  273  272  269  272  278  277  278  269  263  249  239  226
  218  206  201  189  186  177  176  173  176  175  176  169  165  154  147  136
  128  116  108  101   99   96   96   94   94   97  106  120  139  156  175  191
  207  224  239  252  262  265  267  283  257                                   
    22.5-180.0 180.0   5.0 450.0                            LAT/LON1/LON2/DLON/H
  270  272  271  270  270  274  279  288  298  311  317  327  326  328  324  324
  318  316  309  303  295  291  286  286  287  286  283  274  266  250  235  221
  208  197  186  177  170  166  163  161  163  161  162  155  151  141  134  123
  115  103   97   92   92   92   93   91   91   92  101  114  130  149  168  186
  203  221  239  253  266  271  272  289  270                                   
    20.0-180.0 180.0   5.0 450.0                            LAT/LON1/LON2/DLON/H
  283  286  286  288  288  294  298  308  316  329  336  345  345  351  348  352
  346  346  338  333  322  316  307  302  299  291  287  276  264  246  230  214
  199  185  175  165  160  154  152  150  150  148  148  140  136  125  118  108
  101   91   86   84   86   86   88   86   85   86   93  106  123  141  162  182
  201  221  239  255  267  273  277  293  283                                   
    17.5-180.0 180.0   5.0 450.0                            LAT/LON1/LON2/DLON/H
  290  295  296  298  302  308  314  324  333  346  353  362  364  372  373  378
  375  373  364  356  345  336  324  314  304  293  282  270  254  236  217  202
  186  175  162  156  148  146  143  140  138  133  131  123  118  108  102   92
   87   79   77   76   82   83   85   82   82   82   88  100  115  136  158  182
  204  224  243  258  270  276  277  294  290                                   
    15.0-180.0 180.0   5.0 450.0                            LAT/LON1/LON2/DLON/H
  295  300  302  308  313  324  328  341  349  362  369  378  385  395  398  406
  402  401  389  381  369  360  346  332  317  299  283  266  247  228  210  195
  183  170  160  151  145  143  139  135  130  124  120  112  106   97   91   83
   77   72   72   74   79   80   81   77   75   75   80   92  108  131  158  183
  207  228  247  261  272  278  278  294  295                                   
    12.5-180.0 180.0   5.0 450.0                            LAT/LON1/LON2/DLON/H
  295  301  304  311  318  329  336  349  358  372  379  389  399  410  417  424
  423  420  408  399  386  375  360  345  325  302  279  258  237  217  200  187
  176  166  157  151  146  144  141  135  129  119  114  104   99   89   85   76
   72   66   68   70   76   76   77   72   71   70   74   86  101  127  155  185
  210  231  249  262  273  279  276  294  295                                   
    10.0-180.0 180.0   5.0 450.0                            LAT/LON1/LON2/DLON/H
  297  301  303  310  317  329  334  349  358  371  379  390  402  415  424  434
  434  434  423  415  401  390  375  357  336  306  280  256  233  213  197  185
  178  167  160  153  151  148  145  138  129  120  113  105   98   90   83   76
   70   66   67   68   72   72   70   66   62   61   65   77   94  121  154  184
  211  231  249  261  273  280  278  294  297                                   
     7.5-180.0 180.0   5.0 450.0                            LAT/LON1/LON2/DLON/H
  296  303  304  311  316  326  331  345  353  367  374  386  396  408  419  429
  433  434  426  418  405  392  378  360  338  308  278  252  227  206  191  180
