data/unet/pred1370.15i
     1.0            IONOSPHERE MAPS     GNSS                IONEX VERSION / TYPE
pyspatialgeodesy        IME             05-JAN-18 20:20     PGM / RUN BY / DATE 
Map Name                                                    COMMENT             
Predicted global ionosphere maps (GIM).                     DESCRIPTION         
  2015     5    17     0     0     0                        EPOCH OF FIRST MAP  
  2015     5    18     0     0     0                        EPOCH OF LAST MAP   
  7200                                                      INTERVAL            
    13                                                      # OF MAPS IN FILE   
  NONE                                                      MAPPING FUNCTION    
10.0                                                        ELEVATION CUTOFF    
One-way carrier phase leveled to code                       OBSERVABLES USED    
  6371.0                                                    BASE RADIUS         
 2                                                          MAP DIMENSION       
   450.0 450.0   0.0                                        HGT1 / HGT2 / DHGT  
    87.5 -87.5  -2.5                                        LAT1 / LAT2 / DLAT  
  -180.0 180.0   5.0                                        LON1 / LON2 / DLON  
    -1                                                      EXPONENT            
                                                            END OF HEADER       
[from data line 3003]
     8                                                      START OF TEC MAP    
  2015     5    17    14     0     0                        EPOCH OF CURRENT MAP
    87.5-180.0 180.0   5.0 450.0                            LAT/LON1/LON2/DLON/H
  223  232  246  249  255  254  259  256  261  258  263  259  264  261  264  262
  264  262  265  263  264  263  264  264  264  265  265  266  266  266  265  265
  265  263  262  260  258  256  254  252  249  248  246  243  241  240  238  236
  235  234  233  232  231  230  230  229  229  229  228  229  230  231  231  233
  235  237  238  235  233  230  243  210  223                                   
    85.0-180.0 180.0   5.0 450.0                            LAT/LON1/LON2/DLON/H
  233  233  234  242  242  246  248  251  253  254  256  257  258  258  261  259
  262  260  263  261  263  261  264  262  264  262  264  262  264  261  262  260
  259  257  255  252  251  248  245  243  240  238  236  234  232  231  230  227
  226  225  225  223  223  222  222  221  222  220  221  220  221  221  222  223
  226  226  229  227  229  224  230  228  233                                   
    82.5-180.0 180.0   5.0 450.0                            LAT/LON1/LON2/DLON/H
  224  214  215  222  224  230  234  237  241  243  246  247  250  249  252  252
  254  253  256  256  257  257  258  259  259  260  260  261  260  260  258  257
  255  253  249  247  242  240  235  233  228  227  224  223  220  220  217  217
  214  215  213  214  211  212  210  211  208  208  205  206  205  205  205  206
  207  210  211  212  212  211  219  223  224                                   
    80.0-180.0 180.0   5.0 450.0                            LAT/LON1/LON2/DLON/H
  212  207  203  209  211  214  219  221  225  226  229  229  231  231  233  233
  236  236  239  239  242  241  245  243  247  245  249  248  251  248  250  247
  247  243  242  236  234  228  226  221  220  216  215  213  212  210  211  208
  209  207  208  206  206  204  205  202  203  199  200  197  198  194  195  194
  196  195  197  197  196  200  202  205  212                                   
    77.5-180.0 180.0   5.0 450.0                            LAT/LON1/LON2/DLON/H
  205  195  198  204  203  209  211  214  215  217  217  218  217  218  219  219
  221  221  226  226  230  231  235  236  240  241  245  245  247  246  247  245
  245  242  240  237  233  230  225  223  218  218  215  216  213  214  212  214
  212  215  213  214  212  214  211  212  209  209  206  207  202  203  198  201
  197  200  196  196  191  195  198  201  205                                   
    75.0-180.0 180.0   5.0 450.0                            LAT/LON1/LON2/DLON/H
  201  197  194  199  198  201  204  203  206  203  206  200  204  198  202  198
  204  202  209  209  216  217  224  224  231  230  235  235  239  238  241  239
  240  237  238  232  232  225  224  219  218  216  216  214  215  215  216  216
  217  219  220  219  219  219  218  217  216  213  212  208  207  203  201  198
  198  195  197  191  194  194  198  199  201                                   
    72.5-180.0 180.0   5.0 450.0                            LAT/LON1/LON2/DLON/H
  202  196  197  203  199  204  203  205  203  203  201  199  196  194  192  192
  194  195  202  204  212  215  223  226  232  235  238  240  242  243  243  245
  243  244  241  241  237  235  231  229  226  226  224  226  225  228  228  230
  230  232  232  232  231  232  230  230  227  226  222  221  216  213  207  206
  202  202  198  199  196  198  202  206  202                                   
    70.0-180.0 180.0   5.0 450.0                            LAT/LON1/LON2/DLON/H
  200  197  198  201  201  201  204  201  204  198  200  191  193  183  186  180
  186  183  194  195  207  210  221  223  231  231  236  236  239  239  241  240
  243  242  244  240  241  236  237  232  232  230  232  231  233  234  236  236
  237  237  238  236  236  235  235  232  231  226  224  219  216  210  207  202
  200  195  196  191  195  196  202  206  200                                   
    67.5-180.0 180.0   5.0 450.0                            LAT/LON1/LON2/DLON/H
  197  195  197  204  203  207  208  210  208  207  203  200  195  191  188  187
  188  190  197  202  213  218  228  232  238  240  244  245  246  248  248  250
  250  253  251  252  249  248  245  243  242  242  242  243  243  244  245  244
  244  243  242  241  239  239  237  235  233  229  225  221  216  211  204  201
  194  193  188  189  187  192  200  204  197                                   
    65.0-180.0 180.0   5.0 450.0                            LAT/LON1/LON2/DLON/H
  185  186  188  191  198  199  206  204  209  204  207  199  199  191  193  188
  192  191  201  202  216  219  231  232  239  240  243  244  245  246  248  249
  252  252  255  252  254  250  252  247  249  247  250  249  251  250  251  249
  247  244  243  240  239  236  235  231  230  223  220  213  209  202  196  190
  185  181  179  174  177  179  185  191  185                                   
    62.5-180.0 180.0   5.0 450.0                            LAT/LON1/LON2/DLON/H
  171  171  171  181  188  195  202  206  209  209  210  208  206  203  201  199
  201  203  209  215  224  230  238  242  246  248  249  250  250  252  252  256
  257  261  262  263  262  261  259  256  256  256  257  257  259  257  257  253
  251  248  245  243  239  239  235  234  229  226  219  214  207  200  191  185
  178  173  167  164  162  163  171  176  171                                   
    60.0-180.0 180.0   5.0 450.0                            LAT/LON1/LON2/DLON/H
  152  151  153  158  170  176  188  191  202  201  209  205  209  204  206  203
  206  207  214  216  226  228  236  239  242  245  244  248  247  251  252  255
  259  263  266  265  268  263  265  259  263  260  265  264  268  265  265  260
  257  254  251  247  244  241  239  233  233  222  219  212  207  198  190  182
  175  166  161  152  151  148  150  158  152                                   
    57.5-180.0 180.0   5.0 450.0                            LAT/LON1/LON2/DLON/H
  138  131  131  141  146  158  168  178  186  195  202  207  209  209  211  210
  211  212  217  221  227  232  237  241  243  246  246  251  251  256  257  263
  266  271  274  275  276  273  272  268  270  270  274  274  277  274  273  267
  266  262  260  258  255  253  249  246  241  235  227  223  216  208  199  189
  180  170  162  151  145  137  140  143  138                                   
    55.0-180.0 180.0   5.0 450.0                            LAT/LON1/LON2/DLON/H
  130  115  115  120  132  138  150  155  169  177  191  197  206  207  211  210
  213  214  218  221  226  230  234  239  239  246  244  251  250  257  259  265
  270  275  280  280  283  279  281  275  281  279  286  285  290  286  286  282
  280  279  276  275  271  269  265  261  257  248  242  235  229  221  212  203
  193  182  172  158  148  137  130  134  130                                   
    52.5-180.0 180.0   5.0 450.0                            LAT/LON1/LON2/DLON/H
  129  108  107  109  116  126  132  143  152  165  178  190  200  206  209  211
  213  217  220  225  228  234  236  243  243  250  249  257  257  268  269  276
  278  285  289  291  294  292  294  293  297  299  304  304  306  304  303  299
  298  296  294  293  290  287  283  280  274  269  260  255  247  240  231  222
  212  199  188  173  161  143  141  136  129                                   
    50.0-180.0 180.0   5.0 450.0                            LAT/LON1/LON2/DLON/H
  137  113  106  107  113  118  128  133  142  151  166  178  192  198  206  209
  214  219  222  227  230  237  239  247  247  256  254  264  264  274  277  284
  288  294  300  304  309  310  312  312  316  316  321  320  323  319  320  317
  316  316  313  312  308  304  300  295  290  283  275  271  263  258  248  241
  230  220  207  192  179  163  152  146  137                                   
    47.5-180.0 180.0   5.0 450.0                            LAT/LON1/LON2/DLON/H
  151  125  116  110  114  119  125  129  137  147  162  176  188  197  205  211
  215  223  225  233  235  245  247  258  258  267  266  276  277  289  290  298
  301  305  315  319  328  331  335  335  336  336  338  337  337  335  333  332
  331  330  327  323  318  313  306  302  295  291  283  281  274  269  261  253
  245  232  223  208  199  181  179  166  151                                   
    45.0-180.0 180.0   5.0 450.0                            LAT/LON1/LON2/DLON/H
  167  147  133  127  125  129  129  135  138  151  163  176  188  196  205  212
  217  226  231  238  242  252  257  268  273  283  284  295  296  307  310  316
  320  326  336  344  352  357  361  361  360  358  356  354  353  350  347  346
  343  341  334  329  321  313  305  299  293  290  284  286  278  278  268  262
  254  244  233  222  214  204  196  187  167                                   
    42.5-180.0 180.0   5.0 450.0                            LAT/LON1/LON2/DLON/H
  185  171  154  144  142  138  141  141  147  156  170  183  194  203  212  220
  226  235  240  249  254  265  273  289  294  306  306  316  318  326  329  333
  341  346  361  368  380  385  388  387  384  379  375  370  366  364  359  358
  352  348  338  330  318  309  296  293  285  286  278  281  275  275  268  264
  259  247  241  230  225  217  221  206  185                                   
    40.0-180.0 180.0   5.0 450.0                            LAT/LON1/LON2/DLON/H
  202  189  176  164  160  156  152  156  158  171  181  196  203  212  218  229
  232  242  248  256  265  274  287  306  314  327  330  339  341  348  352  359
  369  378  391  401  415  421  427  425  422  413  405  397  390  385  377  375
  365  360  345  334  317  305  291  285  277  275  271  274  272  271  268  263
  260  249  242  232  230  228  229  216  202                                   
    37.5-180.0 180.0   5.0 450.0                            LAT/LON1/LON2/DLON/H
  212  204  186  173  170  162  161  159  166  175  191  205  213  222  229  238
  245  254  262  271  279  291  302  324  330  346  346  356  357  367  371  381
  391  406  420  437  450  458  461  459  453  445  435  425  415  407  399  396
  387  379  364  350  332  317  298  288  279  276  275  275  274  273  271  269
  264  255  246  236  231  232  240  222  212                                   
    35.0-180.0 180.0   5.0 450.0                            LAT/LON1/LON2/DLON/H
  219  211  192  178  176  171  169  172  174  187  200  218  223  237  240  255
  257  269  273  281  290  297  314  329  342  354  359  368  373  383  395  410
  426  447  464  483  495  504  508  506  501  490  479  467  455  447  437  434
  425  420  402  386  363  353  341  330  314  306  292  293  288  289  286  279
  275  261  253  239  238  236  245  224  219                                   
    32.5-180.0 180.0   5.0 450.0                            LAT/LON1/LON2/DLON/H
  215  211  190  175  169  163  164  164  173  185  203  218  231  241  253  264
  275  282  291  297  304  314  325  341  350  365  369  382  388  403  417  439
  463  486  508  525  539  547  548  546  538  528  517  507  497  487  474  474
  456  443  424  419  402  399  380  379  365  369  353  356  335  336  320  318
  307  294  273  258  246  246  246  226  215                                   
    30.0-180.0 180.0   5.0 450.0                            LAT/LON1/LON2/DLON/H
  212  216  191  181  172  166  162  165  172  188  202  224  232  251  260  279
  286  300  304  313  319  325  336  345  357  371  380  395  407  430  453  482
  511  537  558  574  585  592  595  589  581  569  559  550  540  533  525  510
  500  489  483  471  460  448  435  430  411  410  390  398  384  389  375  382
  364  346  317  292  276  266  266  228  212                                   
    27.5-180.0 180.0   5.0 450.0                            LAT/LON1/LON2/DLON/H
  203  227  206  190  174  165  159  156  161  177  194  214  232  249  269  287
  304  313  324  330  337  344  351  357  368  377  393  408  430  456  490  522
  558  584  606  619  623  631  626  627  615  607  595  590  583  583  576  574
  560  565  556  552  537  527  516  510  490  484  462  463  442  449  428  446
  423  423  387  358  312  284  277  254  203                                   
    25.0-180.0 180.0   5.0 450.0                            LAT/LON1/LON2/DLON/H
  207  225  202  202  189  181  170  159  157  171  183  208  226  255  274  300
  312  330  338  352  358  364  367  373  380  394  409  438  462  501  533  570
  605  636  655  661  661  662  658  653  644  634  626  623  629  634  639  631
  631  635  635  622  603  584  569  561  545  542  524  526  504  512  496  513
  496  484  442  398  352  328  304  279  207                                   
    22.5-180.0 180.0   5.0 450.0                            LAT/LON1/LON2/DLON/H
  241  262  227  205  194  175  165  163  161  162  174  195  216  248  276  306
  329  349  365  377  388  384  387  385  397  409  433  462  498  532  572  608
  649  674  692  691  685  681  672  667  654  654  646  660  666  669  667  677
  682  696  691  677  646  625  601  590  567  561  541  543  537  546  540  561
  548  551  505  464  399  373  350  310  241                                   
    20.0-180.0 180.0   5.0 450.0                            LAT/LON1/LON2/DLON/H
  282  290  258  219  196  179  166  158  152  165  173  193  213  244  272  307
  332  362  380  400  408  406  406  410  420  438  467  506  542  578  614  648
  682  699  704  701  694  688  680  674  665  665  666  677  689  697  706  720
  732  735  721  706  676  642  611  594  562  546  524  527  528  546  555  580
  587  588  563  517  461  427  394  345  282                                   
    17.5-180.0 180.0   5.0 450.0                            LAT/LON1/LON2/DLON/H
  311  315  273  239  215  184  169  161  156  160  174  196  213  241  264  304
  334  368  392  410  419  420  423  428  443  469  505  543  580  615  647  676
  697  705  707  698  696  686  683  675  675  675  679  693  710  726  741  757
  756  748  725  700  663  620  584  559  534  513  495  498  507  522  529  556
  561  570  553  527  484  454  418  380  311                                   
    15.0-180.0 180.0   5.0 450.0                            LAT/LON1/LON2/DLON/H
  323  324  286  252  221  197  173  158  150  152  160  186  215  239  264  295
  328  362  387  407  417  428  436  449  468  501  542  582  617  648  675  687
  699  699  702  692  692  683  681  678  681  686  690  709  727  752  767  774
  766  746  716  684  640  596  553  529  491  461  444  451  460  477  486  505
  519  532  532  511  485  450  428  392  323                                   
    12.5-180.0 180.0   5.0 450.0                            LAT/LON1/LON2/DLON/H
  322  323  282  254  226  204  184  164  153  149  156  177  208  240  263  289
  318  349  374  391  403  421  439  460  490  531  570  611  642  666  684  688
  697  696  701  691  695  687  696  690  698  700  708  727  746  766  778  771
  753  724  686  645  600  553  515  482  448  421  410  413  413  429  422  443
  446  468  466  468  446  430  415  382  322                                   
    10.0-180.0 180.0   5.0 450.0                            LAT/LON1/LON2/DLON/H
  310  309  281  256  229  205  182  165  151  149  146  171  197  240  264  285
  314  338  360  382  398  422  448  474  516  555  598  634  664  678  691  691
  701  700  702  692  696  693  703  704  712  712  720  736  752  770  773  759
  735  702  666  620  583  531  502  475  448  426  409  405  394  394  382  390
  387  394  397  395  395  388  393  351  310                                   
     7.5-180.0 180.0   5.0 450.0                            LAT/LON1/LON2/DLON/H
  292  291  269  246  220  197  180  162  150  145  145  165  196  237  260  282
  303  333  346  374  385  418  451  490  535  580  618  650  671  682  697  697
