data/unet/pred1580.15i
     1.0            IONOSPHERE MAPS     GNSS                IONEX VERSION / TYPE
pyspatialgeodesy        IME             05-JAN-18 20:20     PGM / RUN BY / DATE 
Map Name                                                    COMMENT             
Predicted global ionosphere maps (GIM).                     DESCRIPTION         
  2015     6     7     0     0     0                        EPOCH OF FIRST MAP  
  2015     6     8     0     0     0                        EPOCH OF LAST MAP   
  7200                                                      INTERVAL            
    13                                                      # OF MAPS IN FILE   
  NONE                                                      MAPPING FUNCTION    
10.0                                                        ELEVATION CUTOFF    
One-way carrier phase leveled to code                       OBSERVABLES USED    
  6371.0                                                    BASE RADIUS         
 2                                                          MAP DIMENSION       
   450.0 450.0   0.0                                        HGT1 / HGT2 / DHGT  
    87.5 -87.5  -2.5                                        LAT1 / LAT2 / DLAT  
  -180.0 180.0   5.0                                        LON1 / LON2 / DLON  
    -1                                                      EXPONENT            
                                                            END OF HEADER       
[from data line 1287]
     4                                                      START OF TEC MAP    
  2015     6     7     6     0     0                        EPOCH OF CURRENT MAP
    87.5-180.0 180.0   5.0 450.0                            LAT/LON1/LON2/DLON/H
  205  225  212  215  218  217  220  220  222  222  225  224  225  225  226  225
  226  226  226  226  226  227  227  227  227  228  229  229  230  230  230  231
  231  231  231  230  230  228  228  225  225  223  223  221  222  221  222  222
  224  223  225  225  226  225  226  225  225  224  223  221  221  218  218  215
  216  212  213  210  214  206  224  222  205                                   
    85.0-180.0 180.0   5.0 450.0                            LAT/LON1/LON2/DLON/H
  211  209  206  211  214  214  219  219  222  221  225  224  226  225  228  226
  228  226  229  227  229  227  230  227  229  227  230  228  230  228  231  229
  231  229  231  228  230  226  228  223  226  220  223  219  222  218  222  218
  223  220  224  221  225  221  224  219  222  217  219  214  216  211  213  207
  210  204  206  201  206  196  204  213  211                                   
    82.5-180.0 180.0   5.0 450.0                            LAT/LON1/LON2/DLON/H
  196  204  199  206  206  210  215  219  220  223  225  226  226  228  229  230
  229  230  231  231  230  230  230  229  228  228  228  228  228  228  229  229
  230  229  231  230  231  229  229  227  228  225  226  225  227  225  227  225
  228  225  227  226  227  224  224  222  222  218  217  213  213  208  207  203
  203  199  198  197  198  195  190  199  196                                   
    80.0-180.0 180.0   5.0 450.0                            LAT/LON1/LON2/DLON/H
  202  206  201  203  204  210  215  217  219  220  222  222  222  223  223  223
  223  223  224  223  223  222  223  221  220  219  219  218  219  218  220  221
  223  224  226  227  229  229  229  229  228  229  227  230  229  232  230  233
  232  234  232  233  231  231  228  227  225  222  218  215  212  208  204  201
  199  195  193  190  194  187  191  199  202                                   
    77.5-180.0 180.0   5.0 450.0                            LAT/LON1/LON2/DLON/H
  199  204  199  201  205  211  214  217  216  217  216  217  214  215  214  215
  213  214  214  216  213  214  213  212  210  208  208  207  208  208  211  213
  217  220  224  227  230  232  233  234  235  236  237  239  240  243  243  246
  246  248  246  247  245  244  240  239  235  232  227  224  220  214  209  205
  201  197  194  190  192  188  189  196  199                                   
    75.0-180.0 180.0   5.0 450.0                            LAT/LON1/LON2/DLON/H
  204  208  203  205  206  213  213  216  212  214  209  210  205  206  203  204
  202  203  204  205  204  204  202  202  198  197  194  195  194  197  200  204
  210  216  222  228  232  236  237  240  240  243  244  249  250  255  255  259
  259  262  259  261  257  256  251  249  245  241  236  232  227  221  214  210
  204  201  195  193  192  188  194  198  204                                   
    72.5-180.0 180.0   5.0 450.0                            LAT/LON1/LON2/DLON/H
  206  212  207  210  212  215  213  214  209  208  201  200  192  192  188  189
  187  190  191  194  194  195  193  192  188  186  183  183  183  187  191  198
  206  214  222  230  236  241  245  247  250  252  256  259  263  267  269  271
  271  272  270  269  265  263  257  255  250  246  241  237  232  226  220  214
  209  204  201  196  199  195  196  201  206                                   
    70.0-180.0 180.0   5.0 450.0                            LAT/LON1/LON2/DLON/H
  212  214  209  211  213  216  214  213  208  205  197  193  184  181  176  176
  175  178  182  187  188  190  189  187  183  180  177  177  178  184  190  199
  209  220  231  240  248  254  258  261  263  267  271  276  280  284  286  288
  286  286  282  279  273  269  262  258  252  249  243  240  234  231  223  220
  214  212  207  204  203  196  202  204  212                                   
    67.5-180.0 180.0   5.0 450.0                            LAT/LON1/LON2/DLON/H
  210  214  208  210  211  214  211  210  203  198  189  182  173  169  163  163
  162  166  169  174  177  180  180  180  176  175  172  174  175  182  189  201
  212  225  236  248  256  263  267  270  274  277  284  289  293  297  298  297
  295  292  286  282  273  269  259  255  248  245  239  236  232  228  223  219
  216  213  211  207  209  203  204  206  210                                   
    65.0-180.0 180.0   5.0 450.0                            LAT/LON1/LON2/DLON/H
  216  216  209  209  211  213  212  209  203  198  189  181  171  164  156  154
  153  156  161  167  171  175  175  175  173  171  172  172  176  183  193  205
  218  232  245  256  266  270  275  278  283  288  295  303  308  313  313  312
  306  301  293  286  278  269  260  254  247  244  237  235  229  227  221  219
  215  215  212  211  211  203  210  209  216                                   
    62.5-180.0 180.0   5.0 450.0                            LAT/LON1/LON2/DLON/H
  215  216  209  210  209  212  210  208  202  195  187  178  169  159  152  146
  145  146  150  155  160  164  164  167  165  167  167  173  176  187  194  210
  221  237  247  261  268  274  278  282  288  294  304  313  319  323  323  321
  315  308  298  291  279  271  260  256  249  245  238  235  230  226  221  218
  216  214  214  213  216  211  213  214  215                                   
    60.0-180.0 180.0   5.0 450.0                            LAT/LON1/LON2/DLON/H
  221  221  213  214  214  215  215  212  207  202  194  185  174  164  151  144
  138  138  140  145  148  152  154  155  157  159  165  170  180  187  199  210
  225  236  251  259  270  273  279  283  292  302  313  324  330  336  335  333
  327  320  310  299  289  280  268  263  256  251  243  239  233  229  222  220
  216  217  215  217  219  213  221  220  221                                   
    57.5-180.0 180.0   5.0 450.0                            LAT/LON1/LON2/DLON/H
  225  223  219  218  217  217  216  213  208  202  195  184  176  161  151  139
  134  130  131  131  133  135  136  140  143  150  156  167  175  186  192  208
  218  233  243  255  263  270  277  283  293  305  318  331  338  345  344  343
  337  331  321  312  302  294  282  277  268  263  253  248  241  235  228  223
  220  220  221  223  227  222  227  226  225                                   
    55.0-180.0 180.0   5.0 450.0                            LAT/LON1/LON2/DLON/H
  240  238  233  233  230  228  225  221  215  210  202  194  180  168  152  141
  131  126  123  123  121  123  125  127  135  141  153  162  175  182  192  202
  215  224  238  246  259  263  274  281  294  309  324  338  345  354  353  353
  348  344  337  330  321  312  301  294  284  276  264  256  248  240  232  228
  223  226  224  228  231  228  235  234  240                                   
    52.5-180.0 180.0   5.0 450.0                            LAT/LON1/LON2/DLON/H
  251  249  247  245  243  237  233  225  220  211  203  191  181  164  152  137
  131  124  122  119  118  116  118  120  126  135  146  159  168  178  182  194
  203  217  227  241  252  262  273  283  295  310  326  341  350  358  360  361
  358  357  352  349  340  333  322  313  301  292  277  270  258  250  241  236
  232  233  233  234  239  236  243  245  251                                   
    50.0-180.0 180.0   5.0 450.0                            LAT/LON1/LON2/DLON/H
  270  270  264  266  260  256  246  238  228  219  207  197  182  168  151  140
  130  126  122  121  117  116  115  118  125  133  146  155  168  174  181  187
  200  209  225  235  253  261  275  285  299  313  330  344  354  363  365  370
  368  370  368  367  360  353  341  330  316  304  289  280  268  259  248  244
  238  241  239  243  244  243  250  255  270                                   
    47.5-180.0 180.0   5.0 450.0                            LAT/LON1/LON2/DLON/H
  284  284  281  283  279  272  262  248  236  222  209  194  182  161  150  134
  131  127  129  124  124  119  120  122  129  138  148  158  165  172  175  184
  191  207  220  238  254  267  281  291  303  317  334  347  358  366  373  376
  378  383  383  384  377  371  358  348  331  318  301  292  277  272  260  256
  251  253  253  255  257  256  261  270  284                                   
    45.0-180.0 180.0   5.0 450.0                            LAT/LON1/LON2/DLON/H
  301  299  294  297  294  288  274  262  244  231  215  201  181  166  148  138
  132  132  133  133  131  130  129  133  139  146  157  163  169  172  177  183
  195  207  225  239  259  272  287  297  310  323  340  352  364  374  380  388
  390  398  400  400  394  386  374  360  345  330  312  302  287  280  271  268
  265  268  268  270  270  267  272  279  301                                   
    42.5-180.0 180.0   5.0 450.0                            LAT/LON1/LON2/DLON/H
  314  311  311  311  309  301  289  273  257  239  225  204  188  164  152  136
  138  137  145  144  148  143  146  147  155  162  169  172  174  175  177  185
  194  212  229  247  265  278  293  304  317  332  348  361  373  383  393  398
  404  410  413  414  408  399  387  375  360  348  329  318  303  299  291  291
  291  295  298  296  294  291  293  300  314                                   
    40.0-180.0 180.0   5.0 450.0                            LAT/LON1/LON2/DLON/H
  331  321  316  316  313  307  294  280  263  251  233  216  193  174  153  144
  139  143  150  155  159  159  163  165  173  177  182  182  183  182  185  194
  204  221  238  255  271  285  299  311  325  339  355  369  383  395  404  413
  417  426  428  430  424  417  406  395  382  371  354  343  326  319  313  314
  316  322  325  324  322  312  314  314  331                                   
    37.5-180.0 180.0   5.0 450.0                            LAT/LON1/LON2/DLON/H
  347  332  327  322  318  312  300  289  275  262  248  228  208  182  167  148
  149  147  159  162  172  172  179  182  190  193  195  192  190  187  190  199
  209  227  242  261  275  288  302  315  330  345  360  377  390  402  414  423
  431  439  443  448  445  441  434  426  417  407  394  385  368  360  354  354
  358  360  366  361  359  348  344  339  347                                   
    35.0-180.0 180.0   5.0 450.0                            LAT/LON1/LON2/DLON/H
  369  344  330  324  315  311  297  290  277  270  254  243  220  199  176  162
  153  155  161  168  176  182  188  194  202  205  205  203  199  199  201  210
  218  233  246  264  275  290  302  316  332  349  364  381  395  411  424  436
  446  456  463  473  475  480  475  474  463  457  441  434  414  410  399  404
  402  409  407  405  395  378  372  362  369                                   
    32.5-180.0 180.0   5.0 450.0                            LAT/LON1/LON2/DLON/H
  394  368  351  335  322  314  300  295  286  280  268  255  237  214  195  175
  168  161  168  170  184  188  199  204  212  213  214  209  207  204  208  213
  221  230  242  255  268  282  297  315  331  351  366  385  398  415  429  442
  456  468  480  492  503  512  519  519  517  511  496  486  468  457  448  446
  446  447  447  442  436  424  407  394  394                                   
    30.0-180.0 180.0   5.0 450.0                            LAT/LON1/LON2/DLON/H
  423  402  375  353  334  321  303  298  286  287  272  266  247  231  205  189
  174  169  168  174  184  194  202  213  218  223  219  217  213  214  215  218
  220  227  232  245  257  274  290  308  327  346  363  380  397  412  429  445
  461  479  498  516  535  552  566  568  569  561  545  534  510  501  485  484
  480  481  478  474  467  449  444  428  423                                   
    27.5-180.0 180.0   5.0 450.0                            LAT/LON1/LON2/DLON/H
  457  439  416  392  367  347  325  311  300  297  286  278  259  241  218  199
  184  175  174  177  191  199  212  219  227  225  222  216  214  209  211  209
  209  207  213  220  235  255  276  297  316  338  355  376  391  409  425  442
  463  482  506  531  560  584  608  617  619  604  587  567  548  529  516  507
  503  502  499  497  489  486  475  459  457                                   
    25.0-180.0 180.0   5.0 450.0                            LAT/LON1/LON2/DLON/H
  481  482  454  429  401  377  347  329  312  307  294  290  268  253  227  210
  190  184  177  184  193  209  220  231  233  231  224  218  212  209  205  201
  196  194  195  207  218  243  264  287  307  326  346  366  385  400  421  435
  460  480  512  541  577  608  637  648  651  636  618  593  569  553  534  526
  517  517  515  514  513  505  510  493  481                                   
    22.5-180.0 180.0   5.0 450.0                            LAT/LON1/LON2/DLON/H
  501  510  493  471  444  414  388  356  334  320  305  298  278  261  236  219
  201  193  189  194  207  219  235  241  240  233  222  210  201  191  187  178
  172  169  173  187  202  223  246  271  292  313  332  353  374  393  414  433
  458  480  511  538  574  604  635  650  655  640  621  596  579  559  545  531
  522  519  515  519  518  519  518  501  501                                   
    20.0-180.0 180.0   5.0 450.0                            LAT/LON1/LON2/DLON/H
  511  533  519  503  478  447  416  385  358  334  314  305  283  271  245  233
  211  206  197  208  217  236  247  252  246  234  218  205  190  182  169  163
  147  147  145  168  179  204  224  253  280  301  323  342  369  386  411  428
  455  477  504  532  558  584  605  619  620  609  597  583  570  559  542  532
  521  518  515  516  520  516  525  512  511                                   
    17.5-180.0 180.0   5.0 450.0                            LAT/LON1/LON2/DLON/H
  510  532  528  513  495  466  439  406  380  350  324  312  291  279  256  246
  226  221  215  221  234  249  257  259  247  229  207  186  171  158  148  133
  125  119  129  144  170  189  213  235  266  291  312  333  360  382  408  428
  450  471  491  508  524  540  555  565  565  565  559  558  554  545  537  525
  514  511  505  510  510  507  509  496  510                                   
    15.0-180.0 180.0   5.0 450.0                            LAT/LON1/LON2/DLON/H
  502  525  515  507  489  466  442  415  390  362  335  316  298  290  269  262
  242  239  230  240  248  259  261  256  242  219  194  174  154  143  124  113
   97   96  101  126  147  174  193  218  248  278  309  328  359  380  407  426
  444  460  473  488  494  505  509  517  517  520  525  531  536  533  529  519
  510  504  500  501  502  497  504  496  502                                   
    12.5-180.0 180.0   5.0 450.0                            LAT/LON1/LON2/DLON/H
  490  506  498  482  466  448  429  409  387  362  338  320  306  300  287  283
  263  258  250  254  259  264  260  249  227  198  174  151  137  118  109   92
   88   81   95  109  141  161  189  209  237  270  303  329  358  382  408  425
  441  450  458  463  466  469  472  480  482  492  498  512  519  522  521  511
  502  497  490  494  491  484  484  473  490                                   
    10.0-180.0 180.0   5.0 450.0                            LAT/LON1/LON2/DLON/H
  473  482  469  454  436  422  406  391  372  352  335  322  313  308  299  300
  282  281  266  267  262  258  248  230  205  179  156  138  121  105   92   78
   72   69   79   97  118  150  173  201  226  258  298  325  360  382  409  425
  438  446  449  452  449  454  456  465  471  481  490  504  514  519  521  511
  504  496  491  490  487  479  480  473  473                                   
     7.5-180.0 180.0   5.0 450.0                            LAT/LON1/LON2/DLON/H
  460  461  445  426  406  390  375  362  345  333  322  317  312  310  306  306
  293  288  272  266  255  244  227  204  180  154  138  118  110   92   86   71
