data/unet/pred1840.15i
     1.0            IONOSPHERE MAPS     GNSS                IONEX VERSION / TYPE
pyspatialgeodesy        IME             05-JAN-18 20:20     PGM / RUN BY / DATE 
Map Name                                                    COMMENT             
Predicted global ionosphere maps (GIM).                     DESCRIPTION         
  2015     7     3     0     0     0                        EPOCH OF FIRST MAP  
  2015     7     4     0     0     0                        EPOCH OF LAST MAP   
  7200                                                      INTERVAL            
    13                                                      # OF MAPS IN FILE   
  NONE                                                      MAPPING FUNCTION    
10.0                                                        ELEVATION CUTOFF    
One-way carrier phase leveled to code                       OBSERVABLES USED    
  6371.0                                                    BASE RADIUS         
 2                                                          MAP DIMENSION       
   450.0 450.0   0.0                                        HGT1 / HGT2 / DHGT  
    87.5 -87.5  -2.5                                        LAT1 / LAT2 / DLAT  
  -180.0 180.0   5.0                                        LON1 / LON2 / DLON  
    -1                                                      EXPONENT            
                                                            END OF HEADER       
[from data line 1716]
     5                                                      START OF TEC MAP    
  2015     7     3     8     0     0                        EPOCH OF CURRENT MAP
    87.5-180.0 180.0   5.0 450.0                            LAT/LON1/LON2/DLON/H
  144  156  166  168  170  170  170  171  172  174  175  177  177  179  179  180
  179  181  179  180  178  178  176  176  174  174  172  171  170  169  168  167
  166  165  165  164  163  162  162  162  162  163  164  166  167  170  171  173
  174  176  176  178  177  180  178  181  179  181  178  180  178  179  176  177
  175  175  173  173  171  170  171  156  144                                   
    85.0-180.0 180.0   5.0 450.0                            LAT/LON1/LON2/DLON/H
  154  160  160  171  168  168  170  171  172  172  175  175  177  176  179  177
  179  177  180  177  178  175  176  173  173  171  172  169  170  168  168  167
  167  166  166  165  165  164  166  165  166  166  169  169  171  171  175  174
  178  176  180  178  182  179  183  180  183  179  181  178  180  176  177  174
  175  172  171  170  170  166  169  152  154                                   
    82.5-180.0 180.0   5.0 450.0                            LAT/LON1/LON2/DLON/H
  161  157  161  163  163  163  164  166  166  168  168  169  169  170  171  171
  171  171  171  171  170  170  169  168  167  166  166  164  166  164  165  163
  165  163  166  164  166  164  166  164  166  166  169  169  172  172  175  175
  178  177  181  180  183  182  184  182  183  180  181  177  178  173  173  168
  169  164  165  161  163  159  160  160  161                                   
    80.0-180.0 180.0   5.0 450.0                            LAT/LON1/LON2/DLON/H
  167  159  158  157  158  157  159  158  160  159  162  160  163  162  165  163
  166  163  166  163  165  161  163  159  160  157  159  156  159  157  160  158
  161  161  164  163  165  165  165  165  166  166  168  169  172  172  175  176
  179  180  184  184  187  186  189  187  188  185  185  181  180  175  173  168
  167  163  162  160  161  154  158  157  167                                   
    77.5-180.0 180.0   5.0 450.0                            LAT/LON1/LON2/DLON/H
  164  163  162  162  161  162  161  161  160  161  161  162  161  163  162  165
  162  164  162  163  159  159  155  155  152  151  150  150  151  153  155  159
  160  165  166  169  170  172  172  174  173  176  176  179  180  184  185  190
  191  197  198  203  203  206  205  207  204  204  200  198  193  190  184  181
  177  174  170  167  165  160  160  159  164                                   
    75.0-180.0 180.0   5.0 450.0                            LAT/LON1/LON2/DLON/H
  170  165  163  162  161  159  159  157  157  156  157  156  158  157  160  159
  161  159  161  157  158  153  152  146  146  141  143  140  145  146  153  155
  161  165  170  173  175  177  178  178  179  180  182  184  187  191  194  199
  201  207  209  213  213  216  215  215  214  212  209  205  201  196  192  187
  183  180  177  174  173  165  167  165  170                                   
    72.5-180.0 180.0   5.0 450.0                            LAT/LON1/LON2/DLON/H
  176  174  169  165  161  157  155  152  151  150  150  150  150  153  153  157
  155  157  155  155  151  150  144  142  137  135  132  134  135  142  146  155
  160  169  174  179  181  184  184  185  184  186  187  191  193  199  202  208
  210  216  217  221  220  222  221  221  219  218  214  211  207  202  197  194
  190  188  185  183  181  177  175  172  176                                   
    70.0-180.0 180.0   5.0 450.0                            LAT/LON1/LON2/DLON/H
  186  179  175  168  163  156  154  148  147  143  145  143  146  145  151  150
  155  152  156  151  153  145  145  136  136  128  131  127  136  136  149  152
  166  169  181  183  189  188  192  190  192  192  196  198  202  207  212  216
  218  221  222  222  221  221  220  218  216  214  212  209  207  203  200  198
  197  195  194  191  192  185  184  183  186                                   
    67.5-180.0 180.0   5.0 450.0                            LAT/LON1/LON2/DLON/H
  193  189  180  171  163  154  149  142  140  135  135  133  136  137  140  143
  145  147  147  146  144  140  136  132  127  126  124  127  131  140  148  159
  167  177  185  192  195  197  198  199  199  201  204  208  212  217  220  223
  223  223  221  220  216  214  211  209  206  205  202  202  201  199  198  197
  198  198  198  198  198  194  192  189  193                                   
    65.0-180.0 180.0   5.0 450.0                            LAT/LON1/LON2/DLON/H
  203  193  187  176  167  155  150  140  137  130  130  126  129  128  132  132
  137  136  140  136  138  131  132  126  127  122  128  127  138  141  157  162
  177  181  194  196  202  202  206  204  208  210  215  219  224  228  229  229
  227  224  220  215  210  205  202  196  195  191  192  191  194  192  194  195
  199  200  204  202  206  200  202  201  203                                   
    62.5-180.0 180.0   5.0 450.0                            LAT/LON1/LON2/DLON/H
  209  203  192  180  170  157  148  137  132  124  122  118  118  117  118  119
  121  122  123  122  122  120  119  119  118  121  124  132  138  150  159  171
  179  189  196  204  207  210  213  214  218  222  227  232  236  239  239  237
  233  228  221  213  205  198  192  188  183  182  180  182  183  186  188  193
  196  201  205  209  211  210  210  210  209                                   
    60.0-180.0 180.0   5.0 450.0                            LAT/LON1/LON2/DLON/H
  218  207  199  188  177  162  153  140  134  123  119  112  111  107  108  106
  108  106  108  106  108  105  108  108  113  117  126  132  146  152  169  174
  188  190  201  203  210  212  217  219  226  230  238  242  246  249  247  244
  238  231  222  213  204  196  189  183  179  176  176  176  181  182  187  189
  196  199  206  208  216  209  217  220  218                                   
    57.5-180.0 180.0   5.0 450.0                            LAT/LON1/LON2/DLON/H
  222  216  205  195  183  168  156  141  132  120  113  104  101   95   94   91
   91   88   89   86   88   86   91   93  102  110  120  133  144  157  167  178
  185  193  199  206  211  217  222  229  234  241  247  252  256  257  256  251
  245  237  228  219  209  200  191  186  180  179  175  178  177  181  182  188
  190  197  200  208  213  215  221  226  222                                   
    55.0-180.0 180.0   5.0 450.0                            LAT/LON1/LON2/DLON/H
  228  218  213  202  194  176  165  149  138  123  113  101   95   88   85   80
   79   75   75   72   73   72   77   83   94  105  121  132  148  157  172  179
  191  193  203  205  213  218  227  234  243  248  256  260  264  265  263  259
  252  245  236  228  219  211  203  196  191  186  184  183  185  184  187  188
  193  194  202  205  214  211  226  231  228                                   
    52.5-180.0 180.0   5.0 450.0                            LAT/LON1/LON2/DLON/H
  232  226  217  209  200  185  173  154  140  124  112   99   91   81   78   71
   71   65   66   61   63   61   68   74   87   99  116  131  145  158  168  180
  188  196  201  209  215  226  233  244  251  258  265  268  272  271  270  267
  261  255  248  241  234  227  217  210  202  198  193  192  190  191  189  192
  191  197  198  206  211  215  226  233  232                                   
    50.0-180.0 180.0   5.0 450.0                            LAT/LON1/LON2/DLON/H
  234  223  222  215  209  193  184  163  151  131  118  101   92   80   76   70
   70   65   65   60   61   60   67   74   87   99  117  131  148  158  173  182
  194  199  208  213  223  231  243  251  259  266  273  277  280  281  278  277
  271  267  260  254  247  240  230  223  215  209  204  201  200  198  197  196
  199  199  204  206  215  212  227  234  234                                   
    47.5-180.0 180.0   5.0 450.0                            LAT/LON1/LON2/DLON/H
  234  228  222  217  211  197  188  169  154  135  120  104   94   82   79   71
   73   67   69   63   65   63   70   76   89  100  115  130  144  159  171  184
  194  205  210  221  230  243  250  262  266  275  278  283  285  285  283  282
  278  277  271  268  260  252  242  233  224  218  212  209  206  204  202  202
  203  206  207  212  216  216  226  234  234                                   
    45.0-180.0 180.0   5.0 450.0                            LAT/LON1/LON2/DLON/H
  234  220  218  213  208  197  191  174  161  145  131  114  102   90   85   79
   80   77   79   74   76   75   83   88  100  107  120  131  149  160  177  189
  202  211  221  230  242  252  264  272  279  284  289  291  295  296  296  297
  294  293  287  282  272  261  249  239  229  222  217  214  212  210  209  210
  212  214  216  219  223  218  227  237  234                                   
    42.5-180.0 180.0   5.0 450.0                            LAT/LON1/LON2/DLON/H
  232  222  210  204  200  191  187  173  163  148  136  120  111   97   93   86
   89   86   89   84   87   87   94  100  109  115  123  134  148  164  179  195
  207  219  229  242  252  265  271  282  284  293  294  298  301  303  304  307
  305  304  297  293  281  270  256  246  236  229  225  222  219  217  216  219
  222  225  226  229  230  227  229  237  232                                   
    40.0-180.0 180.0   5.0 450.0                            LAT/LON1/LON2/DLON/H
  230  212  202  193  189  181  178  169  163  154  146  133  124  109  103   97
   98   96   98   94   99   99  110  113  123  123  133  137  157  169  189  202
  217  227  239  251  264  275  285  291  298  301  305  306  312  314  320  324
  326  325  320  312  300  286  269  258  247  240  235  231  227  224  223  225
  231  235  238  238  241  231  230  242  230                                   
    37.5-180.0 180.0   5.0 450.0                            LAT/LON1/LON2/DLON/H
  229  213  195  182  175  167  164  157  155  150  147  138  129  116  111  103
  105  101  104  100  105  108  118  123  130  132  136  143  158  175  192  207
  220  233  246  258  270  281  288  295  300  305  308  312  320  324  332  338
  341  342  336  331  317  306  288  280  268  262  254  249  243  238  236  238
  243  247  250  250  251  244  237  243  229                                   
    35.0-180.0 180.0   5.0 450.0                            LAT/LON1/LON2/DLON/H
  231  208  190  173  164  156  154  150  150  149  149  144  138  125  118  109
  109  104  106  102  109  113  126  132  141  139  146  149  169  181  201  212
  227  236  250  260  274  283  294  299  308  309  317  318  327  334  345  354
  361  365  364  359  350  340  327  318  306  299  287  279  267  259  252  252
  256  259  262  263  263  252  244  255  231                                   
    32.5-180.0 180.0   5.0 450.0                            LAT/LON1/LON2/DLON/H
  238  215  191  169  156  146  143  138  140  141  145  142  140  128  121  112
  109  105  105  103  110  117  131  137  146  146  151  159  173  190  205  219
  230  241  255  263  277  284  293  298  305  309  315  322  332  344  358  369
  379  385  387  388  382  379  368  365  351  344  326  315  298  287  276  272
  273  274  275  274  273  266  254  260  238                                   
    30.0-180.0 180.0   5.0 450.0                            LAT/LON1/LON2/DLON/H
  245  218  196  172  158  145  140  135  137  139  144  144  142  132  125  114
  111  105  106  103  112  120  137  143  154  152  159  165  183  194  213  221
  236  242  256  262  274  280  291  297  305  309  317  322  337  347  365  378
  393  404  412  418  420  424  419  417  405  393  374  359  337  321  301  295
  289  290  288  288  284  273  262  270  245                                   
    27.5-180.0 180.0   5.0 450.0                            LAT/LON1/LON2/DLON/H
  254  224  204  178  163  149  142  136  135  136  142  141  142  132  125  115
  111  107  105  106  114  125  138  146  152  153  157  168  181  197  210  220
  230  239  250  258  268  276  285  291  300  305  313  322  335  351  368  385
  402  416  429  441  450  458  460  460  450  437  416  395  371  350  329  315
  309  303  297  293  289  282  273  273  254                                   
    25.0-180.0 180.0   5.0 450.0                            LAT/LON1/LON2/DLON/H
  254  229  209  188  171  160  150  143  140  140  142  144  142  136  129  120
  115  110  110  111  121  132  146  152  158  157  162  168  183  193  208  215
  227  233  245  253  263  270  278  286  296  304  312  323  338  352  374  389
  411  428  446  464  478  492  494  495  483  470  450  430  403  381  355  339
  324  316  308  304  298  289  281  278  254                                   
    22.5-180.0 180.0   5.0 450.0                            LAT/LON1/LON2/DLON/H
  257  229  217  197  184  170  162  153  149  145  146  144  145  137  132  123
  119  115  115  118  127  138  148  152  155  154  156  161  170  182  191  201
  211  221  233  245  257  265  274  279  291  298  309  321  336  353  371  391
  412  432  451  473  488  504  507  510  501  490  470  451  428  401  377  356
  341  328  317  310  303  293  286  277  257                                   
    20.0-180.0 180.0   5.0 450.0                            LAT/LON1/LON2/DLON/H
  254  232  219  205  192  181  170  162  156  153  151  151  149  146  140  133
  127  122  122  125  134  144  153  157  157  155  153  154  159  166  174  184
  196  209  222  236  248  260  269  279  290  301  313  325  339  354  375  392
  415  432  452  474  490  504  508  511  502  491  476  461  441  418  392  371
  353  339  327  322  313  298  286  275  254                                   
    17.5-180.0 180.0   5.0 450.0                            LAT/LON1/LON2/DLON/H
  251  229  223  209  201  189  180  171  166  160  158  154  156  149  147  138
  134  126  127  129  136  143  149  151  151  147  144  139  138  143  150  163
  175  190  207  225  242  252  266  275  289  300  314  327  342  357  374  392
  410  426  441  460  471  485  484  489  482  479  467  459  445  424  402  380
  364  349  338  328  319  303  287  269  251                                   
    15.0-180.0 180.0   5.0 450.0                            LAT/LON1/LON2/DLON/H
  244  232  219  209  200  192  182  176  170  166  162  161  159  158  154  147
  141  134  132  134  138  144  147  149  147  142  134  126  121  124  132  147
  161  180  196  220  235  253  267  283  299  311  328  338  354  365  383  396
  410  421  432  449  455  466  465  469  464  460  457  452  444  428  408  389
  374  362  352  345  331  310  289  269  244                                   
    12.5-180.0 180.0   5.0 450.0                            LAT/LON1/LON2/DLON/H
  244  226  218  206  200  191  184  178  175  169  166  162  163  157  155  147
  142  133  131  130  133  137  140  139  138  130  120  109  101  102  110  127
  145  167  191  213  234  249  269  283  305  317  336  346  361  372  389  400
  410  418  423  434  435  441  438  444  442  445  443  443  437  424  409  392
  382  371  363  352  338  317  293  268  244                                   
    10.0-180.0 180.0   5.0 450.0                            LAT/LON1/LON2/DLON/H
  240  230  212  200  189  183  176  175  173  169  166  163  161  159  155  149
  142  135  132  131  132  133  133  131  128  119  108   95   90   91  102  120
  138  164  183  210  229  253  272  290  315  327  349  356  374  381  398  407
  416  422  425  435  431  436  428  436  435  440  441  441  435  424  410  399
  388  381  374  366  348  321  295  271  240                                   
     7.5-180.0 180.0   5.0 450.0                            LAT/LON1/LON2/DLON/H
  252  235  221  204  192  181  176  174  174  169  164  159  158  152  150  142
  137  130  127  124  125  123  122  116  112  100   94   84   78   81   91  111
