data/unet/pred0720.15i
     1.0            IONOSPHERE MAPS     GNSS                IONEX VERSION / TYPE
pyspatialgeodesy        IME             05-JAN-18 20:20     PGM / RUN BY / DATE 
Map Name                                                    COMMENT             
Predicted global ionosphere maps (GIM).                     DESCRIPTION         
  2015     3    13     0     0     0                        EPOCH OF FIRST MAP  
  2015     3    14     0     0     0                        EPOCH OF LAST MAP   
  7200                                                      INTERVAL            
    13                                                      # OF MAPS IN FILE   
  NONE                                                      MAPPING FUNCTION    
10.0                                                        ELEVATION CUTOFF    
One-way carrier phase leveled to code                       OBSERVABLES USED    
  6371.0                                                    BASE RADIUS         
 2                                                          MAP DIMENSION       
   450.0 450.0   0.0                                        HGT1 / HGT2 / DHGT  
    87.5 -87.5  -2.5                                        LAT1 / LAT2 / DLAT  
  -180.0 180.0   5.0                                        LON1 / LON2 / DLON  
    -1                                                      EXPONENT            
                                                            END OF HEADER       
[from data line 1287]
     4                                                      START OF TEC MAP    
  2015     3    13     6     0     0                        EPOCH OF CURRENT MAP
    87.5-180.0 180.0   5.0 450.0                            LAT/LON1/LON2/DLON/H
  117  145  146  148  149  147  150  149  152  152  154  154  157  156  159  158
  161  160  163  161  164  161  163  160  162  158  159  156  157  154  155  152
  154  150  152  148  151  147  149  145  150  146  149  147  150  148  151  150
  153  152  154  154  155  156  157  157  158  159  159  160  160  160  159  159
  158  156  157  156  158  155  161  132  117                                   
    85.0-180.0 180.0   5.0 450.0                            LAT/LON1/LON2/DLON/H
  131  140  125  133  131  132  131  134  134  138  139  143  144  148  148  152
  152  155  155  156  156  156  154  153  152  149  147  144  143  140  139  136
  136  134  133  133  133  132  132  132  133  133  135  136  139  139  142  144
  147  148  151  152  155  155  158  158  159  159  160  159  158  158  156  155
  152  151  147  147  144  137  149  137  131                                   
    82.5-180.0 180.0   5.0 450.0                            LAT/LON1/LON2/DLON/H
  123  123  113  117  117  116  119  120  125  128  133  137  142  145  149  152
  155  157  158  159  158  157  154  153  149  146  141  139  135  132  128  128
  125  126  124  127  125  130  127  133  130  136  134  141  140  147  148  154
  156  160  163  165  167  167  170  170  171  170  171  170  169  166  165  162
  159  154  150  143  140  132  136  117  123                                   
    80.0-180.0 180.0   5.0 450.0                            LAT/LON1/LON2/DLON/H
  122  114   99   98   95   96   97   99  103  107  113  119  125  132  137  143
  146  150  151  152  151  149  146  142  139  132  128  122  120  114  113  109
  111  107  110  108  112  111  116  116  122  122  131  133  142  144  154  158
  166  170  180  184  190  193  199  200  202  202  202  201  198  196  192  188
  181  176  165  159  148  137  130  120  122                                   
    77.5-180.0 180.0   5.0 450.0                            LAT/LON1/LON2/DLON/H
  126  111   96   89   87   84   85   85   91   96  104  110  120  127  134  139
  144  146  147  146  143  140  134  130  123  118  110  107  101   99   96   96
   96   98   98  102  103  108  108  114  115  122  127  136  141  152  159  170
  177  188  195  206  211  220  224  230  230  235  233  237  232  233  227  223
  214  206  192  182  168  152  143  128  126                                   
    75.0-180.0 180.0   5.0 450.0                            LAT/LON1/LON2/DLON/H
  134  115   94   83   76   73   71   73   76   82   88   98  105  116  122  130
  134  137  138  137  133  130  123  118  109  104   96   91   86   84   83   83
   85   87   90   93   95   99  102  105  109  116  125  134  144  155  167  178
  190  201  212  222  231  242  249  256  259  261  261  260  258  255  252  248
  244  236  225  211  194  175  163  145  134                                   
    72.5-180.0 180.0   5.0 450.0                            LAT/LON1/LON2/DLON/H
  148  125  102   88   81   73   73   70   75   77   86   90  101  106  116  119
  126  125  128  125  124  119  114  108   99   93   86   81   78   76   75   76
   78   81   85   89   92   96   98  103  107  116  124  135  147  160  175  189
  203  216  229  240  252  261  270  277  280  282  280  279  275  273  268  265
  262  258  252  243  229  206  188  165  148                                   
    70.0-180.0 180.0   5.0 450.0                            LAT/LON1/LON2/DLON/H
  162  139  114   97   83   76   73   71   72   75   81   87   94  101  106  111
  116  116  118  116  116  111  107   99   93   84   79   73   71   69   71   72
   74   78   81   85   88   91   94   98  103  114  122  136  147  162  178  195
  210  227  239  253  263  275  283  290  293  295  291  287  283  277  273  268
  266  262  261  254  249  232  216  194  162                                   
    67.5-180.0 180.0   5.0 450.0                            LAT/LON1/LON2/DLON/H
  178  154  127  106   92   81   79   75   78   78   84   86   93   94  100  100
  106  106  110  109  111  107  104   98   92   86   81   77   76   73   74   75
   76   78   79   83   85   88   90   96  102  114  126  140  153  166  185  202
  221  235  251  263  275  286  294  299  301  300  295  289  284  277  271  266
  264  260  262  258  256  244  232  210  178                                   
    65.0-180.0 180.0   5.0 450.0                            LAT/LON1/LON2/DLON/H
  187  167  139  114   95   85   81   79   79   82   85   89   91   94   96   97
  101  101  104  103  107  101  102   93   93   84   83   76   76   73   73   72
   72   73   73   76   77   81   84   93  101  117  130  147  160  176  193  212
  228  244  258  271  282  293  300  305  304  302  293  289  282  275  267  263
  259  256  256  252  252  244  241  224  187                                   
    62.5-180.0 180.0   5.0 450.0                            LAT/LON1/LON2/DLON/H
  194  173  143  117   98   87   82   79   82   83   88   89   91   90   91   91
   94   96   99  100  103  100  100   96   93   89   86   82   80   77   75   71
   69   67   66   68   70   74   79   91  102  120  136  153  169  183  202  220
  238  251  266  277  289  297  306  308  309  303  295  288  284  276  268  261
  257  252  251  246  244  236  234  221  194                                   
    60.0-180.0 180.0   5.0 450.0                            LAT/LON1/LON2/DLON/H
  195  175  146  120   98   85   79   77   78   82   83   88   87   91   89   91
   94   93   98   97  102   97  101   92   95   88   89   83   81   75   70   64
   60   57   55   58   60   67   75   93  106  128  146  165  181  198  217  233
  249  264  277  289  300  308  314  317  317  313  302  297  292  284  273  264
  258  249  244  238  233  229  231  221  195                                   
    57.5-180.0 180.0   5.0 450.0                            LAT/LON1/LON2/DLON/H
  201  181  150  123   99   87   78   75   76   77   81   83   86   87   88   89
   92   92   94   92   95   92   92   89   89   87   86   84   81   74   70   60
   57   51   51   53   58   66   79   98  115  136  156  175  193  211  230  246
  262  276  292  303  315  321  328  327  331  325  321  312  311  301  292  280
  271  259  251  240  232  224  222  215  201                                   
    55.0-180.0 180.0   5.0 450.0                            LAT/LON1/LON2/DLON/H
  205  187  161  135  107   91   79   73   70   73   72   78   78   85   84   89
   88   89   89   88   90   87   89   83   87   82   86   81   81   73   67   58
   54   48   48   51   57   70   83  107  126  149  169  187  207  228  247  262
  277  293  311  325  336  345  349  351  352  350  343  339  334  328  316  302
  291  275  262  247  238  232  232  222  205                                   
    52.5-180.0 180.0   5.0 450.0                            LAT/LON1/LON2/DLON/H
  226  207  181  155  126  107   91   81   75   71   72   72   77   79   83   86
   87   86   85   82   84   81   82   78   80   79   83   81   82   74   70   59
   56   49   50   54   64   79   98  121  141  163  181  200  224  245  263  278
  293  309  329  343  357  364  370  367  372  369  368  362  361  354  345  330
  315  299  285  270  258  248  240  234  226                                   
    50.0-180.0 180.0   5.0 450.0                            LAT/LON1/LON2/DLON/H
  250  231  209  183  155  130  112   98   86   80   74   76   75   83   81   88
   84   86   81   81   81   81   82   78   82   79   85   83   85   78   73   64
   59   53   56   61   74   93  113  137  156  176  195  216  241  262  280  294
  310  328  346  363  373  380  382  384  385  385  383  379  376  370  362  348
  335  319  305  294  284  270  269  255  250                                   
    47.5-180.0 180.0   5.0 450.0                            LAT/LON1/LON2/DLON/H
  275  258  243  216  187  165  140  122  107   94   86   80   82   83   86   86
   86   84   82   83   84   86   87   85   87   86   91   88   92   83   80   69
   66   61   66   74   89  111  131  154  170  189  210  233  258  276  295  307
  323  338  358  369  381  382  386  384  389  387  387  383  381  377  369  360
  349  337  324  316  306  296  284  277  275                                   
    45.0-180.0 180.0   5.0 450.0                            LAT/LON1/LON2/DLON/H
  294  278  263  244  218  191  169  144  128  112   99   95   91   95   93   95
   89   88   86   90   94   98  100   98  100   96  101   97   98   89   86   75
   75   68   75   83  102  124  146  166  183  202  223  248  272  290  307  319
  334  349  364  379  383  388  387  390  390  389  383  378  374  369  363  356
  347  338  329  324  318  307  306  294  294                                   
    42.5-180.0 180.0   5.0 450.0                            LAT/LON1/LON2/DLON/H
  298  284  274  257  237  214  190  170  148  134  118  113  109  109  107  104
   99   95   96  102  110  116  118  118  115  113  112  108  105   94   88   79
   78   74   82   93  113  139  159  181  196  217  241  264  287  304  320  330
  344  357  372  384  389  393  395  396  397  391  382  372  364  359  352  349
  341  337  331  330  322  319  309  299  298                                   
    40.0-180.0 180.0   5.0 450.0                            LAT/LON1/LON2/DLON/H
  291  271  258  247  232  214  196  178  161  145  133  126  124  123  122  117
  112  109  111  119  128  136  139  137  135  128  125  116  111   97   94   81
   83   76   82   92  114  141  165  187  208  231  257  280  305  321  337  348
  361  373  386  400  405  415  413  418  414  411  396  382  369  360  350  344
  337  332  328  326  323  316  312  299  291                                   
    37.5-180.0 180.0   5.0 450.0                            LAT/LON1/LON2/DLON/H
  274  253  234  223  211  202  188  176  163  155  144  141  139  142  138  134
  129  126  129  136  145  153  155  154  148  143  132  125  112  100   93   81
   80   73   79   88  110  139  168  195  217  245  272  297  318  336  351  362
  372  386  398  415  424  437  440  447  445  442  429  416  398  384  370  360
  354  346  340  334  326  316  304  287  274                                   
    35.0-180.0 180.0   5.0 450.0                            LAT/LON1/LON2/DLON/H
  257  224  200  189  179  171  163  158  154  150  146  145  147  150  150  146
  145  142  147  152  161  166  169  166  162  155  145  131  121  105   98   84
   80   73   75   81   99  128  163  194  222  249  282  307  332  348  364  374
  386  397  413  434  449  470  476  489  491  491  482  470  454  440  422  410
  396  384  369  357  344  321  306  289  257                                   
    32.5-180.0 180.0   5.0 450.0                            LAT/LON1/LON2/DLON/H
  264  218  190  169  154  145  140  136  137  138  142  145  151  156  156  157
  156  157  161  166  171  173  172  172  165  162  150  140  127  111  102   86
   84   78   79   81   94  122  157  194  227  256  289  320  343  360  376  386
  399  415  432  460  481  509  525  547  555  564  559  556  541  528  509  493
  472  450  428  404  384  352  314  300  264                                   
    30.0-180.0 180.0   5.0 450.0                            LAT/LON1/LON2/DLON/H
  298  231  195  169  145  135  124  122  121  126  131  138  145  153  155  157
  161  160  167  168  172  171  172  173  173  170  163  150  136  110   94   81
   82   79   86   90   96  119  148  186  223  254  289  321  348  365  381  391
  406  425  456  490  526  562  593  623  645  664  670  675  667  660  645  626
  596  562  525  492  458  415  364  350  298                                   
    27.5-180.0 180.0   5.0 450.0                            LAT/LON1/LON2/DLON/H
  363  280  239  191  160  137  129  115  118  114  124  126  139  145  151  156
  160  165  168  168  166  164  164  171  176  180  176  163  135  105   91   82
   78   75   77   81  101  121  150  185  226  259  292  323  350  369  383  398
  415  443  486  534  581  628  667  698  727  751  766  776  780  777  770  755
  730  695  652  605  555  503  448  414  363                                   
    25.0-180.0 180.0   5.0 450.0                            LAT/LON1/LON2/DLON/H
  456  376  313  256  208  186  153  142  128  126  126  132  135  141  141  146
  152  156  160  159  155  156  161  174  185  192  191  163  133  109  104   86
   92   83   88   83  101  129  153  187  226  257  291  320  346  366  385  405
  431  469  529  589  651  688  723  753  790  819  848  869  884  887  886  872
  848  806  755  701  659  616  567  517  456                                   
    22.5-180.0 180.0   5.0 450.0                            LAT/LON1/LON2/DLON/H
  573  497  432  364  303  252  219  191  172  152  148  139  144  139  140  141
  148  153  156  153  151  154  167  186  205  214  203  170  146  131  125  117
  113  107   97   90   98  124  159  191  232  262  294  322  349  374  395  417
  444  498  572  639  697  730  763  794  826  860  888  917  941  953  961  948
  930  892  842  791  742  708  673  632  573                                   
    20.0-180.0 180.0   5.0 450.0                            LAT/LON1/LON2/DLON/H
  681  625  549  498  430  386  322  275  235  219  196  187  172  165  151  148
  147  151  153  153  153  163  184  207  232  238  220  185  166  142  150  131
  138  112  109   95  104  124  162  194  228  259  289  322  354  385  417  434
  475  534  613  670  716  746  780  804  833  864  895  922  952  965  983  978
  968  937  901  852  812  781  750  741  681                                   
    17.5-180.0 180.0   5.0 450.0                            LAT/LON1/LON2/DLON/H
  775  751  688  637  574  525  461  407  347  291  252  231  216  202  184  169
  161  160  161  162  167  186  213  242  271  266  245  212  183  164  164  154
  147  127  113   99  107  130  168  196  234  263  295  328  362  398  425  460
  508  573  644  697  728  759  776  800  815  844  867  901  922  944  959  968
  962  949  923  900  869  853  819  820  775                                   
    15.0-180.0 180.0   5.0 450.0                            LAT/LON1/LON2/DLON/H
  827  825  766  740  682  633  568  522  450  404  339  301  260  248  224  217
  198  193  184  189  196  219  250  281  314  291  266  226  199  175  172  159
  151  122  110   96  108  133  166  198  232  265  299  339  379  413  448  481
  540  595  657  694  722  738  750  759  770  796  815  845  869  882  906  907
  920  905  909  893  889  882  854  853  827                                   
    12.5-180.0 180.0   5.0 450.0                            LAT/LON1/LON2/DLON/H
  845  851  804  784  744  700  649  596  544  488  431  392  347  313  279  261
  239  233  228  227  239  261  300  331  345  317  279  236  205  182  175  162
  146  121  108   99  110  137  170  197  236  267  303  345  384  426  458  507
  557  607  651  687  697  711  704  709  708  734  755  786  803  826  836  850
  857  867  874  881  881  888  861  858  845                                   
    10.0-180.0 180.0   5.0 450.0                            LAT/LON1/LON2/DLON/H
  827  847  801  788  752  728  678  645  593  551  493  464  423  399  354  328
  294  286  275  280  289  309  342  359  363  326  289  247  210  184  173  151
  137  108  100   92  109  137  167  199  235  270  305  350  390  427  465  509
  563  596  635  662  673  676  668  665  664  685  710  740  757  771  789  789
  811  815  846  850  873  879  856  842  827                                   
     7.5-180.0 180.0   5.0 450.0                            LAT/LON1/LON2/DLON/H
  803  812  773  760  734  706  675  649  615  579  539  513  489  470  435  408
  373  360  347  345  348  360  383  392  371  334  287  249  209  185  162  145
