data/unet/pred2210.15i
     1.0            IONOSPHERE MAPS     GNSS                IONEX VERSION / TYPE
pyspatialgeodesy        IME             05-JAN-18 20:20     PGM / RUN BY / DATE 
Map Name                                                    COMMENT             
Predicted global ionosphere maps (GIM).                     DESCRIPTION         
  2015     8     9     0     0     0                        EPOCH OF FIRST MAP  
  2015     8    10     0     0     0                        EPOCH OF LAST MAP   
  7200                                                      INTERVAL            
    13                                                      # OF MAPS IN FILE   
  NONE                                                      MAPPING FUNCTION    
10.0                                                        ELEVATION CUTOFF    
One-way carrier phase leveled to code                       OBSERVABLES USED    
  6371.0                                                    BASE RADIUS         
 2                                                          MAP DIMENSION       
   450.0 450.0   0.0                                        HGT1 / HGT2 / DHGT  
    87.5 -87.5  -2.5                                        LAT1 / LAT2 / DLAT  
  -180.0 180.0   5.0                                        LON1 / LON2 / DLON  
    -1                                                      EXPONENT            
                                                            END OF HEADER       
[from data line 858]
     3                                                      START OF TEC MAP    
  2015     8     9     4     0     0                        EPOCH OF CURRENT MAP
    87.5-180.0 180.0   5.0 450.0                            LAT/LON1/LON2/DLON/H
  144  145  132  130  132  127  129  127  129  126  127  124  127  124  125  123
  125  123  124  122  124  122  124  121  123  120  122  119  122  119  122  119
  122  119  122  120  123  120  123  120  124  121  124  121  125  123  125  124
  127  125  128  126  130  128  130  128  131  129  131  128  131  129  131  128
  131  129  132  131  133  128  143  152  144                                   
    85.0-180.0 180.0   5.0 450.0                            LAT/LON1/LON2/DLON/H
  151  147  129  135  134  131  130  132  131  132  130  131  130  131  128  130
  128  129  127  128  126  126  124  125  123  123  121  121  120  120  118  119
  118  119  118  120  118  120  118  120  119  121  119  121  120  123  121  124
  123  125  123  126  126  128  126  128  128  129  127  129  128  129  127  129
  128  129  129  131  129  129  137  142  151                                   
    82.5-180.0 180.0   5.0 450.0                            LAT/LON1/LON2/DLON/H
  138  134  130  138  133  132  131  133  132  133  131  134  131  133  130  132
  128  130  126  128  123  125  119  121  116  118  113  116  112  114  110  113
  110  114  111  115  113  116  115  117  117  118  118  118  120  120  121  122
  124  125  126  126  128  128  129  129  130  129  129  128  129  127  127  125
  127  125  127  125  127  123  135  129  138                                   
    80.0-180.0 180.0   5.0 450.0                            LAT/LON1/LON2/DLON/H
  142  139  141  143  142  140  140  141  141  141  141  141  141  140  139  139
  137  136  134  133  130  128  125  123  120  118  115  115  113  112  111  112
  112  113  113  115  116  117  118  119  120  121  121  122  124  125  126  128
  130  131  133  135  137  137  139  139  140  139  139  139  139  137  137  136
  136  134  134  134  134  130  135  132  142                                   
    77.5-180.0 180.0   5.0 450.0                            LAT/LON1/LON2/DLON/H
  146  139  141  146  144  142  142  142  142  141  141  141  140  139  138  138
  137  135  134  131  129  125  121  118  114  111  109  107  105  103  104  105
  106  107  109  112  114  115  118  119  120  120  122  123  126  127  130  131
  135  136  140  141  144  145  146  147  147  147  147  147  146  145  143  143
  141  139  140  138  138  134  137  130  146                                   
    75.0-180.0 180.0   5.0 450.0                            LAT/LON1/LON2/DLON/H
  144  140  141  143  142  139  139  138  137  135  135  133  133  132  132  130
  130  129  127  126  122  119  116  113  108  105  102   98   97   95   97   97
  100  102  106  108  111  112  115  116  118  119  120  122  125  128  131  134
  138  141  144  147  148  151  151  152  151  151  150  150  149  149  147  147
  145  146  145  145  144  138  141  135  144                                   
    72.5-180.0 180.0   5.0 450.0                            LAT/LON1/LON2/DLON/H
  147  138  141  143  141  138  137  135  134  132  130  128  126  125  124  123
  122  120  120  117  115  112  110  105  102   97   94   90   89   88   90   91
   94   96  101  104  107  109  112  114  116  118  120  123  126  131  134  139
  142  148  149  154  154  157  156  157  154  154  151  151  149  149  148  148
  146  147  148  148  147  143  144  137  147                                   
    70.0-180.0 180.0   5.0 450.0                            LAT/LON1/LON2/DLON/H
  145  141  142  144  142  138  136  135  132  129  125  123  120  117  115  114
  112  112  112  111  110  108  105  101   97   92   89   85   84   83   85   86
   90   92   97  100  104  105  109  110  113  116  119  124  128  135  140  146
  150  155  158  161  161  162  160  159  155  153  151  151  149  149  148  149
  148  149  150  150  150  145  148  142  145                                   
    67.5-180.0 180.0   5.0 450.0                            LAT/LON1/LON2/DLON/H
  147  139  143  144  140  137  135  132  130  126  123  118  115  110  107  105
  104  103  103  103  103  102  100   96   92   87   83   80   79   79   80   82
   84   87   90   93   95   99  101  104  107  112  117  125  131  139  144  152
  155  161  162  166  164  164  159  157  152  150  147  146  146  146  146  146
  146  147  148  148  149  147  148  143  147                                   
    65.0-180.0 180.0   5.0 450.0                            LAT/LON1/LON2/DLON/H
  147  145  146  145  142  137  134  133  129  125  120  115  111  106  103  100
   98   97   98   97   97   97   95   92   87   83   80   77   76   75   77   77
   79   80   82   85   88   91   95   98  102  109  117  127  135  144  151  158
  162  167  168  170  168  165  159  155  150  147  144  144  142  143  143  144
  144  146  147  148  149  146  150  147  147                                   
    62.5-180.0 180.0   5.0 450.0                            LAT/LON1/LON2/DLON/H
  150  143  146  146  140  135  132  129  127  123  119  113  109  103   98   94
   92   90   90   90   90   89   87   85   81   78   75   73   72   72   72   71
   71   71   73   74   78   80   87   91   99  108  120  129  140  149  156  163
  168  171  171  171  168  163  157  150  145  141  139  139  140  140  142  142
  142  143  144  144  147  145  148  144  150                                   
    60.0-180.0 180.0   5.0 450.0                            LAT/LON1/LON2/DLON/H
  149  148  148  146  142  136  131  130  126  123  119  114  109  102   97   92
   88   85   85   84   83   82   79   77   74   72   71   70   70   69   69   68
   66   65   65   66   68   73   79   88   96  110  120  133  142  155  159  168
  170  175  171  173  167  164  156  151  145  142  138  139  139  141  141  142
  140  141  141  142  143  140  148  144  149                                   
    57.5-180.0 180.0   5.0 450.0                            LAT/LON1/LON2/DLON/H
  151  145  148  148  141  135  131  128  126  123  120  116  111  104   97   91
   86   82   80   78   77   75   72   71   69   68   68   68   68   67   67   63
   62   58   59   58   63   66   75   83   98  110  125  136  149  158  165  171
  175  175  174  172  169  163  158  151  146  142  140  140  141  141  143  142
  140  138  138  136  140  138  144  140  151                                   
    55.0-180.0 180.0   5.0 450.0                            LAT/LON1/LON2/DLON/H
  149  149  150  149  145  137  134  132  128  127  122  118  114  107  100   92
   87   82   79   75   73   70   67   66   66   66   68   68   70   68   67   64
   61   58   57   57   60   66   73   86   98  115  127  142  151  163  167  173
  175  177  175  175  171  170  162  159  153  151  147  148  147  148  146  145
  141  139  137  136  136  133  144  139  149                                   
    52.5-180.0 180.0   5.0 450.0                            LAT/LON1/LON2/DLON/H
  154  150  153  155  149  142  138  136  133  130  126  122  117  111  103   96
   90   84   81   76   72   69   66   65   66   69   71   73   73   72   70   64
   62   57   58   57   62   67   77   86  102  117  133  145  158  167  174  178
  182  183  183  182  182  179  174  170  164  159  156  155  154  153  152  149
  145  142  139  134  137  135  143  139  154                                   
    50.0-180.0 180.0   5.0 450.0                            LAT/LON1/LON2/DLON/H
  155  156  159  159  157  149  147  144  140  136  131  126  121  113  107   99
   94   88   84   80   76   72   70   69   72   74   78   78   80   76   74   69
   66   63   63   64   67   73   80   92  104  122  135  150  161  172  178  183
  188  188  189  189  191  190  186  183  176  172  166  165  162  161  158  156
  150  147  142  139  138  134  145  141  155                                   
    47.5-180.0 180.0   5.0 450.0                            LAT/LON1/LON2/DLON/H
  163  159  164  168  164  159  155  152  147  142  137  130  124  117  111  105
   99   95   92   87   84   80   79   78   82   84   87   87   86   83   79   74
   72   68   70   70   74   78   86   94  107  123  139  152  166  177  185  191
  196  198  199  201  203  202  198  194  189  183  176  172  169  166  164  161
  158  154  151  145  147  144  150  145  163                                   
    45.0-180.0 180.0   5.0 450.0                            LAT/LON1/LON2/DLON/H
  165  166  172  175  175  168  166  162  157  149  142  136  128  120  114  108
  104  101   98   96   93   90   90   91   95   96   99   96   95   90   87   80
   80   78   79   80   82   86   90   99  108  124  141  155  167  179  187  195
  203  205  209  211  215  212  209  203  200  193  186  181  176  174  170  168
  164  163  159  157  156  151  159  153  165                                   
    42.5-180.0 180.0   5.0 450.0                            LAT/LON1/LON2/DLON/H
  175  171  176  181  179  176  172  170  162  156  147  140  132  124  118  113
  110  108  107  105  102  100  102  104  107  109  109  106  102   97   93   88
   88   86   88   88   90   92   96  100  110  125  143  157  171  184  194  205
  213  219  222  225  229  225  220  215  212  205  198  190  186  179  178  174
  174  172  172  168  170  167  169  163  175                                   
    40.0-180.0 180.0   5.0 450.0                            LAT/LON1/LON2/DLON/H
  180  181  185  188  188  183  182  177  170  161  153  146  137  130  121  118
  114  114  112  112  110  110  113  116  120  121  120  115  111  105  102   98
   98   98   98   98   97   97   98  104  113  125  144  159  175  187  201  211
  223  227  233  237  243  238  234  227  226  218  211  205  200  194  190  189
  186  188  186  186  187  180  183  175  180                                   
    37.5-180.0 180.0   5.0 450.0                            LAT/LON1/LON2/DLON/H
  195  193  191  193  189  186  182  180  171  166  158  152  144  135  128  122
  119  117  116  115  115  115  120  125  130  131  129  123  119  113  111  107
  107  107  107  106  105  104  105  108  118  129  148  164  180  195  210  223
  233  241  247  252  257  252  248  242  242  235  230  223  221  210  210  202
  204  203  206  205  209  205  198  190  195                                   
    35.0-180.0 180.0   5.0 450.0                            LAT/LON1/LON2/DLON/H
  207  209  205  202  198  192  189  184  176  169  164  158  153  145  135  129
  124  122  119  119  118  120  127  133  140  141  139  133  127  122  119  117
  115  114  112  111  107  107  108  112  122  132  150  163  183  196  215  225
  239  245  256  261  267  263  261  256  260  256  254  248  245  236  230  227
  223  227  224  228  228  223  219  208  207                                   
    32.5-180.0 180.0   5.0 450.0                            LAT/LON1/LON2/DLON/H
  230  226  218  213  205  198  191  188  180  176  170  168  162  154  144  135
  128  123  120  119  119  122  130  140  147  149  147  141  137  131  127  123
  121  118  116  115  112  112  114  118  129  138  154  167  183  198  214  228
  240  249  258  267  275  275  275  275  282  282  281  279  279  268  265  250
  252  245  248  246  252  250  240  230  230                                   
    30.0-180.0 180.0   5.0 450.0                            LAT/LON1/LON2/DLON/H
  253  247  242  231  223  212  203  196  189  180  176  172  170  163  153  142
  133  126  121  119  119  123  133  143  153  155  154  148  143  138  133  128
  124  120  116  116  111  113  114  119  130  138  152  161  179  191  208  220
  233  242  252  265  279  287  292  297  309  316  315  320  317  311  300  288
  279  276  273  277  276  274  267  255  253                                   
    27.5-180.0 180.0   5.0 450.0                            LAT/LON1/LON2/DLON/H
  283  271  268  257  242  229  217  210  199  193  185  184  178  173  160  149
  138  128  123  119  121  126  138  150  160  165  162  157  151  145  138  130
  124  118  115  115  112  114  116  122  131  139  149  159  173  183  199  209
  222  232  248  266  286  300  311  322  337  347  350  357  357  353  347  328
  319  306  305  304  308  308  295  288  283                                   
    25.0-180.0 180.0   5.0 450.0                            LAT/LON1/LON2/DLON/H
  313  302  303  286  274  255  243  229  215  204  195  188  183  174  163  150
  139  129  124  121  124  131  145  157  169  172  168  160  153  146  137  128
  119  113  110  110  108  111  113  116  125  129  141  147  165  178  193  202
  215  225  246  270  296  316  331  346  363  378  380  390  389  389  383  368
  354  343  336  336  336  336  327  319  313                                   
    22.5-180.0 180.0   5.0 450.0                            LAT/LON1/LON2/DLON/H
  343  333  337  321  303  288  269  254  234  223  207  200  189  182  168  156
  145  134  130  127  133  142  155  169  177  181  174  165  155  145  134  121
  113  105  102  101  101  105  105  109  115  121  129  143  159  173  190  199
  215  227  252  278  306  330  347  364  381  393  400  409  415  414  410  394
  381  368  362  360  365  361  356  353  343                                   
    20.0-180.0 180.0   5.0 450.0                            LAT/LON1/LON2/DLON/H
  370  364  368  348  336  314  299  280  261  240  223  208  197  183  169  156
  146  137  134  134  142  150  165  176  185  184  175  162  150  137  123  113
  101   95   89   91   92   96   96   96  102  106  118  132  157  171  193  204
  220  235  261  286  317  340  358  378  393  408  413  427  434  439  433  421
  406  394  388  388  390  386  384  378  370                                   
    17.5-180.0 180.0   5.0 450.0                            LAT/LON1/LON2/DLON/H
  389  385  388  374  356  344  327  309  285  263  237  222  204  192  177  166
  156  149  147  147  154  163  174  185  187  184  171  157  143  127  114  101
   91   83   79   78   82   85   85   84   90   94  110  127  153  172  196  207
  227  246  273  298  324  348  365  384  397  411  420  434  444  452  449  442
  427  420  411  414  415  412  408  409  389                                   
    15.0-180.0 180.0   5.0 450.0                            LAT/LON1/LON2/DLON/H
  404  403  401  385  374  365  350  332  306  279  252  230  212  196  182  171
  163  156  156  156  164  170  181  186  185  178  163  144  128  115  102   90
   80   72   67   67   70   72   73   71   76   81   99  119  149  171  199  212
  236  252  284  305  333  354  372  390  403  421  429  446  456  468  469  464
  453  448  441  444  441  434  433  429  404                                   
    12.5-180.0 180.0   5.0 450.0                            LAT/LON1/LON2/DLON/H
  413  410  406  397  381  378  360  349  321  298  266  243  221  206  194  186
  179  173  172  171  176  180  184  184  176  167  150  131  116  104   93   83
   75   65   63   61   64   64   67   64   70   74   96  118  149  173  199  214
  239  262  290  315  340  360  377  392  408  424  434  451  461  478  478  479
  470  468  462  463  460  459  454  448  413                                   
    10.0-180.0 180.0   5.0 450.0                            LAT/LON1/LON2/DLON/H
  423  418  407  396  389  385  369  359  333  309  279  253  232  217  204  195
  192  185  183  180  184  183  183  177  166  151  133  117  106   96   89   78
   72   63   59   56   58   57   58   57   63   69   91  116  149  173  201  220
  247  270  304  325  351  369  386  405  423  444  455  473  484  496  497  499
  492  490  483  483  478  471  475  467  423                                   
     7.5-180.0 180.0   5.0 450.0                            LAT/LON1/LON2/DLON/H
  430  428  413  407  391  391  373  366  338  319  288  264  242  227  215  209
  205  199  198  193  192  187  180  170  154  136  121  108  101   92   89   81
