data/unet/pred0180.15i
     1.0            IONOSPHERE MAPS     GNSS                IONEX VERSION / TYPE
pyspatialgeodesy        IME             05-JAN-18 20:20     PGM / RUN BY / DATE 
Map Name                                                    COMMENT             
Predicted global ionosphere maps (GIM).                     DESCRIPTION         
  2015     1    18     0     0     0                        EPOCH OF FIRST MAP  
  2015     1    19     0     0     0                        EPOCH OF LAST MAP   
  7200                                                      INTERVAL            
    13                                                      # OF MAPS IN FILE   
  NONE                                                      MAPPING FUNCTION    
10.0                                                        ELEVATION CUTOFF    
One-way carrier phase leveled to code                       OBSERVABLES USED    
  6371.0                                                    BASE RADIUS         
 2                                                          MAP DIMENSION       
   450.0 450.0   0.0                                        HGT1 / HGT2 / DHGT  
    87.5 -87.5  -2.5                                        LAT1 / LAT2 / DLAT  
  -180.0 180.0   5.0                                        LON1 / LON2 / DLON  
    -1                                                      EXPONENT            
                                                            END OF HEADER       
[from data line 3003]
     8                                                      START OF TEC MAP    
  2015     1    18    14     0     0                        EPOCH OF CURRENT MAP
    87.5-180.0 180.0   5.0 450.0                            LAT/LON1/LON2/DLON/H
   73   95  100  101   99  102  101  105  103  106  104  106  102  104   99   99
   94   95   92   91   88   89   87   88   86   88   86   87   83   84   81   82
   78   80   77   78   75   77   74   76   73   75   73   75   73   75   73   77
   74   79   76   81   78   81   80   82   82   83   83   84   85   86   87   88
   88   90   90   91   91   94  100   82   73                                   
    85.0-180.0 180.0   5.0 450.0                            LAT/LON1/LON2/DLON/H
   83   96   95   91   95   91   97   92   98   94  100   94   99   93   98   90
   95   88   92   84   87   81   84   77   79   74   77   72   73   70   70   67
   67   65   66   63   64   63   63   61   62   61   62   61   62   62   62   62
   64   65   67   68   70   71   74   73   76   75   78   76   80   78   81   78
   82   81   85   83   88   88   92   85   83                                   
    82.5-180.0 180.0   5.0 450.0                            LAT/LON1/LON2/DLON/H
   80   82   82   85   81   86   83   88   86   90   88   90   87   89   84   85
   80   82   76   78   73   75   71   73   69   70   67   68   64   64   61   59
   57   55   54   50   51   47   47   43   45   41   42   40   43   40   43   41
   46   46   51   51   57   58   62   63   66   68   68   70   69   72   70   72
   71   74   72   75   72   76   69   70   80                                   
    80.0-180.0 180.0   5.0 450.0                            LAT/LON1/LON2/DLON/H
   64   65   63   69   67   70   69   73   73   75   75   75   75   74   74   73
   72   71   71   70   70   71   70   70   69   71   69   70   67   67   63   63
   58   59   53   54   48   49   44   44   40   40   37   38   36   37   36   38
   38   41   42   47   49   54   54   59   59   62   60   63   61   63   60   61
   59   60   57   58   54   57   55   56   64                                   
    77.5-180.0 180.0   5.0 450.0                            LAT/LON1/LON2/DLON/H
   47   49   50   50   51   53   53   57   57   60   59   61   60   61   59   61
   59   62   60   64   63   69   67   74   71   78   76   80   76   77   72   72
   65   64   59   58   53   50   46   44   40   38   36   34   33   31   32   32
   35   35   40   43   47   51   53   57   58   59   59   59   59   58   56   55
   53   52   50   47   44   42   39   44   47                                   
    75.0-180.0 180.0   5.0 450.0                            LAT/LON1/LON2/DLON/H
   43   34   38   37   40   42   47   46   51   50   54   50   53   49   50   48
   49   51   53   56   60   66   69   75   79   84   90   91   94   93   92   87
   83   79   75   69   65   60   56   50   47   43   41   37   36   34   34   32
   36   37   43   46   52   55   59   59   62   60   62   59   60   56   56   51
   50   46   45   41   39   37   37   37   43                                   
    72.5-180.0 180.0   5.0 450.0                            LAT/LON1/LON2/DLON/H
   40   39   38   36   38   39   42   42   45   45   46   44   43   43   39   42
   39   45   45   53   59   70   76   88   93  104  108  116  116  119  116  115
  110  108  102   97   89   83   75   69   61   56   52   48   45   43   42   41
   41   43   47   52   56   61   62   64   62   63   61   61   58   58   55   54
   51   49   46   43   39   36   37   35   40                                   
    70.0-180.0 180.0   5.0 450.0                            LAT/LON1/LON2/DLON/H
   43   35   41   39   42   42   46   45   50   48   50   45   46   39   37   36
   36   42   45   57   66   83   90  107  112  123  128  135  139  139  140  137
  135  133  129  124  117  109  101   92   84   77   69   62   56   51   49   46
   48   47   52   53   59   60   64   62   65   61   63   60   62   59   60   56
   56   53   53   48   46   40   42   39   43                                   
    67.5-180.0 180.0   5.0 450.0                            LAT/LON1/LON2/DLON/H
   43   44   47   45   48   47   50   49   52   50   51   48   46   42   36   37
   35   41   48   62   76   94  106  121  130  140  145  156  156  161  159  162
  158  159  155  151  144  136  126  118  107   98   88   81   71   65   59   57
   54   55   55   57   58   59   57   60   59   59   58   59   59   59   58   59
   58   57   56   54   49   45   46   44   43                                   
    65.0-180.0 180.0   5.0 450.0                            LAT/LON1/LON2/DLON/H
   47   46   52   50   54   53   57   56   60   57   59   53   51   43   39   34
   36   41   52   68   87  104  119  136  145  157  164  174  175  178  179  179
  177  178  176  173  167  156  147  136  127  116  105   93   83   73   66   59
   56   51   50   47   50   47   48   47   49   49   51   51   55   54   57   55
   58   55   58   53   53   46   49   44   47                                   
    62.5-180.0 180.0   5.0 450.0                            LAT/LON1/LON2/DLON/H
   43   48   51   51   53   54   58   57   60   57   57   55   51   46   39   36
   37   43   56   73   92  110  127  142  155  166  174  185  186  193  191  197
  194  194  192  190  182  171  160  149  139  130  119  110   95   84   73   64
   56   50   46   44   42   40   38   39   38   41   40   44   45   47   50   50
   52   51   51   50   47   44   45   44   43                                   
    60.0-180.0 180.0   5.0 450.0                            LAT/LON1/LON2/DLON/H
   39   42   45   46   50   50   54   54   56   53   54   51   48   41   37   33
   37   41   58   73   94  110  128  143  157  168  177  187  191  197  202  207
  209  207  205  202  195  182  170  158  150  140  132  120  108   92   78   65
   54   45   39   34   31   27   27   28   30   31   33   35   39   39   44   43
   46   43   46   41   42   36   41   36   39                                   
    57.5-180.0 180.0   5.0 450.0                            LAT/LON1/LON2/DLON/H
   31   35   36   41   42   46   47   48   49   48   47   47   43   39   35   34
   37   45   61   76   95  112  129  146  161  171  183  192  197  207  210  220
  217  220  216  213  202  190  177  169  160  150  143  133  120  104   89   73
   61   49   45   36   35   28   28   26   28   29   30   33   36   36   39   38
   39   38   38   37   33   33   32   31   31                                   
    55.0-180.0 180.0   5.0 450.0                            LAT/LON1/LON2/DLON/H
   27   26   27   31   35   37   39   40   40   38   38   35   34   29   30   29
   37   46   63   79   97  115  131  146  160  172  181  194  201  211  219  226
  231  233  230  226  212  201  187  178  172  162  154  145  134  118   99   84
   68   57   48   41   37   31   30   28   31   32   35   36   39   38   41   38
   39   36   38   35   33   32   34   29   27                                   
    52.5-180.0 180.0   5.0 450.0                            LAT/LON1/LON2/DLON/H
   28   27   24   30   30   36   35   38   35   35   32   33   30   30   29   32
   41   50   70   84  105  120  136  153  166  179  192  203  213  221  227  236
  238  242  236  232  218  207  195  187  182  174  168  160  150  133  117  100
   88   74   67   56   54   45   44   40   40   42   43   45   46   45   45   43
   42   40   39   41   38   38   35   31   28                                   
    50.0-180.0 180.0   5.0 450.0                            LAT/LON1/LON2/DLON/H
   37   34   30   32   36   38   39   38   36   32   32   28   29   24   29   29
   43   55   77   93  115  129  145  157  172  185  198  211  219  225  230  236
  242  243  242  235  227  215  204  196  192  185  181  171  162  146  130  116
  106   94   86   77   69   62   59   56   56   55   57   58   61   57   58   53
   54   49   52   50   51   49   49   43   37                                   
    47.5-180.0 180.0   5.0 450.0                            LAT/LON1/LON2/DLON/H
   53   50   44   44   44   46   45   44   41   39   34   34   30   30   30   38
   50   67   93  111  133  144  158  173  185  200  212  225  231  230  232  234
  236  237  236  233  227  219  212  205  200  194  190  182  172  156  146  133
  126  116  109   99   92   82   77   72   70   70   70   71   70   69   67   65
   63   62   62   66   65   64   64   59   53                                   
    45.0-180.0 180.0   5.0 450.0                            LAT/LON1/LON2/DLON/H
   69   65   61   59   63   60   62   56   54   46   46   37   40   31   38   40
   57   76  104  125  149  158  175  184  201  214  227  235  235  231  227  224
  226  225  229  226  229  224  220  214  210  203  197  186  178  161  153  141
  138  129  123  112  103   93   85   80   78   77   78   77   78   77   76   73
   73   72   75   76   79   79   80   76   69                                   
    42.5-180.0 180.0   5.0 450.0                            LAT/LON1/LON2/DLON/H
   82   81   74   74   75   71   72   67   65   59   55   50   46   43   44   54
   70   95  122  146  164  177  189  204  215  231  240  244  237  226  216  212
  210  213  219  225  231  233  231  227  220  211  203  191  181  166  160  150
  149  138  133  119  110   95   87   79   78   75   75   76   76   77   77   76
   74   75   77   82   85   86   90   86   82                                   
    40.0-180.0 180.0   5.0 450.0                            LAT/LON1/LON2/DLON/H
   88   86   84   84   88   83   84   77   76   68   69   59   61   52   59   64
   85  107  136  157  179  189  204  215  231  240  251  248  240  223  212  205
  209  215  225  237  245  250  249  243  237  222  212  196  188  171  165  156
  154  143  136  122  110   94   85   77   75   71   70   71   71   74   74   74
   73   73   77   80   83   88   92   89   88                                   
    37.5-180.0 180.0   5.0 450.0                            LAT/LON1/LON2/DLON/H
   86   87   87   91   91   89   87   82   81   75   74   70   69   66   72   84
  103  127  150  172  187  201  212  228  238  253  254  254  239  227  211  216
  220  237  250  266  271  280  276  271  258  245  230  214  203  187  181  169
  168  154  148  130  117   99   89   79   75   69   65   66   63   66   67   67
   65   64   66   70   74   81   86   85   86                                   
    35.0-180.0 180.0   5.0 450.0                            LAT/LON1/LON2/DLON/H
   80   80   85   89   93   89   88   81   81   77   79   73   79   75   86   92
  115  133  158  175  195  205  221  231  247  257  261  258  249  237  232  240
  254  276  289  305  312  320  317  308  294  276  259  243  229  213  201  189
  181  168  158  142  127  110   99   88   81   74   67   65   62   64   63   63
   62   58   58   57   61   68   74   74   80                                   
    32.5-180.0 180.0   5.0 450.0                            LAT/LON1/LON2/DLON/H
   67   69   71   84   84   87   81   78   76   75   76   77   81   85   98  111
  132  149  166  184  197  211  221  236  246  259  260  264  256  256  257  279
  297  324  338  354  359  366  361  354  335  321  300  286  269  254  238  222
  207  193  182  167  153  137  125  113  105   94   86   80   76   76   72   72
   66   63   55   54   52   58   58   58   67                                   
    30.0-180.0 180.0   5.0 450.0                            LAT/LON1/LON2/DLON/H
   62   59   63   72   76   75   76   72   70   68   73   75   83   88  105  116
  139  152  174  184  203  212  227  235  249  259  267  270  275  278  294  321
  344  370  384  402  409  413  413  403  387  371  354  338  321  306  285  271
  247  235  215  205  190  179  165  156  142  131  114  105   98   97   98   97
   93   84   74   64   60   58   56   50   62                                   
    27.5-180.0 180.0   5.0 450.0                            LAT/LON1/LON2/DLON/H
   55   59   55   67   68   75   71   70   63   65   67   72   80   89  109  126
  149  162  178  192  206  218  226  236  244  260  269  285  295  313  334  371
  397  431  439  460  463  471  466  458  440  428  413  401  384  366  342  326
  306  294  279  274  260  253  232  224  203  190  176  163  150  141  141  139
  138  133  115  103   87   80   60   51   55                                   
    25.0-180.0 180.0   5.0 450.0                            LAT/LON1/LON2/DLON/H
   65   67   63   67   70   70   73   66   63   61   66   69   79   89  110  126
  151  164  184  194  214  221  231  234  247  261  279  296  322  346  383  426
  461  490  500  504  508  507  506  497  488  479  472  462  447  428  404  389
  371  361  351  349  343  339  323  316  296  272  234  207  181  167  159  154
  158  155  158  146  129  113   99   55   65                                   
    22.5-180.0 180.0   5.0 450.0                            LAT/LON1/LON2/DLON/H
   77  104   86   82   77   78   75   76   67   67   64   70   78   89  109  130
  155  170  187  204  219  229  234  239  246  263  288  314  353  379  427  469
  518  549  561  559  549  543  533  531  518  514  506  499  487  470  451  433
  420  412  405  408  409  412  406  403  369  336  298  264  229  196  191  186
  195  189  193  181  172  149  132   85   77                                   
    20.0-180.0 180.0   5.0 450.0                            LAT/LON1/LON2/DLON/H
   99  119  107  101   97   90   88   79   75   67   65   67   75   87  108  129
  158  172  195  209  229  234  244  240  254  271  302  337  382  417  471  510
  560  586  595  581  569  553  548  541  533  530  523  516  509  496  484  469
  458  452  449  452  456  460  455  441  406  371  336  302  267  238  228  222
  233  228  231  225  214  185  166  112   99                                   
    17.5-180.0 180.0   5.0 450.0                            LAT/LON1/LON2/DLON/H
  112  145  126  116  109  106  100   94   85   77   72   72   78   88  111  134
  165  184  203  224  238  252  255  259  268  289  328  366  414  449  502  538
  590  609  614  599  582  570  562  556  546  543  536  536  529  522  511  500
  492  483  479  480  483  480  473  446  411  375  351  325  298  271  261  253
  263  261  263  252  248  223  204  145  112                                   
    15.0-180.0 180.0   5.0 450.0                            LAT/LON1/LON2/DLON/H
  125  157  142  127  115  105  106   94   96   84   78   76   82   93  118  142
  174  197  219  238  254  261  270  271  284  310  351  398  445  482  532  556
  600  608  610  586  573  559  558  550  543  539  532  530  528  522  516  508
  497  487  477  474  468  459  429  401  369  346  325  315  297  282  273  274
  282  283  284  271  261  240  220  175  125                                   
    12.5-180.0 180.0   5.0 450.0                            LAT/LON1/LON2/DLON/H
  131  159  154  139  127  113  107  105   98   89   88   82   90  100  120  152
  186  213  234  256  268  281  286  290  306  332  377  422  466  504  548  576
  608  605  601  578  568  556  553  547  542  537  532  530  528  525  522  510
  500  475  464  448  439  412  384  349  331  303  301  285  282  273  278  281
  289  289  283  269  250  234  221  177  131                                   
    10.0-180.0 180.0   5.0 450.0                            LAT/LON1/LON2/DLON/H
  136  163  152  136  127  109  105   92  102   87   90   93   99  111  131  161
  197  229  251  272  287  295  304  310  330  360  408  445  490  524  559  572
  583  576  566  551  544  538  539  537  531  530  522  519  516  513  508  499
  479  457  430  410  378  345  315  291  272  265  253  254  246  254  258  275
  280  278  273  256  235  211  207  176  136                                   
     7.5-180.0 180.0   5.0 450.0                            LAT/LON1/LON2/DLON/H
  132  158  145  128  121  106   99   93   95   88   92   96  111  126  141  174
  205  241  266  286  303  314  324  337  359  388  428  464  507  538  556  566
