data/unet/pred2610.15i
     1.0            IONOSPHERE MAPS     GNSS                IONEX VERSION / TYPE
pyspatialgeodesy        IME             05-JAN-18 20:20     PGM / RUN BY / DATE 
Map Name                                                    COMMENT             
Predicted global ionosphere maps (GIM).                     DESCRIPTION         
  2015     9    18     0     0     0                        EPOCH OF FIRST MAP  
  2015     9    19     0     0     0                        EPOCH OF LAST MAP   
  7200                                                      INTERVAL            
    13                                                      # OF MAPS IN FILE   
  NONE                                                      MAPPING FUNCTION    
10.0                                                        ELEVATION CUTOFF    
One-way carrier phase leveled to code                       OBSERVABLES USED    
  6371.0                                                    BASE RADIUS         
 2                                                          MAP DIMENSION       
   450.0 450.0   0.0                                        HGT1 / HGT2 / DHGT  
    87.5 -87.5  -2.5                                        LAT1 / LAT2 / DLAT  
  -180.0 180.0   5.0                                        LON1 / LON2 / DLON  
    -1                                                      EXPONENT            
                                                            END OF HEADER       
[from data line 2145]
     6                                                      START OF TEC MAP    
  2015     9    18    10     0     0                        EPOCH OF CURRENT MAP
    87.5-180.0 180.0   5.0 450.0                            LAT/LON1/LON2/DLON/H
   72   96   91   92   92   91   92   91   93   92   93   93   93   93   93   92
   92   91   91   89   89   87   86   85   84   83   82   81   81   80   79   79
   79   78   78   77   77   77   76   76   75   75   74   75   74   74   72   73
   72   73   72   73   72   73   72   74   73   74   74   75   75   76   76   77
   78   79   80   82   84   81   82   78   72                                   
    85.0-180.0 180.0   5.0 450.0                            LAT/LON1/LON2/DLON/H
   97   92   98   99   99   98  101  100  101  100  101  100  100  100   99   99
   99   99   98   98   98   97   97   96   96   96   95   94   94   93   93   92
   91   92   90   90   89   89   87   88   85   86   84   85   83   84   82   83
   81   82   80   81   80   81   80   80   79   80   79   80   80   80   80   81
   82   83   85   84   86   87   94   89   97                                   
    82.5-180.0 180.0   5.0 450.0                            LAT/LON1/LON2/DLON/H
   81   89   94   96   96   94   97   97   98   97   96   96   95   94   94   94
   92   93   91   92   91   92   91   92   92   93   92   92   92   92   91   91
   90   89   88   87   86   86   83   84   81   82   80   81   79   80   78   79
   77   78   76   77   76   77   74   75   73   73   71   72   71   71   71   72
   72   73   75   76   77   81   86   83   81                                   
    80.0-180.0 180.0   5.0 450.0                            LAT/LON1/LON2/DLON/H
   77   79   80   83   81   85   84   87   85   86   83   84   80   81   77   78
   75   77   75   78   76   78   78   81   81   84   84   86   86   87   86   87
   86   85   84   84   82   82   80   81   79   81   79   81   79   81   78   80
   78   78   76   77   75   74   72   71   68   67   64   64   61   61   58   60
   57   61   59   62   61   65   71   72   77                                   
    77.5-180.0 180.0   5.0 450.0                            LAT/LON1/LON2/DLON/H
   65   68   71   74   75   79   79   81   79   79   76   75   71   69   67   65
   64   63   63   64   66   68   71   72   75   77   80   81   83   84   84   85
   84   84   83   84   82   84   82   84   83   85   84   87   86   88   87   89
   87   88   85   86   82   82   78   77   72   70   65   64   59   58   54   55
   52   53   52   53   54   56   62   53   65                                   
    75.0-180.0 180.0   5.0 450.0                            LAT/LON1/LON2/DLON/H
   57   58   61   64   65   69   70   72   69   69   64   64   58   58   52   53
   49   51   50   54   54   60   61   67   68   73   76   79   81   83   84   85
   84   85   85   86   85   88   87   90   89   92   92   95   95   97   97   98
   96   96   95   93   90   88   84   80   76   72   68   64   60   57   53   50
   48   47   46   47   46   50   53   47   57                                   
    72.5-180.0 180.0   5.0 450.0                            LAT/LON1/LON2/DLON/H
   49   52   52   54   56   58   60   60   60   57   55   51   48   45   43   41
   41   40   43   44   48   51   57   60   66   68   75   77   81   82   84   85
   85   86   86   87   87   89   90   93   93   97   98  102  102  104  104  105
  103  103  101  100   96   94   89   86   80   77   71   68   63   60   55   52
   48   46   45   43   44   43   48   39   49                                   
    70.0-180.0 180.0   5.0 450.0                            LAT/LON1/LON2/DLON/H
   49   47   46   50   49   54   54   56   54   52   49   46   42   40   37   37
   35   37   37   41   42   49   51   58   61   69   72   79   80   85   84   88
   86   90   88   92   91   95   96   99  100  104  105  109  109  112  111  113
  111  111  109  108  105  102   97   94   89   85   80   77   72   68   64   61
   56   54   50   50   47   47   47   40   49                                   
    67.5-180.0 180.0   5.0 450.0                            LAT/LON1/LON2/DLON/H
   47   48   44   45   46   47   50   49   50   47   45   42   40   38   37   36
   36   37   38   40   42   45   49   54   60   64   72   75   80   82   85   88
   88   90   90   93   94   97   99  101  104  105  108  109  111  111  112  112
  112  111  111  109  107  104  101   97   93   90   85   83   78   76   72   70
   65   63   59   57   55   51   53   40   47                                   
    65.0-180.0 180.0   5.0 450.0                            LAT/LON1/LON2/DLON/H
   52   48   43   46   42   47   46   48   45   46   42   43   39   40   38   41
   39   41   40   43   41   46   46   54   55   65   67   77   77   84   82   90
   86   93   90   97   96  102  102  106  107  110  110  112  111  113  111  113
  112  113  111  112  109  109  105  104  100   99   94   94   89   88   84   82
   78   77   73   72   65   63   59   49   52                                   
    62.5-180.0 180.0   5.0 450.0                            LAT/LON1/LON2/DLON/H
   56   55   46   44   42   42   44   43   43   41   41   40   41   41   42   43
   43   44   43   43   42   43   45   48   54   59   66   71   76   79   82   84
   86   89   91   95   97  101  104  106  109  109  111  110  111  109  109  109
  110  110  111  111  111  110  108  107  105  104  101  100   96   96   92   91
   87   87   83   81   76   70   69   54   56                                   
    60.0-180.0 180.0   5.0 450.0                            LAT/LON1/LON2/DLON/H
   65   57   48   47   40   42   39   41   37   40   36   41   38   43   42   47
   45   47   43   44   39   41   39   47   47   58   61   72   72   81   79   86
   84   93   91  100   99  106  106  111  110  113  111  112  109  111  108  110
  110  113  113  116  114  116  113  115  111  113  110  111  107  108  102  103
   97   99   94   94   87   84   77   66   65                                   
    57.5-180.0 180.0   5.0 450.0                            LAT/LON1/LON2/DLON/H
   71   67   55   49   43   39   38   36   35   34   35   36   38   40   42   44
   44   43   40   38   35   35   36   41   46   54   61   67   72   76   79   81
   85   90   93   99  102  106  110  112  114  114  114  112  111  110  110  112
  114  117  119  121  123  123  122  122  121  121  119  119  116  115  110  109
  104  104  101   99   94   88   84   71   71                                   
    55.0-180.0 180.0   5.0 450.0                            LAT/LON1/LON2/DLON/H
   80   70   59   54   45   42   37   36   31   33   29   35   32   38   37   42
   39   40   35   35   29   32   31   40   43   56   59   71   70   79   78   86
   86   97   98  108  107  115  115  120  119  122  118  120  116  119  117  121
  121  128  128  132  131  134  132  133  131  132  129  130  125  125  119  118
  111  112  106  107  100   98   91   83   80                                   
    52.5-180.0 180.0   5.0 450.0                            LAT/LON1/LON2/DLON/H
   86   83   68   62   52   46   41   37   34   32   31   32   32   34   34   36
   34   33   30   28   26   27   30   38   46   56   63   70   74   78   81   85
   91   99  105  112  116  120  124  125  128  128  129  127  128  128  128  131
  134  138  141  142  143  143  143  143  142  142  140  138  135  132  127  123
  117  115  111  108  103   98   96   87   86                                   
    50.0-180.0 180.0   5.0 450.0                            LAT/LON1/LON2/DLON/H
   96   86   74   69   60   56   49   44   39   38   34   35   31   34   31   33
   30   31   26   27   24   28   31   42   49   61   66   76   77   84   84   93
   97  111  114  127  128  135  134  140  139  144  141  145  142  146  144  148
  149  153  153  155  153  154  152  153  151  152  150  150  145  144  137  134
  125  124  116  115  107  105  100   96   96                                   
    47.5-180.0 180.0   5.0 450.0                            LAT/LON1/LON2/DLON/H
  100   96   84   78   70   65   60   54   49   45   42   40   37   35   32   31
   29   28   25   25   25   30   35   44   53   63   70   76   79   84   87   95
  102  115  123  133  138  142  145  146  151  152  155  155  157  157  158  157
  160  160  160  158  158  157  157  156  156  156  156  155  153  151  147  141
  134  129  122  115  109  105  103   98  100                                   
    45.0-180.0 180.0   5.0 450.0                            LAT/LON1/LON2/DLON/H
  105   95   87   84   79   76   73   68   63   58   53   50   43   41   35   36
   31   32   30   32   32   37   41   51   59   69   75   82   83   88   91  102
  109  126  133  147  150  157  156  163  163  169  169  174  171  175  171  173
  169  169  163  162  156  157  154  156  154  157  157  159  158  159  155  152
  143  138  127  123  112  110  106  105  105                                   
    42.5-180.0 180.0   5.0 450.0                            LAT/LON1/LON2/DLON/H
  103   98   92   89   86   84   82   78   74   68   64   58   53   48   43   41
   38   38   37   39   40   43   48   55   63   71   77   82   85   89   92  102
  113  128  139  151  157  161  166  168  174  177  182  183  184  183  182  179
  176  169  164  158  155  153  152  152  153  155  157  161  162  165  162  159
  152  144  133  123  112  107  105  104  103                                   
    40.0-180.0 180.0   5.0 450.0                            LAT/LON1/LON2/DLON/H
  105   92   90   91   89   90   90   89   87   82   77   71   64   60   54   53
   49   50   48   51   50   54   56   63   68   75   81   86   88   92   95  106
  116  134  145  160  168  177  179  187  190  196  197  201  199  201  196  194
  185  179  168  164  156  157  151  153  151  156  158  164  165  170  167  167
  158  151  137  129  114  110  105  108  105                                   
    37.5-180.0 180.0   5.0 450.0                            LAT/LON1/LON2/DLON/H
   99   90   87   88   87   90   91   91   90   87   83   78   72   69   65   63
   60   60   59   60   60   61   62   66   71   76   82   87   89   94   97  106
  118  134  148  163  174  183  190  196  203  208  210  211  212  212  210  204
  198  188  181  172  168  165  161  159  159  163  166  170  173  175  174  172
  163  153  140  126  114  105  102  103   99                                   
    35.0-180.0 180.0   5.0 450.0                            LAT/LON1/LON2/DLON/H
   96   80   80   79   80   84   88   90   91   91   89   87   84   81   79   76
   73   72   71   71   69   70   69   72   74   80   86   92   96  100  105  113
  125  141  157  173  187  199  208  216  223  228  228  232  229  232  229  227
  220  214  206  200  194  190  184  180  177  179  180  182  181  183  177  175
  163  155  138  128  112  106  100  104   96                                   
    32.5-180.0 180.0   5.0 450.0                            LAT/LON1/LON2/DLON/H
   89   77   72   72   71   76   79   82   84   85   86   86   86   87   86   86
   81   81   77   76   74   72   71   72   74   80   87   94   99  105  109  118
  128  143  160  178  195  210  223  231  241  245  248  250  250  252  251  249
  245  242  238  233  228  223  216  210  207  208  207  207  202  198  190  181
  167  153  138  122  109  100   97   96   89                                   
    30.0-180.0 180.0   5.0 450.0                            LAT/LON1/LON2/DLON/H
   87   71   67   63   64   64   71   73   79   80   85   86   92   93   98   94
   93   87   84   80   78   75   73   74   77   83   92   99  106  112  119  125
  138  153  172  192  214  230  245  254  264  269  270  275  275  281  279  284
  282  287  285  285  281  275  265  258  252  247  243  237  229  219  204  191
  171  157  137  125  109  101   97   96   87                                   
    27.5-180.0 180.0   5.0 450.0                            LAT/LON1/LON2/DLON/H
   86   79   68   66   59   61   61   65   69   73   78   82   88   95   99   99
   94   90   83   80   75   74   71   73   75   82   91  100  108  116  122  130
  140  156  177  199  226  243  261  271  283  287  294  297  302  308  312  317
  321  332  339  349  347  344  332  323  312  301  287  276  261  245  226  205
  183  161  144  124  113  103  100   93   86                                   
    25.0-180.0 180.0   5.0 450.0                            LAT/LON1/LON2/DLON/H
   90   83   76   69   63   57   60   59   64   67   73   78   87   93  100   99
   97   88   84   77   75   71   71   73   77   84   93  102  114  122  130  139
  150  170  192  219  244  262  278  289  303  309  316  321  329  338  343  354
  360  378  389  403  404  405  393  386  370  358  338  317  291  271  247  225
  196  174  151  133  118  111  109   98   90                                   
    22.5-180.0 180.0   5.0 450.0                            LAT/LON1/LON2/DLON/H
  100   99   88   85   75   71   67   68   68   70   72   77   82   91   95   96
   90   84   76   74   68   68   66   71   74   81   90   99  111  119  131  140
  156  176  204  230  258  274  291  301  319  324  335  341  352  361  371  381
  394  411  427  441  445  446  437  428  413  397  376  353  325  295  270  245
  220  191  168  144  131  120  116  101  100                                   
    20.0-180.0 180.0   5.0 450.0                            LAT/LON1/LON2/DLON/H
  110  109  100   94   88   81   81   78   79   77   78   79   83   88   93   89
   88   75   74   68   68   65   67   69   74   81   90   98  111  124  138  154
  170  197  221  251  270  286  300  314  331  339  352  360  375  386  397  409
  420  440  454  471  473  475  466  457  444  426  409  384  360  327  298  270
  244  216  187  165  146  135  126  108  110                                   
    17.5-180.0 180.0   5.0 450.0                            LAT/LON1/LON2/DLON/H
  124  125  115  114  105  101   97   96   94   91   86   84   82   86   86   85
   78   71   67   66   66   67   66   68   72   80   87   95  109  125  143  162
  184  210  239  265  282  298  311  328  347  357  374  383  399  407  419  427
  441  452  473  482  489  485  479  469  456  441  426  404  381  351  325  293
  269  239  213  184  167  149  140  117  124                                   
    15.0-180.0 180.0   5.0 450.0                            LAT/LON1/LON2/DLON/H
  136  142  133  133  124  116  113  110  111  105  100   91   88   85   86   78
   75   64   63   60   63   62   63   65   71   77   87   96  113  131  154  179
  202  233  256  284  294  311  321  339  360  377  394  408  421  429  434  443
  449  464  476  488  489  488  481  474  467  454  443  423  404  375  350  320
  294  267  242  213  189  172  160  139  136                                   
    12.5-180.0 180.0   5.0 450.0                            LAT/LON1/LON2/DLON/H
  156  158  148  152  138  135  126  124  121  118  109   98   87   82   78   74
   68   63   60   58   59   60   63   67   70   79   88  100  119  139  167  194
  221  248  276  296  309  324  336  356  380  399  416  427  437  439  443  441
  453  456  473  474  482  474  469  464  460  452  440  424  405  382  359  333
  313  288  267  238  215  191  182  161  156                                   
    10.0-180.0 180.0   5.0 450.0                            LAT/LON1/LON2/DLON/H
  167  169  162  161  152  146  137  134  133  129  119  105   95   86   85   77
   74   62   63   55   59   56   59   64   71   81   93  109  128  150  178  207
  231  260  281  302  312  328  341  362  390  408  427  434  441  442  440  441
  443  450  458  465  465  461  457  453  454  445  438  424  409  388  365  342
  326  304  287  263  242  216  205  196  167                                   
     7.5-180.0 180.0   5.0 450.0                            LAT/LON1/LON2/DLON/H
  190  186  174  172  162  157  144  142  137  133  123  111   99   88   84   76
   72   62   58   56   56   55   60   66   76   88  103  119  141  162  192  218
