data/unet/pred0860.15i
     1.0            IONOSPHERE MAPS     GNSS                IONEX VERSION / TYPE
pyspatialgeodesy        IME             05-JAN-18 20:20     PGM / RUN BY / DATE 
Map Name                                                    COMMENT             
Predicted global ionosphere maps (GIM).                     DESCRIPTION         
  2015     3    27     0     0     0                        EPOCH OF FIRST MAP  
  2015     3    28     0     0     0                        EPOCH OF LAST MAP   
  7200                                                      INTERVAL            
    13                                                      # OF MAPS IN FILE   
  NONE                                                      MAPPING FUNCTION    
10.0                                                        ELEVATION CUTOFF    
One-way carrier phase leveled to code                       OBSERVABLES USED    
  6371.0                                                    BASE RADIUS         
 2                                                          MAP DIMENSION       
   450.0 450.0   0.0                                        HGT1 / HGT2 / DHGT  
    87.5 -87.5  -2.5                                        LAT1 / LAT2 / DLAT  
  -180.0 180.0   5.0                                        LON1 / LON2 / DLON  
    -1                                                      EXPONENT            
                                                            END OF HEADER       
[from data line 4719]
    12                                                      START OF TEC MAP    
  2015     3    27    22     0     0                        EPOCH OF CURRENT MAP
    87.5-180.0 180.0   5.0 450.0                            LAT/LON1/LON2/DLON/H
  196  165  157  159  161  161  165  165  168  168  171  171  172  171  173  172
  173  171  172  170  170  168  168  165  165  162  162  158  158  154  155  151
  152  148  149  146  147  144  146  142  145  142  145  143  145  143  146  144
  146  145  147  146  147  147  148  148  150  149  151  150  152  151  152  151
  153  152  154  152  153  152  157  173  196                                   
    85.0-180.0 180.0   5.0 450.0                            LAT/LON1/LON2/DLON/H
  163  160  161  166  167  170  172  175  177  180  181  183  184  185  186  187
  187  187  187  185  185  182  181  178  176  172  170  165  163  156  154  149
  147  142  141  137  136  133  133  131  131  131  132  133  134  135  137  138
  140  141  143  144  145  147  148  150  151  152  153  153  155  154  155  154
  156  155  158  155  158  154  155  166  163                                   
    82.5-180.0 180.0   5.0 450.0                            LAT/LON1/LON2/DLON/H
  158  157  157  162  162  168  170  176  178  184  187  192  194  198  199  203
  203  205  204  205  202  201  196  194  189  186  180  176  170  164  159  153
  148  144  140  136  133  130  128  127  127  126  128  129  131  133  135  139
  139  143  143  147  146  151  150  155  154  158  156  160  157  160  157  159
  157  159  157  157  154  154  151  163  158                                   
    80.0-180.0 180.0   5.0 450.0                            LAT/LON1/LON2/DLON/H
  154  153  151  153  156  161  168  174  180  187  194  201  207  212  216  220
  223  224  225  223  223  218  216  208  205  197  194  185  181  171  167  158
  154  147  143  139  135  132  129  129  127  128  129  130  131  133  135  138
  140  141  143  145  147  148  150  151  154  155  156  157  158  158  158  157
  156  156  155  152  151  146  143  152  154                                   
    77.5-180.0 180.0   5.0 450.0                            LAT/LON1/LON2/DLON/H
  152  151  147  149  153  157  166  172  182  190  202  209  220  225  233  235
  239  238  240  237  237  232  230  222  218  210  205  197  191  183  177  170
  164  157  153  147  146  140  140  135  137  133  136  134  137  135  139  139
  142  141  144  144  146  146  148  149  152  152  154  155  156  157  157  155
  156  154  154  151  149  146  141  150  152                                   
    75.0-180.0 180.0   5.0 450.0                            LAT/LON1/LON2/DLON/H
  155  153  152  154  156  161  168  176  185  196  208  220  230  239  244  247
  249  248  249  245  246  239  237  228  225  215  212  201  197  186  183  172
  170  161  160  154  153  148  148  144  144  142  142  141  141  140  140  141
  141  140  141  140  141  140  141  142  145  145  147  147  150  151  152  150
  151  150  151  149  148  145  145  155  155                                   
    72.5-180.0 180.0   5.0 450.0                            LAT/LON1/LON2/DLON/H
  166  164  161  162  164  167  173  180  191  203  217  229  240  247  252  251
  252  248  248  243  243  237  235  229  224  217  211  204  196  188  180  175
  169  165  161  159  156  154  152  150  149  145  146  142  142  139  139  136
  136  132  131  128  128  126  126  127  128  131  132  135  136  139  140  141
  142  142  145  145  148  148  149  165  166                                   
    70.0-180.0 180.0   5.0 450.0                            LAT/LON1/LON2/DLON/H
  180  175  175  176  176  178  182  188  198  210  224  236  247  254  255  256
  250  248  244  240  238  232  231  224  222  212  209  198  193  181  177  167
  165  157  158  151  154  149  152  148  149  145  145  140  139  135  134  129
  127  122  120  116  114  111  111  110  113  114  117  118  123  125  129  130
  133  136  141  143  149  151  157  176  180                                   
    67.5-180.0 180.0   5.0 450.0                            LAT/LON1/LON2/DLON/H
  197  192  191  190  188  186  189  195  204  216  230  242  253  258  257  254
  248  243  238  233  231  226  223  218  215  207  201  190  182  172  165  158
  154  150  147  146  145  145  144  143  141  139  135  132  128  124  121  116
  113  108  105  101   98   96   93   94   94   97   98  103  107  113  117  121
  124  129  135  142  150  157  164  190  197                                   
    65.0-180.0 180.0   5.0 450.0                            LAT/LON1/LON2/DLON/H
  216  205  208  204  203  198  200  201  211  220  235  247  259  264  264  261
  252  251  242  241  236  232  228  221  216  205  197  184  173  161  153  145
  141  135  135  131  134  130  133  129  130  124  123  115  113  105  105   99
   98   94   93   90   88   87   84   84   84   86   88   93   99  105  110  115
  120  125  133  139  149  159  170  199  216                                   
    62.5-180.0 180.0   5.0 450.0                            LAT/LON1/LON2/DLON/H
  231  218  220  217  212  204  205  205  213  223  237  250  261  268  270  267
  260  259  252  252  246  243  236  229  218  208  194  181  166  155  145  137
  131  127  124  122  122  121  121  119  117  112  107  100   96   91   88   86
   85   84   83   83   81   80   77   78   76   80   81   89   94  103  109  116
  121  127  133  142  150  163  174  208  231                                   
    60.0-180.0 180.0   5.0 450.0                            LAT/LON1/LON2/DLON/H
  241  224  230  225  220  212  211  208  216  223  238  248  262  269  276  277
  272  274  268  270  263  262  253  245  232  217  202  186  171  157  147  138
  132  126  121  117  116  112  114  109  109  100   97   88   85   77   76   74
   75   76   78   79   79   80   78   79   78   81   84   91   99  108  116  122
  129  133  139  144  154  165  178  213  241                                   
    57.5-180.0 180.0   5.0 450.0                            LAT/LON1/LON2/DLON/H
  247  232  239  237  231  222  219  216  220  227  237  249  259  271  279  286
  284  287  283  285  278  276  266  258  243  228  213  197  183  170  159  150
  142  135  127  122  116  115  112  109  105   99   92   85   79   75   71   71
   71   73   75   79   80   82   80   83   81   85   86   96  103  116  126  136
  141  146  149  155  160  170  180  218  247                                   
    55.0-180.0 180.0   5.0 450.0                            LAT/LON1/LON2/DLON/H
  255  240  250  249  246  241  236  232  233  235  243  250  261  270  282  291
  298  301  299  297  288  286  274  269  254  243  227  215  203  192  183  172
  162  151  143  133  128  122  119  115  112  103   98   90   84   78   75   74
   75   76   79   82   85   88   89   91   91   92   96  104  114  127  140  150
  158  162  166  166  171  177  188  225  255                                   
    52.5-180.0 180.0   5.0 450.0                            LAT/LON1/LON2/DLON/H
  265  256  269  271  271  266  265  259  258  255  257  258  264  272  283  294
  303  308  307  304  295  291  280  276  264  256  245  236  227  215  208  193
  187  171  160  149  141  135  130  127  121  116  107  101   94   89   86   86
   85   87   87   90   93   97   98  100   99  102  103  113  123  139  153  168
  177  184  187  189  189  195  202  240  265                                   
    50.0-180.0 180.0   5.0 450.0                            LAT/LON1/LON2/DLON/H
  286  279  297  299  305  304  305  302  296  289  282  276  275  280  290  301
  311  315  316  311  305  297  288  286  278  274  267  262  257  243  235  214
  205  187  175  162  154  147  143  138  135  129  123  116  110  105  102  100
   99   98  100  101  105  109  112  113  113  112  115  122  135  150  167  182
  196  205  212  214  219  224  232  264  286                                   
    47.5-180.0 180.0   5.0 450.0                            LAT/LON1/LON2/DLON/H
  307  311  330  339  346  349  352  348  341  328  315  301  294  293  299  306
  314  315  315  309  306  300  293  291  285  285  282  280  276  262  251  227
  215  195  183  170  162  155  151  147  143  140  136  132  127  123  120  119
  116  115  114  115  118  122  125  126  125  125  125  133  144  162  179  197
  213  226  238  246  252  259  265  294  307                                   
    45.0-180.0 180.0   5.0 450.0                            LAT/LON1/LON2/DLON/H
  339  344  366  371  385  387  394  389  381  365  346  331  318  314  315  320
  322  321  317  313  309  306  303  302  300  300  299  293  287  264  250  223
  212  192  182  170  165  159  156  152  150  147  146  143  141  137  135  133
  131  127  127  127  130  134  138  139  138  136  137  143  156  172  189  208
  225  241  259  270  285  292  301  324  339                                   
    42.5-180.0 180.0   5.0 450.0                            LAT/LON1/LON2/DLON/H
  366  376  391  404  412  421  425  423  416  400  382  365  349  342  338  337
  334  329  327  322  322  317  315  310  308  308  303  296  282  257  237  212
  200  183  176  168  166  161  159  155  154  154  155  155  153  151  149  148
  145  141  139  139  141  146  149  151  148  147  147  155  166  183  199  219
  236  255  275  293  314  327  333  354  366                                   
    40.0-180.0 180.0   5.0 450.0                            LAT/LON1/LON2/DLON/H
  393  398  414  417  431  435  446  445  443  429  415  399  383  374  365  362
  352  349  343  344  343  343  338  332  326  318  309  291  272  240  219  196
  187  176  175  173  175  171  169  162  161  160  163  162  162  159  158  156
  155  150  149  147  151  154  159  160  157  155  155  164  177  193  209  227
  243  264  286  308  333  351  361  376  393                                   
    37.5-180.0 180.0   5.0 450.0                            LAT/LON1/LON2/DLON/H
  412  422  430  439  444  453  460  464  462  454  442  430  416  409  398  393
  381  376  371  374  374  371  363  352  337  325  309  289  265  232  209  191
  183  180  184  188  193  191  186  179  173  172  173  175  172  170  165  165
  161  159  154  155  156  163  166  167  162  159  159  169  182  199  216  234
  250  272  295  321  351  373  383  394  412                                   
    35.0-180.0 180.0   5.0 450.0                            LAT/LON1/LON2/DLON/H
  430  439  447  446  455  458  469  473  476  469  463  452  441  435  424  420
  409  408  404  409  411  406  393  375  355  333  316  290  271  239  221  203
  200  199  209  218  226  222  214  199  192  187  186  186  184  181  176  173
  168  165  161  160  163  169  175  174  172  164  166  172  190  207  228  244
  264  283  305  329  356  382  393  403  430                                   
    32.5-180.0 180.0   5.0 450.0                            LAT/LON1/LON2/DLON/H
  443  459  462  468  470  477  485  491  494  492  486  478  469  464  452  446
  436  436  433  440  439  434  416  396  371  352  334  317  300  279  265  253
  252  256  262  271  271  268  251  234  221  212  207  203  196  191  184  180
  172  168  161  162  163  172  178  180  175  169  168  177  193  215  235  257
  275  295  317  341  370  394  407  417  443                                   
    30.0-180.0 180.0   5.0 450.0                            LAT/LON1/LON2/DLON/H
  457  475  482  481  490  494  504  511  515  512  509  502  493  487  475  468
  458  457  457  462  462  451  436  410  390  370  364  355  354  340  341  333
  337  337  335  338  328  318  296  273  254  242  235  231  218  206  194  188
  179  172  163  162  163  172  176  177  170  162  162  169  194  217  247  273
  295  315  338  357  382  407  424  431  457                                   
    27.5-180.0 180.0   5.0 450.0                            LAT/LON1/LON2/DLON/H
  477  496  504  516  523  534  544  550  554  553  544  538  527  519  504  493
  480  478  474  477  470  462  444  428  412  407  409  419  434  444  454  448
  444  438  426  413  386  367  345  324  304  286  273  263  250  234  224  215
  209  198  190  185  185  188  190  184  171  159  155  165  185  217  250  283
  311  335  356  375  394  423  443  452  477                                   
    25.0-180.0 180.0   5.0 450.0                            LAT/LON1/LON2/DLON/H
  501  521  543  554  572  581  595  600  603  600  595  582  571  551  534  517
  502  493  486  480  473  457  447  431  433  438  462  489  523  538  555  553
  539  522  491  467  426  395  371  354  340  330  313  300  280  264  246  237
  223  212  198  193  186  188  186  186  172  162  158  163  183  213  253  290
  320  348  369  387  407  431  456  469  501                                   
    22.5-180.0 180.0   5.0 450.0                            LAT/LON1/LON2/DLON/H
  527  556  583  614  631  645  656  659  667  666  663  651  627  603  575  550
  532  517  499  488  473  463  457  462  477  505  542  581  618  637  641  627
  608  582  543  500  449  409  381  365  353  343  330  320  304  289  277  269
  255  242  222  212  198  194  188  184  176  162  157  163  186  219  259  297
  333  359  382  397  418  442  469  490  527                                   
    20.0-180.0 180.0   5.0 450.0                            LAT/LON1/LON2/DLON/H
  557  590  623  665  695  711  725  728  735  738  737  726  701  665  630  586
  564  537  521  495  477  464  470  488  525  570  616  656  681  689  682  665
  633  597  543  487  431  390  366  356  347  344  335  332  320  312  300  292
  277  261  240  225  211  200  191  179  172  160  153  158  181  219  264  302
  335  363  385  406  428  454  485  515  557                                   
    17.5-180.0 180.0   5.0 450.0                            LAT/LON1/LON2/DLON/H
  583  620  664  715  745  773  784  794  802  812  817  810  785  746  698  651
  613  577  545  518  500  497  513  554  597  644  682  708  712  703  681  650
  607  555  496  436  386  358  343  340  335  337  333  335  328  327  317  314
  297  280  254  238  217  208  192  182  170  163  157  161  182  219  266  302
  336  362  385  409  436  469  509  537  583                                   
    15.0-180.0 180.0   5.0 450.0                            LAT/LON1/LON2/DLON/H
  603  652  697  750  787  818  837  849  861  877  886  884  864  827  782  737
  691  642  595  554  538  539  568  616  662  698  715  719  702  674  632  587
  528  468  411  362  330  315  309  312  314  323  319  324  321  324  322  319
  303  283  258  241  221  211  192  182  168  166  163  172  189  225  264  303
  335  363  385  412  443  483  530  558  603                                   
    12.5-180.0 180.0   5.0 450.0                            LAT/LON1/LON2/DLON/H
  614  666  717  772  807  840  858  874  891  914  934  941  927  900  857  817
  772  720  657  618  595  610  645  690  723  741  735  712  663  612  551  495
  430  378  333  308  293  290  292  301  305  309  307  308  308  312  312  311
  297  278  255  237  214  205  183  181  170  176  178  180  198  228  268  305
  338  365  386  415  447  496  546  571  614                                   
    10.0-180.0 180.0   5.0 450.0                            LAT/LON1/LON2/DLON/H
  628  688  736  788  823  851  868  880  902  932  964  982  972  954  921  891
  849  796  734  687  661  672  709  746  768  765  730  676  602  534  459  393
  338  299  286  280  282  286  297  304  304  305  294  294  289  292  291  291
  278  259  235  217  196  193  176  184  178  183  179  186  199  233  269  307
  339  366  390  422  457  509  561  586  628                                   
     7.5-180.0 180.0   5.0 450.0                            LAT/LON1/LON2/DLON/H
  637  698  741  798  826  850  860  873  893  929  965  991  994  983  966  940
  911  867  812  767  739  749  767  790  795  771  706  628  539  455  376  324
