data/unet/pred1820.15i
     1.0            IONOSPHERE MAPS     GNSS                IONEX VERSION / TYPE
pyspatialgeodesy        IME             05-JAN-18 20:20     PGM / RUN BY / DATE 
Map Name                                                    COMMENT             
Predicted global ionosphere maps (GIM).                     DESCRIPTION         
  2015     7     1     0     0     0                        EPOCH OF FIRST MAP  
  2015     7     2     0     0     0                        EPOCH OF LAST MAP   
  7200                                                      INTERVAL            
    13                                                      # OF MAPS IN FILE   
  NONE                                                      MAPPING FUNCTION    
10.0                                                        ELEVATION CUTOFF    
One-way carrier phase leveled to code                       OBSERVABLES USED    
  6371.0                                                    BASE RADIUS         
 2                                                          MAP DIMENSION       
   450.0 450.0   0.0                                        HGT1 / HGT2 / DHGT  
    87.5 -87.5  -2.5                                        LAT1 / LAT2 / DLAT  
  -180.0 180.0   5.0                                        LON1 / LON2 / DLON  
    -1                                                      EXPONENT            
                                                            END OF HEADER       
[from data line 858]
     3                                                      START OF TEC MAP    
  2015     7     1     4     0     0                        EPOCH OF CURRENT MAP
    87.5-180.0 180.0   5.0 450.0                            LAT/LON1/LON2/DLON/H
  173  170  163  166  166  166  165  167  166  167  166  167  166  167  166  166
  165  166  165  165  163  163  161  161  159  158  157  155  154  152  151  150
  150  148  148  147  147  146  146  145  145  144  145  143  144  143  144  143
  144  143  145  144  146  146  147  147  148  148  149  149  151  150  151  151
  153  153  153  154  154  155  167  182  173                                   
    85.0-180.0 180.0   5.0 450.0                            LAT/LON1/LON2/DLON/H
  175  173  163  174  171  172  172  175  173  175  173  175  173  175  173  175
  172  174  172  173  170  172  168  169  164  165  161  161  157  158  153  154
  152  153  150  151  149  150  148  149  146  147  146  146  145  146  144  145
  144  146  145  146  146  148  147  149  148  150  149  151  151  153  151  153
  154  156  155  158  155  156  162  170  175                                   
    82.5-180.0 180.0   5.0 450.0                            LAT/LON1/LON2/DLON/H
  163  159  166  171  171  170  173  172  174  172  174  172  173  172  173  172
  172  171  172  171  171  169  168  165  164  160  159  156  155  152  152  150
  150  149  150  149  150  149  150  149  149  147  148  147  147  146  147  146
  147  145  148  146  148  147  150  149  151  149  150  149  151  150  150  150
  152  152  154  153  156  153  160  155  163                                   
    80.0-180.0 180.0   5.0 450.0                            LAT/LON1/LON2/DLON/H
  170  168  172  176  176  176  177  178  177  177  175  176  173  174  172  172
  171  171  170  171  169  169  166  165  161  158  155  153  149  149  146  147
  147  149  149  152  153  155  154  156  154  155  154  155  153  154  152  154
  152  154  153  155  154  155  155  156  155  156  154  155  154  155  153  153
  153  155  155  158  158  157  161  159  170                                   
    77.5-180.0 180.0   5.0 450.0                            LAT/LON1/LON2/DLON/H
  169  167  171  174  175  177  177  177  176  174  173  171  169  168  165  166
  163  165  163  165  162  163  158  157  151  148  143  140  137  136  136  137
  139  142  145  149  152  156  157  159  159  159  159  158  158  158  158  158
  158  158  158  159  158  159  159  160  159  159  158  158  157  157  155  156
  155  155  156  158  159  157  158  156  169                                   
    75.0-180.0 180.0   5.0 450.0                            LAT/LON1/LON2/DLON/H
  170  166  168  172  173  173  175  173  172  170  167  164  160  158  154  154
  152  153  153  155  154  155  151  148  142  137  131  127  124  123  124  126
  130  135  141  147  153  157  160  163  162  164  163  165  164  165  164  166
  164  166  164  168  165  168  165  168  164  167  162  163  159  160  156  155
  154  155  155  157  156  153  159  158  170                                   
    72.5-180.0 180.0   5.0 450.0                            LAT/LON1/LON2/DLON/H
  166  162  165  168  168  169  169  168  165  162  158  152  147  143  139  138
  137  140  141  145  145  146  142  139  132  127  120  117  113  114  114  118
  123  131  137  146  152  158  161  164  164  166  167  167  168  167  168  168
  169  169  169  170  169  170  168  168  166  166  163  162  159  158  153  153
  151  152  152  154  155  154  159  158  166                                   
    70.0-180.0 180.0   5.0 450.0                            LAT/LON1/LON2/DLON/H
  167  160  162  165  167  166  168  165  164  159  154  147  139  133  128  127
  126  129  132  137  138  140  138  134  127  120  115  109  108  107  110  113
  121  129  138  148  155  161  165  168  169  170  171  173  172  174  173  175
  174  176  175  177  174  176  173  174  170  171  166  166  161  160  155  154
  153  154  153  156  155  153  158  160  167                                   
    67.5-180.0 180.0   5.0 450.0                            LAT/LON1/LON2/DLON/H
  164  159  160  162  161  162  162  161  158  153  147  138  130  122  118  115
  115  118  121  128  130  133  130  127  120  115  108  106  103  104  106  113
  118  128  136  147  153  160  162  166  167  169  171  173  175  177  178  179
  178  179  178  178  176  175  174  172  169  167  163  161  157  156  151  151
  149  150  152  154  155  153  158  159  164                                   
    65.0-180.0 180.0   5.0 450.0                            LAT/LON1/LON2/DLON/H
  166  159  158  159  158  158  161  159  158  153  147  139  129  121  116  113
  112  113  116  120  123  125  124  121  116  109  106  102  102  102  106  112
  119  128  137  147  153  158  161  166  166  170  172  177  179  184  185  187
  185  185  182  182  179  178  175  174  169  168  163  162  158  156  152  151
  150  152  152  156  155  152  157  162  166                                   
    62.5-180.0 180.0   5.0 450.0                            LAT/LON1/LON2/DLON/H
  167  161  158  159  157  158  159  160  157  155  148  140  131  122  116  112
  110  109  111  114  115  118  114  113  108  105  101  101  100  105  107  114
  119  129  135  143  148  153  156  160  164  168  174  179  184  189  191  191
  189  186  183  178  177  174  173  169  166  163  160  156  154  152  149  149
  149  151  153  157  159  156  161  163  167                                   
    60.0-180.0 180.0   5.0 450.0                            LAT/LON1/LON2/DLON/H
  171  164  161  159  158  157  159  158  158  156  151  145  136  127  119  113
  111  108  109  109  111  110  109  106  104  100  100  100  103  106  110  114
  120  126  132  138  142  148  151  157  161  169  174  184  188  195  195  197
  192  190  184  182  178  176  173  171  166  165  159  159  155  154  151  151
  152  155  156  161  162  159  163  169  171                                   
    57.5-180.0 180.0   5.0 450.0                            LAT/LON1/LON2/DLON/H
  175  169  167  166  162  162  162  163  161  160  156  152  143  134  125  118
  113  110  107  107  105  105  101  100   96   97   96  101  103  109  111  117
  118  123  126  132  136  140  146  153  160  168  178  186  193  198  199  197
  194  188  186  179  179  174  174  170  169  165  163  160  158  156  154  154
  155  158  160  166  168  167  171  174  175                                   
    55.0-180.0 180.0   5.0 450.0                            LAT/LON1/LON2/DLON/H
  182  178  175  172  169  167  168  165  165  162  160  157  151  143  132  123
  116  110  108  104  103  100   99   94   95   93   99  101  107  110  114  115
  117  117  120  123  128  135  142  152  160  171  180  191  196  202  202  201
  196  194  188  188  183  183  180  180  176  176  171  171  166  167  163  163
  163  166  167  172  174  170  175  180  182                                   
    52.5-180.0 180.0   5.0 450.0                            LAT/LON1/LON2/DLON/H
  189  185  186  184  178  177  175  173  170  169  166  164  159  152  141  131
  122  116  110  108  104  102   98   97   96   98  100  105  109  113  113  116
  114  115  115  120  125  133  142  154  164  175  186  195  200  206  207  207
  204  200  198  195  195  191  191  188  187  184  182  180  178  175  172  170
  169  171  171  177  180  177  182  189  189                                   
    50.0-180.0 180.0   5.0 450.0                            LAT/LON1/LON2/DLON/H
  198  196  198  196  191  187  186  181  178  173  172  168  166  159  149  138
  129  120  116  110  109  104  105  101  106  104  111  111  116  116  116  115
  114  111  113  115  122  131  142  156  167  181  189  199  203  210  212  213
  211  211  209  210  208  210  207  207  201  202  195  195  189  188  183  182
  179  181  180  185  186  182  188  192  198                                   
    47.5-180.0 180.0   5.0 450.0                            LAT/LON1/LON2/DLON/H
  205  201  208  206  201  200  197  194  187  182  178  175  172  167  156  146
  135  127  121  118  114  114  112  114  115  118  120  122  121  121  117  116
  112  111  111  116  123  133  145  159  171  184  193  202  206  214  217  221
  221  223  222  225  223  225  222  220  215  211  206  203  198  194  190  188
  187  187  187  192  194  190  195  202  205                                   
    45.0-180.0 180.0   5.0 450.0                            LAT/LON1/LON2/DLON/H
  214  214  217  218  213  210  209  204  199  191  186  181  178  172  163  152
  143  133  128  123  123  121  126  126  132  132  137  133  132  126  121  116
  114  112  115  117  125  133  146  160  171  185  193  203  207  217  222  228
  231  236  238  242  242  243  240  237  229  226  218  215  208  204  198  198
  196  198  198  202  201  195  201  205  214                                   
    42.5-180.0 180.0   5.0 450.0                            LAT/LON1/LON2/DLON/H
  224  216  226  225  220  221  217  215  208  202  195  191  185  179  169  158
  148  140  134  131  130  132  136  142  148  152  153  149  141  132  125  120
  117  116  118  122  129  137  148  160  172  185  193  203  209  219  227  236
  242  249  252  257  256  258  253  249  243  236  228  222  216  210  207  204
  206  206  209  211  212  206  210  217  224                                   
    40.0-180.0 180.0   5.0 450.0                            LAT/LON1/LON2/DLON/H
  237  232  235  235  232  231  229  225  220  213  208  199  194  186  177  164
  155  145  140  134  137  138  148  154  166  169  171  163  155  141  132  125
  124  121  125  127  133  139  147  160  171  185  192  203  210  222  232  244
  253  262  265  270  270  271  268  264  258  252  243  235  228  223  218  218
  218  222  223  227  224  216  221  223  237                                   
    37.5-180.0 180.0   5.0 450.0                            LAT/LON1/LON2/DLON/H
  250  236  246  243  241  242  239  237  229  225  219  213  204  197  184  173
  161  153  145  140  140  145  155  167  178  186  185  179  167  152  141  134
  131  130  131  132  136  140  147  158  170  184  194  204  213  226  236  251
  261  270  275  280  281  282  280  277  273  267  261  251  244  235  233  231
  234  236  240  242  244  234  234  241  250                                   
    35.0-180.0 180.0   5.0 450.0                            LAT/LON1/LON2/DLON/H
  272  260  262  259  258  255  255  251  246  240  235  227  218  206  195  181
  171  158  151  141  143  146  160  173  188  195  195  188  178  162  152  143
  140  136  136  134  135  138  143  154  167  183  193  204  213  227  239  253
  265  275  281  286  288  292  294  294  293  289  284  275  267  259  255  253
  255  259  261  264  263  253  254  261  272                                   
    32.5-180.0 180.0   5.0 450.0                            LAT/LON1/LON2/DLON/H
  298  280  284  278  277  276  273  269  262  257  249  243  230  221  205  193
  179  167  153  144  142  148  163  180  194  204  203  197  185  171  160  151
  146  142  138  134  133  134  139  148  162  178  192  204  214  228  240  254
  265  276  282  291  298  305  310  314  316  314  310  302  295  285  280  276
  278  279  283  286  289  281  279  290  298                                   
    30.0-180.0 180.0   5.0 450.0                            LAT/LON1/LON2/DLON/H
  327  318  314  308  304  298  294  287  281  274  271  260  250  234  218  201
  189  172  161  147  147  153  169  187  200  209  208  201  190  175  165  154
  150  140  136  130  128  128  132  142  156  173  187  200  211  224  236  250
  261  272  281  291  303  316  325  334  338  340  338  333  326  317  309  303
  301  302  304  309  312  305  308  317  327                                   
    27.5-180.0 180.0   5.0 450.0                            LAT/LON1/LON2/DLON/H
  352  345  349  345  338  333  322  311  300  294  284  276  259  246  225  212
  195  180  165  152  152  160  179  197  209  216  214  207  193  177  164  152
  144  136  128  122  121  120  127  135  150  164  180  194  206  219  231  245
  256  266  277  292  305  322  335  349  354  358  357  355  351  343  336  327
  324  322  324  329  335  334  338  347  352                                   
    25.0-180.0 180.0   5.0 450.0                            LAT/LON1/LON2/DLON/H
  374  376  375  376  370  366  355  340  326  310  302  289  277  257  237  217
  203  184  172  162  164  176  194  211  220  223  219  208  193  172  159  144
  134  124  117  111  107  111  115  127  140  156  170  186  197  210  222  236
  248  259  274  291  307  327  345  362  370  376  376  375  371  368  361  355
  349  347  346  353  361  357  366  372  374                                   
    22.5-180.0 180.0   5.0 450.0                            LAT/LON1/LON2/DLON/H
  386  390  397  399  397  394  384  370  351  335  316  303  283  267  243  227
  209  193  179  173  179  193  211  226  232  232  223  209  189  168  149  132
  120  110  103  100   98  100  107  116  132  145  162  177  191  204  216  230
  242  257  271  290  308  330  347  364  372  379  380  382  383  381  379  373
  368  363  362  367  376  377  383  392  386                                   
    20.0-180.0 180.0   5.0 450.0                            LAT/LON1/LON2/DLON/H
  395  399  409  413  414  413  404  391  373  353  333  314  297  277  257  234
  220  200  189  186  196  211  229  241  242  235  222  204  181  155  137  119
  105   93   84   84   82   88   93  104  116  133  148  167  181  197  209  224
  239  255  272  292  313  335  352  368  378  384  386  391  392  395  392  392
  387  384  380  386  392  390  396  404  395                                   
    17.5-180.0 180.0   5.0 450.0                            LAT/LON1/LON2/DLON/H
  395  401  412  419  422  423  416  405  388  368  344  323  300  285  262  245
  226  211  199  199  212  226  244  251  248  237  217  193  165  142  123  105
   89   79   70   71   73   79   84   92  104  117  138  158  178  193  207  223
  236  255  271  294  312  336  351  366  371  379  382  389  394  399  401  402
  398  394  390  393  399  400  400  410  395                                   
    15.0-180.0 180.0   5.0 450.0                            LAT/LON1/LON2/DLON/H
  395  395  408  414  420  421  418  409  394  373  349  327  305  288  272  251
  236  219  211  212  226  240  253  255  246  228  203  175  149  127  110   90
   74   63   57   59   61   67   71   77   88  102  124  150  170  191  207  222
  239  255  275  295  317  339  355  368  375  381  385  392  397  406  412  416
  414  411  405  408  410  408  410  420  395                                   
    12.5-180.0 180.0   5.0 450.0                            LAT/LON1/LON2/DLON/H
  392  389  399  403  405  409  405  402  387  370  346  324  303  289  274  259
  242  229  220  223  236  247  256  251  238  214  183  153  130  113   96   80
   62   53   50   51   53   58   61   68   78   92  119  145  169  189  206  222
  238  259  276  298  317  340  354  368  374  383  386  394  400  410  417  423
  420  416  412  411  415  415  412  423  392                                   
    10.0-180.0 180.0   5.0 450.0                            LAT/LON1/LON2/DLON/H
  395  385  394  394  397  395  392  387  376  358  337  318  302  289  280  265
  251  238  231  232  242  248  248  238  218  187  153  130  115  100   87   68
   56   48   46   44   45   47   51   56   68   83  111  141  167  187  204  221
  238  258  278  299  321  341  357  373  383  392  396  402  407  418  427  432
  434  429  425  423  424  422  422  432  395                                   
     7.5-180.0 180.0   5.0 450.0                            LAT/LON1/LON2/DLON/H
  399  386  389  387  386  384  375  370  356  343  324  307  294  285  278  268
  255  244  236  235  241  239  234  219  191  157  128  113  101   91   79   65
