data/unet/pred2710.15i
     1.0            IONOSPHERE MAPS     GNSS                IONEX VERSION / TYPE
pyspatialgeodesy        IME             05-JAN-18 20:20     PGM / RUN BY / DATE 
Map Name                                                    COMMENT             
Predicted global ionosphere maps (GIM).                     DESCRIPTION         
  2015     9    28     0     0     0                        EPOCH OF FIRST MAP  
  2015     9    29     0     0     0                        EPOCH OF LAST MAP   
  7200                                                      INTERVAL            
    13                                                      # OF MAPS IN FILE   
  NONE                                                      MAPPING FUNCTION    
10.0                                                        ELEVATION CUTOFF    
One-way carrier phase leveled to code                       OBSERVABLES USED    
  6371.0                                                    BASE RADIUS         
 2                                                          MAP DIMENSION       
   450.0 450.0   0.0                                        HGT1 / HGT2 / DHGT  
    87.5 -87.5  -2.5                                        LAT1 / LAT2 / DLAT  
  -180.0 180.0   5.0                                        LON1 / LON2 / DLON  
    -1                                                      EXPONENT            
                                                            END OF HEADER       
     1                                                      START OF TEC MAP    
  2015     9    28     0     0     0                        EPOCH OF CURRENT MAP
    87.5-180.0 180.0   5.0 450.0                            LAT/LON1/LON2/DLON/H
  135  100   96   92   92   89   92   90   93   91   93   91   93   91   93   90
   92   90   92   89   91   88   90   87   89   86   88   84   86   83   85   81
   83   80   82   79   82   78   81   78   81   79   82   79   83   81   84   82
   85   83   86   84   88   86   88   86   90   87   90   87   90   88   90   87
   90   87   90   88   93   91  101  128  135                                   
    85.0-180.0 180.0   5.0 450.0                            LAT/LON1/LON2/DLON/H
  109   92   91   91   90   87   90   89   92   91   93   92   94   92   94   91
   93   90   91   88   89   85   86   81   82   77   78   73   74   69   70   65
   67   63   65   61   64   61   64   61   65   63   67   66   70   69   73   73
   76   77   80   80   83   83   85   85   87   86   88   86   88   87   88   85
   87   85   87   85   90   84   85   99  109                                   
    82.5-180.0 180.0   5.0 450.0                            LAT/LON1/LON2/DLON/H
  107   96   98   98   98   93   99   96  102   99  105  102  108  104  108  104
  107  102  103   98   98   93   92   86   85   79   78   72   72   66   65   60
   61   55   58   53   57   52   58   54   60   57   64   62   70   68   75   74
   81   80   87   85   92   90   95   93   98   95   99   96  100   96   99   95
   99   94   98   94  100   93   95  102  107                                   
    80.0-180.0 180.0   5.0 450.0                            LAT/LON1/LON2/DLON/H
  113  108  109  109  107  106  109  110  114  116  120  121  124  124  125  124
  123  120  119  115  112  108  104  100   96   91   87   83   79   75   71   68
   64   61   59   57   57   56   58   58   62   61   66   67   73   73   79   80
   86   86   92   92   98   98  102  103  107  107  110  109  112  111  112  111
  112  110  111  109  111  107  107  112  113                                   
    77.5-180.0 180.0   5.0 450.0                            LAT/LON1/LON2/DLON/H
  125  119  118  117  115  114  118  120  124  128  132  136  139  140  141  140
  138  135  131  128  123  119  114  110  105  101   96   92   87   83   78   74
   69   65   62   59   58   56   57   57   60   60   64   66   71   73   78   79
   84   85   90   91   96   97  102  104  108  110  113  114  117  117  119  118
  119  118  119  118  119  115  116  120  125                                   
    75.0-180.0 180.0   5.0 450.0                            LAT/LON1/LON2/DLON/H
  135  131  130  130  125  125  127  131  135  140  145  150  153  154  154  152
  149  145  140  135  129  125  120  116  111  107  103   99   95   90   86   81
   76   71   68   64   61   60   59   58   60   61   63   65   69   70   74   74
   78   79   83   84   89   91   97  100  106  109  114  115  120  121  124  124
  126  126  127  127  128  126  127  130  135                                   
    72.5-180.0 180.0   5.0 450.0                            LAT/LON1/LON2/DLON/H
  148  144  143  139  134  133  135  137  143  148  154  159  162  163  162  158
  152  146  139  133  126  121  117  112  108  105  102   99   96   92   88   84
   79   74   71   66   63   59   58   56   57   57   59   59   62   62   66   65
   68   67   72   72   78   80   87   92   99  104  110  113  118  121  124  126
  129  129  132  133  136  135  138  143  148                                   
    70.0-180.0 180.0   5.0 450.0                            LAT/LON1/LON2/DLON/H
  156  155  154  151  144  142  143  145  150  156  162  167  169  169  166  159
  151  142  134  126  119  113  108  103  100   98   96   95   93   91   89   85
   81   76   73   67   63   58   56   54   54   53   55   56   57   57   59   58
   59   58   61   62   67   71   78   85   94  100  107  113  119  123  127  129
  133  135  138  140  143  144  148  155  156                                   
    67.5-180.0 180.0   5.0 450.0                            LAT/LON1/LON2/DLON/H
  169  166  164  159  152  149  148  150  154  160  166  171  173  171  167  158
  149  138  128  119  111  104   99   94   91   89   89   88   87   87   85   82
   78   74   69   64   59   53   51   48   48   47   49   48   50   49   50   48
   49   47   50   50   56   59   68   76   87   95  105  111  119  124  129  132
  135  138  141  144  148  150  155  164  169                                   
    65.0-180.0 180.0   5.0 450.0                            LAT/LON1/LON2/DLON/H
  174  174  173  168  158  154  151  153  157  163  168  173  174  172  166  158
  147  135  125  115  108  100   95   89   86   83   82   81   82   81   80   77
   75   70   66   61   55   50   47   44   44   43   44   45   45   45   44   43
   43   41   42   43   47   52   62   70   83   93  103  111  120  126  131  134
  138  140  144  147  151  154  161  171  174                                   
    62.5-180.0 180.0   5.0 450.0                            LAT/LON1/LON2/DLON/H
  184  182  178  172  162  156  152  153  157  163  168  172  174  171  166  158
  148  138  128  119  112  104   98   91   87   82   80   78   77   76   74   72
   69   64   60   55   50   45   42   40   40   40   42   41   43   41   42   39
   39   36   37   36   42   46   56   66   80   90  102  111  121  126  132  135
  139  141  144  147  152  156  162  175  184                                   
    60.0-180.0 180.0   5.0 450.0                            LAT/LON1/LON2/DLON/H
  187  186  185  178  166  158  152  152  156  162  166  171  172  171  166  160
  153  145  136  129  122  115  108  100   93   87   82   79   77   74   71   68
   65   61   57   52   48   44   42   40   41   42   43   44   44   44   43   41
   40   38   38   38   42   47   57   68   82   93  104  112  122  127  133  137
  141  144  147  149  154  156  164  176  187                                   
    57.5-180.0 180.0   5.0 450.0                            LAT/LON1/LON2/DLON/H
  195  192  189  182  170  161  154  153  156  161  166  169  171  170  167  164
  160  155  150  145  138  131  122  114  105   96   89   84   80   76   72   68
   65   60   57   52   49   46   45   44   46   47   49   49   50   49   49   46
   46   42   42   41   46   50   61   72   86   96  107  114  123  128  135  139
  144  146  149  152  156  159  166  175  195                                   
    55.0-180.0 180.0   5.0 450.0                            LAT/LON1/LON2/DLON/H
  200  199  198  190  177  167  159  156  158  162  165  168  170  170  169  169
  167  166  163  160  154  147  137  127  117  108   99   93   87   82   77   72
   69   64   62   58   56   54   53   53   56   57   59   59   59   58   58   56
   55   52   52   51   55   59   70   80   94  103  111  116  124  129  136  142
  148  152  156  158  161  164  171  179  200                                   
    52.5-180.0 180.0   5.0 450.0                            LAT/LON1/LON2/DLON/H
  211  208  207  199  187  177  169  164  164  165  167  169  169  170  171  173
  174  175  174  172  167  160  150  140  129  120  111  104   98   93   86   81
   76   72   70   68   66   65   65   66   68   69   70   69   69   67   67   65
   66   63   63   61   64   69   79   90  102  110  117  120  126  131  139  145
  153  159  164  167  171  174  181  187  211                                   
    50.0-180.0 180.0   5.0 450.0                            LAT/LON1/LON2/DLON/H
  221  219  221  214  201  193  184  178  175  173  171  170  169  170  171  174
  176  178  177  176  172  166  157  149  139  130  123  116  110  104   97   91
   87   83   81   80   80   79   80   80   82   81   82   80   80   78   78   78
   78   77   78   76   79   82   93  102  114  120  125  127  132  136  143  151
  161  168  175  180  183  187  193  199  221                                   
    47.5-180.0 180.0   5.0 450.0                            LAT/LON1/LON2/DLON/H
  234  230  234  228  218  210  201  195  190  185  180  176  173  172  173  176
  177  179  178  177  174  170  163  157  148  141  133  127  120  114  107  101
   96   93   92   92   92   93   93   93   93   92   92   89   88   86   87   86
   89   89   90   90   91   95  104  114  124  131  134  136  139  144  151  159
  169  178  185  191  196  200  205  213  234                                   
    45.0-180.0 180.0   5.0 450.0                            LAT/LON1/LON2/DLON/H
  243  241  247  243  234  228  220  215  207  201  193  187  181  179  177  179
  179  179  178  177  175  171  167  161  154  147  140  133  126  120  113  107
  103  100  101  102  104  104  105  104  103  101  101   98   97   95   96   96
  100  100  103  102  104  108  118  127  138  143  146  146  149  152  159  167
  178  186  194  201  207  212  218  230  243                                   
    42.5-180.0 180.0   5.0 450.0                            LAT/LON1/LON2/DLON/H
  254  249  256  253  246  243  237  232  225  217  207  200  193  191  188  187
  184  183  181  181  180  179  174  169  161  153  144  136  128  121  114  108
  105  103  105  108  110  112  112  110  109  107  107  105  104  101  102  102
  106  107  110  110  112  118  128  138  149  155  158  159  161  165  171  178
  186  193  201  209  216  223  230  246  254                                   
    40.0-180.0 180.0   5.0 450.0                            LAT/LON1/LON2/DLON/H
  261  261  266  263  257  255  251  247  240  234  224  216  209  206  202  200
  195  193  190  190  190  188  184  177  166  154  142  131  123  115  109  104
  102  102  105  109  114  116  117  115  115  113  113  112  111  108  108  108
  112  113  117  117  121  127  139  149  162  167  170  171  175  177  183  188
  195  201  208  217  227  236  243  263  261                                   
    37.5-180.0 180.0   5.0 450.0                            LAT/LON1/LON2/DLON/H
  275  271  275  272  266  265  262  258  252  246  238  231  226  224  219  217
  212  209  207  207  206  204  196  184  168  152  137  124  114  106  100   96
   96   97  102  108  113  117  117  117  117  117  118  117  116  113  112  112
  115  117  120  121  126  133  146  158  170  177  181  183  188  192  197  201
  205  210  217  227  239  249  256  277  275                                   
    35.0-180.0 180.0   5.0 450.0                            LAT/LON1/LON2/DLON/H
  293  293  291  285  279  276  272  269  263  259  252  248  243  242  238  236
  231  229  227  226  224  218  205  189  167  147  130  116  106   99   95   92
   92   94  101  107  114  118  120  120  121  121  123  122  121  116  115  113
  115  116  119  122  127  135  149  162  175  181  187  191  198  203  211  214
  219  224  229  241  255  266  277  299  293                                   
    32.5-180.0 180.0   5.0 450.0                            LAT/LON1/LON2/DLON/H
  326  323  318  309  297  290  284  280  275  271  268  264  262  259  256  254
  251  249  247  244  239  228  209  188  163  142  124  111  102   97   94   91
   91   94  100  107  114  119  121  122  123  124  126  125  123  117  114  110
  111  109  112  114  120  128  142  156  170  178  187  194  204  213  223  230
  237  243  251  263  278  291  303  323  326                                   
    30.0-180.0 180.0   5.0 450.0                            LAT/LON1/LON2/DLON/H
  367  374  363  349  333  320  307  298  291  288  284  282  279  276  271  268
  265  262  258  251  242  225  204  180  156  136  122  113  108  105  101   98
   97   99  104  112  119  124  126  128  128  129  129  127  123  117  111  105
  103  100  101  103  108  117  131  143  158  167  178  188  203  215  229  241
  253  263  275  291  309  326  346  357  367                                   
    27.5-180.0 180.0   5.0 450.0                            LAT/LON1/LON2/DLON/H
  416  426  416  401  379  362  342  330  320  315  309  305  300  293  287  280
  276  269  261  249  233  212  190  167  148  135  127  125  123  121  118  113
  111  110  114  119  125  129  130  132  132  130  129  124  119  110  105   96
   94   88   89   87   93  102  117  130  145  157  169  184  200  218  236  253
  272  287  305  327  350  372  390  394  416                                   
    25.0-180.0 180.0   5.0 450.0                            LAT/LON1/LON2/DLON/H
  465  485  477  462  440  418  394  375  361  351  342  336  328  318  306  296
  285  272  255  235  213  191  171  155  146  141  142  143  144  142  138  132
  127  125  127  131  135  138  139  141  139  136  131  124  115  106   97   89
   84   79   77   77   81   91  104  120  136  150  164  179  198  218  240  262
  287  311  336  365  396  421  443  439  465                                   
    22.5-180.0 180.0   5.0 450.0                            LAT/LON1/LON2/DLON/H
  505  525  522  515  494  477  449  435  413  405  390  381  366  352  336  318
  299  276  249  220  195  173  159  154  153  158  164  170  170  168  160  153
  144  140  140  141  144  147  147  147  145  139  132  121  111   99   91   81
   77   69   68   66   70   80   96  114  135  152  167  184  204  227  251  276
  306  338  370  406  440  465  482  479  505                                   
    20.0-180.0 180.0   5.0 450.0                            LAT/LON1/LON2/DLON/H
  538  567  566  566  552  536  510  493  474  464  448  434  415  398  375  351
  323  290  252  216  188  171  165  167  174  183  193  198  196  189  178  168
  157  151  149  150  153  156  156  157  154  147  137  123  111   99   88   80
   74   68   62   60   62   73   91  114  137  158  176  194  216  239  263  291
  326  362  399  440  477  500  521  517  538                                   
    17.5-180.0 180.0   5.0 450.0                            LAT/LON1/LON2/DLON/H
  555  584  592  598  593  584  564  551  532  523  505  495  474  454  425  397
  359  317  272  233  206  195  194  202  209  218  225  225  218  206  191  176
  163  158  157  160  163  165  165  165  161  151  140  124  111   97   88   78
   72   64   57   54   56   68   88  117  145  170  192  215  238  260  285  312
  349  387  426  469  505  529  544  537  555                                   
    15.0-180.0 180.0   5.0 450.0                            LAT/LON1/LON2/DLON/H
  561  591  608  623  628  623  612  604  591  582  569  556  536  516  484  452
  408  361  312  272  248  241  246  255  264  265  260  247  230  210  192  175
  165  160  163  165  168  171  171  171  167  156  144  127  114  101   91   82
   74   64   57   54   57   71   95  126  157  184  211  236  259  282  307  337
  371  411  449  487  523  544  563  553  561                                   
    12.5-180.0 180.0   5.0 450.0                            LAT/LON1/LON2/DLON/H
  547  571  594  620  635  637  637  634  629  624  615  604  587  569  540  506
  461  413  362  326  308  309  313  322  319  307  285  258  230  209  190  178
  169  168  172  176  178  181  179  178  171  159  145  129  116  103   94   83
   73   64   56   54   60   76  103  136  169  200  230  256  281  304  333  361
  395  430  464  499  530  549  561  551  547                                   
    10.0-180.0 180.0   5.0 450.0                            LAT/LON1/LON2/DLON/H
  528  544  569  601  626  636  647  653  657  654  650  641  628  611  584  554
  511  471  426  400  387  390  391  387  370  336  296  255  223  201  188  179
  175  176  179  184  186  187  185  180  173  158  146  129  117  105   96   85
   75   65   58   57   67   83  111  141  175  207  237  265  293  321  352  382
  413  443  474  502  531  545  563  552  528                                   
     7.5-180.0 180.0   5.0 450.0                            LAT/LON1/LON2/DLON/H
  513  521  541  571  598  614  633  645  654  655  656  650  643  630  609  580
  545  514  482  467  460  461  451  431  392  341  287  245  214  200  192  190
