data/unet/pred2480.15i
     1.0            IONOSPHERE MAPS     GNSS                IONEX VERSION / TYPE
pyspatialgeodesy        IME             05-JAN-18 20:20     PGM / RUN BY / DATE 
Map Name                                                    COMMENT             
Predicted global ionosphere maps (GIM).                     DESCRIPTION         
  2015     9     5     0     0     0                        EPOCH OF FIRST MAP  
  2015     9     6     0     0     0                        EPOCH OF LAST MAP   
  7200                                                      INTERVAL            
    13                                                      # OF MAPS IN FILE   
  NONE                                                      MAPPING FUNCTION    
10.0                                                        ELEVATION CUTOFF    
One-way carrier phase leveled to code                       OBSERVABLES USED    
  6371.0                                                    BASE RADIUS         
 2                                                          MAP DIMENSION       
   450.0 450.0   0.0                                        HGT1 / HGT2 / DHGT  
    87.5 -87.5  -2.5                                        LAT1 / LAT2 / DLAT  
  -180.0 180.0   5.0                                        LON1 / LON2 / DLON  
    -1                                                      EXPONENT            
                                                            END OF HEADER       
[from data line 4290]
    11                                                      START OF TEC MAP    
  2015     9     5    20     0     0                        EPOCH OF CURRENT MAP
    87.5-180.0 180.0   5.0 450.0                            LAT/LON1/LON2/DLON/H
  149  124  109  114  112  113  112  115  114  117  116  119  118  121  120  122
  120  122  120  122  120  121  118  120  117  118  115  116  113  113  109  109
  106  105  102  102   99   99   97   97   96   97   95   96   95   96   95   96
   95   96   95   96   95   97   95   97   96   98   97   99   98  100   99  101
  100  103  102  103  106  107  106  137  149                                   
    85.0-180.0 180.0   5.0 450.0                            LAT/LON1/LON2/DLON/H
   99  101  103  109  109  110  111  113  115  117  118  121  122  123  125  125
  127  126  127  126  127  124  125  123  123  119  119  116  115  112  111  108
  106  103  102  100   99   96   96   94   95   92   94   92   93   90   93   90
   93   89   93   89   92   89   92   89   92   90   92   90   93   91   93   92
   95   94   96   96   99   98  100  118   99                                   
    82.5-180.0 180.0   5.0 450.0                            LAT/LON1/LON2/DLON/H
   98  101  103  109  108  113  112  119  119  125  124  130  129  134  133  136
  135  137  136  136  134  134  131  131  126  125  121  120  115  114  110  109
  104  104  100  100   96   97   94   95   91   93   90   92   89   91   88   90
   87   90   87   89   87   89   86   89   86   89   86   89   87   89   88   90
   89   92   90   93   93   93   89   99   98                                   
    80.0-180.0 180.0   5.0 450.0                            LAT/LON1/LON2/DLON/H
   99   95   97   99  101  103  107  110  115  117  122  124  128  129  134  133
  136  135  137  134  134  131  130  126  123  118  116  111  108  104  101   97
   94   91   90   88   86   85   84   83   82   81   80   79   79   78   78   77
   78   78   79   79   79   79   80   78   79   78   79   78   80   78   80   79
   81   80   82   81   83   82   82   91   99                                   
    77.5-180.0 180.0   5.0 450.0                            LAT/LON1/LON2/DLON/H
   89   90   90   93   95   97  102  106  110  114  119  123  126  129  132  134
  134  135  135  135  134  132  130  126  122  118  114  109  105  100   97   94
   90   89   87   87   85   85   84   83   81   79   79   77   75   74   74   73
   73   73   73   73   73   73   73   72   72   71   71   70   71   71   72   72
   73   74   75   77   77   78   76   81   89                                   
    75.0-180.0 180.0   5.0 450.0                            LAT/LON1/LON2/DLON/H
   88   85   87   89   91   95  100  103  109  112  118  120  125  126  131  130
  133  132  134  132  133  130  129  125  121  116  111  106  100   96   91   90
   86   86   84   85   84   85   83   83   80   79   76   74   72   71   69   69
   68   69   69   69   69   69   69   67   67   65   66   64   66   65   68   67
   71   70   75   74   78   77   79   85   88                                   
    72.5-180.0 180.0   5.0 450.0                            LAT/LON1/LON2/DLON/H
   88   88   88   90   91   94   98  103  107  112  117  121  124  125  128  128
  129  129  130  129  129  129  127  124  120  116  110  105   98   93   88   86
   84   83   84   85   85   86   85   84   81   79   75   72   68   67   65   64
   63   64   64   64   64   64   62   62   60   60   58   59   58   60   62   64
   66   70   72   76   77   79   82   85   88                                   
    70.0-180.0 180.0   5.0 450.0                            LAT/LON1/LON2/DLON/H
   92   89   90   91   92   95  100  103  108  111  117  120  123  124  126  126
  126  125  126  126  127  126  127  123  121  115  110  104   97   91   85   84
   81   82   83   85   86   87   85   84   81   76   72   68   65   62   60   59
   59   59   60   60   59   59   57   56   54   53   52   52   54   55   59   61
   67   69   74   75   81   81   86   91   92                                   
    67.5-180.0 180.0   5.0 450.0                            LAT/LON1/LON2/DLON/H
   96   94   93   94   94   96  101  106  110  115  119  123  125  125  127  125
  125  123  125  124  126  126  127  126  123  118  112  105   98   92   87   84
   82   82   84   85   87   87   85   82   78   73   68   62   59   56   55   53
   53   53   53   53   53   51   50   49   47   46   45   46   47   51   54   59
   64   69   73   78   82   84   89   92   96                                   
    65.0-180.0 180.0   5.0 450.0                            LAT/LON1/LON2/DLON/H
  100   97   96   97   98   99  105  107  114  117  123  125  128  127  128  126
  125  124  126  126  128  129  131  129  127  122  115  108  101   95   89   87
   83   85   85   88   87   87   85   81   75   69   64   58   55   52   51   49
   49   49   49   48   48   46   45   43   42   41   41   41   43   47   52   57
   63   69   75   78   85   85   91   97  100                                   
    62.5-180.0 180.0   5.0 450.0                            LAT/LON1/LON2/DLON/H
  100  100   99  100  101  103  107  112  117  123  127  132  133  133  132  131
  129  128  130  130  132  133  135  133  132  126  121  113  107  100   96   91
   90   89   90   89   90   87   84   78   72   65   60   54   52   49   48   46
   46   45   44   43   43   41   40   38   37   36   35   36   38   43   47   54
   59   65   71   76   81   84   91   97  100                                   
    60.0-180.0 180.0   5.0 450.0                            LAT/LON1/LON2/DLON/H
   99  101  101  104  105  106  111  113  120  124  129  134  136  136  137  134
  133  132  133  134  137  138  140  139  137  133  127  121  114  109  104  101
   99   98   96   96   93   91   85   79   72   65   60   56   54   52   51   49
   48   46   44   42   42   40   39   36   37   34   35   34   38   41   47   52
   58   64   69   73   81   82   90   99   99                                   
    57.5-180.0 180.0   5.0 450.0                            LAT/LON1/LON2/DLON/H
  100  104  105  108  110  110  114  118  123  128  133  138  140  141  141  140
  138  138  139  139  141  141  144  141  141  136  133  127  124  118  117  113
  112  107  107  103  101   95   90   81   75   68   65   61   61   59   58   56
   53   50   47   44   43   41   41   38   38   36   36   36   38   41   45   50
   56   61   66   71   76   81   88   98  100                                   
    55.0-180.0 180.0   5.0 450.0                            LAT/LON1/LON2/DLON/H
  102  109  110  117  117  117  121  122  127  129  133  137  140  141  143  143
  143  142  142  143  143  143  144  143  143  141  138  136  134  133  132  130
  127  123  119  116  110  105   97   90   83   78   75   73   73   72   71   67
   64   58   55   50   49   46   47   44   45   43   43   41   43   44   49   51
   58   62   68   72   79   82   91  105  102                                   
    52.5-180.0 180.0   5.0 450.0                            LAT/LON1/LON2/DLON/H
  108  117  117  124  126  126  129  130  133  135  137  141  142  145  145  147
  146  146  146  145  144  143  144  143  143  141  142  141  144  144  147  144
  143  137  132  125  122  115  109  100   95   89   88   86   87   85   83   79
   73   67   62   57   55   53   53   51   53   51   50   48   49   49   52   54
   59   64   69   74   80   86   94  108  108                                   
    50.0-180.0 180.0   5.0 450.0                            LAT/LON1/LON2/DLON/H
  115  124  126  135  137  138  139  137  139  137  138  139  141  143  146  147
  149  148  148  146  144  142  142  141  143  143  145  149  152  157  159  159
  157  151  144  139  132  128  121  115  109  105  103  102  103  101   99   92
   86   78   74   67   67   62   64   62   65   62   63   59   59   57   60   60
   66   70   76   81   90   95  102  119  115                                   
    47.5-180.0 180.0   5.0 450.0                            LAT/LON1/LON2/DLON/H
  127  135  136  146  149  150  151  148  149  146  146  146  147  148  150  152
  153  153  150  148  144  142  141  141  143  145  148  153  159  164  168  167
  166  160  155  148  145  138  134  126  122  117  117  114  116  112  109  101
   95   87   82   77   76   72   74   73   75   74   72   70   67   65   66   67
   71   76   83   90   97  105  110  126  127                                   
    45.0-180.0 180.0   5.0 450.0                            LAT/LON1/LON2/DLON/H
  135  141  144  156  158  161  161  157  157  152  153  151  152  152  155  157
  159  158  155  152  148  144  145  145  148  150  154  159  165  170  173  173
  172  166  162  158  155  153  147  142  135  132  128  128  127  124  120  112
  106   98   95   89   89   84   86   85   87   86   85   82   80   75   76   76
   80   85   94  103  112  119  123  140  135                                   
    42.5-180.0 180.0   5.0 450.0                            LAT/LON1/LON2/DLON/H
  143  148  151  162  166  169  169  167  166  163  163  163  164  165  167  169
  170  168  164  160  154  152  151  152  154  157  160  165  169  172  175  174
  173  168  167  163  165  160  158  148  144  135  135  130  132  127  124  116
  111  106  103   99   98   95   94   94   95   95   93   90   86   83   81   81
   86   92  102  112  122  128  133  148  143                                   
    40.0-180.0 180.0   5.0 450.0                            LAT/LON1/LON2/DLON/H
  144  147  152  164  167  172  172  171  171  168  170  170  173  174  178  180
  181  178  174  170  165  162  162  165  167  169  171  175  177  177  179  177
  178  174  175  173  174  174  168  161  152  146  141  139  137  135  130  123
  119  115  113  110  109  104  103  101  102  102  101   98   97   92   91   90
   94  101  112  123  132  139  143  156  144                                   
    37.5-180.0 180.0   5.0 450.0                            LAT/LON1/LON2/DLON/H
  144  148  149  161  166  171  173  175  175  176  179  182  187  191  194  196
  196  193  188  183  178  175  176  178  180  182  184  185  186  185  185  183
  185  183  186  183  186  181  177  166  158  147  144  139  140  136  133  125
  122  120  119  116  112  108  104  103  102  102  101  100   98   96   94   93
   98  105  117  129  139  143  146  159  144                                   
    35.0-180.0 180.0   5.0 450.0                            LAT/LON1/LON2/DLON/H
  141  143  146  157  160  167  169  174  175  177  182  188  196  201  206  209
  209  205  201  196  192  189  190  193  196  199  201  202  200  198  198  196
  200  199  202  201  199  195  186  177  165  157  150  149  145  144  137  133
  128  127  125  122  118  112  107  104  103  103  104  103  103  101  101  101
  105  112  124  136  146  150  152  164  141                                   
    32.5-180.0 180.0   5.0 450.0                            LAT/LON1/LON2/DLON/H
  142  146  145  153  157  163  166  172  175  180  186  196  206  214  220  223
  223  220  215  210  206  203  204  206  210  214  219  219  220  217  218  217
  221  222  224  218  213  203  192  179  168  158  154  150  148  144  138  132
  127  126  124  122  117  112  105  102  100  100   99  100  100  100  100  101
  106  114  125  138  148  153  153  168  142                                   
    30.0-180.0 180.0   5.0 450.0                            LAT/LON1/LON2/DLON/H
  146  149  149  155  155  162  164  171  174  181  187  198  209  219  226  232
  234  232  228  222  217  215  214  217  222  231  237  242  244  243  243  245
  252  253  253  242  229  213  197  185  172  165  159  157  152  149  142  135
  130  127  126  122  119  111  107  101  100   99   99   99  100  102  103  105
  110  117  130  142  152  159  161  176  146                                   
    27.5-180.0 180.0   5.0 450.0                            LAT/LON1/LON2/DLON/H
  158  160  156  161  162  165  169  175  179  185  193  204  216  227  237  242
  246  246  243  238  233  228  227  229  237  247  259  268  274  275  276  279
  285  284  276  260  238  216  197  183  172  165  160  156  153  147  140  133
  127  123  120  118  115  111  105  102   97   97   95   97   96   99  100  103
  106  116  128  142  153  165  167  185  158                                   
    25.0-180.0 180.0   5.0 450.0                            LAT/LON1/LON2/DLON/H
  171  175  173  172  170  175  177  185  187  195  201  213  224  236  244  253
  257  261  258  255  249  244  243  245  253  267  283  297  306  306  306  306
  312  307  297  272  245  216  196  184  173  168  162  160  155  150  143  134
  127  121  118  116  116  112  109  102   98   94   92   92   94   96   99  102
  107  116  131  146  159  173  178  195  171                                   
    22.5-180.0 180.0   5.0 450.0                            LAT/LON1/LON2/DLON/H
  189  194  188  188  185  188  191  198  205  211  219  228  239  249  260  267
  275  278  277  272  268  264  263  265  275  289  309  325  331  332  327  328
  327  325  307  279  243  214  194  182  174  167  161  158  152  147  138  130
  121  116  112  112  113  114  110  105   97   92   87   87   87   92   93   97
  102  113  128  145  160  179  186  207  189                                   
    20.0-180.0 180.0   5.0 450.0                            LAT/LON1/LON2/DLON/H
  203  213  210  207  203  207  210  218  226  234  240  248  257  267  277  288
  295  301  299  296  291  288  287  289  298  313  333  348  355  350  347  342
  342  335  315  280  242  212  193  184  177  171  165  160  154  147  140  130
  123  115  112  110  113  114  112  107   98   90   85   83   84   86   90   93
  100  111  129  147  161  181  193  216  203                                   
    17.5-180.0 180.0   5.0 450.0                            LAT/LON1/LON2/DLON/H
  216  230  228  228  224  227  231  239  248  256  264  271  280  290  302  313
  324  330  330  324  320  317  316  318  327  341  357  371  373  370  362  357
  350  339  313  276  239  212  196  187  181  175  167  160  151  145  136  130
  121  115  109  109  112  116  113  109   98   90   82   80   77   80   82   88
   94  107  125  145  162  181  194  220  216                                   
    15.0-180.0 180.0   5.0 450.0                            LAT/LON1/LON2/DLON/H
  223  239  239  241  240  245  250  257  266  275  284  294  304  316  327  341
  354  363  362  356  351  349  348  352  358  371  382  390  392  386  378  367
  357  341  312  277  245  220  207  198  192  185  176  166  157  147  140  131
  126  117  113  111  114  116  115  110  100   90   83   78   77   77   80   83
   90  102  122  143  160  180  196  221  223                                   
    12.5-180.0 180.0   5.0 450.0                            LAT/LON1/LON2/DLON/H
  225  243  246  251  256  264  268  276  283  294  304  317  330  343  357  372
  389  395  395  385  381  379  381  383  390  398  403  407  404  400  388  376
  360  341  312  281  255  234  222  213  205  195  184  173  162  153  142  135
  126  120  113  113  112  117  114  111   99   92   81   78   73   74   73   78
   84   96  116  136  157  177  193  224  225                                   
    10.0-180.0 180.0   5.0 450.0                            LAT/LON1/LON2/DLON/H
  227  245  251  259  264  274  279  288  295  305  316  333  346  360  376  392
  408  417  417  408  405  402  406  409  411  414  415  413  411  404  393  378
  359  339  314  290  271  254  246  234  225  211  200  186  175  161  151  137
  130  120  115  111  111  113  110  106   98   90   83   77   75   74   73   76
   81   92  112  131  155  174  195  222  227                                   
     7.5-180.0 180.0   5.0 450.0                            LAT/LON1/LON2/DLON/H
  228  247  255  271  278  288  292  301  306  318  326  344  359  375  395  410
  429  434  435  428  425  422  427  430  430  429  425  420  415  409  396  381
