data/unet/pred2140.15i
     1.0            IONOSPHERE MAPS     GNSS                IONEX VERSION / TYPE
pyspatialgeodesy        IME             05-JAN-18 20:20     PGM / RUN BY / DATE 
Map Name                                                    COMMENT             
Predicted global ionosphere maps (GIM).                     DESCRIPTION         
  2015     8     2     0     0     0                        EPOCH OF FIRST MAP  
  2015     8     3     0     0     0                        EPOCH OF LAST MAP   
  7200                                                      INTERVAL            
    13                                                      # OF MAPS IN FILE   
  NONE                                                      MAPPING FUNCTION    
10.0                                                        ELEVATION CUTOFF    
One-way carrier phase leveled to code                       OBSERVABLES USED    
  6371.0                                                    BASE RADIUS         
 2                                                          MAP DIMENSION       
   450.0 450.0   0.0                                        HGT1 / HGT2 / DHGT  
    87.5 -87.5  -2.5                                        LAT1 / LAT2 / DLAT  
  -180.0 180.0   5.0                                        LON1 / LON2 / DLON  
    -1                                                      EXPONENT            
                                                            END OF HEADER       
[from data line 4290]
    11                                                      START OF TEC MAP    
  2015     8     2    20     0     0                        EPOCH OF CURRENT MAP
    87.5-180.0 180.0   5.0 450.0                            LAT/LON1/LON2/DLON/H
  175  146  134  137  137  137  138  139  139  140  140  141  141  141  141  141
  141  141  140  140  139  139  138  137  136  135  133  132  130  129  127  126
  123  123  121  120  118  118  117  117  117  117  117  117  117  117  117  118
  118  118  118  118  118  119  119  119  119  120  120  121  122  123  123  124
  125  127  128  127  127  128  130  158  175                                   
    85.0-180.0 180.0   5.0 450.0                            LAT/LON1/LON2/DLON/H
  132  133  132  137  137  137  138  139  140  140  141  141  142  142  142  142
  142  141  141  140  140  139  138  136  136  134  133  131  130  127  126  123
  123  120  120  117  117  115  115  113  114  113  114  113  114  114  115  115
  115  116  116  116  117  117  118  118  118  119  119  119  121  121  122  122
  124  124  126  124  125  122  127  150  132                                   
    82.5-180.0 180.0   5.0 450.0                            LAT/LON1/LON2/DLON/H
  139  134  134  137  137  139  140  142  143  146  146  148  148  150  149  150
  149  150  148  148  146  146  143  143  140  140  137  136  133  132  129  128
  125  124  121  121  118  118  116  116  114  115  114  115  114  116  115  117
  116  118  118  119  119  120  120  120  120  121  120  121  121  122  121  122
  122  124  124  125  124  124  123  141  139                                   
    80.0-180.0 180.0   5.0 450.0                            LAT/LON1/LON2/DLON/H
  144  133  131  131  133  134  137  138  142  143  147  147  151  150  153  150
  153  150  152  149  150  147  148  144  144  141  141  137  136  133  132  128
  127  124  123  120  119  117  116  114  114  113  113  113  114  114  115  116
  118  118  120  120  122  121  122  122  122  121  121  120  120  119  120  119
  120  120  121  119  120  120  119  137  144                                   
    77.5-180.0 180.0   5.0 450.0                            LAT/LON1/LON2/DLON/H
  141  130  128  128  129  132  134  138  140  144  147  148  151  151  153  152
  153  152  152  150  150  148  147  145  144  141  141  137  137  133  133  129
  128  125  124  121  121  118  118  116  115  113  114  113  114  114  116  117
  119  120  123  123  124  124  125  124  124  122  122  120  120  119  118  118
  118  119  119  119  118  117  115  128  141                                   
    75.0-180.0 180.0   5.0 450.0                            LAT/LON1/LON2/DLON/H
  143  130  128  128  128  132  133  137  140  144  148  151  154  155  156  156
  156  155  155  153  153  151  150  148  147  145  144  141  140  138  137  134
  134  131  131  128  128  125  125  122  121  119  119  118  118  119  120  121
  123  125  127  128  129  129  129  128  127  125  124  123  122  121  121  121
  121  122  124  123  123  120  121  133  143                                   
    72.5-180.0 180.0   5.0 450.0                            LAT/LON1/LON2/DLON/H
  143  134  130  129  129  131  133  137  140  145  149  153  156  157  159  158
  158  156  155  153  153  151  150  148  147  144  144  140  140  136  137  134
  134  132  133  131  132  129  129  125  124  121  120  118  118  118  119  120
  122  124  126  128  128  128  127  126  124  123  121  120  119  120  120  121
  121  124  125  126  126  125  125  136  143                                   
    70.0-180.0 180.0   5.0 450.0                            LAT/LON1/LON2/DLON/H
  151  137  134  133  132  134  136  139  144  148  154  157  161  162  165  163
  164  161  161  158  159  156  155  152  152  148  147  143  142  139  138  135
  136  134  136  134  135  132  132  128  127  122  121  118  118  116  118  118
  120  121  123  124  124  124  123  122  120  119  118  117  119  120  121  123
  126  129  133  133  136  133  134  144  151                                   
    67.5-180.0 180.0   5.0 450.0                            LAT/LON1/LON2/DLON/H
  155  144  140  138  137  138  140  143  148  152  158  161  166  167  170  168
  168  165  165  161  162  158  159  154  154  149  148  142  141  136  136  133
  134  132  134  133  134  132  132  128  125  120  118  114  113  110  111  111
  112  112  113  113  113  112  110  110  108  108  107  109  111  115  117  122
  125  130  135  137  138  138  139  148  155                                   
    65.0-180.0 180.0   5.0 450.0                            LAT/LON1/LON2/DLON/H
  164  151  149  147  146  147  150  150  156  159  166  168  174  174  178  176
  177  174  174  171  172  168  168  164  162  158  154  150  146  142  140  138
  137  135  136  135  136  134  133  129  127  121  118  114  111  108  108  106
  106  105  105  103  102   99   98   96   97   96   99  101  107  111  117  121
  128  132  139  141  146  144  146  156  164                                   
    62.5-180.0 180.0   5.0 450.0                            LAT/LON1/LON2/DLON/H
  167  159  157  156  155  155  157  159  164  167  173  176  180  181  184  182
  184  180  181  177  179  175  175  170  168  162  159  153  151  146  144  140
  140  137  137  136  137  135  134  130  127  121  118  112  109  105  103   99
   97   95   92   90   87   85   82   83   83   85   87   91   97  105  111  118
  124  131  138  142  145  147  148  159  167                                   
    60.0-180.0 180.0   5.0 450.0                            LAT/LON1/LON2/DLON/H
  173  164  165  165  166  166  168  168  174  175  180  181  186  185  189  186
  189  186  187  184  186  183  183  179  178  173  171  166  164  160  159  155
  153  148  147  143  144  140  140  135  132  126  122  116  113  107  104  100
   95   91   86   81   77   74   72   72   74   75   79   84   93   99  109  115
  124  129  138  142  147  149  152  164  173                                   
    57.5-180.0 180.0   5.0 450.0                            LAT/LON1/LON2/DLON/H
  173  171  173  173  176  177  179  180  182  183  185  186  188  188  190  189
  191  189  190  188  190  187  189  183  184  178  178  173  174  170  171  166
  164  157  155  150  149  145  144  139  136  130  126  119  115  110  105   99
   92   85   79   73   68   66   64   65   67   70   72   78   85   94  102  110
  117  125  131  138  141  146  150  164  173                                   
    55.0-180.0 180.0   5.0 450.0                            LAT/LON1/LON2/DLON/H
  179  175  181  183  186  187  190  188  190  188  190  187  190  187  191  188
  191  188  190  188  192  190  193  190  191  188  189  187  189  189  190  186
  183  175  170  163  161  156  154  149  146  139  135  128  124  118  112  104
   96   87   79   73   68   66   65   66   69   71   74   78   85   91  100  107
  116  123  131  136  141  147  154  167  179                                   
    52.5-180.0 180.0   5.0 450.0                            LAT/LON1/LON2/DLON/H
  181  184  188  192  196  198  199  199  197  195  192  189  189  188  189  188
  190  188  189  188  192  190  195  192  196  192  197  195  201  200  204  199
  197  187  181  174  170  165  163  158  154  148  142  136  131  126  119  110
   99   89   81   75   70   70   69   72   74   78   77   80   83   91   96  104
  111  120  127  135  140  147  153  169  181                                   
    50.0-180.0 180.0   5.0 450.0                            LAT/LON1/LON2/DLON/H
  192  192  197  200  206  208  210  208  207  202  198  191  192  187  191  187
  191  186  188  186  191  191  197  197  203  202  208  209  215  217  220  217
  213  204  198  189  186  179  177  171  167  159  154  147  143  135  129  119
  108   97   89   84   81   81   82   85   88   89   89   88   90   94  100  106
  115  125  134  142  149  157  166  179  192                                   
    47.5-180.0 180.0   5.0 450.0                            LAT/LON1/LON2/DLON/H
  199  202  206  209  214  216  218  218  213  209  201  196  192  191  190  190
  191  188  189  186  192  191  199  198  206  205  212  213  221  221  227  222
  221  210  205  197  193  189  185  180  174  166  159  154  148  142  134  126
  114  105   96   93   90   92   93  100  100  104   99   99   94   99  100  109
  117  128  139  149  157  166  173  189  199                                   
    45.0-180.0 180.0   5.0 450.0                            LAT/LON1/LON2/DLON/H
  214  213  216  218  223  225  228  225  223  216  210  202  199  195  198  193
  197  191  194  189  195  194  202  203  211  212  219  221  228  229  233  231
  228  220  215  208  205  201  199  191  186  175  169  161  157  150  144  134
  125  117  110  107  105  108  111  115  119  118  115  110  107  107  110  117
  126  139  152  164  174  182  192  203  214                                   
    42.5-180.0 180.0   5.0 450.0                            LAT/LON1/LON2/DLON/H
  223  224  225  227  231  232  234  232  229  223  216  209  206  204  205  205
  206  202  202  198  202  202  210  212  219  219  225  224  231  229  235  230
  231  222  219  214  212  209  205  200  192  184  176  169  164  159  152  145
  136  130  122  121  119  122  123  129  129  131  125  122  115  117  116  126
  134  149  163  175  186  195  204  219  223                                   
    40.0-180.0 180.0   5.0 450.0                            LAT/LON1/LON2/DLON/H
  238  232  233  234  237  238  240  236  237  231  227  220  218  215  219  216
  220  214  216  211  217  215  224  224  232  231  236  236  241  240  243  241
  241  235  232  227  226  221  219  211  205  195  188  181  177  171  165  158
  150  143  138  135  134  134  136  138  140  139  135  131  126  125  127  135
  146  161  178  191  204  211  221  235  238                                   
    37.5-180.0 180.0   5.0 450.0                            LAT/LON1/LON2/DLON/H
  242  241  240  241  243  242  243  241  241  237  234  229  228  227  230  231
  234  232  232  229  234  234  241  242  248  247  251  249  251  249  252  249
  249  244  241  237  234  232  227  222  214  206  197  192  186  182  175  169
  162  156  150  147  143  143  141  143  142  144  140  138  132  134  133  144
  150  167  181  196  209  219  229  247  242                                   
    35.0-180.0 180.0   5.0 450.0                            LAT/LON1/LON2/DLON/H
  252  246  248  249  249  247  248  244  247  245  246  241  242  240  245  244
  249  247  250  247  254  252  261  260  269  267  273  269  272  269  272  270
  270  264  261  253  251  243  241  232  225  216  209  202  198  191  186  178
  172  165  161  155  150  146  144  143  143  143  141  139  136  137  139  148
  156  172  188  202  217  225  235  253  252                                   
    32.5-180.0 180.0   5.0 450.0                            LAT/LON1/LON2/DLON/H
  251  251  255  257  257  253  252  251  253  254  255  254  255  253  258  260
  267  266  271  269  274  273  279  280  288  289  295  295  297  296  295  294
  291  286  278  270  261  255  248  241  231  225  216  212  205  199  190  184
  176  172  165  161  153  148  141  141  139  141  139  139  135  140  139  148
  154  169  182  197  212  224  235  255  251                                   
    30.0-180.0 180.0   5.0 450.0                            LAT/LON1/LON2/DLON/H
  256  255  264  266  266  263  262  259  265  266  271  270  272  271  276  277
  283  285  290  289  294  292  299  299  310  312  321  322  326  324  324  321
  318  310  299  284  273  262  256  245  237  230  223  217  209  200  191  182
  176  171  166  159  151  142  135  132  131  131  132  133  132  134  137  145
  153  167  184  198  215  225  237  256  256                                   
    27.5-180.0 180.0   5.0 450.0                            LAT/LON1/LON2/DLON/H
  254  260  270  274  275  273  272  273  277  282  286  288  291  290  297  298
  306  308  313  313  317  314  317  319  327  334  343  348  351  350  349  346
  339  329  309  292  273  263  250  243  233  229  221  216  205  196  183  176
  167  166  158  154  142  136  125  124  120  124  122  127  125  131  132  142
  147  161  176  193  210  224  237  260  254                                   
    25.0-180.0 180.0   5.0 450.0                            LAT/LON1/LON2/DLON/H
  260  267  279  284  285  287  286  287  293  299  305  308  314  314  320  322
  328  332  336  339  340  336  338  337  347  354  366  371  374  371  370  365
  357  342  318  294  272  256  245  235  228  221  215  207  197  185  171  162
  156  152  148  143  134  126  118  115  112  113  112  115  117  122  127  134
  144  157  177  194  212  225  241  262  260                                   
    22.5-180.0 180.0   5.0 450.0                            LAT/LON1/LON2/DLON/H
  262  273  284  291  295  296  298  300  307  317  324  331  338  341  348  350
  356  362  365  368  366  361  359  358  365  374  383  388  388  384  383  379
  369  352  318  293  260  244  228  222  212  209  199  194  180  170  154  147
  139  138  131  130  121  117  108  108  103  106  104  109  110  116  121  131
  140  157  175  196  215  231  247  272  262                                   
    20.0-180.0 180.0   5.0 450.0                            LAT/LON1/LON2/DLON/H
  269  281  295  303  305  311  311  318  324  336  345  355  365  373  377  382
  385  392  392  400  393  389  382  381  385  392  400  400  398  393  392  386
  376  351  320  285  255  233  221  212  202  195  187  179  168  157  143  134
  126  123  120  118  112  107  103  101   98   99   97  101  103  107  113  122
  136  153  179  197  221  233  254  276  269                                   
    17.5-180.0 180.0   5.0 450.0                            LAT/LON1/LON2/DLON/H
  273  288  299  310  314  319  323  331  340  353  364  379  390  402  406  413
  416  426  427  434  424  420  409  407  407  409  411  406  403  397  395  390
  378  353  318  284  251  229  214  206  192  184  172  167  154  145  131  123
  113  111  106  106  100  100   96   97   93   95   92   95   96  101  107  117
  133  155  180  203  226  244  261  285  273                                   
    15.0-180.0 180.0   5.0 450.0                            LAT/LON1/LON2/DLON/H
  282  297  308  319  323  332  335  347  353  369  381  399  411  424  430  440
  446  458  460  466  456  451  437  433  430  427  423  414  408  400  397  387
  375  347  319  283  257  234  221  208  194  184  173  165  156  145  134  121
  113  106  103   99   96   95   94   95   92   92   90   91   90   93   97  105
  124  146  177  197  227  239  262  284  282                                   
    12.5-180.0 180.0   5.0 450.0                            LAT/LON1/LON2/DLON/H
  285  301  311  324  328  337  341  353  360  376  390  410  423  441  449  461
  471  482  483  488  477  473  459  457  449  444  432  420  413  404  397  386
  370  346  318  289  265  247  231  219  202  190  176  170  160  152  138  127
  115  108   99   97   91   92   90   94   89   90   86   87   85   86   90   99
  117  142  172  197  224  244  264  288  285                                   
    10.0-180.0 180.0   5.0 450.0                            LAT/LON1/LON2/DLON/H
  290  302  317  329  333  343  347  358  363  381  393  415  431  452  462  479
  490  504  502  508  495  495  479  477  468  461  447  432  423  409  399  384
  366  344  320  297  276  263  249  236  219  204  194  185  178  166  154  138
  126  113  104   97   91   92   90   92   88   88   85   84   80   80   80   88
  106  129  162  185  217  234  260  284  290                                   
     7.5-180.0 180.0   5.0 450.0                            LAT/LON1/LON2/DLON/H
  289  305  325  337  346  352  356  362  366  380  390  412  427  450  462  480
  496  510  513  515  504  501  488  487  477  471  456  442  430  415  400  383
