data/unet/pred2230.15i
     1.0            IONOSPHERE MAPS     GNSS                IONEX VERSION / TYPE
pyspatialgeodesy        IME             05-JAN-18 20:20     PGM / RUN BY / DATE 
Map Name                                                    COMMENT             
Predicted global ionosphere maps (GIM).                     DESCRIPTION         
  2015     8    11     0     0     0                        EPOCH OF FIRST MAP  
  2015     8    12     0     0     0                        EPOCH OF LAST MAP   
  7200                                                      INTERVAL            
    13                                                      # OF MAPS IN FILE   
  NONE                                                      MAPPING FUNCTION    
10.0                                                        ELEVATION CUTOFF    
One-way carrier phase leveled to code                       OBSERVABLES USED    
  6371.0                                                    BASE RADIUS         
 2                                                          MAP DIMENSION       
   450.0 450.0   0.0                                        HGT1 / HGT2 / DHGT  
    87.5 -87.5  -2.5                                        LAT1 / LAT2 / DLAT  
  -180.0 180.0   5.0                                        LON1 / LON2 / DLON  
    -1                                                      EXPONENT            
                                                            END OF HEADER       
[from data line 429]
     2                                                      START OF TEC MAP    
  2015     8    11     2     0     0                        EPOCH OF CURRENT MAP
    87.5-180.0 180.0   5.0 450.0                            LAT/LON1/LON2/DLON/H
  138  139  135  129  130  125  128  125  129  125  127  124  128  125  128  125
  129  126  128  124  127  123  125  120  123  118  121  116  119  114  117  112
  116  110  114  108  113  107  111  106  112  107  112  108  114  111  116  113
  119  116  120  118  123  122  125  123  127  126  128  127  130  128  130  129
  132  130  133  131  136  130  133  147  138                                   
    85.0-180.0 180.0   5.0 450.0                            LAT/LON1/LON2/DLON/H
  136  149  136  136  135  132  134  132  134  132  133  132  134  132  134  132
  134  132  133  131  131  128  127  125  125  121  120  118  117  115  113  112
  111  109  108  107  106  106  105  105  105  105  106  107  108  110  111  113
  115  116  117  120  122  123  124  126  128  129  130  130  132  132  133  133
  135  135  137  136  138  133  138  139  136                                   
    82.5-180.0 180.0   5.0 450.0                            LAT/LON1/LON2/DLON/H
  139  146  144  147  142  141  140  143  142  142  141  143  142  143  142  143
  142  141  139  137  135  131  129  125  124  120  118  114  114  110  109  106
  106  103  103  101  101  100   99   99  100  100  101  102  104  106  108  110
  113  115  118  121  124  126  128  130  132  133  134  136  137  138  138  139
  140  141  143  143  144  140  145  141  139                                   
    80.0-180.0 180.0   5.0 450.0                            LAT/LON1/LON2/DLON/H
  141  144  147  147  149  144  149  147  150  148  151  149  152  149  151  148
  151  146  146  141  141  135  133  128  126  119  117  113  112  107  107  104
  104  101  102  100  101   99  100   99  102  100  103  103  107  107  112  113
  118  119  124  125  131  131  135  135  139  138  142  141  144  143  145  144
  147  146  149  146  148  141  143  137  141                                   
    77.5-180.0 180.0   5.0 450.0                            LAT/LON1/LON2/DLON/H
  143  147  147  151  149  149  151  153  154  154  155  156  156  156  156  155
  153  151  148  146  142  139  133  130  124  120  115  113  109  108  105  105
  102  103  101  102  100  101  100  101  100  101  102  105  106  110  112  116
  119  123  126  130  133  136  138  141  142  144  145  146  147  147  148  148
  149  148  149  148  146  144  144  133  143                                   
    75.0-180.0 180.0   5.0 450.0                            LAT/LON1/LON2/DLON/H
  139  141  142  146  148  146  150  150  154  154  157  156  158  156  158  154
  154  149  149  143  142  135  132  125  122  115  114  108  107  104  105  102
  103  101  103  101  102  100  102  101  103  102  107  106  112  112  119  120
  126  127  133  134  139  139  143  142  145  143  146  144  147  144  146  144
  147  144  147  144  144  140  144  133  139                                   
    72.5-180.0 180.0   5.0 450.0                            LAT/LON1/LON2/DLON/H
  136  139  138  142  142  142  147  149  153  154  156  156  156  155  153  151
  148  145  142  139  133  129  123  119  112  108  104  102   98   99   98   99
   97   98   98   98   97   96   97   96   97   98  102  104  108  112  117  121
  125  128  131  134  136  138  140  140  141  141  141  140  141  140  140  140
  140  140  141  141  140  139  141  131  136                                   
    70.0-180.0 180.0   5.0 450.0                            LAT/LON1/LON2/DLON/H
  132  135  134  138  140  140  145  148  152  154  157  156  157  154  153  149
  147  142  140  134  130  124  119  113  108  103  100   97   96   95   96   96
   97   96   97   95   94   93   93   93   94   95  100  103  108  112  119  121
  127  128  132  132  136  135  138  137  139  136  138  136  137  135  137  136
  138  137  140  140  140  138  142  133  132                                   
    67.5-180.0 180.0   5.0 450.0                            LAT/LON1/LON2/DLON/H
  130  134  133  135  136  137  143  146  151  152  155  155  154  152  149  146
  140  137  131  128  121  117  109  105   97   95   90   89   86   89   88   91
   89   91   88   88   85   83   82   82   83   85   91   95  101  108  113  119
  122  124  126  128  129  130  131  132  132  131  131  130  130  129  130  130
  132  132  137  137  137  137  139  132  130                                   
    65.0-180.0 180.0   5.0 450.0                            LAT/LON1/LON2/DLON/H
  130  133  131  134  137  137  143  146  151  153  155  154  155  152  149  144
  140  134  130  124  119  113  106  100   93   88   85   83   83   83   85   86
   85   85   83   80   77   75   74   74   76   79   86   91  100  105  113  117
  121  122  125  124  127  125  128  126  129  127  129  126  129  126  128  127
  131  131  137  137  139  138  143  136  130                                   
    62.5-180.0 180.0   5.0 450.0                            LAT/LON1/LON2/DLON/H
  135  136  135  135  134  134  140  142  147  150  152  152  152  150  145  142
  135  131  125  121  113  109   99   94   85   82   76   76   74   77   76   78
   76   75   71   69   65   62   61   62   65   69   76   84   91   99  105  112
  115  117  118  118  120  119  121  121  123  122  123  122  124  123  124  124
  126  128  133  135  136  139  143  137  135                                   
    60.0-180.0 180.0   5.0 450.0                            LAT/LON1/LON2/DLON/H
  137  139  136  137  137  135  139  140  145  146  149  150  151  149  146  142
  138  132  127  121  115  108   99   92   85   79   75   73   74   74   75   74
   73   70   67   63   60   57   57   58   62   67   74   82   91   98  105  111
  114  116  116  116  118  119  121  122  125  125  127  126  129  127  129  129
  131  132  138  139  141  141  146  140  137                                   
    57.5-180.0 180.0   5.0 450.0                            LAT/LON1/LON2/DLON/H
  146  144  142  141  136  134  136  136  140  142  145  147  148  147  145  142
  137  133  127  122  114  108   98   92   83   79   73   72   71   72   70   70
   66   64   59   56   53   52   51   53   57   63   69   78   86   94  102  108
  112  114  116  116  120  120  125  126  130  130  133  131  134  132  133  133
  133  135  139  141  144  147  150  140  146                                   
    55.0-180.0 180.0   5.0 450.0                            LAT/LON1/LON2/DLON/H
  150  149  147  147  143  138  137  137  138  140  142  144  147  147  146  144
  141  137  132  127  120  113  103   96   88   83   79   77   77   76   75   72
   69   65   62   58   57   57   58   60   64   68   75   82   90   98  106  114
  119  122  123  124  127  129  132  136  139  140  142  142  143  142  142  141
  141  142  146  148  150  150  154  145  150                                   
    52.5-180.0 180.0   5.0 450.0                            LAT/LON1/LON2/DLON/H
  160  157  157  155  147  142  139  137  138  137  139  141  145  147  146  145
  143  140  136  131  125  118  109  101   93   90   85   84   83   83   79   77
   71   68   64   63   63   65   66   69   70   74   78   83   90   99  109  118
  126  131  133  135  139  142  146  148  152  152  153  151  152  148  148  146
  146  146  148  150  153  155  160  149  160                                   
    50.0-180.0 180.0   5.0 450.0                            LAT/LON1/LON2/DLON/H
  165  164  166  165  159  152  149  145  143  142  141  143  146  147  147  147
  146  144  141  138  132  125  116  108  102   98   95   94   93   91   88   83
   80   75   73   72   75   76   80   81   83   83   86   89   95  104  116  128
  138  144  148  151  154  156  160  162  165  164  165  161  161  157  157  154
  153  152  155  157  159  160  164  157  165                                   
    47.5-180.0 180.0   5.0 450.0                            LAT/LON1/LON2/DLON/H
  174  176  178  176  168  164  160  156  151  147  147  146  149  149  150  149
  149  148  147  143  139  132  125  117  112  107  106  104  103  101   97   93
   88   85   83   83   87   89   92   93   92   92   91   92   97  107  119  134
  144  154  159  164  167  170  173  175  177  175  173  168  166  161  161  158
  157  157  160  161  164  167  171  161  174                                   
    45.0-180.0 180.0   5.0 450.0                            LAT/LON1/LON2/DLON/H
  180  184  189  187  183  177  176  171  166  161  156  154  155  154  154  152
  153  152  152  149  145  139  132  125  121  117  116  114  114  111  108  104
  100   97   96   96   99  102  104  104  103  100   99   98  103  112  127  142
  156  165  174  178  183  185  189  189  191  187  185  177  176  169  170  166
  166  166  169  172  174  174  178  173  180                                   
    42.5-180.0 180.0   5.0 450.0                            LAT/LON1/LON2/DLON/H
  189  195  196  195  191  188  187  183  178  172  168  164  162  160  159  157
  158  158  159  156  153  146  141  133  130  127  126  124  124  121  118  115
  111  108  107  106  108  110  111  110  107  105  102  101  103  113  128  145
  159  173  180  186  191  194  198  198  200  195  192  186  183  177  176  172
  174  175  179  181  183  185  187  183  189                                   
    40.0-180.0 180.0   5.0 450.0                            LAT/LON1/LON2/DLON/H
  200  202  206  204  203  200  200  196  193  186  180  176  173  170  167  165
  166  166  167  164  160  153  146  139  137  134  135  133  134  131  130  127
  124  123  120  119  118  119  118  117  115  110  109  105  110  117  133  149
  166  178  189  195  201  205  209  210  213  209  207  200  199  191  191  187
  189  189  193  195  197  195  198  197  200                                   
    37.5-180.0 180.0   5.0 450.0                            LAT/LON1/LON2/DLON/H
  212  214  213  212  209  208  208  206  203  197  193  187  186  182  179  177
  178  177  178  174  169  160  154  147  147  144  145  143  144  142  142  139
  137  132  129  125  123  122  119  120  117  115  112  109  110  118  132  148
  165  178  189  196  204  209  216  218  223  220  219  213  212  206  205  202
  203  204  206  208  209  211  209  209  212                                   
    35.0-180.0 180.0   5.0 450.0                            LAT/LON1/LON2/DLON/H
  229  224  226  223  221  220  220  218  214  209  204  200  197  195  191  188
  188  186  186  180  174  164  160  152  154  151  154  151  153  151  152  150
  148  145  140  134  130  127  125  124  124  122  121  116  117  121  134  148
  164  177  187  196  203  212  219  225  232  232  233  230  230  225  225  222
  223  222  224  225  226  223  224  225  229                                   
    32.5-180.0 180.0   5.0 450.0                            LAT/LON1/LON2/DLON/H
  251  243  242  240  236  234  234  231  228  221  218  212  212  208  207  202
  201  198  195  186  179  170  165  161  163  162  165  161  162  159  162  159
  158  153  147  139  134  130  126  127  126  127  124  120  116  118  127  140
  155  169  181  191  202  211  222  229  240  241  246  245  247  244  243  241
  239  240  239  242  242  241  241  243  251                                   
    30.0-180.0 180.0   5.0 450.0                            LAT/LON1/LON2/DLON/H
  277  267  271  265  263  258  256  250  244  237  232  227  226  222  218  214
  210  205  198  189  181  172  170  167  172  171  173  168  168  164  165  161
  159  154  148  141  137  132  130  128  130  129  129  122  119  117  124  133
  147  160  174  187  200  214  225  236  246  250  256  259  264  264  265  262
  261  259  260  259  262  257  259  261  277                                   
    27.5-180.0 180.0   5.0 450.0                            LAT/LON1/LON2/DLON/H
  307  301  304  304  297  292  286  278  268  259  251  245  243  239  235  227
  221  211  202  191  182  175  177  179  184  185  186  179  177  169  169  162
  160  153  146  140  136  132  129  127  127  126  123  117  109  107  111  120
  133  146  164  179  197  212  226  239  252  258  264  270  277  280  285  281
  279  277  274  277  277  277  277  279  307                                   
    25.0-180.0 180.0   5.0 450.0                            LAT/LON1/LON2/DLON/H
  332  335  346  348  347  338  328  316  303  290  277  269  262  256  247  238
  228  216  203  193  186  181  187  189  195  194  192  184  179  169  166  158
  152  145  138  134  131  128  125  121  121  118  116  108  103   97  103  110
  124  139  158  177  198  217  230  244  255  261  267  274  282  290  297  297
  296  292  292  293  296  296  299  301  332                                   
    22.5-180.0 180.0   5.0 450.0                            LAT/LON1/LON2/DLON/H
  350  360  372  384  386  385  374  363  345  331  312  301  288  278  264  249
  237  221  207  195  189  190  199  205  208  206  200  190  181  168  161  149
  140  131  125  122  120  119  116  112  111  105  102   93   87   82   88   97
  113  130  154  176  201  220  236  250  264  267  274  277  287  294  306  306
  310  305  305  309  312  315  318  321  350                                   
    20.0-180.0 180.0   5.0 450.0                            LAT/LON1/LON2/DLON/H
  366  384  398  413  421  423  419  412  396  379  357  341  323  307  282  262
  243  227  211  202  200  202  212  216  217  211  202  188  176  161  154  141
  131  124  116  115  114  113  109  104   99   94   89   81   76   72   81   89
  109  127  155  182  207  230  245  259  272  276  281  285  292  301  311  315
  317  316  316  320  326  334  338  341  366                                   
    17.5-180.0 180.0   5.0 450.0                            LAT/LON1/LON2/DLON/H
  372  392  408  426  437  443  446  445  436  422  401  383  360  338  306  279
  255  234  219  210  211  216  225  228  223  215  202  186  171  158  145  132
  123  115  110  108  108  105  101   91   86   77   72   64   59   59   67   80
  101  124  157  185  215  238  255  271  284  290  294  296  304  310  324  324
  331  327  332  334  340  348  355  359  372                                   
    15.0-180.0 180.0   5.0 450.0                            LAT/LON1/LON2/DLON/H
  383  403  416  436  448  458  465  471  466  456  437  418  394  368  333  299
  268  245  229  223  223  227  232  230  221  209  194  177  163  148  136  126
  117  111  105  105  103  101   94   85   76   70   67   59   59   55   67   77
  102  127  161  192  222  246  263  280  295  302  308  311  317  325  333  339
  343  345  348  350  358  366  374  379  383                                   
    12.5-180.0 180.0   5.0 450.0                            LAT/LON1/LON2/DLON/H
  389  405  418  433  448  458  468  475  477  471  456  439  415  389  352  320
  284  261  244  237  237  239  237  231  216  202  184  169  155  141  132  123
  116  109  106  102  101   95   89   77   68   61   59   53   49   50   58   73
   98  125  161  192  225  247  268  290  307  317  325  328  336  341  351  350
  360  357  365  364  372  382  393  398  389                                   
    10.0-180.0 180.0   5.0 450.0                            LAT/LON1/LON2/DLON/H
  406  418  427  436  448  457  466  475  477  476  463  448  427  400  365  332
  300  276  257  248  243  240  233  222  205  188  172  157  146  138  131  125
  121  113  108  106  101   97   86   76   69   64   67   59   60   55   66   75
  100  125  161  192  224  245  269  291  314  327  339  345  352  358  363  367
  372  377  382  384  391  400  414  418  406                                   
     7.5-180.0 180.0   5.0 450.0                            LAT/LON1/LON2/DLON/H
  419  428  435  435  444  446  454  459  465  463  454  441  422  398  364  337
  308  289  269  259  249  243  229  215  191  175  158  147  140  135  131  126
