data/unet/pred0780.15i
     1.0            IONOSPHERE MAPS     GNSS                IONEX VERSION / TYPE
pyspatialgeodesy        IME             05-JAN-18 20:20     PGM / RUN BY / DATE 
Map Name                                                    COMMENT             
Predicted global ionosphere maps (GIM).                     DESCRIPTION         
  2015     3    19     0     0     0                        EPOCH OF FIRST MAP  
  2015     3    20     0     0     0                        EPOCH OF LAST MAP   
  7200                                                      INTERVAL            
    13                                                      # OF MAPS IN FILE   
  NONE                                                      MAPPING FUNCTION    
10.0                                                        ELEVATION CUTOFF    
One-way carrier phase leveled to code                       OBSERVABLES USED    
  6371.0                                                    BASE RADIUS         
 2                                                          MAP DIMENSION       
   450.0 450.0   0.0                                        HGT1 / HGT2 / DHGT  
    87.5 -87.5  -2.5                                        LAT1 / LAT2 / DLAT  
  -180.0 180.0   5.0                                        LON1 / LON2 / DLON  
    -1                                                      EXPONENT            
                                                            END OF HEADER       
     1                                                      START OF TEC MAP    
  2015     3    19     0     0     0                        EPOCH OF CURRENT MAP
    87.5-180.0 180.0   5.0 450.0                            LAT/LON1/LON2/DLON/H
  130   89   83   76   79   74   79   74   80   76   81   77   81   77   82   78
   82   78   83   79   82   78   82   78   81   77   81   77   80   76   80   76
   79   75   79   76   80   76   81   78   82   80   84   82   86   83   87   85
   88   86   89   87   90   87   90   87   91   88   90   87   90   86   89   85
   87   84   87   86   94   91   96  116  130                                   
    85.0-180.0 180.0   5.0 450.0                            LAT/LON1/LON2/DLON/H
  101   70   68   64   62   58   61   61   64   63   67   67   69   68   72   71
   73   72   74   73   74   72   73   70   69   66   66   64   63   60   62   59
   59   57   61   60   62   61   66   65   69   68   74   73   78   76   82   80
   85   83   88   85   90   86   90   86   91   86   90   85   88   84   85   81
   82   79   81   81   89   82   74   88  101                                   
    82.5-180.0 180.0   5.0 450.0                            LAT/LON1/LON2/DLON/H
   92   68   67   68   65   64   66   71   73   77   79   84   84   88   90   92
   92   92   93   93   90   89   86   84   79   76   72   71   66   65   62   62
   59   60   59   62   61   64   65   69   69   72   74   78   79   81   82   84
   85   86   87   89   89   90   90   90   90   90   89   88   88   86   86   83
   83   81   83   84   90   84   76   87   92                                   
    80.0-180.0 180.0   5.0 450.0                            LAT/LON1/LON2/DLON/H
   94   77   77   78   75   76   80   86   89   94   98  105  106  111  113  116
  115  117  114  116  111  110  104  102   94   91   84   82   74   73   67   67
   63   64   63   66   65   70   71   76   76   81   82   87   88   91   91   93
   92   94   93   95   94   96   95   96   95   95   94   95   93   93   92   92
   90   90   91   92   96   92   84   90   94                                   
    77.5-180.0 180.0   5.0 450.0                            LAT/LON1/LON2/DLON/H
  101   83   85   86   82   83   88   94   99  105  112  118  123  127  130  132
  131  131  131  129  126  122  118  113  107  101   95   90   83   78   74   71
   67   67   66   68   69   73   75   79   81   85   87   90   91   92   92   91
   91   89   89   88   89   88   89   88   89   88   89   89   90   90   91   91
   92   92   94   95  101   99   94   98  101                                   
    75.0-180.0 180.0   5.0 450.0                            LAT/LON1/LON2/DLON/H
  111  100   99   99   93   94   98  105  110  118  123  131  133  138  140  142
  138  139  136  135  130  128  122  118  112  107  101   96   88   83   78   75
   71   70   70   72   73   76   79   83   85   87   89   90   89   88   87   85
   83   82   80   79   78   78   78   78   79   80   82   83   85   87   90   92
   94   96  100  104  111  114  107  112  111                                   
    72.5-180.0 180.0   5.0 450.0                            LAT/LON1/LON2/DLON/H
  128  119  121  123  113  115  116  123  127  133  137  142  144  145  144  143
  138  136  133  132  127  124  120  118  112  108  103   99   92   87   82   79
   74   73   73   75   75   78   81   84   85   87   86   87   83   81   77   76
   71   70   68   68   67   67   69   69   71   72   76   79   81   86   90   96
   99  104  110  117  126  132  128  130  128                                   
    70.0-180.0 180.0   5.0 450.0                            LAT/LON1/LON2/DLON/H
  146  148  150  147  138  134  134  136  140  143  146  149  148  147  142  138
  131  127  123  121  117  116  113  112  108  106  102   99   92   87   82   79
   74   73   72   74   74   77   79   82   82   82   80   79   73   70   65   62
   57   57   56   57   55   57   58   60   62   66   70   75   79   84   90   97
  102  109  118  126  137  146  144  147  146                                   
    67.5-180.0 180.0   5.0 450.0                            LAT/LON1/LON2/DLON/H
  170  173  178  176  162  158  153  154  153  156  155  157  152  148  140  134
  125  119  114  113  109  109  108  108  105  103   99   96   89   85   79   76
   71   70   69   71   70   74   76   79   77   77   74   72   64   61   55   53
   50   51   52   54   53   56   58   61   64   69   74   80   84   90   97  104
  110  117  126  135  148  158  160  159  170                                   
    65.0-180.0 180.0   5.0 450.0                            LAT/LON1/LON2/DLON/H
  188  198  204  197  184  175  169  165  163  163  162  160  155  148  139  130
  120  113  108  106  104  104  103  103  100   98   93   90   83   78   73   68
   62   59   59   60   61   64   66   70   69   70   66   63   55   52   46   45
   44   47   48   51   52   54   57   61   65   71   76   83   89   95  102  107
  113  120  128  137  148  162  163  167  188                                   
    62.5-180.0 180.0   5.0 450.0                            LAT/LON1/LON2/DLON/H
  210  212  217  211  200  192  183  178  172  172  168  168  159  153  141  132
  122  116  110  108  105  105  102  101   96   92   86   82   74   69   63   58
   52   47   46   47   47   50   53   58   58   59   56   54   47   45   41   42
   43   49   51   56   56   60   61   67   69   77   82   90   96  102  108  112
  117  122  130  137  148  160  164  166  210                                   
    60.0-180.0 180.0   5.0 450.0                            LAT/LON1/LON2/DLON/H
  220  225  232  224  215  205  196  187  182  178  175  171  164  156  145  136
  127  121  116  113  111  108  103   98   90   84   76   71   64   57   53   46
   41   35   36   34   34   36   41   46   48   50   49   47   41   39   38   40
   44   49   54   57   58   60   61   66   70   77   85   91   99  103  109  113
  117  122  129  135  143  156  158  164  220                                   
    57.5-180.0 180.0   5.0 450.0                            LAT/LON1/LON2/DLON/H
  235  236  241  240  231  221  209  202  193  189  182  179  171  165  154  147
  139  135  129  127  121  117  108  100   89   79   70   64   56   51   46   41
   34   30   26   26   22   27   29   38   40   46   44   45   38   39   39   44
   49   56   59   63   62   65   65   68   73   80   86   94  101  107  112  118
  122  128  135  140  146  156  158  160  235                                   
    55.0-180.0 180.0   5.0 450.0                            LAT/LON1/LON2/DLON/H
  251  252  261  258  254  242  230  217  207  198  191  184  178  172  165  158
  154  148  144  138  131  123  113  101   88   77   68   61   56   51   47   41
   35   28   26   22   21   24   30   36   42   47   47   47   43   43   44   47
   53   57   61   61   61   61   62   65   70   77   85   92  101  108  116  121
  129  135  146  150  154  162  161  162  251                                   
    52.5-180.0 180.0   5.0 450.0                            LAT/LON1/LON2/DLON/H
  275  272  280  284  278  269  253  240  224  213  202  196  188  184  176  174
  169  166  158  151  141  131  117  106   93   84   74   69   63   61   55   52
   44   41   33   33   26   33   34   44   47   54   53   55   50   50   51   53
   57   61   62   61   59   59   60   63   70   77   85   96  104  114  122  132
  141  153  165  170  173  179  176  172  275                                   
    50.0-180.0 180.0   5.0 450.0                            LAT/LON1/LON2/DLON/H
  300  296  307  308  307  297  284  266  249  230  216  204  197  192  187  184
  182  176  168  157  146  133  120  108   98   90   83   78   75   72   67   62
   55   49   43   39   36   38   42   50   55   60   61   61   57   54   54   53
   57   57   58   55   54   51   55   58   67   75   85   95  106  116  129  140
  155  168  187  193  198  201  194  188  300                                   
    47.5-180.0 180.0   5.0 450.0                            LAT/LON1/LON2/DLON/H
  320  316  330  337  335  330  313  296  274  254  232  220  209  206  199  199
  193  188  174  163  150  138  125  118  109  104   97   96   91   88   81   78
   70   66   55   55   48   53   52   61   62   68   67   68   63   61   59   59
   59   59   57   53   51   50   54   62   71   82   90  103  113  127  139  156
  173  191  212  222  228  229  220  211  320                                   
    45.0-180.0 180.0   5.0 450.0                            LAT/LON1/LON2/DLON/H
  340  339  355  359  361  351  338  320  300  276  253  234  223  217  212  210
  204  195  181  167  154  144  135  128  123  118  115  111  106  102   96   90
   84   79   72   69   64   65   65   69   70   74   74   75   71   68   66   65
   64   61   58   52   51   51   60   66   79   88   98  108  120  132  148  164
  184  205  229  242  251  254  244  240  340                                   
    42.5-180.0 180.0   5.0 450.0                            LAT/LON1/LON2/DLON/H
  351  354  369  379  379  370  354  340  317  295  271  255  241  235  229  226
  218  209  192  178  166  159  151  147  141  139  132  129  120  116  105  101
   94   92   85   85   77   79   73   78   76   81   79   81   78   78   75   74
   72   68   62   57   56   59   67   78   90  101  109  119  130  141  156  172
  191  212  236  252  265  271  268  264  351                                   
    40.0-180.0 180.0   5.0 450.0                            LAT/LON1/LON2/DLON/H
  357  360  377  385  386  375  361  347  329  309  287  272  262  255  248  244
  236  225  210  198  188  181  175  170  164  158  148  142  132  125  114  108
  102  100   95   95   91   90   87   89   88   91   89   89   87   89   85   85
   81   76   69   64   64   67   79   88  103  111  119  125  137  146  162  174
  193  211  235  252  266  278  283  282  357                                   
    37.5-180.0 180.0   5.0 450.0                            LAT/LON1/LON2/DLON/H
  351  359  375  384  384  374  359  348  329  314  293  285  279  277  272  268
  259  250  237  229  220  216  205  199  185  177  160  154  139  134  121  118
  110  110  103  106  102  104   98  101   98  100   96   96   92   94   90   90
   86   81   76   72   74   77   90   99  113  120  128  136  148  157  170  180
  196  211  232  250  266  280  292  294  351                                   
    35.0-180.0 180.0   5.0 450.0                            LAT/LON1/LON2/DLON/H
  344  357  374  381  381  370  357  345  330  316  301  295  294  295  293  291
  285  280  273  268  262  254  241  226  208  193  175  163  152  145  137  133
  126  125  120  119  117  118  114  117  114  115  109  105  101   99   94   92
   87   83   78   74   76   79   91   99  117  124  135  145  160  171  185  194
  207  218  237  253  268  288  305  311  344                                   
    32.5-180.0 180.0   5.0 450.0                            LAT/LON1/LON2/DLON/H
  344  359  380  387  385  376  362  349  332  322  305  304  305  310  310  311
  308  307  303  303  294  286  265  247  223  207  187  180  168  167  160  162
  152  151  142  140  134  135  130  134  131  129  119  112  105  101   94   91
   85   80   76   70   70   73   84   94  113  125  138  153  169  184  199  212
  223  234  249  265  281  301  318  329  344                                   
    30.0-180.0 180.0   5.0 450.0                            LAT/LON1/LON2/DLON/H
  362  380  404  409  412  403  391  372  353  335  320  316  319  324  326  327
  327  328  329  327  320  306  285  262  243  224  210  203  200  201  201  202
  196  188  175  165  158  156  152  154  152  147  136  125  118  108  100   93
   88   81   72   63   61   63   75   82  103  113  137  152  179  192  216  231
  246  258  274  292  306  330  349  363  362                                   
    27.5-180.0 180.0   5.0 450.0                            LAT/LON1/LON2/DLON/H
  408  423  447  453  457  452  441  420  392  368  345  339  336  339  339  339
  336  339  337  336  325  309  287  271  258  250  242  243  247  254  255  256
  247  233  211  195  179  179  171  175  169  166  149  138  125  114  104   97
   88   82   72   65   62   69   76   87  103  119  140  164  191  212  236  259
  277  299  316  331  348  370  389  406  408                                   
    25.0-180.0 180.0   5.0 450.0                            LAT/LON1/LON2/DLON/H
  478  497  513  523  532  532  522  496  462  423  390  372  365  359  355  348
  346  343  342  335  324  307  291  281  284  290  296  305  319  326  328  321
  307  283  250  225  207  200  188  188  183  177  162  146  135  117  107   96
   87   80   69   65   63   68   76   90  110  127  155  174  210  232  269  292
  323  345  368  385  400  426  446  469  478                                   
    22.5-180.0 180.0   5.0 450.0                            LAT/LON1/LON2/DLON/H
  553  576  593  610  621  626  614  588  544  499  453  427  405  393  377  367
  355  349  340  331  315  302  292  299  317  347  368  391  403  412  401  387
  358  332  291  257  227  217  196  197  187  184  166  153  138  122  106   95
   84   84   77   80   79   91   98  119  137  163  187  215  240  268  300  329
  364  397  422  439  452  476  499  527  553                                   
    20.0-180.0 180.0   5.0 450.0                            LAT/LON1/LON2/DLON/H
  617  652  671  698  718  728  721  689  645  589  533  495  467  443  418  399
  381  366  350  335  318  310  312  339  379  424  458  479  489  482  464  433
  395  355  309  271  239  228  208  206  193  186  171  157  147  125  111   95
   86   82   78   78   79   91  102  127  155  187  221  247  280  303  340  370
  416  451  484  494  509  525  558  582  617                                   
    17.5-180.0 180.0   5.0 450.0                            LAT/LON1/LON2/DLON/H
  669  709  734  768  791  806  802  776  727  669  610  567  535  509  479  454
  426  406  377  359  338  340  353  401  451  501  528  541  535  523  488  453
  396  359  307  273  238  233  208  207  190  184  170  160  148  133  114  101
   88   83   76   78   78   96  114  148  178  223  248  280  308  342  375  413
  448  491  525  545  557  572  601  626  669                                   
    15.0-180.0 180.0   5.0 450.0                            LAT/LON1/LON2/DLON/H
  718  765  790  823  848  864  866  846  802  737  677  632  602  579  550  523
  488  463  429  404  386  394  416  473  526  563  571  564  543  511  463  414
  365  326  278  253  233  228  214  208  195  185  176  163  158  136  120   99
   85   76   69   68   73   90  116  152  193  233  266  298  340  373  413  442
  477  517  558  577  597  599  636  648  718                                   
    12.5-180.0 180.0   5.0 450.0                            LAT/LON1/LON2/DLON/H
  740  794  817  847  865  886  890  879  845  787  726  682  653  634  616  594
  564  535  501  472  453  462  490  540  579  589  570  540  499  456  396  355
  310  281  247  240  226  234  217  215  203  194  185  173  163  148  125  106
   86   76   64   65   69   91  113  152  192  235  269  311  356  399  433  460
  488  527  563  590  610  615  643  656  740                                   
    10.0-180.0 180.0   5.0 450.0                            LAT/LON1/LON2/DLON/H
  771  819  837  853  871  879  897  895  873  825  770  728  700  678  668  648
  631  603  577  547  531  537  564  595  609  585  533  475  419  370  322  290
  263  248  233  237  238  239  233  221  212  198  188  174  164  144  125  101
   84   74   64   65   72   89  112  144  182  220  260  298  351  396  436  460
  490  525  562  588  613  618  647  650  771                                   
     7.5-180.0 180.0   5.0 450.0                            LAT/LON1/LON2/DLON/H
  771  823  834  851  857  875  890  902  885  851  808  772  744  727  714  696
  682  659  639  614  602  603  622  630  613  556  470  400  342  307  273  260
