data/unet/pred2700.15i
     1.0            IONOSPHERE MAPS     GNSS                IONEX VERSION / TYPE
pyspatialgeodesy        IME             05-JAN-18 20:20     PGM / RUN BY / DATE 
Map Name                                                    COMMENT             
Predicted global ionosphere maps (GIM).                     DESCRIPTION         
  2015     9    27     0     0     0                        EPOCH OF FIRST MAP  
  2015     9    28     0     0     0                        EPOCH OF LAST MAP   
  7200                                                      INTERVAL            
    13                                                      # OF MAPS IN FILE   
  NONE                                                      MAPPING FUNCTION    
10.0                                                        ELEVATION CUTOFF    
One-way carrier phase leveled to code                       OBSERVABLES USED    
  6371.0                                                    BASE RADIUS         
 2                                                          MAP DIMENSION       
   450.0 450.0   0.0                                        HGT1 / HGT2 / DHGT  
    87.5 -87.5  -2.5                                        LAT1 / LAT2 / DLAT  
  -180.0 180.0   5.0                                        LON1 / LON2 / DLON  
    -1                                                      EXPONENT            
                                                            END OF HEADER       
[from data line 4290]
    11                                                      START OF TEC MAP    
  2015     9    27    20     0     0                        EPOCH OF CURRENT MAP
    87.5-180.0 180.0   5.0 450.0                            LAT/LON1/LON2/DLON/H
  160  129  115  119  119  119  121  123  124  126  128  130  131  133  133  135
  135  137  137  138  137  138  137  137  136  136  134  134  132  132  129  129
  126  126  123  122  120  120  118  117  116  115  115  114  113  113  113  113
  113  113  113  113  113  112  113  112  112  112  111  111  111  111  111  111
  110  111  112  112  115  113  111  143  160                                   
    85.0-180.0 180.0   5.0 450.0                            LAT/LON1/LON2/DLON/H
  112  104  105  108  111  111  113  114  117  119  122  124  127  129  131  133
  134  135  137  137  137  137  137  136  135  133  133  131  129  127  126  124
  122  120  118  116  115  113  112  110  110  108  109  106  108  105  107  105
  107  105  107  105  106  104  106  104  105  103  104  101  103  100  102   99
  101   99  103  100  104  100  101  122  112                                   
    82.5-180.0 180.0   5.0 450.0                            LAT/LON1/LON2/DLON/H
  105  101   99  105  105  109  110  116  118  124  126  132  134  139  140  145
  145  149  148  150  148  150  147  147  143  143  139  137  132  131  126  125
  120  120  115  115  110  110  106  106  103  104  101  101  100  101  100  100
  100  101  101  101  101  101  100  100   99   99   96   96   94   94   91   92
   90   91   90   92   91   91   89  105  105                                   
    80.0-180.0 180.0   5.0 450.0                            LAT/LON1/LON2/DLON/H
  101   89   91   93   98   99  106  108  116  119  128  130  138  140  147  148
  153  153  157  155  158  155  156  151  151  145  144  137  136  129  128  122
  120  116  114  110  108  105  103  100   98   95   94   92   92   90   91   90
   92   91   93   92   94   93   93   91   92   89   88   84   85   82   82   78
   80   78   81   78   81   78   80   93  101                                   
    77.5-180.0 180.0   5.0 450.0                            LAT/LON1/LON2/DLON/H
   92   86   85   88   91   93  100  104  111  115  125  129  137  141  148  150
  155  155  160  158  160  157  157  152  150  144  141  133  130  122  121  114
  114  108  109  103  103   99   98   93   91   87   85   82   82   80   82   81
   83   83   85   85   86   85   85   83   82   80   77   75   73   70   70   68
   68   67   69   69   69   70   71   80   92                                   
    75.0-180.0 180.0   5.0 450.0                            LAT/LON1/LON2/DLON/H
   93   84   86   87   91   93  100  103  111  116  125  130  139  144  152  154
  159  160  164  163  164  161  161  156  152  146  141  133  128  121  118  113
  111  109  108  105  104  101   98   93   90   85   83   79   78   76   77   78
   79   81   83   83   83   83   82   80   77   75   71   69   67   65   64   63
   64   64   67   67   70   70   76   83   93                                   
    72.5-180.0 180.0   5.0 450.0                            LAT/LON1/LON2/DLON/H
   95   94   93   95   97   98  104  106  114  119  129  134  143  147  154  156
  161  161  165  163  164  162  161  156  152  145  138  130  123  117  112  109
  106  106  105  104  103  100   96   92   86   81   76   72   69   69   69   71
   72   74   76   77   77   76   74   72   69   67   63   60   57   56   55   55
   57   58   62   65   68   71   78   83   95                                   
    70.0-180.0 180.0   5.0 450.0                            LAT/LON1/LON2/DLON/H
  104   97  101  100  103  102  109  110  119  123  133  138  147  150  157  158
  163  163  166  165  167  166  165  160  156  146  138  128  120  112  107  103
  102  102  103  102  102   98   96   89   84   77   72   67   66   64   66   66
   69   69   72   71   71   69   67   64   62   58   56   52   53   49   52   50
   55   56   63   65   73   75   85   90  104                                   
    67.5-180.0 180.0   5.0 450.0                            LAT/LON1/LON2/DLON/H
  108  108  107  110  111  111  116  117  125  129  139  143  152  154  159  159
  163  162  165  166  169  169  169  164  158  148  138  127  117  108  102   98
   96   97   97   98   97   94   90   84   77   70   64   59   57   56   57   58
   60   62   62   62   60   58   55   53   51   47   45   44   43   43   44   45
   48   52   58   64   72   78   87   92  108                                   
    65.0-180.0 180.0   5.0 450.0                            LAT/LON1/LON2/DLON/H
  115  110  114  115  117  116  123  122  130  134  143  147  156  156  161  160
  164  163  167  168  174  174  176  170  166  154  145  130  122  109  103   97
   96   95   96   95   95   91   88   80   75   67   62   56   55   53   55   55
   58   57   58   55   53   49   47   44   43   40   40   38   40   39   42   42
   48   50   59   63   73   79   91   98  115                                   
    62.5-180.0 180.0   5.0 450.0                            LAT/LON1/LON2/DLON/H
  114  114  115  123  123  124  128  130  137  140  149  152  160  159  163  160
  164  162  168  169  177  178  181  176  172  161  151  139  128  119  110  104
  100   98   96   94   92   88   83   76   70   63   58   53   51   50   51   51
   52   51   49   46   43   39   37   35   35   34   34   34   34   35   36   39
   42   47   54   61   70   78   89   98  114                                   
    60.0-180.0 180.0   5.0 450.0                            LAT/LON1/LON2/DLON/H
  116  112  117  123  127  129  134  134  141  142  151  153  161  159  163  159
  164  163  170  172  181  183  187  182  180  169  162  149  143  132  126  118
  112  107  103   99   95   89   84   77   72   65   61   56   56   53   54   53
   53   49   47   41   39   34   34   33   35   34   37   35   38   37   39   38
   43   47   55   60   70   75   89  100  116                                   
    57.5-180.0 180.0   5.0 450.0                            LAT/LON1/LON2/DLON/H
  114  115  118  129  132  136  139  142  146  149  155  157  163  161  164  161
  164  165  171  175  183  186  189  186  182  175  168  162  157  153  146  140
  130  123  113  107  100   92   86   79   73   67   64   60   59   57   57   54
   52   47   44   38   35   31   32   33   36   37   39   39   38   38   37   38
   41   46   52   60   68   75   88   97  114                                   
    55.0-180.0 180.0   5.0 450.0                            LAT/LON1/LON2/DLON/H
  117  116  124  134  139  144  149  150  154  154  159  159  164  162  165  163
  168  168  177  179  189  189  192  187  186  179  178  175  177  173  172  163
  154  142  130  119  110  101   94   87   83   78   76   72   71   67   66   60
   58   51   48   41   39   37   39   40   46   47   51   48   49   45   45   42
   46   49   57   62   72   77   91  101  117                                   
    52.5-180.0 180.0   5.0 450.0                            LAT/LON1/LON2/DLON/H
  119  124  129  142  148  154  157  161  162  164  164  166  167  167  168  168
  172  175  180  184  189  191  190  187  184  184  183  188  191  193  191  185
  173  160  145  132  121  111  104   97   93   88   87   83   82   77   74   67
   63   56   52   48   46   45   47   50   55   58   59   57   54   51   48   47
   49   54   61   70   77   87   97  107  119                                   
    50.0-180.0 180.0   5.0 450.0                            LAT/LON1/LON2/DLON/H
  128  132  142  153  160  168  172  174  176  175  175  174  175  173  175  176
  180  182  188  190  195  193  192  186  187  185  192  197  206  208  209  200
  189  172  157  144  132  123  116  110  106  103  102   99   97   91   86   78
   73   66   63   59   59   58   62   65   71   72   73   70   68   62   60   57
   60   64   74   82   92   99  109  120  128                                   
    47.5-180.0 180.0   5.0 450.0                            LAT/LON1/LON2/DLON/H
  135  144  151  164  171  179  182  186  187  188  186  185  183  183  181  184
  185  190  192  195  196  193  190  186  186  188  193  204  211  216  212  205
  191  176  161  150  139  132  125  121  117  115  113  111  108  102   95   86
   81   76   73   71   71   71   74   78   82   84   82   80   74   71   66   65
   66   73   82   93  103  114  121  133  135                                   
    45.0-180.0 180.0   5.0 450.0                            LAT/LON1/LON2/DLON/H
  146  155  166  177  183  192  196  200  203  203  203  199  197  193  193  193
  196  196  200  199  202  196  195  189  192  191  200  206  214  214  210  200
  187  172  161  151  145  141  136  132  128  125  124  122  120  112  106   97
   92   88   87   85   86   85   87   89   93   93   93   90   88   83   81   78
   81   87   97  108  119  127  137  149  146                                   
    42.5-180.0 180.0   5.0 450.0                            LAT/LON1/LON2/DLON/H
  153  163  172  185  191  200  205  211  215  219  217  216  211  209  205  206
  205  208  208  210  209  205  202  198  198  200  203  209  210  208  199  188
  175  164  156  152  149  148  144  140  135  132  129  128  125  120  113  106
  101   98   97   96   96   94   95   96   98  100   97   96   93   93   89   89
   90   96  105  117  128  138  147  161  153                                   
    40.0-180.0 180.0   5.0 450.0                            LAT/LON1/LON2/DLON/H
  162  171  183  194  199  208  215  222  230  235  237  234  232  226  224  221
  222  221  224  224  226  220  219  213  215  212  215  213  210  202  190  179
  169  161  157  157  158  159  155  150  143  138  135  133  131  126  121  114
  111  106  106  104  103  100  100  100  102  102  103  103  104  104  104  103
  104  109  117  128  140  147  157  172  162                                   
    37.5-180.0 180.0   5.0 450.0                            LAT/LON1/LON2/DLON/H
  164  177  186  197  204  213  220  229  240  248  252  253  250  247  243  240
  238  238  239  241  243  240  237  233  232  230  227  222  212  201  187  178
  169  166  166  170  171  173  167  160  150  143  137  136  132  130  123  119
  114  112  109  107  103  101   98   99   99  101  102  105  106  111  109  111
  110  115  121  132  141  151  160  178  164                                   
    35.0-180.0 180.0   5.0 450.0                            LAT/LON1/LON2/DLON/H
  173  184  194  206  211  222  228  239  251  261  268  270  270  265  263  257
  256  253  257  258  262  258  258  252  254  250  246  236  225  212  201  194
  190  190  193  195  196  193  184  174  161  151  144  140  137  133  129  123
  120  115  112  107  103   99   97   97   98  100  101  106  110  116  117  119
  118  121  127  136  145  152  162  180  173                                   
    32.5-180.0 180.0   5.0 450.0                            LAT/LON1/LON2/DLON/H
  180  192  200  213  222  230  237  247  261  273  282  285  287  284  281  276
  274  272  276  278  282  279  277  273  273  273  268  261  248  237  226  224
  223  228  228  230  222  215  201  189  172  161  150  147  141  138  131  127
  121  117  109  104   98   97   94   97   96   99   99  105  107  116  117  120
  118  123  127  138  146  156  164  185  180                                   
    30.0-180.0 180.0   5.0 450.0                            LAT/LON1/LON2/DLON/H
  196  203  216  230  237  247  251  262  274  286  295  300  302  300  298  293
  292  289  294  297  300  298  295  292  293  295  295  291  285  277  271  272
  273  280  275  268  254  238  220  204  186  173  163  155  148  141  135  129
  124  115  111  103   99   97   97   99  100  100  101  104  106  113  115  120
  119  127  134  146  155  165  173  194  196                                   
    27.5-180.0 180.0   5.0 450.0                            LAT/LON1/LON2/DLON/H
  208  214  232  249  258  264  268  275  286  298  306  312  315  314  314  309
  308  306  311  312  316  311  309  306  311  318  324  327  326  324  322  326
  331  332  324  305  280  253  232  215  196  183  171  164  154  146  137  130
  123  116  109  105   99   98   96  100   99  101   97  100   98  106  106  113
  114  125  135  152  163  178  189  208  208                                   
    25.0-180.0 180.0   5.0 450.0                            LAT/LON1/LON2/DLON/H
  228  234  257  274  280  292  294  301  306  316  322  328  330  332  330  328
  325  325  328  332  332  329  324  322  328  340  353  363  369  372  382  389
  395  387  366  336  299  266  237  221  204  193  182  174  164  154  145  135
  128  120  115  107  104  101  102  104  104  103   98   97   95   99  103  109
  114  129  145  165  178  192  205  225  228                                   
    22.5-180.0 180.0   5.0 450.0                            LAT/LON1/LON2/DLON/H
  243  250  276  294  305  314  318  325  330  337  340  344  349  351  352  350
  348  346  349  350  352  346  341  340  349  365  383  397  406  419  438  446
  445  427  393  349  305  262  233  216  204  196  189  182  173  164  153  143
  133  126  120  114  109  108  106  107  104  103   94   92   86   92   94  105
  111  128  147  172  189  209  224  244  243                                   
    20.0-180.0 180.0   5.0 450.0                            LAT/LON1/LON2/DLON/H
  260  267  296  314  325  338  342  351  354  363  363  371  372  378  377  382
  378  382  380  385  381  375  367  366  375  392  410  427  444  459  480  484
  480  447  403  345  292  250  218  207  199  198  194  192  185  177  167  156
  146  137  132  125  122  118  116  115  110  106   96   90   85   87   92  102
  114  134  157  184  204  221  236  255  260                                   
    17.5-180.0 180.0   5.0 450.0                            LAT/LON1/LON2/DLON/H
  265  279  308  328  345  359  368  374  379  388  391  400  404  414  415  421
  418  423  420  425  417  410  400  400  408  422  436  451  466  480  499  498
  483  445  391  326  272  228  202  189  188  190  193  193  191  185  177  168
  158  149  143  137  133  127  124  120  114  108   97   90   82   85   87   98
  109  129  152  181  201  226  243  264  265                                   
    15.0-180.0 180.0   5.0 450.0                            LAT/LON1/LON2/DLON/H
  276  289  322  345  362  382  390  400  402  416  418  433  438  452  454  464
  463  469  466  471  461  454  443  443  446  453  463  474  487  494  504  490
  468  421  363  299  247  211  184  178  181  189  195  199  199  195  190  180
  171  160  155  148  143  136  131  126  117  109   97   90   83   85   88   97
  108  128  152  178  202  220  242  263  276                                   
    12.5-180.0 180.0   5.0 450.0                            LAT/LON1/LON2/DLON/H
  274  295  327  354  379  400  411  420  426  439  449  463  473  486  494  505
  510  515  512  515  507  504  491  487  483  485  486  490  496  496  491  467
  437  387  330  272  231  196  178  171  176  185  194  198  202  199  196  187
  178  168  160  154  148  142  134  126  116  107   99   90   86   86   89   95
  105  121  142  168  189  215  236  264  274                                   
    10.0-180.0 180.0   5.0 450.0                            LAT/LON1/LON2/DLON/H
  281  302  339  368  397  421  433  445  450  470  480  501  507  526  528  548
  548  560  551  558  555  551  539  531  526  517  513  509  508  494  479  447
  411  359  306  261  227  206  189  185  187  196  205  209  212  210  206  196
  185  173  166  157  152  144  134  125  112  106   95   91   85   89   90   96
  103  118  138  159  181  202  228  260  281                                   
     7.5-180.0 180.0   5.0 450.0                            LAT/LON1/LON2/DLON/H
  282  313  349  382  413  438  454  463  472  492  507  524  534  546  550  568
  577  587  589  595  595  596  579  571  559  545  533  523  511  490  468  435
