data/unet/pred1160.15i
     1.0            IONOSPHERE MAPS     GNSS                IONEX VERSION / TYPE
pyspatialgeodesy        IME             05-JAN-18 20:20     PGM / RUN BY / DATE 
Map Name                                                    COMMENT             
Predicted global ionosphere maps (GIM).                     DESCRIPTION         
  2015     4    26     0     0     0                        EPOCH OF FIRST MAP  
  2015     4    27     0     0     0                        EPOCH OF LAST MAP   
  7200                                                      INTERVAL            
    13                                                      # OF MAPS IN FILE   
  NONE                                                      MAPPING FUNCTION    
10.0                                                        ELEVATION CUTOFF    
One-way carrier phase leveled to code                       OBSERVABLES USED    
  6371.0                                                    BASE RADIUS         
 2                                                          MAP DIMENSION       
   450.0 450.0   0.0                                        HGT1 / HGT2 / DHGT  
    87.5 -87.5  -2.5                                        LAT1 / LAT2 / DLAT  
  -180.0 180.0   5.0                                        LON1 / LON2 / DLON  
    -1                                                      EXPONENT            
                                                            END OF HEADER       
[from data line 858]
     3                                                      START OF TEC MAP    
  2015     4    26     4     0     0                        EPOCH OF CURRENT MAP
    87.5-180.0 180.0   5.0 450.0                            LAT/LON1/LON2/DLON/H
  245  244  242  251  256  257  257  259  259  260  260  261  262  263  264  264
  265  265  266  265  264  263  262  261  260  259  258  257  255  255  254  254
  252  252  252  253  253  253  253  253  253  255  255  257  256  258  257  258
  256  257  255  255  253  253  252  252  250  250  249  249  247  248  246  247
  247  248  246  248  248  246  248  250  245                                   
    85.0-180.0 180.0   5.0 450.0                            LAT/LON1/LON2/DLON/H
  251  256  243  253  255  256  257  258  258  258  260  261  262  263  265  264
  266  265  267  264  263  261  261  258  257  254  254  251  251  248  250  247
  248  246  249  248  250  250  253  252  254  254  257  257  257  258  259  259
  257  258  257  257  254  256  254  255  253  254  252  252  251  251  250  250
  251  251  251  250  250  248  252  249  251                                   
    82.5-180.0 180.0   5.0 450.0                            LAT/LON1/LON2/DLON/H
  249  249  248  254  255  257  258  260  260  263  265  267  270  272  275  277
  278  279  280  278  276  273  270  266  262  259  255  251  247  245  242  242
  240  241  242  245  246  250  251  255  256  259  260  264  264  266  266  267
  265  266  265  265  263  264  263  264  262  262  260  259  258  257  255  254
  256  256  256  255  258  253  248  246  249                                   
    80.0-180.0 180.0   5.0 450.0                            LAT/LON1/LON2/DLON/H
  254  249  248  250  250  251  253  255  255  259  261  266  267  272  274  280
  279  284  282  284  278  277  270  267  258  253  246  241  234  230  226  224
  223  224  227  230  234  239  244  248  250  255  256  261  260  264  264  267
  265  267  266  269  267  270  268  272  269  270  267  267  265  264  260  261
  261  262  260  261  259  256  254  249  254                                   
    77.5-180.0 180.0   5.0 450.0                            LAT/LON1/LON2/DLON/H
  258  249  247  247  246  249  249  250  250  254  256  261  264  269  272  276
  279  282  283  283  279  277  269  263  253  246  236  228  220  214  211  207
  208  208  214  218  225  229  238  242  247  251  255  259  260  265  266  270
  270  274  275  279  280  282  284  285  285  284  282  280  278  275  273  272
  272  272  271  269  270  267  260  257  258                                   
    75.0-180.0 180.0   5.0 450.0                            LAT/LON1/LON2/DLON/H
  266  257  252  250  248  247  247  247  248  249  253  256  259  263  265  269
  271  274  275  276  273  270  263  256  246  236  226  216  207  199  195  192
  194  197  204  210  219  225  233  239  243  249  252  258  260  266  270  276
  279  284  290  294  298  300  304  305  305  302  301  297  295  290  287  285
  286  286  285  283  280  274  267  260  266                                   
    72.5-180.0 180.0   5.0 450.0                            LAT/LON1/LON2/DLON/H
  275  261  260  254  249  248  246  245  243  245  246  249  250  252  254  256
  258  260  263  262  261  257  252  243  234  224  214  203  193  186  182  181
  183  189  196  205  213  220  228  233  238  243  247  254  258  267  273  283
  290  299  307  314  318  321  324  324  324  321  318  314  311  305  301  300
  300  301  300  298  296  290  278  275  275                                   
    70.0-180.0 180.0   5.0 450.0                            LAT/LON1/LON2/DLON/H
  280  268  264  257  253  249  250  247  247  247  248  247  246  245  243  242
  242  244  246  247  247  245  241  233  226  215  206  194  184  177  174  173
  176  180  191  198  208  214  222  227  230  236  239  246  252  262  272  284
  295  308  318  326  332  335  337  337  336  332  329  323  320  313  309  307
  307  308  308  307  303  295  285  281  280                                   
    67.5-180.0 180.0   5.0 450.0                            LAT/LON1/LON2/DLON/H
  282  268  268  259  251  250  248  249  245  247  244  243  236  231  224  221
  220  221  226  228  230  228  225  219  211  200  190  179  170  164  164  165
  170  176  185  193  201  207  213  215  220  223  230  235  244  254  268  283
  298  313  326  336  342  347  348  348  345  340  335  330  325  319  314  311
  310  310  310  310  309  302  292  293  282                                   
    65.0-180.0 180.0   5.0 450.0                            LAT/LON1/LON2/DLON/H
  282  271  267  258  250  245  248  247  249  248  247  242  233  222  212  205
  201  202  204  209  211  212  209  204  196  186  175  165  158  153  153  156
  161  166  174  179  188  190  197  198  204  209  216  225  236  249  265  282
  298  315  330  342  351  356  358  358  354  350  343  338  332  325  318  314
  311  311  311  312  308  302  292  292  282                                   
    62.5-180.0 180.0   5.0 450.0                            LAT/LON1/LON2/DLON/H
  281  267  268  254  243  241  242  245  245  248  244  240  227  217  204  195
  189  187  188  190  193  193  191  185  177  168  160  152  149  145  147  147
  152  155  161  164  170  172  180  180  190  193  207  216  232  245  263  280
  299  318  333  348  357  364  365  365  363  357  352  345  340  331  323  315
  310  307  307  307  309  303  296  301  281                                   
    60.0-180.0 180.0   5.0 450.0                            LAT/LON1/LON2/DLON/H
  285  275  269  255  245  237  241  241  245  245  245  239  230  217  205  194
  185  181  177  178  177  178  174  169  163  155  149  144  142  140  141  141
  142  143  148  147  154  154  164  165  178  185  199  212  230  248  266  284
  303  321  338  355  365  374  376  377  372  368  362  356  350  340  331  320
  312  307  305  307  306  302  297  301  285                                   
    57.5-180.0 180.0   5.0 450.0                            LAT/LON1/LON2/DLON/H
  290  279  281  262  250  241  238  240  239  242  239  236  226  218  205  195
  185  179  173  171  168  166  163  157  152  146  143  140  141  141  142  139
  138  135  135  133  136  137  150  155  171  181  200  213  234  251  270  287
  306  326  342  359  369  379  381  384  382  377  374  367  362  352  342  330
  320  312  310  309  313  307  304  313  290                                   
    55.0-180.0 180.0   5.0 450.0                            LAT/LON1/LON2/DLON/H
  307  301  294  276  265  252  249  243  240  236  234  229  225  216  209  198
  189  181  173  168  163  161  157  151  148  142  142  141  144  143  144  140
  136  130  129  123  126  127  141  149  167  181  200  217  239  259  277  295
  313  332  349  367  377  388  391  394  392  389  387  381  377  367  358  347
  336  328  323  324  325  321  322  327  307                                   
    52.5-180.0 180.0   5.0 450.0                            LAT/LON1/LON2/DLON/H
  326  319  319  301  287  273  265  255  243  238  229  227  220  217  208  201
  192  184  176  170  164  161  157  152  149  146  147  147  152  150  151  144
  139  131  128  123  126  129  143  152  172  185  207  224  247  266  285  303
  320  339  353  370  382  393  397  401  400  399  397  394  389  382  374  365
  356  348  344  342  346  341  343  355  326                                   
    50.0-180.0 180.0   5.0 450.0                            LAT/LON1/LON2/DLON/H
  354  349  345  332  320  305  290  274  262  246  236  226  222  215  212  202
  196  186  179  172  167  163  161  158  157  155  157  159  163  161  159  150
  143  135  134  130  133  137  149  158  177  192  212  232  257  277  296  315
  333  351  366  384  396  406  409  410  407  404  403  401  403  397  394  385
  379  372  369  368  367  362  368  376  354                                   
    47.5-180.0 180.0   5.0 450.0                            LAT/LON1/LON2/DLON/H
  374  370  368  357  348  334  319  300  281  264  242  232  221  217  208  203
  193  187  181  176  173  172  171  170  171  171  173  174  176  171  168  157
  150  142  142  140  146  149  160  170  186  201  222  242  267  287  306  326
  345  363  378  395  407  416  417  416  410  405  403  405  406  407  406  404
  400  397  392  390  390  385  387  400  374                                   
    45.0-180.0 180.0   5.0 450.0                            LAT/LON1/LON2/DLON/H
  391  385  386  377  373  362  348  330  308  284  264  244  233  221  212  202
  194  187  183  180  181  180  182  183  185  187  187  188  188  183  177  164
  157  149  150  151  155  158  165  174  189  206  226  248  275  297  317  339
  359  379  395  412  424  430  430  423  417  409  409  407  415  415  422  422
  425  421  420  419  416  410  406  413  391                                   
    42.5-180.0 180.0   5.0 450.0                            LAT/LON1/LON2/DLON/H
  401  397  396  395  394  387  376  360  336  312  284  265  242  230  212  204
  192  189  186  188  190  192  196  198  201  201  200  198  196  190  181  169
  164  157  160  161  164  166  170  178  193  212  235  258  285  305  325  348
  370  391  406  423  433  438  437  429  423  415  413  411  418  422  429  435
  441  441  442  440  440  432  418  421  401                                   
    40.0-180.0 180.0   5.0 450.0                            LAT/LON1/LON2/DLON/H
  413  408  407  408  412  409  400  384  357  331  305  282  260  240  222  208
  197  193  194  196  203  205  210  212  215  214  214  211  211  204  197  184
  177  169  169  170  170  169  170  176  193  214  240  263  291  311  331  354
  378  400  418  433  445  447  448  440  437  429  427  427  437  440  450  457
  466  468  470  470  468  454  439  429  413                                   
    37.5-180.0 180.0   5.0 450.0                            LAT/LON1/LON2/DLON/H
  427  421  415  417  420  419  411  395  372  345  319  297  272  250  228  215
  202  199  201  208  214  218  222  224  228  226  227  224  225  218  212  199
  190  179  178  176  175  172  172  178  193  221  251  278  302  320  339  360
  385  405  424  438  453  455  458  453  450  444  445  447  456  463  473  484
  493  495  495  492  493  476  449  442  427                                   
    35.0-180.0 180.0   5.0 450.0                            LAT/LON1/LON2/DLON/H
  450  441  429  425  426  424  414  399  376  347  323  300  281  258  236  221
  210  207  211  217  226  231  234  235  239  237  240  239  242  237  230  217
  205  190  185  180  179  173  174  180  198  224  259  283  308  320  340  359
  382  404  423  442  455  468  474  477  478  474  480  485  497  507  518  530
  535  536  534  532  527  507  490  473  450                                   
    32.5-180.0 180.0   5.0 450.0                            LAT/LON1/LON2/DLON/H
  485  471  456  445  437  429  413  394  369  343  319  302  281  262  240  226
  215  214  218  225  233  238  239  241  245  248  254  256  263  257  252  237
  222  204  196  187  184  178  175  181  201  229  259  284  304  317  334  351
  372  390  413  435  456  472  490  501  518  525  535  550  563  574  580  586
  589  585  580  575  575  556  532  518  485                                   
    30.0-180.0 180.0   5.0 450.0                            LAT/LON1/LON2/DLON/H
  549  527  508  487  474  455  429  401  373  338  316  295  281  262  246  230
  223  219  225  231  240  243  246  251  261  267  278  282  286  284  275  260
  242  224  210  195  190  179  179  182  204  231  263  285  303  314  329  348
  365  387  403  428  454  477  501  526  550  572  589  618  639  655  659  664
  662  650  642  638  639  616  606  586  549                                   
    27.5-180.0 180.0   5.0 450.0                            LAT/LON1/LON2/DLON/H
  625  602  584  553  527  498  462  426  388  350  322  299  282  265  248  235
  226  223  228  235  241  247  252  263  275  288  298  304  306  300  289  278
  264  245  227  210  196  180  177  179  198  225  256  280  296  305  321  335
  358  374  399  423  455  482  516  544  582  616  645  680  708  726  734  734
  729  714  705  705  716  689  674  663  625                                   
    25.0-180.0 180.0   5.0 450.0                            LAT/LON1/LON2/DLON/H
  718  704  679  637  607  564  520  473  428  384  346  313  295  276  265  247
  240  233  239  241  247  252  265  277  297  310  325  325  327  320  310  297
  285  264  243  216  201  179  175  175  192  217  247  269  285  296  306  324
  346  373  395  428  458  496  526  562  608  655  685  733  756  787  794  798
  789  776  764  765  780  755  744  742  718                                   
    22.5-180.0 180.0   5.0 450.0                            LAT/LON1/LON2/DLON/H
  799  811  782  738  696  650  598  543  488  437  390  349  324  301  286  268
  255  246  247  247  253  261  274  292  311  329  337  340  335  331  317  310
  295  277  246  224  203  185  170  168  179  202  232  253  274  284  302  319
  347  377  409  443  483  520  558  599  648  697  715  755  776  809  824  844
  844  833  820  818  834  812  813  821  799                                   
    20.0-180.0 180.0   5.0 450.0                            LAT/LON1/LON2/DLON/H
  861  885  870  828  787  733  677  619  565  508  458  412  375  338  322  294
  282  265  264  258  265  271  289  308  333  349  357  353  349  333  322  306
  290  261  236  209  197  173  159  152  161  180  209  231  257  274  294  318
  353  385  422  462  502  542  583  619  671  711  728  767  792  820  838  854
  862  867  863  861  875  858  853  863  861                                   
    17.5-180.0 180.0   5.0 450.0                            LAT/LON1/LON2/DLON/H
  899  924  911  882  858  809  760  698  646  587  532  482  436  395  358  330
  310  295  289  282  283  290  303  324  341  357  357  351  339  326  307  292
  265  242  216  203  186  166  147  139  141  161  185  218  248  272  303  334
  370  411  448  494  531  566  605  649  684  724  730  768  785  818  830  854
  860  871  873  884  896  891  872  894  899                                   
    15.0-180.0 180.0   5.0 450.0                            LAT/LON1/LON2/DLON/H
  902  927  920  902  892  857  823  769  720  657  603  546  500  454  417  378
  353  334  325  313  310  311  322  338  352  359  352  335  324  303  288  263
  239  213  197  183  163  147  128  123  126  142  175  206  248  274  313  342
  380  419  460  510  549  584  620  657  686  718  733  766  780  808  820  839
  850  861  868  882  895  893  871  893  902                                   
    12.5-180.0 180.0   5.0 450.0                            LAT/LON1/LON2/DLON/H
  888  911  905  896  891  863  844  805  767  704  652  599  555  507  467  436
  404  383  365  354  339  336  332  342  342  343  327  315  296  281  258  239
  214  201  183  170  144  131  112  110  120  137  164  203  245  278  319  352
  386  425  470  521  559  600  626  657  681  706  721  748  763  788  796  821
  827  848  850  868  876  881  861  890  888                                   
    10.0-180.0 180.0   5.0 450.0                            LAT/LON1/LON2/DLON/H
  855  875  867  862  864  845  827  795  768  717  673  622  589  546  510  478
  456  437  416  401  377  362  349  344  336  322  302  280  265  245  227  207
  192  176  155  139  114  102   88   91  108  130  164  199  254  285  324  358
  389  434  478  531  567  602  630  659  682  707  717  739  752  772  784  804
  816  831  840  853  866  862  848  870  855                                   
     7.5-180.0 180.0   5.0 450.0                            LAT/LON1/LON2/DLON/H
  830  847  833  827  822  798  775  743  721  680  647  613  591  562  536  511
  491  478  458  436  402  379  350  334  315  297  271  253  232  219  201  193
