data/unet/pred0140.15i
     1.0            IONOSPHERE MAPS     GNSS                IONEX VERSION / TYPE
pyspatialgeodesy        IME             05-JAN-18 20:20     PGM / RUN BY / DATE 
Map Name                                                    COMMENT             
Predicted global ionosphere maps (GIM).                     DESCRIPTION         
  2015     1    14     0     0     0                        EPOCH OF FIRST MAP  
  2015     1    15     0     0     0                        EPOCH OF LAST MAP   
  7200                                                      INTERVAL            
    13                                                      # OF MAPS IN FILE   
  NONE                                                      MAPPING FUNCTION    
10.0                                                        ELEVATION CUTOFF    
One-way carrier phase leveled to code                       OBSERVABLES USED    
  6371.0                                                    BASE RADIUS         
 2                                                          MAP DIMENSION       
   450.0 450.0   0.0                                        HGT1 / HGT2 / DHGT  
    87.5 -87.5  -2.5                                        LAT1 / LAT2 / DLAT  
  -180.0 180.0   5.0                                        LON1 / LON2 / DLON  
    -1                                                      EXPONENT            
                                                            END OF HEADER       
[from data line 2145]
     6                                                      START OF TEC MAP    
  2015     1    14    10     0     0                        EPOCH OF CURRENT MAP
    87.5-180.0 180.0   5.0 450.0                            LAT/LON1/LON2/DLON/H
   46   70   60   59   60   58   61   58   61   59   62   60   62   62   63   62
   63   63   63   63   62   61   61   59   59   59   58   58   57   59   58   58
   57   56   57   55   55   54   55   53   54   53   54   52   52   51   51   50
   48   48   46   46   44   44   43   43   42   42   42   42   43   42   44   44
   47   46   50   50   52   50   56   52   46                                   
    85.0-180.0 180.0   5.0 450.0                            LAT/LON1/LON2/DLON/H
   70   70   75   77   78   77   81   80   82   82   83   83   84   84   84   85
   84   85   84   84   82   83   80   82   78   80   77   78   75   77   74   76
   73   74   72   73   72   72   72   71   70   69   68   67   64   63   60   59
   56   55   52   52   49   49   47   47   46   47   47   48   49   50   52   54
   56   58   61   61   65   66   74   64   70                                   
    82.5-180.0 180.0   5.0 450.0                            LAT/LON1/LON2/DLON/H
   62   73   77   77   77   77   80   81   81   83   82   84   82   85   82   86
   82   86   82   85   81   83   80   82   78   81   77   80   75   78   73   76
   72   75   72   74   72   74   73   75   72   74   71   72   67   69   63   63
   56   56   49   49   42   43   37   39   34   37   34   37   36   41   40   45
   45   50   52   56   58   62   67   56   62                                   
    80.0-180.0 180.0   5.0 450.0                            LAT/LON1/LON2/DLON/H
   65   66   68   69   67   70   70   72   70   73   70   71   69   70   69   69
   68   69   68   69   69   71   71   72   72   73   72   72   70   71   68   69
   68   70   71   73   74   79   80   83   83   85   84   84   80   80   74   72
   65   62   55   52   45   42   37   34   30   29   27   28   28   32   33   38
   39   44   46   50   53   54   63   58   65                                   
    77.5-180.0 180.0   5.0 450.0                            LAT/LON1/LON2/DLON/H
   60   63   65   64   65   66   68   69   69   69   68   66   65   62   62   59
   59   59   61   62   64   66   69   70   72   73   73   73   72   70   69   68
   69   71   76   79   85   90   96   99  103  105  106  106  102  103   96   93
   85   81   74   69   62   57   51   45   40   36   36   33   36   35   39   40
   44   45   49   49   54   53   60   48   60                                   
    75.0-180.0 180.0   5.0 450.0                            LAT/LON1/LON2/DLON/H
   58   56   58   60   59   64   62   65   62   63   59   58   53   52   48   47
   45   48   49   54   57   62   65   69   71   73   72   73   69   68   64   65
   65   70   75   85   91  104  109  120  121  131  129  135  130  133  125  123
  111  107   97   89   80   74   67   59   52   47   43   41   40   42   43   46
   47   50   50   52   52   53   57   45   58                                   
    72.5-180.0 180.0   5.0 450.0                            LAT/LON1/LON2/DLON/H
   56   58   56   56   57   58   61   60   61   58   56   51   49   45   41   39
   39   40   43   49   54   62   66   71   72   75   73   72   67   65   61   60
   62   66   76   87  102  115  128  138  145  152  156  160  159  161  156  152
  143  134  125  115  106   95   88   78   69   63   57   54   53   52   54   54
   56   55   57   55   55   52   58   42   56                                   
    70.0-180.0 180.0   5.0 450.0                            LAT/LON1/LON2/DLON/H
   55   53   53   54   55   58   59   60   58   57   53   48   44   40   37   34
   36   38   43   48   56   63   71   76   79   80   77   76   67   63   58   56
   59   67   79   96  112  131  145  161  169  183  185  195  192  193  185  179
  169  161  150  138  127  116  106   95   86   78   69   66   63   62   61   63
   62   62   60   60   57   55   58   42   55                                   
    67.5-180.0 180.0   5.0 450.0                            LAT/LON1/LON2/DLON/H
   54   57   52   54   52   56   58   59   58   57   54   50   45   41   38   36
   37   40   44   51   58   69   74   82   80   81   74   70   63   58   55   54
   59   67   83  100  121  140  159  174  190  202  213  219  220  217  213  205
  198  187  176  161  148  133  121  108   97   86   77   71   66   64   63   63
   63   62   62   59   59   56   60   42   54                                   
    65.0-180.0 180.0   5.0 450.0                            LAT/LON1/LON2/DLON/H
   53   53   52   52   52   56   57   60   58   59   55   52   48   43   41   40
   41   43   49   55   62   69   79   83   88   85   83   75   69   60   58   58
   65   77   94  116  137  159  177  200  214  232  240  248  246  243  236  228
  220  209  199  183  169  149  137  120  109   96   85   76   70   67   64   64
   62   61   59   60   57   57   60   44   53                                   
    62.5-180.0 180.0   5.0 450.0                            LAT/LON1/LON2/DLON/H
   51   56   51   52   48   53   53   57   56   58   56   55   52   50   48   48
   48   50   52   59   64   73   75   81   79   81   74   71   63   60   58   62
   70   86  105  128  150  174  194  219  235  252  259  265  264  263  259  251
  242  228  218  201  186  166  149  134  118  104   88   76   69   63   59   57
   56   54   54   53   54   54   60   46   51                                   
    60.0-180.0 180.0   5.0 450.0                            LAT/LON1/LON2/DLON/H
   52   50   50   47   44   47   48   52   50   55   53   55   53   53   50   51
   50   51   51   55   58   65   69   71   73   73   71   67   62   60   61   70
   83  103  122  149  168  194  214  243  256  274  276  285  282  284  277  268
  256  241  230  213  199  178  162  143  128  111   96   82   71   64   58   54
   52   49   47   51   50   54   59   46   52                                   
    57.5-180.0 180.0   5.0 450.0                            LAT/LON1/LON2/DLON/H
   50   54   48   45   40   42   40   45   44   49   49   54   54   56   55   56
   54   54   54   55   58   63   64   67   64   66   62   63   61   66   71   84
   99  121  143  165  188  211  234  260  274  287  292  299  300  298  290  279
  267  249  239  220  207  188  172  154  138  121  103   87   76   64   58   51
   48   42   43   44   48   52   58   45   50                                   
    55.0-180.0 180.0   5.0 450.0                            LAT/LON1/LON2/DLON/H
   53   50   46   41   36   37   35   39   38   44   44   51   50   55   52   55
   52   51   48   49   49   52   53   54   53   54   53   56   60   73   83  105
  121  147  165  190  209  235  253  280  290  305  305  318  312  314  301  292
  277  262  247  231  215  198  184  167  152  134  117  102   89   78   65   57
   50   47   43   48   49   55   58   48   53                                   
    52.5-180.0 180.0   5.0 450.0                            LAT/LON1/LON2/DLON/H
   58   58   48   44   37   38   34   38   36   43   43   51   52   57   55   55
   54   52   52   51   52   52   51   50   48   49   49   57   66   83  101  127
  146  168  187  210  232  254  270  293  303  317  322  331  331  326  317  303
  290  270  258  238  225  208  196  180  166  150  132  116  104   90   78   67
   59   53   51   53   57   60   65   52   58                                   
    50.0-180.0 180.0   5.0 450.0                            LAT/LON1/LON2/DLON/H
   63   58   52   46   42   43   40   42   39   43   45   50   52   56   53   56
   53   54   53   53   52   51   47   47   42   44   45   57   70   93  115  148
  165  191  206  235  251  274  286  308  314  331  331  344  339  339  325  313
  298  281  265  246  230  214  203  190  179  164  147  134  118  107   91   79
   68   64   59   63   64   68   69   60   63                                   
    47.5-180.0 180.0   5.0 450.0                            LAT/LON1/LON2/DLON/H
   73   72   63   58   53   54   52   53   49   51   52   58   60   62   61   60
   61   60   63   61   61   58   54   51   47   47   50   62   79  105  132  161
  183  203  226  250  269  287  299  315  323  335  343  348  349  340  332  317
  304  285  271  249  234  218  209  197  185  171  153  139  124  112  100   88
   78   73   68   69   71   74   79   67   73                                   
    45.0-180.0 180.0   5.0 450.0                            LAT/LON1/LON2/DLON/H
   81   77   75   71   69   72   70   69   64   62   62   66   68   70   67   68
   67   68   71   72   71   69   61   59   50   52   54   70   86  116  141  171
  191  214  234  264  283  304  315  329  334  345  348  353  347  345  333  324
  310  294  275  254  236  220  208  198  188  174  157  144  128  117  104   94
   83   79   73   74   76   80   83   76   81                                   
    42.5-180.0 180.0   5.0 450.0                            LAT/LON1/LON2/DLON/H
   91   89   89   89   87   89   89   84   80   75   75   78   81   82   82   80
   81   81   86   86   88   84   77   70   63   61   66   79   98  126  150  175
  197  218  244  274  299  319  331  339  344  348  352  349  349  341  337  325
  318  300  284  259  242  222  210  196  185  172  154  138  125  112  101   93
   84   80   75   74   76   78   83   82   91                                   
    40.0-180.0 180.0   5.0 450.0                            LAT/LON1/LON2/DLON/H
   93   90   96  100  102  105  104  101   95   90   88   90   93   94   91   90
   90   91   95   97   98   95   88   83   71   70   72   87  105  131  152  176
  194  219  249  287  319  341  353  357  359  359  359  354  352  349  344  340
  333  320  302  276  255  232  214  200  185  172  155  140  123  113  100   93
   81   78   69   70   68   73   77   79   93                                   
    37.5-180.0 180.0   5.0 450.0                            LAT/LON1/LON2/DLON/H
   92   92   99  108  110  115  114  109  102   96   96   98  103  104  105  101
  103  102  108  108  109  105   97   88   80   77   82   96  113  136  153  172
  191  218  255  299  335  360  373  374  376  371  369  362  366  361  367  360
  361  347  334  306  283  254  231  210  195  176  161  144  129  113  100   91
   82   75   70   66   66   66   70   75   92                                   
    35.0-180.0 180.0   5.0 450.0                            LAT/LON1/LON2/DLON/H
   85   82   92  100  106  113  114  110  106  102  103  106  113  113  114  109
  111  110  116  116  117  111  102   94   85   84   88  105  123  141  158  175
  196  222  265  312  355  382  402  402  403  397  394  390  391  392  398  399
  400  393  383  358  333  299  268  242  219  197  180  163  144  129  115  105
   91   83   72   69   65   65   64   68   85                                   
    32.5-180.0 180.0   5.0 450.0                            LAT/LON1/LON2/DLON/H
   79   80   81   92   96  106  107  105  102  101  102  108  114  117  116  116
  116  119  122  124  120  114  104   96   88   91   97  115  130  147  159  178
  198  229  279  329  379  412  432  435  435  434  430  430  433  437  446  449
  457  451  445  421  398  359  328  293  270  242  221  199  182  167  152  136
  118  106   93   82   77   71   66   63   79                                   
    30.0-180.0 180.0   5.0 450.0                            LAT/LON1/LON2/DLON/H
   73   68   71   75   79   91   93   96   95   97  102  107  117  116  120  116
  120  121  125  123  121  110  102   93   88   91  102  123  140  157  172  190
  216  251  298  351  402  444  469  476  478  473  477  480  485  496  506  517
  528  533  537  518  495  456  419  382  350  313  281  261  246  231  211  189
  166  147  126  112   97   90   80   73   73                                   
    27.5-180.0 180.0   5.0 450.0                            LAT/LON1/LON2/DLON/H
   81   77   68   70   72   80   86   87   91   94   98  107  111  114  114  116
  118  124  125  126  118  111   98   92   87   95  106  128  148  167  186  204
  235  271  322  372  430  468  502  510  517  512  517  523  531  541  553  569
  592  611  618  605  587  563  534  495  460  425  390  361  334  313  288  265
  241  213  190  166  145  128  107   85   81                                   
    25.0-180.0 180.0   5.0 450.0                            LAT/LON1/LON2/DLON/H
   93   97   81   70   67   74   80   84   89   95   99  104  109  108  110  107
  115  116  122  119  116  104   96   89   90   98  114  138  158  183  204  227
  259  295  344  392  446  489  522  542  554  560  563  578  589  606  621  645
  661  675  678  675  662  646  617  587  554  526  493  480  450  429  389  358
  327  308  273  247  212  184  161  120   93                                   
    22.5-180.0 180.0   5.0 450.0                            LAT/LON1/LON2/DLON/H
  133  143  118  101   84   84   87   87   97   98  103  104  106  106  103  105
  108  115  119  120  112  105   94   92   95  104  123  146  167  187  208  236
  268  306  348  394  450  497  534  557  581  586  603  620  640  659  671  690
  708  721  727  726  722  707  687  667  638  610  576  557  535  510  477  461
  441  410  377  335  303  263  234  179  133                                   
    20.0-180.0 180.0   5.0 450.0                            LAT/LON1/LON2/DLON/H
  184  185  168  148  132  116  113  105  112  107  112  108  107  102  100   95
  102  102  113  109  110   99   97   94  102  110  127  147  176  203  234  267
  298  331  370  416  465  509  543  571  596  624  638  665  684  700  705  725
  731  747  743  752  744  746  733  724  703  681  657  633  610  586  556  536
  510  486  456  421  386  345  307  262  184                                   
    17.5-180.0 180.0   5.0 450.0                            LAT/LON1/LON2/DLON/H
  241  230  209  197  181  169  151  142  139  129  123  113  110  103   96   94
   94   99  103  105  103   97  100   96  107  110  120  141  177  212  239  276
  316  348  387  424  473  510  542  574  606  635  657  680  698  708  713  723
  729  737  735  737  737  741  743  737  728  709  684  661  640  623  604  586
  562  526  493  464  438  407  369  331  241                                   
    15.0-180.0 180.0   5.0 450.0                            LAT/LON1/LON2/DLON/H
  279  266  254  239  229  214  202  182  172  149  140  120  117  106  106   93
   96   94   99   97   98   94   99  104  113  123  141  161  205  238  281  303
  336  368  401  444  486  517  544  576  608  641  656  679  687  702  694  704
  695  705  700  705  705  713  717  724  718  701  683  662  641  625  609  592
  567  530  503  469  449  422  399  371  279                                   
    12.5-180.0 180.0   5.0 450.0                            LAT/LON1/LON2/DLON/H
  306  296  286  275  262  252  234  225  200  179  160  140  133  118  111  101
   98   99  100  100   99   99  104  111  118  131  147  175  210  250  288  313
  349  380  418  464  495  525  546  579  607  641  654  671  674  680  677  679
  669  668  661  663  664  673  682  689  689  673  660  643  623  606  578  555
  531  497  478  453  438  420  411  388  306                                   
    10.0-180.0 180.0   5.0 450.0                            LAT/LON1/LON2/DLON/H
  307  313  307  303  292  280  266  249  232  201  176  146  139  125  119  108
  102  102  101  103   98  103  103  116  128  137  161  187  235  262  298  323
  350  389  426  473  499  532  558  587  615  638  651  658  655  654  645  641
  630  627  626  629  635  644  651  657  658  643  626  605  582  547  523  487
  470  439  421  396  392  388  401  380  307                                   
     7.5-180.0 180.0   5.0 450.0                            LAT/LON1/LON2/DLON/H
  305  309  309  310  301  294  275  262  243  219  189  161  155  140  134  125
  117  116  111  117  105  106  102  113  123  144  171  204  239  271  301  326
