data/unet/pred3140.15i
     1.0            IONOSPHERE MAPS     GNSS                IONEX VERSION / TYPE
pyspatialgeodesy        IME             05-JAN-18 20:20     PGM / RUN BY / DATE 
Map Name                                                    COMMENT             
Predicted global ionosphere maps (GIM).                     DESCRIPTION         
  2015    11    10     0     0     0                        EPOCH OF FIRST MAP  
  2015    11    11     0     0     0                        EPOCH OF LAST MAP   
  7200                                                      INTERVAL            
    13                                                      # OF MAPS IN FILE   
  NONE                                                      MAPPING FUNCTION    
10.0                                                        ELEVATION CUTOFF    
One-way carrier phase leveled to code                       OBSERVABLES USED    
  6371.0                                                    BASE RADIUS         
 2                                                          MAP DIMENSION       
   450.0 450.0   0.0                                        HGT1 / HGT2 / DHGT  
    87.5 -87.5  -2.5                                        LAT1 / LAT2 / DLAT  
  -180.0 180.0   5.0                                        LON1 / LON2 / DLON  
    -1                                                      EXPONENT            
                                                            END OF HEADER       
[from data line 4719]
    12                                                      START OF TEC MAP    
  2015    11    10    22     0     0                        EPOCH OF CURRENT MAP
    87.5-180.0 180.0   5.0 450.0                            LAT/LON1/LON2/DLON/H
  144   86   62   65   64   64   64   64   65   65   66   66   67   67   67   67
   67   66   66   65   65   64   63   63   62   62   61   60   60   59   58   57
   57   56   56   55   56   55   56   55   56   55   56   56   57   58   59   59
   60   60   61   62   62   63   63   64   64   64   64   64   64   65   64   64
   64   64   64   64   65   66   68  123  144                                   
    85.0-180.0 180.0   5.0 450.0                            LAT/LON1/LON2/DLON/H
   69   47   45   47   49   47   48   49   51   52   53   54   56   55   56   55
   56   54   54   53   53   51   50   49   48   47   46   44   43   42   40   40
   38   38   37   37   36   37   36   37   37   38   38   40   41   42   43   44
   45   47   48   49   49   50   51   51   51   51   51   51   50   50   50   48
   48   47   47   46   48   48   49   85   69                                   
    82.5-180.0 180.0   5.0 450.0                            LAT/LON1/LON2/DLON/H
   51   43   44   46   47   47   50   50   55   55   59   60   64   64   66   65
   66   64   64   62   62   58   58   55   55   51   51   47   47   43   43   39
   40   36   38   34   37   34   36   34   37   36   39   38   42   42   45   46
   49   51   53   55   56   58   58   60   59   60   58   58   57   56   54   53
   51   50   49   47   48   43   45   71   51                                   
    80.0-180.0 180.0   5.0 450.0                            LAT/LON1/LON2/DLON/H
   51   42   39   42   42   44   46   50   54   58   62   66   69   72   73   74
   73   72   70   68   65   63   59   57   54   53   50   49   46   45   42   41
   38   37   35   35   33   33   32   34   33   35   35   38   39   42   43   47
   48   52   54   57   58   61   61   63   63   63   61   62   59   59   55   54
   50   50   46   45   44   43   40   62   51                                   
    77.5-180.0 180.0   5.0 450.0                            LAT/LON1/LON2/DLON/H
   48   42   39   40   39   42   45   50   54   60   65   70   74   76   78   78
   77   75   72   69   65   62   59   57   55   52   51   50   48   47   45   43
   41   40   38   37   35   35   33   34   32   34   33   36   36   40   41   45
   46   50   52   55   57   60   61   62   63   62   62   59   59   55   55   51
   50   46   46   42   45   41   39   61   48                                   
    75.0-180.0 180.0   5.0 450.0                            LAT/LON1/LON2/DLON/H
   54   49   44   48   46   51   52   59   63   71   75   82   84   87   87   86
   82   80   75   71   66   64   60   59   56   57   54   56   52   54   50   51
   47   47   43   43   40   40   37   39   36   38   37   39   39   41   43   45
   48   49   53   54   58   59   62   62   63   62   62   59   58   55   53   51
   49   48   47   47   47   48   47   67   54                                   
    72.5-180.0 180.0   5.0 450.0                            LAT/LON1/LON2/DLON/H
   66   63   58   60   59   62   64   70   75   82   88   92   95   95   94   90
   85   80   75   69   65   61   60   57   58   57   59   59   59   59   59   58
   56   54   51   50   47   46   44   44   41   43   41   43   42   44   44   46
   47   49   51   53   55   57   59   59   60   59   59   56   55   52   52   49
   50   49   51   50   54   54   56   75   66                                   
    70.0-180.0 180.0   5.0 450.0                            LAT/LON1/LON2/DLON/H
   78   76   72   75   74   78   79   86   90   98  102  107  106  105  100   95
   86   79   71   65   60   57   55   55   55   57   57   61   59   62   60   61
   57   57   53   52   49   49   45   46   44   45   44   45   44   45   45   45
   47   47   49   49   51   52   54   54   56   55   54   52   51   50   49   48
   49   50   53   55   59   63   67   85   78                                   
    67.5-180.0 180.0   5.0 450.0                            LAT/LON1/LON2/DLON/H
   90   92   86   90   89   92   94  100  105  112  116  118  116  111  105   96
   88   77   70   61   57   53   52   51   53   53   56   57   59   60   60   59
   58   55   53   51   49   48   46   46   45   45   44   45   43   44   43   44
   43   44   43   44   44   46   47   49   50   51   49   48   47   46   45   45
   47   49   53   57   64   68   75   92   90                                   
    65.0-180.0 180.0   5.0 450.0                            LAT/LON1/LON2/DLON/H
   97  102   98  103  103  107  107  115  118  126  128  131  126  121  111  102
   90   81   70   63   56   53   49   49   48   50   50   53   53   56   53   54
   50   49   45   44   41   42   41   42   41   42   41   42   41   41   41   40
   40   38   37   36   37   37   39   41   44   44   44   43   43   41   42   41
   43   46   51   56   64   71   81   99   97                                   
    62.5-180.0 180.0   5.0 450.0                            LAT/LON1/LON2/DLON/H
  101  109  105  112  112  114  116  122  127  134  138  140  136  128  119  107
   97   85   77   68   62   54   51   46   46   43   45   44   46   46   47   45
   43   39   37   35   34   34   34   35   35   36   36   37   36   37   36   36
   33   33   29   29   27   29   29   34   35   38   37   38   36   37   36   37
   39   43   47   54   62   71   81  101  101                                   
    60.0-180.0 180.0   5.0 450.0                            LAT/LON1/LON2/DLON/H
  100  112  109  116  116  119  120  128  131  140  142  146  141  135  125  115
  104   96   86   80   70   63   53   47   42   39   37   38   38   40   38   39
   34   33   27   27   25   27   26   29   29   32   32   33   33   33   33   32
   30   28   24   23   21   22   23   27   30   32   32   32   32   33   33   35
   38   41   47   52   61   70   82  103  100                                   
    57.5-180.0 180.0   5.0 450.0                            LAT/LON1/LON2/DLON/H
  102  114  112  119  121  122  125  130  135  142  146  148  146  140  134  125
  118  110  105   95   87   74   63   50   43   35   35   33   36   36   38   36
   35   29   26   24   23   23   24   26   28   30   31   32   32   33   32   32
   29   28   23   21   18   20   20   24   26   30   29   31   30   32   33   37
   40   45   50   56   64   75   84  106  102                                   
    55.0-180.0 180.0   5.0 450.0                            LAT/LON1/LON2/DLON/H
  107  122  122  130  130  132  132  138  140  146  149  152  150  147  143  138
  133  130  124  117  105   91   74   60   47   38   35   36   38   41   41   42
   37   34   28   27   24   27   26   30   31   34   34   36   36   36   36   35
   32   31   26   25   22   23   23   27   28   30   29   31   30   33   36   42
   48   54   60   68   76   84   93  117  107                                   
    52.5-180.0 180.0   5.0 450.0                            LAT/LON1/LON2/DLON/H
  126  138  137  145  147  147  148  148  150  152  154  155  154  152  151  149
  149  147  144  136  125  107   90   69   56   44   43   41   47   48   52   49
   48   42   38   35   33   34   35   37   38   41   41   43   42   43   41   41
   38   37   33   32   29   30   30   34   35   36   34   33   34   37   43   50
   59   69   78   87   97  106  110  136  126                                   
    50.0-180.0 180.0   5.0 450.0                            LAT/LON1/LON2/DLON/H
  148  162  164  171  174  174  172  171  168  166  164  162  160  160  160  162
  163  164  161  155  142  125  104   84   68   58   53   54   58   61   61   62
   57   53   47   46   43   45   44   48   48   51   51   53   53   52   51   50
   49   47   45   44   42   43   42   45   44   44   40   40   38   44   50   62
   75   88  101  113  123  131  137  163  148                                   
    47.5-180.0 180.0   5.0 450.0                            LAT/LON1/LON2/DLON/H
  180  191  194  203  207  206  204  199  193  185  179  173  169  167  169  170
  173  174  173  166  156  139  120  100   87   74   71   67   71   69   71   67
   65   59   55   53   53   53   54   56   58   60   62   63   63   61   60   59
   59   59   58   58   57   58   58   59   58   55   49   47   46   52   61   74
   90  108  125  140  152  161  167  195  180                                   
    45.0-180.0 180.0   5.0 450.0                            LAT/LON1/LON2/DLON/H
  208  222  231  238  244  240  235  229  219  209  197  189  181  178  177  179
  180  182  180  175  165  151  134  117  102   92   85   81   78   76   71   70
   64   62   57   59   58   62   62   65   66   69   71   72   73   71   70   69
   70   70   71   72   72   73   72   72   69   64   57   54   54   60   71   86
  105  126  146  162  178  190  199  225  208                                   
    42.5-180.0 180.0   5.0 450.0                            LAT/LON1/LON2/DLON/H
  235  248  257  264  267  265  262  253  243  229  215  203  195  190  188  187
  187  186  183  180  173  163  148  133  120  108  100   90   83   74   69   62
   60   56   57   57   62   64   68   69   72   74   78   79   80   78   77   76
   78   79   82   83   85   85   84   83   79   73   65   61   61   69   81   96
  117  139  160  179  197  212  221  250  235                                   
    40.0-180.0 180.0   5.0 450.0                            LAT/LON1/LON2/DLON/H
  253  263  275  277  282  280  278  270  260  247  231  219  207  202  197  195
  191  188  185  183  179  171  159  146  132  119  107   95   82   73   62   60
   53   55   54   60   64   71   72   76   76   80   82   84   85   83   82   81
   83   85   88   90   91   91   90   89   85   78   70   67   69   77   90  107
  128  149  170  189  209  226  238  266  253                                   
    37.5-180.0 180.0   5.0 450.0                            LAT/LON1/LON2/DLON/H
  264  274  280  285  288  288  287  280  273  260  247  232  222  213  209  202
  199  193  189  188  185  180  170  157  141  126  112   95   82   69   61   54
   55   53   58   63   71   76   80   79   81   81   85   86   88   86   86   85
   86   88   92   92   94   93   93   91   88   81   75   73   76   86  100  117
  137  155  174  191  211  229  242  276  264                                   
    35.0-180.0 180.0   5.0 450.0                            LAT/LON1/LON2/DLON/H
  271  283  288  290  292  291  290  286  280  273  258  247  235  228  221  214
  207  201  196  195  194  189  179  164  146  129  114  100   85   76   67   67
   67   70   73   79   86   91   92   92   88   88   90   91   93   91   90   88
   88   89   91   91   92   93   92   90   86   82   78   79   84   94  110  126
  144  161  179  195  214  233  246  280  271                                   
    32.5-180.0 180.0   5.0 450.0                            LAT/LON1/LON2/DLON/H
  283  297  299  301  303  300  300  293  292  283  274  262  253  244  238  227
  221  214  210  209  206  200  186  169  149  133  121  108   99   92   93   94
   99   98  103  104  110  109  111  104  101   95   97   96   99   97   96   92
   91   89   90   88   89   89   89   88   86   84   82   85   91  104  120  137
  153  168  184  198  214  233  247  286  283                                   
    30.0-180.0 180.0   5.0 450.0                            LAT/LON1/LON2/DLON/H
  301  319  320  321  321  318  313  307  304  300  290  281  270  262  253  244
  236  231  226  224  221  208  192  171  152  139  132  127  125  128  134  139
  142  140  137  135  136  134  132  124  116  110  110  109  110  106  104   99
   97   92   91   88   89   88   90   88   88   86   87   92  103  116  134  151
  167  182  198  209  225  245  259  299  301                                   
    27.5-180.0 180.0   5.0 450.0                            LAT/LON1/LON2/DLON/H
  331  351  349  351  352  345  341  330  329  321  316  302  292  278  270  258
  253  245  244  239  235  219  200  179  163  154  154  156  165  175  189  191
  189  181  171  163  161  158  156  146  137  126  124  121  122  117  114  106
  100   92   88   83   84   85   88   89   89   89   90   98  106  125  143  164
  180  197  214  228  242  264  282  321  331                                   
    25.0-180.0 180.0   5.0 450.0                            LAT/LON1/LON2/DLON/H
  366  391  391  394  395  387  379  368  360  352  343  331  316  301  287  275
  265  259  255  250  244  225  205  186  176  175  185  196  214  232  240  248
  238  232  207  197  185  183  178  168  158  147  143  139  138  131  126  116
  108   97   90   84   85   87   91   94   94   94   97  104  117  132  155  174
  196  215  235  251  269  296  315  351  366                                   
    22.5-180.0 180.0   5.0 450.0                            LAT/LON1/LON2/DLON/H
  405  435  441  449  450  441  432  416  404  387  379  362  348  327  308  289
  279  269  267  258  252  232  216  203  201  209  229  253  275  291  304  309
  300  284  250  228  206  200  193  182  175  164  161  158  154  147  138  128
  116  104   94   88   88   91   97   98  101  101  104  111  121  137  158  185
  209  235  259  280  304  333  353  383  405                                   
    20.0-180.0 180.0   5.0 450.0                            LAT/LON1/LON2/DLON/H
  442  479  492  507  510  501  487  472  456  436  418  401  381  358  330  310
  294  283  274  266  258  242  233  228  236  254  281  306  326  342  353  353
  338  319  273  247  216  212  202  194  187  180  179  175  172  162  153  141
  129  115  105   99  100  103  107  109  108  107  110  117  129  144  168  191
  223  251  284  311  340  371  390  414  442                                   
    17.5-180.0 180.0   5.0 450.0                            LAT/LON1/LON2/DLON/H
  475  515  536  559  565  560  546  533  515  492  467  442  420  391  362  333
  316  299  292  281  277  263  264  267  285  305  334  355  372  382  389  378
  360  332  285  258  223  219  204  198  190  187  186  185  179  172  160  150
  135  124  112  107  107  112  116  118  117  114  115  122  134  151  171  198
  226  260  297  331  365  392  419  438  475                                   
    15.0-180.0 180.0   5.0 450.0                            LAT/LON1/LON2/DLON/H
  496  539  568  599  615  615  601  593  573  553  521  492  462  434  399  368
  344  329  316  306  300  292  296  308  331  356  377  393  396  399  390  380
  358  329  283  260  226  222  209  207  199  199  195  194  188  178  165  153
  140  128  118  114  116  121  126  127  126  119  122  126  140  155  178  201
  233  266  309  344  377  410  438  452  496                                   
    12.5-180.0 180.0   5.0 450.0                            LAT/LON1/LON2/DLON/H
  501  543  576  613  636  644  638  633  618  599  567  538  504  469  442  409
  389  369  359  345  341  337  349  364  387  401  414  412  404  386  373  359
  337  314  284  262  236  229  219  218  209  208  202  198  188  177  161  150
  136  127  117  117  117  125  130  132  127  124  121  130  140  161  181  209
  236  270  311  346  383  410  443  459  501                                   
    10.0-180.0 180.0   5.0 450.0                            LAT/LON1/LON2/DLON/H
  497  531  566  595  627  643  647  652  648  636  611  586  556  519  486  458
  437  418  405  392  387  387  396  414  431  437  433  417  389  362  339  328
  313  304  283  266  247  242  235  232  223  217  208  200  187  172  156  144
  132  125  118  116  117  124  128  128  124  118  120  125  142  159  186  210
  241  271  313  344  377  407  441  457  497                                   
     7.5-180.0 180.0   5.0 450.0                            LAT/LON1/LON2/DLON/H
  487  517  542  572  597  621  635  647  649  643  629  615  589  563  532  506
  490  470  461  444  442  438  447  457  466  459  442  409  370  336  314  308
