data/unet/pred1540.15i
     1.0            IONOSPHERE MAPS     GNSS                IONEX VERSION / TYPE
pyspatialgeodesy        IME             05-JAN-18 20:20     PGM / RUN BY / DATE 
Map Name                                                    COMMENT             
Predicted global ionosphere maps (GIM).                     DESCRIPTION         
  2015     6     3     0     0     0                        EPOCH OF FIRST MAP  
  2015     6     4     0     0     0                        EPOCH OF LAST MAP   
  7200                                                      INTERVAL            
    13                                                      # OF MAPS IN FILE   
  NONE                                                      MAPPING FUNCTION    
10.0                                                        ELEVATION CUTOFF    
One-way carrier phase leveled to code                       OBSERVABLES USED    
  6371.0                                                    BASE RADIUS         
 2                                                          MAP DIMENSION       
   450.0 450.0   0.0                                        HGT1 / HGT2 / DHGT  
    87.5 -87.5  -2.5                                        LAT1 / LAT2 / DLAT  
  -180.0 180.0   5.0                                        LON1 / LON2 / DLON  
    -1                                                      EXPONENT            
                                                            END OF HEADER       
[from data line 429]
     2                                                      START OF TEC MAP    
  2015     6     3     2     0     0                        EPOCH OF CURRENT MAP
    87.5-180.0 180.0   5.0 450.0                            LAT/LON1/LON2/DLON/H
  180  183  183  184  185  184  186  186  188  188  189  188  189  189  189  187
  188  186  186  184  183  182  180  179  179  177  176  174  174  173  172  171
  171  169  169  167  168  166  166  164  166  165  167  165  167  166  168  167
  168  168  169  168  170  169  170  170  171  171  171  171  173  172  172  172
  175  174  176  176  177  176  177  188  180                                   
    85.0-180.0 180.0   5.0 450.0                            LAT/LON1/LON2/DLON/H
  179  188  182  187  188  187  189  189  192  192  193  192  193  192  193  191
  191  188  188  185  185  182  181  178  178  175  174  172  172  170  169  167
  167  166  165  164  163  162  162  162  162  162  163  163  164  164  165  165
  166  167  167  168  169  170  169  170  171  171  171  171  172  173  172  173
  174  175  177  177  178  174  181  179  179                                   
    82.5-180.0 180.0   5.0 450.0                            LAT/LON1/LON2/DLON/H
  180  182  188  194  195  193  198  197  201  199  202  200  202  200  201  198
  199  195  196  192  192  188  187  183  183  179  179  175  176  172  172  169
  170  167  168  166  166  164  165  164  165  164  166  166  167  167  169  168
  171  170  172  171  174  173  175  173  176  174  176  174  177  175  176  175
  179  178  183  182  185  180  182  174  180                                   
    80.0-180.0 180.0   5.0 450.0                            LAT/LON1/LON2/DLON/H
  182  182  187  192  195  195  199  200  202  203  204  204  204  203  202  200
  198  195  193  189  187  184  182  178  178  173  173  169  169  166  166  163
  164  162  163  161  163  161  163  161  164  163  166  166  169  168  172  172
  175  174  177  176  179  177  179  177  179  176  177  175  177  174  176  174
  178  176  181  179  182  178  182  177  182                                   
    77.5-180.0 180.0   5.0 450.0                            LAT/LON1/LON2/DLON/H
  182  184  186  193  194  196  199  200  203  203  205  204  204  203  201  199
  196  194  190  188  184  182  178  176  172  170  167  166  164  163  162  162
  162  162  162  163  163  163  164  165  166  167  170  171  174  176  179  180
  182  183  185  185  186  185  186  185  184  182  181  179  179  177  177  176
  178  178  181  180  181  181  184  175  182                                   
    75.0-180.0 180.0   5.0 450.0                            LAT/LON1/LON2/DLON/H
  183  182  185  188  192  192  197  197  201  202  204  203  204  200  200  194
  193  187  186  180  180  174  174  168  168  163  163  158  160  156  159  157
  160  159  163  162  165  163  167  166  169  169  174  175  180  180  185  185
  190  189  192  191  193  190  191  187  187  182  181  177  177  174  175  173
  176  175  180  177  178  177  184  176  183                                   
    72.5-180.0 180.0   5.0 450.0                            LAT/LON1/LON2/DLON/H
  184  183  183  185  185  186  190  191  196  196  199  199  198  196  193  190
  184  181  176  174  170  168  164  162  158  156  152  151  148  150  149  152
  153  157  159  161  163  164  165  167  168  171  174  178  181  184  187  190
  192  194  196  196  196  194  193  189  187  183  181  178  176  174  173  173
  175  176  179  179  178  181  185  176  184                                   
    70.0-180.0 180.0   5.0 450.0                            LAT/LON1/LON2/DLON/H
  184  181  183  183  184  184  189  191  195  197  200  200  200  197  195  189
  184  178  175  170  169  163  162  158  156  150  149  144  145  143  146  147
  152  155  161  162  166  165  167  167  169  170  175  178  184  186  192  194
  199  199  203  201  202  198  198  192  191  185  183  179  178  175  175  174
  177  177  182  180  181  180  186  178  184                                   
    67.5-180.0 180.0   5.0 450.0                            LAT/LON1/LON2/DLON/H
  186  182  181  182  181  182  186  188  193  195  199  199  200  198  194  190
  183  179  173  170  165  164  158  156  151  148  142  140  136  138  138  143
  145  150  153  156  158  158  159  159  160  163  167  173  178  185  189  194
  197  200  201  201  201  198  197  191  189  183  181  178  177  177  175  176
  177  179  183  184  184  187  187  177  186                                   
    65.0-180.0 180.0   5.0 450.0                            LAT/LON1/LON2/DLON/H
  190  183  183  181  182  181  185  186  190  194  198  200  202  200  199  193
  189  181  177  171  169  163  161  154  151  144  140  134  133  131  134  135
  140  142  148  149  152  151  153  152  154  156  162  168  175  181  189  193
  199  201  205  203  205  201  201  195  194  188  187  183  183  180  180  178
  181  181  186  185  188  186  190  181  190                                   
    62.5-180.0 180.0   5.0 450.0                            LAT/LON1/LON2/DLON/H
  193  187  184  185  182  183  184  186  189  193  197  200  203  203  201  199
  193  189  182  178  171  168  161  158  150  145  137  135  129  130  128  130
  131  134  136  137  138  138  139  140  142  146  151  161  168  179  185  193
  197  202  204  205  205  203  201  197  194  189  188  185  184  182  181  180
  180  182  184  187  190  192  192  183  193                                   
    60.0-180.0 180.0   5.0 450.0                            LAT/LON1/LON2/DLON/H
  200  192  192  191  188  187  187  186  187  190  194  198  203  204  206  201
  200  192  189  180  177  169  166  158  154  144  140  132  130  126  126  124
  125  125  127  127  128  128  129  131  133  137  145  154  165  175  185  193
  200  205  210  211  213  211  211  207  205  201  200  196  195  190  189  185
  185  184  188  188  194  191  196  189  200                                   
    57.5-180.0 180.0   5.0 450.0                            LAT/LON1/LON2/DLON/H
  204  200  198  199  195  193  192  189  188  189  192  196  201  206  207  208
  204  200  193  189  181  177  170  165  158  152  144  139  133  131  127  125
  121  118  117  115  115  116  116  120  123  131  139  151  161  175  184  194
  200  207  212  215  217  218  216  215  212  210  208  204  202  196  193  188
  186  184  186  189  195  198  199  194  204                                   
    55.0-180.0 180.0   5.0 450.0                            LAT/LON1/LON2/DLON/H
  213  209  211  212  209  205  200  195  191  189  188  191  196  202  207  207
  206  200  197  190  186  179  175  168  164  155  150  142  139  133  130  124
  120  114  112  110  108  109  110  115  119  126  137  149  161  174  186  195
  204  211  218  223  228  229  230  228  228  225  223  218  215  208  203  196
  192  189  190  192  199  199  206  201  213                                   
    52.5-180.0 180.0   5.0 450.0                            LAT/LON1/LON2/DLON/H
  221  220  221  225  222  217  214  205  200  194  191  192  195  202  206  210
  208  207  201  197  190  187  180  177  170  166  159  154  147  143  136  129
  121  114  109  106  105  106  108  114  118  127  137  150  163  178  188  199
  208  216  223  230  235  238  240  238  237  232  231  224  222  214  209  201
  198  193  194  196  204  208  213  211  221                                   
    50.0-180.0 180.0   5.0 450.0                            LAT/LON1/LON2/DLON/H
  231  230  236  241  239  236  230  222  212  203  194  194  194  200  205  209
  210  208  204  199  195  189  186  181  178  171  167  160  156  147  142  132
  124  115  110  107  106  108  110  115  121  127  139  151  164  178  189  200
  212  221  231  238  246  249  252  251  249  245  241  235  230  223  218  211
  207  203  203  205  211  212  222  220  231                                   
    47.5-180.0 180.0   5.0 450.0                            LAT/LON1/LON2/DLON/H
  242  243  249  255  255  251  247  236  228  215  206  201  200  203  207  212
  213  214  210  207  200  197  191  189  184  181  176  171  164  157  147  139
  127  119  113  110  109  111  113  118  121  130  140  152  165  179  191  202
  216  225  238  244  254  255  262  257  258  249  247  238  236  227  225  219
  218  214  215  216  223  226  233  235  242                                   
    45.0-180.0 180.0   5.0 450.0                            LAT/LON1/LON2/DLON/H
  253  255  262  268  269  268  263  256  243  232  218  212  209  210  212  215
  217  217  215  211  205  200  194  192  190  187  185  178  174  162  155  142
  134  123  119  116  116  117  119  122  126  131  142  153  167  179  192  205
  220  230  243  250  260  263  268  265  262  255  250  243  240  235  234  231
  233  231  233  234  239  238  248  249  253                                   
    42.5-180.0 180.0   5.0 450.0                            LAT/LON1/LON2/DLON/H
  267  267  272  277  279  276  274  266  258  242  232  223  220  219  218  223
  223  226  222  219  210  204  198  196  195  194  191  187  178  170  158  149
  138  131  125  123  122  122  123  125  128  135  144  156  169  182  196  208
  224  233  247  252  266  265  274  267  268  258  254  246  245  240  242  243
  248  251  253  255  260  260  266  270  267                                   
    40.0-180.0 180.0   5.0 450.0                            LAT/LON1/LON2/DLON/H
  285  285  285  286  285  283  281  277  268  258  244  237  232  230  229  231
  232  232  230  223  215  205  199  197  199  197  198  190  185  171  165  153
  148  138  135  132  130  129  129  130  133  137  146  157  171  182  197  210
  223  234  242  253  264  272  279  278  277  269  264  256  255  252  257  261
  270  275  280  282  285  281  288  290  285                                   
    37.5-180.0 180.0   5.0 450.0                            LAT/LON1/LON2/DLON/H
  311  307  301  299  295  289  287  282  278  267  260  250  248  244  243  244
  243  242  237  231  219  209  202  201  202  202  200  195  186  177  168  160
  154  146  142  139  136  134  132  133  137  142  150  160  173  184  200  212
  226  236  248  256  270  275  286  285  289  281  279  270  270  268  275  282
  294  301  308  313  316  317  317  320  311                                   
    35.0-180.0 180.0   5.0 450.0                            LAT/LON1/LON2/DLON/H
  342  338  333  319  308  297  292  290  284  279  272  267  263  260  257  256
  254  250  245  233  222  209  204  202  206  205  206  198  192  181  175  166
  164  155  152  145  142  138  138  139  143  147  154  162  174  184  200  213
  226  237  245  260  269  283  294  300  304  302  298  291  288  288  294  304
  316  328  337  347  355  353  354  355  342                                   
    32.5-180.0 180.0   5.0 450.0                            LAT/LON1/LON2/DLON/H
  376  376  366  349  331  313  305  299  296  290  286  281  281  276  272  267
  264  259  250  238  224  213  208  208  213  213  212  205  198  186  180  173
  169  162  157  151  146  143  141  144  149  154  159  165  174  183  198  211
  225  236  248  258  272  284  297  306  315  317  315  311  308  308  314  324
  340  350  362  374  384  391  391  388  376                                   
    30.0-180.0 180.0   5.0 450.0                            LAT/LON1/LON2/DLON/H
  415  421  411  389  367  344  328  319  314  308  305  301  301  294  286  278
  273  264  253  238  225  213  212  212  220  220  221  212  205  194  186  178
  174  166  160  152  148  143  144  146  153  157  161  166  172  178  192  203
  219  230  244  255  272  285  302  314  329  332  334  331  329  328  333  343
  355  368  381  396  411  418  427  427  415                                   
    27.5-180.0 180.0   5.0 450.0                            LAT/LON1/LON2/DLON/H
  447  458  454  436  413  387  368  350  342  332  329  322  322  313  303  291
  281  269  254  238  224  217  217  222  231  231  231  220  213  198  190  180
  174  165  157  151  145  145  143  148  154  158  162  163  167  171  182  192
  205  217  231  243  260  277  297  314  331  341  347  348  349  348  353  361
  372  381  395  410  425  439  451  453  447                                   
    25.0-180.0 180.0   5.0 450.0                            LAT/LON1/LON2/DLON/H
  488  496  498  480  462  435  414  394  381  368  361  353  349  336  323  304
  289  271  254  236  222  216  223  231  241  240  239  226  216  201  188  178
  167  157  149  142  139  137  141  143  150  151  154  153  155  157  167  175
  190  200  217  229  251  269  296  313  337  348  360  366  369  371  373  380
  384  395  406  422  440  455  475  482  488                                   
    22.5-180.0 180.0   5.0 450.0                            LAT/LON1/LON2/DLON/H
  506  518  527  518  504  480  460  439  425  407  396  384  379  361  343  319
  299  275  256  237  225  222  231  240  250  247  243  227  216  197  183  169
  157  146  137  134  131  133  134  139  143  143  142  141  141  143  152  159
  174  187  207  224  247  269  294  314  337  351  368  375  384  386  392  394
  399  402  412  426  443  460  480  489  506                                   
    20.0-180.0 180.0   5.0 450.0                            LAT/LON1/LON2/DLON/H
  518  528  546  543  537  518  501  485  470  451  438  422  412  391  368  337
  310  281  257  237  226  224  237  244  251  244  237  220  208  187  170  154
  142  131  124  121  122  124  129  131  136  132  131  128  130  130  139  147
  163  180  203  225  252  276  301  322  341  356  368  382  390  398  403  409
  410  415  420  432  449  463  485  495  518                                   
    17.5-180.0 180.0   5.0 450.0                            LAT/LON1/LON2/DLON/H
  503  518  541  548  552  541  533  519  510  490  475  456  441  417  390  354
  324  290  265  241  232  231  243  249  251  241  229  210  195  176  156  143
  128  118  112  110  113  117  121  123  124  119  117  115  115  116  125  133
  153  172  201  225  256  277  304  325  345  356  373  385  402  407  417  420
  423  423  426  436  447  461  476  484  503                                   
    15.0-180.0 180.0   5.0 450.0                            LAT/LON1/LON2/DLON/H
  489  501  524  536  548  545  544  539  535  520  506  484  468  439  410  371
  338  300  271  246  237  235  247  246  243  226  211  189  177  156  142  128
  116  107  102  103  108  113  117  117  117  111  110  107  109  107  116  125
  146  171  202  230  259  283  309  333  348  363  375  395  407  419  427  432
  432  436  437  444  454  462  475  480  489                                   
    12.5-180.0 180.0   5.0 450.0                            LAT/LON1/LON2/DLON/H
  467  479  500  514  528  533  540  540  542  533  522  501  482  453  419  380
  346  310  280  254  243  241  245  241  230  210  189  171  157  145  131  120
  110  103  100  100  106  111  113  111  108  102  100  100   99   99  106  116
  140  166  201  230  263  289  318  338  359  370  389  403  421  430  441  442
  446  447  448  452  458  464  469  471  467                                   
    10.0-180.0 180.0   5.0 450.0                            LAT/LON1/LON2/DLON/H
  457  463  478  487  500  509  521  527  533  530  524  504  487  455  421  381
  350  313  285  258  246  239  239  226  213  187  171  151  144  132  124  116
  109  103  102  104  106  110  110  107  104   99   98   97   97   93  100  110
  134  163  197  229  259  290  317  345  363  383  400  421  432  445  452  455
  457  459  459  464  470  472  474  476  457                                   
     7.5-180.0 180.0   5.0 450.0                            LAT/LON1/LON2/DLON/H
  449  455  465  471  477  487  497  506  512  512  506  491  473  447  411  375
  344  313  285  262  247  236  228  212  193  171  153  142  135  130  123  118
