data/unet/pred3510.15i
     1.0            IONOSPHERE MAPS     GNSS                IONEX VERSION / TYPE
pyspatialgeodesy        IME             05-JAN-18 20:20     PGM / RUN BY / DATE 
Map Name                                                    COMMENT             
Predicted global ionosphere maps (GIM).                     DESCRIPTION         
  2015    12    17     0     0     0                        EPOCH OF FIRST MAP  
  2015    12    18     0     0     0                        EPOCH OF LAST MAP   
  7200                                                      INTERVAL            
    13                                                      # OF MAPS IN FILE   
  NONE                                                      MAPPING FUNCTION    
10.0                                                        ELEVATION CUTOFF    
One-way carrier phase leveled to code                       OBSERVABLES USED    
  6371.0                                                    BASE RADIUS         
 2                                                          MAP DIMENSION       
   450.0 450.0   0.0                                        HGT1 / HGT2 / DHGT  
    87.5 -87.5  -2.5                                        LAT1 / LAT2 / DLAT  
  -180.0 180.0   5.0                                        LON1 / LON2 / DLON  
    -1                                                      EXPONENT            
                                                            END OF HEADER       
[from data line 3861]
    10                                                      START OF TEC MAP    
  2015    12    17    18     0     0                        EPOCH OF CURRENT MAP
    87.5-180.0 180.0   5.0 450.0                            LAT/LON1/LON2/DLON/H
  100   61   58   62   61   60   62   60   62   61   63   63   64   63   65   65
   65   65   65   65   65   64   64   63   63   62   62   61   61   60   60   59
   60   59   59   59   59   58   58   58   58   57   57   56   57   56   57   56
   57   56   58   57   58   57   59   58   59   58   60   59   60   59   60   59
   60   58   59   58   62   57   64   85  100                                   
    85.0-180.0 180.0   5.0 450.0                            LAT/LON1/LON2/DLON/H
   50   45   43   47   50   50   50   52   52   54   54   56   56   57   56   58
   57   58   57   58   57   57   55   56   55   55   53   54   53   53   52   52
   52   52   51   51   51   51   50   50   50   49   50   48   50   48   49   48
   49   48   49   48   49   49   49   49   49   49   49   49   49   49   48   49
   48   48   47   47   48   45   58   64   50                                   
    82.5-180.0 180.0   5.0 450.0                            LAT/LON1/LON2/DLON/H
   39   35   34   36   38   39   40   42   43   46   48   50   51   53   55   55
   56   56   56   56   55   55   54   53   52   51   50   49   48   48   48   47
   47   46   47   46   46   45   46   45   45   44   44   43   44   44   44   43
   44   44   44   44   44   44   44   44   45   44   44   44   44   43   43   42
   42   41   40   38   38   33   40   34   39                                   
    80.0-180.0 180.0   5.0 450.0                            LAT/LON1/LON2/DLON/H
   31   28   24   26   27   29   30   34   36   39   42   46   48   51   53   55
   56   56   56   56   54   53   52   50   48   46   45   44   43   42   43   41
   42   40   42   40   42   39   41   38   40   36   39   36   38   36   38   36
   39   36   39   37   40   38   41   39   41   39   41   39   40   38   39   36
   36   34   33   31   31   24   34   22   31                                   
    77.5-180.0 180.0   5.0 450.0                            LAT/LON1/LON2/DLON/H
   21   22   19   18   22   22   25   28   33   36   42   46   50   53   57   59
   60   61   60   61   58   57   55   53   50   47   46   43   42   41   41   40
   40   39   39   38   38   36   37   35   34   32   33   31   33   31   33   32
   34   33   35   35   37   37   38   38   39   39   40   39   39   38   37   36
   34   32   31   28   26   22   27   18   21                                   
    75.0-180.0 180.0   5.0 450.0                            LAT/LON1/LON2/DLON/H
   21   19   16   18   19   23   24   29   32   39   42   51   53   60   61   66
   65   69   67   69   64   65   59   59   52   51   46   45   41   41   39   39
   37   37   35   35   32   32   30   30   27   28   26   27   26   28   27   29
   29   31   31   34   33   36   35   39   37   40   39   41   38   40   36   38
   33   35   29   30   26   21   29   17   21                                   
    72.5-180.0 180.0   5.0 450.0                            LAT/LON1/LON2/DLON/H
   21   20   19   18   22   22   26   30   35   41   48   54   60   65   70   72
   76   76   79   77   77   74   72   66   62   56   52   47   44   41   41   38
   37   34   35   32   31   28   28   25   24   22   22   21   23   22   24   24
   26   26   29   29   32   32   36   36   38   38   41   39   41   39   40   37
   36   34   33   30   30   25   31   18   21                                   
    70.0-180.0 180.0   5.0 450.0                            LAT/LON1/LON2/DLON/H
   29   27   23   26   27   30   32   37   42   50   56   65   70   77   80   85
   87   90   91   92   90   89   85   80   73   68   60   56   49   48   43   43
   38   38   34   33   29   28   25   24   21   21   19   21   20   22   22   24
   24   26   26   29   30   33   34   37   38   39   41   42   42   42   41   41
   38   38   35   36   34   27   38   23   29                                   
    67.5-180.0 180.0   5.0 450.0                            LAT/LON1/LON2/DLON/H
   31   32   31   30   33   33   38   42   48   56   65   73   80   85   90   94
   99  102  107  108  108  105  102   94   88   78   71   63   57   52   49   46
   42   39   36   33   29   26   24   23   21   19   20   20   21   20   23   22
   23   23   24   26   27   30   32   34   36   37   40   40   42   40   42   40
   40   38   38   36   36   33   41   27   31                                   
    65.0-180.0 180.0   5.0 450.0                            LAT/LON1/LON2/DLON/H
   38   40   36   38   39   41   44   49   55   64   73   83   89   96  100  106
  110  116  120  126  125  125  118  111   99   90   79   72   62   59   52   51
   44   43   36   33   26   25   21   22   18   21   18   22   20   23   21   23
   20   22   20   23   23   26   27   31   32   36   37   39   39   41   40   41
   39   40   38   39   38   33   45   32   38                                   
    62.5-180.0 180.0   5.0 450.0                            LAT/LON1/LON2/DLON/H
   39   41   41   42   43   44   48   53   60   70   80   90   97  104  110  115
  121  127  135  140  143  141  135  124  112   99   88   77   70   63   59   55
   49   44   39   32   27   22   20   19   18   19   20   21   22   22   23   22
   21   19   19   19   20   21   24   25   29   30   34   35   37   36   38   37
   38   36   37   36   37   35   43   30   39                                   
    60.0-180.0 180.0   5.0 450.0                            LAT/LON1/LON2/DLON/H
   42   46   44   46   47   48   52   57   66   77   88   98  107  114  121  126
  132  138  145  152  156  154  147  134  119  105   92   83   74   70   64   62
   53   49   41   35   28   24   20   21   19   23   22   26   24   26   24   25
   21   21   18   19   18   20   21   24   27   29   32   34   35   36   36   37
   37   37   36   37   36   32   44   31   42                                   
    57.5-180.0 180.0   5.0 450.0                            LAT/LON1/LON2/DLON/H
   42   44   46   48   49   50   55   61   71   83   95  107  116  124  131  137
  142  148  155  162  166  165  157  141  125  109   97   87   80   75   73   68
   62   53   47   38   31   26   23   22   22   23   25   27   27   26   27   24
   23   19   20   17   18   17   21   22   27   27   32   32   34   33   35   35
   37   36   38   36   37   35   41   27   42                                   
    55.0-180.0 180.0   5.0 450.0                            LAT/LON1/LON2/DLON/H
   46   50   48   50   52   53   60   67   78   90  104  115  125  133  141  144
  151  154  164  168  173  170  164  146  129  112  101   93   88   85   83   79
   71   64   54   45   38   32   30   29   29   32   33   35   33   34   31   31
   26   25   22   21   20   20   23   25   29   31   35   36   36   37   38   39
   42   43   43   42   40   36   45   32   46                                   
    52.5-180.0 180.0   5.0 450.0                            LAT/LON1/LON2/DLON/H
   50   50   52   55   57   59   67   74   88   99  114  125  136  143  151  155
  160  165  171  175  177  173  166  151  134  118  110  101   98   94   95   90
   82   71   62   52   46   40   37   36   35   38   39   40   39   38   36   34
   32   29   28   25   26   24   28   29   34   36   40   40   41   40   43   44
   48   49   53   49   48   44   49   34   50                                   
    50.0-180.0 180.0   5.0 450.0                            LAT/LON1/LON2/DLON/H
   59   60   59   61   65   68   77   86   99  112  126  135  145  150  159  161
  167  170  176  177  178  171  167  152  140  125  118  112  109  107  106  101
   91   81   70   61   56   50   49   47   49   48   50   49   48   47   44   44
   40   39   36   36   34   35   36   40   43   49   50   51   50   50   51   55
   59   62   65   64   60   52   58   47   59                                   
    47.5-180.0 180.0   5.0 450.0                            LAT/LON1/LON2/DLON/H
   68   66   66   71   74   78   89  100  114  126  139  147  155  159  167  171
  177  178  181  181  178  173  167  159  148  137  131  125  123  117  115  106
   96   84   74   66   62   58   58   58   58   59   58   59   57   56   53   51
   49   48   48   47   46   47   49   54   58   60   63   61   61   58   62   63
   70   72   77   74   72   65   68   54   68                                   
    45.0-180.0 180.0   5.0 450.0                            LAT/LON1/LON2/DLON/H
   76   74   72   79   85   91  102  115  129  142  152  157  163  166  173  177
  184  185  188  183  181  174  172  163  158  149  143  137  132  125  117  108
   96   86   77   71   69   67   69   67   68   67   67   67   65   66   62   62
   59   62   60   64   61   65   64   71   71   76   73   72   68   68   69   73
   78   83   87   86   83   75   78   70   76                                   
    42.5-180.0 180.0   5.0 450.0                            LAT/LON1/LON2/DLON/H
   79   78   80   87   95  102  116  131  147  157  166  170  173  175  182  186
  192  193  193  190  185  181  177  175  168  163  155  148  139  127  116  105
   93   83   75   74   72   74   75   75   74   73   72   72   71   70   68   68
   66   69   70   73   74   75   77   80   82   82   80   77   74   72   74   76
   82   84   90   88   88   81   83   74   79                                   
    40.0-180.0 180.0   5.0 450.0                            LAT/LON1/LON2/DLON/H
   80   79   79   91  100  111  127  144  160  172  178  179  182  182  190  194
  200  201  201  196  193  188  187  182  179  171  164  153  140  126  112  102
   90   82   78   79   80   83   85   83   82   79   78   77   76   75   71   73
   71   76   76   81   79   83   82   86   84   85   80   79   74   74   74   77
   81   84   88   88   86   81   83   76   80                                   
    37.5-180.0 180.0   5.0 450.0                            LAT/LON1/LON2/DLON/H
   74   75   80   91  103  115  136  154  172  183  191  192  193  194  200  204
  209  210  209  207  203  200  197  194  187  179  169  157  142  126  114  104
   94   89   86   90   91   95   94   93   88   85   82   81   79   77   74   73
   72   75   77   79   80   79   81   80   81   79   76   74   72   73   73   75
   77   77   80   78   79   73   76   70   74                                   
    35.0-180.0 180.0   5.0 450.0                            LAT/LON1/LON2/DLON/H
   68   71   73   90  102  119  139  161  180  193  201  201  204  204  211  214
  220  219  219  215  215  211  209  203  195  185  174  161  147  134  123  117
  114  110  111  112  117  117  114  109  102   96   92   90   88   84   81   79
   77   80   80   82   79   80   78   79   76   77   73   71   70   72   72   73
   74   72   72   69   67   64   68   63   68                                   
    32.5-180.0 180.0   5.0 450.0                            LAT/LON1/LON2/DLON/H
   59   61   68   84  100  116  141  162  185  200  211  213  217  216  223  225
  229  229  228  227  226  224  219  210  199  189  180  171  160  153  149  149
  148  147  147  148  147  145  138  129  118  110  104  101   98   93   89   86
   83   83   82   81   78   76   74   74   73   72   69   70   69   72   73   73
   71   68   66   62   60   57   59   51   59                                   
    30.0-180.0 180.0   5.0 450.0                            LAT/LON1/LON2/DLON/H
   56   60   65   82   97  116  138  162  185  202  216  219  226  225  233  233
  237  234  236  235  235  231  225  215  205  197  192  188  186  189  194  197
  200  196  196  189  186  178  169  156  143  132  125  120  116  110  106  101
   98   95   92   88   84   80   77   77   75   76   73   73   74   76   77   76
   74   69   65   60   55   52   54   47   56                                   
    27.5-180.0 180.0   5.0 450.0                            LAT/LON1/LON2/DLON/H
   58   57   66   82   97  115  138  160  186  205  221  227  235  235  243  243
  244  242  241  241  240  233  227  217  210  207  210  216  228  240  255  264
  267  258  248  233  220  209  196  183  169  157  148  143  137  130  125  119
  114  110  105  101   94   91   88   87   86   85   84   84   85   87   85   83
   80   75   70   63   57   53   56   44   58                                   
    25.0-180.0 180.0   5.0 450.0                            LAT/LON1/LON2/DLON/H
   64   65   72   89  101  120  138  161  185  206  223  230  240  241  249  249
  251  245  244  243  240  235  228  222  221  226  240  259  279  296  314  327
  328  314  298  273  253  234  221  205  193  180  174  167  162  155  150  143
  139  132  128  120  114  107  105  102  102   99   99   97   98   98   97   92
   87   83   77   72   63   60   58   52   64                                   
    22.5-180.0 180.0   5.0 450.0                            LAT/LON1/LON2/DLON/H
   75   71   83   99  114  128  148  167  193  211  229  235  246  249  257  258
  257  253  248  245  240  233  230  228  236  251  276  301  329  353  380  391
  393  368  347  311  284  255  238  221  208  197  191  185  180  174  168  163
  158  154  147  142  133  127  124  121  121  117  116  114  114  113  109  102
   96   90   87   77   73   65   66   56   75                                   
    20.0-180.0 180.0   5.0 450.0                            LAT/LON1/LON2/DLON/H
   86   83   94  111  124  142  158  179  201  218  234  240  251  255  263  265
  267  259  255  247  242  236  236  242  258  283  313  343  374  404  432  437
  434  404  373  336  299  267  247  229  217  208  203  196  190  185  181  176
  174  168  166  157  152  145  143  140  139  135  133  128  127  122  116  108
  101   96   91   86   77   73   67   59   86                                   
    17.5-180.0 180.0   5.0 450.0                            LAT/LON1/LON2/DLON/H
   95   93  106  126  143  160  178  196  217  231  245  251  260  265  276  280
  280  275  266  257  249  244  248  261  285  315  350  384  422  454  477  477
  467  432  397  353  314  275  252  232  220  211  203  195  188  183  180  177
  176  176  173  170  164  160  157  157  155  152  147  142  138  132  124  115
  105   98   94   86   81   73   71   63   95                                   
    15.0-180.0 180.0   5.0 450.0                            LAT/LON1/LON2/DLON/H
  100  102  115  139  157  181  199  219  235  249  258  264  273  280  291  295
  302  294  288  273  267  262  271  289  319  350  387  421  458  477  494  484
  469  434  395  352  311  275  248  229  216  207  200  189  182  175  174  171
  174  174  174  172  167  165  166  167  167  162  157  148  144  135  127  114
  105   97   92   84   75   72   68   61  100                                   
    12.5-180.0 180.0   5.0 450.0                            LAT/LON1/LON2/DLON/H
   97  104  123  152  179  207  231  249  265  275  283  289  299  304  315  319
  327  325  316  302  292  292  302  326  355  390  422  455  479  491  495  481
  462  427  390  350  312  277  251  231  214  206  193  182  171  163  160  162
  165  170  173  173  169  168  169  171  171  167  161  153  147  139  129  116
  103   95   87   82   75   69   63   59   97                                   
    10.0-180.0 180.0   5.0 450.0                            LAT/LON1/LON2/DLON/H
   96  110  131  163  194  229  254  277  291  303  310  319  328  334  342  345
  353  349  347  333  331  329  347  369  401  430  459  476  492  488  485  460
  440  405  377  342  314  280  256  234  215  204  193  176  167  155  153  153
  159  161  168  166  167  164  169  171  173  170  164  157  152  142  132  115
  104   89   85   76   68   65   62   52   96                                   
     7.5-180.0 180.0   5.0 450.0                            LAT/LON1/LON2/DLON/H
   88  111  139  173  209  247  277  297  318  332  347  356  366  370  380  378
  384  379  378  371  370  378  394  419  446  471  484  492  489  480  465  442
