data/unet/pred0480.15i
     1.0            IONOSPHERE MAPS     GNSS                IONEX VERSION / TYPE
pyspatialgeodesy        IME             05-JAN-18 20:20     PGM / RUN BY / DATE 
Map Name                                                    COMMENT             
Predicted global ionosphere maps (GIM).                     DESCRIPTION         
  2015     2    17     0     0     0                        EPOCH OF FIRST MAP  
  2015     2    18     0     0     0                        EPOCH OF LAST MAP   
  7200                                                      INTERVAL            
    13                                                      # OF MAPS IN FILE   
  NONE                                                      MAPPING FUNCTION    
10.0                                                        ELEVATION CUTOFF    
One-way carrier phase leveled to code                       OBSERVABLES USED    
  6371.0                                                    BASE RADIUS         
 2                                                          MAP DIMENSION       
   450.0 450.0   0.0                                        HGT1 / HGT2 / DHGT  
    87.5 -87.5  -2.5                                        LAT1 / LAT2 / DLAT  
  -180.0 180.0   5.0                                        LON1 / LON2 / DLON  
    -1                                                      EXPONENT            
                                                            END OF HEADER       
[from data line 4290]
    11                                                      START OF TEC MAP    
  2015     2    17    20     0     0                        EPOCH OF CURRENT MAP
    87.5-180.0 180.0   5.0 450.0                            LAT/LON1/LON2/DLON/H
  191  173  167  170  169  170  171  173  174  175  175  177  176  176  175  175
  174  174  172  172  171  170  168  168  166  165  163  163  160  160  157  157
  154  154  152  152  149  150  148  149  146  148  146  148  147  149  148  150
  150  153  153  156  156  158  158  160  159  162  160  162  160  163  160  163
  161  164  162  164  165  167  166  171  191                                   
    85.0-180.0 180.0   5.0 450.0                            LAT/LON1/LON2/DLON/H
  151  157  159  167  164  167  167  171  172  176  176  178  178  179  178  178
  176  175  173  172  169  168  165  164  161  161  158  158  155  155  152  152
  149  149  146  146  143  143  142  142  140  141  140  141  141  143  143  144
  146  147  148  149  151  152  152  154  154  155  154  154  153  154  152  153
  152  153  153  154  154  153  155  155  151                                   
    82.5-180.0 180.0   5.0 450.0                            LAT/LON1/LON2/DLON/H
  146  147  151  158  157  161  162  169  170  176  177  182  181  186  183  186
  182  184  177  179  172  173  165  166  159  161  154  156  150  151  146  148
  142  143  138  139  133  135  131  133  129  132  129  134  131  136  134  140
  138  144  142  148  146  151  149  154  151  154  151  153  150  151  147  149
  145  148  143  146  141  141  135  134  146                                   
    80.0-180.0 180.0   5.0 450.0                            LAT/LON1/LON2/DLON/H
  133  127  132  135  140  142  150  155  162  166  173  176  181  183  185  183
  183  179  176  171  165  160  155  149  146  142  140  137  136  134  134  130
  130  126  127  122  123  118  120  115  117  114  117  115  117  117  120  120
  124  125  130  131  136  136  141  139  142  139  141  137  137  133  132  129
  128  126  125  121  120  116  115  117  133                                   
    77.5-180.0 180.0   5.0 450.0                            LAT/LON1/LON2/DLON/H
  108  106  111  113  119  122  131  139  150  157  167  172  180  183  187  188
  187  185  179  175  166  161  152  146  138  134  129  126  123  121  121  118
  118  113  115  108  110  102  105   98  100   96   98   96   98   99  102  104
  107  111  115  118  122  125  128  129  129  130  128  127  123  121  117  115
  110  108  104  101   97   93   94   98  108                                   
    75.0-180.0 180.0   5.0 450.0                            LAT/LON1/LON2/DLON/H
   92   92  103  107  115  118  132  139  155  163  178  185  196  199  206  202
  206  195  195  182  177  164  157  146  139  132  128  123  122  119  121  118
  120  115  118  112  113  107  108  101  102   97   98   96   96   96   97  100
  102  106  109  112  115  118  120  122  121  121  119  117  113  110  105  103
   99   96   94   87   86   78   85   92   92                                   
    72.5-180.0 180.0   5.0 450.0                            LAT/LON1/LON2/DLON/H
   84   96  105  112  120  126  137  150  165  176  192  202  212  219  222  224
  219  217  208  203  191  183  170  160  150  142  135  129  124  122  122  120
  122  119  120  116  116  110  109  104  101   98   96   93   92   93   91   95
   95  100  100  105  105  108  108  110  108  109  106  106  102  101   95   94
   89   88   83   81   77   74   82   93   84                                   
    70.0-180.0 180.0   5.0 450.0                            LAT/LON1/LON2/DLON/H
   94   98  115  121  135  140  159  167  188  199  218  230  244  248  254  250
  250  242  240  226  221  203  194  177  168  154  145  134  127  124  122  123
  123  125  124  121  118  113  110  105  102   97   95   91   90   88   88   89
   90   92   94   95   96   97   97   98   97   96   94   93   91   89   87   84
   83   79   80   75   78   73   88   98   94                                   
    67.5-180.0 180.0   5.0 450.0                            LAT/LON1/LON2/DLON/H
  102  115  127  138  153  161  177  190  206  221  239  254  266  274  274  277
  273  270  263  255  246  233  222  206  193  177  163  148  139  130  127  122
  123  122  121  117  112  107  102   98   94   91   87   85   81   80   78   79
   78   80   80   81   80   81   80   81   80   81   79   79   79   78   77   77
   75   74   74   75   76   79   92  106  102                                   
    65.0-180.0 180.0   5.0 450.0                            LAT/LON1/LON2/DLON/H
  122  124  145  158  177  189  205  219  235  252  268  283  292  299  303  306
  305  300  295  287  280  265  256  237  224  203  187  164  149  135  126  119
  114  113  109  106  101   96   92   86   86   81   81   75   74   70   70   67
   67   66   67   64   66   64   67   66   68   68   68   69   69   69   70   68
   70   68   73   71   77   80   97  111  122                                   
    62.5-180.0 180.0   5.0 450.0                            LAT/LON1/LON2/DLON/H
  130  139  159  178  197  211  228  246  263  279  296  307  315  322  324  328
  327  324  319  313  306  293  283  266  251  231  212  190  172  152  140  126
  118  107  104   95   90   81   79   74   74   71   70   67   64   61   58   55
   52   50   48   48   48   48   50   51   55   57   58   60   62   63   63   62
   62   63   65   68   73   81   97  116  130                                   
    60.0-180.0 180.0   5.0 450.0                            LAT/LON1/LON2/DLON/H
  145  148  175  196  215  235  253  271  288  304  320  326  335  338  341  346
  346  344  339  334  328  316  304  288  273  255  236  215  196  175  156  138
  123  110  101   91   83   74   72   67   70   66   68   64   62   56   52   46
   41   37   35   33   35   34   38   42   47   52   53   58   59   60   61   59
   62   60   65   65   72   79   97  116  145                                   
    57.5-180.0 180.0   5.0 450.0                            LAT/LON1/LON2/DLON/H
  147  155  183  207  231  248  268  286  304  320  333  341  346  350  353  358
  357  359  353  349  342  333  319  304  287  271  256  239  222  203  185  163
  144  123  111   96   86   74   71   66   67   65   67   63   61   54   49   41
   36   30   28   26   28   28   34   39   48   54   59   62   64   64   63   61
   61   61   63   66   70   79   94  115  147                                   
    55.0-180.0 180.0   5.0 450.0                            LAT/LON1/LON2/DLON/H
  161  167  197  224  248  271  291  308  323  334  344  348  354  357  361  366
  367  365  360  355  349  338  325  311  294  280  269  257  246  230  214  191
  169  145  128  110   99   85   81   76   78   76   79   76   74   65   59   49
   44   37   34   32   33   35   41   48   56   65   69   75   75   75   73   71
   69   69   71   73   77   84  102  120  161                                   
    52.5-180.0 180.0   5.0 450.0                            LAT/LON1/LON2/DLON/H
  167  176  207  237  266  288  309  327  339  350  355  363  363  370  370  377
  375  375  366  362  353  344  329  317  300  290  281  275  266  255  239  218
  193  168  146  127  114  101   95   90   90   90   92   90   87   79   72   63
   57   51   47   45   46   47   53   59   69   75   83   86   88   88   85   81
   79   79   82   84   88   94  106  129  167                                   
    50.0-180.0 180.0   5.0 450.0                            LAT/LON1/LON2/DLON/H
  190  196  230  260  288  312  336  353  364  374  374  383  383  389  389  392
  389  382  373  364  356  346  332  319  305  297  290  286  282  272  260  235
  212  184  163  145  132  120  113  109  108  109  110  109  106  100   93   84
   79   74   70   68   67   67   70   75   83   89   94   98  100  100   99   98
   95   98  100  105  109  116  130  152  190                                   
    47.5-180.0 180.0   5.0 450.0                            LAT/LON1/LON2/DLON/H
  204  217  248  279  307  332  354  372  382  392  392  401  399  407  404  407
  400  394  378  371  360  351  337  327  314  308  301  298  291  281  266  242
  216  189  169  154  144  135  129  125  122  121  122  121  118  114  108  101
   97   92   90   87   85   84   84   87   92   96  102  105  107  108  109  109
  110  114  118  125  130  138  146  176  204                                   
    45.0-180.0 180.0   5.0 450.0                            LAT/LON1/LON2/DLON/H
  229  239  272  297  325  347  372  388  403  410  414  424  426  431  429  426
  416  404  388  380  368  358  346  336  325  318  311  304  296  281  263  237
  211  186  170  161  154  149  143  140  135  133  133  132  131  127  124  117
  114  110  108  104  101   97   96   96   99  101  105  109  112  115  116  120
  121  128  134  142  151  159  174  199  229                                   
    42.5-180.0 180.0   5.0 450.0                            LAT/LON1/LON2/DLON/H
  236  257  282  311  336  359  381  399  413  425  429  441  441  448  443  443
  430  419  400  391  378  369  357  349  337  329  319  309  293  274  248  220
  193  172  163  158  160  156  154  149  143  139  137  136  134  133  128  124
  120  117  114  111  106  101   99   97   97   99  102  106  110  114  118  122
  126  134  140  150  159  172  184  217  236                                   
    40.0-180.0 180.0   5.0 450.0                            LAT/LON1/LON2/DLON/H
  253  267  295  318  342  364  387  406  423  434  446  456  461  466  463  460
  448  433  415  405  393  384  372  364  349  339  325  308  289  263  239  208
  186  169  167  167  173  171  169  160  152  145  141  138  137  133  130  124
  122  116  115  109  106   99   98   94   96   94   98  102  108  114  118  123
  126  135  141  149  163  176  196  222  253                                   
    37.5-180.0 180.0   5.0 450.0                            LAT/LON1/LON2/DLON/H
  250  269  293  319  340  361  384  404  424  441  453  467  470  476  472  472
  460  446  427  418  405  399  386  376  359  346  327  307  282  256  228  205
  186  178  179  184  190  189  184  174  161  152  145  141  137  133  127  121
  115  110  107  102   99   96   95   92   94   93   97   99  105  109  114  117
  121  126  131  139  153  171  191  225  250                                   
    35.0-180.0 180.0   5.0 450.0                            LAT/LON1/LON2/DLON/H
  256  270  296  319  340  364  384  408  426  446  461  475  483  487  484  482
  470  457  439  430  418  411  398  385  364  348  328  306  285  260  243  226
  218  212  216  219  224  220  213  199  184  169  161  153  149  141  134  123
  115  107  103  100  100   97   98   97  100  100  103  106  108  112  115  119
  118  123  124  128  142  159  187  218  256                                   
    32.5-180.0 180.0   5.0 450.0                            LAT/LON1/LON2/DLON/H
  249  263  290  313  336  357  380  400  424  445  464  478  487  493  491  489
  477  467  448  442  430  423  406  390  368  350  332  315  300  287  281  279
  280  280  279  276  271  260  247  230  213  198  186  176  166  158  146  134
  121  110  102   99  100  101  102  102  108  109  113  115  117  117  117  118
  117  116  115  117  130  150  179  219  249                                   
    30.0-180.0 180.0   5.0 450.0                            LAT/LON1/LON2/DLON/H
  252  264  293  319  340  366  386  408  428  453  471  489  495  501  497  496
  483  475  458  452  441  430  411  393  372  357  344  338  334  340  350  367
  380  386  376  360  341  319  297  274  254  235  224  211  203  191  179  162
  147  132  123  119  119  124  126  128  130  133  133  136  135  133  129  127
  122  121  117  119  130  150  184  222  252                                   
    27.5-180.0 180.0   5.0 450.0                            LAT/LON1/LON2/DLON/H
  252  263  291  318  346  369  392  412  435  457  475  491  497  503  502  500
  488  478  462  456  444  431  411  392  376  368  368  373  387  407  438  469
  488  491  473  443  410  379  344  312  290  270  258  245  237  227  216  198
  180  163  150  144  143  149  150  150  148  147  145  144  143  138  134  131
  128  125  125  125  136  159  192  233  252                                   
    25.0-180.0 180.0   5.0 450.0                            LAT/LON1/LON2/DLON/H
  265  273  304  332  358  386  407  433  450  477  493  511  508  513  508  508
  493  485  469  462  446  430  411  395  389  393  406  427  458  498  543  579
  599  588  559  513  469  421  382  345  321  300  291  277  273  262  254  238
  220  201  187  178  174  175  174  171  166  166  164  160  153  145  137  135
  135  137  140  143  155  179  215  246  265                                   
    22.5-180.0 180.0   5.0 450.0                            LAT/LON1/LON2/DLON/H
  278  291  319  347  377  403  433  454  478  504  522  533  529  528  524  518
  506  492  475  462  444  427  409  402  410  427  460  497  546  592  641  664
  675  656  610  549  488  438  395  357  333  315  306  298  294  292  291  287
  268  244  222  205  199  198  194  186  177  170  166  163  162  154  153  146
  150  151  159  164  183  209  239  276  278                                   
    20.0-180.0 180.0   5.0 450.0                            LAT/LON1/LON2/DLON/H
  304  310  347  370  403  432  459  487  510  546  558  573  559  557  542  538
  521  506  485  468  447  430  418  423  448  486  532  578  627  671  712  726
  726  687  628  548  479  427  383  350  332  320  315  312  315  318  316  306
  293  273  254  239  232  225  217  203  190  177  169  161  153  149  149  152
  161  164  173  182  203  231  265  298  304                                   
    17.5-180.0 180.0   5.0 450.0                            LAT/LON1/LON2/DLON/H
  323  339  369  403  430  459  485  509  541  573  598  608  606  590  571  552
  541  520  497  473  452  434  435  457  496  550  602  644  683  717  743  746
  725  671  593  509  442  388  346  320  311  307  311  311  313  313  315  314
  307  296  282  270  262  253  238  221  204  188  180  168  161  150  153  156
  167  177  185  197  221  257  289  325  323                                   
    15.0-180.0 180.0   5.0 450.0                            LAT/LON1/LON2/DLON/H
  347  359  400  426  461  485  511  538  569  610  626  647  639  634  602  579
  556  541  515  491  466  457  466  503  560  618  666  695  721  735  749  733
  693  619  533  456  394  342  309  289  286  292  297  295  299  297  305  304
  306  298  291  281  273  260  245  225  207  192  184  176  167  162  162  164
  174  180  189  200  224  261  296  331  347                                   
    12.5-180.0 180.0   5.0 450.0                            LAT/LON1/LON2/DLON/H
  352  380  418  458  481  503  525  551  589  623  652  673  677  669  651  616
  587  554  537  514  495  489  511  559  617  666  699  720  729  734  725  695
  635  553  471  401  339  294  263  254  261  269  274  278  280  278  281  286
  289  290  282  274  263  252  235  220  203  195  188  183  176  169  173  166
  174  178  186  200  223  263  299  337  352                                   
    10.0-180.0 180.0   5.0 450.0                            LAT/LON1/LON2/DLON/H
  362  382  435  474  505  528  555  589  628  671  692  717  713  714  693  672
  638  604  575  557  538  541  564  613  663  699  725  737  735  722  696  652
  578  498  424  358  305  267  246  247  254  262  269  271  273  261  264  261
  270  266  261  250  245  235  226  210  198  189  188  184  181  178  171  166
  169  172  178  190  214  251  291  332  362                                   
     7.5-180.0 180.0   5.0 450.0                            LAT/LON1/LON2/DLON/H
  354  390  443  493  529  554  585  621  667  698  721  737  741  743  741  722
  694  659  633  605  595  589  615  647  689  716  737  742  720  695  654  596
