data/unet/pred2280.15i
     1.0            IONOSPHERE MAPS     GNSS                IONEX VERSION / TYPE
pyspatialgeodesy        IME             05-JAN-18 20:20     PGM / RUN BY / DATE 
Map Name                                                    COMMENT             
Predicted global ionosphere maps (GIM).                     DESCRIPTION         
  2015     8    16     0     0     0                        EPOCH OF FIRST MAP  
  2015     8    17     0     0     0                        EPOCH OF LAST MAP   
  7200                                                      INTERVAL            
    13                                                      # OF MAPS IN FILE   
  NONE                                                      MAPPING FUNCTION    
10.0                                                        ELEVATION CUTOFF    
One-way carrier phase leveled to code                       OBSERVABLES USED    
  6371.0                                                    BASE RADIUS         
 2                                                          MAP DIMENSION       
   450.0 450.0   0.0                                        HGT1 / HGT2 / DHGT  
    87.5 -87.5  -2.5                                        LAT1 / LAT2 / DLAT  
  -180.0 180.0   5.0                                        LON1 / LON2 / DLON  
    -1                                                      EXPONENT            
                                                            END OF HEADER       
[from data line 4719]
    12                                                      START OF TEC MAP    
  2015     8    16    22     0     0                        EPOCH OF CURRENT MAP
    87.5-180.0 180.0   5.0 450.0                            LAT/LON1/LON2/DLON/H
  165  113   97  101  101  100  101  101  102  101  102  102  103  102  103  103
  103  103  103  102  102  102  102  101  101  100  100   99   98   98   96   96
   95   94   93   93   92   91   91   91   90   90   90   90   90   90   91   91
   92   92   93   93   95   95   96   96   97   97   98   97   98   98   99   98
   99   98   99   99  101  100  103  143  165                                   
    85.0-180.0 180.0   5.0 450.0                            LAT/LON1/LON2/DLON/H
  102   92   93   96   97   96   97   97   98   99  100  100  101  101  102  102
  102  102  102  102  101  101   99   99   97   97   95   94   92   91   89   88
   86   85   84   84   82   82   81   82   81   81   81   82   82   83   83   85
   85   86   86   88   88   89   90   91   91   92   92   93   93   94   94   94
   94   95   94   95   96   96   97  121  102                                   
    82.5-180.0 180.0   5.0 450.0                            LAT/LON1/LON2/DLON/H
   94   93   96   98   99   97  100  100  102  101  105  104  107  105  109  107
  109  107  109  107  108  105  106  103  103   99   99   95   95   91   92   87
   88   84   86   82   84   81   84   81   84   80   84   82   86   83   87   86
   89   87   90   89   92   91   93   92   94   94   96   95   97   96   97   96
   98   96   98   96   98   95   98  111   94                                   
    80.0-180.0 180.0   5.0 450.0                            LAT/LON1/LON2/DLON/H
   97   97   95   98   96   98   98  101  101  104  105  108  108  110  110  113
  111  113  111  113  110  110  107  107  103  102   99   97   94   92   89   87
   85   83   82   81   80   79   79   78   78   78   79   79   80   81   82   84
   84   86   86   88   88   90   90   93   92   95   93   96   95   97   95   98
   95   98   95   96   95   96   95  103   97                                   
    77.5-180.0 180.0   5.0 450.0                            LAT/LON1/LON2/DLON/H
   94   97   94   95   96   96  100  101  105  105  110  110  113  112  116  115
  117  115  117  115  115  112  113  109  108  103  101   97   95   91   90   87
   86   83   83   81   81   79   79   78   78   78   79   79   79   80   81   82
   83   84   85   86   87   88   89   90   91   91   93   93   94   94   94   94
   95   94   94   93   95   92   93   99   94                                   
    75.0-180.0 180.0   5.0 450.0                            LAT/LON1/LON2/DLON/H
   92   97   93   96   95   99  100  105  106  112  112  117  116  120  118  121
  118  120  118  120  117  118  114  114  109  108  102  101   95   94   89   89
   85   86   83   85   81   83   80   81   78   79   77   79   77   79   78   80
   80   82   81   83   83   85   84   86   86   88   88   90   89   91   90   92
   91   93   92   93   93   93   93  100   92                                   
    72.5-180.0 180.0   5.0 450.0                            LAT/LON1/LON2/DLON/H
   91   97   94   96   97   98  104  106  112  113  118  119  122  121  123  121
  122  120  122  119  120  117  117  113  112  106  104   98   97   92   91   88
   88   86   87   85   85   83   82   80   79   78   77   76   76   76   76   77
   77   78   78   79   79   80   80   81   82   83   84   85   86   87   88   89
   90   91   92   91   94   92   93  100   91                                   
    70.0-180.0 180.0   5.0 450.0                            LAT/LON1/LON2/DLON/H
   91   99   94   98   98  102  105  111  114  120  122  126  126  127  125  126
  124  124  122  123  122  121  118  116  112  108  103  100   96   94   90   90
   88   89   87   88   86   85   82   81   77   76   73   73   72   73   72   74
   73   74   73   73   73   73   73   74   75   76   77   79   81   83   84   86
   87   90   90   92   94   94   95  103   91                                   
    67.5-180.0 180.0   5.0 450.0                            LAT/LON1/LON2/DLON/H
   93  100   97   99  100  102  109  112  118  122  127  128  130  128  129  126
  126  123  124  122  123  120  119  115  113  106  104   98   97   92   92   90
   90   88   89   87   87   84   82   78   75   72   70   68   68   68   68   68
   68   67   66   65   64   64   65   66   67   70   72   75   78   80   83   85
   87   89   91   93   96   96   96  104   93                                   
    65.0-180.0 180.0   5.0 450.0                            LAT/LON1/LON2/DLON/H
   96  104   99  103  102  107  110  116  120  126  129  134  134  134  133  132
  130  128  127  127  126  124  122  118  115  109  104  101   97   96   93   94
   91   91   89   89   85   84   78   76   71   69   65   65   63   64   62   64
   61   61   58   57   56   55   56   58   61   64   68   71   74   78   80   83
   85   89   91   94   98  100  101  109   96                                   
    62.5-180.0 180.0   5.0 450.0                            LAT/LON1/LON2/DLON/H
  100  108  105  106  105  107  112  116  121  125  131  133  135  135  136  133
  133  131  131  129  130  127  126  120  118  110  109  102  102   97   98   95
   95   91   91   87   85   80   77   71   68   63   62   60   60   59   59   57
   56   54   52   49   48   47   48   51   54   59   64   69   73   77   80   83
   86   89   91   95  100  102  104  112  100                                   
    60.0-180.0 180.0   5.0 450.0                            LAT/LON1/LON2/DLON/H
  104  112  108  111  110  112  114  118  122  126  129  134  136  138  138  139
  137  137  135  136  134  133  129  126  121  116  112  109  107  106  103  103
   98   96   91   90   84   81   75   72   66   65   60   61   58   59   56   56
   52   51   46   44   41   42   42   47   50   57   62   68   72   77   79   82
   84   88   90   95  100  104  108  116  104                                   
    57.5-180.0 180.0   5.0 450.0                            LAT/LON1/LON2/DLON/H
  109  117  116  117  115  115  118  119  121  124  127  130  133  135  138  138
  139  138  139  138  139  136  135  128  126  118  119  114  116  113  113  108
  105   99   95   89   86   81   78   72   69   65   63   62   60   59   57   55
   52   48   44   40   38   38   40   44   48   55   62   68   73   78   80   83
   84   88   90   95  101  105  110  118  109                                   
    55.0-180.0 180.0   5.0 450.0                            LAT/LON1/LON2/DLON/H
  112  122  120  124  122  121  121  122  122  123  125  128  131  134  136  139
  139  140  140  142  140  140  136  133  128  125  124  124  124  123  119  116
  108  104   96   93   87   85   80   79   72   73   68   69   64   65   60   59
   53   50   44   41   37   38   39   45   49   57   63   70   73   78   80   83
   84   88   90   96  101  108  114  123  112                                   
    52.5-180.0 180.0   5.0 450.0                            LAT/LON1/LON2/DLON/H
  117  127  128  132  130  129  129  126  125  124  124  125  127  130  133  134
  136  136  138  138  140  138  137  132  131  127  130  129  132  130  129  122
  116  107  103   96   93   89   88   84   81   79   77   75   72   70   66   63
   58   53   48   44   40   40   41   46   51   59   65   72   76   80   83   85
   86   89   92   97  103  109  117  125  117                                   
    50.0-180.0 180.0   5.0 450.0                            LAT/LON1/LON2/DLON/H
  121  132  132  139  138  137  136  134  131  129  127  126  127  128  130  132
  133  134  135  138  138  139  136  136  133  133  134  138  139  140  134  129
  120  113  105  102   99   98   95   95   91   91   86   86   81   79   73   71
   65   61   54   51   47   46   46   51   56   64   69   76   79   84   85   89
   90   93   96  102  107  113  121  130  121                                   
    47.5-180.0 180.0   5.0 450.0                            LAT/LON1/LON2/DLON/H
  124  137  138  145  146  145  146  143  140  135  132  130  129  129  129  129
  129  129  131  133  136  137  139  136  137  137  141  142  146  145  143  134
  128  118  114  108  108  105  105  103  101   99   97   94   90   86   82   78
   73   69   63   60   55   54   53   57   61   68   74   80   85   89   92   96
   98  102  104  109  115  118  124  132  124                                   
    45.0-180.0 180.0   5.0 450.0                            LAT/LON1/LON2/DLON/H
  127  141  141  149  151  152  154  153  151  147  143  140  137  134  133  131
  130  130  131  135  136  141  141  143  143  145  147  151  151  151  147  140
  132  124  120  117  117  116  115  114  111  111  107  106  100   96   91   87
   82   79   73   70   65   62   61   64   67   74   79   87   91   97  100  106
  108  113  116  120  125  126  131  138  127                                   
    42.5-180.0 180.0   5.0 450.0                            LAT/LON1/LON2/DLON/H
  130  144  143  151  154  157  162  163  163  161  158  154  149  144  140  136
  134  133  134  136  140  144  148  149  151  152  156  157  159  157  154  146
  139  130  128  125  125  123  122  119  118  116  114  111  108  103   98   94
   90   87   82   78   73   70   68   70   73   79   86   93   99  105  112  118
  122  128  131  134  137  136  136  144  130                                   
    40.0-180.0 180.0   5.0 450.0                            LAT/LON1/LON2/DLON/H
  134  147  145  151  155  161  166  171  174  176  173  172  164  159  152  147
  143  141  141  144  147  152  156  160  162  165  167  168  167  165  160  154
  147  140  137  136  134  132  129  128  125  125  121  121  115  112  107  104
   99   96   90   86   80   77   73   75   78   85   90  100  106  116  122  131
  137  143  145  148  149  148  146  152  134                                   
    37.5-180.0 180.0   5.0 450.0                            LAT/LON1/LON2/DLON/H
  140  152  149  154  158  164  172  179  186  191  192  190  184  177  168  161
  156  152  153  153  157  161  168  171  176  178  181  181  179  176  170  165
  157  151  147  145  142  139  134  131  128  127  125  123  119  114  111  108
  105  102   96   91   85   81   78   79   82   88   95  104  114  124  136  143
  151  156  159  162  162  158  152  159  140                                   
    35.0-180.0 180.0   5.0 450.0                            LAT/LON1/LON2/DLON/H
  148  161  157  161  163  169  176  186  194  204  207  210  203  198  188  182
  175  171  168  168  169  173  179  185  191  194  195  194  192  185  180  173
  167  161  157  153  149  144  137  135  131  131  129  129  123  120  115  113
  110  106  100   95   87   83   79   80   82   89   96  108  119  133  144  153
  161  168  171  174  172  170  164  170  148                                   
    32.5-180.0 180.0   5.0 450.0                            LAT/LON1/LON2/DLON/H
  162  171  168  172  174  178  185  194  205  215  223  226  223  217  210  203
  196  190  186  182  182  185  192  197  204  208  209  209  204  200  191  186
  178  173  165  160  153  146  138  133  130  131  129  128  123  119  115  112
  109  105   99   93   86   82   79   80   81   88   96  108  121  136  150  160
  169  174  178  181  181  178  170  181  162                                   
    30.0-180.0 180.0   5.0 450.0                            LAT/LON1/LON2/DLON/H
  175  186  185  189  189  194  197  205  214  226  233  239  237  234  227  221
  214  206  199  193  192  193  199  206  213  217  219  218  215  208  202  194
  187  179  170  162  153  144  135  131  129  130  131  130  126  121  115  110
  107  102   97   90   84   80   77   78   79   85   93  106  120  137  150  161
  170  177  181  186  187  186  183  195  175                                   
    27.5-180.0 180.0   5.0 450.0                            LAT/LON1/LON2/DLON/H
  195  204  206  212  213  214  215  219  227  237  245  250  250  248  243  237
  230  221  211  204  200  202  207  214  221  226  228  227  222  217  209  202
  192  184  173  164  152  144  134  131  128  131  131  131  124  118  111  104
   99   94   89   84   79   77   74   76   75   80   87  101  116  133  149  161
  172  179  186  190  194  194  189  207  195                                   
    25.0-180.0 180.0   5.0 450.0                            LAT/LON1/LON2/DLON/H
  211  225  232  239  239  241  238  241  244  253  258  264  261  261  256  253
  243  234  222  213  210  211  216  222  229  234  235  233  229  222  215  206
  195  183  172  160  150  139  131  127  127  128  130  127  123  113  107   97
   91   85   82   78   74   73   72   73   72   75   81   94  110  128  144  158
  169  179  186  194  199  202  204  223  211                                   
    22.5-180.0 180.0   5.0 450.0                            LAT/LON1/LON2/DLON/H
  230  243  254  262  265  263  262  259  263  268  272  274  273  271  267  262
  253  241  231  222  221  222  229  233  240  242  242  236  231  224  216  206
  194  184  171  163  150  142  131  128  126  128  127  125  118  109  100   89
   83   76   73   69   67   68   67   67   66   68   73   86  103  122  140  156
  170  180  191  200  207  213  214  238  230                                   
    20.0-180.0 180.0   5.0 450.0                            LAT/LON1/LON2/DLON/H
  245  261  273  282  286  286  283  281  282  287  287  291  287  287  281  278
  266  257  245  241  238  242  245  249  253  252  247  239  232  223  216  205
  195  183  172  160  151  140  133  126  126  123  125  118  115  103   96   84
   78   71   70   67   66   66   65   64   62   61   65   78   95  117  136  155
  170  184  195  207  216  223  230  254  245                                   
    17.5-180.0 180.0   5.0 450.0                            LAT/LON1/LON2/DLON/H
  261  275  288  295  301  301  301  298  301  302  305  305  305  302  299  294
  285  274  266  261  262  262  265  264  266  260  252  240  231  221  212  202
  193  184  173  166  155  148  138  133  127  125  121  116  109   99   91   79
   74   67   67   65   64   64   62   61   58   58   61   73   90  113  135  157
  175  191  206  217  228  237  241  268  261                                   
    15.0-180.0 180.0   5.0 450.0                            LAT/LON1/LON2/DLON/H
  274  288  300  307  312  315  315  316  318  322  322  326  324  324  322  318
  310  302  294  291  291  292  290  286  281  273  261  248  236  224  214  204
  196  188  180  170  164  155  148  138  134  125  123  113  109   97   90   78
   74   68   68   67   66   64   63   60   57   54   56   67   83  108  134  158
  181  200  217  229  241  249  257  284  274                                   
    12.5-180.0 180.0   5.0 450.0                            LAT/LON1/LON2/DLON/H
  290  303  311  314  319  323  326  329  334  337  339  341  342  340  341  336
  334  327  325  321  324  319  315  304  297  283  270  255  242  229  216  207
  200  194  187  183  175  169  159  150  140  131  125  116  110   98   90   79
   75   69   69   67   65   64   61   59   57   56   56   65   81  106  132  162
  187  210  229  242  254  263  271  301  290                                   
    10.0-180.0 180.0   5.0 450.0                            LAT/LON1/LON2/DLON/H
  307  320  323  325  326  331  334  341  346  352  351  355  353  353  353  351
  352  349  350  350  351  346  337  324  311  297  282  268  252  238  224  214
  208  201  198  191  187  178  170  157  147  134  129  119  114  102   92   82
   77   71   70   66   65   61   60   57   57   55   55   63   79  103  135  164
  195  219  241  256  270  279  290  318  307                                   
     7.5-180.0 180.0   5.0 450.0                            LAT/LON1/LON2/DLON/H
  328  340  338  337  334  337  341  351  357  362  364  364  363  362  364  365
  368  369  372  373  373  364  353  337  324  308  293  277  261  246  231  222
