data/unet/pred0390.15i
     1.0            IONOSPHERE MAPS     GNSS                IONEX VERSION / TYPE
pyspatialgeodesy        IME             05-JAN-18 20:20     PGM / RUN BY / DATE 
Map Name                                                    COMMENT             
Predicted global ionosphere maps (GIM).                     DESCRIPTION         
  2015     2     8     0     0     0                        EPOCH OF FIRST MAP  
  2015     2     9     0     0     0                        EPOCH OF LAST MAP   
  7200                                                      INTERVAL            
    13                                                      # OF MAPS IN FILE   
  NONE                                                      MAPPING FUNCTION    
10.0                                                        ELEVATION CUTOFF    
One-way carrier phase leveled to code                       OBSERVABLES USED    
  6371.0                                                    BASE RADIUS         
 2                                                          MAP DIMENSION       
   450.0 450.0   0.0                                        HGT1 / HGT2 / DHGT  
    87.5 -87.5  -2.5                                        LAT1 / LAT2 / DLAT  
  -180.0 180.0   5.0                                        LON1 / LON2 / DLON  
    -1                                                      EXPONENT            
                                                            END OF HEADER       
[from data line 2574]
     7                                                      START OF TEC MAP    
  2015     2     8    12     0     0                        EPOCH OF CURRENT MAP
    87.5-180.0 180.0   5.0 450.0                            LAT/LON1/LON2/DLON/H
  113  126  125  128  126  127  128  128  130  130  131  132  133  135  136  137
  136  137  136  136  135  135  134  135  133  135  132  134  132  133  130  131
  128  128  125  125  121  121  116  116  111  111  106  106  102  101   97   96
   93   93   90   91   89   91   90   92   93   95   96   99  101  103  105  107
  109  112  113  115  117  119  135  111  113                                   
    85.0-180.0 180.0   5.0 450.0                            LAT/LON1/LON2/DLON/H
  119  116  117  116  119  121  125  127  130  133  134  136  137  137  139  136
  138  135  137  133  135  132  135  131  134  131  135  133  136  135  139  137
  140  137  137  132  131  126  122  117  114  108  105   99   98   91   90   84
   83   80   79   77   78   78   79   80   83   85   88   89   92   93   96   96
   99   99  101  102  105  106  127  116  119                                   
    82.5-180.0 180.0   5.0 450.0                            LAT/LON1/LON2/DLON/H
  114  105  103   98  105  102  111  109  116  115  120  118  122  118  122  118
  123  118  122  118  121  118  122  120  124  123  129  127  136  133  144  138
  148  139  145  136  138  130  127  121  114  109  102   95   90   83   77   72
   67   62   59   57   57   58   60   63   66   70   72   75   78   80   83   85
   87   87   90   89   95   92  103  106  114                                   
    80.0-180.0 180.0   5.0 450.0                            LAT/LON1/LON2/DLON/H
  103   97   86   89   89   93   94   98   98  102  101  104  102  103  102  100
  101  101  102  102  104  104  107  106  110  112  117  120  127  130  139  143
  150  150  152  151  150  146  141  135  129  119  114  102   98   85   83   70
   68   58   57   54   54   55   59   61   66   69   74   77   82   85   88   91
   91   92   91   91   90   89   92   95  103                                   
    77.5-180.0 180.0   5.0 450.0                            LAT/LON1/LON2/DLON/H
   98   90   77   77   77   79   80   82   83   84   85   84   83   81   79   77
   76   77   76   80   81   86   88   92   95  101  107  115  122  132  142  152
  161  166  169  172  171  172  166  165  156  151  139  130  116  107   95   87
   77   70   64   61   60   61   64   68   74   79   84   91   96  102  103  106
  103  103   98   94   92   87   87   95   98                                   
    75.0-180.0 180.0   5.0 450.0                            LAT/LON1/LON2/DLON/H
   93   87   78   75   77   76   78   77   79   76   77   74   70   66   62   59
   58   57   58   62   66   72   77   82   88   94  103  110  122  132  145  159
  172  184  191  197  200  200  201  198  197  191  185  172  159  142  130  116
  106   99   91   86   82   80   82   87   90   97  101  109  111  119  118  121
  116  115  108  103   96   93   91   95   93                                   
    72.5-180.0 180.0   5.0 450.0                            LAT/LON1/LON2/DLON/H
   96   90   80   82   79   81   81   80   79   76   74   70   66   60   56   53
   51   52   51   55   58   64   70   77   85   92  103  112  126  138  155  171
  188  204  217  225  236  238  242  241  237  233  229  220  206  189  172  155
  142  128  122  110  105   99  102  102  108  111  117  121  124  127  129  129
  125  122  117  110  104   97   96  102   96                                   
    70.0-180.0 180.0   5.0 450.0                            LAT/LON1/LON2/DLON/H
   98   93   84   88   88   88   89   86   86   82   79   75   69   61   54   50
   48   47   49   51   59   67   77   84   94  101  112  120  134  147  164  184
  205  228  245  258  268  274  277  281  278  277  272  265  250  232  214  194
  180  163  153  140  130  120  117  113  112  113  113  117  118  121  122  125
  122  120  117  113  107  102  100  105   98                                   
    67.5-180.0 180.0   5.0 450.0                            LAT/LON1/LON2/DLON/H
  100   99   90   95   95   98   96   95   93   89   84   80   74   67   62   56
   56   54   58   62   67   76   86   95  102  109  118  127  140  155  174  193
  222  243  266  278  294  297  303  307  300  303  299  296  281  269  247  230
  211  194  181  163  151  134  124  114  109  104  103  101  102  102  103  105
  106  108  109  106  104   98  100  108  100                                   
    65.0-180.0 180.0   5.0 450.0                            LAT/LON1/LON2/DLON/H
   99   95   88   95   97  102   99  101   99   96   94   88   84   79   72   68
   64   64   65   68   76   85   97  105  115  121  130  136  150  161  182  204
  237  261  279  296  308  322  326  334  323  328  322  321  312  305  285  268
  240  223  204  183  166  144  127  111  100   90   83   77   76   75   78   81
   85   89   91   94   94   93   94  103   99                                   
    62.5-180.0 180.0   5.0 450.0                            LAT/LON1/LON2/DLON/H
   90   88   81   86   90   96   99  101   99   98   95   91   88   82   81   75
   77   73   78   79   85   91  102  113  121  129  136  144  155  169  191  213
  247  271  292  306  321  334  339  342  332  337  334  336  329  323  305  288
  263  242  223  202  182  156  133  110   94   78   66   56   52   51   54   59
   63   68   73   79   83   82   82   98   90                                   
    60.0-180.0 180.0   5.0 450.0                            LAT/LON1/LON2/DLON/H
   80   71   67   68   78   81   87   88   94   94   95   93   90   88   86   83
   82   79   80   81   85   89   99  111  121  131  139  147  159  173  195  221
  254  278  298  314  330  343  346  350  338  347  343  351  344  338  322  305
  281  259  239  218  193  166  141  115   94   75   61   48   40   36   39   43
   48   52   58   65   69   70   73   83   80                                   
    57.5-180.0 180.0   5.0 450.0                            LAT/LON1/LON2/DLON/H
   69   56   47   51   53   63   71   78   83   86   86   86   85   84   85   82
   85   79   83   80   84   87   92  105  116  131  140  157  168  188  206  235
  263  287  308  326  338  348  349  347  342  348  349  356  351  343  327  309
  288  268  249  230  209  182  157  131  106   86   68   55   44   40   39   41
   46   49   55   59   64   62   60   74   69                                   
    55.0-180.0 180.0   5.0 450.0                            LAT/LON1/LON2/DLON/H
   66   46   37   35   41   46   57   63   72   75   79   80   81   80   81   77
   80   72   76   71   72   74   80   96  109  129  143  164  177  200  221  252
  278  303  321  342  352  360  354  355  345  356  356  363  358  351  338  321
  302  285  265  249  230  204  180  157  134  112   95   82   72   64   60   53
   57   56   60   64   64   65   65   66   66                                   
    52.5-180.0 180.0   5.0 450.0                            LAT/LON1/LON2/DLON/H
   71   47   32   30   29   36   45   56   63   69   71   73   75   75   77   75
   76   71   71   69   71   74   81   94  112  136  154  178  194  219  237  269
  292  314  331  350  359  366  363  360  357  363  365  369  368  358  345  326
  310  293  279  263  249  228  208  184  166  145  129  119  108  103   92   86
   79   76   75   77   79   75   72   75   71                                   
    50.0-180.0 180.0   5.0 450.0                            LAT/LON1/LON2/DLON/H
   81   56   37   32   33   36   42   51   56   62   62   68   65   69   67   68
   66   64   65   64   64   69   75   95  113  143  163  192  207  240  255  292
  308  335  345  370  373  382  373  376  369  378  378  385  381  376  362  346
  327  314  299  285  268  250  229  207  190  176  163  156  146  141  130  123
  112  104   97   95   92   96   90   83   81                                   
    47.5-180.0 180.0   5.0 450.0                            LAT/LON1/LON2/DLON/H
  100   72   56   48   47   48   53   56   64   65   70   70   72   70   72   68
   71   68   71   70   73   75   87  104  130  159  184  210  230  257  274  303
  319  341  355  374  380  384  384  384  386  390  393  395  394  384  371  351
  336  321  310  295  278  259  241  216  202  188  182  176  171  167  154  149
  134  126  115  115  111  112  112  107  100                                   
    45.0-180.0 180.0   5.0 450.0                            LAT/LON1/LON2/DLON/H
  116   98   76   76   72   75   72   76   74   80   74   81   75   78   70   73
   69   75   71   75   74   82   95  120  146  176  199  226  241  269  284  311
  322  346  359  380  384  392  393  398  399  405  406  410  405  397  381  365
  347  333  319  302  284  262  239  212  198  185  179  176  173  172  163  156
  144  136  126  124  120  128  132  122  116                                   
    42.5-180.0 180.0   5.0 450.0                            LAT/LON1/LON2/DLON/H
  131  115  102   98  100   99  101   99   98   96   95   94   92   88   85   82
   84   83   87   85   92   97  116  140  169  197  220  241  257  276  292  307
  323  345  361  381  390  400  407  412  414  418  421  420  414  402  387  368
  350  334  320  302  281  254  223  196  178  166  157  154  152  153  146  142
  133  128  118  122  121  128  137  136  131                                   
    40.0-180.0 180.0   5.0 450.0                            LAT/LON1/LON2/DLON/H
  134  136  117  122  120  125  119  121  112  115  106  112  103  105   93  100
   89   95   89   96   97  113  130  159  184  211  229  253  262  279  288  306
  319  342  362  387  401  417  428  435  438  440  441  438  431  419  402  383
  363  345  327  307  283  250  213  185  165  145  135  127  127  129  125  121
  116  114  107  109  110  119  132  133  134                                   
    37.5-180.0 180.0   5.0 450.0                            LAT/LON1/LON2/DLON/H
  132  136  125  131  135  135  136  131  127  126  120  124  118  118  113  111
  110  105  104  104  111  125  148  173  201  224  243  258  267  276  288  301
  324  348  376  403  427  444  458  464  466  465  464  456  451  439  422  403
  383  364  343  322  294  258  222  190  167  143  129  116  113  109  108  105
  102  101   93   94   94  101  110  124  132                                   
    35.0-180.0 180.0   5.0 450.0                            LAT/LON1/LON2/DLON/H
  124  130  120  134  134  140  137  133  126  125  121  129  124  129  119  124
  113  115  105  112  116  136  158  189  209  233  245  263  265  278  290  309
  330  361  396  431  460  478  494  499  503  502  498  489  485  473  457  438
  414  394  373  353  327  294  256  225  199  177  159  143  135  128  122  118
  112  109   97   93   83   88   96  111  124                                   
    32.5-180.0 180.0   5.0 450.0                            LAT/LON1/LON2/DLON/H
  118  116  109  125  129  137  137  131  128  124  123  130  130  133  131  130
  125  119  113  114  125  144  173  198  224  242  259  267  275  280  299  319
  354  389  432  474  506  529  540  552  552  551  545  539  531  523  510  493
  470  451  431  413  390  364  339  306  281  255  237  216  207  192  185  176
  168  154  133  114   99   89   87   95  118                                   
    30.0-180.0 180.0   5.0 450.0                            LAT/LON1/LON2/DLON/H
  117   97   99  108  116  120  122  117  115  110  112  121  125  132  128  133
  121  120  110  118  127  154  181  213  230  253  261  274  280  292  314  341
  385  428  477  525  561  592  604  619  617  617  607  601  588  579  568  552
  533  514  495  473  449  433  416  405  387  374  354  339  323  305  279  267
  235  227  193  170  131  111  104   94  117                                   
    27.5-180.0 180.0   5.0 450.0                            LAT/LON1/LON2/DLON/H
  109  104   96  101  109  113  113  107  105  101  104  111  118  125  128  128
  124  117  115  119  139  166  201  227  248  262  273  285  298  319  350  376
  426  479  530  578  619  652  670  687  686  689  678  673  657  653  637  628
  608  595  577  560  550  542  541  536  528  516  501  486  471  448  405  381
  335  310  268  236  201  165  141   98  109                                   
    25.0-180.0 180.0   5.0 450.0                            LAT/LON1/LON2/DLON/H
  131  120  115  106  104  100  101   93   93   86   94   98  107  116  115  122
  113  116  111  126  145  183  212  244  255  273  279  298  326  352  391  430
  484  544  595  636  678  706  728  749  749  756  742  737  721  717  706  695
  685  670  660  647  643  647  649  654  650  645  633  636  626  610  570  540
  480  445  380  329  267  227  188  142  131                                   
    22.5-180.0 180.0   5.0 450.0                            LAT/LON1/LON2/DLON/H
  185  158  139  133  127  116  107   98   93   88   91   95  104  108  110  115
  115  114  119  135  166  201  239  260  275  286  300  328  359  399  446  512
  570  628  669  699  727  757  773  792  801  805  793  786  772  769  759  757
  750  749  744  740  740  742  746  750  744  736  718  716  701  681  646  618
  573  547  502  446  377  316  257  211  185                                   
    20.0-180.0 180.0   5.0 450.0                            LAT/LON1/LON2/DLON/H
  250  219  193  166  155  140  123  108  101   88   91   89   97  100  102  110
  108  116  118  146  177  218  248  274  285  300  325  356  403  452  515  582
  631  678  720  738  765  790  807  826  826  833  825  815  807  798  798  795
  801  801  810  811  814  815  809  807  797  786  775  773  756  738  698  675
  635  604  558  520  470  397  330  290  250                                   
    17.5-180.0 180.0   5.0 450.0                            LAT/LON1/LON2/DLON/H
  308  270  237  211  188  165  153  133  118  103   99  100   94   98  100  103
  108  120  134  160  197  236  267  285  301  320  343  384  438  509  579  632
  679  720  747  767  782  804  814  832  838  846  839  835  825  823  823  829
  837  842  848  851  850  842  826  809  792  778  770  763  751  726  693  669
  636  606  571  539  502  455  387  354  308                                   
    15.0-180.0 180.0   5.0 450.0                            LAT/LON1/LON2/DLON/H
  350  312  282  255  225  188  170  153  137  117  103   98   94   92   97   99
  103  117  132  164  201  243  272  294  313  341  370  423  490  553  609  658
  708  739  765  772  788  800  810  826  832  842  839  832  829  825  835  839
  849  853  860  855  850  832  804  776  748  720  698  687  669  656  633  624
  597  585  561  536  517  479  425  386  350                                   
    12.5-180.0 180.0   5.0 450.0                            LAT/LON1/LON2/DLON/H
  362  339  304  276  247  206  180  162  153  138  130  119  113  108  102  104
  108  118  135  168  209  251  278  300  319  353  395  458  522  571  627  671
  710  738  751  760  768  779  793  815  828  837  836  836  830  833  841  847
  852  849  847  833  816  786  754  708  663  609  583  566  560  549  542  534
  522  519  510  503  492  467  430  401  362                                   
    10.0-180.0 180.0   5.0 450.0                            LAT/LON1/LON2/DLON/H
  361  349  324  302  267  226  197  173  159  146  139  127  122  116  106  109
  115  122  136  172  208  258  280  311  337  380  431  488  539  587  630  674
  705  725  734  741  753  768  788  810  824  832  835  833  832  832  842  843
  847  839  832  811  789  752  714  662  594  525  493  463  468  467  458  450
  439  440  440  438  437  417  411  378  361                                   
     7.5-180.0 180.0   5.0 450.0                            LAT/LON1/LON2/DLON/H
  346  346  322  304  274  234  206  175  162  150  150  141  138  133  119  114
  118  129  143  175  212  256  280  316  351  398  456  508  550  586  618  652
