data/unet/pred0980.15i
     1.0            IONOSPHERE MAPS     GNSS                IONEX VERSION / TYPE
pyspatialgeodesy        IME             05-JAN-18 20:20     PGM / RUN BY / DATE 
Map Name                                                    COMMENT             
Predicted global ionosphere maps (GIM).                     DESCRIPTION         
  2015     4     8     0     0     0                        EPOCH OF FIRST MAP  
  2015     4     9     0     0     0                        EPOCH OF LAST MAP   
  7200                                                      INTERVAL            
    13                                                      # OF MAPS IN FILE   
  NONE                                                      MAPPING FUNCTION    
10.0                                                        ELEVATION CUTOFF    
One-way carrier phase leveled to code                       OBSERVABLES USED    
  6371.0                                                    BASE RADIUS         
 2                                                          MAP DIMENSION       
   450.0 450.0   0.0                                        HGT1 / HGT2 / DHGT  
    87.5 -87.5  -2.5                                        LAT1 / LAT2 / DLAT  
  -180.0 180.0   5.0                                        LON1 / LON2 / DLON  
    -1                                                      EXPONENT            
                                                            END OF HEADER       
[from data line 3861]
    10                                                      START OF TEC MAP    
  2015     4     8    18     0     0                        EPOCH OF CURRENT MAP
    87.5-180.0 180.0   5.0 450.0                            LAT/LON1/LON2/DLON/H
  257  236  247  244  246  241  246  242  247  243  248  244  249  245  250  245
  250  245  250  245  249  244  247  242  244  239  242  237  239  233  235  230
  232  228  230  227  230  228  231  229  232  230  233  231  233  230  232  230
  232  229  232  229  233  230  233  230  235  232  237  233  240  236  241  237
  243  239  245  239  245  240  244  230  257                                   
    85.0-180.0 180.0   5.0 450.0                            LAT/LON1/LON2/DLON/H
  237  231  237  240  237  238  238  241  241  243  244  246  246  248  248  249
  249  249  249  249  248  247  246  244  242  241  238  237  234  232  229  228
  224  225  221  222  219  221  219  221  219  222  220  222  220  222  220  222
  221  224  223  225  226  228  228  230  230  233  232  235  235  237  236  238
  237  239  238  238  237  232  236  233  237                                   
    82.5-180.0 180.0   5.0 450.0                            LAT/LON1/LON2/DLON/H
  230  217  225  224  225  227  228  231  232  235  237  240  241  243  244  246
  246  247  246  246  244  243  240  238  235  232  229  225  221  218  215  212
  209  206  205  202  202  200  200  200  200  200  202  202  204  204  207  208
  210  212  214  215  218  219  221  222  225  226  228  228  230  230  231  231
  231  230  231  228  229  220  215  214  230                                   
    80.0-180.0 180.0   5.0 450.0                            LAT/LON1/LON2/DLON/H
  213  202  203  205  207  209  212  214  217  221  225  228  232  235  238  239
  242  242  243  242  241  238  236  232  228  224  220  216  211  207  203  199
  195  193  190  188  186  185  183  183  182  183  183  185  187  188  191  193
  196  198  200  202  204  206  206  209  209  212  211  213  213  215  214  214
  214  214  212  211  209  202  194  193  213                                   
    77.5-180.0 180.0   5.0 450.0                            LAT/LON1/LON2/DLON/H
  194  184  183  183  187  191  195  198  203  207  214  219  225  229  234  237
  240  241  243  242  241  238  236  231  226  221  217  211  207  203  199  196
  192  189  186  184  182  180  178  176  175  175  175  175  176  178  180  181
  184  185  187  188  189  189  191  190  192  191  193  192  194  193  194  193
  194  192  193  190  188  180  172  174  194                                   
    75.0-180.0 180.0   5.0 450.0                            LAT/LON1/LON2/DLON/H
  179  172  168  171  175  177  184  185  194  197  208  211  222  226  234  236
  242  242  247  244  246  240  240  232  230  222  221  213  212  205  204  197
  197  191  191  185  185  180  180  175  175  172  174  171  174  172  175  174
  177  175  177  175  176  174  174  172  171  171  170  171  170  171  170  171
  169  171  170  171  169  162  159  163  179                                   
    72.5-180.0 180.0   5.0 450.0                            LAT/LON1/LON2/DLON/H
  167  164  161  163  167  171  175  182  188  197  205  214  221  230  235  242
  245  249  250  252  250  250  245  243  235  232  226  223  218  215  211  208
  203  202  197  196  191  190  185  183  179  178  175  175  172  173  171  172
  171  170  168  166  164  162  159  157  155  153  152  150  150  148  150  148
  150  149  152  152  152  147  148  153  167                                   
    70.0-180.0 180.0   5.0 450.0                            LAT/LON1/LON2/DLON/H
  159  160  159  163  169  171  178  181  190  197  207  215  225  231  239  244
  249  252  256  256  259  256  257  249  250  240  241  231  233  224  225  216
  218  210  211  204  204  196  196  188  187  181  180  176  175  171  171  166
  166  162  160  155  153  149  146  142  139  137  135  133  132  130  130  128
  129  131  133  136  138  135  140  147  159                                   
    67.5-180.0 180.0   5.0 450.0                            LAT/LON1/LON2/DLON/H
  156  161  163  167  172  177  180  188  193  204  212  222  229  238  243  253
  255  262  263  268  267  271  267  267  260  258  251  249  242  240  234  231
  225  224  219  217  211  207  201  197  191  188  183  180  174  172  167  163
  159  154  149  144  139  134  129  125  122  120  118  116  115  113  113  111
  112  114  118  121  125  126  134  141  156                                   
    65.0-180.0 180.0   5.0 450.0                            LAT/LON1/LON2/DLON/H
  152  164  166  176  181  186  191  196  201  209  218  226  235  241  249  255
  261  267  271  275  279  279  281  277  277  268  268  259  259  250  249  240
  240  232  233  222  221  211  208  199  197  188  186  178  174  167  162  155
  149  143  137  130  125  119  116  112  110  108  107  105  104  103  102  101
  100  102  105  110  114  118  127  136  152                                   
    62.5-180.0 180.0   5.0 450.0                            LAT/LON1/LON2/DLON/H
  147  161  168  178  185  191  196  202  206  215  223  232  240  249  254  262
  267  274  278  284  286  292  290  291  285  284  277  275  267  265  258  255
  247  245  239  234  226  218  211  205  199  193  187  182  173  167  158  150
  141  133  124  117  111  107  103  101   99   99   97   98   97   97   94   93
   91   91   93   96  103  107  119  126  147                                   
    60.0-180.0 180.0   5.0 450.0                            LAT/LON1/LON2/DLON/H
  141  159  165  181  186  195  199  206  210  219  225  233  244  250  259  264
  271  277  284  289  293  297  299  299  298  293  293  285  284  275  273  263
  261  251  249  237  233  220  216  205  203  194  191  182  175  164  155  144
  134  124  116  108  104  100   99   96   98   97   99   98   99   98   96   94
   90   89   87   90   93  100  110  119  141                                   
    57.5-180.0 180.0   5.0 450.0                            LAT/LON1/LON2/DLON/H
  134  150  160  174  184  192  199  205  212  220  228  238  246  256  263  272
  277  284  289  294  297  303  305  308  305  304  300  299  292  291  283  279
  269  264  254  248  238  229  220  214  207  203  195  188  179  167  157  143
  134  122  113  106  101   99   97   99  100  103  103  106  105  106  102   99
   93   91   87   87   88   93  103  110  134                                   
    55.0-180.0 180.0   5.0 450.0                            LAT/LON1/LON2/DLON/H
  130  148  154  172  181  193  202  210  217  225  232  240  250  258  270  276
  285  290  295  299  302  308  311  315  316  315  314  310  309  303  301  290
  285  271  267  253  249  236  231  221  219  210  207  196  188  174  163  148
  138  125  118  110  108  105  107  107  112  113  118  117  120  118  116  110
  104   99   94   92   90   94  102  107  130                                   
    52.5-180.0 180.0   5.0 450.0                            LAT/LON1/LON2/DLON/H
  128  144  154  168  182  194  205  214  224  231  239  249  258  268  278  290
  297  303  306  308  310  316  320  326  328  330  328  328  324  322  316  309
  297  287  277  268  260  252  244  238  231  225  217  209  198  185  173  158
  147  136  128  122  119  120  119  124  126  132  132  135  134  135  131  126
  119  114  108  104   99   97  106  112  128                                   
    50.0-180.0 180.0   5.0 450.0                            LAT/LON1/LON2/DLON/H
  134  150  158  180  190  205  217  228  237  245  253  260  271  280  295  304
  314  317  319  318  321  326  334  340  346  348  351  348  348  341  338  323
  314  298  291  279  275  264  260  250  246  238  233  222  212  198  185  171
  160  150  143  136  135  132  137  138  144  146  149  149  151  149  148  143
  138  134  128  123  117  116  119  125  134                                   
    47.5-180.0 180.0   5.0 450.0                            LAT/LON1/LON2/DLON/H
  144  161  172  188  204  217  231  242  252  260  269  277  287  301  314  328
  334  338  337  336  337  341  350  358  367  370  372  369  365  356  348  334
  320  306  297  289  285  278  272  264  256  250  241  232  220  207  195  182
  173  163  156  150  147  146  147  152  155  160  160  162  161  161  159  157
  153  150  146  142  135  129  136  140  144                                   
    45.0-180.0 180.0   5.0 450.0                            LAT/LON1/LON2/DLON/H
  160  179  189  211  221  239  250  265  275  284  293  299  311  323  339  350
  359  359  360  355  357  359  370  378  391  394  397  391  384  371  360  344
  331  314  309  300  299  291  287  274  267  255  248  236  225  212  201  190
  181  173  166  159  156  152  155  157  162  163  166  165  167  166  167  166
  164  163  161  159  153  149  153  153  160                                   
    42.5-180.0 180.0   5.0 450.0                            LAT/LON1/LON2/DLON/H
  175  197  209  226  240  253  269  282  295  307  315  324  334  348  362  374
  385  389  386  382  381  382  393  399  412  413  415  405  395  378  365  349
  334  322  313  311  307  305  295  286  271  260  247  237  224  212  203  193
  188  178  172  163  158  154  154  157  159  163  162  166  166  170  169  169
  169  170  169  169  164  158  166  163  175                                   
    40.0-180.0 180.0   5.0 450.0                            LAT/LON1/LON2/DLON/H
  183  208  223  245  257  276  287  307  319  332  340  347  358  370  383  397
  410  414  414  408  407  408  417  424  434  433  432  419  407  388  376  359
  346  331  325  321  320  317  310  296  282  264  253  237  226  213  205  198
  194  185  178  166  159  153  152  153  156  158  159  162  165  167  170  170
  170  171  173  173  170  167  172  165  183                                   
    37.5-180.0 180.0   5.0 450.0                            LAT/LON1/LON2/DLON/H
  180  206  226  247  264  279  295  312  330  344  356  366  378  390  404  417
  432  438  439  433  434  434  442  445  452  446  444  428  417  398  386  370
  358  344  337  334  333  330  322  308  291  272  258  242  230  216  210  204
  202  193  186  172  163  151  150  148  152  152  154  155  159  162  164  165
  166  166  168  166  165  158  169  162  180                                   
    35.0-180.0 180.0   5.0 450.0                            LAT/LON1/LON2/DLON/H
  171  198  219  245  264  284  300  321  338  356  372  383  394  407  421  435
  449  457  460  457  458  458  466  466  472  464  462  449  441  424  415  401
  391  380  373  368  365  357  346  331  313  293  277  262  251  239  233  227
  224  215  207  193  183  172  169  165  168  164  166  163  169  165  168  164
  165  161  160  158  155  151  159  155  171                                   
    32.5-180.0 180.0   5.0 450.0                            LAT/LON1/LON2/DLON/H
  160  184  203  229  252  271  293  315  338  360  379  395  407  420  434  448
  462  474  480  480  481  480  488  486  490  483  482  473  469  460  455  449
  445  436  430  421  412  403  388  372  353  334  317  302  287  272  263  255
  247  240  231  219  208  198  193  192  190  187  184  185  190  192  188  176
  169  157  151  143  136  132  144  143  160                                   
    30.0-180.0 180.0   5.0 450.0                            LAT/LON1/LON2/DLON/H
  156  172  193  221  240  264  286  314  336  361  386  404  418  432  447  461
  474  488  497  500  500  500  503  502  505  502  507  507  511  509  512  508
  511  500  494  481  467  452  433  410  389  372  357  344  326  315  299  287
  279  268  265  254  247  241  235  236  230  227  220  218  216  209  204  192
  183  174  163  148  135  127  129  136  156                                   
    27.5-180.0 180.0   5.0 450.0                            LAT/LON1/LON2/DLON/H
  159  171  187  211  230  257  281  308  337  363  392  411  428  443  461  474
  489  504  515  518  518  516  517  515  519  522  537  546  564  570  578  581
  580  575  561  553  528  507  469  448  420  408  387  378  360  357  347  340
  334  329  319  310  297  294  283  280  271  268  261  261  259  257  247  231
  214  194  175  156  144  135  130  142  159                                   
    25.0-180.0 180.0   5.0 450.0                            LAT/LON1/LON2/DLON/H
  168  170  194  208  231  256  285  313  342  372  399  422  439  458  474  491
  504  518  530  534  532  531  529  532  539  552  578  601  625  639  655  663
  668  658  641  617  588  551  505  477  442  431  411  406  392  388  377  376
  374  372  368  363  353  341  329  323  314  307  295  288  283  280  277  267
  255  232  212  187  165  150  144  154  168                                   
    22.5-180.0 180.0   5.0 450.0                            LAT/LON1/LON2/DLON/H
  193  182  208  223  240  269  291  324  352  381  405  432  450  471  486  505
  520  536  546  553  554  553  552  558  577  603  636  667  692  714  729  744
  742  734  709  681  639  594  536  498  459  440  422  420  413  410  407  409
  408  416  410  409  395  388  378  372  363  352  334  328  311  291  283  275
  268  257  243  226  200  180  167  178  193                                   
    20.0-180.0 180.0   5.0 450.0                            LAT/LON1/LON2/DLON/H
  215  192  220  238  254  277  302  331  356  379  405  439  460  489  506  529
  546  564  579  585  590  582  589  602  629  665  706  734  762  772  787  793
  793  775  745  714  669  615  553  504  460  438  418  416  413  416  417  426
  429  441  440  437  422  415  405  398  387  375  353  335  314  294  281  277
  275  268  260  245  224  210  194  204  215                                   
    17.5-180.0 180.0   5.0 450.0                            LAT/LON1/LON2/DLON/H
  236  210  229  254  269  292  309  344  369  389  415  450  479  510  532  555
  574  594  613  625  625  621  618  639  668  711  747  778  795  809  814  815
  805  786  751  721  674  620  549  493  451  417  395  383  382  391  400  415
  423  440  444  443  433  425  419  404  396  371  353  326  306  284  278  275
  278  275  269  255  237  222  211  212  236                                   
    15.0-180.0 180.0   5.0 450.0                            LAT/LON1/LON2/DLON/H
  235  223  238  258  277  304  320  350  380  396  418  452  487  526  553  591
  619  650  668  682  686  675  674  688  720  757  787  808  819  823  820  809
  789  768  738  708  663  607  535  474  428  391  360  338  337  344  366  382
  401  417  432  434  429  424  415  398  384  357  334  310  285  267  263  262
  269  267  268  257  244  226  218  220  235                                   
    12.5-180.0 180.0   5.0 450.0                            LAT/LON1/LON2/DLON/H
  227  227  242  267  287  312  330  361  384  404  428  465  503  544  583  626
  668  699  727  740  739  729  726  738  760  782  800  814  814  809  795  778
  753  738  713  690  648  593  529  470  420  372  329  299  290  298  326  346
  369  389  412  409  412  402  398  379  366  338  309  282  266  250  246  247
  254  255  256  246  233  221  206  209  227                                   
    10.0-180.0 180.0   5.0 450.0                            LAT/LON1/LON2/DLON/H
  217  210  233  259  287  312  342  373  404  432  458  492  531  570  604  653
  703  749  773  798  804  790  789  794  802  813  817  820  812  799  780  757
  732  709  694  668  640  581  525  461  412  350  309  267  265  272  304  321
  348  362  389  390  388  381  371  359  340  314  280  258  243  235  230  233
  236  236  233  227  217  201  194  200  217                                   
     7.5-180.0 180.0   5.0 450.0                            LAT/LON1/LON2/DLON/H
  198  197  221  258  288  318  354  385  427  459  483  510  547  587  628  671
  732  782  828  865  861  856  837  835  823  819  812  808  795  782  760  737
