data/unet/pred3270.15i
     1.0            IONOSPHERE MAPS     GNSS                IONEX VERSION / TYPE
pyspatialgeodesy        IME             05-JAN-18 20:20     PGM / RUN BY / DATE 
Map Name                                                    COMMENT             
Predicted global ionosphere maps (GIM).                     DESCRIPTION         
  2015    11    23     0     0     0                        EPOCH OF FIRST MAP  
  2015    11    24     0     0     0                        EPOCH OF LAST MAP   
  7200                                                      INTERVAL            
    13                                                      # OF MAPS IN FILE   
  NONE                                                      MAPPING FUNCTION    
10.0                                                        ELEVATION CUTOFF    
One-way carrier phase leveled to code                       OBSERVABLES USED    
  6371.0                                                    BASE RADIUS         
 2                                                          MAP DIMENSION       
   450.0 450.0   0.0                                        HGT1 / HGT2 / DHGT  
    87.5 -87.5  -2.5                                        LAT1 / LAT2 / DLAT  
  -180.0 180.0   5.0                                        LON1 / LON2 / DLON  
    -1                                                      EXPONENT            
                                                            END OF HEADER       
     1                                                      START OF TEC MAP    
  2015    11    23     0     0     0                        EPOCH OF CURRENT MAP
    87.5-180.0 180.0   5.0 450.0                            LAT/LON1/LON2/DLON/H
  103   75   68   63   66   62   67   63   68   64   68   64   68   64   68   64
   68   64   68   63   68   63   67   62   67   62   67   62   66   62   66   62
   66   62   65   61   65   61   65   61   64   61   64   60   64   61   65   61
   66   62   66   63   67   64   68   64   68   65   68   64   67   64   67   63
   66   63   68   65   73   68   80   90  103                                   
    85.0-180.0 180.0   5.0 450.0                            LAT/LON1/LON2/DLON/H
   85   47   46   43   43   40   45   43   47   45   48   46   50   47   51   48
   51   47   50   47   49   46   48   44   46   43   45   42   44   41   44   41
   43   40   42   40   43   40   43   41   43   41   44   42   45   44   46   45
   48   47   50   48   51   49   51   49   51   48   50   46   48   45   46   43
   45   43   48   46   53   44   48   80   85                                   
    82.5-180.0 180.0   5.0 450.0                            LAT/LON1/LON2/DLON/H
   76   51   52   53   51   47   51   50   54   52   56   55   60   58   62   60
   63   60   63   59   61   56   57   53   53   49   49   45   45   42   43   40
   41   38   40   38   41   38   42   40   44   41   46   44   48   45   50   47
   52   49   54   50   55   51   56   51   56   51   55   50   55   50   54   50
   55   52   58   56   61   53   56   81   76                                   
    80.0-180.0 180.0   5.0 450.0                            LAT/LON1/LON2/DLON/H
   83   69   70   72   66   66   66   67   68   69   70   73   75   76   78   80
   81   81   81   81   79   76   73   70   66   62   58   55   52   50   48   47
   46   45   46   46   48   48   51   51   53   53   55   56   57   57   59   58
   60   59   61   60   62   61   62   61   62   61   62   60   62   61   63   63
   66   67   71   72   73   68   70   89   83                                   
    77.5-180.0 180.0   5.0 450.0                            LAT/LON1/LON2/DLON/H
   99   85   88   88   83   80   80   79   80   79   81   82   85   85   88   89
   92   90   92   90   89   85   82   76   72   66   63   58   55   51   51   48
   49   47   49   49   51   51   54   54   56   54   57   56   57   56   57   56
   58   57   58   58   59   58   60   58   60   58   60   59   62   61   65   66
   71   73   79   81   85   82   85   95   99                                   
    75.0-180.0 180.0   5.0 450.0                            LAT/LON1/LON2/DLON/H
  110  106  108  108  100   98   96   94   93   92   92   92   92   94   94   96
   97   98   98   98   95   93   88   83   76   71   66   62   57   55   53   53
   52   53   54   55   56   57   58   59   58   58   58   58   56   56   56   56
   55   55   56   56   56   57   57   57   58   58   59   60   61   63   67   71
   76   82   89   96   99   99  101  108  110                                   
    72.5-180.0 180.0   5.0 450.0                            LAT/LON1/LON2/DLON/H
  131  128  131  128  119  115  112  109  106  103  101  100   98   97   96   96
   96   97   98   97   95   92   89   83   77   71   66   61   57   55   54   54
   54   54   56   56   57   57   58   57   57   55   56   54   53   51   52   50
   51   50   52   51   52   51   53   52   54   53   56   57   60   62   69   73
   81   88   99  106  114  117  119  123  131                                   
    70.0-180.0 180.0   5.0 450.0                            LAT/LON1/LON2/DLON/H
  142  146  149  147  137  132  127  123  119  115  110  106  102   97   94   91
   90   90   92   91   90   88   85   79   73   68   63   59   55   54   53   54
   53   55   56   56   56   55   55   54   53   52   52   50   49   47   47   46
   45   45   45   45   45   45   47   47   49   51   54   57   61   65   72   78
   86   95  107  117  126  131  136  139  142                                   
    67.5-180.0 180.0   5.0 450.0                            LAT/LON1/LON2/DLON/H
  158  161  163  161  151  146  141  137  133  127  121  114  107   99   92   87
   84   83   84   84   84   82   79   74   68   62   59   54   52   50   51   51
   51   51   52   51   50   48   49   47   46   45   46   44   44   42   42   41
   41   41   41   40   40   40   42   43   47   49   55   58   65   69   77   83
   93  102  115  125  136  142  148  152  158                                   
    65.0-180.0 180.0   5.0 450.0                            LAT/LON1/LON2/DLON/H
  163  168  173  170  160  155  151  148  144  139  131  123  112  101   90   81
   77   74   75   75   75   74   71   67   62   57   53   50   48   48   47   47
   46   46   45   44   43   42   41   40   40   40   41   41   40   39   39   39
   38   38   37   36   36   36   39   41   46   50   57   63   71   77   85   91
  100  108  120  131  141  149  158  160  163                                   
    62.5-180.0 180.0   5.0 450.0                            LAT/LON1/LON2/DLON/H
  170  172  174  171  161  157  155  153  152  148  140  130  118  104   91   80
   73   70   69   69   69   67   65   61   56   52   49   46   45   43   43   41
   40   38   37   35   34   33   33   34   34   35   37   38   37   38   37   38
   36   36   34   34   34   34   37   41   47   52   61   68   78   84   93   99
  107  114  125  134  144  152  160  165  170                                   
    60.0-180.0 180.0   5.0 450.0                            LAT/LON1/LON2/DLON/H
  166  169  173  170  159  156  154  156  155  154  146  137  123  108   93   81
   73   68   66   65   64   62   59   55   51   48   45   44   42   41   39   38
   35   33   31   29   28   28   29   30   32   34   36   38   38   39   39   38
   37   35   34   32   34   34   38   41   49   55   66   75   87   94  103  109
  116  122  130  138  147  154  163  166  166                                   
    57.5-180.0 180.0   5.0 450.0                            LAT/LON1/LON2/DLON/H
  172  173  174  170  159  156  156  158  159  159  152  143  130  116  101   88
   79   73   69   67   64   61   57   53   49   47   46   45   44   42   40   37
   34   32   30   29   28   29   30   33   34   38   40   43   42   44   43   42
   39   38   36   35   36   36   40   43   51   59   70   81   93  103  113  120
  127  133  139  145  152  159  165  169  172                                   
    55.0-180.0 180.0   5.0 450.0                            LAT/LON1/LON2/DLON/H
  178  180  184  178  166  162  161  163  164  164  157  149  135  123  109   97
   87   79   75   69   65   60   55   51   49   49   49   49   49   48   45   41
   38   36   35   34   35   37   39   41   43   45   48   50   51   51   49   47
   44   41   40   38   41   41   45   48   56   64   76   87  101  112  124  131
  140  145  151  156  161  168  173  176  178                                   
    52.5-180.0 180.0   5.0 450.0                            LAT/LON1/LON2/DLON/H
  201  198  201  195  183  179  175  175  173  171  163  155  143  131  119  108
   97   88   81   74   67   61   57   54   52   54   56   58   58   57   54   51
   48   47   46   47   48   51   52   54   54   58   58   60   59   60   56   54
   49   47   45   46   47   48   51   55   61   69   80   92  106  118  131  141
  150  157  163  168  174  179  183  189  201                                   
    50.0-180.0 180.0   5.0 450.0                            LAT/LON1/LON2/DLON/H
  219  220  224  218  206  201  195  192  186  180  168  159  148  138  127  116
  105   94   85   75   68   62   58   56   57   60   65   68   69   68   65   62
   59   58   59   61   64   66   68   69   69   69   70   70   70   68   65   61
   57   55   54   55   55   57   61   64   72   79   89   99  112  124  138  149
  160  168  176  182  188  193  197  204  219                                   
    47.5-180.0 180.0   5.0 450.0                            LAT/LON1/LON2/DLON/H
  242  239  246  244  234  228  221  214  203  193  177  167  156  147  136  126
  113  100   89   79   71   66   63   63   65   70   75   78   79   79   75   73
   70   70   72   76   78   82   82   83   80   81   79   80   80   78   74   71
   67   66   66   67   67   69   72   76   81   88   96  105  118  129  143  155
  167  178  187  194  201  206  208  220  242                                   
    45.0-180.0 180.0   5.0 450.0                            LAT/LON1/LON2/DLON/H
  249  254  265  265  258  253  243  232  218  205  187  174  163  155  144  132
  118  103   91   80   74   71   70   71   75   79   84   86   87   85   83   80
   79   80   84   87   92   93   95   93   91   89   90   90   91   89   86   82
   79   78   78   79   80   81   84   86   92   97  105  112  123  133  148  159
  173  185  195  203  212  219  221  232  249                                   
    42.5-180.0 180.0   5.0 450.0                            LAT/LON1/LON2/DLON/H
  252  254  267  270  266  262  255  245  231  216  197  183  171  163  152  139
  122  107   95   86   82   81   81   83   86   89   90   91   90   88   85   84
   83   85   88   92   96   99   98   97   94   93   95   98  100  100   98   95
   93   91   92   91   92   92   94   96  101  106  112  119  129  138  152  164
  177  188  200  208  219  226  226  239  252                                   
    40.0-180.0 180.0   5.0 450.0                            LAT/LON1/LON2/DLON/H
  238  246  259  261  258  256  251  245  233  219  202  190  178  170  158  144
  128  112  101   94   93   94   95   96   96   95   93   91   88   86   83   82
   82   84   88   91   97   98  100   97   96   96  101  105  112  113  112  108
  106  103  103  102  102  101  103  104  110  114  121  128  138  147  160  170
  183  193  204  213  223  228  229  238  238                                   
    37.5-180.0 180.0   5.0 450.0                            LAT/LON1/LON2/DLON/H
  226  229  239  241  235  234  235  234  228  218  205  196  186  178  166  152
  135  122  112  108  108  110  109  107  103   99   93   88   85   82   79   79
   79   81   84   88   92   95   96   95   94   97  103  112  120  124  124  121
  117  114  112  110  110  109  111  112  119  124  132  139  150  158  170  180
  190  198  209  217  225  229  227  235  226                                   
    35.0-180.0 180.0   5.0 450.0                            LAT/LON1/LON2/DLON/H
  218  223  228  223  214  212  214  216  215  211  204  198  192  185  174  160
  146  133  126  122  122  122  120  113  106   98   91   85   82   79   79   79
   81   81   85   87   92   95   98   97  100  103  112  120  131  134  135  130
  126  121  118  113  113  111  113  116  125  132  144  151  163  171  183  191
  201  209  221  227  232  235  234  239  218                                   
    32.5-180.0 180.0   5.0 450.0                            LAT/LON1/LON2/DLON/H
  234  231  233  221  205  201  199  202  204  205  202  200  195  191  181  170
  156  146  139  134  131  128  122  114  104   96   90   87   85   86   86   88
   88   90   89   91   94   99  102  104  106  111  119  127  136  140  139  135
  129  122  116  111  109  108  113  118  130  140  155  166  179  188  200  209
  218  226  237  243  248  250  251  257  234                                   
    30.0-180.0 180.0   5.0 450.0                            LAT/LON1/LON2/DLON/H
  271  270  266  244  220  209  202  200  201  202  201  200  198  195  187  177
  167  157  149  140  134  126  118  109  102   96   95   96  100  102  106  106
  108  106  105  104  106  110  114  115  118  121  128  132  139  140  139  133
  127  118  111  105  102  103  110  119  133  148  165  178  192  204  218  230
  242  251  264  270  274  278  288  293  271                                   
    27.5-180.0 180.0   5.0 450.0                            LAT/LON1/LON2/DLON/H
  343  338  329  304  272  251  235  224  217  215  210  208  202  200  191  185
  176  166  153  140  127  117  108  103  100  104  110  119  126  133  135  137
  135  131  126  123  122  125  127  128  128  129  130  132  133  132  129  124
  118  111  103   97   96   98  108  119  135  150  168  183  199  214  233  249
  266  280  296  304  311  320  336  341  343                                   
    25.0-180.0 180.0   5.0 450.0                            LAT/LON1/LON2/DLON/H
  437  451  437  403  367  331  302  274  255  240  229  219  211  204  196  190
  183  171  154  134  116  103   99   99  107  118  135  149  163  170  174  171
  168  161  155  147  144  142  143  140  138  134  131  126  123  118  115  111
  107  100   94   90   90   95  106  120  136  153  171  187  204  222  244  265
  290  310  332  347  359  378  405  404  437                                   
    22.5-180.0 180.0   5.0 450.0                            LAT/LON1/LON2/DLON/H
  529  560  555  533  490  445  395  352  315  288  266  246  229  217  205  199
  188  175  151  127  105   95   96  107  124  147  168  191  207  216  217  213
  205  193  179  166  158  155  151  147  140  133  124  116  109  101  100   97
   96   90   85   80   83   91  107  122  142  161  179  197  217  235  259  284
  313  338  367  386  406  432  465  464  529                                   
    20.0-180.0 180.0   5.0 450.0                            LAT/LON1/LON2/DLON/H
  615  661  670  662  637  584  515  449  394  351  317  285  260  238  220  210
  199  181  153  125  106   99  111  131  158  184  211  235  254  262  263  252
  237  217  198  178  169  160  156  148  139  126  115  102   94   85   85   81
   82   76   72   70   77   90  108  131  153  174  194  213  235  254  280  307
  339  369  401  424  450  478  519  527  615                                   
    17.5-180.0 180.0   5.0 450.0                            LAT/LON1/LON2/DLON/H
  655  705  732  750  738  695  630  558  480  424  377  337  304  275  251  235
  220  198  166  140  123  127  147  176  205  232  258  280  298  300  293  277
  255  228  201  180  165  157  148  142  129  116   99   89   79   73   68   68
   67   65   62   62   72   88  113  141  168  191  214  233  256  275  301  331
  365  395  430  452  483  514  552  565  655                                   
    15.0-180.0 180.0   5.0 450.0                            LAT/LON1/LON2/DLON/H
  662  714  761  794  806  774  720  649  574  504  446  399  362  327  297  276
  255  230  200  175  166  179  207  237  265  286  302  316  325  320  307  285
  258  225  197  175  164  153  145  136  124  109   94   80   75   66   63   62
   62   59   57   61   72   94  122  153  182  207  233  252  275  297  325  354
  390  422  454  479  507  542  579  590  662                                   
    12.5-180.0 180.0   5.0 450.0                            LAT/LON1/LON2/DLON/H
  635  680  727  773  799  790  754  695  630  568  509  462  422  388  356  329
  306  280  252  233  232  252  285  311  327  330  329  330  328  315  296  274
  244  217  187  172  158  152  141  136  121  110   91   82   73   68   64   64
   63   60   58   62   78  101  131  163  193  222  247  269  293  314  343  373
  409  439  472  494  521  551  580  586  635                                   
    10.0-180.0 180.0   5.0 450.0                            LAT/LON1/LON2/DLON/H
  587  624  674  725  766  771  757  708  662  611  567  524  486  450  420  394
  369  343  319  311  321  348  376  388  379  359  336  319  305  289  269  249
  224  202  180  170  162  156  150  143  131  118  103   92   87   79   74   73
   71   68   65   71   88  109  139  167  200  229  256  280  306  333  362  392
  425  457  488  511  532  553  574  571  587                                   
     7.5-180.0 180.0   5.0 450.0                            LAT/LON1/LON2/DLON/H
  532  560  601  653  696  717  718  693  660  629  599  569  538  505  475  451
  429  410  395  397  414  437  450  440  405  358  314  283  264  250  237  224
