data/unet/pred0800.15i
     1.0            IONOSPHERE MAPS     GNSS                IONEX VERSION / TYPE
pyspatialgeodesy        IME             05-JAN-18 20:20     PGM / RUN BY / DATE 
Map Name                                                    COMMENT             
Predicted global ionosphere maps (GIM).                     DESCRIPTION         
  2015     3    21     0     0     0                        EPOCH OF FIRST MAP  
  2015     3    22     0     0     0                        EPOCH OF LAST MAP   
  7200                                                      INTERVAL            
    13                                                      # OF MAPS IN FILE   
  NONE                                                      MAPPING FUNCTION    
10.0                                                        ELEVATION CUTOFF    
One-way carrier phase leveled to code                       OBSERVABLES USED    
  6371.0                                                    BASE RADIUS         
 2                                                          MAP DIMENSION       
   450.0 450.0   0.0                                        HGT1 / HGT2 / DHGT  
    87.5 -87.5  -2.5                                        LAT1 / LAT2 / DLAT  
  -180.0 180.0   5.0                                        LON1 / LON2 / DLON  
    -1                                                      EXPONENT            
                                                            END OF HEADER       
[from data line 3432]
     9                                                      START OF TEC MAP    
  2015     3    21    16     0     0                        EPOCH OF CURRENT MAP
    87.5-180.0 180.0   5.0 450.0                            LAT/LON1/LON2/DLON/H
  144  147  145  146  146  145  145  146  147  147  148  149  149  150  150  150
  151  150  151  151  151  150  151  149  150  148  148  147  146  145  145  144
  143  142  142  140  139  138  138  137  136  136  136  136  135  135  135  135
  135  135  135  136  136  137  137  138  139  140  140  142  142  143  143  143
  144  145  145  146  148  147  154  165  144                                   
    85.0-180.0 180.0   5.0 450.0                            LAT/LON1/LON2/DLON/H
  114  135  132  135  137  135  138  138  141  142  143  144  146  146  147  148
  149  149  150  150  151  151  150  150  149  148  148  146  145  143  141  139
  137  135  134  131  129  127  125  123  122  121  121  119  120  119  120  119
  120  120  122  122  124  125  127  128  131  131  133  133  136  135  136  135
  137  136  138  137  139  136  141  138  114                                   
    82.5-180.0 180.0   5.0 450.0                            LAT/LON1/LON2/DLON/H
  116  121  122  121  123  122  124  126  129  131  132  134  135  137  138  140
  141  143  143  144  144  145  144  145  143  145  142  143  139  141  137  138
  133  134  129  129  123  124  118  118  113  115  111  112  108  110  107  109
  107  110  109  111  111  113  113  116  117  119  120  122  124  124  126  124
  127  125  128  126  129  119  129  122  116                                   
    80.0-180.0 180.0   5.0 450.0                            LAT/LON1/LON2/DLON/H
  100  106  106  106  106  109  109  114  115  120  120  126  126  131  131  136
  135  139  137  141  139  143  140  144  140  144  139  144  138  142  135  140
  132  136  127  131  121  124  115  117  108  111  104  106  100  103   99  102
   99  103  102  104  104  107  107  110  111  114  114  117  118  118  118  118
  117  118  117  117  114  113  112  112  100                                   
    77.5-180.0 180.0   5.0 450.0                            LAT/LON1/LON2/DLON/H
   87   96   89   86   88   90   94   97  102  105  110  114  118  121  124  127
  129  130  133  134  135  136  136  137  137  137  138  138  137  137  136  135
  132  131  129  127  122  120  115  112  107  105  102  100   98   98   97   97
   98   99  101  102  103  106  106  109  109  112  111  114  113  113  112  111
  111  109  109  106  105   94   93   97   87                                   
    75.0-180.0 180.0   5.0 450.0                            LAT/LON1/LON2/DLON/H
   78   81   77   74   78   80   85   86   93   96  103  105  112  114  120  122
  126  128  132  133  137  136  139  138  141  140  143  141  143  141  143  140
  140  137  136  131  129  124  122  114  111  105  105   99  101   98  102  100
  104  103  108  107  111  109  113  111  114  111  113  111  112  110  111  109
  108  106  105  102  100   94   90   92   78                                   
    72.5-180.0 180.0   5.0 450.0                            LAT/LON1/LON2/DLON/H
   75   78   72   68   70   72   78   81   88   93   98  102  108  112  117  121
  125  129  133  137  141  144  147  148  149  150  150  148  148  147  147  145
  144  143  139  137  132  129  123  118  112  110  107  106  105  107  107  109
  110  112  114  115  116  117  117  117  115  115  111  112  108  109  105  106
  103  103  101  100   94   84   83   81   75                                   
    70.0-180.0 180.0   5.0 450.0                            LAT/LON1/LON2/DLON/H
   71   70   68   64   69   69   76   78   85   88   93   97  104  108  116  118
  127  129  138  141  149  152  157  158  160  159  158  155  153  150  150  147
  148  144  143  137  134  127  124  117  114  109  110  107  110  110  114  115
  117  118  120  119  120  119  119  115  115  110  110  106  106  103  103  100
  101   98   98   94   92   86   86   77   71                                   
    67.5-180.0 180.0   5.0 450.0                            LAT/LON1/LON2/DLON/H
   71   70   69   66   70   71   78   80   86   89   95  100  106  110  117  121
  128  134  141  147  154  160  166  168  170  168  168  161  160  153  153  148
  148  144  143  138  133  128  123  119  114  113  112  112  113  114  115  116
  116  116  116  114  113  110  108  107  103  103   97  101   96   98   93   96
   92   94   92   91   86   79   78   69   71                                   
    65.0-180.0 180.0   5.0 450.0                            LAT/LON1/LON2/DLON/H
   66   62   66   63   70   73   80   82   87   91   96  102  109  112  121  123
  133  136  147  152  162  168  176  180  182  180  176  170  163  159  155  152
  151  149  147  144  139  133  128  122  120  118  118  118  118  118  118  115
  115  112  111  106  104   98   96   92   91   88   86   85   86   84   85   83
   84   82   83   79   78   73   76   64   66                                   
    62.5-180.0 180.0   5.0 450.0                            LAT/LON1/LON2/DLON/H
   62   61   63   62   67   71   79   83   89   94  100  105  113  116  124  127
  134  138  147  153  164  170  181  183  188  185  185  178  175  166  164  158
  158  154  155  150  147  140  135  129  125  125  125  123  122  119  116  110
  106  101   97   91   87   83   79   78   74   76   70   73   69   73   68   72
   68   72   70   71   66   63   63   55   62                                   
    60.0-180.0 180.0   5.0 450.0                            LAT/LON1/LON2/DLON/H
   54   51   57   56   64   65   75   78   86   91   99  106  114  118  126  128
  136  137  147  152  163  171  182  188  193  192  192  188  184  179  174  175
  172  171  167  166  162  155  149  141  137  134  134  131  129  124  117  109
  101   93   87   80   75   70   67   65   63   63   60   62   60   60   58   58
   59   59   61   58   57   56   57   51   54                                   
    57.5-180.0 180.0   5.0 450.0                            LAT/LON1/LON2/DLON/H
   48   50   54   53   56   58   66   70   79   86   95  104  114  119  127  130
  136  138  144  150  159  167  180  187  195  195  199  199  200  198  197  195
  194  189  186  182  177  171  164  157  152  150  147  143  137  129  118  106
   96   86   79   71   66   63   59   60   58   60   55   59   54   58   53   56
   52   55   54   55   50   50   48   44   48                                   
    55.0-180.0 180.0   5.0 450.0                            LAT/LON1/LON2/DLON/H
   46   46   52   49   56   53   61   61   72   78   91  101  114  120  129  132
  138  137  142  146  155  163  176  185  195  201  207  211  216  220  224  226
  224  221  214  209  201  193  186  178  174  168  166  158  152  139  126  114
  100   91   83   76   71   67   64   65   63   66   62   65   61   63   59   59
   58   58   59   56   55   54   54   47   46                                   
    52.5-180.0 180.0   5.0 450.0                            LAT/LON1/LON2/DLON/H
   51   50   49   49   48   52   54   59   66   74   87   99  113  121  131  135
  140  140  143  147  152  161  173  184  196  206  219  226  235  242  250  253
  254  250  241  235  226  217  209  200  195  190  185  178  168  156  139  125
  110  102   94   88   84   81   78   79   78   82   76   80   71   74   66   67
   61   64   62   61   56   56   54   50   51                                   
    50.0-180.0 180.0   5.0 450.0                            LAT/LON1/LON2/DLON/H
   61   55   54   51   54   53   56   59   67   76   88  100  115  123  135  139
  144  144  147  149  155  161  173  183  198  213  229  241  254  263  272  276
  275  271  261  257  246  238  229  222  215  209  205  195  187  171  158  140
  129  120  113  108  103   99   95   95   94   97   94   97   90   91   82   82
   76   75   75   72   70   68   68   62   61                                   
    47.5-180.0 180.0   5.0 450.0                            LAT/LON1/LON2/DLON/H
   73   68   60   60   57   61   61   67   73   84   94  106  120  129  139  145
  151  152  155  158  162  169  178  190  205  222  239  256  268  280  287  292
  288  282  273  267  258  252  245  240  235  227  222  210  200  185  171  155
  142  136  130  125  120  116  111  111  110  114  109  113  105  105   96   94
   87   90   85   85   80   80   79   72   73                                   
    45.0-180.0 180.0   5.0 450.0                            LAT/LON1/LON2/DLON/H
   84   76   72   69   70   69   71   76   83   95  106  117  128  137  147  153
  161  163  168  169  175  180  191  204  219  235  253  266  280  286  297  298
  299  291  285  277  272  264  260  253  250  240  234  219  210  192  180  163
  153  145  140  135  128  122  117  115  115  119  120  123  120  121  113  112
  105  106  102   99   97   96   99   91   84                                   
    42.5-180.0 180.0   5.0 450.0                            LAT/LON1/LON2/DLON/H
   95   89   82   82   80   82   82   90   96  110  119  133  144  152  161  168
  176  179  183  186  191  197  210  222  237  250  264  274  282  289  292  297
  296  295  288  288  281  278  270  266  260  252  244  229  217  200  185  170
  158  149  143  136  129  122  115  114  114  121  121  129  124  127  121  121
  116  114  109  110  107  108  115  101   95                                   
    40.0-180.0 180.0   5.0 450.0                            LAT/LON1/LON2/DLON/H
   99   90   90   87   90   89   94  100  108  122  135  149  161  169  178  184
  191  194  201  200  208  214  228  243  257  269  279  283  287  288  292  296
  297  299  298  300  296  293  287  281  271  262  250  233  222  204  189  170
  157  144  136  127  119  111  105  102  104  110  116  124  127  130  129  129
  124  119  115  113  115  117  123  110   99                                   
    37.5-180.0 180.0   5.0 450.0                            LAT/LON1/LON2/DLON/H
  100   95   94   92   92   94   98  106  117  133  149  166  179  188  197  203
  210  212  216  217  225  233  246  261  273  283  289  289  288  286  286  292
  297  306  310  316  315  315  310  304  289  276  260  245  228  211  193  175
  158  142  130  119  114  105  101   97  100  104  108  119  122  129  126  129
  120  117  108  108  107  113  120  109  100                                   
    35.0-180.0 180.0   5.0 450.0                            LAT/LON1/LON2/DLON/H
   92   87   88   85   90   90  100  109  125  146  167  183  199  207  217  223
  232  232  240  237  248  254  270  283  295  303  304  300  297  292  296  299
  310  320  334  342  345  345  339  328  310  290  270  251  235  217  201  181
  163  145  130  118  112  109  104  104  103  106  109  114  118  123  123  124
  116  110  100   97   99  102  108  101   92                                   
    32.5-180.0 180.0   5.0 450.0                            LAT/LON1/LON2/DLON/H
   77   78   78   77   78   84   93  104  126  152  176  196  212  224  235  244
  253  256  259  261  268  276  289  303  310  318  318  317  314  313  317  327
  343  363  385  395  397  388  379  360  337  312  290  269  251  233  218  202
  187  170  157  147  139  128  133  132  141  133  131  130  128  127  126  125
  118  114  104  100   92   96   95   87   77                                   
    30.0-180.0 180.0   5.0 450.0                            LAT/LON1/LON2/DLON/H
   72   69   66   66   69   75   88  101  127  157  187  209  230  241  257  263
  277  278  287  286  298  305  318  326  333  341  344  347  347  349  360  374
  402  427  453  464  460  448  424  401  370  342  312  288  269  257  247  239
  229  206  183  174  165  168  166  165  164  163  170  174  160  151  144  141
  136  132  123  118  110  105   97   80   72                                   
    27.5-180.0 180.0   5.0 450.0                            LAT/LON1/LON2/DLON/H
   75   74   65   59   62   67   80   98  127  162  196  222  245  261  274  288
  302  308  316  319  327  334  340  347  352  365  376  384  392  397  418  441
  479  505  531  535  526  503  475  445  415  381  349  321  308  297  301  286
  276  266  265  259  260  256  254  242  230  217  208  202  204  196  198  194
  185  172  155  140  126  117  105   81   75                                   
    25.0-180.0 180.0   5.0 450.0                            LAT/LON1/LON2/DLON/H
   79   76   71   63   59   65   77   95  125  164  204  235  260  277  297  309
  329  336  349  353  361  365  367  371  377  394  410  427  442  459  485  514
  553  578  601  600  578  555  516  491  454  422  388  365  352  346  336  344
  346  352  357  351  361  347  335  319  296  276  258  239  226  215  210  206
  203  197  184  168  149  128  113   97   79                                   
    22.5-180.0 180.0   5.0 450.0                            LAT/LON1/LON2/DLON/H
   85   94   85   72   70   71   86  108  139  179  220  252  277  291  309  324
  345  357  374  381  388  388  389  389  398  417  442  470  498  525  550  578
  617  641  660  649  620  586  553  527  498  472  441  419  396  394  393  411
  421  433  436  432  427  416  391  375  348  335  309  297  274  262  246  244
  234  232  217  197  174  160  135  120   85                                   
    20.0-180.0 180.0   5.0 450.0                            LAT/LON1/LON2/DLON/H
  102  110   99   86   76   82   99  126  162  199  236  263  287  302  319  337
  359  371  389  397  405  409  408  411  419  447  476  521  554  583  607  636
  674  699  710  694  655  620  585  570  543  530  495  478  454  456  463  479
  498  491  497  482  472  448  429  411  393  378  355  345  317  300  284  271
  262  251  238  217  197  189  164  141  102                                   
    17.5-180.0 180.0   5.0 450.0                            LAT/LON1/LON2/DLON/H
  128  137  124  109   95   95  110  146  189  223  255  281  302  316  334  352
  374  387  404  414  421  421  419  424  439  473  511  562  594  624  648  675
  714  733  741  721  685  651  621  609  590  573  544  526  505  499  502  506
  515  516  519  504  487  464  449  429  411  397  384  371  350  332  310  299
  280  270  249  233  216  195  189  155  128                                   
    15.0-180.0 180.0   5.0 450.0                            LAT/LON1/LON2/DLON/H
  146  146  130  113  104  106  116  155  204  245  274  300  315  331  343  370
  391  412  431  437  442  443  436  448  463  513  549  599  628  651  679  702
  735  749  754  736  706  682  656  654  634  633  602  582  556  531  523  517
  534  524  521  491  470  448  427  412  400  395  385  381  363  348  323  306
  283  270  254  236  222  206  198  167  146                                   
    12.5-180.0 180.0   5.0 450.0                            LAT/LON1/LON2/DLON/H
  158  154  137  121  109  107  122  155  201  250  281  311  327  348  359  383
  407  427  452  456  463  460  460  476  501  547  581  629  654  675  702  720
  745  754  757  744  723  709  689  684  667  658  639  608  569  538  521  516
  523  510  499  463  426  402  387  383  374  376  366  366  349  336  310  296
  273  263  243  237  219  198  201  166  158                                   
    10.0-180.0 180.0   5.0 450.0                            LAT/LON1/LON2/DLON/H
  154  152  136  119  110  101  120  158  206  252  288  318  341  367  377  407
  419  446  467  472  483  478  487  508  539  580  613  655  682  700  721  733
  749  759  757  754  733  730  711  711  690  686  662  632  594  548  536  518
  521  502  483  426  398  373  380  373  371  365  355  355  335  323  297  282
  254  246  232  224  210  190  197  167  154                                   
     7.5-180.0 180.0   5.0 450.0                            LAT/LON1/LON2/DLON/H
  145  152  134  122  112  102  116  154  204  250  287  320  351  382  395  421
  436  458  472  481  488  492  505  537  574  613  646  684  711  727  740  745
