data/unet/pred1870.15i
     1.0            IONOSPHERE MAPS     GNSS                IONEX VERSION / TYPE
pyspatialgeodesy        IME             05-JAN-18 20:20     PGM / RUN BY / DATE 
Map Name                                                    COMMENT             
Predicted global ionosphere maps (GIM).                     DESCRIPTION         
  2015     7     6     0     0     0                        EPOCH OF FIRST MAP  
  2015     7     7     0     0     0                        EPOCH OF LAST MAP   
  7200                                                      INTERVAL            
    13                                                      # OF MAPS IN FILE   
  NONE                                                      MAPPING FUNCTION    
10.0                                                        ELEVATION CUTOFF    
One-way carrier phase leveled to code                       OBSERVABLES USED    
  6371.0                                                    BASE RADIUS         
 2                                                          MAP DIMENSION       
   450.0 450.0   0.0                                        HGT1 / HGT2 / DHGT  
    87.5 -87.5  -2.5                                        LAT1 / LAT2 / DLAT  
  -180.0 180.0   5.0                                        LON1 / LON2 / DLON  
    -1                                                      EXPONENT            
                                                            END OF HEADER       
[from data line 1287]
     4                                                      START OF TEC MAP    
  2015     7     6     6     0     0                        EPOCH OF CURRENT MAP
    87.5-180.0 180.0   5.0 450.0                            LAT/LON1/LON2/DLON/H
  134  154  152  150  150  145  147  144  148  144  147  144  147  145  147  144
  147  144  147  145  147  146  149  147  150  149  152  150  152  150  152  150
  151  150  150  149  150  149  150  149  150  150  151  150  152  152  153  152
  154  154  155  154  156  155  156  154  155  154  155  152  154  151  152  148
  150  147  150  146  151  145  154  126  134                                   
    85.0-180.0 180.0   5.0 450.0                            LAT/LON1/LON2/DLON/H
  144  147  137  139  137  133  135  135  137  137  139  139  142  139  143  140
  144  140  144  140  145  141  145  143  146  144  146  145  147  146  147  145
  146  144  145  143  145  143  144  143  145  143  146  144  147  146  149  147
  151  148  152  149  152  149  152  149  151  147  149  144  145  140  140  136
  136  132  133  130  131  127  136  142  144                                   
    82.5-180.0 180.0   5.0 450.0                            LAT/LON1/LON2/DLON/H
  140  141  137  138  135  137  136  144  142  148  144  151  147  152  147  152
  147  152  147  152  148  153  149  153  149  153  149  152  149  152  148  152
  148  151  147  150  147  150  148  152  149  153  152  156  155  158  158  161
  160  164  163  166  164  166  163  164  161  161  157  156  151  150  145  144
  138  138  134  135  130  136  136  129  140                                   
    80.0-180.0 180.0   5.0 450.0                            LAT/LON1/LON2/DLON/H
  143  138  135  134  134  133  139  139  145  142  147  144  148  144  147  143
  148  143  148  143  149  143  149  143  150  143  149  143  148  143  147  143
  147  142  146  141  146  141  147  142  148  145  153  150  158  155  163  161
  168  165  171  168  173  170  173  170  171  167  168  163  162  156  154  149
  146  141  139  136  133  130  132  127  143                                   
    77.5-180.0 180.0   5.0 450.0                            LAT/LON1/LON2/DLON/H
  142  136  133  133  134  136  139  143  144  147  145  149  146  148  145  149
  145  147  143  145  142  143  141  141  140  140  138  139  137  138  138  139
  139  139  140  140  140  141  142  143  145  148  151  155  159  163  166  170
  173  176  178  180  182  183  183  182  181  180  178  175  171  168  164  161
  156  153  150  145  139  136  137  126  142                                   
    75.0-180.0 180.0   5.0 450.0                            LAT/LON1/LON2/DLON/H
  146  137  133  131  132  134  138  140  142  143  143  145  143  143  142  142
  141  140  138  137  135  132  132  129  128  126  127  125  127  127  131  130
  134  133  138  137  140  139  143  142  147  147  155  156  163  165  172  173
  180  180  185  186  189  188  190  189  189  186  185  181  177  173  169  164
  159  155  151  147  142  138  141  129  146                                   
    72.5-180.0 180.0   5.0 450.0                            LAT/LON1/LON2/DLON/H
  143  134  130  130  130  134  135  138  138  139  139  139  138  138  138  138
  136  135  132  131  126  125  120  119  115  116  114  118  117  122  123  127
  130  133  136  138  140  141  143  145  148  151  158  163  169  173  179  181
  186  188  190  190  191  191  192  192  192  190  190  188  185  181  176  172
  165  161  156  152  146  145  144  133  143                                   
    70.0-180.0 180.0   5.0 450.0                            LAT/LON1/LON2/DLON/H
  147  138  132  130  129  130  133  134  135  134  133  133  132  133  132  134
  132  132  129  127  122  119  114  110  108  106  106  107  111  114  119  122
  129  132  138  139  143  143  147  147  151  153  161  166  174  177  183  184
  190  187  190  186  189  184  186  183  185  182  184  182  182  178  175  171
  165  160  156  151  148  144  146  138  147                                   
    67.5-180.0 180.0   5.0 450.0                            LAT/LON1/LON2/DLON/H
  146  136  131  130  126  129  130  130  129  128  127  128  128  129  130  130
  130  129  128  124  120  115  109  105  100   99   97  102  104  113  117  125
  130  135  141  143  145  147  148  151  154  159  166  172  179  184  188  189
  192  190  190  186  186  180  180  176  178  176  178  177  178  177  177  173
  169  165  159  155  152  149  149  144  146                                   
    65.0-180.0 180.0   5.0 450.0                            LAT/LON1/LON2/DLON/H
  151  142  136  132  126  126  127  125  124  122  121  122  121  124  122  125
  122  123  120  119  115  111  105  100   95   93   93   97  102  108  116  123
  132  138  145  146  150  149  152  153  158  162  171  177  183  186  188  187
  188  184  182  177  174  168  165  162  164  164  165  168  170  172  173  172
  169  165  160  156  154  151  155  149  151                                   
    62.5-180.0 180.0   5.0 450.0                            LAT/LON1/LON2/DLON/H
  153  143  139  136  129  128  124  123  120  120  117  118  117  118  119  118
  118  115  116  112  109  105  101   96   92   89   90   94  100  109  116  126
  134  141  147  151  152  154  155  158  162  167  175  181  188  189  190  188
  188  183  179  173  170  164  161  158  159  158  161  163  167  169  172  171
  171  167  164  159  160  156  156  157  153                                   
    60.0-180.0 180.0   5.0 450.0                            LAT/LON1/LON2/DLON/H
  160  152  146  142  133  129  124  120  118  115  113  113  110  113  108  113
  107  111  105  107  101  100   95   92   87   85   84   89   95  104  113  122
  133  141  148  151  154  155  157  159  166  171  180  185  192  191  192  188
  189  182  178  172  168  163  158  155  155  154  156  158  164  164  169  167
  170  165  164  159  163  159  164  163  160                                   
    57.5-180.0 180.0   5.0 450.0                            LAT/LON1/LON2/DLON/H
  167  161  156  154  146  137  129  124  118  115  109  109  105  105  103  103
  101  101  100   98   96   92   92   86   86   82   84   86   95  104  114  124
  132  141  148  154  156  159  161  164  170  176  185  190  198  198  199  196
  196  192  188  183  180  173  169  164  162  159  160  161  165  166  170  169
  171  168  167  164  169  168  167  175  167                                   
    55.0-180.0 180.0   5.0 450.0                            LAT/LON1/LON2/DLON/H
  178  175  167  165  154  146  136  127  121  113  108  105   99   98   92   95
   88   92   85   90   84   86   83   82   80   80   79   83   90   99  109  118
  127  134  144  151  157  159  164  167  176  182  193  198  208  206  208  204
  207  203  201  197  195  190  186  180  176  170  168  166  169  166  171  167
  171  166  168  165  175  173  180  184  178                                   
    52.5-180.0 180.0   5.0 450.0                            LAT/LON1/LON2/DLON/H
  191  191  183  184  172  163  151  139  128  122  111  107   98   95   89   88
   84   84   84   83   84   82   83   80   81   77   80   81   89   96  107  116
  123  133  141  150  157  164  168  174  184  191  202  208  219  220  222  221
  225  223  224  221  221  216  213  204  199  189  184  179  177  174  175  173
  174  172  173  174  182  186  187  201  191                                   
    50.0-180.0 180.0   5.0 450.0                            LAT/LON1/LON2/DLON/H
  205  203  197  196  187  176  164  152  139  127  115  104   95   86   80   76
   72   72   71   73   74   75   76   77   78   78   80   83   88   95  104  111
  120  127  137  146  157  164  171  178  191  197  210  216  231  230  238  236
  245  244  247  244  245  240  235  227  221  211  203  194  190  182  181  177
  180  177  180  182  196  198  208  211  205                                   
    47.5-180.0 180.0   5.0 450.0                            LAT/LON1/LON2/DLON/H
  218  219  212  213  204  196  183  171  155  143  127  117  101   93   81   79
   72   72   69   72   74   76   81   81   85   84   87   87   91   97  104  111
  118  127  136  148  158  169  176  185  196  206  218  227  242  246  254  255
  266  265  270  267  269  263  259  249  243  232  225  214  207  198  194  189
  191  190  193  196  208  215  219  228  218                                   
    45.0-180.0 180.0   5.0 450.0                            LAT/LON1/LON2/DLON/H
  227  224  219  217  212  202  192  179  165  148  134  119  104   90   82   74
   72   69   71   71   74   77   81   86   89   93   94   97   98  104  109  114
  122  128  139  149  162  169  180  188  201  210  224  232  249  253  264  267
  279  280  284  281  285  279  276  266  262  250  244  232  225  214  210  204
  204  202  204  206  219  220  234  233  227                                   
    42.5-180.0 180.0   5.0 450.0                            LAT/LON1/LON2/DLON/H
  233  231  223  223  218  210  202  191  177  162  143  133  114  105   90   87
   79   81   79   82   82   86   90   95  100  103  105  105  108  112  116  121
  128  134  142  153  165  176  183  195  204  217  230  244  259  267  278  284
  295  298  301  299  302  297  293  283  278  267  260  250  242  233  226  221
  221  219  220  222  230  235  242  246  233                                   
    40.0-180.0 180.0   5.0 450.0                            LAT/LON1/LON2/DLON/H
  239  231  221  217  214  206  201  189  178  162  147  132  120  102   93   85
   83   83   86   87   91   92  100  105  113  116  118  118  120  122  127  128
  137  140  151  156  171  176  187  195  207  218  231  247  263  275  288  296
  308  311  314  313  316  312  308  299  294  285  278  270  264  254  248  241
  242  237  238  237  246  245  255  251  239                                   
    37.5-180.0 180.0   5.0 450.0                            LAT/LON1/LON2/DLON/H
  246  238  224  219  215  209  204  194  184  172  154  145  127  117  100   98
   92   98  100  106  108  112  116  124  129  135  134  134  133  133  135  138
  145  149  157  164  175  185  189  200  205  220  230  252  268  285  298  310
  320  327  329  332  335  334  330  325  317  312  303  298  291  285  279  274
  272  267  266  263  267  268  269  267  246                                   
    35.0-180.0 180.0   5.0 450.0                            LAT/LON1/LON2/DLON/H
  260  244  228  217  209  202  195  189  178  167  154  143  132  117  108   99
  100  102  110  116  122  126  133  140  148  149  150  145  144  141  143  145
  153  155  164  167  179  184  192  198  205  218  229  252  270  289  304  316
  330  336  339  345  350  352  351  348  343  337  328  323  315  309  304  300
  298  294  291  287  289  289  292  280  260                                   
    32.5-180.0 180.0   5.0 450.0                            LAT/LON1/LON2/DLON/H
  279  262  241  227  218  208  203  194  184  174  160  152  140  130  115  110
  105  111  117  127  134  141  148  158  165  169  167  162  157  154  153  155
  159  162  167  172  180  188  194  202  205  219  230  253  271  294  309  326
  337  347  352  359  366  372  375  379  376  375  365  360  350  344  336  332
  328  324  319  316  312  316  312  302  279                                   
    30.0-180.0 180.0   5.0 450.0                            LAT/LON1/LON2/DLON/H
  304  282  255  236  219  209  197  192  179  173  159  154  144  132  122  110
  111  112  121  131  142  150  161  170  179  179  178  169  162  158  155  156
  157  158  163  167  176  184  190  196  203  215  228  252  273  295  315  330
  345  354  364  373  385  396  404  413  414  415  407  401  390  382  370  365
  357  354  347  343  335  340  337  324  304                                   
    27.5-180.0 180.0   5.0 450.0                            LAT/LON1/LON2/DLON/H
  332  314  284  261  241  230  217  205  193  182  169  163  152  141  128  118
  114  115  124  134  148  158  171  182  193  192  190  179  168  166  161  162
  159  156  159  161  173  179  189  193  204  214  229  253  274  298  318  336
  351  363  374  389  403  420  434  449  455  458  452  443  432  421  409  401
  391  386  377  371  362  371  360  349  332                                   
    25.0-180.0 180.0   5.0 450.0                            LAT/LON1/LON2/DLON/H
  365  343  309  285  259  240  221  210  193  184  172  165  157  146  136  124
  123  121  129  139  152  164  178  188  197  197  189  177  164  160  151  148
  140  137  139  147  161  176  186  194  203  214  234  255  280  301  326  341
  360  371  390  404  426  444  464  481  492  496  491  483  469  459  441  434
  420  415  405  397  385  396  387  374  365                                   
    22.5-180.0 180.0   5.0 450.0                            LAT/LON1/LON2/DLON/H
  391  379  348  316  287  263  237  224  208  192  181  171  163  148  142  125
  126  117  128  135  152  163  179  189  201  197  189  177  163  156  147  139
  131  125  131  136  157  168  188  192  210  221  244  265  288  311  334  352
  371  385  403  421  442  464  484  502  515  519  516  504  492  479  466  458
  446  440  429  420  408  421  411  399  391                                   
    20.0-180.0 180.0   5.0 450.0                            LAT/LON1/LON2/DLON/H
  413  400  374  343  307  283  251  237  210  200  183  180  168  161  152  144
  139  136  139  149  158  173  181  191  194  190  176  167  149  142  124  118
  105  104  108  122  143  165  185  198  215  230  263  278  306  321  347  361
  382  395  415  431  453  477  495  515  526  534  530  525  510  504  487  482
  470  464  453  443  432  441  436  420  413                                   
    17.5-180.0 180.0   5.0 450.0                            LAT/LON1/LON2/DLON/H
  428  426  401  369  334  305  273  253  228  211  196  183  176  167  164  151
  153  144  151  152  164  174  186  189  191  178  164  150  136  122  112   98
   91   88   97  104  133  152  183  199  222  245  272  297  316  337  356  374
  393  406  424  440  460  481  498  518  529  536  535  527  516  511  499  497
  488  485  475  466  452  460  450  432  428                                   
    15.0-180.0 180.0   5.0 450.0                            LAT/LON1/LON2/DLON/H
  433  425  403  375  341  311  282  263  235  221  199  196  185  185  177  177
  172  174  168  174  172  186  187  188  180  166  146  134  114  106   88   81
   69   72   77   90  119  149  182  205  231  253  289  306  332  344  369  384
  405  418  435  451  464  488  496  525  530  545  536  537  523  523  509  509
  499  498  489  481  470  470  464  443  433                                   
    12.5-180.0 180.0   5.0 450.0                            LAT/LON1/LON2/DLON/H
  435  433  409  383  349  319  291  274  252  235  218  207  200  198  200  198
  201  195  193  188  185  188  192  181  171  150  134  115  104   90   80   73
   67   65   71   84  109  143  177  208  231  262  289  319  334  355  373  395
  413  429  445  460  471  490  502  527  537  545  542  537  527  524  515  513
  508  508  501  495  482  483  469  448  435                                   
    10.0-180.0 180.0   5.0 450.0                            LAT/LON1/LON2/DLON/H
  433  423  399  374  343  315  289  273  253  241  226  219  212  214  215  219
  218  218  209  206  195  194  186  171  154  132  113   98   88   82   73   70
   63   62   66   78  103  142  174  211  234  264  296  315  339  351  376  394
  416  433  448  462  471  494  503  533  540  557  548  550  533  534  520  520
  514  513  505  503  492  489  480  457  433                                   
     7.5-180.0 180.0   5.0 450.0                            LAT/LON1/LON2/DLON/H
  436  429  403  376  340  316  290  277  264  255  247  236  235  232  242  238
  241  229  227  217  207  197  186  165  144  121  103   90   83   80   74   69
