data/unet/pred1700.15i
     1.0            IONOSPHERE MAPS     GNSS                IONEX VERSION / TYPE
pyspatialgeodesy        IME             05-JAN-18 20:20     PGM / RUN BY / DATE 
Map Name                                                    COMMENT             
Predicted global ionosphere maps (GIM).                     DESCRIPTION         
  2015     6    19     0     0     0                        EPOCH OF FIRST MAP  
  2015     6    20     0     0     0                        EPOCH OF LAST MAP   
  7200                                                      INTERVAL            
    13                                                      # OF MAPS IN FILE   
  NONE                                                      MAPPING FUNCTION    
10.0                                                        ELEVATION CUTOFF    
One-way carrier phase leveled to code                       OBSERVABLES USED    
  6371.0                                                    BASE RADIUS         
 2                                                          MAP DIMENSION       
   450.0 450.0   0.0                                        HGT1 / HGT2 / DHGT  
    87.5 -87.5  -2.5                                        LAT1 / LAT2 / DLAT  
  -180.0 180.0   5.0                                        LON1 / LON2 / DLON  
    -1                                                      EXPONENT            
                                                            END OF HEADER       
     1                                                      START OF TEC MAP    
  2015     6    19     0     0     0                        EPOCH OF CURRENT MAP
    87.5-180.0 180.0   5.0 450.0                            LAT/LON1/LON2/DLON/H
  200  178  183  184  182  175  173  171  170  168  167  165  166  165  165  162
  164  163  163  161  163  161  161  158  159  157  156  154  155  154  154  152
  154  153  154  152  153  152  152  150  151  150  151  149  151  150  152  151
  154  154  156  156  158  158  160  160  163  163  165  165  168  169  170  171
  174  175  177  176  177  174  169  190  200                                   
    85.0-180.0 180.0   5.0 450.0                            LAT/LON1/LON2/DLON/H
  183  186  192  193  190  185  184  181  182  180  180  177  180  178  179  176
  178  176  177  174  176  173  173  169  170  166  166  161  163  160  160  157
  159  157  158  155  157  155  155  153  154  153  154  153  155  154  156  156
  158  159  160  161  163  164  165  166  168  169  170  171  173  174  175  176
  178  180  182  182  183  180  177  169  183                                   
    82.5-180.0 180.0   5.0 450.0                            LAT/LON1/LON2/DLON/H
  192  192  193  192  190  185  185  183  185  183  185  183  185  183  185  182
  184  182  182  179  180  176  175  170  170  164  163  158  159  154  154  151
  152  149  151  148  150  148  150  147  150  147  150  149  152  151  154  153
  157  156  159  159  162  161  164  163  166  165  168  167  171  170  172  172
  176  176  179  179  182  179  175  172  192                                   
    80.0-180.0 180.0   5.0 450.0                            LAT/LON1/LON2/DLON/H
  197  196  196  195  192  190  189  190  190  191  191  191  191  191  190  190
  189  189  186  186  183  181  177  174  170  166  160  157  153  151  148  147
  146  145  146  146  146  146  147  147  149  149  151  152  154  155  157  158
  160  161  163  164  165  166  166  166  167  167  167  168  169  170  170  171
  174  176  179  181  183  183  180  179  197                                   
    77.5-180.0 180.0   5.0 450.0                            LAT/LON1/LON2/DLON/H
  198  196  196  196  193  191  191  191  193  192  194  192  193  190  191  189
  189  186  186  183  182  178  176  171  167  161  156  150  147  142  141  139
  140  139  142  143  145  146  148  149  151  153  155  157  159  161  163  165
  167  168  170  171  171  172  171  171  170  170  169  170  170  170  170  172
  174  176  179  182  184  184  183  182  198                                   
    75.0-180.0 180.0   5.0 450.0                            LAT/LON1/LON2/DLON/H
  200  196  196  195  193  190  190  190  191  190  192  190  189  186  185  182
  183  180  180  177  176  172  169  164  159  152  147  141  137  133  132  131
  134  135  140  142  146  148  151  153  156  157  160  162  165  167  171  172
  175  176  179  179  180  178  177  176  174  173  171  170  170  169  169  170
  172  174  178  181  185  184  182  183  200                                   
    72.5-180.0 180.0   5.0 450.0                            LAT/LON1/LON2/DLON/H
  200  195  194  193  191  188  188  187  189  189  190  187  186  182  180  177
  176  173  172  169  168  165  162  157  152  146  141  134  131  127  126  127
  130  133  138  143  147  151  154  156  158  160  162  165  167  170  173  176
  179  181  183  184  183  182  179  178  175  173  171  170  168  168  166  167
  169  171  175  179  183  183  183  183  200                                   
    70.0-180.0 180.0   5.0 450.0                            LAT/LON1/LON2/DLON/H
  201  195  193  191  188  185  186  187  190  191  193  190  189  184  181  176
  174  170  169  166  164  161  159  155  150  144  139  132  129  125  125  126
  130  135  141  146  151  154  157  158  160  160  163  164  168  169  175  177
  182  183  186  186  186  184  182  179  176  174  171  169  167  166  164  164
  166  168  173  177  181  182  182  184  201                                   
    67.5-180.0 180.0   5.0 450.0                            LAT/LON1/LON2/DLON/H
  201  194  191  189  185  183  184  186  190  193  196  195  193  189  184  179
  174  170  167  165  163  161  159  156  152  147  142  136  132  129  128  129
  133  137  143  147  152  154  157  157  157  156  158  159  161  164  169  173
  178  181  184  184  184  182  180  178  175  173  171  170  167  166  163  164
  164  167  171  176  180  182  183  182  201                                   
    65.0-180.0 180.0   5.0 450.0                            LAT/LON1/LON2/DLON/H
  203  194  191  188  184  182  183  186  192  196  201  201  200  196  191  184
  180  174  171  168  167  166  164  163  160  156  151  145  142  138  138  138
  140  143  147  150  154  155  156  154  154  150  152  151  155  157  164  167
  174  177  182  181  183  180  180  178  178  176  175  173  172  170  168  166
  167  169  174  178  182  184  185  184  203                                   
    62.5-180.0 180.0   5.0 450.0                            LAT/LON1/LON2/DLON/H
  205  196  193  189  185  182  183  187  193  198  203  206  205  203  197  191
  185  180  175  173  172  172  173  173  171  168  164  159  155  152  150  148
  148  148  150  151  153  152  152  149  147  144  144  144  147  150  157  162
  169  172  177  177  179  178  179  178  179  179  180  179  178  176  174  172
  172  173  178  182  187  188  188  185  205                                   
    60.0-180.0 180.0   5.0 450.0                            LAT/LON1/LON2/DLON/H
  208  200  197  193  189  185  186  188  194  200  206  210  210  209  205  200
  194  189  186  184  183  184  185  186  184  184  179  176  172  169  165  161
  158  155  154  152  152  149  148  143  141  136  138  137  141  144  151  156
  163  166  172  173  177  176  180  179  184  185  189  189  190  186  185  181
  181  181  184  188  193  193  192  189  208                                   
    57.5-180.0 180.0   5.0 450.0                            LAT/LON1/LON2/DLON/H
  213  205  203  201  196  192  191  192  196  201  206  211  212  213  210  207
  203  199  196  195  195  196  198  199  198  197  195  193  190  187  182  175
  168  162  156  152  149  147  144  140  137  134  134  135  138  142  148  153
  159  162  168  171  175  177  181  184  190  193  199  199  201  197  195  190
  189  187  191  195  200  199  196  191  213                                   
    55.0-180.0 180.0   5.0 450.0                            LAT/LON1/LON2/DLON/H
  217  211  212  211  208  203  200  199  201  203  208  211  214  216  214  213
  211  210  207  208  207  209  209  210  209  209  206  206  204  202  196  187
  177  166  160  152  150  145  144  139  138  134  135  134  137  139  144  148
  155  159  167  170  177  179  186  189  198  201  209  209  213  208  206  200
  199  196  198  201  206  205  201  198  217                                   
    52.5-180.0 180.0   5.0 450.0                            LAT/LON1/LON2/DLON/H
  223  219  222  224  222  218  214  211  209  208  209  212  215  217  216  217
  216  216  216  217  217  218  217  218  217  217  215  215  213  211  205  195
  182  170  161  154  150  147  146  143  141  138  138  136  138  140  144  148
  154  159  167  172  179  183  189  194  203  208  215  218  220  217  215  209
  207  203  204  207  213  211  207  203  223                                   
    50.0-180.0 180.0   5.0 450.0                            LAT/LON1/LON2/DLON/H
  229  227  234  238  239  236  233  227  223  217  216  215  217  218  220  221
  221  224  225  227  227  227  225  224  222  222  219  219  217  215  209  200
  186  173  165  157  155  152  153  149  148  143  143  140  140  138  142  144
  151  155  165  170  180  183  192  195  206  211  221  222  227  223  223  217
  216  211  213  214  220  218  213  212  229                                   
    47.5-180.0 180.0   5.0 450.0                            LAT/LON1/LON2/DLON/H
  234  233  243  250  253  253  250  245  239  231  225  222  221  222  223  224
  225  229  231  234  235  235  233  231  228  226  224  222  220  217  211  201
  189  177  169  164  162  160  160  157  156  152  150  145  144  141  141  142
  148  153  163  171  181  186  194  197  207  211  220  224  228  226  227  223
  223  220  221  222  227  226  221  219  234                                   
    45.0-180.0 180.0   5.0 450.0                            LAT/LON1/LON2/DLON/H
  241  241  253  261  266  267  267  263  257  246  239  231  229  227  229  229
  231  235  239  243  244  244  241  238  234  231  226  224  220  217  211  203
  192  182  177  172  172  169  169  164  163  158  156  149  146  140  139  137
  142  147  160  167  181  185  195  196  207  210  220  222  229  227  231  228
  230  228  231  231  237  234  227  228  241                                   
    42.5-180.0 180.0   5.0 450.0                            LAT/LON1/LON2/DLON/H
  249  247  259  269  275  278  279  277  271  261  251  244  239  236  235  235
  237  241  246  251  253  254  251  247  243  238  234  229  226  220  214  207
  199  191  187  183  183  179  177  172  170  165  162  154  150  142  138  135
  138  143  156  167  180  188  195  198  206  210  217  220  226  227  230  231
  234  235  238  239  245  242  234  236  249                                   
    40.0-180.0 180.0   5.0 450.0                            LAT/LON1/LON2/DLON/H
  260  258  270  277  283  285  289  289  285  275  267  257  253  247  245  243
  246  249  256  261  264  265  262  259  253  249  243  238  232  227  220  214
  207  201  199  194  194  186  183  175  173  167  165  158  152  143  138  133
  135  139  152  162  178  184  194  196  206  209  216  220  227  229  235  236
  243  244  250  250  257  252  245  247  260                                   
    37.5-180.0 180.0   5.0 450.0                            LAT/LON1/LON2/DLON/H
  276  272  282  288  291  293  296  295  293  285  278  271  266  260  256  253
  254  258  266  272  276  276  274  271  267  262  256  250  245  237  231  223
  218  213  211  205  202  194  188  180  178  172  170  164  159  149  142  135
  135  137  147  158  172  183  192  199  205  212  218  224  230  233  239  243
  250  254  260  261  268  263  255  259  276                                   
    35.0-180.0 180.0   5.0 450.0                            LAT/LON1/LON2/DLON/H
  295  292  300  304  304  305  305  305  303  297  291  285  281  274  270  264
  266  269  277  283  287  287  285  283  280  277  271  266  258  251  242  233
  226  219  215  207  203  194  188  181  180  177  175  170  166  156  147  138
  136  134  143  151  166  174  188  193  204  209  219  224  232  236  244  250
  260  265  273  275  281  277  272  279  295                                   
    32.5-180.0 180.0   5.0 450.0                            LAT/LON1/LON2/DLON/H
  318  316  326  329  328  325  322  319  316  311  306  302  298  291  284  278
  278  281  289  294  298  298  296  294  294  292  289  283  276  265  254  242
  233  223  216  206  199  189  185  181  184  182  183  177  173  163  153  143
  137  133  136  143  155  166  177  187  197  207  217  226  234  240  249  256
  267  274  284  286  294  294  293  299  318                                   
    30.0-180.0 180.0   5.0 450.0                            LAT/LON1/LON2/DLON/H
  345  350  364  366  364  357  350  345  341  335  330  325  319  312  303  295
  295  295  301  305  308  307  305  305  306  308  305  300  290  278  261  245
  231  217  207  196  187  182  178  180  184  186  188  184  178  167  157  145
  138  131  132  135  147  157  170  179  194  204  217  226  237  243  253  262
  275  285  296  301  310  313  317  324  345                                   
    27.5-180.0 180.0   5.0 450.0                            LAT/LON1/LON2/DLON/H
  373  385  402  408  407  400  392  383  376  367  360  353  346  335  326  317
  315  312  316  315  315  312  311  313  316  318  316  310  299  282  262  240
  222  206  194  182  175  168  170  172  182  185  189  183  178  165  156  144
  135  126  124  126  136  147  160  172  187  199  213  225  239  246  257  268
  282  293  307  315  327  335  337  348  373                                   
    25.0-180.0 180.0   5.0 450.0                            LAT/LON1/LON2/DLON/H
  397  415  435  447  451  447  441  435  427  416  404  393  379  366  352  342
  336  331  329  324  320  314  312  315  319  321  318  310  296  276  251  225
  203  186  173  165  157  156  157  166  174  181  183  177  170  158  148  139
  130  122  117  120  129  141  155  169  185  198  214  226  240  248  261  273
  290  302  316  328  344  355  359  370  397                                   
    22.5-180.0 180.0   5.0 450.0                            LAT/LON1/LON2/DLON/H
  413  428  453  469  479  481  483  481  477  465  451  434  417  398  382  367
  359  349  345  333  325  316  313  314  317  317  310  298  284  259  231  205
  179  162  150  141  138  137  143  151  162  168  170  162  155  142  135  126
  121  108  104  105  118  134  151  168  184  197  213  225  241  250  266  279
  298  310  325  337  357  369  373  386  413                                   
    20.0-180.0 180.0   5.0 450.0                            LAT/LON1/LON2/DLON/H
  419  434  460  482  499  505  512  517  519  513  500  483  461  441  418  401
  386  373  360  344  329  317  311  310  310  305  294  280  263  237  208  182
  156  140  130  125  123  125  131  140  149  154  152  144  136  124  117  109
  105   97   94   97  111  129  151  170  189  201  219  231  249  256  275  288
  309  319  335  347  368  378  386  394  419                                   
    17.5-180.0 180.0   5.0 450.0                            LAT/LON1/LON2/DLON/H
  415  431  459  487  507  519  530  540  545  544  533  517  497  476  454  435
  418  399  381  359  341  325  316  310  305  292  275  255  236  210  185  159
  139  125  117  112  112  114  120  125  133  134  130  120  112  100   95   88
   86   80   79   85  100  123  149  173  193  209  227  241  257  267  287  303
  321  331  346  357  376  385  387  396  415                                   
    15.0-180.0 180.0   5.0 450.0                            LAT/LON1/LON2/DLON/H
  409  424  450  475  500  516  531  546  558  561  559  547  529  509  487  471
  450  431  405  380  353  333  318  307  294  275  250  229  211  187  165  145
  131  121  116  112  113  114  119  121  122  120  116  105   99   89   84   79
   78   75   77   85  101  123  152  178  203  221  243  256  272  284  307  320
  338  346  360  369  388  391  394  399  409                                   
    12.5-180.0 180.0   5.0 450.0                            LAT/LON1/LON2/DLON/H
  404  419  442  461  480  496  515  533  549  558  560  554  542  525  505  489
  472  454  429  400  369  345  325  304  283  254  226  202  185  164  150  138
  130  126  122  123  123  124  124  120  114  108  100   92   87   79   76   72
   71   71   73   82   99  124  153  184  211  235  255  272  287  304  323  338
  353  362  374  384  398  401  397  401  404                                   
    10.0-180.0 180.0   5.0 450.0                            LAT/LON1/LON2/DLON/H
  408  424  439  450  462  470  487  506  526  539  548  549  544  532  515  501
  485  470  444  414  376  349  320  295  265  232  201  179  165  153  145  140
  139  135  136  135  138  136  133  124  115  104   97   89   88   81   79   72
   72   69   74   81  100  122  154  184  216  243  267  287  306  322  340  352
  367  374  386  394  410  406  403  402  408                                   
     7.5-180.0 180.0   5.0 450.0                            LAT/LON1/LON2/DLON/H
  422  439  450  452  454  458  466  478  498  513  524  530  530  524  511  501
  486  472  450  420  383  348  313  279  246  210  182  162  154  150  149  149
