data/unet/pred3620.15i
     1.0            IONOSPHERE MAPS     GNSS                IONEX VERSION / TYPE
pyspatialgeodesy        IME             05-JAN-18 20:20     PGM / RUN BY / DATE 
Map Name                                                    COMMENT             
Predicted global ionosphere maps (GIM).                     DESCRIPTION         
  2015    12    28     0     0     0                        EPOCH OF FIRST MAP  
  2015    12    29     0     0     0                        EPOCH OF LAST MAP   
  7200                                                      INTERVAL            
    13                                                      # OF MAPS IN FILE   
  NONE                                                      MAPPING FUNCTION    
10.0                                                        ELEVATION CUTOFF    
One-way carrier phase leveled to code                       OBSERVABLES USED    
  6371.0                                                    BASE RADIUS         
 2                                                          MAP DIMENSION       
   450.0 450.0   0.0                                        HGT1 / HGT2 / DHGT  
    87.5 -87.5  -2.5                                        LAT1 / LAT2 / DLAT  
  -180.0 180.0   5.0                                        LON1 / LON2 / DLON  
    -1                                                      EXPONENT            
                                                            END OF HEADER       
[from data line 3432]
     9                                                      START OF TEC MAP    
  2015    12    28    16     0     0                        EPOCH OF CURRENT MAP
    87.5-180.0 180.0   5.0 450.0                            LAT/LON1/LON2/DLON/H
   58   71   67   69   68   68   68   69   69   70   69   70   69   70   69   71
   69   70   69   71   70   71   71   72   72   73   72   73   73   74   74   75
   75   75   75   76   76   76   76   76   76   76   76   77   77   78   77   78
   78   78   78   78   77   78   76   77   75   76   74   74   73   72   71   71
   69   70   69   69   70   69   70   84   58                                   
    85.0-180.0 180.0   5.0 450.0                            LAT/LON1/LON2/DLON/H
   40   49   41   43   44   45   46   46   46   47   47   48   47   48   47   49
   48   48   48   49   48   49   49   49   50   50   50   51   52   51   52   52
   53   53   53   54   55   55   55   55   56   56   56   57   57   57   57   58
   58   58   58   59   59   59   58   58   57   56   55   54   52   52   49   49
   47   47   45   45   45   44   46   46   40                                   
    82.5-180.0 180.0   5.0 450.0                            LAT/LON1/LON2/DLON/H
   29   31   27   28   27   29   29   31   31   33   33   35   35   36   36   36
   36   36   36   37   37   38   38   39   39   40   40   41   42   41   43   42
   44   42   45   43   46   43   46   43   46   43   47   44   48   46   49   47
   51   49   52   50   53   51   52   49   51   48   47   44   44   41   39   36
   34   33   31   29   27   20   33   27   29                                   
    80.0-180.0 180.0   5.0 450.0                            LAT/LON1/LON2/DLON/H
   23   27   26   28   28   32   32   35   35   38   38   41   40   42   40   43
   41   43   41   45   41   45   41   45   41   45   40   45   41   44   41   44
   41   44   41   44   41   42   40   41   39   39   38   39   39   41   41   43
   44   46   47   49   50   52   51   52   51   52   48   48   45   44   39   38
   34   33   29   28   24   23   28   23   23                                   
    77.5-180.0 180.0   5.0 450.0                            LAT/LON1/LON2/DLON/H
   19   23   23   22   25   27   31   32   36   35   39   39   42   41   43   41
   43   41   44   42   44   43   45   44   44   43   44   43   43   42   44   42
   43   41   43   40   41   37   38   33   34   30   34   30   34   32   38   36
   42   41   47   46   50   50   53   51   53   51   52   48   48   43   44   37
   37   31   31   25   24   16   20   18   19                                   
    75.0-180.0 180.0   5.0 450.0                            LAT/LON1/LON2/DLON/H
   21   22   25   26   31   33   38   39   43   44   48   48   49   48   49   48
   49   49   51   52   55   55   58   55   56   53   53   50   50   48   48   47
   46   46   45   43   41   38   36   32   30   28   28   26   27   28   31   32
   36   38   42   43   46   47   49   49   50   50   50   49   48   47   45   42
   40   36   35   28   27   24   28   23   21                                   
    72.5-180.0 180.0   5.0 450.0                            LAT/LON1/LON2/DLON/H
   26   27   29   28   31   33   40   40   46   45   51   49   54   50   55   51
   57   54   61   62   68   68   72   70   70   67   66   61   59   56   56   54
   53   51   50   46   43   37   34   28   25   21   21   18   21   21   27   27
   33   34   39   39   42   41   45   43   46   45   48   46   48   46   47   44
   43   39   38   31   30   22   27   24   26                                   
    70.0-180.0 180.0   5.0 450.0                            LAT/LON1/LON2/DLON/H
   31   30   33   32   37   38   44   44   49   48   52   51   54   52   56   55
   58   61   67   72   79   82   87   85   86   80   78   71   69   64   63   59
   58   56   54   49   45   38   34   28   24   20   18   17   19   20   24   27
   30   32   35   36   37   36   37   36   38   38   41   41   43   45   45   45
   44   43   41   37   35   32   37   30   31                                   
    67.5-180.0 180.0   5.0 450.0                            LAT/LON1/LON2/DLON/H
   36   37   37   36   38   39   43   43   47   45   50   48   54   51   57   56
   62   64   75   82   92   96  101  102   99   95   90   84   78   74   70   68
   65   63   60   56   48   41   35   28   22   17   17   15   18   18   25   26
   33   31   37   33   34   29   32   28   32   30   36   35   42   40   45   44
   46   45   45   42   40   32   36   33   36                                   
    65.0-180.0 180.0   5.0 450.0                            LAT/LON1/LON2/DLON/H
   36   37   39   37   41   39   44   40   43   40   46   44   50   49   55   56
   62   69   80   91  102  109  116  113  113  105  101   92   88   82   79   76
   73   71   67   61   53   46   36   30   24   21   18   19   20   23   28   30
   34   34   34   31   30   27   26   24   27   27   31   33   37   38   42   43
   45   45   46   42   42   39   42   36   36                                   
    62.5-180.0 180.0   5.0 450.0                            LAT/LON1/LON2/DLON/H
   35   39   39   37   37   37   38   35   37   35   40   40   46   46   53   55
   64   71   86   98  112  120  126  124  122  114  109  102   98   94   90   88
   84   81   75   69   58   50   38   33   25   22   21   20   23   24   30   31
   35   32   34   26   27   19   22   17   22   21   28   29   35   36   40   39
   42   41   43   40   40   34   37   33   35                                   
    60.0-180.0 180.0   5.0 450.0                            LAT/LON1/LON2/DLON/H
   33   33   37   33   37   34   37   32   34   30   36   36   44   44   53   57
   67   75   91  105  119  128  134  131  130  121  117  111  109  105  103  100
   97   92   85   77   66   55   44   38   31   29   27   27   28   30   33   35
   35   33   33   27   26   21   21   19   24   25   30   31   35   35   36   35
   38   36   39   36   38   35   37   31   33                                   
    57.5-180.0 180.0   5.0 450.0                            LAT/LON1/LON2/DLON/H
   30   32   34   34   34   33   33   29   30   27   32   34   42   46   55   60
   72   81   99  110  126  133  140  135  134  126  125  120  120  119  119  116
  111  105   96   87   73   63   51   45   37   35   33   33   33   33   35   35
   36   31   33   25   27   19   24   21   27   28   34   36   37   36   37   34
   35   34   36   34   34   30   32   25   30                                   
    55.0-180.0 180.0   5.0 450.0                            LAT/LON1/LON2/DLON/H
   31   29   35   33   37   34   36   29   29   26   32   35   45   49   61   66
   78   90  106  118  132  139  144  139  140  134  135  133  135  134  135  132
  127  117  107   94   82   71   61   55   49   46   42   42   38   39   37   36
   35   33   32   27   28   25   28   29   36   38   43   42   43   41   40   35
   36   33   38   34   37   35   37   28   31                                   
    52.5-180.0 180.0   5.0 450.0                            LAT/LON1/LON2/DLON/H
   34   35   39   40   41   40   39   33   32   29   36   40   51   56   67   74
   88   98  117  127  141  141  147  141  143  139  145  145  150  149  150  146
  138  127  114  103   91   82   73   68   62   59   54   51   47   43   40   39
   39   36   38   34   37   33   39   41   48   50   54   54   52   48   44   39
   38   37   38   38   39   36   37   29   34                                   
    50.0-180.0 180.0   5.0 450.0                            LAT/LON1/LON2/DLON/H
   44   42   47   45   49   46   46   37   37   34   43   46   58   61   74   81
   96  109  125  136  145  147  150  148  150  148  155  156  160  159  159  152
  145  131  119  107   98   90   84   80   75   72   66   61   53   49   44   43
   42   41   42   41   45   44   51   53   62   63   66   63   62   55   52   46
   46   43   48   45   49   47   49   40   44                                   
    47.5-180.0 180.0   5.0 450.0                            LAT/LON1/LON2/DLON/H
   53   55   55   57   58   55   52   45   45   43   52   57   67   71   83   90
  107  118  137  145  155  153  158  154  158  157  164  166  169  165  163  154
  143  131  119  111  104   99   95   92   88   85   79   72   64   58   54   54
   53   53   54   55   59   60   66   71   76   78   78   75   71   64   59   55
   52   52   54   55   56   53   57   48   53                                   
    45.0-180.0 180.0   5.0 450.0                            LAT/LON1/LON2/DLON/H
   64   63   65   64   66   61   60   51   52   52   62   66   77   80   92   99
  115  129  145  153  160  162  165  164  167  167  172  171  171  163  159  146
  137  125  117  111  107  104  102   99   97   93   87   81   72   66   62   61
   63   63   65   65   70   70   77   79   85   84   85   78   76   69   67   61
   61   60   64   62   67   65   71   64   64                                   
    42.5-180.0 180.0   5.0 450.0                            LAT/LON1/LON2/DLON/H
   68   71   71   74   71   68   64   59   61   63   73   80   90   91  103  108
  127  138  155  161  170  170  176  174  178  175  178  174  169  158  151  138
  131  121  118  115  113  111  109  107  104  100   94   89   82   76   73   73
   73   75   75   76   79   79   83   87   89   89   86   83   77   73   69   67
   65   65   66   68   71   69   76   68   68                                   
    40.0-180.0 180.0   5.0 450.0                            LAT/LON1/LON2/DLON/H
   69   69   74   72   74   68   68   61   67   69   86   93  105  105  117  121
  136  148  163  170  178  181  185  184  185  181  179  171  163  149  141  130
  127  121  120  120  120  119  116  113  110  104   99   94   90   86   84   84
   84   84   83   81   84   81   86   86   88   84   82   77   75   71   70   67
   67   66   70   67   72   71   79   73   69                                   
    37.5-180.0 180.0   5.0 450.0                            LAT/LON1/LON2/DLON/H
   65   68   70   72   69   66   64   63   70   78   96  107  119  119  131  134
  150  157  172  178  186  188  193  192  192  185  180  168  158  143  138  130
  133  132  137  139  137  135  128  124  117  112  106  102   98   95   94   94
   92   89   85   84   81   81   82   84   82   79   75   73   70   69   69   69
   66   65   65   64   65   63   72   64   65                                   
    35.0-180.0 180.0   5.0 450.0                            LAT/LON1/LON2/DLON/H
   58   56   62   60   64   58   62   58   72   83  107  120  135  135  147  150
  162  169  180  185  192  195  198  197  194  187  177  165  157  146  145  144
  153  156  163  162  162  155  148  137  129  120  115  110  109  107  105  102
   98   93   86   80   78   77   78   78   77   74   71   67   67   67   67   66
   63   61   60   56   58   59   65   60   58                                   
    32.5-180.0 180.0   5.0 450.0                            LAT/LON1/LON2/DLON/H
   45   50   52   54   52   51   53   56   70   86  113  132  147  150  161  164
  176  179  188  192  197  199  201  198  196  185  179  169  164  158  166  174
  188  196  200  199  193  185  171  159  145  134  126  122  119  119  116  112
  104   95   85   79   75   76   75   78   74   72   67   65   65   66   67   66
   61   57   54   50   50   48   52   46   45                                   
    30.0-180.0 180.0   5.0 450.0                            LAT/LON1/LON2/DLON/H
   39   39   44   41   46   43   49   50   68   87  119  137  156  160  173  177
  186  188  195  198  202  203  202  200  194  188  184  180  183  186  203  222
  240  248  248  240  230  217  202  186  172  157  147  140  137  136  133  127
  116  105   93   85   80   78   78   78   76   73   70   68   68   68   70   67
   61   56   52   46   45   45   48   42   39                                   
    27.5-180.0 180.0   5.0 450.0                            LAT/LON1/LON2/DLON/H
   34   37   36   38   36   38   40   48   64   88  118  142  161  169  181  187
  194  195  199  202  204  203  202  198  198  194  198  202  215  231  260  284
  301  306  300  285  267  251  236  219  201  186  173  162  156  154  149  143
  132  119  108  101   96   93   90   88   84   81   77   77   76   78   78   75
   67   62   55   49   45   45   45   38   34                                   
    25.0-180.0 180.0   5.0 450.0                            LAT/LON1/LON2/DLON/H
   40   35   37   35   38   37   43   47   66   86  119  139  162  171  186  191
  199  199  203  206  208  206  204  201  203  207  218  234  257  285  313  335
  352  354  343  322  301  282  267  251  233  217  203  192  184  180  172  164
  154  143  133  126  121  118  112  107  101   97   92   90   88   88   86   81
   78   72   66   58   55   55   54   50   40                                   
    22.5-180.0 180.0   5.0 450.0                            LAT/LON1/LON2/DLON/H
   50   47   42   43   39   43   42   52   65   89  113  139  160  173  189  198
  203  203  206  210  209  207  206  206  213  223  245  270  304  331  362  384
  398  394  378  354  326  308  292  276  260  244  230  216  209  202  196  187
  176  165  158  151  147  140  133  125  119  114  110  108  105  103  100   94
   88   85   79   74   66   68   62   59   50                                   
    20.0-180.0 180.0   5.0 450.0                            LAT/LON1/LON2/DLON/H
   65   52   53   49   49   48   53   58   73   92  117  137  161  173  192  199
  207  207  213  214  214  213  214  218  230  250  277  313  346  375  401  423
  435  425  408  379  355  331  317  299  282  268  252  242  231  226  218  213
  203  195  188  182  174  164  152  141  135  128  126  123  121  116  111  104
   99   96   95   90   83   84   81   76   65                                   
    17.5-180.0 180.0   5.0 450.0                            LAT/LON1/LON2/DLON/H
   78   68   63   61   56   58   58   70   80  101  120  143  165  181  197  207
  215  217  219  221  219  221  226  234  252  277  313  347  381  406  435  448
  455  439  422  395  374  354  338  321  303  287  272  258  251  243  236  231
  225  221  218  212  201  185  167  152  144  138  135  133  131  126  120  114
  107  105  104  102   94   98   90   84   78                                   
    15.0-180.0 180.0   5.0 450.0                            LAT/LON1/LON2/DLON/H
   89   74   72   65   63   63   66   76   91  109  131  152  175  191  208  215
  227  227  231  231  233  237  245  261  282  314  345  378  406  427  445  448
  448  432  417  398  385  367  354  336  323  308  289  276  264  258  250  247
  243  243  241  235  221  203  182  165  152  145  142  139  137  133  128  122
  117  112  111  108  106  105  100   92   89                                   
    12.5-180.0 180.0   5.0 450.0                            LAT/LON1/LON2/DLON/H
   90   80   75   71   64   67   71   88  102  124  143  167  189  206  221  234
  243  245  244  244  246  253  266  285  313  342  374  396  421  427  439  432
  428  412  403  392  388  378  366  355  341  327  306  288  276  265  258  256
  254  257  253  248  233  214  190  173  158  150  144  142  140  136  133  127
  121  116  113  111  108  111  101   87   90                                   
    10.0-180.0 180.0   5.0 450.0                            LAT/LON1/LON2/DLON/H
   86   74   73   66   62   63   74   90  111  135  159  182  204  221  237  250
  263  264  264  263  266  278  294  318  343  372  392  409  418  415  415  404
  398  388  385  387  389  385  377  368  356  341  320  300  284  271  260  256
  255  257  253  247  232  215  192  177  163  152  145  142  140  138  135  130
  124  118  114  110  106  105   98   79   86                                   
     7.5-180.0 180.0   5.0 450.0                            LAT/LON1/LON2/DLON/H
   75   74   68   64   56   64   76   99  123  151  175  202  223  240  257  273
  286  290  288  287  290  301  320  343  369  390  406  410  411  399  395  381
