data/unet/pred0680.15i
     1.0            IONOSPHERE MAPS     GNSS                IONEX VERSION / TYPE
pyspatialgeodesy        IME             05-JAN-18 20:20     PGM / RUN BY / DATE 
Map Name                                                    COMMENT             
Predicted global ionosphere maps (GIM).                     DESCRIPTION         
  2015     3     9     0     0     0                        EPOCH OF FIRST MAP  
  2015     3    10     0     0     0                        EPOCH OF LAST MAP   
  7200                                                      INTERVAL            
    13                                                      # OF MAPS IN FILE   
  NONE                                                      MAPPING FUNCTION    
10.0                                                        ELEVATION CUTOFF    
One-way carrier phase leveled to code                       OBSERVABLES USED    
  6371.0                                                    BASE RADIUS         
 2                                                          MAP DIMENSION       
   450.0 450.0   0.0                                        HGT1 / HGT2 / DHGT  
    87.5 -87.5  -2.5                                        LAT1 / LAT2 / DLAT  
  -180.0 180.0   5.0                                        LON1 / LON2 / DLON  
    -1                                                      EXPONENT            
                                                            END OF HEADER       
[from data line 2574]
     7                                                      START OF TEC MAP    
  2015     3     9    12     0     0                        EPOCH OF CURRENT MAP
    87.5-180.0 180.0   5.0 450.0                            LAT/LON1/LON2/DLON/H
  135  141  143  142  145  142  146  143  148  145  151  147  154  150  157  154
  161  157  163  160  166  162  166  162  167  163  166  163  166  162  163  159
  160  156  157  152  153  149  149  145  147  143  144  142  142  139  138  136
  135  133  131  130  129  128  128  128  129  129  129  129  131  131  132  133
  134  135  136  137  137  136  143  128  135                                   
    85.0-180.0 180.0   5.0 450.0                            LAT/LON1/LON2/DLON/H
  129  127  128  127  134  131  139  136  144  141  148  147  153  151  157  156
  163  162  167  166  172  170  174  172  177  175  179  177  181  177  179  174
  176  170  171  165  167  160  162  156  157  152  152  149  147  144  141  139
  135  133  129  128  124  123  120  120  119  119  117  118  117  118  116  117
  116  117  118  118  118  119  127  139  129                                   
    82.5-180.0 180.0   5.0 450.0                            LAT/LON1/LON2/DLON/H
  115  110  111  114  116  120  121  126  127  131  133  138  140  143  145  150
  152  156  157  163  165  168  170  174  176  179  180  183  183  185  181  182
  177  177  172  171  166  164  159  157  152  149  145  142  139  134  131  127
  124  120  117  114  112  109  107  106  105  103  103  102  104  102  103  102
  104  103  105  103  104  103  108  114  115                                   
    80.0-180.0 180.0   5.0 450.0                            LAT/LON1/LON2/DLON/H
  102   94   92   95  100  100  107  108  114  115  121  123  128  129  134  138
  142  145  148  153  155  159  162  166  169  173  176  180  183  183  184  182
  182  178  177  173  171  166  162  158  153  149  145  141  138  133  130  127
  123  120  115  114  110  110  106  107  104  106  102  105  102  104  101  103
  100  101   99   95   92   90   90  100  102                                   
    77.5-180.0 180.0   5.0 450.0                            LAT/LON1/LON2/DLON/H
   91   84   76   80   82   86   90   94   97  101  104  107  109  111  114  118
  120  126  129  136  139  146  149  155  159  165  171  176  181  184  187  186
  187  184  183  179  178  172  170  163  160  155  152  149  146  143  141  136
  133  128  124  121  117  115  113  112  112  111  111  110  110  111  109  110
  106  106  101   95   88   83   82   92   91                                   
    75.0-180.0 180.0   5.0 450.0                            LAT/LON1/LON2/DLON/H
   85   75   68   74   76   78   82   84   87   87   90   90   92   91   95   97
  102  107  114  121  128  134  141  146  153  157  168  172  181  185  192  192
  195  193  194  190  190  186  183  178  174  171  168  167  164  164  160  159
  152  149  142  137  131  128  124  124  122  123  123  122  121  121  119  120
  114  114  107  100   92   86   83   89   85                                   
    72.5-180.0 180.0   5.0 450.0                            LAT/LON1/LON2/DLON/H
   83   75   67   70   72   73   77   78   81   80   81   79   81   80   82   84
   90   96  102  111  118  128  134  143  149  157  168  174  185  190  199  200
  207  204  207  200  203  194  196  187  189  182  186  181  186  183  187  181
  180  172  168  158  153  145  142  136  135  132  133  130  130  128  127  124
  120  116  112  103   96   87   86   90   83                                   
    70.0-180.0 180.0   5.0 450.0                            LAT/LON1/LON2/DLON/H
   87   75   69   73   76   78   81   81   82   78   77   74   75   73   76   77
   84   89   97  108  117  125  134  141  149  154  165  172  184  191  201  206
  215  215  219  213  215  210  208  203  201  199  200  202  204  208  207  206
  201  195  186  176  167  158  151  143  139  135  131  129  126  125  123  122
  119  116  112  105   98   92   89   90   87                                   
    67.5-180.0 180.0   5.0 450.0                            LAT/LON1/LON2/DLON/H
   87   78   72   76   79   80   83   82   83   80   80   76   76   74   77   79
   86   92   99  108  115  124  131  140  145  154  161  174  184  195  203  211
  220  223  229  224  227  218  218  210  212  207  212  213  220  221  225  218
  218  208  202  188  178  164  155  145  137  130  125  119  116  110  111  109
  110  107  106   99   95   88   88   89   87                                   
    65.0-180.0 180.0   5.0 450.0                            LAT/LON1/LON2/DLON/H
   88   77   71   76   81   83   87   86   86   81   80   76   77   75   80   82
   89   94  101  110  115  123  130  137  143  149  158  167  179  191  202  211
  223  228  235  233  235  229  225  220  219  221  222  231  233  239  234  232
  224  220  209  196  180  163  151  139  129  120  111  101   97   92   91   90
   91   92   93   89   87   85   84   89   88                                   
    62.5-180.0 180.0   5.0 450.0                            LAT/LON1/LON2/DLON/H
   80   73   67   74   77   80   84   84   85   82   81   78   78   78   82   86
   92   97  101  106  109  116  122  131  136  146  152  166  174  191  198  213
  221  231  236  237  240  234  231  225  226  226  232  237  244  244  240  234
  227  220  211  197  181  164  150  136  125  113  100   91   81   74   70   68
   71   71   76   75   75   74   74   81   80                                   
    60.0-180.0 180.0   5.0 450.0                            LAT/LON1/LON2/DLON/H
   76   67   61   63   70   72   79   79   81   77   76   73   75   74   80   83
   90   93   97  101  102  108  113  123  129  139  147  162  173  191  201  216
  225  237  239  246  245  244  237  237  235  241  241  253  252  256  245  242
  234  227  217  206  189  171  156  140  127  112   99   85   76   64   60   53
   56   54   61   61   64   67   69   74   76                                   
    57.5-180.0 180.0   5.0 450.0                            LAT/LON1/LON2/DLON/H
   67   61   51   55   56   60   64   67   69   69   69   68   69   71   75   78
   83   86   88   91   91   95  101  112  120  133  144  161  173  192  205  222
  231  245  246  254  252  254  248  248  248  254  256  263  262  266  255  251
  243  237  227  219  205  187  170  155  141  128  114  102   87   77   67   59
   54   51   54   55   57   60   59   65   67                                   
    55.0-180.0 180.0   5.0 450.0                            LAT/LON1/LON2/DLON/H
   69   59   48   45   49   47   55   53   60   57   60   58   60   61   67   68
   73   72   77   78   81   88   95  109  118  136  146  168  180  204  216  236
  244  260  259  271  267  273  264  272  266  277  273  282  278  281  271  269
  260  255  247  238  226  213  195  178  163  151  137  125  112   99   86   74
   67   58   58   56   59   61   64   63   69                                   
    52.5-180.0 180.0   5.0 450.0                            LAT/LON1/LON2/DLON/H
   75   65   50   49   44   44   45   47   49   51   52   52   55   55   60   62
   65   65   66   70   74   85   97  111  125  143  158  178  193  215  230  250
  265  280  280  290  288  295  293  296  296  300  296  301  297  299  289  288
  279  278  268  260  248  236  220  204  193  181  172  159  148  136  122  109
   97   84   79   71   71   69   72   68   75                                   
    50.0-180.0 180.0   5.0 450.0                            LAT/LON1/LON2/DLON/H
   91   78   64   56   55   48   52   47   54   50   54   50   52   50   55   54
   58   56   61   65   74   88  103  123  138  159  174  196  210  235  249  273
  283  302  300  317  310  324  317  328  322  327  318  324  316  319  309  310
  300  300  292  285  269  256  239  227  216  205  198  190  181  171  157  145
  128  116  102   94   87   88   89   83   91                                   
    47.5-180.0 180.0   5.0 450.0                            LAT/LON1/LON2/DLON/H
  108   96   81   75   69   62   61   60   61   61   60   58   57   55   56   56
   56   57   60   68   80   97  117  135  157  174  194  211  228  246  267  289
  306  322  328  334  338  344  349  351  354  351  347  345  339  335  326  324
  316  315  306  300  286  270  252  237  228  215  211  204  201  194  186  173
  160  143  129  115  111  104  110  103  108                                   
    45.0-180.0 180.0   5.0 450.0                            LAT/LON1/LON2/DLON/H
  124  116  105   95   94   84   84   77   82   74   78   68   68   61   63   58
   62   61   67   77   92  111  130  153  172  194  211  229  242  264  282  305
  317  337  341  354  354  367  366  377  372  374  363  364  350  350  337  338
  327  328  316  311  292  277  254  238  221  210  204  202  204  204  199  189
  174  160  142  133  123  125  126  123  124                                   
    42.5-180.0 180.0   5.0 450.0                            LAT/LON1/LON2/DLON/H
  139  132  125  121  118  107  107   99  101   95   94   89   84   78   74   72
   70   74   77   91  106  127  147  167  188  206  226  240  255  270  293  307
  327  342  356  366  377  386  396  397  401  393  387  378  368  360  351  347
  339  336  324  316  297  278  256  226  208  191  186  183  186  187  188  181
  172  155  142  131  128  126  138  134  139                                   
    40.0-180.0 180.0   5.0 450.0                            LAT/LON1/LON2/DLON/H
  145  145  141  139  141  133  132  122  121  114  116  106  103   92   90   84
   86   85   93  106  123  145  164  185  203  221  234  251  261  280  294  313
  328  350  365  384  398  414  420  429  425  420  405  399  383  379  367  364
  352  348  333  326  304  289  257  226  197  180  169  162  164  164  169  164
  157  143  130  128  120  127  134  138  145                                   
    37.5-180.0 180.0   5.0 450.0                            LAT/LON1/LON2/DLON/H
  141  144  142  147  149  145  144  135  134  128  130  123  119  111  106  100
   99  100  108  123  140  162  181  198  213  228  242  255  268  279  296  308
  334  357  385  405  429  444  457  459  462  451  442  428  420  412  402  396
  382  375  358  349  332  310  276  239  208  182  168  155  152  146  148  142
  139  126  119  116  117  118  128  129  141                                   
    35.0-180.0 180.0   5.0 450.0                            LAT/LON1/LON2/DLON/H
  133  135  136  140  153  149  153  142  143  138  140  133  133  123  122  111
  114  113  123  136  151  175  191  208  219  238  247  262  272  288  300  320
  345  376  405  434  459  481  492  501  499  496  483  474  464  459  449  442
  424  413  394  387  370  349  315  272  235  209  195  185  171  158  152  142
  137  127  118  113  107  112  121  120  133                                   
    32.5-180.0 180.0   5.0 450.0                            LAT/LON1/LON2/DLON/H
  123  118  114  129  136  143  145  140  140  137  142  138  141  135  131  125
  123  125  133  145  162  185  200  214  225  241  253  270  281  294  312  331
  365  394  435  466  500  521  542  548  554  552  545  539  532  530  519  511
  493  477  464  454  444  411  382  329  301  259  237  212  208  199  193  176
  161  144  128  118  110  105  107   97  123                                   
    30.0-180.0 180.0   5.0 450.0                            LAT/LON1/LON2/DLON/H
  107   99   91  104  121  131  140  134  140  135  140  137  143  137  138  129
  129  127  134  146  162  185  202  220  232  251  263  280  291  309  330  354
  393  428  470  506  548  579  600  613  620  621  618  618  610  615  605  599
  577  562  544  533  521  503  486  442  413  365  325  301  258  254  215  223
  203  196  167  153  133  117  119   97  107                                   
    27.5-180.0 180.0   5.0 450.0                            LAT/LON1/LON2/DLON/H
   95   97   86   91  100  112  123  126  129  130  135  135  140  139  138  133
  130  128  135  146  165  190  211  227  242  258  277  296  309  324  352  375
  421  458  513  548  598  627  655  673  686  695  697  707  706  721  717  713
  693  674  663  652  664  645  646  617  588  544  507  474  429  390  341  319
  279  269  233  221  188  157  134   95   95                                   
    25.0-180.0 180.0   5.0 450.0                            LAT/LON1/LON2/DLON/H
  114   99   88   95   99  106  111  109  116  115  123  124  134  132  134  129
  128  125  131  144  166  195  218  236  249  269  288  311  327  352  383  416
  464  517  567  605  648  679  716  736  753  765  770  776  774  784  791  794
  791  778  775  768  777  762  746  726  694  674  630  615  544  520  469  457
  401  382  328  302  256  230  192  152  114                                   
    22.5-180.0 180.0   5.0 450.0                            LAT/LON1/LON2/DLON/H
  155  138  113  103  111  117  115  116  114  111  115  119  126  130  129  128
  126  124  132  147  173  205  230  247  261  280  302  328  353  377  415  458
  522  571  616  645  680  715  751  775  792  809  809  812  815  830  847  861
  859  851  846  839  836  824  807  788  760  740  700  694  644  623  553  527
  493  480  443  406  354  322  274  226  155                                   
    20.0-180.0 180.0   5.0 450.0                            LAT/LON1/LON2/DLON/H
  212  190  159  140  133  129  130  127  119  110  105  107  112  113  122  118
  120  118  127  148  178  210  234  252  267  294  325  351  379  413  464  517
  582  627  655  683  713  743  776  798  815  827  827  831  837  853  872  877
  883  873  871  861  857  849  831  810  782  761  727  722  690  662  625  603
  561  545  503  485  433  397  350  303  212                                   
    17.5-180.0 180.0   5.0 450.0                            LAT/LON1/LON2/DLON/H
  270  243  203  171  158  146  144  141  138  122  109  105  103  104  109  115
  116  119  131  154  183  220  243  264  281  313  337  371  405  451  510  566
  622  652  679  703  727  754  783  803  816  829  831  834  844  864  881  891
  892  881  875  868  867  850  833  803  774  729  707  691  678  647  631  617
  599  575  539  511  480  457  410  367  270                                   
    15.0-180.0 180.0   5.0 450.0                            LAT/LON1/LON2/DLON/H
  321  286  253  220  192  170  159  152  146  137  119  105   96   95   94  101
  114  116  132  155  187  226  249  274  294  320  349  391  441  494  555  603
  648  672  700  712  732  754  782  800  815  826  829  832  844  862  879  887
  883  868  859  845  845  834  801  777  718  674  643  623  612  602  594  597
  585  578  549  523  492  476  449  397  321                                   
    12.5-180.0 180.0   5.0 450.0                            LAT/LON1/LON2/DLON/H
  352  324  281  250  219  191  177  163  150  144  132  118  107   99   98  100
  110  118  136  160  194  236  259  285  295  325  355  408  467  522  579  623
  657  681  701  711  727  747  775  796  813  826  826  834  842  858  868  874
  861  846  826  816  803  791  765  712  644  598  552  544  529  530  532  542
  545  546  531  513  491  482  471  421  352                                   
    10.0-180.0 180.0   5.0 450.0                            LAT/LON1/LON2/DLON/H
  363  346  306  273  248  213  190  169  155  147  137  126  110   98   89   95
  103  116  139  168  201  239  262  285  301  334  371  432  491  552  595  632
  667  685  700  702  717  736  769  796  814  822  827  828  840  846  859  853
  843  814  791  763  757  733  705  626  568  496  454  442  443  464  477  510
  513  526  510  489  470  458  466  407  363                                   
     7.5-180.0 180.0   5.0 450.0                            LAT/LON1/LON2/DLON/H
  367  354  322  286  258  225  202  179  164  147  142  131  123  104   94   89
   96  107  129  161  192  234  251  279  302  342  385  453  514  565  601  637
