data/unet/pred3500.15i
     1.0            IONOSPHERE MAPS     GNSS                IONEX VERSION / TYPE
pyspatialgeodesy        IME             05-JAN-18 20:20     PGM / RUN BY / DATE 
Map Name                                                    COMMENT             
Predicted global ionosphere maps (GIM).                     DESCRIPTION         
  2015    12    16     0     0     0                        EPOCH OF FIRST MAP  
  2015    12    17     0     0     0                        EPOCH OF LAST MAP   
  7200                                                      INTERVAL            
    13                                                      # OF MAPS IN FILE   
  NONE                                                      MAPPING FUNCTION    
10.0                                                        ELEVATION CUTOFF    
One-way carrier phase leveled to code                       OBSERVABLES USED    
  6371.0                                                    BASE RADIUS         
 2                                                          MAP DIMENSION       
   450.0 450.0   0.0                                        HGT1 / HGT2 / DHGT  
    87.5 -87.5  -2.5                                        LAT1 / LAT2 / DLAT  
  -180.0 180.0   5.0                                        LON1 / LON2 / DLON  
    -1                                                      EXPONENT            
                                                            END OF HEADER       
[from data line 858]
     3                                                      START OF TEC MAP    
  2015    12    16     4     0     0                        EPOCH OF CURRENT MAP
    87.5-180.0 180.0   5.0 450.0                            LAT/LON1/LON2/DLON/H
   39   73   64   60   63   59   62   59   61   58   60   57   59   56   58   55
   57   55   56   54   55   54   54   54   52   53   53   53   52   53   52   54
   53   54   54   56   55   57   57   58   58   60   60   61   60   61   61   61
   61   61   62   61   62   61   62   60   63   60   63   60   64   61   64   61
   65   61   65   63   65   58   78   44   39                                   
    85.0-180.0 180.0   5.0 450.0                            LAT/LON1/LON2/DLON/H
   78   78   57   61   61   61   59   59   57   58   56   56   54   54   52   52
   49   49   47   46   44   44   43   43   41   41   41   42   41   41   43   43
   44   45   47   47   49   50   52   53   55   55   57   57   58   58   58   58
   58   58   58   58   58   58   58   59   59   59   59   60   60   61   61   61
   62   62   62   61   61   54   72   85   78                                   
    82.5-180.0 180.0   5.0 450.0                            LAT/LON1/LON2/DLON/H
   78   60   51   54   51   52   50   51   50   49   48   48   45   44   42   41
   39   36   36   32   32   28   30   25   27   23   27   23   27   24   29   26
   31   29   35   34   39   38   45   43   49   47   53   49   54   49   54   49
   53   48   52   47   51   46   51   47   51   47   51   49   53   51   54   53
   55   54   55   55   51   48   61   82   78                                   
    80.0-180.0 180.0   5.0 450.0                            LAT/LON1/LON2/DLON/H
   80   59   53   54   53   54   51   53   51   53   49   52   48   49   45   46
   41   40   36   35   31   30   27   26   24   24   23   23   23   24   25   27
   29   32   34   39   42   46   49   53   55   57   59   61   60   60   59   58
   57   55   54   52   51   50   49   50   50   50   51   53   54   56   57   59
   59   60   59   60   56   49   58   78   80                                   
    77.5-180.0 180.0   5.0 450.0                            LAT/LON1/LON2/DLON/H
   85   60   55   55   51   51   49   51   49   50   48   50   47   49   45   46
   42   41   37   35   31   29   27   25   22   22   21   21   21   22   23   25
   27   30   33   38   42   47   51   55   58   61   62   64   63   63   62   61
   57   56   52   52   48   48   46   48   46   49   49   54   53   58   59   63
   62   63   63   62   59   54   64   78   85                                   
    75.0-180.0 180.0   5.0 450.0                            LAT/LON1/LON2/DLON/H
   81   57   52   49   47   47   45   48   46   48   47   49   47   48   46   46
   43   42   40   38   35   32   31   28   27   26   26   25   25   26   27   28
   29   32   36   39   43   48   53   56   60   60   63   62   63   62   61   58
   55   52   50   47   45   44   44   45   45   48   50   54   56   61   63   65
   66   67   68   67   65   58   63   82   81                                   
    72.5-180.0 180.0   5.0 450.0                            LAT/LON1/LON2/DLON/H
   89   54   51   51   45   43   43   44   44   45   45   47   46   47   46   46
   43   43   42   41   40   38   38   35   35   32   34   31   32   31   33   31
   34   34   38   39   44   48   53   55   58   58   61   60   61   58   59   55
   54   50   49   46   45   45   46   48   50   53   57   62   64   69   72   74
   75   75   76   74   72   67   78   86   89                                   
    70.0-180.0 180.0   5.0 450.0                            LAT/LON1/LON2/DLON/H
   91   58   54   51   48   45   45   44   46   45   47   46   47   45   47   43
   45   42   45   42   44   43   45   43   45   43   45   42   42   41   41   39
   40   40   42   43   47   50   55   54   58   57   61   58   60   57   59   54
   53   49   49   47   49   50   54   57   62   65   71   74   79   81   85   86
   88   87   88   87   83   75   83   92   91                                   
    67.5-180.0 180.0   5.0 450.0                            LAT/LON1/LON2/DLON/H
  101   60   57   55   47   44   43   44   44   45   45   46   45   45   44   43
   42   43   42   44   44   46   47   49   49   50   50   48   47   45   43   42
   40   41   40   42   43   46   49   50   53   52   55   53   55   53   52   50
   49   48   49   51   54   60   65   70   76   81   86   90   94   96   99   99
   99   99   98   96   93   88   95   98  101                                   
    65.0-180.0 180.0   5.0 450.0                            LAT/LON1/LON2/DLON/H
  105   68   62   56   51   46   45   45   47   46   48   46   47   44   45   42
   43   42   45   44   48   48   53   52   56   55   57   53   52   49   47   44
   42   40   40   40   42   43   47   46   50   48   51   48   50   47   47   45
   46   47   52   57   66   73   82   87   96  101  108  111  116  116  117  115
  115  113  112  110  104   95  103  105  105                                   
    62.5-180.0 180.0   5.0 450.0                            LAT/LON1/LON2/DLON/H
  114   71   66   60   49   46   42   44   44   46   46   46   45   44   43   42
   41   42   42   44   44   47   49   52   54   55   55   53   50   47   42   40
   36   35   34   34   36   36   40   39   42   40   43   41   42   40   41   42
   45   50   58   68   80   90  101  107  118  123  130  132  136  134  134  130
  127  124  123  118  113  107  111  110  114                                   
    60.0-180.0 180.0   5.0 450.0                            LAT/LON1/LON2/DLON/H
  118   81   71   63   53   47   44   43   46   45   46   44   46   42   44   41
   44   41   43   41   43   42   46   45   50   48   51   46   46   39   38   32
   33   29   31   29   33   31   35   32   36   34   36   34   36   35   36   38
   46   53   67   79   96  105  118  124  134  139  145  146  149  146  145  140
  138  136  133  131  123  114  119  116  118                                   
    57.5-180.0 180.0   5.0 450.0                            LAT/LON1/LON2/DLON/H
  128   88   78   69   55   48   41   43   41   43   42   43   42   43   43   43
   43   41   40   39   37   38   38   39   42   41   42   39   38   33   31   27
   28   26   28   27   31   29   32   30   34   31   34   32   33   33   36   42
   49   62   77   91  108  121  134  140  149  153  158  158  160  158  156  152
  148  146  144  140  134  130  128  124  128                                   
    55.0-180.0 180.0   5.0 450.0                            LAT/LON1/LON2/DLON/H
  133  101   87   77   63   53   46   43   43   41   42   41   43   42   46   44
   46   42   41   35   35   31   33   31   35   33   35   31   32   27   27   24
   27   25   30   28   32   30   33   30   34   32   34   32   34   35   40   45
   58   72   90  102  122  131  143  148  157  159  165  165  169  167  167  163
  160  160  157  154  147  138  139  134  133                                   
    52.5-180.0 180.0   5.0 450.0                            LAT/LON1/LON2/DLON/H
  148  116  102   90   73   61   51   47   42   42   39   41   40   44   46   48
   47   44   40   35   31   29   29   28   31   30   31   28   28   25   25   23
   26   27   32   32   36   35   37   36   39   37   39   37   38   41   47   55
   68   85  102  116  133  143  154  158  165  168  171  173  177  179  177  177
  171  171  166  164  156  156  149  144  148                                   
    50.0-180.0 180.0   5.0 450.0                            LAT/LON1/LON2/DLON/H
  156  135  116  104   88   75   64   55   50   44   42   41   43   44   49   49
   51   44   41   33   33   28   30   28   32   30   33   30   32   27   28   26
   32   33   39   39   44   41   44   42   45   43   45   43   47   49   59   67
   86  100  118  129  146  153  164  166  174  174  178  178  186  188  191  189
  186  185  181  178  171  161  162  152  156                                   
    47.5-180.0 180.0   5.0 450.0                            LAT/LON1/LON2/DLON/H
  174  153  135  123  105   92   79   69   59   51   45   44   44   47   51   52
   52   47   43   36   35   32   35   34   38   36   39   38   38   36   34   33
   37   40   45   46   49   48   49   49   51   51   52   51   55   60   71   84
  102  117  133  144  159  166  175  178  182  183  184  187  192  198  200  202
  196  194  189  187  181  178  170  160  174                                   
    45.0-180.0 180.0   5.0 450.0                            LAT/LON1/LON2/DLON/H
  179  164  148  135  122  109   97   84   72   61   53   50   50   51   55   54
   55   49   46   40   42   41   46   45   49   47   52   49   52   46   46   42
   46   47   53   54   57   55   56   55   58   58   59   59   66   72   87  101
  122  133  148  155  168  175  181  182  186  186  188  189  197  202  206  207
  204  201  198  193  187  176  175  165  179                                   
    42.5-180.0 180.0   5.0 450.0                            LAT/LON1/LON2/DLON/H
  185  169  154  147  133  123  109   97   84   72   62   57   55   56   57   57
   57   52   51   48   51   54   60   62   63   63   63   62   61   58   54   50
   50   52   57   58   60   58   58   58   60   63   65   67   74   84  100  119
  137  149  158  167  177  182  185  187  189  188  188  191  197  204  205  206
  202  199  195  192  185  180  173  166  185                                   
    40.0-180.0 180.0   5.0 450.0                            LAT/LON1/LON2/DLON/H
  179  164  150  144  138  128  118  106   95   81   71   66   64   63   64   61
   63   59   60   60   68   72   79   81   81   78   76   73   72   67   63   56
   56   57   61   63   63   62   60   61   64   67   70   74   84   95  115  134
  151  159  168  175  185  189  192  193  195  194  192  195  201  206  208  209
  204  202  197  193  186  174  170  163  179                                   
    37.5-180.0 180.0   5.0 450.0                            LAT/LON1/LON2/DLON/H
  176  155  141  140  132  128  118  110   98   89   79   74   73   71   70   68
   69   68   72   77   85   92   95   97   93   89   84   81   77   72   67   60
   59   58   63   63   65   62   61   63   66   71   76   81   93  108  128  147
  161  171  177  185  193  199  202  205  205  204  202  204  206  210  209  210
  205  202  197  196  188  180  167  162  176                                   
    35.0-180.0 180.0   5.0 450.0                            LAT/LON1/LON2/DLON/H
  167  146  128  126  123  120  114  107   99   91   84   81   82   80   79   77
   79   81   87   92  100  106  109  107  101   95   89   86   82   77   71   64
   60   61   62   66   64   63   61   65   68   74   80   86   99  117  139  155
  168  177  186  193  204  212  218  220  221  220  216  216  217  221  220  221
  217  219  213  211  203  190  179  169  167                                   
    32.5-180.0 180.0   5.0 450.0                            LAT/LON1/LON2/DLON/H
  171  145  122  119  112  110  103   99   92   88   84   85   86   86   86   85
   88   93   98  105  111  116  116  113  104   97   91   88   85   80   73   65
   62   61   64   65   65   63   63   66   71   78   86   93  107  127  148  163
  176  185  196  206  219  230  238  243  246  243  241  239  240  242  241  244
  243  244  239  236  229  216  200  186  171                                   
    30.0-180.0 180.0   5.0 450.0                            LAT/LON1/LON2/DLON/H
  179  149  124  114  105  103   95   93   85   82   80   84   88   90   91   92
   97  101  108  113  117  119  118  113  105   98   93   92   89   85   78   70
   64   63   64   67   65   66   65   70   75   81   90   98  116  134  156  170
  184  194  207  222  238  252  264  270  275  274  273  272  275  276  278  283
  285  288  282  283  275  256  239  212  179                                   
    27.5-180.0 180.0   5.0 450.0                            LAT/LON1/LON2/DLON/H
  207  173  144  129  115  107   96   90   80   79   77   82   86   90   92   95
  100  106  111  115  115  115  111  108  101   98   95   95   94   92   85   77
   73   70   71   71   71   70   71   76   81   86   95  105  125  142  165  178
  194  205  222  239  260  277  293  300  305  304  305  308  313  319  325  333
  339  340  339  337  334  312  283  259  207                                   
    25.0-180.0 180.0   5.0 450.0                            LAT/LON1/LON2/DLON/H
  240  202  169  142  126  113   99   91   80   77   73   78   82   87   90   94
  101  106  110  110  109  106  103  102  100  100   99  101  102   99   94   86
   82   78   75   75   74   73   74   79   83   87   97  108  132  152  174  190
  208  225  245  266  289  306  323  330  337  337  340  343  351  362  371  385
  397  401  400  400  402  383  345  309  240                                   
    22.5-180.0 180.0   5.0 450.0                            LAT/LON1/LON2/DLON/H
  299  247  210  184  157  140  121  106   92   85   77   79   79   84   85   89
   94  100  101  101   97   95   93   98   99  105  106  110  110  109  106  101
   99   91   86   81   80   78   79   82   85   89   99  114  142  165  189  205
  226  246  272  294  318  340  358  369  375  377  378  384  393  405  421  436
  448  455  456  461  465  456  407  379  299                                   
    20.0-180.0 180.0   5.0 450.0                            LAT/LON1/LON2/DLON/H
  361  302  255  219  189  166  141  124  104   97   84   84   81   84   84   87
   91   94   95   93   90   91   93  102  108  116  119  121  123  119  119  114
  109  101   90   84   80   78   78   80   82   84   96  115  149  175  200  221
  245  270  296  322  346  368  386  398  405  411  414  418  428  444  463  479
  492  502  505  514  522  521  477  435  361                                   
    17.5-180.0 180.0   5.0 450.0                            LAT/LON1/LON2/DLON/H
  418  374  322  274  235  207  178  156  134  117  105  102   94   95   91   91
   92   90   91   89   87   94  100  114  122  133  134  136  133  132  128  122
  115  105   92   83   81   78   79   80   80   83   96  121  159  187  216  241
  268  292  321  348  372  396  413  429  436  443  445  449  461  476  493  506
  519  526  532  543  559  565  527  485  418                                   
    15.0-180.0 180.0   5.0 450.0                            LAT/LON1/LON2/DLON/H
  469  437  386  340  292  255  211  187  158  143  125  121  114  111  106  102
  100   97   97   97   99  109  118  134  145  152  154  150  148  142  136  129
  119  109   93   84   78   76   76   76   76   78   96  124  164  195  227  254
  281  307  338  366  388  408  424  438  448  456  461  463  477  490  507  523
  535  541  546  557  576  582  563  518  469                                   
    12.5-180.0 180.0   5.0 450.0                            LAT/LON1/LON2/DLON/H
  509  479  435  393  344  304  257  224  198  179  159  150  142  138  131  122
  119  111  112  117  121  135  144  164  171  179  174  167  159  150  141  129
  118  106   91   82   77   75   77   77   78   83  102  134  176  209  243  268
  295  322  349  378  394  416  429  444  452  461  465  470  482  493  505  518
  527  533  538  549  571  583  568  535  509                                   
    10.0-180.0 180.0   5.0 450.0                            LAT/LON1/LON2/DLON/H
  533  510  471  434  394  362  316  281  241  225  200  188  182  173  168  155
  148  143  141  150  155  172  182  192  199  199  196  181  167  153  141  131
  118  108   91   83   77   75   74   73   75   83  104  138  178  213  244  270
  296  322  350  374  392  409  424  435  450  457  466  471  483  493  504  517
  523  529  530  542  560  566  562  534  533                                   
     7.5-180.0 180.0   5.0 450.0                            LAT/LON1/LON2/DLON/H
  533  518  492  462  426  399  362  336  301  276  252  237  230  221  210  197
  186  179  180  193  199  215  215  226  224  223  210  194  176  157  143  130
