data/unet/pred0440.15i
     1.0            IONOSPHERE MAPS     GNSS                IONEX VERSION / TYPE
pyspatialgeodesy        IME             05-JAN-18 20:20     PGM / RUN BY / DATE 
Map Name                                                    COMMENT             
Predicted global ionosphere maps (GIM).                     DESCRIPTION         
  2015     2    13     0     0     0                        EPOCH OF FIRST MAP  
  2015     2    14     0     0     0                        EPOCH OF LAST MAP   
  7200                                                      INTERVAL            
    13                                                      # OF MAPS IN FILE   
  NONE                                                      MAPPING FUNCTION    
10.0                                                        ELEVATION CUTOFF    
One-way carrier phase leveled to code                       OBSERVABLES USED    
  6371.0                                                    BASE RADIUS         
 2                                                          MAP DIMENSION       
   450.0 450.0   0.0                                        HGT1 / HGT2 / DHGT  
    87.5 -87.5  -2.5                                        LAT1 / LAT2 / DLAT  
  -180.0 180.0   5.0                                        LON1 / LON2 / DLON  
    -1                                                      EXPONENT            
                                                            END OF HEADER       
[from data line 4290]
    11                                                      START OF TEC MAP    
  2015     2    13    20     0     0                        EPOCH OF CURRENT MAP
    87.5-180.0 180.0   5.0 450.0                            LAT/LON1/LON2/DLON/H
  200  177  173  179  180  181  183  185  187  189  190  192  193  193  193  193
  192  191  189  189  187  187  185  185  182  182  180  179  176  175  172  171
  168  166  163  162  160  158  156  155  154  152  151  150  149  149  148  148
  149  149  150  150  152  152  154  154  156  157  158  159  161  161  163  163
  165  165  166  166  170  168  165  170  200                                   
    85.0-180.0 180.0   5.0 450.0                            LAT/LON1/LON2/DLON/H
  157  155  160  171  170  174  175  180  182  188  189  193  194  198  197  199
  197  198  194  195  191  191  187  187  183  183  180  178  176  173  170  167
  165  160  160  155  155  149  151  145  147  142  144  140  143  139  142  139
  143  140  144  141  146  144  147  146  149  149  150  150  151  151  151  152
  151  152  151  152  154  152  152  151  157                                   
    82.5-180.0 180.0   5.0 450.0                            LAT/LON1/LON2/DLON/H
  145  136  144  152  154  161  164  172  176  184  188  195  198  203  204  207
  206  205  203  201  198  196  192  189  185  182  178  175  172  168  164  161
  157  154  150  148  142  141  136  135  129  130  125  127  122  125  122  126
  124  129  127  132  131  134  133  136  136  138  136  137  136  137  135  135
  133  134  132  132  132  133  127  122  145                                   
    80.0-180.0 180.0   5.0 450.0                            LAT/LON1/LON2/DLON/H
  125  109  116  121  127  135  143  152  161  170  179  187  195  200  204  207
  207  205  202  199  193  188  182  176  170  165  160  156  152  147  145  140
  138  133  131  125  124  117  116  110  109  104  103   99  101   98  101  100
  105  104  110  109  115  114  119  116  120  118  119  116  117  114  113  110
  109  106  106  101  103   99   99   98  125                                   
    77.5-180.0 180.0   5.0 450.0                            LAT/LON1/LON2/DLON/H
   98   89   91   97  104  113  124  134  146  157  170  180  191  198  204  206
  207  204  201  195  188  180  171  162  154  145  141  134  132  127  127  122
  123  117  118  111  110  103  101   95   93   88   87   84   85   84   86   87
   91   93   98  100  103  106  108  109  110  110  110  107  106  103  101   96
   94   90   88   82   81   81   79   76   98                                   
    75.0-180.0 180.0   5.0 450.0                            LAT/LON1/LON2/DLON/H
   85   77   81   87   94  104  116  128  141  154  169  182  194  203  210  213
  213  209  204  195  187  174  164  150  139  127  121  115  112  109  110  107
  109  107  108  105  103   99   96   91   87   84   81   80   79   80   82   85
   88   92   96   99  103  105  107  107  108  106  105  102  101   97   94   90
   87   84   81   76   74   69   71   73   85                                   
    72.5-180.0 180.0   5.0 450.0                            LAT/LON1/LON2/DLON/H
   84   85   87   93   99  106  118  130  145  160  177  192  206  217  226  231
  231  226  217  206  194  180  165  148  134  121  110  105  101  101  101  103
  103  103  102  102  100   97   93   89   85   82   79   78   78   80   81   86
   89   95   97  102  102  105  103  104  101  100   98   96   95   92   90   87
   85   83   81   78   75   74   76   77   84                                   
    70.0-180.0 180.0   5.0 450.0                            LAT/LON1/LON2/DLON/H
   93   95  103  108  114  123  134  145  160  176  193  208  223  238  247  255
  254  250  240  228  214  197  181  158  143  124  112  102   96   93   91   92
   92   93   93   93   93   90   89   85   83   81   80   79   80   82   85   89
   92   96   99  100  101  101  100   97   95   91   90   87   88   85   85   83
   84   84   84   83   84   82   88   90   93                                   
    67.5-180.0 180.0   5.0 450.0                            LAT/LON1/LON2/DLON/H
  105  112  119  126  133  140  152  164  179  194  210  229  245  262  273  283
  283  280  271  260  246  227  207  186  166  144  128  113  102   95   89   87
   84   84   83   84   81   81   79   78   77   76   76   75   77   77   80   82
   85   87   90   91   91   90   89   87   83   81   79   79   78   79   79   80
   80   82   83   85   88   91   97  102  105                                   
    65.0-180.0 180.0   5.0 450.0                            LAT/LON1/LON2/DLON/H
  115  122  137  145  155  165  178  189  203  217  236  252  268  283  296  306
  309  307  298  289  277  262  243  220  200  176  158  136  122  107   97   89
   82   78   74   73   69   67   66   66   67   68   70   72   73   74   75   76
   76   78   77   78   76   76   74   72   70   68   68   68   69   69   71   72
   74   77   80   83   90   94  105  113  115                                   
    62.5-180.0 180.0   5.0 450.0                            LAT/LON1/LON2/DLON/H
  119  129  144  158  172  181  195  207  224  241  258  275  290  306  319  331
  336  335  325  318  306  295  276  257  236  212  191  168  147  128  111   98
   85   76   68   62   57   53   52   52   54   56   61   61   65   63   64   61
   61   59   58   57   57   57   57   56   57   58   58   60   61   62   63   63
   65   67   70   73   81   88  101  115  119                                   
    60.0-180.0 180.0   5.0 450.0                            LAT/LON1/LON2/DLON/H
  118  129  151  169  185  200  220  236  253  266  280  293  306  320  334  347
  357  356  348  340  331  320  306  289  271  249  227  203  181  155  135  113
   99   81   70   59   52   45   44   44   47   50   56   58   60   58   56   52
   48   45   41   41   39   41   42   45   48   51   53   55   56   58   57   56
   56   57   59   62   71   79   95  112  118                                   
    57.5-180.0 180.0   5.0 450.0                            LAT/LON1/LON2/DLON/H
  116  126  148  172  196  216  238  257  273  284  295  305  318  331  347  357
  370  370  366  360  353  345  331  317  299  281  260  235  212  187  163  139
  118   97   80   66   56   46   44   42   46   48   55   56   58   53   50   43
   37   31   29   27   28   30   36   41   49   54   58   60   62   61   58   55
   52   49   50   51   58   67   84  104  116                                   
    55.0-180.0 180.0   5.0 450.0                            LAT/LON1/LON2/DLON/H
  116  129  158  185  212  235  261  280  297  305  312  320  330  343  356  366
  376  377  376  373  367  360  349  334  319  303  285  265  242  218  196  167
  145  119  100   80   68   57   54   50   55   57   62   64   64   59   54   45
   39   32   28   27   27   32   38   48   55   64   67   71   70   70   65   60
   54   49   48   47   55   64   84  102  116                                   
    52.5-180.0 180.0   5.0 450.0                            LAT/LON1/LON2/DLON/H
  126  142  170  200  231  257  282  305  318  327  332  337  345  353  364  370
  379  377  379  377  376  370  360  348  333  318  303  287  268  247  223  196
  168  141  119  100   85   73   69   65   69   69   75   75   76   70   65   56
   47   40   37   34   37   41   50   59   69   77   82   84   84   82   77   70
   63   56   54   53   59   69   86  106  126                                   
    50.0-180.0 180.0   5.0 450.0                            LAT/LON1/LON2/DLON/H
  146  164  195  221  254  280  308  330  344  352  354  358  360  365  371  375
  379  376  379  376  376  369  363  352  339  325  313  300  284  263  242  210
  186  153  135  116  104   92   88   84   86   87   92   92   94   88   85   75
   69   60   57   55   56   60   67   76   85   91   95   99   98   96   91   85
   79   72   71   69   77   88  109  127  146                                   
    47.5-180.0 180.0   5.0 450.0                            LAT/LON1/LON2/DLON/H
  173  194  218  248  279  307  330  355  367  375  376  378  378  381  384  384
  386  381  383  379  379  373  368  361  348  337  323  310  291  273  243  217
  186  160  140  127  116  106  102   98  100   99  104  105  107  104  102   96
   90   85   79   78   77   80   84   91   98  103  106  108  108  107  104   98
   94   88   89   90   99  111  128  152  173                                   
    45.0-180.0 180.0   5.0 450.0                            LAT/LON1/LON2/DLON/H
  204  227  249  275  302  328  352  374  386  395  394  397  393  396  394  394
  393  388  389  383  382  377  373  366  355  341  327  309  291  264  238  204
  178  151  139  128  123  116  113  109  109  108  113  113  118  116  117  111
  109  104  100   96   94   94   96   99  105  106  108  111  112  113  112  109
  104  104  106  111  124  141  164  185  204                                   
    42.5-180.0 180.0   5.0 450.0                            LAT/LON1/LON2/DLON/H
  228  253  268  295  319  343  362  387  398  411  410  414  410  412  407  404
  407  400  400  394  394  389  385  378  364  350  331  311  283  254  219  188
  157  140  130  126  124  119  117  112  111  109  113  114  119  121  121  120
  116  114  109  106  102  100   99  100  103  103  105  107  109  112  112  110
  108  108  112  121  137  160  182  212  228                                   
    40.0-180.0 180.0   5.0 450.0                            LAT/LON1/LON2/DLON/H
  243  267  283  306  326  347  367  389  404  418  416  423  416  420  415  414
  414  409  407  403  405  402  395  386  370  354  332  309  278  240  206  170
  148  132  130  128  131  128  126  121  116  113  114  116  120  121  122  120
  118  114  109  105  100   97   95   94   96   96   98  102  104  108  110  110
  108  109  112  122  143  169  199  226  243                                   
    37.5-180.0 180.0   5.0 450.0                            LAT/LON1/LON2/DLON/H
  244  270  283  308  328  347  363  386  403  422  419  429  425  431  427  427
  427  424  421  420  421  418  409  397  377  359  334  309  273  236  200  172
  153  144  143  146  148  147  142  133  127  119  118  116  118  117  116  114
  109  104   98   94   89   87   87   87   89   91   95   98  101  104  104  102
  100   96  100  108  129  160  193  230  244                                   
    35.0-180.0 180.0   5.0 450.0                            LAT/LON1/LON2/DLON/H
  241  266  285  308  328  344  362  383  404  424  428  436  437  442  441  442
  441  438  436  434  438  433  422  406  385  364  339  313  281  247  219  196
  185  178  179  179  181  180  173  164  150  143  135  131  128  126  121  117
  107  102   93   88   84   85   86   89   91   94   98  103  104  106  103  101
   95   91   90   95  114  144  187  222  241                                   
    32.5-180.0 180.0   5.0 450.0                            LAT/LON1/LON2/DLON/H
  234  260  280  308  325  341  357  378  403  425  432  443  445  453  453  456
  456  454  454  454  454  449  435  417  394  373  350  327  302  280  261  252
  249  246  245  239  234  229  221  207  192  176  167  158  152  145  135  126
  113  103   93   87   84   86   89   91   97  100  108  109  113  110  108   99
   93   82   82   80   97  126  172  216  234                                   
    30.0-180.0 180.0   5.0 450.0                            LAT/LON1/LON2/DLON/H
  232  255  282  306  325  343  359  378  403  425  438  447  451  458  458  463
  462  462  463  463  463  456  440  420  399  383  367  356  345  341  344  354
  363  364  354  336  316  299  281  264  243  230  214  204  189  178  163  151
  132  121  105  102   98  106  105  114  116  122  122  128  125  125  117  108
   97   87   84   83   96  123  172  218  232                                   
    27.5-180.0 180.0   5.0 450.0                            LAT/LON1/LON2/DLON/H
  239  260  284  309  327  347  365  385  408  433  442  453  455  463  462  467
  468  467  470  470  467  455  437  419  407  400  398  400  415  432  452  461
  473  465  448  423  399  373  350  324  300  280  267  252  240  222  206  186
  171  153  139  128  126  128  130  135  139  141  148  146  150  141  135  119
  115  101  101   99  111  135  180  232  239                                   
    25.0-180.0 180.0   5.0 450.0                            LAT/LON1/LON2/DLON/H
  258  276  305  328  346  365  383  403  424  447  456  469  472  476  474  475
  472  470  471  469  463  447  429  416  415  424  441  469  501  529  557  594
  600  594  540  499  453  420  386  369  354  346  334  313  299  276  257  230
  210  192  178  169  165  167  168  171  168  167  163  161  152  145  137  128
  128  128  123  127  140  168  210  254  258                                   
    22.5-180.0 180.0   5.0 450.0                            LAT/LON1/LON2/DLON/H
  285  301  330  350  370  387  404  425  446  468  477  488  490  496  490  486
  481  476  473  467  459  438  425  421  440  464  508  547  591  636  684  720
  730  712  637  558  489  446  406  385  368  358  346  334  319  306  289  269
  248  233  219  211  212  211  214  209  210  198  196  185  180  165  157  148
  147  145  156  159  180  207  241  289  285                                   
    20.0-180.0 180.0   5.0 450.0                            LAT/LON1/LON2/DLON/H
  317  331  365  387  405  424  435  458  477  503  515  526  526  530  521  511
  500  489  480  468  455  434  430  441  479  524  582  629  675  712  762  793
  785  757  672  581  493  442  401  376  364  356  349  338  330  319  309  295
  284  273  264  256  257  255  254  245  237  223  213  206  197  188  180  174
  176  174  186  197  215  248  279  321  317                                   
    17.5-180.0 180.0   5.0 450.0                            LAT/LON1/LON2/DLON/H
  340  366  402  425  441  456  471  489  515  542  561  570  573  575  564  548
  534  518  503  485  468  450  459  481  539  598  656  688  727  771  811  827
  804  757  661  551  457  407  368  349  335  332  322  322  316  317  315  314
  313  303  302  297  299  293  288  273  257  238  222  213  202  198  192  195
  196  199  205  222  243  277  312  352  340                                   
    15.0-180.0 180.0   5.0 450.0                            LAT/LON1/LON2/DLON/H
  365  390  435  456  474  490  507  524  550  583  608  627  630  635  625  609
  591  570  552  524  506  489  509  543  611  664  706  732  767  797  818  811
  772  708  589  476  403  353  321  305  303  295  290  289  294  300  310  319
  324  328  330  332  329  321  307  285  267  243  224  211  199  195  196  201
  206  211  220  235  258  290  326  369  365                                   
    12.5-180.0 180.0   5.0 450.0                            LAT/LON1/LON2/DLON/H
  366  406  451  481  499  521  538  560  587  616  646  671  685  689  688  672
  657  634  614  584  564  553  575  618  679  720  752  768  790  794  787  762
  705  618  503  415  346  299  274  263  261  257  251  251  251  264  282  304
  320  331  340  343  340  328  306  286  261  238  217  205  194  194  195  202
  208  215  223  233  252  289  327  373  366                                   
    10.0-180.0 180.0   5.0 450.0                            LAT/LON1/LON2/DLON/H
  365  405  460  491  521  544  564  586  616  649  680  712  732  746  745  737
  726  704  685  657  640  630  653  688  736  763  784  785  783  760  734  687
  621  532  438  354  307  265  250  238  241  235  234  223  226  239  265  289
  308  325  331  332  326  310  293  270  257  225  217  199  197  190  198  199
  200  206  212  222  240  275  317  362  365                                   
     7.5-180.0 180.0   5.0 450.0                            LAT/LON1/LON2/DLON/H
  351  400  457  498  532  562  581  607  645  679  709  740  764  780  786  786
  776  756  745  719  708  699  719  742  780  799  801  783  757  727  682  631
