data/unet/pred1990.15i
     1.0            IONOSPHERE MAPS     GNSS                IONEX VERSION / TYPE
pyspatialgeodesy        IME             05-JAN-18 20:20     PGM / RUN BY / DATE 
Map Name                                                    COMMENT             
Predicted global ionosphere maps (GIM).                     DESCRIPTION         
  2015     7    18     0     0     0                        EPOCH OF FIRST MAP  
  2015     7    19     0     0     0                        EPOCH OF LAST MAP   
  7200                                                      INTERVAL            
    13                                                      # OF MAPS IN FILE   
  NONE                                                      MAPPING FUNCTION    
10.0                                                        ELEVATION CUTOFF    
One-way carrier phase leveled to code                       OBSERVABLES USED    
  6371.0                                                    BASE RADIUS         
 2                                                          MAP DIMENSION       
   450.0 450.0   0.0                                        HGT1 / HGT2 / DHGT  
    87.5 -87.5  -2.5                                        LAT1 / LAT2 / DLAT  
  -180.0 180.0   5.0                                        LON1 / LON2 / DLON  
    -1                                                      EXPONENT            
                                                            END OF HEADER       
[from data line 858]
     3                                                      START OF TEC MAP    
  2015     7    18     4     0     0                        EPOCH OF CURRENT MAP
    87.5-180.0 180.0   5.0 450.0                            LAT/LON1/LON2/DLON/H
  167  166  156  158  157  157  155  157  155  156  154  155  154  155  153  154
  153  153  152  151  151  150  148  146  147  144  144  141  143  140  141  138
  139  137  138  137  138  137  138  138  139  139  141  141  142  143  144  144
  145  146  146  147  146  148  147  149  147  150  148  151  150  153  151  154
  153  156  154  157  155  153  162  173  167                                   
    85.0-180.0 180.0   5.0 450.0                            LAT/LON1/LON2/DLON/H
  168  165  151  160  156  156  156  158  157  158  156  158  157  159  157  158
  157  158  156  156  154  154  150  149  147  146  142  142  140  139  136  135
  133  133  130  130  128  128  127  127  127  128  128  129  130  132  133  135
  136  138  140  142  143  145  146  148  148  151  150  152  152  154  153  155
  154  157  155  158  154  152  158  164  168                                   
    82.5-180.0 180.0   5.0 450.0                            LAT/LON1/LON2/DLON/H
  155  149  151  154  151  150  152  153  155  155  155  156  157  158  157  159
  158  159  157  157  155  154  150  149  145  144  139  138  134  133  128  128
  124  123  120  119  117  116  115  114  114  113  116  115  119  119  125  124
  130  131  137  138  142  145  148  150  151  153  153  154  155  155  154  154
  154  154  155  152  153  148  155  150  155                                   
    80.0-180.0 180.0   5.0 450.0                            LAT/LON1/LON2/DLON/H
  160  155  157  158  156  155  156  156  158  157  159  158  161  160  161  162
  162  162  160  160  158  155  152  148  145  141  137  134  130  127  123  121
  118  116  114  113  112  111  111  111  112  113  115  117  120  124  128  132
  137  141  146  150  154  156  160  161  163  163  164  164  165  165  164  163
  163  163  163  163  162  157  157  153  160                                   
    77.5-180.0 180.0   5.0 450.0                            LAT/LON1/LON2/DLON/H
  161  157  158  161  156  157  156  156  156  155  156  156  157  157  158  158
  159  157  157  155  154  150  146  142  137  132  128  124  121  117  116  113
  112  111  110  109  109  108  108  108  109  111  114  119  123  129  134  141
  146  154  159  165  168  171  174  175  176  176  176  176  176  174  173  172
  171  170  170  167  167  161  159  153  161                                   
    75.0-180.0 180.0   5.0 450.0                            LAT/LON1/LON2/DLON/H
  162  159  160  158  157  153  154  152  151  150  150  149  150  150  151  150
  151  150  149  147  145  141  136  130  125  119  115  110  108  106  107  105
  106  105  107  106  107  107  109  109  112  114  120  124  132  138  146  152
  159  164  172  176  179  181  182  183  183  183  182  183  181  181  178  177
  174  174  172  171  168  162  162  158  162                                   
    72.5-180.0 180.0   5.0 450.0                            LAT/LON1/LON2/DLON/H
  162  157  159  158  154  152  150  148  146  145  143  143  142  142  141  141
  141  140  139  137  134  130  125  118  112  106  102   99   98   98   99  100
  102  104  106  107  108  109  111  112  115  119  124  130  138  146  155  163
  170  177  182  186  187  188  188  187  186  185  184  183  182  182  180  179
  176  175  174  172  172  167  164  158  162                                   
    70.0-180.0 180.0   5.0 450.0                            LAT/LON1/LON2/DLON/H
  161  159  161  159  158  153  153  150  148  145  143  140  139  136  136  134
  135  132  132  129  126  120  115  107  103   96   94   89   91   89   94   95
  101  103  107  109  111  113  115  117  120  124  132  138  149  156  167  174
  182  186  191  191  192  189  188  186  183  182  180  181  179  181  177  179
  176  177  174  175  172  166  165  162  161                                   
    67.5-180.0 180.0   5.0 450.0                            LAT/LON1/LON2/DLON/H
  161  157  159  160  156  153  152  151  148  145  142  139  136  134  131  131
  128  127  125  122  118  113  107  102   95   90   86   85   84   87   90   94
   99  103  107  111  113  115  117  120  123  127  137  145  154  164  173  181
  186  190  192  191  188  185  181  178  174  173  172  173  173  174  174  174
  173  173  174  172  172  167  164  160  161                                   
    65.0-180.0 180.0   5.0 450.0                            LAT/LON1/LON2/DLON/H
  160  159  161  160  159  156  156  154  152  149  145  141  138  134  131  128
  126  122  120  116  114  108  104   96   92   85   83   79   82   82   88   91
   98  101  107  110  113  116  118  121  124  133  142  150  161  170  180  185
  192  192  193  188  186  180  175  171  166  165  164  166  166  170  168  173
  170  174  171  175  171  165  165  163  160                                   
    62.5-180.0 180.0   5.0 450.0                            LAT/LON1/LON2/DLON/H
  161  158  160  161  157  155  154  154  151  150  146  144  139  136  130  128
  123  120  116  114  110  106  100   95   89   84   81   80   79   83   85   90
   94   98  101  106  109  112  115  120  127  134  144  153  162  172  180  186
  191  192  190  187  182  176  170  165  162  160  160  161  163  165  166  167
  168  169  170  170  171  167  165  161  161                                   
    60.0-180.0 180.0   5.0 450.0                            LAT/LON1/LON2/DLON/H
  159  160  160  160  159  154  155  154  153  151  149  145  142  136  131  126
  122  117  115  110  108  102   99   92   89   82   82   79   81   81   86   87
   92   93   98  101  104  108  112  120  126  137  144  155  165  173  182  186
  193  192  191  188  185  181  175  171  168  167  165  166  166  166  164  166
  164  168  167  170  168  164  166  166  159                                   
    57.5-180.0 180.0   5.0 450.0                            LAT/LON1/LON2/DLON/H
  164  160  163  165  160  158  155  154  152  152  149  147  142  138  132  127
  121  116  112  108  105  100   96   92   88   85   83   83   82   83   84   85
   86   87   88   92   96  101  107  117  127  136  147  156  168  177  185  191
  197  196  195  195  194  192  188  183  180  176  173  171  170  168  166  165
  165  165  167  168  170  168  167  164  164                                   
    55.0-180.0 180.0   5.0 450.0                            LAT/LON1/LON2/DLON/H
  165  167  169  170  166  161  160  156  156  154  152  148  145  138  133  124
  120  113  111  106  104   98   96   91   91   86   88   85   88   85   86   83
   84   81   84   86   92   97  106  118  129  141  151  163  174  183  192  196
  204  204  205  206  209  210  208  205  201  197  190  185  179  176  170  169
  166  168  167  171  171  169  172  173  165                                   
    52.5-180.0 180.0   5.0 450.0                            LAT/LON1/LON2/DLON/H
  174  173  179  182  177  173  168  166  161  159  154  151  145  141  133  127
  120  114  110  106  103   99   97   94   93   92   93   92   92   90   88   85
   82   78   80   81   88   95  107  120  134  145  158  170  181  192  201  208
  216  219  221  222  227  227  227  223  220  214  205  196  188  180  173  169
  168  168  171  172  177  177  176  176  174                                   
    50.0-180.0 180.0   5.0 450.0                            LAT/LON1/LON2/DLON/H
  180  184  190  194  191  186  180  175  170  164  160  154  150  143  136  126
  122  113  112  106  105  101  101   98   99   97  100   97   99   94   92   86
   83   79   80   82   90   99  111  126  139  152  165  176  189  199  211  219
  230  233  238  241  247  247  247  243  241  232  223  210  200  189  180  177
  173  176  176  181  185  184  185  187  180                                   
    47.5-180.0 180.0   5.0 450.0                            LAT/LON1/LON2/DLON/H
  191  193  202  206  202  199  191  186  178  171  163  158  152  146  138  130
  123  120  115  112  109  107  106  105  106  106  107  106  105  101   97   90
   87   82   83   85   93  102  115  131  144  156  169  182  196  210  223  234
  245  251  256  259  265  263  261  255  252  241  231  218  207  194  187  182
  180  182  185  189  195  196  192  193  191                                   
    45.0-180.0 180.0   5.0 450.0                            LAT/LON1/LON2/DLON/H
  200  205  213  215  213  209  202  195  187  177  170  163  157  150  142  133
  128  122  121  117  116  113  114  112  115  114  116  112  112  105  102   95
   93   89   91   93  102  110  122  136  149  160  174  185  202  215  231  242
  254  260  265  268  272  271  268  261  258  247  239  225  216  204  197  193
  193  196  198  203  207  204  201  204  200                                   
    42.5-180.0 180.0   5.0 450.0                            LAT/LON1/LON2/DLON/H
  210  211  218  219  215  211  204  200  191  184  174  167  160  152  144  136
  131  128  127  126  125  124  123  124  124  124  123  121  117  112  107  102
   99   96   97   99  106  115  126  138  150  161  175  187  205  221  237  250
  262  268  272  274  277  273  270  263  260  248  242  229  221  209  206  202
  205  206  210  212  218  217  210  212  210                                   
    40.0-180.0 180.0   5.0 450.0                            LAT/LON1/LON2/DLON/H
  216  220  223  221  218  212  207  202  196  187  181  172  166  156  148  138
  135  131  132  131  134  133  135  135  137  136  135  130  126  118  114  110
  109  107  108  111  116  123  129  140  152  162  177  191  210  224  240  254
  265  271  276  278  280  276  273  266  263  254  249  239  233  224  221  220
  222  224  226  228  230  224  220  221  216                                   
    37.5-180.0 180.0   5.0 450.0                            LAT/LON1/LON2/DLON/H
  229  225  227  220  214  208  204  201  196  191  184  177  169  160  151  141
  137  135  136  138  140  142  144  147  148  147  144  139  133  125  121  116
  117  114  115  115  120  124  130  140  153  165  181  196  214  229  246  258
  270  276  282  284  287  284  279  274  271  265  262  254  251  241  240  236
  239  239  241  240  244  240  232  235  229                                   
    35.0-180.0 180.0   5.0 450.0                            LAT/LON1/LON2/DLON/H
  241  238  237  225  216  209  205  201  199  193  189  182  176  165  156  144
  139  136  139  140  145  148  154  157  161  159  157  150  143  135  130  128
  128  128  127  127  128  131  134  142  155  169  186  200  219  232  248  261
  273  279  286  289  294  292  292  286  285  281  279  276  274  268  265  261
  261  262  263  263  262  256  253  253  241                                   
    32.5-180.0 180.0   5.0 450.0                            LAT/LON1/LON2/DLON/H
  267  255  253  238  224  215  208  206  202  199  194  189  181  171  160  149
  143  140  141  143  149  154  162  168  173  172  168  161  152  143  139  136
  138  135  136  132  132  131  134  142  156  172  190  203  222  232  249  259
  272  279  289  296  305  307  310  308  307  303  301  299  298  292  288  284
  284  283  283  282  284  282  278  283  267                                   
    30.0-180.0 180.0   5.0 450.0                            LAT/LON1/LON2/DLON/H
  299  287  283  264  249  235  226  220  215  210  205  198  190  177  165  150
  143  138  139  142  149  157  169  176  184  182  179  169  161  152  145  143
  143  142  139  137  134  135  137  142  156  168  189  199  219  226  242  252
  266  275  289  300  317  322  330  328  328  324  324  322  320  314  311  306
  307  305  306  307  309  309  310  312  299                                   
    27.5-180.0 180.0   5.0 450.0                            LAT/LON1/LON2/DLON/H
  338  326  321  302  284  269  255  246  237  230  220  210  198  185  170  156
  146  141  139  143  151  161  174  185  191  192  186  178  167  156  149  143
  143  140  138  135  132  132  135  139  150  163  185  196  216  221  236  243
  257  270  288  304  326  338  349  349  351  346  346  343  339  335  331  328
  329  327  329  332  340  340  342  349  338                                   
    25.0-180.0 180.0   5.0 450.0                            LAT/LON1/LON2/DLON/H
  373  367  359  340  325  308  295  281  271  256  243  229  213  194  178  160
  147  140  136  140  150  163  179  191  199  199  192  181  170  157  147  140
  137  133  131  128  126  129  130  134  145  153  174  184  207  211  226  232
  247  263  285  306  332  349  366  367  370  366  365  360  355  350  346  342
  345  345  348  353  362  366  369  375  373                                   
    22.5-180.0 180.0   5.0 450.0                            LAT/LON1/LON2/DLON/H
  400  404  402  383  363  353  338  325  307  289  272  252  228  207  188  170
  155  146  141  144  154  168  185  198  205  203  194  181  167  151  140  129
  125  120  117  116  116  119  123  125  135  144  162  177  198  205  220  225
  242  260  284  309  338  361  378  382  385  380  381  372  369  363  361  358
  361  361  366  371  384  392  396  408  400                                   
    20.0-180.0 180.0   5.0 450.0                            LAT/LON1/LON2/DLON/H
  431  434  436  420  404  391  377  364  344  322  299  273  247  221  199  179
  163  153  145  149  158  172  189  202  207  202  190  175  158  141  126  116
  109  106  103  104  104  108  108  112  121  128  149  166  188  200  216  229
  243  261  286  311  341  363  383  388  394  391  392  385  380  374  372  370
  375  377  384  389  400  409  408  418  431                                   
    17.5-180.0 180.0   5.0 450.0                            LAT/LON1/LON2/DLON/H
  446  458  463  452  438  425  410  396  373  350  320  294  266  237  213  195
  179  167  160  159  168  180  195  205  206  197  183  165  147  126  112  100
   95   89   88   87   90   92   94   97  106  114  137  158  184  197  218  229
  246  265  287  314  339  363  379  388  394  396  400  395  393  388  387  388
  391  395  399  404  415  421  420  428  446                                   
    15.0-180.0 180.0   5.0 450.0                            LAT/LON1/LON2/DLON/H
  458  467  476  467  460  448  434  419  394  368  338  306  277  248  225  207
  192  180  172  170  176  185  197  201  199  186  169  147  127  110   96   87
   79   76   73   78   76   83   81   85   95  104  131  152  183  200  221  236
  251  269  290  311  331  351  369  380  392  399  407  405  403  403  407  406
  411  413  419  422  427  429  428  431  458                                   
    12.5-180.0 180.0   5.0 450.0                            LAT/LON1/LON2/DLON/H
  452  464  473  465  463  451  442  425  402  375  345  314  284  256  237  221
  209  199  191  185  188  192  197  195  186  170  150  126  111   94   86   75
   70   66   68   68   72   73   74   76   84   97  125  152  184  202  226  237
  255  272  291  309  326  344  358  374  389  404  414  417  420  423  426  427
  428  431  433  433  438  438  434  434  452                                   
    10.0-180.0 180.0   5.0 450.0                            LAT/LON1/LON2/DLON/H
  435  443  450  445  445  439  429  417  393  369  337  309  280  256  240  227
  218  209  201  194  194  190  191  181  169  146  124  106   92   83   74   68
   63   62   62   64   64   68   67   69   78   89  121  147  183  203  226  240
  256  272  291  305  321  334  353  369  396  414  430  433  436  442  444  446
  449  450  452  449  448  445  442  437  435                                   
     7.5-180.0 180.0   5.0 450.0                            LAT/LON1/LON2/DLON/H
  412  419  426  418  417  409  404  391  372  350  323  298  273  253  240  231
  225  220  213  203  198  190  181  167  148  122  106   88   82   73   70   62
