data/unet/pred0410.15i
     1.0            IONOSPHERE MAPS     GNSS                IONEX VERSION / TYPE
pyspatialgeodesy        IME             05-JAN-18 20:20     PGM / RUN BY / DATE 
Map Name                                                    COMMENT             
Predicted global ionosphere maps (GIM).                     DESCRIPTION         
  2015     2    10     0     0     0                        EPOCH OF FIRST MAP  
  2015     2    11     0     0     0                        EPOCH OF LAST MAP   
  7200                                                      INTERVAL            
    13                                                      # OF MAPS IN FILE   
  NONE                                                      MAPPING FUNCTION    
10.0                                                        ELEVATION CUTOFF    
One-way carrier phase leveled to code                       OBSERVABLES USED    
  6371.0                                                    BASE RADIUS         
 2                                                          MAP DIMENSION       
   450.0 450.0   0.0                                        HGT1 / HGT2 / DHGT  
    87.5 -87.5  -2.5                                        LAT1 / LAT2 / DLAT  
  -180.0 180.0   5.0                                        LON1 / LON2 / DLON  
    -1                                                      EXPONENT            
                                                            END OF HEADER       
[from data line 4719]
    12                                                      START OF TEC MAP    
  2015     2    10    22     0     0                        EPOCH OF CURRENT MAP
    87.5-180.0 180.0   5.0 450.0                            LAT/LON1/LON2/DLON/H
  180  169  162  169  169  174  174  178  177  180  177  180  176  179  175  177
  173  175  170  172  167  169  164  166  161  164  159  162  158  159  156  156
  152  151  148  146  143  141  140  138  137  136  136  134  134  134  135  134
  136  136  139  139  141  142  144  144  146  146  147  147  148  148  149  149
  150  150  152  153  154  154  154  168  180                                   
    85.0-180.0 180.0   5.0 450.0                            LAT/LON1/LON2/DLON/H
  163  162  166  175  179  182  188  191  195  198  200  201  202  202  201  199
  198  194  193  189  188  185  183  180  178  175  173  170  168  164  163  158
  155  150  148  144  142  138  138  135  134  131  133  130  131  130  132  131
  133  134  136  137  139  140  142  143  145  145  146  146  146  145  146  145
  146  145  148  148  152  149  149  164  163                                   
    82.5-180.0 180.0   5.0 450.0                            LAT/LON1/LON2/DLON/H
  150  151  159  171  178  185  193  200  206  210  214  218  220  222  221  220
  217  213  209  204  199  194  187  184  176  174  166  167  159  160  155  154
  148  145  140  137  132  130  128  126  124  123  123  122  122  123  124  126
  128  130  133  135  138  140  141  143  144  145  144  145  143  143  141  141
  139  140  139  141  140  140  136  154  150                                   
    80.0-180.0 180.0   5.0 450.0                            LAT/LON1/LON2/DLON/H
  143  145  153  164  174  185  196  206  216  225  232  239  243  244  243  238
  232  224  216  208  199  192  183  179  171  170  163  163  158  158  153  151
  145  142  136  133  128  125  121  119  116  116  114  115  114  116  117  119
  122  125  129  132  134  137  139  142  142  144  142  144  140  140  136  136
  132  132  130  131  129  128  126  139  143                                   
    77.5-180.0 180.0   5.0 450.0                            LAT/LON1/LON2/DLON/H
  137  138  147  157  171  180  197  210  224  236  248  257  260  260  256  247
  240  228  218  203  193  180  171  165  159  158  154  154  151  149  147  144
  141  137  134  129  127  122  120  116  114  113  113  113  113  114  115  116
  118  121  123  127  129  133  135  138  138  140  138  139  135  134  131  129
  125  124  123  121  121  118  118  130  137                                   
    75.0-180.0 180.0   5.0 450.0                            LAT/LON1/LON2/DLON/H
  138  140  150  160  173  185  204  217  236  250  264  272  275  270  261  248
  235  219  203  184  169  154  143  138  136  137  138  140  140  141  139  138
  135  135  130  130  124  123  118  117  112  114  111  113  111  112  112  112
  113  115  119  122  124  127  130  133  133  134  133  132  129  127  124  123
  120  120  119  119  118  119  120  133  138                                   
    72.5-180.0 180.0   5.0 450.0                            LAT/LON1/LON2/DLON/H
  154  154  161  171  183  195  214  231  250  268  281  289  287  279  265  246
  226  207  185  166  147  132  121  117  114  116  118  123  125  129  129  129
  128  127  125  125  122  121  118  116  113  112  111  111  110  109  108  107
  106  107  109  113  114  118  120  123  123  124  122  122  118  118  115  115
  114  116  118  120  122  124  129  145  154                                   
    70.0-180.0 180.0   5.0 450.0                            LAT/LON1/LON2/DLON/H
  176  173  180  188  201  214  234  251  274  292  305  312  308  299  282  259
  237  209  184  161  139  123  111  103   97   98   99  102  106  109  109  109
  109  110  109  110  110  111  110  109  108  107  106  106  104  103  101   99
   97   97   98  100  103  106  107  108  109  109  108  107  106  105  104  106
  108  113  119  124  130  136  143  162  176                                   
    67.5-180.0 180.0   5.0 450.0                            LAT/LON1/LON2/DLON/H
  202  197  204  213  224  235  257  277  301  318  329  334  331  322  303  278
  251  220  190  164  140  122  109  102   92   92   86   90   87   90   88   90
   90   91   91   93   95   95   96   95   95   94   94   93   92   90   88   87
   85   84   84   86   87   90   92   93   91   92   90   91   89   91   91   96
  100  109  118  128  139  150  159  182  202                                   
    65.0-180.0 180.0   5.0 450.0                            LAT/LON1/LON2/DLON/H
  227  220  229  236  248  261  280  300  323  339  352  357  358  347  330  304
  276  243  209  182  155  135  120  111  100   95   87   85   79   76   71   70
   69   69   70   73   75   77   79   80   82   81   81   80   80   78   76   76
   73   73   72   72   73   75   76   77   76   74   73   72   72   73   76   83
   92  103  117  130  146  162  176  200  227                                   
    62.5-180.0 180.0   5.0 450.0                            LAT/LON1/LON2/DLON/H
  250  243  255  265  276  286  305  322  340  356  372  380  383  374  357  335
  306  276  240  208  181  159  140  127  113  102   90   83   73   66   60   56
   54   51   53   53   58   57   61   61   65   64   66   64   65   63   62   61
   59   59   59   60   60   62   63   65   63   62   59   59   58   61   64   72
   83   97  113  133  151  171  188  216  250                                   
    60.0-180.0 180.0   5.0 450.0                            LAT/LON1/LON2/DLON/H
  267  259  276  284  297  306  322  333  350  366  384  391  399  391  380  364
  338  315  280  248  216  190  166  146  130  115  100   88   76   66   58   53
   50   47   47   48   48   49   49   51   53   54   55   55   55   55   52   52
   50   51   51   53   53   55   56   57   56   55   52   50   50   52   56   64
   77   92  112  133  154  175  196  226  267                                   
    57.5-180.0 180.0   5.0 450.0                            LAT/LON1/LON2/DLON/H
  278  276  295  308  320  328  337  346  362  376  390  399  406  405  396  390
  372  355  323  293  258  224  196  171  149  129  111   97   84   74   66   59
   55   51   50   48   48   44   45   44   48   48   50   50   51   49   47   45
   43   43   44   46   48   50   53   55   55   55   52   51   50   52   55   64
   76   94  114  138  159  181  201  234  278                                   
    55.0-180.0 180.0   5.0 450.0                            LAT/LON1/LON2/DLON/H
  290  291  314  328  342  350  354  364  374  382  392  399  406  408  405  405
  391  384  357  331  292  259  223  192  168  143  126  110   99   88   83   78
   74   69   67   64   60   56   53   53   53   54   55   56   56   55   52   50
   46   48   47   50   51   55   57   59   60   60   58   57   55   57   61   70
   83  101  123  145  166  187  210  243  290                                   
    52.5-180.0 180.0   5.0 450.0                            LAT/LON1/LON2/DLON/H
  301  308  335  353  369  374  381  390  393  398  398  404  407  413  412  417
  410  403  381  355  319  284  248  214  188  163  145  130  119  109  104   98
   94   89   87   79   76   69   67   64   66   65   68   67   68   65   62   57
   54   52   52   54   57   60   63   65   67   67   66   65   66   69   74   83
   96  117  138  162  181  202  221  258  301                                   
    50.0-180.0 180.0   5.0 450.0                            LAT/LON1/LON2/DLON/H
  317  329  358  380  393  407  411  420  419  415  409  408  410  415  417  424
  415  415  391  370  335  302  267  236  208  181  167  151  140  129  124  116
  112  106  103   97   91   85   82   79   79   79   81   82   83   80   78   72
   69   66   65   68   68   72   74   76   77   77   76   75   76   80   87   98
  113  135  159  184  201  223  243  277  317                                   
    47.5-180.0 180.0   5.0 450.0                            LAT/LON1/LON2/DLON/H
  331  353  383  406  420  437  447  455  450  443  426  422  418  423  424  431
  425  418  395  373  342  312  280  253  228  203  185  171  158  147  138  129
  123  117  114  106  105   98   97   93   95   94   98   99  101   97   95   89
   85   81   80   80   82   83   85   85   87   86   85   85   87   93  102  114
  132  155  181  207  226  247  267  301  331                                   
    45.0-180.0 180.0   5.0 450.0                            LAT/LON1/LON2/DLON/H
  351  375  404  425  442  463  475  484  478  464  443  429  424  424  425  430
  424  416  390  372  345  318  292  268  245  220  200  181  169  153  142  130
  123  116  113  110  108  106  104  103  102  104  107  110  113  110  109  104
  101   98   96   96   96   96   96   95   94   92   91   91   94  101  113  126
  146  172  200  227  249  271  290  322  351                                   
    42.5-180.0 180.0   5.0 450.0                            LAT/LON1/LON2/DLON/H
  361  390  414  438  456  476  493  504  498  482  456  443  432  430  430  436
  429  416  391  373  351  328  304  281  260  232  209  187  172  154  140  126
  119  112  111  108  111  109  111  109  111  111  117  119  124  122  120  116
  114  110  110  108  108  106  105  103  102   99   97   97  100  107  120  135
  157  184  212  241  266  289  308  340  361                                   
    40.0-180.0 180.0   5.0 450.0                            LAT/LON1/LON2/DLON/H
  375  399  423  442  459  479  497  510  510  493  473  456  444  440  439  442
  433  421  396  382  362  341  320  294  270  239  210  185  167  148  133  119
  114  108  110  110  116  117  118  116  116  117  122  124  128  127  126  123
  122  120  120  119  118  116  114  111  109  104  101  100  102  110  124  140
  161  188  216  245  271  300  320  349  375                                   
    37.5-180.0 180.0   5.0 450.0                            LAT/LON1/LON2/DLON/H
  378  404  421  439  453  471  487  501  504  498  480  468  456  452  449  451
  440  426  406  393  377  355  332  303  275  241  210  185  168  149  135  125
  121  119  123  124  131  132  133  129  127  125  128  128  130  127  126  123
  124  123  125  123  124  122  120  118  115  110  106  104  106  111  125  141
  162  187  213  239  267  298  324  353  378                                   
    35.0-180.0 180.0   5.0 450.0                            LAT/LON1/LON2/DLON/H
  386  408  424  435  444  452  465  478  488  487  483  472  465  462  458  458
  444  435  417  408  392  368  344  307  275  237  207  185  171  160  155  151
  151  150  154  156  161  162  161  154  149  142  140  136  134  129  126  124
  124  125  126  128  130  131  131  128  124  120  113  112  110  116  128  144
  162  184  205  227  253  287  317  350  386                                   
    32.5-180.0 180.0   5.0 450.0                            LAT/LON1/LON2/DLON/H
  389  415  426  438  438  443  449  461  470  477  476  473  469  469  464  463
  449  440  429  423  410  385  355  316  279  244  218  202  197  194  199  200
  203  202  205  203  204  199  196  186  178  168  161  151  144  134  128  124
  125  124  125  127  130  133  135  135  133  129  123  120  117  122  134  150
  170  189  207  225  247  281  315  352  389                                   
    30.0-180.0 180.0   5.0 450.0                            LAT/LON1/LON2/DLON/H
  401  429  440  445  446  444  445  452  461  469  473  473  472  472  469  467
  451  449  440  437  426  400  369  325  290  259  242  233  237  247  261  279
  283  292  280  277  256  249  231  220  210  196  185  170  158  143  133  128
  125  124  123  127  131  138  141  143  140  137  130  127  126  131  145  164
  185  203  219  233  254  286  322  362  401                                   
    27.5-180.0 180.0   5.0 450.0                            LAT/LON1/LON2/DLON/H
  420  446  459  472  473  472  468  472  475  481  478  481  476  477  470  469
  452  451  445  444  435  409  377  338  308  289  283  290  307  337  370  396
  409  409  390  367  333  308  276  257  242  226  209  192  175  158  147  140
  135  129  126  128  132  137  140  140  139  136  134  133  135  142  163  190
  219  238  253  265  285  317  348  387  420                                   
    25.0-180.0 180.0   5.0 450.0                            LAT/LON1/LON2/DLON/H
  449  477  499  510  523  522  518  516  517  517  511  512  500  493  478  474
  454  451  443  440  431  402  377  348  333  329  339  362  400  446  489  518
  526  513  480  441  392  358  325  300  278  259  243  223  203  183  173  164
  158  151  144  142  143  149  148  145  136  132  125  127  128  143  168  207
  243  273  295  312  329  357  388  420  449                                   
    22.5-180.0 180.0   5.0 450.0                            LAT/LON1/LON2/DLON/H
  490  517  548  571  592  596  596  593  586  584  573  569  545  531  502  489
  468  459  444  439  426  403  384  374  379  394  419  457  501  557  589  610
  605  585  537  481  423  379  344  319  295  277  261  243  226  207  196  185
  176  162  153  146  148  150  157  155  153  142  137  132  134  147  180  223
  271  310  338  360  381  415  441  464  490                                   
    20.0-180.0 180.0   5.0 450.0                            LAT/LON1/LON2/DLON/H
  528  562  600  637  668  686  689  688  681  676  659  651  621  595  556  535
  499  484  460  445  431  411  408  413  438  466  498  538  590  630  650  665
  655  622  562  496  425  383  344  324  297  286  268  257  238  225  211  203
  189  176  160  154  147  152  152  153  146  143  138  135  136  151  186  239
  293  341  373  401  426  459  493  511  528                                   
    17.5-180.0 180.0   5.0 450.0                            LAT/LON1/LON2/DLON/H
  571  622  665  713  750  781  792  791  784  775  761  752  720  688  631  601
  554  534  497  472  453  443  449  472  510  545  585  625  642  660  662  664
  635  593  530  465  402  360  328  308  291  280  269  257  248  236  230  219
  206  190  173  164  157  159  157  154  151  143  142  137  142  157  198  252
  315  365  401  436  463  501  535  550  571                                   
    15.0-180.0 180.0   5.0 450.0                            LAT/LON1/LON2/DLON/H
  610  670  706  767  816  859  876  881  876  867  856  848  818  786  730  689
  633  602  558  521  501  486  505  532  579  621  655  670  657  646  619  596
  554  509  451  401  359  336  306  296  278  274  263  260  252  248  241  236
  221  207  188  179  168  167  160  157  146  143  137  134  139  161  201  259
  323  376  416  455  488  529  569  581  610                                   
    12.5-180.0 180.0   5.0 450.0                            LAT/LON1/LON2/DLON/H
  635  701  743  801  853  898  918  926  927  924  925  923  901  874  822  783
  733  686  630  588  559  554  572  606  653  687  695  676  630  589  538  499
  451  407  366  342  325  308  292  281  272  264  260  254  255  251  251  246
  235  219  202  189  176  173  164  161  154  144  138  133  142  162  208  265
  328  383  424  465  499  543  584  593  635                                   
    10.0-180.0 180.0   5.0 450.0                            LAT/LON1/LON2/DLON/H
  646  720  754  813  867  905  929  939  944  953  961  973  957  940  898  864
  824  778  721  664  628  615  630  665  707  727  706  658  582  515  449  394
  345  312  304  308  306  306  296  290  275  271  260  257  251  254  251  252
  240  227  205  195  178  178  168  171  162  154  142  141  147  176  217  273
  329  383  421  464  499  547  591  600  646                                   
     7.5-180.0 180.0   5.0 450.0                            LAT/LON1/LON2/DLON/H
  647  720  754  810  855  887  910  920  929  946  965  984  987  974  945  918
  889  853  805  754  707  688  691  723  748  745  690  618  524  445  368  312
