data/unet/pred1490.15i
     1.0            IONOSPHERE MAPS     GNSS                IONEX VERSION / TYPE
pyspatialgeodesy        IME             05-JAN-18 20:20     PGM / RUN BY / DATE 
Map Name                                                    COMMENT             
Predicted global ionosphere maps (GIM).                     DESCRIPTION         
  2015     5    29     0     0     0                        EPOCH OF FIRST MAP  
  2015     5    30     0     0     0                        EPOCH OF LAST MAP   
  7200                                                      INTERVAL            
    13                                                      # OF MAPS IN FILE   
  NONE                                                      MAPPING FUNCTION    
10.0                                                        ELEVATION CUTOFF    
One-way carrier phase leveled to code                       OBSERVABLES USED    
  6371.0                                                    BASE RADIUS         
 2                                                          MAP DIMENSION       
   450.0 450.0   0.0                                        HGT1 / HGT2 / DHGT  
    87.5 -87.5  -2.5                                        LAT1 / LAT2 / DLAT  
  -180.0 180.0   5.0                                        LON1 / LON2 / DLON  
    -1                                                      EXPONENT            
                                                            END OF HEADER       
[from data line 4290]
    11                                                      START OF TEC MAP    
  2015     5    29    20     0     0                        EPOCH OF CURRENT MAP
    87.5-180.0 180.0   5.0 450.0                            LAT/LON1/LON2/DLON/H
  193  172  160  165  162  163  162  164  163  165  165  166  166  167  167  167
  167  168  168  167  167  166  166  165  164  163  161  161  159  158  157  156
  154  154  153  152  151  151  150  150  148  149  148  149  148  149  149  149
  148  149  148  148  148  148  147  147  146  147  145  146  145  146  145  147
  146  149  149  150  151  153  154  175  193                                   
    85.0-180.0 180.0   5.0 450.0                            LAT/LON1/LON2/DLON/H
  156  160  159  164  163  162  163  164  165  166  166  168  168  168  168  169
  169  169  169  169  169  168  167  165  164  163  161  159  158  156  155  153
  152  150  150  148  148  147  146  146  145  145  144  145  145  145  144  145
  144  145  144  144  144  143  143  142  143  141  142  141  143  141  143  143
  145  145  147  146  149  147  151  172  156                                   
    82.5-180.0 180.0   5.0 450.0                            LAT/LON1/LON2/DLON/H
  160  161  166  170  168  170  170  174  173  176  175  177  176  178  176  178
  178  179  178  179  178  178  176  175  173  172  168  167  163  163  159  158
  154  155  151  152  149  151  148  149  146  149  146  148  146  148  145  147
  145  147  145  147  144  146  144  146  144  146  144  146  145  147  146  148
  148  150  150  153  152  153  152  164  160                                   
    80.0-180.0 180.0   5.0 450.0                            LAT/LON1/LON2/DLON/H
  163  158  161  163  163  164  167  169  171  172  173  174  175  175  176  176
  178  178  179  178  179  177  178  175  175  170  169  164  163  158  157  152
  151  148  147  145  144  143  143  141  142  141  141  141  141  141  141  141
  141  141  141  140  141  140  141  139  141  139  141  139  141  140  141  140
  142  142  144  144  146  145  146  160  163                                   
    77.5-180.0 180.0   5.0 450.0                            LAT/LON1/LON2/DLON/H
  157  156  156  159  162  163  166  168  170  171  173  173  175  175  176  177
  177  179  179  180  180  180  180  178  176  173  170  165  161  157  153  149
  146  143  142  139  138  137  138  137  138  137  138  137  138  137  138  137
  137  137  137  136  137  136  136  135  135  134  135  134  135  135  136  136
  138  137  140  140  142  142  141  152  157                                   
    75.0-180.0 180.0   5.0 450.0                            LAT/LON1/LON2/DLON/H
  156  152  155  159  161  164  167  168  171  172  174  175  176  176  177  177
  179  180  181  182  183  183  184  181  181  177  174  168  163  157  154  148
  145  141  140  137  137  135  136  135  136  135  136  135  135  134  135  134
  135  134  136  134  136  134  136  135  135  135  136  135  136  136  138  137
  139  138  141  141  144  142  143  155  156                                   
    72.5-180.0 180.0   5.0 450.0                            LAT/LON1/LON2/DLON/H
  155  154  157  161  162  164  167  170  172  174  175  176  176  177  177  178
  178  180  181  183  184  185  184  184  181  178  173  168  162  156  151  146
  142  139  137  136  134  135  134  135  134  134  134  133  133  132  132  131
  132  131  132  132  132  132  133  132  132  132  132  133  133  135  136  137
  138  139  141  143  144  144  143  153  155                                   
    70.0-180.0 180.0   5.0 450.0                            LAT/LON1/LON2/DLON/H
  161  157  160  163  164  166  168  170  173  175  178  179  180  180  181  180
  182  182  185  185  188  188  189  186  185  179  176  168  164  156  152  146
  144  140  139  137  137  135  136  134  135  133  134  131  131  129  129  128
  129  129  130  130  132  132  133  133  132  133  134  135  137  138  140  141
  143  144  147  148  151  149  147  157  161                                   
    67.5-180.0 180.0   5.0 450.0                            LAT/LON1/LON2/DLON/H
  167  164  165  166  166  167  168  171  173  176  179  180  182  182  183  183
  184  184  185  186  187  188  187  186  183  178  172  166  160  155  150  146
  143  141  139  139  137  137  136  137  135  134  133  130  129  126  125  124
  124  124  126  126  128  128  128  128  128  129  131  133  136  138  142  143
  146  148  151  153  156  155  151  158  167                                   
    65.0-180.0 180.0   5.0 450.0                            LAT/LON1/LON2/DLON/H
  177  172  173  173  172  172  173  174  177  179  183  184  187  187  189  189
  191  189  191  190  192  191  191  188  186  179  175  167  163  157  155  151
  150  147  148  145  144  143  142  140  140  137  136  132  129  126  124  122
  123  122  124  124  126  126  126  126  126  128  130  134  138  142  146  150
  152  156  159  162  165  163  161  168  177                                   
    62.5-180.0 180.0   5.0 450.0                            LAT/LON1/LON2/DLON/H
  184  182  180  180  178  176  176  177  178  180  183  185  189  190  192  192
  193  192  193  191  191  189  188  185  183  177  171  165  161  158  156  156
  155  154  152  152  148  148  145  144  142  140  137  133  129  125  121  119
  118  119  120  120  121  121  121  121  120  122  125  129  136  140  147  150
  156  159  164  166  170  170  166  173  184                                   
    60.0-180.0 180.0   5.0 450.0                            LAT/LON1/LON2/DLON/H
  192  189  189  189  186  185  184  182  183  184  186  189  192  193  196  196
  198  196  196  193  193  190  190  186  184  178  174  168  167  163  165  164
  166  164  164  160  158  154  153  150  149  146  144  139  134  129  124  121
  120  120  120  121  121  119  118  117  117  118  122  128  135  142  149  154
  159  164  168  173  176  177  174  183  192                                   
    57.5-180.0 180.0   5.0 450.0                            LAT/LON1/LON2/DLON/H
  198  198  197  199  196  193  191  188  188  187  188  189  192  193  196  196
  198  195  194  191  190  187  186  183  181  177  173  170  168  169  171  173
  175  174  172  169  165  162  159  158  156  155  152  147  141  135  130  125
  123  121  120  119  118  116  113  111  110  112  117  121  132  138  149  152
  161  163  170  172  177  179  177  186  198                                   
    55.0-180.0 180.0   5.0 450.0                            LAT/LON1/LON2/DLON/H
  203  205  206  210  207  206  202  200  197  195  194  195  196  197  198  199
  199  197  194  191  190  187  187  185  185  182  179  177  177  179  183  186
  188  187  184  179  176  171  171  168  168  166  163  158  151  144  137  133
  129  126  123  122  120  117  114  109  110  110  116  121  132  140  149  154
  160  165  170  175  179  183  183  195  203                                   
    52.5-180.0 180.0   5.0 450.0                            LAT/LON1/LON2/DLON/H
  207  212  215  219  218  216  213  209  206  202  199  198  197  197  197  197
  196  193  190  186  185  184  184  184  185  183  181  181  182  186  190  194
  196  195  192  187  183  180  178  178  176  176  172  168  159  152  144  138
  133  128  125  122  119  116  112  108  107  108  113  119  130  138  148  152
  160  163  170  172  178  181  182  196  207                                   
    50.0-180.0 180.0   5.0 450.0                            LAT/LON1/LON2/DLON/H
  209  216  222  227  228  228  225  223  218  214  209  206  204  202  201  200
  197  193  189  186  185  185  187  188  190  190  189  189  191  195  199  203
  206  204  201  195  193  189  191  188  189  186  185  178  171  162  153  146
  140  133  129  125  123  118  115  111  111  110  117  122  133  140  151  155
  162  166  172  177  181  186  186  202  209                                   
    47.5-180.0 180.0   5.0 450.0                            LAT/LON1/LON2/DLON/H
  212  218  225  233  237  239  238  237  233  228  221  216  211  208  204  201
  197  191  187  184  184  184  188  189  193  192  193  194  196  200  205  209
  211  210  207  204  201  200  200  199  197  195  190  184  176  167  159  152
  145  138  133  128  125  121  117  115  113  113  117  122  131  139  149  153
  162  166  174  176  182  185  186  202  212                                   
    45.0-180.0 180.0   5.0 450.0                            LAT/LON1/LON2/DLON/H
  212  219  228  237  244  249  251  253  250  245  238  231  225  219  213  208
  202  196  190  188  189  191  194  197  200  201  202  203  205  209  213  217
  220  218  218  214  216  213  216  213  210  206  199  190  183  174  166  159
  151  144  138  134  129  126  122  120  119  119  122  127  136  142  153  158
  166  172  180  186  190  194  194  210  212                                   
    42.5-180.0 180.0   5.0 450.0                            LAT/LON1/LON2/DLON/H
  215  220  227  237  247  254  262  265  267  264  259  252  244  236  226  219
  209  201  196  193  195  196  201  202  207  207  210  210  214  217  222  225
  230  231  231  230  231  230  231  227  221  213  203  194  184  177  170  164
  156  149  142  138  134  131  128  126  125  125  125  129  136  143  152  159
  169  175  185  189  195  197  198  214  215                                   
    40.0-180.0 180.0   5.0 450.0                            LAT/LON1/LON2/DLON/H
  217  222  230  239  248  259  269  276  281  282  278  274  266  257  244  233
  221  212  205  204  205  209  211  215  217  220  222  226  227  232  236  241
  247  247  252  248  253  249  250  242  234  222  211  199  191  183  178  171
  163  156  148  146  142  141  137  136  133  133  133  136  141  147  157  164
  175  182  193  200  204  208  209  223  217                                   
    37.5-180.0 180.0   5.0 450.0                            LAT/LON1/LON2/DLON/H
  223  225  230  238  247  258  270  280  290  294  297  295  291  282  268  253
  237  225  218  215  217  219  223  224  229  230  235  237  242  246  252  260
  267  270  272  273  271  269  263  255  243  230  216  205  195  189  184  178
  169  162  155  153  149  150  147  145  141  140  139  141  145  151  161  169
  180  189  199  205  211  213  215  230  223                                   
    35.0-180.0 180.0   5.0 450.0                            LAT/LON1/LON2/DLON/H
  228  231  236  242  249  261  272  285  296  306  311  317  315  309  293  278
  258  244  233  231  231  234  236  241  243  249  253  260  264  272  279  287
  296  299  303  296  296  284  279  264  252  237  224  212  204  197  191  185
  176  169  163  161  159  159  157  155  150  148  145  147  151  157  167  175
  186  195  205  212  218  223  227  240  228                                   
    32.5-180.0 180.0   5.0 450.0                            LAT/LON1/LON2/DLON/H
  237  239  240  244  251  260  272  285  299  312  322  331  335  332  320  302
  283  265  253  246  249  249  254  256  263  267  276  283  290  297  304  313
  320  323  321  316  307  294  281  267  253  240  228  219  210  206  197  191
  180  174  167  167  164  165  161  160  154  151  148  150  153  160  169  179
  189  198  208  214  222  228  231  247  237                                   
    30.0-180.0 180.0   5.0 450.0                            LAT/LON1/LON2/DLON/H
  247  249  251  254  258  268  278  293  306  320  331  343  349  351  341  329
  308  291  276  269  269  270  273  279  285  297  305  317  322  328  332  336
  341  340  337  325  313  293  279  263  253  241  231  224  216  210  201  193
  183  174  168  166  165  164  164  160  156  151  151  151  156  161  172  180
  190  199  208  214  222  229  236  252  247                                   
    27.5-180.0 180.0   5.0 450.0                            LAT/LON1/LON2/DLON/H
  259  262  263  264  267  271  283  294  309  324  337  351  362  367  363  352
  335  315  301  291  291  290  295  300  311  324  337  347  351  353  352  353
  352  351  342  327  305  283  265  251  243  232  226  219  214  207  199  189
  177  169  161  160  156  158  157  158  154  152  149  152  155  162  170  179
  188  197  205  212  220  229  237  255  259                                   
    25.0-180.0 180.0   5.0 450.0                            LAT/LON1/LON2/DLON/H
  270  272  278  279  282  289  297  311  323  339  352  366  377  384  382  375
  359  341  325  317  313  313  316  324  335  353  365  375  376  373  365  362
  357  352  339  316  291  264  247  235  228  224  218  212  206  199  191  181
  170  160  154  149  147  147  150  150  148  145  144  145  150  157  166  173
  184  192  202  210  217  227  240  259  270                                   
    22.5-180.0 180.0   5.0 450.0                            LAT/LON1/LON2/DLON/H
  277  286  291  294  299  303  312  321  337  350  364  376  390  397  401  394
  385  368  353  343  339  335  337  346  358  374  385  393  390  384  372  365
  354  347  325  299  267  243  224  216  211  207  205  197  195  185  179  168
  159  150  143  137  134  133  135  138  139  137  136  138  142  148  157  166
  177  187  198  206  216  226  239  263  277                                   
    20.0-180.0 180.0   5.0 450.0                            LAT/LON1/LON2/DLON/H
  283  293  301  304  312  320  328  340  355  369  380  392  404  414  420  417
  410  395  382  371  364  360  360  367  377  390  397  404  398  388  373  361
  349  332  309  277  247  222  207  199  195  193  190  185  181  173  165  156
  148  139  133  125  121  118  121  125  126  127  125  128  130  136  145  157
  169  181  194  205  215  225  244  266  283                                   
    17.5-180.0 180.0   5.0 450.0                            LAT/LON1/LON2/DLON/H
  285  300  306  312  323  331  344  354  371  382  394  404  417  430  438  438
  435  421  410  398  391  383  382  384  392  399  405  409  402  391  374  359
  340  322  293  263  237  215  202  192  188  185  181  174  170  161  155  145
  138  130  124  115  109  105  109  111  115  114  116  116  120  124  133  146
  159  175  192  205  217  229  243  269  285                                   
    15.0-180.0 180.0   5.0 450.0                            LAT/LON1/LON2/DLON/H
  285  300  309  316  327  340  351  367  382  394  406  416  431  446  453  459
  456  446  434  422  415  406  401  401  404  408  410  412  404  392  375  355
  338  314  289  261  240  220  207  197  189  186  178  173  166  158  150  141
  134  125  118  106  100   97   98  103  106  108  108  108  109  112  119  133
  149  168  189  205  219  230  251  271  285                                   
    12.5-180.0 180.0   5.0 450.0                            LAT/LON1/LON2/DLON/H
  283  298  305  315  326  340  353  371  387  402  412  427  441  459  467  477
  477  471  461  449  442  427  421  413  415  413  414  412  405  394  376  357
  337  316  293  272  253  237  225  211  202  193  184  176  169  160  153  143
  135  126  116  105   98   93   93   97  100  100  101   99  100  100  107  120
  138  159  183  204  220  235  249  272  283                                   
    10.0-180.0 180.0   5.0 450.0                            LAT/LON1/LON2/DLON/H
  282  296  306  315  324  337  349  369  383  397  409  423  441  460  471  485
  489  488  479  468  462  445  436  427  422  420  417  414  407  396  380  359
  341  319  305  283  273  257  248  232  221  208  196  188  178  170  161  150
  140  128  118  107   99   93   92   94   96   95   93   91   91   91   96  108
  125  146  175  198  217  233  252  269  282                                   
     7.5-180.0 180.0   5.0 450.0                            LAT/LON1/LON2/DLON/H
  280  293  304  312  320  333  345  362  373  391  399  420  432  456  467  485
  490  497  490  482  473  457  449  437  432  425  421  415  408  397  380  362
