data/unet/pred2540.15i
     1.0            IONOSPHERE MAPS     GNSS                IONEX VERSION / TYPE
pyspatialgeodesy        IME             05-JAN-18 20:20     PGM / RUN BY / DATE 
Map Name                                                    COMMENT             
Predicted global ionosphere maps (GIM).                     DESCRIPTION         
  2015     9    11     0     0     0                        EPOCH OF FIRST MAP  
  2015     9    12     0     0     0                        EPOCH OF LAST MAP   
  7200                                                      INTERVAL            
    13                                                      # OF MAPS IN FILE   
  NONE                                                      MAPPING FUNCTION    
10.0                                                        ELEVATION CUTOFF    
One-way carrier phase leveled to code                       OBSERVABLES USED    
  6371.0                                                    BASE RADIUS         
 2                                                          MAP DIMENSION       
   450.0 450.0   0.0                                        HGT1 / HGT2 / DHGT  
    87.5 -87.5  -2.5                                        LAT1 / LAT2 / DLAT  
  -180.0 180.0   5.0                                        LON1 / LON2 / DLON  
    -1                                                      EXPONENT            
                                                            END OF HEADER       
[from data line 4290]
    11                                                      START OF TEC MAP    
  2015     9    11    20     0     0                        EPOCH OF CURRENT MAP
    87.5-180.0 180.0   5.0 450.0                            LAT/LON1/LON2/DLON/H
  148  116   98  101   99   99   98  100   99  100   99  100   99  101  100  101
  100  100  100  100   99   99   99   98   98   97   96   95   95   94   93   93
   92   92   91   90   89   89   88   88   87   87   86   86   86   86   86   86
   85   86   86   86   86   87   87   88   88   89   89   90   90   92   92   93
   93   96   95   96   97   99   98  139  148                                   
    85.0-180.0 180.0   5.0 450.0                            LAT/LON1/LON2/DLON/H
  100   93   92   93   94   93   94   92   95   92   95   93   96   94   97   95
   99   96  100   97  101   97  100   97   99   95   97   93   95   91   93   89
   90   87   88   84   86   82   84   80   82   79   81   77   79   77   79   76
   78   76   79   77   79   78   80   79   82   81   83   82   85   84   86   85
   89   88   91   89   93   90   93  117  100                                   
    82.5-180.0 180.0   5.0 450.0                            LAT/LON1/LON2/DLON/H
  105   98   93   94   92   93   91   93   91   94   92   95   94   98   97  101
   99  103  101  105  103  106  103  106  102  104  100  102   98   99   95   95
   92   91   88   88   84   84   81   80   78   77   76   75   74   74   73   74
   73   74   73   76   74   77   75   79   76   81   78   82   80   84   82   86
   85   88   87   90   90   90   86  106  105                                   
    80.0-180.0 180.0   5.0 450.0                            LAT/LON1/LON2/DLON/H
  111   95   91   89   90   86   88   87   89   87   90   90   93   93   98   97
  101  101  104  104  107  107  108  108  108  107  106  105  103  101   99   96
   95   92   91   88   87   85   84   81   80   78   78   75   76   74   74   73
   74   73   74   73   75   74   76   75   77   77   78   78   80   80   83   82
   85   85   88   86   90   87   83  100  111                                   
    77.5-180.0 180.0   5.0 450.0                            LAT/LON1/LON2/DLON/H
  107   92   85   85   82   80   81   80   82   82   86   87   91   93   98   99
  103  104  108  109  112  112  114  112  113  110  111  107  107  103  102   97
   97   93   93   89   89   85   85   82   81   79   79   76   76   74   74   72
   73   72   73   72   72   72   73   73   74   75   76   76   77   79   80   81
   82   84   85   84   85   81   77   86  107                                   
    75.0-180.0 180.0   5.0 450.0                            LAT/LON1/LON2/DLON/H
  103   84   82   81   79   78   79   77   80   81   86   88   93   97  101  103
  107  110  114  115  117  118  119  118  117  115  114  111  109  106  104  100
   98   96   95   92   91   89   89   85   84   81   81   77   78   76   77   75
   76   75   76   75   75   75   75   75   75   75   76   75   77   77   79   78
   81   81   84   84   85   83   80   91  103                                   
    72.5-180.0 180.0   5.0 450.0                            LAT/LON1/LON2/DLON/H
   97   84   79   79   76   74   74   75   77   81   85   90   95   99  104  107
  111  113  116  117  119  120  120  118  117  113  112  107  105  101  100   96
   95   93   92   90   90   88   87   84   83   80   79   76   76   75   75   74
   75   76   75   75   74   74   73   73   72   72   71   71   71   72   73   74
   75   77   79   79   80   78   78   86   97                                   
    70.0-180.0 180.0   5.0 450.0                            LAT/LON1/LON2/DLON/H
   91   75   75   74   73   71   74   74   79   82   89   93  100  103  109  111
  115  116  120  119  122  121  122  118  117  111  109  103  101   96   95   91
   91   88   89   87   88   85   85   81   81   76   77   73   75   73   75   73
   75   74   76   73   74   71   71   68   69   67   68   65   68   67   70   69
   72   73   77   76   79   76   77   86   91                                   
    67.5-180.0 180.0   5.0 450.0                            LAT/LON1/LON2/DLON/H
   86   75   73   73   71   71   74   76   81   86   92   98  105  109  115  116
  120  119  122  120  121  121  120  117  114  109  105   98   94   88   87   83
   83   81   82   81   81   79   78   74   72   69   68   66   66   66   67   67
   69   69   69   68   66   65   63   61   60   59   58   58   59   61   62   63
   65   67   70   71   73   71   74   80   86                                   
    65.0-180.0 180.0   5.0 450.0                            LAT/LON1/LON2/DLON/H
   84   70   70   71   71   71   76   77   85   88   97  102  110  114  120  121
  125  124  126  124  125  123  124  119  116  109  105   97   93   87   85   81
   81   79   79   77   77   74   72   67   66   62   61   59   60   60   62   61
   63   62   62   60   59   56   55   53   52   51   52   52   54   55   58   58
   61   62   66   66   71   67   73   80   84                                   
    62.5-180.0 180.0   5.0 450.0                            LAT/LON1/LON2/DLON/H
   82   74   72   73   73   74   78   81   88   93  101  107  116  120  127  127
  131  128  129  125  126  125  124  120  117  110  105   96   92   85   85   79
   80   76   77   73   72   68   66   60   58   53   53   50   51   51   52   52
   52   52   51   48   46   43   42   40   41   41   42   43   45   48   50   52
   54   56   60   63   66   65   71   76   82                                   
    60.0-180.0 180.0   5.0 450.0                            LAT/LON1/LON2/DLON/H
   82   72   73   74   76   76   81   83   91   95  103  109  117  122  128  130
  135  134  136  133  133  132  132  127  123  114  111  102  100   93   93   87
   87   83   82   77   74   68   65   59   57   52   51   49   49   48   49   47
   47   45   43   39   36   33   32   31   32   33   35   36   40   42   45   46
   50   52   57   58   65   62   70   77   82                                   
    57.5-180.0 180.0   5.0 450.0                            LAT/LON1/LON2/DLON/H
   83   80   79   82   82   83   86   89   95   99  106  112  119  123  130  132
  137  136  139  135  136  133  134  128  126  118  115  109  107  101  102   97
   97   92   90   83   79   72   68   62   59   54   53   49   49   46   45   43
   40   37   33   30   26   24   22   22   23   25   27   30   32   35   38   40
   44   48   53   58   62   62   68   73   83                                   
    55.0-180.0 180.0   5.0 450.0                            LAT/LON1/LON2/DLON/H
   87   83   87   88   90   90   94   94   99  101  107  111  118  123  129  134
  139  141  144  142  144  142  142  137  134  128  126  120  121  117  119  113
  113  107  104   96   91   83   79   72   70   65   63   59   57   52   50   45
   42   36   32   27   23   21   20   20   22   23   26   27   30   31   35   35
   41   44   52   55   63   62   71   79   87                                   
    52.5-180.0 180.0   5.0 450.0                            LAT/LON1/LON2/DLON/H
   89   92   93  100  101  101  103  105  107  109  112  115  120  124  130  134
  140  142  146  144  146  143  142  136  135  129  130  128  132  130  133  128
  127  120  116  107  102   94   90   84   81   77   74   69   65   60   55   49
   43   38   32   28   23   22   20   22   23   25   25   26   27   28   30   33
   37   44   50   57   63   64   72   80   89                                   
    50.0-180.0 180.0   5.0 450.0                            LAT/LON1/LON2/DLON/H
   94   95  102  108  111  111  114  113  115  115  117  119  123  126  131  136
  142  146  151  151  152  149  148  143  142  140  142  144  147  148  149  147
  143  137  132  124  118  110  106  100   98   94   91   84   80   72   67   58
   53   46   41   36   32   30   29   29   30   30   31   30   30   29   32   33
   40   44   54   59   67   67   77   88   94                                   
    47.5-180.0 180.0   5.0 450.0                            LAT/LON1/LON2/DLON/H
   99  104  108  118  121  123  125  126  128  128  129  131  133  135  139  141
  145  148  152  151  151  147  145  140  140  138  144  146  154  153  158  153
  153  145  143  134  130  122  119  113  110  106  102   95   89   81   75   67
   61   56   50   45   42   40   39   39   40   39   38   36   34   33   33   36
   41   49   57   65   71   71   79   90   99                                   
    45.0-180.0 180.0   5.0 450.0                            LAT/LON1/LON2/DLON/H
  104  107  114  125  130  133  137  137  141  141  143  144  146  148  150  152
  155  156  158  157  157  153  152  147  150  150  157  161  168  169  170  167
  163  158  156  148  145  137  134  127  124  118  114  106  100   92   86   79
   74   69   64   60   57   54   54   53   53   50   48   44   43   39   41   41
   48   55   65   72   78   77   87   99  104                                   
    42.5-180.0 180.0   5.0 450.0                            LAT/LON1/LON2/DLON/H
  111  116  121  133  138  142  147  151  156  159  163  165  167  169  169  170
  168  167  164  160  158  153  151  147  151  152  162  166  174  173  174  169
  168  163  163  157  155  147  144  137  133  126  121  113  106   99   93   88
   84   80   77   73   70   68   66   65   63   60   57   53   48   47   45   49
   54   65   73   83   86   87   92  103  111                                   
    40.0-180.0 180.0   5.0 450.0                            LAT/LON1/LON2/DLON/H
  116  117  124  135  142  148  156  160  169  173  180  185  189  192  191  190
  186  181  176  169  167  161  162  159  166  169  179  183  189  186  184  180
  178  174  174  168  167  158  154  145  142  133  129  120  115  107  103   98
   96   92   89   86   83   80   79   76   75   70   67   62   59   56   57   58
   65   74   85   92   96   94  100  111  116                                   
    37.5-180.0 180.0   5.0 450.0                            LAT/LON1/LON2/DLON/H
  121  125  130  142  148  155  163  171  182  190  199  207  212  217  215  213
  206  198  188  179  174  169  169  168  175  180  191  192  196  191  189  184
  184  183  183  181  177  168  160  151  145  137  131  124  118  113  109  106
  104  101   98   95   92   89   87   83   80   76   71   68   65   64   62   66
   72   84   93  105  107  106  108  117  121                                   
    35.0-180.0 180.0   5.0 450.0                            LAT/LON1/LON2/DLON/H
  127  128  135  144  152  160  170  179  192  202  214  224  232  238  237  235
  227  218  207  196  191  185  188  187  198  203  214  213  215  208  206  201
  201  200  201  196  191  179  169  159  151  144  138  131  126  120  116  113
  111  108  105  102   98   95   92   88   84   79   76   73   72   71   72   75
   83   93  105  114  117  115  118  127  127                                   
    32.5-180.0 180.0   5.0 450.0                            LAT/LON1/LON2/DLON/H
  135  138  143  153  158  167  176  188  201  214  227  239  249  255  256  251
  243  232  220  209  204  200  204  207  218  224  232  231  228  222  216  215
  215  217  217  213  204  189  176  163  154  147  141  136  129  125  119  116
  113  110  106  104  100   98   94   91   85   80   76   73   72   73   72   79
   85   99  109  122  126  127  128  137  135                                   
    30.0-180.0 180.0   5.0 450.0                            LAT/LON1/LON2/DLON/H
  145  149  155  159  165  175  185  197  209  221  235  248  258  265  266  263
  255  244  232  221  219  216  225  228  243  247  256  254  251  242  237  235
  235  237  238  230  219  201  185  172  162  155  150  144  138  130  125  118
  115  110  107  103  101   98   97   92   88   81   77   73   73   73   76   81
   92  104  117  129  136  137  141  153  145                                   
    27.5-180.0 180.0   5.0 450.0                            LAT/LON1/LON2/DLON/H
  161  162  166  172  175  184  195  206  218  231  244  257  267  275  276  273
  265  254  243  233  230  232  239  246  258  265  271  269  261  255  251  252
  256  260  258  248  231  212  194  180  169  164  156  152  142  134  124  118
  112  108  104  102   99   99   98   95   90   83   78   74   72   75   74   84
   91  107  118  133  144  150  153  168  161                                   
    25.0-180.0 180.0   5.0 450.0                            LAT/LON1/LON2/DLON/H
  178  182  185  187  190  200  209  221  230  243  254  267  276  285  287  286
  280  269  259  249  250  251  261  267  279  285  291  287  281  275  272  276
  282  285  281  266  245  223  203  189  179  173  166  158  149  136  128  119
  112  107  103  100  100   99  100   96   92   85   80   74   74   73   75   82
   92  106  121  137  151  159  168  185  178                                   
    22.5-180.0 180.0   5.0 450.0                            LAT/LON1/LON2/DLON/H
  199  202  199  203  207  216  225  236  244  256  268  280  288  298  303  304
  298  288  278  270  270  272  280  287  295  301  302  300  293  291  291  299
  303  305  292  273  245  222  202  190  181  176  167  160  147  137  124  117
  107  103   97   98   96   98   96   96   90   84   77   74   72   74   73   82
   90  106  120  138  153  170  180  199  199                                   
    20.0-180.0 180.0   5.0 450.0                            LAT/LON1/LON2/DLON/H
  218  222  219  221  225  237  244  256  262  275  284  297  306  318  324  330
  326  317  308  302  303  306  312  317  322  324  323  317  313  310  314  320
  324  321  303  278  247  221  201  192  183  178  169  160  150  139  127  118
  110  102   98   98   98   96   98   93   91   83   78   71   72   71   73   79
   88  102  119  139  156  175  189  210  218                                   
    17.5-180.0 180.0   5.0 450.0                            LAT/LON1/LON2/DLON/H
  232  238  233  239  246  255  264  274  281  293  303  317  327  343  352  363
  362  356  345  339  338  339  343  345  346  343  337  333  330  330  333  338
  337  328  303  272  240  213  198  189  184  177  168  162  152  142  130  120
  112  106  100  102   98   99   95   94   87   82   74   69   66   69   70   79
   86  101  118  137  155  178  194  216  232                                   
    15.0-180.0 180.0   5.0 450.0                            LAT/LON1/LON2/DLON/H
  246  252  252  259  265  278  284  297  301  315  323  339  351  372  385  402
  404  403  391  385  379  378  379  380  379  369  360  353  350  349  353  353
  349  332  304  269  239  213  199  190  185  177  172  164  158  147  137  127
  120  113  106  105  101  100   98   94   90   82   76   67   66   65   69   74
   83   96  115  135  151  174  195  219  246                                   
    12.5-180.0 180.0   5.0 450.0                            LAT/LON1/LON2/DLON/H
  251  261  265  277  285  295  304  315  323  333  344  359  374  398  415  435
  443  446  437  429  420  414  412  411  405  395  383  374  369  370  369  368
  353  333  302  269  240  217  205  195  191  181  176  169  164  154  145  135
  127  119  111  108  101  100   94   93   85   81   70   64   61   63   64   71
   79   92  111  128  149  175  193  220  251                                   
    10.0-180.0 180.0   5.0 450.0                            LAT/LON1/LON2/DLON/H
  256  268  279  293  300  312  322  337  342  356  363  381  393  422  440  466
  477  484  475  470  459  453  447  445  436  424  409  397  391  387  383  373
  356  333  307  274  251  228  220  208  203  191  186  178  173  163  154  145
  135  124  115  109  101   97   92   88   83   77   68   60   59   59   63   70
   78   90  110  128  145  174  190  216  256                                   
     7.5-180.0 180.0   5.0 450.0                            LAT/LON1/LON2/DLON/H
  251  273  287  305  316  328  341  354  361  372  380  394  410  433  456  478
  496  504  503  497  488  480  473  469  458  446  429  417  408  402  392  380
