data/unet/pred2900.15i
     1.0            IONOSPHERE MAPS     GNSS                IONEX VERSION / TYPE
pyspatialgeodesy        IME             05-JAN-18 20:20     PGM / RUN BY / DATE 
Map Name                                                    COMMENT             
Predicted global ionosphere maps (GIM).                     DESCRIPTION         
  2015    10    17     0     0     0                        EPOCH OF FIRST MAP  
  2015    10    18     0     0     0                        EPOCH OF LAST MAP   
  7200                                                      INTERVAL            
    13                                                      # OF MAPS IN FILE   
  NONE                                                      MAPPING FUNCTION    
10.0                                                        ELEVATION CUTOFF    
One-way carrier phase leveled to code                       OBSERVABLES USED    
  6371.0                                                    BASE RADIUS         
 2                                                          MAP DIMENSION       
   450.0 450.0   0.0                                        HGT1 / HGT2 / DHGT  
    87.5 -87.5  -2.5                                        LAT1 / LAT2 / DLAT  
  -180.0 180.0   5.0                                        LON1 / LON2 / DLON  
    -1                                                      EXPONENT            
                                                            END OF HEADER       
[from data line 5148]
    13                                                      START OF TEC MAP    
  2015    10    18     0     0     0                        EPOCH OF CURRENT MAP
    87.5-180.0 180.0   5.0 450.0                            LAT/LON1/LON2/DLON/H
  128   99   94   89   91   87   91   89   94   91   95   92   96   92   96   92
   95   91   94   90   93   89   92   88   92   88   91   87   90   87   90   86
   89   86   89   86   89   87   90   88   91   89   92   90   92   91   92   91
   92   91   92   91   92   90   91   89   91   88   89   86   88   85   87   83
   86   83   86   85   93   92  102  125  128                                   
    85.0-180.0 180.0   5.0 450.0                            LAT/LON1/LON2/DLON/H
  107   88   86   85   86   82   87   84   90   88   92   90   94   91   94   90
   93   89   91   87   89   85   87   82   85   80   82   77   80   75   78   73
   77   73   76   73   77   75   79   77   82   81   84   83   86   85   87   85
   87   86   87   86   87   86   86   85   86   84   84   82   84   81   82   78
   81   78   81   78   88   81   88  105  107                                   
    82.5-180.0 180.0   5.0 450.0                            LAT/LON1/LON2/DLON/H
  100   85   88   87   88   84   89   87   94   92   98   96  101   98  102   98
  100   96   98   93   94   89   89   84   83   78   78   73   73   69   69   65
   67   64   68   65   70   68   74   72   78   77   83   81   86   83   88   83
   88   83   88   83   87   82   87   82   88   83   87   82   87   83   86   82
   86   82   86   84   93   86   92  103  100                                   
    80.0-180.0 180.0   5.0 450.0                            LAT/LON1/LON2/DLON/H
  104   96   95   97   93   95   96  100  103  106  109  112  113  114  114  114
  113  111  109  107  104  100   96   92   88   84   80   76   72   69   66   64
   63   62   63   64   65   67   70   73   76   79   82   83   85   85   86   84
   85   82   83   81   82   81   83   82   85   85   87   88   91   91   92   94
   95   95   96   97  100   95  100  109  104                                   
    77.5-180.0 180.0   5.0 450.0                            LAT/LON1/LON2/DLON/H
  113  101  101  100   97   97  101  105  109  113  117  120  122  122  122  120
  118  114  112  108  104   99   95   90   85   80   77   72   68   65   62   59
   58   56   57   57   59   61   65   67   71   73   77   77   79   78   78   75
   73   70   70   67   68   66   69   69   73   74   79   81   86   88   91   93
   96   97   99  100  103   99  104  114  113                                   
    75.0-180.0 180.0   5.0 450.0                            LAT/LON1/LON2/DLON/H
  117  110  108  108  103  104  107  112  117  122  127  129  130  129  126  122
  117  112  108  103   99   93   89   84   79   75   71   68   64   61   59   56
   55   54   53   54   56   58   62   65   69   72   74   75   74   73   70   66
   63   59   57   54   54   55   57   60   64   68   73   77   83   86   90   93
   97   99  102  105  107  107  113  122  117                                   
    72.5-180.0 180.0   5.0 450.0                            LAT/LON1/LON2/DLON/H
  130  123  123  119  114  113  116  120  126  130  135  135  135  130  126  117
  111  103   98   92   88   82   79   74   71   67   65   61   60   56   56   52
   52   49   51   50   53   53   58   60   64   65   68   67   67   62   60   53
   50   44   43   39   41   42   47   50   58   62   70   74   82   85   90   93
   98  101  106  109  114  116  122  133  130                                   
    70.0-180.0 180.0   5.0 450.0                            LAT/LON1/LON2/DLON/H
  141  137  136  133  125  123  125  128  134  138  141  140  137  130  122  112
  102   92   86   79   75   70   68   64   62   60   59   57   56   54   53   52
   50   48   48   48   48   49   52   54   57   59   60   60   58   54   49   44
   39   34   32   30   33   36   42   49   58   64   72   78   86   89   94   97
  102  105  110  114  120  124  132  143  141                                   
    67.5-180.0 180.0   5.0 450.0                            LAT/LON1/LON2/DLON/H
  157  152  150  142  134  130  131  134  140  144  147  145  141  130  120  107
   95   84   76   68   64   59   58   55   54   51   52   50   51   49   51   48
   48   44   44   41   42   41   43   44   47   47   50   47   47   41   39   31
   28   23   23   22   27   31   41   48   60   68   78   83   92   94  100  101
  106  109  114  118  125  130  138  151  157                                   
    65.0-180.0 180.0   5.0 450.0                            LAT/LON1/LON2/DLON/H
  165  162  159  152  141  137  136  140  145  150  152  150  144  134  121  108
   94   82   73   65   61   57   55   52   50   48   47   47   48   47   48   46
   45   42   40   37   36   35   35   36   38   39   40   40   38   35   31   27
   23   20   20   21   26   33   43   54   67   76   86   92  100  103  106  108
  111  114  117  121  127  132  142  155  165                                   
    62.5-180.0 180.0   5.0 450.0                            LAT/LON1/LON2/DLON/H
  176  171  166  156  145  139  138  140  147  152  156  154  148  137  125  112
  100   88   79   72   67   62   58   53   50   46   45   43   44   43   43   41
   40   36   34   30   29   27   27   27   30   30   33   31   32   28   28   23
   22   18   20   21   29   35   48   58   74   83   94  100  108  110  114  113
  117  117  121  123  128  133  142  156  176                                   
    60.0-180.0 180.0   5.0 450.0                            LAT/LON1/LON2/DLON/H
  180  176  172  162  149  142  138  141  146  154  157  158  152  144  132  121
  111  102   94   88   81   75   68   61   55   49   45   42   41   40   39   37
   36   33   30   27   25   23   23   23   26   27   29   30   30   29   28   25
   24   22   23   25   32   40   52   64   80   90  101  108  116  120  122  124
  125  126  127  129  131  134  145  157  180                                   
    57.5-180.0 180.0   5.0 450.0                            LAT/LON1/LON2/DLON/H
  189  185  180  169  156  145  140  141  146  153  159  159  157  149  141  133
  127  120  115  108  101   92   82   73   63   55   49   44   42   39   38   35
   35   32   29   26   25   23   23   23   26   28   30   31   33   31   32   29
   28   25   27   29   37   44   57   69   85   96  107  115  125  129  133  135
  138  138  140  140  141  144  150  161  189                                   
    55.0-180.0 180.0   5.0 450.0                            LAT/LON1/LON2/DLON/H
  200  195  193  183  167  156  147  146  148  154  158  161  159  155  150  147
  143  140  135  130  120  110   97   85   73   64   56   50   46   43   42   40
   39   37   34   32   30   29   29   30   33   35   38   39   41   40   40   38
   36   34   34   36   43   51   64   76   91  101  112  120  131  137  144  148
  153  155  156  157  157  157  164  173  200                                   
    52.5-180.0 180.0   5.0 450.0                            LAT/LON1/LON2/DLON/H
  216  212  212  203  187  173  162  156  156  157  161  162  162  159  159  157
  156  154  151  144  135  122  109   96   83   74   64   59   55   52   51   49
   49   47   45   43   43   42   42   43   46   48   51   51   53   51   51   47
   45   42   43   44   50   58   70   83   96  107  117  126  136  144  153  161
  168  173  176  179  180  180  183  193  216                                   
    50.0-180.0 180.0   5.0 450.0                            LAT/LON1/LON2/DLON/H
  235  231  236  228  214  199  185  175  169  166  165  165  164  163  163  164
  164  163  158  151  141  130  117  106   95   85   76   71   66   64   62   60
   60   58   56   56   56   56   57   58   61   63   65   66   67   67   64   61
   57   55   54   56   61   69   80   93  105  115  124  133  143  151  162  173
  183  191  198  203  205  205  207  219  235                                   
    47.5-180.0 180.0   5.0 450.0                            LAT/LON1/LON2/DLON/H
  253  247  255  253  242  229  214  201  191  183  177  172  170  167  169  168
  168  164  158  150  140  130  120  112  103   95   87   82   76   74   71   70
   69   68   67   68   69   70   72   73   76   77   80   81   82   80   78   74
   71   68   67   68   72   80   91  103  115  125  133  142  150  160  172  184
  196  207  217  226  230  230  228  243  253                                   
    45.0-180.0 180.0   5.0 450.0                            LAT/LON1/LON2/DLON/H
  264  262  272  273  267  259  245  232  218  205  192  183  178  175  174  172
  169  163  154  145  136  128  122  117  111  105   97   91   85   80   78   75
   74   72   74   75   78   79   82   83   86   88   91   93   94   94   91   89
   85   84   82   84   88   96  108  120  131  140  147  154  162  171  183  195
  207  221  232  242  248  250  248  261  264                                   
    42.5-180.0 180.0   5.0 450.0                            LAT/LON1/LON2/DLON/H
  269  266  277  282  283  280  272  261  247  230  214  200  192  186  184  178
  172  162  151  141  133  128  124  121  117  110  103   94   87   81   77   74
   73   72   75   77   82   84   87   88   91   93   97  100  103  104  104  102
  100   99   99  100  105  113  125  137  149  158  164  170  177  185  195  207
  218  230  241  252  260  262  260  272  269                                   
    40.0-180.0 180.0   5.0 450.0                            LAT/LON1/LON2/DLON/H
  268  267  276  284  288  293  290  284  271  255  236  220  209  202  196  188
  178  166  154  143  136  131  128  125  120  112  103   92   85   77   73   69
   69   69   73   77   82   86   89   91   94   97  102  106  111  114  114  114
  113  113  115  117  123  131  143  156  169  178  183  188  194  201  210  220
  229  238  247  257  266  269  267  277  268                                   
    37.5-180.0 180.0   5.0 450.0                            LAT/LON1/LON2/DLON/H
  268  262  271  278  285  292  297  296  289  274  257  241  231  221  213  202
  191  176  164  154  147  140  135  128  120  109   97   85   76   69   64   61
   62   64   71   78   84   91   94   96   98  101  107  112  118  121  123  123
  124  125  128  131  136  145  158  173  185  195  200  205  211  220  230  239
  243  248  253  262  270  273  271  279  268                                   
    35.0-180.0 180.0   5.0 450.0                            LAT/LON1/LON2/DLON/H
  274  269  271  275  278  288  294  300  296  288  274  261  250  242  233  220
  206  191  180  170  161  151  140  128  116  102   90   78   70   63   59   56
   60   63   74   82   91   98  101  103  104  108  113  119  125  127  129  130
  131  133  137  140  146  154  168  182  197  205  212  217  225  238  249  257
  262  264  268  273  280  282  286  291  274                                   
    32.5-180.0 180.0   5.0 450.0                            LAT/LON1/LON2/DLON/H
  298  289  287  282  281  285  292  298  301  295  288  275  269  259  250  236
  222  209  197  186  173  157  139  123  107   94   83   75   68   65   61   62
   65   73   85   98  108  117  118  119  118  120  124  128  132  132  134  133
  134  135  137  140  144  153  166  182  196  207  214  222  235  251  267  280
  287  291  292  296  301  304  308  315  298                                   
    30.0-180.0 180.0   5.0 450.0                            LAT/LON1/LON2/DLON/H
  338  332  325  312  301  298  298  305  307  307  300  291  284  273  263  248
  235  221  209  195  177  155  132  113   99   89   83   81   79   78   77   76
   82   90  104  118  129  137  137  137  133  134  135  138  138  138  136  135
  133  133  132  132  134  141  156  172  189  200  209  220  236  257  279  301
  314  321  325  329  337  343  356  356  338                                   
    27.5-180.0 180.0   5.0 450.0                            LAT/LON1/LON2/DLON/H
  397  394  386  366  345  330  323  322  323  321  316  305  297  282  270  253
  239  225  211  193  169  142  118  102   93   91   93   98  103  105  105  105
  110  117  130  143  152  159  158  156  151  149  148  148  147  143  139  134
  130  126  122  118  118  125  140  156  175  190  203  217  237  260  291  320
  339  353  361  368  378  386  401  401  397                                   
    25.0-180.0 180.0   5.0 450.0                            LAT/LON1/LON2/DLON/H
  465  470  462  440  413  387  367  360  354  350  341  329  314  295  276  257
  240  222  204  180  153  124  106   96   99  108  119  131  138  142  142  140
  145  148  161  170  176  181  178  175  167  164  159  158  153  148  141  133
  126  120  112  107  105  112  126  144  164  180  196  214  236  264  302  339
  365  387  402  411  426  436  464  456  465                                   
    22.5-180.0 180.0   5.0 450.0                            LAT/LON1/LON2/DLON/H
  544  553  544  523  494  458  428  408  395  383  370  351  333  306  284  258
  237  215  191  162  133  110  100  105  119  140  160  176  187  187  186  179
  179  181  186  193  196  198  195  190  182  176  171  166  159  151  143  131
  121  111  101   93   92  100  116  136  158  177  196  216  243  274  315  357
  391  419  440  454  470  483  511  514  544                                   
    20.0-180.0 180.0   5.0 450.0                            LAT/LON1/LON2/DLON/H
  623  639  628  603  574  536  500  476  453  437  412  389  361  331  300  270
  243  214  185  152  127  110  115  132  162  191  216  234  241  237  230  217
  213  205  208  205  206  206  203  202  194  189  179  174  164  155  145  133
  122  109   92   84   80   92  111  135  160  181  202  227  258  290  332  373
  414  447  475  495  518  535  561  572  623                                   
    17.5-180.0 180.0   5.0 450.0                            LAT/LON1/LON2/DLON/H
  680  704  700  675  647  605  571  539  516  490  465  430  397  358  326  289
  260  226  194  160  139  134  150  182  219  255  281  290  290  277  263  245
  233  222  217  212  208  207  206  204  199  193  183  175  164  154  144  131
  118  105   87   76   75   87  114  140  169  194  219  247  279  311  349  390
  432  470  506  530  558  577  595  608  680                                   
    15.0-180.0 180.0   5.0 450.0                            LAT/LON1/LON2/DLON/H
  708  742  744  730  706  664  629  598  575  549  518  482  441  400  362  328
  296  263  228  197  183  188  214  255  297  329  342  338  323  299  281  257
  244  227  220  209  203  200  199  200  196  192  182  174  163  153  143  130
  118  104   87   78   77   93  120  150  181  209  238  269  302  332  369  410
  452  493  530  559  584  601  623  629  708                                   
    12.5-180.0 180.0   5.0 450.0                            LAT/LON1/LON2/DLON/H
  706  745  760  759  747  712  681  648  625  597  567  530  492  450  413  377
  350  315  286  258  250  263  298  342  376  389  382  358  333  304  282  258
  244  228  220  208  202  198  197  197  194  189  179  170  160  150  138  126
  113  102   87   79   80   99  129  160  193  225  257  288  321  352  386  430
  466  511  542  570  592  606  620  622  706                                   
    10.0-180.0 180.0   5.0 450.0                            LAT/LON1/LON2/DLON/H
  691  729  750  765  766  743  721  696  673  647  616  581  544  506  469  444
  415  390  361  341  337  357  390  428  437  425  393  352  320  290  272  252
  242  227  219  208  201  196  195  195  192  186  176  165  156  143  132  118
  109   97   88   82   86  106  133  166  199  234  266  301  335  368  403  442
  479  517  549  574  593  599  617  606  691                                   
     7.5-180.0 180.0   5.0 450.0                            LAT/LON1/LON2/DLON/H
  659  695  728  756  768  760  750  733  717  692  664  628  592  557  528  508
  491  470  444  424  421  440  465  480  464  423  374  322  291  269  258  249
