data/unet/pred3320.15i
     1.0            IONOSPHERE MAPS     GNSS                IONEX VERSION / TYPE
pyspatialgeodesy        IME             05-JAN-18 20:20     PGM / RUN BY / DATE 
Map Name                                                    COMMENT             
Predicted global ionosphere maps (GIM).                     DESCRIPTION         
  2015    11    28     0     0     0                        EPOCH OF FIRST MAP  
  2015    11    29     0     0     0                        EPOCH OF LAST MAP   
  7200                                                      INTERVAL            
    13                                                      # OF MAPS IN FILE   
  NONE                                                      MAPPING FUNCTION    
10.0                                                        ELEVATION CUTOFF    
One-way carrier phase leveled to code                       OBSERVABLES USED    
  6371.0                                                    BASE RADIUS         
 2                                                          MAP DIMENSION       
   450.0 450.0   0.0                                        HGT1 / HGT2 / DHGT  
    87.5 -87.5  -2.5                                        LAT1 / LAT2 / DLAT  
  -180.0 180.0   5.0                                        LON1 / LON2 / DLON  
    -1                                                      EXPONENT            
                                                            END OF HEADER       
[from data line 5148]
    13                                                      START OF TEC MAP    
  2015    11    29     0     0     0                        EPOCH OF CURRENT MAP
    87.5-180.0 180.0   5.0 450.0                            LAT/LON1/LON2/DLON/H
  119   90   85   82   80   78   80   79   81   80   80   79   78   77   76   75
   74   73   73   71   71   69   69   67   67   65   66   63   64   61   63   60
   61   58   61   58   61   58   61   58   61   59   62   60   64   61   65   62
   67   64   68   66   70   67   71   68   72   69   73   70   73   70   73   70
   74   72   75   73   79   76   86  109  119                                   
    85.0-180.0 180.0   5.0 450.0                            LAT/LON1/LON2/DLON/H
   96   75   77   76   75   71   75   73   76   73   75   72   72   69   70   65
   66   62   63   58   60   54   56   50   52   46   48   42   44   39   41   37
   38   35   36   34   36   35   37   36   38   38   41   42   45   45   48   48
   51   51   55   54   58   56   60   58   61   59   62   59   62   59   62   60
   62   61   64   61   66   56   60   87   96                                   
    82.5-180.0 180.0   5.0 450.0                            LAT/LON1/LON2/DLON/H
   93   76   76   80   79   78   81   81   83   81   82   80   80   77   77   74
   73   69   69   65   64   59   59   53   52   46   46   40   40   35   36   31
   33   28   33   28   33   29   36   33   39   36   44   41   48   45   51   49
   55   52   58   55   60   57   61   58   62   58   62   58   61   58   61   58
   62   60   65   63   67   59   65   85   93                                   
    80.0-180.0 180.0   5.0 450.0                            LAT/LON1/LON2/DLON/H
   91   79   79   83   82   85   87   90   90   91   90   90   89   88   87   86
   83   81   80   77   74   71   68   65   61   57   54   50   47   43   42   38
   38   36   37   36   39   38   42   43   47   48   52   53   57   57   61   61
   64   64   66   67   68   67   68   67   67   66   65   65   64   64   64   64
   64   65   67   69   70   66   72   92   91                                   
    77.5-180.0 180.0   5.0 450.0                            LAT/LON1/LON2/DLON/H
   96   80   80   85   84   88   91   95   96   99   99   99   98   98   96   95
   93   91   89   87   84   81   78   75   71   67   63   59   54   50   47   44
   42   40   41   40   42   43   46   48   51   53   57   59   62   63   65   66
   68   68   69   69   69   69   69   68   66   65   64   63   62   61   61   62
   62   64   66   69   73   70   77   94   96                                   
    75.0-180.0 180.0   5.0 450.0                            LAT/LON1/LON2/DLON/H
   96   84   84   90   89   93   97  101  104  107  107  108  106  106  103  102
   98   98   95   94   91   90   87   85   81   78   74   70   66   62   59   56
   53   52   51   51   52   53   56   58   61   63   66   67   69   70   71   72
   72   72   73   73   72   72   70   70   67   66   63   63   60   61   61   63
   64   67   70   75   79   79   87  102   96                                   
    72.5-180.0 180.0   5.0 450.0                            LAT/LON1/LON2/DLON/H
  104   91   94   98   97  100  103  107  110  111  112  110  108  105  101   97
   93   91   88   88   86   86   86   85   83   81   78   76   73   70   67   64
   62   60   59   58   59   60   62   63   65   67   70   70   71   70   71   70
   69   68   68   67   66   65   65   63   61   60   57   56   55   56   56   60
   62   68   73   80   87   91   98  110  104                                   
    70.0-180.0 180.0   5.0 450.0                            LAT/LON1/LON2/DLON/H
  113  104  108  111  110  111  114  116  118  119  118  115  109  104   97   90
   84   80   77   77   77   79   80   81   80   81   80   79   78   77   74   72
   69   67   65   63   62   63   63   65   66   68   70   69   68   66   65   62
   60   59   59   58   57   57   57   56   54   53   51   50   50   52   55   60
   66   74   81   90   99  106  115  124  113                                   
    67.5-180.0 180.0   5.0 450.0                            LAT/LON1/LON2/DLON/H
  130  124  127  128  125  125  127  129  129  129  126  121  112  103   92   83
   74   69   66   66   67   70   72   74   75   77   77   78   77   77   75   73
   69   67   63   61   59   58   59   59   61   63   64   63   60   58   55   51
   49   47   47   46   47   48   49   49   49   48   48   48   50   53   58   64
   73   82   92  103  114  123  130  138  130                                   
    65.0-180.0 180.0   5.0 450.0                            LAT/LON1/LON2/DLON/H
  145  143  145  148  142  142  141  143  142  142  137  130  118  105   91   79
   69   62   60   58   60   61   64   65   68   69   71   73   74   74   72   70
   67   63   59   55   53   51   51   52   54   55   56   54   52   48   45   40
   38   36   36   36   39   41   43   44   46   46   49   51   56   61   68   75
   85   95  105  117  130  139  147  154  145                                   
    62.5-180.0 180.0   5.0 450.0                            LAT/LON1/LON2/DLON/H
  162  162  164  164  159  156  155  155  155  153  148  139  126  112   95   82
   71   64   60   58   59   58   59   58   59   60   62   64   66   66   64   62
   58   53   48   44   42   40   41   42   44   45   47   45   43   39   36   31
   30   27   28   28   32   34   38   40   44   47   52   56   64   70   79   86
   98  107  119  131  143  152  159  166  162                                   
    60.0-180.0 180.0   5.0 450.0                            LAT/LON1/LON2/DLON/H
  172  175  178  178  170  168  164  164  162  162  155  149  135  120  103   89
   79   71   67   64   62   59   57   53   52   52   53   55   58   58   57   54
   51   45   41   36   36   34   36   36   40   40   42   40   39   35   32   27
   25   22   23   23   27   29   35   38   44   50   57   65   75   82   92  100
  111  121  132  142  152  161  168  174  172                                   
    57.5-180.0 180.0   5.0 450.0                            LAT/LON1/LON2/DLON/H
  183  184  189  188  182  177  173  171  169  168  163  156  145  131  116  104
   94   87   81   77   72   66   60   53   50   47   47   48   50   50   49   47
   44   39   36   33   33   32   35   37   40   41   43   41   41   36   34   29
   27   23   23   23   26   29   34   39   47   54   64   73   84   93  103  113
  125  134  144  153  162  168  171  178  183                                   
    55.0-180.0 180.0   5.0 450.0                            LAT/LON1/LON2/DLON/H
  186  193  199  201  193  189  181  179  174  172  165  160  150  140  127  118
  109  102   95   88   81   72   63   55   49   45   45   45   48   48   48   46
   44   41   39   38   40   40   43   45   48   49   51   50   50   46   44   38
   35   30   29   28   30   32   37   43   51   60   71   81   93  102  114  124
  136  145  155  161  167  170  176  181  186                                   
    52.5-180.0 180.0   5.0 450.0                            LAT/LON1/LON2/DLON/H
  195  198  207  210  206  200  193  187  181  176  169  162  154  146  138  131
  123  116  108  100   91   81   70   61   55   51   50   50   52   53   53   51
   50   49   49   50   52   55   58   60   62   63   65   64   64   61   59   53
   48   43   40   38   39   40   44   49   57   65   75   86   98  109  120  132
  145  155  164  170  174  176  179  185  195                                   
    50.0-180.0 180.0   5.0 450.0                            LAT/LON1/LON2/DLON/H
  198  206  217  223  220  217  208  200  190  181  171  163  154  148  142  138
  131  123  115  106   97   87   77   69   64   60   59   59   61   61   60   59
   59   59   61   64   69   72   76   78   80   80   82   82   82   80   77   71
   66   60   55   53   52   53   56   59   65   72   82   91  104  115  128  139
  153  163  172  177  180  180  183  189  198                                   
    47.5-180.0 180.0   5.0 450.0                            LAT/LON1/LON2/DLON/H
  206  211  223  232  235  231  226  216  204  191  177  166  156  150  144  140
  133  124  115  107   99   92   84   80   77   75   74   73   73   72   69   67
   67   69   73   79   85   90   93   94   95   96   97   98   99   97   94   88
   82   77   72   69   68   68   70   71   75   80   88   98  109  120  133  145
  159  171  180  185  187  187  188  194  206                                   
    45.0-180.0 180.0   5.0 450.0                            LAT/LON1/LON2/DLON/H
  207  217  229  240  243  245  240  233  219  205  186  171  160  152  145  139
  131  122  113  106  101   97   93   92   91   90   88   86   83   79   75   72
   73   75   81   89   97  102  105  105  107  107  110  110  112  110  108  103
   97   92   88   85   84   84   85   85   88   91   98  106  117  127  139  150
  163  177  186  193  194  194  194  201  207                                   
    42.5-180.0 180.0   5.0 450.0                            LAT/LON1/LON2/DLON/H
  212  216  228  237  244  247  249  243  234  218  198  181  166  156  146  138
  128  118  110  106  104  104  104  105  106  105  101   96   91   84   78   74
   74   78   85   93  102  107  109  110  111  112  115  117  118  117  116  112
  107  103  100   98   98   98   99   98  100  102  108  115  124  133  144  156
  168  181  191  200  203  202  200  210  212                                   
    40.0-180.0 180.0   5.0 450.0                            LAT/LON1/LON2/DLON/H
  211  217  224  229  232  239  243  246  240  228  208  189  172  159  148  137
  127  116  109  107  109  113  115  117  117  115  109  102   93   85   77   73
   74   78   85   93  102  106  110  110  112  114  118  119  121  121  120  117
  114  111  109  108  108  109  110  110  112  114  120  126  135  143  153  163
  173  185  194  204  208  209  207  217  211                                   
    37.5-180.0 180.0   5.0 450.0                            LAT/LON1/LON2/DLON/H
  215  214  217  216  216  222  231  238  240  232  215  198  180  167  153  141
  129  120  114  116  120  126  128  128  125  119  111  102   92   84   78   75
   76   80   86   93  101  105  108  108  110  113  117  119  121  120  120  118
  116  113  112  111  113  113  115  116  119  123  129  137  146  153  163  171
  180  190  200  209  216  216  212  224  215                                   
    35.0-180.0 180.0   5.0 450.0                            LAT/LON1/LON2/DLON/H
  220  219  217  209  201  207  214  226  232  230  218  202  186  172  159  146
  135  127  123  127  133  137  137  132  126  117  108   99   92   86   82   81
   83   86   91   96  103  106  108  108  111  113  117  119  121  119  119  117
  116  114  113  112  114  114  117  118  123  128  137  145  155  163  172  179
  186  193  202  211  219  223  223  235  220                                   
    32.5-180.0 180.0   5.0 450.0                            LAT/LON1/LON2/DLON/H
  239  233  228  212  200  199  205  216  224  225  217  206  192  180  168  156
  146  139  137  141  145  145  140  131  120  111  103   98   95   94   95   97
   99  102  103  106  109  111  111  112  113  116  120  120  121  118  117  114
  113  110  109  107  108  108  111  114  121  129  140  150  161  170  180  188
  195  200  208  218  226  231  237  251  239                                   
    30.0-180.0 180.0   5.0 450.0                            LAT/LON1/LON2/DLON/H
  269  267  262  241  219  212  210  218  221  223  215  206  195  184  174  164
  155  150  148  150  150  145  135  123  112  105  103  103  107  110  116  120
  123  124  123  122  122  122  121  120  120  121  123  123  122  118  115  111
  108  105  103  100  100  100  103  108  118  128  144  155  169  178  190  198
  205  209  219  227  235  246  261  274  269                                   
    27.5-180.0 180.0   5.0 450.0                            LAT/LON1/LON2/DLON/H
  317  318  319  295  269  250  240  235  232  228  218  209  197  189  180  171
  165  160  157  155  148  138  124  112  104  103  108  115  125  135  143  150
  153  151  147  142  138  135  131  128  126  125  126  124  122  116  113  108
  104   98   96   91   90   90   95  102  115  130  147  162  176  188  202  212
  223  229  237  245  253  267  286  300  317                                   
    25.0-180.0 180.0   5.0 450.0                            LAT/LON1/LON2/DLON/H
  375  396  398  378  349  321  295  277  260  247  232  218  205  194  185  177
  172  166  159  151  139  124  111  103  104  111  124  137  152  164  177  183
  185  180  170  162  154  149  142  136  132  129  128  125  121  114  109  102
   98   91   87   82   81   83   88   98  114  130  150  167  182  196  212  226
  242  251  261  268  278  297  325  338  375                                   
    22.5-180.0 180.0   5.0 450.0                            LAT/LON1/LON2/DLON/H
  437  473  485  477  449  413  374  340  310  282  259  238  220  206  194  185
  179  171  159  143  126  111  101  102  112  129  148  165  183  195  206  210
  210  201  188  174  164  155  147  139  132  128  126  121  116  108  103   96
   92   84   80   76   75   77   84   97  118  139  158  176  192  206  225  241
  260  270  283  291  304  329  361  371  437                                   
    20.0-180.0 180.0   5.0 450.0                            LAT/LON1/LON2/DLON/H
  496  548  570  576  559  522  466  419  374  336  300  272  246  224  207  196
  187  174  155  134  116  103  102  114  136  159  183  200  215  224  231  230
  226  212  195  179  167  159  149  140  131  125  121  116  110  101   95   86
   82   76   73   69   70   76   87  103  125  148  169  186  203  218  235  253
  272  285  300  312  328  362  402  407  496                                   
    17.5-180.0 180.0   5.0 450.0                            LAT/LON1/LON2/DLON/H
  536  588  618  640  639  609  555  497  441  395  354  316  284  253  231  214
  200  183  159  133  114  107  115  138  168  196  217  232  242  242  243  234
  224  206  187  171  160  152  142  133  124  116  111  105   99   91   83   77
   74   69   65   64   69   79   95  113  138  162  183  202  219  232  248  263
  282  294  312  326  345  381  424  432  536                                   
    15.0-180.0 180.0   5.0 450.0                            LAT/LON1/LON2/DLON/H
  551  604  642  676  683  665  618  566  504  456  409  371  332  295  264  241
  221  199  170  142  126  125  144  176  211  235  251  256  254  247  238  225
  210  191  172  160  151  145  138  129  121  112  106   99   94   84   76   70
   67   62   59   61   72   86  107  126  154  175  199  216  232  244  259  273
  292  304  320  336  355  396  440  450  551                                   
    12.5-180.0 180.0   5.0 450.0                            LAT/LON1/LON2/DLON/H
  541  589  625  663  680  671  642  601  551  505  463  426  385  344  309  278
  254  227  197  169  156  161  186  219  251  267  270  261  249  233  220  205
  189  171  155  148  142  139  132  127  117  110  102   96   88   79   67   64
   60   56   55   63   77   95  118  139  165  187  211  229  245  256  269  283
  302  314  328  343  362  399  441  452  541                                   
    10.0-180.0 180.0   5.0 450.0                            LAT/LON1/LON2/DLON/H
  513  556  589  626  647  646  633  609  576  542  507  474  436  401  359  326
  296  267  234  209  199  210  238  268  289  288  274  253  234  212  199  184
  171  157  147  142  140  140  137  131  124  115  107   97   90   76   66   61
   58   56   58   68   86  105  131  151  174  196  221  239  254  266  281  296
  314  325  337  351  366  401  438  445  513                                   
     7.5-180.0 180.0   5.0 450.0                            LAT/LON1/LON2/DLON/H
  483  513  537  566  587  596  594  587  573  555  533  509  479  448  410  377
  346  316  287  264  258  270  293  309  312  290  263  236  214  197  184  173
