data/unet/pred2010.15i
     1.0            IONOSPHERE MAPS     GNSS                IONEX VERSION / TYPE
pyspatialgeodesy        IME             05-JAN-18 20:20     PGM / RUN BY / DATE 
Map Name                                                    COMMENT             
Predicted global ionosphere maps (GIM).                     DESCRIPTION         
  2015     7    20     0     0     0                        EPOCH OF FIRST MAP  
  2015     7    21     0     0     0                        EPOCH OF LAST MAP   
  7200                                                      INTERVAL            
    13                                                      # OF MAPS IN FILE   
  NONE                                                      MAPPING FUNCTION    
10.0                                                        ELEVATION CUTOFF    
One-way carrier phase leveled to code                       OBSERVABLES USED    
  6371.0                                                    BASE RADIUS         
 2                                                          MAP DIMENSION       
   450.0 450.0   0.0                                        HGT1 / HGT2 / DHGT  
    87.5 -87.5  -2.5                                        LAT1 / LAT2 / DLAT  
  -180.0 180.0   5.0                                        LON1 / LON2 / DLON  
    -1                                                      EXPONENT            
                                                            END OF HEADER       
[from data line 3003]
     8                                                      START OF TEC MAP    
  2015     7    20    14     0     0                        EPOCH OF CURRENT MAP
    87.5-180.0 180.0   5.0 450.0                            LAT/LON1/LON2/DLON/H
  146  162  167  168  167  166  167  167  167  167  168  167  168  167  167  167
  167  167  167  167  167  166  167  165  165  164  164  162  162  161  161  159
  160  159  160  158  160  158  160  158  159  158  159  158  158  158  158  157
  158  157  157  157  157  157  157  157  158  157  158  158  160  159  160  160
  162  162  164  164  162  163  175  153  146                                   
    85.0-180.0 180.0   5.0 450.0                            LAT/LON1/LON2/DLON/H
  150  155  154  157  158  159  159  161  161  162  162  162  162  163  162  162
  162  162  162  162  162  162  161  161  160  160  158  158  156  156  154  154
  152  152  151  151  150  150  150  149  149  149  148  148  147  147  146  147
  146  147  146  146  146  146  146  146  146  147  146  147  147  147  147  147
  148  149  150  151  152  151  158  155  150                                   
    82.5-180.0 180.0   5.0 450.0                            LAT/LON1/LON2/DLON/H
  156  147  150  150  154  153  157  156  160  158  162  160  162  160  162  161
  162  161  162  162  163  162  163  162  163  161  162  159  159  156  156  152
  152  149  149  146  146  144  145  142  144  141  144  140  144  140  145  141
  145  142  147  143  147  144  148  145  147  144  145  143  144  142  142  141
  142  141  143  143  144  143  154  140  156                                   
    80.0-180.0 180.0   5.0 450.0                            LAT/LON1/LON2/DLON/H
  143  139  140  147  147  150  152  153  155  156  157  157  158  158  158  158
  157  158  157  158  158  159  159  159  159  159  158  158  156  156  153  152
  149  148  144  145  141  143  139  141  138  141  138  141  140  142  142  144
  145  147  148  148  149  150  150  149  149  148  146  145  144  142  140  138
  137  137  135  137  135  137  135  135  143                                   
    77.5-180.0 180.0   5.0 450.0                            LAT/LON1/LON2/DLON/H
  131  130  131  136  138  142  145  147  148  149  150  150  150  150  150  149
  149  149  150  151  152  153  154  155  156  157  158  158  157  156  155  153
  151  148  146  145  142  141  139  139  137  139  138  140  140  143  144  147
  148  151  151  153  153  153  152  153  151  150  147  146  143  141  137  136
  132  132  128  129  125  125  128  123  131                                   
    75.0-180.0 180.0   5.0 450.0                            LAT/LON1/LON2/DLON/H
  122  122  126  130  135  137  142  142  145  145  148  146  147  144  146  143
  145  143  146  145  148  148  152  152  156  156  160  158  160  158  158  155
  154  151  150  146  145  143  143  142  142  143  144  145  147  149  152  154
  156  157  159  158  158  158  158  156  155  154  152  149  147  144  141  137
  134  132  130  126  127  120  121  121  122                                   
    72.5-180.0 180.0   5.0 450.0                            LAT/LON1/LON2/DLON/H
  116  119  119  124  126  131  134  137  139  141  142  141  141  139  138  137
  137  137  138  139  141  143  146  148  151  154  157  159  160  161  160  159
  157  156  154  152  149  149  147  148  146  150  149  153  153  157  157  160
  159  162  161  162  160  161  159  159  156  157  153  153  149  147  143  141
  136  134  130  128  123  120  120  117  116                                   
    70.0-180.0 180.0   5.0 450.0                            LAT/LON1/LON2/DLON/H
  113  114  115  118  125  127  132  132  136  137  139  137  138  135  136  132
  134  131  136  133  138  137  143  142  148  148  154  154  159  157  160  157
  159  155  157  152  153  150  152  151  152  153  155  157  159  160  162  161
  162  161  162  160  160  159  160  159  159  157  157  155  154  151  150  146
  143  139  136  129  128  119  120  120  113                                   
    67.5-180.0 180.0   5.0 450.0                            LAT/LON1/LON2/DLON/H
  113  115  110  113  116  121  125  129  132  134  136  136  136  133  133  131
  131  130  131  131  133  133  137  138  141  144  148  152  154  157  157  159
  158  158  157  156  154  154  154  155  155  158  159  162  161  164  161  163
  160  161  159  160  157  160  157  160  158  160  159  160  158  157  154  151
  147  144  139  135  130  124  122  120  113                                   
    65.0-180.0 180.0   5.0 450.0                            LAT/LON1/LON2/DLON/H
  114  110  107  108  113  115  120  123  128  131  135  134  136  133  134  131
  132  130  132  129  132  130  135  133  139  138  145  145  151  151  155  154
  157  154  157  152  155  152  155  154  158  158  161  160  162  160  161  158
  158  157  157  155  155  155  157  157  160  160  163  161  164  160  160  155
  153  148  145  137  135  124  122  125  114                                   
    62.5-180.0 180.0   5.0 450.0                            LAT/LON1/LON2/DLON/H
  115  111  103  103  106  110  114  118  123  128  132  134  136  136  136  135
  135  133  132  131  131  131  132  132  134  136  139  143  147  150  152  154
  155  155  155  154  153  153  155  156  158  161  161  162  160  159  156  156
  153  154  152  153  152  154  155  160  161  165  167  169  169  167  164  160
  155  151  146  140  134  126  124  122  115                                   
    60.0-180.0 180.0   5.0 450.0                            LAT/LON1/LON2/DLON/H
  115  102   98   98  102  102  108  111  118  121  128  131  135  135  137  136
  137  135  135  132  132  131  132  131  134  134  139  141  146  147  152  152
  156  153  157  151  155  152  157  157  160  161  161  161  159  156  154  152
  151  150  151  151  152  153  156  160  164  167  170  170  171  167  165  158
  155  147  145  136  133  120  118  122  115                                   
    57.5-180.0 180.0   5.0 450.0                            LAT/LON1/LON2/DLON/H
  113  103   94   92   95   97  101  106  110  117  122  128  133  136  139  140
  141  140  138  137  135  134  134  134  135  137  140  143  147  151  154  157
  158  159  159  157  158  158  160  161  164  164  164  162  159  155  152  150
  149  149  150  152  152  157  159  164  167  171  173  175  174  170  165  158
  153  146  140  133  126  116  114  112  113                                   
    55.0-180.0 180.0   5.0 450.0                            LAT/LON1/LON2/DLON/H
  110   95   90   89   93   92   97   99  106  110  117  121  128  131  138  139
  142  141  140  138  136  135  135  137  139  141  144  147  151  153  158  160
  163  161  164  160  164  161  166  165  167  168  166  165  159  156  152  150
  150  151  153  155  157  161  163  167  170  173  175  175  173  168  162  153
  146  137  133  123  119  107  106  108  110                                   
    52.5-180.0 180.0   5.0 450.0                            LAT/LON1/LON2/DLON/H
  105   96   88   88   91   93   95   99  102  108  112  119  125  131  137  141
  145  144  144  143  142  141  143  142  145  147  150  154  158  162  165  169
  170  172  172  171  171  171  173  173  174  174  172  169  164  159  155  152
  153  155  157  161  163  168  170  174  175  178  176  177  172  167  158  150
  140  133  124  116  110  101  100   97  105                                   
    50.0-180.0 180.0   5.0 450.0                            LAT/LON1/LON2/DLON/H
  103   92   89   89   94   93   97   97  102  104  111  114  122  126  136  140
  146  147  147  147  145  147  146  150  151  155  157  160  164  168  172  174
  178  178  181  177  182  179  183  182  182  182  179  176  170  166  160  159
  158  160  163  166  169  172  174  176  177  178  177  176  171  164  155  145
  136  127  120  110  106   94   95   94  103                                   
    47.5-180.0 180.0   5.0 450.0                            LAT/LON1/LON2/DLON/H
  101   96   91   91   96   97   99  101  104  107  112  117  123  129  137  143
  149  152  153  155  153  154  156  158  161  163  167  169  173  176  180  184
  186  190  192  193  194  195  196  195  193  192  189  185  179  174  169  166
  165  167  168  173  173  178  177  181  180  182  178  177  170  164  152  144
  132  125  115  108  100   93   94   89  101                                   
    45.0-180.0 180.0   5.0 450.0                            LAT/LON1/LON2/DLON/H
  101   96   94   93   98  100  103  104  109  111  117  119  127  130  140  145
  152  156  158  161  158  162  162  167  168  174  175  178  180  182  184  188
  191  195  199  201  206  206  211  207  206  203  200  195  190  184  178  173
  171  172  173  175  177  179  180  180  181  180  178  174  169  161  153  143
  134  126  119  108  103   92   94   92  101                                   
    42.5-180.0 180.0   5.0 450.0                            LAT/LON1/LON2/DLON/H
  103  100   95   94   99  102  106  110  114  118  123  129  134  140  145  153
  158  165  166  170  169  172  172  175  178  181  183  185  187  187  191  195
  201  207  214  220  223  228  227  225  221  219  214  210  203  198  191  186
  181  180  180  181  181  182  180  183  181  182  178  178  171  166  156  149
  138  132  121  114  103   97  100   93  103                                   
    40.0-180.0 180.0   5.0 450.0                            LAT/LON1/LON2/DLON/H
  105   97   94   92   98  101  107  111  118  123  129  135  142  146  153  159
  165  173  175  180  178  182  179  184  183  189  188  193  191  193  195  200
  208  218  229  237  245  248  251  245  241  233  229  221  217  210  204  197
  192  191  188  189  186  185  183  185  184  184  182  180  176  170  164  157
  150  140  133  121  113  101  101   99  105                                   
    37.5-180.0 180.0   5.0 450.0                            LAT/LON1/LON2/DLON/H
  109  100   91   90   93   98  104  110  116  125  132  142  148  157  161  170
  174  183  186  191  189  191  189  192  190  194  195  197  197  199  202  210
  221  237  252  269  276  282  279  276  265  259  250  243  235  228  221  214
  209  205  203  199  198  193  191  190  189  189  186  187  182  180  172  169
  159  153  141  132  119  111  110  105  109                                   
    35.0-180.0 180.0   5.0 450.0                            LAT/LON1/LON2/DLON/H
  114   96   89   84   88   90   99  103  113  122  132  143  152  161  168  177
  181  192  194  200  198  200  196  198  196  199  200  202  205  208  215  224
  239  261  282  303  311  315  312  304  294  284  274  265  257  248  240  230
  225  220  217  213  211  205  202  199  197  196  193  192  189  187  181  177
  170  162  153  141  130  119  112  112  114                                   
    32.5-180.0 180.0   5.0 450.0                            LAT/LON1/LON2/DLON/H
  118  103   88   83   82   87   92  100  104  118  126  143  153  167  173  184
  188  199  201  208  205  207  202  202  201  204  205  210  212  221  229  242
  258  286  311  333  342  346  340  334  323  314  301  293  282  273  261  253
  244  241  237  232  228  219  214  207  205  201  198  198  194  193  187  184
  176  169  157  148  136  126  123  119  118                                   
    30.0-180.0 180.0   5.0 450.0                            LAT/LON1/LON2/DLON/H
  126  107   94   85   83   83   87   90   98  107  121  137  151  164  174  184
  190  201  205  212  209  210  206  204  205  208  213  217  226  234  247  262
  284  313  338  357  366  369  365  358  348  340  329  320  310  300  287  277
  267  265  259  256  247  239  229  219  211  204  199  198  195  194  189  187
  179  173  163  153  145  135  126  127  126                                   
    27.5-180.0 180.0   5.0 450.0                            LAT/LON1/LON2/DLON/H
  132  118  103   93   85   86   84   88   91  102  111  131  145  163  173  186
  191  203  206  214  212  213  208  207  207  211  217  227  236  250  262  283
  306  334  356  375  382  386  380  376  366  359  349  340  330  319  307  299
  288  289  283  281  270  259  242  228  213  201  195  191  190  189  187  185
  179  173  163  156  147  142  138  134  132                                   
    25.0-180.0 180.0   5.0 450.0                            LAT/LON1/LON2/DLON/H
  141  127  114  106   97   92   86   85   86   92  105  123  140  156  171  181
  190  201  206  214  213  213  210  208  212  216  226  236  249  260  278  296
  319  345  364  383  388  390  383  382  375  372  362  354  343  334  323  317
  308  311  303  303  287  275  249  230  210  192  185  177  176  177  178  179
  176  172  165  158  155  150  144  145  141                                   
    22.5-180.0 180.0   5.0 450.0                            LAT/LON1/LON2/DLON/H
  147  137  126  118  109  103   94   90   85   91   97  115  131  151  163  178
  186  200  205  214  213  216  212  213  214  222  231  247  257  274  289  310
  332  356  373  387  388  387  379  379  373  371  365  358  350  342  334  332
  323  329  321  321  302  286  258  236  209  188  173  164  160  162  166  170
  171  169  164  159  155  152  150  149  147                                   
    20.0-180.0 180.0   5.0 450.0                            LAT/LON1/LON2/DLON/H
  149  142  133  129  122  117  106   96   90   89   95  108  126  144  159  170
  182  193  204  211  214  213  214  213  219  226  239  252  268  283  298  318
  337  359  368  380  373  372  364  364  362  360  359  355  352  345  339  338
  333  338  330  325  301  283  251  231  204  181  164  150  144  146  153  160
  163  163  161  158  156  152  150  154  149                                   
    17.5-180.0 180.0   5.0 450.0                            LAT/LON1/LON2/DLON/H
  150  148  141  136  131  124  117  108   99   96   96  107  121  141  153  169
  176  192  199  210  211  214  213  217  222  234  245  262  277  293  309  327
  345  361  365  370  362  359  351  351  349  351  351  352  351  349  343  346
  339  347  335  327  299  278  246  226  203  180  159  143  135  137  143  152
  158  159  157  153  150  145  146  152  150                                   
    15.0-180.0 180.0   5.0 450.0                            LAT/LON1/LON2/DLON/H
  145  141  137  136  132  129  120  114  106  100   98  104  118  134  151  160
  174  184  197  204  211  211  214  217  226  236  253  269  285  302  319  334
  347  358  355  356  347  342  337  335  338  338  343  342  346  341  341  339
  337  338  327  314  284  265  232  220  199  180  156  140  129  131  136  146
  152  153  151  148  142  139  139  149  145                                   
    12.5-180.0 180.0   5.0 450.0                            LAT/LON1/LON2/DLON/H
  139  137  130  131  128  125  121  117  110  104   99  105  113  132  145  160
  168  185  192  203  205  212  214  222  230  245  259  278  296  314  330  342
  353  358  356  354  347  343  338  340  339  341  339  343  340  341  334  337
  328  329  312  300  268  250  225  215  199  180  159  141  131  131  136  145
  150  149  146  139  132  125  127  137  139                                   
    10.0-180.0 180.0   5.0 450.0                            LAT/LON1/LON2/DLON/H
  127  119  120  119  116  115  112  111  106  102   98  102  112  126  142  152
  167  178  190  197  205  209  218  225  239  251  267  286  310  328  342  352
  356  361  355  353  347  343  341  342  341  339  338  336  335  331  326  324
  317  311  293  278  247  234  215  210  198  185  163  149  137  136  139  145
  146  144  139  131  122  115  113  124  127                                   
     7.5-180.0 180.0   5.0 450.0                            LAT/LON1/LON2/DLON/H
  117  109  104  104  101  103  101  103   98   96   92   99  106  123  135  153
  162  181  189  201  205  215  223  234  247  262  277  302  325  345  358  364
