data/unet/pred1690.15i
     1.0            IONOSPHERE MAPS     GNSS                IONEX VERSION / TYPE
pyspatialgeodesy        IME             05-JAN-18 20:20     PGM / RUN BY / DATE 
Map Name                                                    COMMENT             
Predicted global ionosphere maps (GIM).                     DESCRIPTION         
  2015     6    18     0     0     0                        EPOCH OF FIRST MAP  
  2015     6    19     0     0     0                        EPOCH OF LAST MAP   
  7200                                                      INTERVAL            
    13                                                      # OF MAPS IN FILE   
  NONE                                                      MAPPING FUNCTION    
10.0                                                        ELEVATION CUTOFF    
One-way carrier phase leveled to code                       OBSERVABLES USED    
  6371.0                                                    BASE RADIUS         
 2                                                          MAP DIMENSION       
   450.0 450.0   0.0                                        HGT1 / HGT2 / DHGT  
    87.5 -87.5  -2.5                                        LAT1 / LAT2 / DLAT  
  -180.0 180.0   5.0                                        LON1 / LON2 / DLON  
    -1                                                      EXPONENT            
                                                            END OF HEADER       
[from data line 429]
     2                                                      START OF TEC MAP    
  2015     6    18     2     0     0                        EPOCH OF CURRENT MAP
    87.5-180.0 180.0   5.0 450.0                            LAT/LON1/LON2/DLON/H
  167  166  162  160  160  155  156  155  158  156  157  155  159  157  158  157
  159  158  158  156  157  155  154  151  152  149  148  145  146  143  143  139
  141  137  138  134  137  133  135  131  135  131  134  130  134  132  134  132
  135  134  137  135  139  138  141  140  143  143  145  145  148  148  150  150
  152  153  159  159  162  159  154  167  167                                   
    85.0-180.0 180.0   5.0 450.0                            LAT/LON1/LON2/DLON/H
  166  174  161  163  162  158  159  159  160  160  160  160  162  161  161  161
  162  162  160  160  159  158  155  155  153  152  148  147  146  144  142  140
  140  137  137  135  136  133  133  131  133  131  132  130  132  130  133  131
  134  133  136  135  139  138  141  141  144  143  145  145  148  147  150  149
  152  152  158  158  160  156  161  165  166                                   
    82.5-180.0 180.0   5.0 450.0                            LAT/LON1/LON2/DLON/H
  165  169  167  172  169  168  167  171  170  172  170  174  173  174  172  174
  173  172  169  170  168  166  162  161  158  157  152  152  148  148  143  143
  140  140  136  137  134  135  132  133  131  132  130  132  131  133  131  134
  134  137  137  142  142  145  145  148  148  150  149  152  151  153  153  155
  155  158  162  164  164  163  161  162  165                                   
    80.0-180.0 180.0   5.0 450.0                            LAT/LON1/LON2/DLON/H
  167  168  172  174  178  173  176  176  179  176  178  177  179  176  177  175
  177  173  173  171  172  168  167  163  163  157  156  152  152  147  146  142
  143  139  139  137  138  135  135  134  136  133  135  134  137  135  138  138
  143  142  147  148  151  151  154  154  157  155  157  156  159  158  160  160
  163  163  168  168  170  166  169  165  167                                   
    77.5-180.0 180.0   5.0 450.0                            LAT/LON1/LON2/DLON/H
  169  174  176  180  180  178  180  180  181  179  178  178  176  176  174  175
  173  173  171  172  170  169  165  165  160  157  153  152  147  146  142  142
  139  139  137  139  137  137  136  137  137  136  137  138  140  140  143  144
  147  148  152  154  157  158  161  162  162  162  163  163  164  164  166  166
  168  170  174  173  170  174  174  169  169                                   
    75.0-180.0 180.0   5.0 450.0                            LAT/LON1/LON2/DLON/H
  169  174  177  180  181  177  179  177  178  175  176  174  174  172  172  169
  170  166  169  165  167  163  163  158  157  151  149  144  141  137  136  134
  134  134  134  135  136  136  136  136  137  137  138  140  141  142  145  146
  150  150  156  155  160  158  164  162  165  162  166  164  167  165  169  167
  170  171  176  176  175  177  182  173  169                                   
    72.5-180.0 180.0   5.0 450.0                            LAT/LON1/LON2/DLON/H
  172  176  179  181  180  175  177  175  176  174  174  173  171  169  165  163
  159  158  156  156  154  154  151  149  145  141  137  134  130  128  126  127
  127  129  132  134  136  137  138  138  139  140  142  142  146  146  151  151
  156  155  161  159  162  160  164  162  165  163  166  164  166  165  169  168
  171  171  178  176  174  180  182  173  172                                   
    70.0-180.0 180.0   5.0 450.0                            LAT/LON1/LON2/DLON/H
  170  174  176  178  177  173  174  175  176  176  174  174  170  167  162  159
  155  151  150  149  148  147  145  143  139  136  130  128  123  123  121  122
  123  127  130  134  137  139  140  140  142  143  144  146  149  151  154  156
  157  158  161  160  161  159  161  160  160  159  161  161  161  161  163  165
  166  169  173  175  173  176  182  173  170                                   
    67.5-180.0 180.0   5.0 450.0                            LAT/LON1/LON2/DLON/H
  170  173  174  174  172  169  174  175  179  179  181  178  175  169  163  158
  151  147  143  142  140  139  137  135  131  127  124  120  118  116  117  118
  120  125  128  133  135  137  138  138  140  139  143  144  149  151  155  155
  158  156  160  157  158  155  159  157  159  157  161  159  161  160  164  163
  166  166  172  172  172  177  179  170  170                                   
    65.0-180.0 180.0   5.0 450.0                            LAT/LON1/LON2/DLON/H
  169  171  170  169  168  167  170  174  178  180  182  181  178  172  164  157
  150  144  141  139  136  136  134  133  129  127  122  120  117  117  116  118
  119  123  127  130  133  134  136  136  138  138  141  145  150  153  157  158
  159  158  158  156  156  154  157  156  158  157  160  159  160  160  162  163
  164  166  170  171  171  175  180  171  169                                   
    62.5-180.0 180.0   5.0 450.0                            LAT/LON1/LON2/DLON/H
  171  171  167  166  163  161  166  170  177  180  185  185  184  178  172  163
  155  148  143  139  137  135  133  131  128  125  123  120  118  117  116  117
  116  119  120  123  125  126  127  126  129  131  136  140  148  152  157  158
  161  158  158  155  156  155  158  158  160  161  163  162  163  162  164  163
  164  165  169  170  172  177  179  169  171                                   
    60.0-180.0 180.0   5.0 450.0                            LAT/LON1/LON2/DLON/H
  172  171  165  162  161  157  160  164  171  175  181  183  184  180  175  167
  159  151  146  142  138  137  135  134  131  130  128  127  126  125  122  121
  118  117  117  119  120  122  121  124  126  129  134  142  150  157  163  165
  167  166  164  162  161  160  164  164  167  167  168  166  165  164  165  164
  164  165  168  170  171  176  181  171  172                                   
    57.5-180.0 180.0   5.0 450.0                            LAT/LON1/LON2/DLON/H
  176  175  169  166  161  156  158  160  166  170  178  182  186  184  182  174
  168  160  156  149  147  142  142  138  137  134  135  134  133  132  127  124
  117  114  112  111  112  113  115  116  122  126  134  142  153  160  168  171
  175  173  174  171  172  171  176  176  180  179  179  175  173  170  169  166
  166  167  170  172  175  181  183  171  176                                   
    55.0-180.0 180.0   5.0 450.0                            LAT/LON1/LON2/DLON/H
  183  182  177  172  168  160  160  157  161  163  171  175  180  181  181  176
  172  165  161  155  152  149  147  144  142  141  142  144  142  142  135  130
  121  115  109  108  107  112  112  117  120  128  134  146  157  169  177  184
  186  190  186  189  187  189  193  193  194  192  189  184  179  176  172  170
  170  171  174  177  177  185  189  180  183                                   
    52.5-180.0 180.0   5.0 450.0                            LAT/LON1/LON2/DLON/H
  192  193  190  189  183  174  169  164  163  162  167  171  178  180  183  181
  180  174  172  165  163  158  157  152  151  149  152  151  152  149  143  135
  124  115  109  106  107  109  114  116  123  129  139  149  162  172  184  190
  200  202  206  206  210  210  215  212  214  209  204  197  191  185  180  176
  175  177  180  183  185  194  197  188  192                                   
    50.0-180.0 180.0   5.0 450.0                            LAT/LON1/LON2/DLON/H
  207  208  206  204  201  190  183  173  169  162  164  165  172  174  179  178
  181  176  177  171  170  164  162  156  155  153  155  156  156  155  147  140
  128  120  113  111  110  114  116  122  125  135  141  155  166  180  189  202
  210  219  221  228  228  234  235  235  232  226  217  208  200  193  187  183
  182  184  188  191  191  201  207  199  207                                   
    47.5-180.0 180.0   5.0 450.0                            LAT/LON1/LON2/DLON/H
  216  218  219  221  218  208  200  190  180  171  168  167  171  173  179  179
  182  181  182  179  178  172  171  164  163  158  161  159  160  157  152  142
  134  125  122  118  118  119  122  125  132  138  147  156  170  180  197  207
  222  229  239  242  250  250  254  250  247  236  228  216  210  201  197  192
  192  193  198  200  203  212  217  210  216                                   
    45.0-180.0 180.0   5.0 450.0                            LAT/LON1/LON2/DLON/H
  232  233  232  233  233  223  217  203  194  180  175  169  171  171  176  175
  180  177  182  177  179  172  172  164  163  158  160  158  157  156  151  145
  140  135  133  131  130  129  129  133  136  145  149  161  169  187  197  215
  229  242  250  258  260  266  266  265  258  249  239  229  220  213  208  204
  204  205  211  212  214  222  229  226  232                                   
    42.5-180.0 180.0   5.0 450.0                            LAT/LON1/LON2/DLON/H
  238  238  238  242  241  234  228  219  210  198  188  180  179  177  180  179
  181  180  182  180  179  175  172  167  164  161  161  158  157  155  151  147
  147  145  146  144  141  139  137  139  144  148  155  161  173  184  200  214
  233  244  257  263  274  274  277  270  267  256  248  237  231  221  218  213
  215  216  223  224  229  236  241  240  238                                   
    40.0-180.0 180.0   5.0 450.0                            LAT/LON1/LON2/DLON/H
  254  249  246  246  247  238  235  227  221  208  199  189  186  181  183  178
  181  177  180  174  176  168  169  162  163  157  159  155  155  153  151  150
  154  155  159  157  156  150  147  148  151  157  160  167  174  188  199  217
  234  246  257  266  275  278  279  277  274  267  262  253  248  239  235  231
  232  233  240  241  245  251  255  257  254                                   
    37.5-180.0 180.0   5.0 450.0                            LAT/LON1/LON2/DLON/H
  263  258  255  254  251  245  242  237  230  222  213  205  201  195  192  189
  185  182  179  176  172  171  168  167  165  164  164  162  159  158  155  157
  160  165  168  167  163  159  155  156  160  163  167  170  179  187  202  214
  232  241  253  261  273  277  285  283  284  280  279  271  266  254  249  242
  243  244  254  256  267  270  273  275  263                                   
    35.0-180.0 180.0   5.0 450.0                            LAT/LON1/LON2/DLON/H
  284  273  270  262  257  247  246  239  235  227  221  213  209  203  199  191
  190  180  180  169  171  163  169  163  170  165  169  164  164  162  162  162
  168  172  177  173  172  166  164  164  169  173  176  179  183  191  201  213
  225  234  244  250  263  270  280  282  287  287  290  282  280  270  267  260
  261  263  273  279  288  293  298  301  284                                   
    32.5-180.0 180.0   5.0 450.0                            LAT/LON1/LON2/DLON/H
  301  299  292  285  273  264  256  253  246  241  232  228  222  216  209  203
  195  188  180  174  169  169  170  175  178  181  181  181  177  177  171  173
  173  179  178  178  172  171  167  171  176  180  182  183  186  187  196  203
  215  220  229  237  253  261  276  280  293  295  301  296  296  285  280  271
  273  274  287  294  309  314  320  327  301                                   
    30.0-180.0 180.0   5.0 450.0                            LAT/LON1/LON2/DLON/H
  331  326  324  309  299  282  278  266  264  251  247  236  232  223  216  204
  201  187  184  170  173  166  177  178  192  189  197  191  191  185  181  176
  177  176  177  172  171  167  170  172  181  184  187  185  186  183  190  197
  205  212  217  227  240  252  268  276  289  296  306  303  305  294  291  281
  284  285  298  307  322  330  341  351  331                                   
    27.5-180.0 180.0   5.0 450.0                            LAT/LON1/LON2/DLON/H
  360  361  365  355  340  325  313  303  292  281  268  258  248  237  225  215
  204  196  185  178  174  177  183  195  204  209  212  210  205  199  187  181
  172  170  163  164  159  163  161  172  178  185  185  184  180  175  179  182
  194  201  210  220  236  248  269  277  292  298  312  311  315  305  304  293
  296  294  308  316  338  344  355  371  360                                   
    25.0-180.0 180.0   5.0 450.0                            LAT/LON1/LON2/DLON/H
  397  406  419  408  398  380  366  350  336  312  301  280  273  251  240  221
  214  198  194  179  184  182  198  205  221  221  227  219  216  203  190  174
  163  153  149  144  149  149  157  162  173  176  177  171  169  161  165  168
  180  190  199  215  231  248  267  278  291  301  315  316  320  315  313  304
  304  304  315  325  347  357  372  388  397                                   
    22.5-180.0 180.0   5.0 450.0                            LAT/LON1/LON2/DLON/H
  425  444  463  467  460  444  427  409  387  362  338  315  296  275  254  235
  221  210  197  193  190  199  208  223  234  235  235  228  219  206  184  165
  144  134  123  124  125  134  137  150  157  164  161  159  154  149  152  155
  168  179  192  209  231  248  271  281  297  304  320  323  329  324  325  317
  319  314  327  331  355  363  379  401  425                                   
    20.0-180.0 180.0   5.0 450.0                            LAT/LON1/LON2/DLON/H
  452  474  501  508  514  500  488  469  447  416  385  353  329  296  279  252
  240  219  214  201  210  212  230  239  249  243  242  228  219  198  175  148
  127  110  104  103  111  118  128  135  144  143  145  138  137  130  137  142
  159  171  188  207  228  249  267  282  298  308  324  330  337  334  335  330
  330  326  336  339  359  368  384  405  452                                   
    17.5-180.0 180.0   5.0 450.0                            LAT/LON1/LON2/DLON/H
  455  486  514  534  546  540  535  519  497  466  433  399  362  328  298  273
  253  237  225  220  220  231  239  251  254  246  237  222  207  185  156  131
  106   90   82   83   93  104  112  116  121  121  122  118  119  116  123  131
  150  166  185  206  231  248  271  283  302  313  332  338  347  346  351  342
  345  338  349  347  366  372  386  408  455                                   
    15.0-180.0 180.0   5.0 450.0                            LAT/LON1/LON2/DLON/H
  456  481  515  534  561  562  566  550  531  500  470  435  397  358  323  291
  276  253  246  236  243  246  258  258  258  238  226  203  188  161  137  109
   89   75   73   76   89  100  107  109  110  107  111  106  110  106  116  124
  148  166  189  212  235  255  275  288  311  325  347  354  365  364  370  363
  363  358  366  366  378  384  390  408  456                                   
    12.5-180.0 180.0   5.0 450.0                            LAT/LON1/LON2/DLON/H
  444  468  499  524  549  560  569  558  545  519  496  463  428  390  346  314
  287  270  256  252  251  257  255  256  242  223  203  181  162  142  120   98
   83   73   70   75   88   97  101   99   98   95   98   96  100   99  107  116
  140  163  189  215  241  261  283  300  324  341  361  371  382  389  394  390
  388  382  390  387  395  394  401  417  444                                   
    10.0-180.0 180.0   5.0 450.0                            LAT/LON1/LON2/DLON/H
  443  453  483  499  526  539  554  549  542  523  506  478  446  407  364  328
  299  275  269  259  263  257  260  243  228  199  178  153  140  121  110   94
   87   76   77   82   91   98   96   91   90   87   95   92   97   94  103  111
  137  161  190  216  242  265  289  307  339  358  380  392  406  414  420  415
  415  409  418  413  418  414  416  424  443                                   
     7.5-180.0 180.0   5.0 450.0                            LAT/LON1/LON2/DLON/H
  445  450  471  482  497  511  526  528  526  517  507  484  455  419  376  338
  303  283  268  261  253  250  237  223  200  173  150  131  122  114  109  100
