data/unet/pred1780.15i
     1.0            IONOSPHERE MAPS     GNSS                IONEX VERSION / TYPE
pyspatialgeodesy        IME             05-JAN-18 20:20     PGM / RUN BY / DATE 
Map Name                                                    COMMENT             
Predicted global ionosphere maps (GIM).                     DESCRIPTION         
  2015     6    27     0     0     0                        EPOCH OF FIRST MAP  
  2015     6    28     0     0     0                        EPOCH OF LAST MAP   
  7200                                                      INTERVAL            
    13                                                      # OF MAPS IN FILE   
  NONE                                                      MAPPING FUNCTION    
10.0                                                        ELEVATION CUTOFF    
One-way carrier phase leveled to code                       OBSERVABLES USED    
  6371.0                                                    BASE RADIUS         
 2                                                          MAP DIMENSION       
   450.0 450.0   0.0                                        HGT1 / HGT2 / DHGT  
    87.5 -87.5  -2.5                                        LAT1 / LAT2 / DLAT  
  -180.0 180.0   5.0                                        LON1 / LON2 / DLON  
    -1                                                      EXPONENT            
                                                            END OF HEADER       
[from data line 3432]
     9                                                      START OF TEC MAP    
  2015     6    27    16     0     0                        EPOCH OF CURRENT MAP
    87.5-180.0 180.0   5.0 450.0                            LAT/LON1/LON2/DLON/H
  141  151  149  151  151  149  149  148  149  148  149  148  150  149  150  150
  151  150  152  151  153  152  153  152  153  152  153  152  153  152  152  151
  152  151  152  151  152  151  151  151  151  151  151  151  151  150  150  150
  150  149  150  149  148  148  148  148  148  147  147  147  147  147  147  147
  148  148  149  148  147  147  153  165  141                                   
    85.0-180.0 180.0   5.0 450.0                            LAT/LON1/LON2/DLON/H
  123  137  137  141  142  140  142  140  142  141  142  141  142  142  143  143
  144  145  146  146  147  148  148  148  149  149  149  149  149  148  148  147
  147  147  147  146  147  146  146  144  145  144  145  143  144  143  144  142
  143  142  143  142  142  141  142  140  141  139  140  139  140  138  139  138
  140  139  141  139  139  135  139  134  123                                   
    82.5-180.0 180.0   5.0 450.0                            LAT/LON1/LON2/DLON/H
  123  124  126  127  129  128  130  129  130  131  131  131  132  133  134  134
  136  136  138  138  140  140  142  141  144  143  145  143  144  143  143  142
  142  141  141  140  140  140  140  139  139  139  139  139  139  139  139  138
  138  138  137  137  135  136  134  134  132  132  130  129  128  128  126  126
  126  127  127  128  127  121  130  121  123                                   
    80.0-180.0 180.0   5.0 450.0                            LAT/LON1/LON2/DLON/H
  113  116  116  122  122  125  125  127  126  128  127  129  129  131  130  133
  133  135  135  138  138  141  141  144  143  145  144  146  143  145  142  143
  140  142  139  142  139  141  138  140  137  140  137  140  137  140  138  140
  138  139  137  139  135  137  133  135  130  132  127  130  126  128  124  126
  122  125  122  124  121  120  120  117  113                                   
    77.5-180.0 180.0   5.0 450.0                            LAT/LON1/LON2/DLON/H
  107  115  115  118  119  121  122  123  123  124  124  125  124  126  126  128
  129  131  133  135  137  139  142  143  144  145  145  144  143  141  140  138
  137  136  136  134  135  134  134  134  134  134  135  136  135  136  135  137
  135  136  135  135  133  132  131  130  128  127  125  124  124  122  121  121
  120  120  120  119  117  112  112  111  107                                   
    75.0-180.0 180.0   5.0 450.0                            LAT/LON1/LON2/DLON/H
  105  112  114  116  119  120  123  121  123  121  123  121  122  121  124  123
  126  127  131  132  137  138  144  143  147  146  148  144  144  141  140  137
  136  134  134  131  132  130  130  128  130  129  132  130  133  132  135  133
  134  133  135  132  133  130  131  127  127  125  125  122  122  121  121  119
  119  119  120  117  118  115  115  115  105                                   
    72.5-180.0 180.0   5.0 450.0                            LAT/LON1/LON2/DLON/H
  106  119  117  119  120  121  122  122  121  121  120  120  118  119  119  121
  122  125  129  132  136  140  144  145  147  147  147  145  143  141  139  136
  134  132  131  128  127  126  125  125  124  125  126  127  127  129  128  130
  129  131  130  131  129  129  128  127  125  124  122  121  120  119  118  117
  117  117  118  118  116  113  114  117  106                                   
    70.0-180.0 180.0   5.0 450.0                            LAT/LON1/LON2/DLON/H
  108  116  119  121  124  124  127  124  125  123  123  120  119  117  119  118
  121  122  128  131  137  140  146  146  150  149  150  147  145  142  140  137
  135  132  130  126  126  122  124  120  123  120  124  122  126  125  129  126
  129  127  131  128  129  127  128  125  125  123  122  120  119  118  117  116
  117  117  119  118  120  116  118  121  108                                   
    67.5-180.0 180.0   5.0 450.0                            LAT/LON1/LON2/DLON/H
  111  123  123  124  125  127  127  126  126  125  123  121  118  117  117  118
  120  122  126  130  135  139  145  147  150  149  150  147  146  143  142  139
  137  133  131  128  125  124  122  122  120  121  121  122  121  123  123  125
  124  127  128  129  128  128  127  126  123  122  119  118  116  115  113  114
  114  115  117  118  117  114  116  122  111                                   
    65.0-180.0 180.0   5.0 450.0                            LAT/LON1/LON2/DLON/H
  112  121  123  126  129  129  130  129  129  127  127  122  122  119  120  119
  122  123  128  131  137  139  147  147  152  150  152  148  149  145  144  141
  139  136  134  129  127  123  125  122  125  122  126  123  126  124  126  125
  127  128  131  131  132  131  132  128  128  123  122  118  117  114  113  112
  112  113  115  116  118  117  118  124  112                                   
    62.5-180.0 180.0   5.0 450.0                            LAT/LON1/LON2/DLON/H
  111  125  125  126  128  130  131  131  130  129  128  126  125  125  124  124
  126  128  131  132  137  139  144  145  149  149  151  149  150  148  148  145
  144  142  139  137  132  132  129  130  128  130  129  129  127  129  127  129
  128  132  133  136  135  136  134  133  129  126  121  118  114  112  109  109
  108  109  112  112  114  110  112  120  111                                   
    60.0-180.0 180.0   5.0 450.0                            LAT/LON1/LON2/DLON/H
  106  116  121  124  128  129  131  130  132  129  130  127  129  126  129  128
  131  130  134  134  139  137  143  142  147  146  151  149  151  148  150  148
  148  144  144  139  137  134  135  133  135  135  136  135  134  133  133  132
  133  135  138  140  142  142  141  138  135  130  126  120  117  112  109  107
  105  105  106  108  108  108  110  117  106                                   
    57.5-180.0 180.0   5.0 450.0                            LAT/LON1/LON2/DLON/H
  102  116  119  121  125  128  129  131  132  132  132  131  132  132  132  132
  135  133  135  134  136  135  139  138  142  143  148  149  152  151  153  153
  152  151  148  146  142  142  140  142  142  143  142  141  138  138  135  137
  135  139  139  141  140  142  138  138  132  130  123  120  114  110  106  103
  100  100  101  100  101   96   99  106  102                                   
    55.0-180.0 180.0   5.0 450.0                            LAT/LON1/LON2/DLON/H
   94  106  110  114  121  123  129  129  134  132  135  132  135  133  136  134
  138  135  138  134  137  132  137  135  142  142  149  149  155  153  158  155
  158  153  154  149  148  146  147  148  149  150  150  148  146  144  142  141
  141  142  143  144  144  144  143  141  138  133  129  122  119  112  107  103
   99   98   96   97   94   92   94  102   94                                   
    52.5-180.0 180.0   5.0 450.0                            LAT/LON1/LON2/DLON/H
   90  102  105  110  117  122  126  131  134  135  135  135  136  135  136  136
  139  136  136  132  133  130  133  133  139  141  147  150  155  156  159  159
  160  157  156  153  152  151  152  154  156  156  156  154  152  149  146  145
  144  144  143  143  141  142  139  138  135  132  126  123  118  113  108  103
   99   97   95   92   89   82   83   90   90                                   
    50.0-180.0 180.0   5.0 450.0                            LAT/LON1/LON2/DLON/H
   84   93   98  105  115  120  127  128  135  133  136  134  136  133  137  136
  140  137  138  133  134  130  135  136  143  145  153  154  160  158  163  161
  163  160  159  157  156  156  157  160  161  162  162  160  158  154  152  149
  148  147  146  145  144  144  143  142  140  137  135  130  127  120  115  108
  104   99   96   93   88   82   83   89   84                                   
    47.5-180.0 180.0   5.0 450.0                            LAT/LON1/LON2/DLON/H
   83   93   98  106  114  121  127  132  136  137  136  135  136  133  135  136
  140  138  137  133  135  130  137  137  146  148  156  158  164  163  166  165
  166  162  163  161  161  161  163  165  167  168  167  166  164  161  157  154
  151  149  147  146  144  144  143  143  142  141  138  136  131  127  120  115
  109  105  100   94   88   77   76   83   83                                   
    45.0-180.0 180.0   5.0 450.0                            LAT/LON1/LON2/DLON/H
   81   89   96  104  116  124  132  133  140  138  141  137  138  134  138  137
  142  140  142  138  140  137  143  145  154  157  166  166  171  170  173  170
  170  170  170  171  170  172  172  175  177  178  176  176  173  172  167  164
  159  156  153  152  150  151  151  152  151  150  149  146  145  138  133  125
  121  113  109  102   95   84   83   85   81                                   
    42.5-180.0 180.0   5.0 450.0                            LAT/LON1/LON2/DLON/H
   83   93   98  106  118  126  136  138  143  142  143  141  141  138  140  140
  145  143  145  144  147  145  152  154  163  165  175  175  182  178  181  178
  180  178  181  181  182  181  182  183  184  184  183  183  181  179  175  170
  164  161  156  155  154  154  155  155  156  155  154  153  150  146  139  134
  128  123  117  110  101   87   83   87   83                                   
    40.0-180.0 180.0   5.0 450.0                            LAT/LON1/LON2/DLON/H
   85   91   96  103  118  128  138  140  146  144  148  146  148  143  146  145
  149  149  152  152  155  155  161  163  171  176  184  188  193  191  193  190
  192  195  198  201  201  199  199  200  200  200  198  197  195  192  187  183
  175  171  165  164  162  164  164  166  166  167  165  164  162  157  152  145
  141  133  128  120  112   98   94   93   85                                   
    37.5-180.0 180.0   5.0 450.0                            LAT/LON1/LON2/DLON/H
   91   94   95  102  114  125  136  141  147  147  151  152  155  153  153  153
  157  158  160  164  166  166  170  173  180  184  196  199  207  204  208  206
  212  216  224  227  228  224  221  219  216  214  211  209  207  203  198  194
  187  182  176  174  171  173  173  175  173  174  171  172  168  164  157  154
  148  143  136  130  120  106  100   98   91                                   
    35.0-180.0 180.0   5.0 450.0                            LAT/LON1/LON2/DLON/H
   95   96   94   97  111  123  135  140  148  151  158  160  166  164  165  163
  166  168  172  176  178  180  181  183  185  193  202  210  220  219  224  229
  239  252  262  268  267  260  254  246  244  239  235  231  227  223  216  212
  204  199  190  187  183  184  183  184  182  182  180  179  177  172  167  161
  158  150  145  138  130  117  112  107   95                                   
    32.5-180.0 180.0   5.0 450.0                            LAT/LON1/LON2/DLON/H
  102   99   92   96  103  116  128  138  148  154  163  169  176  176  176  175
  176  179  182  188  190  192  193  194  196  200  213  220  234  235  246  256
  273  289  305  309  308  296  285  275  267  260  255  249  245  236  230  223
  216  208  201  195  190  188  184  184  180  180  177  179  176  174  168  165
  161  157  150  145  135  126  118  112  102                                   
    30.0-180.0 180.0   5.0 450.0                            LAT/LON1/LON2/DLON/H
  107  102   95   93  102  113  128  137  150  157  170  178  187  187  187  185
  186  187  191  197  200  203  201  205  203  210  222  233  250  257  272  287
  309  326  340  345  341  326  316  300  294  284  279  271  265  256  248  239
  228  219  210  204  196  192  184  181  177  176  173  175  176  173  171  167
  165  159  153  148  140  133  128  123  107                                   
    27.5-180.0 180.0   5.0 450.0                            LAT/LON1/LON2/DLON/H
  112  106   97   98  100  111  122  137  150  162  176  188  199  200  199  198
  197  198  200  208  210  214  214  216  218  223  237  246  269  280  302  319
  338  353  365  364  361  345  335  320  313  303  300  289  284  270  261  246
  235  223  212  203  194  186  178  174  168  168  165  168  166  167  165  166
  163  160  153  150  139  136  130  124  112                                   
    25.0-180.0 180.0   5.0 450.0                            LAT/LON1/LON2/DLON/H
  116  111  105  101  106  113  125  137  152  165  180  194  207  210  211  209
  209  209  211  216  218  223  222  225  224  233  245  259  284  299  321  334
  353  364  375  373  369  353  345  332  327  319  315  306  297  284  268  254
  236  224  209  198  186  177  166  159  155  154  152  154  154  157  160  161
  161  158  152  148  140  136  135  131  116                                   
    22.5-180.0 180.0   5.0 450.0                            LAT/LON1/LON2/DLON/H
  118  113  108  108  108  117  125  140  152  170  184  202  215  222  222  222
  221  221  221  226  228  231  232  235  239  246  261  274  302  317  339  347
  363  367  375  367  364  349  346  337  337  330  329  316  309  289  272  252
  235  216  202  188  176  164  156  148  145  143  139  141  139  146  147  153
  152  151  146  142  133  132  131  126  118                                   
    20.0-180.0 180.0   5.0 450.0                            LAT/LON1/LON2/DLON/H
  119  117  113  111  113  118  131  142  157  172  188  204  219  227  230  231
  232  232  234  236  236  240  239  244  245  255  268  284  310  322  343  348
  364  362  369  359  357  346  346  341  343  339  335  326  314  297  275  257
  235  217  198  182  169  157  147  139  133  131  124  125  123  129  134  141
  143  143  139  135  129  125  126  125  119                                   
    17.5-180.0 180.0   5.0 450.0                            LAT/LON1/LON2/DLON/H
  115  114  111  114  113  122  132  145  156  175  188  207  223  234  239  242
  245  246  249  249  248  247  251  254  260  267  285  297  321  328  348  347
  361  355  361  354  351  348  349  352  352  349  344  331  321  300  282  260
  238  217  200  182  169  156  144  134  127  122  116  115  113  118  123  129
  132  132  129  125  116  115  115  112  115                                   
    15.0-180.0 180.0   5.0 450.0                            LAT/LON1/LON2/DLON/H
  111  107  107  106  112  116  132  141  159  173  190  203  221  234  244  247
  255  257  261  260  256  256  255  262  265  275  287  298  322  328  347  343
  355  348  351  345  344  342  347  350  354  351  346  336  323  307  285  266
  243  224  203  185  169  156  143  132  126  120  111  109  104  110  114  119
  122  121  118  113  106  104  105  106  111                                   
    12.5-180.0 180.0   5.0 450.0                            LAT/LON1/LON2/DLON/H
  101   97   97   99  103  111  125  140  156  173  186  202  220  235  249  256
  269  273  278  273  272  266  270  273  282  287  303  309  333  336  354  349
  361  356  358  355  353  354  360  364  368  364  361  344  333  313  296  274
  253  231  209  189  174  159  145  135  128  119  110  106  102  105  109  111
  112  110  107  102   97   96   94   88  101                                   
    10.0-180.0 180.0   5.0 450.0                            LAT/LON1/LON2/DLON/H
   95   88   91   89   96  100  117  132  155  170  187  199  217  233  250  259
  274  280  286  281  278  275  276  283  291  299  312  318  340  343  358  352
  361  352  359  354  357  358  369  373  381  376  371  355  340  322  302  283
  259  240  216  197  179  166  152  141  135  126  115  110  104  105  106  104
  104   99   99   96   91   90   88   78   95                                   
     7.5-180.0 180.0   5.0 450.0                            LAT/LON1/LON2/DLON/H
   88   80   80   78   83   92  106  126  149  168  185  197  214  230  248  260
  276  286  293  289  288  285  290  294  308  313  328  333  351  355  368  366
