data/unet/pred0840.15i
     1.0            IONOSPHERE MAPS     GNSS                IONEX VERSION / TYPE
pyspatialgeodesy        IME             05-JAN-18 20:20     PGM / RUN BY / DATE 
Map Name                                                    COMMENT             
Predicted global ionosphere maps (GIM).                     DESCRIPTION         
  2015     3    25     0     0     0                        EPOCH OF FIRST MAP  
  2015     3    26     0     0     0                        EPOCH OF LAST MAP   
  7200                                                      INTERVAL            
    13                                                      # OF MAPS IN FILE   
  NONE                                                      MAPPING FUNCTION    
10.0                                                        ELEVATION CUTOFF    
One-way carrier phase leveled to code                       OBSERVABLES USED    
  6371.0                                                    BASE RADIUS         
 2                                                          MAP DIMENSION       
   450.0 450.0   0.0                                        HGT1 / HGT2 / DHGT  
    87.5 -87.5  -2.5                                        LAT1 / LAT2 / DLAT  
  -180.0 180.0   5.0                                        LON1 / LON2 / DLON  
    -1                                                      EXPONENT            
                                                            END OF HEADER       
[from data line 1716]
     5                                                      START OF TEC MAP    
  2015     3    25     8     0     0                        EPOCH OF CURRENT MAP
    87.5-180.0 180.0   5.0 450.0                            LAT/LON1/LON2/DLON/H
   97  111  118  119  125  123  130  131  138  138  144  144  150  148  151  149
  151  148  149  145  147  143  144  140  142  139  141  139  140  138  139  138
  139  138  139  138  139  139  140  139  140  139  141  139  140  139  140  138
  138  137  136  136  134  133  132  131  129  127  126  124  123  121  120  117
  118  115  117  116  120  117  131  106   97                                   
    85.0-180.0 180.0   5.0 450.0                            LAT/LON1/LON2/DLON/H
   99  111  110  118  118  118  122  125  130  132  138  139  143  144  145  145
  145  145  143  142  142  141  139  140  138  140  138  140  139  142  140  144
  144  147  147  151  150  154  153  155  153  155  153  154  152  153  151  151
  147  147  144  143  139  138  135  133  130  128  124  123  120  119  115  114
  113  112  111  112  115  110  123   99   99                                   
    82.5-180.0 180.0   5.0 450.0                            LAT/LON1/LON2/DLON/H
   94  101  100  105  106  111  114  121  124  129  132  135  136  137  137  136
  136  134  135  132  134  130  131  128  130  128  129  130  133  136  138  142
  145  151  153  159  162  167  168  171  171  173  172  173  170  171  167  165
  161  157  155  150  145  141  137  133  128  123  119  114  111  106  103  100
   98   96   94   93   94   93  103   95   94                                   
    80.0-180.0 180.0   5.0 450.0                            LAT/LON1/LON2/DLON/H
   85   92   91   93   98  102  109  114  120  123  128  128  131  128  129  125
  127  122  123  119  120  116  116  113  113  113  113  117  119  125  127  136
  140  149  155  164  170  177  181  184  187  188  191  190  192  188  190  185
  184  177  176  168  163  156  152  145  140  133  128  121  117  111  106  102
   97   94   89   89   88   85   92   88   85                                   
    77.5-180.0 180.0   5.0 450.0                            LAT/LON1/LON2/DLON/H
   83   95   92   94   96  101  105  111  114  117  117  117  117  114  113  109
  108  103  102   99   98   95   94   92   92   91   92   94   98  104  109  119
  126  138  147  160  169  178  186  191  196  200  204  207  210  212  215  214
  215  213  213  208  205  198  194  187  180  169  162  152  144  136  128  121
  115  109  104  100   96   92  100   92   83                                   
    75.0-180.0 180.0   5.0 450.0                            LAT/LON1/LON2/DLON/H
   90   95   92   93   94   98  104  105  111  109  112  107  107  100   98   91
   90   84   84   80   80   77   77   74   75   72   75   75   79   87   90  105
  111  128  137  153  164  177  187  195  202  208  215  220  225  229  234  237
  238  239  239  237  235  231  228  222  215  207  198  188  177  167  156  147
  140  131  126  118  114  105  110  101   90                                   
    72.5-180.0 180.0   5.0 450.0                            LAT/LON1/LON2/DLON/H
   96  104   96   94   93   95   98  100  103  102  102   97   96   88   86   78
   76   69   70   68   70   68   70   68   69   67   67   67   70   73   79   89
   99  114  128  142  157  171  185  196  205  214  222  231  239  247  254  259
  262  264  265  265  264  261  260  256  250  242  232  222  211  200  190  179
  171  161  152  141  134  124  125  118   96                                   
    70.0-180.0 180.0   5.0 450.0                            LAT/LON1/LON2/DLON/H
  106  103   96   92   90   90   95   95  100   96   98   90   90   78   77   67
   66   61   63   64   67   67   71   69   72   67   70   66   69   71   77   87
   96  113  126  143  155  172  187  200  211  220  230  239  250  259  270  275
  281  283  287  288  289  287  286  281  276  265  253  245  232  225  212  206
  197  188  178  167  158  140  136  130  106                                   
    67.5-180.0 180.0   5.0 450.0                            LAT/LON1/LON2/DLON/H
  109  108   95   88   84   83   86   88   92   92   92   87   83   74   70   64
   62   61   64   67   72   73   78   76   79   75   76   73   74   74   78   87
   94  109  122  137  151  166  183  197  210  222  233  247  257  271  281  288
  293  298  303  305  305  304  301  297  290  279  266  255  245  233  222  214
  206  196  187  176  168  149  144  135  109                                   
    65.0-180.0 180.0   5.0 450.0                            LAT/LON1/LON2/DLON/H
  113  102   90   82   76   74   77   79   84   84   87   82   81   69   69   60
   64   60   67   70   78   81   85   84   86   80   82   77   79   78   80   87
   93  110  121  139  150  167  182  200  214  228  242  255  270  281  294  298
  306  307  316  316  320  317  317  309  304  289  277  265  252  240  226  218
  208  198  190  179  172  151  144  140  113                                   
    62.5-180.0 180.0   5.0 450.0                            LAT/LON1/LON2/DLON/H
  112  103   86   76   68   65   65   67   72   75   78   77   74   68   62   60
   60   63   66   76   81   86   90   88   89   85   84   79   79   79   81   88
   93  107  119  133  147  161  178  195  214  230  246  262  278  293  304  312
  318  323  329  332  332  330  323  316  306  294  280  268  255  241  226  214
  201  190  181  171  165  148  143  137  112                                   
    60.0-180.0 180.0   5.0 450.0                            LAT/LON1/LON2/DLON/H
  116  102   85   72   61   56   55   55   60   63   69   68   69   63   63   57
   62   62   70   75   83   85   88   86   85   80   79   74   76   75   81   85
   92  105  116  133  144  162  177  199  219  239  258  274  294  306  319  325
  332  335  342  342  343  339  334  326  316  304  290  279  266  251  233  217
  203  189  179  169  163  145  142  142  116                                   
    57.5-180.0 180.0   5.0 450.0                            LAT/LON1/LON2/DLON/H
  124  113   94   79   65   55   51   49   51   54   57   60   60   59   57   56
   57   60   64   71   74   78   78   77   76   73   72   68   70   69   75   81
   89  103  115  131  144  161  178  201  223  245  264  282  301  317  330  338
  345  351  357  358  356  352  344  335  323  313  300  290  278  265  247  229
  208  193  180  170  164  152  149  146  124                                   
    55.0-180.0 180.0   5.0 450.0                            LAT/LON1/LON2/DLON/H
  143  129  109   92   73   60   52   47   46   47   50   52   55   53   56   53
   58   57   64   65   70   68   69   65   66   60   62   58   63   60   72   79
   92  107  120  137  150  167  185  208  234  255  281  298  323  334  351  355
  368  370  377  376  375  369  363  354  344  333  323  312  302  289  272  251
  232  212  199  187  183  171  166  166  143                                   
    52.5-180.0 180.0   5.0 450.0                            LAT/LON1/LON2/DLON/H
  165  153  136  117   96   78   65   55   49   48   48   50   52   53   53   53
   55   56   58   60   60   59   58   56   57   55   56   55   58   61   72   81
   96  114  127  147  158  179  195  221  244  269  291  314  333  348  362  372
  384  390  396  397  395  388  379  372  362  353  342  332  322  310  295  276
  256  238  221  210  203  195  191  186  165                                   
    50.0-180.0 180.0   5.0 450.0                            LAT/LON1/LON2/DLON/H
  191  179  164  146  123  102   85   67   57   51   49   50   50   52   53   54
   58   57   61   59   61   56   56   54   56   53   55   52   58   58   73   83
  102  124  139  161  172  192  210  233  261  282  310  331  357  365  384  390
  406  409  417  415  411  405  395  387  378  368  360  351  343  331  319  300
  282  263  248  235  230  214  207  211  191                                   
    47.5-180.0 180.0   5.0 450.0                            LAT/LON1/LON2/DLON/H
  214  204  192  174  152  131  111   89   73   62   57   55   55   54   56   57
   61   61   64   61   60   57   57   57   59   58   60   58   63   66   77   91
  112  134  155  178  191  210  228  251  272  297  321  346  365  378  391  401
  413  421  427  428  423  417  405  398  387  377  366  358  350  340  328  313
  296  277  262  249  243  230  224  226  214                                   
    45.0-180.0 180.0   5.0 450.0                            LAT/LON1/LON2/DLON/H
  219  207  200  191  174  155  136  113   93   77   69   66   63   64   63   66
   66   69   70   68   68   64   66   66   69   69   72   68   71   69   82   94
  117  146  167  193  207  228  246  267  291  312  345  364  387  395  413  417
  430  434  440  441  436  426  414  403  391  376  364  355  347  340  331  318
  303  289  273  260  252  231  223  228  219                                   
    42.5-180.0 180.0   5.0 450.0                            LAT/LON1/LON2/DLON/H
  210  203  199  194  182  167  153  133  114   97   86   78   77   74   74   73
   77   77   80   77   78   76   78   79   83   82   84   79   77   77   85  101
  124  154  181  206  227  247  264  286  306  332  358  379  396  407  420  428
  438  444  450  452  447  439  425  414  396  378  358  346  332  327  316  309
  295  283  269  256  246  225  222  214  210                                   
    40.0-180.0 180.0   5.0 450.0                            LAT/LON1/LON2/DLON/H
  184  177  171  176  171  168  160  146  131  114  104   96   93   90   87   88
   86   89   88   89   89   90   92   94   97   93   94   86   84   77   88  100
  126  158  185  215  238  261  283  305  328  351  379  398  416  423  438  443
  455  459  465  464  461  452  438  426  405  386  362  347  331  323  311  303
  291  280  266  253  238  205  196  198  184                                   
    37.5-180.0 180.0   5.0 450.0                            LAT/LON1/LON2/DLON/H
  157  145  142  146  149  151  152  145  135  123  113  107  105  100  100   97
   98   97   99   98   99  102  104  107  107  104   99   92   83   80   86   96
  122  153  186  219  250  278  302  325  348  372  394  413  426  439  448  458
  467  476  481  486  482  478  464  452  433  414  388  369  347  334  314  303
  287  277  261  245  227  192  185  172  157                                   
    35.0-180.0 180.0   5.0 450.0                            LAT/LON1/LON2/DLON/H
  133  127  111  114  118  125  133  132  131  123  121  118  119  116  115  111
  108  110  109  112  113  117  117  118  115  108   97   88   79   72   81   90
  117  149  182  220  254  289  317  343  369  390  414  431  447  457  471  479
  491  500  511  515  518  514  505  499  481  469  443  424  396  377  346  330
  309  294  276  255  229  188  177  166  133                                   
    32.5-180.0 180.0   5.0 450.0                            LAT/LON1/LON2/DLON/H
  134  121  100   95   97  102  112  116  120  117  118  117  120  121  122  119
  120  118  118  120  119  125  122  124  117  111   98   88   79   74   84   95
  122  149  186  221  260  295  330  355  385  408  433  452  465  480  492  507
  522  541  561  575  585  588  589  586  581  564  536  507  470  443  408  385
  354  336  309  287  251  209  194  163  134                                   
    30.0-180.0 180.0   5.0 450.0                            LAT/LON1/LON2/DLON/H
  150  129  103   90   83   88   95  100  107  107  112  115  124  128  134  132
  133  133  131  132  132  134  129  128  116  108   95   83   75   73   87  106
  137  163  200  230  269  302  339  368  400  425  449  470  485  500  518  538
  566  592  629  653  669  670  675  678  678  667  646  625  596  554  510  477
  436  415  381  355  314  261  227  210  150                                   
    27.5-180.0 180.0   5.0 450.0                            LAT/LON1/LON2/DLON/H
  192  162  139  107  101   93  101   99  106  103  109  110  121  126  133  137
  138  139  137  138  136  141  134  132  121  109   96   85   83   83  108  128
  160  188  220  247  285  318  359  377  414  440  470  492  513  535  562  588
  625  669  706  727  751  759  781  791  809  805  790  758  720  672  625  585
  535  514  482  463  417  356  306  265  192                                   
    25.0-180.0 180.0   5.0 450.0                            LAT/LON1/LON2/DLON/H
  263  234  193  158  130  120  116  113  109  108  108  111  119  128  138  144
  148  150  147  147  146  148  142  140  128  114  104   93   95  104  121  151
  176  212  252  271  309  342  380  403  435  462  489  516  541  576  603  644
  694  731  772  798  827  849  874  903  921  938  929  915  867  817  753  706
  651  623  580  547  514  464  414  363  263                                   
    22.5-180.0 180.0   5.0 450.0                            LAT/LON1/LON2/DLON/H
  380  347  285  233  194  171  154  143  138  128  125  119  125  127  139  146
  151  153  151  152  151  153  151  146  138  123  115  109  110  122  137  162
  191  228  264  291  327  363  405  421  454  479  510  543  580  616  657  698
  751  781  818  843  877  902  935  965  994 1013 1013 1001  970  924  871  813
  763  724  683  650  614  566  498  455  380                                   
    20.0-180.0 180.0   5.0 450.0                            LAT/LON1/LON2/DLON/H
  477  439  376  330  281  244  209  195  176  168  153  148  142  141  148  154
  159  160  159  158  157  163  161  160  148  134  132  130  129  137  149  170
  211  248  282  306  349  391  423  447  472  502  533  579  613  658  701  743
  787  813  844  873  898  924  948  980 1007 1033 1041 1046 1019  992  945  896
  847  810  770  731  694  649  602  541  477                                   
    17.5-180.0 180.0   5.0 450.0                            LAT/LON1/LON2/DLON/H
  552  534  473  422  368  340  293  265  231  214  195  182  168  162  159  161
  165  166  165  164  164  167  168  164  159  155  157  157  148  148  157  179
  223  255  287  325  370  404  437  457  485  516  562  605  643  683  725  766
  805  829  858  875  896  905  926  943  969  988 1011 1017 1018  991  969  926
  896  853  824  781  748  702  661  602  552                                   
    15.0-180.0 180.0   5.0 450.0                            LAT/LON1/LON2/DLON/H
  592  588  528  492  444  409  371  333  286  260  231  216  197  188  179  179
  181  178  175  175  172  177  174  174  171  173  174  166  163  150  173  185
  234  251  295  335  379  413  440  469  497  539  581  627  660  690  737  761
  802  815  836  843  850  855  863  875  894  911  933  954  962  965  948  921
  892  861  835  797  764  727  691  648  592                                   
    12.5-180.0 180.0   5.0 450.0                            LAT/LON1/LON2/DLON/H
  602  600  570  534  499  469  434  401  348  313  277  255  234  218  206  199
  196  193  187  182  177  181  181  187  192  189  182  175  164  159  166  193
  226  260  299  343  382  409  437  466  500  540  590  629  666  697  731  757
  786  791  801  797  794  786  785  785  791  805  829  853  886  896  904  884
  868  841  822  789  761  725  692  656  602                                   
    10.0-180.0 180.0   5.0 450.0                            LAT/LON1/LON2/DLON/H
  609  606  573  553  518  497  462  433  397  353  313  291  265  245  229  222
  214  207  194  187  178  182  184  191  196  191  182  170  169  155  173  183
  224  256  297  341  373  407  429  462  497  540  586  629  664  686  722  737
  763  761  773  766  756  743  733  723  723  721  743  768  804  838  849  853
  835  820  798  772  743  712  679  651  609                                   
     7.5-180.0 180.0   5.0 450.0                            LAT/LON1/LON2/DLON/H
  609  608  582  561  543  515  485  459  428  396  354  326  299  275  259  248
  235  225  208  197  184  184  189  194  197  193  182  174  162  158  161  184
