data/unet/pred3340.15i
     1.0            IONOSPHERE MAPS     GNSS                IONEX VERSION / TYPE
pyspatialgeodesy        IME             05-JAN-18 20:20     PGM / RUN BY / DATE 
Map Name                                                    COMMENT             
Predicted global ionosphere maps (GIM).                     DESCRIPTION         
  2015    11    30     0     0     0                        EPOCH OF FIRST MAP  
  2015    12     1     0     0     0                        EPOCH OF LAST MAP   
  7200                                                      INTERVAL            
    13                                                      # OF MAPS IN FILE   
  NONE                                                      MAPPING FUNCTION    
10.0                                                        ELEVATION CUTOFF    
One-way carrier phase leveled to code                       OBSERVABLES USED    
  6371.0                                                    BASE RADIUS         
 2                                                          MAP DIMENSION       
   450.0 450.0   0.0                                        HGT1 / HGT2 / DHGT  
    87.5 -87.5  -2.5                                        LAT1 / LAT2 / DLAT  
  -180.0 180.0   5.0                                        LON1 / LON2 / DLON  
    -1                                                      EXPONENT            
                                                            END OF HEADER       
[from data line 2145]
     6                                                      START OF TEC MAP    
  2015    11    30    10     0     0                        EPOCH OF CURRENT MAP
    87.5-180.0 180.0   5.0 450.0                            LAT/LON1/LON2/DLON/H
   53   73   62   66   61   62   60   61   59   61   58   59   57   58   55   55
   52   53   50   51   48   49   47   48   45   46   44   45   43   45   43   44
   42   44   43   44   43   45   44   45   45   46   46   46   45   47   45   47
   45   47   45   47   46   47   46   47   47   48   47   49   49   50   50   52
   52   54   54   58   58   59   59   66   53                                   
    85.0-180.0 180.0   5.0 450.0                            LAT/LON1/LON2/DLON/H
   81   75   77   80   78   75   76   75   75   72   72   70   70   67   68   65
   66   63   64   62   63   61   62   61   61   60   61   60   61   61   61   61
   62   62   63   63   63   64   65   66   66   66   66   66   66   65   65   64
   64   63   62   62   62   62   61   61   62   62   62   63   64   65   65   67
   68   69   70   70   70   73   75   72   81                                   
    82.5-180.0 180.0   5.0 450.0                            LAT/LON1/LON2/DLON/H
   72   81   76   79   74   73   71   71   68   67   64   63   59   58   55   54
   52   51   50   51   50   50   51   51   52   52   52   52   52   52   52   52
   53   54   54   55   56   58   59   61   60   62   61   62   60   62   59   59
   57   58   55   56   53   55   53   55   54   57   55   59   58   61   61   64
   64   67   68   69   70   72   70   69   72                                   
    80.0-180.0 180.0   5.0 450.0                            LAT/LON1/LON2/DLON/H
   70   74   67   70   67   66   63   63   60   57   53   51   46   44   40   39
   36   36   34   36   36   38   39   41   42   43   43   43   44   44   46   45
   47   47   50   51   54   55   58   59   61   61   62   61   60   59   57   56
   52   51   48   47   44   44   42   43   41   43   42   45   45   48   47   51
   51   54   55   56   57   59   61   61   70                                   
    77.5-180.0 180.0   5.0 450.0                            LAT/LON1/LON2/DLON/H
   60   64   58   60   57   57   56   55   53   48   45   38   37   29   29   24
   24   22   24   25   28   29   33   34   37   38   40   39   40   40   41   42
   42   46   48   52   54   60   61   65   66   69   68   69   66   67   62   61
   56   55   50   48   43   42   39   38   37   36   37   37   38   39   41   42
   43   44   45   47   48   50   52   41   60                                   
    75.0-180.0 180.0   5.0 450.0                            LAT/LON1/LON2/DLON/H
   51   55   48   54   51   54   52   52   47   45   38   34   26   23   17   18
   14   18   17   23   24   32   32   38   37   41   40   41   40   41   40   42
   42   47   51   56   60   68   72   77   78   82   82   83   79   79   74   72
   66   64   58   55   49   47   42   41   37   38   35   37   35   37   37   39
   37   40   39   41   41   44   46   34   51                                   
    72.5-180.0 180.0   5.0 450.0                            LAT/LON1/LON2/DLON/H
   42   48   44   46   45   47   46   46   43   39   35   28   24   18   16   14
   15   17   21   25   31   36   40   43   46   46   46   44   44   42   42   42
   45   49   55   62   69   77   85   90   94   96   97   96   93   93   87   85
   77   75   67   64   57   54   48   46   42   41   39   39   37   38   36   37
   36   37   37   37   38   38   40   24   42                                   
    70.0-180.0 180.0   5.0 450.0                            LAT/LON1/LON2/DLON/H
   36   41   38   43   42   46   44   46   42   40   33   29   22   19   14   16
   14   21   23   32   34   44   45   51   49   52   48   48   43   43   40   43
   44   52   58   68   76   87   94  102  106  112  111  113  109  108  101   97
   89   86   80   75   69   64   59   54   49   47   44   44   42   42   41   41
   39   39   38   38   38   39   41   26   36                                   
    67.5-180.0 180.0   5.0 450.0                            LAT/LON1/LON2/DLON/H
   31   40   38   40   39   42   43   44   42   40   36   31   26   22   20   19
   21   25   30   36   40   47   50   53   53   52   50   46   43   40   39   40
   45   51   61   71   82   93  104  112  117  121  122  123  121  119  113  107
  100   95   89   83   75   69   63   58   53   50   47   45   44   44   42   43
   41   41   40   39   41   40   41   23   31                                   
    65.0-180.0 180.0   5.0 450.0                            LAT/LON1/LON2/DLON/H
   32   37   37   40   38   43   41   45   42   42   37   35   29   28   24   27
   25   32   34   42   43   50   50   55   51   54   48   47   40   41   38   43
   46   57   65   78   88  104  111  122  124  132  130  132  128  127  120  115
  108  104   98   92   83   76   70   63   58   55   53   52   51   51   50   50
   48   49   47   47   45   45   46   31   32                                   
    62.5-180.0 180.0   5.0 450.0                            LAT/LON1/LON2/DLON/H
   36   43   40   40   38   40   40   43   42   41   39   37   34   31   30   32
   31   34   35   40   41   45   45   48   47   47   44   42   39   38   39   43
   50   59   71   83   95  108  117  125  130  134  136  135  133  129  126  120
  117  109  104   95   87   77   70   64   58   55   52   52   51   52   50   52
   50   51   50   50   50   48   50   34   36                                   
    60.0-180.0 180.0   5.0 450.0                            LAT/LON1/LON2/DLON/H
   43   44   43   41   38   40   39   42   41   43   40   40   37   36   34   36
   34   36   33   37   35   39   37   41   38   42   38   40   37   41   42   50
   56   70   78   95  103  118  124  133  135  139  138  138  133  131  126  124
  119  115  109  101   92   81   74   66   62   57   56   55   55   54   54   53
   53   53   53   55   53   54   54   42   43                                   
    57.5-180.0 180.0   5.0 450.0                            LAT/LON1/LON2/DLON/H
   50   53   46   42   38   36   36   37   38   38   39   38   39   38   39   38
   37   35   33   31   28   28   27   29   29   33   33   36   37   40   46   54
   65   76   88  101  111  121  128  134  137  139  139  138  135  133  133  128
  128  121  117  105   96   85   77   70   64   61   58   57   55   55   53   52
   51   51   52   53   55   54   58   44   50                                   
    55.0-180.0 180.0   5.0 450.0                            LAT/LON1/LON2/DLON/H
   58   57   50   45   39   37   35   37   37   39   39   40   40   41   39   41
   36   35   28   27   19   22   18   24   24   31   32   38   41   49   56   67
   77   91  101  115  122  132  135  140  142  145  143  143  139  140  138  139
  136  132  126  115  105   94   86   78   74   69   68   64   63   59   57   55
   52   53   52   56   55   59   60   52   58                                   
    52.5-180.0 180.0   5.0 450.0                            LAT/LON1/LON2/DLON/H
   64   67   55   50   42   38   36   37   37   38   39   39   40   40   42   41
   41   35   31   25   20   19   18   21   24   30   33   40   45   54   63   75
   88  101  113  122  129  136  141  146  149  150  151  151  150  151  152  150
  150  142  138  125  115  105   97   90   84   81   76   73   69   66   61   58
   55   53   53   55   57   58   64   51   64                                   
    50.0-180.0 180.0   5.0 450.0                            LAT/LON1/LON2/DLON/H
   69   68   61   56   49   45   43   42   42   42   42   43   43   43   45   45
   41   39   31   29   21   24   21   29   29   37   40   48   54   65   74   88
  100  116  125  136  141  148  151  157  158  161  160  163  162  166  164  167
  164  159  152  141  129  118  110  103   99   94   91   87   83   78   73   69
   63   62   58   61   59   63   65   57   69                                   
    47.5-180.0 180.0   5.0 450.0                            LAT/LON1/LON2/DLON/H
   73   77   68   63   55   54   50   51   49   48   47   46   46   46   48   48
   48   43   41   35   34   33   35   39   42   46   50   56   62   71   81   94
  108  122  132  141  149  155  161  166  169  171  173  174  177  177  180  177
  176  169  164  152  143  131  122  115  109  104  102   96   93   87   82   77
   72   69   66   64   63   63   68   58   73                                   
    45.0-180.0 180.0   5.0 450.0                            LAT/LON1/LON2/DLON/H
   75   75   73   69   67   64   63   62   61   59   56   55   54   53   55   55
   54   53   49   50   47   51   51   56   57   62   63   69   72   82   88  104
  114  131  140  151  159  170  175  181  183  185  185  187  186  190  188  188
  183  178  171  163  152  141  132  124  118  113  110  105  102   97   92   88
   82   80   73   73   67   67   70   63   75                                   
    42.5-180.0 180.0   5.0 450.0                            LAT/LON1/LON2/DLON/H
   75   79   75   75   72   73   71   74   71   70   66   64   62   60   62   61
   63   61   62   62   65   67   69   74   75   77   78   81   82   87   94  105
  117  130  142  154  166  178  186  191  193  194  193  194  195  195  195  191
  188  181  177  168  160  148  137  128  120  113  109  104  103   99   96   93
   88   85   82   76   71   68   71   63   75                                   
    40.0-180.0 180.0   5.0 450.0                            LAT/LON1/LON2/DLON/H
   74   71   75   75   77   79   81   83   82   81   77   76   73   72   72   72
   73   74   75   79   82   85   88   90   89   91   90   93   94  100  101  112
  120  135  147  164  179  194  201  207  206  208  202  202  198  200  196  194
  188  183  177  171  163  153  141  132  122  114  109  105  103  102   98   98
   93   92   84   82   73   70   70   63   74                                   
    37.5-180.0 180.0   5.0 450.0                            LAT/LON1/LON2/DLON/H
   68   69   69   73   73   80   81   87   86   87   84   83   82   79   79   77
   80   80   85   88   93   98   99   99   97   97   98  101  103  108  109  116
  123  137  153  170  190  205  216  219  218  215  209  207  204  203  200  196
  192  186  182  176  170  158  147  133  123  112  107  101  101   99   98   97
   93   91   88   80   74   68   68   59   68                                   
    35.0-180.0 180.0   5.0 450.0                            LAT/LON1/LON2/DLON/H
   66   58   63   63   69   73   81   84   88   89   90   90   89   88   87   86
   87   89   92   98  103  106  105  104  100  103  104  112  116  122  124  131
  137  152  167  189  207  225  234  239  233  229  220  218  213  213  209  205
  200  198  193  190  182  173  161  148  135  123  114  105  102  100   98   98
   94   94   86   83   73   69   66   55   66                                   
    32.5-180.0 180.0   5.0 450.0                            LAT/LON1/LON2/DLON/H
   58   54   51   53   55   64   68   77   80   86   87   90   91   89   90   88
   89   92   95  101  104  106  102   98   95   98  105  116  124  134  138  144
  152  166  183  206  226  242  253  254  252  245  238  233  230  228  227  222
  221  217  217  211  207  196  184  171  158  145  133  122  115  110  104  102
   97   94   89   81   74   67   65   54   58                                   
    30.0-180.0 180.0   5.0 450.0                            LAT/LON1/LON2/DLON/H
   55   42   43   41   43   50   58   65   72   79   83   88   90   90   92   91
   92   94   97  101  104  105  100   97   95   99  109  124  139  152  158  166
  175  189  206  230  249  264  272  277  271  270  264  261  257  257  255  253
  250  249  247  245  238  230  219  207  194  181  167  154  144  134  125  119
  110  107   95   90   77   72   65   51   55                                   
    27.5-180.0 180.0   5.0 450.0                            LAT/LON1/LON2/DLON/H
   54   50   41   40   37   43   47   56   61   70   75   82   85   87   90   90
   91   93   94   98   97   96   91   87   87   94  108  127  148  164  174  182
  194  209  228  250  269  282  292  294  296  294  296  294  297  294  298  293
  296  292  293  286  280  272  261  251  238  226  211  197  183  170  158  148
  136  126  115  102   93   85   75   56   54                                   
    25.0-180.0 180.0   5.0 450.0                            LAT/LON1/LON2/DLON/H
   56   51   45   38   34   38   40   47   53   61   68   74   79   81   85   86
   88   89   91   93   93   90   87   84   87   95  112  134  159  177  189  203
  216  232  251  269  284  297  304  312  314  320  327  334  339  344  346  346
  346  347  346  344  338  331  319  307  292  278  262  245  228  210  197  186
  170  160  142  129  111  104   90   68   56                                   
    22.5-180.0 180.0   5.0 450.0                            LAT/LON1/LON2/DLON/H
   68   73   58   51   42   42   42   45   47   55   59   67   71   75   78   82
   84   85   86   86   84   81   79   79   84   94  112  134  159  178  198  213
  232  249  267  285  300  310  318  328  335  347  362  373  386  388  396  393
  399  398  402  396  393  384  375  362  351  335  317  294  274  253  237  223
  211  198  180  159  139  125  109   86   68                                   
    20.0-180.0 180.0   5.0 450.0                            LAT/LON1/LON2/DLON/H
   80   87   75   64   55   50   45   47   47   51   53   59   63   66   71   73
   77   78   79   80   78   78   77   81   86   97  115  135  159  180  202  224
  245  263  279  297  306  318  326  342  353  372  390  407  422  431  441  445
  449  452  451  446  441  437  426  418  406  390  369  344  320  293  273  258
  246  235  216  194  169  154  132  106   80                                   
    17.5-180.0 180.0   5.0 450.0                            LAT/LON1/LON2/DLON/H
  102  110   96   88   76   66   58   52   53   53   52   55   56   62   63   68
   71   74   74   75   72   73   74   79   88   97  113  130  153  173  202  225
  252  270  291  306  318  326  337  355  370  392  413  432  450  459  477  477
  490  484  486  474  473  465  458  450  442  423  401  374  351  325  306  286
  275  260  247  222  197  175  158  130  102                                   
    15.0-180.0 180.0   5.0 450.0                            LAT/LON1/LON2/DLON/H
  122  125  114  104   98   82   74   62   61   58   56   54   55   55   58   61
   65   68   69   71   70   73   74   82   90  101  114  132  152  175  205  234
  257  279  300  316  325  334  347  365  387  412  435  455  472  486  494  504
  507  508  504  497  491  487  482  476  468  447  424  393  369  341  324  303
  294  281  268  245  220  199  180  158  122                                   
    12.5-180.0 180.0   5.0 450.0                            LAT/LON1/LON2/DLON/H
  144  144  128  126  112  102   89   77   73   67   63   58   53   55   56   61
   64   67   68   71   72   75   79   84   93  102  118  132  155  177  209  234
  261  286  310  326  335  345  356  380  401  428  445  467  480  489  502  504
  511  502  505  492  490  483  480  476  468  449  424  396  372  345  326  308
  298  285  276  256  235  212  194  177  144                                   
    10.0-180.0 180.0   5.0 450.0                            LAT/LON1/LON2/DLON/H
  158  150  137  133  124  109  102   88   85   76   71   62   61   55   57   57
   61   63   67   70   73   78   81   89   97  110  127  145  166  188  219  243
  268  298  322  338  343  352  366  389  413  436  453  474  481  495  496  502
  499  495  493  485  485  479  479  471  464  443  422  392  369  341  321  301
  291  281  273  258  242  221  203  193  158                                   
     7.5-180.0 180.0   5.0 450.0                            LAT/LON1/LON2/DLON/H
  169  156  143  143  126  119  107   99   93   85   80   71   65   60   59   59
   61   64   68   73   78   81   85   90  103  117  139  155  179  200  227  247
