data/unet/pred0570.15i
     1.0            IONOSPHERE MAPS     GNSS                IONEX VERSION / TYPE
pyspatialgeodesy        IME             05-JAN-18 20:20     PGM / RUN BY / DATE 
Map Name                                                    COMMENT             
Predicted global ionosphere maps (GIM).                     DESCRIPTION         
  2015     2    26     0     0     0                        EPOCH OF FIRST MAP  
  2015     2    27     0     0     0                        EPOCH OF LAST MAP   
  7200                                                      INTERVAL            
    13                                                      # OF MAPS IN FILE   
  NONE                                                      MAPPING FUNCTION    
10.0                                                        ELEVATION CUTOFF    
One-way carrier phase leveled to code                       OBSERVABLES USED    
  6371.0                                                    BASE RADIUS         
 2                                                          MAP DIMENSION       
   450.0 450.0   0.0                                        HGT1 / HGT2 / DHGT  
    87.5 -87.5  -2.5                                        LAT1 / LAT2 / DLAT  
  -180.0 180.0   5.0                                        LON1 / LON2 / DLON  
    -1                                                      EXPONENT            
                                                            END OF HEADER       
[from data line 858]
     3                                                      START OF TEC MAP    
  2015     2    26     4     0     0                        EPOCH OF CURRENT MAP
    87.5-180.0 180.0   5.0 450.0                            LAT/LON1/LON2/DLON/H
  102  121  104  102  101   97   98   97   99   98   98   98   98   98   98   98
   98   98   97   96   96   96   95   93   94   93   93   90   92   89   90   87
   90   87   90   86   90   88   91   88   93   91   94   93   97   96   99   98
  101  100  102  101  103  103  105  106  107  108  109  111  111  113  112  114
  113  114  112  114  114  113  128  114  102                                   
    85.0-180.0 180.0   5.0 450.0                            LAT/LON1/LON2/DLON/H
  132  121  101  105  101   98   95   96   96   97   95   97   96   98   96   99
   97   99   95   97   94   95   90   92   88   89   84   86   82   84   80   82
   80   82   80   82   82   84   84   87   88   90   91   93   94   97   97  101
  101  105  105  108  109  113  113  117  119  121  124  125  128  129  130  129
  130  129  128  127  127  120  131  134  132                                   
    82.5-180.0 180.0   5.0 450.0                            LAT/LON1/LON2/DLON/H
  126  105  107  108  100   98   94   96   95   97   96   98   98  100   98  101
   99  100   96   96   93   91   86   83   79   75   71   67   65   62   62   60
   61   61   63   64   67   69   71   74   76   80   82   86   89   93   95  100
  103  106  110  113  117  120  125  128  133  134  139  139  144  143  147  144
  146  141  142  136  138  131  140  127  126                                   
    80.0-180.0 180.0   5.0 450.0                            LAT/LON1/LON2/DLON/H
  138  121  117  112  104   99   97   96   96   97   98  100  102  103  104  105
  105  104  102  101   97   94   89   86   79   75   67   66   60   60   57   59
   58   61   62   67   69   74   76   81   83   87   89   93   96  100  103  108
  114  119  127  131  138  141  149  150  158  159  167  166  173  171  175  174
  175  172  169  167  161  152  150  142  138                                   
    77.5-180.0 180.0   5.0 450.0                            LAT/LON1/LON2/DLON/H
  148  127  123  115  102   95   90   89   88   89   90   94   95   99  100  103
  102  102  100   98   93   90   84   79   73   68   63   59   55   54   53   54
   55   59   61   66   69   74   77   81   85   88   91   94   96  100  105  111
  120  127  138  144  152  157  165  170  177  183  188  193  197  200  201  202
  201  199  196  193  189  179  169  156  148                                   
    75.0-180.0 180.0   5.0 450.0                            LAT/LON1/LON2/DLON/H
  157  142  133  121  107   97   92   88   87   86   88   89   92   93   97   96
   98   96   96   92   90   85   81   75   70   64   60   57   54   53   52   53
   55   58   62   66   70   74   77   80   84   85   89   92   94   98  102  111
  119  130  142  149  159  165  178  183  194  196  205  205  211  214  216  220
  219  221  216  215  208  198  187  173  157                                   
    72.5-180.0 180.0   5.0 450.0                            LAT/LON1/LON2/DLON/H
  175  156  149  133  112  100   93   89   85   84   84   85   86   88   89   91
   91   91   91   89   87   84   81   75   71   66   63   60   58   57   58   58
   59   61   64   67   70   74   77   79   82   83   86   87   90   93  100  108
  122  132  148  155  167  177  191  199  208  212  216  217  219  221  224  227
  230  231  233  230  229  218  209  191  175                                   
    70.0-180.0 180.0   5.0 450.0                            LAT/LON1/LON2/DLON/H
  187  177  166  149  126  112  103   97   93   90   88   86   87   84   86   83
   86   83   86   83   87   83   84   78   78   72   71   66   67   64   66   64
   66   66   69   69   71   72   74   76   78   78   81   83   85   89   95  108
  120  137  152  165  179  191  208  213  222  223  226  225  227  225  227  228
  230  234  236  240  240  231  224  208  187                                   
    67.5-180.0 180.0   5.0 450.0                            LAT/LON1/LON2/DLON/H
  207  194  183  167  141  124  112  106   99   96   90   88   84   83   79   79
   78   78   80   82   85   86   87   86   84   81   79   76   74   73   71   71
   70   70   69   70   69   69   70   71   73   72   75   75   79   82   92  105
  121  137  157  171  190  205  221  229  235  236  235  232  230  227  225  224
  227  230  236  241  248  245  236  224  207                                   
    65.0-180.0 180.0   5.0 450.0                            LAT/LON1/LON2/DLON/H
  217  210  199  181  158  139  125  116  109  104   99   94   89   82   78   74
   75   73   77   80   86   88   91   90   89   87   85   82   81   77   76   72
   72   69   67   65   63   63   62   63   64   65   66   68   71   77   88  105
  121  141  159  179  199  217  235  242  249  249  246  239  235  228  225  222
  224  229  234  242  250  251  244  235  217                                   
    62.5-180.0 180.0   5.0 450.0                            LAT/LON1/LON2/DLON/H
  229  219  209  195  170  151  134  124  114  109  102   98   89   84   76   76
   73   75   77   83   87   91   93   94   92   91   88   87   83   81   76   73
   68   65   60   57   55   54   54   54   56   56   59   61   67   73   87  104
  123  141  165  184  209  227  244  252  261  259  255  248  243  235  227  223
  223  226  233  239  252  255  250  243  229                                   
    60.0-180.0 180.0   5.0 450.0                            LAT/LON1/LON2/DLON/H
  233  225  217  201  178  159  142  128  119  112  106   99   93   85   78   77
   77   78   82   85   91   91   94   92   92   88   86   81   80   75   72   66
   63   57   54   50   48   47   47   48   50   52   55   59   65   72   87  105
  125  146  168  193  219  238  255  262  272  272  268  261  257  247  240  232
  230  230  235  242  251  253  249  243  233                                   
    57.5-180.0 180.0   5.0 450.0                            LAT/LON1/LON2/DLON/H
  239  229  222  209  182  164  144  130  118  112  103   98   90   86   80   80
   80   83   84   87   89   91   91   90   88   84   80   76   72   69   64   61
   56   53   48   46   45   44   46   46   51   52   57   60   68   77   93  112
  132  151  179  203  230  248  265  275  288  287  286  281  277  270  260  251
  245  241  243  246  255  255  250  245  239                                   
    55.0-180.0 180.0   5.0 450.0                            LAT/LON1/LON2/DLON/H
  244  236  230  213  188  169  146  130  118  110  103   97   92   87   83   84
   86   87   89   88   91   88   89   84   83   76   73   67   66   61   61   55
   55   51   50   47   49   48   50   51   55   57   63   65   74   85  102  119
  140  160  188  216  242  260  278  290  304  308  309  306  305  299  290  279
  269  261  258  259  262  256  250  245  244                                   
    52.5-180.0 180.0   5.0 450.0                            LAT/LON1/LON2/DLON/H
  255  244  239  224  194  175  149  133  116  109  100   95   90   88   85   88
   89   90   88   87   85   84   81   80   76   70   66   62   60   58   57   55
   54   54   54   53   56   57   60   61   65   67   73   76   85   97  113  131
  151  171  202  228  253  272  293  306  323  328  334  334  335  330  321  309
  297  284  277  270  272  265  256  253  255                                   
    50.0-180.0 180.0   5.0 450.0                            LAT/LON1/LON2/DLON/H
  265  253  252  233  207  185  158  138  121  111  102   96   92   89   88   90
   92   90   88   84   84   79   80   76   74   68   66   61   62   58   61   58
   61   60   64   64   69   69   73   74   77   79   84   87   97  110  127  143
  161  185  215  242  266  285  306  319  336  346  353  356  357  355  346  335
  320  307  295  286  283  271  263  259  265                                   
    47.5-180.0 180.0   5.0 450.0                            LAT/LON1/LON2/DLON/H
  281  264  261  248  221  201  171  151  129  118  104   98   92   92   90   92
   91   90   85   82   79   79   78   79   76   73   70   66   66   64   66   66
   68   69   74   76   82   83   87   88   91   93   96   99  111  123  140  156
  177  201  232  256  279  297  316  330  345  354  361  364  368  367  361  350
  338  322  310  297  296  283  273  272  281                                   
    45.0-180.0 180.0   5.0 450.0                            LAT/LON1/LON2/DLON/H
  291  272  268  256  237  215  189  166  143  127  114  104  100   95   94   92
   92   87   83   80   81   82   85   83   85   80   79   73   76   71   76   74
   77   79   84   88   93   96   99  101  101  103  104  109  122  136  151  170
  191  217  246  270  292  311  328  340  355  362  366  369  369  370  362  356
  343  332  319  310  308  292  286  282  291                                   
    42.5-180.0 180.0   5.0 450.0                            LAT/LON1/LON2/DLON/H
  303  277  273  266  248  233  205  186  159  142  124  115  105  102   96   94
   89   86   83   84   86   92   94   96   96   94   92   88   88   85   86   85
   86   89   92   97  102  106  108  111  110  110  112  118  132  146  163  183
  207  232  260  283  306  325  339  350  360  363  364  365  368  367  362  356
  346  335  326  319  318  303  296  295  303                                   
    40.0-180.0 180.0   5.0 450.0                            LAT/LON1/LON2/DLON/H
  309  283  273  265  255  242  220  200  175  154  138  125  118  110  104   97
   94   89   90   93  100  106  111  110  111  105  105  100  101   96   97   94
   95   96  100  104  109  113  115  116  114  115  116  125  139  155  174  195
  219  246  271  296  318  337  351  361  369  371  367  368  367  368  362  358
  352  345  340  335  332  317  307  301  309                                   
    37.5-180.0 180.0   5.0 450.0                            LAT/LON1/LON2/DLON/H
  314  283  273  266  254  246  226  211  186  170  149  140  128  123  113  109
  103  101  102  108  116  122  125  124  122  118  115  112  110  107  104  101
   99  100  102  105  110  115  117  119  118  118  123  132  148  162  184  203
  229  254  280  304  327  346  360  371  378  376  374  374  377  377  372  371
  367  364  360  356  353  338  319  313  314                                   
    35.0-180.0 180.0   5.0 450.0                            LAT/LON1/LON2/DLON/H
  320  288  270  258  249  242  227  212  192  176  160  148  140  131  126  119
  117  115  120  126  137  140  142  137  133  126  124  121  121  118  114  110
  107  104  104  105  109  113  114  117  119  121  126  138  155  174  193  211
  236  261  288  311  334  351  369  380  389  389  387  389  397  403  404  408
  410  407  404  399  392  373  346  331  320                                   
    32.5-180.0 180.0   5.0 450.0                            LAT/LON1/LON2/DLON/H
  338  298  273  257  241  236  219  209  189  180  163  155  144  140  132  130
  127  131  136  144  151  152  150  143  138  133  131  131  131  129  126  120
  114  109  106  105  106  109  113  117  120  122  131  141  161  179  201  217
  243  267  297  320  342  362  378  391  403  403  406  413  429  442  452  462
  467  469  464  458  448  428  381  366  338                                   
    30.0-180.0 180.0   5.0 450.0                            LAT/LON1/LON2/DLON/H
  373  321  291  262  246  235  218  204  188  176  165  156  151  143  141  136
  140  139  150  154  162  158  155  147  143  141  144  146  148  145  140  133
  126  117  112  107  106  106  109  113  116  121  129  142  163  185  206  224
  247  271  300  326  352  376  398  413  424  432  432  447  468  494  512  533
  543  550  547  541  526  496  446  418  373                                   
    27.5-180.0 180.0   5.0 450.0                            LAT/LON1/LON2/DLON/H
  433  381  331  289  263  250  225  210  188  178  162  159  150  149  141  142
  142  147  154  159  163  159  155  150  152  157  163  170  171  167  160  151
  142  135  124  116  110  108  110  113  117  121  130  142  166  188  214  233
  256  281  309  339  363  394  419  441  455  468  473  497  531  567  598  622
  639  646  641  632  613  582  527  497  433                                   
    25.0-180.0 180.0   5.0 450.0                            LAT/LON1/LON2/DLON/H
  531  475  416  360  313  280  250  224  199  182  170  160  157  148  146  140
  144  144  152  154  159  156  155  158  166  179  190  196  202  196  188  175
  169  157  146  132  122  112  110  105  110  113  125  140  161  188  213  236
  260  288  317  348  376  408  443  468  490  506  517  549  588  645  688  730
  748  762  755  745  720  684  639  590  531                                   
    22.5-180.0 180.0   5.0 450.0                            LAT/LON1/LON2/DLON/H
  623  573  511  451  391  341  291  258  229  206  187  176  167  158  150  144
  143  142  145  145  152  152  159  170  186  207  218  232  235  231  219  210
  195  183  165  151  134  118  112  106  105  109  120  138  163  194  222  250
  273  305  333  366  393  435  470  502  523  543  561  600  648  709  765  809
  835  854  858  848  827  791  746  683  623                                   
    20.0-180.0 180.0   5.0 450.0                            LAT/LON1/LON2/DLON/H
  725  681  619  545  486  432  376  332  284  253  228  209  196  181  171  158
  156  147  148  146  152  160  174  195  219  242  255  263  264  255  245  232
  217  193  177  159  140  124  112  100   98  100  113  133  165  197  229  257
  289  322  353  387  423  470  510  543  567  589  612  649  694  755  807  850
  877  896  909  911  906  882  833  782  725                                   
    17.5-180.0 180.0   5.0 450.0                            LAT/LON1/LON2/DLON/H
  794  777  713  646  579  521  459  413  366  328  287  260  244  226  210  193
  183  168  163  159  164  176  198  227  256  288  290  297  279  271  253  241
  218  199  179  166  146  129  116  103   95   97  109  133  168  207  243  275
  308  344  376  418  459  511  546  583  607  637  654  693  731  781  821  861
  884  909  924  931  933  925  877  843  794                                   
    15.0-180.0 180.0   5.0 450.0                            LAT/LON1/LON2/DLON/H
  845  849  788  728  660  601  548  501  452  417  374  346  309  286  260  246
  231  217  205  197  197  210  233  271  303  325  325  311  295  273  258  237
  217  197  182  167  147  133  115   99   91   92  105  133  170  212  254  287
  325  360  398  448  491  542  581  617  647  671  699  731  758  797  825  854
  875  894  914  921  929  925  889  881  845                                   
    12.5-180.0 180.0   5.0 450.0                            LAT/LON1/LON2/DLON/H
  857  872  840  787  724  675  623  583  533  493  451  420  385  357  328  310
  291  277  257  249  244  258  284  324  352  366  353  332  298  274  252  230
  211  194  179  168  153  138  122  104   93   93  106  135  175  222  263  300
  341  379  423  473  522  565  604  640  669  700  723  743  766  786  808  819
  834  849  871  877  897  896  878  882  857                                   
    10.0-180.0 180.0   5.0 450.0                            LAT/LON1/LON2/DLON/H
  843  855  838  812  766  727  683  648  602  562  518  483  450  429  401  388
  358  346  323  317  308  327  349  377  393  389  371  330  301  270  247  219
  200  187  174  168  153  140  121  104   93   93  106  138  177  225  266  306
  346  391  433  486  529  570  605  637  673  705  724  747  762  778  791  797
  805  816  834  845  861  864  865  873  843                                   
     7.5-180.0 180.0   5.0 450.0                            LAT/LON1/LON2/DLON/H
  815  819  818  799  781  749  720  689  650  611  571  534  503  479  461  451
  435  415  394  380  376  387  407  419  417  401  369  333  293  267  237  216
