data/unet/pred3090.15i
     1.0            IONOSPHERE MAPS     GNSS                IONEX VERSION / TYPE
pyspatialgeodesy        IME             05-JAN-18 20:20     PGM / RUN BY / DATE 
Map Name                                                    COMMENT             
Predicted global ionosphere maps (GIM).                     DESCRIPTION         
  2015    11     5     0     0     0                        EPOCH OF FIRST MAP  
  2015    11     6     0     0     0                        EPOCH OF LAST MAP   
  7200                                                      INTERVAL            
    13                                                      # OF MAPS IN FILE   
  NONE                                                      MAPPING FUNCTION    
10.0                                                        ELEVATION CUTOFF    
One-way carrier phase leveled to code                       OBSERVABLES USED    
  6371.0                                                    BASE RADIUS         
 2                                                          MAP DIMENSION       
   450.0 450.0   0.0                                        HGT1 / HGT2 / DHGT  
    87.5 -87.5  -2.5                                        LAT1 / LAT2 / DLAT  
  -180.0 180.0   5.0                                        LON1 / LON2 / DLON  
    -1                                                      EXPONENT            
                                                            END OF HEADER       
[from data line 4290]
    11                                                      START OF TEC MAP    
  2015    11     5    20     0     0                        EPOCH OF CURRENT MAP
    87.5-180.0 180.0   5.0 450.0                            LAT/LON1/LON2/DLON/H
  123   94   74   81   79   80   78   80   79   80   79   81   79   81   79   80
   78   80   78   79   77   79   77   78   76   77   76   76   75   75   74   74
   73   73   72   71   71   70   69   68   67   67   66   66   65   65   63   64
   63   64   63   64   64   65   64   66   65   67   66   68   67   69   68   70
   70   72   71   72   75   76   71  114  123                                   
    85.0-180.0 180.0   5.0 450.0                            LAT/LON1/LON2/DLON/H
   69   68   67   71   73   72   74   74   76   76   77   78   79   79   80   80
   80   79   79   78   78   76   76   74   74   72   72   70   70   68   68   66
   66   64   65   62   64   61   62   59   61   58   60   57   60   57   60   57
   60   57   60   58   61   59   61   60   62   61   62   61   63   62   63   62
   63   63   64   64   67   66   66   83   69                                   
    82.5-180.0 180.0   5.0 450.0                            LAT/LON1/LON2/DLON/H
   65   64   64   68   68   70   71   74   76   79   80   83   83   86   86   87
   86   87   86   86   84   84   81   81   78   78   74   75   70   71   67   68
   65   66   63   65   62   63   60   62   59   60   57   58   55   57   55   57
   55   57   55   57   56   58   57   58   58   58   57   58   57   57   56   57
   56   57   56   57   58   57   58   62   65                                   
    80.0-180.0 180.0   5.0 450.0                            LAT/LON1/LON2/DLON/H
   66   59   59   60   64   63   70   70   76   76   81   81   86   86   89   88
   90   89   89   88   86   85   83   82   79   77   75   73   71   70   68   67
   66   65   65   64   64   63   63   61   60   58   58   55   55   53   54   52
   54   52   54   53   55   53   55   53   55   53   54   52   53   51   52   50
   51   49   50   48   51   49   51   54   66                                   
    77.5-180.0 180.0   5.0 450.0                            LAT/LON1/LON2/DLON/H
   60   56   54   59   59   63   66   71   74   78   81   85   88   90   92   94
   94   94   94   93   91   89   88   85   82   78   77   74   72   70   69   68
   67   67   67   67   66   67   66   65   62   61   59   57   55   54   53   53
   53   54   55   55   56   56   56   56   55   54   54   52   51   50   49   48
   46   46   45   45   45   45   46   46   60                                   
    75.0-180.0 180.0   5.0 450.0                            LAT/LON1/LON2/DLON/H
   55   51   53   59   62   66   70   73   77   81   85   88   92   93   96   96
   98   97   98   96   96   93   92   88   85   82   79   76   73   71   70   69
   68   70   70   71   70   72   70   70   66   65   61   59   56   55   54   54
   54   55   57   57   58   58   58   58   57   56   55   53   52   50   49   47
   46   45   45   43   44   43   47   51   55                                   
    72.5-180.0 180.0   5.0 450.0                            LAT/LON1/LON2/DLON/H
   53   53   53   60   61   67   69   75   78   84   87   91   94   97   98  100
  101  101  102  102  101   99   97   94   90   87   83   79   76   74   72   72
   71   73   73   74   73   75   73   72   68   66   60   59   53   55   51   54
   53   57   57   60   60   62   60   60   59   58   56   54   52   50   48   47
   45   44   43   42   42   43   47   51   53                                   
    70.0-180.0 180.0   5.0 450.0                            LAT/LON1/LON2/DLON/H
   51   50   55   62   66   70   75   78   83   86   90   93   97   98  101  101
  102  102  104  104  105  103  102   98   95   89   86   80   77   72   71   69
   70   70   72   73   73   73   71   69   65   61   56   53   50   49   48   50
   52   55   57   59   60   60   60   59   58   57   55   53   51   48   47   44
   44   42   42   40   42   42   46   56   51                                   
    67.5-180.0 180.0   5.0 450.0                            LAT/LON1/LON2/DLON/H
   51   54   56   65   67   74   77   83   86   91   95   99  101  104  105  106
  106  107  109  111  111  110  109  105  100   93   87   81   75   72   69   68
   66   67   66   67   66   66   64   62   58   54   49   46   42   43   42   46
   46   52   52   56   55   57   56   56   54   53   51   49   47   45   43   42
   39   39   38   39   39   40   43   55   51                                   
    65.0-180.0 180.0   5.0 450.0                            LAT/LON1/LON2/DLON/H
   49   52   57   66   71   76   82   86   91   96  101  104  108  109  111  111
  111  112  114  116  117  116  115  109  104   96   88   80   74   68   65   62
   61   59   59   59   59   58   57   54   50   46   41   39   35   36   36   40
   41   46   48   50   50   50   50   48   48   47   46   44   42   40   39   37
   35   35   35   34   37   36   42   59   49                                   
    62.5-180.0 180.0   5.0 450.0                            LAT/LON1/LON2/DLON/H
   48   55   56   68   71   80   83   91   96  103  108  112  116  118  120  119
  119  120  123  124  126  126  123  118  110  101   90   81   73   68   63   59
   57   53   51   49   50   47   46   43   41   37   34   31   30   29   30   33
   35   39   39   42   40   41   39   39   39   39   38   38   36   35   32   31
   29   29   29   30   32   33   39   56   48                                   
    60.0-180.0 180.0   5.0 450.0                            LAT/LON1/LON2/DLON/H
   49   54   59   68   75   81   87   93  100  106  113  119  124  126  127  127
  127  128  130  133  134  134  131  125  116  106   95   86   78   71   66   62
   58   53   49   46   44   40   39   37   36   34   31   30   29   29   29   32
   32   35   34   36   34   33   32   32   33   33   34   34   33   32   30   29
   28   28   30   29   34   33   41   58   49                                   
    57.5-180.0 180.0   5.0 450.0                            LAT/LON1/LON2/DLON/H
   55   60   61   73   77   86   91   98  105  113  121  128  133  135  138  137
  139  138  142  143  146  145  143  135  125  114  103   94   87   81   76   70
   66   57   52   42   41   34   36   32   35   32   33   32   33   32   32   33
   33   34   32   32   30   29   28   29   30   33   33   34   33   33   31   30
   30   30   33   33   36   36   44   57   55                                   
    55.0-180.0 180.0   5.0 450.0                            LAT/LON1/LON2/DLON/H
   62   70   72   82   88   94  100  106  112  120  128  135  140  143  145  146
  146  148  150  153  154  155  152  146  138  128  118  109  104   98   95   88
   82   71   61   51   46   39   38   37   40   39   41   42   42   41   40   40
   38   38   35   34   30   30   30   31   33   36   38   38   38   37   37   35
   37   37   42   43   48   48   56   67   62                                   
    52.5-180.0 180.0   5.0 450.0                            LAT/LON1/LON2/DLON/H
   81   88   85   95  101  107  112  116  124  131  140  145  151  153  155  155
  158  158  162  162  166  165  166  159  153  144  135  128  123  118  115  107
  101   85   76   60   57   47   48   45   50   49   53   53   55   53   52   49
   48   46   42   40   37   36   37   38   41   44   46   46   45   44   44   42
   45   46   53   55   61   62   70   79   81                                   
    50.0-180.0 180.0   5.0 450.0                            LAT/LON1/LON2/DLON/H
   99  106  108  117  123  127  132  136  142  146  153  156  159  161  162  164
  165  167  168  172  173  175  175  172  168  161  156  147  146  136  134  123
  114   96   85   72   66   58   59   57   61   61   65   66   68   66   64   62
   59   58   54   52   49   48   48   51   53   56   57   56   56   54   55   54
   58   60   68   71   79   82   92  101   99                                   
    47.5-180.0 180.0   5.0 450.0                            LAT/LON1/LON2/DLON/H
  125  130  135  145  151  154  157  160  165  168  173  175  176  176  176  177
  177  178  180  181  185  186  189  188  186  183  177  170  162  154  147  136
  124  105   95   81   78   70   71   68   72   71   75   76   78   75   74   71
   70   68   67   64   62   61   62   63   66   67   67   65   65   63   63   62
   65   66   75   81   92   99  109  120  125                                   
    45.0-180.0 180.0   5.0 450.0                            LAT/LON1/LON2/DLON/H
  144  154  164  173  180  183  185  187  190  192  195  194  194  191  190  190
  190  191  192  193  195  198  201  203  204  201  196  183  176  158  151  132
  122  102   94   84   83   79   80   78   79   78   81   83   85   83   81   79
   78   79   78   77   75   75   75   77   78   78   77   75   74   72   72   72
   74   76   86   94  107  117  130  142  144                                   
    42.5-180.0 180.0   5.0 450.0                            LAT/LON1/LON2/DLON/H
  164  175  186  198  205  208  211  213  215  218  220  219  215  212  208  209
  208  209  208  209  210  213  216  220  221  219  211  198  181  164  148  130
  117  100   92   86   88   87   89   85   85   82   85   86   88   85   84   82
   83   84   85   84   84   82   83   83   84   82   81   77   78   75   75   72
   74   74   83   94  110  125  139  156  164                                   
    40.0-180.0 180.0   5.0 450.0                            LAT/LON1/LON2/DLON/H
  178  195  208  218  228  232  236  237  241  242  243  241  238  233  229  229
  228  228  226  225  225  226  230  234  237  230  223  201  184  155  140  118
  108   94   90   89   94   97   98   94   89   85   86   88   89   86   84   82
   84   86   88   88   88   87   88   88   89   85   84   80   81   80   79   77
   77   77   86   96  116  133  151  167  178                                   
    37.5-180.0 180.0   5.0 450.0                            LAT/LON1/LON2/DLON/H
  187  203  215  228  241  245  252  255  258  262  263  262  259  256  251  251
  247  246  243  243  240  242  244  248  248  242  230  207  182  155  135  119
  108   98   96   97  104  108  110  102   96   89   90   90   91   86   84   80
   83   84   87   87   87   87   87   88   88   86   83   81   80   78   76   72
   70   67   78   88  111  130  150  171  187                                   
    35.0-180.0 180.0   5.0 450.0                            LAT/LON1/LON2/DLON/H
  194  216  229  239  252  258  267  269  273  275  276  276  274  273  270  268
  266  264  261  261  259  259  259  260  259  249  236  208  183  153  139  125
  120  114  114  117  124  127  125  117  107   97   95   95   95   89   85   81
   82   84   85   86   85   86   87   88   88   86   84   82   82   82   79   75
   72   72   81   93  114  136  160  175  194                                   
    32.5-180.0 180.0   5.0 450.0                            LAT/LON1/LON2/DLON/H
  202  219  231  248  260  268  272  278  280  283  282  283  283  285  283  283
  279  279  277  278  276  276  272  270  266  258  244  219  196  173  162  154
  153  148  146  146  151  150  146  134  123  110  106  103  101   94   89   83
   83   83   83   82   82   84   85   88   87   87   83   83   82   84   81   76
   71   69   80   90  115  135  163  179  202                                   
    30.0-180.0 180.0   5.0 450.0                            LAT/LON1/LON2/DLON/H
  216  237  251  265  276  283  285  288  287  288  287  288  288  290  291  290
  290  290  290  291  291  287  283  275  273  263  253  231  216  197  195  193
  195  188  183  178  178  174  166  154  141  129  121  117  112  103   97   90
   88   86   84   82   82   85   88   91   92   90   88   87   87   89   88   84
   82   80   92  105  129  152  185  194  216                                   
    27.5-180.0 180.0   5.0 450.0                            LAT/LON1/LON2/DLON/H
  242  259  276  290  300  307  306  305  298  294  290  291  291  293  293  294
  292  295  296  300  301  298  290  283  279  275  269  257  252  245  251  255
  257  247  233  218  210  202  193  176  162  147  139  130  123  114  106   99
   95   92   87   84   82   85   89   93   95   94   93   93   91   93   91   89
   86   87   99  114  141  168  199  222  242                                   
    25.0-180.0 180.0   5.0 450.0                            LAT/LON1/LON2/DLON/H
  266  287  310  330  339  343  336  332  318  311  298  298  296  297  296  295
  296  298  303  306  309  303  297  287  289  287  293  291  299  305  320  328
  330  309  283  256  235  222  210  197  180  168  157  148  138  129  120  114
  109  104   98   93   90   93   96   99   99   98   96   95   93   96   95   94
   95   99  115  134  161  194  233  257  266                                   
    22.5-180.0 180.0   5.0 450.0                            LAT/LON1/LON2/DLON/H
  291  315  343  366  383  388  380  369  356  342  328  317  312  308  303  301
  300  303  307  313  314  310  304  300  304  312  325  337  354  369  387  397
  397  373  337  293  263  243  231  216  202  186  175  161  151  139  132  127
  121  117  108  103   99   99  101  103  101   99   95   92   91   92   92   95
  100  107  125  146  178  213  249  283  291                                   
    20.0-180.0 180.0   5.0 450.0                            LAT/LON1/LON2/DLON/H
  310  332  368  396  419  430  428  419  406  393  374  355  342  326  318  314
  312  312  317  318  321  316  317  314  327  341  365  381  403  418  442  446
  440  408  367  319  282  259  242  231  216  204  190  179  166  156  149  145
  140  134  127  118  112  110  109  111  107  103   96   93   89   94   92  101
  104  117  139  165  198  233  276  297  310                                   
    17.5-180.0 180.0   5.0 450.0                            LAT/LON1/LON2/DLON/H
  322  343  384  413  446  464  473  470  469  453  434  410  391  368  351  339
  335  332  332  330  334  332  335  340  356  377  400  422  447  468  481  479
  465  429  382  331  299  271  260  248  237  223  211  195  182  169  163  158
  153  147  139  130  122  117  116  114  111  104   97   92   88   90   92  101
  108  122  143  175  209  247  280  312  322                                   
    15.0-180.0 180.0   5.0 450.0                            LAT/LON1/LON2/DLON/H
  333  354  396  431  465  491  507  518  523  517  491  469  443  418  397  376
  365  357  353  348  350  349  357  367  387  409  437  460  487  499  504  489
  472  428  383  335  304  283  272  264  255  244  231  214  198  185  175  170
  164  159  151  141  130  125  117  118  111  107   95   92   84   92   89  101
  106  121  141  174  211  249  289  316  333                                   
    12.5-180.0 180.0   5.0 450.0                            LAT/LON1/LON2/DLON/H
  334  358  402  434  470  499  520  540  560  563  548  526  505  476  450  428
  409  393  380  370  368  368  379  393  417  444  470  492  510  514  504  483
  459  419  378  336  316  297  294  287  282  270  257  237  220  202  190  180
  173  167  159  147  137  125  119  113  111  103   95   88   86   88   93  100
  106  118  139  172  208  245  277  315  334                                   
    10.0-180.0 180.0   5.0 450.0                            LAT/LON1/LON2/DLON/H
  341  361  410  443  476  507  531  552  578  591  584  570  547  522  495  474
  456  433  417  398  392  390  405  425  453  477  502  515  522  511  493  464
  438  400  361  334  323  315  313  311  305  295  280  257  239  216  200  187
  177  169  159  150  135  127  115  113  108  104   94   91   86   92   92  100
  105  115  135  164  196  234  267  304  341                                   
     7.5-180.0 180.0   5.0 450.0                            LAT/LON1/LON2/DLON/H
  341  371  414  442  475  501  524  542  571  586  591  587  575  554  537  520
  504  480  459  439  427  425  439  462  489  509  527  529  525  505  479  449
