data/unet/pred1670.15i
     1.0            IONOSPHERE MAPS     GNSS                IONEX VERSION / TYPE
pyspatialgeodesy        IME             05-JAN-18 20:20     PGM / RUN BY / DATE 
Map Name                                                    COMMENT             
Predicted global ionosphere maps (GIM).                     DESCRIPTION         
  2015     6    16     0     0     0                        EPOCH OF FIRST MAP  
  2015     6    17     0     0     0                        EPOCH OF LAST MAP   
  7200                                                      INTERVAL            
    13                                                      # OF MAPS IN FILE   
  NONE                                                      MAPPING FUNCTION    
10.0                                                        ELEVATION CUTOFF    
One-way carrier phase leveled to code                       OBSERVABLES USED    
  6371.0                                                    BASE RADIUS         
 2                                                          MAP DIMENSION       
   450.0 450.0   0.0                                        HGT1 / HGT2 / DHGT  
    87.5 -87.5  -2.5                                        LAT1 / LAT2 / DLAT  
  -180.0 180.0   5.0                                        LON1 / LON2 / DLON  
    -1                                                      EXPONENT            
                                                            END OF HEADER       
[from data line 1287]
     4                                                      START OF TEC MAP    
  2015     6    16     6     0     0                        EPOCH OF CURRENT MAP
    87.5-180.0 180.0   5.0 450.0                            LAT/LON1/LON2/DLON/H
  180  201  191  191  191  185  188  183  187  181  185  179  184  176  181  174
  179  172  176  170  175  169  173  167  173  167  171  165  171  166  169  165
  170  165  168  165  169  165  166  163  166  163  164  162  164  163  163  162
  163  162  162  161  162  160  161  159  161  159  161  159  162  162  165  165
  169  168  172  170  178  172  192  182  180                                   
    85.0-180.0 180.0   5.0 450.0                            LAT/LON1/LON2/DLON/H
  187  188  181  184  182  179  178  179  178  178  177  177  177  177  175  175
  174  175  172  173  172  172  169  169  168  167  165  165  164  163  162  161
  161  160  160  159  160  158  158  156  158  156  157  156  158  157  159  158
  161  159  162  160  162  160  162  161  162  161  163  162  164  164  166  166
  168  168  169  169  171  169  176  186  187                                   
    82.5-180.0 180.0   5.0 450.0                            LAT/LON1/LON2/DLON/H
  178  179  172  175  166  166  163  166  166  167  166  168  168  171  169  173
  172  175  171  175  172  175  169  171  167  167  162  164  160  162  157  161
  157  161  155  160  155  160  154  160  156  161  157  163  161  166  162  168
  167  170  168  172  169  172  167  172  168  171  166  171  167  171  167  171
  167  170  165  166  162  165  167  163  178                                   
    80.0-180.0 180.0   5.0 450.0                            LAT/LON1/LON2/DLON/H
  182  179  172  171  164  166  166  169  168  169  168  170  172  172  174  174
  178  175  178  175  178  173  173  168  169  162  162  157  158  153  155  151
  154  151  154  151  154  151  154  152  156  153  158  158  165  164  169  169
  175  173  178  177  182  178  182  178  182  177  181  177  181  177  181  178
  179  175  175  169  168  165  165  162  182                                   
    77.5-180.0 180.0   5.0 450.0                            LAT/LON1/LON2/DLON/H
  175  174  170  166  165  166  170  169  170  168  169  168  171  170  173  173
  176  175  176  175  176  172  170  166  162  157  153  150  148  146  145  146
  147  148  149  150  150  151  150  152  153  155  158  163  168  173  177  182
  186  188  190  192  193  193  193  193  193  191  191  189  190  186  189  184
  185  180  180  171  171  167  168  157  175                                   
    75.0-180.0 180.0   5.0 450.0                            LAT/LON1/LON2/DLON/H
  180  180  175  171  169  170  172  170  168  166  165  165  165  166  167  169
  171  171  172  172  170  167  163  158  153  147  142  138  137  134  137  137
  142  143  147  148  151  150  152  152  155  156  162  167  176  181  189  193
  199  199  204  203  205  204  205  203  203  201  202  200  200  197  198  194
  194  188  189  178  175  176  173  165  180                                   
    72.5-180.0 180.0   5.0 450.0                            LAT/LON1/LON2/DLON/H
  182  185  181  180  179  178  176  174  169  168  163  164  161  164  163  166
  166  168  167  167  164  160  155  148  142  134  129  126  125  126  129  133
  139  142  147  148  153  152  155  154  158  160  167  173  185  192  200  205
  209  211  213  212  212  211  210  208  207  206  207  206  207  206  207  205
  203  200  199  189  189  184  182  174  182                                   
    70.0-180.0 180.0   5.0 450.0                            LAT/LON1/LON2/DLON/H
  187  191  187  186  181  178  173  169  163  161  156  156  152  155  154  158
  158  161  161  160  158  153  146  138  129  122  115  115  115  119  124  130
  139  143  150  151  156  155  159  158  163  165  175  183  196  202  212  213
  219  216  219  212  214  206  207  200  203  198  202  200  205  203  207  204
  206  201  203  192  193  188  184  178  187                                   
    67.5-180.0 180.0   5.0 450.0                            LAT/LON1/LON2/DLON/H
  189  193  189  188  184  178  172  168  163  160  154  153  149  150  149  151
  152  154  154  153  150  145  138  128  120  113  108  107  110  115  123  131
  142  146  155  156  160  160  162  162  167  171  182  190  204  211  219  222
  224  222  218  213  208  201  195  190  189  187  190  191  195  198  202  204
  205  204  204  198  197  192  185  183  189                                   
    65.0-180.0 180.0   5.0 450.0                            LAT/LON1/LON2/DLON/H
  194  198  194  192  186  179  172  167  160  157  152  151  147  148  145  147
  146  148  147  147  144  139  131  123  114  108  104  104  108  115  124  133
  146  152  160  163  167  165  168  166  174  177  191  197  213  216  226  224
  228  219  218  206  203  189  185  175  177  171  177  175  184  185  195  195
  202  199  204  195  198  192  188  185  194                                   
    62.5-180.0 180.0   5.0 450.0                            LAT/LON1/LON2/DLON/H
  196  200  195  192  187  178  172  164  159  155  151  149  146  144  141  142
  139  140  138  138  134  130  123  117  110  104  102  102  109  116  127  136
  150  157  166  168  171  169  171  171  179  184  197  205  219  225  231  230
  230  224  216  206  197  186  178  171  168  166  167  168  172  176  182  188
  193  197  200  197  200  194  187  189  196                                   
    60.0-180.0 180.0   5.0 450.0                            LAT/LON1/LON2/DLON/H
  203  204  201  195  189  177  171  162  156  152  149  147  145  142  138  137
  134  133  131  129  127  123  117  111  107  103  103  104  112  119  131  141
  154  161  170  172  177  173  178  175  188  191  207  211  228  230  238  235
  236  228  222  210  204  189  183  173  174  167  170  167  173  171  180  182
  192  194  201  197  203  195  192  192  203                                   
    57.5-180.0 180.0   5.0 450.0                            LAT/LON1/LON2/DLON/H
  208  208  205  199  192  180  171  161  155  149  147  143  141  138  133  131
  127  126  123  121  118  114  111  106  105  103  105  108  116  124  135  144
  155  162  171  175  179  180  183  186  196  203  215  223  235  240  245  244
  243  238  230  222  213  201  193  185  181  175  172  170  170  172  175  179
  184  191  196  198  203  198  193  197  208                                   
    55.0-180.0 180.0   5.0 450.0                            LAT/LON1/LON2/DLON/H
  218  217  218  211  204  190  181  169  160  152  147  144  139  136  129  127
  121  120  116  115  112  110  108  106  106  106  110  113  122  129  140  146
  157  161  171  173  183  181  194  194  210  212  228  230  246  248  256  253
  254  249  246  237  231  220  214  202  199  189  187  180  182  177  182  181
  190  191  202  201  209  203  202  202  218                                   
    52.5-180.0 180.0   5.0 450.0                            LAT/LON1/LON2/DLON/H
  227  228  230  226  219  205  192  177  165  155  150  142  138  132  127  123
  119  116  114  112  110  108  107  106  109  110  115  120  129  136  143  149
  156  162  170  177  186  193  202  209  221  228  239  244  257  260  267  266
  268  265  262  255  250  242  234  225  218  207  200  192  188  185  184  186
  190  195  201  206  212  210  207  214  227                                   
    50.0-180.0 180.0   5.0 450.0                            LAT/LON1/LON2/DLON/H
  241  242  248  245  238  224  211  193  179  164  155  145  136  131  123  121
  117  117  115  115  114  113  112  113  115  119  123  129  136  142  148  153
  159  162  172  178  193  197  215  219  235  238  252  254  268  270  277  277
  280  280  277  273  268  263  257  248  241  227  219  207  204  196  198  194
  200  201  210  211  221  217  219  220  241                                   
    47.5-180.0 180.0   5.0 450.0                            LAT/LON1/LON2/DLON/H
  250  258  263  264  260  246  230  211  191  175  160  148  137  129  123  120
  120  120  122  122  121  120  120  120  123  126  131  137  143  149  152  157
  160  168  177  188  202  213  230  238  251  256  266  270  282  284  291  292
  298  297  296  292  287  281  273  265  258  245  233  221  215  208  205  205
  207  212  215  221  229  228  225  236  250                                   
    45.0-180.0 180.0   5.0 450.0                            LAT/LON1/LON2/DLON/H
  264  269  277  278  279  264  248  228  209  184  169  152  139  130  123  121
  122  126  129  130  132  131  131  132  133  137  140  144  150  154  157  161
  166  173  183  192  209  218  240  246  262  264  276  276  290  291  300  302
  310  311  312  308  304  296  288  279  273  260  252  238  233  222  223  217
  222  222  229  230  241  238  239  242  264                                   
    42.5-180.0 180.0   5.0 450.0                            LAT/LON1/LON2/DLON/H
  272  281  285  290  289  279  263  242  221  196  174  159  143  134  126  125
  129  134  141  143  144  142  143  142  144  146  148  151  155  159  161  167
  172  180  191  201  217  229  248  257  272  276  286  289  302  304  313  316
  327  327  330  326  321  311  300  290  282  272  261  252  245  239  235  235
  236  240  242  246  252  253  249  259  272                                   
    40.0-180.0 180.0   5.0 450.0                            LAT/LON1/LON2/DLON/H
  286  285  285  284  289  276  267  248  229  202  182  164  150  137  131  129
  134  140  148  152  156  154  156  154  157  157  158  158  161  165  168  174
  180  188  196  206  222  235  253  262  276  280  291  294  308  314  325  330
  340  343  347  344  339  326  315  302  295  284  277  267  265  256  258  253
  260  258  264  261  269  265  269  265  286                                   
    37.5-180.0 180.0   5.0 450.0                            LAT/LON1/LON2/DLON/H
  294  290  282  278  276  271  261  247  228  207  186  171  155  145  138  137
  142  149  158  161  166  166  168  168  170  169  167  166  168  172  174  182
  187  196  204  213  228  243  258  270  282  290  299  307  321  329  341  347
  358  360  364  362  358  347  334  321  311  301  292  286  280  277  274  275
  277  280  279  280  282  281  278  281  294                                   
    35.0-180.0 180.0   5.0 450.0                            LAT/LON1/LON2/DLON/H
  308  290  279  270  266  258  250  238  222  206  189  175  162  149  143  140
  147  152  162  166  174  176  183  182  186  182  178  174  174  179  181  187
  194  200  208  217  233  248  266  277  291  296  309  314  332  343  354  362
  371  375  380  380  380  372  364  349  339  325  317  309  303  296  297  293
  300  297  302  296  302  297  301  292  308                                   
    32.5-180.0 180.0   5.0 450.0                            LAT/LON1/LON2/DLON/H
  326  305  286  269  259  249  239  228  216  205  190  182  169  162  155  153
  158  163  171  175  182  187  194  197  198  193  189  182  182  184  186  193
  197  204  210  223  238  255  272  285  296  304  315  324  341  353  366  374
  384  387  393  397  404  402  398  385  375  362  350  339  328  321  313  313
  315  317  315  315  315  319  317  316  326                                   
    30.0-180.0 180.0   5.0 450.0                            LAT/LON1/LON2/DLON/H
  351  322  298  279  264  248  237  228  219  209  198  189  179  170  164  162
  167  170  178  181  191  197  206  211  213  207  198  191  188  189  190  195
  198  205  212  222  242  259  279  290  305  308  322  329  350  361  373  382
  393  399  410  423  436  442  444  432  424  404  391  373  359  344  335  330
  332  329  330  327  334  334  336  335  351                                   
    27.5-180.0 180.0   5.0 450.0                            LAT/LON1/LON2/DLON/H
  380  358  330  303  285  262  247  236  227  218  207  199  190  183  177  176
  179  186  190  195  203  210  219  225  226  218  208  197  192  190  187  191
  190  200  205  222  238  259  277  290  303  309  322  331  348  360  375  385
  400  413  430  450  470  486  493  488  477  459  438  418  395  376  361  355
  352  350  345  348  350  358  355  359  380                                   
    25.0-180.0 180.0   5.0 450.0                            LAT/LON1/LON2/DLON/H
  405  392  365  341  315  293  274  261  249  240  227  218  208  199  193  189
  191  197  204  208  215  225  234  239  237  228  214  200  189  183  176  176
  175  183  193  205  227  240  264  277  295  302  317  325  343  352  370  381
  402  421  447  476  501  523  536  531  522  500  480  453  431  407  391  380
  375  369  366  363  370  379  378  381  405                                   
    22.5-180.0 180.0   5.0 450.0                            LAT/LON1/LON2/DLON/H
  434  432  413  386  360  332  310  294  281  268  253  241  227  217  210  206
  207  213  220  226  233  241  248  251  248  233  216  198  184  174  165  163
  159  166  176  196  214  235  249  264  283  294  309  320  337  348  364  380
  404  428  458  489  520  544  561  559  550  531  510  488  463  443  423  413
  403  397  389  387  391  404  404  405  434                                   
    20.0-180.0 180.0   5.0 450.0                            LAT/LON1/LON2/DLON/H
  453  460  445  427  398  374  347  329  312  298  283  268  255  243  234  226
  225  227  234  241  248  254  256  257  248  231  209  189  168  159  145  141
  135  137  150  166  195  211  234  244  268  281  304  315  337  346  368  380
  409  430  462  493  524  547  563  561  553  535  522  501  487  466  452  438
  431  422  416  410  414  424  427  425  453                                   
    17.5-180.0 180.0   5.0 450.0                            LAT/LON1/LON2/DLON/H
  467  476  473  452  429  404  382  364  346  328  311  295  280  269  258  250
  245  246  251  256  260  263  262  258  246  225  198  176  158  145  130  119
  114  116  128  147  176  197  219  235  255  274  299  318  340  354  374  389
  415  436  463  489  512  530  544  541  539  528  524  513  502  490  475  468
  456  455  445  447  445  451  451  446  467                                   
    15.0-180.0 180.0   5.0 450.0                            LAT/LON1/LON2/DLON/H
  474  484  478  464  437  419  394  381  365  349  333  315  303  288  279  272
  268  264  265  265  264  262  258  251  234  210  181  161  140  128  109   98
   91   92  105  124  157  183  208  228  253  272  304  322  351  363  388  401
  427  444  470  487  507  514  525  519  522  514  518  513  512  506  497  493
  484  483  478  478  476  476  476  466  474                                   
    12.5-180.0 180.0   5.0 450.0                            LAT/LON1/LON2/DLON/H
  480  482  480  454  430  408  392  379  370  358  346  331  319  305  294  286
  281  276  274  268  261  254  248  237  220  193  166  143  128  110   97   82
   75   75   86  104  136  167  198  223  249  273  300  331  354  374  396  414
  437  456  474  487  497  500  504  502  507  507  515  518  523  522  518  515
  507  510  508  509  510  505  500  487  480                                   
    10.0-180.0 180.0   5.0 450.0                            LAT/LON1/LON2/DLON/H
  482  481  468  440  409  389  373  366  360  353  345  335  327  316  303  294
  286  278  271  260  248  236  224  211  190  168  142  123  107   94   82   71
   63   65   72   94  117  153  186  216  246  274  301  327  359  374  402  415
  446  462  484  491  503  501  504  500  508  512  522  530  534  539  534  535
  529  534  534  540  536  531  524  508  482                                   
     7.5-180.0 180.0   5.0 450.0                            LAT/LON1/LON2/DLON/H
  488  479  463  425  391  365  352  344  343  339  337  334  330  319  309  295
  285  272  263  248  233  219  204  190  170  146  124  105   95   83   77   67
