data/unet/pred2820.15i
     1.0            IONOSPHERE MAPS     GNSS                IONEX VERSION / TYPE
pyspatialgeodesy        IME             05-JAN-18 20:20     PGM / RUN BY / DATE 
Map Name                                                    COMMENT             
Predicted global ionosphere maps (GIM).                     DESCRIPTION         
  2015    10     9     0     0     0                        EPOCH OF FIRST MAP  
  2015    10    10     0     0     0                        EPOCH OF LAST MAP   
  7200                                                      INTERVAL            
    13                                                      # OF MAPS IN FILE   
  NONE                                                      MAPPING FUNCTION    
10.0                                                        ELEVATION CUTOFF    
One-way carrier phase leveled to code                       OBSERVABLES USED    
  6371.0                                                    BASE RADIUS         
 2                                                          MAP DIMENSION       
   450.0 450.0   0.0                                        HGT1 / HGT2 / DHGT  
    87.5 -87.5  -2.5                                        LAT1 / LAT2 / DLAT  
  -180.0 180.0   5.0                                        LON1 / LON2 / DLON  
    -1                                                      EXPONENT            
                                                            END OF HEADER       
[from data line 858]
     3                                                      START OF TEC MAP    
  2015    10     9     4     0     0                        EPOCH OF CURRENT MAP
    87.5-180.0 180.0   5.0 450.0                            LAT/LON1/LON2/DLON/H
   69   95   78   75   76   73   75   73   75   73   75   73   74   73   73   72
   72   72   72   71   71   71   70   70   69   69   69   68   68   68   68   68
   67   68   68   68   69   69   69   69   71   70   71   71   72   72   73   73
   74   73   75   74   76   75   77   75   78   76   78   76   78   77   78   76
   78   76   78   76   77   72   92   78   69                                   
    85.0-180.0 180.0   5.0 450.0                            LAT/LON1/LON2/DLON/H
   96   87   68   70   71   68   69   68   69   69   70   69   69   69   70   69
   69   68   68   66   66   64   65   62   62   60   61   59   60   58   60   59
   60   60   61   61   62   62   63   63   65   64   67   66   69   68   70   70
   72   72   73   74   75   75   76   76   78   77   78   77   78   77   77   76
   77   75   75   73   72   68   83  100   96                                   
    82.5-180.0 180.0   5.0 450.0                            LAT/LON1/LON2/DLON/H
   84   65   61   62   58   57   58   59   60   59   60   61   61   61   62   61
   60   58   58   55   54   50   51   47   47   43   45   42   43   41   44   42
   45   43   47   45   49   47   51   50   54   52   56   55   58   58   61   61
   63   64   67   68   70   71   73   74   75   75   76   76   76   75   75   74
   73   71   71   69   65   60   75   87   84                                   
    80.0-180.0 180.0   5.0 450.0                            LAT/LON1/LON2/DLON/H
   89   70   65   64   62   61   61   63   62   63   63   66   66   67   67   69
   67   66   64   61   57   54   51   47   44   41   40   39   38   38   39   40
   42   44   47   49   51   52   54   56   58   58   60   61   62   64   65   68
   69   71   73   76   78   80   81   83   83   84   83   84   83   83   81   81
   79   78   76   76   73   67   76   85   89                                   
    77.5-180.0 180.0   5.0 450.0                            LAT/LON1/LON2/DLON/H
   92   67   63   65   59   57   56   58   56   57   58   61   61   64   64   66
   65   64   62   59   54   49   45   40   36   33   32   30   30   31   33   35
   38   40   44   46   49   50   53   53   54   55   56   57   58   60   62   64
   66   69   71   75   76   80   80   84   83   84   83   84   82   82   80   80
   78   77   77   76   74   69   80   85   92                                   
    75.0-180.0 180.0   5.0 450.0                            LAT/LON1/LON2/DLON/H
   91   70   63   61   58   54   54   53   51   51   53   55   56   59   61   62
   63   61   62   57   53   47   43   36   32   28   27   24   24   26   29   31
   35   38   44   45   49   49   52   51   52   52   54   53   55   56   59   60
   64   67   72   74   77   79   83   84   85   85   85   84   83   82   82   80
   79   78   79   78   79   73   83   89   91                                   
    72.5-180.0 180.0   5.0 450.0                            LAT/LON1/LON2/DLON/H
   98   71   66   65   59   55   53   51   48   47   48   50   50   53   56   58
   58   58   58   55   50   46   40   34   29   25   25   21   23   23   28   30
   35   38   44   44   48   47   50   48   49   47   49   48   50   51   55   57
   61   66   71   75   77   79   81   84   83   85   84   85   82   83   82   82
   80   81   82   83   84   82   94   94   98                                   
    70.0-180.0 180.0   5.0 450.0                            LAT/LON1/LON2/DLON/H
  102   79   72   67   62   55   54   49   47   43   44   43   45   45   48   49
   52   51   54   50   49   43   40   33   31   26   26   23   25   25   31   31
   37   38   44   43   47   44   47   43   45   42   46   43   48   49   56   57
   65   67   75   76   82   81   86   85   88   86   88   86   87   84   85   83
   84   84   87   88   91   87  101  100  102                                   
    67.5-180.0 180.0   5.0 450.0                            LAT/LON1/LON2/DLON/H
  107   81   77   73   65   58   54   51   45   43   40   40   38   39   39   42
   42   45   45   46   43   41   38   34   31   28   29   27   28   29   33   34
   38   39   42   41   42   39   40   37   38   37   40   41   45   49   56   61
   68   73   78   82   84   85   87   87   87   88   87   87   86   86   84   85
   83   86   88   91   95   95  108  105  107                                   
    65.0-180.0 180.0   5.0 450.0                            LAT/LON1/LON2/DLON/H
  109   88   81   75   67   59   56   50   46   42   40   37   35   32   34   34
   37   37   41   40   42   38   40   34   36   32   35   32   36   34   38   36
   39   37   40   36   37   33   35   31   34   33   37   40   47   53   62   68
   76   82   86   89   92   91   94   91   94   93   95   93   94   91   92   89
   90   90   93   96   99   98  112  111  109                                   
    62.5-180.0 180.0   5.0 450.0                            LAT/LON1/LON2/DLON/H
  111   86   81   76   66   59   53   51   46   44   39   38   32   30   29   30
   32   33   36   36   37   36   36   35   35   35   38   38   39   39   40   38
   37   34   34   31   30   28   29   27   30   31   37   42   51   59   69   79
   85   91   94   97   98  100  100   99   98   98   97   98   96   96   93   93
   89   91   91   95   98  101  114  114  111                                   
    60.0-180.0 180.0   5.0 450.0                            LAT/LON1/LON2/DLON/H
  108   88   79   72   65   55   53   48   47   43   41   36   33   27   27   25
   29   28   32   31   33   30   34   31   36   35   41   40   44   41   41   36
   35   29   28   23   24   21   23   22   27   29   38   45   56   67   78   88
   95  100  103  105  107  108  110  108  108  106  107  106  106  104  102   98
   96   94   94   96   99   99  112  113  108                                   
    57.5-180.0 180.0   5.0 450.0                            LAT/LON1/LON2/DLON/H
  110   85   78   73   62   54   48   47   44   43   40   38   31   29   26   25
   27   26   28   27   28   26   28   28   32   34   39   41   43   41   40   34
   31   25   24   19   21   19   22   22   27   31   41   50   63   74   87   95
  103  108  112  113  117  118  120  120  119  116  116  114  112  111  107  104
   98   95   92   93   96   97  111  111  110                                   
    55.0-180.0 180.0   5.0 450.0                            LAT/LON1/LON2/DLON/H
  108   91   81   73   65   53   51   45   45   42   41   37   33   28   26   23
   26   23   25   22   23   20   22   22   27   29   36   38   41   38   38   31
   28   22   22   18   22   19   24   22   31   34   46   55   69   82   94  103
  111  116  121  123  128  130  133  132  132  130  129  127  125  122  119  115
  108  103  100   99  101   99  112  112  108                                   
    52.5-180.0 180.0   5.0 450.0                            LAT/LON1/LON2/DLON/H
  118   99   90   84   73   62   54   50   46   44   40   38   33   32   27   27
   26   25   24   21   19   17   18   18   23   26   33   35   38   36   35   29
   26   22   24   21   26   24   29   28   34   39   51   61   74   87  100  109
  118  124  132  135  143  145  148  145  145  142  140  137  135  133  128  123
  116  111  105  103  104  104  118  117  118                                   
    50.0-180.0 180.0   5.0 450.0                            LAT/LON1/LON2/DLON/H
  123  115  105   98   88   74   66   56   52   45   43   37   34   29   28   25
   25   21   21   16   17   13   16   15   20   22   29   30   34   32   32   28
   28   24   29   27   35   32   38   35   44   46   58   67   81   94  107  115
  126  133  142  148  158  161  162  160  157  153  149  145  143  141  137  134
  128  124  118  117  117  113  125  124  123                                   
    47.5-180.0 180.0   5.0 450.0                            LAT/LON1/LON2/DLON/H
  139  130  126  124  109   94   82   71   60   52   45   40   35   33   28   28
   25   23   21   17   17   14   16   16   20   21   26   27   30   29   30   28
   29   29   34   35   41   41   45   44   49   53   64   73   86  100  114  124
  136  143  156  162  175  178  181  174  169  160  156  151  149  148  146  142
  136  133  128  127  128  126  136  135  139                                   
    45.0-180.0 180.0   5.0 450.0                            LAT/LON1/LON2/DLON/H
  147  143  147  146  135  117  102   86   74   61   53   44   40   34   32   29
   27   22   22   18   20   18   22   21   24   23   27   27   29   29   32   30
   33   34   41   42   50   50   55   52   59   61   72   80   94  107  122  133
  145  154  167  176  187  194  194  187  177  168  160  155  153  154  152  149
  145  143  140  141  141  138  145  147  147                                   
    42.5-180.0 180.0   5.0 450.0                            LAT/LON1/LON2/DLON/H
  159  152  161  164  153  139  121  103   88   73   61   53   45   42   36   35
   29   28   25   24   26   27   30   30   31   29   31   29   30   31   33   34
   36   39   44   47   52   55   58   58   63   68   78   88  101  115  131  141
  156  163  179  187  199  202  203  193  185  172  166  158  158  155  155  151
  149  146  146  146  148  149  155  156  159                                   
    40.0-180.0 180.0   5.0 450.0                            LAT/LON1/LON2/DLON/H
  161  157  167  168  161  148  134  115   99   83   71   61   55   49   44   41
   37   33   33   32   36   38   42   42   41   38   36   34   35   35   39   39
   43   44   49   51   57   59   63   64   69   76   86   98  110  124  138  150
  161  173  187  196  206  209  209  200  192  181  173  167  164  162  159  158
  154  154  153  156  156  155  160  160  161                                   
    37.5-180.0 180.0   5.0 450.0                            LAT/LON1/LON2/DLON/H
  167  157  165  166  156  147  133  119  104   91   79   70   63   59   54   52
   47   45   43   46   49   52   55   54   52   48   45   42   42   42   44   45
   46   47   50   52   57   60   64   66   74   82   94  105  119  131  146  156
  171  181  196  203  212  213  215  205  201  189  187  177  176  168  166  161
  159  157  159  158  161  163  166  163  167                                   
    35.0-180.0 180.0   5.0 450.0                            LAT/LON1/LON2/DLON/H
  167  158  157  152  144  135  124  113  101   91   82   75   70   67   65   62
   59   57   57   59   63   65   67   64   61   57   54   51   50   49   51   50
   52   51   52   53   56   59   64   68   76   88   99  114  124  137  149  162
  175  187  199  207  216  220  223  217  215  206  204  195  192  185  181  174
  172  170  171  172  170  170  173  168  167                                   
    32.5-180.0 180.0   5.0 450.0                            LAT/LON1/LON2/DLON/H
  177  160  150  141  127  119  108  103   92   87   80   77   73   73   70   70
   69   68   69   71   74   75   75   71   68   64   63   59   58   55   57   55
   57   54   56   54   58   60   66   70   81   92  105  119  130  140  153  163
  180  189  204  211  221  227  235  233  235  227  226  218  217  207  202  192
  188  183  183  180  182  184  185  177  177                                   
    30.0-180.0 180.0   5.0 450.0                            LAT/LON1/LON2/DLON/H
  188  169  152  135  120  111  100   94   86   80   75   74   73   73   74   75
   75   75   76   77   80   79   77   74   72   70   69   67   64   61   61   60
   60   58   57   57   59   61   67   71   82   94  107  121  131  141  152  166
  182  191  207  219  234  245  253  256  262  257  257  251  250  238  231  218
  214  208  208  205  202  200  202  193  188                                   
    27.5-180.0 180.0   5.0 450.0                            LAT/LON1/LON2/DLON/H
  219  194  173  152  130  118  103   97   85   80   72   73   70   73   72   76
   75   77   78   78   79   77   76   73   74   74   77   74   75   70   69   66
   65   62   63   61   65   65   71   74   85   96  109  122  134  141  155  164
  183  192  214  225  247  260  274  282  294  292  291  288  286  278  268  256
  250  242  241  234  234  233  230  224  219                                   
    25.0-180.0 180.0   5.0 450.0                            LAT/LON1/LON2/DLON/H
  268  235  212  183  161  140  122  110   95   84   77   71   69   67   68   70
   70   71   72   73   74   73   72   72   76   81   85   84   81   78   73   71
   67   64   64   63   67   67   72   72   84   93  107  117  132  141  155  168
  185  198  219  238  258  279  293  311  319  328  331  331  329  322  314  304
  299  291  287  279  276  277  273  265  268                                   
    22.5-180.0 180.0   5.0 450.0                            LAT/LON1/LON2/DLON/H
  334  291  271  235  207  180  155  136  115  103   91   84   76   70   65   64
   62   63   63   63   65   65   69   73   83   90   97   95   93   85   80   77
   71   68   66   66   69   69   74   73   82   91  104  113  131  143  161  172
  193  205  227  249  274  298  323  342  360  368  373  375  375  370  362  355
  353  348  343  333  335  334  331  327  334                                   
    20.0-180.0 180.0   5.0 450.0                            LAT/LON1/LON2/DLON/H
  400  374  344  309  269  239  206  178  149  130  115  101   93   80   70   60
   57   53   53   52   57   61   70   81   96  106  111  111  103   96   88   82
   78   73   72   69   72   71   75   72   81   88  103  112  133  150  168  185
  201  219  240  269  290  320  341  367  379  394  395  406  407  408  406  411
  412  413  407  398  395  394  387  386  400                                   
    17.5-180.0 180.0   5.0 450.0                            LAT/LON1/LON2/DLON/H
  456  444  422  388  341  306  261  230  196  173  148  135  121  105   90   74
   66   58   55   53   59   65   81   96  114  125  131  127  118  108   98   93
   87   83   81   77   78   76   78   74   81   87  103  115  140  158  179  195
  213  232  258  287  316  350  378  399  412  421  423  432  439  447  451  461
  465  471  467  461  460  457  446  448  456                                   
    15.0-180.0 180.0   5.0 450.0                            LAT/LON1/LON2/DLON/H
  505  495  476  451  413  381  327  294  245  222  195  174  159  136  120   97
   86   73   68   65   70   80   99  121  138  149  153  145  135  122  112  103
   97   91   88   81   81   78   78   75   80   89  105  120  148  169  191  208
  226  248  275  305  337  370  396  412  421  432  436  449  463  473  482  495
  503  513  513  511  509  506  498  495  505                                   
    12.5-180.0 180.0   5.0 450.0                            LAT/LON1/LON2/DLON/H
  528  531  518  504  476  446  396  357  303  276  243  228  209  185  159  137
  119  103   95   92   95  107  127  147  163  173  172  161  146  132  120  110
  103   97   93   86   84   81   79   76   82   91  110  127  157  178  202  216
  239  259  290  321  357  388  411  424  439  448  458  470  482  494  503  516
  525  537  541  543  547  546  538  530  528                                   
    10.0-180.0 180.0   5.0 450.0                            LAT/LON1/LON2/DLON/H
  547  543  537  529  517  497  458  420  367  336  297  279  259  231  208  171
  156  137  131  124  129  138  157  174  190  193  189  173  158  143  131  120
  112  105   98   91   88   85   82   82   86   96  115  135  165  189  210  229
  248  271  299  327  361  386  409  419  436  448  462  477  494  505  515  529
  539  552  557  565  570  566  565  554  547                                   
     7.5-180.0 180.0   5.0 450.0                            LAT/LON1/LON2/DLON/H
  546  549  549  548  544  530  503  468  422  390  347  328  300  281  252  225
  201  181  170  164  164  170  185  201  210  211  200  183  165  150  138  127
