data/unet/pred1430.15i
     1.0            IONOSPHERE MAPS     GNSS                IONEX VERSION / TYPE
pyspatialgeodesy        IME             05-JAN-18 20:20     PGM / RUN BY / DATE 
Map Name                                                    COMMENT             
Predicted global ionosphere maps (GIM).                     DESCRIPTION         
  2015     5    23     0     0     0                        EPOCH OF FIRST MAP  
  2015     5    24     0     0     0                        EPOCH OF LAST MAP   
  7200                                                      INTERVAL            
    13                                                      # OF MAPS IN FILE   
  NONE                                                      MAPPING FUNCTION    
10.0                                                        ELEVATION CUTOFF    
One-way carrier phase leveled to code                       OBSERVABLES USED    
  6371.0                                                    BASE RADIUS         
 2                                                          MAP DIMENSION       
   450.0 450.0   0.0                                        HGT1 / HGT2 / DHGT  
    87.5 -87.5  -2.5                                        LAT1 / LAT2 / DLAT  
  -180.0 180.0   5.0                                        LON1 / LON2 / DLON  
    -1                                                      EXPONENT            
                                                            END OF HEADER       
     1                                                      START OF TEC MAP    
  2015     5    23     0     0     0                        EPOCH OF CURRENT MAP
    87.5-180.0 180.0   5.0 450.0                            LAT/LON1/LON2/DLON/H
  212  195  199  199  197  195  195  195  196  196  197  197  198  199  200  199
  200  200  199  197  196  193  191  188  185  182  179  175  174  170  169  166
  166  164  165  162  164  162  164  161  164  163  165  163  166  165  167  166
  168  167  169  168  170  169  171  170  173  173  175  175  178  179  181  181
  184  185  187  186  187  183  179  197  212                                   
    85.0-180.0 180.0   5.0 450.0                            LAT/LON1/LON2/DLON/H
  196  202  207  207  205  203  203  202  204  203  205  204  206  206  207  206
  207  206  206  204  203  201  198  195  192  188  184  180  177  174  172  168
  168  166  166  164  166  164  166  164  166  165  167  166  168  167  169  168
  170  170  171  171  173  173  174  174  177  178  180  181  184  186  188  189
  192  193  195  195  195  190  186  178  196                                   
    82.5-180.0 180.0   5.0 450.0                            LAT/LON1/LON2/DLON/H
  203  205  205  207  204  203  203  203  203  203  204  204  205  205  206  206
  207  206  206  204  203  200  199  194  192  186  184  178  176  170  168  164
  164  161  162  160  161  159  161  160  161  160  162  161  163  163  164  164
  166  166  167  168  170  170  172  172  175  176  179  180  184  185  188  190
  192  194  196  196  196  191  185  180  203                                   
    80.0-180.0 180.0   5.0 450.0                            LAT/LON1/LON2/DLON/H
  204  205  206  208  205  206  204  206  205  207  206  208  206  208  207  209
  208  210  208  209  206  205  201  199  193  190  184  180  174  170  166  163
  161  160  159  159  160  160  161  162  162  163  163  164  164  165  165  166
  166  166  167  168  169  170  172  173  174  176  178  180  182  185  186  189
  191  195  196  197  196  194  188  184  204                                   
    77.5-180.0 180.0   5.0 450.0                            LAT/LON1/LON2/DLON/H
  203  204  204  206  204  205  204  205  204  205  204  205  203  204  204  205
  205  206  207  208  206  206  203  200  195  190  185  179  173  167  163  159
  157  156  157  158  159  160  162  163  165  165  166  167  167  168  168  169
  168  169  169  171  170  172  172  174  174  176  176  179  180  182  184  187
  189  192  195  196  196  195  192  186  203                                   
    75.0-180.0 180.0   5.0 450.0                            LAT/LON1/LON2/DLON/H
  204  204  205  207  205  204  204  203  203  203  203  201  200  199  199  198
  200  200  203  204  205  204  203  200  196  189  184  176  170  162  159  154
  154  153  155  156  160  161  165  165  168  168  170  169  171  170  172  171
  173  172  174  173  174  174  176  176  177  177  178  179  180  181  183  185
  187  190  194  196  197  196  192  188  204                                   
    72.5-180.0 180.0   5.0 450.0                            LAT/LON1/LON2/DLON/H
  203  202  204  206  204  202  201  201  201  200  199  197  195  193  191  190
  190  191  194  196  198  199  199  196  193  186  180  171  165  157  153  149
  149  149  152  154  157  160  163  165  166  167  168  168  169  169  171  171
  172  173  174  175  176  176  176  177  177  178  177  178  177  179  179  182
  183  186  190  194  196  197  194  188  203                                   
    70.0-180.0 180.0   5.0 450.0                            LAT/LON1/LON2/DLON/H
  202  202  204  204  202  200  200  199  200  198  198  195  193  189  187  184
  183  183  185  188  190  193  194  193  189  184  177  168  161  154  151  147
  148  148  152  154  159  160  164  164  166  164  167  165  167  166  170  169
  174  174  179  178  181  180  183  181  183  181  183  181  181  180  181  181
  183  185  189  193  197  197  194  189  202                                   
    67.5-180.0 180.0   5.0 450.0                            LAT/LON1/LON2/DLON/H
  203  203  204  204  201  199  198  199  199  199  199  196  193  189  185  181
  178  177  178  180  184  187  189  189  187  181  174  165  158  151  148  145
  145  146  150  153  157  158  160  160  160  158  159  158  160  161  165  168
  173  175  180  181  184  184  186  186  187  186  186  185  184  183  182  183
  183  185  189  193  199  200  196  188  203                                   
    65.0-180.0 180.0   5.0 450.0                            LAT/LON1/LON2/DLON/H
  204  204  205  204  202  198  199  198  201  200  201  197  195  191  187  182
  180  177  176  177  180  183  185  186  184  180  172  164  157  152  149  147
  148  148  152  153  156  155  156  153  153  149  150  148  152  152  159  162
  169  173  180  182  188  188  191  190  193  190  192  189  190  186  187  185
  188  187  192  195  202  203  197  189  204                                   
    62.5-180.0 180.0   5.0 450.0                            LAT/LON1/LON2/DLON/H
  208  207  207  206  203  200  200  200  202  202  203  201  199  195  192  187
  184  181  179  179  180  183  185  186  185  181  174  167  160  155  151  149
  148  148  149  149  151  149  148  145  143  139  139  138  142  144  151  156
  165  171  179  182  188  189  194  193  197  194  196  193  194  190  190  188
  189  189  194  198  206  206  200  190  208                                   
    60.0-180.0 180.0   5.0 450.0                            LAT/LON1/LON2/DLON/H
  213  211  212  210  208  203  203  202  206  205  207  204  204  200  199  195
  193  188  187  184  185  185  187  187  187  184  178  173  167  162  159  156
  155  152  151  148  148  144  142  137  135  130  130  129  133  135  144  149
  160  166  177  181  190  192  198  198  202  200  202  199  200  195  196  191
  195  193  199  202  211  210  203  193  213                                   
    57.5-180.0 180.0   5.0 450.0                            LAT/LON1/LON2/DLON/H
  221  217  219  217  214  210  208  207  209  209  209  208  208  207  206  205
  203  200  197  195  193  192  193  193  193  191  186  183  178  173  169  164
  160  155  152  147  145  140  137  132  129  126  125  126  129  133  139  147
  156  165  175  181  190  195  201  203  208  207  208  205  205  199  199  195
  197  197  202  205  215  214  207  197  221                                   
    55.0-180.0 180.0   5.0 450.0                            LAT/LON1/LON2/DLON/H
  229  225  229  230  227  221  219  216  216  213  214  210  213  211  214  213
  215  212  210  205  203  200  200  199  200  198  195  193  190  186  181  174
  169  161  156  149  147  141  138  133  131  127  127  126  130  132  138  143
  153  161  172  180  191  197  206  210  215  214  215  210  210  202  203  198
  202  200  207  210  220  218  211  204  229                                   
    52.5-180.0 180.0   5.0 450.0                            LAT/LON1/LON2/DLON/H
  240  236  242  244  242  237  233  230  227  223  218  215  214  216  218  222
  225  225  223  219  216  213  211  210  210  208  206  204  201  197  191  183
  175  167  161  155  151  147  144  141  139  136  135  134  136  137  141  146
  153  161  171  181  193  202  211  217  222  222  221  217  213  207  205  202
  205  205  211  215  225  225  218  215  240                                   
    50.0-180.0 180.0   5.0 450.0                            LAT/LON1/LON2/DLON/H
  252  247  257  261  261  255  253  248  244  235  228  220  220  219  223  227
  234  235  235  231  229  225  224  220  221  217  215  210  207  201  196  186
  180  170  166  160  160  156  155  152  152  147  147  144  146  143  146  146
  153  157  169  177  193  203  214  221  229  228  227  221  217  210  210  207
  213  211  220  222  233  231  225  228  252                                   
    47.5-180.0 180.0   5.0 450.0                            LAT/LON1/LON2/DLON/H
  265  261  271  277  277  275  272  269  263  254  243  234  228  227  229  235
  241  245  247  246  244  242  239  235  232  228  222  216  209  202  194  186
  179  173  168  167  167  168  168  167  166  162  160  156  155  151  150  149
  152  157  166  177  193  205  217  226  233  234  233  227  221  217  215  215
  219  222  228  232  242  243  235  241  265                                   
    45.0-180.0 180.0   5.0 450.0                            LAT/LON1/LON2/DLON/H
  275  275  286  293  296  295  295  292  289  278  266  252  245  240  239  243
  250  255  258  260  260  258  255  250  246  237  230  219  211  199  192  182
  179  173  174  175  178  181  182  183  181  177  172  167  163  157  153  148
  151  153  163  174  192  204  219  227  237  237  239  233  228  223  225  226
  232  236  243  247  257  255  249  257  275                                   
    42.5-180.0 180.0   5.0 450.0                            LAT/LON1/LON2/DLON/H
  286  286  297  307  311  312  312  312  309  301  289  276  266  258  254  255
  260  265  270  274  275  274  270  265  257  248  236  224  210  200  188  182
  178  176  178  183  189  193  196  194  192  186  180  173  169  161  156  151
  152  154  162  175  192  207  221  230  240  241  244  241  240  237  239  242
  249  254  260  265  273  274  266  273  286                                   
    40.0-180.0 180.0   5.0 450.0                            LAT/LON1/LON2/DLON/H
  299  300  312  321  328  330  331  333  333  328  317  305  294  284  275  273
  273  277  282  286  290  288  283  274  267  253  242  226  215  201  192  183
  182  181  186  192  199  205  204  203  198  191  183  176  171  162  156  150
  152  153  163  172  192  203  221  230  241  244  251  250  252  250  255  259
  269  274  282  285  294  293  288  294  299                                   
    37.5-180.0 180.0   5.0 450.0                            LAT/LON1/LON2/DLON/H
  316  316  328  336  341  344  346  350  352  350  343  334  323  311  299  291
  288  289  294  299  303  301  293  284  272  260  246  233  219  208  197  192
  190  192  196  202  208  212  210  207  201  193  185  177  172  164  158  154
  154  155  162  173  188  202  218  229  240  245  252  256  259  261  267  274
  285  291  300  305  314  315  311  313  316                                   
    35.0-180.0 180.0   5.0 450.0                            LAT/LON1/LON2/DLON/H
  339  343  354  359  363  363  364  369  375  378  375  369  358  344  326  315
  305  306  307  314  316  312  303  290  281  267  256  240  229  216  209  202
  202  202  206  209  213  215  210  207  201  194  185  177  173  166  160  155
  156  154  160  165  182  192  211  218  233  236  248  253  262  267  278  285
  299  307  319  325  340  341  340  341  339                                   
    32.5-180.0 180.0   5.0 450.0                            LAT/LON1/LON2/DLON/H
  368  376  385  387  387  385  384  391  398  405  406  402  391  374  355  338
  326  322  324  327  328  322  310  299  288  278  265  253  240  228  218  213
  212  211  213  214  213  214  207  205  199  193  184  178  174  168  163  159
  157  155  155  159  170  183  198  209  220  227  238  248  260  272  284  293
  307  317  332  342  361  368  367  369  368                                   
    30.0-180.0 180.0   5.0 450.0                            LAT/LON1/LON2/DLON/H
  401  412  420  422  426  422  421  425  434  442  445  442  430  410  384  366
  348  343  339  342  340  333  321  308  300  289  281  267  257  241  231  221
  219  216  214  212  210  209  201  200  195  193  184  180  175  169  164  160
  158  152  150  149  160  170  187  194  209  214  228  239  258  273  289  299
  315  326  345  359  387  394  400  399  401                                   
    27.5-180.0 180.0   5.0 450.0                            LAT/LON1/LON2/DLON/H
  430  439  453  458  464  465  463  468  473  480  482  479  467  447  417  395
  374  365  358  357  352  344  330  320  312  304  295  284  271  256  240  228
  221  215  211  207  203  201  194  194  191  190  183  178  174  168  163  159
  154  146  140  138  147  160  178  192  204  212  223  238  256  276  292  307
  322  336  354  373  398  412  419  421  430                                   
    25.0-180.0 180.0   5.0 450.0                            LAT/LON1/LON2/DLON/H
  449  461  480  490  503  509  512  518  522  527  527  523  509  489  457  430
  403  391  377  374  366  357  344  335  328  320  312  298  285  263  244  226
  217  209  203  198  192  192  186  188  187  188  184  180  173  165  159  152
  145  132  124  120  131  148  166  182  202  211  225  239  260  281  303  322
  337  352  371  389  419  427  442  445  449                                   
    22.5-180.0 180.0   5.0 450.0                            LAT/LON1/LON2/DLON/H
  461  472  499  512  532  543  550  556  559  562  561  557  544  524  494  466
  436  418  399  393  382  373  358  349  342  333  322  307  288  265  240  221
  209  200  193  188  184  183  181  183  184  185  181  175  166  154  145  135
  128  115  109  105  118  137  159  180  201  216  230  248  267  292  313  337
  353  369  385  402  427  441  452  460  461                                   
    20.0-180.0 180.0   5.0 450.0                            LAT/LON1/LON2/DLON/H
  467  479  510  527  554  571  580  588  590  593  591  589  578  562  532  504
  472  449  425  412  401  390  377  369  356  345  327  308  284  257  230  213
  202  194  187  183  179  179  179  181  183  181  177  169  159  143  133  119
  113   98   92   89  101  119  144  171  199  216  235  253  278  303  327  352
  371  387  401  416  442  448  468  476  467                                   
    17.5-180.0 180.0   5.0 450.0                            LAT/LON1/LON2/DLON/H
  471  481  513  533  562  581  596  603  606  607  605  604  596  583  561  533
  502  477  451  436  420  410  394  382  365  347  325  301  272  244  218  204
  195  188  183  179  179  179  182  181  182  178  172  161  148  132  118  105
   98   85   83   80   93  111  137  170  197  222  242  265  290  319  343  370
  386  403  415  430  450  459  469  480  471                                   
    15.0-180.0 180.0   5.0 450.0                            LAT/LON1/LON2/DLON/H
  474  482  509  526  555  578  592  603  606  610  612  615  610  605  587  564
  534  508  480  462  444  430  410  393  367  344  313  286  253  226  204  193
  186  183  180  180  182  183  187  186  187  179  173  158  146  127  115   97
   90   78   74   73   85  105  134  167  203  229  252  276  304  334  360  385
  404  419  433  446  466  465  479  483  474                                   
    12.5-180.0 180.0   5.0 450.0                            LAT/LON1/LON2/DLON/H
  483  486  506  518  544  562  580  586  590  595  600  607  606  606  595  579
  556  530  503  485  462  446  420  395  360  328  293  263  231  209  192  185
  180  182  182  187  189  194  194  195  191  183  170  156  141  123  109   94
   85   73   72   71   86  105  136  172  206  234  258  284  316  348  375  402
  421  436  449  464  479  480  478  483  483                                   
    10.0-180.0 180.0   5.0 450.0                            LAT/LON1/LON2/DLON/H
  491  495  506  511  531  543  554  559  562  567  577  588  596  602  597  589
  570  548  521  502  477  455  419  382  337  299  263  232  208  191  181  178
  178  184  188  195  199  203  203  199  194  181  168  151  141  122  111   93
   84   73   68   68   82  103  134  168  205  230  257  285  321  352  383  409
  432  447  464  476  494  486  487  484  491                                   
     7.5-180.0 180.0   5.0 450.0                            LAT/LON1/LON2/DLON/H
  504  505  511  512  521  526  532  530  532  535  547  560  572  582  582  580
  568  550  527  507  480  450  406  357  304  263  227  203  186  178  174  175
