data/unet/pred2990.15i
     1.0            IONOSPHERE MAPS     GNSS                IONEX VERSION / TYPE
pyspatialgeodesy        IME             05-JAN-18 20:20     PGM / RUN BY / DATE 
Map Name                                                    COMMENT             
Predicted global ionosphere maps (GIM).                     DESCRIPTION         
  2015    10    26     0     0     0                        EPOCH OF FIRST MAP  
  2015    10    27     0     0     0                        EPOCH OF LAST MAP   
  7200                                                      INTERVAL            
    13                                                      # OF MAPS IN FILE   
  NONE                                                      MAPPING FUNCTION    
10.0                                                        ELEVATION CUTOFF    
One-way carrier phase leveled to code                       OBSERVABLES USED    
  6371.0                                                    BASE RADIUS         
 2                                                          MAP DIMENSION       
   450.0 450.0   0.0                                        HGT1 / HGT2 / DHGT  
    87.5 -87.5  -2.5                                        LAT1 / LAT2 / DLAT  
  -180.0 180.0   5.0                                        LON1 / LON2 / DLON  
    -1                                                      EXPONENT            
                                                            END OF HEADER       
[from data line 4290]
    11                                                      START OF TEC MAP    
  2015    10    26    20     0     0                        EPOCH OF CURRENT MAP
    87.5-180.0 180.0   5.0 450.0                            LAT/LON1/LON2/DLON/H
  154  127  111  115  113  113  112  112  112  114  113  114  114  116  114  116
  114  116  114  115  112  113  110  111  108  109  106  107  104  105  102  103
  101  101   99  100   98   99   96   98   96   98   96   98   97   99   97  100
   98  101  100  103  102  106  105  107  106  109  108  109  109  111  109  111
  110  112  110  110  111  112  109  139  154                                   
    85.0-180.0 180.0   5.0 450.0                            LAT/LON1/LON2/DLON/H
  104  104  104  107  107  105  106  105  107  107  109  109  112  112  114  113
  116  114  115  114  115  113  113  110  110  108  107  105  105  103  103  101
  100   98   97   95   95   92   92   90   91   89   90   89   91   90   92   91
   94   94   97   97  100  100  102  103  104  105  105  105  106  105  105  104
  105  104  105  102  103  100  100  118  104                                   
    82.5-180.0 180.0   5.0 450.0                            LAT/LON1/LON2/DLON/H
   95   96   96   97   98   98  100  103  105  110  111  116  117  122  122  126
  125  128  125  127  123  124  120  120  116  116  112  112  109  108  105  105
  102  102   98   98   94   94   90   90   88   88   86   87   86   88   87   90
   91   94   95   99  100  103  104  106  107  108  107  108  107  108  105  105
  102  103   99   99   96   95   91  100   95                                   
    80.0-180.0 180.0   5.0 450.0                            LAT/LON1/LON2/DLON/H
   89   83   82   84   86   88   93   96  103  107  114  119  126  129  134  135
  138  137  138  135  134  130  127  124  121  118  115  113  111  108  107  104
  104  100   99   96   94   90   87   84   82   79   78   76   77   76   79   79
   83   84   89   90   95   95  100   99  103  101  102   99  100   97   97   92
   92   88   87   82   83   80   80   89   89                                   
    77.5-180.0 180.0   5.0 450.0                            LAT/LON1/LON2/DLON/H
   76   76   72   76   79   83   89   95  103  110  119  127  135  141  146  149
  151  150  149  146  143  138  135  131  127  124  121  117  115  111  111  107
  106  103  101   98   94   90   86   81   77   73   70   68   67   68   69   71
   74   77   80   83   86   90   91   94   94   95   94   92   91   89   86   83
   81   78   76   72   71   70   68   76   76                                   
    75.0-180.0 180.0   5.0 450.0                            LAT/LON1/LON2/DLON/H
   71   71   72   79   82   88   96  103  115  124  136  145  154  160  166  168
  169  167  165  161  156  150  145  139  134  130  126  122  119  116  114  112
  110  108  105  101   97   92   86   81   75   71   66   65   62   64   64   67
   69   73   76   79   82   83   86   85   87   85   86   83   82   79   77   74
   73   71   70   67   67   65   68   78   71                                   
    72.5-180.0 180.0   5.0 450.0                            LAT/LON1/LON2/DLON/H
   73   78   77   84   89   97  105  116  128  139  152  162  173  180  186  188
  189  185  182  174  169  161  154  147  141  135  130  124  120  116  115  112
  111  109  105  102   96   92   85   80   73   68   63   61   58   60   60   63
   64   68   70   73   75   75   76   76   75   74   72   71   69   68   66   64
   63   62   62   61   62   63   66   75   73                                   
    70.0-180.0 180.0   5.0 450.0                            LAT/LON1/LON2/DLON/H
   79   84   88   96  102  112  121  132  144  156  169  179  190  195  202  203
  204  200  196  188  182  173  165  156  148  141  133  126  119  116  112  110
  108  105  101   98   93   88   82   76   70   65   61   59   58   59   60   63
   65   67   68   69   69   69   68   66   65   62   60   59   58   57   57   56
   56   56   58   57   61   63   70   80   79                                   
    67.5-180.0 180.0   5.0 450.0                            LAT/LON1/LON2/DLON/H
   86   95   98  107  115  123  133  144  157  169  181  194  204  212  216  218
  217  214  209  203  195  186  177  167  158  146  137  125  118  110  107  102
  101   97   94   90   86   81   75   70   64   60   55   55   53   56   56   60
   59   62   61   61   59   57   55   52   50   48   46   46   45   46   46   47
   47   48   50   53   58   63   72   80   86                                   
    65.0-180.0 180.0   5.0 450.0                            LAT/LON1/LON2/DLON/H
   97  102  110  117  125  135  145  156  167  179  192  203  214  220  225  226
  226  224  220  214  207  199  189  179  168  156  144  130  119  110  104   98
   94   89   84   80   74   70   64   61   56   54   51   51   51   54   55   57
   57   57   56   54   52   48   45   42   40   38   37   38   38   40   41   41
   43   44   48   50   58   63   76   86   97                                   
    62.5-180.0 180.0   5.0 450.0                            LAT/LON1/LON2/DLON/H
  103  110  115  125  133  142  152  161  173  184  197  208  218  225  230  233
  232  232  228  225  219  211  202  191  180  166  152  136  124  112  106   96
   91   83   78   70   65   59   56   51   49   47   46   47   47   49   49   51
   49   49   46   45   41   39   35   33   31   31   31   32   33   35   36   37
   38   39   43   46   54   62   76   85  103                                   
    60.0-180.0 180.0   5.0 450.0                            LAT/LON1/LON2/DLON/H
  112  116  124  132  141  150  160  169  180  190  201  210  219  226  231  235
  236  238  235  234  229  223  214  203  192  177  165  150  138  125  116  106
   97   87   78   69   61   54   50   46   45   45   46   47   49   49   49   48
   45   43   40   38   35   33   31   29   30   29   30   32   35   37   39   39
   41   42   44   47   56   62   78   89  112                                   
    57.5-180.0 180.0   5.0 450.0                            LAT/LON1/LON2/DLON/H
  118  123  128  140  150  160  169  178  188  196  204  211  219  226  233  237
  240  242  242  242  237  232  223  213  201  189  177  165  155  144  135  121
  110   96   86   74   66   57   53   48   49   48   50   51   51   50   49   45
   41   38   35   34   32   32   32   33   34   36   37   40   42   44   44   44
   44   44   46   49   56   65   79   89  118                                   
    55.0-180.0 180.0   5.0 450.0                            LAT/LON1/LON2/DLON/H
  128  133  143  155  166  177  188  195  203  206  212  215  220  226  232  239
  242  247  247  248  243  239  231  220  210  199  192  184  179  169  161  146
  131  115  101   87   77   67   63   59   59   59   61   62   61   59   55   50
   45   41   39   37   38   39   41   43   46   49   50   53   54   55   55   54
   54   52   55   56   65   72   88   99  128                                   
    52.5-180.0 180.0   5.0 450.0                            LAT/LON1/LON2/DLON/H
  141  148  157  173  185  200  211  219  223  225  225  226  228  231  238  242
  249  251  253  252  249  244  236  226  216  209  204  200  197  191  183  168
  150  131  115  100   91   81   78   73   73   73   75   75   74   70   65   58
   53   49   46   45   47   49   54   57   61   64   66   67   68   68   68   66
   66   65   66   69   76   87  100  111  141                                   
    50.0-180.0 180.0   5.0 450.0                            LAT/LON1/LON2/DLON/H
  157  165  181  196  212  227  240  247  249  246  244  240  241  240  245  248
  254  257  257  256  252  247  239  230  222  218  217  215  213  207  199  182
  163  142  126  113  104   96   93   90   90   90   92   92   90   85   79   74
   68   64   63   62   64   67   72   77   81   83   83   83   83   83   83   81
   81   81   84   88   98  108  121  135  157                                   
    47.5-180.0 180.0   5.0 450.0                            LAT/LON1/LON2/DLON/H
  176  186  200  219  237  256  268  276  276  273  266  260  256  255  257  260
  264  265  265  261  255  249  240  233  227  225  224  223  219  213  202  184
  162  142  128  117  112  107  106  103  103  104  105  105  102   98   94   88
   84   81   79   78   82   84   91   94   98   98   98   96   96   95   96   95
   96   98  102  108  118  131  142  157  176                                   
    45.0-180.0 180.0   5.0 450.0                            LAT/LON1/LON2/DLON/H
  195  208  226  244  262  280  293  300  301  295  289  280  275  270  271  271
  275  273  271  265  259  252  244  238  234  233  232  228  222  210  195  172
  150  133  123  117  115  114  114  113  113  115  116  116  114  110  106  103
  100   98   96   96   98  101  106  109  112  109  108  105  105  105  106  108
  110  114  120  130  142  157  169  185  195                                   
    42.5-180.0 180.0   5.0 450.0                            LAT/LON1/LON2/DLON/H
  207  225  240  261  280  297  308  318  317  316  306  299  290  288  285  286
  286  284  280  274  266  259  250  246  242  241  236  229  217  199  178  152
  132  118  113  111  114  115  118  119  119  120  120  121  119  116  114  111
  110  108  108  107  109  111  116  117  119  115  112  108  108  108  111  112
  116  119  128  139  155  172  185  205  207                                   
    40.0-180.0 180.0   5.0 450.0                            LAT/LON1/LON2/DLON/H
  217  238  255  277  291  309  318  327  328  329  322  314  307  302  300  299
  299  296  293  286  279  271  263  259  254  250  242  228  212  186  163  138
  124  113  112  114  118  122  124  125  124  124  125  125  125  121  120  117
  117  115  116  114  116  117  121  122  122  117  114  109  111  110  114  116
  118  122  130  144  161  181  196  215  217                                   
    37.5-180.0 180.0   5.0 450.0                            LAT/LON1/LON2/DLON/H
  219  240  256  276  291  308  316  327  331  334  329  325  319  315  312  312
  312  310  307  302  295  288  280  274  267  260  247  230  208  183  160  142
  131  126  128  129  135  135  136  133  131  129  128  128  126  123  121  119
  117  115  115  114  116  117  122  123  123  118  114  110  109  109  111  110
  112  113  123  135  155  178  195  217  219                                   
    35.0-180.0 180.0   5.0 450.0                            LAT/LON1/LON2/DLON/H
  223  245  262  283  294  312  318  329  334  340  339  336  332  328  326  324
  326  326  324  322  317  312  301  293  282  272  256  237  216  194  180  170
  169  166  168  166  167  162  157  149  143  137  135  133  132  126  125  120
  117  113  113  111  115  118  123  126  124  120  116  111  110  109  110  110
  107  109  115  129  148  173  194  218  223                                   
    32.5-180.0 180.0   5.0 450.0                            LAT/LON1/LON2/DLON/H
  222  243  261  283  296  311  318  327  335  343  344  345  342  340  337  337
  339  341  341  342  338  333  320  309  296  285  269  253  236  223  217  221
  227  231  230  223  213  199  186  171  159  151  146  142  138  132  127  121
  116  110  107  105  109  113  120  124  125  121  118  112  110  107  107  101
  100   98  105  116  138  165  188  217  222                                   
    30.0-180.0 180.0   5.0 450.0                            LAT/LON1/LON2/DLON/H
  231  247  274  291  304  318  323  333  339  347  349  350  350  347  344  345
  347  351  354  356  354  348  335  320  307  295  286  277  270  269  279  295
  311  317  312  294  268  242  219  198  181  170  163  159  152  146  138  131
  122  115  109  106  108  114  120  128  128  126  122  117  114  111  108  104
   97  100  105  121  139  167  194  223  231                                   
    27.5-180.0 180.0   5.0 450.0                            LAT/LON1/LON2/DLON/H
  240  258  282  304  315  332  335  345  352  360  361  362  359  358  353  354
  355  361  364  367  363  356  340  326  312  307  305  308  315  330  355  384
  407  411  395  363  321  277  246  219  201  189  184  176  171  162  154  144
  132  122  111  106  105  109  115  121  122  119  115  112  110  108  105  100
   99   98  107  121  143  172  201  232  240                                   
    25.0-180.0 180.0   5.0 450.0                            LAT/LON1/LON2/DLON/H
  259  275  307  325  341  354  361  368  374  380  380  377  375  369  364  364
  363  366  368  369  365  355  340  324  318  320  331  346  368  399  440  479
  498  490  459  412  356  302  260  233  219  211  206  202  193  187  175  166
  150  138  126  123  119  125  128  131  126  121  113  108  106  104  104  102
  103  110  120  138  157  188  215  243  259                                   
    22.5-180.0 180.0   5.0 450.0                            LAT/LON1/LON2/DLON/H
  273  295  324  347  364  381  389  396  401  405  402  398  394  387  379  375
  373  371  370  369  363  352  337  326  326  340  364  391  428  475  521  552
  564  538  492  428  361  300  259  233  224  219  220  216  214  205  201  188
  176  160  147  137  133  136  141  143  139  129  120  108  105  102  104  104
  112  118  136  152  174  204  230  263  273                                   
    20.0-180.0 180.0   5.0 450.0                            LAT/LON1/LON2/DLON/H
  292  312  349  374  393  413  424  432  433  437  428  426  420  411  401  394
  385  380  373  368  358  347  335  331  342  367  399  438  491  540  583  600
  599  556  495  417  343  277  245  226  225  224  230  232  232  227  221  211
  193  172  157  148  143  144  146  150  145  138  125  113  105  103  105  110
  117  131  148  172  194  218  246  276  292                                   
    17.5-180.0 180.0   5.0 450.0                            LAT/LON1/LON2/DLON/H
  300  330  365  394  419  439  453  461  468  470  466  460  452  441  428  415
  408  393  384  373  361  351  342  346  365  396  437  486  540  578  604  611
  591  534  465  382  304  244  223  213  219  226  237  241  246  242  238  223
  206  185  169  158  153  152  153  154  148  143  130  116  107  103  105  110
  121  135  159  182  206  232  254  293  300                                   
    15.0-180.0 180.0   5.0 450.0                            LAT/LON1/LON2/DLON/H
  314  343  386  420  447  473  490  501  505  516  511  513  495  485  462  448
  432  419  401  387  371  362  358  369  394  433  481  528  573  592  604  584
  543  482  408  323  256  213  200  202  214  226  238  246  251  247  245  232
  219  198  184  169  165  163  162  163  158  153  137  121  109  105  104  110
  120  137  162  187  210  232  262  297  314                                   
    12.5-180.0 180.0   5.0 450.0                            LAT/LON1/LON2/DLON/H
  314  355  400  439  470  495  514  521  535  547  554  552  541  525  503  486
  470  452  432  413  398  389  392  409  437  480  528  563  582  584  567  529
  479  415  339  269  219  191  193  202  221  233  245  251  254  255  251  243
  228  211  195  182  176  172  169  170  167  155  140  121  111  104  108  111
  125  139  164  190  213  238  264  306  314                                   
    10.0-180.0 180.0   5.0 450.0                            LAT/LON1/LON2/DLON/H
  325  363  415  451  490  516  535  544  561  580  585  598  590  579  554  539
  518  501  475  450  433  426  435  460  495  535  570  584  582  562  523  474
  417  349  287  235  207  194  202  220  240  253  261  259  265  262  261  246
  235  216  204  188  183  180  177  177  175  165  148  130  118  111  112  114
  124  139  163  187  210  234  266  308  325                                   
     7.5-180.0 180.0   5.0 450.0                            LAT/LON1/LON2/DLON/H
  326  375  425  468  504  532  551  559  581  596  613  626  631  623  603  590
  575  556  531  504  488  485  500  528  559  585  598  593  571  536  489  441
