data/unet/pred0810.15i
     1.0            IONOSPHERE MAPS     GNSS                IONEX VERSION / TYPE
pyspatialgeodesy        IME             05-JAN-18 20:20     PGM / RUN BY / DATE 
Map Name                                                    COMMENT             
Predicted global ionosphere maps (GIM).                     DESCRIPTION         
  2015     3    22     0     0     0                        EPOCH OF FIRST MAP  
  2015     3    23     0     0     0                        EPOCH OF LAST MAP   
  7200                                                      INTERVAL            
    13                                                      # OF MAPS IN FILE   
  NONE                                                      MAPPING FUNCTION    
10.0                                                        ELEVATION CUTOFF    
One-way carrier phase leveled to code                       OBSERVABLES USED    
  6371.0                                                    BASE RADIUS         
 2                                                          MAP DIMENSION       
   450.0 450.0   0.0                                        HGT1 / HGT2 / DHGT  
    87.5 -87.5  -2.5                                        LAT1 / LAT2 / DLAT  
  -180.0 180.0   5.0                                        LON1 / LON2 / DLON  
    -1                                                      EXPONENT            
                                                            END OF HEADER       
[from data line 3861]
    10                                                      START OF TEC MAP    
  2015     3    22    18     0     0                        EPOCH OF CURRENT MAP
    87.5-180.0 180.0   5.0 450.0                            LAT/LON1/LON2/DLON/H
  184  154  152  154  154  151  154  152  155  154  157  156  158  157  160  159
  162  161  163  162  164  164  165  164  165  165  166  165  165  164  165  164
  164  163  163  162  162  161  161  160  161  160  161  160  160  159  160  159
  159  158  159  157  158  157  157  156  156  155  155  153  154  153  153  152
  153  152  153  151  154  152  162  168  184                                   
    85.0-180.0 180.0   5.0 450.0                            LAT/LON1/LON2/DLON/H
  139  135  136  140  139  140  139  142  141  143  143  145  145  148  147  150
  150  153  152  155  153  157  155  157  155  158  156  157  155  157  155  156
  154  156  154  156  154  156  153  155  153  155  153  155  153  155  153  154
  152  153  150  152  149  152  148  151  147  150  145  147  143  146  141  143
  140  143  139  141  140  137  145  158  139                                   
    82.5-180.0 180.0   5.0 450.0                            LAT/LON1/LON2/DLON/H
  123  117  122  122  124  125  128  128  132  133  136  137  141  142  145  145
  148  149  150  151  152  152  152  153  152  152  151  151  149  149  147  147
  146  146  145  145  146  145  145  145  146  146  146  146  146  146  146  145
  145  143  144  141  142  139  140  138  138  135  134  131  131  127  126  123
  124  121  122  118  121  114  119  129  123                                   
    80.0-180.0 180.0   5.0 450.0                            LAT/LON1/LON2/DLON/H
  101  101  100  104  104  108  110  113  116  119  124  126  131  132  137  137
  142  142  145  145  148  148  149  149  149  148  146  145  143  142  140  139
  138  137  136  136  135  136  134  134  133  134  132  133  132  133  132  132
  131  131  131  130  130  129  129  127  127  124  123  119  118  114  111  108
  106  105  102  102   99   95   99  109  101                                   
    77.5-180.0 180.0   5.0 450.0                            LAT/LON1/LON2/DLON/H
   83   82   88   86   92   94   99  101  106  108  115  117  123  125  130  131
  136  137  141  142  145  145  147  147  148  146  145  142  141  138  137  134
  133  131  131  130  129  128  127  125  125  123  123  121  121  120  120  119
  120  118  121  118  120  118  120  117  117  114  113  108  106  101   98   94
   92   89   87   86   84   78   81   92   83                                   
    75.0-180.0 180.0   5.0 450.0                            LAT/LON1/LON2/DLON/H
   75   79   81   87   89   95   96  102  104  110  114  118  122  125  130  131
  137  137  142  143  148  150  153  153  153  152  150  147  144  141  137  135
  132  131  129  128  127  126  124  121  119  117  114  113  110  111  108  109
  106  108  107  109  109  110  110  110  109  107  104  101   98   95   90   88
   83   83   80   80   76   72   79   91   75                                   
    72.5-180.0 180.0   5.0 450.0                            LAT/LON1/LON2/DLON/H
   73   78   84   87   91   94   98  101  106  109  115  118  123  126  131  132
  137  140  144  148  153  157  161  163  163  163  161  158  155  149  145  139
  136  133  131  129  127  125  123  119  116  112  109  104  102   99   98   96
   97   97   99   99  102  102  104  103  104  101   99   94   92   87   86   81
   80   77   77   76   75   71   77   89   73                                   
    70.0-180.0 180.0   5.0 450.0                            LAT/LON1/LON2/DLON/H
   77   85   87   93   97  100  103  107  110  115  120  122  128  130  135  136
  142  142  150  152  161  163  170  171  174  172  172  166  162  155  150  143
  139  135  133  131  129  127  123  119  114  109  104   99   95   93   90   90
   89   91   92   95   96   98   99   99   98   96   92   91   86   85   81   81
   77   79   77   79   77   74   83   95   77                                   
    67.5-180.0 180.0   5.0 450.0                            LAT/LON1/LON2/DLON/H
   77   87   93   96  100  102  106  109  114  118  123  128  133  136  140  142
  145  150  154  161  166  172  177  182  182  183  180  176  170  163  156  150
  143  140  135  133  129  126  122  117  112  106  101   94   89   85   83   82
   81   83   85   88   90   92   93   94   93   90   87   84   82   79   78   76
   76   76   77   79   79   77   84   96   77                                   
    65.0-180.0 180.0   5.0 450.0                            LAT/LON1/LON2/DLON/H
   78   90   93  100  103  106  110  114  118  123  128  133  138  142  145  148
  152  154  161  165  172  177  184  186  189  187  185  180  175  167  163  155
  149  144  140  136  132  128  124  118  112  105   99   92   86   82   78   77
   75   78   78   83   84   87   87   88   86   84   80   78   75   75   72   73
   71   75   75   79   78   77   85   97   78                                   
    62.5-180.0 180.0   5.0 450.0                            LAT/LON1/LON2/DLON/H
   71   84   91   96  100  103  109  113  118  124  130  136  142  146  151  154
  156  162  164  171  174  181  183  189  188  190  186  184  177  174  169  165
  157  154  148  146  138  135  126  121  113  107   99   91   86   79   75   71
   69   70   70   74   75   78   79   79   79   76   73   70   69   68   67   66
   67   69   71   73   73   71   79   88   71                                   
    60.0-180.0 180.0   5.0 450.0                            LAT/LON1/LON2/DLON/H
   67   78   83   92   96  103  107  114  119  126  133  140  146  152  156  160
  163  166  169  172  177  179  184  186  187  187  184  182  178  178  176  174
  169  166  159  154  146  139  131  124  115  108  102   94   88   81   76   70
   66   65   64   67   68   71   72   73   73   71   67   65   63   64   62   63
   62   65   65   66   64   62   69   79   67                                   
    57.5-180.0 180.0   5.0 450.0                            LAT/LON1/LON2/DLON/H
   58   68   75   83   89   95  103  111  118  127  133  142  148  155  160  164
  168  171  172  174  175  178  179  183  180  184  178  182  177  182  180  183
  179  177  172  166  155  147  138  130  122  115  109  101   94   86   78   71
   65   62   60   60   61   63   65   66   67   65   64   62   61   60   60   59
   59   59   59   59   55   51   58   61   58                                   
    55.0-180.0 180.0   5.0 450.0                            LAT/LON1/LON2/DLON/H
   58   66   68   79   85   96  105  113  122  131  139  147  154  162  169  174
  177  177  178  176  178  177  180  180  181  183  181  184  183  190  191  197
  194  194  187  181  169  159  148  139  131  124  118  111  106   96   87   76
   69   63   61   60   60   63   66   68   70   67   66   64   63   63   61   61
   59   60   57   56   50   47   51   53   58                                   
    52.5-180.0 180.0   5.0 450.0                            LAT/LON1/LON2/DLON/H
   60   66   70   79   86   98  111  122  130  140  145  154  160  169  175  182
  184  185  183  182  180  180  180  184  184  189  187  194  196  206  213  218
  217  214  207  196  186  173  163  152  145  138  133  126  119  109  100   87
   78   71   68   65   66   67   70   72   73   74   72   71   69   69   68   68
   65   64   62   58   54   47   49   49   60                                   
    50.0-180.0 180.0   5.0 450.0                            LAT/LON1/LON2/DLON/H
   72   77   77   89   97  112  124  138  146  156  162  169  173  181  189  195
  199  198  197  193  192  190  192  196  199  205  207  214  220  231  238  246
  244  240  233  222  209  196  185  173  165  156  150  142  136  124  115  100
   92   81   79   76   76   78   80   83   86   85   86   85   83   82   80   79
   77   76   72   69   62   58   58   60   72                                   
    47.5-180.0 180.0   5.0 450.0                            LAT/LON1/LON2/DLON/H
   83   91   93  106  115  130  144  158  168  177  181  186  189  196  204  209
  212  211  209  208  204  207  207  215  219  227  230  239  246  257  265  270
  266  261  252  242  229  215  204  191  181  170  162  154  147  136  127  114
  104   96   91   89   87   90   89   94   95   98   98   98   97   96   95   95
   91   91   86   83   76   68   71   75   83                                   
    45.0-180.0 180.0   5.0 450.0                            LAT/LON1/LON2/DLON/H
   99  109  112  128  135  153  166  183  193  202  207  211  214  218  224  226
  228  227  224  223  222  225  232  239  245  254  258  268  274  285  288  294
  284  281  267  260  247  236  223  210  196  181  172  160  154  144  137  123
  116  105  102   98   97   97   98  102  106  109  112  113  113  113  112  111
  108  107  101   99   93   89   92   90   99                                   
    42.5-180.0 180.0   5.0 450.0                            LAT/LON1/LON2/DLON/H
  109  120  130  143  157  171  190  206  220  231  235  241  241  245  250  252
  254  250  248  247  247  253  258  267  272  282  286  293  299  308  308  309
  299  293  278  274  262  255  240  226  207  191  177  166  157  148  141  130
  122  115  111  107  104  103  102  107  109  114  116  120  121  123  122  120
  119  116  112  109  107  102  106  106  109                                   
    40.0-180.0 180.0   5.0 450.0                            LAT/LON1/LON2/DLON/H
  115  133  146  163  177  194  212  230  246  262  268  274  275  277  281  281
  282  276  272  270  270  274  283  286  297  304  310  319  320  329  323  324
  308  306  288  291  279  276  260  244  223  200  183  169  161  151  144  132
  125  117  115  109  106  105  104  106  111  116  122  126  129  132  131  129
  124  122  117  115  112  112  114  111  115                                   
    37.5-180.0 180.0   5.0 450.0                            LAT/LON1/LON2/DLON/H
  114  134  153  169  190  205  226  246  263  283  296  309  308  314  314  317
  316  309  304  298  300  299  307  314  325  333  339  346  345  346  339  336
  322  321  306  310  298  297  279  262  236  214  192  176  164  156  147  138
  128  123  118  115  111  109  106  107  110  115  121  126  130  133  130  127
  122  117  112  110  109  106  113  108  114                                   
    35.0-180.0 180.0   5.0 450.0                            LAT/LON1/LON2/DLON/H
  114  134  156  178  200  221  243  265  291  310  329  341  346  352  353  355
  352  345  339  331  331  326  334  334  349  353  360  363  359  360  353  356
  346  353  345  349  336  331  310  291  259  234  210  191  176  167  157  148
  138  130  126  121  118  113  110  108  112  116  123  125  130  130  130  123
  117  110  103  101   98   97  101   97  114                                   
    32.5-180.0 180.0   5.0 450.0                            LAT/LON1/LON2/DLON/H
  107  124  148  178  207  231  255  277  300  327  349  366  375  385  385  390
  386  382  373  369  365  363  366  368  379  382  383  384  377  381  378  387
  381  396  392  395  379  365  339  315  281  253  228  208  192  183  173  165
  154  146  145  140  132  128  127  129  128  127  131  133  134  132  127  121
  110  104   94   91   86   84   88   85  107                                   
    30.0-180.0 180.0   5.0 450.0                            LAT/LON1/LON2/DLON/H
  105  120  144  176  206  240  263  289  315  340  368  387  403  411  416  417
  416  409  407  397  399  390  396  393  404  405  405  405  401  407  413  424
  433  448  450  449  432  414  379  350  312  282  254  234  217  210  201  197
  181  169  155  150  139  137  130  133  135  141  147  147  147  139  136  125
  118  110  102   98   90   84   82   76  105                                   
    27.5-180.0 180.0   5.0 450.0                            LAT/LON1/LON2/DLON/H
  104  123  145  179  212  245  270  294  321  349  379  403  423  437  440  443
  437  435  429  429  427  426  429  429  438  438  438  439  438  450  460  481
  491  508  504  493  475  449  420  384  353  324  299  277  257  250  239  233
  226  210  200  186  186  187  190  189  179  178  173  168  165  161  154  144
  131  124  112  105   98   89   84   76  104                                   
    25.0-180.0 180.0   5.0 450.0                            LAT/LON1/LON2/DLON/H
  109  130  156  191  223  262  282  310  333  363  392  418  441  455  463  461
  462  452  456  448  455  446  455  454  462  466  469  475  482  498  516  540
  554  562  553  534  507  483  453  419  382  358  321  307  281  278  266  260
  245  225  218  207  209  209  217  221  223  212  202  199  187  182  168  159
  146  138  125  116  101   94   93   80  109                                   
    22.5-180.0 180.0   5.0 450.0                            LAT/LON1/LON2/DLON/H
  116  135  170  204  235  271  300  320  348  376  406  430  454  470  483  486
  486  486  485  486  484  481  484  485  495  501  516  523  546  568  597  621
  636  640  625  592  546  514  478  449  408  386  354  341  320  315  301  291
  280  269  263  262  266  276  280  282  264  253  240  233  219  216  195  195
  173  171  150  138  122  111  101   95  116                                   
    20.0-180.0 180.0   5.0 450.0                            LAT/LON1/LON2/DLON/H
  125  133  171  216  252  291  316  342  365  396  417  444  469  490  501  506
  513  511  518  511  510  504  507  511  523  533  555  575  607  634  668  691
  716  708  685  642  584  545  494  463  421  400  374  371  355  356  350  341
  335  319  320  319  329  342  335  326  299  285  258  254  234  230  213  214
  198  196  178  168  144  130  124  110  125                                   
    17.5-180.0 180.0   5.0 450.0                            LAT/LON1/LON2/DLON/H
  135  145  176  220  264  301  333  358  389  415  434  464  485  510  527  541
  552  554  562  553  550  537  543  544  560  573  603  631  669  694  726  747
  750  736  704  668  610  556  505  468  422  400  381  387  374  388  383  380
  372  362  358  362  371  378  371  353  333  307  285  269  247  238  218  221
  209  211  193  187  161  152  140  132  135                                   
    15.0-180.0 180.0   5.0 450.0                            LAT/LON1/LON2/DLON/H
  143  153  182  221  270  310  346  373  406  435  457  490  508  535  555  573
  584  597  600  593  584  572  573  578  593  612  647  678  714  730  757  771
  769  743  705  665  609  559  504  462  415  399  380  401  390  409  405  402
  402  392  395  396  401  401  381  369  336  317  285  271  247  237  220  220
  212  211  199  191  169  157  153  142  143                                   
    12.5-180.0 180.0   5.0 450.0                            LAT/LON1/LON2/DLON/H
  148  160  187  226  273  317  352  387  423  459  483  512  531  559  580  602
  620  641  648  645  640  625  623  625  644  664  697  718  740  754  772  780
  764  735  693  661  610  564  510  465  420  405  387  405  401  421  422  423
  426  419  422  414  412  404  393  380  352  332  297  276  250  236  217  216
  205  206  192  184  165  156  149  142  148                                   
    10.0-180.0 180.0   5.0 450.0                            LAT/LON1/LON2/DLON/H
  146  160  189  228  279  324  360  399  436  470  505  536  562  593  615  638
  652  677  686  686  685  674  676  678  694  713  738  746  762  774  783  780
  758  730  691  660  618  584  534  481  435  420  408  424  422  439  442  442
  449  441  436  423  417  403  392  372  349  321  293  269  244  228  210  206
  196  191  180  169  157  147  146  135  146                                   
     7.5-180.0 180.0   5.0 450.0                            LAT/LON1/LON2/DLON/H
  146  159  184  232  279  325  365  406  448  497  529  563  592  621  645  670
  693  711  718  720  719  720  722  734  747  758  765  774  778  783  776  771
