data/unet/pred2380.15i
     1.0            IONOSPHERE MAPS     GNSS                IONEX VERSION / TYPE
pyspatialgeodesy        IME             05-JAN-18 20:20     PGM / RUN BY / DATE 
Map Name                                                    COMMENT             
Predicted global ionosphere maps (GIM).                     DESCRIPTION         
  2015     8    26     0     0     0                        EPOCH OF FIRST MAP  
  2015     8    27     0     0     0                        EPOCH OF LAST MAP   
  7200                                                      INTERVAL            
    13                                                      # OF MAPS IN FILE   
  NONE                                                      MAPPING FUNCTION    
10.0                                                        ELEVATION CUTOFF    
One-way carrier phase leveled to code                       OBSERVABLES USED    
  6371.0                                                    BASE RADIUS         
 2                                                          MAP DIMENSION       
   450.0 450.0   0.0                                        HGT1 / HGT2 / DHGT  
    87.5 -87.5  -2.5                                        LAT1 / LAT2 / DLAT  
  -180.0 180.0   5.0                                        LON1 / LON2 / DLON  
    -1                                                      EXPONENT            
                                                            END OF HEADER       
[from data line 5148]
    13                                                      START OF TEC MAP    
  2015     8    27     0     0     0                        EPOCH OF CURRENT MAP
    87.5-180.0 180.0   5.0 450.0                            LAT/LON1/LON2/DLON/H
  149  113  108  104  106  103  108  106  110  108  112  110  114  112  115  113
  116  114  116  113  115  112  113  109  110  107  108  104  104  101  102   97
   99   94   96   91   93   88   91   85   89   84   87   83   87   82   86   82
   86   83   86   84   88   85   88   86   90   87   90   88   92   90   94   92
   96   95   98   98  105  104  111  138  149                                   
    85.0-180.0 180.0   5.0 450.0                            LAT/LON1/LON2/DLON/H
  120  108  110  109  110  108  113  112  117  116  119  118  122  120  123  121
  124  121  122  119  120  116  116  112  112  107  107  101  101   95   96   90
   91   85   85   80   81   75   75   70   71   67   68   64   66   64   66   64
   67   67   69   68   72   72   74   73   77   77   80   80   83   83   86   86
   90   90   95   96  103   99   98  109  120                                   
    82.5-180.0 180.0   5.0 450.0                            LAT/LON1/LON2/DLON/H
  116  110  115  116  119  116  122  122  126  125  129  128  131  129  131  129
  130  127  127  125  124  120  118  114  112  107  105  100   98   93   91   86
   86   80   80   75   75   70   70   65   66   61   63   59   63   59   63   60
   66   63   68   66   73   70   76   74   80   78   84   82   89   87   93   91
   97   95  102  101  110  104  106  111  116                                   
    80.0-180.0 180.0   5.0 450.0                            LAT/LON1/LON2/DLON/H
  117  117  121  125  126  128  132  134  136  137  139  140  140  140  139  139
  137  135  133  131  128  125  121  119  114  111  106  103   99   96   92   90
   87   85   83   81   79   76   74   71   71   68   68   66   67   65   67   66
   70   69   72   72   77   76   80   80   85   85   89   90   94   95   99   99
  103  103  108  108  113  110  111  115  117                                   
    77.5-180.0 180.0   5.0 450.0                            LAT/LON1/LON2/DLON/H
  120  117  120  124  124  126  131  133  136  137  139  139  139  138  137  136
  134  132  131  129  127  125  122  119  115  111  107  103   99   96   93   90
   88   86   84   82   80   77   75   72   71   68   68   66   67   65   67   66
   69   69   72   73   77   78   81   83   86   88   91   93   96   98  101  103
  105  106  109  109  112  110  112  113  120                                   
    75.0-180.0 180.0   5.0 450.0                            LAT/LON1/LON2/DLON/H
  117  116  117  121  121  124  129  131  134  135  137  136  136  134  133  131
  129  127  126  125  123  121  119  116  112  108  105  101   97   95   92   90
   88   87   86   84   82   80   78   75   74   72   71   70   70   69   71   71
   74   75   77   78   81   82   86   87   91   92   96   96  100  100  104  104
  107  107  110  109  111  109  110  114  117                                   
    72.5-180.0 180.0   5.0 450.0                            LAT/LON1/LON2/DLON/H
  119  114  116  118  118  120  124  127  129  131  132  131  129  127  125  122
  120  118  117  115  113  112  109  108  103  100   96   94   90   89   87   87
   85   85   83   83   80   78   76   73   72   69   69   67   69   68   71   71
   74   75   78   79   82   84   87   89   92   93   96   98  100  101  103  104
  106  107  109  109  111  109  110  113  119                                   
    70.0-180.0 180.0   5.0 450.0                            LAT/LON1/LON2/DLON/H
  116  112  113  115  115  117  121  125  128  129  130  128  126  121  119  115
  113  109  108  106  104  101  100   96   93   89   86   83   80   79   80   80
   80   80   80   79   77   74   72   69   67   65   65   64   65   66   69   70
   73   75   78   80   83   85   88   91   94   96   99  101  103  104  106  107
  108  108  110  111  112  110  111  114  116                                   
    67.5-180.0 180.0   5.0 450.0                            LAT/LON1/LON2/DLON/H
  120  113  113  114  113  115  119  123  127  129  129  127  123  119  115  110
  106  103  101   99   96   94   91   88   83   79   75   72   70   70   71   72
   73   74   74   73   70   67   64   60   58   56   56   56   58   59   63   64
   69   70   74   76   80   82   86   88   92   95   99  101  103  104  105  106
  107  108  111  112  115  113  113  114  120                                   
    65.0-180.0 180.0   5.0 450.0                            LAT/LON1/LON2/DLON/H
  120  117  115  116  114  115  119  123  126  129  129  127  123  119  114  109
  105  101   99   96   94   90   87   82   77   71   67   64   62   62   63   64
   66   66   66   64   62   58   55   51   48   47   47   47   50   52   55   58
   62   65   69   71   76   79   84   87   92   96  100  102  105  106  107  108
  110  111  114  116  119  117  117  118  120                                   
    62.5-180.0 180.0   5.0 450.0                            LAT/LON1/LON2/DLON/H
  126  121  119  117  115  115  119  122  126  129  130  129  125  121  116  111
  107  104  101   98   95   90   85   78   72   66   62   58   57   55   56   56
   58   57   57   55   53   48   45   41   39   37   39   39   43   45   49   51
   56   58   63   64   71   73   81   84   92   95  100  102  106  105  108  107
  110  111  115  117  122  120  122  122  126                                   
    60.0-180.0 180.0   5.0 450.0                            LAT/LON1/LON2/DLON/H
  128  127  123  122  118  118  119  122  125  129  129  129  127  124  120  116
  113  110  108  105  100   94   87   79   72   65   61   58   56   54   54   53
   53   51   51   47   45   40   38   34   33   32   34   36   39   42   45   47
   51   53   57   60   67   71   80   85   93   98  103  105  108  108  109  109
  112  113  117  120  124  124  126  126  128                                   
    57.5-180.0 180.0   5.0 450.0                            LAT/LON1/LON2/DLON/H
  136  133  131  128  123  121  122  124  126  129  130  131  130  129  125  123
  121  119  117  114  110  103   94   84   76   69   65   61   60   57   56   53
   52   49   47   44   41   38   35   33   33   33   36   38   41   43   45   46
   49   50   54   57   65   70   80   87   96  101  107  108  111  110  111  109
  112  112  117  119  124  125  128  128  136                                   
    55.0-180.0 180.0   5.0 450.0                            LAT/LON1/LON2/DLON/H
  138  140  139  137  131  127  126  126  126  128  130  131  132  132  130  130
  129  129  128  125  120  112  103   92   83   76   72   70   68   65   62   58
   55   51   49   45   44   40   39   37   39   40   43   45   48   48   50   49
   51   50   55   57   66   72   83   90  101  106  113  113  116  114  114  111
  113  113  118  120  124  126  130  131  138                                   
    52.5-180.0 180.0   5.0 450.0                            LAT/LON1/LON2/DLON/H
  146  147  147  146  140  136  133  131  130  130  131  133  134  136  135  137
  137  139  139  138  132  124  113  103   94   88   84   82   80   77   72   66
   62   57   55   52   51   49   48   47   49   50   53   55   57   57   57   54
   56   55   59   62   71   78   90   98  108  114  120  120  121  119  118  115
  116  115  120  120  125  127  133  134  146                                   
    50.0-180.0 180.0   5.0 450.0                            LAT/LON1/LON2/DLON/H
  148  152  155  157  152  148  144  140  136  134  133  135  136  139  139  142
  143  147  148  147  143  135  124  114  105   99   96   94   92   88   82   75
   70   65   64   62   63   62   62   61   64   65   68   69   70   69   67   64
   65   64   69   71   81   88  101  108  119  122  128  127  128  124  124  120
  121  120  124  124  128  130  135  137  148                                   
    47.5-180.0 180.0   5.0 450.0                            LAT/LON1/LON2/DLON/H
  154  157  162  165  162  160  156  151  145  142  139  141  141  144  144  148
  149  154  156  158  154  147  136  127  118  113  109  108  104   99   92   85
   79   75   74   75   76   78   78   79   80   81   83   82   83   80   78   75
   75   75   78   82   91  100  111  119  128  132  136  134  134  131  130  128
  128  127  130  130  133  135  140  140  154                                   
    45.0-180.0 180.0   5.0 450.0                            LAT/LON1/LON2/DLON/H
  154  160  167  171  171  170  168  162  156  150  147  146  146  148  148  151
  153  158  162  165  163  157  148  138  131  125  122  118  114  107  100   92
   87   85   86   88   92   94   95   95   96   96   97   96   95   91   89   86
   86   85   88   90  101  108  121  127  137  138  143  140  141  137  138  135
  136  134  137  136  139  141  144  145  154                                   
    42.5-180.0 180.0   5.0 450.0                            LAT/LON1/LON2/DLON/H
  159  163  170  176  176  177  176  172  165  160  154  154  153  156  154  156
  157  162  166  171  170  167  158  150  141  136  131  127  120  113  105   98
   94   93   96  100  105  109  110  112  111  111  111  109  106  102   99   95
   96   93   96   99  109  116  127  135  142  145  147  145  145  143  144  142
  143  142  145  144  147  147  151  151  159                                   
    40.0-180.0 180.0   5.0 450.0                            LAT/LON1/LON2/DLON/H
  162  168  174  177  179  181  182  178  173  166  162  160  160  161  159  159
  160  165  170  176  176  175  167  159  151  144  139  132  125  117  110  104
  102  103  108  113  119  123  124  125  125  123  122  118  116  110  107  102
  103  100  103  104  114  121  133  139  148  149  151  149  150  148  150  149
  151  150  153  153  156  157  160  161  162                                   
    37.5-180.0 180.0   5.0 450.0                            LAT/LON1/LON2/DLON/H
  172  177  180  183  182  185  185  183  177  172  167  168  166  168  165  166
  165  170  174  180  181  180  173  166  158  152  144  138  129  121  114  111
  110  114  118  125  129  134  135  137  136  136  134  130  124  117  113  108
  108  105  106  107  115  124  135  144  152  155  156  155  155  154  156  155
  157  158  161  162  166  167  171  171  172                                   
    35.0-180.0 180.0   5.0 450.0                            LAT/LON1/LON2/DLON/H
  185  192  193  191  189  190  191  187  182  176  173  171  171  171  170  169
  170  173  179  184  185  184  179  173  165  158  150  142  134  126  121  118
  121  125  132  137  142  145  147  148  149  147  145  139  132  122  117  110
  110  106  107  105  116  122  136  144  156  158  161  159  161  160  163  160
  164  164  169  171  175  179  186  187  185                                   
    32.5-180.0 180.0   5.0 450.0                            LAT/LON1/LON2/DLON/H
  212  215  213  212  206  206  202  198  190  184  178  177  175  178  175  177
  175  180  183  188  187  187  182  177  170  163  155  148  139  133  128  128
  132  137  143  148  152  155  156  157  157  157  153  147  137  127  119  112
  110  106  103  101  109  117  131  143  155  160  164  165  167  167  168  166
  168  169  175  178  184  191  200  204  212                                   
    30.0-180.0 180.0   5.0 450.0                            LAT/LON1/LON2/DLON/H
  247  246  249  243  237  233  226  215  206  196  189  184  183  181  180  180
  181  183  187  189  189  188  185  181  175  169  162  154  146  141  138  139
  144  150  156  160  163  163  164  164  164  163  160  152  142  130  121  113
  109  103  100   97  104  110  127  138  153  157  165  167  173  172  177  174
  177  178  187  191  198  207  219  227  247                                   
    27.5-180.0 180.0   5.0 450.0                            LAT/LON1/LON2/DLON/H
  288  285  287  282  276  271  261  248  234  221  208  200  193  191  186  187
  185  188  189  191  190  191  188  185  180  175  167  161  154  151  149  150
  156  162  166  168  168  167  166  165  165  165  161  154  143  132  120  112
  107  100   95   90   96  103  119  132  147  154  162  167  174  178  182  181
  184  188  198  205  213  225  238  244  288                                   
    25.0-180.0 180.0   5.0 450.0                            LAT/LON1/LON2/DLON/H
  326  333  336  329  325  315  306  289  274  256  239  221  211  202  197  192
  190  190  192  193  193  194  193  190  186  181  174  168  163  159  158  161
  165  171  173  173  170  167  165  164  164  163  160  153  142  130  119  110
  104   97   92   88   93  100  115  128  145  152  161  167  178  182  190  188
  194  197  210  220  229  243  259  269  326                                   
    22.5-180.0 180.0   5.0 450.0                            LAT/LON1/LON2/DLON/H
  361  372  376  375  367  361  347  335  318  298  277  256  239  225  212  205
  197  196  195  197  198  200  200  197  191  186  178  174  169  167  165  168
  171  174  173  169  164  160  158  157  158  158  155  149  139  127  116  106
   99   92   87   83   88   95  111  126  144  153  163  170  183  190  197  199
  204  210  223  235  246  263  276  287  361                                   
    20.0-180.0 180.0   5.0 450.0                            LAT/LON1/LON2/DLON/H
  384  402  412  415  415  407  397  381  367  346  324  298  278  256  238  223
  213  207  206  206  208  211  211  207  199  190  182  177  173  171  169  171
  171  172  168  162  155  150  148  147  148  148  147  142  134  123  113  103
   95   89   84   81   85   93  107  124  142  154  165  174  189  199  209  211
  219  224  241  252  263  281  297  309  384                                   
    17.5-180.0 180.0   5.0 450.0                            LAT/LON1/LON2/DLON/H
  392  410  423  439  443  443  432  422  406  391  371  347  322  297  274  251
  236  225  222  222  224  227  225  218  205  194  183  178  174  172  169  168
  166  162  156  148  141  136  135  136  138  138  139  135  129  118  107   96
   89   82   78   75   79   87  104  121  141  155  168  181  199  211  224  228
  236  244  261  272  286  303  316  330  392                                   
    15.0-180.0 180.0   5.0 450.0                            LAT/LON1/LON2/DLON/H
  393  414  432  454  467  472  470  459  448  434  417  394  368  341  312  286
  265  252  246  245  245  247  243  230  212  196  184  178  175  172  168  165
  159  154  144  134  126  123  122  123  126  126  128  125  123  113  103   92
   85   81   78   77   79   88  102  121  141  158  172  188  207  224  239  247
  257  266  281  292  304  319  336  350  393                                   
    12.5-180.0 180.0   5.0 450.0                            LAT/LON1/LON2/DLON/H
  389  409  430  453  472  481  482  479  469  461  448  434  411  386  357  327
  302  285  277  273  271  269  259  241  217  198  184  180  176  173  167  161
  154  145  135  124  119  116  117  118  119  120  121  120  119  110  100   89
   82   76   74   73   75   83   99  119  144  164  181  199  221  239  256  266
  278  287  302  312  323  335  351  370  389                                   
    10.0-180.0 180.0   5.0 450.0                            LAT/LON1/LON2/DLON/H
  392  410  430  452  474  484  489  486  484  479  473  464  449  429  398  370
  341  321  308  301  295  290  274  250  222  201  187  182  179  175  168  160
  150  139  129  121  118  117  119  119  119  118  118  117  116  108   98   88
   81   75   75   73   76   82   97  116  144  165  185  206  230  250  269  282
  297  309  322  331  336  347  371  385  392                                   
     7.5-180.0 180.0   5.0 450.0                            LAT/LON1/LON2/DLON/H
  399  413  431  447  468  476  481  481  481  482  480  479  469  458  430  406
  377  358  341  329  319  306  283  256  224  204  190  188  185  182  173  163
