data/unet/pred1590.15i
     1.0            IONOSPHERE MAPS     GNSS                IONEX VERSION / TYPE
pyspatialgeodesy        IME             05-JAN-18 20:20     PGM / RUN BY / DATE 
Map Name                                                    COMMENT             
Predicted global ionosphere maps (GIM).                     DESCRIPTION         
  2015     6     8     0     0     0                        EPOCH OF FIRST MAP  
  2015     6     9     0     0     0                        EPOCH OF LAST MAP   
  7200                                                      INTERVAL            
    13                                                      # OF MAPS IN FILE   
  NONE                                                      MAPPING FUNCTION    
10.0                                                        ELEVATION CUTOFF    
One-way carrier phase leveled to code                       OBSERVABLES USED    
  6371.0                                                    BASE RADIUS         
 2                                                          MAP DIMENSION       
   450.0 450.0   0.0                                        HGT1 / HGT2 / DHGT  
    87.5 -87.5  -2.5                                        LAT1 / LAT2 / DLAT  
  -180.0 180.0   5.0                                        LON1 / LON2 / DLON  
    -1                                                      EXPONENT            
                                                            END OF HEADER       
[from data line 3432]
     9                                                      START OF TEC MAP    
  2015     6     8    16     0     0                        EPOCH OF CURRENT MAP
    87.5-180.0 180.0   5.0 450.0                            LAT/LON1/LON2/DLON/H
  199  200  197  197  197  194  196  194  195  194  194  193  194  191  192  190
  191  189  190  190  192  191  193  192  195  193  196  194  196  195  196  195
  197  195  197  194  197  194  195  193  194  192  193  192  192  191  191  189
  190  188  190  187  189  186  188  186  187  185  187  185  187  186  187  187
  189  189  190  189  189  190  199  205  199                                   
    85.0-180.0 180.0   5.0 450.0                            LAT/LON1/LON2/DLON/H
  189  194  195  198  196  196  196  197  196  196  195  195  195  193  193  190
  191  189  191  190  192  192  193  193  195  196  197  196  198  197  197  196
  198  197  197  196  197  196  195  195  193  194  191  192  190  190  188  188
  186  186  185  185  184  183  182  182  182  182  181  182  182  183  183  184
  185  187  188  188  187  186  192  189  189                                   
    82.5-180.0 180.0   5.0 450.0                            LAT/LON1/LON2/DLON/H
  199  199  194  195  193  193  195  194  195  194  195  195  195  194  193  193
  191  191  188  190  188  189  187  189  189  191  190  191  190  191  190  190
  191  191  191  191  191  191  191  191  190  191  190  191  190  191  190  191
  189  190  188  189  186  187  184  185  182  183  180  182  178  181  178  181
  179  183  182  184  182  182  193  182  199                                   
    80.0-180.0 180.0   5.0 450.0                            LAT/LON1/LON2/DLON/H
  196  195  194  191  193  195  195  197  196  197  197  198  197  197  195  196
  193  193  191  192  190  191  190  192  192  195  193  197  195  197  195  197
  196  198  195  198  196  199  196  200  195  198  193  196  192  193  189  191
  188  188  186  187  184  184  181  182  178  179  176  177  174  176  174  176
  175  178  178  179  180  181  185  183  196                                   
    77.5-180.0 180.0   5.0 450.0                            LAT/LON1/LON2/DLON/H
  196  192  190  189  190  190  193  193  194  192  195  194  195  193  193  192
  191  190  190  190  190  190  191  192  194  195  196  197  196  197  196  198
  197  197  196  197  197  197  196  197  195  195  194  194  192  191  190  191
  188  188  185  186  182  181  178  179  175  174  172  172  170  170  168  170
  170  172  173  174  175  176  183  177  196                                   
    75.0-180.0 180.0   5.0 450.0                            LAT/LON1/LON2/DLON/H
  196  194  193  192  195  197  199  200  200  200  200  198  199  197  197  195
  195  193  194  194  196  197  200  201  205  205  207  207  208  208  208  208
  208  208  207  208  207  207  206  206  203  203  200  199  197  196  194  192
  191  189  189  187  187  184  184  181  180  177  177  175  175  173  175  173
  176  176  179  177  180  179  186  183  196                                   
    72.5-180.0 180.0   5.0 450.0                            LAT/LON1/LON2/DLON/H
  201  196  197  196  194  198  199  201  200  199  201  198  197  194  194  191
  192  191  193  194  198  200  205  208  211  213  214  215  216  215  214  215
  215  215  213  213  213  212  210  209  206  204  201  200  198  198  195  195
  192  193  190  191  188  188  184  185  182  182  179  179  178  178  177  178
  179  180  180  181  182  182  193  184  201                                   
    70.0-180.0 180.0   5.0 450.0                            LAT/LON1/LON2/DLON/H
  204  201  201  199  201  203  203  203  201  202  201  199  199  196  197  193
  194  192  197  198  203  206  213  216  221  222  225  225  225  225  224  224
  224  223  222  221  220  219  217  215  211  208  204  201  199  197  195  193
  193  191  192  190  191  190  190  188  188  186  186  184  186  185  187  186
  189  189  191  189  191  191  198  194  204                                   
    67.5-180.0 180.0   5.0 450.0                            LAT/LON1/LON2/DLON/H
  213  207  208  207  203  205  204  205  203  202  201  200  199  197  196  194
  192  193  194  197  202  206  213  218  224  227  231  231  233  230  232  229
  232  228  227  225  224  221  218  216  211  208  203  202  198  197  193  194
  191  193  191  194  192  193  191  192  190  190  188  190  190  191  191  193
  194  196  197  196  195  195  209  197  213                                   
    65.0-180.0 180.0   5.0 450.0                            LAT/LON1/LON2/DLON/H
  216  213  214  211  209  211  208  209  204  206  203  204  201  200  199  195
  195  193  197  196  202  206  215  221  226  231  233  235  235  235  234  234
  233  232  230  228  227  225  221  218  214  210  206  202  201  196  195  192
  193  192  194  194  196  196  196  196  196  195  195  194  196  197  199  200
  202  204  205  204  204  206  214  208  216                                   
    62.5-180.0 180.0   5.0 450.0                            LAT/LON1/LON2/DLON/H
  220  216  219  217  213  214  212  211  208  208  207  207  206  203  202  200
  197  196  196  196  201  204  212  217  224  228  232  234  236  236  237  237
  239  235  234  230  228  225  221  218  213  211  206  204  200  197  193  193
  191  195  194  198  197  199  198  198  197  196  195  196  198  198  199  202
  203  205  207  207  206  207  224  210  220                                   
    60.0-180.0 180.0   5.0 450.0                            LAT/LON1/LON2/DLON/H
  218  220  224  223  221  222  217  217  211  213  209  213  209  211  207  207
  203  201  199  198  200  203  209  214  220  227  229  235  234  239  237  241
  240  241  237  236  232  230  226  223  221  216  214  208  207  202  201  197
  198  198  201  201  203  203  204  203  203  202  201  202  202  203  202  205
  204  207  206  207  205  211  221  213  218                                   
    57.5-180.0 180.0   5.0 450.0                            LAT/LON1/LON2/DLON/H
  217  218  224  225  224  223  221  218  214  215  214  215  215  216  215  213
  209  206  203  199  200  200  206  209  215  221  227  231  236  238  242  244
  247  244  243  239  236  232  228  226  222  220  216  214  211  208  204  203
  200  203  202  205  204  205  204  204  203  201  199  200  200  199  200  201
  202  202  204  201  202  203  219  207  217                                   
    55.0-180.0 180.0   5.0 450.0                            LAT/LON1/LON2/DLON/H
  206  218  224  229  231  234  231  227  220  220  216  220  218  222  220  220
  216  213  206  203  198  200  202  209  213  222  227  235  237  244  245  250
  251  252  250  247  243  240  236  233  230  226  225  220  221  216  215  210
  210  209  210  208  209  208  208  208  207  206  202  202  199  200  196  199
  196  199  196  197  193  199  209  201  206                                   
    52.5-180.0 180.0   5.0 450.0                            LAT/LON1/LON2/DLON/H
  199  209  220  228  234  235  239  235  230  228  225  226  225  228  228  229
  225  221  214  206  202  199  204  208  216  224  232  239  245  249  255  259
  263  262  262  258  255  250  245  242  238  236  231  231  227  224  220  217
  213  213  211  212  210  210  208  208  206  204  200  199  195  194  192  191
  191  189  192  186  187  186  199  191  199                                   
    50.0-180.0 180.0   5.0 450.0                            LAT/LON1/LON2/DLON/H
  188  205  218  232  240  250  251  250  243  240  233  233  229  232  232  234
  231  229  219  214  205  206  206  216  221  232  238  248  252  258  262  267
  271  271  272  269  267  261  259  253  251  246  244  239  237  232  231  224
  223  219  220  217  217  214  213  212  210  210  204  202  196  194  188  189
  185  185  181  182  179  182  189  181  188                                   
    47.5-180.0 180.0   5.0 450.0                            LAT/LON1/LON2/DLON/H
  182  199  213  231  245  252  261  259  255  254  246  245  239  241  241  244
  240  241  232  225  217  213  217  222  230  240  249  257  264  268  274  278
  282  284  285  283  281  278  274  271  265  263  256  254  247  244  238  233
  228  226  223  222  219  219  216  217  212  212  205  203  196  192  187  184
  181  177  177  173  174  169  178  176  182                                   
    45.0-180.0 180.0   5.0 450.0                            LAT/LON1/LON2/DLON/H
  177  195  212  230  250  263  275  276  276  275  269  264  259  255  257  255
  256  251  244  239  231  229  231  237  244  254  261  271  276  282  287  291
  296  299  302  301  301  297  294  287  284  276  273  265  261  252  249  240
  238  232  231  226  225  222  222  220  220  218  213  211  204  202  195  193
  188  185  182  180  177  175  177  171  177                                   
    42.5-180.0 180.0   5.0 450.0                            LAT/LON1/LON2/DLON/H
  176  188  202  225  248  266  283  289  295  297  294  292  284  282  279  281
  276  276  266  262  253  251  253  256  262  270  279  285  294  297  307  311
  320  322  328  324  328  321  320  312  307  303  294  290  278  275  264  259
  249  246  240  236  231  229  227  227  225  225  220  219  213  208  204  200
  197  192  190  186  182  176  178  175  176                                   
    40.0-180.0 180.0   5.0 450.0                            LAT/LON1/LON2/DLON/H
  173  181  196  217  243  267  289  302  312  321  325  324  319  314  311  306
  303  294  287  278  273  270  273  275  281  287  295  303  311  320  329  338
  345  352  356  358  357  353  349  339  334  323  318  307  302  290  283  271
  265  256  253  245  242  236  235  233  234  232  232  231  229  227  223  222
  217  212  208  200  196  187  185  174  173                                   
    37.5-180.0 180.0   5.0 450.0                            LAT/LON1/LON2/DLON/H
  175  174  181  200  225  253  283  303  322  335  345  348  345  341  338  335
  330  325  316  308  301  296  299  300  304  309  316  323  336  344  359  367
  382  384  395  392  396  387  385  372  366  355  345  335  326  316  305  295
  284  276  269  262  255  250  246  244  243  242  241  244  241  242  238  237
  231  226  219  212  203  196  193  181  175                                   
    35.0-180.0 180.0   5.0 450.0                            LAT/LON1/LON2/DLON/H
  179  173  174  188  212  245  278  305  328  351  364  375  372  373  367  366
  357  352  340  332  325  321  321  321  322  327  332  345  357  374  389  404
  415  425  431  435  434  427  419  407  396  383  372  360  350  335  326  311
  304  292  288  278  274  264  261  254  253  249  251  250  255  255  258  255
  251  242  236  224  217  205  200  184  179                                   
    32.5-180.0 180.0   5.0 450.0                            LAT/LON1/LON2/DLON/H
  185  172  164  172  196  224  266  294  327  351  374  385  389  389  385  382
  376  372  364  357  351  349  348  347  349  351  361  371  390  406  428  440
  454  459  470  469  474  463  457  441  428  414  402  388  374  358  344  330
  319  310  304  299  292  286  275  269  261  257  252  254  256  259  262  264
  259  253  241  234  222  213  210  193  185                                   
    30.0-180.0 180.0   5.0 450.0                            LAT/LON1/LON2/DLON/H
  188  177  162  167  185  215  252  287  320  346  373  388  396  400  398  397
  389  388  376  374  364  366  363  366  365  374  383  402  419  442  458  475
  486  497  504  507  507  499  488  474  459  445  429  413  393  375  357  344
  334  324  320  312  310  301  291  279  268  260  253  252  256  261  267  269
  268  259  251  239  229  216  217  197  188                                   
    27.5-180.0 180.0   5.0 450.0                            LAT/LON1/LON2/DLON/H
  194  179  164  161  179  202  240  272  307  333  360  379  391  395  398  396
  393  392  386  382  377  378  379  383  387  397  411  429  450  471  489  504
  514  521  527  526  524  513  505  488  476  459  445  428  407  386  367  353
  343  338  331  317  306  293  283  273  267  263  253  250  248  250  256  260
  261  258  247  240  225  217  223  202  194                                   
    25.0-180.0 180.0   5.0 450.0                            LAT/LON1/LON2/DLON/H
  195  188  173  175  186  210  240  269  301  326  348  368  385  392  396  398
  396  398  391  391  384  392  389  399  402  418  430  452  471  493  511  525
  533  538  542  540  536  526  515  501  487  474  458  443  420  398  377  363
  354  344  326  303  291  275  266  254  248  242  241  241  235  238  245  251
  255  252  247  234  225  214  227  203  195                                   
    22.5-180.0 180.0   5.0 450.0                            LAT/LON1/LON2/DLON/H
  195  188  178  180  193  211  239  263  292  311  334  349  369  382  391  395
  399  402  398  398  393  396  399  407  417  431  448  469  491  511  526  535
  540  540  541  536  532  519  509  494  483  469  457  440  420  396  377  363
  354  341  317  298  280  269  255  247  237  232  231  231  223  222  227  233
  237  239  232  225  214  209  221  203  195                                   
    20.0-180.0 180.0   5.0 450.0                            LAT/LON1/LON2/DLON/H
  190  197  186  195  203  221  246  266  292  309  330  343  360  377  390  397
  403  405  402  405  399  404  404  417  425  443  458  484  503  523  531  536
  537  534  533  529  524  513  502  491  481  471  459  444  423  401  379  363
  350  338  316  291  274  257  245  231  221  216  216  214  205  204  207  214
  220  221  220  212  207  199  215  198  190                                   
    17.5-180.0 180.0   5.0 450.0                            LAT/LON1/LON2/DLON/H
  191  191  183  194  203  222  241  265  280  298  314  327  343  364  381  398
  408  416  414  414  410  408  411  418  432  446  466  493  513  530  532  532
  528  521  518  511  505  493  485  474  467  458  450  433  413  391  368  354
  336  323  303  290  268  256  239  228  222  215  208  199  192  188  189  195
  198  202  199  197  187  186  199  189  191                                   
    15.0-180.0 180.0   5.0 450.0                            LAT/LON1/LON2/DLON/H
  183  189  179  192  200  217  237  259  280  296  312  325  342  364  385  404
  417  428  428  428  423  423  421  431  439  455  473  500  518  531  529  526
  518  511  506  501  495  487  479  474  467  463  451  438  417  394  369  350
  328  310  287  268  251  238  223  214  202  198  189  184  175  173  170  175
  178  182  184  180  176  169  183  173  183                                   
    12.5-180.0 180.0   5.0 450.0                            LAT/LON1/LON2/DLON/H
  176  167  161  173  182  203  220  247  261  284  296  313  331  354  380  405
  422  437  440  440  438  436  435  439  449  460  482  507  521  533  528  523
  514  505  501  493  487  479  474  468  462  453  444  427  408  384  359  341
  315  298  269  254  234  221  205  197  188  184  178  173  166  163  159  162
  161  165  162  163  155  155  161  156  176                                   
    10.0-180.0 180.0   5.0 450.0                            LAT/LON1/LON2/DLON/H
  157  152  145  154  163  181  203  228  254  273  295  311  334  358  385  410
  429  444  449  453  452  452  450  456  462  473  490  512  525  534  531  527
  519  513  506  503  496  493  486  482  473  464  450  435  412  388  359  337
  311  289  263  242  222  208  194  189  180  178  169  167  159  156  149  152
  150  153  152  147  145  140  143  134  157                                   
     7.5-180.0 180.0   5.0 450.0                            LAT/LON1/LON2/DLON/H
  141  133  125  130  136  156  174  207  232  262  282  305  325  348  376  405
  425  443  450  458  460  460  463  465  471  480  498  515  526  535  534  531
