data/unet/pred0260.15i
     1.0            IONOSPHERE MAPS     GNSS                IONEX VERSION / TYPE
pyspatialgeodesy        IME             05-JAN-18 20:20     PGM / RUN BY / DATE 
Map Name                                                    COMMENT             
Predicted global ionosphere maps (GIM).                     DESCRIPTION         
  2015     1    26     0     0     0                        EPOCH OF FIRST MAP  
  2015     1    27     0     0     0                        EPOCH OF LAST MAP   
  7200                                                      INTERVAL            
    13                                                      # OF MAPS IN FILE   
  NONE                                                      MAPPING FUNCTION    
10.0                                                        ELEVATION CUTOFF    
One-way carrier phase leveled to code                       OBSERVABLES USED    
  6371.0                                                    BASE RADIUS         
 2                                                          MAP DIMENSION       
   450.0 450.0   0.0                                        HGT1 / HGT2 / DHGT  
    87.5 -87.5  -2.5                                        LAT1 / LAT2 / DLAT  
  -180.0 180.0   5.0                                        LON1 / LON2 / DLON  
    -1                                                      EXPONENT            
                                                            END OF HEADER       
[from data line 4719]
    12                                                      START OF TEC MAP    
  2015     1    26    22     0     0                        EPOCH OF CURRENT MAP
    87.5-180.0 180.0   5.0 450.0                            LAT/LON1/LON2/DLON/H
  147   86   63   64   64   64   65   66   68   69   70   71   72   73   74   75
   75   76   77   77   78   78   79   79   79   79   80   80   80   79   79   79
   78   79   78   78   77   77   77   77   76   76   76   76   75   76   75   75
   74   75   74   74   72   73   71   71   70   70   69   68   67   67   66   65
   64   64   63   64   64   64   68  123  147                                   
    85.0-180.0 180.0   5.0 450.0                            LAT/LON1/LON2/DLON/H
   70   44   41   43   45   45   48   49   53   54   58   59   62   62   66   65
   68   67   70   69   71   70   72   71   73   72   73   72   73   71   72   71
   71   69   70   68   68   67   67   66   66   65   66   63   65   63   64   62
   63   61   62   59   61   58   59   56   57   55   54   52   51   49   48   46
   45   43   43   41   42   40   45   86   70                                   
    82.5-180.0 180.0   5.0 450.0                            LAT/LON1/LON2/DLON/H
   53   42   40   43   43   44   48   52   56   59   64   68   71   73   77   78
   80   80   81   81   81   81   81   81   80   79   80   79   79   77   78   76
   77   75   77   75   75   74   74   73   72   71   71   69   69   68   68   67
   67   66   66   64   64   63   62   60   61   58   57   55   54   51   50   47
   46   43   42   40   40   36   42   74   53                                   
    80.0-180.0 180.0   5.0 450.0                            LAT/LON1/LON2/DLON/H
   57   47   42   48   47   51   55   61   66   72   76   82   86   90   92   95
   94   95   93   94   92   91   89   88   86   86   84   85   83   83   82   82
   81   82   80   81   79   80   78   78   76   76   74   73   72   71   71   69
   69   67   67   66   65   64   63   62   61   59   58   56   54   52   50   48
   46   44   42   41   41   39   40   66   57                                   
    77.5-180.0 180.0   5.0 450.0                            LAT/LON1/LON2/DLON/H
   60   53   50   53   54   58   64   70   77   83   91   97  103  105  108  107
  107  104  104  100   99   94   93   89   88   85   86   83   84   81   83   80
   82   79   81   79   79   77   77   76   75   73   73   71   70   68   68   66
   66   65   65   64   64   63   62   62   61   60   58   57   54   53   51   49
   48   46   45   44   45   42   43   68   60                                   
    75.0-180.0 180.0   5.0 450.0                            LAT/LON1/LON2/DLON/H
   70   64   61   67   69   74   80   87   96  104  113  119  123  125  125  124
  120  116  111  107  102   99   94   92   88   87   85   85   83   84   82   84
   81   83   79   81   77   78   74   74   71   71   68   68   65   66   63   63
   61   62   61   62   61   62   61   61   60   60   57   57   54   54   51   51
   49   50   49   50   51   52   55   76   70                                   
    72.5-180.0 180.0   5.0 450.0                            LAT/LON1/LON2/DLON/H
   85   82   80   85   88   93  101  110  120  129  137  142  145  144  142  136
  130  123  116  109  103   97   93   89   86   84   82   81   79   80   79   79
   77   78   77   78   76   75   73   71   68   67   64   63   60   59   57   56
   55   54   56   55   56   56   57   56   56   55   54   53   51   50   50   49
   50   51   53   55   60   61   66   85   85                                   
    70.0-180.0 180.0   5.0 450.0                            LAT/LON1/LON2/DLON/H
  103   99  102  108  112  117  126  135  145  153  161  165  167  163  160  151
  143  131  122  113  105   98   90   86   82   79   76   75   73   72   67   68
   66   68   66   69   67   68   65   65   61   60   57   56   53   52   49   49
   47   48   48   48   49   49   48   48   48   47   46   45   44   44   44   45
   47   50   55   59   66   71   77   96  103                                   
    67.5-180.0 180.0   5.0 450.0                            LAT/LON1/LON2/DLON/H
  121  120  122  129  134  138  147  155  165  174  182  187  187  184  175  165
  152  140  128  117  106   97   88   81   75   71   67   65   60   59   56   56
   55   56   57   58   58   59   58   58   55   54   51   50   47   46   44   43
   42   42   41   42   41   42   40   41   39   39   37   38   36   37   37   39
   42   47   53   60   70   79   86  105  121                                   
    65.0-180.0 180.0   5.0 450.0                            LAT/LON1/LON2/DLON/H
  136  137  141  148  153  157  166  174  184  193  203  206  208  201  194  181
  168  152  139  126  113  100   90   79   72   64   58   53   47   42   39   37
   36   38   39   43   43   45   45   46   45   45   44   44   41   41   39   38
   36   36   35   36   36   35   34   34   34   33   31   31   30   30   31   33
   36   42   50   59   71   83   94  114  136                                   
    62.5-180.0 180.0   5.0 450.0                            LAT/LON1/LON2/DLON/H
  150  151  155  162  168  171  179  185  196  205  215  222  222  218  207  196
  180  165  150  135  120  105   92   78   67   56   48   40   33   27   24   22
   22   22   25   27   31   33   35   37   37   38   38   39   38   38   35   35
   32   32   31   32   31   32   30   30   29   28   26   27   26   26   27   29
   32   38   46   56   70   85   98  120  150                                   
    60.0-180.0 180.0   5.0 450.0                            LAT/LON1/LON2/DLON/H
  158  160  166  174  180  183  190  196  206  215  226  232  234  230  221  210
  196  181  166  150  134  116  100   83   69   54   44   32   25   18   14   12
   11   14   13   19   19   25   26   30   31   35   36   39   38   39   36   36
   32   32   30   32   30   30   29   30   29   28   27   27   26   26   26   28
   31   36   45   55   69   86  103  125  158                                   
    57.5-180.0 180.0   5.0 450.0                            LAT/LON1/LON2/DLON/H
  168  170  174  185  190  193  199  206  215  225  233  239  240  237  229  222
  210  197  182  167  148  130  110   91   74   56   44   32   24   17   15   11
   12   10   13   16   20   23   28   31   34   37   40   42   43   43   41   40
   36   35   33   35   34   34   33   33   33   32   31   30   30   29   30   31
   34   39   47   57   73   91  106  131  168                                   
    55.0-180.0 180.0   5.0 450.0                            LAT/LON1/LON2/DLON/H
  177  178  188  198  205  208  213  219  226  233  239  243  243  241  236  234
  225  215  201  185  165  146  124  103   85   67   53   41   34   28   26   24
   23   24   21   26   25   31   32   39   40   45   47   52   53   54   51   49
   44   44   41   42   41   42   40   41   39   40   37   38   37   37   36   38
   41   46   54   65   80   99  114  140  177                                   
    52.5-180.0 180.0   5.0 450.0                            LAT/LON1/LON2/DLON/H
  189  192  202  215  222  227  231  237  240  245  244  248  245  244  240  240
  234  226  213  198  178  159  137  116   98   79   67   55   48   43   42   38
   38   35   37   36   40   41   46   48   52   55   59   63   65   65   62   60
   55   53   51   51   51   51   50   49   48   47   46   45   45   43   45   45
   50   56   65   78   95  112  125  153  189                                   
    50.0-180.0 180.0   5.0 450.0                            LAT/LON1/LON2/DLON/H
  202  204  219  232  241  247  252  255  254  255  251  249  244  244  239  243
  237  232  218  206  186  169  148  129  112   95   84   72   67   61   59   57
   54   53   49   52   52   57   58   63   64   69   72   76   78   79   76   73
   68   66   63   64   62   63   60   60   57   57   54   54   52   52   52   55
   60   68   79   93  109  126  140  166  202                                   
    47.5-180.0 180.0   5.0 450.0                            LAT/LON1/LON2/DLON/H
  215  220  235  251  262  269  272  274  271  271  262  257  248  245  240  241
  238  230  219  206  190  174  158  142  127  111  102   91   85   79   76   71
   69   63   65   64   69   70   74   75   78   80   85   88   91   91   89   85
   80   78   76   76   76   75   73   70   67   64   62   60   59   58   59   62
   69   79   92  109  127  142  155  180  215                                   
    45.0-180.0 180.0   5.0 450.0                            LAT/LON1/LON2/DLON/H
  225  232  252  267  279  286  288  290  287  285  274  266  252  248  240  244
  238  234  221  211  194  182  169  157  145  128  119  105   99   90   85   81
   74   73   71   77   77   83   83   87   88   91   94   99  101  101   98   95
   90   88   87   87   86   86   82   79   73   71   66   65   63   62   63   68
   76   88  103  121  138  154  168  191  225                                   
    42.5-180.0 180.0   5.0 450.0                            LAT/LON1/LON2/DLON/H
  233  241  259  278  291  298  300  303  301  299  287  276  264  255  248  247
  243  235  225  213  201  190  180  172  159  144  130  116  105   95   88   80
   76   72   78   80   87   88   92   92   95   96  101  105  108  108  106  102
   99   96   96   96   96   94   90   85   80   75   71   67   65   64   67   71
   81   93  111  130  148  163  176  200  233                                   
    40.0-180.0 180.0   5.0 450.0                            LAT/LON1/LON2/DLON/H
  233  244  262  281  295  301  304  308  308  306  294  287  273  268  259  260
  253  249  236  229  217  207  197  187  175  154  139  118  107   92   85   79
   72   75   77   86   89   96   96   99   98  102  105  110  112  112  110  107
  103  102  101  101  101   99   94   89   82   77   71   69   66   66   68   73
   82   96  113  132  149  166  180  203  233                                   
    37.5-180.0 180.0   5.0 450.0                            LAT/LON1/LON2/DLON/H
  231  244  259  281  293  301  304  309  309  309  300  295  287  281  275  274
  268  263  253  245  235  227  215  202  185  162  141  120  104   90   83   75
   73   73   81   87   95   98  101  100  102  103  108  111  115  114  112  109
  106  104  103  104  103  101   97   91   85   78   74   69   68   67   71   75
   85   97  114  132  149  165  180  205  231                                   
    35.0-180.0 180.0   5.0 450.0                            LAT/LON1/LON2/DLON/H
  229  245  263  281  292  297  302  306  309  309  304  305  298  298  290  292
  284  284  274  270  257  249  233  216  191  163  140  117  104   89   86   80
   79   82   88   97  101  107  106  108  105  109  111  116  117  117  115  112
  108  106  104  104  104  102   97   91   84   79   73   71   69   71   73   80
   88  101  115  131  147  164  182  209  229                                   
    32.5-180.0 180.0   5.0 450.0                            LAT/LON1/LON2/DLON/H
  233  250  266  285  291  296  298  302  306  306  307  308  308  306  305  303
  301  299  295  288  278  263  246  221  193  163  139  121  111  102  101   95
   96   96  104  110  118  119  120  116  115  114  116  118  119  117  115  111
  107  103  100   98   98   97   95   90   85   79   75   72   72   74   80   86
   96  108  120  134  150  167  185  216  233                                   
    30.0-180.0 180.0   5.0 450.0                            LAT/LON1/LON2/DLON/H
  244  264  282  292  296  298  299  300  303  303  304  310  311  313  310  311
  309  312  307  304  291  273  248  221  191  162  141  129  128  122  126  116
  115  113  117  123  129  133  130  128  123  123  123  125  125  123  119  114
  110  104   99   97   96   95   93   90   85   81   75   75   74   78   85   94
  105  118  129  142  157  175  197  230  244                                   
    27.5-180.0 180.0   5.0 450.0                            LAT/LON1/LON2/DLON/H
  268  289  304  310  314  313  313  312  312  311  312  316  319  319  317  315
  315  316  316  309  298  273  248  218  191  168  155  152  157  158  163  158
  149  143  142  142  148  150  149  143  140  135  134  131  129  126  121  114
  108   99   93   89   89   89   90   88   84   81   77   76   78   83   92  105
  118  133  145  157  172  193  216  252  268                                   
    25.0-180.0 180.0   5.0 450.0                            LAT/LON1/LON2/DLON/H
  298  323  336  339  342  343  341  341  337  335  330  333  331  332  324  323
  317  319  317  311  295  269  241  215  194  179  177  181  195  203  215  206
  196  181  170  160  161  161  160  156  152  147  145  139  136  131  127  120
  113  102   94   88   87   87   88   87   84   80   77   77   81   87  100  116
  135  152  165  177  193  218  247  283  298                                   
    22.5-180.0 180.0   5.0 450.0                            LAT/LON1/LON2/DLON/H
  337  363  373  377  381  381  382  382  381  374  367  362  358  351  340  332
  324  321  317  308  291  263  239  219  210  204  211  221  243  255  269  257
  242  215  199  179  175  171  171  167  165  161  157  151  144  139  132  124
  115  102   92   84   84   84   85   84   80   77   75   76   80   89  104  125
  149  171  189  204  219  247  277  314  337                                   
    20.0-180.0 180.0   5.0 450.0                            LAT/LON1/LON2/DLON/H
  375  400  410  416  421  427  429  435  432  425  409  404  389  381  359  349
  332  329  320  311  293  267  247  236  235  240  251  267  289  300  310  295
  271  239  211  187  180  171  173  167  167  164  163  156  152  143  137  126
  115  100   90   84   84   83   85   84   80   76   75   76   82   90  109  133
  163  191  212  231  248  276  308  345  375                                   
    17.5-180.0 180.0   5.0 450.0                            LAT/LON1/LON2/DLON/H
  406  430  440  451  460  469  478  488  488  481  466  451  437  419  399  379
  359  346  335  323  308  285  275  273  283  291  305  315  331  337  339  318
  284  249  219  193  180  173  171  168  168  167  166  162  157  149  140  128
  116  101   94   87   89   87   89   86   84   79   78   78   84   94  114  142
  178  210  235  258  276  302  334  371  406                                   
    15.0-180.0 180.0   5.0 450.0                            LAT/LON1/LON2/DLON/H
  431  455  466  481  498  513  525  538  542  539  521  507  486  470  445  422
  397  380  362  352  337  322  315  320  332  346  355  357  360  352  336  309
  273  242  213  188  176  167  166  164  167  166  168  165  162  153  144  131
  119  106   98   95   95   94   94   92   88   82   81   80   85   96  121  154
  193  229  257  282  299  326  359  391  431                                   
    12.5-180.0 180.0   5.0 450.0                            LAT/LON1/LON2/DLON/H
  441  467  478  500  520  540  557  575  587  588  577  562  545  527  506  479
  454  429  410  397  383  373  371  378  394  401  401  387  369  343  316  290
  257  234  211  193  180  172  167  166  168  169  169  168  163  156  146  135
  125  113  108  104  106  103  104   99   95   88   86   84   90  102  129  166
  208  244  274  298  317  343  375  406  441                                   
    10.0-180.0 180.0   5.0 450.0                            LAT/LON1/LON2/DLON/H
  444  471  485  504  529  552  573  600  619  628  619  612  598  588  569  546
  518  492  464  453  438  430  428  435  446  443  425  395  357  319  287  263
  238  220  209  195  189  178  174  172  172  171  170  167  164  155  147  136
  127  118  113  113  112  111  110  106  101   95   92   90   96  109  139  178
  222  257  285  308  327  356  385  411  444                                   
     7.5-180.0 180.0   5.0 450.0                            LAT/LON1/LON2/DLON/H
  436  466  476  500  522  548  572  604  629  645  644  643  638  633  623  607
  578  552  525  511  499  490  489  489  490  472  440  394  339  298  266  250
