data/unet/pred2270.15i
     1.0            IONOSPHERE MAPS     GNSS                IONEX VERSION / TYPE
pyspatialgeodesy        IME             05-JAN-18 20:20     PGM / RUN BY / DATE 
Map Name                                                    COMMENT             
Predicted global ionosphere maps (GIM).                     DESCRIPTION         
  2015     8    15     0     0     0                        EPOCH OF FIRST MAP  
  2015     8    16     0     0     0                        EPOCH OF LAST MAP   
  7200                                                      INTERVAL            
    13                                                      # OF MAPS IN FILE   
  NONE                                                      MAPPING FUNCTION    
10.0                                                        ELEVATION CUTOFF    
One-way carrier phase leveled to code                       OBSERVABLES USED    
  6371.0                                                    BASE RADIUS         
 2                                                          MAP DIMENSION       
   450.0 450.0   0.0                                        HGT1 / HGT2 / DHGT  
    87.5 -87.5  -2.5                                        LAT1 / LAT2 / DLAT  
  -180.0 180.0   5.0                                        LON1 / LON2 / DLON  
    -1                                                      EXPONENT            
                                                            END OF HEADER       
[from data line 1287]
     4                                                      START OF TEC MAP    
  2015     8    15     6     0     0                        EPOCH OF CURRENT MAP
    87.5-180.0 180.0   5.0 450.0                            LAT/LON1/LON2/DLON/H
   96  127  129  127  129  126  129  128  131  129  132  130  133  131  133  131
  133  130  132  129  131  129  130  128  130  128  129  128  129  128  129  127
  128  126  127  124  124  122  122  119  119  117  118  115  116  114  117  115
  118  116  120  117  121  118  122  118  123  119  123  119  123  119  122  119
  123  120  124  121  126  121  134  101   96                                   
    85.0-180.0 180.0   5.0 450.0                            LAT/LON1/LON2/DLON/H
  116  129  121  126  126  124  126  126  127  127  128  128  128  128  128  127
  128  126  126  125  125  123  123  122  121  120  120  119  119  119  118  118
  118  117  117  116  116  115  114  114  112  112  111  111  109  110  110  111
  111  112  112  115  114  116  115  117  117  117  117  117  117  117  117  117
  118  117  118  119  118  113  125  121  116                                   
    82.5-180.0 180.0   5.0 450.0                            LAT/LON1/LON2/DLON/H
  114  122  124  126  127  127  129  129  130  130  130  129  129  128  128  127
  127  125  125  123  123  121  121  119  118  116  116  114  114  113  113  113
  113  112  112  112  112  112  111  112  110  110  110  110  109  110  110  111
  111  113  114  115  117  116  118  117  119  117  119  116  119  116  117  115
  118  116  119  118  119  116  122  112  114                                   
    80.0-180.0 180.0   5.0 450.0                            LAT/LON1/LON2/DLON/H
  119  124  123  122  122  121  123  122  123  120  121  118  119  116  116  115
  115  113  113  112  111  110  109  108  106  105  104  103  103  103  103  103
  104  104  106  106  107  107  108  108  108  107  108  107  108  108  111  111
  114  115  118  119  120  120  121  120  120  118  117  116  115  114  112  111
  111  111  111  113  114  110  113  115  119                                   
    77.5-180.0 180.0   5.0 450.0                            LAT/LON1/LON2/DLON/H
  121  123  122  124  122  124  121  123  119  119  114  114  110  109  107  107
  105  105  103  104  102  101   99   99   95   96   92   94   91   94   91   96
   94  100   97  103   99  106  101  107  102  106  103  108  105  110  111  116
  116  121  122  126  126  128  128  129  127  126  123  123  119  118  113  113
  110  113  111  116  115  114  117  113  121                                   
    75.0-180.0 180.0   5.0 450.0                            LAT/LON1/LON2/DLON/H
  126  128  127  126  122  120  119  116  113  109  105  102   98   96   93   94
   92   94   92   94   91   93   88   90   84   86   80   83   80   84   82   88
   86   92   92   97   96  100  100  101  101  101  104  103  107  108  115  116
  121  122  128  129  133  133  135  133  134  130  129  125  123  119  116  114
  113  113  114  117  119  115  122  118  126                                   
    72.5-180.0 180.0   5.0 450.0                            LAT/LON1/LON2/DLON/H
  127  126  122  125  121  119  114  113  107  103   97   93   90   86   86   84
   85   84   86   86   86   84   83   81   78   76   73   73   72   74   75   80
   81   87   88   94   93   98   96  100   97  101  101  105  106  112  117  123
  124  129  131  135  136  139  138  139  136  134  131  128  125  121  117  116
  113  115  116  121  122  121  125  121  127                                   
    70.0-180.0 180.0   5.0 450.0                            LAT/LON1/LON2/DLON/H
  131  128  127  124  120  114  112  106  101   93   89   82   80   76   75   74
   76   76   78   79   79   79   76   75   70   69   65   65   63   67   67   73
   75   81   84   89   90   93   94   95   96   96  102  103  109  112  121  123
  129  129  135  134  138  137  140  137  138  133  133  128  127  123  120  118
  118  119  122  125  128  125  127  127  131                                   
    67.5-180.0 180.0   5.0 450.0                            LAT/LON1/LON2/DLON/H
  130  127  121  121  114  112  104  101   92   88   80   76   72   70   68   69
   70   72   74   76   76   75   74   72   69   66   64   63   63   65   67   71
   74   80   82   88   86   92   90   95   94   99  101  109  114  122  126  132
  132  135  134  136  134  135  134  134  132  131  128  127  125  123  120  120
  119  122  124  129  130  128  130  127  130                                   
    65.0-180.0 180.0   5.0 450.0                            LAT/LON1/LON2/DLON/H
  132  126  124  119  112  107  102   95   89   81   76   70   67   63   63   62
   64   65   66   68   68   69   66   65   61   61   57   58   57   60   61   66
   68   74   77   82   84   87   89   91   96   97  107  113  122  126  134  134
  137  133  136  131  133  129  132  128  130  125  126  122  123  121  120  120
  122  124  129  131  134  130  128  130  132                                   
    62.5-180.0 180.0   5.0 450.0                            LAT/LON1/LON2/DLON/H
  132  126  119  118  107  104   95   92   82   79   70   68   62   61   58   58
   59   60   61   62   63   61   61   58   58   56   56   55   57   58   61   64
   68   71   74   79   80   84   86   93   97  105  113  124  131  138  141  143
  140  139  134  133  129  128  128  127  126  125  123  123  122  123  121  124
  123  128  130  136  136  134  133  130  132                                   
    60.0-180.0 180.0   5.0 450.0                            LAT/LON1/LON2/DLON/H
  137  127  123  118  109  104   97   91   83   78   72   67   64   60   58   55
   56   54   53   53   52   52   50   51   50   51   51   53   55   57   58   61
   63   67   70   76   77   83   87   92  101  108  120  130  140  144  148  145
  145  139  137  131  130  126  129  124  126  122  122  121  122  123  123  125
  127  130  134  137  139  134  131  134  137                                   
    57.5-180.0 180.0   5.0 450.0                            LAT/LON1/LON2/DLON/H
  143  133  127  124  114  108   98   94   84   80   73   69   64   59   56   53
   52   49   48   45   45   42   43   42   44   44   47   48   52   53   56   56
   61   62   67   70   75   80   85   95  104  114  127  139  146  153  153  154
  149  147  141  139  134  134  132  133  130  130  127  129  128  131  129  132
  132  137  138  144  144  140  138  135  143                                   
    55.0-180.0 180.0   5.0 450.0                            LAT/LON1/LON2/DLON/H
  150  143  142  134  126  118  108  102   91   86   76   73   66   63   57   54
   50   47   43   41   38   37   36   38   40   42   45   48   52   52   54   54
   57   61   65   72   77   85   90  100  110  121  135  146  155  161  163  161
  159  153  152  146  146  142  144  140  141  138  138  136  139  138  138  138
  140  140  144  145  148  144  139  145  150                                   
    52.5-180.0 180.0   5.0 450.0                            LAT/LON1/LON2/DLON/H
  159  158  155  152  142  134  122  112   99   92   82   75   68   63   58   53
   51   46   44   39   38   32   35   32   38   38   43   45   49   48   51   50
   55   57   66   71   80   88   96  107  118  130  144  155  162  170  171  172
  169  168  165  164  162  162  160  159  156  155  151  152  151  152  148  150
  147  151  151  157  156  153  151  154  159                                   
    50.0-180.0 180.0   5.0 450.0                            LAT/LON1/LON2/DLON/H
  169  172  172  167  160  151  141  128  112  102   89   81   71   66   58   56
   52   49   45   43   40   36   37   36   42   42   48   48   52   49   50   50
   54   60   68   78   87   97  105  116  128  139  153  163  174  181  183  184
  183  180  180  177  178  175  175  170  168  162  162  159  161  158  159  156
  158  156  161  161  165  161  157  170  169                                   
    47.5-180.0 180.0   5.0 450.0                            LAT/LON1/LON2/DLON/H
  178  182  183  181  173  167  155  143  124  112   97   87   76   69   63   59
   58   55   55   51   51   45   47   44   48   48   51   51   53   51   52   51
   57   62   73   83   95  108  117  128  140  150  163  173  182  190  193  196
  196  197  197  196  194  192  189  183  180  175  173  173  173  172  169  169
  167  171  170  175  175  171  169  176  178                                   
    45.0-180.0 180.0   5.0 450.0                            LAT/LON1/LON2/DLON/H
  183  188  190  188  184  177  169  153  136  119  104   92   79   72   65   63
   62   62   62   62   62   59   60   58   60   58   59   57   57   54   53   54
   58   67   78   92  104  116  127  137  150  159  171  182  191  198  202  206
  208  208  209  206  204  199  194  187  183  177  175  174  177  175  174  173
  175  176  181  182  186  182  177  190  183                                   
    42.5-180.0 180.0   5.0 450.0                            LAT/LON1/LON2/DLON/H
  184  185  188  188  187  181  172  160  143  127  111   99   86   77   71   68
   69   70   73   73   76   74   76   74   75   71   70   66   65   61   61   60
   65   72   86   99  112  126  135  146  157  167  177  187  197  204  209  215
  217  218  218  214  210  203  198  189  185  179  179  178  181  181  181  182
  184  189  192  195  196  190  186  190  184                                   
    40.0-180.0 180.0   5.0 450.0                            LAT/LON1/LON2/DLON/H
  183  184  182  181  178  174  169  158  145  131  117  105   93   84   76   73
   74   76   79   81   86   87   90   89   90   85   81   75   73   69   66   68
   70   79   90  104  118  129  140  150  161  169  181  190  199  207  215  219
  224  224  223  217  212  205  200  191  188  181  181  180  184  185  186  188
  194  199  205  206  207  201  193  200  183                                   
    37.5-180.0 180.0   5.0 450.0                            LAT/LON1/LON2/DLON/H
  181  177  171  168  166  162  158  150  141  132  121  111  100   91   83   79
   81   81   86   87   95   96  101  101  100   97   90   86   82   79   77   76
   78   82   95  106  120  132  142  153  163  172  183  192  203  212  221  229
  236  236  236  228  224  218  213  207  203  197  197  194  197  196  198  202
  208  214  220  222  222  212  202  202  181                                   
    35.0-180.0 180.0   5.0 450.0                            LAT/LON1/LON2/DLON/H
  186  178  163  156  148  147  142  140  135  132  125  120  108  100   90   86
   84   84   87   92   99  104  109  110  109  104   99   94   93   89   87   86
   84   88   96  106  120  129  141  151  163  171  184  191  205  214  228  235
  245  247  251  246  244  239  235  229  224  217  214  210  210  209  207  213
  219  226  234  236  235  227  217  217  186                                   
    32.5-180.0 180.0   5.0 450.0                            LAT/LON1/LON2/DLON/H
  199  185  166  151  143  134  132  128  128  127  127  122  115  105   97   89
   88   84   89   90  102  105  114  115  114  112  106  104  100  100   97   94
   91   90   96  104  118  126  138  151  163  174  185  194  206  219  233  244
  256  262  270  270  274  274  274  272  266  258  249  243  238  233  229  232
  237  244  253  254  253  245  237  233  199                                   
    30.0-180.0 180.0   5.0 450.0                            LAT/LON1/LON2/DLON/H
  223  203  180  165  145  137  127  127  124  129  128  130  121  115  102   95
   89   87   89   94  103  111  117  121  119  118  112  110  110  107  105  100
   95   90   93   99  113  121  134  146  161  170  184  191  207  218  238  248
  266  272  287  293  305  311  317  317  312  305  292  282  274  263  254  255
  258  265  272  271  270  268  262  259  223                                   
    27.5-180.0 180.0   5.0 450.0                            LAT/LON1/LON2/DLON/H
  255  230  208  186  165  148  136  128  127  128  131  130  127  117  109   97
   95   89   95   95  110  114  125  126  128  126  121  120  118  116  110  104
   96   88   90   94  109  118  133  147  163  176  186  196  206  223  240  257
  273  286  301  316  333  347  359  364  359  352  337  326  313  301  288  286
  285  290  297  296  295  298  292  286  255                                   
    25.0-180.0 180.0   5.0 450.0                            LAT/LON1/LON2/DLON/H
  289  264  240  214  187  169  150  139  132  134  134  136  130  124  112  105
  100   96  100  105  116  123  129  133  133  132  127  125  123  118  112  102
   93   83   83   88  101  113  127  142  159  171  183  191  206  221  245  260
  282  294  318  334  358  377  392  402  397  390  374  360  349  333  319  313
  312  314  320  318  318  327  322  316  289                                   
    22.5-180.0 180.0   5.0 450.0                            LAT/LON1/LON2/DLON/H
  318  302  276  249  219  196  173  157  145  141  140  138  135  127  119  108
  108  103  110  111  125  129  140  139  143  139  135  130  125  118  109   97
   86   77   79   83   98  112  128  145  162  176  186  198  207  227  246  268
  287  307  327  349  373  396  415  423  423  414  400  386  374  361  347  341
  339  342  345  344  343  354  346  340  318                                   
    20.0-180.0 180.0   5.0 450.0                            LAT/LON1/LON2/DLON/H
  345  326  303  278  247  217  188  169  154  146  141  140  136  132  124  120
  118  118  122  126  135  140  145  146  147  143  136  129  121  110  100   86
   77   67   69   77   91  108  124  142  159  172  187  199  213  230  255  275
  300  318  343  361  383  405  422  434  432  429  416  406  397  383  372  364
  363  363  366  361  360  370  365  362  345                                   
    17.5-180.0 180.0   5.0 450.0                            LAT/LON1/LON2/DLON/H
  363  354  330  302  272  242  209  187  167  155  146  142  139  133  130  125
  127  124  131  132  143  145  152  151  151  145  136  125  114  101   90   75
   68   62   66   74   89  107  124  145  162  178  192  210  222  244  262  287
  307  328  348  368  384  401  416  424  426  425  419  414  410  401  392  386
  382  382  380  379  375  388  377  374  363                                   
    15.0-180.0 180.0   5.0 450.0                            LAT/LON1/LON2/DLON/H
  374  361  339  313  285  253  219  196  174  162  152  147  143  142  138  139
  140  140  143  145  150  151  153  150  149  140  130  116  104   87   76   62
   60   53   58   67   83  101  122  141  161  176  195  210  228  246  270  293
  315  334  356  373  385  402  410  420  420  424  422  424  423  417  411  406
  403  400  397  394  392  399  388  383  374                                   
    12.5-180.0 180.0   5.0 450.0                            LAT/LON1/LON2/DLON/H
  376  369  345  316  291  262  230  206  184  172  161  154  151  148  147  146
  148  145  148  145  151  148  151  143  140  131  119  104   92   74   68   57
   55   49   55   64   81  100  121  145  163  183  198  218  234  255  272  297
  316  337  356  373  385  398  406  411  415  420  424  429  432  432  426  423
  419  416  411  408  406  412  397  390  376                                   
    10.0-180.0 180.0   5.0 450.0                            LAT/LON1/LON2/DLON/H
  376  364  338  311  288  262  234  212  187  178  169  164  160  160  158  160
  159  159  155  155  152  149  146  138  132  119  109   92   83   63   63   51
   50   44   49   59   76   95  116  140  161  178  198  214  234  250  273  295
  316  338  357  374  385  398  402  414  420  429  434  441  444  443  440  438
  436  432  427  422  421  419  404  395  376                                   
     7.5-180.0 180.0   5.0 450.0                            LAT/LON1/LON2/DLON/H
  375  366  338  307  285  261  235  213  192  183  174  171  168  168  168  166
  164  160  155  149  146  138  134  125  117  107   96   81   68   54   55   51
