data/unet/pred1870.15i
     1.0            IONOSPHERE MAPS     GNSS                IONEX VERSION / TYPE
pyspatialgeodesy        IME             05-JAN-18 20:20     PGM / RUN BY / DATE 
Map Name                                                    COMMENT             
Predicted global ionosphere maps (GIM).                     DESCRIPTION         
  2015     7     6     0     0     0                        EPOCH OF FIRST MAP  
  2015     7     7     0     0     0                        EPOCH OF LAST MAP   
  7200                                                      INTERVAL            
    13                                                      # OF MAPS IN FILE   
  NONE                                                      MAPPING FUNCTION    
10.0                                                        ELEVATION CUTOFF    
One-way carrier phase leveled to code                       OBSERVABLES USED    
  6371.0                                                    BASE RADIUS         
 2                                                          MAP DIMENSION       
   450.0 450.0   0.0                                        HGT1 / HGT2 / DHGT  
    87.5 -87.5  -2.5                                        LAT1 / LAT2 / DLAT  
  -180.0 180.0   5.0                                        LON1 / LON2 / DLON  
    -1                                                      EXPONENT            
                                                            END OF HEADER       
[from data line 3432]
     9                                                      START OF TEC MAP    
  2015     7     6    16     0     0                        EPOCH OF CURRENT MAP
    87.5-180.0 180.0   5.0 450.0                            LAT/LON1/LON2/DLON/H
  162  167  161  161  160  158  159  158  159  157  158  157  158  156  157  155
  156  155  156  155  156  155  156  155  156  155  155  155  155  154  154  153
  153  153  153  152  152  152  153  152  153  153  154  154  155  155  155  156
  156  157  158  158  159  159  160  160  160  161  161  161  161  161  160  160
  160  160  161  160  159  158  160  180  162                                   
    85.0-180.0 180.0   5.0 450.0                            LAT/LON1/LON2/DLON/H
  143  152  148  151  153  152  153  153  155  153  154  153  154  153  153  152
  153  151  153  151  154  151  154  151  153  150  151  149  151  148  149  147
  148  145  146  144  145  143  144  143  145  144  147  146  149  148  151  150
  153  153  156  155  157  157  158  157  159  157  158  156  157  155  156  153
  154  152  154  151  151  147  148  149  143                                   
    82.5-180.0 180.0   5.0 450.0                            LAT/LON1/LON2/DLON/H
  144  145  145  145  145  146  149  150  151  151  153  153  153  154  153  154
  153  153  152  153  151  152  151  151  150  149  149  147  147  146  146  144
  144  142  142  141  140  140  140  140  140  141  142  144  145  146  148  149
  151  152  155  155  157  157  158  157  158  156  157  154  154  152  151  149
  148  147  146  144  144  138  145  135  144                                   
    80.0-180.0 180.0   5.0 450.0                            LAT/LON1/LON2/DLON/H
  138  140  139  143  143  148  148  153  152  155  154  157  157  157  157  158
  157  158  156  157  155  157  155  156  154  155  152  155  152  154  150  152
  148  150  145  147  142  144  140  142  140  143  142  146  146  150  150  155
  155  159  159  163  163  165  164  165  163  163  161  160  157  156  153  152
  148  148  144  144  139  140  141  133  138                                   
    77.5-180.0 180.0   5.0 450.0                            LAT/LON1/LON2/DLON/H
  131  133  135  137  140  142  148  150  154  153  157  156  159  157  160  158
  160  157  159  156  158  156  158  157  158  158  158  158  158  157  156  154
  153  150  149  146  145  142  141  140  139  139  141  142  144  146  148  151
  154  156  159  161  162  163  163  163  162  161  160  158  156  154  152  150
  148  147  145  142  139  134  134  127  131                                   
    75.0-180.0 180.0   5.0 450.0                            LAT/LON1/LON2/DLON/H
  127  131  134  136  142  145  150  153  156  158  161  162  165  164  166  164
  165  163  164  162  163  162  164  163  164  165  166  166  166  166  165  164
  163  161  158  156  152  151  148  147  144  145  145  146  147  149  152  153
  157  158  161  162  165  165  166  164  165  162  163  159  160  155  156  151
  151  148  149  143  143  138  140  131  127                                   
    72.5-180.0 180.0   5.0 450.0                            LAT/LON1/LON2/DLON/H
  130  133  139  139  145  147  153  155  159  160  163  165  167  167  168  166
  167  163  166  161  164  161  164  163  166  167  168  170  169  171  169  169
  165  165  161  160  156  155  152  150  147  148  147  148  148  151  151  154
  154  157  157  160  159  161  159  160  157  158  156  157  154  154  152  152
  150  151  149  148  146  141  142  135  130                                   
    70.0-180.0 180.0   5.0 450.0                            LAT/LON1/LON2/DLON/H
  137  141  145  145  150  153  156  158  160  162  165  168  171  171  173  171
  171  168  169  166  167  166  167  167  169  170  171  172  173  173  172  172
  170  169  166  164  161  159  156  154  152  152  151  151  152  153  154  155
  156  156  157  157  158  157  157  156  156  155  156  154  155  154  155  154
  154  153  154  152  153  150  153  144  137                                   
    67.5-180.0 180.0   5.0 450.0                            LAT/LON1/LON2/DLON/H
  145  149  154  151  154  155  159  159  161  162  166  168  171  172  173  173
  172  168  169  166  167  164  167  166  168  168  169  170  170  171  170  171
  168  168  165  164  161  160  157  157  154  154  153  154  153  155  153  156
  154  156  152  154  151  151  149  150  147  149  148  151  150  153  153  155
  155  156  155  156  157  153  156  149  145                                   
    65.0-180.0 180.0   5.0 450.0                            LAT/LON1/LON2/DLON/H
  150  156  161  161  163  164  165  165  165  166  167  171  173  174  174  175
  171  171  168  168  167  169  167  170  168  171  169  171  170  171  170  170
  169  168  166  165  163  161  160  159  158  158  158  158  159  159  158  158
  158  157  155  153  151  149  148  145  146  146  149  149  152  153  156  157
  159  160  161  160  162  161  164  157  150                                   
    62.5-180.0 180.0   5.0 450.0                            LAT/LON1/LON2/DLON/H
  151  160  167  164  166  167  168  167  169  168  170  173  176  177  178  179
  177  175  173  173  173  172  175  173  174  171  171  169  170  169  169  169
  168  168  166  165  163  162  161  160  159  161  160  162  160  162  157  160
  156  157  152  153  148  148  144  145  142  145  144  149  149  153  154  157
  157  159  158  159  160  157  162  154  151                                   
    60.0-180.0 180.0   5.0 450.0                            LAT/LON1/LON2/DLON/H
  145  156  165  168  171  173  173  172  172  172  172  175  176  178  178  178
  175  173  169  171  170  174  174  179  176  177  172  172  170  171  170  172
  171  171  169  168  166  164  164  164  165  166  167  168  167  167  164  164
  161  161  157  156  151  150  146  145  144  144  147  148  152  153  156  156
  157  156  156  154  155  154  158  151  145                                   
    57.5-180.0 180.0   5.0 450.0                            LAT/LON1/LON2/DLON/H
  136  151  160  165  170  172  174  173  173  171  172  173  174  176  177  178
  177  174  173  173  173  176  180  183  184  181  179  175  175  172  174  174
  175  174  173  171  168  166  166  167  168  171  172  174  172  171  167  168
  164  164  160  159  154  154  149  150  146  148  147  151  150  153  151  152
  150  148  146  143  142  141  146  139  136                                   
    55.0-180.0 180.0   5.0 450.0                            LAT/LON1/LON2/DLON/H
  124  140  150  161  168  172  175  174  174  173  172  173  174  176  177  177
  175  173  171  169  171  173  179  183  185  185  184  183  182  181  183  184
  184  184  182  180  177  175  175  175  177  180  181  182  181  180  177  176
  174  174  169  170  164  164  158  158  156  155  155  154  154  152  151  148
  146  142  139  131  130  130  135  130  124                                   
    52.5-180.0 180.0   5.0 450.0                            LAT/LON1/LON2/DLON/H
  115  131  142  153  162  169  175  177  177  175  173  173  173  173  175  177
  175  172  170  169  170  172  178  183  186  187  186  187  186  186  189  189
  192  189  188  185  183  181  181  183  185  189  191  192  191  188  185  184
  181  180  177  175  172  171  166  166  163  163  159  159  155  152  147  144
  138  134  129  121  119  118  124  119  115                                   
    50.0-180.0 180.0   5.0 450.0                            LAT/LON1/LON2/DLON/H
  110  123  133  148  159  168  175  179  179  178  176  174  175  175  179  179
  178  174  173  169  171  171  178  181  186  187  189  192  193  194  197  198
  200  200  198  197  195  194  195  196  200  202  204  205  205  202  199  196
  196  194  190  188  185  184  179  179  176  174  170  166  162  155  150  142
  139  130  126  116  115  112  118  115  110                                   
    47.5-180.0 180.0   5.0 450.0                            LAT/LON1/LON2/DLON/H
  112  125  133  146  158  169  177  183  185  184  182  181  181  180  183  184
  182  178  175  172  172  172  178  182  187  190  193  196  198  201  202  204
  205  204  204  204  204  204  205  207  210  213  215  218  216  215  210  208
  205  204  199  199  194  194  190  190  186  184  178  174  167  160  152  145
  139  133  127  119  118  114  120  116  112                                   
    45.0-180.0 180.0   5.0 450.0                            LAT/LON1/LON2/DLON/H
  115  125  131  145  159  171  181  188  191  193  189  189  188  189  191  192
  193  190  186  182  181  180  183  187  191  194  198  203  205  209  210  213
  214  214  213  216  217  220  222  225  227  229  231  231  232  228  227  222
  222  218  215  211  209  207  205  203  202  198  191  185  178  169  161  153
  149  142  137  127  124  120  125  124  115                                   
    42.5-180.0 180.0   5.0 450.0                            LAT/LON1/LON2/DLON/H
  122  132  137  148  159  172  184  193  199  202  201  201  201  200  204  206
  208  204  200  194  192  188  190  192  199  202  208  214  217  221  222  225
  226  226  228  230  234  237  240  242  244  245  246  247  246  245  241  239
  236  234  228  228  222  222  217  218  212  211  203  198  189  180  173  165
  160  153  149  141  137  131  138  134  122                                   
    40.0-180.0 180.0   5.0 450.0                            LAT/LON1/LON2/DLON/H
  127  132  134  147  159  173  187  200  207  214  212  217  212  216  215  220
  221  220  216  210  205  201  200  203  209  216  222  230  232  236  238  242
  243  248  249  257  260  266  266  269  268  268  267  267  267  264  261  257
  255  251  246  243  240  237  234  231  229  224  220  211  205  195  188  182
  176  171  164  157  149  144  147  143  127                                   
    37.5-180.0 180.0   5.0 450.0                            LAT/LON1/LON2/DLON/H
  132  137  137  146  156  170  185  201  213  223  226  230  229  229  231  232
  236  236  233  227  220  214  213  215  222  229  238  245  250  255  259  263
  270  276  283  289  297  296  298  294  295  292  293  291  291  287  284  279
  275  269  263  258  255  251  248  245  240  237  231  227  219  212  205  197
  192  185  180  172  163  156  160  154  132                                   
    35.0-180.0 180.0   5.0 450.0                            LAT/LON1/LON2/DLON/H
  133  134  131  137  147  166  182  202  216  232  238  250  250  254  248  252
  252  252  249  245  239  232  228  231  238  249  258  270  275  286  290  304
  310  323  327  336  340  341  336  332  328  327  326  325  322  317  309  304
  295  287  277  270  266  261  259  253  252  245  241  234  231  223  218  212
  205  199  192  183  173  166  166  161  133                                   
    32.5-180.0 180.0   5.0 450.0                            LAT/LON1/LON2/DLON/H
  134  130  126  131  138  159  177  200  218  237  248  262  267  271  267  265
  264  263  262  258  252  246  241  244  253  266  280  294  305  319  331  345
  358  369  376  380  384  378  374  363  361  355  357  355  353  344  335  324
  313  303  291  283  277  271  268  263  259  253  247  242  237  232  226  220
  212  205  197  188  177  169  170  166  134                                   
    30.0-180.0 180.0   5.0 450.0                            LAT/LON1/LON2/DLON/H
  135  127  115  118  126  151  170  196  216  237  254  274  283  292  287  285
  280  276  273  269  267  262  259  261  273  289  307  324  338  356  371  395
  411  429  433  436  429  421  409  397  389  383  385  381  379  368  356  341
  326  312  298  288  281  274  270  264  261  253  249  241  237  231  227  221
  216  208  202  191  181  173  172  168  135                                   
    27.5-180.0 180.0   5.0 450.0                            LAT/LON1/LON2/DLON/H
  137  126  112  120  121  147  168  195  214  241  256  277  290  303  302  302
  294  289  282  279  274  272  266  274  284  308  326  350  367  393  416  442
  461  474  478  472  464  449  438  421  412  403  400  395  389  378  364  348
  329  315  298  291  280  275  267  265  257  253  245  239  231  226  221  216
  209  203  195  187  175  171  171  168  137                                   
    25.0-180.0 180.0   5.0 450.0                            LAT/LON1/LON2/DLON/H
  142  130  116  120  119  142  161  188  209  233  253  271  291  305  311  311
  307  298  291  288  284  280  281  286  305  323  352  371  401  427  457  485
  500  510  510  502  488  471  456  440  429  422  414  406  396  382  365  346
  326  310  293  281  270  262  256  251  246  239  235  227  220  213  210  205
  202  196  191  182  176  171  170  169  142                                   
    22.5-180.0 180.0   5.0 450.0                            LAT/LON1/LON2/DLON/H
  147  135  121  128  124  146  161  189  206  234  249  272  287  306  314  319
  312  304  299  295  292  292  288  301  313  341  363  397  423  455  484  506
  523  523  521  506  490  472  457  445  433  424  415  403  389  373  350  333
  310  295  277  268  258  253  246  243  235  231  221  214  206  199  195  190
  188  183  178  174  167  166  169  166  147                                   
    20.0-180.0 180.0   5.0 450.0                            LAT/LON1/LON2/DLON/H
  153  140  127  132  129  147  162  183  199  223  239  262  278  295  307  313
  312  303  300  298  300  297  302  305  328  347  382  407  441  468  493  511
  523  521  515  497  481  463  453  444  436  427  419  407  390  368  344  323
  302  284  269  257  248  240  235  229  225  218  210  202  193  186  180  177
  174  171  168  166  164  163  166  168  153                                   
    17.5-180.0 180.0   5.0 450.0                            LAT/LON1/LON2/DLON/H
  153  141  128  134  130  148  158  181  194  216  232  252  268  288  297  311
  310  313  308  307  306  307  307  317  330  361  390  423  453  473  495  500
  509  495  488  465  450  435  429  425  423  417  409  397  378  357  331  313
  291  277  259  249  237  233  226  223  216  211  199  190  181  174  169  164
  163  158  158  156  154  156  161  159  153                                   
    15.0-180.0 180.0   5.0 450.0                            LAT/LON1/LON2/DLON/H
  149  136  127  130  132  143  157  170  187  207  224  244  263  283  299  310
  317  321  323  317  318  317  322  329  348  370  406  432  461  473  488  490
  496  479  470  444  432  418  422  421  426  423  418  405  385  362  337  317
  298  279  263  248  236  227  220  216  211  205  196  184  174  165  159  154
  151  148  148  147  147  148  153  154  149                                   
    12.5-180.0 180.0   5.0 450.0                            LAT/LON1/LON2/DLON/H
  142  128  121  125  123  136  147  164  180  202  223  242  263  282  297  316
  323  340  334  340  330  332  329  341  357  390  420  449  471  475  488  481
  483  466  454  431  419  410  411  416  419  423  415  404  383  361  337  321
  300  284  265  252  235  229  218  217  210  206  194  182  171  160  154  146
  145  140  139  137  137  141  143  140  142                                   
    10.0-180.0 180.0   5.0 450.0                            LAT/LON1/LON2/DLON/H
  131  116  112  113  116  125  140  154  175  197  222  239  262  279  303  317
  334  342  346  344  342  341  342  354  374  403  435  465  481  488  494  488
  483  468  454  436  424  419  423  426  432  432  427  414  393  372  348  330
  311  291  273  254  238  226  218  215  211  205  196  183  170  159  151  144
  140  135  133  131  133  133  130  124  131                                   
     7.5-180.0 180.0   5.0 450.0                            LAT/LON1/LON2/DLON/H
  123  105  103  102  103  112  126  145  167  193  219  243  262  286  301  325
  336  352  354  359  350  351  351  367  388  422  453  479  493  497  498  491
