data/unet/pred0970.15i
     1.0            IONOSPHERE MAPS     GNSS                IONEX VERSION / TYPE
pyspatialgeodesy        IME             05-JAN-18 20:20     PGM / RUN BY / DATE 
Map Name                                                    COMMENT             
Predicted global ionosphere maps (GIM).                     DESCRIPTION         
  2015     4     7     0     0     0                        EPOCH OF FIRST MAP  
  2015     4     8     0     0     0                        EPOCH OF LAST MAP   
  7200                                                      INTERVAL            
    13                                                      # OF MAPS IN FILE   
  NONE                                                      MAPPING FUNCTION    
10.0                                                        ELEVATION CUTOFF    
One-way carrier phase leveled to code                       OBSERVABLES USED    
  6371.0                                                    BASE RADIUS         
 2                                                          MAP DIMENSION       
   450.0 450.0   0.0                                        HGT1 / HGT2 / DHGT  
    87.5 -87.5  -2.5                                        LAT1 / LAT2 / DLAT  
  -180.0 180.0   5.0                                        LON1 / LON2 / DLON  
    -1                                                      EXPONENT            
                                                            END OF HEADER       
[from data line 4719]
    12                                                      START OF TEC MAP    
  2015     4     7    22     0     0                        EPOCH OF CURRENT MAP
    87.5-180.0 180.0   5.0 450.0                            LAT/LON1/LON2/DLON/H
  208  192  186  189  189  190  190  191  191  192  192  193  193  194  193  194
  193  193  192  191  190  188  187  185  183  182  180  178  176  175  173  172
  171  169  169  168  167  166  166  166  166  166  166  166  166  166  167  167
  167  167  169  169  170  171  172  173  174  175  176  177  178  180  180  182
  182  184  186  186  186  185  188  197  208                                   
    85.0-180.0 180.0   5.0 450.0                            LAT/LON1/LON2/DLON/H
  191  189  193  196  195  196  198  200  201  203  205  207  207  209  209  210
  209  209  207  207  204  203  199  197  193  191  187  185  180  178  174  173
  170  169  167  167  164  165  164  165  164  166  165  167  166  168  169  170
  171  173  173  175  176  178  180  182  183  185  185  186  188  188  189  189
  190  190  192  190  192  188  188  201  191                                   
    82.5-180.0 180.0   5.0 450.0                            LAT/LON1/LON2/DLON/H
  183  183  186  192  191  198  199  205  207  212  214  219  220  223  223  226
  224  224  221  220  215  213  207  204  197  194  188  184  178  174  169  166
  162  160  158  157  156  155  155  155  156  157  158  159  161  162  164  165
  167  168  169  171  172  174  175  178  178  182  181  184  183  186  184  186
  185  187  185  187  183  184  180  193  183                                   
    80.0-180.0 180.0   5.0 450.0                            LAT/LON1/LON2/DLON/H
  179  179  180  185  188  195  200  206  212  218  224  229  233  236  239  239
  239  236  234  230  226  220  215  208  202  194  189  181  176  169  164  158
  155  150  149  146  146  145  145  145  147  148  150  151  153  154  156  157
  159  160  162  163  165  166  169  170  174  175  177  178  180  180  180  180
  180  181  179  178  175  173  169  178  179                                   
    77.5-180.0 180.0   5.0 450.0                            LAT/LON1/LON2/DLON/H
  176  175  175  179  185  192  202  208  219  226  237  242  249  251  255  253
  253  247  245  237  233  225  220  212  206  197  191  183  177  169  164  157
  153  148  146  143  142  141  141  141  142  143  145  146  147  148  150  150
  152  152  153  154  156  157  159  162  165  167  169  171  172  173  174  174
  174  174  173  171  169  167  166  175  176                                   
    75.0-180.0 180.0   5.0 450.0                            LAT/LON1/LON2/DLON/H
  175  173  176  180  186  195  205  215  226  237  247  254  261  263  265  262
  259  252  248  240  235  228  224  216  210  202  195  187  180  172  166  159
  154  149  146  142  141  139  139  138  139  140  141  141  143  142  144  142
  143  141  142  141  143  144  147  149  154  156  159  162  165  166  167  168
  169  170  170  168  168  166  165  176  175                                   
    72.5-180.0 180.0   5.0 450.0                            LAT/LON1/LON2/DLON/H
  181  179  179  184  191  199  212  221  235  246  258  265  272  271  270  264
  258  250  244  239  233  229  223  219  213  207  200  192  185  177  171  165
  158  153  148  145  141  139  137  137  136  137  136  137  135  135  134  132
  130  128  126  126  126  127  129  134  137  143  145  151  153  157  158  162
  163  165  166  167  167  168  169  187  181                                   
    70.0-180.0 180.0   5.0 450.0                            LAT/LON1/LON2/DLON/H
  191  188  192  196  200  210  220  231  243  256  267  276  280  279  275  267
  260  250  244  237  233  226  225  220  217  210  205  197  189  181  174  167
  161  154  149  143  140  135  134  132  131  130  130  128  127  125  123  119
  116  112  110  108  108  109  112  116  122  128  133  139  144  148  152  155
  159  163  167  168  172  173  177  196  191                                   
    67.5-180.0 180.0   5.0 450.0                            LAT/LON1/LON2/DLON/H
  204  201  205  207  211  217  227  236  250  262  275  282  285  282  276  267
  257  247  238  233  228  226  224  222  218  214  207  200  191  183  176  168
  162  154  148  141  136  131  127  125  122  121  119  118  114  112  109  105
  100   97   94   92   92   94   97  103  109  117  121  129  134  141  146  151
  156  162  168  172  178  182  185  210  204                                   
    65.0-180.0 180.0   5.0 450.0                            LAT/LON1/LON2/DLON/H
  219  214  221  221  224  228  236  245  256  271  281  290  292  290  283  274
  263  253  244  239  235  231  231  228  225  218  212  203  195  184  176  167
  160  152  145  136  130  123  119  115  112  110  108  106  103  100   97   93
   88   85   82   82   82   86   89   96  101  109  115  122  130  135  144  148
  155  162  171  176  185  188  196  220  219                                   
    62.5-180.0 180.0   5.0 450.0                            LAT/LON1/LON2/DLON/H
  230  226  232  233  233  235  241  248  260  273  285  294  298  297  291  282
  271  261  252  248  245  243  241  238  232  225  216  207  197  187  178  169
  161  151  143  132  124  116  111  107  103  100   97   95   92   89   85   82
   78   75   73   74   76   80   85   92   97  106  111  120  128  136  144  151
  157  166  174  182  191  198  205  231  230                                   
    60.0-180.0 180.0   5.0 450.0                            LAT/LON1/LON2/DLON/H
  238  234  243  243  243  243  247  253  261  275  285  298  303  306  301  296
  284  278  267  265  261  260  257  251  244  233  225  212  204  192  185  173
  164  152  142  130  121  112  106  101   98   95   93   90   86   84   81   79
   75   73   71   74   75   81   85   92   97  105  112  121  131  139  150  156
  165  172  181  188  198  204  212  240  238                                   
    57.5-180.0 180.0   5.0 450.0                            LAT/LON1/LON2/DLON/H
  246  245  252  254  253  253  254  257  264  275  284  297  305  311  310  308
  299  293  283  280  277  274  270  262  252  239  228  218  210  201  193  181
  171  157  145  131  121  112  107  103   99   96   94   90   86   84   81   78
   75   73   73   74   77   82   87   94   99  108  114  125  135  147  157  166
  174  182  190  199  207  215  221  248  246                                   
    55.0-180.0 180.0   5.0 450.0                            LAT/LON1/LON2/DLON/H
  256  256  268  270  269  269  269  270  270  279  285  300  308  318  321  323
  316  312  299  297  291  289  282  276  264  254  242  233  225  217  209  196
  184  167  153  138  127  118  114  110  107  105  102   99   94   92   88   87
   82   82   80   82   83   89   92   99  104  111  120  130  143  154  168  177
  188  195  205  211  221  225  233  258  256                                   
    52.5-180.0 180.0   5.0 450.0                            LAT/LON1/LON2/DLON/H
  269  277  288  292  292  293  290  290  286  291  293  304  313  325  330  334
  328  324  313  308  302  298  293  286  278  268  259  250  243  232  223  208
  195  177  163  147  137  128  125  123  120  117  115  110  107  104  101   98
   94   92   91   91   93   97  100  106  111  119  126  139  151  166  181  193
  204  214  223  232  239  246  251  277  269                                   
    50.0-180.0 180.0   5.0 450.0                            LAT/LON1/LON2/DLON/H
  287  298  309  313  313  316  314  315  309  311  307  317  324  336  342  345
  341  335  324  318  311  306  301  298  293  287  280  274  265  253  237  220
  205  186  172  157  148  140  138  135  133  131  127  125  120  119  115  113
  108  106  103  103  103  106  109  113  118  124  134  146  162  177  195  208
  222  232  247  254  265  268  277  299  287                                   
    47.5-180.0 180.0   5.0 450.0                            LAT/LON1/LON2/DLON/H
  306  320  328  334  338  343  342  344  338  336  329  335  340  351  354  359
  351  343  331  323  318  313  313  311  310  306  301  294  282  266  245  223
  207  188  175  162  155  150  148  145  143  140  138  135  133  131  129  126
  122  118  116  114  115  116  119  122  125  132  140  155  171  190  209  224
  239  253  267  279  291  295  300  323  306                                   
    45.0-180.0 180.0   5.0 450.0                            LAT/LON1/LON2/DLON/H
  326  338  347  356  360  366  368  370  365  363  354  359  360  370  370  371
  363  351  339  330  326  323  323  323  323  320  314  306  290  270  243  219
  202  184  175  163  161  155  155  151  150  147  146  144  145  144  142  139
  135  131  127  124  125  125  127  127  131  135  145  158  178  198  219  235
  253  268  285  296  312  315  326  343  326                                   
    42.5-180.0 180.0   5.0 450.0                            LAT/LON1/LON2/DLON/H
  342  353  363  375  379  387  390  397  393  394  384  387  386  392  388  387
  376  364  350  342  339  338  338  337  335  330  322  310  290  263  233  209
  192  178  170  164  162  159  157  153  151  149  149  150  151  152  152  150
  147  141  137  134  134  134  135  134  135  140  147  163  183  207  228  245
  263  280  297  313  329  337  345  359  342                                   
    40.0-180.0 180.0   5.0 450.0                            LAT/LON1/LON2/DLON/H
  357  367  379  391  396  404  410  421  423  425  417  420  416  419  411  408
  395  381  368  358  356  353  352  347  342  334  323  308  283  252  221  197
  184  172  171  166  168  163  164  158  158  154  157  156  160  160  161  158
  155  149  146  143  142  143  142  141  140  143  151  166  189  212  235  251
  271  285  306  321  341  351  361  369  357                                   
    37.5-180.0 180.0   5.0 450.0                            LAT/LON1/LON2/DLON/H
  365  377  389  402  406  417  424  441  445  452  445  448  442  443  435  432
  419  406  392  382  377  373  368  360  351  340  325  305  277  242  213  194
  184  177  179  177  178  174  172  166  165  162  164  165  167  166  166  163
  158  154  150  148  148  148  148  147  145  147  153  168  192  216  241  259
  279  294  313  330  349  363  369  377  365                                   
    35.0-180.0 180.0   5.0 450.0                            LAT/LON1/LON2/DLON/H
  380  391  404  414  423  430  441  455  466  472  471  473  468  468  461  457
  445  431  418  405  397  388  381  370  360  343  324  301  271  237  212  197
  193  193  200  200  202  195  193  185  184  178  179  176  176  172  170  166
  161  157  153  153  152  156  154  156  150  153  157  175  198  227  252  273
  293  308  324  338  353  366  375  383  380                                   
    32.5-180.0 180.0   5.0 450.0                            LAT/LON1/LON2/DLON/H
  395  411  418  432  438  449  460  476  487  496  496  498  494  494  487  483
  472  460  448  434  421  409  398  386  372  355  333  308  281  253  234  227
  230  238  246  247  242  230  219  211  203  196  194  189  187  182  177  171
  166  159  156  154  155  156  156  155  153  153  163  182  209  236  264  284
  306  321  339  349  364  376  385  394  395                                   
    30.0-180.0 180.0   5.0 450.0                            LAT/LON1/LON2/DLON/H
  418  435  443  452  467  473  489  498  516  521  527  526  525  522  514  510
  499  488  475  460  443  426  411  395  382  363  348  326  308  289  283  286
  298  308  312  310  301  287  272  256  246  237  235  227  222  210  202  191
  184  175  171  168  165  166  161  159  150  152  154  176  203  242  272  303
  326  345  360  367  379  387  400  410  418                                   
    27.5-180.0 180.0   5.0 450.0                            LAT/LON1/LON2/DLON/H
  445  467  474  492  503  513  526  541  558  569  572  572  564  559  548  542
  530  519  504  485  463  443  424  407  393  381  369  362  353  353  359  373
  380  392  384  378  362  349  330  312  290  275  265  259  248  238  226  215
  204  196  192  188  184  181  175  170  164  162  166  175  207  242  284  313
  345  362  384  394  404  410  424  435  445                                   
    25.0-180.0 180.0   5.0 450.0                            LAT/LON1/LON2/DLON/H
  474  496  508  529  542  556  570  589  610  622  628  625  616  603  589  576
  562  545  526  503  478  453  435  417  410  399  399  401  406  408  419  436
  442  446  433  423  397  388  367  353  330  316  299  291  277  262  246  232
  217  208  201  199  192  190  178  174  161  162  161  179  208  251  291  331
  355  380  398  412  424  433  447  457  474                                   
    22.5-180.0 180.0   5.0 450.0                            LAT/LON1/LON2/DLON/H
  502  527  546  575  594  612  629  654  677  693  696  694  677  661  633  616
  599  582  554  522  493  469  450  440  433  434  435  436  441  454  466  483
  486  485  458  433  407  397  383  374  355  340  325  317  303  285  266  248
  236  222  216  208  198  191  178  172  163  160  167  176  210  249  301  339
  372  397  413  428  443  459  473  489  502                                   
    20.0-180.0 180.0   5.0 450.0                            LAT/LON1/LON2/DLON/H
  529  556  579  613  635  664  682  719  746  769  772  772  748  728  691  666
  636  612  573  541  508  485  468  462  462  457  456  463  471  480  487  501
  499  486  451  423  396  388  377  379  357  349  328  325  314  303  286  268
  253  239  230  218  205  190  179  168  162  158  164  177  206  249  297  343
  374  405  425  442  458  476  495  515  529                                   
    17.5-180.0 180.0   5.0 450.0                            LAT/LON1/LON2/DLON/H
  553  593  617  651  678  708  736  780  817  845  858  854  832  807  767  731
  690  651  608  565  534  505  495  488  490  487  483  479  474  474  472  477
  465  443  410  383  364  357  356  359  353  342  328  319  316  308  299  281
  266  252  240  227  209  194  175  169  158  162  166  180  210  247  293  335
  372  406  428  451  475  499  518  540  553                                   
    15.0-180.0 180.0   5.0 450.0                            LAT/LON1/LON2/DLON/H
  577  624  645  680  713  746  777  830  870  904  916  923  902  883  840  810
  758  710  651  608  562  539  523  518  512  507  490  473  453  438  424  412
  395  376  354  339  329  329  330  339  332  326  309  307  300  303  294  285
  269  259  244  233  212  195  175  166  159  161  169  182  210  240  284  327
  364  398  423  451  480  510  536  555  577                                   
    12.5-180.0 180.0   5.0 450.0                            LAT/LON1/LON2/DLON/H
  589  645  670  703  733  760  795  845  892  925  959  967  967  948  921  880
  833  777  720  664  622  592  583  571  553  532  494  459  417  387  358  339
  320  316  307  305  305  310  315  320  316  307  293  286  286  286  282  273
  263  248  236  223  199  182  162  160  152  161  172  180  199  231  276  322
  358  390  416  449  483  522  551  569  589                                   
    10.0-180.0 180.0   5.0 450.0                            LAT/LON1/LON2/DLON/H
  599  663  683  715  742  766  797  847  897  936  970  988  999  996  971  940
  889  840  782  737  682  652  624  618  579  543  490  435  380  333  300  279
  266  270  281  289  300  310  316  317  306  294  277  271  266  269  260  254
  240  229  212  199  180  169  154  153  148  151  158  169  188  222  267  314
  350  383  412  449  487  531  566  581  599                                   
     7.5-180.0 180.0   5.0 450.0                            LAT/LON1/LON2/DLON/H
  606  670  694  727  743  762  787  825  874  910  951  975 1000 1005 1001  972
  939  885  838  795  758  715  681  651  609  565  488  423  356  309  277  262
