data/unet/pred2560.15i
     1.0            IONOSPHERE MAPS     GNSS                IONEX VERSION / TYPE
pyspatialgeodesy        IME             05-JAN-18 20:20     PGM / RUN BY / DATE 
Map Name                                                    COMMENT             
Predicted global ionosphere maps (GIM).                     DESCRIPTION         
  2015     9    13     0     0     0                        EPOCH OF FIRST MAP  
  2015     9    14     0     0     0                        EPOCH OF LAST MAP   
  7200                                                      INTERVAL            
    13                                                      # OF MAPS IN FILE   
  NONE                                                      MAPPING FUNCTION    
10.0                                                        ELEVATION CUTOFF    
One-way carrier phase leveled to code                       OBSERVABLES USED    
  6371.0                                                    BASE RADIUS         
 2                                                          MAP DIMENSION       
   450.0 450.0   0.0                                        HGT1 / HGT2 / DHGT  
    87.5 -87.5  -2.5                                        LAT1 / LAT2 / DLAT  
  -180.0 180.0   5.0                                        LON1 / LON2 / DLON  
    -1                                                      EXPONENT            
                                                            END OF HEADER       
     1                                                      START OF TEC MAP    
  2015     9    13     0     0     0                        EPOCH OF CURRENT MAP
    87.5-180.0 180.0   5.0 450.0                            LAT/LON1/LON2/DLON/H
  134  102   97   91   93   88   93   89   93   89   92   88   92   87   90   85
   89   84   88   83   88   82   87   81   86   81   85   80   84   79   82   78
   81   77   80   76   80   76   79   76   80   76   81   77   82   79   83   80
   85   81   86   83   87   84   88   85   89   85   90   86   90   86   90   86
   91   87   91   88   96   92  101  123  134                                   
    85.0-180.0 180.0   5.0 450.0                            LAT/LON1/LON2/DLON/H
  110   94   97   94   94   89   93   91   94   91   91   89   90   87   86   83
   84   81   81   78   79   76   77   73   75   70   72   68   70   65   68   63
   66   62   64   61   64   61   64   61   66   63   67   65   70   68   72   70
   75   73   77   75   80   78   82   80   84   82   85   83   87   84   88   84
   88   85   90   86   94   86   86  100  110                                   
    82.5-180.0 180.0   5.0 450.0                            LAT/LON1/LON2/DLON/H
  106   95  100  101  100   96  101   98  102   97  100   95   98   92   93   88
   90   84   85   79   81   75   76   71   72   66   67   62   63   58   60   55
   58   53   57   52   57   53   58   55   61   57   64   61   67   64   70   68
   73   70   76   74   79   77   82   80   85   83   87   85   89   86   90   87
   91   88   93   91   97   90   90  100  106                                   
    80.0-180.0 180.0   5.0 450.0                            LAT/LON1/LON2/DLON/H
  107  101  105  109  107  107  110  111  112  111  110  109  109  106  105  102
  100   97   94   91   88   84   81   77   75   70   68   64   62   58   57   55
   55   53   54   52   54   54   56   56   59   59   63   63   67   66   70   70
   73   72   76   76   80   80   83   84   87   87   89   90   92   92   93   94
   95   95   97   98  100   96   94  103  107                                   
    77.5-180.0 180.0   5.0 450.0                            LAT/LON1/LON2/DLON/H
  110  101  105  108  107  108  111  112  114  114  115  114  114  112  110  107
  105  101   99   95   92   88   85   80   76   71   67   63   60   55   54   51
   50   48   49   49   50   50   52   53   55   55   58   59   61   61   64   64
   66   65   68   69   72   72   76   77   80   81   84   85   87   88   89   90
   91   91   94   94   96   93   93   99  110                                   
    75.0-180.0 180.0   5.0 450.0                            LAT/LON1/LON2/DLON/H
  107   98  102  107  107  110  114  116  119  120  122  122  122  120  118  115
  112  108  105  101   97   92   88   83   78   72   68   63   59   55   52   50
   49   48   48   48   48   49   50   51   52   53   55   56   57   57   58   59
   59   60   61   63   65   67   70   73   76   78   81   83   84   85   86   87
   87   88   90   91   92   90   89   97  107                                   
    72.5-180.0 180.0   5.0 450.0                            LAT/LON1/LON2/DLON/H
  107   95  100  105  106  110  115  119  122  124  127  128  128  126  124  120
  115  111  107  102   97   93   88   83   77   71   66   61   57   53   51   49
   48   46   47   46   47   46   48   48   49   49   51   51   52   51   53   52
   52   51   54   54   57   58   63   66   70   72   76   78   80   81   82   82
   83   83   85   86   88   86   86   95  107                                   
    70.0-180.0 180.0   5.0 450.0                            LAT/LON1/LON2/DLON/H
  102   91   98  104  106  111  117  122  126  129  133  135  134  131  127  121
  117  111  107  100   95   89   85   79   73   67   63   58   55   51   50   48
   47   45   46   45   45   44   45   44   45   45   47   46   46   46   46   46
   45   45   46   47   50   52   57   61   66   69   73   76   78   79   80   80
   80   80   82   83   85   84   85   95  102                                   
    67.5-180.0 180.0   5.0 450.0                            LAT/LON1/LON2/DLON/H
  104   90   98  104  106  111  117  123  128  133  136  139  138  135  131  125
  118  112  106   99   92   86   80   74   68   62   58   54   52   49   48   46
   46   43   44   41   41   39   40   39   40   39   42   41   42   40   42   40
   41   39   42   42   45   48   54   59   65   68   73   76   78   79   80   80
   80   80   83   83   86   85   86   95  104                                   
    65.0-180.0 180.0   5.0 450.0                            LAT/LON1/LON2/DLON/H
  102   92   99  105  106  111  117  123  129  134  138  142  141  139  133  127
  120  113  105   97   89   81   75   68   63   57   54   50   49   47   47   45
   45   42   41   38   37   35   35   34   35   35   37   37   37   37   37   37
   36   36   37   39   42   46   53   59   66   71   76   79   81   82   83   83
   83   83   86   87   90   89   90   99  102                                   
    62.5-180.0 180.0   5.0 450.0                            LAT/LON1/LON2/DLON/H
  108   96  102  106  105  108  114  120  127  132  137  140  142  140  136  131
  123  116  106   98   88   80   72   65   59   54   51   48   47   45   46   43
   43   39   38   34   32   29   29   28   30   30   32   32   33   33   34   32
   33   32   35   36   41   45   53   60   68   74   79   83   85   86   87   87
   87   88   91   93   95   95   97  102  108                                   
    60.0-180.0 180.0   5.0 450.0                            LAT/LON1/LON2/DLON/H
  108  102  105  108  105  107  111  116  122  128  133  138  139  141  138  135
  127  120  109  100   90   80   72   63   59   53   50   48   47   46   46   43
   42   38   35   31   29   26   25   25   27   28   30   30   31   31   31   30
   31   31   33   34   39   44   53   61   71   77   83   87   89   90   91   91
   92   93   97  100  102  102  103  107  108                                   
    57.5-180.0 180.0   5.0 450.0                            LAT/LON1/LON2/DLON/H
  118  111  112  112  107  106  108  111  117  122  128  132  136  139  139  138
  131  125  114  105   94   86   76   69   63   58   54   51   50   49   47   44
   42   37   34   30   27   25   24   25   27   28   29   30   31   30   30   29
   30   29   32   33   39   44   54   63   74   81   88   91   94   94   94   95
   96   99  103  107  110  110  111  111  118                                   
    55.0-180.0 180.0   5.0 450.0                            LAT/LON1/LON2/DLON/H
  121  120  119  117  110  106  106  108  111  116  121  127  133  138  139  140
  136  131  121  112  103   94   86   78   72   66   62   57   56   53   50   46
   43   38   34   30   28   27   26   28   29   31   31   32   32   31   31   30
   31   30   33   34   40   45   55   65   76   84   91   95   97   98   98   99
  101  104  110  113  117  117  118  116  121                                   
    52.5-180.0 180.0   5.0 450.0                            LAT/LON1/LON2/DLON/H
  134  131  128  125  116  110  107  106  109  112  117  122  128  134  137  140
  138  134  127  120  111  105   97   91   84   78   71   66   62   58   54   49
   45   40   37   34   32   31   32   33   34   35   35   35   34   32   32   31
   33   32   34   35   41   47   57   66   78   86   93   97   99  100  101  102
  105  109  114  119  124  125  124  120  134                                   
    50.0-180.0 180.0   5.0 450.0                            LAT/LON1/LON2/DLON/H
  138  138  136  132  123  116  111  108  108  109  112  117  124  130  135  138
  138  137  132  127  121  116  109  103   97   89   83   75   69   62   57   51
   47   42   39   37   36   37   38   39   41   41   41   40   38   37   36   36
   37   37   39   40   46   52   62   72   84   92   98  102  104  105  106  107
  110  114  121  125  130  130  129  124  138                                   
    47.5-180.0 180.0   5.0 450.0                            LAT/LON1/LON2/DLON/H
  149  147  144  141  132  124  119  114  112  111  113  117  122  128  133  137
  138  139  137  135  130  126  121  115  108  101   92   83   74   67   59   53
   48   45   44   42   43   44   46   47   49   48   48   46   45   43   42   42
   44   44   45   46   51   58   68   79   89   97  103  107  109  110  111  113
  116  121  126  131  135  135  133  126  149                                   
    45.0-180.0 180.0   5.0 450.0                            LAT/LON1/LON2/DLON/H
  149  150  150  148  139  132  127  121  117  113  113  117  122  128  134  138
  141  143  144  144  140  137  132  126  119  110  101   89   79   68   61   53
   50   48   48   48   50   51   53   54   55   56   55   54   52   51   50   50
   51   51   52   53   58   66   76   86   98  105  111  115  118  118  120  122
  125  129  134  138  140  140  137  131  149                                   
    42.5-180.0 180.0   5.0 450.0                            LAT/LON1/LON2/DLON/H
  156  154  154  152  144  137  132  128  123  119  118  121  126  133  138  143
  146  150  152  154  151  148  142  136  127  118  106   94   81   70   61   55
   52   51   52   54   56   57   59   60   62   63   64   62   61   59   58   58
   59   58   59   60   66   73   84   94  105  113  119  123  126  128  129  131
  134  138  141  144  145  144  143  138  156                                   
    40.0-180.0 180.0   5.0 450.0                            LAT/LON1/LON2/DLON/H
  155  155  156  153  144  138  135  131  128  124  122  125  130  137  143  149
  154  159  162  164  161  156  149  142  133  122  110   96   83   70   61   55
   54   54   57   59   62   64   65   67   69   71   73   72   71   69   68   67
   67   65   65   65   72   80   92  101  114  120  127  131  136  137  140  140
  144  146  150  152  152  150  149  145  155                                   
    37.5-180.0 180.0   5.0 450.0                            LAT/LON1/LON2/DLON/H
  161  157  157  153  143  138  135  134  131  130  128  133  139  148  153  160
  165  171  174  175  170  165  155  147  136  126  112   99   84   73   63   58
   57   58   62   64   67   69   70   72   76   80   82   82   81   78   76   74
   73   71   71   71   78   87  100  110  122  129  135  139  143  146  149  150
  153  156  159  161  159  157  159  154  161                                   
    35.0-180.0 180.0   5.0 450.0                            LAT/LON1/LON2/DLON/H
  165  164  163  156  145  139  138  136  135  133  134  139  147  157  164  172
  178  183  185  184  178  169  158  148  138  127  114   99   86   73   65   60
   60   62   65   68   71   73   75   77   83   88   92   92   91   86   83   78
   77   73   73   72   81   90  105  115  128  134  141  145  150  153  158  159
  163  165  170  171  168  169  171  168  165                                   
    32.5-180.0 180.0   5.0 450.0                            LAT/LON1/LON2/DLON/H
  180  176  174  166  154  150  145  145  142  142  142  149  158  169  176  184
  188  193  193  190  180  170  157  148  137  127  114  102   88   77   68   65
   64   66   69   72   74   77   79   83   88   95   99   99   96   91   85   80
   77   74   72   73   82   94  110  122  135  141  147  151  156  160  165  167
  171  174  179  181  179  180  186  185  180                                   
    30.0-180.0 180.0   5.0 450.0                            LAT/LON1/LON2/DLON/H
  204  201  200  188  178  170  166  161  158  155  155  161  170  181  188  194
  197  200  196  190  178  165  152  142  134  124  113  100   89   78   71   67
   68   69   72   75   77   80   84   88   95  101  105  104  100   92   85   78
   74   69   68   68   78   89  108  118  135  141  151  156  163  168  175  177
  182  184  190  192  191  195  202  205  204                                   
    27.5-180.0 180.0   5.0 450.0                            LAT/LON1/LON2/DLON/H
  242  235  235  225  212  206  199  192  185  180  177  182  188  197  200  203
  201  201  193  185  170  158  145  138  129  122  111  101   89   81   74   72
   71   73   75   79   81   86   89   94  100  105  107  104   98   89   80   73
   68   63   62   63   71   83   99  113  129  139  151  160  169  177  186  189
  195  197  203  205  206  211  221  226  242                                   
    25.0-180.0 180.0   5.0 450.0                            LAT/LON1/LON2/DLON/H
  282  280  281  269  262  252  243  232  223  213  208  207  211  214  213  210
  204  198  187  174  159  147  138  131  126  118  110   99   90   83   78   75
   76   77   79   82   85   88   94   98  104  107  108  102   95   84   75   66
   62   57   56   56   64   76   94  109  128  139  154  164  177  187  200  203
  212  213  220  222  224  233  244  253  282                                   
    22.5-180.0 180.0   5.0 450.0                            LAT/LON1/LON2/DLON/H
  329  326  327  323  314  308  296  285  272  259  248  244  241  238  229  218
  205  194  178  164  149  141  132  128  123  117  108  100   90   85   81   79
   79   81   82   84   86   90   95  100  104  106  105   99   90   80   70   62
   56   51   47   45   53   65   87  107  129  142  158  171  188  200  213  221
  230  234  243  246  251  259  267  277  329                                   
    20.0-180.0 180.0   5.0 450.0                            LAT/LON1/LON2/DLON/H
  371  376  380  375  376  367  358  343  330  311  299  287  280  268  251  231
  211  194  175  158  145  136  132  127  123  116  109  100   93   88   86   85
   87   88   88   89   90   93   98  101  105  104  103   95   88   77   69   60
   55   47   42   41   47   60   83  108  134  150  169  183  202  214  232  242
  256  263  273  278  282  290  300  309  371                                   
    17.5-180.0 180.0   5.0 450.0                            LAT/LON1/LON2/DLON/H
  405  414  424  431  431  429  416  404  385  369  351  337  321  304  280  254
  227  205  182  164  150  143  137  133  126  118  110  103   97   95   94   94
   95   95   95   95   94   95   99  102  104  103  100   94   86   77   69   61
   51   43   36   32   37   50   74  103  135  158  179  198  219  236  255  270
  286  298  310  316  322  329  333  342  405                                   
    15.0-180.0 180.0   5.0 450.0                            LAT/LON1/LON2/DLON/H
  435  452  462  469  474  474  467  457  443  425  405  385  366  343  314  285
  254  227  202  182  167  157  151  142  134  123  116  109  107  106  107  108
  109  110  108  107  105  104  106  106  107  103  102   94   89   79   74   63
   54   44   37   35   38   52   75  107  141  168  192  214  237  256  276  296
  314  330  344  355  360  370  377  382  435                                   
    12.5-180.0 180.0   5.0 450.0                            LAT/LON1/LON2/DLON/H
  454  470  481  492  498  501  496  493  482  471  450  431  405  382  352  323
  292  264  236  214  195  184  171  158  144  131  123  119  118  120  122  125
  126  127  125  123  118  115  113  112  110  107  103   98   92   84   75   65
   54   44   37   33   39   53   77  109  146  176  204  230  255  275  299  320
  342  359  379  389  397  410  413  416  454                                   
    10.0-180.0 180.0   5.0 450.0                            LAT/LON1/LON2/DLON/H
  475  494  499  507  514  517  516  515  511  501  486  466  442  417  388  362
  335  309  282  258  235  217  199  179  161  145  139  136  138  141  144  145
  147  147  145  140  134  126  122  118  117  111  110  102   97   86   79   65
   55   43   35   34   39   54   77  107  144  176  208  238  265  291  314  339
  361  383  404  417  428  439  450  446  475                                   
     7.5-180.0 180.0   5.0 450.0                            LAT/LON1/LON2/DLON/H
  487  500  506  514  519  521  521  522  520  514  501  486  465  447  420  402
  376  356  329  305  277  252  226  200  177  162  155  157  160  163  165  165
