data/unet/pred3210.15i
     1.0            IONOSPHERE MAPS     GNSS                IONEX VERSION / TYPE
pyspatialgeodesy        IME             05-JAN-18 20:20     PGM / RUN BY / DATE 
Map Name                                                    COMMENT             
Predicted global ionosphere maps (GIM).                     DESCRIPTION         
  2015    11    17     0     0     0                        EPOCH OF FIRST MAP  
  2015    11    18     0     0     0                        EPOCH OF LAST MAP   
  7200                                                      INTERVAL            
    13                                                      # OF MAPS IN FILE   
  NONE                                                      MAPPING FUNCTION    
10.0                                                        ELEVATION CUTOFF    
One-way carrier phase leveled to code                       OBSERVABLES USED    
  6371.0                                                    BASE RADIUS         
 2                                                          MAP DIMENSION       
   450.0 450.0   0.0                                        HGT1 / HGT2 / DHGT  
    87.5 -87.5  -2.5                                        LAT1 / LAT2 / DLAT  
  -180.0 180.0   5.0                                        LON1 / LON2 / DLON  
    -1                                                      EXPONENT            
                                                            END OF HEADER       
[from data line 4290]
    11                                                      START OF TEC MAP    
  2015    11    17    20     0     0                        EPOCH OF CURRENT MAP
    87.5-180.0 180.0   5.0 450.0                            LAT/LON1/LON2/DLON/H
  136  105   87   92   90   93   91   93   92   95   94   97   96   98   96   99
   97   98   95   97   93   94   90   91   87   87   84   84   82   82   80   80
   79   79   78   78   77   77   76   76   75   76   75   76   75   77   76   78
   78   80   79   81   82   83   83   84   84   85   84   86   85   87   86   87
   86   88   87   87   88   89   85  120  136                                   
    85.0-180.0 180.0   5.0 450.0                            LAT/LON1/LON2/DLON/H
   80   75   76   81   82   83   84   85   88   89   91   93   94   96   95   97
   95   96   93   93   90   89   85   84   81   79   76   75   73   71   70   67
   68   65   65   63   64   62   63   61   63   61   64   62   65   64   67   67
   69   70   72   72   74   75   76   76   77   77   78   77   78   77   78   77
   78   76   77   75   77   74   73   90   80                                   
    82.5-180.0 180.0   5.0 450.0                            LAT/LON1/LON2/DLON/H
   68   67   68   71   73   76   78   83   86   90   93   97   99  102  102  104
  103  103  100   99   94   92   86   84   78   77   70   70   65   65   60   60
   57   57   54   54   51   52   50   50   49   50   50   51   52   53   55   56
   59   60   62   63   66   67   68   68   69   69   69   69   69   68   67   67
   66   66   65   64   64   61   57   66   68                                   
    80.0-180.0 180.0   5.0 450.0                            LAT/LON1/LON2/DLON/H
   60   51   52   53   56   60   66   70   77   81   89   92   99  100  105  103
  106  102  101   96   92   85   80   74   69   64   59   56   53   50   48   47
   46   45   44   42   43   40   41   38   40   38   40   38   41   41   45   44
   50   49   55   54   59   57   62   60   63   60   63   59   61   57   58   54
   54   50   51   46   49   46   43   50   60                                   
    77.5-180.0 180.0   5.0 450.0                            LAT/LON1/LON2/DLON/H
   47   42   38   43   44   51   55   64   69   77   83   92   97  104  107  110
  108  106  101   97   89   81   74   66   60   53   50   46   44   42   42   41
   42   41   41   40   39   38   37   35   34   33   33   33   34   36   38   41
   44   46   49   51   53   55   56   56   56   55   54   52   51   49   47   44
   43   40   39   36   36   34   32   36   47                                   
    75.0-180.0 180.0   5.0 450.0                            LAT/LON1/LON2/DLON/H
   41   35   34   40   42   47   52   58   66   74   84   92  101  106  112  113
  113  109  104   96   88   79   70   61   53   48   41   40   37   39   39   41
   42   44   44   45   43   43   40   39   35   36   34   35   35   38   39   42
   45   48   50   52   54   54   55   54   54   53   52   50   49   46   45   42
   40   37   37   32   34   31   34   37   41                                   
    72.5-180.0 180.0   5.0 450.0                            LAT/LON1/LON2/DLON/H
   42   41   38   43   43   48   51   60   66   77   85   96  105  113  117  120
  118  114  107   99   89   79   68   59   50   44   39   37   37   38   40   43
   46   48   49   50   47   47   42   42   36   36   32   34   32   36   37   41
   44   47   49   51   52   52   52   51   49   48   46   45   43   42   40   38
   36   35   34   33   33   33   36   37   42                                   
    70.0-180.0 180.0   5.0 450.0                            LAT/LON1/LON2/DLON/H
   46   47   48   52   54   56   60   65   73   80   91   98  110  114  122  121
  123  116  111  100   92   80   70   60   51   45   39   37   35   39   40   44
   46   50   50   51   49   47   44   42   38   36   34   34   34   37   40   43
   47   49   52   51   53   51   51   48   47   45   44   42   42   40   40   37
   38   36   37   34   37   36   43   45   46                                   
    67.5-180.0 180.0   5.0 450.0                            LAT/LON1/LON2/DLON/H
   56   60   59   64   63   67   69   75   81   89   98  106  117  122  128  128
  128  122  116  107   98   88   78   67   57   49   43   40   39   40   42   45
   47   49   49   49   47   46   41   40   35   34   31   31   31   34   37   40
   43   46   47   47   46   45   43   42   40   39   37   37   36   36   36   35
   35   35   35   35   38   41   47   50   56                                   
    65.0-180.0 180.0   5.0 450.0                            LAT/LON1/LON2/DLON/H
   62   69   72   77   79   80   83   87   92  100  109  117  126  130  135  135
  135  129  125  116  109   99   89   79   67   59   50   46   42   44   42   45
   44   46   44   43   40   38   35   34   31   30   29   30   30   34   37   41
   42   44   44   44   42   40   38   36   36   34   34   34   35   35   35   35
   35   34   36   34   39   41   52   58   62                                   
    62.5-180.0 180.0   5.0 450.0                            LAT/LON1/LON2/DLON/H
   67   76   77   85   87   90   93   99  105  112  123  129  139  141  145  143
  143  138  135  128  123  114  105   93   81   69   59   52   47   46   44   44
   42   41   38   35   32   30   28   27   25   24   23   23   25   27   31   33
   35   36   36   34   32   30   29   29   28   29   29   30   30   31   31   31
   31   29   31   30   34   38   49   57   67                                   
    60.0-180.0 180.0   5.0 450.0                            LAT/LON1/LON2/DLON/H
   68   77   85   93   99  104  109  116  122  130  138  146  150  152  152  151
  150  148  145  141  138  130  122  110   97   84   71   63   56   53   49   47
   43   39   34   29   26   24   22   22   21   22   22   24   25   28   29   32
   32   32   31   29   27   26   26   26   27   28   29   29   31   31   32   31
   31   29   29   27   32   35   48   58   68                                   
    57.5-180.0 180.0   5.0 450.0                            LAT/LON1/LON2/DLON/H
   70   81   87  100  109  116  123  131  141  150  159  164  169  167  167  163
  161  158  158  155  154  148  142  128  115   99   87   76   68   63   57   53
   48   40   34   28   25   22   22   21   22   22   23   23   25   25   27   27
   28   27   26   24   24   23   25   27   29   30   30   31   30   31   30   29
   28   26   26   23   27   31   45   54   70                                   
    55.0-180.0 180.0   5.0 450.0                            LAT/LON1/LON2/DLON/H
   73   87   97  111  124  131  143  151  165  173  182  185  186  183  179  176
  171  170  169  170  168  166  159  149  135  120  106   95   86   79   73   66
   59   50   41   33   29   26   26   27   28   30   30   31   31   32   31   31
   30   30   28   28   27   29   30   34   36   38   37   37   36   35   34   33
   33   30   30   27   31   34   49   58   73                                   
    52.5-180.0 180.0   5.0 450.0                            LAT/LON1/LON2/DLON/H
   81   95  105  124  136  149  160  176  188  200  203  205  203  200  196  190
  186  182  184  183  183  179  175  165  154  139  126  113  104   95   89   79
   72   61   52   42   39   35   36   36   39   39   41   40   41   39   38   37
   36   36   36   35   37   39   42   45   49   49   48   46   42   40   38   36
   37   34   36   33   36   40   56   65   81                                   
    50.0-180.0 180.0   5.0 450.0                            LAT/LON1/LON2/DLON/H
   96  112  127  140  158  168  187  201  218  222  225  220  220  214  210  203
  199  195  194  193  192  190  186  179  171  158  147  133  123  112  104   94
   86   74   65   54   52   49   51   51   53   54   55   55   54   53   51   50
   49   49   49   49   50   53   56   60   63   64   61   58   53   50   48   46
   49   46   49   47   51   55   73   82   96                                   
    47.5-180.0 180.0   5.0 450.0                            LAT/LON1/LON2/DLON/H
  116  130  145  162  178  194  212  230  244  248  246  242  238  233  228  223
  217  213  208  206  202  200  196  191  184  174  163  149  136  122  113  100
   92   80   73   64   64   61   64   64   66   66   68   66   67   64   63   62
   63   63   64   64   66   68   72   75   78   77   74   68   62   57   55   53
   55   54   58   59   65   71   90  103  116                                   
    45.0-180.0 180.0   5.0 450.0                            LAT/LON1/LON2/DLON/H
  138  155  174  189  205  222  240  257  268  270  266  260  255  248  243  236
  234  226  221  214  210  207  205  202  198  189  178  160  145  126  114  100
   91   81   75   71   71   73   74   75   76   77   78   78   79   78   77   77
   78   79   82   81   83   83   86   88   89   89   84   79   72   67   64   63
   66   66   71   74   83   91  113  127  138                                   
    42.5-180.0 180.0   5.0 450.0                            LAT/LON1/LON2/DLON/H
  159  173  190  206  223  242  260  275  285  286  281  273  269  262  259  254
  250  244  234  227  219  217  213  213  209  201  187  165  143  120  105   91
   82   74   72   70   77   78   83   81   83   82   85   84   86   85   86   85
   88   89   93   91   93   92   93   95   96   95   90   84   78   72   69   68
   69   70   76   81   92  105  125  147  159                                   
    40.0-180.0 180.0   5.0 450.0                            LAT/LON1/LON2/DLON/H
  173  190  210  226  241  258  275  289  298  297  294  288  282  275  273  267
  266  255  248  236  231  226  225  224  222  212  195  167  140  115   97   84
   75   72   72   79   86   92   93   92   90   89   90   90   92   91   94   93
   97   97  101   98   99   96   97   97   99   97   93   89   83   79   75   74
   75   75   81   86  100  115  140  161  173                                   
    37.5-180.0 180.0   5.0 450.0                            LAT/LON1/LON2/DLON/H
  179  194  209  228  245  262  278  291  300  301  298  295  291  288  285  283
  280  271  262  253  246  242  239  238  232  220  198  167  137  111   95   83
   78   76   83   92  102  107  109  104  101   95   95   95   95   95   96   96
   99   99  101   98   98   96   96   96   98   96   93   89   84   80   77   74
   73   70   76   82   97  115  139  168  179                                   
    35.0-180.0 180.0   5.0 450.0                            LAT/LON1/LON2/DLON/H
  181  199  217  235  248  266  281  292  302  304  305  304  302  301  301  297
  297  287  283  272  267  260  257  252  243  228  205  172  143  121  107  100
   97  101  107  120  127  134  130  124  114  108  104  102  102   99  102   99
  101   99   99   96   95   94   95   95   96   95   93   92   88   86   83   80
   76   73   75   81   98  116  143  167  181                                   
    32.5-180.0 180.0   5.0 450.0                            LAT/LON1/LON2/DLON/H
  179  192  207  227  245  261  277  286  297  301  305  308  310  312  314  312
  311  305  301  294  288  281  272  264  250  233  210  182  160  145  140  135
  135  134  141  150  159  161  156  146  133  122  115  112  109  107  105  102
  100   96   94   90   91   91   94   95   98   97   97   95   92   91   87   82
   75   68   71   76   93  111  139  165  179                                   
    30.0-180.0 180.0   5.0 450.0                            LAT/LON1/LON2/DLON/H
  183  199  214  234  249  266  279  288  297  303  311  316  320  323  326  323
  324  320  319  314  310  299  289  273  259  240  224  202  191  184  187  186
  185  183  183  187  187  189  179  170  152  142  132  128  123  119  116  111
  106   99   95   91   92   95  100  102  105  104  103  103  101  100   95   91
   83   79   79   87  101  121  151  172  183                                   
    27.5-180.0 180.0   5.0 450.0                            LAT/LON1/LON2/DLON/H
  195  206  220  239  254  269  280  288  298  305  314  321  328  332  336  335
  334  334  332  330  323  312  296  279  265  250  240  231  231  239  251  255
  255  243  236  230  225  220  208  193  175  161  150  142  136  131  127  120
  111  102   93   91   92   99  106  111  113  112  110  111  107  106   99   94
   84   82   85   94  111  133  162  187  195                                   
    25.0-180.0 180.0   5.0 450.0                            LAT/LON1/LON2/DLON/H
  213  225  243  263  276  291  299  305  313  319  327  334  340  345  347  344
  343  342  342  339  333  318  302  284  277  267  271  274  294  318  344  352
  339  309  293  275  264  244  225  209  189  182  171  165  156  150  145  137
  128  115  106  101  102  110  118  123  124  121  118  117  115  113  108  102
   95   95  100  114  132  155  191  212  213                                   
    22.5-180.0 180.0   5.0 450.0                            LAT/LON1/LON2/DLON/H
  240  248  269  286  304  318  325  329  333  339  345  354  360  361  361  356
  351  349  347  344  334  321  306  296  295  298  314  337  370  404  428  420
  407  372  340  318  301  265  243  220  203  193  187  180  172  166  159  152
  142  129  120  113  115  119  126  131  130  127  121  120  115  116  108  106
   99  104  111  130  153  184  215  250  240                                   
    20.0-180.0 180.0   5.0 450.0                            LAT/LON1/LON2/DLON/H
  268  275  302  318  337  354  361  367  367  369  371  379  384  384  378  371
  362  355  351  343  335  324  317  317  331  348  379  412  455  475  487  474
  458  412  373  336  317  272  247  225  209  204  199  197  190  185  180  175
  165  154  144  137  135  140  144  147  143  136  127  125  120  118  113  109
  106  114  129  151  178  207  246  276  268                                   
    17.5-180.0 180.0   5.0 450.0                            LAT/LON1/LON2/DLON/H
  291  306  334  349  368  383  398  403  408  408  410  412  411  407  403  390
  379  366  358  348  340  335  338  353  382  412  451  491  525  535  544  525
  491  438  385  341  307  260  237  217  211  205  206  203  201  196  195  190
  184  171  162  153  153  156  161  161  153  143  133  130  120  119  108  108
  105  118  133  165  193  229  260  296  291                                   
    15.0-180.0 180.0   5.0 450.0                            LAT/LON1/LON2/DLON/H
  314  333  368  382  403  420  432  446  449  461  452  458  445  442  433  424
  406  388  374  362  358  363  381  413  450  492  532  561  576  581  580  545
  501  435  376  327  277  240  220  211  216  217  219  217  213  208  204  202
  195  185  177  171  170  173  175  172  163  153  141  136  125  121  109  105
  103  117  140  169  204  237  278  305  314                                   
    12.5-180.0 180.0   5.0 450.0                            LAT/LON1/LON2/DLON/H
  324  356  392  412  431  449  462  478  496  507  507  504  495  485  475  465
  445  422  403  389  390  403  429  472  514  562  594  605  603  594  575  538
  481  409  340  284  245  218  207  209  220  226  230  226  222  214  211  205
  202  193  187  181  179  182  181  177  167  157  145  138  125  120  106  104
  101  117  139  174  209  246  281  315  324                                   
    10.0-180.0 180.0   5.0 450.0                            LAT/LON1/LON2/DLON/H
  340  373  415  434  459  475  494  516  537  557  548  558  546  540  528  518
  495  469  447  434  438  456  488  532  578  612  631  622  609  577  543  500
  438  365  301  255  227  213  213  223  237  245  247  238  229  219  212  206
  200  196  192  191  190  191  190  185  176  164  152  143  129  122  109  102
  101  115  141  170  210  243  285  318  340                                   
     7.5-180.0 180.0   5.0 450.0                            LAT/LON1/LON2/DLON/H
  345  386  427  451  477  493  514  540  568  586  587  594  593  591  580  569
  547  523  501  490  495  516  547  590  625  650  644  626  592  551  511  465
