data/unet/pred0910.15i
     1.0            IONOSPHERE MAPS     GNSS                IONEX VERSION / TYPE
pyspatialgeodesy        IME             05-JAN-18 20:20     PGM / RUN BY / DATE 
Map Name                                                    COMMENT             
Predicted global ionosphere maps (GIM).                     DESCRIPTION         
  2015     4     1     0     0     0                        EPOCH OF FIRST MAP  
  2015     4     2     0     0     0                        EPOCH OF LAST MAP   
  7200                                                      INTERVAL            
    13                                                      # OF MAPS IN FILE   
  NONE                                                      MAPPING FUNCTION    
10.0                                                        ELEVATION CUTOFF    
One-way carrier phase leveled to code                       OBSERVABLES USED    
  6371.0                                                    BASE RADIUS         
 2                                                          MAP DIMENSION       
   450.0 450.0   0.0                                        HGT1 / HGT2 / DHGT  
    87.5 -87.5  -2.5                                        LAT1 / LAT2 / DLAT  
  -180.0 180.0   5.0                                        LON1 / LON2 / DLON  
    -1                                                      EXPONENT            
                                                            END OF HEADER       
[from data line 3003]
     8                                                      START OF TEC MAP    
  2015     4     1    14     0     0                        EPOCH OF CURRENT MAP
    87.5-180.0 180.0   5.0 450.0                            LAT/LON1/LON2/DLON/H
  165  181  191  192  194  194  197  197  199  197  199  197  200  198  199  198
  200  199  200  200  201  201  201  200  200  198  198  196  195  193  190  189
  188  186  184  183  182  180  179  177  177  174  175  171  172  167  168  163
  165  160  163  158  162  158  162  159  163  162  164  164  166  167  168  170
  172  174  176  178  177  178  195  166  165                                   
    85.0-180.0 180.0   5.0 450.0                            LAT/LON1/LON2/DLON/H
  168  174  180  187  188  192  192  194  194  195  196  196  197  197  198  197
  198  197  198  198  198  198  197  196  196  194  193  191  190  188  186  185
  184  181  181  179  179  176  175  172  172  169  168  164  164  160  158  155
  153  152  149  149  146  147  142  146  141  145  139  145  143  148  145  151
  149  155  153  160  157  165  173  172  168                                   
    82.5-180.0 180.0   5.0 450.0                            LAT/LON1/LON2/DLON/H
  170  168  168  178  175  183  181  186  184  188  186  190  187  191  188  191
  187  191  188  191  188  191  189  191  190  191  190  191  190  189  187  186
  185  184  181  180  178  176  173  170  168  165  163  160  157  153  151  148
  146  142  141  137  136  133  132  130  130  129  129  129  131  131  132  133
  134  136  136  141  142  147  158  156  170                                   
    80.0-180.0 180.0   5.0 450.0                            LAT/LON1/LON2/DLON/H
  153  152  154  161  163  167  169  172  172  173  174  174  176  175  176  173
  174  172  172  172  173  174  175  176  178  179  180  182  182  182  181  182
  182  182  180  180  177  175  171  169  165  162  159  156  152  148  145  142
  140  137  136  134  131  131  128  129  126  128  125  128  125  128  124  128
  124  128  124  128  127  132  133  140  153                                   
    77.5-180.0 180.0   5.0 450.0                            LAT/LON1/LON2/DLON/H
  136  137  139  145  148  153  156  158  158  159  160  160  161  161  158  158
  155  155  154  157  157  160  162  164  168  170  175  176  181  181  183  185
  187  188  189  189  188  184  183  178  176  169  168  162  158  153  150  147
  144  143  141  141  138  138  135  136  134  134  132  132  129  128  123  124
  118  119  112  115  111  114  116  128  136                                   
    75.0-180.0 180.0   5.0 450.0                            LAT/LON1/LON2/DLON/H
  129  126  129  137  141  146  148  150  150  151  152  152  153  151  149  146
  146  144  148  149  155  158  165  167  174  177  183  186  190  193  195  198
  200  203  203  205  204  203  198  195  189  187  181  178  171  170  164  164
  158  160  156  157  154  154  150  153  148  150  145  147  141  141  135  133
  127  124  117  113  108  107  108  120  129                                   
    72.5-180.0 180.0   5.0 450.0                            LAT/LON1/LON2/DLON/H
  123  124  122  129  134  138  143  143  146  143  148  143  148  140  143  138
  142  141  148  151  160  164  173  177  187  190  197  199  205  208  210  213
  216  218  217  220  220  219  217  211  208  203  200  195  191  189  185  184
  180  180  177  176  173  169  166  165  162  160  157  157  152  151  145  141
  133  128  119  114  106  104  103  114  123                                   
    70.0-180.0 180.0   5.0 450.0                            LAT/LON1/LON2/DLON/H
  120  118  117  126  132  135  140  140  143  142  145  144  146  142  142  142
  145  147  154  161  171  179  189  197  205  211  215  221  225  229  230  233
  236  237  236  236  238  234  235  228  227  222  221  217  216  212  210  207
  204  201  197  193  188  184  178  176  171  170  164  164  159  157  151  147
  140  133  124  118  110  104  102  110  120                                   
    67.5-180.0 180.0   5.0 450.0                            LAT/LON1/LON2/DLON/H
  116  116  115  122  124  130  134  137  139  139  143  138  144  139  144  144
  153  157  167  175  188  197  208  217  225  231  234  241  243  247  247  250
  252  251  250  249  249  246  245  239  239  234  236  232  233  229  228  225
  220  217  212  205  199  190  183  176  171  166  162  161  156  155  149  146
  138  133  122  116  107  104  101  105  116                                   
    65.0-180.0 180.0   5.0 450.0                            LAT/LON1/LON2/DLON/H
  110  107  105  111  116  121  125  127  130  132  136  136  144  142  149  151
  159  167  175  189  198  212  221  233  238  247  250  258  258  263  262  265
  266  265  263  260  259  255  253  248  249  246  247  245  246  243  241  235
  231  224  219  209  201  190  181  173  165  160  155  152  149  148  142  140
  133  130  119  113  105  100   96   99  110                                   
    62.5-180.0 180.0   5.0 450.0                            LAT/LON1/LON2/DLON/H
   98   96   91   97   98  107  109  114  117  122  126  132  138  142  150  158
  168  177  189  200  211  223  232  243  247  256  256  267  266  271  271  274
  276  274  272  269  267  260  259  252  256  250  257  252  256  249  248  239
  236  225  220  207  199  185  176  164  157  148  143  139  135  135  130  128
  122  117  108  104   97   91   90   88   98                                   
    60.0-180.0 180.0   5.0 450.0                            LAT/LON1/LON2/DLON/H
   85   77   72   76   77   83   88   93   99  105  112  120  127  138  149  159
  169  179  189  201  211  223  231  240  245  255  259  267  272  276  279  282
  286  286  283  281  275  270  265  260  260  260  264  265  264  261  253  247
  236  227  219  207  196  184  173  162  153  143  138  132  129  124  124  118
  115  108  106   96   93   84   81   81   85                                   
    57.5-180.0 180.0   5.0 450.0                            LAT/LON1/LON2/DLON/H
   75   66   56   58   56   62   66   75   81   93  101  113  121  134  145  159
  171  184  192  203  210  219  224  233  235  246  248  262  266  277  280  289
  294  299  299  297  292  285  278  269  271  270  277  278  277  272  263  252
  243  230  223  207  200  186  178  165  157  148  142  136  130  126  121  116
  111  107  101   94   91   81   78   75   75                                   
    55.0-180.0 180.0   5.0 450.0                            LAT/LON1/LON2/DLON/H
   74   59   49   47   44   47   51   57   67   77   88  102  112  127  138  155
  168  180  188  196  201  206  210  217  222  232  240  254  265  277  287  298
  307  316  316  317  310  303  293  286  283  286  288  292  290  287  275  266
  252  243  231  221  211  201  191  182  175  167  161  154  149  141  135  126
  120  113  111  102   99   87   81   81   74                                   
    52.5-180.0 180.0   5.0 450.0                            LAT/LON1/LON2/DLON/H
   83   66   53   48   44   46   47   53   59   73   82  102  110  128  137  157
  169  182  189  196  195  202  199  210  211  227  233  255  264  285  294  314
  324  337  338  341  334  327  317  309  306  306  309  310  308  303  293  284
  270  261  251  240  232  220  214  204  200  192  187  181  176  168  160  150
  141  132  125  118  115  104   98   98   83                                   
    50.0-180.0 180.0   5.0 450.0                            LAT/LON1/LON2/DLON/H
  103   86   71   64   58   55   55   55   62   71   82   98  108  125  138  156
  175  183  194  198  197  198  200  206  214  226  241  260  277  298  315  334
  348  360  364  367  362  355  346  336  332  330  331  331  327  323  313  305
  292  286  275  268  256  247  238  231  227  222  217  212  206  198  190  178
  171  159  155  145  140  129  121  124  103                                   
    47.5-180.0 180.0   5.0 450.0                            LAT/LON1/LON2/DLON/H
  129  109   98   89   83   78   76   75   74   86   90  108  115  131  143  166
  179  196  205  212  209  211  208  218  223  241  255  279  297  320  335  355
  368  380  386  391  390  386  376  366  359  357  354  352  348  344  336  329
  320  312  303  291  279  263  254  245  243  241  239  235  229  222  214  204
  194  187  178  175  170  161  157  156  129                                   
    45.0-180.0 180.0   5.0 450.0                            LAT/LON1/LON2/DLON/H
  158  146  128  122  111  109  100   99   94  100  102  117  121  138  150  177
  195  210  217  222  219  219  223  234  248  267  285  308  323  345  358  377
  387  397  406  414  420  417  410  398  390  384  380  375  369  363  355  346
  337  330  318  305  284  266  250  242  240  243  245  247  241  236  228  222
  216  208  203  198  197  188  183  181  158                                   
    42.5-180.0 180.0   5.0 450.0                            LAT/LON1/LON2/DLON/H
  182  168  158  151  144  140  133  126  118  120  120  131  136  150  165  189
  209  226  237  240  239  239  246  258  275  296  316  334  350  365  379  393
  403  415  427  439  450  448  444  430  420  410  404  396  389  381  373  364
  355  345  330  310  282  257  237  225  222  225  231  235  239  235  232  227
  220  217  209  212  209  209  205  208  182                                   
    40.0-180.0 180.0   5.0 450.0                            LAT/LON1/LON2/DLON/H
  198  191  176  177  163  161  149  143  132  135  132  145  142  166  175  207
  224  242  246  251  252  256  268  282  302  323  341  360  368  388  395  412
  417  434  446  465  477  481  477  466  453  441  431  422  410  402  391  383
  369  356  334  313  278  250  222  208  200  200  207  215  221  223  224  222
  219  213  211  208  212  208  211  215  198                                   
    37.5-180.0 180.0   5.0 450.0                            LAT/LON1/LON2/DLON/H
  197  192  184  184  174  171  161  152  145  140  143  149  154  173  190  214
  237  250  262  263  268  270  283  298  317  338  357  373  388  403  416  431
  440  457  476  498  513  523  519  511  496  481  467  454  441  431  421  411
  393  376  348  320  279  248  219  205  199  193  195  198  208  207  215  211
  212  203  198  198  196  201  202  213  197                                   
    35.0-180.0 180.0   5.0 450.0                            LAT/LON1/LON2/DLON/H
  190  189  179  184  174  171  156  147  138  138  143  152  161  184  201  229
  249  262  269  275  278  285  298  311  328  347  366  390  402  428  436  459
  469  494  514  539  558  566  568  559  544  530  513  498  481  470  455  443
  421  401  364  329  282  253  223  212  207  214  213  213  210  208  213  209
  210  200  194  185  179  180  183  196  190                                   
    32.5-180.0 180.0   5.0 450.0                            LAT/LON1/LON2/DLON/H
  175  170  168  174  165  161  148  140  134  129  140  149  164  189  210  237
  260  270  282  283  290  295  304  319  333  354  373  402  425  455  471  498
  515  548  572  606  625  645  640  637  613  596  567  556  530  524  504  495
  465  441  404  374  334  306  284  273  267  261  255  256  251  252  241  235
  227  217  204  185  170  161  160  177  175                                   
    30.0-180.0 180.0   5.0 450.0                            LAT/LON1/LON2/DLON/H
  165  162  158  166  159  156  138  129  122  121  132  147  168  196  224  252
  271  287  296  305  311  317  323  335  348  366  387  425  455  494  518  551
  577  610  638  672  690  712  709  709  683  663  626  607  583  577  562  550
  527  503  464  436  402  388  367  362  345  339  320  321  299  298  272  272
  252  250  229  205  185  166  163  164  165                                   
    27.5-180.0 180.0   5.0 450.0                            LAT/LON1/LON2/DLON/H
  151  150  145  144  140  134  126  118  116  111  126  139  167  199  229  254
  277  295  313  325  337  341  345  352  365  386  416  457  495  538  575  611
  644  676  706  743  764  778  779  772  754  732  701  678  654  646  637  626
  606  581  549  520  496  482  470  459  443  429  408  399  372  370  323  321
  279  284  253  242  212  185  166  155  151                                   
    25.0-180.0 180.0   5.0 450.0                            LAT/LON1/LON2/DLON/H
  150  148  133  137  126  126  115  116  109  119  123  142  167  202  236  262
  281  307  327  354  366  376  374  383  390  415  449  496  540  590  635  673
  713  747  779  804  819  833  833  832  814  794  760  739  710  704  691  686
  663  649  623  602  587  580  566  563  540  540  506  508  468  453  401  393
  350  350  314  298  253  230  199  168  150                                   
    22.5-180.0 180.0   5.0 450.0                            LAT/LON1/LON2/DLON/H
  178  176  153  142  132  124  119  117  120  120  131  134  163  195  229  260
  284  313  344  370  395  405  410  411  423  448  484  536  586  632  680  726
  772  804  820  840  859  871  877  880  870  848  817  795  772  763  755  745
  719  701  676  659  640  633  613  612  592  595  572  580  554  537  500  472
  444  431  384  358  310  277  244  190  178                                   
    20.0-180.0 180.0   5.0 450.0                            LAT/LON1/LON2/DLON/H
  209  199  184  170  154  149  132  132  128  135  135  149  164  201  233  265
  285  320  353  394  417  438  436  444  452  483  518  570  617  667  729  778
  819  829  845  860  873  884  891  897  897  890  867  846  826  818  810  798
  768  740  712  694  677  667  654  643  633  628  620  630  612  597  558  544
  518  499  459  418  368  314  292  230  209                                   
    17.5-180.0 180.0   5.0 450.0                            LAT/LON1/LON2/DLON/H
  235  225  195  179  177  171  164  155  148  143  144  141  167  187  225  254
  279  318  362  402  441  452  452  453  467  492  529  585  645  712  774  820
  840  848  860  868  875  878  892  896  904  902  889  875  853  846  834  819
  788  750  721  690  672  649  640  624  627  624  634  650  649  629  603  576
  550  522  491  452  402  350  313  271  235                                   
    15.0-180.0 180.0   5.0 450.0                            LAT/LON1/LON2/DLON/H
  249  234  202  194  185  181  176  169  158  152  142  144  161  190  228  254
  285  320  358  405  442  451  459  464  489  520  571  622  690  752  811  834
  844  847  851  850  851  856  870  876  891  894  889  877  860  857  843  829
  789  752  707  659  634  602  596  587  588  606  616  647  648  640  615  583
  555  523  500  464  416  369  330  305  249                                   
    12.5-180.0 180.0   5.0 450.0                            LAT/LON1/LON2/DLON/H
  271  241  208  196  188  181  180  167  155  148  131  138  151  176  219  250
  280  312  352  398  431  448  452  469  501  538  597  668  731  785  828  833
  842  842  846  836  842  837  855  862  880  887  884  877  867  863  853  826
  788  726  672  598  556  526  517  520  527  563  586  632  637  637  613  580
  542  515  487  459  411  370  331  322  271                                   
    10.0-180.0 180.0   5.0 450.0                            LAT/LON1/LON2/DLON/H
  272  235  209  191  178  181  169  160  147  135  128  137  152  183  229  266
  300  329  365  402  437  461  484  498  538  576  643  708  766  809  825  827
  831  832  826  821  823  826  841  853  870  876  878  873  865  860  846  811
  778  711  645  555  513  482  475  476  497  534  565  609  620  625  597  550
  514  478  459  426  392  357  326  321  272                                   
     7.5-180.0 180.0   5.0 450.0                            LAT/LON1/LON2/DLON/H
  271  230  208  185  176  174  167  150  136  123  114  126  147  188  227  271
  303  344  377  410  437  473  502  529  566  626  680  747  792  816  830  829
