data/unet/pred2550.15i
     1.0            IONOSPHERE MAPS     GNSS                IONEX VERSION / TYPE
pyspatialgeodesy        IME             05-JAN-18 20:20     PGM / RUN BY / DATE 
Map Name                                                    COMMENT             
Predicted global ionosphere maps (GIM).                     DESCRIPTION         
  2015     9    12     0     0     0                        EPOCH OF FIRST MAP  
  2015     9    13     0     0     0                        EPOCH OF LAST MAP   
  7200                                                      INTERVAL            
    13                                                      # OF MAPS IN FILE   
  NONE                                                      MAPPING FUNCTION    
10.0                                                        ELEVATION CUTOFF    
One-way carrier phase leveled to code                       OBSERVABLES USED    
  6371.0                                                    BASE RADIUS         
 2                                                          MAP DIMENSION       
   450.0 450.0   0.0                                        HGT1 / HGT2 / DHGT  
    87.5 -87.5  -2.5                                        LAT1 / LAT2 / DLAT  
  -180.0 180.0   5.0                                        LON1 / LON2 / DLON  
    -1                                                      EXPONENT            
                                                            END OF HEADER       
[from data line 4290]
    11                                                      START OF TEC MAP    
  2015     9    12    20     0     0                        EPOCH OF CURRENT MAP
    87.5-180.0 180.0   5.0 450.0                            LAT/LON1/LON2/DLON/H
  132  104   85   90   88   89   88   90   89   91   90   92   91   93   92   93
   92   93   92   93   91   92   90   91   88   89   86   87   84   85   83   83
   81   82   80   81   79   80   78   79   77   78   77   77   76   77   76   76
   75   76   75   76   75   76   76   77   76   78   77   79   79   81   80   82
   81   84   83   84   86   87   82  127  132                                   
    85.0-180.0 180.0   5.0 450.0                            LAT/LON1/LON2/DLON/H
   82   81   82   85   87   84   87   85   89   87   90   89   92   90   93   92
   94   93   95   93   95   93   94   92   93   90   90   88   88   85   84   82
   82   79   79   76   77   74   75   73   74   71   73   70   72   69   71   68
   70   67   69   67   69   67   70   68   71   70   72   72   74   74   76   75
   78   77   80   78   83   81   82  104   82                                   
    82.5-180.0 180.0   5.0 450.0                            LAT/LON1/LON2/DLON/H
   86   86   87   89   88   88   87   90   89   91   90   93   92   96   95   98
   97  100   99  101  100  101   99  100   97   97   94   94   90   90   86   87
   83   84   80   81   78   79   76   77   74   76   73   74   70   72   69   70
   67   68   65   67   65   66   64   67   65   68   67   70   70   73   73   75
   76   78   79   81   83   80   80   90   86                                   
    80.0-180.0 180.0   5.0 450.0                            LAT/LON1/LON2/DLON/H
   93   86   86   85   86   84   86   85   88   87   90   89   93   92   96   96
   99   98  102  100  103  101  103  100  100   97   96   92   91   87   86   83
   82   80   79   78   78   77   77   76   75   74   73   71   71   69   68   66
   65   63   63   61   61   60   61   60   62   61   63   63   66   66   69   70
   73   74   77   77   81   79   78   86   93                                   
    77.5-180.0 180.0   5.0 450.0                            LAT/LON1/LON2/DLON/H
   88   86   82   82   82   80   81   81   82   83   85   86   88   90   93   95
   97   99  101  103  104  104  105  104  103  100   98   95   92   88   85   83
   81   80   79   79   78   79   78   78   77   76   75   73   71   70   68   66
   64   63   62   61   60   59   59   58   58   58   59   60   61   63   65   67
   69   72   75   77   79   80   78   79   88                                   
    75.0-180.0 180.0   5.0 450.0                            LAT/LON1/LON2/DLON/H
   88   83   80   81   80   80   81   81   83   83   86   87   90   91   94   95
   98   99  102  104  106  108  109  108  106  104  100   96   91   87   83   80
   78   77   77   78   78   80   81   80   80   79   78   75   73   70   69   66
   65   64   63   62   60   60   59   58   57   58   58   59   60   62   65   67
   69   72   76   77   80   80   80   84   88                                   
    72.5-180.0 180.0   5.0 450.0                            LAT/LON1/LON2/DLON/H
   85   82   78   78   77   76   77   78   81   82   85   87   89   91   93   94
   97   99  103  105  108  110  112  110  109  105  102   96   90   84   80   77
   74   75   75   76   78   80   81   81   79   78   75   73   69   67   64   63
   61   62   60   60   59   58   57   56   55   55   55   55   56   58   60   63
   65   69   72   75   77   79   79   80   85                                   
    70.0-180.0 180.0   5.0 450.0                            LAT/LON1/LON2/DLON/H
   83   78   74   75   74   74   77   77   82   83   88   89   92   92   95   94
   98   98  103  104  108  110  112  111  110  106  101   94   87   80   76   72
   70   70   71   73   75   77   80   78   78   74   72   66   64   60   60   58
   58   58   59   58   58   56   56   54   54   52   53   52   55   55   58   59
   63   65   70   70   75   76   77   81   83                                   
    67.5-180.0 180.0   5.0 450.0                            LAT/LON1/LON2/DLON/H
   79   76   70   71   70   71   74   77   82   86   91   94   96   97   99   98
  100  100  104  105  110  112  115  113  112  107  102   94   86   79   74   70
   68   68   68   71   72   74   74   73   69   66   60   57   52   51   50   50
   50   52   52   53   52   52   51   49   48   47   47   47   48   49   51   54
   56   59   63   66   69   71   73   75   79                                   
    65.0-180.0 180.0   5.0 450.0                            LAT/LON1/LON2/DLON/H
   76   71   67   69   69   70   75   78   85   89   96   98  103  102  105  102
  104  103  107  107  112  114  117  116  114  108  103   95   87   79   74   70
   66   66   65   67   68   69   68   66   61   56   51   47   43   41   41   42
   43   45   46   47   47   46   45   44   43   42   43   42   44   44   48   48
   52   54   59   59   65   65   69   75   76                                   
    62.5-180.0 180.0   5.0 450.0                            LAT/LON1/LON2/DLON/H
   73   70   66   67   67   70   74   80   86   93   99  105  108  110  112  110
  111  109  112  113  117  117  120  117  116  110  106   97   91   84   78   73
   69   68   66   66   65   65   62   59   52   48   41   37   33   33   32   34
   35   38   38   39   38   38   36   36   35   35   35   36   37   38   40   42
   44   47   51   53   58   60   65   68   73                                   
    60.0-180.0 180.0   5.0 450.0                            LAT/LON1/LON2/DLON/H
   71   68   66   69   69   71   76   80   89   94  102  107  113  114  117  115
  117  115  118  118  122  122  124  121  118  113  109  103   98   92   87   82
   76   74   70   69   66   64   60   55   48   42   36   32   29   28   29   30
   32   33   33   33   32   31   29   29   29   29   30   31   33   34   37   37
   41   42   48   49   57   57   63   70   71                                   
    57.5-180.0 180.0   5.0 450.0                            LAT/LON1/LON2/DLON/H
   72   72   70   72   73   75   78   84   89   97  103  110  115  118  121  121
  122  122  125  126  128  128  128  124  122  116  115  110  108  104  100   95
   89   83   78   75   70   66   61   56   48   42   36   33   29   29   29   29
   29   29   28   27   25   24   23   22   23   23   25   27   28   30   31   33
   35   38   42   46   52   55   62   66   72                                   
    55.0-180.0 180.0   5.0 450.0                            LAT/LON1/LON2/DLON/H
   74   75   76   80   81   81   85   86   93   96  104  109  115  118  122  123
  126  126  130  131  134  133  132  128  125  121  120  119  118  117  114  109
  103   96   89   84   78   74   67   61   54   48   43   39   36   35   34   33
   31   29   27   24   21   20   19   19   20   21   23   24   26   28   30   30
   34   36   42   45   54   55   64   72   74                                   
    52.5-180.0 180.0   5.0 450.0                            LAT/LON1/LON2/DLON/H
   79   83   84   88   89   90   91   94   96  101  105  111  116  120  124  127
  129  131  135  137  138  137  136  130  128  124  127  126  130  129  128  123
  117  109  102   94   89   82   76   69   63   58   53   50   46   44   41   38
   34   30   27   23   20   18   18   18   19   21   22   24   25   26   27   29
   32   36   41   46   52   57   66   73   79                                   
    50.0-180.0 180.0   5.0 450.0                            LAT/LON1/LON2/DLON/H
   84   88   93   98  101  100  103  101  105  104  109  111  117  121  125  129
  132  135  139  142  143  141  138  134  131  129  132  136  139  141  139  134
  128  120  113  107  100   95   88   82   76   71   67   64   60   56   53   47
   42   35   31   27   24   22   21   21   23   24   26   26   28   27   29   31
   35   39   45   50   59   61   71   82   84                                   
    47.5-180.0 180.0   5.0 450.0                            LAT/LON1/LON2/DLON/H
   90   96  101  107  112  113  114  115  114  115  116  120  123  128  132  135
  138  141  144  146  146  143  140  136  135  134  140  143  148  149  147  142
  135  128  123  116  112  105  101   94   89   84   80   76   72   68   62   56
   49   43   38   34   31   30   29   30   30   32   32   32   31   31   32   34
   38   44   49   55   62   66   74   85   90                                   
    45.0-180.0 180.0   5.0 450.0                            LAT/LON1/LON2/DLON/H
   94  101  108  115  122  124  129  127  128  126  128  129  134  137  140  143
  145  147  149  152  151  147  145  142  141  142  147  153  156  156  152  147
  141  135  130  127  122  117  111  106  100   95   92   87   83   77   72   65
   60   54   50   47   44   42   41   41   41   41   40   39   38   37   38   40
   45   51   58   63   71   73   81   95   94                                   
    42.5-180.0 180.0   5.0 450.0                            LAT/LON1/LON2/DLON/H
   99  107  113  122  130  134  139  141  142  143  143  146  149  153  155  158
  158  159  159  158  155  150  147  145  148  151  157  161  163  161  156  149
  145  140  138  135  131  127  121  114  109  103  100   95   90   85   79   73
   68   65   61   59   57   55   54   53   52   51   49   46   45   43   44   46
   52   58   65   70   76   79   87   99   99                                   
    40.0-180.0 180.0   5.0 450.0                            LAT/LON1/LON2/DLON/H
  103  111  117  127  136  142  150  152  156  156  159  162  165  170  171  174
  172  171  167  165  162  157  156  154  158  163  168  172  171  167  159  153
  149  146  146  144  141  137  129  122  115  110  106  101   97   91   87   81
   79   76   75   73   71   68   66   64   63   60   58   55   54   51   53   54
   61   67   75   80   87   88   94  108  103                                   
    37.5-180.0 180.0   5.0 450.0                            LAT/LON1/LON2/DLON/H
  110  119  122  132  141  150  158  164  169  172  177  181  185  190  192  194
  190  186  180  174  169  164  162  164  169  176  181  184  181  174  166  160
  158  157  158  157  153  147  139  129  122  115  111  107  102   97   93   89
   86   86   84   83   80   77   74   72   69   66   63   60   58   57   58   61
   66   74   82   88   93   97  103  113  110                                   
    35.0-180.0 180.0   5.0 450.0                            LAT/LON1/LON2/DLON/H
  117  126  130  140  148  157  168  173  182  187  193  199  204  212  213  214
  208  203  193  185  179  175  175  178  185  192  196  198  194  186  178  173
  172  173  173  171  166  158  147  137  129  123  118  113  109  104  100   95
   94   93   92   90   87   82   80   76   73   70   67   65   64   64   66   68
   75   82   92   99  105  108  113  125  117                                   
    32.5-180.0 180.0   5.0 450.0                            LAT/LON1/LON2/DLON/H
  129  137  140  149  156  164  173  182  193  201  209  217  224  232  233  232
  226  217  205  194  187  184  185  190  199  206  212  212  208  203  197  195
  194  196  194  189  181  170  158  145  136  130  125  121  116  111  105  101
   98   97   95   92   88   84   80   77   73   70   67   66   65   66   67   71
   76   85   95  105  113  120  125  136  129                                   
    30.0-180.0 180.0   5.0 450.0                            LAT/LON1/LON2/DLON/H
  144  152  156  162  167  175  185  193  205  213  221  230  238  245  247  245
  238  229  216  207  200  199  202  208  217  222  227  227  224  221  219  217
  219  219  217  207  195  182  169  157  147  141  137  132  126  119  112  106
  102   97   94   89   87   82   81   77   75   71   69   68   69   70   73   75
   82   91  103  115  126  133  139  153  144                                   
    27.5-180.0 180.0   5.0 450.0                            LAT/LON1/LON2/DLON/H
  163  169  169  176  179  186  195  206  216  226  235  244  252  259  258  256
  248  239  226  218  213  214  216  223  231  237  239  240  239  241  241  242
  243  242  236  222  207  190  178  165  157  150  147  140  134  125  115  107
   99   94   89   86   83   82   80   80   76   74   70   70   69   72   72   77
   82   93  105  119  133  145  154  170  163                                   
    25.0-180.0 180.0   5.0 450.0                            LAT/LON1/LON2/DLON/H
  180  188  191  194  197  205  213  222  231  240  248  258  265  271  270  266
  258  248  238  232  230  231  236  239  246  247  250  250  254  256  260  259
  262  253  245  224  208  191  181  171  165  160  156  148  140  128  116  104
   95   88   83   80   81   81   82   80   78   75   72   71   72   74   76   79
   85   97  110  127  143  156  169  190  180                                   
    22.5-180.0 180.0   5.0 450.0                            LAT/LON1/LON2/DLON/H
  199  203  204  211  216  222  230  238  246  256  263  275  280  287  284  281
  271  264  254  251  250  254  255  258  259  261  262  265  269  273  277  278
  277  266  250  227  206  192  184  175  172  165  162  153  144  131  116  103
   90   83   76   76   75   80   81   82   80   77   73   72   72   76   76   81
   85   97  110  127  145  163  180  200  199                                   
    20.0-180.0 180.0   5.0 450.0                            LAT/LON1/LON2/DLON/H
  214  222  227  233  238  246  251  259  265  275  281  294  299  306  305  300
  294  284  279  276  277  278  280  278  277  271  273  271  279  282  292  288
  288  269  250  221  202  188  183  176  173  166  164  155  146  131  117  102
   91   82   77   75   76   81   85   86   85   80   76   73   73   75   78   82
   87  100  114  134  151  170  188  209  214                                   
    17.5-180.0 180.0   5.0 450.0                            LAT/LON1/LON2/DLON/H
  224  232  238  248  255  263  270  275  284  292  301  314  321  332  330  330
  323  317  312  311  311  310  307  301  296  289  287  287  294  301  308  305
  298  277  250  220  202  189  186  179  177  169  167  157  148  135  121  107
   94   87   80   78   77   83   85   87   85   82   77   74   73   75   77   81
   85   98  113  132  150  170  190  212  224                                   
    15.0-180.0 180.0   5.0 450.0                            LAT/LON1/LON2/DLON/H
  230  243  253  265  272  283  289  296  303  314  324  339  346  359  358  363
  358  356  351  352  351  349  341  329  321  309  306  303  313  315  322  310
  302  273  248  216  204  192  191  184  180  173  170  160  151  138  126  113
  102   94   88   85   83   87   89   90   88   83   79   74   74   73   76   80
   85   99  114  135  152  173  195  216  230                                   
    12.5-180.0 180.0   5.0 450.0                            LAT/LON1/LON2/DLON/H
  234  248  260  277  289  301  308  317  324  336  347  361  371  384  387  395
  398  399  396  394  390  386  376  362  346  334  327  326  333  337  337  326
  311  284  252  227  214  206  201  193  189  180  175  164  155  142  131  119
  108  100   93   91   87   90   89   89   86   83   77   73   71   71   72   76
   83   96  113  133  152  175  197  222  234                                   
    10.0-180.0 180.0   5.0 450.0                            LAT/LON1/LON2/DLON/H
  242  262  276  296  308  323  330  340  347  359  367  382  390  404  414  424
  434  435  437  431  425  415  403  387  371  355  349  343  351  347  346  329
  314  284  259  234  227  216  213  205  198  189  182  171  160  148  136  124
  113  105   99   96   91   91   89   86   85   79   75   69   69   67   69   71
   79   92  110  133  152  178  200  223  242                                   
     7.5-180.0 180.0   5.0 450.0                            LAT/LON1/LON2/DLON/H
  250  276  291  309  326  342  351  361  368  380  388  401  410  427  440  452
  463  467  471  465  457  442  427  409  391  376  366  365  365  363  354  342
