data/unet/pred0760.15i
     1.0            IONOSPHERE MAPS     GNSS                IONEX VERSION / TYPE
pyspatialgeodesy        IME             05-JAN-18 20:20     PGM / RUN BY / DATE 
Map Name                                                    COMMENT             
Predicted global ionosphere maps (GIM).                     DESCRIPTION         
  2015     3    17     0     0     0                        EPOCH OF FIRST MAP  
  2015     3    18     0     0     0                        EPOCH OF LAST MAP   
  7200                                                      INTERVAL            
    13                                                      # OF MAPS IN FILE   
  NONE                                                      MAPPING FUNCTION    
10.0                                                        ELEVATION CUTOFF    
One-way carrier phase leveled to code                       OBSERVABLES USED    
  6371.0                                                    BASE RADIUS         
 2                                                          MAP DIMENSION       
   450.0 450.0   0.0                                        HGT1 / HGT2 / DHGT  
    87.5 -87.5  -2.5                                        LAT1 / LAT2 / DLAT  
  -180.0 180.0   5.0                                        LON1 / LON2 / DLON  
    -1                                                      EXPONENT            
                                                            END OF HEADER       
[from data line 858]
     3                                                      START OF TEC MAP    
  2015     3    17     4     0     0                        EPOCH OF CURRENT MAP
    87.5-180.0 180.0   5.0 450.0                            LAT/LON1/LON2/DLON/H
  180  175  164  168  166  166  162  163  160  160  156  154  152  149  146  142
  141  138  138  136  138  137  139  138  140  139  139  137  138  136  136  135
  136  135  137  136  138  139  140  142  142  145  145  147  148  150  150  152
  154  156  157  159  160  162  163  165  165  167  166  168  168  171  169  172
  171  173  171  175  174  177  185  201  180                                   
    85.0-180.0 180.0   5.0 450.0                            LAT/LON1/LON2/DLON/H
  181  179  170  179  176  173  170  168  166  162  159  155  154  151  146  145
  143  142  140  140  139  140  138  138  136  136  132  133  129  131  127  130
  127  130  128  131  130  134  132  136  136  139  139  142  144  146  149  151
  155  158  161  164  167  170  172  175  177  180  180  183  185  188  187  190
  190  193  190  193  192  190  192  194  181                                   
    82.5-180.0 180.0   5.0 450.0                            LAT/LON1/LON2/DLON/H
  179  177  176  180  175  172  168  166  162  160  156  155  153  152  149  149
  147  148  144  146  142  143  137  138  131  131  126  125  120  121  118  119
  117  119  120  122  124  127  129  132  133  136  138  141  143  147  149  153
  157  162  166  171  174  180  184  188  191  195  196  199  202  203  204  205
  207  205  205  204  204  197  199  189  179                                   
    80.0-180.0 180.0   5.0 450.0                            LAT/LON1/LON2/DLON/H
  189  189  188  182  177  170  167  163  162  158  157  155  157  155  155  154
  155  152  151  149  147  142  139  133  128  123  118  115  112  111  109  110
  110  112  113  115  117  120  122  125  127  130  132  135  138  142  146  152
  157  162  170  175  182  187  195  199  206  208  214  216  222  224  228  228
  231  229  227  225  223  211  209  201  189                                   
    77.5-180.0 180.0   5.0 450.0                            LAT/LON1/LON2/DLON/H
  198  196  190  183  172  165  159  156  153  152  149  152  149  152  149  152
  150  150  147  146  142  137  132  125  119  112  108  104  101   99   99   99
  100  102  105  108  111  113  116  118  122  122  126  128  134  137  144  148
  155  160  170  176  185  192  202  208  218  223  231  237  244  248  253  255
  257  255  254  251  248  235  224  216  198                                   
    75.0-180.0 180.0   5.0 450.0                            LAT/LON1/LON2/DLON/H
  206  204  195  184  171  161  153  148  144  142  141  141  141  142  141  140
  139  137  135  131  128  123  118  112  107  102   99   95   93   91   92   93
   94   97  100  103  106  108  110  111  112  112  115  116  120  125  133  140
  149  157  169  176  188  196  210  217  230  236  247  252  262  266  271  273
  274  274  270  269  264  251  237  230  206                                   
    72.5-180.0 180.0   5.0 450.0                            LAT/LON1/LON2/DLON/H
  219  211  203  190  172  161  151  145  141  139  136  136  133  133  129  128
  124  122  119  116  112  110  106  102   98   96   92   91   88   88   88   89
   91   93   96   99  101  102  103  104  102  103  104  106  109  117  127  135
  146  155  168  179  191  204  216  226  236  246  254  263  270  278  281  285
  287  286  285  282  280  268  255  248  219                                   
    70.0-180.0 180.0   5.0 450.0                            LAT/LON1/LON2/DLON/H
  233  226  214  198  180  167  157  148  143  138  135  128  125  119  116  110
  108  103  102   98  100   97   99   95   96   92   92   88   89   86   88   88
   91   92   95   95   98   96   96   93   93   91   94   95  101  109  119  132
  143  154  170  182  197  209  225  234  246  254  263  270  278  284  289  292
  294  295  294  292  289  279  268  262  233                                   
    67.5-180.0 180.0   5.0 450.0                            LAT/LON1/LON2/DLON/H
  246  237  226  209  187  173  160  153  147  142  135  128  121  113  105   98
   93   89   88   87   89   92   94   95   95   95   94   93   91   90   89   89
   89   90   89   89   88   86   84   82   82   82   85   88   95  105  118  129
  144  155  174  190  206  221  234  246  254  264  268  276  280  286  287  290
  294  295  296  294  296  288  280  276  246                                   
    65.0-180.0 180.0   5.0 450.0                            LAT/LON1/LON2/DLON/H
  255  247  236  215  194  178  168  158  153  145  138  128  119  108   98   88
   82   75   76   75   83   85   92   93   96   95   95   93   92   90   89   87
   86   85   82   80   78   75   73   71   71   72   77   82   93  105  120  132
  148  162  183  200  218  232  247  258  268  274  277  280  283  286  286  288
  290  293  293  293  295  291  282  280  255                                   
    62.5-180.0 180.0   5.0 450.0                            LAT/LON1/LON2/DLON/H
  264  251  242  222  197  183  168  162  153  148  139  130  118  107   95   86
   78   73   73   76   82   86   93   95   97   97   97   96   93   92   87   85
   80   78   74   71   68   66   64   63   65   69   75   82   95  109  125  139
  156  173  196  213  230  246  259  270  278  282  283  285  285  286  285  286
  288  288  290  290  296  292  285  286  264                                   
    60.0-180.0 180.0   5.0 450.0                            LAT/LON1/LON2/DLON/H
  266  253  242  221  201  185  173  163  156  147  139  128  119  107   97   88
   83   78   79   81   88   89   95   94   97   96   95   93   92   88   84   80
   75   71   67   65   62   60   58   58   61   65   76   83  101  116  133  147
  165  186  209  227  244  259  273  283  290  294  293  295  295  295  292  292
  291  291  289  289  292  288  278  281  266                                   
    57.5-180.0 180.0   5.0 450.0                            LAT/LON1/LON2/DLON/H
  274  254  246  229  206  190  172  163  152  146  135  128  118  111  101   96
   90   89   87   89   91   93   95   94   95   93   93   92   89   87   81   77
   71   66   64   61   60   59   59   60   64   71   81   92  110  125  142  157
  176  198  220  239  254  271  282  292  300  304  306  308  310  309  307  305
  303  297  295  291  294  287  277  284  274                                   
    55.0-180.0 180.0   5.0 450.0                            LAT/LON1/LON2/DLON/H
  281  261  251  232  214  196  178  164  152  141  131  122  116  110  105  101
   99   96   95   94   95   93   94   90   91   89   90   89   88   85   83   77
   72   67   65   64   63   64   65   66   71   76   87   99  120  133  151  167
  186  209  232  249  266  281  294  305  314  320  324  329  332  333  331  329
  323  316  308  302  301  290  279  285  281                                   
    52.5-180.0 180.0   5.0 450.0                            LAT/LON1/LON2/DLON/H
  295  270  261  247  227  210  186  173  154  142  126  120  114  112  109  109
  106  105  100   98   94   93   91   89   88   88   89   90   90   90   86   82
   76   71   71   71   74   76   78   79   83   87   96  111  130  144  162  178
  199  220  241  258  274  288  302  314  325  332  340  346  352  354  354  351
  345  335  326  317  313  299  287  296  295                                   
    50.0-180.0 180.0   5.0 450.0                            LAT/LON1/LON2/DLON/H
  312  292  281  266  249  229  206  185  164  143  128  117  113  111  111  110
  109  105  101   95   93   90   91   89   90   89   92   93   95   94   94   89
   84   79   80   83   88   91   94   93   96   96  106  120  139  154  173  191
  213  233  254  267  283  297  310  322  335  344  354  362  370  371  372  367
  361  351  341  330  323  306  298  306  312                                   
    47.5-180.0 180.0   5.0 450.0                            LAT/LON1/LON2/DLON/H
  327  307  301  291  272  254  226  205  177  154  132  121  113  113  111  113
  109  105   97   93   89   90   92   94   96   97   99  101  103  104  102   98
   93   89   89   95  101  108  109  109  107  108  117  130  149  165  188  206
  228  246  264  277  291  302  315  327  340  349  360  368  376  378  379  375
  369  360  349  338  329  315  305  319  327                                   
    45.0-180.0 180.0   5.0 450.0                            LAT/LON1/LON2/DLON/H
  334  322  313  306  291  277  250  225  197  168  143  127  119  116  115  113
  109  101   95   90   91   95  101  105  109  109  111  112  113  111  111  105
  101   97  100  104  113  119  123  118  116  113  124  136  158  178  202  223
  244  261  277  289  301  311  322  333  348  357  368  374  380  382  380  376
  372  362  355  342  333  321  315  325  334                                   
    42.5-180.0 180.0   5.0 450.0                            LAT/LON1/LON2/DLON/H
  333  322  318  315  303  291  266  244  210  184  155  138  127  124  119  117
  109  102   94   94   97  106  115  122  125  126  123  122  120  118  114  110
  105  103  105  112  119  129  130  127  122  121  129  145  167  192  218  239
  260  275  290  300  308  316  325  337  351  362  370  374  378  378  376  372
  366  360  351  342  330  324  315  331  333                                   
    40.0-180.0 180.0   5.0 450.0                            LAT/LON1/LON2/DLON/H
  327  320  314  312  304  297  276  255  224  195  168  148  138  132  128  123
  116  108  103  105  113  124  137  143  146  143  137  131  126  120  116  111
  107  105  107  115  123  132  134  129  125  122  133  150  177  204  231  254
  274  290  301  309  315  322  332  345  361  372  381  386  386  385  379  374
  369  363  357  346  336  330  324  332  327                                   
    37.5-180.0 180.0   5.0 450.0                            LAT/LON1/LON2/DLON/H
  325  315  307  307  296  291  271  252  222  198  172  157  145  142  137  134
  127  122  120  124  133  146  159  163  163  158  150  139  131  123  117  112
  108  106  108  115  123  133  136  133  128  127  138  161  188  218  246  268
  288  301  312  317  323  329  339  353  371  383  392  397  398  395  388  383
  377  373  365  359  348  343  328  337  325                                   
    35.0-180.0 180.0   5.0 450.0                            LAT/LON1/LON2/DLON/H
  332  317  306  295  288  281  263  242  218  193  175  160  154  150  148  145
  144  141  143  147  158  166  176  175  173  165  157  146  136  127  121  119
  115  113  112  117  123  132  136  133  130  130  141  167  195  224  251  274
  295  308  319  323  331  337  348  361  380  395  407  416  421  423  419  415
  412  406  404  396  385  375  355  350  332                                   
    32.5-180.0 180.0   5.0 450.0                            LAT/LON1/LON2/DLON/H
  357  335  311  296  278  267  248  228  204  185  169  162  156  156  153  156
  159  162  166  170  176  181  185  183  178  173  164  157  148  141  135  132
  131  126  124  123  127  133  140  138  134  137  148  173  202  230  254  274
  295  308  320  329  337  348  359  376  394  412  427  439  448  454  454  454
  452  452  450  444  437  423  385  381  357                                   
    30.0-180.0 180.0   5.0 450.0                            LAT/LON1/LON2/DLON/H
  411  380  344  309  287  267  246  223  202  181  170  160  159  156  158  160
  170  174  181  182  185  183  185  180  179  176  174  170  165  160  155  153
  148  145  139  133  131  134  139  137  134  137  151  174  203  229  251  271
  290  307  322  337  349  364  378  402  417  438  456  471  485  495  500  505
  510  515  519  515  510  492  456  438  411                                   
    27.5-180.0 180.0   5.0 450.0                            LAT/LON1/LON2/DLON/H
  488  452  405  358  316  289  260  234  206  185  170  164  159  157  153  161
  170  179  183  183  180  176  175  175  177  183  187  192  191  189  188  183
  181  173  164  151  141  138  139  138  133  137  152  174  203  226  247  265
  286  304  324  343  362  384  407  433  458  476  498  518  537  553  562  572
  578  589  597  596  596  579  543  521  488                                   
    25.0-180.0 180.0   5.0 450.0                            LAT/LON1/LON2/DLON/H
  576  541  490  435  392  345  298  263  233  206  187  172  166  157  154  155
  165  172  176  171  166  159  163  167  180  192  208  218  225  224  225  221
  218  204  186  170  151  144  135  132  128  131  148  171  200  224  246  263
  288  309  337  362  391  416  446  474  499  523  551  580  601  625  642  660
  670  689  699  699  698  680  660  623  576                                   
    22.5-180.0 180.0   5.0 450.0                            LAT/LON1/LON2/DLON/H
  654  621  575  523  472  428  374  320  274  243  218  199  183  170  159  155
  158  161  159  154  147  145  153  168  189  212  237  255  264  258  259  254
  247  227  204  182  159  145  131  123  118  123  140  166  197  224  247  269
  295  325  355  389  419  457  487  521  548  577  605  638  663  689  715  736
  751  769  784  785  791  774  751  718  654                                   
    20.0-180.0 180.0   5.0 450.0                            LAT/LON1/LON2/DLON/H
  730  710  666  610  560  510  455  403  349  299  268  241  220  196  180  163
  158  153  148  141  139  140  156  177  212  245  282  295  301  286  283  271
  258  236  208  185  160  143  122  112  105  112  131  159  192  223  252  277
  314  347  385  425  464  504  534  565  592  619  648  687  710  743  763  788
  800  823  837  846  853  839  823  800  730                                   
    17.5-180.0 180.0   5.0 450.0                            LAT/LON1/LON2/DLON/H
  780  779  745  695  653  605  551  496  435  385  335  299  269  242  216  193
  178  161  149  142  144  151  174  202  243  283  317  325  323  305  294  276
  257  231  202  179  155  134  112  101   96  104  122  153  190  227  258  290
  328  370  408  460  502  546  571  603  623  655  683  715  739  769  784  808
  819  841  857  869  880  878  858  852  780                                   
    15.0-180.0 180.0   5.0 450.0                            LAT/LON1/LON2/DLON/H
  812  828  798  761  726  684  637  578  514  461  409  370  331  298  270  241
  216  191  173  164  172  184  212  245  287  320  351  345  338  309  290  267
  245  216  190  166  140  120   99   88   87   94  114  145  187  228  264  299
  344  387  432  490  533  571  595  619  642  674  699  736  754  782  792  815
  821  843  856  872  884  884  863  876  812                                   
    12.5-180.0 180.0   5.0 450.0                            LAT/LON1/LON2/DLON/H
  825  846  829  806  785  741  698  640  585  530  481  443  401  365  325  299
  269  241  220  211  218  234  264  290  324  343  358  353  333  307  279  254
  229  198  176  155  129  109   94   84   82   91  110  141  185  230  266  307
  349  397  445  501  544  579  601  625  650  680  708  736  755  772  786  798
  804  821  834  850  866  876  861  881  825                                   
    10.0-180.0 180.0   5.0 450.0                            LAT/LON1/LON2/DLON/H
  829  853  838  825  808  767  729  668  623  570  530  492  456  423  390  356
  329  302  283  277  289  306  332  345  361  364  364  348  318  287  259  232
  209  184  162  140  119  101   89   78   80   87  108  137  180  227  267  306
  350  395  443  497  537  566  586  611  642  672  698  729  747  765  776  787
  793  804  816  830  848  854  850  871  829                                   
     7.5-180.0 180.0   5.0 450.0                            LAT/LON1/LON2/DLON/H
  823  850  849  836  821  777  736  679  636  587  556  523  497  469  443  414
  390  368  356  358  375  385  395  387  379  370  352  331  297  262  237  215
