data/unet/pred1970.15i
     1.0            IONOSPHERE MAPS     GNSS                IONEX VERSION / TYPE
pyspatialgeodesy        IME             05-JAN-18 20:20     PGM / RUN BY / DATE 
Map Name                                                    COMMENT             
Predicted global ionosphere maps (GIM).                     DESCRIPTION         
  2015     7    16     0     0     0                        EPOCH OF FIRST MAP  
  2015     7    17     0     0     0                        EPOCH OF LAST MAP   
  7200                                                      INTERVAL            
    13                                                      # OF MAPS IN FILE   
  NONE                                                      MAPPING FUNCTION    
10.0                                                        ELEVATION CUTOFF    
One-way carrier phase leveled to code                       OBSERVABLES USED    
  6371.0                                                    BASE RADIUS         
 2                                                          MAP DIMENSION       
   450.0 450.0   0.0                                        HGT1 / HGT2 / DHGT  
    87.5 -87.5  -2.5                                        LAT1 / LAT2 / DLAT  
  -180.0 180.0   5.0                                        LON1 / LON2 / DLON  
    -1                                                      EXPONENT            
                                                            END OF HEADER       
[from data line 1716]
     5                                                      START OF TEC MAP    
  2015     7    16     8     0     0                        EPOCH OF CURRENT MAP
    87.5-180.0 180.0   5.0 450.0                            LAT/LON1/LON2/DLON/H
  118  130  140  139  141  138  142  142  147  146  151  151  155  154  157  155
  157  154  157  153  155  151  153  147  150  144  148  141  146  140  145  140
  146  141  146  142  146  140  144  138  142  136  139  134  138  135  138  136
  140  138  140  138  140  137  139  136  138  135  136  133  135  132  133  130
  132  130  132  130  132  127  135  121  118                                   
    85.0-180.0 180.0   5.0 450.0                            LAT/LON1/LON2/DLON/H
  125  138  139  148  144  145  146  149  149  153  153  157  156  160  159  162
  159  162  160  161  159  159  157  155  153  152  150  149  148  147  147  146
  147  147  148  147  148  146  146  144  145  143  143  143  144  145  145  147
  148  149  148  149  149  149  147  147  146  146  143  143  142  141  139  139
  138  138  137  137  137  131  135  122  125                                   
    82.5-180.0 180.0   5.0 450.0                            LAT/LON1/LON2/DLON/H
  126  130  135  139  138  139  140  144  144  148  148  152  151  155  154  157
  155  158  155  157  155  155  153  152  149  148  146  144  143  142  141  141
  141  142  142  142  143  142  143  142  143  143  144  145  148  149  152  153
  156  156  158  157  159  157  157  155  155  151  151  147  147  143  142  138
  138  135  136  133  132  129  131  120  126                                   
    80.0-180.0 180.0   5.0 450.0                            LAT/LON1/LON2/DLON/H
  126  125  131  131  131  132  134  136  138  141  143  144  147  147  149  149
  150  149  150  149  148  146  145  143  141  138  137  134  135  133  134  133
  136  136  138  138  140  139  141  141  143  143  146  148  152  155  157  161
  163  166  166  169  169  169  166  166  164  161  158  155  153  149  144  142
  139  137  135  133  132  128  126  122  126                                   
    77.5-180.0 180.0   5.0 450.0                            LAT/LON1/LON2/DLON/H
  122  125  129  129  131  131  133  135  137  139  142  143  144  146  146  146
  145  145  144  143  141  138  136  132  131  127  127  124  126  125  129  129
  133  134  138  138  142  141  144  143  148  147  154  156  163  166  172  176
  181  183  187  188  190  188  188  185  184  179  176  170  167  161  157  151
  148  144  142  137  135  129  130  116  122                                   
    75.0-180.0 180.0   5.0 450.0                            LAT/LON1/LON2/DLON/H
  129  126  129  127  129  127  131  130  135  134  139  137  140  138  140  136
  138  134  135  131  130  126  124  119  117  113  113  111  113  114  118  122
  126  131  136  138  142  141  145  144  149  150  157  161  170  176  182  188
  193  198  200  203  203  202  200  198  195  192  187  184  179  173  167  163
  157  154  150  145  143  134  135  123  129                                   
    72.5-180.0 180.0   5.0 450.0                            LAT/LON1/LON2/DLON/H
  135  130  130  128  127  124  127  126  129  129  132  132  132  132  131  130
  128  127  124  122  118  114  110  105  101   98   98   97  100  101  109  112
  122  126  135  138  142  143  147  146  152  154  163  168  180  186  194  200
  206  209  211  213  212  210  208  205  203  198  195  191  188  182  178  172
  169  162  160  154  151  143  142  128  135                                   
    70.0-180.0 180.0   5.0 450.0                            LAT/LON1/LON2/DLON/H
  144  132  134  128  128  122  124  122  126  125  128  126  128  126  127  123
  123  119  120  115  113  107  104   98   95   91   91   92   96  100  107  116
  124  134  141  146  149  151  153  154  158  163  169  178  186  195  202  207
  210  212  211  212  210  208  205  203  200  198  195  193  191  188  184  182
  177  175  170  166  164  152  151  141  144                                   
    67.5-180.0 180.0   5.0 450.0                            LAT/LON1/LON2/DLON/H
  151  139  137  130  126  120  120  117  119  116  120  118  120  118  119  117
  116  113  111  108  104  100   95   91   86   83   83   85   91   96  107  115
  128  136  147  150  155  156  159  159  166  170  179  187  197  204  210  213
  215  213  212  210  207  203  201  198  196  193  193  192  193  190  189  187
  185  181  180  175  172  162  157  145  151                                   
    65.0-180.0 180.0   5.0 450.0                            LAT/LON1/LON2/DLON/H
  160  145  144  133  129  120  118  113  114  111  114  113  115  113  114  111
  111  108  107  103  101   95   93   86   84   80   82   85   93  100  111  124
  135  146  155  159  163  164  167  169  173  181  189  199  206  214  216  218
  215  213  207  204  199  195  190  187  186  184  185  186  187  188  187  189
  187  188  185  183  181  171  168  161  160                                   
    62.5-180.0 180.0   5.0 450.0                            LAT/LON1/LON2/DLON/H
  170  156  151  139  131  119  115  107  107  102  105  102  106  103  106  103
  105  101  101   97   94   90   86   83   80   79   81   86   93  104  115  129
  140  150  158  164  167  170  174  177  184  191  201  211  218  223  224  224
  219  215  209  203  198  191  188  184  183  181  182  183  187  187  190  190
  191  190  192  189  189  180  176  168  170                                   
    60.0-180.0 180.0   5.0 450.0                            LAT/LON1/LON2/DLON/H
  183  167  162  149  139  124  118  107  103   97   96   95   96   96   97   96
   97   94   93   90   87   83   82   79   78   78   82   88   98  109  122  135
  146  155  163  167  173  175  179  186  192  203  212  224  229  234  231  230
  222  216  208  203  197  192  189  185  184  181  183  183  186  186  189  191
  192  193  195  194  197  189  186  184  183                                   
    57.5-180.0 180.0   5.0 450.0                            LAT/LON1/LON2/DLON/H
  196  184  176  162  148  132  121  108  101   92   89   85   88   86   90   87
   89   84   84   78   77   73   73   73   75   78   84   92  102  115  125  139
  147  157  163  171  174  181  186  194  203  213  224  234  240  242  241  237
  230  223  217  211  208  203  200  197  193  190  188  188  188  189  190  191
  192  193  196  197  202  195  191  188  196                                   
    55.0-180.0 180.0   5.0 450.0                            LAT/LON1/LON2/DLON/H
  210  200  191  179  164  147  133  116  104   92   85   80   79   79   80   79
   79   76   73   69   67   65   66   68   73   78   87   97  110  121  133  143
  154  160  169  174  181  186  193  203  212  225  235  246  250  252  248  245
  237  232  226  224  220  219  215  212  206  201  197  192  192  189  190  190
  191  193  196  199  206  202  202  203  210                                   
    52.5-180.0 180.0   5.0 450.0                            LAT/LON1/LON2/DLON/H
  221  218  206  196  181  161  144  126  110   95   86   77   75   71   74   71
   73   67   66   61   61   58   61   63   69   77   88  101  115  126  135  147
  153  164  170  181  185  195  202  214  223  237  248  255  260  260  260  254
  250  245  242  240  238  237  233  229  222  215  207  201  197  194  191  191
  190  192  195  200  208  209  206  208  221                                   
    50.0-180.0 180.0   5.0 450.0                            LAT/LON1/LON2/DLON/H
  231  226  219  209  196  178  160  141  123  104   91   80   74   70   70   68
   68   64   61   57   57   55   59   62   70   79   90  105  120  131  142  151
  161  169  181  186  197  203  214  224  235  248  259  267  272  273  272  269
  264  262  259  259  257  255  250  244  235  225  216  208  202  198  196  194
  194  196  200  204  216  215  217  220  231                                   
    47.5-180.0 180.0   5.0 450.0                            LAT/LON1/LON2/DLON/H
  234  234  225  217  205  190  172  154  134  115   99   85   78   71   71   67
   68   63   63   58   59   57   60   64   70   79   91  105  121  132  142  153
  160  173  181  195  201  215  224  236  246  258  267  276  282  283  285  283
  281  278  276  274  272  269  262  255  244  236  225  217  210  204  201  199
  198  200  204  210  219  220  217  220  234                                   
    45.0-180.0 180.0   5.0 450.0                            LAT/LON1/LON2/DLON/H
  234  230  224  220  210  198  183  167  148  128  111   96   85   77   73   71
   70   68   66   63   63   63   66   70   76   85   95  111  123  136  147  157
  168  178  193  201  214  225  235  245  253  265  276  287  293  300  301  304
  302  302  296  294  288  283  273  263  251  240  227  218  212  208  208  206
  207  210  212  216  225  222  221  225  234                                   
    42.5-180.0 180.0   5.0 450.0                            LAT/LON1/LON2/DLON/H
  229  227  219  215  206  196  184  171  155  140  123  109   97   86   82   77
   78   75   77   74   76   74   78   81   86   93  100  111  124  135  146  157
  167  181  193  209  219  233  243  253  260  273  283  296  304  312  315  319
  318  317  310  305  297  290  278  267  254  242  232  225  218  215  215  216
  218  220  224  226  229  224  218  218  229                                   
    40.0-180.0 180.0   5.0 450.0                            LAT/LON1/LON2/DLON/H
  223  212  208  204  196  189  180  173  162  151  137  123  111  100   93   89
   87   88   89   90   92   93   94   98   99  105  109  120  130  141  152  163
  176  185  202  212  227  237  247  256  265  279  291  306  315  326  329  336
  337  337  329  323  311  302  286  274  259  246  236  230  227  225  228  231
  233  239  239  237  239  226  221  222  223                                   
    37.5-180.0 180.0   5.0 450.0                            LAT/LON1/LON2/DLON/H
  216  207  198  192  183  174  167  164  157  154  145  137  125  114  107   99
  100   99  105  105  112  110  114  113  116  117  120  126  134  144  154  164
  176  188  202  213  228  237  248  257  267  282  295  313  323  334  341  349
  353  353  347  338  327  313  299  283  270  258  250  243  241  240  244  246
  250  254  254  250  247  232  224  217  216                                   
    35.0-180.0 180.0   5.0 450.0                            LAT/LON1/LON2/DLON/H
  213  198  190  182  170  162  156  157  156  158  155  151  142  132  124  116
  114  114  119  121  126  128  129  129  129  130  131  136  142  151  160  169
  181  189  205  211  225  231  243  254  267  285  299  319  331  345  353  363
  368  370  364  358  348  336  320  304  289  273  265  256  255  252  256  257
  261  264  264  257  256  236  231  227  213                                   
    32.5-180.0 180.0   5.0 450.0                            LAT/LON1/LON2/DLON/H
  216  202  190  178  161  150  145  146  149  154  157  159  155  148  139  130
  126  123  128  129  138  137  142  140  142  141  142  142  147  153  161  169
  180  187  202  209  220  227  238  250  267  283  303  322  340  353  365  375
  384  384  383  377  372  361  350  333  318  299  287  278  274  271  272  272
  276  275  275  268  263  247  239  226  216                                   
    30.0-180.0 180.0   5.0 450.0                            LAT/LON1/LON2/DLON/H
  224  210  196  181  162  151  145  145  151  157  164  169  168  163  154  145
  139  136  138  141  147  151  153  154  152  152  151  152  154  158  163  170
  179  185  198  201  217  220  237  251  270  291  309  333  349  367  379  392
  401  404  406  406  405  399  391  376  359  336  321  307  301  291  291  284
  287  283  284  274  275  252  254  245  224                                   
    27.5-180.0 180.0   5.0 450.0                            LAT/LON1/LON2/DLON/H
  236  222  207  191  172  159  150  147  151  156  164  170  172  170  162  153
  146  142  144  145  154  154  160  157  160  157  159  155  158  157  163  167
  178  180  193  198  212  221  237  251  275  291  315  333  355  369  387  398
  412  417  426  429  438  435  434  418  404  375  357  337  329  315  314  303
  304  298  297  288  283  269  267  249  236                                   
    25.0-180.0 180.0   5.0 450.0                            LAT/LON1/LON2/DLON/H
  246  238  217  203  183  173  164  160  161  164  172  178  180  178  172  162
  156  151  151  155  161  165  166  169  166  168  163  161  158  158  159  167
  173  179  187  196  211  222  240  259  281  303  321  343  359  378  392  410
  422  436  446  458  467  470  466  455  440  415  395  370  356  336  330  314
  314  308  307  297  294  279  282  268  246                                   
    22.5-180.0 180.0   5.0 450.0                            LAT/LON1/LON2/DLON/H
  255  246  228  214  197  186  178  174  172  174  177  183  183  182  173  166
  157  154  154  158  165  167  171  169  170  166  163  156  153  151  154  161
  171  174  184  192  210  222  243  260  287  299  325  336  361  371  393  404
  425  437  456  469  485  489  485  475  459  439  420  398  385  357  350  333
  334  327  321  312  302  293  292  267  255                                   
    20.0-180.0 180.0   5.0 450.0                            LAT/LON1/LON2/DLON/H
  256  255  233  219  206  198  192  191  188  188  190  193  192  190  181  174
  167  161  162  164  171  174  175  175  174  169  162  151  148  144  152  161
  169  176  184  195  212  228  246  267  289  309  326  345  360  377  391  409
  424  444  459  478  491  496  491  482  467  450  433  416  402  377  366  348
  347  341  334  323  313  302  298  276  256                                   
    17.5-180.0 180.0   5.0 450.0                            LAT/LON1/LON2/DLON/H
  260  256  240  225  215  207  204  203  200  199  198  200  197  194  184  178
  167  164  158  164  168  171  172  170  168  161  152  139  133  133  140  154
  164  176  184  203  217  236  253  273  293  309  329  341  360  371  393  404
  424  436  455  465  477  481  477  472  459  449  437  425  416  398  388  370
  365  358  348  336  321  308  302  271  260                                   
    15.0-180.0 180.0   5.0 450.0                            LAT/LON1/LON2/DLON/H
  255  256  238  224  215  211  209  210  208  208  207  207  205  202  191  185
  173  168  162  166  169  171  171  169  165  156  144  128  123  122  135  148
  160  175  189  205  222  238  259  276  299  317  336  346  363  375  392  405
  420  434  444  453  458  459  458  454  450  440  438  428  426  411  406  389
  384  374  362  347  333  318  306  282  255                                   
    12.5-180.0 180.0   5.0 450.0                            LAT/LON1/LON2/DLON/H
  261  258  242  226  219  213  211  211  212  212  209  209  205  201  192  186
  173  169  158  164  164  165  162  160  154  141  126  112  105  108  120  136
  152  172  188  210  223  248  260  287  300  325  337  351  365  376  392  402
  417  427  435  438  442  441  441  444  442  442  443  442  441  435  427  415
  403  392  377  360  343  328  314  285  261                                   
    10.0-180.0 180.0   5.0 450.0                            LAT/LON1/LON2/DLON/H
  259  260  241  226  217  211  208  208  209  212  210  210  204  201  191  187
  176  169  160  163  162  161  158  153  148  132  116  100   98  100  115  132
  152  173  197  213  232  244  265  283  305  325  342  353  369  380  392  402
  413  421  429  431  432  431  434  438  445  445  453  450  456  446  444  430
  421  407  391  370  353  338  322  299  259                                   
     7.5-180.0 180.0   5.0 450.0                            LAT/LON1/LON2/DLON/H
  273  273  255  238  223  214  208  204  205  208  205  204  197  193  183  180
  170  165  153  156  153  151  145  139  131  115  100   90   87   91  103  124
