data/unet/pred2740.15i
     1.0            IONOSPHERE MAPS     GNSS                IONEX VERSION / TYPE
pyspatialgeodesy        IME             05-JAN-18 20:20     PGM / RUN BY / DATE 
Map Name                                                    COMMENT             
Predicted global ionosphere maps (GIM).                     DESCRIPTION         
  2015    10     1     0     0     0                        EPOCH OF FIRST MAP  
  2015    10     2     0     0     0                        EPOCH OF LAST MAP   
  7200                                                      INTERVAL            
    13                                                      # OF MAPS IN FILE   
  NONE                                                      MAPPING FUNCTION    
10.0                                                        ELEVATION CUTOFF    
One-way carrier phase leveled to code                       OBSERVABLES USED    
  6371.0                                                    BASE RADIUS         
 2                                                          MAP DIMENSION       
   450.0 450.0   0.0                                        HGT1 / HGT2 / DHGT  
    87.5 -87.5  -2.5                                        LAT1 / LAT2 / DLAT  
  -180.0 180.0   5.0                                        LON1 / LON2 / DLON  
    -1                                                      EXPONENT            
                                                            END OF HEADER       
[from data line 1287]
     4                                                      START OF TEC MAP    
  2015    10     1     6     0     0                        EPOCH OF CURRENT MAP
    87.5-180.0 180.0   5.0 450.0                            LAT/LON1/LON2/DLON/H
  111  138  135  134  132  131  130  130  130  131  130  131  130  131  129  130
  128  128  127  126  125  124  123  121  120  120  119  118  118  118  117  118
  118  119  118  119  119  119  120  120  122  122  123  123  124  125  126  127
  128  129  129  130  130  132  132  133  133  134  133  134  134  134  134  134
  134  134  133  134  136  136  149  120  111                                   
    85.0-180.0 180.0   5.0 450.0                            LAT/LON1/LON2/DLON/H
  125  134  120  124  119  118  117  118  117  119  118  120  119  120  119  119
  117  117  114  113  110  109  106  104  102  100   99   98   96   96   96   96
   96   98   98  100  100  102  103  106  107  110  111  114  115  119  119  123
  124  128  129  132  133  135  136  137  138  137  137  135  137  135  135  133
  134  132  131  132  131  124  137  133  125                                   
    82.5-180.0 180.0   5.0 450.0                            LAT/LON1/LON2/DLON/H
  124  122  116  114  113  108  112  111  114  113  117  116  119  116  120  115
  117  112  113  107  107  101  100   94   93   88   87   83   83   81   82   81
   83   84   86   88   91   94   97  100  104  108  113  118  122  126  132  136
  141  144  149  150  154  154  156  154  155  152  150  146  146  143  141  137
  137  133  132  129  130  123  131  124  124                                   
    80.0-180.0 180.0   5.0 450.0                            LAT/LON1/LON2/DLON/H
  124  126  114  108  103  101  101  103  102  105  106  108  109  111  111  111
  110  107  105  100   96   92   87   82   77   74   70   69   66   67   65   68
   68   71   73   77   80   84   88   93   97  104  111  118  127  133  141  146
  153  157  162  165  169  170  172  171  171  168  166  161  161  156  154  148
  149  142  142  138  139  129  125  127  124                                   
    77.5-180.0 180.0   5.0 450.0                            LAT/LON1/LON2/DLON/H
  119  115  103  100   92   93   89   94   92   97   97  102  102  105  105  105
  104  102   98   94   88   83   76   70   64   59   55   53   52   52   54   56
   58   61   65   70   74   79   83   91   96  105  113  124  133  142  151  158
  167  172  180  184  188  190  193  193  192  189  185  182  178  173  167  164
  158  155  149  147  141  132  126  124  119                                   
    75.0-180.0 180.0   5.0 450.0                            LAT/LON1/LON2/DLON/H
  118  118  103   96   85   85   80   83   80   85   85   90   91   95   96   97
   96   94   90   86   79   73   65   59   51   49   43   44   41   46   45   51
   52   57   60   65   68   74   78   85   90  100  109  122  133  144  156  166
  174  183  189  195  198  202  203  206  203  202  197  194  191  186  181  174
  171  165  162  157  151  142  133  130  118                                   
    72.5-180.0 180.0   5.0 450.0                            LAT/LON1/LON2/DLON/H
  120  110   99   89   82   76   74   72   71   73   76   79   82   87   90   92
   92   90   87   81   75   67   61   51   47   40   41   38   41   41   46   48
   53   56   61   64   68   72   77   83   89   99  108  123  135  149  162  172
  183  190  200  203  209  211  215  214  215  210  208  203  201  195  192  187
  183  179  174  168  162  150  143  133  120                                   
    70.0-180.0 180.0   5.0 450.0                            LAT/LON1/LON2/DLON/H
  126  118  105   94   81   78   70   70   64   67   66   70   72   76   80   82
   85   81   80   74   70   61   55   47   42   38   36   38   39   43   45   50
   53   57   60   62   65   68   73   78   85   96  107  122  137  152  165  177
  186  197  203  211  213  218  218  220  217  216  208  205  200  197  192  190
  188  187  184  182  173  162  152  146  126                                   
    67.5-180.0 180.0   5.0 450.0                            LAT/LON1/LON2/DLON/H
  135  119  109   93   83   74   69   65   61   60   60   62   64   68   70   75
   75   76   73   70   64   58   52   45   42   38   39   39   43   44   49   52
   55   58   60   62   65   67   71   77   85   97  110  125  142  156  169  180
  191  198  208  212  216  217  220  219  219  213  209  203  200  195  192  190
  188  189  189  186  181  169  161  147  135                                   
    65.0-180.0 180.0   5.0 450.0                            LAT/LON1/LON2/DLON/H
  139  128  116  101   85   80   70   70   62   63   59   61   60   63   65   68
   71   70   70   65   63   55   51   45   43   41   43   45   46   49   50   53
   54   56   57   58   61   62   68   74   83   97  110  127  143  158  171  182
  191  199  206  212  214  217  218  219  216  214  204  202  195  193  186  186
  183  185  185  186  182  175  165  157  139                                   
    62.5-180.0 180.0   5.0 450.0                            LAT/LON1/LON2/DLON/H
  146  130  120  104   93   82   76   69   66   60   59   55   56   55   57   60
   61   62   58   57   52   48   44   42   42   42   45   46   48   48   49   48
   49   49   50   53   56   60   66   76   88  102  118  134  152  164  176  185
  195  201  209  212  216  216  220  219  220  214  207  200  195  190  183  180
  176  177  177  177  177  171  164  152  146                                   
    60.0-180.0 180.0   5.0 450.0                            LAT/LON1/LON2/DLON/H
  146  133  120  107   92   85   75   73   65   64   59   58   56   56   56   59
   59   58   56   52   50   44   43   42   44   46   49   51   50   50   45   45
   42   43   45   48   53   58   66   78   91  108  124  142  157  171  182  190
  198  204  211  215  220  223  226  227  227  223  211  206  198  193  183  178
  170  169  168  169  170  165  159  155  146                                   
    57.5-180.0 180.0   5.0 450.0                            LAT/LON1/LON2/DLON/H
  149  133  123  108   96   85   78   71   67   62   59   55   54   51   51   50
   51   49   46   43   40   37   38   39   44   47   52   52   52   47   43   38
   37   37   40   46   54   62   72   88  102  119  137  156  170  182  194  201
  210  215  224  227  233  235  241  241  240  234  225  218  210  203  191  183
  172  167  164  163  163  161  155  146  149                                   
    55.0-180.0 180.0   5.0 450.0                            LAT/LON1/LON2/DLON/H
  152  137  125  113  100   90   81   76   70   66   62   60   57   54   51   51
   49   47   44   41   38   37   37   42   46   53   56   58   53   49   39   37
   31   34   38   47   56   67   79   95  110  129  148  165  182  195  205  212
  221  228  235  243  249  255  260  262  258  253  242  233  226  217  206  194
  181  172  166  164  163  160  155  151  152                                   
    52.5-180.0 180.0   5.0 450.0                            LAT/LON1/LON2/DLON/H
  161  144  133  119  107   95   86   78   73   67   64   59   57   52   50   47
   46   42   40   37   37   36   40   44   52   57   63   62   60   51   44   37
   34   36   44   55   66   79   93  110  125  143  164  180  197  211  223  231
  240  248  256  263  271  277  281  283  277  272  259  252  241  235  222  213
  197  186  177  172  170  166  161  153  161                                   
    50.0-180.0 180.0   5.0 450.0                            LAT/LON1/LON2/DLON/H
  168  157  146  134  122  108   98   90   83   77   72   67   65   59   56   52
   50   46   44   42   43   44   47   53   60   66   70   70   65   58   47   43
   38   43   50   62   74   88  102  119  134  153  173  191  209  224  237  248
  257  268  275  286  292  300  302  304  296  290  277  267  258  248  238  227
  214  203  195  188  185  176  169  166  168                                   
    47.5-180.0 180.0   5.0 450.0                            LAT/LON1/LON2/DLON/H
  180  171  160  149  136  122  109   98   91   82   77   70   67   60   58   52
   51   47   47   46   49   51   56   61   69   74   79   78   74   67   56   51
   47   53   62   76   88  103  116  132  145  164  184  203  222  238  254  265
  276  286  294  303  308  312  312  310  303  296  285  277  267  260  248  240
  228  221  211  206  202  192  185  174  180                                   
    45.0-180.0 180.0   5.0 450.0                            LAT/LON1/LON2/DLON/H
  191  184  172  163  152  137  124  112  103   94   88   81   79   71   68   61
   61   56   58   58   63   65   72   74   83   84   88   85   81   73   64   59
   56   61   70   84   95  109  121  135  150  167  189  210  229  248  264  278
  289  301  309  318  320  324  320  318  309  302  289  280  271  262  253  245
  236  229  223  220  218  206  197  190  191                                   
    42.5-180.0 180.0   5.0 450.0                            LAT/LON1/LON2/DLON/H
  198  189  176  168  158  146  132  120  109  102   93   86   83   76   73   67
   66   64   66   69   73   78   82   87   90   93   93   93   86   82   72   68
   66   72   80   94  105  118  131  144  158  176  198  218  240  257  276  288
  300  310  319  325  327  326  323  319  311  302  290  282  272  266  253  248
  239  236  231  230  229  218  209  196  198                                   
    40.0-180.0 180.0   5.0 450.0                            LAT/LON1/LON2/DLON/H
  201  190  172  165  155  144  134  125  115  109  101   96   95   89   87   81
   82   77   83   84   92   94   99   99  101   99   98   96   90   85   78   74
   72   76   84   95  105  117  131  146  162  180  204  227  246  265  281  297
  308  321  328  336  336  338  333  331  321  312  296  287  277  268  257  249
  240  237  234  234  235  225  217  205  201                                   
    37.5-180.0 180.0   5.0 450.0                            LAT/LON1/LON2/DLON/H
  199  183  162  152  142  135  127  121  114  109  103   98   98   94   93   89
   88   87   90   94   99  103  103  104  102  100   97   93   88   85   79   76
   74   78   85   98  109  124  139  155  172  192  216  237  258  272  290  302
  315  325  335  342  347  349  350  347  343  332  319  307  293  282  267  257
  245  242  239  239  239  229  219  204  199                                   
    35.0-180.0 180.0   5.0 450.0                            LAT/LON1/LON2/DLON/H
  196  176  149  138  126  121  116  113  109  108  104  104  106  105  106  103
  105  101  106  106  111  112  111  110  106  105   98   95   88   85   78   76
   72   75   82   94  107  123  143  161  181  201  227  248  265  278  293  306
  320  334  346  357  367  376  381  384  381  373  358  345  327  311  291  276
  261  253  248  244  242  235  229  215  196                                   
    32.5-180.0 180.0   5.0 450.0                            LAT/LON1/LON2/DLON/H
  197  174  144  127  114  109  103  101  100   99   99  100  105  105  108  107
  108  107  109  110  111  111  109  107  106  101   99   92   89   83   79   72
   72   71   81   93  110  130  151  175  194  214  240  259  275  285  301  312
  329  342  361  373  392  404  417  424  428  425  415  399  380  358  335  312
  294  281  272  266  259  250  240  226  197                                   
    30.0-180.0 180.0   5.0 450.0                            LAT/LON1/LON2/DLON/H
  208  175  144  123  107   96   91   90   90   92   94  100  107  112  114  116
  118  115  118  115  116  115  113  114  112  110  104   98   90   86   77   74
   67   69   76   88  109  130  157  181  202  222  248  264  280  288  306  318
  341  357  380  400  420  443  458  470  475  477  470  459  438  418  393  367
  344  321  306  294  286  275  264  253  208                                   
    27.5-180.0 180.0   5.0 450.0                            LAT/LON1/LON2/DLON/H
  231  193  164  140  118  105   96   89   88   88   89   93  101  106  111  111
  114  112  114  110  111  111  114  115  122  118  116  106   99   90   86   76
   74   70   78   88  109  134  163  189  209  229  250  270  283  296  311  329
  353  372  400  421  452  476  496  511  517  523  517  510  493  473  449  423
  398  372  351  333  321  314  291  286  231                                   
    25.0-180.0 180.0   5.0 450.0                            LAT/LON1/LON2/DLON/H
  268  219  189  168  140  124  110  101   94   93   92   94  101  106  112  113
  118  113  116  112  115  116  121  127  132  130  125  113  102   95   88   85
   75   72   77   87  109  133  163  188  209  225  248  266  284  295  317  335
  366  387  420  452  484  515  535  556  566  575  570  564  545  525  505  481
  456  430  405  385  367  358  332  330  268                                   
    22.5-180.0 180.0   5.0 450.0                            LAT/LON1/LON2/DLON/H
  318  273  241  214  186  164  144  127  116  107  101   99   98  102  103  105
  106  104  105  104  108  114  127  137  148  146  142  126  116  103  102   93
   87   77   81   88  109  132  164  189  209  228  241  264  279  302  322  348
  378  406  446  482  519  546  572  590  604  615  614  605  588  566  552  532
  508  483  458  438  421  406  379  373  318                                   
    20.0-180.0 180.0   5.0 450.0                            LAT/LON1/LON2/DLON/H
  371  331  304  275  241  215  188  166  145  133  120  111  106  104  104  102
  106  101  106  104  114  123  140  153  165  161  152  135  117  113  106  103
   97   88   88   91  108  131  158  182  202  223  239  258  279  303  330  356
  389  424  463  501  532  560  581  602  615  632  630  625  614  600  589  575
  556  533  506  487  467  451  429  415  371                                   
    17.5-180.0 180.0   5.0 450.0                            LAT/LON1/LON2/DLON/H
  414  395  376  344  310  279  246  215  187  166  145  131  118  111  102  100
   98   95   97  101  113  129  150  168  181  178  168  146  132  119  113  104
   94   84   81   84  102  122  150  175  194  217  235  256  279  308  333  367
  402  436  474  501  530  549  567  581  593  605  607  608  610  605  604  598
  583  566  541  522  506  488  469  451  414                                   
    15.0-180.0 180.0   5.0 450.0                            LAT/LON1/LON2/DLON/H
  449  433  426  402  372  338  306  273  238  207  182  162  146  131  118  108
  103  102  104  109  123  141  168  185  200  197  181  160  139  129  122  113
  103   90   87   84   98  116  143  166  186  212  231  259  282  313  342  378
  412  444  471  494  511  526  533  547  553  568  571  581  586  592  597  599
  591  578  559  543  528  512  499  477  449                                   
    12.5-180.0 180.0   5.0 450.0                            LAT/LON1/LON2/DLON/H
  468  462  459  439  414  385  352  321  288  255  221  194  174  158  134  121
  110  108  111  122  137  156  181  203  211  209  185  166  139  128  113  104
   91   83   82   82   94  111  136  160  182  208  233  262  291  323  355  390
  424  446  468  480  492  495  499  502  511  524  532  545  556  569  579  590
  586  581  564  553  541  529  517  493  468                                   
    10.0-180.0 180.0   5.0 450.0                            LAT/LON1/LON2/DLON/H
  481  473  469  451  432  406  378  347  321  291  259  234  206  190  165  146
  135  131  125  135  149  175  196  213  218  207  186  162  141  122  113   94
   87   74   74   73   88  108  130  158  179  208  233  264  294  328  363  397
  428  448  463  474  478  481  479  483  489  507  517  532  545  557  567  577
  575  573  562  553  544  532  524  500  481                                   
     7.5-180.0 180.0   5.0 450.0                            LAT/LON1/LON2/DLON/H
  488  482  479  457  436  412  387  361  335  312  288  266  245  228  205  185
  168  156  147  146  156  175  197  218  212  201  174  154  129  115  102   83
