data/unet/pred2810.15i
     1.0            IONOSPHERE MAPS     GNSS                IONEX VERSION / TYPE
pyspatialgeodesy        IME             05-JAN-18 20:20     PGM / RUN BY / DATE 
Map Name                                                    COMMENT             
Predicted global ionosphere maps (GIM).                     DESCRIPTION         
  2015    10     8     0     0     0                        EPOCH OF FIRST MAP  
  2015    10     9     0     0     0                        EPOCH OF LAST MAP   
  7200                                                      INTERVAL            
    13                                                      # OF MAPS IN FILE   
  NONE                                                      MAPPING FUNCTION    
10.0                                                        ELEVATION CUTOFF    
One-way carrier phase leveled to code                       OBSERVABLES USED    
  6371.0                                                    BASE RADIUS         
 2                                                          MAP DIMENSION       
   450.0 450.0   0.0                                        HGT1 / HGT2 / DHGT  
    87.5 -87.5  -2.5                                        LAT1 / LAT2 / DLAT  
  -180.0 180.0   5.0                                        LON1 / LON2 / DLON  
    -1                                                      EXPONENT            
                                                            END OF HEADER       
[from data line 1716]
     5                                                      START OF TEC MAP    
  2015    10     8     8     0     0                        EPOCH OF CURRENT MAP
    87.5-180.0 180.0   5.0 450.0                            LAT/LON1/LON2/DLON/H
   54   66   67   67   67   67   68   69   70   69   70   69   70   69   69   68
   68   67   67   66   66   65   65   63   64   63   63   62   63   62   62   62
   62   62   62   62   63   62   62   62   63   63   63   63   63   63   62   62
   62   62   61   61   61   60   60   59   59   59   59   58   59   59   59   59
   59   60   61   62   63   62   59   63   54                                   
    85.0-180.0 180.0   5.0 450.0                            LAT/LON1/LON2/DLON/H
   57   80   73   81   79   84   83   88   86   89   87   90   86   89   84   88
   83   86   80   85   79   83   77   82   77   81   76   81   76   81   75   81
   76   80   75   80   75   79   74   78   73   77   71   76   70   74   68   73
   67   72   65   71   63   69   61   68   59   66   57   64   56   63   55   63
   56   64   59   67   64   64   63   64   57                                   
    82.5-180.0 180.0   5.0 450.0                            LAT/LON1/LON2/DLON/H
   63   79   70   74   78   79   83   84   86   86   87   87   86   85   83   82
   79   78   75   75   72   73   70   71   67   70   67   70   68   71   69   71
   70   72   71   73   72   73   72   73   72   72   71   71   70   70   69   69
   67   67   65   65   63   63   59   59   55   56   51   52   48   50   46   48
   46   50   49   53   51   52   55   55   63                                   
    80.0-180.0 180.0   5.0 450.0                            LAT/LON1/LON2/DLON/H
   53   67   62   67   69   72   75   78   79   80   80   80   78   78   74   73
   69   67   63   62   59   58   55   56   53   55   54   56   57   58   60   61
   63   63   66   66   68   68   69   69   71   70   72   71   73   72   74   72
   74   71   73   69   70   65   65   60   60   55   54   50   49   46   44   44
   42   44   43   45   45   40   43   50   53                                   
    77.5-180.0 180.0   5.0 450.0                            LAT/LON1/LON2/DLON/H
   42   63   56   56   60   60   66   66   69   68   70   67   68   64   63   57
   55   50   48   43   42   38   38   36   37   36   40   40   43   44   49   49
   53   53   57   57   60   60   63   64   66   66   69   70   73   73   76   76
   78   75   78   75   75   70   70   65   63   59   57   54   50   48   45   44
   41   40   40   38   39   36   37   32   42                                   
    75.0-180.0 180.0   5.0 450.0                            LAT/LON1/LON2/DLON/H
   41   54   49   52   54   58   60   63   62   64   62   63   59   58   52   50
   43   41   35   34   28   28   24   25   23   25   27   29   32   36   39   43
   45   48   51   53   54   58   59   62   64   67   72   74   79   81   86   85
   88   87   88   86   85   82   80   75   73   68   66   61   58   54   51   48
   45   43   41   39   39   32   34   34   41                                   
    72.5-180.0 180.0   5.0 450.0                            LAT/LON1/LON2/DLON/H
   41   56   46   47   51   51   55   55   57   55   56   54   53   49   47   41
   38   32   29   24   21   18   17   15   16   17   21   23   28   31   37   39
   43   45   48   50   51   55   57   61   65   70   76   81   87   92   97   98
  100  100  101   99   97   93   91   85   83   77   76   71   69   64   62   56
   53   49   47   42   40   37   35   30   41                                   
    70.0-180.0 180.0   5.0 450.0                            LAT/LON1/LON2/DLON/H
   45   49   43   46   49   51   54   54   55   54   54   53   52   49   46   42
   38   35   30   26   21   20   17   16   16   18   22   24   29   33   38   40
   45   46   50   50   53   54   59   62   69   75   85   91  101  106  112  114
  117  116  117  114  113  108  105   99   96   91   89   85   83   78   76   70
   67   61   58   51   48   38   38   36   45                                   
    67.5-180.0 180.0   5.0 450.0                            LAT/LON1/LON2/DLON/H
   46   51   41   43   46   48   51   52   52   52   52   51   51   48   48   43
   41   36   33   28   23   22   19   19   19   21   25   28   32   35   40   43
   45   47   48   50   50   54   57   64   70   80   88  101  109  121  125  131
  130  132  129  128  124  120  115  109  105   99   98   93   93   88   87   81
   77   70   66   58   54   45   41   35   46                                   
    65.0-180.0 180.0   5.0 450.0                            LAT/LON1/LON2/DLON/H
   50   48   41   43   46   48   51   52   53   53   54   53   53   52   51   49
   47   44   40   36   32   29   27   27   26   28   32   33   37   40   44   45
   48   48   51   51   54   56   62   67   76   86   98  110  121  129  136  140
  142  142  140  138  135  128  123  116  111  107  105  101  100   97   96   90
   87   81   77   67   64   48   46   43   50                                   
    62.5-180.0 180.0   5.0 450.0                            LAT/LON1/LON2/DLON/H
   49   51   40   40   44   45   48   49   50   50   51   52   53   53   54   52
   51   47   45   40   36   34   32   32   31   33   35   36   38   40   42   44
   45   47   48   51   52   57   62   69   78   90  101  116  123  136  139  148
  146  151  146  146  141  135  129  121  117  111  110  106  107  102  102   95
   92   85   81   73   69   56   50   43   49                                   
    60.0-180.0 180.0   5.0 450.0                            LAT/LON1/LON2/DLON/H
   55   51   41   43   45   46   48   49   50   49   51   51   53   54   56   56
   55   52   49   46   42   40   38   38   37   38   39   39   40   40   42   43
   45   46   49   52   55   59   66   73   84   94  107  117  129  137  146  151
  156  158  158  155  152  145  139  131  126  121  119  116  116  113  111  105
  102   93   90   81   79   60   55   52   55                                   
    57.5-180.0 180.0   5.0 450.0                            LAT/LON1/LON2/DLON/H
   57   56   46   43   46   44   46   45   45   43   45   46   48   49   53   52
   53   49   48   43   40   38   38   37   37   36   37   36   36   35   37   39
   41   44   48   52   57   62   70   79   87   98  108  121  129  142  148  158
  163  170  171  169  165  157  152  142  138  130  130  125  126  121  119  111
  106   97   95   86   82   71   63   56   57                                   
    55.0-180.0 180.0   5.0 450.0                            LAT/LON1/LON2/DLON/H
   69   64   52   51   50   47   48   45   44   41   42   42   44   45   47   48
   47   45   43   40   38   37   37   37   36   36   35   34   33   33   35   38
   42   46   52   58   63   70   77   85   94  102  114  124  136  146  157  166
  176  183  188  188  184  175  168  160  154  148  144  140  138  133  129  120
  116  108  105   97   95   80   75   73   69                                   
    52.5-180.0 180.0   5.0 450.0                            LAT/LON1/LON2/DLON/H
   78   77   66   59   58   51   49   43   40   36   35   34   37   36   41   38
   40   35   36   32   32   31   32   32   33   32   31   29   29   28   31   35
   41   47   55   63   70   79   85   94  100  111  119  132  141  154  165  179
  191  202  208  207  204  196  187  178  173  164  161  153  151  143  138  127
  122  114  113  106  103   95   89   85   78                                   
    50.0-180.0 180.0   5.0 450.0                            LAT/LON1/LON2/DLON/H
   96   91   78   74   68   60   55   48   43   37   34   33   33   33   34   34
   32   31   29   28   27   28   29   31   31   31   29   28   27   28   31   37
   44   53   62   73   81   90   97  105  113  120  131  139  153  163  180  192
  209  218  226  225  222  214  205  196  190  182  176  170  165  157  151  140
  132  126  124  120  120  110  104  105   96                                   
    47.5-180.0 180.0   5.0 450.0                            LAT/LON1/LON2/DLON/H
  107  103   93   86   80   70   62   53   46   38   35   32   32   30   31   29
   28   25   25   23   24   24   26   28   29   29   28   27   26   27   32   39
   48   58   71   84   93  104  109  119  122  132  139  150  161  175  191  206
  222  232  237  236  233  225  217  207  199  189  184  176  173  163  160  147
  141  132  133  126  127  120  118  114  107                                   
    45.0-180.0 180.0   5.0 450.0                            LAT/LON1/LON2/DLON/H
  115  109  100   96   90   79   71   60   52   45   41   38   36   34   32   31
   28   27   24   25   24   26   26   29   29   30   29   29   28   30   35   44
   54   69   81   96  106  117  124  132  136  144  153  161  176  187  207  219
  236  243  245  242  236  228  218  209  200  191  184  177  173  167  162  154
  145  140  137  133  133  124  122  123  115                                   
    42.5-180.0 180.0   5.0 450.0                            LAT/LON1/LON2/DLON/H
  119  111  103   98   94   84   76   67   58   53   47   45   41   39   36   34
   32   29   29   28   29   29   29   31   30   32   30   31   30   33   38   49
   60   75   89  104  114  126  131  140  142  152  159  171  183  198  214  230
  243  246  244  237  231  222  214  201  196  184  181  173  173  164  163  151
  147  138  137  129  129  121  122  119  119                                   
    40.0-180.0 180.0   5.0 450.0                            LAT/LON1/LON2/DLON/H
  112  102   96   93   91   83   79   70   64   60   55   54   51   49   46   44
   40   38   36   37   34   35   32   34   32   34   33   35   33   39   44   56
   67   83   96  112  121  133  140  149  154  163  171  181  196  208  226  238
  248  248  243  234  227  217  208  200  191  182  177  172  171  165  161  154
  148  143  136  131  128  116  114  116  112                                   
    37.5-180.0 180.0   5.0 450.0                            LAT/LON1/LON2/DLON/H
  103   95   86   83   84   77   77   69   67   65   63   63   59   59   55   53
   51   47   47   46   45   43   39   39   35   37   35   37   35   42   47   60
   71   88  101  116  126  139  145  155  159  170  176  190  201  218  232  246
  251  249  244  234  228  217  213  202  201  189  190  181  183  172  170  158
  154  145  139  128  121  108  107  104  103                                   
    35.0-180.0 180.0   5.0 450.0                            LAT/LON1/LON2/DLON/H
   91   83   72   70   72   68   67   65   63   66   63   66   63   65   61   60
   57   54   52   53   50   49   44   43   39   40   37   40   38   45   51   65
   75   92  103  120  130  143  151  161  169  179  187  199  211  225  240  252
  258  258  253  245  238  231  224  219  215  211  205  202  198  190  183  172
  165  154  145  132  123  104  102  102   91                                   
    32.5-180.0 180.0   5.0 450.0                            LAT/LON1/LON2/DLON/H
   89   85   67   62   64   59   63   61   63   63   65   66   67   67   66   64
   63   58   60   58   59   54   51   48   43   43   39   41   39   47   53   66
   78   94  108  123  137  150  160  170  178  188  195  209  217  234  245  262
  268  272  275  270  269  261  258  251  252  245  247  239  238  222  215  197
  189  169  159  137  127  110  105   99   89                                   
    30.0-180.0 180.0   5.0 450.0                            LAT/LON1/LON2/DLON/H
   98   90   68   62   60   59   59   59   59   61   61   65   66   68   69   65
   66   61   64   63   66   62   59   56   49   48   43   44   42   50   58   71
   81   99  113  132  142  157  166  178  185  196  206  217  231  244  264  277
  290  297  306  307  312  311  310  307  305  300  296  290  283  266  250  230
  215  195  180  158  147  128  124  116   98                                   
    27.5-180.0 180.0   5.0 450.0                            LAT/LON1/LON2/DLON/H
  130  119   93   81   74   67   67   60   61   58   63   62   67   67   69   67
   67   63   66   66   69   65   62   58   51   50   46   44   41   48   57   71
   85  104  121  138  153  165  176  188  195  208  217  232  242  263  281  301
  316  328  345  353  370  372  382  375  380  366  368  353  349  325  307  276
  256  228  214  189  178  156  153  137  130                                   
    25.0-180.0 180.0   5.0 450.0                            LAT/LON1/LON2/DLON/H
  163  155  123  108   97   85   78   69   64   62   63   64   70   69   72   68
   69   62   67   67   74   70   69   64   59   57   51   49   47   54   67   83
   98  118  134  154  166  180  188  201  208  218  232  244  263  282  308  328
  346  362  384  398  421  431  443  443  446  436  432  415  404  376  353  316
  290  261  243  220  212  193  192  174  163                                   
    22.5-180.0 180.0   5.0 450.0                            LAT/LON1/LON2/DLON/H
  206  199  165  147  131  112  105   88   81   71   72   68   74   74   75   72
   69   66   65   67   71   69   67   65   63   59   54   49   49   57   72   89
  107  127  145  160  176  187  200  209  220  232  245  263  279  304  329  352
  374  394  420  440  466  480  492  492  500  487  487  468  463  427  408  360
  337  300  283  255  249  234  229  208  206                                   
    20.0-180.0 180.0   5.0 450.0                            LAT/LON1/LON2/DLON/H
  247  233  205  183  167  148  133  114  103   92   86   82   81   80   78   73
   69   63   63   62   70   68   73   70   72   65   60   54   55   63   79   98
  115  137  151  168  181  198  207  220  230  243  258  275  296  321  347  370
  397  417  445  467  493  507  518  520  527  519  522  507  501  467  444  394
  368  332  312  289  283  269  265  249  247                                   
    17.5-180.0 180.0   5.0 450.0                            LAT/LON1/LON2/DLON/H
  296  287  253  224  207  186  168  149  135  121  111  100   96   90   85   78
   74   67   65   65   68   71   74   76   75   69   65   58   61   66   84  101
  121  140  156  170  187  197  213  223  238  254  269  290  313  339  364  386
  413  434  460  479  501  509  518  517  528  525  537  531  529  506  490  448
  424  387  366  340  327  311  301  281  296                                   
    15.0-180.0 180.0   5.0 450.0                            LAT/LON1/LON2/DLON/H
  323  314  284  262  246  220  202  184  167  154  139  128  115  107   97   89
   78   70   64   66   71   74   79   80   78   72   69   64   65   72   85  105
  120  141  153  171  181  201  213  231  246  265  284  307  333  357  382  400
  425  442  463  476  489  496  500  501  510  515  531  536  536  525  508  486
  456  429  398  373  356  340  334  313  323                                   
    12.5-180.0 180.0   5.0 450.0                            LAT/LON1/LON2/DLON/H
  350  335  314  293  279  256  238  217  200  186  171  157  141  124  114  101
   91   80   74   72   77   77   82   82   80   76   74   68   73   78   90  104
  118  137  151  167  181  197  216  235  255  279  297  323  348  371  391  408
  429  444  458  465  471  471  475  476  487  496  515  529  537  532  521  504
  480  459  438  407  387  366  356  336  350                                   
    10.0-180.0 180.0   5.0 450.0                            LAT/LON1/LON2/DLON/H
  355  342  321  307  294  277  267  246  230  211  199  182  162  148  132  116
  107   92   84   79   84   87   91   88   86   80   76   75   75   82   91  106
  120  140  153  171  179  200  214  238  257  284  305  335  363  385  404  415
  434  441  451  454  455  457  459  464  475  483  504  523  535  533  525  508
  488  466  443  421  401  377  369  354  355                                   
     7.5-180.0 180.0   5.0 450.0                            LAT/LON1/LON2/DLON/H
  354  332  318  307  296  287  278  266  247  231  216  200  181  166  150  134
  126  111  104   94   95   92   93   90   89   83   82   78   78   83   91  106
