data/unet/pred2280.15i
     1.0            IONOSPHERE MAPS     GNSS                IONEX VERSION / TYPE
pyspatialgeodesy        IME             05-JAN-18 20:20     PGM / RUN BY / DATE 
Map Name                                                    COMMENT             
Predicted global ionosphere maps (GIM).                     DESCRIPTION         
  2015     8    16     0     0     0                        EPOCH OF FIRST MAP  
  2015     8    17     0     0     0                        EPOCH OF LAST MAP   
  7200                                                      INTERVAL            
    13                                                      # OF MAPS IN FILE   
  NONE                                                      MAPPING FUNCTION    
10.0                                                        ELEVATION CUTOFF    
One-way carrier phase leveled to code                       OBSERVABLES USED    
  6371.0                                                    BASE RADIUS         
 2                                                          MAP DIMENSION       
   450.0 450.0   0.0                                        HGT1 / HGT2 / DHGT  
    87.5 -87.5  -2.5                                        LAT1 / LAT2 / DLAT  
  -180.0 180.0   5.0                                        LON1 / LON2 / DLON  
    -1                                                      EXPONENT            
                                                            END OF HEADER       
[from data line 3861]
    10                                                      START OF TEC MAP    
  2015     8    16    18     0     0                        EPOCH OF CURRENT MAP
    87.5-180.0 180.0   5.0 450.0                            LAT/LON1/LON2/DLON/H
  148  116  113  113  114  110  113  111  114  111  114  111  114  111  114  111
  114  110  114  110  113  110  113  110  112  108  111  107  110  105  108  103
  106  101  104  100  103   98  102   97  102   97  102   98  103   99  104  101
  106  103  108  105  109  107  111  109  112  111  114  112  114  112  115  113
  115  113  115  113  117  113  124  137  148                                   
    85.0-180.0 180.0   5.0 450.0                            LAT/LON1/LON2/DLON/H
  108  100  101  106  105  106  104  107  105  108  106  109  107  109  108  110
  109  110  108  110  108  109  107  107  105  105  103  104  101  101   98   99
   96   96   93   94   92   92   91   92   90   91   90   92   92   93   93   95
   96   98   98  100  101  103  104  106  106  108  107  109  108  110  109  110
  108  110  108  109  109  104  113  130  108                                   
    82.5-180.0 180.0   5.0 450.0                            LAT/LON1/LON2/DLON/H
  103   94  101  101  102  102  102  104  104  106  106  108  108  110  110  112
  111  112  111  112  110  110  109  108  106  105  103  103   99  100   96   97
   93   93   90   91   87   89   86   87   84   86   84   86   85   88   88   91
   91   94   95   97   99  101  103  104  105  106  107  107  108  108  108  108
  107  107  106  106  105   98  101  107  103                                   
    80.0-180.0 180.0   5.0 450.0                            LAT/LON1/LON2/DLON/H
   98   94   94   97   95   97   97  100   99  103  103  107  107  110  110  113
  112  114  113  114  112  112  110  109  106  106  103  103  100  100   96   97
   93   93   89   90   85   86   82   83   79   81   78   81   79   83   82   86
   86   90   90   95   95  100  100  103  103  106  105  107  106  107  106  106
  105  104  103  102  101   92   97  102   98                                   
    77.5-180.0 180.0   5.0 450.0                            LAT/LON1/LON2/DLON/H
   90   87   90   90   91   92   93   96   97   99  102  105  107  110  113  115
  116  116  117  117  117  114  114  112  110  107  107  105  104  102  101  100
   98   96   94   92   89   87   84   82   80   79   78   78   78   79   81   82
   85   86   90   92   94   96   99   99  101  102  104  103  104  103  103  102
  101   99   99   96   95   87   87   94   90                                   
    75.0-180.0 180.0   5.0 450.0                            LAT/LON1/LON2/DLON/H
   85   82   82   87   86   90   90   95   94   99  101  106  107  113  114  118
  118  121  120  122  120  121  118  118  114  114  109  111  107  109  105  106
  101  103   97   97   91   91   85   84   79   79   76   77   75   78   78   81
   81   86   86   89   89   93   92   95   94   97   96   98   96   99   96   97
   94   95   91   92   89   82   84   93   85                                   
    72.5-180.0 180.0   5.0 450.0                            LAT/LON1/LON2/DLON/H
   81   77   82   82   84   86   89   90   94   95  101  103  109  111  117  118
  122  122  126  124  126  123  124  120  119  115  115  112  112  111  111  109
  108  106  104  101   97   94   89   85   82   79   78   76   77   77   79   79
   81   82   84   83   85   85   86   85   87   87   89   88   90   89   90   88
   89   87   87   85   85   78   79   87   81                                   
    70.0-180.0 180.0   5.0 450.0                            LAT/LON1/LON2/DLON/H
   81   78   81   85   86   89   91   93   95   97  102  105  110  113  118  121
  124  127  128  130  130  130  128  126  123  121  118  118  115  117  115  117
  113  114  109  107  101   99   92   90   84   83   79   80   78   80   79   81
   80   81   79   80   78   78   76   77   76   78   78   80   80   83   82   84
   81   83   80   82   81   75   79   89   81                                   
    67.5-180.0 180.0   5.0 450.0                            LAT/LON1/LON2/DLON/H
   83   80   86   86   89   90   93   93   96   97  103  105  111  114  121  122
  127  128  133  132  134  132  132  129  127  123  122  119  118  118  119  119
  117  115  113  109  104   99   95   91   88   84   83   81   81   80   81   80
   80   77   76   72   71   67   67   64   65   64   68   69   72   74   77   77
   77   77   78   78   80   74   78   87   83                                   
    65.0-180.0 180.0   5.0 450.0                            LAT/LON1/LON2/DLON/H
   86   85   89   93   94   96   98   98  100  101  106  109  113  117  122  125
  128  131  133  136  136  137  136  133  130  127  124  122  120  122  121  124
  121  120  116  113  107  104   98   95   91   90   87   87   85   85   83   82
   79   76   72   68   63   59   56   54   53   54   56   60   63   67   69   72
   71   73   71   75   76   75   79   91   86                                   
    62.5-180.0 180.0   5.0 450.0                            LAT/LON1/LON2/DLON/H
   89   88   96   95   99   99  102  100  103  102  108  110  115  118  124  126
  130  131  135  136  138  138  139  136  133  129  127  125  124  123  126  126
  124  122  120  114  110  104  101   97   96   93   93   91   90   88   87   83
   80   74   70   63   58   51   48   44   45   44   49   52   56   60   63   66
   67   68   70   71   75   74   80   87   89                                   
    60.0-180.0 180.0   5.0 450.0                            LAT/LON1/LON2/DLON/H
   90   92   97  101  103  104  106  105  107  107  111  114  117  120  125  126
  129  130  133  135  138  140  140  139  136  132  129  128  126  128  129  130
  128  126  123  119  113  110  106  105  102  102   99   99   95   93   89   87
   81   77   69   63   55   49   43   41   40   41   44   47   51   56   57   61
   61   65   64   69   71   73   79   89   90                                   
    57.5-180.0 180.0   5.0 450.0                            LAT/LON1/LON2/DLON/H
   90   91  101  101  106  106  109  107  109  108  112  113  117  119  123  125
  126  127  130  133  136  139  141  141  138  134  133  132  132  133  136  136
  135  131  129  123  119  115  115  113  112  110  109  106  102   99   95   91
   86   79   73   64   57   49   46   42   42   42   45   46   50   52   55   56
   57   59   61   64   69   71   78   81   90                                   
    55.0-180.0 180.0   5.0 450.0                            LAT/LON1/LON2/DLON/H
   89   90   96  103  105  109  110  111  111  111  114  115  117  119  122  123
  124  124  126  129  132  137  140  141  139  137  135  135  136  139  140  141
  140  138  134  130  126  125  124  124  122  122  118  116  110  107  101   98
   91   86   77   70   60   55   50   48   46   48   48   50   49   51   50   52
   51   54   54   60   64   66   75   80   89                                   
    52.5-180.0 180.0   5.0 450.0                            LAT/LON1/LON2/DLON/H
   86   86   96  100  107  109  115  114  116  113  116  114  117  116  120  120
  120  120  122  125  128  133  137  140  139  139  139  140  143  145  149  149
  148  145  142  138  137  135  137  136  136  134  130  125  119  113  109  103
   98   91   85   76   69   61   59   56   56   55   57   55   54   51   51   50
   48   50   52   56   61   65   73   73   86                                   
    50.0-180.0 180.0   5.0 450.0                            LAT/LON1/LON2/DLON/H
   85   83   91  101  108  114  118  121  121  120  120  119  119  119  121  121
  120  119  120  123  125  130  135  138  140  141  142  144  147  151  153  154
  153  151  149  146  147  147  150  149  149  146  142  136  129  123  117  114
  108  104   95   88   79   74   69   68   67   68   66   64   59   56   52   50
   47   49   49   55   59   61   71   74   85                                   
    47.5-180.0 180.0   5.0 450.0                            LAT/LON1/LON2/DLON/H
   82   81   93  100  110  116  124  126  129  126  127  122  123  120  122  120
  120  118  119  120  122  127  133  137  140  142  146  149  153  156  160  160
  160  157  157  157  158  160  163  164  162  159  153  146  138  131  126  121
  117  111  106   97   91   83   81   78   79   78   78   73   69   62   58   55
   52   53   52   56   61   63   71   72   82                                   
    45.0-180.0 180.0   5.0 450.0                            LAT/LON1/LON2/DLON/H
   84   83   92  102  113  121  131  135  137  137  135  132  130  128  128  127
  125  125  123  124  125  130  135  139  142  147  149  154  156  160  163  165
  165  164  165  164  170  170  176  174  174  168  163  154  147  140  135  131
  127  123  116  110  102   97   92   91   91   91   89   85   79   73   67   64
   61   62   60   62   64   63   73   78   84                                   
    42.5-180.0 180.0   5.0 450.0                            LAT/LON1/LON2/DLON/H
   85   84   95  104  116  125  138  142  148  145  146  141  140  135  136  133
  132  129  130  129  131  134  139  142  147  151  157  160  163  166  169  170
  171  171  173  176  179  183  186  185  183  177  170  161  154  147  143  138
  135  130  125  118  111  104  101   99  100  100   99   95   90   83   80   76
   74   73   71   70   71   69   75   80   85                                   
    40.0-180.0 180.0   5.0 450.0                            LAT/LON1/LON2/DLON/H
   89   90   96  106  118  129  142  150  154  156  157  154  151  148  146  145
  143  142  142  142  142  145  148  152  155  162  165  168  171  172  175  176
  179  179  185  186  192  193  198  193  193  183  178  167  162  154  151  146
  142  137  130  125  118  112  108  106  107  107  107  104  101   97   94   92
   90   89   84   81   77   72   79   89   89                                   
    37.5-180.0 180.0   5.0 450.0                            LAT/LON1/LON2/DLON/H
   92   92  101  109  120  131  145  153  162  163  167  165  163  159  157  154
  154  152  155  152  154  155  160  162  168  172  178  179  181  181  186  185
  190  192  197  201  204  207  207  204  199  191  184  175  168  162  158  152
  147  141  134  128  121  114  111  109  109  110  111  111  110  108  108  106
  106  102   97   90   86   78   81   92   92                                   
    35.0-180.0 180.0   5.0 450.0                            LAT/LON1/LON2/DLON/H
   97  100  104  114  123  134  146  156  165  171  176  177  175  172  170  168
  167  168  169  169  169  171  173  176  180  185  190  191  193  192  196  196
  203  208  215  219  224  223  222  214  209  198  192  181  177  168  165  157
  152  144  137  130  122  116  111  107  107  109  112  114  115  119  120  120
  120  117  108  100   91   83   86   99   97                                   
    32.5-180.0 180.0   5.0 450.0                            LAT/LON1/LON2/DLON/H
  104  104  111  116  126  134  147  157  169  175  183  184  185  182  180  178
  177  178  181  182  183  184  187  190  195  200  206  207  210  208  213  215
  224  230  240  244  245  242  236  227  217  206  196  188  180  174  169  162
  154  146  139  131  125  117  112  108  107  108  111  115  119  123  127  128
  129  124  116  104   97   86   88  100  104                                   
    30.0-180.0 180.0   5.0 450.0                            LAT/LON1/LON2/DLON/H
  111  113  114  124  130  139  148  159  171  179  187  191  192  191  190  188
  188  189  191  192  194  197  198  202  206  213  219  226  227  231  234  241
  252  263  273  276  273  263  252  238  226  213  203  191  185  176  171  162
  155  146  140  133  127  121  114  110  107  108  110  114  118  124  129  132
  132  128  118  109   97   89   91  107  111                                   
    27.5-180.0 180.0   5.0 450.0                            LAT/LON1/LON2/DLON/H
  120  117  124  130  137  141  151  160  173  180  190  194  198  197  197  196
  194  197  199  203  204  207  209  212  218  227  238  245  251  255  263  271
  284  295  303  303  295  283  264  250  233  220  205  193  182  174  165  156
  149  141  137  133  129  125  119  115  110  109  111  114  118  121  127  129
  130  127  119  108  100   90   93  107  120                                   
    25.0-180.0 180.0   5.0 450.0                            LAT/LON1/LON2/DLON/H
  125  124  128  139  143  148  156  165  175  183  191  197  201  203  203  204
  203  206  207  210  212  215  216  220  227  239  249  262  268  280  289  305
  317  329  332  328  317  301  280  260  242  224  209  193  181  170  162  152
  146  139  136  133  131  129  124  118  113  111  111  113  115  117  120  123
  123  122  114  109   97   92   94  113  125                                   
    22.5-180.0 180.0   5.0 450.0                            LAT/LON1/LON2/DLON/H
  128  126  137  145  152  157  165  173  182  189  197  202  207  209  210  211
  211  214  216  221  222  225  226  231  240  253  266  280  291  304  318  332
  344  350  350  345  330  314  290  270  245  227  206  190  174  163  154  144
  139  132  132  129  130  129  126  122  116  112  110  111  112  111  113  112
  114  112  109  103   98   90   94  110  128                                   
    20.0-180.0 180.0   5.0 450.0                            LAT/LON1/LON2/DLON/H
  127  129  139  151  159  165  173  181  189  195  200  207  212  216  217  221
  220  225  226  231  231  234  235  242  250  265  279  295  308  326  340  358
  368  373  370  361  347  326  303  280  255  232  211  190  176  162  155  145
  139  131  131  126  129  129  128  123  116  110  107  105  105  102  104  103
  103  105  101  101   92   89   91  111  127                                   
    17.5-180.0 180.0   5.0 450.0                            LAT/LON1/LON2/DLON/H
  124  128  142  155  167  176  186  195  202  204  210  215  222  224  227  232
  234  237  240  244  246  248  252  256  267  281  297  312  326  343  356  371
  381  383  380  369  353  333  311  290  262  237  212  192  175  162  154  142
  138  130  130  123  127  128  128  123  117  109  103  101   97   95   95   94
   95   96   99   95   93   86   88  101  124                                   
    15.0-180.0 180.0   5.0 450.0                            LAT/LON1/LON2/DLON/H
  116  126  139  156  169  181  191  202  209  211  215  222  227  235  238  248
  251  257  258  261  262  265  268  275  284  299  313  330  346  364  377  391
  400  400  395  380  367  345  327  302  280  249  227  202  188  170  164  149
  142  131  129  121  124  124  125  119  114  105  100   93   91   86   88   89
   90   95   95   97   87   85   81   92  116                                   
    12.5-180.0 180.0   5.0 450.0                            LAT/LON1/LON2/DLON/H
  106  118  136  155  172  186  200  212  219  222  227  230  238  244  251  258
  266  273  277  280  283  285  291  295  306  318  331  345  359  375  386  396
  402  400  392  382  370  354  336  317  291  265  239  216  199  183  173  157
  147  133  129  121  122  121  123  117  112  103   97   92   87   84   82   84
   86   88   93   90   87   79   74   81  106                                   
    10.0-180.0 180.0   5.0 450.0                            LAT/LON1/LON2/DLON/H
   97  115  131  152  169  185  200  216  224  229  233  237  242  250  256  266
  274  284  289  296  301  306  312  320  328  341  351  366  379  393  403  408
  413  406  400  388  380  365  350  327  307  280  257  233  216  197  183  166
  150  134  125  115  115  113  114  110  106   99   94   87   85   80   82   83
   85   88   90   89   77   76   65   68   97                                   
     7.5-180.0 180.0   5.0 450.0                            LAT/LON1/LON2/DLON/H
   84  105  126  144  164  180  200  217  231  239  245  248  254  260  266  274
  284  293  302  307  316  323  333  341  348  357  367  378  389  401  405  409
