data/unet/pred1980.15i
     1.0            IONOSPHERE MAPS     GNSS                IONEX VERSION / TYPE
pyspatialgeodesy        IME             05-JAN-18 20:20     PGM / RUN BY / DATE 
Map Name                                                    COMMENT             
Predicted global ionosphere maps (GIM).                     DESCRIPTION         
  2015     7    17     0     0     0                        EPOCH OF FIRST MAP  
  2015     7    18     0     0     0                        EPOCH OF LAST MAP   
  7200                                                      INTERVAL            
    13                                                      # OF MAPS IN FILE   
  NONE                                                      MAPPING FUNCTION    
10.0                                                        ELEVATION CUTOFF    
One-way carrier phase leveled to code                       OBSERVABLES USED    
  6371.0                                                    BASE RADIUS         
 2                                                          MAP DIMENSION       
   450.0 450.0   0.0                                        HGT1 / HGT2 / DHGT  
    87.5 -87.5  -2.5                                        LAT1 / LAT2 / DLAT  
  -180.0 180.0   5.0                                        LON1 / LON2 / DLON  
    -1                                                      EXPONENT            
                                                            END OF HEADER       
[from data line 1716]
     5                                                      START OF TEC MAP    
  2015     7    17     8     0     0                        EPOCH OF CURRENT MAP
    87.5-180.0 180.0   5.0 450.0                            LAT/LON1/LON2/DLON/H
  129  140  152  147  150  144  148  145  151  147  153  148  153  148  153  147
  151  145  149  144  148  143  147  143  147  144  148  145  148  146  148  146
  149  146  149  147  150  148  150  148  150  148  150  148  150  147  147  145
  146  143  143  140  140  137  137  133  134  130  131  127  129  126  128  124
  128  126  130  128  133  126  134  121  129                                   
    85.0-180.0 180.0   5.0 450.0                            LAT/LON1/LON2/DLON/H
  131  141  143  151  147  146  147  150  151  154  155  157  157  159  158  158
  158  157  156  155  155  154  154  154  154  154  155  155  156  156  156  156
  157  157  156  157  158  158  158  158  159  158  158  157  158  156  155  153
  153  151  148  148  146  144  140  140  137  137  132  133  130  131  127  129
  127  129  129  130  131  125  130  120  131                                   
    82.5-180.0 180.0   5.0 450.0                            LAT/LON1/LON2/DLON/H
  130  133  140  143  141  142  143  148  149  154  153  157  157  160  158  160
  158  159  156  156  155  155  153  153  152  153  152  152  152  152  153  153
  154  153  155  154  158  156  159  157  161  159  161  159  161  159  159  157
  157  155  153  152  151  148  146  143  142  137  136  132  131  127  126  124
  124  123  124  124  124  123  126  123  130                                   
    80.0-180.0 180.0   5.0 450.0                            LAT/LON1/LON2/DLON/H
  130  127  132  133  134  136  138  141  145  146  149  150  152  151  152  151
  151  150  148  148  146  145  143  142  142  140  141  140  141  140  141  142
  144  145  147  148  152  152  154  155  158  157  159  159  162  160  161  161
  161  160  158  158  156  153  150  147  144  141  137  134  131  127  124  122
  120  118  118  116  117  114  115  121  130                                   
    77.5-180.0 180.0   5.0 450.0                            LAT/LON1/LON2/DLON/H
  125  126  131  131  135  135  139  139  143  143  145  145  146  145  145  144
  144  141  141  138  137  134  133  130  129  126  126  124  125  125  127  130
  133  136  140  143  147  150  153  155  158  158  161  162  165  165  168  170
  172  172  172  172  171  167  165  161  158  152  150  143  141  135  133  127
  126  122  122  117  117  114  117  118  125                                   
    75.0-180.0 180.0   5.0 450.0                            LAT/LON1/LON2/DLON/H
  130  125  129  129  130  129  131  131  134  133  135  133  134  132  132  130
  130  127  127  124  124  120  120  116  115  112  111  110  111  112  115  118
  123  128  134  139  144  148  152  155  158  160  162  164  167  169  172  176
  178  181  182  184  182  181  178  174  169  165  160  156  151  146  143  138
  134  130  128  123  123  117  120  123  130                                   
    72.5-180.0 180.0   5.0 450.0                            LAT/LON1/LON2/DLON/H
  133  129  130  128  127  123  125  122  125  122  124  121  122  119  119  116
  116  114  113  111  111  108  107  103  101   97   97   94   96   97  102  106
  113  120  128  134  142  146  152  155  160  161  167  168  173  176  180  183
  187  189  191  191  191  189  186  182  178  173  169  164  162  157  154  148
  146  141  141  133  133  127  129  126  133                                   
    70.0-180.0 180.0   5.0 450.0                            LAT/LON1/LON2/DLON/H
  142  130  133  128  125  120  119  117  118  115  117  114  115  112  112  110
  110  108  108  107  106  104  102   99   96   92   91   89   91   92   98  103
  112  119  128  135  143  148  154  158  163  165  169  172  177  181  183  188
  190  194  193  195  193  191  187  183  180  176  173  171  169  167  164  161
  158  155  153  148  147  138  137  137  142                                   
    67.5-180.0 180.0   5.0 450.0                            LAT/LON1/LON2/DLON/H
  146  136  135  128  124  115  114  108  110  105  108  105  107  103  103  100
  101   99  100   98  100   97   97   92   92   87   88   85   89   89   96  102
  110  118  127  136  143  149  155  159  164  167  173  176  182  184  188  189
  192  191  192  190  188  184  181  177  174  172  171  170  170  169  169  166
  166  162  163  158  159  151  146  136  146                                   
    65.0-180.0 180.0   5.0 450.0                            LAT/LON1/LON2/DLON/H
  154  140  140  131  123  114  109  104  103  100  101  100  101   99  100   98
   99   96   97   97   97   95   94   92   91   89   88   88   90   92  100  106
  115  123  132  140  148  153  159  162  168  171  177  180  184  187  186  189
  187  188  184  182  179  175  172  168  166  165  165  166  168  169  170  170
  170  170  170  168  169  159  157  148  154                                   
    62.5-180.0 180.0   5.0 450.0                            LAT/LON1/LON2/DLON/H
  159  148  145  134  124  112  106   97   96   91   94   91   94   92   94   91
   93   90   91   90   91   89   90   88   89   87   89   88   92   96  103  110
  118  127  135  144  150  156  161  165  171  175  182  186  191  189  190  187
  188  182  181  175  174  168  166  162  162  159  161  162  165  167  169  169
  171  171  173  172  174  167  165  151  159                                   
    60.0-180.0 180.0   5.0 450.0                            LAT/LON1/LON2/DLON/H
  169  156  154  141  128  114  104   96   90   86   85   85   87   87   88   87
   88   85   86   84   84   84   84   85   86   87   89   91   96  100  108  115
  125  132  141  148  155  159  165  168  175  180  188  192  195  195  193  192
  187  185  177  174  170  168  165  163  160  160  159  162  163  166  167  169
  170  171  174  174  178  171  175  165  169                                   
    57.5-180.0 180.0   5.0 450.0                            LAT/LON1/LON2/DLON/H
  179  169  166  152  138  121  109   96   90   82   81   78   81   80   83   81
   83   79   80   76   78   75   78   77   81   82   88   90   96  101  109  118
  126  135  141  151  154  161  166  173  180  188  198  203  207  205  205  200
  199  191  188  182  181  176  174  170  169  166  167  166  168  168  169  168
  170  171  175  176  180  176  183  170  179                                   
    55.0-180.0 180.0   5.0 450.0                            LAT/LON1/LON2/DLON/H
  192  182  180  169  153  134  119  103   92   82   76   73   73   74   75   75
   75   73   71   69   67   67   68   71   75   79   85   90   98  103  112  121
  130  139  147  153  160  164  172  178  189  198  208  216  218  220  216  214
  207  204  196  195  190  191  186  184  178  178  174  175  174  175  172  172
  170  174  176  178  184  183  194  186  192                                   
    52.5-180.0 180.0   5.0 450.0                            LAT/LON1/LON2/DLON/H
  202  200  195  185  171  148  134  113   99   85   77   70   69   67   70   68
   70   66   66   62   62   60   63   65   71   75   84   89   97  103  111  121
  129  140  146  155  161  169  177  186  198  210  223  230  236  235  234  228
  225  219  216  213  212  210  207  202  198  192  188  186  185  182  181  177
  176  176  180  182  189  189  203  192  202                                   
    50.0-180.0 180.0   5.0 450.0                            LAT/LON1/LON2/DLON/H
  214  211  206  200  188  168  149  129  109   92   79   70   66   64   64   64
   65   63   61   59   58   58   60   64   70   76   84   92   99  106  114  123
  132  142  152  160  170  176  188  197  211  225  237  246  251  251  250  247
  241  237  229  231  226  228  221  220  212  208  201  199  196  194  191  188
  185  187  190  191  199  201  214  209  214                                   
    47.5-180.0 180.0   5.0 450.0                            LAT/LON1/LON2/DLON/H
  219  222  216  208  198  179  163  139  120   99   85   73   67   63   64   62
   65   62   63   59   60   59   63   66   74   80   89   94  102  107  114  121
  130  141  152  164  176  186  197  209  223  236  249  258  264  266  266  262
  258  251  247  245  242  240  236  231  226  220  216  211  210  205  204  199
  199  198  202  201  210  209  220  210  219                                   
    45.0-180.0 180.0   5.0 450.0                            LAT/LON1/LON2/DLON/H
  224  220  215  211  202  187  171  151  131  110   94   80   72   67   64   64
   65   65   65   65   64   65   68   73   79   87   93  100  106  111  117  124
  133  143  158  170  186  197  208  219  232  245  256  266  275  278  280  278
  272  267  259  259  252  253  245  242  236  231  225  224  218  218  215  213
  209  211  212  213  218  220  227  220  224                                   
    42.5-180.0 180.0   5.0 450.0                            LAT/LON1/LON2/DLON/H
  220  216  210  204  198  182  171  152  136  118  103   89   80   73   70   68
   70   70   73   72   74   73   78   81   90   94  102  105  110  113  118  122
  132  142  159  175  192  205  215  227  237  250  261  276  286  294  298  296
  292  284  277  272  266  262  256  251  247  242  238  235  233  229  229  224
  224  221  225  222  227  223  228  216  220                                   
    40.0-180.0 180.0   5.0 450.0                            LAT/LON1/LON2/DLON/H
  215  203  194  189  184  174  163  153  139  125  111  100   90   82   77   75
   75   76   78   81   82   86   88   94   98  105  107  112  114  118  122  127
  136  148  163  180  197  211  221  233  244  258  271  287  300  310  317  317
  314  307  298  292  284  281  274  270  264  257  251  248  242  240  238  237
  234  234  234  232  233  227  228  221  215                                   
    37.5-180.0 180.0   5.0 450.0                            LAT/LON1/LON2/DLON/H
  210  197  183  172  168  157  152  144  134  126  116  108  101   92   87   82
   82   83   87   90   94   95  101  102  109  110  115  115  120  121  129  132
  143  153  170  185  203  215  226  238  249  264  277  296  310  325  334  338
  338  332  325  318  310  305  298  293  290  282  276  267  263  256  256  252
  252  249  249  244  242  233  233  220  210                                   
    35.0-180.0 180.0   5.0 450.0                            LAT/LON1/LON2/DLON/H
  208  187  168  156  149  141  138  134  130  125  120  115  109  102   95   91
   88   90   93   98  101  106  109  114  116  120  120  123  124  130  136  142
  150  160  172  190  205  220  228  242  252  270  283  305  321  339  351  359
  364  363  360  356  351  348  340  337  329  321  309  298  288  280  274  270
  268  266  263  258  252  242  236  228  208                                   
    32.5-180.0 180.0   5.0 450.0                            LAT/LON1/LON2/DLON/H
  214  192  169  149  140  131  128  126  124  125  123  122  118  111  105   98
   96   96  100  103  109  112  117  119  124  123  125  125  130  134  144  146
  158  163  181  193  212  222  234  243  260  274  291  310  328  348  364  377
  388  394  397  399  396  393  388  380  373  362  350  336  325  311  304  296
  295  289  285  278  269  258  250  236  214                                   
    30.0-180.0 180.0   5.0 450.0                            LAT/LON1/LON2/DLON/H
  223  197  172  152  141  130  127  122  124  124  128  128  126  120  111  105
   99  100  102  109  113  120  123  128  129  130  129  133  136  144  150  158
  162  171  183  198  213  225  234  249  260  279  292  315  334  359  376  398
  410  426  434  444  446  450  446  443  429  417  398  381  364  349  337  330
  324  319  312  303  293  277  264  252  223                                   
    27.5-180.0 180.0   5.0 450.0                            LAT/LON1/LON2/DLON/H
  243  218  193  170  156  144  138  134  134  135  138  139  138  130  122  112
  107  104  109  113  119  123  129  129  134  132  133  134  141  146  154  161
  168  174  187  201  215  227  237  246  264  277  294  313  335  356  381  404
  424  445  461  477  486  492  492  489  477  460  437  415  400  379  371  359
  356  345  337  326  317  302  290  269  243                                   
    25.0-180.0 180.0   5.0 450.0                            LAT/LON1/LON2/DLON/H
  260  239  214  193  176  163  152  147  144  146  147  149  146  140  128  118
  109  108  109  117  121  129  132  136  137  137  137  138  143  147  155  163
  172  180  191  203  214  228  236  252  264  279  294  313  336  358  381  407
  429  458  478  503  516  530  531  532  516  500  473  455  433  419  405  397
  385  376  364  354  342  328  311  289  260                                   
    22.5-180.0 180.0   5.0 450.0                            LAT/LON1/LON2/DLON/H
  282  264  246  225  209  190  179  171  167  166  167  165  162  152  141  127
  120  113  118  120  127  131  138  137  140  138  138  137  140  143  151  160
  171  182  194  207  220  230  240  250  267  275  292  306  332  350  377  399
  426  455  483  511  528  545  545  545  530  515  492  473  458  440  434  419
  414  395  385  368  361  347  330  303  282                                   
    20.0-180.0 180.0   5.0 450.0                            LAT/LON1/LON2/DLON/H
  295  282  265  252  235  217  201  191  185  182  180  177  171  162  148  136
  124  119  119  123  129  137  141  145  144  143  141  137  137  137  150  158
  173  181  196  211  224  234  245  258  275  285  302  316  340  355  378  399
  426  456  483  513  528  546  547  549  536  524  502  492  478  469  459  449
  436  419  401  387  376  363  343  321  295                                   
    17.5-180.0 180.0   5.0 450.0                            LAT/LON1/LON2/DLON/H
  307  294  280  271  260  242  229  212  207  200  196  191  184  173  162  146
  137  128  128  129  135  138  145  145  146  142  137  130  127  126  139  151
  165  175  195  210  228  240  252  269  283  296  309  323  343  359  381  398
  424  447  473  495  507  524  527  535  526  520  504  494  488  478  475  463
  456  433  417  395  387  370  352  329  307                                   
    15.0-180.0 180.0   5.0 450.0                            LAT/LON1/LON2/DLON/H
  310  299  284  279  269  256  241  227  218  210  207  201  193  182  172  157
  146  135  131  131  134  141  144  145  144  139  133  121  119  118  130  144
  161  177  198  215  233  244  259  272  292  302  319  333  351  366  385  398
  419  438  456  474  480  495  501  511  511  508  499  495  493  492  488  479
  467  446  426  407  392  377  357  341  310                                   
    12.5-180.0 180.0   5.0 450.0                            LAT/LON1/LON2/DLON/H
  314  300  282  276  270  257  248  232  227  218  214  207  200  190  181  169
  157  146  139  135  135  136  138  137  135  129  122  111  108  109  121  134
  155  174  198  215  235  248  265  284  300  317  328  344  358  375  387  400
  413  428  439  450  454  466  475  490  494  497  491  489  490  487  488  481
  474  453  434  411  398  378  360  343  314                                   
    10.0-180.0 180.0   5.0 450.0                            LAT/LON1/LON2/DLON/H
  310  298  277  270  261  250  238  229  222  218  215  211  205  197  189  177
  165  154  144  137  133  132  131  127  127  119  111  102   98  102  112  131
  149  174  199  221  242  257  274  287  309  319  336  351  366  382  394  402
  412  421  428  437  440  450  460  476  485  494  491  492  490  492  488  484
  473  454  432  415  398  380  357  345  310                                   
     7.5-180.0 180.0   5.0 450.0                            LAT/LON1/LON2/DLON/H
  313  300  278  265  255  240  230  219  219  214  215  209  204  197  191  180
  170  158  148  137  129  122  118  113  110  102   96   89   86   87   99  116
