data/unet/pred2260.15i
     1.0            IONOSPHERE MAPS     GNSS                IONEX VERSION / TYPE
pyspatialgeodesy        IME             05-JAN-18 20:20     PGM / RUN BY / DATE 
Map Name                                                    COMMENT             
Predicted global ionosphere maps (GIM).                     DESCRIPTION         
  2015     8    14     0     0     0                        EPOCH OF FIRST MAP  
  2015     8    15     0     0     0                        EPOCH OF LAST MAP   
  7200                                                      INTERVAL            
    13                                                      # OF MAPS IN FILE   
  NONE                                                      MAPPING FUNCTION    
10.0                                                        ELEVATION CUTOFF    
One-way carrier phase leveled to code                       OBSERVABLES USED    
  6371.0                                                    BASE RADIUS         
 2                                                          MAP DIMENSION       
   450.0 450.0   0.0                                        HGT1 / HGT2 / DHGT  
    87.5 -87.5  -2.5                                        LAT1 / LAT2 / DLAT  
  -180.0 180.0   5.0                                        LON1 / LON2 / DLON  
    -1                                                      EXPONENT            
                                                            END OF HEADER       
     1                                                      START OF TEC MAP    
  2015     8    14     0     0     0                        EPOCH OF CURRENT MAP
    87.5-180.0 180.0   5.0 450.0                            LAT/LON1/LON2/DLON/H
  152  116  112  107  108  104  107  104  107  104  106  102  105  102  104   99
  102   98  100   96   99   94   97   92   96   92   95   90   94   89   93   88
   92   87   91   87   91   87   91   87   92   88   92   89   93   90   94   91
   95   92   96   93   97   94   97   95   99   96   99   96  100   97  100   97
  101   99  103  102  108  107  113  140  152                                   
    85.0-180.0 180.0   5.0 450.0                            LAT/LON1/LON2/DLON/H
  124  115  117  115  112  108  110  108  110  108  108  105  107  104  104  100
  102   98   98   94   95   91   91   87   88   84   85   80   82   78   79   75
   77   74   76   74   76   75   77   76   79   78   81   80   84   83   86   85
   89   87   90   88   92   90   93   91   94   92   95   93   96   94   96   95
   98   98  102  103  110  104  100  109  124                                   
    82.5-180.0 180.0   5.0 450.0                            LAT/LON1/LON2/DLON/H
  122  119  122  122  122  118  122  119  122  119  121  117  119  115  116  111
  112  107  107  102  102   96   95   90   89   83   82   77   77   72   72   68
   70   67   70   67   71   69   73   72   77   75   80   79   84   83   87   86
   90   88   91   90   94   91   95   93   97   94   98   95  100   97  101   98
  103  101  108  106  114  108  106  110  122                                   
    80.0-180.0 180.0   5.0 450.0                            LAT/LON1/LON2/DLON/H
  125  125  128  131  129  130  132  132  133  132  133  132  133  131  130  128
  127  124  122  118  115  110  106  102   97   92   88   84   80   76   75   72
   72   70   72   71   73   73   77   78   81   82   86   86   90   89   93   92
   95   94   96   96   99   98  100  100  102  101  103  103  105  104  105  105
  107  108  112  113  117  114  110  113  125                                   
    77.5-180.0 180.0   5.0 450.0                            LAT/LON1/LON2/DLON/H
  128  126  129  132  131  132  134  135  136  136  137  137  138  137  137  136
  135  132  130  127  123  118  113  107  102   96   91   85   81   77   75   72
   72   70   72   72   73   74   77   79   82   84   87   89   90   91   93   94
   95   95   96   97   98   99  100  102  102  103  104  104  104  104  104  105
  105  106  108  110  113  111  109  111  128                                   
    75.0-180.0 180.0   5.0 450.0                            LAT/LON1/LON2/DLON/H
  125  122  126  129  129  131  133  135  136  137  138  139  140  141  141  141
  141  140  138  135  130  125  120  114  107  100   94   89   84   80   77   75
   74   74   75   75   77   78   81   82   84   86   89   91   91   93   94   94
   95   95   96   97   98   99  101  101  103  103  105  104  104  103  103  102
  102  102  105  106  108  108  106  109  125                                   
    72.5-180.0 180.0   5.0 450.0                            LAT/LON1/LON2/DLON/H
  125  120  123  126  125  127  129  132  133  135  136  137  138  140  142  143
  143  142  141  138  134  129  123  116  108  101   94   89   83   79   77   76
   75   75   76   77   77   78   80   82   83   84   87   88   88   89   90   90
   91   91   92   93   95   96   98  100  102  103  104  104  103  102  101   99
   98   97  100  100  104  103  104  108  125                                   
    70.0-180.0 180.0   5.0 450.0                            LAT/LON1/LON2/DLON/H
  119  116  120  123  122  124  127  130  132  133  135  136  138  140  142  143
  144  143  142  138  134  128  122  114  106   98   92   86   81   78   77   76
   75   75   77   77   77   77   78   78   79   79   81   82   82   82   84   84
   84   85   87   88   90   92   96   98  102  103  106  106  105  103  102   99
   97   96   98   99  101  102  102  107  119                                   
    67.5-180.0 180.0   5.0 450.0                            LAT/LON1/LON2/DLON/H
  122  118  120  122  120  122  125  128  130  132  134  136  138  139  141  142
  142  142  140  137  132  126  119  110  101   93   87   81   77   75   75   75
   74   74   75   74   73   72   72   72   71   71   72   73   73   73   75   74
   76   76   79   81   84   87   93   96  101  103  107  107  107  105  103  100
   98   96   99   99  102  102  103  107  122                                   
    65.0-180.0 180.0   5.0 450.0                            LAT/LON1/LON2/DLON/H
  121  120  122  124  121  122  124  127  129  132  135  137  138  139  140  140
  140  139  137  133  128  121  113  104   95   87   80   76   73   73   73   74
   73   73   72   71   68   67   65   64   63   63   63   63   64   64   64   65
   66   67   71   74   79   83   90   95  101  105  110  111  112  110  108  105
  103  101  103  103  106  107  108  111  121                                   
    62.5-180.0 180.0   5.0 450.0                            LAT/LON1/LON2/DLON/H
  129  128  127  126  123  122  123  126  129  132  135  137  139  139  140  139
  138  136  134  130  124  117  108   99   89   81   75   71   70   70   71   72
   72   70   69   66   63   60   59   58   56   56   56   56   56   55   56   56
   59   61   65   69   75   80   87   93  101  106  112  114  115  113  112  109
  107  106  109  109  114  114  115  116  129                                   
    60.0-180.0 180.0   5.0 450.0                            LAT/LON1/LON2/DLON/H
  132  133  132  131  126  124  124  126  129  132  135  137  138  139  139  138
  136  134  132  128  122  115  106   96   86   78   72   69   68   69   70   71
   70   68   66   62   59   56   54   54   52   52   51   52   50   50   51   52
   54   57   62   66   73   79   87   93  102  108  114  117  119  118  117  114
  114  113  116  118  121  122  123  122  132                                   
    57.5-180.0 180.0   5.0 450.0                            LAT/LON1/LON2/DLON/H
  142  142  139  136  130  126  126  127  129  132  135  138  139  140  140  139
  137  136  133  130  124  118  108  100   90   82   76   73   72   72   73   72
   70   68   65   61   58   56   55   55   54   55   54   54   53   53   52   54
   55   59   63   68   75   81   89   96  105  111  117  120  122  122  121  119
  119  119  124  126  131  131  132  128  142                                   
    55.0-180.0 180.0   5.0 450.0                            LAT/LON1/LON2/DLON/H
  144  146  145  143  136  131  129  130  130  133  134  137  139  140  140  139
  138  137  135  133  129  124  116  107   98   90   85   81   79   78   77   75
   72   69   66   63   61   60   61   62   62   63   62   61   59   58   58   58
   60   63   68   72   80   85   93   99  108  114  121  123  126  125  125  124
  125  126  131  134  138  139  139  134  144                                   
    52.5-180.0 180.0   5.0 450.0                            LAT/LON1/LON2/DLON/H
  152  154  153  152  144  139  136  136  135  136  136  139  140  141  141  141
  140  141  140  141  138  135  127  120  111  105   98   94   91   88   85   81
   77   73   71   69   68   69   70   73   73   75   73   72   69   68   66   67
   68   71   75   80   86   92   99  105  113  119  124  127  129  129  128  128
  129  131  136  139  145  145  145  139  152                                   
    50.0-180.0 180.0   5.0 450.0                            LAT/LON1/LON2/DLON/H
  153  156  159  160  155  150  147  144  142  140  139  140  140  142  141  142
  142  144  145  147  147  145  140  133  126  119  112  107  103   98   92   87
   82   78   76   76   76   79   81   84   85   86   84   82   78   76   75   76
   77   81   85   90   96  101  107  113  121  125  131  132  135  133  135  134
  137  138  143  145  150  150  149  142  153                                   
    47.5-180.0 180.0   5.0 450.0                            LAT/LON1/LON2/DLON/H
  158  161  166  169  165  162  160  157  152  150  145  145  144  146  144  146
  146  149  151  155  156  156  152  147  140  134  127  121  115  109  101   96
   90   87   85   86   87   91   94   97   98   98   95   92   88   87   85   86
   87   91   95   99  105  110  116  121  128  133  137  140  141  141  141  142
  143  145  148  150  155  154  152  146  158                                   
    45.0-180.0 180.0   5.0 450.0                            LAT/LON1/LON2/DLON/H
  157  164  170  175  174  173  173  169  164  159  154  151  148  149  148  148
  148  151  155  160  161  163  161  157  152  146  139  132  124  117  109  103
   97   94   94   95   97  100  104  106  107  106  103  100   96   94   92   93
   95   98  101  105  111  115  123  127  136  140  147  147  151  150  152  151
  153  152  156  156  160  158  156  151  157                                   
    42.5-180.0 180.0   5.0 450.0                            LAT/LON1/LON2/DLON/H
  163  168  174  181  182  183  183  182  176  172  164  161  156  156  153  155
  153  156  158  164  166  169  166  165  159  155  148  141  131  124  116  111
  105  104  103  105  107  110  112  114  114  113  109  106  101  100   98  100
  102  104  107  110  116  121  128  135  144  150  154  157  159  160  161  162
  162  162  163  163  166  162  160  158  163                                   
    40.0-180.0 180.0   5.0 450.0                            LAT/LON1/LON2/DLON/H
  167  174  180  186  188  190  192  192  188  183  176  170  165  163  160  159
  158  159  162  166  169  171  170  168  165  160  153  146  137  130  122  117
  113  112  112  113  115  117  118  118  118  117  113  110  106  104  103  104
  106  107  110  112  118  124  133  141  151  156  163  165  170  171  174  174
  175  174  175  173  175  171  168  166  167                                   
    37.5-180.0 180.0   5.0 450.0                            LAT/LON1/LON2/DLON/H
  179  184  188  194  195  199  200  203  198  196  187  183  175  174  168  169
  164  167  167  172  172  174  172  172  167  166  158  152  142  136  129  126
  122  122  121  122  123  123  123  123  123  122  118  115  110  108  106  107
  108  109  110  112  119  127  137  148  158  165  171  174  179  182  186  188
  188  188  187  186  187  184  180  179  179                                   
    35.0-180.0 180.0   5.0 450.0                            LAT/LON1/LON2/DLON/H
  193  199  201  202  203  205  209  211  209  206  200  194  188  184  180  177
  173  174  175  177  177  178  176  175  171  168  161  155  146  140  135  132
  129  128  127  127  127  126  126  126  127  125  123  119  114  111  109  107
  107  105  107  108  117  126  139  150  165  170  178  180  187  191  197  200
  203  203  203  201  202  201  198  199  193                                   
    32.5-180.0 180.0   5.0 450.0                            LAT/LON1/LON2/DLON/H
  217  219  219  222  218  220  221  223  222  220  213  209  201  198  192  190
  185  186  184  186  184  186  182  181  176  173  166  160  151  147  141  138
  134  133  130  130  128  129  127  129  129  129  126  123  117  113  110  107
  104  102  103  105  114  125  140  155  170  178  184  188  194  200  207  212
  215  216  217  216  219  218  218  224  217                                   
    30.0-180.0 180.0   5.0 450.0                            LAT/LON1/LON2/DLON/H
  242  245  250  246  241  238  237  236  236  234  228  223  217  213  207  203
  199  198  196  196  194  193  190  187  184  179  172  165  158  151  145  140
  136  132  129  127  127  127  127  128  129  130  128  124  119  113  109  105
  102   97   98   99  109  121  139  155  172  180  188  192  199  206  215  221
  227  228  232  233  239  242  244  253  242                                   
    27.5-180.0 180.0   5.0 450.0                            LAT/LON1/LON2/DLON/H
  271  274  280  278  270  264  259  256  254  252  247  242  235  230  223  219
  214  211  208  207  204  204  199  198  190  187  178  171  162  156  146  141
  133  129  124  122  121  122  121  123  125  125  124  120  114  109  105  100
   96   92   91   92  102  116  135  154  171  182  190  196  203  212  223  233
  240  243  247  252  260  267  267  279  271                                   
    25.0-180.0 180.0   5.0 450.0                            LAT/LON1/LON2/DLON/H
  296  306  313  307  299  291  284  278  275  272  267  261  255  250  243  237
  231  227  223  219  216  214  211  206  199  193  184  176  167  157  147  138
  129  122  116  114  112  115  115  117  119  120  119  114  109  102   99   94
   91   86   85   86   96  112  133  153  171  183  192  197  206  216  230  241
  252  256  262  268  281  289  295  307  296                                   
    22.5-180.0 180.0   5.0 450.0                            LAT/LON1/LON2/DLON/H
  317  330  338  334  327  317  309  301  297  294  289  285  279  273  265  258
  251  245  239  232  228  225  220  215  204  197  186  177  166  156  142  133
  120  112  104  103  101  104  105  107  107  107  105  101   95   91   86   83
   79   76   74   76   87  103  126  148  169  182  194  201  211  223  239  254
  266  273  279  287  299  308  314  328  317                                   
    20.0-180.0 180.0   5.0 450.0                            LAT/LON1/LON2/DLON/H
  333  353  361  357  354  347  336  328  322  318  314  311  306  300  291  283
  273  265  254  246  241  236  230  220  209  198  187  176  165  153  139  127
  113  102   94   93   92   95   97   99   99   98   96   91   86   81   78   74
   70   66   64   67   78   95  117  142  165  181  196  206  218  231  248  265
  280  289  296  303  316  326  334  345  333                                   
    17.5-180.0 180.0   5.0 450.0                            LAT/LON1/LON2/DLON/H
  346  365  375  377  377  374  365  357  351  346  344  341  337  330  319  309
  296  284  272  261  253  246  236  223  207  195  181  172  159  149  134  121
  105   95   86   85   84   88   89   90   90   88   85   80   75   70   67   64
   58   56   54   58   68   86  109  136  160  181  199  213  229  243  262  281
  298  309  318  326  337  344  347  356  346                                   
    15.0-180.0 180.0   5.0 450.0                            LAT/LON1/LON2/DLON/H
  356  374  385  386  394  393  392  385  380  374  371  368  366  360  348  336
  320  305  291  277  265  253  239  221  203  189  176  165  154  145  133  119
  104   93   86   84   84   87   88   87   87   83   80   73   71   66   64   59
   57   54   54   58   65   81  103  130  155  179  202  220  239  256  277  297
  317  331  341  347  359  364  365  370  356                                   
    12.5-180.0 180.0   5.0 450.0                            LAT/LON1/LON2/DLON/H
  364  378  388  394  401  407  410  409  407  402  398  397  394  389  376  362
  345  327  309  292  275  258  238  217  195  180  165  158  149  143  131  120
  107   99   92   91   90   92   92   92   90   86   80   75   72   69   64   60
   54   53   51   55   61   76   95  124  152  180  206  227  250  268  292  315
  336  353  364  373  380  380  379  381  364                                   
    10.0-180.0 180.0   5.0 450.0                            LAT/LON1/LON2/DLON/H
  371  381  389  393  405  413  425  427  431  428  425  424  423  417  403  387
  368  350  329  308  287  264  239  213  189  172  158  153  148  143  135  126
  116  110  105  103  102  101  101   99   97   90   87   80   80   73   70   62
   59   54   54   54   58   68   88  115  147  178  207  235  259  282  308  332
  354  371  384  391  399  396  398  398  371                                   
     7.5-180.0 180.0   5.0 450.0                            LAT/LON1/LON2/DLON/H
  379  385  391  395  404  417  429  438  441  443  441  443  442  438  423  408
  386  366  343  320  292  267  237  209  183  167  154  151  148  145  140  134
