data/unet/pred0490.15i
     1.0            IONOSPHERE MAPS     GNSS                IONEX VERSION / TYPE
pyspatialgeodesy        IME             05-JAN-18 20:20     PGM / RUN BY / DATE 
Map Name                                                    COMMENT             
Predicted global ionosphere maps (GIM).                     DESCRIPTION         
  2015     2    18     0     0     0                        EPOCH OF FIRST MAP  
  2015     2    19     0     0     0                        EPOCH OF LAST MAP   
  7200                                                      INTERVAL            
    13                                                      # OF MAPS IN FILE   
  NONE                                                      MAPPING FUNCTION    
10.0                                                        ELEVATION CUTOFF    
One-way carrier phase leveled to code                       OBSERVABLES USED    
  6371.0                                                    BASE RADIUS         
 2                                                          MAP DIMENSION       
   450.0 450.0   0.0                                        HGT1 / HGT2 / DHGT  
    87.5 -87.5  -2.5                                        LAT1 / LAT2 / DLAT  
  -180.0 180.0   5.0                                        LON1 / LON2 / DLON  
    -1                                                      EXPONENT            
                                                            END OF HEADER       
[from data line 429]
     2                                                      START OF TEC MAP    
  2015     2    18     2     0     0                        EPOCH OF CURRENT MAP
    87.5-180.0 180.0   5.0 450.0                            LAT/LON1/LON2/DLON/H
  114  111  107   97  100   98  103  103  107  107  110  109  110  109  109  109
  109  107  108  106  105  102  102   98   99   95   96   92   93   88   90   85
   88   82   86   79   84   78   83   77   83   77   83   78   85   80   87   83
   91   87   95   92  100   97  104  102  109  107  111  109  113  111  114  112
  114  113  115  114  122  113  112  131  114                                   
    85.0-180.0 180.0   5.0 450.0                            LAT/LON1/LON2/DLON/H
  112  121  106  107  105  105  108  108  110  109  111  109  112  111  115  112
  116  112  116  111  113  107  108  103  102   97   96   91   90   86   84   81
   80   77   77   75   76   75   76   76   77   77   79   79   82   81   84   83
   88   87   92   91   97   96  102  100  106  104  108  107  111  109  112  109
  113  110  114  113  120  115  121  133  112                                   
    82.5-180.0 180.0   5.0 450.0                            LAT/LON1/LON2/DLON/H
  120  119  112  112  103  106  103  105  103  101   99  101  102  105  105  110
  111  114  114  115  114  112  109  106  101   98   92   89   83   80   74   72
   68   69   66   70   68   72   70   75   73   77   76   80   80   83   82   86
   85   89   89   94   95   99  100  105  106  109  109  113  114  117  116  120
  119  123  121  126  128  124  128  136  120                                   
    80.0-180.0 180.0   5.0 450.0                            LAT/LON1/LON2/DLON/H
  133  127  124  118  116  111  115  111  112  107  107  108  109  111  114  118
  122  124  128  127  128  124  122  115  112  101   97   88   84   74   72   65
   67   61   65   62   68   66   71   70   75   73   79   77   82   79   84   80
   85   82   88   86   94   92   99  100  108  108  116  117  125  124  132  131
  137  136  141  142  148  140  139  143  133                                   
    77.5-180.0 180.0   5.0 450.0                            LAT/LON1/LON2/DLON/H
  149  146  138  136  129  130  127  126  120  117  112  114  111  116  115  125
  125  133  133  139  136  137  129  126  115  110   98   93   82   78   69   68
   63   65   63   68   67   73   72   78   77   82   81   84   81   84   81   83
   80   83   81   85   84   89   90   98  102  110  114  123  129  136  141  148
  150  154  156  161  166  162  162  170  149                                   
    75.0-180.0 180.0   5.0 450.0                            LAT/LON1/LON2/DLON/H
  167  164  151  147  142  139  136  133  126  123  117  116  109  112  109  117
  117  126  126  133  133  134  129  126  117  110  100   92   82   75   68   64
   61   62   64   68   71   75   77   79   80   82   82   82   81   80   79   76
   76   75   76   78   79   82   86   93  100  109  116  126  133  143  150  156
  161  166  169  176  183  181  182  187  167                                   
    72.5-180.0 180.0   5.0 450.0                            LAT/LON1/LON2/DLON/H
  187  181  173  169  163  155  153  147  141  132  123  115  104   99   93   96
   95  104  105  116  118  123  119  118  111  106   96   91   79   74   65   64
   60   62   64   68   72   76   79   81   83   84   85   82   82   79   77   73
   73   71   71   72   75   80   87   95  106  115  125  134  144  153  162  169
  176  180  186  192  202  205  209  212  187                                   
    70.0-180.0 180.0   5.0 450.0                            LAT/LON1/LON2/DLON/H
  213  205  193  187  181  176  169  164  153  143  130  119  103   92   79   77
   73   78   83   93  101  107  109  110  107  102   95   89   82   75   70   67
   66   67   67   70   73   76   77   80   80   82   81   80   79   76   74   70
   70   68   68   70   75   83   92  105  118  132  141  153  160  171  179  187
  194  199  203  215  222  227  231  235  213                                   
    67.5-180.0 180.0   5.0 450.0                            LAT/LON1/LON2/DLON/H
  235  226  216  211  204  196  193  183  173  158  145  126  108   86   69   57
   50   53   58   71   80   92   96  101   99   97   91   88   80   77   71   70
   66   67   65   67   68   69   71   72   74   73   76   72   73   69   68   65
   64   64   65   70   79   89  102  118  134  147  160  171  180  187  194  199
  206  208  215  221  233  239  250  254  235                                   
    65.0-180.0 180.0   5.0 450.0                            LAT/LON1/LON2/DLON/H
  259  249  240  227  219  208  204  196  189  174  161  140  119   92   73   53
   45   40   47   55   69   78   87   90   93   90   88   83   80   74   72   67
   66   64   62   61   59   61   60   64   63   68   67   68   68   66   65   62
   64   63   66   72   86   98  115  135  153  169  181  195  199  207  207  213
  214  219  223  233  240  252  260  265  259                                   
    62.5-180.0 180.0   5.0 450.0                            LAT/LON1/LON2/DLON/H
  271  269  257  251  235  226  216  213  206  195  178  155  132  102   78   54
   39   32   36   45   58   68   79   84   86   85   84   79   76   71   68   64
   61   57   55   51   52   50   54   53   59   58   63   59   65   59   60   58
   62   62   69   78   92  106  125  145  164  181  195  205  212  215  217  216
  219  219  224  229  239  248  259  266  271                                   
    60.0-180.0 180.0   5.0 450.0                            LAT/LON1/LON2/DLON/H
  288  287  282  266  256  241  232  224  223  208  197  172  149  117   90   63
   48   36   38   44   55   63   73   75   79   75   77   71   70   64   61   58
   53   52   46   46   43   45   45   49   51   56   58   61   62   60   60   58
   62   63   73   83  100  117  137  157  175  193  208  219  224  229  228  228
  227  226  228  230  236  246  256  262  288                                   
    57.5-180.0 180.0   5.0 450.0                            LAT/LON1/LON2/DLON/H
  300  305  294  285  272  260  248  240  233  226  212  192  166  136  110   83
   66   56   53   55   61   66   72   72   74   71   73   68   66   61   60   55
   53   48   48   43   47   42   49   47   56   56   65   62   68   62   66   61
   69   69   80   88  105  122  143  162  182  200  218  226  234  235  239  237
  239  235  236  234  237  246  256  261  300                                   
    55.0-180.0 180.0   5.0 450.0                            LAT/LON1/LON2/DLON/H
  327  324  326  308  300  282  270  255  247  234  224  203  184  154  134  106
   91   78   71   69   69   69   71   70   71   69   71   70   68   67   64   61
   56   56   52   53   52   54   54   58   60   68   70   73   73   71   70   69
   73   77   89  100  118  134  154  173  191  210  227  236  245  247  252  250
  252  248  247  243  241  249  257  265  327                                   
    52.5-180.0 180.0   5.0 450.0                            LAT/LON1/LON2/DLON/H
  349  353  349  340  329  313  293  276  262  249  233  217  197  174  153  132
  117  103   95   87   85   81   79   77   77   77   79   79   79   77   76   71
   71   67   70   66   71   67   73   69   78   76   85   81   86   79   82   76
   83   84   95  106  123  142  163  178  198  212  229  236  248  250  258  259
  265  263  266  257  255  258  269  276  349                                   
    50.0-180.0 180.0   5.0 450.0                            LAT/LON1/LON2/DLON/H
  376  381  384  372  367  348  325  301  280  260  241  222  208  186  173  152
  142  124  113  101   95   88   86   83   84   86   88   91   90   89   86   83
   82   83   84   87   87   89   87   91   90   97   97  100   99   97   95   93
   98  102  115  127  146  161  181  195  210  225  238  245  256  261  270  274
  283  284  291  283  279  281  284  294  376                                   
    47.5-180.0 180.0   5.0 450.0                            LAT/LON1/LON2/DLON/H
  393  401  401  401  394  377  353  329  300  277  250  232  216  201  186  172
  158  144  131  118  111  104  102   99  101  103  105  105  105  102  100   96
   98   97  104  103  110  106  111  106  113  110  117  112  117  109  110  106
  113  117  128  142  161  176  195  205  218  228  240  246  255  263  275  284
  297  305  313  310  307  309  307  313  393                                   
    45.0-180.0 180.0   5.0 450.0                            LAT/LON1/LON2/DLON/H
  406  414  417  419  420  407  385  359  326  297  264  240  225  210  198  183
  171  153  142  127  123  115  117  113  117  118  120  118  116  112  108  105
  105  110  114  121  122  126  123  128  124  131  128  131  130  125  124  123
  129  135  149  160  180  191  209  218  228  238  246  251  259  268  280  293
  307  318  327  328  327  330  326  329  406                                   
    42.5-180.0 180.0   5.0 450.0                            LAT/LON1/LON2/DLON/H
  403  410  413  422  425  422  403  380  348  315  277  252  230  218  201  190
  171  158  144  137  134  133  134  134  135  135  133  130  123  118  112  109
  112  114  126  128  137  135  141  138  142  140  143  141  143  137  140  137
  145  149  163  176  192  207  222  229  236  241  247  248  257  265  277  291
  309  323  333  338  342  344  339  340  403                                   
    40.0-180.0 180.0   5.0 450.0                            LAT/LON1/LON2/DLON/H
  403  411  412  421  429  430  418  398  365  332  290  262  240  223  210  193
  180  163  155  148  151  151  155  151  154  147  146  135  130  120  116  113
  114  124  128  140  141  149  145  153  148  155  153  154  152  149  151  151
  159  162  177  186  207  217  235  240  250  252  258  259  266  273  281  297
  310  326  334  343  348  355  348  344  403                                   
    37.5-180.0 180.0   5.0 450.0                            LAT/LON1/LON2/DLON/H
  395  402  400  408  413  419  410  396  368  338  300  274  250  237  217  202
  182  172  162  165  166  173  172  172  168  162  153  143  133  126  125  123
  131  133  144  144  152  151  155  155  156  158  159  159  162  159  164  162
  168  171  185  198  218  233  248  252  261  262  269  271  280  285  295  305
  322  332  341  351  359  364  356  349  395                                   
    35.0-180.0 180.0   5.0 450.0                            LAT/LON1/LON2/DLON/H
  406  411  400  394  395  400  395  386  362  340  304  281  257  241  225  207
  192  181  180  181  188  190  191  181  178  165  160  145  143  137  141  145
  150  157  156  159  155  160  156  164  161  169  165  167  167  166  166  163
  166  168  180  194  217  234  254  262  274  278  287  292  304  312  317  328
  337  348  359  370  382  392  384  369  406                                   
    32.5-180.0 180.0   5.0 450.0                            LAT/LON1/LON2/DLON/H
  433  432  407  389  382  381  373  367  348  333  304  289  265  255  234  222
  203  201  196  204  202  208  198  190  179  170  162  158  162  165  181  186
  199  192  190  178  173  167  167  167  167  170  170  168  170  166  166  159
  158  159  170  187  211  233  256  269  282  292  302  314  328  337  347  355
  368  375  392  403  417  430  427  403  433                                   
    30.0-180.0 180.0   5.0 450.0                            LAT/LON1/LON2/DLON/H
  501  494  457  420  396  388  372  362  341  327  304  290  270  257  242  226
  216  210  212  213  212  205  195  182  175  171  171  178  188  203  219  238
  240  239  215  203  184  178  169  173  169  175  169  170  165  162  156  150
  146  148  158  177  202  229  254  273  291  305  322  338  358  374  391  402
  416  427  445  456  470  487  493  469  501                                   
    27.5-180.0 180.0   5.0 450.0                            LAT/LON1/LON2/DLON/H
  594  575  524  479  445  419  391  373  347  331  311  302  282  271  252  242
  228  227  225  224  215  204  188  178  175  179  195  207  234  262  294  314
  315  298  261  230  203  190  182  179  176  175  169  163  158  152  145  136
  130  134  145  166  193  220  247  266  291  316  341  366  392  417  438  453
  469  484  507  519  532  552  568  556  594                                   
    25.0-180.0 180.0   5.0 450.0                            LAT/LON1/LON2/DLON/H
  711  700  645  587  536  494  447  417  380  356  330  316  297  283  264  249
  241  233  228  220  204  190  176  174  182  205  229  267  304  345  371  387
  377  348  299  256  216  200  185  182  174  174  163  160  149  142  132  122
  118  122  136  161  191  221  248  275  306  333  368  398  442  475  503  523
  542  566  593  611  629  664  676  677  711                                   
    22.5-180.0 180.0   5.0 450.0                            LAT/LON1/LON2/DLON/H
  827  821  762  711  653  592  533  485  438  400  368  343  321  303  280  266
  253  243  230  212  195  178  175  184  211  247  292  341  381  419  437  440
  417  384  323  276  229  207  196  187  181  175  165  155  141  129  113  104
   97  106  125  157  193  224  259  293  326  364  397  441  486  531  560  594
  618  649  683  703  734  775  793  784  827                                   
    20.0-180.0 180.0   5.0 450.0                            LAT/LON1/LON2/DLON/H
  927  919  861  807  755  713  646  584  520  468  421  393  359  334  307  290
  273  253  233  211  194  188  194  221  260  314  359  407  446  470  479  457
  424  375  324  272  230  207  192  184  171  167  150  144  128  118  103   92
   89  100  125  165  204  244  282  320  356  396  433  484  534  577  618  657
  686  726  760  791  822  858  895  889  927                                   
    17.5-180.0 180.0   5.0 450.0                            LAT/LON1/LON2/DLON/H
  972  981  945  890  844  792  741  679  607  542  486  445  409  376  344  319
  297  271  242  221  209  217  239  288  334  388  426  458  476  485  471  442
  400  359  306  263  226  204  191  183  172  165  147  134  118  106   90   82
   79   92  121  164  218  257  302  336  380  420  464  514  561  608  646  689
  719  758  795  826  859  897  929  927  972                                   
    15.0-180.0 180.0   5.0 450.0                            LAT/LON1/LON2/DLON/H
  977  993  961  927  886  851  801  756  685  616  554  508  466  431  395  365
  336  303  271  256  254  284  322  382  424  460  474  487  484  468  437  400
  359  314  280  243  217  201  183  177  162  156  134  125  110  102   88   82
   83   98  133  181  234  273  316  349  392  438  488  540  583  626  659  697
  722  762  791  824  856  893  922  937  977                                   
    12.5-180.0 180.0   5.0 450.0                            LAT/LON1/LON2/DLON/H
  930  945  943  921  905  877  852  804  750  683  620  567  528  487  451  417
  382  349  314  313  324  374  422  474  498  504  496  472  449  413  377  343
  306  277  247  223  207  192  181  176  165  154  135  121  109   97   87   82
   86  109  150  203  250  294  331  366  406  454  505  557  593  633  659  692
  712  738  762  790  817  847  879  886  930                                   
    10.0-180.0 180.0   5.0 450.0                            LAT/LON1/LON2/DLON/H
  876  892  885  890  886  886  871  839  788  736  674  619  576  532  501  466
  436  402  379  385  416  469  513  545  546  529  487  448  391  346  307  282
  258  240  229  212  203  192  182  180  167  157  135  123  111  100   92   87
   96  123  163  207  253  289  331  359  404  454  511  561  596  633  658  688
  700  720  729  749  767  786  826  835  876                                   
     7.5-180.0 180.0   5.0 450.0                            LAT/LON1/LON2/DLON/H
  795  813  822  834  858  871  879  851  817  768  723  670  625  576  543  511
  482  458  444  456  491  536  570  574  556  505  451  386  332  284  261  248
