data/unet/pred3350.15i
     1.0            IONOSPHERE MAPS     GNSS                IONEX VERSION / TYPE
pyspatialgeodesy        IME             05-JAN-18 20:20     PGM / RUN BY / DATE 
Map Name                                                    COMMENT             
Predicted global ionosphere maps (GIM).                     DESCRIPTION         
  2015    12     1     0     0     0                        EPOCH OF FIRST MAP  
  2015    12     2     0     0     0                        EPOCH OF LAST MAP   
  7200                                                      INTERVAL            
    13                                                      # OF MAPS IN FILE   
  NONE                                                      MAPPING FUNCTION    
10.0                                                        ELEVATION CUTOFF    
One-way carrier phase leveled to code                       OBSERVABLES USED    
  6371.0                                                    BASE RADIUS         
 2                                                          MAP DIMENSION       
   450.0 450.0   0.0                                        HGT1 / HGT2 / DHGT  
    87.5 -87.5  -2.5                                        LAT1 / LAT2 / DLAT  
  -180.0 180.0   5.0                                        LON1 / LON2 / DLON  
    -1                                                      EXPONENT            
                                                            END OF HEADER       
[from data line 3861]
    10                                                      START OF TEC MAP    
  2015    12     1    18     0     0                        EPOCH OF CURRENT MAP
    87.5-180.0 180.0   5.0 450.0                            LAT/LON1/LON2/DLON/H
  106   70   68   71   71   70   71   71   72   72   73   73   73   73   73   73
   73   72   73   72   73   71   72   70   72   70   71   69   71   69   70   68
   70   68   69   67   69   67   68   66   67   66   67   66   67   65   67   65
   67   65   67   66   67   66   67   66   67   66   67   66   67   65   67   66
   67   66   68   67   71   66   73   97  106                                   
    85.0-180.0 180.0   5.0 450.0                            LAT/LON1/LON2/DLON/H
   53   52   54   58   57   60   57   61   59   63   60   64   62   65   62   66
   63   66   62   65   62   65   61   64   61   63   60   62   60   62   59   61
   59   61   58   60   58   60   57   59   57   59   57   59   57   58   57   58
   57   58   57   58   57   58   57   58   57   57   56   56   55   55   54   55
   53   54   53   53   55   54   66   82   53                                   
    82.5-180.0 180.0   5.0 450.0                            LAT/LON1/LON2/DLON/H
   45   46   47   50   50   53   53   56   57   61   61   65   64   68   66   69
   67   69   66   68   64   65   61   62   58   59   56   56   54   54   52   53
   51   51   50   50   49   49   48   48   47   48   48   49   48   49   49   50
   49   51   51   52   51   52   52   53   52   53   51   52   50   51   49   49
   47   48   47   47   47   45   50   52   45                                   
    80.0-180.0 180.0   5.0 450.0                            LAT/LON1/LON2/DLON/H
   39   43   40   45   46   50   50   56   57   62   64   67   69   72   72   73
   72   73   70   70   67   66   62   60   57   55   52   52   50   50   48   48
   47   47   46   45   44   43   42   42   40   41   41   43   42   45   45   47
   47   49   50   52   51   52   52   53   51   51   50   51   48   49   47   47
   45   45   43   43   42   38   45   42   39                                   
    77.5-180.0 180.0   5.0 450.0                            LAT/LON1/LON2/DLON/H
   32   36   36   38   40   44   46   52   55   61   65   69   72   75   77   79
   79   78   77   75   72   68   65   60   57   53   51   49   47   46   46   45
   44   43   43   41   39   38   36   35   33   34   34   36   38   40   44   46
   48   49   52   53   53   54   54   55   54   54   54   54   52   52   50   49
   47   46   43   42   40   37   40   35   32                                   
    75.0-180.0 180.0   5.0 450.0                            LAT/LON1/LON2/DLON/H
   31   34   30   35   35   42   45   53   56   64   68   75   77   84   84   89
   87   89   86   86   79   77   70   67   59   57   51   49   47   46   44   44
   42   42   39   38   33   33   27   28   24   26   24   29   29   36   38   44
   45   50   49   53   52   55   53   56   53   56   53   56   52   54   50   52
   47   48   42   42   39   34   40   34   31                                   
    72.5-180.0 180.0   5.0 450.0                            LAT/LON1/LON2/DLON/H
   29   30   31   31   34   38   44   50   57   64   72   78   85   90   96   98
  101  101  100   97   93   87   82   75   68   62   57   53   50   48   49   46
   46   44   42   37   33   28   24   21   18   18   19   21   25   29   35   39
   43   45   48   49   50   51   52   52   53   54   56   55   57   55   56   53
   52   49   47   43   41   36   39   30   29                                   
    70.0-180.0 180.0   5.0 450.0                            LAT/LON1/LON2/DLON/H
   33   31   29   32   33   39   44   51   58   67   75   83   90   97  103  109
  111  114  113  111  105  102   94   87   78   72   65   61   56   56   54   54
   52   50   45   41   33   29   22   20   14   16   16   21   23   30   35   40
   43   46   47   49   48   49   49   50   50   52   53   55   56   57   56   55
   53   52   47   46   43   35   41   33   33                                   
    67.5-180.0 180.0   5.0 450.0                            LAT/LON1/LON2/DLON/H
   32   29   32   33   35   40   45   53   61   70   79   88   97  105  113  119
  123  126  126  126  122  115  108   98   90   81   75   70   66   64   64   62
   61   57   52   45   37   29   21   18   13   13   16   21   25   30   37   40
   42   43   44   43   42   42   43   44   46   48   51   53   56   55   57   55
   54   50   49   45   44   37   41   32   32                                   
    65.0-180.0 180.0   5.0 450.0                            LAT/LON1/LON2/DLON/H
   37   34   32   35   36   42   46   55   61   72   81   92  100  110  118  126
  130  135  137  138  133  129  120  112  100   93   85   81   75   75   72   71
   68   64   57   50   39   32   22   19   12   16   16   25   27   35   37   43
   41   44   40   40   36   38   37   40   40   44   45   49   50   52   52   52
   50   49   47   46   43   36   43   35   37                                   
    62.5-180.0 180.0   5.0 450.0                            LAT/LON1/LON2/DLON/H
   36   34   35   37   39   44   49   57   66   75   86   97  107  116  125  132
  138  143  147  148  146  141  134  123  114  105   97   91   86   83   83   78
   76   69   61   52   42   32   22   18   13   16   19   26   31   36   40   40
   41   37   36   33   31   29   30   32   35   38   42   44   47   47   49   47
   47   44   44   42   42   37   42   33   36                                   
    60.0-180.0 180.0   5.0 450.0                            LAT/LON1/LON2/DLON/H
   38   39   35   39   41   47   52   60   68   79   88  101  109  120  128  137
  142  148  152  154  152  148  140  133  121  114  105  101   95   93   89   87
   81   75   66   57   45   35   27   22   19   23   25   33   35   41   40   43
   39   37   33   31   27   28   27   31   33   38   39   43   43   45   44   44
   43   42   42   42   42   37   44   34   38                                   
    57.5-180.0 180.0   5.0 450.0                            LAT/LON1/LON2/DLON/H
   39   40   40   44   47   52   57   66   74   86   96  109  117  127  135  142
  147  152  157  158  158  153  147  138  131  122  116  111  106  101   99   92
   87   78   69   58   48   38   30   27   24   28   31   37   39   41   42   40
   38   35   33   29   29   27   29   31   34   37   41   42   43   43   43   42
   41   40   42   41   43   42   45   32   39                                   
    55.0-180.0 180.0   5.0 450.0                            LAT/LON1/LON2/DLON/H
   44   48   43   51   54   61   65   75   82   94  104  117  125  136  142  148
  152  155  159  160  160  156  149  142  134  129  122  120  114  111  106  100
   93   84   74   64   55   46   41   37   37   39   42   46   45   47   45   44
   40   39   36   35   33   34   35   38   41   44   47   47   46   45   43   43
   42   43   45   46   47   44   50   36   44                                   
    52.5-180.0 180.0   5.0 450.0                            LAT/LON1/LON2/DLON/H
   50   52   52   59   64   69   77   85   96  106  119  129  138  145  152  155
  160  160  164  164  164  158  153  146  142  138  135  132  128  122  117  108
  100   88   79   69   62   55   51   49   48   51   52   54   52   51   47   46
   43   43   42   42   41   42   43   46   49   52   54   54   51   49   47   45
   45   45   49   49   52   51   55   39   50                                   
    50.0-180.0 180.0   5.0 450.0                            LAT/LON1/LON2/DLON/H
   58   60   58   67   74   80   88   97  107  119  130  140  147  154  159  162
  165  167  171  169  168  161  158  151  148  147  145  143  137  132  124  116
  105   95   86   77   72   66   65   62   64   63   66   64   63   59   56   53
   52   54   55   56   57   58   59   61   63   66   65   63   59   56   53   52
   51   53   56   59   59   56   60   48   58                                   
    47.5-180.0 180.0   5.0 450.0                            LAT/LON1/LON2/DLON/H
   62   64   65   75   83   90  101  111  124  134  146  154  161  164  170  172
  177  178  180  179  175  170  165  162  161  160  159  155  149  141  133  121
  111  100   92   85   80   76   76   75   76   76   76   75   71   68   64   63
   63   64   67   69   70   70   73   74   76   75   75   72   68   64   61   58
   59   59   63   64   66   63   65   52   62                                   
    45.0-180.0 180.0   5.0 450.0                            LAT/LON1/LON2/DLON/H
   65   66   69   81   91  100  112  123  136  148  159  164  170  172  178  181
  188  188  192  188  188  179  179  174  174  173  170  165  157  148  136  125
  115  106   98   93   89   87   87   87   87   86   86   84   81   77   76   75
   78   81   85   87   88   88   87   88   85   86   82   79   73   70   66   65
   65   67   69   72   71   65   68   61   65                                   
    42.5-180.0 180.0   5.0 450.0                            LAT/LON1/LON2/DLON/H
   62   64   72   84   96  107  121  135  149  163  174  177  181  182  188  192
  198  200  204  203  199  195  191  190  188  186  181  174  164  150  139  127
  117  108  102   97   95   94   94   94   93   92   91   90   88   85   85   85
   89   92   97   97   99   96   96   91   91   86   85   80   77   73   72   68
   69   68   71   71   72   67   68   60   62                                   
    40.0-180.0 180.0   5.0 450.0                            LAT/LON1/LON2/DLON/H
   60   63   71   87  100  113  129  143  160  174  185  186  190  190  198  201
  211  211  216  213  213  206  207  203  202  196  189  179  165  153  138  129
  119  113  107  104  102  101  101   99   99   95   95   94   94   92   93   94
   96  101  102  105  100   99   94   91   87   84   81   78   75   73   72   71
   70   70   71   71   69   64   66   58   60                                   
    37.5-180.0 180.0   5.0 450.0                            LAT/LON1/LON2/DLON/H
   52   57   70   85  101  115  133  150  168  185  195  198  201  201  209  212
  220  223  225  227  223  220  217  215  211  203  194  181  167  151  141  131
  125  119  114  111  108  107  106  104  101   99   99   99   99   98   98   99
   99  100  101  100   97   91   88   81   79   75   75   73   72   71   72   70
   70   66   67   65   64   59   61   49   52                                   
    35.0-180.0 180.0   5.0 450.0                            LAT/LON1/LON2/DLON/H
   50   58   68   87  102  117  135  154  174  192  203  206  210  212  220  224
  232  233  236  235  234  229  228  223  218  210  197  185  168  157  146  142
  137  133  129  124  122  119  118  113  109  104  104  104  105  104  103  101
   99   96   93   91   85   82   75   73   69   69   68   68   68   70   71   71
   69   66   64   62   58   53   56   43   50                                   
    32.5-180.0 180.0   5.0 450.0                            LAT/LON1/LON2/DLON/H
   43   53   66   85  102  117  138  157  180  197  210  215  222  223  233  236
  242  242  242  242  239  235  232  227  221  212  200  188  176  166  162  160
  159  156  151  145  139  135  131  126  119  115  113  113  112  110  107  102
   96   90   86   81   78   73   70   67   67   66   68   67   68   69   71   70
   69   64   62   57   56   51   53   35   43                                   
    30.0-180.0 180.0   5.0 450.0                            LAT/LON1/LON2/DLON/H
   46   57   68   88  104  121  140  161  183  200  214  222  230  234  244  248
  250  248  247  244  243  238  234  228  222  216  207  199  192  189  190  193
  195  192  186  173  165  155  153  144  139  131  129  126  125  119  116  106
  100   91   86   82   78   77   74   74   73   74   74   75   74   75   74   72
   70   66   62   59   55   50   53   35   46                                   
    27.5-180.0 180.0   5.0 450.0                            LAT/LON1/LON2/DLON/H
   50   57   73   95  110  126  147  166  188  203  219  228  239  244  257  257
  258  253  249  246  241  237  232  227  221  219  216  218  217  222  229  237
  240  239  224  208  193  181  174  167  158  153  147  144  139  132  123  113
  102   94   87   86   85   85   85   86   88   88   88   88   84   83   80   78
   74   70   67   61   60   55   57   39   50                                   
    25.0-180.0 180.0   5.0 450.0                            LAT/LON1/LON2/DLON/H
   59   67   80  102  121  137  156  174  193  206  223  232  245  255  265  266
  263  256  250  244  241  235  232  228  227  230  239  250  261  271  281  288
  292  285  271  244  225  207  199  188  182  174  170  163  158  147  138  125
  115  104   97   95   96   98   99  100  100  103  102  102   98   97   91   86
   82   77   72   69   63   60   61   52   59                                   
    22.5-180.0 180.0   5.0 450.0                            LAT/LON1/LON2/DLON/H
   74   73   91  115  134  149  171  184  204  214  230  239  253  262  274  273
  269  258  251  242  237  231  228  229  234  250  265  289  304  318  326  331
  330  324  305  280  251  231  219  209  200  193  186  179  172  161  150  136
  124  114  107  105  105  106  108  110  111  113  112  111  108  107  102   97
   91   84   79   73   71   66   67   63   74                                   
    20.0-180.0 180.0   5.0 450.0                            LAT/LON1/LON2/DLON/H
   86   87  101  124  144  164  182  197  212  223  238  246  260  271  281  280
  275  263  254  245  240  234  235  242  257  280  305  332  351  363  371  375
  374  360  336  306  275  250  236  223  215  206  200  192  185  173  164  148
  139  126  119  115  116  117  118  118  120  118  119  116  116  113  111  105
   99   91   85   80   74   72   71   73   86                                   
    17.5-180.0 180.0   5.0 450.0                            LAT/LON1/LON2/DLON/H
   98   95  112  137  160  182  203  214  227  232  247  255  272  280  291  289
  283  269  260  249  243  240  246  260  284  314  346  374  390  404  411  415
  411  391  361  326  296  269  251  236  224  215  207  197  190  180  171  158
  149  139  132  127  126  126  126  125  123  121  120  119  118  115  114  108
  101   92   89   81   77   73   77   80   98                                   
    15.0-180.0 180.0   5.0 450.0                            LAT/LON1/LON2/DLON/H
  103  107  118  146  168  196  215  231  237  245  253  266  281  293  305  305
  300  287  277  266  260  262  273  297  322  358  386  412  424  434  436  436
  425  401  366  332  303  278  257  244  231  220  211  200  192  184  176  168
  161  153  146  139  136  133  132  129  126  122  120  115  117  111  112  104
   99   91   86   81   74   74   76   81  103                                   
    12.5-180.0 180.0   5.0 450.0                            LAT/LON1/LON2/DLON/H
  103  109  129  156  183  210  235  252  261  263  272  281  298  305  316  318
  318  307  298  288  284  289  307  332  362  394  421  442  449  454  451  442
  428  400  371  337  312  286  264  248  233  219  208  196  189  181  178  173
  171  166  159  154  147  143  138  136  130  125  121  118  116  114  109  102
   95   86   82   75   74   72   75   77  103                                   
    10.0-180.0 180.0   5.0 450.0                            LAT/LON1/LON2/DLON/H
  105  119  135  164  190  222  245  268  275  283  284  303  315  324  332  338
  342  336  330  322  320  326  344  373  399  430  443  456  456  454  444  430
  414  388  363  336  313  291  268  253  235  221  205  195  184  181  177  178
  176  176  170  165  156  149  144  141  135  128  123  117  116  109  110   98
   93   80   75   69   67   69   70   68  105                                   
     7.5-180.0 180.0   5.0 450.0                            LAT/LON1/LON2/DLON/H
  101  118  140  168  199  230  259  280  294  305  315  329  344  348  354  357
  364  364  361  356  353  362  381  405  433  455  462  464  460  451  437  421
