data/unet/pred3320.15i
     1.0            IONOSPHERE MAPS     GNSS                IONEX VERSION / TYPE
pyspatialgeodesy        IME             05-JAN-18 20:20     PGM / RUN BY / DATE 
Map Name                                                    COMMENT             
Predicted global ionosphere maps (GIM).                     DESCRIPTION         
  2015    11    28     0     0     0                        EPOCH OF FIRST MAP  
  2015    11    29     0     0     0                        EPOCH OF LAST MAP   
  7200                                                      INTERVAL            
    13                                                      # OF MAPS IN FILE   
  NONE                                                      MAPPING FUNCTION    
10.0                                                        ELEVATION CUTOFF    
One-way carrier phase leveled to code                       OBSERVABLES USED    
  6371.0                                                    BASE RADIUS         
 2                                                          MAP DIMENSION       
   450.0 450.0   0.0                                        HGT1 / HGT2 / DHGT  
    87.5 -87.5  -2.5                                        LAT1 / LAT2 / DLAT  
  -180.0 180.0   5.0                                        LON1 / LON2 / DLON  
    -1                                                      EXPONENT            
                                                            END OF HEADER       
[from data line 429]
     2                                                      START OF TEC MAP    
  2015    11    28     2     0     0                        EPOCH OF CURRENT MAP
    87.5-180.0 180.0   5.0 450.0                            LAT/LON1/LON2/DLON/H
   83   72   63   58   58   55   57   55   57   54   56   53   55   52   54   51
   53   50   53   50   52   49   51   48   50   48   50   47   49   47   50   48
   51   49   54   51   55   53   58   56   60   58   62   60   64   62   65   63
   66   64   66   64   66   64   66   63   65   63   65   62   64   61   64   61
   64   61   64   62   67   62   71   78   83                                   
    85.0-180.0 180.0   5.0 450.0                            LAT/LON1/LON2/DLON/H
   70   76   57   59   59   57   57   56   56   55   54   54   53   52   51   50
   50   48   48   47   47   45   46   44   44   42   43   42   43   41   44   43
   46   45   50   49   53   53   58   57   61   61   65   64   67   65   69   66
   69   66   68   65   66   64   65   63   64   62   63   61   63   61   63   62
   63   62   63   62   62   58   64   86   70                                   
    82.5-180.0 180.0   5.0 450.0                            LAT/LON1/LON2/DLON/H
   73   69   58   63   59   59   57   59   57   57   55   56   54   54   52   53
   51   50   48   47   45   43   42   39   38   35   36   33   35   32   36   35
   39   39   45   46   52   52   59   60   66   65   72   71   75   72   77   72
   75   69   72   66   68   62   64   59   62   58   61   59   63   60   64   64
   67   66   68   67   67   61   77   89   73                                   
    80.0-180.0 180.0   5.0 450.0                            LAT/LON1/LON2/DLON/H
   77   68   65   61   65   57   61   56   59   54   57   53   56   52   55   52
   53   50   51   48   47   43   42   38   36   32   32   29   29   27   29   29
   32   33   40   43   49   52   60   63   69   71   77   76   80   77   79   75
   75   69   68   62   62   56   57   53   56   52   56   54   59   57   64   62
   69   67   74   70   74   65   73   86   77                                   
    77.5-180.0 180.0   5.0 450.0                            LAT/LON1/LON2/DLON/H
   81   76   67   72   65   64   59   61   57   58   55   57   53   56   53   57
   53   56   53   55   50   51   45   45   38   37   32   33   27   29   27   31
   29   36   38   46   49   58   61   70   72   80   80   85   81   84   78   78
   70   68   60   59   52   51   47   48   46   49   48   53   54   58   61   66
   68   73   76   80   79   75   82   92   81                                   
    75.0-180.0 180.0   5.0 450.0                            LAT/LON1/LON2/DLON/H
   85   78   73   73   69   64   62   59   58   55   54   53   51   52   51   53
   52   54   54   55   54   53   51   48   43   40   37   34   31   30   29   30
   31   34   38   44   49   56   63   69   73   78   81   82   80   78   74   69
   63   58   52   47   43   41   39   40   41   43   46   50   54   58   64   69
   74   79   85   89   91   86   88   98   85                                   
    72.5-180.0 180.0   5.0 450.0                            LAT/LON1/LON2/DLON/H
   95   90   83   81   73   69   65   63   58   56   52   52   47   48   45   48
   46   50   51   54   53   55   52   51   46   44   40   39   34   35   32   33
   31   35   36   43   46   55   58   67   68   75   75   77   72   71   64   60
   52   48   41   38   34   34   33   37   38   44   47   53   58   64   70   76
   82   87   95   99  104  100  106  109   95                                   
    70.0-180.0 180.0   5.0 450.0                            LAT/LON1/LON2/DLON/H
  107  102   92   92   86   78   75   69   66   60   56   51   46   43   41   41
   42   44   48   50   53   54   54   52   51   48   47   44   43   41   41   38
   39   38   41   42   47   50   56   60   64   65   67   65   63   57   53   46
   41   35   32   29   30   30   34   38   44   49   56   61   69   73   82   86
   95  101  110  115  119  118  118  120  107                                   
    67.5-180.0 180.0   5.0 450.0                            LAT/LON1/LON2/DLON/H
  121  116  107  102   92   88   80   77   70   66   57   53   43   41   34   36
   34   39   41   47   48   53   52   54   51   53   50   52   48   49   45   45
   41   42   39   42   41   46   47   52   52   55   53   54   48   46   40   36
   31   29   26   28   29   34   39   48   54   63   69   77   83   90   96  102
  109  114  124  129  134  133  135  132  121                                   
    65.0-180.0 180.0   5.0 450.0                            LAT/LON1/LON2/DLON/H
  136  127  115  113  103   95   89   84   79   71   64   55   46   38   33   31
   33   35   40   43   48   50   53   53   54   54   56   55   56   54   54   50
   49   45   44   41   43   42   45   45   47   46   47   44   42   37   34   29
   27   25   26   28   33   40   50   60   71   80   90   96  104  108  114  117
  124  129  137  143  146  146  145  140  136                                   
    62.5-180.0 180.0   5.0 450.0                            LAT/LON1/LON2/DLON/H
  150  141  128  120  107  101   92   89   80   77   66   60   46   41   31   31
   28   33   35   41   43   47   47   49   49   51   52   55   55   55   53   51
   47   44   41   39   37   37   37   38   37   38   36   35   32   29   25   23
   21   22   23   29   37   49   61   74   87   98  107  114  121  123  128  129
  135  138  146  150  155  156  156  149  150                                   
    60.0-180.0 180.0   5.0 450.0                            LAT/LON1/LON2/DLON/H
  159  148  133  128  114  106   97   92   86   80   71   62   52   43   36   33
   34   35   40   42   45   44   45   44   47   46   51   52   56   54   55   50
   50   44   43   39   40   38   39   38   38   36   36   34   33   29   26   25
   23   25   27   34   44   58   71   86  100  111  121  128  133  134  136  136
  141  143  149  155  158  160  160  153  159                                   
    57.5-180.0 180.0   5.0 450.0                            LAT/LON1/LON2/DLON/H
  171  161  146  135  119  110   98   94   85   82   72   67   55   50   40   40
   38   42   43   45   44   43   40   40   41   43   46   50   52   53   51   49
   46   44   43   42   41   42   41   42   39   40   38   39   36   34   30   29
   27   29   31   40   51   65   80   95  110  120  130  135  140  140  143  142
  147  147  155  158  162  164  166  156  171                                   
    55.0-180.0 180.0   5.0 450.0                            LAT/LON1/LON2/DLON/H
  178  168  154  147  131  121  107  100   90   84   75   69   61   55   50   48
   50   50   52   49   48   43   41   38   41   42   49   50   55   52   52   48
   49   46   50   49   52   52   52   51   51   50   50   49   48   46   42   40
   38   38   41   48   60   74   89  103  117  127  135  140  144  145  147  148
  151  153  157  161  163  166  168  161  178                                   
    52.5-180.0 180.0   5.0 450.0                            LAT/LON1/LON2/DLON/H
  191  184  171  160  145  132  117  107   94   88   76   72   63   63   57   59
   57   59   55   54   49   46   41   42   43   48   52   55   56   56   53   52
   51   53   56   60   62   65   64   65   63   64   63   64   61   60   55   52
   49   50   50   58   68   82   95  108  120  129  136  141  145  148  151  152
  157  157  163  163  168  169  174  164  191                                   
    50.0-180.0 180.0   5.0 450.0                            LAT/LON1/LON2/DLON/H
  199  190  184  176  164  151  135  122  105   94   81   74   68   65   65   63
   65   62   60   55   53   47   48   46   53   56   63   64   66   62   60   56
   59   61   68   73   79   80   80   79   78   78   79   79   79   76   72   68
   66   64   66   72   82   94  105  116  125  132  136  141  145  149  153  157
  161  164  166  170  169  172  174  167  199                                   
    47.5-180.0 180.0   5.0 450.0                            LAT/LON1/LON2/DLON/H
  208  208  201  194  183  169  153  136  117  102   86   78   71   71   69   70
   66   65   59   57   53   54   53   59   62   70   74   77   75   72   67   66
   66   72   79   88   93   96   95   94   92   92   93   94   92   91   85   83
   78   79   80   88   97  108  117  125  131  135  138  141  146  151  156  161
  167  170  175  175  175  174  176  167  208                                   
    45.0-180.0 180.0   5.0 450.0                            LAT/LON1/LON2/DLON/H
  213  210  210  208  199  188  170  154  132  114   94   84   76   74   73   70
   67   61   59   56   58   59   66   70   79   84   91   90   89   82   77   73
   77   83   93  101  108  109  107  104  103  102  104  103  104  101   99   95
   94   93   97  104  114  123  130  136  138  139  139  141  145  150  156  162
  168  173  177  177  173  173  175  167  213                                   
    42.5-180.0 180.0   5.0 450.0                            LAT/LON1/LON2/DLON/H
  210  215  215  216  209  200  182  166  144  125  102   91   80   79   74   72
   64   61   56   60   62   71   76   86   90   98   99  100   96   91   83   82
   83   92  100  111  115  117  113  111  108  108  108  109  108  107  104  103
  102  106  110  117  127  136  142  145  146  144  141  142  146  151  157  162
  169  173  178  177  172  171  173  164  210                                   
    40.0-180.0 180.0   5.0 450.0                            LAT/LON1/LON2/DLON/H
  206  203  206  210  208  200  185  173  152  133  111   97   86   82   78   72
   66   59   61   64   75   82   92   98  104  107  109  106  103   96   92   88
   92   99  108  116  121  120  117  113  112  110  113  112  114  111  112  110
  114  116  124  131  142  150  156  158  156  151  147  146  149  153  159  164
  170  175  178  177  169  170  171  160  206                                   
    37.5-180.0 180.0   5.0 450.0                            LAT/LON1/LON2/DLON/H
  196  196  195  198  194  190  177  168  152  137  115  103   90   89   80   77
   68   67   68   77   87   99  104  109  110  113  109  107  102   98   93   93
   94  102  109  116  119  120  117  114  112  112  113  114  114  114  113  116
  119  124  131  138  150  159  165  167  167  162  158  155  158  159  164  168
  173  176  183  180  173  173  172  161  196                                   
    35.0-180.0 180.0   5.0 450.0                            LAT/LON1/LON2/DLON/H
  196  186  182  182  178  172  165  159  147  135  118  105   96   92   86   81
   76   74   80   89  102  109  115  115  114  112  109  105  103  100   98   98
  102  106  112  115  119  117  116  112  113  111  115  113  116  113  115  115
  121  126  134  142  154  165  172  177  176  172  167  165  167  169  174  178
  182  186  191  190  182  186  184  170  196                                   
    32.5-180.0 180.0   5.0 450.0                            LAT/LON1/LON2/DLON/H
  205  198  185  176  166  158  149  146  136  130  115  107   98   97   90   89
   84   88   93  104  111  118  117  116  110  108  103  101  100  101  100  104
  106  111  112  116  116  118  115  115  113  115  116  116  114  112  111  114
  118  123  131  140  154  169  180  187  192  189  187  184  184  185  189  192
  196  199  206  205  201  206  207  190  205                                   
    30.0-180.0 180.0   5.0 450.0                            LAT/LON1/LON2/DLON/H
  232  223  205  187  170  153  143  138  131  125  115  108  101   99   96   94
   94   97  103  111  117  118  117  113  109  108  106  107  107  110  113  116
  118  118  118  116  116  113  114  112  115  115  120  116  115  109  107  107
  113  118  129  143  158  174  189  200  208  210  211  210  213  213  216  217
  220  224  233  231  231  238  239  224  232                                   
    27.5-180.0 180.0   5.0 450.0                            LAT/LON1/LON2/DLON/H
  278  274  245  215  190  167  150  140  130  125  116  111  104  103   98  100
   99  104  108  113  112  111  107  105  106  109  112  115  119  123  128  132
  131  129  122  119  113  113  111  112  112  115  116  114  108  102   97   99
  102  111  123  139  158  177  195  211  223  230  234  236  239  242  248  250
  254  260  273  272  276  285  284  269  278                                   
    25.0-180.0 180.0   5.0 450.0                            LAT/LON1/LON2/DLON/H
  344  338  313  272  234  203  175  157  141  133  123  116  109  106  102  102
  102  105  107  105  101   97   95  101  109  119  126  132  136  142  146  149
  147  140  132  122  117  112  111  110  112  113  115  109  105   96   92   89
   96  103  122  139  165  187  210  229  247  254  263  264  270  274  282  287
  293  302  315  317  329  346  345  325  344                                   
    22.5-180.0 180.0   5.0 450.0                            LAT/LON1/LON2/DLON/H
  419  428  400  359  308  260  221  191  168  152  138  129  118  112  104  104
  102  102   98   91   82   79   83   97  115  131  145  152  158  160  165  165
  161  151  138  126  116  109  105  103  104  106  107  104   98   91   85   88
   93  105  123  147  173  201  226  249  268  279  287  292  298  304  317  324
  333  340  359  364  386  410  412  384  419                                   
    20.0-180.0 180.0   5.0 450.0                            LAT/LON1/LON2/DLON/H
  493  511  492  458  409  354  289  243  203  180  160  145  132  123  112  108
  103  100   91   80   70   70   81  104  129  150  166  172  175  177  177  177
  170  158  143  129  118  108  102   98   97   97  100   95   92   83   79   79
   90  104  131  160  192  221  248  272  296  307  318  322  334  340  353  360
  365  373  390  403  434  469  477  443  493                                   
    17.5-180.0 180.0   5.0 450.0                            LAT/LON1/LON2/DLON/H
  547  565  555  536  503  448  383  317  254  216  190  169  153  138  126  117
  110  103   91   77   69   74   94  121  153  175  194  197  198  192  189  182
  175  159  145  127  116  103   94   89   88   89   91   89   85   78   73   77
   89  108  138  174  210  243  269  296  319  335  345  354  362  371  385  391
  398  403  419  435  466  500  514  487  547                                   
    15.0-180.0 180.0   5.0 450.0                            LAT/LON1/LON2/DLON/H
  568  592  595  590  571  525  467  395  319  263  222  199  179  162  147  135
  124  115  101   89   86   94  118  146  177  196  212  212  207  199  192  184
  174  159  143  129  113  100   91   85   82   84   86   84   81   75   71   75
   91  115  150  191  231  263  289  316  341  356  368  376  385  396  412  420
  426  429  440  454  480  514  530  508  568                                   
    12.5-180.0 180.0   5.0 450.0                            LAT/LON1/LON2/DLON/H
  551  577  596  604  601  571  523  454  380  316  264  231  210  189  174  159
  151  138  130  118  121  132  158  182  208  220  227  223  214  203  193  181
  173  156  144  127  111   99   91   86   82   82   82   83   79   74   69   78
   94  124  162  208  246  278  304  331  356  371  382  391  403  416  431  440
  446  445  451  458  481  508  522  512  551                                   
    10.0-180.0 180.0   5.0 450.0                            LAT/LON1/LON2/DLON/H
  517  545  572  595  599  578  545  487  425  362  306  267  240  221  202  189
  177  170  163  159  164  177  198  217  232  232  232  220  210  199  187  176
  166  153  139  125  111  102   94   89   84   85   83   84   79   72   70   79
  100  132  175  217  256  285  314  337  361  374  385  396  410  426  443  452
  460  456  458  460  475  494  504  499  517                                   
     7.5-180.0 180.0   5.0 450.0                            LAT/LON1/LON2/DLON/H
  471  490  526  550  570  563  543  497  447  394  341  304  275  253  236  220
  212  204  204  201  210  224  240  249  247  236  227  216  204  194  184  172
