data/unet/pred3010.15i
     1.0            IONOSPHERE MAPS     GNSS                IONEX VERSION / TYPE
pyspatialgeodesy        IME             05-JAN-18 20:20     PGM / RUN BY / DATE 
Map Name                                                    COMMENT             
Predicted global ionosphere maps (GIM).                     DESCRIPTION         
  2015    10    28     0     0     0                        EPOCH OF FIRST MAP  
  2015    10    29     0     0     0                        EPOCH OF LAST MAP   
  7200                                                      INTERVAL            
    13                                                      # OF MAPS IN FILE   
  NONE                                                      MAPPING FUNCTION    
10.0                                                        ELEVATION CUTOFF    
One-way carrier phase leveled to code                       OBSERVABLES USED    
  6371.0                                                    BASE RADIUS         
 2                                                          MAP DIMENSION       
   450.0 450.0   0.0                                        HGT1 / HGT2 / DHGT  
    87.5 -87.5  -2.5                                        LAT1 / LAT2 / DLAT  
  -180.0 180.0   5.0                                        LON1 / LON2 / DLON  
    -1                                                      EXPONENT            
                                                            END OF HEADER       
[from data line 2574]
     7                                                      START OF TEC MAP    
  2015    10    28    12     0     0                        EPOCH OF CURRENT MAP
    87.5-180.0 180.0   5.0 450.0                            LAT/LON1/LON2/DLON/H
   84   96   99   99   98   98   99  100  102  104  104  106  105  106  106  107
  106  107  106  106  105  105  104  103  101  101  100   98   97   96   95   93
   92   91   89   88   87   85   84   82   81   79   79   77   77   76   76   75
   75   75   75   76   76   76   77   78   79   80   81   82   83   84   84   86
   86   88   88   89   90   90   99   83   84                                   
    85.0-180.0 180.0   5.0 450.0                            LAT/LON1/LON2/DLON/H
   88   86   92   89   93   93   97   97  100  101  102  103  104  104  104  103
  104  103  103  101  101   99  100   97   97   96   96   94   93   93   92   90
   89   87   85   84   81   80   77   76   74   73   71   70   69   68   68   67
   67   67   67   67   68   68   70   69   71   71   73   72   74   73   75   73
   76   75   79   78   80   81   86   90   88                                   
    82.5-180.0 180.0   5.0 450.0                            LAT/LON1/LON2/DLON/H
   83   81   82   81   86   83   90   88   95   92   99   95  102   96  102   95
  102   94  101   93   99   93   98   94   96   95   96   95   95   95   93   94
   89   90   86   86   81   82   77   76   71   71   67   66   63   63   60   61
   59   60   59   61   61   61   62   63   63   64   64   66   66   67   67   68
   68   69   69   69   68   67   69   68   83                                   
    80.0-180.0 180.0   5.0 450.0                            LAT/LON1/LON2/DLON/H
   71   66   65   63   68   68   73   76   80   82   85   87   89   90   91   91
   91   90   90   89   89   89   89   90   90   92   93   94   95   94   96   94
   95   91   93   89   89   83   84   78   79   73   74   69   70   65   67   62
   64   61   63   61   63   61   63   61   63   62   64   64   64   64   65   63
   65   61   64   58   59   52   54   66   71                                   
    77.5-180.0 180.0   5.0 450.0                            LAT/LON1/LON2/DLON/H
   60   56   50   50   52   55   59   64   67   72   74   78   78   82   80   83
   81   83   81   83   81   85   84   88   87   92   93   97   97  100  100  103
  101  102  100   99   96   94   92   89   86   85   83   82   78   78   75   75
   72   72   70   71   68   69   68   68   67   68   67   68   66   67   65   65
   62   61   58   54   50   46   46   55   60                                   
    75.0-180.0 180.0   5.0 450.0                            LAT/LON1/LON2/DLON/H
   51   41   43   39   42   43   49   49   55   57   62   63   67   70   71   73
   71   73   69   70   67   71   69   76   77   85   89   96  100  106  110  113
  116  116  118  116  115  112  111  107  105  102  102   99   97   96   94   93
   89   89   86   85   81   80   76   75   71   72   69   71   67   68   65   63
   61   58   56   50   46   41   43   51   51                                   
    72.5-180.0 180.0   5.0 450.0                            LAT/LON1/LON2/DLON/H
   46   40   35   32   36   37   43   45   50   53   58   62   64   68   68   71
   69   70   67   67   66   69   69   76   80   88   94  103  110  118  125  129
  134  137  138  137  137  133  133  129  129  125  126  122  121  119  117  114
  110  107  102   98   93   88   84   78   76   71   72   68   70   66   67   63
   63   58   55   49   45   39   40   49   46                                   
    70.0-180.0 180.0   5.0 450.0                            LAT/LON1/LON2/DLON/H
   45   34   35   29   33   34   40   39   45   44   52   52   58   58   62   63
   64   64   63   64   65   66   71   74   81   87   96  104  115  125  134  140
  148  151  156  156  156  154  153  151  149  147  146  145  141  141  136  133
  125  121  112  105   97   91   83   77   71   68   64   63   63   62   63   62
   61   58   56   51   46   42   42   46   45                                   
    67.5-180.0 180.0   5.0 450.0                            LAT/LON1/LON2/DLON/H
   47   39   33   29   31   30   35   36   41   43   49   50   56   56   59   60
   61   62   62   62   65   68   73   77   84   90   99  108  121  131  143  148
  157  161  166  166  168  165  167  164  165  162  162  159  159  154  152  145
  137  128  120  109   99   89   79   71   64   59   58   56   57   56   59   57
   59   57   57   52   48   42   42   47   47                                   
    65.0-180.0 180.0   5.0 450.0                            LAT/LON1/LON2/DLON/H
   48   37   36   30   31   30   33   32   38   37   43   44   49   50   54   55
   56   57   59   60   63   69   76   81   86   93  103  113  124  137  147  155
  163  169  172  174  175  174  174  175  174  175  171  174  169  170  160  155
  140  133  117  106   91   81   68   60   51   48   46   46   46   47   49   50
   52   53   54   52   48   46   46   46   48                                   
    62.5-180.0 180.0   5.0 450.0                            LAT/LON1/LON2/DLON/H
   49   43   36   32   29   28   28   29   31   33   36   40   45   46   51   51
   52   54   53   57   60   69   75   82   87   94  104  113  126  136  149  155
  165  168  174  174  176  173  177  177  180  179  179  179  178  172  166  153
  141  129  115  101   87   74   62   50   44   40   39   37   38   39   42   43
   47   48   50   49   48   45   45   47   49                                   
    60.0-180.0 180.0   5.0 450.0                            LAT/LON1/LON2/DLON/H
   50   40   38   31   30   28   27   26   27   27   30   34   37   40   41   45
   45   46   47   50   55   65   70   81   85   95  104  115  127  138  151  157
  168  171  175  177  180  178  181  183  183  186  184  188  180  179  165  156
  141  130  112   97   82   70   56   49   40   38   35   35   35   35   37   39
   42   43   47   46   47   46   47   46   50                                   
    57.5-180.0 180.0   5.0 450.0                            LAT/LON1/LON2/DLON/H
   51   45   38   32   28   26   23   23   22   23   25   28   32   34   36   38
   40   40   43   47   53   61   70   81   87   98  105  117  128  140  152  160
  169  173  177  178  182  181  185  186  188  189  192  191  187  179  171  157
  145  132  117  102   88   77   64   57   50   47   43   42   40   40   40   40
   41   43   45   46   47   45   46   48   51                                   
    55.0-180.0 180.0   5.0 450.0                            LAT/LON1/LON2/DLON/H
   55   47   42   33   32   27   26   23   22   22   22   25   26   28   28   32
   30   33   34   42   47   61   70   84   90  101  109  120  132  142  155  162
  174  177  184  186  190  191  193  195  196  201  199  201  191  188  175  166
  153  142  126  112   98   87   76   71   63   62   57   56   53   52   51   49
   49   47   51   49   53   51   53   53   55                                   
    52.5-180.0 180.0   5.0 450.0                            LAT/LON1/LON2/DLON/H
   61   56   46   39   35   31   28   27   25   25   24   26   26   28   27   30
   29   32   35   43   51   63   75   90   97  108  115  128  136  149  160  169
  179  184  190  194  198  199  203  202  207  210  211  207  202  195  188  176
  168  153  143  128  118  108   99   93   87   85   80   77   73   70   67   63
   62   59   59   59   60   57   58   62   61                                   
    50.0-180.0 180.0   5.0 450.0                            LAT/LON1/LON2/DLON/H
   70   64   57   49   48   41   41   37   35   33   32   31   30   30   29   31
   30   34   37   46   55   72   84   98  106  115  123  132  142  151  162  171
  184  190  199  206  210  215  216  219  221  226  222  224  214  210  200  193
  181  171  159  146  135  125  116  111  104  104   99   98   94   92   87   82
   79   75   75   72   75   71   73   75   70                                   
    47.5-180.0 180.0   5.0 450.0                            LAT/LON1/LON2/DLON/H
   80   78   70   63   60   54   52   49   47   45   42   42   39   37   37   38
   39   43   47   58   67   84   96  109  116  125  131  142  148  158  166  176
  186  196  204  214  220  226  231  233  238  238  239  233  228  220  215  204
  197  182  174  158  151  139  131  123  119  118  116  115  113  111  107  101
   97   92   91   90   88   84   86   91   80                                   
    45.0-180.0 180.0   5.0 450.0                            LAT/LON1/LON2/DLON/H
   90   88   82   75   75   70   69   65   63   60   58   54   52   47   47   48
   50   53   59   68   80   97  108  118  125  132  138  145  153  159  166  175
  186  197  208  222  231  242  245  252  252  255  249  247  237  235  225  218
  206  193  181  164  153  140  130  123  119  120  120  121  121  121  119  116
  111  107  106  103  103  100  102  105   90                                   
    42.5-180.0 180.0   5.0 450.0                            LAT/LON1/LON2/DLON/H
   94   95   90   86   84   81   79   77   76   72   71   66   63   58   57   59
   60   65   71   82   93  108  118  127  132  139  143  151  154  160  163  171
  180  192  207  224  237  250  260  266  267  265  260  252  246  239  232  221
  212  194  182  163  150  135  123  115  114  113  116  118  119  120  121  117
  117  111  111  108  108  103  108  113   94                                   
    40.0-180.0 180.0   5.0 450.0                            LAT/LON1/LON2/DLON/H
   96   95   92   87   91   86   87   83   85   83   83   78   76   70   71   70
   73   76   82   93  105  119  129  136  141  145  149  153  157  158  160  166
  175  189  205  227  245  263  272  282  280  280  268  265  253  249  239  230
  214  198  180  163  145  128  115  106  103  105  107  110  113  114  115  113
  111  110  109  107  106  103  106  112   96                                   
    37.5-180.0 180.0   5.0 450.0                            LAT/LON1/LON2/DLON/H
   89   89   86   83   84   84   84   85   87   86   88   86   84   79   79   81
   80   84   88  101  112  126  134  140  144  149  152  157  157  159  156  162
  169  185  206  233  255  278  292  300  298  295  285  278  269  261  252  241
  227  208  190  171  152  135  119  110  106  107  110  110  112  111  111  106
  107  102  101   97   93   91   93  102   89                                   
    35.0-180.0 180.0   5.0 450.0                            LAT/LON1/LON2/DLON/H
   84   77   76   71   77   74   79   78   85   85   91   90   92   87   88   86
   88   88   95  106  119  131  140  144  148  153  157  162  163  164  162  169
  175  195  218  250  274  299  311  319  313  316  302  300  288  284  271  263
  247  231  212  194  175  157  138  127  120  120  119  119  117  116  112  107
  102   99   94   90   83   83   84   89   84                                   
    32.5-180.0 180.0   5.0 450.0                            LAT/LON1/LON2/DLON/H
   76   70   65   62   63   64   66   70   77   82   88   91   94   92   92   91
   89   91   95  108  120  133  140  146  147  154  159  169  169  173  172  181
  189  211  236  271  296  322  336  344  342  341  333  329  321  316  305  298
  282  272  254  238  221  202  183  168  160  157  153  149  144  137  131  120
  112  102   94   83   74   72   70   73   76                                   
    30.0-180.0 180.0   5.0 450.0                            LAT/LON1/LON2/DLON/H
   77   61   57   51   56   53   58   59   69   74   86   89   96   93   95   91
   91   90   96  109  123  136  143  147  150  159  167  179  183  191  194  207
  216  241  265  296  317  342  354  366  364  370  363  368  365  368  361  357
  345  338  326  315  297  279  253  236  220  211  202  192  183  174  162  152
  137  125  108   95   81   77   74   62   77                                   
    27.5-180.0 180.0   5.0 450.0                            LAT/LON1/LON2/DLON/H
   67   62   56   54   53   52   50   54   61   70   80   88   94   95   93   92
   89   89   95  110  125  139  144  150  151  164  173  189  198  212  221  237
  254  278  305  330  349  369  384  397  402  409  413  421  425  429  427  426
  421  416  409  400  386  359  337  315  305  291  275  257  239  225  213  200
  186  165  144  119  101   85   74   56   67                                   
    25.0-180.0 180.0   5.0 450.0                            LAT/LON1/LON2/DLON/H
   70   63   53   48   51   45   50   49   59   64   78   82   91   90   92   89
   89   90   99  115  132  145  151  153  157  167  183  200  217  235  248  268
  288  317  341  366  379  399  409  428  432  448  455  471  480  491  494  497
  492  489  478  471  447  421  389  371  350  343  327  320  300  285  259  245
  226  211  187  164  137  116  104   68   70                                   
    22.5-180.0 180.0   5.0 450.0                            LAT/LON1/LON2/DLON/H
   82   92   75   64   55   52   50   50   54   62   70   77   83   86   85   85
   84   89  100  118  135  149  155  161  162  176  192  214  233  254  276  295
  328  352  383  399  415  426  446  460  480  496  515  530  546  559  561  562
  557  546  538  514  499  467  441  413  397  381  367  350  340  322  311  293
  276  250  226  201  178  150  125   85   82                                   
    20.0-180.0 180.0   5.0 450.0                            LAT/LON1/LON2/DLON/H
  112  107   91   84   73   62   58   51   55   53   66   67   76   74   78   79
   83   90  106  125  145  155  165  166  175  183  205  222  248  268  298  323
  358  385  409  424  433  450  462  486  502  526  545  568  584  599  602  601
  593  578  563  542  518  494  469  444  420  404  387  379  367  357  340  331
  314  297  276  252  225  193  162  130  112                                   
    17.5-180.0 180.0   5.0 450.0                            LAT/LON1/LON2/DLON/H
  145  136  115  106   92   78   70   61   57   56   58   64   66   67   68   73
   78   90  108  130  148  164  168  176  181  194  215  236  264  286  325  349
  387  410  432  437  453  461  484  504  530  553  576  598  614  624  625  617
  608  588  575  548  534  505  486  463  440  413  404  392  393  380  371  359
  347  330  315  293  271  233  207  164  145                                   
    15.0-180.0 180.0   5.0 450.0                            LAT/LON1/LON2/DLON/H
  176  159  137  123  108   92   79   70   60   52   56   54   62   60   63   64
   75   86  109  133  156  167  176  179  190  204  227  250  280  304  343  367
  401  422  440  449  461  479  495  523  539  563  583  608  618  626  620  612
  601  583  566  543  527  507  481  458  429  398  379  374  374  374  366  362
  355  348  337  325  305  269  241  206  176                                   
    12.5-180.0 180.0   5.0 450.0                            LAT/LON1/LON2/DLON/H
  187  183  154  137  121  103   89   75   64   57   54   55   56   60   62   67
   74   89  109  139  158  174  177  187  201  217  247  268  298  323  364  385
  417  428  447  451  471  474  496  517  543  567  593  613  621  623  616  605
  590  575  554  536  510  487  453  426  396  367  355  346  357  356  357  355
  355  353  346  340  324  296  267  233  187                                   
    10.0-180.0 180.0   5.0 450.0                            LAT/LON1/LON2/DLON/H
  199  192  165  144  128  112   91   80   66   55   51   49   51   51   60   64
   76   87  110  135  160  170  184  196  216  239  266  289  317  343  373  396
  418  433  446  453  470  482  497  520  542  566  592  609  614  616  607  597
  581  567  542  521  486  461  426  396  365  347  333  333  335  343  340  344
  342  346  340  339  328  305  276  248  199                                   
     7.5-180.0 180.0   5.0 450.0                            LAT/LON1/LON2/DLON/H
  200  198  171  146  129  109   95   76   64   54   49   48   49   50   55   68
   80   96  115  140  161  176  192  209  232  258  286  307  339  362  391  406
