data/unet/pred2840.15i
     1.0            IONOSPHERE MAPS     GNSS                IONEX VERSION / TYPE
pyspatialgeodesy        IME             05-JAN-18 20:20     PGM / RUN BY / DATE 
Map Name                                                    COMMENT             
Predicted global ionosphere maps (GIM).                     DESCRIPTION         
  2015    10    11     0     0     0                        EPOCH OF FIRST MAP  
  2015    10    12     0     0     0                        EPOCH OF LAST MAP   
  7200                                                      INTERVAL            
    13                                                      # OF MAPS IN FILE   
  NONE                                                      MAPPING FUNCTION    
10.0                                                        ELEVATION CUTOFF    
One-way carrier phase leveled to code                       OBSERVABLES USED    
  6371.0                                                    BASE RADIUS         
 2                                                          MAP DIMENSION       
   450.0 450.0   0.0                                        HGT1 / HGT2 / DHGT  
    87.5 -87.5  -2.5                                        LAT1 / LAT2 / DLAT  
  -180.0 180.0   5.0                                        LON1 / LON2 / DLON  
    -1                                                      EXPONENT            
                                                            END OF HEADER       
[from data line 2574]
     7                                                      START OF TEC MAP    
  2015    10    11    12     0     0                        EPOCH OF CURRENT MAP
    87.5-180.0 180.0   5.0 450.0                            LAT/LON1/LON2/DLON/H
   60   68   65   65   65   63   64   63   65   64   66   65   67   66   68   67
   69   67   70   67   70   67   69   67   69   67   69   67   69   67   68   66
   67   65   66   64   64   63   63   63   61   62   60   61   59   60   57   59
   56   58   56   57   56   57   55   57   56   56   56   56   57   56   57   56
   58   57   60   58   59   53   66   55   60                                   
    85.0-180.0 180.0   5.0 450.0                            LAT/LON1/LON2/DLON/H
   70   66   59   56   59   58   61   60   62   61   62   62   63   63   64   64
   66   66   67   66   68   67   68   66   67   66   66   66   66   65   66   65
   65   64   64   62   63   61   61   59   59   57   57   55   55   53   54   52
   53   51   52   50   52   50   51   49   51   50   51   49   52   50   53   51
   54   52   55   52   56   56   62   56   70                                   
    82.5-180.0 180.0   5.0 450.0                            LAT/LON1/LON2/DLON/H
   62   59   53   51   47   49   47   50   48   51   49   52   50   53   51   54
   53   56   56   58   57   60   59   61   61   62   62   62   63   63   64   63
   63   62   61   60   58   57   54   54   50   50   48   47   44   44   42   42
   40   39   38   39   37   38   37   39   38   39   38   40   39   41   40   42
   41   43   42   42   41   41   41   33   62                                   
    80.0-180.0 180.0   5.0 450.0                            LAT/LON1/LON2/DLON/H
   56   46   45   41   43   41   44   42   44   42   43   43   43   43   44   45
   46   48   50   52   54   55   58   58   63   61   66   63   68   64   68   64
   68   63   66   61   63   58   59   55   54   50   50   47   46   43   44   42
   41   39   39   38   38   37   38   37   39   37   39   38   40   38   41   38
   41   38   41   37   38   33   35   30   56                                   
    77.5-180.0 180.0   5.0 450.0                            LAT/LON1/LON2/DLON/H
   50   42   37   35   34   35   34   35   32   33   31   32   30   32   32   34
   35   38   40   44   46   50   52   56   57   61   61   64   63   65   64   65
   63   64   62   63   59   59   55   55   51   51   48   48   44   44   42   42
   40   40   39   38   37   37   37   37   37   37   38   38   38   38   38   38
   36   36   35   33   32   29   31   22   50                                   
    75.0-180.0 180.0   5.0 450.0                            LAT/LON1/LON2/DLON/H
   46   33   36   31   32   31   33   30   30   27   27   24   24   22   24   24
   27   29   34   37   42   45   50   54   57   60   62   63   65   63   65   63
   65   63   65   62   62   60   58   56   53   52   50   49   46   46   45   45
   43   43   42   41   40   40   40   39   39   38   39   39   39   38   39   37
   37   35   36   33   33   29   31   25   46                                   
    72.5-180.0 180.0   5.0 450.0                            LAT/LON1/LON2/DLON/H
   45   38   34   31   31   30   29   29   26   24   20   20   17   17   17   20
   21   25   29   35   39   45   48   55   55   61   60   65   64   66   64   66
   64   65   65   65   64   64   62   60   58   56   55   54   52   52   51   51
   50   49   49   47   46   45   45   43   42   41   42   41   41   40   41   39
   39   37   36   33   32   28   31   23   45                                   
    70.0-180.0 180.0   5.0 450.0                            LAT/LON1/LON2/DLON/H
   43   33   36   30   31   31   31   29   27   22   20   16   15   12   14   14
   19   21   28   33   39   44   49   55   58   61   62   65   65   65   65   65
   65   66   67   67   67   67   66   65   63   62   60   60   57   59   57   58
   56   56   55   53   52   50   47   44   43   41   41   40   40   40   41   39
   40   38   38   35   35   31   33   29   43                                   
    67.5-180.0 180.0   5.0 450.0                            LAT/LON1/LON2/DLON/H
   44   38   35   31   32   30   31   29   26   22   18   16   13   12   13   16
   20   24   30   34   41   46   51   56   57   63   61   66   64   66   65   66
   65   67   67   69   70   71   71   71   69   69   68   66   65   65   64   64
   63   63   61   59   56   52   50   46   43   40   40   38   39   38   40   39
   39   38   37   35   35   30   34   27   44                                   
    65.0-180.0 180.0   5.0 450.0                            LAT/LON1/LON2/DLON/H
   43   34   36   30   30   31   30   30   26   23   19   17   15   13   16   18
   23   26   33   37   42   48   51   59   59   65   63   67   64   67   64   67
   65   68   68   71   72   75   74   76   73   75   72   73   69   71   68   70
   66   67   64   63   58   54   49   44   40   38   37   35   35   35   37   36
   37   37   37   36   35   32   35   31   43                                   
    62.5-180.0 180.0   5.0 450.0                            LAT/LON1/LON2/DLON/H
   43   38   32   29   29   28   28   28   26   24   20   19   17   17   19   23
   27   31   36   39   44   47   52   57   58   64   62   66   63   66   63   66
   64   66   67   70   72   75   76   77   77   76   76   74   74   73   72   71
   70   69   66   63   58   54   49   44   40   36   35   34   33   33   34   34
   36   35   36   35   35   32   36   28   43                                   
    60.0-180.0 180.0   5.0 450.0                            LAT/LON1/LON2/DLON/H
   41   32   31   25   24   25   25   26   23   22   19   20   19   20   23   26
   31   33   38   40   44   47   50   58   59   65   63   68   64   68   64   68
   65   67   67   71   72   76   76   80   78   79   77   77   74   75   73   74
   70   71   67   65   59   55   49   45   39   36   35   33   34   33   34   33
   35   35   37   36   36   33   37   28   41                                   
    57.5-180.0 180.0   5.0 450.0                            LAT/LON1/LON2/DLON/H
   43   39   28   24   22   20   21   22   21   21   19   21   20   22   25   30
   32   34   38   38   43   45   50   54   58   63   62   67   64   68   65   69
   66   69   69   73   75   78   80   81   81   81   81   79   78   78   78   77
   75   75   71   69   63   60   54   50   44   42   40   39   38   38   38   37
   38   36   38   36   37   34   38   27   43                                   
    55.0-180.0 180.0   5.0 450.0                            LAT/LON1/LON2/DLON/H
   44   36   31   24   20   18   18   18   17   17   15   18   18   22   23   29
   30   32   34   36   39   43   47   55   58   65   63   69   66   71   68   74
   71   74   73   77   78   81   82   85   83   85   82   83   80   82   80   82
   78   81   75   75   67   65   57   54   49   48   46   46   45   45   44   42
   42   40   41   39   39   37   41   30   44                                   
    52.5-180.0 180.0   5.0 450.0                            LAT/LON1/LON2/DLON/H
   51   48   35   30   24   19   18   18   17   17   16   18   17   21   23   28
   29   31   32   34   38   41   48   54   60   66   65   71   68   74   72   79
   77   81   80   83   85   88   89   92   91   91   90   89   89   89   90   90
   89   88   86   83   78   73   67   63   60   58   58   58   57   56   53   51
   50   46   47   43   43   39   45   34   51                                   
    50.0-180.0 180.0   5.0 450.0                            LAT/LON1/LON2/DLON/H
   52   50   45   35   30   23   23   18   17   15   15   16   16   19   22   25
   25   28   29   32   36   42   49   59   63   71   68   75   71   79   77   86
   84   89   87   92   92   96   98  101  100  101   98   98   97   99   98  100
   96   98   92   92   85   82   74   72   67   67   68   69   69   68   65   62
   60   56   55   50   50   47   51   42   52                                   
    47.5-180.0 180.0   5.0 450.0                            LAT/LON1/LON2/DLON/H
   61   63   52   46   40   33   30   26   23   20   19   19   18   21   21   25
   25   28   29   34   39   46   56   64   70   75   74   79   77   83   83   92
   91   96   96  100  102  107  109  112  111  112  110  110  109  110  111  110
  108  107  105  101   97   90   84   79   76   77   78   80   80   80   76   73
   69   65   63   57   56   50   55   50   61                                   
    45.0-180.0 180.0   5.0 450.0                            LAT/LON1/LON2/DLON/H
   62   64   64   53   51   42   40   32   29   24   23   22   22   22   22   24
   24   27   29   36   43   52   61   72   75   82   78   84   81   88   88   97
   97  102  103  109  113  119  122  126  124  125  121  121  120  121  120  119
  116  116  112  109  101   95   85   81   78   81   84   87   88   88   86   82
   80   76   74   67   64   59   62   61   62                                   
    42.5-180.0 180.0   5.0 450.0                            LAT/LON1/LON2/DLON/H
   69   72   67   63   58   53   47   43   39   34   33   31   29   28   27   30
   28   32   35   44   51   61   70   79   84   88   87   90   87   93   93  101
  102  107  110  117  123  130  135  137  137  135  131  131  130  131  130  127
  125  122  120  113  107   96   87   80   78   81   85   89   92   93   92   89
   88   84   81   74   69   61   65   66   69                                   
    40.0-180.0 180.0   5.0 450.0                            LAT/LON1/LON2/DLON/H
   70   70   74   64   66   57   57   46   46   40   41   38   37   35   33   33
   33   36   41   51   58   68   76   86   89   94   92   96   93   97   97  104
  106  112  118  127  136  145  150  153  152  148  143  141  140  140  139  136
  133  130  126  119  110  100   88   82   78   81   86   91   94   96   95   95
   92   92   87   81   75   68   71   72   70                                   
    37.5-180.0 180.0   5.0 450.0                            LAT/LON1/LON2/DLON/H
   73   73   70   67   66   64   59   56   52   50   49   49   48   46   43   44
   43   46   52   63   69   78   83   91   95  100  101  103  101  103  102  108
  111  119  125  137  146  156  163  164  162  156  152  149  148  147  148  144
  143  138  136  128  120  108   97   88   84   87   92   97   98   99   98   97
   96   94   92   85   78   70   70   72   73                                   
    35.0-180.0 180.0   5.0 450.0                            LAT/LON1/LON2/DLON/H
   72   63   64   59   64   59   62   53   56   51   55   56   56   55   51   52
   49   54   59   69   76   83   87   94   98  105  106  110  108  109  109  112
  118  125  135  149  162  172  179  179  174  169  162  160  157  159  159  159
  155  152  148  141  131  121  108  101   94   96   99  104  103  104  100  100
   96   99   93   89   80   75   75   74   72                                   
    32.5-180.0 180.0   5.0 450.0                            LAT/LON1/LON2/DLON/H
   72   63   59   58   59   57   57   54   54   54   58   63   64   64   61   61
   58   61   67   76   82   88   91   98  101  109  112  117  115  117  116  121
  126  137  147  163  175  187  192  191  186  180  174  171  172  173  178  176
  178  171  170  160  153  141  131  122  116  115  118  119  117  116  108  105
   99   97   94   90   83   75   74   73   72                                   
    30.0-180.0 180.0   5.0 450.0                            LAT/LON1/LON2/DLON/H
   79   61   55   53   55   51   53   49   53   51   58   62   66   66   66   64
   62   64   70   78   85   90   93   98  103  111  118  123  125  125  128  130
  140  150  164  181  197  209  211  211  205  201  195  196  197  202  203  206
  204  203  198  194  186  176  163  152  144  142  141  142  138  134  125  118
  108  104   96   93   84   80   80   75   79                                   
    27.5-180.0 180.0   5.0 450.0                            LAT/LON1/LON2/DLON/H
   84   67   57   55   54   51   51   48   50   50   56   60   66   68   67   65
   63   66   71   79   84   91   93  100  104  114  122  130  133  138  140  148
  156  170  183  205  219  232  232  234  229  225  224  225  232  236  239  239
  238  237  236  233  229  222  210  194  185  176  175  170  166  159  146  136
  124  115  106   99   92   87   87   78   84                                   
    25.0-180.0 180.0   5.0 450.0                            LAT/LON1/LON2/DLON/H
   97   76   63   62   60   54   54   47   50   44   53   53   62   61   63   61
   59   62   68   74   84   90   95  100  108  116  128  137  145  152  159  165
  177  190  208  227  242  251  253  257  253  258  259  266  270  281  281  286
  280  285  282  287  280  277  259  245  229  217  208  200  193  185  172  160
  144  134  120  115  103  103  102   90   97                                   
    22.5-180.0 180.0   5.0 450.0                            LAT/LON1/LON2/DLON/H
  116   96   78   76   70   66   61   55   52   47   48   50   54   56   56   56
   53   57   63   71   79   88   93  101  107  119  130  145  155  167  175  185
  197  213  231  248  262  269  277  283  286  293  298  307  314  323  326  330
  328  332  334  339  335  328  314  298  281  262  250  234  223  211  199  185
  170  155  142  133  124  118  121  103  116                                   
    20.0-180.0 180.0   5.0 450.0                            LAT/LON1/LON2/DLON/H
  129  108   91   86   88   80   73   60   58   45   49   44   50   46   51   48
   49   51   58   67   78   86   95  102  113  123  139  155  170  183  196  205
  221  236  254  267  281  288  294  304  311  324  329  342  345  358  358  370
  368  379  378  386  378  371  352  338  318  300  282  267  251  235  221  209
  192  181  167  158  148  148  143  126  129                                   
    17.5-180.0 180.0   5.0 450.0                            LAT/LON1/LON2/DLON/H
  141  122  107   99   97   93   87   76   66   58   52   48   46   44   44   44
   45   48   57   66   76   86   93  105  114  128  145  163  182  198  213  224
  241  256  274  285  301  310  323  332  344  356  364  374  378  388  393  401
  407  414  418  420  412  402  386  367  345  323  306  289  277  257  242  227
  216  203  193  182  177  170  167  147  141                                   
    15.0-180.0 180.0   5.0 450.0                            LAT/LON1/LON2/DLON/H
  156  136  115  110  107  100   97   84   80   64   62   53   54   46   47   43
   45   47   58   67   80   89   98  109  121  136  157  177  198  215  233  245
  263  278  292  307  319  333  340  355  364  379  384  398  398  413  413  429
  430  443  440  441  426  417  397  382  357  336  314  301  287  277  259  247
  231  224  211  204  196  190  181  175  156                                   
    12.5-180.0 180.0   5.0 450.0                            LAT/LON1/LON2/DLON/H
  168  149  135  122  117  106  102   92   86   76   71   65   63   56   53   49
   49   53   64   74   87   96  105  117  128  145  169  191  212  229  247  261
  279  294  308  321  335  349  363  377  393  405  411  421  423  432  435  442
  446  451  448  441  426  414  397  381  360  340  318  304  293  282  270  258
  245  236  227  214  210  195  193  188  168                                   
    10.0-180.0 180.0   5.0 450.0                            LAT/LON1/LON2/DLON/H
  179  159  136  126  121  113  104   93   90   79   79   71   72   63   62   58
   61   65   77   85   98  103  113  121  137  158  184  208  229  246  265  280
  296  310  320  334  344  362  374  393  407  421  424  434  430  440  437  445
  443  448  438  429  412  399  385  374  357  341  321  308  298  289  275  267
  252  248  236  226  215  207  199  204  179                                   
     7.5-180.0 180.0   5.0 450.0                            LAT/LON1/LON2/DLON/H
  178  161  145  130  126  113  106   93   92   84   82   77   76   70   72   69
   71   80   90  103  110  118  123  134  149  169  198  224  242  260  277  292
