data/unet/pred1540.15i
     1.0            IONOSPHERE MAPS     GNSS                IONEX VERSION / TYPE
pyspatialgeodesy        IME             05-JAN-18 20:20     PGM / RUN BY / DATE 
Map Name                                                    COMMENT             
Predicted global ionosphere maps (GIM).                     DESCRIPTION         
  2015     6     3     0     0     0                        EPOCH OF FIRST MAP  
  2015     6     4     0     0     0                        EPOCH OF LAST MAP   
  7200                                                      INTERVAL            
    13                                                      # OF MAPS IN FILE   
  NONE                                                      MAPPING FUNCTION    
10.0                                                        ELEVATION CUTOFF    
One-way carrier phase leveled to code                       OBSERVABLES USED    
  6371.0                                                    BASE RADIUS         
 2                                                          MAP DIMENSION       
   450.0 450.0   0.0                                        HGT1 / HGT2 / DHGT  
    87.5 -87.5  -2.5                                        LAT1 / LAT2 / DLAT  
  -180.0 180.0   5.0                                        LON1 / LON2 / DLON  
    -1                                                      EXPONENT            
                                                            END OF HEADER       
[from data line 2145]
     6                                                      START OF TEC MAP    
  2015     6     3    10     0     0                        EPOCH OF CURRENT MAP
    87.5-180.0 180.0   5.0 450.0                            LAT/LON1/LON2/DLON/H
  140  163  164  165  166  164  166  165  167  168  170  170  171  171  172  171
  171  171  170  169  169  167  167  165  165  163  164  162  164  161  163  160
  162  159  161  158  160  157  159  157  159  158  161  158  161  159  162  160
  162  160  162  160  162  160  161  159  161  159  159  157  159  156  156  155
  157  155  158  156  156  154  152  133  140                                   
    85.0-180.0 180.0   5.0 450.0                            LAT/LON1/LON2/DLON/H
  159  149  158  164  163  163  165  167  168  170  172  173  174  175  176  176
  176  176  176  176  175  175  174  174  173  173  172  172  172  172  171  172
  171  171  170  171  169  170  169  170  169  170  170  171  170  172  171  172
  171  171  170  170  170  169  168  168  166  166  163  163  161  160  157  157
  155  156  155  155  154  151  156  147  159                                   
    82.5-180.0 180.0   5.0 450.0                            LAT/LON1/LON2/DLON/H
  150  149  153  156  158  158  161  163  166  168  170  171  172  173  174  174
  174  174  175  174  174  174  174  173  174  173  174  173  174  173  175  173
  175  173  175  173  174  173  174  172  174  173  175  175  177  176  178  176
  179  177  179  176  179  175  177  173  174  169  169  164  164  160  158  155
  154  152  153  151  151  150  152  153  150                                   
    80.0-180.0 180.0   5.0 450.0                            LAT/LON1/LON2/DLON/H
  150  148  144  146  147  150  152  156  158  161  162  164  165  167  166  167
  166  168  166  167  165  167  165  166  165  167  166  167  168  169  169  170
  171  171  171  171  172  172  172  173  174  176  176  178  179  181  182  184
  184  186  185  186  185  184  182  181  178  175  172  168  165  161  157  154
  150  150  146  147  144  144  147  151  150                                   
    77.5-180.0 180.0   5.0 450.0                            LAT/LON1/LON2/DLON/H
  146  147  143  145  147  150  153  155  158  160  162  163  164  165  165  165
  165  164  164  163  163  162  162  162  162  163  164  165  167  168  170  171
  174  175  177  177  178  178  180  180  182  185  187  190  191  194  195  198
  198  201  200  202  200  201  198  196  193  190  185  182  178  174  169  166
  161  159  155  152  149  144  145  145  146                                   
    75.0-180.0 180.0   5.0 450.0                            LAT/LON1/LON2/DLON/H
  146  145  141  143  142  146  147  151  151  155  155  158  156  159  157  158
  157  157  156  156  155  156  155  156  155  158  158  161  163  167  169  174
  175  181  180  184  182  185  183  186  185  190  191  195  196  199  200  202
  202  205  204  205  203  203  200  200  195  194  189  187  181  179  173  171
  165  165  159  158  153  150  154  150  146                                   
    72.5-180.0 180.0   5.0 450.0                            LAT/LON1/LON2/DLON/H
  151  150  143  142  141  142  143  144  145  148  147  149  147  149  147  148
  146  147  146  147  146  147  146  147  147  148  149  154  156  163  167  173
  177  184  186  189  188  189  189  190  191  195  197  201  202  205  205  207
  206  208  205  207  203  205  201  200  197  195  193  190  188  184  181  177
  173  172  168  164  161  155  156  156  151                                   
    70.0-180.0 180.0   5.0 450.0                            LAT/LON1/LON2/DLON/H
  157  153  145  142  139  140  138  139  137  140  138  140  138  140  139  139
  139  139  141  141  142  142  141  142  141  142  143  149  153  162  167  176
  181  190  191  196  193  196  194  196  195  199  201  205  206  208  207  207
  205  204  201  200  197  197  195  195  192  192  191  192  190  190  188  187
  183  184  179  177  173  167  168  164  157                                   
    67.5-180.0 180.0   5.0 450.0                            LAT/LON1/LON2/DLON/H
  164  163  152  146  138  136  133  131  129  129  128  129  127  130  129  130
  129  132  133  135  136  137  136  136  135  137  139  144  150  159  167  177
  184  193  196  200  199  199  199  199  200  202  205  208  209  209  208  206
  202  200  196  194  191  190  188  188  187  187  191  190  195  193  195  193
  192  191  189  186  184  176  174  176  164                                   
    65.0-180.0 180.0   5.0 450.0                            LAT/LON1/LON2/DLON/H
  174  169  158  150  141  136  129  127  122  122  119  121  120  122  123  124
  125  128  130  133  134  136  135  136  133  136  136  144  149  161  168  181
  187  198  199  206  203  206  204  206  205  209  211  213  213  213  210  206
  201  197  192  189  185  185  183  184  183  186  187  193  195  199  199  201
  199  202  199  200  196  190  189  188  174                                   
    62.5-180.0 180.0   5.0 450.0                            LAT/LON1/LON2/DLON/H
  183  182  170  159  146  136  127  121  114  111  108  110  109  112  112  116
  117  121  124  128  130  132  132  133  131  134  134  141  148  158  168  179
  188  198  201  206  206  208  208  210  211  214  216  219  219  217  214  209
  204  199  193  190  186  185  183  184  184  187  191  193  199  200  204  203
  205  204  205  206  206  200  198  203  183                                   
    60.0-180.0 180.0   5.0 450.0                            LAT/LON1/LON2/DLON/H
  192  187  176  167  152  139  127  118  109  104  100  100  101  104  106  109
  112  116  120  125  127  132  131  135  132  136  137  143  151  161  171  182
  190  199  202  207  208  211  212  214  216  220  222  225  225  224  220  215
  209  204  198  195  191  190  188  191  189  193  194  199  201  206  205  208
  206  211  209  215  213  210  209  212  192                                   
    57.5-180.0 180.0   5.0 450.0                            LAT/LON1/LON2/DLON/H
  198  197  186  175  158  143  127  116  103   95   89   89   88   91   93   98
  100  106  109  115  119  125  127  132  132  137  139  144  152  160  170  179
  188  196  200  205  207  211  213  217  220  224  226  230  229  229  224  222
  214  211  204  203  198  199  196  199  197  200  202  204  207  207  209  208
  209  210  212  215  219  215  214  219  198                                   
    55.0-180.0 180.0   5.0 450.0                            LAT/LON1/LON2/DLON/H
  203  197  188  180  163  148  132  118  104   93   86   83   82   84   87   90
   94   99  102  110  114  122  127  134  137  142  146  151  158  165  174  182
  189  196  200  205  208  213  217  221  225  230  233  237  237  236  233  230
  224  221  215  213  210  210  208  210  209  211  211  213  212  214  211  213
  210  215  214  221  221  220  220  224  203                                   
    52.5-180.0 180.0   5.0 450.0                            LAT/LON1/LON2/DLON/H
  206  202  194  186  170  154  137  122  106   94   84   79   75   77   78   82
   86   91   95  101  107  117  124  135  141  149  150  156  161  167  174  181
  187  194  197  205  208  217  221  228  231  237  239  245  242  244  238  237
  231  230  224  224  219  221  218  221  219  220  220  220  220  219  218  216
  216  217  219  222  226  224  224  225  206                                   
    50.0-180.0 180.0   5.0 450.0                            LAT/LON1/LON2/DLON/H
  208  197  191  185  174  159  145  129  113   98   87   80   75   74   74   77
   81   86   91   99  105  119  128  143  150  159  163  167  171  174  179  185
  188  196  200  207  212  222  227  236  240  246  249  253  252  251  248  247
  243  241  237  235  233  231  230  229  228  227  225  226  224  226  223  225
  223  228  225  231  229  225  225  224  208                                   
    47.5-180.0 180.0   5.0 450.0                            LAT/LON1/LON2/DLON/H
  204  196  189  183  175  162  149  134  118  105   92   85   76   74   72   74
   78   82   87   95  103  117  130  147  158  167  171  175  176  179  181  186
  189  196  201  210  216  231  236  246  250  257  259  263  260  261  255  255
  250  248  244  242  238  238  234  234  231  231  230  229  230  230  232  232
  234  234  234  233  234  228  225  221  204                                   
    45.0-180.0 180.0   5.0 450.0                            LAT/LON1/LON2/DLON/H
  200  184  178  174  170  162  154  143  130  115  103   93   86   80   76   76
   79   84   90   98  107  125  138  158  170  181  185  189  188  189  188  192
  193  202  207  219  225  241  246  261  263  273  274  278  275  274  270  267
  262  258  251  248  244  242  238  237  234  234  231  233  232  237  238  244
  244  250  244  246  238  228  222  215  200                                   
    42.5-180.0 180.0   5.0 450.0                            LAT/LON1/LON2/DLON/H
  192  179  169  164  161  157  154  146  136  126  112  104   94   89   83   82
   83   86   92   99  109  126  144  164  178  188  193  196  193  194  192  196
  198  208  214  229  238  254  260  275  279  288  292  294  293  291  286  281
  274  269  259  256  249  248  241  242  238  237  235  234  239  241  248  252
  258  258  256  249  245  228  223  212  192                                   
    40.0-180.0 180.0   5.0 450.0                            LAT/LON1/LON2/DLON/H
  189  167  157  152  152  151  151  148  145  136  128  118  110  100   95   91
   92   93   97  105  115  134  152  175  190  201  205  207  202  201  198  202
  205  215  223  239  247  264  270  288  293  307  309  316  314  313  307  302
  293  287  275  271  261  261  255  257  254  254  249  250  250  255  260  268
  272  276  267  263  247  227  217  208  189                                   
    37.5-180.0 180.0   5.0 450.0                            LAT/LON1/LON2/DLON/H
  187  166  151  143  141  140  142  143  143  141  135  129  120  113  105  102
   99   99  102  108  118  135  158  178  196  205  208  208  204  204  202  207
  210  221  233  248  260  274  284  299  311  321  330  334  337  335  332  325
  319  312  300  294  283  282  277  279  275  274  271  268  269  271  277  283
  288  286  279  266  252  230  220  211  187                                   
    35.0-180.0 180.0   5.0 450.0                            LAT/LON1/LON2/DLON/H
  189  162  146  137  134  133  134  138  142  144  145  141  136  128  120  114
  109  108  107  113  121  140  160  185  200  211  213  214  210  210  209  214
  218  229  239  256  268  285  294  315  327  343  350  359  361  365  362  362
  358  358  348  345  332  331  323  325  319  315  306  300  296  295  297  300
  303  300  286  275  254  232  220  219  189                                   
    32.5-180.0 180.0   5.0 450.0                            LAT/LON1/LON2/DLON/H
  195  168  150  140  131  128  128  131  136  142  145  147  143  138  129  123
  116  113  112  114  122  137  159  183  200  211  215  217  215  217  216  223
  227  239  250  264  279  293  308  325  344  358  370  379  385  391  394  398
  402  406  405  404  396  394  385  384  375  366  353  338  331  320  319  317
  314  306  291  275  257  236  226  224  195                                   
    30.0-180.0 180.0   5.0 450.0                            LAT/LON1/LON2/DLON/H
  199  173  159  148  137  130  127  128  133  140  146  151  150  147  139  132
  122  118  113  115  121  137  157  181  196  210  214  219  219  221  222  231
  234  245  254  269  283  301  315  337  356  372  385  397  405  415  421  434
  444  458  464  473  468  469  457  453  438  423  403  383  367  352  343  335
  328  315  298  282  263  243  232  234  199                                   
    27.5-180.0 180.0   5.0 450.0                            LAT/LON1/LON2/DLON/H
  202  183  173  165  152  142  135  131  133  138  143  147  149  147  139  133
  124  118  114  112  118  129  148  170  187  202  210  217  219  226  226  236
  239  250  262  276  291  307  324  344  365  381  396  409  420  431  442  458
  474  491  506  517  519  519  511  505  489  473  449  424  404  383  365  350
  336  320  301  283  268  246  237  231  202                                   
    25.0-180.0 180.0   5.0 450.0                            LAT/LON1/LON2/DLON/H
  204  194  188  180  167  157  148  141  138  140  142  146  147  147  141  135
  126  120  114  113  114  129  144  168  182  200  206  217  220  230  232  242
  246  258  268  285  300  318  334  356  373  390  404  419  431  445  457  476
  495  521  542  561  568  568  561  555  539  520  492  464  436  409  387  365
  348  328  309  291  273  254  242  239  204                                   
    22.5-180.0 180.0   5.0 450.0                            LAT/LON1/LON2/DLON/H
  208  204  197  191  182  172  162  153  147  143  143  144  145  143  139  132
  126  119  113  110  111  121  134  152  169  187  196  210  215  226  232  244
  251  262  277  294  313  330  347  366  384  397  411  424  438  450  465  482
  506  532  561  583  593  594  587  580  561  539  510  482  451  423  394  372
  353  331  312  292  277  258  246  235  208                                   
    20.0-180.0 180.0   5.0 450.0                            LAT/LON1/LON2/DLON/H
  211  214  208  200  192  184  173  163  155  149  144  141  140  138  135  131
  126  119  114  112  112  119  131  145  160  179  190  207  215  228  237  249
  257  271  284  309  325  348  359  380  392  406  415  429  440  455  466  486
  504  535  562  584  593  592  588  578  566  543  517  489  459  429  400  376
  358  338  320  301  285  264  250  241  211                                   
    17.5-180.0 180.0   5.0 450.0                            LAT/LON1/LON2/DLON/H
  214  217  212  206  199  192  185  175  165  156  149  142  139  134  132  127
  125  118  114  110  109  113  122  133  147  165  182  200  211  226  238  252
  263  281  298  321  340  362  375  390  402  410  420  427  439  447  460  472
  491  514  540  557  564  562  554  548  535  517  495  474  449  424  397  377
  359  341  326  305  288  268  251  237  214                                   
    15.0-180.0 180.0   5.0 450.0                            LAT/LON1/LON2/DLON/H
  218  217  212  205  200  195  188  180  170  160  149  141  136  130  128  125
  124  118  116  112  111  113  117  126  138  158  176  199  213  231  244  261
  273  297  310  341  355  380  388  404  410  419  424  432  437  449  455  468
  477  497  512  528  530  530  523  519  510  498  483  467  446  423  400  378
  362  347  332  315  296  272  254  243  218                                   
    12.5-180.0 180.0   5.0 450.0                            LAT/LON1/LON2/DLON/H
  217  213  209  202  199  195  192  184  175  162  151  141  136  129  127  124
  124  118  116  110  110  109  111  118  130  151  172  195  212  231  248  268
  286  310  328  355  370  393  400  416  422  429  432  435  441  444  451  453
  462  470  482  490  491  490  486  485  481  474  463  450  431  412  391  375
  358  344  332  313  294  271  252  240  217                                   
    10.0-180.0 180.0   5.0 450.0                            LAT/LON1/LON2/DLON/H
  218  208  203  197  193  190  185  179  170  158  146  137  130  126  123  122
  121  117  115  111  107  106  105  113  124  148  171  199  217  238  254  276
  294  322  337  365  377  398  404  421  429  436  438  441  443  448  448  453
  454  462  465  470  467  467  464  469  469  466  456  444  426  407  387  371
  355  342  328  313  295  270  252  246  218                                   
     7.5-180.0 180.0   5.0 450.0                            LAT/LON1/LON2/DLON/H
  217  205  201  196  191  185  182  173  164  152  141  133  128  123  121  119
  120  116  114  107  105  100  100  103  118  143  170  195  215  235  255  277
