data/unet/pred2310.15i
     1.0            IONOSPHERE MAPS     GNSS                IONEX VERSION / TYPE
pyspatialgeodesy        IME             05-JAN-18 20:20     PGM / RUN BY / DATE 
Map Name                                                    COMMENT             
Predicted global ionosphere maps (GIM).                     DESCRIPTION         
  2015     8    19     0     0     0                        EPOCH OF FIRST MAP  
  2015     8    20     0     0     0                        EPOCH OF LAST MAP   
  7200                                                      INTERVAL            
    13                                                      # OF MAPS IN FILE   
  NONE                                                      MAPPING FUNCTION    
10.0                                                        ELEVATION CUTOFF    
One-way carrier phase leveled to code                       OBSERVABLES USED    
  6371.0                                                    BASE RADIUS         
 2                                                          MAP DIMENSION       
   450.0 450.0   0.0                                        HGT1 / HGT2 / DHGT  
    87.5 -87.5  -2.5                                        LAT1 / LAT2 / DLAT  
  -180.0 180.0   5.0                                        LON1 / LON2 / DLON  
    -1                                                      EXPONENT            
                                                            END OF HEADER       
[from data line 3003]
     8                                                      START OF TEC MAP    
  2015     8    19    14     0     0                        EPOCH OF CURRENT MAP
    87.5-180.0 180.0   5.0 450.0                            LAT/LON1/LON2/DLON/H
  100  112  117  116  114  115  115  116  116  117  117  118  118  119  119  120
  120  121  121  122  121  122  121  121  120  120  119  119  118  118  117  117
  116  117  116  117  116  116  115  116  115  115  114  115  115  115  115  115
  115  116  115  116  116  117  116  117  116  117  116  117  116  116  115  116
  115  115  115  115  113  115  122  115  100                                   
    85.0-180.0 180.0   5.0 450.0                            LAT/LON1/LON2/DLON/H
   99  105  101   99   99  100  101  102  103  104  105  106  107  108  109  109
  111  111  112  111  112  112  112  111  111  110  110  108  108  106  106  104
  105  104  105  103  104  103  103  102  103  102  102  102  103  103  102  104
  104  105  104  106  105  107  106  107  107  107  106  107  106  106  104  104
  103  103  102  101  101  101  103  111   99                                   
    82.5-180.0 180.0   5.0 450.0                            LAT/LON1/LON2/DLON/H
  102   96   95   95   95   95   96   98  100  102  103  105  106  108  109  111
  111  113  113  114  114  115  115  115  114  113  112  111  109  109  106  106
  104  104  102  103  100  101   99   99   98   98   97   98   99  100  100  101
  103  103  105  105  107  107  109  108  110  109  110  109  108  107  105  105
  102  102   99   99   95   94   96   97  102                                   
    80.0-180.0 180.0   5.0 450.0                            LAT/LON1/LON2/DLON/H
   91   85   84   87   86   89   90   95   95  101  101  105  105  109  109  112
  111  114  113  115  113  116  114  116  113  116  112  114  110  112  107  109
  104  105  101  101   97   98   94   96   93   95   94   96   96   99   99  102
  102  106  105  109  108  111  110  112  110  112  110  110  108  108  105  103
  100   99   95   92   88   86   83   91   91                                   
    77.5-180.0 180.0   5.0 450.0                            LAT/LON1/LON2/DLON/H
   80   76   74   75   77   82   85   90   92   97   99  103  105  107  109  110
  111  111  112  112  112  111  112  111  112  112  113  112  112  110  109  108
  105  103  100   98   94   92   90   90   88   89   89   91   92   95   96   99
  100  102  104  105  107  107  109  109  109  109  109  107  106  104  102  100
   96   94   90   87   81   77   74   81   80                                   
    75.0-180.0 180.0   5.0 450.0                            LAT/LON1/LON2/DLON/H
   73   66   68   70   72   77   82   86   91   96  100  102  105  107  108  109
  109  109  109  108  108  108  109  108  110  111  112  113  113  113  112  110
  107  105  102   98   94   91   89   87   87   86   88   89   92   94   97   97
  100  101  103  104  105  106  107  106  107  107  107  105  104  102  100   97
   93   90   86   81   76   72   70   75   73                                   
    72.5-180.0 180.0   5.0 450.0                            LAT/LON1/LON2/DLON/H
   67   63   63   64   68   74   79   85   89   96   99  103  105  108  108  109
  109  109  108  106  105  105  106  106  107  110  112  115  116  118  117  117
  114  112  107  104   98   95   90   89   86   87   85   89   89   93   92   96
   95   97   97   98   97   99   97   99   97   98   96   97   94   95   91   90
   86   84   79   76   71   64   64   67   67                                   
    70.0-180.0 180.0   5.0 450.0                            LAT/LON1/LON2/DLON/H
   62   54   57   59   64   67   74   78   85   90   96  100  103  105  106  106
  107  105  104  101  101   98   99   99  101  104  107  111  113  116  116  117
  116  114  110  105  100   96   92   90   88   88   88   91   91   93   93   94
   94   94   93   92   91   90   90   89   89   88   89   87   88   86   85   82
   80   76   74   69   67   60   60   61   62                                   
    67.5-180.0 180.0   5.0 450.0                            LAT/LON1/LON2/DLON/H
   56   53   54   53   58   62   69   75   80   87   92   97  101  103  105  105
  105  104  102  100   97   96   95   96   97  100  103  108  110  116  117  121
  120  119  115  111  105  101   97   95   92   93   91   95   94   96   94   95
   93   92   89   88   84   83   80   80   78   79   77   78   76   77   75   75
   73   71   68   66   60   53   54   53   56                                   
    65.0-180.0 180.0   5.0 450.0                            LAT/LON1/LON2/DLON/H
   54   45   46   48   53   56   63   67   74   79   86   91   96   98  101  101
  101   99   99   95   95   92   92   92   93   94   97  102  106  112  115  120
  120  121  118  115  109  105  101   99   97   98   97   99   98   99   97   96
   93   90   86   83   80   77   76   74   72   72   71   71   71   70   70   67
   66   63   62   58   57   50   52   49   54                                   
    62.5-180.0 180.0   5.0 450.0                            LAT/LON1/LON2/DLON/H
   49   44   43   42   47   51   57   62   68   74   79   86   91   95   98   99
   99   99   97   96   94   93   91   91   91   92   94   99  104  113  117  125
  126  128  125  122  116  112  107  107  104  106  104  107  104  104  101   99
   94   90   85   82   77   74   71   70   68   68   66   67   65   65   63   62
   60   59   56   55   51   45   47   42   49                                   
    60.0-180.0 180.0   5.0 450.0                            LAT/LON1/LON2/DLON/H
   48   36   37   37   41   44   51   54   61   66   72   78   84   88   92   94
   95   95   94   94   93   92   91   90   90   90   92   96  102  109  116  125
  128  129  128  126  121  117  112  112  110  112  110  112  110  109  105  103
   97   94   88   85   80   77   74   72   70   69   68   68   66   63   61   59
   57   54   52   50   49   42   45   39   48                                   
    57.5-180.0 180.0   5.0 450.0                            LAT/LON1/LON2/DLON/H
   47   40   36   35   38   41   46   50   55   60   66   72   78   84   88   92
   93   94   94   94   93   94   92   92   91   91   92   97  103  112  121  131
  136  139  137  135  129  125  121  121  120  121  120  120  118  115  112  107
  102   99   95   92   88   83   81   77   76   74   73   73   70   67   63   60
   56   54   50   50   46   41   42   34   47                                   
    55.0-180.0 180.0   5.0 450.0                            LAT/LON1/LON2/DLON/H
   48   37   35   33   36   37   42   45   50   54   60   65   72   76   82   87
   89   90   90   93   91   94   92   95   92   94   94   99  105  114  123  133
  138  142  141  139  134  131  128  127  127  127  126  125  123  120  117  113
  109  108  104  102   98   95   91   88   85   83   81   79   75   72   67   62
   58   54   51   49   47   42   45   37   48                                   
    52.5-180.0 180.0   5.0 450.0                            LAT/LON1/LON2/DLON/H
   52   46   40   37   38   40   42   46   49   53   57   63   68   74   78   85
   87   91   91   95   95   98   96  100   97  100  100  106  112  123  132  143
  148  152  150  150  143  141  138  138  137  138  135  134  129  126  123  120
  118  118  117  116  113  110  105  101   98   94   93   90   85   80   74   69
   63   59   55   53   50   45   46   36   52                                   
    50.0-180.0 180.0   5.0 450.0                            LAT/LON1/LON2/DLON/H
   55   49   45   41   44   43   45   45   48   50   54   58   64   68   74   81
   84   90   89   95   93   99   97  102  100  104  105  111  119  128  137  147
  152  156  155  155  150  149  146  146  145  145  142  139  136  132  129  127
  126  128  127  127  124  121  116  113  109  107  104  102   96   89   81   74
   70   64   61   59   56   51   53   44   55                                   
    47.5-180.0 180.0   5.0 450.0                            LAT/LON1/LON2/DLON/H
   60   61   53   50   49   49   49   51   51   55   56   62   65   71   76   83
   87   93   93   98   98  102  102  108  108  113  114  123  129  140  148  157
  162  166  166  168  162  163  159  160  158  157  152  150  143  140  136  136
  135  137  137  138  135  131  126  122  119  116  114  111  105   98   90   83
   77   73   68   66   62   57   57   48   60                                   
    45.0-180.0 180.0   5.0 450.0                            LAT/LON1/LON2/DLON/H
   65   63   58   54   55   53   55   52   54   56   59   62   67   71   77   84
   87   95   94  101   98  103  103  110  111  118  120  129  136  145  152  161
  165  172  174  176  174  175  172  174  170  168  162  159  152  148  144  143
  141  144  142  143  139  136  131  127  124  122  120  118  113  107   99   92
   86   82   79   74   72   65   65   59   65                                   
    42.5-180.0 180.0   5.0 450.0                            LAT/LON1/LON2/DLON/H
   67   70   63   59   57   57   57   58   59   62   65   70   73   79   83   90
   94  102  101  107  104  108  110  116  120  128  132  140  146  155  160  168
  173  180  184  188  189  191  190  190  186  184  177  173  164  161  154  153
  149  150  146  146  142  138  132  128  126  124  123  123  118  113  106  101
   95   92   87   84   77   72   71   62   67                                   
    40.0-180.0 180.0   5.0 450.0                            LAT/LON1/LON2/DLON/H
   73   68   65   59   58   55   58   57   61   64   68   74   79   84   89   96
   99  108  107  113  109  114  114  122  124  133  138  146  152  158  163  171
  178  188  195  203  207  213  211  213  206  201  192  185  177  172  165  162
  156  155  150  148  143  138  133  129  127  126  125  126  123  119  114  110
  107  103  100   92   88   77   77   70   73                                   
    37.5-180.0 180.0   5.0 450.0                            LAT/LON1/LON2/DLON/H
   76   71   65   60   54   55   56   59   64   69   75   83   89   96   99  106
  109  118  118  123  119  123  124  131  136  144  149  156  161  166  170  176
  184  195  207  216  226  232  234  233  227  220  210  203  194  189  180  176
  167  163  156  152  146  140  135  130  127  126  125  127  124  122  119  118
  114  114  107  103   91   84   82   72   76                                   
    35.0-180.0 180.0   5.0 450.0                            LAT/LON1/LON2/DLON/H
   80   68   64   58   54   50   53   56   61   69   77   86   94  102  104  112
  114  124  123  130  125  130  128  138  139  150  153  161  165  170  174  182
  192  209  223  239  250  258  257  256  247  240  230  222  214  206  197  189
  179  173  164  160  152  145  138  132  128  126  124  125  124  124  122  122
  122  120  117  109  101   88   86   80   80                                   
    32.5-180.0 180.0   5.0 450.0                            LAT/LON1/LON2/DLON/H
   83   71   64   59   52   50   51   56   63   72   81   93  103  111  115  121
  123  131  131  138  134  137  139  145  151  157  163  169  172  178  181  190
  204  223  244  261  274  280  279  275  267  259  249  243  234  228  216  207
  194  186  178  171  164  156  148  140  135  129  127  126  124  124  124  124
  123  124  118  114  102   93   92   82   83                                   
    30.0-180.0 180.0   5.0 450.0                            LAT/LON1/LON2/DLON/H
   91   73   67   61   55   51   52   54   60   69   80   92  105  115  118  125
  125  134  134  143  138  146  142  154  152  164  165  173  176  183  190  200
  219  242  264  284  295  300  298  293  285  278  271  267  259  252  237  227
  213  204  194  187  178  169  161  151  144  137  130  128  123  124  122  123
  123  123  122  115  109   99   98   89   91                                   
    27.5-180.0 180.0   5.0 450.0                            LAT/LON1/LON2/DLON/H
   98   81   70   63   57   53   54   57   61   71   81   95  109  121  126  133
  133  139  141  148  146  150  152  157  162  165  172  176  184  192  201  217
  234  261  283  302  312  316  314  310  304  299  293  291  282  276  262  252
  236  229  216  206  195  181  172  159  152  141  136  129  125  123  122  122
  120  122  120  118  110  105  106   94   98                                   
    25.0-180.0 180.0   5.0 450.0                            LAT/LON1/LON2/DLON/H
  107   87   78   71   62   60   58   59   63   69   78   91  107  120  125  134
  132  141  141  151  145  155  149  159  157  167  169  179  187  199  211  227
  247  275  295  316  325  331  329  326  322  321  318  316  308  302  287  280
  264  257  241  230  211  196  180  168  157  147  137  129  123  122  119  120
  117  120  119  119  116  113  111  105  107                                   
    22.5-180.0 180.0   5.0 450.0                            LAT/LON1/LON2/DLON/H
  110   97   85   79   70   66   64   64   67   72   79   92  107  122  128  139
  139  148  148  158  154  162  159  167  165  169  174  182  194  209  222  244
  260  286  304  323  333  340  340  342  339  341  339  340  332  327  313  310
  294  290  271  259  235  216  195  177  165  150  139  127  123  119  120  120
  118  119  119  121  119  118  118  109  110                                   
    20.0-180.0 180.0   5.0 450.0                            LAT/LON1/LON2/DLON/H
  118  108  100   92   85   77   72   70   70   71   77   87  103  116  128  138
  140  150  151  158  156  157  157  159  161  165  175  186  202  219  237  256
  276  299  316  333  340  348  349  353  352  356  356  356  350  343  333  326
  314  307  288  276  247  228  203  188  173  161  142  129  121  119  120  122
  119  119  118  121  122  122  119  116  118                                   
    17.5-180.0 180.0   5.0 450.0                            LAT/LON1/LON2/DLON/H
  120  117  110  105   96   91   82   77   74   74   76   89  100  118  128  142
  145  157  157  166  162  169  163  170  164  174  180  199  214  237  254  277
  293  314  329  342  349  356  359  367  367  375  372  374  368  362  351  347
  334  330  309  293  262  239  213  195  183  165  150  134  126  121  124  123
  121  121  120  121  120  122  122  119  120                                   
    15.0-180.0 180.0   5.0 450.0                            LAT/LON1/LON2/DLON/H
  123  119  113  110  107  100   93   82   78   73   77   84   98  114  127  138
  148  159  162  165  164  160  162  160  168  174  193  210  233  252  276  296
  312  328  341  353  357  365  369  376  379  385  383  381  376  366  361  352
  344  336  313  296  264  243  218  204  190  177  156  144  130  127  126  125
  121  121  119  119  119  121  119  116  123                                   
    12.5-180.0 180.0   5.0 450.0                            LAT/LON1/LON2/DLON/H
  120  121  114  109  106   99   93   86   77   76   74   85   95  117  127  145
  152  169  168  176  167  174  168  178  176  192  204  229  249  277  298  318
  329  344  353  363  367  375  380  390  392  399  394  393  384  376  366  361
  350  343  319  301  269  247  221  207  195  180  164  149  137  133  131  128
  124  121  119  118  118  118  117  110  120                                   
    10.0-180.0 180.0   5.0 450.0                            LAT/LON1/LON2/DLON/H
  116  112  106  105   99   97   90   83   77   75   77   83   96  114  130  144
  158  173  175  183  179  183  186  189  199  210  230  250  276  302  324  335
  347  353  363  367  373  381  388  397  399  403  397  392  384  372  366  358
  351  340  315  295  265  245  222  212  197  184  166  154  141  137  134  133
  127  123  120  117  114  118  114  102  116                                   
     7.5-180.0 180.0   5.0 450.0                            LAT/LON1/LON2/DLON/H
  115  112  104   98   93   86   83   76   71   73   72   84   94  116  128  150
  161  183  185  196  192  201  201  212  216  232  246  276  301  331  342  351
