data/unet/pred0950.15i
     1.0            IONOSPHERE MAPS     GNSS                IONEX VERSION / TYPE
pyspatialgeodesy        IME             05-JAN-18 20:20     PGM / RUN BY / DATE 
Map Name                                                    COMMENT             
Predicted global ionosphere maps (GIM).                     DESCRIPTION         
  2015     4     5     0     0     0                        EPOCH OF FIRST MAP  
  2015     4     6     0     0     0                        EPOCH OF LAST MAP   
  7200                                                      INTERVAL            
    13                                                      # OF MAPS IN FILE   
  NONE                                                      MAPPING FUNCTION    
10.0                                                        ELEVATION CUTOFF    
One-way carrier phase leveled to code                       OBSERVABLES USED    
  6371.0                                                    BASE RADIUS         
 2                                                          MAP DIMENSION       
   450.0 450.0   0.0                                        HGT1 / HGT2 / DHGT  
    87.5 -87.5  -2.5                                        LAT1 / LAT2 / DLAT  
  -180.0 180.0   5.0                                        LON1 / LON2 / DLON  
    -1                                                      EXPONENT            
                                                            END OF HEADER       
[from data line 2574]
     7                                                      START OF TEC MAP    
  2015     4     5    12     0     0                        EPOCH OF CURRENT MAP
    87.5-180.0 180.0   5.0 450.0                            LAT/LON1/LON2/DLON/H
  170  190  193  193  194  195  199  199  203  203  205  205  207  206  208  206
  208  206  208  206  209  207  209  208  210  208  210  208  208  206  206  203
  203  201  200  197  196  193  193  190  189  187  187  184  185  182  183  181
  181  181  181  181  181  181  181  181  180  180  179  179  178  178  177  176
  177  176  177  176  177  179  189  162  170                                   
    85.0-180.0 180.0   5.0 450.0                            LAT/LON1/LON2/DLON/H
  175  185  186  188  188  193  194  199  199  205  205  210  209  214  212  215
  213  214  212  213  212  213  213  213  214  214  216  216  215  215  213  212
  209  206  205  200  199  194  193  188  187  182  181  177  175  172  172  169
  169  168  168  167  167  166  167  165  166  165  165  164  165  165  164  164
  164  166  165  167  166  170  183  178  175                                   
    82.5-180.0 180.0   5.0 450.0                            LAT/LON1/LON2/DLON/H
  162  174  174  173  179  181  186  189  194  196  201  202  206  206  210  208
  210  208  209  207  207  207  208  209  210  211  213  214  215  214  216  213
  214  208  209  202  201  193  192  184  183  175  175  167  166  159  160  155
  156  152  155  152  155  152  155  151  155  150  154  149  153  148  152  146
  152  147  153  149  154  152  163  163  162                                   
    80.0-180.0 180.0   5.0 450.0                            LAT/LON1/LON2/DLON/H
  144  155  152  158  159  166  167  174  174  179  180  184  186  190  190  193
  191  193  190  193  190  193  192  195  195  200  201  207  208  214  215  218
  218  218  217  214  210  205  202  197  192  187  184  179  176  170  171  165
  166  162  164  160  162  158  159  156  157  153  153  150  149  147  144  143
  141  141  139  140  138  137  139  144  144                                   
    77.5-180.0 180.0   5.0 450.0                            LAT/LON1/LON2/DLON/H
  131  135  135  139  144  150  153  157  159  161  163  166  168  170  170  171
  171  171  170  171  169  171  171  175  176  183  188  196  202  209  216  221
  226  226  229  226  223  219  215  211  206  202  199  196  192  190  188  187
  185  184  182  181  178  177  173  174  169  169  162  162  155  154  147  145
  139  137  132  129  125  123  123  127  131                                   
    75.0-180.0 180.0   5.0 450.0                            LAT/LON1/LON2/DLON/H
  121  120  119  127  128  137  137  142  142  144  145  147  147  151  151  155
  153  157  153  158  154  160  158  165  166  177  182  194  204  215  226  235
  242  246  249  248  245  242  239  237  232  232  230  230  226  226  225  225
  222  222  218  216  210  208  202  199  192  189  181  177  169  165  158  153
  146  143  136  130  122  118  115  116  121                                   
    72.5-180.0 180.0   5.0 450.0                            LAT/LON1/LON2/DLON/H
  116  112  107  113  115  122  123  127  126  128  127  130  129  133  133  137
  137  141  140  144  143  148  149  156  161  173  182  194  207  219  234  244
  255  257  263  261  261  256  256  254  252  253  253  256  255  258  257  259
  256  255  250  248  242  237  230  225  217  211  201  194  185  179  170  164
  156  150  143  133  123  113  112  109  116                                   
    70.0-180.0 180.0   5.0 450.0                            LAT/LON1/LON2/DLON/H
  114  106  101  106  108  114  116  117  117  117  116  115  115  118  120  126
  128  136  136  144  143  150  152  158  164  174  184  195  209  223  240  252
  263  268  272  273  271  270  267  269  267  270  271  273  276  277  278  278
  278  274  272  266  260  253  246  241  233  226  215  207  197  189  180  174
  165  160  152  142  132  120  112  107  114                                   
    67.5-180.0 180.0   5.0 450.0                            LAT/LON1/LON2/DLON/H
  112  106   99  102  102  108  107  111  107  108  106  105  106  109  115  120
  127  135  138  144  146  152  154  163  167  178  186  197  212  223  241  250
  264  267  273  272  274  273  273  277  277  283  283  291  291  297  295  300
  294  294  285  281  269  263  252  246  236  229  218  210  200  192  184  176
  168  161  154  142  131  119  113  105  112                                   
    65.0-180.0 180.0   5.0 450.0                            LAT/LON1/LON2/DLON/H
  109  100   95   98   98  102  102  104  101  101   98   99   99  104  110  119
  125  137  140  149  150  158  159  167  171  181  187  198  211  223  238  250
  262  268  275  276  277  280  279  285  284  291  291  298  297  302  301  304
  299  295  288  280  271  262  252  244  236  228  217  208  198  190  181  175
  165  160  152  142  131  120  112  105  109                                   
    62.5-180.0 180.0   5.0 450.0                            LAT/LON1/LON2/DLON/H
  104   97   91   92   91   95   94   97   95   94   92   93   94   99  106  115
  125  134  142  149  153  158  162  167  171  179  186  195  207  218  232  243
  254  262  269  273  276  280  283  289  290  296  296  302  301  305  304  305
  298  296  284  278  265  258  246  237  228  220  208  200  190  183  175  168
  159  152  144  133  123  113  109   99  104                                   
    60.0-180.0 180.0   5.0 450.0                            LAT/LON1/LON2/DLON/H
   98   86   82   82   83   85   87   86   86   84   83   83   84   90   98  109
  117  129  135  147  151  160  164  171  174  181  185  195  203  215  228  244
  254  266  274  281  284  289  289  297  299  305  304  310  308  311  306  307
  299  295  283  275  263  254  243  235  228  218  208  198  189  180  171  163
  152  146  135  126  116  108  103   92   98                                   
    57.5-180.0 180.0   5.0 450.0                            LAT/LON1/LON2/DLON/H
   95   84   78   78   79   78   79   79   78   78   76   77   77   83   90  101
  109  119  127  138  146  155  163  170  176  181  187  195  203  215  230  245
  259  271  282  290  293  299  301  308  310  315  314  317  316  317  312  310
  302  296  283  274  261  252  241  235  229  221  211  201  191  182  170  161
  148  140  130  121  110  102   99   84   95                                   
    55.0-180.0 180.0   5.0 450.0                            LAT/LON1/LON2/DLON/H
   96   81   74   72   73   73   74   73   71   71   69   70   69   75   80   90
   97  107  114  129  138  155  162  177  181  191  194  204  209  225  239  261
  272  291  299  310  314  322  324  332  330  336  332  338  331  334  327  326
  315  310  297  288  274  263  253  247  243  236  229  217  209  197  185  173
  159  151  138  130  117  110  105   82   96                                   
    52.5-180.0 180.0   5.0 450.0                            LAT/LON1/LON2/DLON/H
  109   90   78   74   74   74   75   73   71   69   68   67   68   71   76   83
   90  100  111  123  137  153  168  180  189  198  205  214  222  237  257  277
  294  310  319  329  336  343  348  353  353  354  353  352  350  348  344  341
  333  325  314  305  292  282  269  263  256  251  245  235  227  216  204  190
  175  165  153  144  135  125  120   92  109                                   
    50.0-180.0 180.0   5.0 450.0                            LAT/LON1/LON2/DLON/H
  130  106   91   85   84   83   83   78   77   72   71   69   68   71   72   79
   84   96  107  123  138  159  175  193  200  215  219  233  241  265  281  306
  317  334  338  351  357  369  373  380  377  379  373  374  368  367  361  360
  353  348  335  327  313  305  290  285  274  271  263  259  250  240  228  217
  201  191  178  170  158  153  144  117  130                                   
    47.5-180.0 180.0   5.0 450.0                            LAT/LON1/LON2/DLON/H
  157  132  116  104  100   96   94   89   86   82   80   76   75   73   77   83
   91  102  116  132  150  171  187  204  216  229  237  253  266  288  306  327
  340  351  356  368  374  387  393  399  398  398  393  388  385  379  378  372
  368  360  351  340  328  316  302  294  285  281  271  267  260  251  243  232
  220  209  197  189  184  178  177  150  157                                   
    45.0-180.0 180.0   5.0 450.0                            LAT/LON1/LON2/DLON/H
  179  163  147  135  123  118  111  105  102   97   94   90   86   83   83   90
   97  111  125  148  166  186  203  222  232  250  259  278  292  315  329  350
  354  365  366  382  388  406  413  421  420  419  413  408  402  397  392  389
  382  375  365  355  341  328  311  304  291  287  274  270  261  259  251  245
  234  226  215  210  206  205  207  187  179                                   
    42.5-180.0 180.0   5.0 450.0                            LAT/LON1/LON2/DLON/H
  198  186  175  164  155  147  137  128  122  117  110  105  100   96   97  102
  112  126  146  166  185  202  219  236  250  268  281  302  315  338  352  368
  368  378  381  398  409  426  435  439  443  439  435  429  423  417  412  404
  399  390  381  368  354  338  316  303  288  277  263  255  247  245  243  242
  234  228  218  214  211  215  220  210  198                                   
    40.0-180.0 180.0   5.0 450.0                            LAT/LON1/LON2/DLON/H
  201  199  187  183  178  171  162  151  144  137  130  124  116  110  108  114
  123  143  163  183  199  217  229  250  264  287  302  324  333  357  365  381
  380  392  403  422  441  456  465  471  475  469  467  455  449  439  432  422
  416  408  397  386  368  348  319  303  279  264  245  236  227  226  223  223
  219  215  207  204  201  207  216  215  201                                   
    37.5-180.0 180.0   5.0 450.0                            LAT/LON1/LON2/DLON/H
  197  196  190  191  189  185  178  169  159  153  144  139  130  124  121  126
  138  156  177  193  212  222  238  255  275  294  316  336  350  371  379  396
  400  420  441  467  492  511  516  522  522  515  509  496  485  474  463  453
  445  437  426  414  399  375  346  320  294  273  249  235  222  212  210  205
  204  198  191  185  181  187  194  201  197                                   
    35.0-180.0 180.0   5.0 450.0                            LAT/LON1/LON2/DLON/H
  185  183  178  184  186  187  183  175  168  160  155  151  144  138  132  139
  149  167  185  202  216  228  243  262  280  305  322  347  354  380  390  412
  426  454  481  515  540  570  573  585  576  574  561  552  534  521  507  496
  483  471  455  446  429  404  368  340  308  278  247  234  218  220  206  206
  199  196  186  173  167  167  179  183  185                                   
    32.5-180.0 180.0   5.0 450.0                            LAT/LON1/LON2/DLON/H
  174  166  164  172  177  180  178  173  166  161  156  155  149  144  138  142
  152  167  186  201  220  230  248  265  287  304  326  352  367  394  408  439
  464  501  537  583  606  643  639  655  636  636  619  614  596  588  573  573
  560  557  537  528  508  478  444  405  372  322  284  252  235  218  215  217
  209  197  185  170  161  155  162  152  174                                   
    30.0-180.0 180.0   5.0 450.0                            LAT/LON1/LON2/DLON/H
  154  150  148  155  164  170  169  164  160  155  156  155  154  149  146  145
  151  164  180  197  218  234  251  271  289  311  325  359  376  410  436  477
  517  557  605  650  665  695  689  705  694  703  698  699  688  682  675  668
  667  657  650  636  624  585  550  498  463  406  361  321  281  265  241  246
  233  236  208  194  169  160  154  135  154                                   
    27.5-180.0 180.0   5.0 450.0                            LAT/LON1/LON2/DLON/H
  152  161  161  157  162  162  165  161  158  153  155  152  155  149  146  140
  142  152  173  192  216  237  257  275  292  311  327  359  384  426  468  515
  570  606  659  694  725  748  747  763  758  779  780  782  774  774  773  771
  770  765  758  747  733  705  678  638  602  562  502  460  406  371  331  307
  288  274  253  232  212  194  173  137  152                                   
    25.0-180.0 180.0   5.0 450.0                            LAT/LON1/LON2/DLON/H
  172  179  176  171  170  168  167  160  157  148  150  150  153  151  144  136
  135  145  165  188  219  243  263  278  294  311  329  365  405  453  511  559
  607  645  693  731  769  790  796  810  815  829  845  856  856  852  854  847
  843  834  830  819  807  792  765  746  699  663  607  568  504  458  411  401
  364  347  313  292  267  247  218  183  172                                   
    22.5-180.0 180.0   5.0 450.0                            LAT/LON1/LON2/DLON/H
  211  213  204  187  184  175  172  168  162  149  144  143  146  147  143  131
  129  134  153  184  218  246  265  280  295  314  333  376  426  479  546  588
  639  681  727  767  801  823  823  829  838  858  885  903  913  914  918  911
  908  896  894  882  878  861  845  814  777  743  672  650  592  556  499  470
  437  430  401  376  344  309  275  244  211                                   
    20.0-180.0 180.0   5.0 450.0                            LAT/LON1/LON2/DLON/H
  258  250  234  209  194  186  179  173  165  160  144  140  137  141  139  127
  124  126  144  178  217  251  274  286  300  318  346  393  452  502  565  608
  664  705  744  777  808  825  828  831  848  870  902  924  943  946  955  944
  941  925  922  911  911  895  876  847  808  772  702  682  631  608  577  550
  521  492  460  444  431  391  339  319  258                                   
    17.5-180.0 180.0   5.0 450.0                            LAT/LON1/LON2/DLON/H
  304  294  267  240  213  197  189  181  177  164  155  142  136  138  136  126
  119  119  136  171  211  252  276  294  307  330  366  422  479  533  591  643
  688  727  761  791  808  820  819  827  848  876  912  935  957  962  968  958
  949  933  927  918  919  903  887  850  814  766  699  680  634  627  611  600
  584  559  533  516  491  453  401  378  304                                   
    15.0-180.0 180.0   5.0 450.0                            LAT/LON1/LON2/DLON/H
  345  331  299  272  242  221  201  190  176  168  158  149  137  135  127  124
  116  121  137  172  216  258  283  304  320  345  384  443  502  567  625  672
  710  740  763  781  783  791  798  808  834  865  902  925  946  950  957  944
  937  918  911  901  899  883  861  824  773  726  652  632  595  600  586  593
  580  577  555  544  523  490  438  413  345                                   
    12.5-180.0 180.0   5.0 450.0                            LAT/LON1/LON2/DLON/H
  374  359  320  288  256  233  209  198  182  171  160  157  145  142  127  125
  115  120  135  178  218  257  282  308  321  354  401  466  531  599  649  689
  716  742  756  761  764  771  789  804  831  859  891  909  924  925  928  914
  902  886  878  869  861  848  827  784  728  667  592  569  541  547  545  550
  549  564  550  550  535  512  465  450  374                                   
    10.0-180.0 180.0   5.0 450.0                            LAT/LON1/LON2/DLON/H
  383  365  335  303  271  244  221  203  186  173  156  149  147  142  130  122
  113  125  144  184  224  263  286  313  330  369  423  495  559  621  663  690
  716  725  736  737  745  758  787  804  828  854  875  889  897  898  897  883
  873  851  850  831  836  813  791  741  678  594  510  489  463  484  486  507
  500  536  526  541  529  506  461  443  383                                   
     7.5-180.0 180.0   5.0 450.0                            LAT/LON1/LON2/DLON/H
  382  362  338  307  271  242  218  202  189  177  166  157  151  150  138  132
  117  122  134  183  221  259  284  308  332  385  454  524  582  630  661  685
