data/unet/pred0240.15i
     1.0            IONOSPHERE MAPS     GNSS                IONEX VERSION / TYPE
pyspatialgeodesy        IME             05-JAN-18 20:20     PGM / RUN BY / DATE 
Map Name                                                    COMMENT             
Predicted global ionosphere maps (GIM).                     DESCRIPTION         
  2015     1    24     0     0     0                        EPOCH OF FIRST MAP  
  2015     1    25     0     0     0                        EPOCH OF LAST MAP   
  7200                                                      INTERVAL            
    13                                                      # OF MAPS IN FILE   
  NONE                                                      MAPPING FUNCTION    
10.0                                                        ELEVATION CUTOFF    
One-way carrier phase leveled to code                       OBSERVABLES USED    
  6371.0                                                    BASE RADIUS         
 2                                                          MAP DIMENSION       
   450.0 450.0   0.0                                        HGT1 / HGT2 / DHGT  
    87.5 -87.5  -2.5                                        LAT1 / LAT2 / DLAT  
  -180.0 180.0   5.0                                        LON1 / LON2 / DLON  
    -1                                                      EXPONENT            
                                                            END OF HEADER       
[from data line 2145]
     6                                                      START OF TEC MAP    
  2015     1    24    10     0     0                        EPOCH OF CURRENT MAP
    87.5-180.0 180.0   5.0 450.0                            LAT/LON1/LON2/DLON/H
   45   66   56   56   56   54   55   55   56   55   55   54   54   53   52   51
   51   50   50   48   48   47   46   44   44   43   42   41   41   40   40   39
   40   40   41   40   42   41   43   42   44   44   45   44   45   45   45   45
   45   46   44   45   44   44   43   43   43   43   43   43   43   43   43   43
   44   43   46   46   48   44   47   46   45                                   
    85.0-180.0 180.0   5.0 450.0                            LAT/LON1/LON2/DLON/H
   70   72   79   77   79   76   79   78   80   79   79   77   77   75   74   71
   72   67   69   64   66   61   64   59   62   58   61   58   61   58   61   59
   62   60   63   62   65   63   66   64   67   65   67   65   67   64   65   62
   63   60   61   58   59   57   58   57   58   58   59   59   61   61   63   63
   66   66   70   67   70   70   73   64   70                                   
    82.5-180.0 180.0   5.0 450.0                            LAT/LON1/LON2/DLON/H
   63   74   78   77   75   73   76   77   77   77   76   75   73   72   68   67
   64   62   59   58   57   55   55   54   54   53   54   53   54   53   54   53
   56   54   57   56   59   59   61   61   64   64   65   65   66   64   63   62
   61   58   57   54   53   50   49   48   48   47   48   48   49   50   52   53
   56   58   62   62   65   67   69   57   63                                   
    80.0-180.0 180.0   5.0 450.0                            LAT/LON1/LON2/DLON/H
   60   64   68   65   66   65   67   68   68   68   66   65   62   60   57   56
   51   50   46   47   44   44   42   44   42   43   42   44   43   44   44   46
   47   48   51   53   57   57   61   62   65   65   68   67   68   66   66   64
   62   59   57   55   51   49   45   44   41   40   39   40   39   40   40   43
   44   47   50   51   53   55   62   56   60                                   
    77.5-180.0 180.0   5.0 450.0                            LAT/LON1/LON2/DLON/H
   51   53   60   59   58   60   61   64   62   64   62   60   57   54   51   48
   45   42   40   38   38   35   36   35   36   36   37   37   39   38   41   41
   45   46   51   53   58   60   65   67   71   73   75   77   77   77   76   75
   72   70   67   64   60   56   53   48   45   42   41   39   38   38   39   40
   42   43   45   46   48   50   55   45   51                                   
    75.0-180.0 180.0   5.0 450.0                            LAT/LON1/LON2/DLON/H
   45   47   53   53   54   57   57   60   57   59   54   55   48   49   42   44
   37   39   34   36   32   34   31   34   31   34   32   35   33   37   36   41
   43   48   52   58   62   67   72   77   81   84   88   90   91   92   92   91
   89   87   85   80   77   70   67   60   56   50   48   44   43   41   42   42
   43   44   45   46   45   47   49   43   45                                   
    72.5-180.0 180.0   5.0 450.0                            LAT/LON1/LON2/DLON/H
   41   42   49   49   52   52   55   55   54   52   50   48   46   43   41   39
   37   35   35   34   35   34   36   35   36   35   35   35   37   36   40   42
   48   52   61   66   74   78   86   90   96   99  105  107  111  112  114  112
  112  109  107  101   97   88   83   73   68   60   56   50   49   45   47   45
   47   45   47   45   46   43   48   35   41                                   
    70.0-180.0 180.0   5.0 450.0                            LAT/LON1/LON2/DLON/H
   38   38   46   46   49   52   54   56   53   52   48   47   42   41   36   39
   34   36   33   37   36   39   39   41   39   39   38   40   38   40   42   47
   52   59   68   78   85   93  100  108  112  119  121  128  128  134  133  136
  133  133  128  125  117  108  100   90   82   73   68   62   59   55   54   53
   52   52   51   51   47   46   45   37   38                                   
    67.5-180.0 180.0   5.0 450.0                            LAT/LON1/LON2/DLON/H
   36   38   43   45   47   50   54   55   54   51   49   46   44   41   39   37
   37   36   38   39   41   42   44   43   42   40   39   37   38   37   42   46
   56   62   76   83   95  104  116  121  128  132  137  140  144  147  151  150
  152  148  147  138  132  119  112   98   92   80   76   67   64   58   57   54
   55   53   53   51   49   44   46   28   36                                   
    65.0-180.0 180.0   5.0 450.0                            LAT/LON1/LON2/DLON/H
   35   37   40   43   45   50   53   57   55   54   51   49   45   44   40   42
   39   41   41   44   44   46   46   45   43   42   40   41   38   41   45   52
   61   70   83   95  107  119  128  137  140  145  147  154  156  163  162  167
  164  165  158  151  140  129  118  107   97   88   81   75   68   63   60   57
   55   56   53   54   48   46   43   28   35                                   
    62.5-180.0 180.0   5.0 450.0                            LAT/LON1/LON2/DLON/H
   35   39   39   42   43   47   50   54   54   54   51   50   48   46   43   43
   42   42   43   44   47   45   45   42   40   37   37   34   38   37   46   51
   64   73   88  100  115  125  137  142  149  150  157  160  167  169  172  173
  174  171  168  156  146  131  121  107  101   89   84   74   68   61   57   52
   51   49   49   48   46   42   41   22   35                                   
    60.0-180.0 180.0   5.0 450.0                            LAT/LON1/LON2/DLON/H
   33   36   37   39   38   43   45   50   50   52   50   50   48   47   43   44
   41   41   41   44   44   44   41   40   37   35   33   35   36   40   48   57
   70   80   95  111  125  136  146  152  158  162  166  172  176  180  181  183
  180  178  169  160  146  133  120  112  102   95   85   78   69   61   56   50
   47   45   44   45   41   41   36   23   33                                   
    57.5-180.0 180.0   5.0 450.0                            LAT/LON1/LON2/DLON/H
   37   39   38   39   37   39   40   44   43   46   45   47   45   45   42   41
   39   39   39   39   40   38   37   33   32   28   31   29   37   40   53   62
   76   86  103  118  133  144  153  159  166  169  175  178  183  185  188  186
  185  178  172  159  147  132  124  111  107   96   89   78   69   58   53   45
   42   40   40   40   40   39   38   21   37                                   
    55.0-180.0 180.0   5.0 450.0                            LAT/LON1/LON2/DLON/H
   39   40   39   39   35   38   36   39   38   42   41   44   43   43   40   39
   35   35   34   36   34   35   33   32   30   28   31   34   40   47   61   73
   89  101  120  135  148  157  168  173  180  183  187  191  192  197  193  197
  187  187  174  166  147  138  126  120  110  105   94   84   72   61   54   45
   41   38   38   40   39   41   40   29   39                                   
    52.5-180.0 180.0   5.0 450.0                            LAT/LON1/LON2/DLON/H
   49   49   44   43   38   39   36   38   35   39   37   42   40   42   38   38
   35   34   34   34   35   32   33   29   31   26   33   34   48   54   72   83
  100  116  134  148  161  170  179  185  192  194  199  200  205  204  205  199
  197  190  183  169  157  144  136  126  122  112  103   90   78   66   57   49
   44   44   43   45   46   48   48   33   49                                   
    50.0-180.0 180.0   5.0 450.0                            LAT/LON1/LON2/DLON/H
   58   54   52   48   44   44   41   41   39   42   41   45   45   43   41   40
   37   38   37   40   39   41   38   37   37   36   42   47   58   67   84   99
  119  135  153  166  181  188  199  201  208  208  212  213  213  215  208  210
  202  203  191  184  168  160  146  140  131  126  113  102   86   76   66   59
   55   53   52   56   55   59   56   47   58                                   
    47.5-180.0 180.0   5.0 450.0                            LAT/LON1/LON2/DLON/H
   70   66   60   59   53   53   49   49   46   48   46   49   47   47   44   43
   42   43   46   48   50   48   48   42   44   40   49   52   68   75   94  110
  131  149  166  179  195  202  214  216  223  222  226  222  226  221  221  214
  214  209  205  193  185  172  163  150  144  134  125  111   97   85   76   71
   65   66   65   67   68   69   71   54   70                                   
    45.0-180.0 180.0   5.0 450.0                            LAT/LON1/LON2/DLON/H
   79   72   70   66   65   63   63   62   61   61   61   61   60   57   54   54
   52   57   59   66   65   66   62   58   57   54   62   67   80   88  107  124
  146  160  180  195  211  218  231  232  239  236  239  235  232  231  225  227
  222  222  213  209  196  189  172  164  150  142  128  118  102   94   84   79
   74   75   74   77   76   79   79   70   79                                   
    42.5-180.0 180.0   5.0 450.0                            LAT/LON1/LON2/DLON/H
   84   79   73   74   71   72   71   73   72   72   70   71   68   66   62   62
   63   67   73   77   81   76   74   65   66   60   69   72   87   93  111  128
  148  165  185  202  222  232  245  246  253  250  253  247  246  237  237  230
  231  226  224  214  208  195  183  167  156  142  130  117  104   96   87   83
   77   78   78   79   79   80   85   73   84                                   
    40.0-180.0 180.0   5.0 450.0                            LAT/LON1/LON2/DLON/H
   85   77   77   75   77   78   82   85   86   86   85   85   82   79   75   75
   77   84   89   95   95   93   87   81   77   72   79   83   98  102  120  132
  155  169  193  211  235  247  261  265  271  269  267  263  255  251  243  244
  239  238  230  224  212  203  185  172  156  144  128  117  104   98   88   85
   78   79   76   79   75   79   82   73   85                                   
    37.5-180.0 180.0   5.0 450.0                            LAT/LON1/LON2/DLON/H
   81   78   74   76   75   80   83   88   90   91   91   91   88   85   83   82
   86   92   99  102  103   99   94   83   81   74   83   86  101  107  122  133
  151  171  194  219  245  262  275  282  289  288  288  280  275  263  261  254
  252  243  238  225  217  202  191  172  160  144  132  117  106   97   88   82
   76   75   73   72   70   72   77   68   81                                   
    35.0-180.0 180.0   5.0 450.0                            LAT/LON1/LON2/DLON/H
   79   72   72   71   74   78   84   90   94   97   98   99   98   95   92   92
   96  103  109  114  113  109  103   94   90   84   92   96  112  115  131  138
  160  176  205  231  260  277  293  302  309  312  311  307  297  289  280  276
  267  260  244  235  220  210  195  181  165  152  139  125  112  103   92   87
   78   75   69   68   62   64   69   62   79                                   
    32.5-180.0 180.0   5.0 450.0                            LAT/LON1/LON2/DLON/H
   73   72   67   68   66   73   76   84   88   92   95   98   99   97   95   95
   98  104  110  113  112  106  100   89   89   82   95   99  117  121  134  141
  160  180  207  238  270  291  309  320  331  338  342  336  331  316  310  297
  290  274  259  240  229  216  208  191  180  165  157  143  131  117  108   99
   90   85   79   75   68   66   68   54   73                                   
    30.0-180.0 180.0   5.0 450.0                            LAT/LON1/LON2/DLON/H
   71   68   65   63   64   68   74   78   84   88   94   99  101  100   99  100
  103  108  113  115  114  107  101   93   92   89  101  109  129  132  146  152
  169  190  218  251  281  303  322  338  350  363  370  375  371  361  346  334
  317  306  281  266  246  240  227  218  202  193  183  172  160  146  136  128
  118  111   99   96   85   81   77   60   71                                   
    27.5-180.0 180.0   5.0 450.0                            LAT/LON1/LON2/DLON/H
   77   83   74   69   64   66   66   71   74   80   85   91   96   97   97   98
  100  105  107  108  105  100   95   87   92   89  108  117  137  148  160  166
  184  203  232  264  296  318  338  356  377  393  409  415  418  404  393  369
  355  333  316  296  282  268  260  247  239  229  223  212  204  189  178  167
  157  147  134  126  114  107   98   69   77                                   
    25.0-180.0 180.0   5.0 450.0                            LAT/LON1/LON2/DLON/H
   91   95   89   79   71   70   69   69   74   77   84   88   95   95   97   97
  100  102  104  104  101   97   94   89   93   96  114  129  153  163  179  186
  199  225  251  285  315  338  359  381  407  425  442  452  457  447  431  411
  388  370  349  339  321  316  301  296  286  282  274  264  255  241  229  216
  204  194  182  170  151  140  126   97   91                                   
    22.5-180.0 180.0   5.0 450.0                            LAT/LON1/LON2/DLON/H
  111  126  114  101   89   80   76   72   73   75   79   84   87   90   90   91
   93   95   95   95   91   88   88   86   95   99  118  134  159  176  194  203
  224  246  277  308  332  355  375  404  433  453  476  483  490  478  471  448
  430  406  390  374  366  356  351  346  341  338  330  322  309  293  279  265
  258  245  235  218  202  183  164  121  111                                   
    20.0-180.0 180.0   5.0 450.0                            LAT/LON1/LON2/DLON/H
  140  150  144  127  115  101   94   83   83   78   84   83   89   86   89   88
   91   90   93   91   89   87   90   92   99  105  122  137  160  181  204  223
  241  272  294  328  351  375  395  423  455  476  499  505  512  502  495  474
  462  446  430  416  406  405  400  401  397  396  389  378  363  343  325  310
  306  296  286  269  252  226  205  160  140                                   
    17.5-180.0 180.0   5.0 450.0                            LAT/LON1/LON2/DLON/H
  176  187  176  161  141  128  114  101   95   88   89   84   86   83   83   83
   83   85   86   87   85   86   90   93  102  107  121  136  159  185  213  235
  259  284  307  338  358  380  399  432  464  490  515  522  529  518  514  496
  493  477  473  453  453  444  443  442  439  437  429  417  401  383  362  345
  339  331  326  314  296  269  244  198  176                                   
    15.0-180.0 180.0   5.0 450.0                            LAT/LON1/LON2/DLON/H
  206  213  206  195  170  153  139  120  110   98   96   88   92   83   84   80
   83   81   86   84   88   88   96   97  104  106  118  133  159  189  224  253
  275  298  317  344  362  383  402  435  468  493  518  530  538  534  527  515
  508  497  491  482  486  480  475  471  467  464  456  438  423  397  380  360
  353  345  340  330  317  297  271  232  206                                   
    12.5-180.0 180.0   5.0 450.0                            LAT/LON1/LON2/DLON/H
  228  233  231  221  197  180  162  142  129  111  105   98   95   86   85   81
   84   82   86   85   90   92  100  100  104  106  117  134  163  194  232  258
  284  302  328  350  367  382  396  435  465  495  517  531  541  534  534  519
  520  505  505  496  505  498  491  484  479  472  462  445  425  402  379  361
  348  341  336  328  319  308  290  253  228                                   
    10.0-180.0 180.0   5.0 450.0                            LAT/LON1/LON2/DLON/H
  241  249  247  240  223  205  186  164  147  125  117  104  104   89   95   84
   91   84   92   90   99   98  107  104  105  106  118  138  169  204  240  264
  289  311  332  353  366  378  400  433  465  491  517  532  546  542  534  522
  519  507  508  502  515  504  500  488  485  472  463  436  421  390  372  347
  332  322  316  315  306  304  291  266  241                                   
     7.5-180.0 180.0   5.0 450.0                            LAT/LON1/LON2/DLON/H
  251  256  254  248  231  219  201  181  161  137  129  115  113  103  101   96
   97   93   98   96  104  102  107  105  106  110  125  148  180  213  246  272
