data/unet/pred1430.15i
     1.0            IONOSPHERE MAPS     GNSS                IONEX VERSION / TYPE
pyspatialgeodesy        IME             05-JAN-18 20:20     PGM / RUN BY / DATE 
Map Name                                                    COMMENT             
Predicted global ionosphere maps (GIM).                     DESCRIPTION         
  2015     5    23     0     0     0                        EPOCH OF FIRST MAP  
  2015     5    24     0     0     0                        EPOCH OF LAST MAP   
  7200                                                      INTERVAL            
    13                                                      # OF MAPS IN FILE   
  NONE                                                      MAPPING FUNCTION    
10.0                                                        ELEVATION CUTOFF    
One-way carrier phase leveled to code                       OBSERVABLES USED    
  6371.0                                                    BASE RADIUS         
 2                                                          MAP DIMENSION       
   450.0 450.0   0.0                                        HGT1 / HGT2 / DHGT  
    87.5 -87.5  -2.5                                        LAT1 / LAT2 / DLAT  
  -180.0 180.0   5.0                                        LON1 / LON2 / DLON  
    -1                                                      EXPONENT            
                                                            END OF HEADER       
[from data line 858]
     3                                                      START OF TEC MAP    
  2015     5    23     4     0     0                        EPOCH OF CURRENT MAP
    87.5-180.0 180.0   5.0 450.0                            LAT/LON1/LON2/DLON/H
  204  202  194  199  197  198  196  199  197  200  199  202  201  204  204  206
  205  207  206  207  205  205  203  202  199  197  194  192  190  189  187  186
  185  185  184  184  184  184  184  184  184  184  184  184  184  184  184  184
  184  185  184  185  183  184  183  184  183  184  183  184  184  186  185  187
  187  189  188  189  187  187  193  201  204                                   
    85.0-180.0 180.0   5.0 450.0                            LAT/LON1/LON2/DLON/H
  205  207  199  207  204  204  203  206  204  207  206  208  207  210  210  211
  210  212  211  212  210  210  208  206  203  201  198  195  193  191  189  187
  187  186  186  185  186  186  186  186  186  186  186  187  187  188  188  189
  189  191  190  191  191  191  191  191  191  192  191  193  192  195  193  196
  195  198  196  197  193  192  191  197  205                                   
    82.5-180.0 180.0   5.0 450.0                            LAT/LON1/LON2/DLON/H
  193  194  192  196  195  192  195  196  198  198  200  200  202  202  205  205
  207  207  209  208  207  206  204  202  199  196  193  190  187  184  182  180
  179  179  179  180  179  180  180  180  180  180  180  181  182  183  184  185
  186  187  188  189  190  190  191  191  191  191  191  192  192  193  192  192
  193  192  192  189  188  185  186  183  193                                   
    80.0-180.0 180.0   5.0 450.0                            LAT/LON1/LON2/DLON/H
  196  198  197  200  198  198  197  199  198  199  199  200  199  200  200  202
  202  204  203  204  202  202  198  197  192  191  186  185  180  180  176  177
  175  177  177  179  180  182  182  184  184  186  186  189  189  191  192  195
  195  197  198  200  199  200  200  201  200  201  200  202  200  201  199  201
  199  200  198  198  194  190  188  188  196                                   
    77.5-180.0 180.0   5.0 450.0                            LAT/LON1/LON2/DLON/H
  193  197  196  201  198  199  198  199  197  197  196  195  194  194  194  194
  195  196  198  198  197  195  193  189  185  180  177  172  170  167  168  166
  169  169  173  174  178  179  182  183  186  186  189  190  194  194  200  200
  204  204  207  207  208  208  208  208  207  207  206  206  205  204  204  204
  203  203  202  199  199  194  190  187  193                                   
    75.0-180.0 180.0   5.0 450.0                            LAT/LON1/LON2/DLON/H
  196  201  200  204  203  202  200  200  197  196  194  191  188  187  185  185
  186  187  189  190  190  188  186  181  177  171  167  162  159  157  156  157
  159  163  167  171  174  178  181  183  185  186  190  192  197  201  206  210
  212  216  216  219  217  219  216  218  214  216  211  213  208  211  206  210
  205  208  205  206  201  198  193  192  196                                   
    72.5-180.0 180.0   5.0 450.0                            LAT/LON1/LON2/DLON/H
  196  200  202  204  202  200  199  196  193  189  186  181  177  173  171  169
  170  170  174  175  178  176  175  170  166  158  154  148  145  142  144  146
  152  157  164  167  173  175  179  180  182  183  189  191  199  203  211  214
  220  222  225  225  224  223  221  219  217  215  213  211  209  209  207  208
  206  208  208  208  209  204  197  193  196                                   
    70.0-180.0 180.0   5.0 450.0                            LAT/LON1/LON2/DLON/H
  198  203  203  207  206  202  201  200  196  192  187  180  175  167  164  160
  161  161  166  167  172  171  171  164  160  150  145  138  135  134  136  140
  146  153  160  167  172  176  178  180  182  185  191  196  204  211  219  225
  230  234  236  238  234  234  229  229  222  222  216  217  210  213  208  212
  207  211  210  212  210  205  198  197  198                                   
    67.5-180.0 180.0   5.0 450.0                            LAT/LON1/LON2/DLON/H
  197  199  201  203  202  199  197  195  192  187  182  174  166  157  152  147
  147  147  152  156  160  161  160  156  150  141  134  128  125  125  128  133
  140  148  157  163  169  173  176  178  179  184  190  198  206  215  224  231
  237  241  242  241  237  233  229  223  220  214  212  208  206  204  202  203
  202  204  205  208  211  206  198  195  197                                   
    65.0-180.0 180.0   5.0 450.0                            LAT/LON1/LON2/DLON/H
  198  201  200  203  203  199  198  197  195  190  186  176  167  155  148  140
  139  139  144  148  153  155  155  150  144  135  128  122  121  120  125  130
  137  145  153  160  166  171  175  177  181  186  194  202  213  223  232  240
  245  248  248  245  241  235  230  223  219  214  210  207  203  202  198  201
  198  203  202  208  208  205  198  197  198                                   
    62.5-180.0 180.0   5.0 450.0                            LAT/LON1/LON2/DLON/H
  199  198  197  199  198  194  193  193  191  189  184  176  166  153  143  134
  131  130  134  138  142  145  143  141  133  125  120  116  115  116  119  124
  131  138  146  154  161  166  170  175  179  185  194  204  215  226  236  243
  248  249  248  243  238  231  228  219  217  208  207  200  199  194  192  190
  191  192  196  200  207  204  199  197  199                                   
    60.0-180.0 180.0   5.0 450.0                            LAT/LON1/LON2/DLON/H
  202  203  201  203  202  196  195  194  195  191  189  180  172  157  146  133
  128  124  126  129  134  135  134  130  125  118  117  114  116  116  120  122
  128  133  142  148  157  163  170  174  181  186  198  209  221  232  240  247
  250  252  250  247  242  236  232  225  221  214  210  204  201  196  193  192
  192  194  196  202  207  205  200  201  202                                   
    57.5-180.0 180.0   5.0 450.0                            LAT/LON1/LON2/DLON/H
  210  207  205  205  202  196  193  192  192  192  189  183  175  162  148  137
  128  124  122  124  125  126  123  120  115  113  111  112  114  116  117  119
  121  126  132  141  151  160  167  174  182  189  202  214  227  236  245  249
  254  253  253  249  246  240  237  231  229  219  217  207  205  196  194  188
  189  188  195  199  210  209  204  205  210                                   
    55.0-180.0 180.0   5.0 450.0                            LAT/LON1/LON2/DLON/H
  219  220  218  218  215  206  203  198  199  196  196  189  182  169  156  141
  132  125  123  121  122  118  116  111  111  108  112  113  119  119  122  119
  121  120  128  135  148  157  169  176  188  197  213  224  236  245  251  255
  257  258  256  255  254  250  246  242  239  231  226  218  213  203  200  195
  195  195  201  208  216  217  211  213  219                                   
    52.5-180.0 180.0   5.0 450.0                            LAT/LON1/LON2/DLON/H
  234  231  232  231  227  217  211  204  202  199  197  193  185  175  161  150
  139  133  127  126  123  120  115  111  110  110  113  118  122  124  123  121
  119  118  123  133  148  159  173  183  198  210  225  235  247  252  259  260
  263  261  263  261  263  259  256  251  249  240  237  225  221  210  207  201
  202  202  210  216  229  228  220  224  234                                   
    50.0-180.0 180.0   5.0 450.0                            LAT/LON1/LON2/DLON/H
  248  247  252  250  247  236  227  218  212  207  205  199  195  183  172  158
  148  139  136  131  129  123  120  115  115  114  120  123  129  129  130  124
  123  119  126  135  151  163  180  191  210  221  237  246  256  261  267  267
  272  271  272  272  274  268  263  258  252  245  241  233  226  218  215  210
  212  215  223  232  240  241  233  235  248                                   
    47.5-180.0 180.0   5.0 450.0                            LAT/LON1/LON2/DLON/H
  263  257  266  265  261  251  241  230  222  214  209  205  199  190  178  168
  158  152  147  144  139  135  129  127  125  126  129  134  137  137  134  129
  125  123  129  139  155  169  186  201  220  232  246  254  265  268  274  275
  280  280  283  284  284  277  271  261  256  247  244  234  229  221  220  217
  222  225  235  243  257  255  246  249  263                                   
    45.0-180.0 180.0   5.0 450.0                            LAT/LON1/LON2/DLON/H
  272  270  279  277  276  267  258  248  238  229  221  214  210  200  189  178
  170  164  160  155  154  147  146  141  143  142  146  146  149  145  143  135
  134  130  137  145  160  174  190  206  224  237  250  259  267  272  277  280
  287  289  293  293  295  286  279  268  261  252  250  242  236  232  230  232
  236  243  251  261  269  270  259  261  272                                   
    42.5-180.0 180.0   5.0 450.0                            LAT/LON1/LON2/DLON/H
  279  272  281  283  282  276  268  261  250  240  229  222  215  207  194  187
  179  177  173  173  169  166  163  161  162  162  165  163  162  155  150  144
  141  139  144  152  165  178  193  206  225  236  249  256  267  271  279  283
  293  297  301  304  303  295  290  277  271  262  262  254  250  246  245  245
  250  255  265  273  286  286  275  276  279                                   
    40.0-180.0 180.0   5.0 450.0                            LAT/LON1/LON2/DLON/H
  283  278  284  284  287  283  279  273  267  257  246  236  229  216  206  195
  190  187  186  184  185  180  182  179  183  179  181  176  174  166  163  156
  156  152  157  161  172  179  193  206  223  233  246  253  265  270  280  285
  297  301  307  306  310  301  300  288  287  281  284  278  278  270  268  265
  268  273  282  292  300  301  290  287  283                                   
    37.5-180.0 180.0   5.0 450.0                            LAT/LON1/LON2/DLON/H
  293  280  284  284  283  283  281  281  275  269  256  247  235  225  211  204
  195  196  193  196  196  197  198  200  202  200  200  193  190  181  178  171
  170  165  167  167  174  179  192  200  220  227  242  248  264  268  281  287
  301  304  310  310  313  309  309  302  306  303  311  307  306  298  296  289
  291  291  298  305  318  320  310  309  293                                   
    35.0-180.0 180.0   5.0 450.0                            LAT/LON1/LON2/DLON/H
  314  298  297  289  288  286  286  287  286  283  275  263  252  236  223  210
  204  200  200  199  205  205  213  214  221  217  217  208  204  194  190  184
  183  178  178  174  179  178  191  197  216  223  240  246  265  270  285  291
  305  307  314  311  320  314  323  317  328  330  341  340  341  333  329  320
  318  316  321  329  340  341  337  334  314                                   
    32.5-180.0 180.0   5.0 450.0                            LAT/LON1/LON2/DLON/H
  348  328  320  308  298  297  293  297  295  296  285  277  261  246  228  217
  205  204  200  204  208  216  223  231  236  235  233  223  218  205  201  194
  192  186  184  177  178  177  185  194  210  221  236  246  265  269  287  292
  307  305  315  311  323  319  334  333  354  359  375  375  381  371  364  351
  345  338  341  346  362  366  367  369  348                                   
    30.0-180.0 180.0   5.0 450.0                            LAT/LON1/LON2/DLON/H
  393  372  359  338  327  319  311  312  311  308  301  288  275  254  238  220
  210  202  201  203  212  219  235  244  254  251  249  238  231  218  209  200
  195  187  183  177  176  174  179  186  204  214  233  244  265  270  290  296
  311  309  317  314  331  330  355  360  387  395  415  420  427  413  404  387
  377  364  365  369  384  394  399  404  393                                   
    27.5-180.0 180.0   5.0 450.0                            LAT/LON1/LON2/DLON/H
  439  425  407  390  371  361  349  345  336  328  315  303  284  263  240  224
  208  203  198  205  212  226  241  259  269  268  264  251  243  226  215  202
  194  184  178  174  171  172  174  184  196  212  227  241  259  268  286  293
  305  302  312  312  334  344  374  389  417  431  448  455  460  452  439  422
  408  393  391  392  409  421  427  437  439                                   
    25.0-180.0 180.0   5.0 450.0                            LAT/LON1/LON2/DLON/H
  477  469  459  441  428  415  399  389  372  356  335  316  298  273  251  231
  218  207  201  205  217  230  253  271  285  282  277  262  250  231  214  198
  185  173  166  163  162  163  165  171  183  198  218  233  253  264  282  285
  298  295  305  311  338  361  395  415  446  458  479  489  500  493  481  465
  449  432  423  423  437  448  466  469  477                                   
    22.5-180.0 180.0   5.0 450.0                            LAT/LON1/LON2/DLON/H
  505  503  500  488  477  466  450  434  412  386  358  332  310  288  262  241
  222  213  199  207  220  241  261  286  295  293  281  265  251  228  209  189
  172  157  149  148  149  155  153  162  167  187  204  221  240  252  269  274
  287  284  298  309  343  376  411  435  459  472  491  507  521  520  510  495
  477  459  449  446  463  473  482  497  505                                   
    20.0-180.0 180.0   5.0 450.0                            LAT/LON1/LON2/DLON/H
  525  522  530  522  519  508  491  474  446  418  382  352  318  296  273  254
  239  225  211  216  229  251  273  294  303  294  280  260  243  219  199  177
  159  143  135  136  138  143  139  144  147  163  183  205  228  242  260  267
  282  282  295  312  347  379  414  434  461  473  494  513  532  538  531  521
  503  487  475  474  485  490  505  520  525                                   
    17.5-180.0 180.0   5.0 450.0                            LAT/LON1/LON2/DLON/H
  533  536  548  550  552  544  528  504  471  438  399  363  328  302  284  266
  252  239  223  228  239  263  283  303  302  290  269  247  227  205  185  161
  142  127  123  126  130  131  125  127  129  143  162  189  215  233  252  262
  280  282  302  318  354  385  415  434  455  465  484  504  527  537  538  533
  520  505  499  495  509  508  510  529  533                                   
    15.0-180.0 180.0   5.0 450.0                            LAT/LON1/LON2/DLON/H
  539  545  558  560  566  563  543  518  482  450  408  376  337  311  293  282
  271  260  245  248  254  274  287  300  293  277  250  225  206  184  166  143
  126  117  112  118  117  116  105  107  106  122  144  173  206  227  249  260
  278  289  309  326  362  386  418  427  450  458  478  494  519  532  540  541
  532  525  518  520  527  521  521  540  539                                   
    12.5-180.0 180.0   5.0 450.0                            LAT/LON1/LON2/DLON/H
  543  548  560  559  565  560  544  516  481  448  408  376  343  319  303  293
  289  279  269  267  271  284  290  294  278  256  221  198  180  163  147  127
  116  107  105  109  108  106   95   97   99  115  133  167  200  225  247  260
  283  296  319  335  367  389  417  427  446  452  469  485  513  527  539  543
  542  536  535  537  549  537  527  543  543                                   
    10.0-180.0 180.0   5.0 450.0                            LAT/LON1/LON2/DLON/H
  549  552  555  552  553  546  527  499  462  432  396  368  339  324  308  304
  305  302  294  291  286  291  286  282  258  226  193  167  154  139  129  117
  106  101   98  103   98   95   86   87   91  106  127  160  197  221  244  264
  287  305  326  342  372  388  419  422  448  449  471  483  510  520  535  537
  543  540  544  549  557  541  535  553  549                                   
     7.5-180.0 180.0   5.0 450.0                            LAT/LON1/LON2/DLON/H
  551  553  554  545  540  524  502  474  439  412  378  356  333  320  312  311
  318  319  315  308  299  293  280  264  229  194  160  140  132  124  118  108
