data/unet/pred2020.15i
     1.0            IONOSPHERE MAPS     GNSS                IONEX VERSION / TYPE
pyspatialgeodesy        IME             05-JAN-18 20:20     PGM / RUN BY / DATE 
Map Name                                                    COMMENT             
Predicted global ionosphere maps (GIM).                     DESCRIPTION         
  2015     7    21     0     0     0                        EPOCH OF FIRST MAP  
  2015     7    22     0     0     0                        EPOCH OF LAST MAP   
  7200                                                      INTERVAL            
    13                                                      # OF MAPS IN FILE   
  NONE                                                      MAPPING FUNCTION    
10.0                                                        ELEVATION CUTOFF    
One-way carrier phase leveled to code                       OBSERVABLES USED    
  6371.0                                                    BASE RADIUS         
 2                                                          MAP DIMENSION       
   450.0 450.0   0.0                                        HGT1 / HGT2 / DHGT  
    87.5 -87.5  -2.5                                        LAT1 / LAT2 / DLAT  
  -180.0 180.0   5.0                                        LON1 / LON2 / DLON  
    -1                                                      EXPONENT            
                                                            END OF HEADER       
[from data line 3861]
    10                                                      START OF TEC MAP    
  2015     7    21    18     0     0                        EPOCH OF CURRENT MAP
    87.5-180.0 180.0   5.0 450.0                            LAT/LON1/LON2/DLON/H
  192  163  160  161  162  158  160  157  160  157  159  156  159  155  158  154
  158  154  158  154  158  155  158  155  158  154  157  153  156  152  154  150
  153  149  151  148  150  147  149  146  149  146  149  146  149  147  150  147
  150  148  151  149  152  149  152  150  153  151  153  151  154  152  155  153
  156  154  157  155  158  155  167  172  192                                   
    85.0-180.0 180.0   5.0 450.0                            LAT/LON1/LON2/DLON/H
  157  154  156  161  159  159  158  160  158  160  158  160  158  160  158  159
  158  159  157  158  157  158  157  157  156  156  154  154  152  153  150  150
  147  148  145  146  143  144  141  142  140  142  141  142  141  143  143  144
  144  146  146  148  147  149  149  150  150  152  150  152  151  153  152  154
  153  155  153  155  154  151  159  168  157                                   
    82.5-180.0 180.0   5.0 450.0                            LAT/LON1/LON2/DLON/H
  160  153  158  157  160  158  161  160  162  162  164  163  165  164  165  163
  165  163  164  162  163  161  162  159  160  157  157  155  155  152  151  148
  147  144  143  140  140  137  138  135  137  135  138  135  139  137  142  140
  145  143  148  147  151  149  153  151  154  152  154  152  155  152  154  152
  154  152  154  151  154  145  149  150  160                                   
    80.0-180.0 180.0   5.0 450.0                            LAT/LON1/LON2/DLON/H
  154  153  151  154  155  155  157  158  160  161  162  163  163  163  163  162
  162  162  161  161  162  161  161  160  161  160  158  158  156  155  151  150
  147  145  141  140  137  137  133  134  132  133  132  133  133  135  136  138
  139  141  143  145  146  148  148  149  149  150  148  149  148  149  147  147
  146  146  145  146  146  141  142  144  154                                   
    77.5-180.0 180.0   5.0 450.0                            LAT/LON1/LON2/DLON/H
  149  145  146  146  149  150  154  155  158  158  161  161  163  160  163  160
  162  159  161  159  162  160  163  161  163  161  162  160  159  156  154  150
  148  144  142  139  137  135  134  132  132  130  131  130  131  131  134  134
  137  137  141  141  144  144  146  145  145  143  144  142  142  140  141  139
  139  137  139  136  138  131  132  136  149                                   
    75.0-180.0 180.0   5.0 450.0                            LAT/LON1/LON2/DLON/H
  143  142  139  146  147  151  152  156  156  161  161  164  162  163  161  161
  159  159  158  160  160  162  163  165  166  167  166  165  163  162  158  156
  151  150  145  144  140  139  136  135  133  133  131  132  131  133  132  135
  135  138  139  142  141  143  141  142  139  140  137  138  134  136  133  135
  132  134  132  134  133  129  129  138  143                                   
    72.5-180.0 180.0   5.0 450.0                            LAT/LON1/LON2/DLON/H
  143  139  143  144  148  149  152  154  157  159  162  162  163  161  161  158
  157  155  156  155  159  160  164  165  168  167  169  167  165  162  160  156
  153  150  148  145  144  141  140  138  137  135  135  133  134  132  135  133
  137  136  140  138  140  137  138  134  134  130  131  128  128  126  128  127
  128  128  131  130  133  127  128  135  143                                   
    70.0-180.0 180.0   5.0 450.0                            LAT/LON1/LON2/DLON/H
  145  143  143  148  150  151  153  155  157  160  163  163  164  162  161  157
  156  153  153  153  156  159  162  165  167  168  168  168  166  164  160  158
  154  153  150  149  147  147  145  144  142  141  138  137  135  136  135  136
  136  137  137  137  136  135  131  130  126  124  121  122  119  121  120  124
  123  127  127  132  132  130  131  142  145                                   
    67.5-180.0 180.0   5.0 450.0                            LAT/LON1/LON2/DLON/H
  150  147  151  150  153  152  154  155  157  160  163  164  165  163  162  158
  155  151  151  150  153  155  160  163  166  166  167  165  164  160  159  155
  154  151  151  149  150  149  150  148  148  145  144  141  140  138  139  137
  139  136  138  134  134  128  127  121  118  114  114  112  114  114  117  119
  123  125  130  132  136  134  137  143  150                                   
    65.0-180.0 180.0   5.0 450.0                            LAT/LON1/LON2/DLON/H
  155  154  153  156  157  155  156  156  159  161  166  167  170  167  166  160
  158  152  151  150  152  155  158  161  162  162  162  160  159  157  155  153
  152  151  151  151  151  153  153  154  152  151  148  146  143  142  140  141
  139  139  138  135  131  126  121  115  110  107  105  106  106  110  112  117
  119  126  128  135  138  138  142  152  155                                   
    62.5-180.0 180.0   5.0 450.0                            LAT/LON1/LON2/DLON/H
  158  159  160  158  159  157  157  157  159  162  167  169  172  170  169  164
  159  154  152  150  152  153  157  157  159  157  158  155  156  153  154  151
  152  150  151  150  154  154  158  157  158  156  154  151  148  145  144  143
  142  140  139  134  130  122  117  108  104   98   98   98  101  104  108  113
  117  122  129  134  140  140  147  152  158                                   
    60.0-180.0 180.0   5.0 450.0                            LAT/LON1/LON2/DLON/H
  158  162  161  164  164  161  161  159  162  165  171  173  178  175  175  168
  165  158  156  153  154  154  156  156  156  154  153  152  153  153  154  153
  153  152  153  153  155  158  161  163  163  163  159  157  152  151  147  147
  145  143  140  136  129  121  113  105   99   95   94   94   95   99  102  108
  112  118  123  131  136  139  146  155  158                                   
    57.5-180.0 180.0   5.0 450.0                            LAT/LON1/LON2/DLON/H
  156  162  165  163  165  163  162  162  163  167  172  176  179  178  178  173
  168  163  160  157  157  156  157  155  155  152  152  151  154  155  158  158
  159  157  157  156  159  161  166  167  170  169  167  163  158  154  151  149
  147  144  142  134  128  118  112  103   98   93   92   91   92   93   97  101
  104  109  116  123  131  134  144  149  156                                   
    55.0-180.0 180.0   5.0 450.0                            LAT/LON1/LON2/DLON/H
  151  161  161  166  169  167  169  167  170  172  178  181  183  182  181  177
  173  167  166  162  162  160  159  156  155  153  154  154  158  162  166  166
  166  164  162  162  163  166  170  174  175  176  173  170  164  161  156  153
  149  147  141  135  127  119  111  105   99   96   94   92   91   91   92   94
   97  101  107  115  122  128  138  147  151                                   
    52.5-180.0 180.0   5.0 450.0                            LAT/LON1/LON2/DLON/H
  146  158  163  166  172  173  174  175  176  179  182  185  186  185  184  180
  176  173  170  168  166  163  162  159  158  156  158  160  166  170  174  175
  174  171  169  167  169  172  178  181  185  184  182  177  170  165  159  155
  150  146  141  133  127  119  114  107  104  100   99   94   92   88   87   87
   88   92   98  105  114  120  133  139  146                                   
    50.0-180.0 180.0   5.0 450.0                            LAT/LON1/LON2/DLON/H
  141  159  161  171  178  181  187  187  189  189  192  192  191  189  186  184
  181  178  176  173  172  168  167  163  163  161  165  168  175  179  183  182
  181  177  176  174  176  179  186  189  193  194  191  186  178  172  165  160
  153  148  141  134  129  122  118  114  111  108  105  101   96   90   87   84
   85   86   92   99  107  116  127  137  141                                   
    47.5-180.0 180.0   5.0 450.0                            LAT/LON1/LON2/DLON/H
  139  157  165  172  183  190  196  199  199  201  200  200  197  194  191  188
  186  184  183  180  177  174  171  168  167  168  171  176  181  186  189  188
  187  184  184  183  186  190  196  201  204  204  201  194  186  177  170  161
  154  148  142  135  131  125  123  120  119  115  113  107  101   94   89   85
   83   84   89   96  104  111  126  134  139                                   
    45.0-180.0 180.0   5.0 450.0                            LAT/LON1/LON2/DLON/H
  139  161  165  180  189  199  208  212  215  215  215  212  207  204  199  198
  195  193  191  187  183  180  177  175  174  175  179  183  188  190  193  192
  192  190  191  191  196  200  208  211  215  214  210  203  194  185  176  169
  159  152  145  140  135  132  130  129  127  124  121  115  109  101   96   90
   88   88   92   98  105  114  126  139  139                                   
    42.5-180.0 180.0   5.0 450.0                            LAT/LON1/LON2/DLON/H
  142  160  170  180  193  205  216  222  226  228  226  224  218  215  211  207
  206  202  200  196  191  188  184  183  182  184  187  191  194  196  198  200
  201  202  205  207  212  218  224  228  230  227  222  213  204  194  185  174
  165  157  150  145  141  138  137  136  135  132  130  124  117  111  105   99
   95   96   98  102  108  113  129  139  142                                   
    40.0-180.0 180.0   5.0 450.0                            LAT/LON1/LON2/DLON/H
  144  164  170  185  197  210  222  229  236  240  240  238  232  229  225  223
  219  216  212  206  202  197  195  192  194  193  199  199  204  203  207  209
  215  217  224  226  233  236  242  242  244  237  233  222  213  203  194  185
  175  167  159  154  149  147  146  144  142  138  136  130  127  121  117  112
  108  106  106  109  112  119  130  145  144                                   
    37.5-180.0 180.0   5.0 450.0                            LAT/LON1/LON2/DLON/H
  148  163  172  183  196  209  222  230  239  245  248  248  244  241  237  234
  231  227  223  218  212  210  207  207  207  209  213  215  218  220  225  233
  241  249  255  260  263  265  265  265  261  254  245  234  224  213  204  194
  185  177  169  163  158  155  153  149  146  143  140  138  135  134  129  127
  119  116  113  112  112  116  130  142  148                                   
    35.0-180.0 180.0   5.0 450.0                            LAT/LON1/LON2/DLON/H
  149  162  171  182  194  206  219  229  241  250  257  259  256  254  249  248
  244  241  236  231  227  224  223  222  224  225  231  233  240  244  256  267
  282  291  300  299  301  294  292  283  278  267  258  244  234  222  214  201
  194  184  177  169  166  159  157  150  148  143  142  140  141  141  140  137
  131  126  119  116  114  118  128  143  149                                   
    32.5-180.0 180.0   5.0 450.0                            LAT/LON1/LON2/DLON/H
  150  160  169  178  190  202  215  226  238  249  257  262  262  261  257  257
  252  251  247  245  240  242  239  244  244  250  254  262  269  279  293  309
  326  336  339  336  329  320  311  302  291  280  266  253  241  229  220  208
  198  188  179  173  167  161  157  151  146  142  140  141  143  147  145  145
  136  129  119  113  108  109  123  135  150                                   
    30.0-180.0 180.0   5.0 450.0                            LAT/LON1/LON2/DLON/H
  146  157  165  174  185  197  209  220  233  244  254  263  265  267  264  264
  259  259  256  255  255  254  257  258  263  268  277  286  298  314  334  354
  373  381  382  369  358  341  331  315  304  287  274  258  247  234  224  210
  200  185  177  166  162  155  152  145  143  137  138  137  143  145  147  145
  138  130  120  112  108  110  116  133  146                                   
    27.5-180.0 180.0   5.0 450.0                            LAT/LON1/LON2/DLON/H
  144  154  164  171  183  193  207  218  230  242  252  262  268  271  270  270
  266  268  265  269  266  273  271  278  281  292  301  315  329  348  371  392
  411  418  413  395  373  353  337  320  305  289  272  257  245  232  220  205
  191  177  166  156  150  146  143  139  135  132  131  133  135  141  140  142
  133  127  115  108  102  100  111  124  144                                   
    25.0-180.0 180.0   5.0 450.0                            LAT/LON1/LON2/DLON/H
  142  154  162  172  182  193  206  217  229  241  251  262  270  277  278  279
  275  278  276  278  282  284  288  292  299  310  323  340  356  378  403  425
  444  449  441  416  388  361  341  323  306  287  272  256  243  228  215  198
  182  165  152  141  136  132  130  128  127  123  124  123  128  131  134  132
  129  122  116  108  105  104  111  124  142                                   
    22.5-180.0 180.0   5.0 450.0                            LAT/LON1/LON2/DLON/H
  142  155  165  175  186  196  210  222  233  245  253  266  275  283  285  288
  288  291  290  297  295  302  302  312  317  332  343  361  378  400  421  440
  454  455  443  415  385  358  336  318  299  281  264  250  236  219  205  184
  167  149  135  124  120  118  117  118  118  117  115  117  118  123  121  123
  119  118  113  111  106  103  112  120  142                                   
    20.0-180.0 180.0   5.0 450.0                            LAT/LON1/LON2/DLON/H
  143  157  166  177  188  199  213  225  236  250  257  271  280  292  296  301
  302  305  304  309  312  314  318  326  335  350  362  383  398  418  433  449
  457  455  438  410  380  355  334  314  295  274  259  244  231  213  195  173
  154  136  122  110  107  105  106  108  110  111  110  108  110  109  112  110
  111  111  113  112  112  109  116  123  143                                   
    17.5-180.0 180.0   5.0 450.0                            LAT/LON1/LON2/DLON/H
  142  158  169  181  192  204  218  232  244  256  263  277  290  303  310  316
  319  322  322  328  330  332  335  345  352  367  377  393  406  419  431  438
  443  434  417  388  364  342  324  307  287  267  250  235  223  203  185  162
  144  125  114  102   98   98  100  103  107  107  105  103  102  102   99  101
  100  106  109  114  112  110  117  121  142                                   
    15.0-180.0 180.0   5.0 450.0                            LAT/LON1/LON2/DLON/H
  138  157  168  181  194  206  223  238  251  265  273  287  299  315  324  332
  337  341  340  341  344  345  349  360  368  383  389  406  410  420  421  426
  422  413  393  371  351  335  322  306  286  263  248  232  220  199  181  158
  139  121  110   97   93   92   96  100  105  106  104  100   99   94   94   92
   96  100  107  111  114  110  116  117  138                                   
    12.5-180.0 180.0   5.0 450.0                            LAT/LON1/LON2/DLON/H
  128  150  164  180  193  209  225  242  256  270  278  293  306  321  333  344
  353  357  358  358  360  361  364  372  379  390  395  401  406  404  404  398
  394  381  365  348  336  327  317  304  282  262  244  231  218  200  181  158
  141  121  110   97   93   92   95  101  104  104  101   97   93   90   85   87
   87   94   99  106  104  100  105  108  128                                   
    10.0-180.0 180.0   5.0 450.0                            LAT/LON1/LON2/DLON/H
  116  139  155  173  190  207  225  243  258  273  279  292  305  321  335  349
  361  368  369  369  368  369  372  382  387  400  397  408  400  400  388  382
  372  361  347  338  332  327  320  306  287  263  248  231  221  200  183  157
  141  121  109   96   91   89   92   96  100  100   99   94   92   86   85   83
   86   89   96   98   96   92   93   92  116                                   
     7.5-180.0 180.0   5.0 450.0                            LAT/LON1/LON2/DLON/H
  100  123  145  166  182  203  222  241  256  270  277  288  300  315  331  346
  362  371  375  374  376  374  380  387  391  397  399  399  398  388  380  367
