data/unet/pred1860.15i
     1.0            IONOSPHERE MAPS     GNSS                IONEX VERSION / TYPE
pyspatialgeodesy        IME             05-JAN-18 20:20     PGM / RUN BY / DATE 
Map Name                                                    COMMENT             
Predicted global ionosphere maps (GIM).                     DESCRIPTION         
  2015     7     5     0     0     0                        EPOCH OF FIRST MAP  
  2015     7     6     0     0     0                        EPOCH OF LAST MAP   
  7200                                                      INTERVAL            
    13                                                      # OF MAPS IN FILE   
  NONE                                                      MAPPING FUNCTION    
10.0                                                        ELEVATION CUTOFF    
One-way carrier phase leveled to code                       OBSERVABLES USED    
  6371.0                                                    BASE RADIUS         
 2                                                          MAP DIMENSION       
   450.0 450.0   0.0                                        HGT1 / HGT2 / DHGT  
    87.5 -87.5  -2.5                                        LAT1 / LAT2 / DLAT  
  -180.0 180.0   5.0                                        LON1 / LON2 / DLON  
    -1                                                      EXPONENT            
                                                            END OF HEADER       
     1                                                      START OF TEC MAP    
  2015     7     5     0     0     0                        EPOCH OF CURRENT MAP
    87.5-180.0 180.0   5.0 450.0                            LAT/LON1/LON2/DLON/H
  201  182  179  180  181  182  184  185  187  188  188  187  188  188  187  187
  187  186  184  183  181  178  175  171  169  167  164  161  160  158  155  152
  151  148  146  144  145  143  142  140  141  140  138  136  137  136  135  133
  134  133  133  132  134  133  134  134  137  137  139  140  143  145  147  148
  151  153  155  158  166  165  163  187  201                                   
    85.0-180.0 180.0   5.0 450.0                            LAT/LON1/LON2/DLON/H
  183  193  196  197  197  198  200  200  202  202  203  202  204  204  204  203
  204  202  201  198  197  193  189  185  182  177  173  169  166  162  159  155
  154  151  149  146  147  146  145  143  145  144  142  141  142  140  138  136
  137  136  136  135  136  136  137  138  141  142  144  147  150  153  155  158
  161  164  166  169  177  174  169  165  183                                   
    82.5-180.0 180.0   5.0 450.0                            LAT/LON1/LON2/DLON/H
  186  196  198  200  201  201  205  205  207  207  209  208  210  210  212  211
  213  211  211  207  206  200  197  190  187  180  175  168  165  157  155  149
  149  144  143  141  143  141  141  140  143  141  141  140  141  139  137  135
  136  133  133  131  133  132  133  133  136  137  140  142  147  149  152  155
  159  161  164  168  178  174  169  163  186                                   
    80.0-180.0 180.0   5.0 450.0                            LAT/LON1/LON2/DLON/H
  187  195  195  198  199  203  207  210  211  213  214  215  217  218  220  222
  223  223  221  218  214  209  203  197  190  183  175  168  162  156  151  147
  145  142  140  140  142  142  142  143  145  146  146  146  147  146  144  143
  142  140  139  137  138  136  136  136  138  139  141  143  147  149  152  155
  158  161  163  167  173  172  167  161  187                                   
    77.5-180.0 180.0   5.0 450.0                            LAT/LON1/LON2/DLON/H
  189  193  192  196  198  204  209  212  214  217  218  221  222  225  227  230
  231  232  230  228  223  219  212  206  197  189  178  170  162  155  149  144
  141  139  139  139  141  141  143  144  146  147  148  149  149  149  147  146
  145  143  141  140  139  137  136  136  136  137  138  141  143  146  148  152
  153  156  157  161  165  164  162  156  189                                   
    75.0-180.0 180.0   5.0 450.0                            LAT/LON1/LON2/DLON/H
  193  193  192  197  201  207  213  216  219  222  225  227  228  230  232  235
  235  237  235  234  230  225  218  210  200  190  180  168  160  150  145  139
  139  136  139  137  142  141  146  144  149  147  150  148  151  148  150  146
  148  144  145  141  142  137  138  134  136  134  137  137  141  141  146  147
  150  150  154  154  160  158  158  154  193                                   
    72.5-180.0 180.0   5.0 450.0                            LAT/LON1/LON2/DLON/H
  198  194  194  199  205  209  214  218  221  224  227  228  229  230  231  231
  232  232  231  229  226  222  215  207  197  186  174  161  153  143  139  133
  135  133  136  136  141  141  144  144  147  146  148  147  149  149  149  149
  149  148  148  146  144  141  140  137  137  136  137  138  140  142  145  147
  149  150  152  153  158  157  156  154  198                                   
    70.0-180.0 180.0   5.0 450.0                            LAT/LON1/LON2/DLON/H
  203  196  197  202  207  212  216  220  223  226  228  231  230  230  228  228
  225  223  221  217  215  210  205  196  188  175  165  152  144  135  133  129
  132  130  135  134  139  138  142  140  143  142  145  143  147  147  150  150
  153  152  152  149  149  145  144  140  141  139  141  141  144  145  149  149
  152  152  155  154  159  156  158  155  203                                   
    67.5-180.0 180.0   5.0 450.0                            LAT/LON1/LON2/DLON/H
  213  203  205  209  213  217  221  224  228  231  234  235  233  231  226  222
  217  212  207  201  198  192  188  179  173  161  152  141  135  128  128  125
  129  129  133  133  136  135  136  134  135  135  137  138  141  144  147  150
  153  155  155  154  152  149  147  145  145  144  145  146  150  152  155  156
  158  159  160  161  165  162  163  161  213                                   
    65.0-180.0 180.0   5.0 450.0                            LAT/LON1/LON2/DLON/H
  228  215  217  220  223  227  230  233  235  239  240  241  237  233  225  216
  207  197  190  181  176  169  164  157  153  144  140  132  130  126  127  125
  128  127  131  128  131  127  128  124  127  125  129  129  135  137  144  147
  152  154  157  155  155  152  152  149  151  150  152  153  157  159  162  164
  166  167  169  168  172  170  173  169  228                                   
    62.5-180.0 180.0   5.0 450.0                            LAT/LON1/LON2/DLON/H
  245  230  234  235  238  239  242  243  246  248  250  249  244  238  228  215
  201  188  176  168  159  153  146  142  139  135  133  130  131  129  131  130
  131  130  131  128  127  122  121  117  118  117  119  121  126  132  138  144
  150  155  157  159  159  158  157  157  159  160  161  163  166  169  171  173
  175  177  178  180  183  183  184  183  245                                   
    60.0-180.0 180.0   5.0 450.0                            LAT/LON1/LON2/DLON/H
  263  248  254  255  256  258  257  259  258  260  259  258  251  245  232  218
  203  188  176  165  156  148  144  140  139  136  137  136  137  136  137  135
  136  132  131  124  123  116  115  110  112  111  116  117  125  129  138  143
  151  155  161  162  166  165  167  166  170  170  174  174  178  179  181  183
  185  187  189  191  195  194  198  194  263                                   
    57.5-180.0 180.0   5.0 450.0                            LAT/LON1/LON2/DLON/H
  275  263  272  274  274  275  275  273  272  270  269  266  262  255  244  232
  217  204  191  178  168  161  155  153  150  151  150  151  150  151  149  147
  142  138  132  126  121  116  113  110  110  111  114  118  123  130  137  144
  151  158  164  168  172  175  177  179  182  184  186  188  190  191  192  194
  195  198  199  204  208  209  211  211  275                                   
    55.0-180.0 180.0   5.0 450.0                            LAT/LON1/LON2/DLON/H
  286  279  291  296  296  298  294  292  288  285  282  278  273  267  257  247
  233  221  210  200  188  183  177  175  173  174  173  174  172  171  167  162
  155  146  139  130  125  118  115  111  113  112  117  118  126  129  138  143
  152  158  167  171  179  181  186  187  194  195  199  200  203  203  204  204
  205  207  210  213  219  221  225  226  286                                   
    52.5-180.0 180.0   5.0 450.0                            LAT/LON1/LON2/DLON/H
  292  289  303  310  313  315  312  308  303  297  293  288  285  281  274  268
  256  249  239  234  227  223  219  216  212  211  208  208  204  202  194  187
  174  164  152  142  134  128  123  119  119  118  121  122  127  130  136  141
  150  157  167  174  181  187  192  197  202  207  210  214  215  216  215  215
  215  216  218  222  229  232  234  240  292                                   
    50.0-180.0 180.0   5.0 450.0                            LAT/LON1/LON2/DLON/H
  298  297  314  323  329  333  332  327  320  314  308  304  300  298  295  292
  287  282  279  274  271  266  262  255  252  247  244  241  236  230  221  211
  197  183  168  156  147  138  132  127  126  126  128  129  133  134  140  143
  153  159  171  178  189  193  202  206  214  219  225  229  231  232  230  228
  227  228  229  232  238  241  242  248  298                                   
    47.5-180.0 180.0   5.0 450.0                            LAT/LON1/LON2/DLON/H
  299  300  318  330  340  348  349  346  337  330  322  317  313  315  313  317
  314  318  317  320  316  315  308  303  294  288  280  276  268  260  248  235
  220  206  189  176  163  154  146  141  137  137  138  139  140  141  144  146
  153  161  172  181  192  201  209  217  226  236  243  249  251  250  249  245
  244  242  242  243  247  248  249  254  299                                   
    45.0-180.0 180.0   5.0 450.0                            LAT/LON1/LON2/DLON/H
  304  304  323  336  350  363  369  367  361  353  344  339  333  336  333  341
  342  353  358  365  365  362  356  345  335  324  314  302  293  283  270  257
  240  226  208  195  181  169  159  153  148  147  148  146  147  146  147  148
  155  162  174  183  196  205  217  226  239  251  260  267  270  270  268  264
  261  258  254  254  256  255  254  260  304                                   
    42.5-180.0 180.0   5.0 450.0                            LAT/LON1/LON2/DLON/H
  309  310  325  339  353  369  379  383  378  373  363  355  347  349  346  355
  359  376  383  398  397  399  386  377  359  348  332  320  308  298  286  273
  259  245  229  216  199  188  175  167  161  159  158  157  155  153  152  152
  157  163  175  185  198  209  222  236  253  268  281  288  292  291  289  284
  280  273  267  264  264  263  263  268  309                                   
    40.0-180.0 180.0   5.0 450.0                            LAT/LON1/LON2/DLON/H
  324  323  336  348  362  380  394  404  404  402  391  382  371  370  363  372
  376  397  407  426  426  429  414  402  382  368  349  335  321  312  298  288
  274  264  247  235  217  204  190  181  173  170  168  166  164  160  159  158
  162  167  178  188  201  212  227  242  262  281  295  306  310  312  308  305
  297  291  282  278  278  276  276  282  324                                   
    37.5-180.0 180.0   5.0 450.0                            LAT/LON1/LON2/DLON/H
  346  349  354  361  371  388  402  416  420  419  410  401  389  384  377  381
  384  402  414  431  433  436  421  410  389  375  356  343  330  320  311  300
  290  279  267  254  237  221  205  194  186  182  179  178  175  172  169  167
  169  172  181  189  202  214  230  247  269  288  306  317  325  326  325  319
  313  304  297  294  295  295  295  300  346                                   
    35.0-180.0 180.0   5.0 450.0                            LAT/LON1/LON2/DLON/H
  380  385  386  391  396  412  424  441  445  451  442  438  421  416  401  404
  401  420  426  446  444  449  431  422  399  385  365  352  337  330  316  311
  298  293  277  269  249  235  217  206  197  193  190  188  185  182  177  173
  172  173  179  186  198  211  228  246  268  290  307  322  330  335  333  331
  324  320  314  314  318  321  324  326  380                                   
    32.5-180.0 180.0   5.0 450.0                            LAT/LON1/LON2/DLON/H
  413  424  422  428  429  441  447  460  464  469  464  460  447  439  425  423
  418  428  433  444  445  443  432  419  402  387  371  358  343  333  322  314
  305  298  288  276  258  242  226  215  207  204  201  199  195  190  184  177
  174  171  176  181  193  205  223  242  264  284  303  317  328  332  335  333
  331  329  329  332  340  346  352  355  413                                   
    30.0-180.0 180.0   5.0 450.0                            LAT/LON1/LON2/DLON/H
  447  467  467  475  478  487  488  497  496  504  497  499  484  480  462  459
  447  457  455  465  459  460  446  437  416  403  383  369  348  338  320  313
  300  296  282  275  254  244  227  221  213  212  209  208  202  196  187  179
  172  167  169  173  184  196  214  234  254  274  293  310  320  329  333  336
  336  340  343  351  363  372  383  380  447                                   
    27.5-180.0 180.0   5.0 450.0                            LAT/LON1/LON2/DLON/H
  469  495  500  516  518  526  522  526  522  524  519  519  509  505  491  486
  474  475  471  471  465  458  449  435  420  403  385  367  346  330  312  301
  288  281  267  257  241  232  220  218  214  215  214  211  205  196  185  174
  167  160  161  164  174  187  205  225  245  264  281  297  311  321  330  334
  341  347  354  367  379  390  401  397  469                                   
    25.0-180.0 180.0   5.0 450.0                            LAT/LON1/LON2/DLON/H
  487  520  533  554  560  569  564  568  560  564  555  558  547  548  531  527
  509  506  493  491  477  472  456  444  423  406  383  362  334  314  292  277
  261  251  237  227  214  211  203  207  205  210  208  207  198  190  177  166
  156  150  149  153  163  178  195  214  234  253  271  287  303  317  327  336
  345  353  364  376  390  400  415  410  487                                   
    22.5-180.0 180.0   5.0 450.0                            LAT/LON1/LON2/DLON/H
  487  521  545  572  582  592  589  592  584  585  578  579  571  572  558  550
  531  520  504  491  477  461  446  426  407  386  364  338  312  286  262  240
  223  208  194  186  180  179  180  186  189  195  196  193  186  174  163  150
  142  135  136  139  151  166  185  203  223  242  262  277  296  312  326  337
  350  359  369  381  391  399  410  411  487                                   
    20.0-180.0 180.0   5.0 450.0                            LAT/LON1/LON2/DLON/H
  482  520  547  582  596  613  613  620  613  618  611  615  609  610  595  587
  562  547  520  505  479  462  436  417  390  370  342  315  284  251  222  198
  179  162  153  145  144  145  151  159  166  172  173  171  164  153  142  132
  124  119  120  126  137  156  175  195  214  233  255  273  293  312  329  342
  356  363  374  381  390  394  410  411  482                                   
    17.5-180.0 180.0   5.0 450.0                            LAT/LON1/LON2/DLON/H
  462  492  528  563  586  605  613  622  621  625  625  630  628  626  614  600
  574  553  526  502  476  448  420  393  367  341  312  281  248  212  181  153
  134  118  111  106  107  110  118  127  137  143  147  144  139  128  120  110
  105  102  106  113  126  146  167  188  207  228  252  271  294  315  334  348
  361  369  376  381  386  387  397  402  462                                   
    15.0-180.0 180.0   5.0 450.0                            LAT/LON1/LON2/DLON/H
  442  469  500  541  566  593  605  620  621  631  632  641  640  641  629  617
  589  567  533  510  474  447  408  381  346  316  280  246  211  177  145  119
  101   89   84   80   81   84   92  100  109  115  118  117  114  106   99   93
   90   90   94  104  118  139  161  183  204  227  251  274  299  322  342  355
  366  372  379  382  384  385  399  400  442                                   
    12.5-180.0 180.0   5.0 450.0                            LAT/LON1/LON2/DLON/H
  419  437  468  502  528  552  570  588  595  605  611  619  622  624  618  605
  582  559  531  502  467  430  392  357  320  284  247  210  178  146  119   98
   85   76   70   70   69   72   76   82   88   93   96   97   96   91   87   83
   82   82   87   96  112  133  155  178  201  226  252  276  304  327  347  359
  370  375  382  383  384  384  394  399  419                                   
    10.0-180.0 180.0   5.0 450.0                            LAT/LON1/LON2/DLON/H
  409  421  443  472  496  520  539  557  566  577  584  594  597  602  599  591
  572  556  526  500  457  420  373  336  291  254  215  182  153  129  108   92
   83   76   71   71   70   70   72   72   77   78   82   84   85   83   81   78
   77   77   82   91  106  126  148  172  197  223  252  279  308  333  351  362
  371  376  382  384  384  388  405  406  409                                   
     7.5-180.0 180.0   5.0 450.0                            LAT/LON1/LON2/DLON/H
  410  418  432  449  466  485  501  515  522  533  540  549  556  563  565  562
  552  538  514  483  442  396  351  306  263  225  191  164  143  127  113  102
