data/unet/pred3490.15i
     1.0            IONOSPHERE MAPS     GNSS                IONEX VERSION / TYPE
pyspatialgeodesy        IME             05-JAN-18 20:20     PGM / RUN BY / DATE 
Map Name                                                    COMMENT             
Predicted global ionosphere maps (GIM).                     DESCRIPTION         
  2015    12    15     0     0     0                        EPOCH OF FIRST MAP  
  2015    12    16     0     0     0                        EPOCH OF LAST MAP   
  7200                                                      INTERVAL            
    13                                                      # OF MAPS IN FILE   
  NONE                                                      MAPPING FUNCTION    
10.0                                                        ELEVATION CUTOFF    
One-way carrier phase leveled to code                       OBSERVABLES USED    
  6371.0                                                    BASE RADIUS         
 2                                                          MAP DIMENSION       
   450.0 450.0   0.0                                        HGT1 / HGT2 / DHGT  
    87.5 -87.5  -2.5                                        LAT1 / LAT2 / DLAT  
  -180.0 180.0   5.0                                        LON1 / LON2 / DLON  
    -1                                                      EXPONENT            
                                                            END OF HEADER       
[from data line 3861]
    10                                                      START OF TEC MAP    
  2015    12    15    18     0     0                        EPOCH OF CURRENT MAP
    87.5-180.0 180.0   5.0 450.0                            LAT/LON1/LON2/DLON/H
  118   84   82   86   86   87   89   89   91   92   94   95   95   97   97   98
   98   99   99   99   99   99   99   98   98   97   97   95   96   92   94   90
   92   88   90   86   88   85   86   83   85   82   83   81   82   80   80   79
   80   79   79   78   78   78   78   78   77   77   77   77   77   76   77   76
   77   77   78   78   81   78   85   99  118                                   
    85.0-180.0 180.0   5.0 450.0                            LAT/LON1/LON2/DLON/H
   69   68   67   75   76   79   79   82   84   86   88   90   92   93   95   95
   96   96   97   96   97   96   96   95   95   94   92   92   90   90   87   88
   85   86   83   83   80   80   77   77   75   75   73   73   71   71   69   70
   68   70   67   69   66   69   66   68   65   67   64   66   63   65   62   64
   62   64   62   65   65   64   77   87   69                                   
    82.5-180.0 180.0   5.0 450.0                            LAT/LON1/LON2/DLON/H
   66   64   62   68   69   74   75   79   82   86   89   91   94   95   97   98
   99   99   99   99   98   98   96   95   93   92   90   88   86   86   83   83
   81   81   78   78   75   74   72   71   69   68   67   66   65   66   64   65
   64   65   63   65   62   64   61   63   60   62   58   60   57   58   55   56
   53   55   52   56   55   55   61   61   66                                   
    80.0-180.0 180.0   5.0 450.0                            LAT/LON1/LON2/DLON/H
   61   61   57   65   66   73   74   80   83   86   90   92   96   97   99  100
  102  101  101  100  100   98   97   95   92   91   88   87   84   84   80   82
   78   80   75   77   73   74   70   71   67   69   66   67   65   68   65   68
   66   69   66   69   67   69   67   68   66   67   64   64   62   61   59   57
   56   55   54   53   54   50   58   54   61                                   
    77.5-180.0 180.0   5.0 450.0                            LAT/LON1/LON2/DLON/H
   56   56   54   58   61   65   69   72   76   78   82   84   87   89   91   92
   94   94   93   92   91   89   87   84   82   79   76   75   72   73   71   72
   70   70   69   68   66   65   64   61   60   59   60   59   61   62   64   64
   66   67   69   70   71   73   72   72   71   71   69   68   65   64   61   59
   56   55   54   52   52   51   51   45   56                                   
    75.0-180.0 180.0   5.0 450.0                            LAT/LON1/LON2/DLON/H
   60   59   56   61   62   68   69   72   74   77   79   82   83   87   88   91
   93   93   93   92   91   89   86   82   79   77   72   73   69   71   68   70
   67   70   68   69   67   67   63   63   60   62   61   63   63   66   68   70
   74   77   80   81   83   84   84   84   82   82   79   79   75   75   71   69
   65   65   61   61   57   53   59   55   60                                   
    72.5-180.0 180.0   5.0 450.0                            LAT/LON1/LON2/DLON/H
   68   64   63   64   66   68   69   72   72   75   76   79   81   84   88   90
   94   94   96   95   95   90   87   82   78   74   72   70   68   69   68   69
   69   70   70   70   68   66   63   61   58   58   59   61   64   67   70   73
   78   82   86   87   90   90   91   89   89   87   85   83   81   80   77   75
   72   71   68   66   64   63   64   57   68                                   
    70.0-180.0 180.0   5.0 450.0                            LAT/LON1/LON2/DLON/H
   76   73   69   71   70   73   73   75   75   77   78   79   81   84   88   91
   96   98  101  103  104   99   95   90   85   79   75   72   69   69   67   69
   68   71   69   71   67   67   62   61   58   60   60   62   65   69   72   77
   81   86   90   91   94   94   94   91   91   90   88   87   84   85   81   81
   77   79   76   75   72   69   73   70   76                                   
    67.5-180.0 180.0   5.0 450.0                            LAT/LON1/LON2/DLON/H
   81   78   74   75   73   73   72   75   74   77   77   79   83   86   94   99
  106  110  116  119  120  115  110  102   95   87   80   74   69   66   65   65
   65   65   64   64   61   60   56   55   53   54   55   58   60   63   68   72
   77   80   85   85   88   86   86   84   84   82   81   79   79   78   78   76
   76   76   77   75   74   73   75   71   81                                   
    65.0-180.0 180.0   5.0 450.0                            LAT/LON1/LON2/DLON/H
   81   79   76   76   74   76   76   78   79   81   83   85   90   94  104  108
  120  124  133  136  138  132  128  118  109   99   91   81   76   70   69   66
   67   63   64   59   58   54   53   49   50   50   52   54   56   60   62   67
   70   73   77   76   79   77   78   74   76   73   74   72   73   73   73   74
   74   78   76   78   75   75   77   76   81                                   
    62.5-180.0 180.0   5.0 450.0                            LAT/LON1/LON2/DLON/H
   74   74   71   74   70   72   71   75   76   82   85   91   97  104  116  127
  139  149  158  165  163  159  150  138  127  112  103   91   83   75   72   67
   64   59   57   53   49   45   43   42   41   42   43   46   49   51   54   55
   59   59   62   60   63   60   61   59   61   60   61   59   62   61   63   63
   66   67   70   69   70   68   73   67   74                                   
    60.0-180.0 180.0   5.0 450.0                            LAT/LON1/LON2/DLON/H
   67   65   63   65   65   67   70   74   80   87   95  102  112  119  134  143
  161  168  183  184  189  179  172  155  141  125  113  103   94   86   79   74
   68   61   57   49   46   39   38   35   37   37   41   42   45   46   47   47
   47   47   46   46   46   46   46   45   48   47   49   48   51   51   54   54
   57   61   62   64   62   59   65   65   67                                   
    57.5-180.0 180.0   5.0 450.0                            LAT/LON1/LON2/DLON/H
   53   56   53   59   55   60   63   72   80   93  102  113  123  134  147  164
  177  190  201  209  205  202  187  175  154  139  125  113  106   95   89   80
   72   62   57   48   43   37   34   33   33   36   38   42   43   43   43   40
   40   35   36   33   35   32   36   34   38   37   40   39   42   43   45   48
   51   54   56   57   54   50   58   50   53                                   
    55.0-180.0 180.0   5.0 450.0                            LAT/LON1/LON2/DLON/H
   50   51   49   53   54   59   65   75   86  103  116  130  141  154  167  181
  195  204  215  217  220  212  202  185  169  149  138  125  118  108  100   90
   79   69   60   50   45   39   38   35   38   39   44   45   47   45   43   38
   35   31   30   27   27   27   29   31   34   37   38   39   41   42   43   44
   46   50   49   51   47   42   53   46   50                                   
    52.5-180.0 180.0   5.0 450.0                            LAT/LON1/LON2/DLON/H
   46   50   48   54   55   62   69   84   96  116  130  145  156  167  180  195
  206  218  221  230  222  222  205  199  177  169  148  144  132  125  114  103
   90   76   66   56   50   45   43   43   45   48   51   53   52   49   46   40
   38   32   32   28   30   29   34   36   42   43   46   46   47   47   47   48
   50   51   52   52   48   45   54   41   46                                   
    50.0-180.0 180.0   5.0 450.0                            LAT/LON1/LON2/DLON/H
   53   57   56   60   63   73   80   97  111  134  147  164  172  187  195  211
  218  226  227  228  228  223  214  205  195  183  170  161  153  140  130  114
   99   86   73   64   58   54   53   53   56   58   62   63   62   59   55   49
   44   42   39   38   38   41   43   48   53   56   56   57   57   56   56   56
   59   60   61   60   56   51   60   47   53                                   
    47.5-180.0 180.0   5.0 450.0                            LAT/LON1/LON2/DLON/H
   58   66   64   72   76   85   97  114  133  152  167  179  188  199  207  222
  227  235  234  235  228  228  217  217  205  201  183  180  162  155  138  125
  106   93   81   74   68   65   64   65   66   70   71   74   72   69   65   61
   57   54   53   52   52   55   59   63   67   70   69   69   67   65   64   65
   67   68   70   69   65   61   69   55   58                                   
    45.0-180.0 180.0   5.0 450.0                            LAT/LON1/LON2/DLON/H
   69   79   79   88   90  105  114  137  152  175  184  198  204  216  222  232
  234  239  235  235  229  227  222  223  219  215  203  193  177  161  146  127
  113   99   89   82   78   76   75   76   77   79   81   82   81   79   75   73
   69   69   68   67   67   69   72   76   80   81   79   76   75   73   72   73
   76   79   81   80   76   73   80   68   69                                   
    42.5-180.0 180.0   5.0 450.0                            LAT/LON1/LON2/DLON/H
   76   84   86   98  106  118  136  154  175  192  203  213  218  229  231  242
  242  246  243  241  237  233  231  232  230  225  212  200  180  163  144  129
  113  103   94   90   87   87   86   86   85   86   87   88   88   86   84   82
   81   81   81   79   79   80   83   84   87   85   82   78   77   75   77   77
   82   83   86   86   83   80   88   79   76                                   
    40.0-180.0 180.0   5.0 450.0                            LAT/LON1/LON2/DLON/H
   78   91   93  108  110  131  142  169  183  207  214  228  231  240  242  248
  249  250  248  245  241  239  239  241  240  237  222  206  184  164  146  131
  120  110  105  101  100   99   98   95   93   92   92   92   93   91   89   87
   87   87   87   84   83   83   84   86   87   83   79   74   74   75   77   80
   84   87   89   89   85   84   90   82   78                                   
    37.5-180.0 180.0   5.0 450.0                            LAT/LON1/LON2/DLON/H
   72   83   92  104  118  130  151  170  191  209  223  233  239  248  250  258
  258  260  257  255  254  252  253  251  249  242  228  205  184  163  149  137
  130  123  118  115  114  113  110  105  101   98   97   98   97   96   94   91
   91   90   89   85   82   81   83   83   84   78   74   69   70   71   75   78
   82   83   83   83   81   79   88   82   72                                   
    35.0-180.0 180.0   5.0 450.0                            LAT/LON1/LON2/DLON/H
   67   84   91  110  118  138  153  179  195  218  229  246  249  259  262  266
  268  268  268  265  265  263  260  259  254  248  230  211  190  174  162  155
  150  144  141  137  136  132  127  120  113  108  107  106  106  103  100   95
   93   90   87   81   77   75   77   77   78   72   68   64   66   70   75   80
   80   83   79   79   74   74   81   75   67                                   
    32.5-180.0 180.0   5.0 450.0                            LAT/LON1/LON2/DLON/H
   58   74   86  105  120  135  156  175  198  218  234  249  256  268  272  279
  279  279  277  277  277  275  271  266  259  251  237  219  206  195  194  190
  186  181  173  169  162  159  150  140  130  123  120  120  118  116  110  104
   99   93   87   79   75   74   76   77   77   71   67   64   67   72   77   80
   79   78   73   72   68   64   73   65   58                                   
    30.0-180.0 180.0   5.0 450.0                            LAT/LON1/LON2/DLON/H
   53   69   84  106  119  142  157  186  200  229  240  259  266  277  282  287
  286  286  283  284  283  279  275  269  261  255  248  239  234  234  237  238
  232  222  209  200  193  186  179  166  156  146  143  142  140  135  128  119
  112  102   94   84   80   79   82   83   84   77   73   70   72   78   82   85
   82   81   74   72   65   64   65   61   53                                   
    27.5-180.0 180.0   5.0 450.0                            LAT/LON1/LON2/DLON/H
   55   68   83  104  122  141  163  185  207  230  247  264  272  287  290  296
  293  290  287  286  286  282  277  269  266  265  266  269  278  284  293  293
  287  273  251  235  223  216  206  196  183  176  170  170  165  160  150  138
  127  116  105   96   90   91   96  101  100   96   89   86   86   90   93   92
   87   82   76   72   68   63   66   58   55                                   
    25.0-180.0 180.0   5.0 450.0                            LAT/LON1/LON2/DLON/H
   64   73   92  111  130  153  174  198  219  242  259  274  286  296  302  304
  300  296  290  288  289  285  280  273  277  284  301  312  330  338  344  341
  331  313  292  269  252  239  231  219  208  201  199  197  194  186  177  162
  150  138  127  117  113  114  120  123  123  116  111  105  106  107  105  103
   94   90   81   79   71   71   66   66   64                                   
    22.5-180.0 180.0   5.0 450.0                            LAT/LON1/LON2/DLON/H
   81   82  102  126  148  173  192  213  233  251  269  283  296  309  311  315
  308  301  292  287  287  284  281  281  292  312  338  361  383  395  404  397
  387  360  336  307  283  266  251  243  231  225  219  217  212  205  195  182
  171  159  150  141  138  141  146  150  148  143  133  130  126  126  119  113
  103   95   88   82   80   74   72   73   81                                   
    20.0-180.0 180.0   5.0 450.0                            LAT/LON1/LON2/DLON/H
   94   96  122  150  172  193  210  228  244  264  279  295  307  319  326  326
  320  311  301  290  290  286  289  295  318  348  385  417  444  458  463  446
  429  393  366  329  306  281  266  254  246  238  234  228  223  214  206  195
  189  179  174  165  165  163  170  169  169  158  152  144  144  140  132  121
  109  100   92   89   82   83   77   80   94                                   
    17.5-180.0 180.0   5.0 450.0                            LAT/LON1/LON2/DLON/H
  105  109  134  169  192  215  226  241  254  270  284  300  314  330  339  345
  337  328  312  298  294  292  300  318  351  395  438  473  500  510  510  488
  464  424  388  349  318  295  275  262  250  242  233  225  217  207  203  196
  197  194  192  188  186  186  188  187  181  174  162  159  152  150  137  125
  109  101   93   88   86   82   80   88  105                                   
    15.0-180.0 180.0   5.0 450.0                            LAT/LON1/LON2/DLON/H
  108  117  147  185  209  233  244  260  264  283  291  310  325  344  362  369
  367  354  339  322  316  313  330  354  400  445  487  518  539  544  539  512
  485  442  403  359  330  304  283  267  254  242  230  217  207  196  193  192
  196  199  202  198  199  195  196  190  186  176  169  161  157  149  138  123
  109   98   93   87   84   84   82   86  108                                   
    12.5-180.0 180.0   5.0 450.0                            LAT/LON1/LON2/DLON/H
  107  125  151  194  221  247  257  272  275  292  300  323  339  363  382  398
  398  391  369  352  343  346  368  404  449  492  522  543  552  551  540  518
  488  448  409  366  337  312  291  271  255  237  219  202  187  177  175  179
  188  195  203  203  203  201  197  193  185  178  167  163  154  149  132  120
  102   94   87   81   77   74   75   88  107                                   
    10.0-180.0 180.0   5.0 450.0                            LAT/LON1/LON2/DLON/H
  102  123  155  194  223  253  261  283  286  308  312  341  358  390  412  432
  438  428  415  393  390  392  420  455  494  523  543  549  554  544  533  506
  483  447  414  381  353  329  307  286  264  243  218  194  175  167  165  172
  180  190  198  201  201  197  191  185  180  173  167  160  154  144  130  115
   99   91   86   82   80   76   77   77  102                                   
     7.5-180.0 180.0   5.0 450.0                            LAT/LON1/LON2/DLON/H
   95  125  155  193  222  253  267  286  300  327  340  363  384  418  445  468
  475  472  455  441  436  447  474  505  531  546  551  548  540  527  510  491
