data/unet/pred0610.15i
     1.0            IONOSPHERE MAPS     GNSS                IONEX VERSION / TYPE
pyspatialgeodesy        IME             05-JAN-18 20:20     PGM / RUN BY / DATE 
Map Name                                                    COMMENT             
Predicted global ionosphere maps (GIM).                     DESCRIPTION         
  2015     3     2     0     0     0                        EPOCH OF FIRST MAP  
  2015     3     3     0     0     0                        EPOCH OF LAST MAP   
  7200                                                      INTERVAL            
    13                                                      # OF MAPS IN FILE   
  NONE                                                      MAPPING FUNCTION    
10.0                                                        ELEVATION CUTOFF    
One-way carrier phase leveled to code                       OBSERVABLES USED    
  6371.0                                                    BASE RADIUS         
 2                                                          MAP DIMENSION       
   450.0 450.0   0.0                                        HGT1 / HGT2 / DHGT  
    87.5 -87.5  -2.5                                        LAT1 / LAT2 / DLAT  
  -180.0 180.0   5.0                                        LON1 / LON2 / DLON  
    -1                                                      EXPONENT            
                                                            END OF HEADER       
     1                                                      START OF TEC MAP    
  2015     3     2     0     0     0                        EPOCH OF CURRENT MAP
    87.5-180.0 180.0   5.0 450.0                            LAT/LON1/LON2/DLON/H
  157  122  115  111  112  111  115  115  119  118  121  120  123  121  123  120
  122  119  120  117  119  115  117  113  115  111  112  109  110  106  107  102
  104  100  101   97   99   95   98   94   98   95   99   96  101  100  105  104
  108  108  111  111  113  113  115  115  117  116  116  115  115  114  113  111
  111  110  111  115  122  124  127  159  157                                   
    85.0-180.0 180.0   5.0 450.0                            LAT/LON1/LON2/DLON/H
  128  118  119  117  118  118  124  123  129  127  133  130  136  132  137  132
  137  130  135  127  131  123  127  118  121  111  114  105  107   97   98   90
   91   85   86   81   83   79   81   78   82   81   86   86   92   93  100  100
  107  106  113  111  118  116  121  119  124  122  124  120  124  120  121  118
  120  118  120  121  130  127  125  133  128                                   
    82.5-180.0 180.0   5.0 450.0                            LAT/LON1/LON2/DLON/H
  129  123  124  126  127  128  133  135  140  141  145  146  149  148  151  149
  151  147  148  143  142  136  134  127  123  116  112  105  100   93   89   83
   80   76   75   72   72   71   73   73   76   78   82   85   89   93   98  102
  107  110  115  117  121  123  127  127  131  129  133  129  134  129  132  128
  133  129  132  132  142  136  136  139  129                                   
    80.0-180.0 180.0   5.0 450.0                            LAT/LON1/LON2/DLON/H
  133  135  135  140  139  144  147  153  155  160  162  167  167  171  170  172
  170  170  166  165  160  157  151  147  139  132  124  117  108  101   93   88
   82   78   75   73   72   73   73   75   77   81   85   89   93   98  102  107
  111  115  119  123  127  130  134  136  139  140  142  143  144  144  144  145
  145  145  145  146  151  147  144  147  133                                   
    77.5-180.0 180.0   5.0 450.0                            LAT/LON1/LON2/DLON/H
  147  147  145  150  150  157  163  170  174  179  184  188  190  192  192  192
  190  188  185  183  178  174  169  164  157  149  141  133  124  114  105   97
   90   84   82   78   78   77   79   79   82   84   89   92   97  100  105  109
  113  117  119  123  126  130  134  137  140  142  145  146  148  148  149  150
  151  152  153  154  157  153  151  154  147                                   
    75.0-180.0 180.0   5.0 450.0                            LAT/LON1/LON2/DLON/H
  159  161  160  164  166  174  183  191  198  203  207  210  211  211  208  205
  200  197  193  191  186  184  179  175  168  162  153  145  135  126  116  107
   99   94   91   88   87   86   88   88   90   93   96   99  102  105  108  111
  114  116  119  121  124  127  130  134  137  141  143  147  149  152  152  154
  156  158  161  163  167  165  166  171  159                                   
    72.5-180.0 180.0   5.0 450.0                            LAT/LON1/LON2/DLON/H
  177  178  177  182  184  193  202  212  220  225  230  230  229  223  216  207
  199  192  186  183  180  178  175  173  168  163  157  149  141  132  122  114
  106  101   97   96   94   95   96   97   98  100  102  103  103  104  106  107
  108  109  112  113  116  117  121  124  129  132  136  139  145  148  151  154
  158  162  168  172  179  179  182  191  177                                   
    70.0-180.0 180.0   5.0 450.0                            LAT/LON1/LON2/DLON/H
  191  194  193  195  200  209  220  233  241  250  251  252  244  234  218  205
  191  181  172  168  165  164  162  162  159  156  151  145  138  130  123  115
  109  104  101  101   99  100  100  101  101  101  103  102  101  100  100   99
   98   98  101  102  104  106  110  114  119  125  130  136  143  148  153  157
  163  168  175  182  190  193  200  213  191                                   
    67.5-180.0 180.0   5.0 450.0                            LAT/LON1/LON2/DLON/H
  209  208  206  208  209  218  231  244  256  265  270  267  257  241  220  200
  180  166  154  150  146  146  145  146  144  142  137  132  126  120  113  109
  103  101   98   97   96   96   96   97   96   96   95   94   92   91   90   88
   88   88   92   93   96   96  100  104  111  117  125  133  142  149  155  160
  166  172  179  188  198  204  212  230  209                                   
    65.0-180.0 180.0   5.0 450.0                            LAT/LON1/LON2/DLON/H
  219  220  218  216  215  220  231  247  259  274  281  281  267  247  220  195
  172  152  140  132  130  127  128  126  126  120  118  111  108  100   99   93
   92   88   89   87   88   87   87   86   86   85   85   82   81   78   77   75
   76   78   83   86   87   90   92   98  107  116  125  136  148  156  162  167
  173  177  185  192  202  210  222  243  219                                   
    62.5-180.0 180.0   5.0 450.0                            LAT/LON1/LON2/DLON/H
  228  226  223  218  214  215  224  236  251  268  282  283  272  251  222  195
  167  147  131  123  117  114  112  109  105   99   95   89   85   80   78   76
   74   73   73   72   72   71   72   71   71   71   70   69   67   65   64   63
   67   70   75   78   81   84   86   94  103  115  126  140  155  164  171  177
  180  184  188  195  204  213  225  247  228                                   
    60.0-180.0 180.0   5.0 450.0                            LAT/LON1/LON2/DLON/H
  237  234  229  219  211  209  213  223  236  257  272  280  273  255  227  198
  172  149  134  121  114  106  102   94   89   80   76   69   68   62   63   58
   60   56   59   56   58   56   58   57   59   58   60   57   57   54   54   54
   58   63   70   74   78   83   86   94  106  120  135  150  168  178  187  192
  197  199  203  206  212  220  234  256  237                                   
    57.5-180.0 180.0   5.0 450.0                            LAT/LON1/LON2/DLON/H
  255  247  240  228  214  209  208  215  226  243  260  271  270  256  235  209
  184  164  145  132  119  109   98   88   78   70   63   58   54   52   51   49
   48   47   47   47   48   48   49   50   52   53   54   53   52   50   50   52
   56   61   67   73   77   83   85   94  106  124  141  161  179  195  204  214
  217  221  222  225  229  234  244  263  255                                   
    55.0-180.0 180.0   5.0 450.0                            LAT/LON1/LON2/DLON/H
  279  272  263  245  229  218  215  215  222  235  250  262  264  259  243  223
  203  182  163  146  131  116  103   88   77   66   61   55   54   50   51   48
   48   45   47   45   48   47   51   50   55   55   57   55   55   53   53   55
   59   65   72   78   81   87   91  100  115  132  152  173  193  210  223  235
  244  248  252  252  255  257  267  283  279                                   
    52.5-180.0 180.0   5.0 450.0                            LAT/LON1/LON2/DLON/H
  312  305  296  277  258  246  238  232  233  240  251  259  263  262  254  241
  225  207  185  167  146  130  112   98   84   75   68   65   63   62   60   58
   55   54   53   54   55   57   59   61   64   65   67   66   65   62   63   65
   69   72   78   83   86   93   97  107  120  140  158  182  203  223  240  257
  267  276  279  283  285  287  293  306  312                                   
    50.0-180.0 180.0   5.0 450.0                            LAT/LON1/LON2/DLON/H
  348  349  339  318  303  290  276  264  258  258  260  265  267  269  264  257
  245  226  205  184  164  145  127  112   99   89   82   78   77   74   71   67
   65   63   64   65   69   70   74   75   78   79   81   79   79   78   78   80
   83   87   91   96   98  101  107  116  132  148  169  193  215  235  254  274
  290  303  312  318  323  326  337  340  348                                   
    47.5-180.0 180.0   5.0 450.0                            LAT/LON1/LON2/DLON/H
  381  392  380  368  352  341  324  308  296  287  283  279  279  279  276  272
  261  244  222  201  181  164  146  133  121  112  103   99   94   91   84   79
   76   75   76   80   83   86   88   89   91   92   94   93   94   92   94   96
  100  102  106  108  108  112  115  124  138  159  178  203  225  247  268  289
  308  326  339  354  360  367  373  372  381                                   
    45.0-180.0 180.0   5.0 450.0                            LAT/LON1/LON2/DLON/H
  410  428  419  409  400  389  370  352  333  318  305  297  291  291  288  285
  274  257  234  212  196  181  168  154  143  132  123  115  109  101   92   85
   82   82   86   90   95   97   99   99  102  102  105  105  108  109  111  114
  116  120  122  124  123  124  128  135  151  170  190  214  236  261  279  302
  322  342  361  379  391  400  412  400  410                                   
    42.5-180.0 180.0   5.0 450.0                            LAT/LON1/LON2/DLON/H
  428  447  439  437  429  424  404  390  367  349  330  315  307  303  300  294
  283  265  242  222  208  199  188  177  164  151  137  126  116  105   93   85
   83   85   91   97  102  104  106  106  108  109  112  114  119  121  125  128
  132  135  136  138  135  138  139  149  165  183  202  224  248  270  289  309
  330  352  371  392  404  416  427  413  428                                   
    40.0-180.0 180.0   5.0 450.0                            LAT/LON1/LON2/DLON/H
  440  458  451  447  445  442  427  416  394  375  351  335  323  318  311  305
  292  274  252  234  224  216  208  196  181  162  145  129  117  103   91   82
   83   85   94   99  105  105  108  107  111  114  120  124  130  134  138  143
  146  149  150  150  148  149  155  164  180  195  214  235  258  280  296  317
  337  357  377  394  409  421  436  421  440                                   
    37.5-180.0 180.0   5.0 450.0                            LAT/LON1/LON2/DLON/H
  444  457  448  444  441  440  428  423  404  389  365  350  338  332  323  315
  299  282  261  248  239  234  224  208  189  167  145  128  115  104   93   87
   88   93  101  107  111  112  111  113  117  121  127  133  137  142  147  152
  154  158  155  158  154  160  164  177  188  205  222  242  266  285  302  321
  342  359  377  393  407  422  434  421  444                                   
    35.0-180.0 180.0   5.0 450.0                            LAT/LON1/LON2/DLON/H
  453  459  446  435  431  429  420  418  405  396  376  363  351  345  336  325
  310  293  276  264  257  250  238  216  192  166  145  129  121  110  106  100
  105  109  118  122  125  122  121  121  126  129  135  140  144  150  153  158
  159  161  159  159  158  161  169  179  192  206  224  243  267  289  307  329
  350  366  380  393  405  422  445  433  453                                   
    32.5-180.0 180.0   5.0 450.0                            LAT/LON1/LON2/DLON/H
  467  467  451  437  427  421  414  413  405  400  383  374  362  358  347  338
  321  307  291  282  274  264  247  220  193  169  152  146  141  141  135  136
  138  145  149  151  149  146  141  140  141  143  146  148  150  154  156  160
  157  159  154  156  152  158  162  174  185  201  220  240  264  288  313  337
  358  371  381  389  399  423  451  446  467                                   
    30.0-180.0 180.0   5.0 450.0                            LAT/LON1/LON2/DLON/H
  492  487  472  452  443  435  426  422  415  410  397  388  378  373  363  353
  337  323  308  299  289  275  253  225  200  181  175  178  185  190  191  192
  193  196  197  192  185  177  171  166  163  161  161  161  159  162  160  161
  155  154  147  146  144  148  153  163  177  196  219  244  270  296  326  354
  371  384  390  396  403  429  474  482  492                                   
    27.5-180.0 180.0   5.0 450.0                            LAT/LON1/LON2/DLON/H
  530  523  508  492  485  473  458  449  440  434  419  409  396  390  378  369
  352  338  323  311  297  279  256  231  212  206  212  229  247  262  269  269
  270  265  262  246  231  218  206  198  188  183  178  173  168  165  160  156
  147  140  129  125  122  129  137  151  167  189  219  249  282  313  346  375
  394  405  411  414  423  449  499  522  530                                   
    25.0-180.0 180.0   5.0 450.0                            LAT/LON1/LON2/DLON/H
  584  584  567  558  557  545  521  503  486  473  455  440  423  411  395  383
  365  349  332  317  299  280  259  243  238  248  272  303  333  354  364  360
  353  338  324  299  276  255  237  228  214  205  194  187  178  174  162  155
  139  127  115  107  105  113  124  143  164  192  223  263  300  336  371  403
  431  446  457  461  470  495  555  588  584                                   
    22.5-180.0 180.0   5.0 450.0                            LAT/LON1/LON2/DLON/H
  646  656  651  654  655  634  605  576  551  527  502  479  456  439  418  402
  382  363  341  320  300  283  270  270  282  312  353  398  432  451  452  443
  422  399  372  338  305  280  258  247  231  219  204  194  183  176  161  149
  130  115  100   90   90   96  113  134  160  190  228  271  311  349  387  427
  462  489  507  519  529  549  618  650  646                                   
    20.0-180.0 180.0   5.0 450.0                            LAT/LON1/LON2/DLON/H
  700  725  736  762  770  750  709  670  633  598  563  529  498  472  447  424
  401  377  353  331  312  302  302  321  350  398  445  490  515  527  521  501
  468  434  398  357  317  290  265  256  238  228  209  201  189  183  165  152
  132  113   96   85   84   92  108  134  163  204  245  290  330  367  406  452
  497  533  565  581  597  620  694  723  700                                   
    17.5-180.0 180.0   5.0 450.0                            LAT/LON1/LON2/DLON/H
  740  776  807  842  861  838  800  753  710  665  625  581  546  511  482  456
  429  404  379  357  341  341  355  394  434  479  518  544  549  544  523  494
  453  421  381  342  305  282  262  253  238  226  209  201  191  184  171  157
  141  121  106   88   89   91  115  139  177  219  261  303  343  381  422  472
  518  560  598  624  645  675  748  760  740                                   
    15.0-180.0 180.0   5.0 450.0                            LAT/LON1/LON2/DLON/H
  773  813  847  895  921  903  868  819  774  726  682  636  596  557  524  492
  467  442  418  399  389  401  425  471  510  544  561  566  549  527  489  450
  411  381  346  311  281  266  251  248  235  225  209  204  195  189  178  166
  152  136  119  106   98  107  128  159  196  242  281  321  361  399  446  492
  541  580  625  653  687  715  787  783  773                                   
    12.5-180.0 180.0   5.0 450.0                            LAT/LON1/LON2/DLON/H
  775  824  862  906  932  920  895  853  820  777  738  690  650  609  574  540
  513  491  470  456  450  467  492  530  557  571  563  537  494  452  403  370
  339  317  293  270  255  247  242  240  230  219  206  201  195  191  182  172
  162  147  134  114  112  116  143  171  211  252  290  329  371  419  463  515
  556  598  635  666  697  723  779  774  775                                   
    10.0-180.0 180.0   5.0 450.0                            LAT/LON1/LON2/DLON/H
  785  827  862  902  927  912  892  862  837  809  776  734  695  651  618  583
  559  535  522  512  515  530  555  583  592  576  540  477  416  357  314  286
  273  261  254  244  239  239  236  236  226  216  206  201  200  195  189  179
  169  156  139  125  119  130  154  183  223  258  298  334  382  431  481  527
  569  603  641  666  698  719  772  757  785                                   
     7.5-180.0 180.0   5.0 450.0                            LAT/LON1/LON2/DLON/H
  765  813  845  886  906  901  886  869  856  836  811  775  739  697  660  627
  601  581  570  564  567  583  598  607  587  543  475  396  319  270  236  230
