data/unet/pred1970.15i
     1.0            IONOSPHERE MAPS     GNSS                IONEX VERSION / TYPE
pyspatialgeodesy        IME             05-JAN-18 20:20     PGM / RUN BY / DATE 
Map Name                                                    COMMENT             
Predicted global ionosphere maps (GIM).                     DESCRIPTION         
  2015     7    16     0     0     0                        EPOCH OF FIRST MAP  
  2015     7    17     0     0     0                        EPOCH OF LAST MAP   
  7200                                                      INTERVAL            
    13                                                      # OF MAPS IN FILE   
  NONE                                                      MAPPING FUNCTION    
10.0                                                        ELEVATION CUTOFF    
One-way carrier phase leveled to code                       OBSERVABLES USED    
  6371.0                                                    BASE RADIUS         
 2                                                          MAP DIMENSION       
   450.0 450.0   0.0                                        HGT1 / HGT2 / DHGT  
    87.5 -87.5  -2.5                                        LAT1 / LAT2 / DLAT  
  -180.0 180.0   5.0                                        LON1 / LON2 / DLON  
    -1                                                      EXPONENT            
                                                            END OF HEADER       
[from data line 3432]
     9                                                      START OF TEC MAP    
  2015     7    16    16     0     0                        EPOCH OF CURRENT MAP
    87.5-180.0 180.0   5.0 450.0                            LAT/LON1/LON2/DLON/H
  164  172  170  170  171  170  172  173  175  176  177  178  179  179  179  179
  179  179  179  177  177  176  176  174  174  172  172  170  171  169  170  169
  170  169  170  169  170  168  169  166  167  165  165  163  165  163  164  163
  165  164  165  164  165  164  164  163  164  163  163  163  164  163  163  163
  164  164  165  164  163  164  169  177  164                                   
    85.0-180.0 180.0   5.0 450.0                            LAT/LON1/LON2/DLON/H
  150  164  165  170  172  172  175  175  178  178  181  180  183  182  184  182
  184  182  184  182  183  180  180  178  177  175  174  172  171  170  169  168
  168  168  168  167  167  166  165  164  163  162  160  160  160  161  160  161
  161  161  161  161  162  160  161  159  161  159  160  158  160  158  160  158
  161  159  162  160  160  157  160  152  150                                   
    82.5-180.0 180.0   5.0 450.0                            LAT/LON1/LON2/DLON/H
  158  158  159  160  162  163  165  167  169  171  173  174  176  177  178  178
  179  179  179  178  178  176  175  173  171  169  166  165  162  162  158  158
  156  157  155  156  154  155  153  153  153  153  151  152  152  153  152  152
  153  152  152  152  152  151  151  150  150  150  149  148  148  148  148  147
  148  148  150  150  151  147  157  142  158                                   
    80.0-180.0 180.0   5.0 450.0                            LAT/LON1/LON2/DLON/H
  150  152  152  158  159  162  163  166  167  170  170  173  172  176  175  178
  178  180  180  181  180  181  178  178  174  174  168  168  162  162  157  157
  153  155  151  153  151  152  150  151  150  151  151  153  152  154  153  154
  153  155  152  154  152  153  150  151  149  149  146  147  144  145  141  143
  141  143  142  143  142  145  145  138  150                                   
    77.5-180.0 180.0   5.0 450.0                            LAT/LON1/LON2/DLON/H
  145  147  147  151  154  159  161  164  163  166  165  168  166  169  169  172
  172  174  175  178  178  179  178  178  174  173  168  168  163  162  157  156
  153  153  150  151  148  150  148  150  149  151  149  152  150  152  150  151
  149  151  149  150  148  148  146  147  144  144  141  141  138  137  135  135
  134  134  135  134  134  132  135  129  145                                   
    75.0-180.0 180.0   5.0 450.0                            LAT/LON1/LON2/DLON/H
  140  145  147  150  157  159  162  161  163  162  163  161  163  162  164  164
  168  168  173  174  179  179  182  180  181  177  175  171  169  164  162  157
  156  153  153  151  152  151  152  152  153  153  154  154  154  154  153  153
  152  152  150  151  149  150  148  148  146  145  143  141  139  138  136  135
  134  134  134  132  133  133  134  130  140                                   
    72.5-180.0 180.0   5.0 450.0                            LAT/LON1/LON2/DLON/H
  141  148  148  152  156  160  162  163  161  162  158  160  157  160  159  162
  164  167  171  174  177  181  182  183  183  181  178  174  170  166  162  159
  155  154  152  152  151  152  151  153  152  154  152  153  151  153  150  152
  149  150  147  149  147  149  146  147  144  144  140  140  137  137  133  134
  132  132  132  132  130  128  132  127  141                                   
    70.0-180.0 180.0   5.0 450.0                            LAT/LON1/LON2/DLON/H
  139  146  150  154  159  161  165  161  163  159  159  156  157  155  158  157
  161  163  170  172  179  181  188  187  189  185  184  178  176  170  167  162
  161  159  159  158  158  158  158  158  159  158  157  156  155  154  152  152
  150  151  148  151  150  151  150  150  148  147  145  143  141  139  137  136
  136  135  135  134  132  132  134  129  139                                   
    67.5-180.0 180.0   5.0 450.0                            LAT/LON1/LON2/DLON/H
  140  151  152  155  160  163  165  164  162  161  158  158  156  157  157  159
  161  164  169  173  178  182  186  187  188  185  184  178  175  169  165  163
  161  160  160  160  158  160  158  160  158  159  157  157  154  154  151  151
  148  150  149  152  151  154  152  153  149  149  145  145  141  141  138  139
  136  137  136  136  133  130  133  129  140                                   
    65.0-180.0 180.0   5.0 450.0                            LAT/LON1/LON2/DLON/H
  138  148  153  156  162  163  167  163  165  160  162  158  159  157  160  159
  163  163  169  171  178  180  186  186  188  184  183  178  176  171  170  167
  168  166  167  166  166  166  165  165  164  164  162  160  158  155  153  152
  151  154  154  157  159  160  160  159  157  155  152  150  147  145  143  141
  140  139  140  138  136  135  136  133  138                                   
    62.5-180.0 180.0   5.0 450.0                            LAT/LON1/LON2/DLON/H
  136  149  151  155  160  163  165  165  164  163  162  162  161  163  163  165
  165  167  169  172  175  179  182  183  183  181  178  174  173  169  169  169
  169  169  169  169  166  167  165  166  164  164  162  161  158  157  154  155
  154  158  159  163  163  166  164  164  160  158  153  152  147  146  142  142
  138  138  137  136  133  129  132  129  136                                   
    60.0-180.0 180.0   5.0 450.0                            LAT/LON1/LON2/DLON/H
  129  140  146  150  157  158  164  162  165  163  166  163  167  165  169  167
  170  167  170  169  174  174  179  178  180  175  174  170  171  170  173  174
  177  177  177  175  173  172  170  170  168  168  166  164  162  160  160  160
  161  164  167  171  172  175  173  172  167  164  160  156  153  149  146  142
  138  136  135  133  130  129  130  129  129                                   
    57.5-180.0 180.0   5.0 450.0                            LAT/LON1/LON2/DLON/H
  124  136  141  146  153  157  161  162  164  164  165  166  167  168  169  170
  170  169  168  168  168  170  172  173  172  170  166  165  165  167  171  175
  178  180  179  178  174  173  170  171  169  170  169  168  165  164  163  165
  165  169  171  175  175  178  176  176  170  167  162  159  153  149  144  140
  134  131  129  126  123  117  120  120  124                                   
    55.0-180.0 180.0   5.0 450.0                            LAT/LON1/LON2/DLON/H
  115  125  135  140  150  153  160  160  166  164  168  166  171  169  173  170
  173  168  169  164  167  165  170  168  170  166  165  163  166  168  176  181
  187  188  189  186  182  180  178  178  177  176  176  173  172  170  171  171
  173  176  178  180  179  182  178  178  171  168  163  159  154  148  144  136
  130  124  121  117  114  112  114  116  115                                   
    52.5-180.0 180.0   5.0 450.0                            LAT/LON1/LON2/DLON/H
  110  123  130  138  148  155  160  164  167  168  169  168  169  169  170  169
  169  167  165  162  162  162  164  165  166  166  164  166  168  173  180  187
  192  195  195  191  187  185  182  184  183  185  184  182  179  178  177  178
  177  180  178  180  178  178  175  173  167  165  160  159  153  149  141  134
  126  119  115  109  105  100  103  105  110                                   
    50.0-180.0 180.0   5.0 450.0                            LAT/LON1/LON2/DLON/H
  105  116  128  136  148  155  163  167  171  172  173  171  172  168  171  168
  171  167  167  162  163  160  164  164  168  167  168  170  176  181  189  195
  202  203  204  200  197  195  194  196  196  196  196  192  190  187  187  186
  186  185  184  182  180  178  174  172  167  166  165  162  160  152  147  133
  126  115  111  104  101   97  101  105  105                                   
    47.5-180.0 180.0   5.0 450.0                            LAT/LON1/LON2/DLON/H
  104  119  126  138  149  160  167  175  178  180  180  177  175  172  171  170
  169  169  167  165  164  161  164  164  169  171  174  179  183  189  196  202
  209  211  212  208  206  204  205  207  207  208  206  204  199  197  194  194
  190  191  185  186  179  178  171  170  163  165  163  164  160  155  147  137
  126  117  111  104   98   93   98  100  104                                   
    45.0-180.0 180.0   5.0 450.0                            LAT/LON1/LON2/DLON/H
  105  117  129  137  152  164  176  183  189  191  190  187  183  178  177  175
  177  176  177  174  173  168  171  169  174  177  184  188  195  200  207  212
  217  219  221  219  218  217  219  221  222  222  221  216  213  209  207  204
  202  198  194  189  185  179  175  172  168  168  169  170  170  163  158  144
  135  123  119  109  104   99  104  104  105                                   
    42.5-180.0 180.0   5.0 450.0                            LAT/LON1/LON2/DLON/H
  106  120  126  138  151  166  178  192  199  203  202  199  194  188  187  183
  185  186  186  186  182  177  178  175  181  183  192  197  204  209  216  220
  226  229  233  232  233  232  236  236  237  235  232  227  223  219  217  214
  211  206  199  195  186  183  175  172  167  168  168  170  170  165  159  150
  140  132  126  118  112  105  106  106  106                                   
    40.0-180.0 180.0   5.0 450.0                            LAT/LON1/LON2/DLON/H
  106  116  125  134  150  166  184  199  210  214  216  213  207  202  198  197
  198  202  202  202  197  193  190  187  191  194  203  208  218  221  227  233
  237  243  246  249  251  253  254  254  252  250  246  241  238  233  230  225
  222  213  208  200  195  187  183  178  174  173  174  176  177  173  168  160
  153  144  138  129  124  116  115  111  106                                   
    37.5-180.0 180.0   5.0 450.0                            LAT/LON1/LON2/DLON/H
  106  115  116  127  141  159  177  198  212  221  223  225  219  215  210  208
  210  214  214  217  210  206  199  194  198  200  210  217  228  234  241  248
  257  265  271  273  276  275  276  272  270  264  260  254  249  245  241  237
  231  223  214  209  201  197  187  185  176  178  176  180  177  176  170  166
  158  153  147  140  133  124  120  113  106                                   
    35.0-180.0 180.0   5.0 450.0                            LAT/LON1/LON2/DLON/H
  108  109  112  119  135  154  174  196  214  227  234  238  235  232  225  224
  222  229  227  232  224  223  213  212  210  216  223  233  244  254  262  273
  283  296  304  308  309  305  301  297  290  284  278  273  267  262  256  249
  243  232  224  215  210  202  196  187  183  179  180  183  184  182  179  175
  170  164  157  148  140  132  125  118  108                                   
    32.5-180.0 180.0   5.0 450.0                            LAT/LON1/LON2/DLON/H
  111  108  105  113  126  144  164  189  209  227  237  247  246  246  239  235
  231  235  233  241  234  233  224  221  220  226  235  247  260  272  284  299
  313  331  339  344  344  338  327  318  309  300  293  287  282  277  269  264
  252  241  228  222  212  208  198  194  183  185  180  188  183  186  179  179
  171  169  160  153  143  136  130  119  111                                   
    30.0-180.0 180.0   5.0 450.0                            LAT/LON1/LON2/DLON/H
  112  104  105  107  119  137  158  182  204  225  241  256  260  266  257  257
  246  250  243  252  243  248  237  240  236  246  253  272  286  304  317  334
  352  369  379  384  381  370  356  343  330  321  310  306  298  292  283  275
  263  248  235  224  217  207  199  190  183  178  180  183  185  185  181  179
  173  170  162  155  145  138  132  123  112                                   
    27.5-180.0 180.0   5.0 450.0                            LAT/LON1/LON2/DLON/H
  117  108  104  107  117  133  151  175  197  220  236  256  262  270  266  263
  257  257  254  260  256  258  251  252  251  260  271  290  311  330  349  370
  389  405  413  416  410  397  379  361  344  333  322  316  307  303  292  284
  268  252  233  223  211  204  194  188  178  177  175  183  182  185  177  178
  169  169  160  156  146  140  135  121  117                                   
    25.0-180.0 180.0   5.0 450.0                            LAT/LON1/LON2/DLON/H
  120  111  109  107  118  130  149  170  192  214  233  256  267  281  277  281
  271  273  265  271  263  271  258  268  266  282  294  320  340  362  382  406
  427  440  446  447  436  422  399  380  360  348  335  329  321  314  302  288
  269  249  230  213  202  193  185  175  168  165  168  171  175  174  170  168
  163  164  157  152  144  138  135  125  120                                   
    22.5-180.0 180.0   5.0 450.0                            LAT/LON1/LON2/DLON/H
  123  118  116  116  123  135  150  172  189  211  228  252  264  278  278  279
  275  277  275  281  279  281  276  281  282  296  312  336  361  387  413  438
  456  466  466  463  445  432  406  390  371  360  347  342  330  323  305  290
  265  245  220  208  191  185  172  167  159  159  159  166  167  166  161  160
  155  156  151  149  140  137  136  120  123                                   
    20.0-180.0 180.0   5.0 450.0                            LAT/LON1/LON2/DLON/H
  123  120  122  119  129  135  152  169  186  205  222  244  262  277  284  289
  287  291  287  296  291  295  284  294  292  312  324  357  379  406  433  456
  470  480  471  464  447  427  407  390  380  369  362  356  347  335  316  294
  269  243  219  197  178  167  160  153  151  149  153  155  158  153  150  147
  144  145  143  139  134  129  133  122  123                                   
    17.5-180.0 180.0   5.0 450.0                            LAT/LON1/LON2/DLON/H
  123  123  127  127  132  141  152  174  188  208  219  241  256  278  284  294
  294  300  301  307  308  307  300  303  306  321  341  370  399  429  455  475
  485  485  471  458  435  418  399  392  385  379  375  367  359  343  323  299
  270  243  213  186  166  156  153  148  146  146  147  148  148  143  138  134
  131  129  130  129  125  125  125  116  123                                   
    15.0-180.0 180.0   5.0 450.0                            LAT/LON1/LON2/DLON/H
  120  120  123  123  132  138  152  169  187  204  218  235  254  275  293  303
  314  316  318  323  321  321  313  316  316  335  353  388  418  444  467  479
  484  476  455  437  418  401  392  389  389  389  384  378  365  350  326  300
  273  243  213  186  167  155  149  144  147  146  146  144  141  134  128  124
  119  120  122  119  118  116  120  111  120                                   
    12.5-180.0 180.0   5.0 450.0                            LAT/LON1/LON2/DLON/H
  117  115  118  120  124  136  146  167  186  207  220  238  253  279  294  316
  323  334  334  341  337  336  327  329  332  350  373  406  439  461  475  481
  478  462  442  427  406  400  390  396  394  397  391  382  369  349  327  301
  270  242  212  190  172  160  152  149  152  149  146  141  137  126  122  114
  112  108  113  112  110  112  110  100  117                                   
    10.0-180.0 180.0   5.0 450.0                            LAT/LON1/LON2/DLON/H
  108  105  108  108  115  125  138  156  180  201  218  236  253  277  301  322
  336  347  351  359  357  357  349  348  351  372  395  429  456  470  480  475
  471  452  436  419  407  400  396  399  397  398  388  380  361  343  318  294
  266  240  214  194  177  164  159  158  161  156  150  141  134  123  115  109
  104  103  106  105  105  105  107   91  108                                   
     7.5-180.0 180.0   5.0 450.0                            LAT/LON1/LON2/DLON/H
  100  101  102  101  103  117  126  149  174  198  217  234  254  275  297  323
  338  358  362  374  369  372  362  368  371  394  416  446  470  476  480  471
