data/unet/pred2760.15i
     1.0            IONOSPHERE MAPS     GNSS                IONEX VERSION / TYPE
pyspatialgeodesy        IME             05-JAN-18 20:20     PGM / RUN BY / DATE 
Map Name                                                    COMMENT             
Predicted global ionosphere maps (GIM).                     DESCRIPTION         
  2015    10     3     0     0     0                        EPOCH OF FIRST MAP  
  2015    10     4     0     0     0                        EPOCH OF LAST MAP   
  7200                                                      INTERVAL            
    13                                                      # OF MAPS IN FILE   
  NONE                                                      MAPPING FUNCTION    
10.0                                                        ELEVATION CUTOFF    
One-way carrier phase leveled to code                       OBSERVABLES USED    
  6371.0                                                    BASE RADIUS         
 2                                                          MAP DIMENSION       
   450.0 450.0   0.0                                        HGT1 / HGT2 / DHGT  
    87.5 -87.5  -2.5                                        LAT1 / LAT2 / DLAT  
  -180.0 180.0   5.0                                        LON1 / LON2 / DLON  
    -1                                                      EXPONENT            
                                                            END OF HEADER       
[from data line 4719]
    12                                                      START OF TEC MAP    
  2015    10     3    22     0     0                        EPOCH OF CURRENT MAP
    87.5-180.0 180.0   5.0 450.0                            LAT/LON1/LON2/DLON/H
  169  118  101  106  105  106  107  108  110  111  112  113  115  114  116  115
  117  115  116  114  115  112  112  110  109  109  107  106  104  104  102  101
   99   99   97   97   95   95   94   93   93   92   92   91   91   91   90   90
   90   90   89   89   89   89   89   89   89   89   89   90   90   91   91   91
   92   92   93   94   96   97  100  140  169                                   
    85.0-180.0 180.0   5.0 450.0                            LAT/LON1/LON2/DLON/H
  100   90   92   98  100  101  103  106  108  111  112  116  116  119  119  121
  120  121  119  119  117  116  112  112  108  107  104  103  100   99   96   94
   91   89   87   85   84   82   80   78   78   76   76   74   75   73   74   71
   73   71   72   71   72   71   72   72   73   73   74   75   75   76   77   78
   78   80   80   83   84   87   86  111  100                                   
    82.5-180.0 180.0   5.0 450.0                            LAT/LON1/LON2/DLON/H
   84   85   92   97  101  103  108  110  116  117  123  124  129  128  131  131
  132  129  130  127  127  123  122  118  116  112  111  107  105  101  100   97
   95   91   90   87   85   82   81   79   78   76   75   73   73   71   71   69
   69   67   68   67   69   67   69   67   70   68   71   69   72   70   74   72
   76   74   79   76   81   79   84   96   84                                   
    80.0-180.0 180.0   5.0 450.0                            LAT/LON1/LON2/DLON/H
   84   85   87   94   96  101  106  112  116  122  126  132  134  137  137  139
  137  136  133  131  127  125  119  118  113  111  106  105  100   99   95   94
   90   88   85   84   80   79   76   75   73   72   70   69   68   66   65   63
   63   61   61   60   60   60   60   60   61   60   62   62   63   63   65   65
   66   67   68   69   72   76   77   86   84                                   
    77.5-180.0 180.0   5.0 450.0                            LAT/LON1/LON2/DLON/H
   80   84   85   91   94   99  106  112  119  124  131  135  139  140  142  141
  139  136  133  128  125  120  117  113  109  105  102   99   96   94   91   89
   87   84   83   80   77   75   73   71   68   67   65   64   62   61   60   59
   58   58   57   57   56   56   56   56   57   58   59   59   60   61   63   63
   65   65   67   68   72   74   76   84   80                                   
    75.0-180.0 180.0   5.0 450.0                            LAT/LON1/LON2/DLON/H
   81   86   86   93   94  101  105  114  119  129  133  140  142  145  144  143
  138  135  128  124  116  113  107  104   99   97   93   92   88   88   84   85
   82   82   78   79   74   73   69   68   64   64   60   60   58   58   56   56
   55   55   53   54   53   53   52   54   53   55   55   58   58   61   61   64
   64   67   67   70   72   78   81   87   81                                   
    72.5-180.0 180.0   5.0 450.0                            LAT/LON1/LON2/DLON/H
   86   91   91   96   98  102  108  115  123  130  137  142  145  145  144  141
  135  129  122  115  110  104  101   97   94   90   87   85   82   80   80   78
   78   76   76   74   73   69   67   63   61   58   57   54   54   53   53   52
   52   51   51   50   50   50   50   50   52   53   55   56   59   61   64   66
   68   70   73   74   78   83   86   93   86                                   
    70.0-180.0 180.0   5.0 450.0                            LAT/LON1/LON2/DLON/H
   92   99   97  102  102  107  110  118  123  132  137  144  145  146  143  139
  131  124  114  109  101   97   91   90   85   83   79   78   74   74   71   73
   71   72   70   71   67   66   61   60   55   54   51   51   49   49   48   48
   47   48   46   47   45   46   45   47   48   50   52   56   58   62   64   68
   70   74   76   80   84   90   93  100   92                                   
    67.5-180.0 180.0   5.0 450.0                            LAT/LON1/LON2/DLON/H
  100  107  105  108  108  110  114  119  126  132  139  144  147  145  142  135
  127  117  111  103   98   93   90   86   83   78   76   72   70   66   66   63
   65   63   64   63   61   59   56   53   51   48   47   45   45   44   45   44
   45   43   43   42   41   41   42   43   45   47   50   54   58   62   66   69
   73   76   80   84   88   95   97  105  100                                   
    65.0-180.0 180.0   5.0 450.0                            LAT/LON1/LON2/DLON/H
  106  115  112  116  114  117  118  124  129  136  141  148  148  147  142  137
  126  119  110  106   98   96   90   88   82   78   73   70   65   62   60   59
   57   58   55   56   53   53   48   49   44   44   41   42   41   42   41   42
   41   41   38   38   36   37   36   39   40   45   47   53   55   62   65   71
   74   78   81   86   90   97  103  112  106                                   
    62.5-180.0 180.0   5.0 450.0                            LAT/LON1/LON2/DLON/H
  113  122  118  122  121  121  124  127  133  138  145  149  151  148  144  137
  130  121  117  110  108  102  100   93   89   80   77   70   66   59   58   53
   53   50   50   48   47   46   44   43   41   41   39   39   39   41   41   41
   40   38   36   34   32   32   33   36   39   43   47   51   56   61   66   71
   75   79   82   85   91   97  103  114  113                                   
    60.0-180.0 180.0   5.0 450.0                            LAT/LON1/LON2/DLON/H
  115  127  124  130  129  130  129  133  137  142  147  152  153  152  148  143
  136  132  127  125  121  118  111  105   96   88   80   73   68   62   58   53
   50   49   45   46   42   44   40   43   41   42   40   42   41   44   43   44
   42   40   35   34   31   32   31   35   38   43   46   52   55   62   66   72
   75   80   82   86   91   98  106  118  115                                   
    57.5-180.0 180.0   5.0 450.0                            LAT/LON1/LON2/DLON/H
  121  134  131  138  139  138  139  139  143  146  151  155  156  156  152  149
  145  141  141  139  137  132  126  116  109   97   91   82   77   68   65   58
   56   50   48   46   45   45   45   46   46   47   46   49   49   51   50   50
   47   44   39   36   34   34   36   39   43   47   51   56   61   66   71   76
   81   85   87   90   95  100  106  121  121                                   
    55.0-180.0 180.0   5.0 450.0                            LAT/LON1/LON2/DLON/H
  127  143  142  152  151  152  150  151  151  154  155  160  160  161  159  159
  156  156  155  157  154  149  141  132  120  110  101   94   88   81   75   68
   63   58   53   53   49   52   51   56   55   58   57   60   60   62   61   60
   55   52   46   44   41   42   43   47   50   55   57   63   66   72   76   82
   87   92   94   97  101  106  115  132  127                                   
    52.5-180.0 180.0   5.0 450.0                            LAT/LON1/LON2/DLON/H
  140  154  155  165  168  168  167  164  164  163  165  166  167  168  167  167
  166  167  169  169  167  161  154  142  133  122  117  108  104   95   91   81
   75   68   64   61   61   63   65   68   70   71   71   73   73   74   72   71
   65   61   56   53   51   53   55   59   63   66   69   72   76   80   87   92
   99  104  108  111  116  119  124  143  140                                   
    50.0-180.0 180.0   5.0 450.0                            LAT/LON1/LON2/DLON/H
  152  169  172  184  185  188  185  183  179  177  175  176  177  177  177  179
  178  180  180  182  178  173  163  154  145  137  129  125  117  110  101   92
   84   78   72   72   71   76   76   83   83   87   85   89   87   88   85   84
   78   75   68   67   64   67   69   74   76   79   79   82   85   91   97  105
  111  118  123  128  133  135  142  160  152                                   
    47.5-180.0 180.0   5.0 450.0                            LAT/LON1/LON2/DLON/H
  170  184  188  201  206  207  207  202  200  194  192  189  188  188  188  188
  188  188  188  187  185  178  170  162  156  149  145  138  132  121  112  100
   94   85   82   80   84   86   91   95   98   99  100  100   99   99   96   94
   89   86   81   79   78   80   83   86   89   90   91   92   96  100  108  115
  125  133  141  148  154  158  157  178  170                                   
    45.0-180.0 180.0   5.0 450.0                            LAT/LON1/LON2/DLON/H
  184  200  207  220  223  227  226  225  221  217  212  208  206  204  202  203
  201  200  196  196  191  186  178  172  167  161  157  150  140  127  114  104
   95   90   85   88   90   96   99  106  106  110  109  112  108  109  106  105
  100   97   92   90   87   90   92   96   98   99  100  101  105  110  118  128
  138  149  158  167  175  177  178  196  184                                   
    42.5-180.0 180.0   5.0 450.0                            LAT/LON1/LON2/DLON/H
  201  210  218  230  237  241  246  244  245  237  234  225  226  220  220  215
  215  209  204  201  197  192  186  180  177  171  166  155  143  126  114  100
   96   89   90   91   98  102  109  111  114  115  117  117  116  115  113  110
  107  104  100   97   95   95   98  100  102  103  104  106  111  116  126  135
  149  159  171  181  190  195  191  213  201                                   
    40.0-180.0 180.0   5.0 450.0                            LAT/LON1/LON2/DLON/H
  211  219  225  237  245  253  260  263  265  259  252  244  241  236  230  227
  222  216  210  209  206  203  197  192  188  180  169  154  137  119  105   96
   91   90   90   96  102  108  113  117  117  120  119  120  118  118  116  115
  111  108  103   99   95   95   96   98   99  101  104  108  116  124  134  144
  157  168  181  192  201  206  205  223  211                                   
    37.5-180.0 180.0   5.0 450.0                            LAT/LON1/LON2/DLON/H
  221  222  227  239  251  259  273  276  284  276  273  259  262  252  250  240
  236  226  221  217  217  212  208  200  196  183  170  149  130  110  100   90
   91   90   96  100  110  114  121  120  122  120  122  121  121  119  119  116
  113  109  104   99   94   92   92   93   94   96  100  107  116  127  139  150
  163  175  188  198  209  214  210  233  221                                   
    35.0-180.0 180.0   5.0 450.0                            LAT/LON1/LON2/DLON/H
  227  229  233  245  256  267  281  291  298  294  288  278  278  271  264  257
  247  239  230  230  228  224  218  211  202  187  168  145  124  107   98   93
   96  100  106  112  120  125  128  128  126  126  125  124  124  121  120  116
  114  108  102   95   90   87   85   84   85   88   93  103  115  129  144  156
  169  181  195  204  216  221  218  239  227                                   
    32.5-180.0 180.0   5.0 450.0                            LAT/LON1/LON2/DLON/H
  236  233  240  250  262  273  290  300  311  307  306  296  301  291  289  274
  267  254  249  244  244  236  229  217  207  187  168  144  127  112  110  107
  116  117  126  128  137  137  141  135  134  131  131  128  127  123  121  116
  112  104   98   90   84   80   77   76   76   79   85   97  110  128  145  162
  175  189  202  211  221  226  223  248  236                                   
    30.0-180.0 180.0   5.0 450.0                            LAT/LON1/LON2/DLON/H
  247  247  255  265  275  287  301  315  323  322  320  315  318  310  304  293
  281  271  260  258  252  245  232  220  206  187  168  150  140  131  134  135
  144  144  148  147  150  149  150  145  142  139  138  134  131  125  122  115
  111  102   95   86   80   77   74   73   73   78   83   95  111  129  149  166
  181  195  208  219  229  237  238  260  247                                   
    27.5-180.0 180.0   5.0 450.0                            LAT/LON1/LON2/DLON/H
  267  269  279  288  298  306  319  328  339  337  339  334  341  332  330  316
  306  291  281  272  266  252  239  221  209  191  179  164  165  162  173  175
  185  180  180  171  170  162  164  157  156  149  147  140  136  127  122  114
  108   98   91   83   76   72   70   69   70   75   83   96  111  130  149  170
  185  202  217  230  241  250  252  278  267                                   
    25.0-180.0 180.0   5.0 450.0                            LAT/LON1/LON2/DLON/H
  291  299  311  321  326  332  338  349  355  358  358  359  361  357  352  341
  327  312  297  285  272  256  238  222  211  198  192  187  195  197  212  213
  221  210  204  190  186  176  175  172  171  167  164  156  148  137  130  119
  112  101   94   86   81   76   73   71   73   78   86  101  117  135  154  172
  191  208  225  240  254  267  276  301  291                                   
    22.5-180.0 180.0   5.0 450.0                            LAT/LON1/LON2/DLON/H
  323  334  346  355  359  360  365  370  381  384  391  387  393  384  384  371
  361  343  327  307  292  269  253  234  227  218  220  222  237  243  256  256
  259  246  233  214  203  187  184  180  184  181  180  170  161  146  133  122
  112  102   96   90   88   84   81   78   78   81   89  104  121  141  160  178
  195  215  233  254  270  285  298  324  323                                   
    20.0-180.0 180.0   5.0 450.0                            LAT/LON1/LON2/DLON/H
  351  363  376  384  388  390  392  401  409  418  420  422  423  418  413  405
  391  372  353  332  311  287  269  252  250  245  251  261  273  283  288  285
  282  268  249  225  208  194  190  192  194  196  196  186  176  159  145  130
  119  110  103   97   92   88   84   82   81   84   90  106  123  145  167  186
  203  221  243  263  283  298  320  347  351                                   
    17.5-180.0 180.0   5.0 450.0                            LAT/LON1/LON2/DLON/H
  377  391  402  413  418  421  425  434  446  453  458  458  464  456  458  444
  437  416  397  371  350  323  308  292  291  284  289  296  303  306  303  294
  286  275  254  231  212  202  197  197  200  202  201  194  183  168  152  137
  125  114  109  102   98   94   90   88   86   87   92  108  128  150  172  193
  209  228  250  274  295  315  339  367  377                                   
    15.0-180.0 180.0   5.0 450.0                            LAT/LON1/LON2/DLON/H
  400  414  424  436  444  452  457  470  482  492  494  500  502  502  499  490
  480  462  440  414  388  364  346  334  328  321  314  316  308  307  292  282
  272  264  243  225  211  205  200  201  201  202  200  195  187  175  162  148
  137  126  120  112  107  103  100  100   99  101  104  116  133  156  179  200
  217  235  260  284  308  332  361  385  400                                   
    12.5-180.0 180.0   5.0 450.0                            LAT/LON1/LON2/DLON/H
  415  433  440  457  465  478  485  504  517  532  536  543  550  548  549  539
  533  513  494  465  445  419  406  388  375  354  341  327  309  295  273  263
  254  249  235  230  219  216  213  210  207  204  200  197  192  182  170  157
  145  134  127  118  113  107  105  103  104  104  106  117  136  161  184  209
  225  244  267  293  316  344  375  403  415                                   
    10.0-180.0 180.0   5.0 450.0                            LAT/LON1/LON2/DLON/H
  431  447  455  464  480  495  503  524  540  559  568  581  586  590  589  585
  576  558  541  515  498  476  459  439  408  380  347  322  290  269  242  236
  228  233  228  230  226  223  219  211  204  194  191  187  188  178  171  159
  150  138  132  121  115  107  106  105  105  106  107  119  138  164  191  215
  234  251  277  299  325  355  389  413  431                                   
     7.5-180.0 180.0   5.0 450.0                            LAT/LON1/LON2/DLON/H
  439  465  464  480  490  510  519  539  555  577  590  604  612  614  615  615
  609  596  579  561  546  524  505  478  443  400  356  316  275  252  224  222
