data/unet/pred0140.15i
     1.0            IONOSPHERE MAPS     GNSS                IONEX VERSION / TYPE
pyspatialgeodesy        IME             05-JAN-18 20:20     PGM / RUN BY / DATE 
Map Name                                                    COMMENT             
Predicted global ionosphere maps (GIM).                     DESCRIPTION         
  2015     1    14     0     0     0                        EPOCH OF FIRST MAP  
  2015     1    15     0     0     0                        EPOCH OF LAST MAP   
  7200                                                      INTERVAL            
    13                                                      # OF MAPS IN FILE   
  NONE                                                      MAPPING FUNCTION    
10.0                                                        ELEVATION CUTOFF    
One-way carrier phase leveled to code                       OBSERVABLES USED    
  6371.0                                                    BASE RADIUS         
 2                                                          MAP DIMENSION       
   450.0 450.0   0.0                                        HGT1 / HGT2 / DHGT  
    87.5 -87.5  -2.5                                        LAT1 / LAT2 / DLAT  
  -180.0 180.0   5.0                                        LON1 / LON2 / DLON  
    -1                                                      EXPONENT            
                                                            END OF HEADER       
[from data line 858]
     3                                                      START OF TEC MAP    
  2015     1    14     4     0     0                        EPOCH OF CURRENT MAP
    87.5-180.0 180.0   5.0 450.0                            LAT/LON1/LON2/DLON/H
   40   74   73   66   68   61   66   63   68   67   70   69   71   71   72   73
   73   75   75   77   76   78   76   77   75   76   75   76   74   75   75   75
   75   75   75   75   76   75   77   75   77   76   78   76   78   77   78   76
   77   77   77   77   77   77   78   78   77   78   78   79   78   79   79   78
   79   77   79   77   79   72   80   46   40                                   
    85.0-180.0 180.0   5.0 450.0                            LAT/LON1/LON2/DLON/H
   84   82   62   63   61   58   57   57   57   58   58   59   59   61   61   63
   62   66   64   67   64   67   64   66   63   65   64   65   64   66   66   67
   67   68   69   69   71   71   73   72   73   73   74   73   73   73   73   73
   73   74   74   75   75   76   77   78   79   80   82   81   83   82   84   82
   83   80   81   78   78   71   87   93   84                                   
    82.5-180.0 180.0   5.0 450.0                            LAT/LON1/LON2/DLON/H
   90   69   68   65   57   53   52   51   53   51   56   54   59   57   64   61
   67   63   69   64   69   62   68   60   66   58   65   57   64   57   65   60
   67   64   70   69   74   74   78   78   79   79   80   80   79   77   78   76
   77   74   78   75   80   78   84   83   88   87   92   92   95   95   96   96
   96   95   95   94   93   85   95   99   90                                   
    80.0-180.0 180.0   5.0 450.0                            LAT/LON1/LON2/DLON/H
  105   80   78   73   64   62   57   59   56   59   59   64   65   70   72   75
   76   77   78   77   76   73   74   69   70   66   67   65   66   66   68   69
   71   75   77   84   84   89   90   92   91   92   91   91   89   88   87   86
   84   84   84   85   85   88   90   94   97  101  104  108  110  114  114  117
  116  117  114  115  110  103  108  107  105                                   
    77.5-180.0 180.0   5.0 450.0                            LAT/LON1/LON2/DLON/H
  118   89   82   77   66   62   57   58   55   60   59   66   66   74   74   81
   79   83   82   83   81   80   77   76   72   71   68   69   66   69   67   72
   71   79   80   86   87   92   93   96   94   95   92   91   87   85   82   81
   78   79   78   80   80   86   88   95   98  106  110  118  122  127  130  132
  133  132  132  129  125  117  121  113  118                                   
    75.0-180.0 180.0   5.0 450.0                            LAT/LON1/LON2/DLON/H
  124  100   88   80   70   65   59   58   55   58   59   65   67   74   77   80
   82   82   85   82   83   78   80   74   75   71   71   68   69   67   69   70
   72   77   81   86   91   94   98   99   98   97   95   91   88   83   82   77
   76   75   77   79   81   87   91   97  102  111  118  127  132  139  142  144
  146  148  148  148  142  132  132  123  124                                   
    72.5-180.0 180.0   5.0 450.0                            LAT/LON1/LON2/DLON/H
  139  107   97   88   75   69   63   60   57   58   59   64   66   73   76   79
   81   81   83   80   82   77   81   76   79   75   78   73   74   71   70   71
   71   76   80   86   89   95   97   99   97   95   92   88   83   81   78   75
   71   72   74   78   83   89   94  102  111  125  133  145  151  159  161  163
  163  164  162  162  158  150  144  135  139                                   
    70.0-180.0 180.0   5.0 450.0                            LAT/LON1/LON2/DLON/H
  147  123  106   97   85   76   69   64   60   61   62   66   67   72   73   75
   76   75   77   76   78   77   79   78   81   80   82   80   79   75   72   71
   70   73   77   82   87   90   95   94   94   91   89   84   80   76   72   70
   71   73   80   85   93  102  110  122  129  143  150  162  169  175  177  178
  177  175  173  173  168  159  156  146  147                                   
    67.5-180.0 180.0   5.0 450.0                            LAT/LON1/LON2/DLON/H
  160  134  120  108   92   82   73   69   64   64   63   65   63   67   64   69
   65   67   65   67   68   71   74   77   79   81   82   81   79   76   72   70
   67   69   69   76   78   84   85   86   84   83   79   77   71   67   63   64
   66   74   82   94  102  114  123  137  145  157  165  177  186  191  193  193
  190  186  181  179  175  171  164  156  160                                   
    65.0-180.0 180.0   5.0 450.0                            LAT/LON1/LON2/DLON/H
  168  149  129  118  101   91   81   74   70   68   66   66   64   64   59   61
   57   57   56   57   61   64   70   74   80   82   85   82   81   75   72   66
   64   62   62   66   68   74   75   77   77   76   70   67   61   58   57   60
   68   80   95  108  121  134  146  157  167  178  188  198  207  211  212  211
  206  199  191  188  182  177  175  165  168                                   
    62.5-180.0 180.0   5.0 450.0                            LAT/LON1/LON2/DLON/H
  179  158  140  126  108   96   84   79   73   70   69   67   64   63   56   58
   51   54   49   53   54   59   64   70   76   80   81   82   78   74   69   63
   58   56   54   57   58   61   63   65   66   63   60   55   52   50   52   59
   71   89  106  125  141  155  168  180  193  202  212  221  232  234  234  230
  223  213  203  195  190  188  185  176  179                                   
    60.0-180.0 180.0   5.0 450.0                            LAT/LON1/LON2/DLON/H
  188  170  149  134  112  101   88   82   77   72   72   67   65   61   57   55
   52   52   52   52   58   59   66   69   77   76   81   76   78   68   66   58
   55   50   50   49   51   52   55   57   59   56   53   48   46   46   50   61
   79   99  120  140  160  175  190  204  217  227  238  248  260  259  259  253
  247  235  220  211  202  198  198  187  188                                   
    57.5-180.0 180.0   5.0 450.0                            LAT/LON1/LON2/DLON/H
  202  179  161  141  117  104   89   83   76   73   70   68   66   63   58   60
   56   60   57   61   60   64   65   70   72   73   73   71   69   63   60   55
   52   49   48   48   49   49   52   53   55   51   49   45   44   45   50   67
   87  112  133  157  178  192  210  223  237  248  262  272  283  282  280  273
  264  251  236  223  215  213  212  201  202                                   
    55.0-180.0 180.0   5.0 450.0                            LAT/LON1/LON2/DLON/H
  213  194  173  151  124  109   92   86   77   73   71   67   67   63   63   61
   64   62   68   65   71   66   70   67   68   64   64   60   59   54   53   50
   50   49   52   51   54   53   57   56   59   51   52   47   48   48   56   76
  100  124  147  172  193  211  229  242  259  269  282  289  299  299  297  290
  279  267  253  241  231  227  228  214  213                                   
    52.5-180.0 180.0   5.0 450.0                            LAT/LON1/LON2/DLON/H
  227  209  189  165  134  117   99   90   79   76   69   69   66   65   65   68
   69   73   74   76   74   73   69   68   63   63   57   56   52   51   50   52
   52   55   58   60   62   62   65   64   66   60   59   56   57   58   68   90
  114  141  165  189  212  229  246  260  277  287  295  301  308  308  303  296
  284  272  260  251  246  244  244  231  227                                   
    50.0-180.0 180.0   5.0 450.0                            LAT/LON1/LON2/DLON/H
  238  221  201  179  148  129  109   98   84   78   71   67   68   64   69   67
   75   72   81   74   81   72   74   67   66   60   56   51   50   47   51   52
   60   62   70   70   76   73   77   75   77   70   69   65   67   67   81  103
  129  153  180  206  230  246  264  277  293  298  302  304  309  305  299  291
  281  272  263  259  257  253  255  239  238                                   
    47.5-180.0 180.0   5.0 450.0                            LAT/LON1/LON2/DLON/H
  244  232  215  195  164  145  124  113   95   87   75   72   68   68   69   70
   73   75   77   78   80   78   75   75   70   68   60   58   52   52   52   58
   63   71   77   82   86   87   90   89   90   86   83   81   81   86  101  124
  148  173  200  223  245  260  276  291  303  305  302  300  298  292  282  273
  262  258  254  256  258  258  257  245  244                                   
    45.0-180.0 180.0   5.0 450.0                            LAT/LON1/LON2/DLON/H
  248  237  221  206  182  162  141  125  107   95   82   75   73   70   74   70
   75   71   78   74   83   79   85   82   84   78   77   67   66   58   63   62
   71   76   87   91   97   96  100   99  100   97   95   92   92  100  117  139
  164  192  218  239  259  273  291  302  311  308  302  292  286  275  264  254
  243  243  244  251  255  253  257  241  248                                   
    42.5-180.0 180.0   5.0 450.0                            LAT/LON1/LON2/DLON/H
  242  237  225  214  193  177  155  141  121  108   92   86   80   79   76   74
   74   73   76   80   88   92   97  100  101   99   93   87   79   74   71   72
   76   83   90   97  100  104  107  108  110  108  107  104  108  118  136  156
  185  212  235  252  269  287  302  311  316  313  302  290  278  266  251  240
  230  234  238  245  249  249  247  237  242                                   
    40.0-180.0 180.0   5.0 450.0                            LAT/LON1/LON2/DLON/H
  236  231  220  215  201  186  165  151  131  118  102   97   92   88   87   80
   82   76   84   86  101  104  113  114  117  112  110  100   94   84   82   77
   82   85   94   98  103  104  109  111  114  114  113  114  118  131  148  171
  200  224  247  262  282  297  315  322  331  325  316  302  294  278  263  251
  242  243  246  250  250  241  244  227  236                                   
    37.5-180.0 180.0   5.0 450.0                            LAT/LON1/LON2/DLON/H
  225  221  212  209  194  186  167  155  137  127  112  109  105  103  100   94
   93   91   98  105  117  124  129  133  132  129  122  114  102   93   85   81
   82   85   90   95  100  104  108  113  117  119  122  124  131  141  161  184
  214  236  258  272  290  308  325  336  347  345  340  334  329  318  303  289
  276  273  271  267  263  249  242  227  225                                   
    35.0-180.0 180.0   5.0 450.0                            LAT/LON1/LON2/DLON/H
  226  216  203  198  188  179  165  155  139  131  119  119  117  118  117  111
  112  110  120  125  136  140  144  142  141  133  127  116  107   96   90   82
   83   84   88   91   96   98  105  110  118  122  125  132  138  151  170  193
  221  242  265  279  300  318  344  360  380  383  386  384  391  388  377  360
  345  334  323  307  295  268  258  238  226                                   
    32.5-180.0 180.0   5.0 450.0                            LAT/LON1/LON2/DLON/H
  237  219  204  190  174  167  152  146  133  129  120  123  125  128  129  127
  129  132  141  147  155  157  157  152  144  135  126  117  107   98   90   84
   83   84   87   90   94   96  102  109  118  126  133  140  151  160  181  200
  225  242  266  284  308  335  363  391  415  433  447  470  484  487  481  461
  441  418  397  369  348  309  285  263  237                                   
    30.0-180.0 180.0   5.0 450.0                            LAT/LON1/LON2/DLON/H
  265  236  211  190  170  158  145  137  126  121  114  119  124  130  135  136
  142  145  155  160  167  164  159  149  137  128  120  115  107  100   93   89
   90   91   95   92   96   93  101  108  117  124  133  139  154  166  185  201
  223  239  266  288  316  348  386  427  464  494  528  568  597  609  604  585
  553  523  488  455  426  377  332  298  265                                   
    27.5-180.0 180.0   5.0 450.0                            LAT/LON1/LON2/DLON/H
  323  275  242  210  180  161  144  133  119  113  107  113  117  127  132  138
  145  154  164  167  170  162  153  137  127  120  115  113  108  106  103  104
  106  108  109  104  101   95   98  106  112  121  128  142  160  176  194  206
  224  239  269  294  327  364  413  467  515  563  621  676  725  741  741  715
  683  638  592  547  510  464  404  361  323                                   
    25.0-180.0 180.0   5.0 450.0                            LAT/LON1/LON2/DLON/H
  396  342  295  253  207  185  155  140  121  109  105  105  112  119  127  132
  143  148  158  159  159  151  141  132  121  120  113  117  116  120  122  127
  132  130  132  120  105   93   93  102  108  114  127  144  165  186  203  216
  232  250  278  311  349  394  445  506  567  632  702  762  817  842  850  830
  789  746  699  658  613  563  507  456  396                                   
    22.5-180.0 180.0   5.0 450.0                            LAT/LON1/LON2/DLON/H
  492  434  374  312  259  217  193  160  143  122  114  108  112  117  120  126
  134  141  150  147  148  139  131  126  120  124  123  133  137  150  152  158
  158  150  140  125  102   88   79   85   96  105  121  145  172  197  217  231
  249  266  298  330  374  425  481  543  607  679  749  806  859  887  902  890
  863  820  781  738  708  665  614  563  492                                   
    20.0-180.0 180.0   5.0 450.0                            LAT/LON1/LON2/DLON/H
  582  527  468  403  339  294  252  220  186  160  140  125  125  119  123  121
  130  128  136  131  131  132  125  131  129  141  147  163  172  181  186  184
  177  165  154  139  116   94   81   80   88   98  118  147  178  205  226  242
  263  289  321  357  402  461  515  573  635  702  758  806  840  869  886  888
  876  844  816  789  773  742  711  660  582                                   
    17.5-180.0 180.0   5.0 450.0                            LAT/LON1/LON2/DLON/H
  647  603  548  485  424  370  323  284  246  207  188  165  160  146  141  132
  135  131  134  128  129  134  133  150  155  180  189  210  212  220  211  205
  192  179  167  153  123  102   85   82   83   91  110  141  175  209  234  257
  281  309  342  382  432  490  541  592  644  696  734  756  776  798  816  829
  830  815  802  794  797  790  768  725  647                                   
    15.0-180.0 180.0   5.0 450.0                            LAT/LON1/LON2/DLON/H
  689  653  609  554  507  462  412  367  322  288  256  235  216  202  186  172
  164  155  152  147  145  155  164  188  209  239  256  266  262  252  238  219
  207  190  175  157  131  109   93   79   73   81  102  129  170  203  233  260
  291  322  357  401  452  511  554  595  638  666  679  684  691  710  727  746
  754  756  758  766  786  788  786  752  689                                   
    12.5-180.0 180.0   5.0 450.0                            LAT/LON1/LON2/DLON/H
  693  674  644  596  561  525  488  443  395  358  332  310  289  268  253  233
  220  203  195  192  186  206  213  253  271  314  310  322  296  279  245  228
  208  191  172  155  130  110   95   79   72   77   93  122  164  204  236  269
  300  334  370  421  469  520  552  583  608  616  614  605  608  624  640  661
  676  682  692  708  740  760  764  747  693                                   
    10.0-180.0 180.0   5.0 450.0                            LAT/LON1/LON2/DLON/H
  683  675  657  622  598  575  545  511  472  434  405  392  374  360  328  309
  282  270  253  253  249  274  288  326  351  366  363  346  317  277  242  217
  198  181  164  144  122  104   87   74   69   76   94  121  166  203  240  273
  309  342  380  428  473  517  545  564  584  577  573  561  567  571  590  609
  624  632  640  658  690  710  720  721  683                                   
     7.5-180.0 180.0   5.0 450.0                            LAT/LON1/LON2/DLON/H
  654  660  655  628  613  590  570  539  510  479  456  442  436  426  409  385
  360  352  334  349  341  378  378  411  411  416  384  364  315  275  235  213
