data/unet/pred0420.15i
     1.0            IONOSPHERE MAPS     GNSS                IONEX VERSION / TYPE
pyspatialgeodesy        IME             05-JAN-18 20:20     PGM / RUN BY / DATE 
Map Name                                                    COMMENT             
Predicted global ionosphere maps (GIM).                     DESCRIPTION         
  2015     2    11     0     0     0                        EPOCH OF FIRST MAP  
  2015     2    12     0     0     0                        EPOCH OF LAST MAP   
  7200                                                      INTERVAL            
    13                                                      # OF MAPS IN FILE   
  NONE                                                      MAPPING FUNCTION    
10.0                                                        ELEVATION CUTOFF    
One-way carrier phase leveled to code                       OBSERVABLES USED    
  6371.0                                                    BASE RADIUS         
 2                                                          MAP DIMENSION       
   450.0 450.0   0.0                                        HGT1 / HGT2 / DHGT  
    87.5 -87.5  -2.5                                        LAT1 / LAT2 / DLAT  
  -180.0 180.0   5.0                                        LON1 / LON2 / DLON  
    -1                                                      EXPONENT            
                                                            END OF HEADER       
[from data line 2574]
     7                                                      START OF TEC MAP    
  2015     2    11    12     0     0                        EPOCH OF CURRENT MAP
    87.5-180.0 180.0   5.0 450.0                            LAT/LON1/LON2/DLON/H
   90  100  100  102  105  106  109  110  113  114  116  118  119  120  121  121
  121  122  121  121  120  120  119  119  118  119  117  118  116  118  115  117
  113  115  112  113  108  109  104  104   98   98   93   93   88   88   85   85
   82   83   80   81   79   80   79   80   79   81   80   82   82   83   83   85
   86   87   89   90   91   92  109   87   90                                   
    85.0-180.0 180.0   5.0 450.0                            LAT/LON1/LON2/DLON/H
   88   81   87   86   89   92   95   98  100  104  106  109  110  113  113  113
  112  113  112  111  110  111  111  111  111  112  113  114  113  114  114  114
  113  113  113  111  109  108  105  104  100   99   95   93   89   88   84   82
   79   77   75   72   71   68   67   66   66   65   65   64   64   64   64   63
   64   63   67   67   72   74   84   86   88                                   
    82.5-180.0 180.0   5.0 450.0                            LAT/LON1/LON2/DLON/H
   74   73   68   68   72   76   81   86   91   93  100  100  107  105  110  106
  110  105  108  103  107  104  107  105  110  111  115  116  120  120  123  122
  124  122  124  119  120  115  113  107  104   99   95   91   84   83   78   77
   71   70   66   65   60   60   56   57   54   56   54   55   53   53   51   50
   50   49   49   49   51   52   59   67   74                                   
    80.0-180.0 180.0   5.0 450.0                            LAT/LON1/LON2/DLON/H
   68   62   55   56   61   65   71   77   81   88   91   98   99  104  104  105
  104  104  104  103  103  103  104  105  108  110  115  118  123  127  132  134
  137  139  141  140  141  138  137  132  128  122  117  112  105  100   93   89
   82   79   75   72   69   66   64   62   61   60   61   59   59   56   56   53
   53   48   48   43   44   41   49   53   68                                   
    77.5-180.0 180.0   5.0 450.0                            LAT/LON1/LON2/DLON/H
   61   53   45   48   53   59   62   71   72   80   82   89   90   93   94   95
   95   97   97   98   98   99  101  102  107  109  116  120  127  133  141  147
  154  159  164  166  168  167  165  162  156  150  143  137  129  123  115  109
  102   98   93   90   85   83   80   79   77   77   77   77   75   74   71   69
   65   61   56   50   46   41   45   51   61                                   
    75.0-180.0 180.0   5.0 450.0                            LAT/LON1/LON2/DLON/H
   59   47   43   44   51   55   60   65   68   73   76   80   80   83   81   83
   81   85   82   87   84   89   89   92   95   98  105  110  119  128  140  149
  163  171  183  188  196  195  197  193  191  186  182  174  169  162  156  147
  137  132  124  120  113  110  103  102   97   98   94   94   90   90   87   84
   80   74   69   59   54   50   49   50   59                                   
    72.5-180.0 180.0   5.0 450.0                            LAT/LON1/LON2/DLON/H
   62   54   46   48   51   57   60   66   66   71   70   75   75   78   76   76
   76   79   78   80   79   83   83   87   91   98  103  111  121  132  146  160
  177  191  206  217  224  226  223  220  217  216  210  207  201  198  193  184
  175  166  160  150  144  135  129  123  120  116  115  113  111  108  106  102
   96   91   83   74   67   58   59   59   62                                   
    70.0-180.0 180.0   5.0 450.0                            LAT/LON1/LON2/DLON/H
   70   58   55   53   60   60   68   65   71   68   70   69   70   71   70   71
   70   75   73   78   78   83   86   89   95  102  107  117  124  137  150  168
  185  204  222  237  248  252  252  254  251  251  247  244  240  239  234  224
  213  200  191  180  172  161  150  140  131  125  119  119  116  116  113  111
  107  102   97   85   77   71   69   66   70                                   
    67.5-180.0 180.0   5.0 450.0                            LAT/LON1/LON2/DLON/H
   78   70   62   63   65   67   69   71   71   70   69   68   68   69   69   70
   71   73   75   79   81   85   88   92   99  104  113  118  131  141  159  175
  196  214  235  251  265  268  276  275  277  273  273  271  272  269  265  252
  241  223  212  195  185  170  158  142  128  117  109  107  105  106  104  106
  104  104   99   93   86   79   80   76   78                                   
    65.0-180.0 180.0   5.0 450.0                            LAT/LON1/LON2/DLON/H
   81   73   68   68   72   72   77   75   77   72   72   70   70   71   70   72
   71   75   75   81   82   89   93   98  105  111  120  127  137  149  164  184
  202  224  242  259  270  278  283  288  290  292  292  294  291  290  284  272
  258  240  225  207  193  173  155  134  116  102   91   86   82   84   83   87
   90   94   94   92   87   86   86   80   81                                   
    62.5-180.0 180.0   5.0 450.0                            LAT/LON1/LON2/DLON/H
   82   75   67   70   70   73   75   75   75   72   72   70   70   71   71   72
   74   76   77   82   81   87   91   99  105  113  121  131  142  153  171  188
  210  227  248  260  275  279  288  293  301  303  306  309  308  305  297  285
  269  249  230  209  192  170  150  126  104   85   70   62   57   56   55   60
   66   74   79   83   84   83   85   84   82                                   
    60.0-180.0 180.0   5.0 450.0                            LAT/LON1/LON2/DLON/H
   77   68   63   63   65   69   73   73   74   72   70   68   66   68   68   71
   73   74   74   77   76   83   88   99  105  116  123  135  144  159  173  197
  217  239  256  271  280  286  295  300  307  313  311  315  312  309  301  288
  275  258  242  218  199  174  152  125  103   80   65   54   46   43   44   44
   53   58   67   72   75   80   83   80   77                                   
    57.5-180.0 180.0   5.0 450.0                            LAT/LON1/LON2/DLON/H
   75   64   57   59   58   62   64   66   67   65   62   61   60   61   62   64
   66   69   70   70   74   78   84   97  107  120  129  144  153  170  186  209
  229  252  268  281  290  295  305  312  319  324  324  327  323  316  307  292
  280  263  249  226  205  184  160  134  110   89   70   58   48   43   41   41
   46   51   59   65   70   74   74   77   75                                   
    55.0-180.0 180.0   5.0 450.0                            LAT/LON1/LON2/DLON/H
   76   58   51   48   51   51   58   57   62   58   58   56   54   55   54   56
   58   59   61   59   62   68   76   96  107  127  135  153  161  183  198  226
  248  273  286  299  306  312  319  328  331  339  337  342  333  328  317  306
  295  282  268  248  228  206  181  157  136  116   98   84   73   68   60   52
   53   53   58   63   67   75   78   76   76                                   
    52.5-180.0 180.0   5.0 450.0                            LAT/LON1/LON2/DLON/H
   80   62   50   49   46   50   52   56   56   55   54   51   51   49   49   50
   52   54   53   54   58   67   78   96  116  137  150  169  179  201  218  246
  271  291  303  315  322  326  334  340  348  355  356  357  350  342  332  321
  311  296  287  269  250  229  209  184  165  146  128  117  105   98   88   79
   71   68   70   72   77   79   80   87   80                                   
    50.0-180.0 180.0   5.0 450.0                            LAT/LON1/LON2/DLON/H
   90   65   54   49   50   51   56   55   58   53   56   52   51   48   47   47
   49   49   50   50   56   66   78  105  124  150  164  183  195  216  235  263
  287  306  317  328  334  341  346  357  361  371  370  373  365  359  348  338
  328  317  308  293  275  251  230  207  188  173  158  149  139  132  121  112
   99   90   84   86   86   93   94   94   90                                   
    47.5-180.0 180.0   5.0 450.0                            LAT/LON1/LON2/DLON/H
  103   83   69   62   60   61   64   64   63   60   58   55   54   50   50   49
   52   51   53   56   61   75   90  116  140  165  183  202  214  234  252  276
  295  310  324  331  342  348  359  366  377  383  385  383  376  368  359  347
  339  327  319  304  286  261  240  215  199  183  172  165  159  155  144  138
  124  115  106  100  102  103  106  115  103                                   
    45.0-180.0 180.0   5.0 450.0                            LAT/LON1/LON2/DLON/H
  116   98   84   78   78   78   81   77   76   70   70   65   64   59   60   57
   58   55   59   61   69   82  101  129  154  180  197  214  226  243  259  279
  296  310  326  335  349  359  370  382  387  397  392  393  384  377  366  355
  346  335  327  312  291  265  240  212  194  178  169  165  161  161  156  150
  139  131  120  116  112  118  121  126  116                                   
    42.5-180.0 180.0   5.0 450.0                            LAT/LON1/LON2/DLON/H
  127  116  104   99   97   94   96   92   90   83   82   78   74   68   68   64
   67   66   69   74   79   93  114  140  167  192  208  223  232  242  255  270
  286  301  321  336  355  367  383  391  401  404  403  400  393  382  372  358
  349  336  327  308  286  258  225  195  176  159  151  146  146  149  146  144
  136  130  122  116  117  117  127  140  127                                   
    40.0-180.0 180.0   5.0 450.0                            LAT/LON1/LON2/DLON/H
  132  125  115  111  115  113  114  107  105   98   99   95   93   85   83   79
   81   79   82   84   91  104  125  150  177  201  216  227  235  242  251  264
  282  299  325  343  367  383  399  411  415  420  413  411  402  393  380  366
  353  340  327  308  284  256  217  188  166  146  135  128  126  128  129  126
  122  119  111  111  105  112  120  134  132                                   
    37.5-180.0 180.0   5.0 450.0                            LAT/LON1/LON2/DLON/H
  128  124  115  117  120  121  121  116  113  108  109  109  106   99   96   92
   93   91   92   93  100  114  135  160  183  205  217  226  231  234  240  253
  274  296  327  352  382  401  422  429  435  437  430  428  419  410  395  380
  365  349  334  314  292  262  226  194  172  150  137  125  119  114  113  112
  110  109  105   99   96   96  103  125  128                                   
    35.0-180.0 180.0   5.0 450.0                            LAT/LON1/LON2/DLON/H
  122  115  109  109  121  121  125  120  119  115  119  121  121  114  113  108
  107  102  100  101  108  123  147  173  195  212  221  226  230  233  241  255
  280  309  347  378  409  432  451  460  461  465  456  453  442  431  417  400
  384  370  357  342  324  301  263  233  208  189  172  156  144  131  123  114
  111  107  100   96   84   91   94  110  122                                   
    32.5-180.0 180.0   5.0 450.0                            LAT/LON1/LON2/DLON/H
  119  111  101  106  113  119  123  119  117  116  118  124  124  122  119  115
  113  106  103  105  114  132  157  183  202  218  226  231  232  237  249  268
  301  335  380  416  450  472  492  498  500  505  497  496  484  478  461  450
  434  426  415  408  394  378  355  324  296  271  253  232  216  192  175  157
  145  133  122  106   95   92   95   95  119                                   
    30.0-180.0 180.0   5.0 450.0                            LAT/LON1/LON2/DLON/H
  117   99   94  102  111  115  120  115  115  113  119  123  127  123  123  117
  116  108  105  107  121  142  173  196  215  228  236  239  243  251  274  304
  345  385  433  477  512  538  549  559  560  562  555  552  539  531  516  506
  496  492  489  485  481  471  455  435  407  380  358  343  319  297  260  238
  206  189  163  146  120  107  104   92  117                                   
    27.5-180.0 180.0   5.0 450.0                            LAT/LON1/LON2/DLON/H
  113  114  101  103  111  115  117  113  112  110  112  117  119  119  117  114
  113  106  104  111  127  154  183  209  224  239  248  256  263  282  316  355
  404  448  506  540  578  598  616  619  619  619  614  612  600  595  578  579
  570  580  580  587  586  583  569  557  544  529  511  491  466  431  376  328
  280  254  225  206  177  158  135   88  113                                   
    25.0-180.0 180.0   5.0 450.0                            LAT/LON1/LON2/DLON/H
  134  125  121  121  118  113  116  110  112  108  113  115  117  114  113  108
  109  103  104  113  137  168  203  222  239  250  267  276  300  332  380  425
  483  529  578  608  640  657  676  680  682  684  683  678  673  663  656  655
  659  670  682  690  701  706  706  696  684  668  652  631  602  579  517  462
  396  365  315  283  235  204  183  131  134                                   
    22.5-180.0 180.0   5.0 450.0                            LAT/LON1/LON2/DLON/H
  183  168  146  135  136  135  129  118  112  106  109  110  113  110  107  105
  106  103  107  122  149  183  214  235  250  266  284  310  350  392  448  499
  561  600  641  671  693  710  725  735  732  741  734  741  728  729  719  730
  732  750  760  774  788  797  803  797  787  768  746  731  691  659  593  551
  499  467  419  383  335  295  251  191  183                                   
    20.0-180.0 180.0   5.0 450.0                            LAT/LON1/LON2/DLON/H
  228  211  194  175  162  149  145  139  126  114  111  108  112  107  110  103
  106  102  110  127  163  198  228  245  265  281  314  346  401  448  522  574
  630  661  693  703  721  731  752  762  770  777  780  777  770  766  767  775
  784  797  812  826  844  854  853  837  815  790  766  746  724  708  643  608
  556  529  483  455  418  367  317  257  228                                   
    17.5-180.0 180.0   5.0 450.0                            LAT/LON1/LON2/DLON/H
  271  251  229  202  188  170  159  153  145  132  122  114  113  110  109  110
  114  113  122  144  176  214  239  258  275  303  336  380  444  505  574  621
  660  696  714  722  734  749  769  783  790  798  796  798  790  795  800  813
  823  835  845  852  866  861  851  824  794  756  722  705  699  675  638  601
  564  533  503  477  453  416  374  306  271                                   
    15.0-180.0 180.0   5.0 450.0                            LAT/LON1/LON2/DLON/H
  302  284  263  237  214  191  170  160  148  150  134  126  117  108  104  108
  113  117  127  151  185  222  245  268  294  320  361  412  479  539  600  640
  676  703  717  715  729  742  766  785  795  803  804  804  802  809  819  835
  849  856  858  853  850  831  811  777  731  684  647  640  628  616  586  568
  540  523  500  478  463  426  402  331  302                                   
    12.5-180.0 180.0   5.0 450.0                            LAT/LON1/LON2/DLON/H
  316  300  283  259  234  207  186  170  155  147  145  146  135  125  108  111
  113  125  136  166  199  236  257  283  304  335  378  440  508  559  612  648
  680  700  712  710  724  742  768  789  802  810  810  811  809  819  839  854
  864  860  853  827  810  776  749  698  651  586  555  530  528  524  513  503
  493  486  477  468  458  426  404  350  316                                   
    10.0-180.0 180.0   5.0 450.0                            LAT/LON1/LON2/DLON/H
  318  304  286  264  249  221  196  179  160  149  136  141  143  138  113  107
  105  121  138  175  209  248  263  292  316  353  402  469  518  573  616  648
  677  690  695  695  714  732  761  786  798  808  808  809  807  823  842  855
  862  848  828  796  768  733  693  644  580  513  473  445  450  450  457  446
  443  446  440  432  424  403  390  348  318                                   
     7.5-180.0 180.0   5.0 450.0                            LAT/LON1/LON2/DLON/H
  312  295  284  267  251  225  208  186  170  157  147  142  138  143  127  115
  104  114  129  169  204  241  252  291  328  369  425  488  534  581  615  640
