data/unet/pred1880.15i
     1.0            IONOSPHERE MAPS     GNSS                IONEX VERSION / TYPE
pyspatialgeodesy        IME             05-JAN-18 20:20     PGM / RUN BY / DATE 
Map Name                                                    COMMENT             
Predicted global ionosphere maps (GIM).                     DESCRIPTION         
  2015     7     7     0     0     0                        EPOCH OF FIRST MAP  
  2015     7     8     0     0     0                        EPOCH OF LAST MAP   
  7200                                                      INTERVAL            
    13                                                      # OF MAPS IN FILE   
  NONE                                                      MAPPING FUNCTION    
10.0                                                        ELEVATION CUTOFF    
One-way carrier phase leveled to code                       OBSERVABLES USED    
  6371.0                                                    BASE RADIUS         
 2                                                          MAP DIMENSION       
   450.0 450.0   0.0                                        HGT1 / HGT2 / DHGT  
    87.5 -87.5  -2.5                                        LAT1 / LAT2 / DLAT  
  -180.0 180.0   5.0                                        LON1 / LON2 / DLON  
    -1                                                      EXPONENT            
                                                            END OF HEADER       
[from data line 1287]
     4                                                      START OF TEC MAP    
  2015     7     7     6     0     0                        EPOCH OF CURRENT MAP
    87.5-180.0 180.0   5.0 450.0                            LAT/LON1/LON2/DLON/H
  133  159  158  159  158  156  158  157  160  158  160  159  161  159  161  158
  161  158  159  156  159  155  156  153  156  153  155  152  156  153  155  153
  156  154  156  154  156  155  156  154  156  155  156  155  157  156  157  156
  158  157  158  157  159  158  159  159  160  159  160  158  160  158  158  155
  157  155  158  154  159  151  162  136  133                                   
    85.0-180.0 180.0   5.0 450.0                            LAT/LON1/LON2/DLON/H
  146  156  146  151  151  148  151  151  154  154  156  155  157  155  157  154
  157  154  156  152  155  152  153  150  153  150  151  149  152  150  152  150
  153  152  154  152  155  153  155  153  156  154  156  154  156  155  156  155
  156  155  156  154  156  155  155  153  155  153  153  150  152  149  149  146
  147  145  146  146  147  141  149  147  146                                   
    82.5-180.0 180.0   5.0 450.0                            LAT/LON1/LON2/DLON/H
  145  151  146  151  148  151  151  155  155  158  155  159  157  160  157  160
  157  160  157  159  156  159  155  157  154  157  152  155  153  156  152  156
  154  158  155  159  159  161  160  162  162  163  163  164  164  166  165  165
  165  166  164  165  164  165  162  163  161  161  159  158  156  155  151  151
  148  148  147  147  145  146  149  139  145                                   
    80.0-180.0 180.0   5.0 450.0                            LAT/LON1/LON2/DLON/H
  149  150  147  148  148  148  152  153  156  155  156  154  156  153  155  152
  154  149  152  147  150  146  148  144  148  143  146  142  147  143  147  145
  150  148  153  152  157  155  160  159  164  162  166  164  168  166  170  167
  170  167  170  168  171  168  170  166  168  165  165  161  161  156  154  150
  149  145  146  141  143  139  143  136  149                                   
    77.5-180.0 180.0   5.0 450.0                            LAT/LON1/LON2/DLON/H
  152  149  147  148  151  153  154  156  156  157  155  156  154  154  152  152
  150  150  147  147  145  143  140  140  138  137  134  135  134  136  135  139
  140  143  145  150  153  157  158  162  164  166  168  170  172  173  175  175
  176  177  178  179  181  181  182  181  181  179  177  174  172  168  165  161
  158  155  152  148  147  146  146  135  152                                   
    75.0-180.0 180.0   5.0 450.0                            LAT/LON1/LON2/DLON/H
  160  155  150  150  150  153  153  156  153  154  150  150  146  145  142  141
  137  137  134  134  131  131  129  128  126  125  123  123  122  122  124  126
  130  133  138  142  147  150  154  158  161  164  167  170  171  174  174  177
  176  180  180  184  185  187  187  189  187  188  185  184  178  176  169  165
  159  157  154  151  148  150  151  140  160                                   
    72.5-180.0 180.0   5.0 450.0                            LAT/LON1/LON2/DLON/H
  161  155  149  149  151  152  153  153  150  148  144  141  137  134  132  130
  129  126  126  125  125  124  123  122  119  119  115  115  113  115  115  119
  123  128  134  138  144  148  153  157  161  165  169  172  175  177  180  180
  183  184  187  188  191  192  194  194  195  194  194  192  189  184  180  173
  168  163  161  155  155  156  155  148  161                                   
    70.0-180.0 180.0   5.0 450.0                            LAT/LON1/LON2/DLON/H
  167  161  156  154  153  154  153  152  147  145  138  135  128  125  120  119
  117  117  117  120  120  122  121  121  118  116  112  111  110  110  112  116
  122  127  134  139  145  149  154  158  163  167  172  176  180  183  184  185
  185  187  187  190  191  192  192  194  194  195  194  194  191  189  184  180
  174  171  167  162  160  161  161  156  167                                   
    67.5-180.0 180.0   5.0 450.0                            LAT/LON1/LON2/DLON/H
  167  162  155  152  151  151  148  146  141  136  130  124  118  113  111  110
  111  111  114  116  118  120  120  120  117  115  111  111  109  113  114  121
  125  133  137  144  147  153  156  163  167  173  178  184  188  190  192  191
  191  190  190  190  191  190  190  190  191  191  191  191  190  188  185  182
  179  176  174  168  167  167  164  165  167                                   
    65.0-180.0 180.0   5.0 450.0                            LAT/LON1/LON2/DLON/H
  175  169  162  158  153  150  146  142  134  130  122  119  110  109  103  104
  102  106  108  113  115  119  118  119  115  114  109  110  110  113  117  122
  131  137  143  148  153  156  160  165  171  177  185  190  195  197  197  197
  195  194  191  190  189  187  185  184  183  183  182  183  182  182  181  180
  178  178  176  171  171  170  172  172  175                                   
    62.5-180.0 180.0   5.0 450.0                            LAT/LON1/LON2/DLON/H
  177  173  165  161  154  147  141  134  126  121  114  110  105  101   99   97
   98   99  103  107  109  111  112  111  109  108  106  108  110  116  120  129
  134  143  146  153  154  161  162  170  174  183  190  198  202  205  204  202
  200  197  194  191  190  187  184  182  181  179  179  178  179  178  179  178
  178  177  178  174  177  177  176  181  177                                   
    60.0-180.0 180.0   5.0 450.0                            LAT/LON1/LON2/DLON/H
  184  180  172  167  157  149  139  132  122  118  110  108  101  100   94   95
   93   97   98  102  102  105  103  104  101  102  101  104  109  114  122  128
  138  144  151  153  158  162  164  170  178  187  194  202  207  210  210  208
  206  203  199  196  194  190  186  183  182  179  177  175  175  174  174  175
  176  177  179  176  181  180  183  186  184                                   
    57.5-180.0 180.0   5.0 450.0                            LAT/LON1/LON2/DLON/H
  191  191  182  176  165  154  142  131  121  115  108  104   99   95   93   91
   91   92   94   94   95   93   93   90   91   91   94   99  105  113  120  129
  134  144  148  156  157  163  164  171  178  188  197  206  212  215  216  214
  214  211  208  205  204  200  197  193  192  188  185  182  181  180  180  180
  181  182  184  182  188  189  189  195  191                                   
    55.0-180.0 180.0   5.0 450.0                            LAT/LON1/LON2/DLON/H
  202  201  196  190  176  164  151  139  127  119  109  105   98   95   89   90
   87   90   88   88   86   84   82   80   80   82   86   92  101  109  117  124
  132  138  146  151  156  161  165  171  179  189  198  206  213  216  219  218
  220  218  216  213  213  209  207  202  202  197  195  191  190  187  187  185
  186  186  188  186  192  193  197  201  202                                   
    52.5-180.0 180.0   5.0 450.0                            LAT/LON1/LON2/DLON/H
  213  214  208  204  191  178  164  150  135  124  113  106   99   94   89   88
   86   87   86   83   82   77   77   73   76   77   83   89   99  106  115  122
  129  136  143  152  158  164  169  174  182  190  201  209  218  222  226  227
  230  230  230  229  229  226  223  219  218  214  211  207  204  201  200  197
  197  196  198  195  201  203  205  212  213                                   
    50.0-180.0 180.0   5.0 450.0                            LAT/LON1/LON2/DLON/H
  226  225  222  217  209  196  180  165  149  134  120  111  101   95   87   88
   84   86   83   81   78   74   74   72   75   77   82   87   95  103  111  118
  126  133  140  149  158  165  171  177  186  193  204  212  223  227  234  236
  242  241  244  241  243  239  236  231  232  227  225  221  220  215  214  209
  209  207  207  204  209  209  217  217  226                                   
    47.5-180.0 180.0   5.0 450.0                            LAT/LON1/LON2/DLON/H
  233  235  230  227  219  210  194  180  161  144  127  116  104   96   91   88
   86   87   86   84   82   78   80   78   83   84   90   92  100  104  113  118
  128  133  144  153  165  173  181  186  194  200  211  220  232  237  246  249
  258  259  263  262  263  259  255  251  249  245  241  237  234  230  227  224
  222  221  221  218  222  221  226  226  233                                   
    45.0-180.0 180.0   5.0 450.0                            LAT/LON1/LON2/DLON/H
  243  240  236  233  228  220  209  192  175  155  138  123  109  100   91   91
   87   90   88   88   86   85   88   89   94   97   99  101  105  109  115  122
  130  136  146  157  168  179  187  193  201  207  218  225  238  243  256  260
  272  274  279  277  279  272  268  262  262  257  256  252  249  244  241  236
  235  233  233  229  232  228  234  230  243                                   
    42.5-180.0 180.0   5.0 450.0                            LAT/LON1/LON2/DLON/H
  245  245  236  233  228  223  214  201  184  165  146  130  116  105   98   95
   95   95   97   95   97   96  102  104  110  113  115  114  115  116  122  128
  137  145  154  166  180  190  200  206  215  221  233  240  253  259  272  279
  292  295  299  299  298  292  285  281  279  276  272  270  265  261  255  253
  250  252  250  248  247  242  243  241  245                                   
    40.0-180.0 180.0   5.0 450.0                            LAT/LON1/LON2/DLON/H
  253  246  236  234  229  225  217  207  192  173  155  137  124  112  103  101
   99  103  103  106  107  111  117  123  129  132  131  129  127  128  133  138
  148  154  165  176  188  199  209  217  227  231  245  251  267  272  288  296
  309  313  317  314  312  305  297  293  292  289  287  283  280  274  269  266
  266  267  269  267  264  257  256  251  253                                   
    37.5-180.0 180.0   5.0 450.0                            LAT/LON1/LON2/DLON/H
  256  252  236  231  225  222  215  207  195  180  162  145  133  121  113  108
  109  109  113  115  120  123  132  138  146  148  146  141  138  138  143  149
  157  165  172  185  196  211  218  232  237  248  257  270  282  292  305  314
  328  333  335  334  330  325  318  316  315  314  309  306  301  295  291  288
  288  290  291  290  286  280  272  269  256                                   
    35.0-180.0 180.0   5.0 450.0                            LAT/LON1/LON2/DLON/H
  270  260  243  236  226  222  214  207  196  182  167  151  138  127  119  114
  113  116  120  125  131  138  147  157  164  167  163  156  152  151  155  160
  168  173  181  192  205  219  229  240  249  258  270  283  297  309  322  331
  343  347  350  350  349  345  342  341  340  339  333  330  323  317  309  306
  305  307  310  309  306  300  295  286  270                                   
    32.5-180.0 180.0   5.0 450.0                            LAT/LON1/LON2/DLON/H
  283  274  254  245  234  225  213  207  196  183  170  158  149  137  128  120
  119  119  126  130  140  146  159  169  179  178  175  165  162  159  164  167
  174  177  182  194  206  223  230  245  252  268  276  292  304  320  332  344
  354  361  364  369  371  374  374  378  376  376  367  364  356  349  341  336
  333  333  334  332  326  325  317  313  283                                   
    30.0-180.0 180.0   5.0 450.0                            LAT/LON1/LON2/DLON/H
  307  291  273  260  245  231  216  206  195  183  170  160  150  139  129  122
  120  122  128  135  146  156  168  182  190  191  182  173  165  164  165  168
  169  172  176  187  200  220  228  242  252  266  280  293  309  322  339  349
  364  370  381  389  399  407  414  418  421  417  410  405  394  390  379  375
  368  366  363  356  346  345  339  334  307                                   
    27.5-180.0 180.0   5.0 450.0                            LAT/LON1/LON2/DLON/H
  331  322  302  288  268  250  229  215  200  186  175  162  156  145  138  128
  129  126  135  140  154  164  180  192  202  199  191  176  171  165  167  164
  164  164  169  178  192  211  223  237  246  264  277  292  308  323  340  354
  370  380  394  407  422  438  450  460  464  465  458  451  442  434  422  417
  409  405  399  391  378  378  365  359  331                                   
    25.0-180.0 180.0   5.0 450.0                            LAT/LON1/LON2/DLON/H
  361  348  329  312  292  268  244  225  208  193  179  168  159  150  141  134
  132  131  137  143  157  170  187  203  209  205  192  179  166  161  154  153
  145  146  150  162  177  198  210  229  239  259  275  290  308  320  340  354
  374  387  406  424  446  466  482  494  501  503  498  493  482  476  462  456
  446  440  432  422  410  407  393  379  361                                   
    22.5-180.0 180.0   5.0 450.0                            LAT/LON1/LON2/DLON/H
  387  384  361  339  317  293  269  247  226  207  193  178  170  158  152  143
  144  140  147  151  169  180  201  213  219  210  197  178  168  158  151  141
  135  131  138  149  170  187  205  221  236  258  276  292  308  323  342  361
  382  398  421  441  465  486  503  515  525  528  528  522  514  504  494  485
  475  466  458  447  437  434  418  401  387                                   
    20.0-180.0 180.0   5.0 450.0                            LAT/LON1/LON2/DLON/H
  408  405  385  364  338  310  287  266  241  222  204  192  182  172  163  158
  154  153  154  162  174  189  206  218  218  208  189  171  155  145  129  118
  108  104  114  128  153  177  193  215  233  259  280  295  313  326  349  367
  391  409  431  452  476  499  513  527  533  541  540  542  533  527  515  506
  497  488  479  473  459  457  439  416  408                                   
    17.5-180.0 180.0   5.0 450.0                            LAT/LON1/LON2/DLON/H
  422  424  406  381  355  324  301  279  260  236  220  206  199  188  180  172
  172  167  170  173  186  197  213  218  216  201  185  162  150  132  119  102
   95   89  101  114  143  166  190  212  236  263  284  302  318  336  358  382
  404  424  443  464  485  505  520  532  540  547  552  552  549  542  532  522
  512  504  493  487  476  472  455  430  422                                   
    15.0-180.0 180.0   5.0 450.0                            LAT/LON1/LON2/DLON/H
  430  428  410  392  361  333  303  287  267  250  231  223  215  209  201  196
  192  191  187  191  196  204  215  214  205  188  165  146  129  113   98   83
   74   70   82   97  125  157  183  210  235  265  292  306  329  343  372  391
  415  432  451  472  490  511  523  537  543  552  554  557  555  552  543  535
  523  517  506  502  491  485  470  444  430                                   
    12.5-180.0 180.0   5.0 450.0                            LAT/LON1/LON2/DLON/H
  438  434  416  389  359  326  302  284  270  255  242  232  230  225  221  215
  216  210  206  203  204  206  210  203  192  169  152  128  118   98   89   75
   68   64   74   87  117  147  182  209  237  267  295  314  335  355  381  405
  425  443  461  477  496  512  528  540  551  556  562  562  563  561  556  550
  540  533  523  517  505  502  486  456  438                                   
    10.0-180.0 180.0   5.0 450.0                            LAT/LON1/LON2/DLON/H
  437  428  409  383  347  319  292  283  266  261  249  247  243  246  242  239
  235  229  220  218  212  207  204  189  170  147  126  111   97   87   75   67
   58   58   63   81  102  140  172  206  234  264  297  313  339  353  384  404
  428  445  463  483  497  517  530  546  558  564  568  568  567  567  561  558
  549  543  536  529  519  511  500  474  437                                   
     7.5-180.0 180.0   5.0 450.0                            LAT/LON1/LON2/DLON/H
  448  439  422  389  348  314  290  278  266  261  254  253  254  255  256  252
  248  240  230  222  212  203  191  170  150  126  111   93   88   78   74   63
