data/unet/pred1470.15i
     1.0            IONOSPHERE MAPS     GNSS                IONEX VERSION / TYPE
pyspatialgeodesy        IME             05-JAN-18 20:20     PGM / RUN BY / DATE 
Map Name                                                    COMMENT             
Predicted global ionosphere maps (GIM).                     DESCRIPTION         
  2015     5    27     0     0     0                        EPOCH OF FIRST MAP  
  2015     5    28     0     0     0                        EPOCH OF LAST MAP   
  7200                                                      INTERVAL            
    13                                                      # OF MAPS IN FILE   
  NONE                                                      MAPPING FUNCTION    
10.0                                                        ELEVATION CUTOFF    
One-way carrier phase leveled to code                       OBSERVABLES USED    
  6371.0                                                    BASE RADIUS         
 2                                                          MAP DIMENSION       
   450.0 450.0   0.0                                        HGT1 / HGT2 / DHGT  
    87.5 -87.5  -2.5                                        LAT1 / LAT2 / DLAT  
  -180.0 180.0   5.0                                        LON1 / LON2 / DLON  
    -1                                                      EXPONENT            
                                                            END OF HEADER       
[from data line 5148]
    13                                                      START OF TEC MAP    
  2015     5    28     0     0     0                        EPOCH OF CURRENT MAP
    87.5-180.0 180.0   5.0 450.0                            LAT/LON1/LON2/DLON/H
  186  155  147  143  141  136  137  134  136  134  134  131  134  131  132  129
  132  129  131  128  130  128  130  127  129  127  128  125  128  125  127  123
  126  123  125  121  124  121  122  119  122  119  121  118  121  120  122  121
  124  123  126  125  129  129  131  131  135  135  138  138  142  142  145  144
  147  147  151  151  156  154  151  175  186                                   
    85.0-180.0 180.0   5.0 450.0                            LAT/LON1/LON2/DLON/H
  162  162  160  155  152  146  146  144  145  142  142  139  141  139  139  136
  138  135  136  133  135  132  133  130  131  128  129  126  127  124  125  121
  123  120  120  117  119  117  116  114  116  114  116  114  117  117  119  119
  122  123  125  126  129  131  133  135  138  140  143  145  149  150  153  153
  157  157  161  161  166  162  154  149  162                                   
    82.5-180.0 180.0   5.0 450.0                            LAT/LON1/LON2/DLON/H
  162  168  166  165  161  156  155  153  153  150  150  148  149  146  146  143
  144  141  141  138  139  136  135  133  133  130  129  127  127  124  123  120
  121  118  118  115  117  115  115  113  115  114  115  115  117  118  120  121
  123  125  127  129  132  134  136  139  141  144  147  149  153  154  157  158
  162  162  167  167  173  168  160  152  162                                   
    80.0-180.0 180.0   5.0 450.0                            LAT/LON1/LON2/DLON/H
  165  175  173  173  168  167  164  165  163  163  160  161  160  159  157  157
  155  154  151  150  148  147  144  142  141  139  137  135  134  132  130  128
  128  126  125  124  124  124  123  123  123  123  124  125  126  128  129  131
  133  135  137  139  141  143  145  147  149  151  153  156  158  160  162  164
  166  168  171  172  175  174  164  156  165                                   
    77.5-180.0 180.0   5.0 450.0                            LAT/LON1/LON2/DLON/H
  170  177  176  176  172  170  169  169  168  168  166  167  165  165  162  162
  160  159  156  155  152  150  147  146  143  141  139  137  136  133  132  130
  131  129  130  129  130  129  129  129  129  129  129  130  131  133  133  137
  138  141  142  145  145  148  148  151  151  154  154  157  158  161  161  164
  165  167  169  171  173  170  165  155  170                                   
    75.0-180.0 180.0   5.0 450.0                            LAT/LON1/LON2/DLON/H
  170  176  176  174  171  168  169  168  169  168  169  168  168  167  166  164
  162  160  158  155  154  150  148  145  143  139  138  135  135  132  133  131
  133  132  134  132  134  132  134  131  132  130  133  131  135  135  139  140
  144  145  149  148  151  150  153  152  153  152  155  154  156  155  158  158
  160  161  164  165  168  167  161  153  170                                   
    72.5-180.0 180.0   5.0 450.0                            LAT/LON1/LON2/DLON/H
  171  174  174  172  167  165  165  166  167  168  168  170  169  170  168  167
  164  163  159  158  154  151  147  144  140  137  135  132  131  129  130  130
  132  132  134  133  135  133  134  132  132  132  133  134  136  139  141  144
  147  149  151  152  152  152  153  152  152  151  152  151  152  151  153  152
  153  154  157  158  163  163  159  151  171                                   
    70.0-180.0 180.0   5.0 450.0                            LAT/LON1/LON2/DLON/H
  167  172  172  169  164  162  163  165  167  169  171  173  174  175  174  173
  171  168  165  162  158  154  149  144  140  135  132  129  128  127  129  129
  133  133  136  134  135  133  133  131  132  130  133  133  137  139  144  146
  151  152  155  154  156  154  155  152  153  151  152  150  151  149  150  147
  149  148  152  153  159  159  156  150  167                                   
    67.5-180.0 180.0   5.0 450.0                            LAT/LON1/LON2/DLON/H
  170  173  172  169  163  161  161  164  167  171  174  178  180  182  182  181
  178  176  172  168  164  159  153  147  141  136  132  128  127  126  128  129
  132  132  134  132  132  130  129  127  127  127  129  130  134  137  142  145
  150  152  155  155  156  154  154  152  153  151  153  151  152  150  150  147
  147  147  149  151  158  158  156  150  170                                   
    65.0-180.0 180.0   5.0 450.0                            LAT/LON1/LON2/DLON/H
  171  176  174  169  164  161  162  164  168  173  178  183  187  190  191  190
  188  185  182  177  173  167  161  153  147  140  135  130  129  128  131  131
  134  133  134  130  130  126  125  122  123  122  125  125  130  133  139  143
  148  151  155  154  156  154  155  153  155  153  157  155  157  153  154  150
  151  148  151  152  159  160  160  153  171                                   
    62.5-180.0 180.0   5.0 450.0                            LAT/LON1/LON2/DLON/H
  180  183  180  176  168  164  163  165  168  174  179  185  191  195  197  197
  196  193  190  186  181  176  169  162  154  147  141  136  134  133  135  135
  135  133  131  126  123  119  118  115  116  115  117  119  124  127  133  138
  144  148  152  152  155  154  156  156  158  158  161  161  162  160  159  156
  155  154  155  157  164  166  166  159  180                                   
    60.0-180.0 180.0   5.0 450.0                            LAT/LON1/LON2/DLON/H
  186  191  189  182  175  169  168  167  170  174  180  187  193  198  201  203
  202  201  198  194  191  186  180  173  165  157  151  145  144  142  143  141
  140  134  130  124  120  115  114  111  112  112  113  115  119  124  130  134
  141  144  149  150  154  155  158  159  163  164  169  169  171  168  168  164
  164  161  164  165  172  174  175  167  186                                   
    57.5-180.0 180.0   5.0 450.0                            LAT/LON1/LON2/DLON/H
  200  203  200  195  186  181  176  174  173  175  178  184  190  196  200  204
  204  205  202  201  198  195  190  185  177  170  163  159  156  154  153  149
  144  137  129  121  116  112  110  109  109  109  112  113  117  121  127  132
  138  142  147  150  154  156  161  164  169  172  176  177  178  177  175  173
  172  171  173  175  182  185  185  177  200                                   
    55.0-180.0 180.0   5.0 450.0                            LAT/LON1/LON2/DLON/H
  207  213  212  206  199  192  188  182  180  178  179  181  188  194  200  204
  205  206  206  206  205  204  201  196  191  184  178  173  170  167  164  158
  151  140  132  121  117  112  112  110  112  111  113  114  117  120  126  130
  136  139  145  147  154  158  166  170  176  179  185  184  187  184  184  181
  182  180  184  184  191  193  194  186  207                                   
    52.5-180.0 180.0   5.0 450.0                            LAT/LON1/LON2/DLON/H
  220  223  222  220  214  208  201  196  189  184  180  180  183  189  195  201
  203  207  207  209  210  212  210  208  202  197  191  186  182  179  172  165
  155  144  133  124  118  115  115  115  116  115  117  116  119  121  126  129
  135  138  143  147  155  162  171  177  184  187  191  190  191  189  188  187
  188  188  190  191  197  200  201  194  220                                   
    50.0-180.0 180.0   5.0 450.0                            LAT/LON1/LON2/DLON/H
  226  232  234  235  232  227  221  213  205  195  188  182  184  187  194  199
  203  207  209  212  216  219  219  217  212  206  200  194  190  185  179  169
  159  147  137  127  124  121  122  121  122  121  121  120  121  122  126  128
  132  134  140  144  154  162  175  182  191  193  197  195  196  192  193  191
  195  194  198  199  204  205  207  201  226                                   
    47.5-180.0 180.0   5.0 450.0                            LAT/LON1/LON2/DLON/H
  238  241  247  251  250  247  244  236  225  212  199  191  188  190  193  200
  202  208  210  216  221  226  228  225  218  213  204  199  193  188  179  171
  159  149  140  132  130  129  129  128  129  126  126  124  125  125  127  129
  133  135  139  145  155  166  180  189  198  201  203  199  198  194  194  194
  197  199  202  203  209  212  213  209  238                                   
    45.0-180.0 180.0   5.0 450.0                            LAT/LON1/LON2/DLON/H
  248  251  259  264  266  267  266  259  251  235  220  206  200  198  201  204
  208  213  217  223  231  236  237  233  225  216  207  199  193  186  179  169
  161  150  145  138  138  136  136  134  134  131  129  127  127  126  128  128
  131  132  137  141  153  164  181  192  203  206  208  202  201  196  197  197
  202  204  209  211  216  219  221  221  248                                   
    42.5-180.0 180.0   5.0 450.0                            LAT/LON1/LON2/DLON/H
  263  265  272  277  281  283  284  281  274  261  244  230  218  214  211  215
  216  222  227  235  242  248  247  241  230  220  208  200  191  186  176  169
  160  153  149  145  145  144  142  139  138  135  133  131  131  129  131  131
  133  134  137  143  154  167  185  198  209  213  214  209  207  202  202  203
  208  213  218  221  227  230  233  237  263                                   
    40.0-180.0 180.0   5.0 450.0                            LAT/LON1/LON2/DLON/H
  281  284  291  294  297  299  302  301  299  288  274  258  247  238  234  233
  235  240  245  254  261  264  261  250  237  223  211  201  193  185  177  169
  163  158  156  153  154  151  147  143  140  137  136  134  134  132  133  131
  133  132  136  141  154  166  186  200  214  218  224  218  218  212  215  215
  223  226  233  236  243  247  252  257  281                                   
    37.5-180.0 180.0   5.0 450.0                            LAT/LON1/LON2/DLON/H
  304  305  311  312  313  314  317  318  318  313  302  289  276  267  259  257
  257  262  268  275  281  282  274  262  244  230  215  207  196  191  181  175
  168  165  163  162  160  156  151  146  143  141  141  140  140  138  138  136
  136  134  137  142  155  169  189  206  220  229  234  232  233  230  232  234
  241  246  252  256  263  269  273  281  304                                   
    35.0-180.0 180.0   5.0 450.0                            LAT/LON1/LON2/DLON/H
  327  332  337  335  336  335  337  338  341  338  331  321  308  298  288  284
  283  289  293  302  305  304  292  276  257  240  226  216  207  197  189  181
  176  171  171  167  165  158  153  147  145  144  146  145  146  142  142  137
  137  133  136  139  153  166  189  205  224  234  245  245  250  247  252  253
  261  264  271  275  284  291  302  310  327                                   
    32.5-180.0 180.0   5.0 450.0                            LAT/LON1/LON2/DLON/H
  352  360  365  364  363  361  360  360  363  363  358  349  338  327  315  310
  310  315  322  329  331  326  309  291  269  253  238  229  217  209  197  189
  181  178  175  171  166  159  153  148  148  148  152  151  152  148  145  139
  138  132  134  136  149  163  185  205  226  240  252  258  264  266  270  274
  280  284  290  295  304  315  326  339  352                                   
    30.0-180.0 180.0   5.0 450.0                            LAT/LON1/LON2/DLON/H
  379  387  394  394  395  392  389  387  390  391  388  382  370  360  345  340
  337  344  348  356  355  348  329  308  286  270  255  243  231  217  204  193
  185  179  176  169  164  155  150  146  148  151  156  156  157  150  146  139
  137  130  130  132  143  156  177  197  222  239  256  266  275  278  285  287
  295  296  304  308  321  334  354  368  379                                   
    27.5-180.0 180.0   5.0 450.0                            LAT/LON1/LON2/DLON/H
  403  409  421  425  428  427  423  422  422  424  421  417  404  393  379  371
  367  371  375  380  376  367  345  324  299  284  268  256  239  223  206  193
  181  175  170  163  156  149  145  144  148  152  158  158  158  150  146  137
  133  126  126  127  137  150  169  190  215  235  255  270  281  288  294  300
  305  310  315  321  334  351  371  392  403                                   
    25.0-180.0 180.0   5.0 450.0                            LAT/LON1/LON2/DLON/H
  423  427  441  449  461  462  464  462  463  462  460  454  440  429  410  404
  393  398  395  401  392  383  360  338  315  297  279  262  243  221  202  186
  174  165  160  152  146  140  139  140  146  152  158  157  156  147  142  133
  130  122  123  123  133  143  162  180  205  229  251  269  283  292  300  306
  312  317  323  329  344  360  390  408  423                                   
    22.5-180.0 180.0   5.0 450.0                            LAT/LON1/LON2/DLON/H
  435  437  457  471  484  492  496  498  502  503  500  493  480  466  448  437
  425  422  416  414  404  393  368  346  320  301  279  259  236  214  191  175
  161  153  146  140  134  132  133  137  143  148  153  150  148  139  134  125
  122  116  118  119  128  139  155  174  199  221  245  263  280  291  300  309
  315  323  328  338  351  368  392  416  435                                   
    20.0-180.0 180.0   5.0 450.0                            LAT/LON1/LON2/DLON/H
  440  441  461  478  500  513  522  528  534  537  536  530  517  503  482  471
  453  447  432  428  413  399  374  350  323  298  273  248  224  201  179  162
  149  139  134  128  126  128  131  137  141  146  146  143  139  130  124  117
  114  110  113  113  123  134  151  170  194  216  238  258  275  289  300  310
  319  328  334  344  358  371  398  417  440                                   
    17.5-180.0 180.0   5.0 450.0                            LAT/LON1/LON2/DLON/H
  439  439  462  480  502  519  534  543  553  559  563  560  550  536  517  501
  483  468  449  436  417  399  372  346  315  285  256  230  207  187  166  152
  137  129  123  120  120  124  129  132  135  135  135  130  127  119  114  105
  103   97  100  102  116  130  151  170  194  215  236  255  273  289  302  316
  325  336  342  353  364  375  391  413  439                                   
    15.0-180.0 180.0   5.0 450.0                            LAT/LON1/LON2/DLON/H
  436  437  454  472  495  516  535  548  559  567  573  575  571  560  543  526
  503  486  460  442  417  395  366  335  301  268  236  208  189  171  155  142
  131  124  120  119  122  128  133  135  135  132  129  124  120  113  106   99
   95   91   95   99  114  129  151  171  195  217  237  257  276  294  308  324
  334  345  352  362  372  378  398  414  436                                   
    12.5-180.0 180.0   5.0 450.0                            LAT/LON1/LON2/DLON/H
  434  435  453  464  482  500  520  535  550  561  570  576  578  572  559  541
  519  496  470  443  415  388  355  319  281  245  212  189  171  158  146  138
  130  124  121  122  126  132  135  134  131  124  121  116  114  106  100   93
   87   83   87   95  112  130  152  174  199  220  241  262  282  303  320  336
  347  359  368  377  381  387  398  417  434                                   
    10.0-180.0 180.0   5.0 450.0                            LAT/LON1/LON2/DLON/H
  438  442  450  457  468  483  500  514  530  541  555  563  571  568  560  545
  522  499  468  440  407  374  338  299  258  220  192  171  160  152  146  141
  137  132  132  133  137  143  144  140  133  123  117  112  109  103   96   89
   84   79   85   92  111  129  151  173  199  221  243  267  289  314  333  350
  363  375  382  390  396  401  417  427  438                                   
     7.5-180.0 180.0   5.0 450.0                            LAT/LON1/LON2/DLON/H
  450  454  461  460  462  470  479  490  501  516  529  543  552  553  549  537
  517  495  465  433  396  358  318  274  233  199  174  159  153  152  151  149
