data/unet/pred1870.15i
     1.0            IONOSPHERE MAPS     GNSS                IONEX VERSION / TYPE
pyspatialgeodesy        IME             05-JAN-18 20:20     PGM / RUN BY / DATE 
Map Name                                                    COMMENT             
Predicted global ionosphere maps (GIM).                     DESCRIPTION         
  2015     7     6     0     0     0                        EPOCH OF FIRST MAP  
  2015     7     7     0     0     0                        EPOCH OF LAST MAP   
  7200                                                      INTERVAL            
    13                                                      # OF MAPS IN FILE   
  NONE                                                      MAPPING FUNCTION    
10.0                                                        ELEVATION CUTOFF    
One-way carrier phase leveled to code                       OBSERVABLES USED    
  6371.0                                                    BASE RADIUS         
 2                                                          MAP DIMENSION       
   450.0 450.0   0.0                                        HGT1 / HGT2 / DHGT  
    87.5 -87.5  -2.5                                        LAT1 / LAT2 / DLAT  
  -180.0 180.0   5.0                                        LON1 / LON2 / DLON  
    -1                                                      EXPONENT            
                                                            END OF HEADER       
[from data line 3861]
    10                                                      START OF TEC MAP    
  2015     7     6    18     0     0                        EPOCH OF CURRENT MAP
    87.5-180.0 180.0   5.0 450.0                            LAT/LON1/LON2/DLON/H
  189  165  162  165  164  162  165  163  165  163  165  162  165  162  164  161
  163  160  163  159  163  159  162  159  162  158  161  158  160  157  159  155
  157  154  155  152  154  150  152  149  151  148  150  147  150  147  149  146
  149  147  149  147  150  148  150  148  151  149  152  150  152  150  153  151
  154  153  156  155  157  156  166  175  189                                   
    85.0-180.0 180.0   5.0 450.0                            LAT/LON1/LON2/DLON/H
  152  152  154  160  159  161  160  163  162  164  162  164  162  164  161  164
  161  163  160  163  161  162  160  161  159  159  157  157  156  156  153  153
  151  151  149  149  147  148  146  147  145  146  145  146  145  146  145  146
  145  147  146  148  146  148  146  148  147  148  147  149  146  149  146  149
  147  150  149  151  149  149  156  168  152                                   
    82.5-180.0 180.0   5.0 450.0                            LAT/LON1/LON2/DLON/H
  151  149  157  159  161  163  166  166  169  169  170  170  172  171  172  171
  171  170  171  170  170  169  169  167  166  165  163  162  160  158  157  155
  154  152  151  149  149  148  148  148  148  147  148  147  148  147  148  147
  149  147  149  147  149  147  149  146  148  145  147  145  146  144  146  144
  145  144  146  145  147  141  145  147  151                                   
    80.0-180.0 180.0   5.0 450.0                            LAT/LON1/LON2/DLON/H
  148  150  155  159  164  165  168  169  172  171  173  173  174  173  173  173
  173  172  172  172  171  172  170  170  168  168  165  164  162  160  158  156
  154  153  151  150  148  148  147  147  147  147  147  147  148  148  148  148
  149  149  150  149  150  149  149  148  148  147  147  146  145  145  144  144
  144  144  145  145  145  141  143  145  148                                   
    77.5-180.0 180.0   5.0 450.0                            LAT/LON1/LON2/DLON/H
  143  146  152  155  159  163  166  169  171  171  173  174  174  173  174  173
  173  172  173  172  174  173  174  172  173  170  170  167  165  161  160  157
  155  153  152  150  150  148  149  148  148  148  149  148  149  148  149  148
  148  148  149  148  148  147  148  146  146  145  145  144  143  142  143  141
  143  142  144  142  142  137  138  139  143                                   
    75.0-180.0 180.0   5.0 450.0                            LAT/LON1/LON2/DLON/H
  144  143  150  155  160  163  168  170  172  173  174  175  175  175  174  173
  172  172  173  173  174  175  176  176  176  176  174  172  169  167  164  162
  158  158  155  155  152  154  152  153  151  152  151  152  150  151  150  150
  149  150  150  150  149  149  148  148  146  146  146  146  144  145  144  144
  145  145  145  145  144  140  141  143  144                                   
    72.5-180.0 180.0   5.0 450.0                            LAT/LON1/LON2/DLON/H
  148  145  155  155  160  163  168  171  172  174  175  176  176  175  174  173
  172  171  173  172  175  175  179  178  180  177  179  174  174  168  167  162
  161  157  157  155  156  155  157  155  156  154  155  152  152  150  151  148
  149  147  149  147  147  145  146  143  144  142  144  144  145  145  147  146
  148  148  149  148  149  144  146  146  148                                   
    70.0-180.0 180.0   5.0 450.0                            LAT/LON1/LON2/DLON/H
  157  152  159  163  167  169  172  174  177  177  180  181  181  179  179  175
  175  172  174  172  176  176  179  180  181  181  179  177  173  170  167  164
  161  160  158  158  157  159  158  159  157  157  155  154  151  151  148  149
  147  149  148  148  146  145  144  143  142  142  143  145  146  148  150  152
  152  153  154  155  156  153  153  156  157                                   
    67.5-180.0 180.0   5.0 450.0                            LAT/LON1/LON2/DLON/H
  170  162  171  169  172  173  176  177  179  180  183  184  183  182  180  178
  173  173  172  174  175  177  180  181  183  181  181  177  175  169  168  163
  162  158  159  157  159  158  161  159  160  156  157  152  152  148  148  145
  147  144  147  143  144  140  141  136  137  136  140  141  146  149  153  155
  158  159  162  162  165  161  162  162  170                                   
    65.0-180.0 180.0   5.0 450.0                            LAT/LON1/LON2/DLON/H
  179  173  178  180  181  181  183  182  185  185  189  190  190  187  185  181
  177  175  174  174  176  177  181  182  183  181  179  177  173  170  167  164
  161  160  159  159  159  160  161  161  160  158  156  153  149  148  145  145
  144  145  145  143  141  138  136  133  132  134  136  140  144  150  155  159
  162  164  166  169  171  168  169  173  179                                   
    62.5-180.0 180.0   5.0 450.0                            LAT/LON1/LON2/DLON/H
  188  180  190  188  188  187  188  187  189  190  193  196  195  193  190  187
  181  178  175  177  177  181  182  184  183  183  180  179  176  173  171  167
  167  163  163  161  162  161  164  162  163  159  158  153  150  146  144  143
  144  143  145  141  141  134  134  128  128  127  132  135  142  147  154  157
  163  164  169  170  175  172  176  177  188                                   
    60.0-180.0 180.0   5.0 450.0                            LAT/LON1/LON2/DLON/H
  189  187  194  197  197  195  194  193  194  195  198  201  201  199  196  193
  185  183  178  181  179  182  184  185  184  183  181  179  178  176  175  174
  172  169  168  166  166  166  166  166  165  164  160  156  151  148  145  144
  144  144  143  142  138  134  129  125  123  123  126  132  137  144  149  155
  158  162  164  168  171  171  175  180  189                                   
    57.5-180.0 180.0   5.0 450.0                            LAT/LON1/LON2/DLON/H
  188  188  200  203  203  200  200  197  198  198  200  203  203  202  200  196
  190  185  183  181  182  183  185  188  185  186  183  185  183  184  184  183
  182  179  178  173  173  170  173  171  171  169  167  162  157  153  150  148
  147  147  146  143  140  133  130  123  122  120  124  127  134  139  144  147
  151  152  158  159  166  166  173  175  188                                   
    55.0-180.0 180.0   5.0 450.0                            LAT/LON1/LON2/DLON/H
  182  188  198  207  209  206  206  203  202  202  203  205  205  204  203  199
  194  191  187  186  184  187  188  190  190  189  189  189  190  190  193  193
  193  189  187  183  180  178  179  179  179  177  174  171  165  162  158  157
  154  155  150  148  141  136  130  125  122  122  123  128  131  136  138  141
  142  145  148  151  157  158  166  174  182                                   
    52.5-180.0 180.0   5.0 450.0                            LAT/LON1/LON2/DLON/H
  176  185  200  209  214  212  213  211  210  208  207  207  205  206  203  201
  195  192  189  188  187  187  189  191  192  192  193  195  197  199  203  204
  203  201  197  193  189  187  188  188  189  188  186  183  177  173  169  167
  164  162  158  152  146  140  135  130  127  126  128  129  132  133  135  134
  136  136  140  142  151  151  163  168  176                                   
    50.0-180.0 180.0   5.0 450.0                            LAT/LON1/LON2/DLON/H
  172  185  197  211  218  220  221  221  218  217  212  212  208  208  205  203
  196  194  191  190  189  190  192  194  196  197  200  202  205  207  211  212
  212  208  205  201  199  197  199  199  200  200  199  196  192  188  182  180
  174  172  165  161  153  149  142  140  136  137  136  137  137  137  135  134
  133  134  135  139  146  146  157  168  172                                   
    47.5-180.0 180.0   5.0 450.0                            LAT/LON1/LON2/DLON/H
  172  184  201  216  226  230  233  234  231  227  221  216  211  210  207  206
  200  196  193  192  192  193  195  197  201  201  206  207  210  212  216  217
  216  214  211  209  207  209  210  212  213  214  212  210  205  201  195  190
  185  180  175  169  164  159  156  153  151  149  149  147  146  142  140  136
  135  134  137  139  146  147  160  168  172                                   
    45.0-180.0 180.0   5.0 450.0                            LAT/LON1/LON2/DLON/H
  176  189  203  221  233  241  246  248  246  243  234  230  221  219  215  215
  209  206  201  200  199  200  202  205  209  211  214  217  218  220  222  222
  223  220  219  217  220  221  224  226  228  227  226  224  221  215  209  204
  197  192  186  181  178  173  172  169  169  166  165  161  159  154  150  147
  144  144  143  146  150  151  160  172  176                                   
    42.5-180.0 180.0   5.0 450.0                            LAT/LON1/LON2/DLON/H
  183  191  210  227  241  252  257  263  261  258  249  242  232  229  223  223
  218  217  211  209  207  207  210  214  219  222  225  226  227  226  227  228
  228  228  227  230  232  237  239  243  243  243  240  238  233  228  221  215
  209  203  198  194  191  189  188  187  186  183  181  175  172  165  162  157
  155  153  153  152  156  155  168  178  183                                   
    40.0-180.0 180.0   5.0 450.0                            LAT/LON1/LON2/DLON/H
  191  199  212  231  245  257  266  271  274  271  265  257  249  243  236  235
  231  229  224  221  219  219  221  227  233  238  242  243  242  240  240  239
  240  240  243  245  253  256  261  263  264  260  258  252  250  242  236  227
  223  215  213  208  208  206  207  204  204  198  197  189  185  180  175  173
  169  168  164  165  163  165  172  185  191                                   
    37.5-180.0 180.0   5.0 450.0                            LAT/LON1/LON2/DLON/H
  197  202  219  235  251  262  270  278  280  285  279  275  264  256  245  243
  240  239  236  235  233  234  235  242  248  255  259  261  260  259  258  260
  261  263  266  270  276  281  285  286  285  281  276  271  264  259  249  241
  233  228  223  222  221  222  220  219  215  213  207  203  195  191  186  185
  181  180  175  171  169  167  181  192  197                                   
    35.0-180.0 180.0   5.0 450.0                            LAT/LON1/LON2/DLON/H
  200  210  221  235  249  262  272  281  288  294  296  294  287  276  266  258
  256  253  252  251  251  251  254  260  269  277  284  289  289  291  289  294
  295  299  300  302  308  309  313  311  311  304  300  291  285  274  265  254
  247  239  236  232  233  230  231  226  225  217  215  206  204  198  196  195
  190  189  182  179  175  175  185  200  200                                   
    32.5-180.0 180.0   5.0 450.0                            LAT/LON1/LON2/DLON/H
  203  211  223  236  249  263  271  283  288  303  307  312  307  300  284  274
  267  265  263  265  266  269  270  279  288  301  309  319  321  327  328  334
  336  339  337  336  337  335  338  333  332  324  317  309  298  288  274  264
  253  247  241  239  237  237  234  232  227  223  214  211  203  202  198  198
  193  191  185  179  175  171  189  204  203                                   
    30.0-180.0 180.0   5.0 450.0                            LAT/LON1/LON2/DLON/H
  205  217  225  236  246  258  270  281  293  306  320  326  329  322  312  296
  290  281  281  280  283  284  289  296  310  323  338  354  361  369  374  383
  388  387  383  375  370  364  359  354  348  338  331  318  308  293  281  266
  258  248  245  239  239  235  236  229  228  217  215  205  204  200  199  197
  193  191  186  182  177  176  189  208  205                                   
    27.5-180.0 180.0   5.0 450.0                            LAT/LON1/LON2/DLON/H
  205  216  224  232  240  256  265  281  289  308  321  337  341  340  332  319
  309  298  297  297  297  302  303  315  328  350  370  390  398  410  415  427
  427  426  414  402  389  377  371  360  354  341  330  318  303  290  274  263
  250  243  236  232  230  229  226  225  220  218  208  205  197  197  193  192
  188  186  181  176  173  169  189  208  205                                   
    25.0-180.0 180.0   5.0 450.0                            LAT/LON1/LON2/DLON/H
  204  218  224  235  238  251  263  275  288  306  325  341  354  356  350  343
  332  320  317  314  318  317  323  331  351  372  400  418  434  449  460  470
  470  463  449  430  410  395  381  368  355  338  323  307  292  278  264  250
  240  230  224  218  218  216  217  216  215  208  204  196  193  189  189  186
  184  180  177  173  171  171  185  208  204                                   
    22.5-180.0 180.0   5.0 450.0                            LAT/LON1/LON2/DLON/H
  203  212  220  230  238  253  262  279  288  312  326  351  362  373  370  365
  354  346  338  338  337  339  342  353  371  397  422  444  458  470  481  488
  483  473  452  431  405  387  370  355  339  320  303  287  272  259  246  233
  221  211  204  199  198  199  200  203  200  201  191  190  182  182  177  176
  173  172  169  166  166  165  182  203  203                                   
    20.0-180.0 180.0   5.0 450.0                            LAT/LON1/LON2/DLON/H
  199  209  216  230  238  251  263  274  290  306  327  349  365  380  380  380
  372  364  360  357  358  357  362  369  392  412  441  458  474  489  493  498
  487  473  449  425  398  380  363  346  327  305  287  268  256  240  229  216
  206  197  190  185  184  186  188  192  192  189  182  176  172  169  167  165
  165  164  165  163  163  164  176  198  199                                   
    17.5-180.0 180.0   5.0 450.0                            LAT/LON1/LON2/DLON/H
  192  199  209  224  235  254  263  281  289  310  324  351  368  387  392  397
  391  389  384  384  381  383  385  393  407  430  451  467  479  487  487  484
  467  449  422  400  375  358  344  326  308  288  269  252  239  226  215  203
  194  184  176  171  169  172  175  182  181  183  172  171  162  160  154  153
  151  153  155  154  155  154  168  185  192                                   
    15.0-180.0 180.0   5.0 450.0                            LAT/LON1/LON2/DLON/H
  180  189  198  216  229  246  261  274  289  303  321  339  363  382  396  403
  405  406  404  402  405  401  405  409  427  444  462  481  485  492  486  478
  460  438  412  386  367  351  339  323  305  284  266  248  236  221  213  202
  193  183  175  168  165  167  170  178  179  178  170  163  154  150  144  143
  142  144  149  150  150  150  159  172  180                                   
    12.5-180.0 180.0   5.0 450.0                            LAT/LON1/LON2/DLON/H
  167  174  187  205  223  245  259  277  287  305  316  340  360  382  398  413
  420  425  422  426  423  423  418  426  438  456  468  483  484  486  476  466
  444  423  399  376  362  349  340  323  306  287  267  253  237  227  216  207
  198  186  175  167  163  165  168  176  176  177  166  162  150  146  136  133
  130  132  136  138  137  136  147  158  167                                   
    10.0-180.0 180.0   5.0 450.0                            LAT/LON1/LON2/DLON/H
  151  162  174  198  215  239  255  275  287  301  314  331  353  373  393  407
  420  423  427  426  430  427  431  439  450  470  480  495  493  491  486  471
  454  430  411  386  377  362  355  339  321  302  284  266  252  238  230  220
  209  195  183  174  169  170  173  178  178  176  167  157  147  140  132  129
  126  126  129  131  129  127  133  140  151                                   
     7.5-180.0 180.0   5.0 450.0                            LAT/LON1/LON2/DLON/H
  135  144  163  185  211  234  255  274  289  303  315  332  351  370  390  406
  421  425  432  430  431  433  431  445  452  472  484  495  496  493  486  471
