data/unet/pred1100.15i
     1.0            IONOSPHERE MAPS     GNSS                IONEX VERSION / TYPE
pyspatialgeodesy        IME             05-JAN-18 20:20     PGM / RUN BY / DATE 
Map Name                                                    COMMENT             
Predicted global ionosphere maps (GIM).                     DESCRIPTION         
  2015     4    20     0     0     0                        EPOCH OF FIRST MAP  
  2015     4    21     0     0     0                        EPOCH OF LAST MAP   
  7200                                                      INTERVAL            
    13                                                      # OF MAPS IN FILE   
  NONE                                                      MAPPING FUNCTION    
10.0                                                        ELEVATION CUTOFF    
One-way carrier phase leveled to code                       OBSERVABLES USED    
  6371.0                                                    BASE RADIUS         
 2                                                          MAP DIMENSION       
   450.0 450.0   0.0                                        HGT1 / HGT2 / DHGT  
    87.5 -87.5  -2.5                                        LAT1 / LAT2 / DLAT  
  -180.0 180.0   5.0                                        LON1 / LON2 / DLON  
    -1                                                      EXPONENT            
                                                            END OF HEADER       
[from data line 3003]
     8                                                      START OF TEC MAP    
  2015     4    20    14     0     0                        EPOCH OF CURRENT MAP
    87.5-180.0 180.0   5.0 450.0                            LAT/LON1/LON2/DLON/H
  212  226  235  241  244  252  254  261  264  268  271  272  274  272  273  270
  271  268  270  267  268  266  268  265  267  264  265  262  263  259  260  256
  257  253  254  251  252  249  250  248  248  247  247  246  245  244  244  243
  243  241  241  239  238  236  234  233  231  229  226  226  225  223  222  221
  222  221  222  220  219  217  233  196  212                                   
    85.0-180.0 180.0   5.0 450.0                            LAT/LON1/LON2/DLON/H
  227  227  230  239  241  248  252  257  260  265  267  270  270  272  271  272
  270  271  270  271  269  269  269  268  267  267  266  265  263  262  261  260
  258  258  256  256  254  254  251  252  249  250  247  247  244  244  242  241
  240  238  237  234  234  230  229  225  225  221  220  217  217  214  214  213
  214  214  215  215  216  213  219  217  227                                   
    82.5-180.0 180.0   5.0 450.0                            LAT/LON1/LON2/DLON/H
  218  213  213  222  222  233  234  244  242  252  250  258  255  261  258  262
  259  262  260  262  260  261  258  259  257  257  256  256  254  254  252  253
  250  250  247  247  244  242  240  239  237  236  234  233  231  230  228  228
  226  227  223  225  220  221  216  217  211  211  206  206  203  202  199  199
  197  200  199  199  200  198  205  203  218                                   
    80.0-180.0 180.0   5.0 450.0                            LAT/LON1/LON2/DLON/H
  196  192  194  199  205  210  215  219  224  227  231  233  236  237  237  239
  238  240  239  241  240  241  240  240  240  239  240  239  240  239  240  240
  239  239  238  237  234  233  229  229  225  225  222  222  220  219  218  217
  217  216  215  214  213  209  209  204  204  197  197  192  192  186  187  183
  185  181  184  180  181  180  183  186  196                                   
    77.5-180.0 180.0   5.0 450.0                            LAT/LON1/LON2/DLON/H
  176  175  180  188  190  198  200  207  208  214  214  219  218  220  219  220
  218  219  219  221  222  224  225  227  227  229  229  232  231  234  234  236
  236  237  236  235  232  230  227  225  223  222  221  221  221  221  221  223
  222  223  222  222  220  219  215  214  208  205  199  197  191  187  182  180
  176  175  171  171  167  167  171  167  176                                   
    75.0-180.0 180.0   5.0 450.0                            LAT/LON1/LON2/DLON/H
  167  164  167  172  178  182  188  190  195  196  200  199  201  198  199  196
  197  194  198  197  202  203  209  209  214  215  218  220  223  225  229  230
  233  233  236  234  234  230  231  225  227  223  226  223  227  225  229  226
  230  227  229  226  227  222  221  215  214  205  202  196  192  185  180  175
  172  168  165  161  161  156  162  160  167                                   
    72.5-180.0 180.0   5.0 450.0                            LAT/LON1/LON2/DLON/H
  159  157  161  169  172  180  182  187  188  191  191  192  190  187  186  182
  182  181  185  186  192  195  202  206  211  215  219  222  225  228  231  234
  235  240  240  243  241  241  238  238  235  236  235  236  237  238  239  240
  240  241  238  238  235  234  229  226  221  215  208  201  194  188  179  174
  168  164  159  156  152  150  159  151  159                                   
    70.0-180.0 180.0   5.0 450.0                            LAT/LON1/LON2/DLON/H
  153  151  153  159  166  169  176  177  182  181  185  182  182  178  177  173
  173  172  177  177  185  188  197  201  210  213  218  219  223  225  230  231
  236  238  244  244  248  245  249  244  247  242  246  243  248  245  250  246
  249  245  245  240  240  233  232  224  222  212  206  198  191  184  176  169
  162  156  152  147  145  140  145  146  153                                   
    67.5-180.0 180.0   5.0 450.0                            LAT/LON1/LON2/DLON/H
  143  142  143  153  159  167  173  177  180  182  184  182  181  177  177  174
  175  175  178  182  186  194  203  211  218  222  227  228  229  230  233  235
  240  243  250  252  256  257  258  257  256  256  256  254  255  254  254  252
  251  248  244  241  236  232  228  223  218  210  200  192  182  173  162  156
  146  143  136  134  130  129  137  134  143                                   
    65.0-180.0 180.0   5.0 450.0                            LAT/LON1/LON2/DLON/H
  132  129  131  139  148  154  164  166  174  175  180  179  181  179  180  178
  179  179  183  186  194  198  209  215  223  226  229  228  230  228  233  233
  241  243  253  254  261  261  266  262  264  259  262  256  259  255  256  252
  250  244  240  234  230  222  219  212  207  197  189  180  171  160  150  141
  132  127  120  116  113  111  115  124  132                                   
    62.5-180.0 180.0   5.0 450.0                            LAT/LON1/LON2/DLON/H
  119  114  114  121  128  138  145  154  160  168  173  177  179  181  182  182
  183  187  190  197  202  210  218  225  232  235  237  236  235  234  237  239
  246  252  262  264  272  272  276  272  274  268  269  263  263  259  258  252
  249  243  237  232  225  220  213  209  201  194  183  172  162  148  137  124
  115  106  103   94   92   91   97  104  119                                   
    60.0-180.0 180.0   5.0 450.0                            LAT/LON1/LON2/DLON/H
  104   95   94   99  107  112  125  133  145  152  162  166  174  177  181  182
  186  188  194  196  206  209  219  222  228  230  231  230  230  231  236  241
  253  259  272  271  283  278  288  280  285  274  276  266  269  260  262  253
  250  242  236  230  225  218  212  206  200  190  182  169  161  144  135  118
  109   97   94   81   81   74   77   89  104                                   
    57.5-180.0 180.0   5.0 450.0                            LAT/LON1/LON2/DLON/H
   94   82   78   84   88   97  104  115  126  137  146  155  162  170  174  180
  183  189  192  201  205  216  219  226  227  230  229  231  229  235  239  250
  262  274  284  290  295  296  301  296  297  287  286  277  277  268  267  260
  255  248  241  235  230  225  220  218  211  205  195  183  172  153  141  120
  110   96   90   76   73   66   70   75   94                                   
    55.0-180.0 180.0   5.0 450.0                            LAT/LON1/LON2/DLON/H
   92   73   68   69   74   80   89   96  110  121  134  141  153  159  170  174
  181  187  194  201  206  215  218  224  224  227  226  228  228  236  246  262
  277  292  302  308  313  314  320  318  317  309  302  292  290  280  281  270
  268  260  254  249  244  241  237  234  228  223  212  203  191  173  160  138
  124  107  100   85   83   73   70   72   92                                   
    52.5-180.0 180.0   5.0 450.0                            LAT/LON1/LON2/DLON/H
   99   76   67   66   68   75   81   91  102  112  123  134  143  154  162  173
  180  191  196  207  210  222  222  232  228  238  232  240  237  252  260  281
  292  312  319  330  330  337  338  339  336  328  320  313  307  300  297  289
  287  282  276  271  265  263  258  257  251  249  237  230  219  202  188  166
  152  134  123  107  104   91   89   86   99                                   
    50.0-180.0 180.0   5.0 450.0                            LAT/LON1/LON2/DLON/H
  118   89   77   75   71   74   78   87   97  106  117  126  138  145  160  170
  182  197  202  217  216  230  229  243  239  251  248  256  256  271  283  302
  317  333  341  349  352  359  361  362  356  352  340  334  327  322  320  315
  313  310  303  297  290  286  280  279  270  269  255  254  238  230  213  199
  184  169  157  144  133  122  112  111  118                                   
    47.5-180.0 180.0   5.0 450.0                            LAT/LON1/LON2/DLON/H
  141  112   98   91   87   86   88   93  102  108  119  126  136  145  158  176
  190  209  216  229  231  242  244  259  258  271  266  279  276  293  300  320
  332  349  356  365  366  376  373  376  371  366  358  353  344  343  338  338
  334  333  325  319  308  303  293  293  281  281  266  266  253  248  236  227
  215  203  192  181  172  159  157  146  141                                   
    45.0-180.0 180.0   5.0 450.0                            LAT/LON1/LON2/DLON/H
  167  146  126  116  109  107  102  106  108  118  124  133  140  150  165  184
  198  221  228  246  242  258  258  277  274  291  286  299  297  312  318  338
  347  365  371  382  384  395  393  399  390  390  377  374  363  363  360  358
  354  351  341  331  319  309  297  292  279  280  264  268  255  257  247  245
  236  231  221  213  205  193  188  179  167                                   
    42.5-180.0 180.0   5.0 450.0                            LAT/LON1/LON2/DLON/H
  190  171  157  149  140  131  125  123  122  127  135  139  147  154  169  191
  214  239  253  267  268  277  282  294  298  314  310  322  318  330  334  350
  363  377  387  398  403  415  413  419  411  406  399  393  384  380  373  373
  362  359  345  336  320  310  292  286  269  268  254  255  245  248  244  248
  243  242  235  230  224  215  216  212  190                                   
    40.0-180.0 180.0   5.0 450.0                            LAT/LON1/LON2/DLON/H
  204  198  182  176  169  160  150  146  141  148  153  159  166  172  187  207
  224  252  264  282  280  289  294  309  316  333  331  341  336  347  350  369
  377  398  405  425  429  446  444  452  439  438  424  420  406  401  389  385
  372  365  349  338  321  306  285  272  249  245  231  233  229  230  235  237
  241  240  241  235  232  224  226  229  204                                   
    37.5-180.0 180.0   5.0 450.0                            LAT/LON1/LON2/DLON/H
  210  204  192  189  183  176  167  156  153  157  164  169  175  181  194  212
  239  262  283  295  299  301  311  323  333  347  348  356  356  365  372  388
  401  423  434  457  464  484  482  487  475  469  453  444  431  420  407  402
  387  382  363  357  337  323  298  281  257  248  233  227  223  221  226  227
  233  231  230  226  220  220  222  232  210                                   
    35.0-180.0 180.0   5.0 450.0                            LAT/LON1/LON2/DLON/H
  207  208  193  190  187  182  174  167  165  174  183  192  200  207  218  232
  251  275  290  306  308  314  322  332  345  357  361  370  374  388  394  421
  431  461  473  507  516  535  536  536  526  516  501  486  470  454  436  425
  402  390  373  367  349  338  319  310  292  283  259  247  234  233  234  230
  233  227  225  215  211  208  220  227  207                                   
    32.5-180.0 180.0   5.0 450.0                            LAT/LON1/LON2/DLON/H
  199  199  184  184  179  177  169  166  165  180  188  202  208  219  229  245
  270  287  307  314  322  325  335  342  356  368  376  390  398  418  430  458
  476  513  534  568  581  598  596  598  590  578  558  541  519  506  482  472
  453  453  434  438  414  414  388  385  359  353  320  316  285  291  272  272
  255  250  233  222  209  204  204  207  199                                   
    30.0-180.0 180.0   5.0 450.0                            LAT/LON1/LON2/DLON/H
  184  200  185  182  176  170  163  160  162  182  196  220  231  247  259  275
  292  312  323  337  340  348  354  364  375  387  398  420  434  456  478  512
  542  580  613  646  673  688  701  694  698  678  666  635  607  575  553  539
  532  530  527  524  515  504  484  471  437  423  381  374  332  329  294  298
  278  273  249  236  220  204  220  206  184                                   
    27.5-180.0 180.0   5.0 450.0                            LAT/LON1/LON2/DLON/H
  165  190  177  180  177  171  161  156  160  175  193  217  233  257  272  293
  315  331  347  356  364  367  376  383  399  414  432  457  479  507  537  574
  617  659  702  740  757  762  759  754  748  739  727  705  681  658  644  631
  627  624  618  614  603  603  584  578  543  521  484  466  430  417  369  364
  321  324  287  290  255  237  219  202  165                                   
    25.0-180.0 180.0   5.0 450.0                            LAT/LON1/LON2/DLON/H
  171  197  172  172  164  165  161  158  160  170  190  218  244  268  293  316
  330  356  366  385  391  398  405  412  428  445  475  503  540  575  615  650
  693  744  791  799  807  800  806  799  802  789  779  769  760  750  743  736
  728  722  711  707  691  688  662  653  616  594  556  544  513  507  477  458
  408  395  353  350  315  288  261  229  171                                   
    22.5-180.0 180.0   5.0 450.0                            LAT/LON1/LON2/DLON/H
  206  213  187  176  170  159  153  153  162  174  188  204  235  267  297  329
  355  377  399  404  417  417  427  434  454  479  516  559  605  637  674  710
  764  816  836  845  849  842  844  842  842  833  826  814  808  802  800  794
  787  778  765  756  739  730  709  690  664  638  618  592  579  553  532  508
  487  456  411  385  352  322  292  248  206                                   
    20.0-180.0 180.0   5.0 450.0                            LAT/LON1/LON2/DLON/H
  242  228  206  182  166  158  152  149  147  162  176  198  220  264  298  333
  354  392  413  438  444  450  456  465  490  524  566  605  652  689  732  774
  825  846  859  869  872  856  859  853  864  857  851  841  841  842  842  841
  823  803  773  753  734  717  707  691  677  655  642  637  617  605  582  564
  534  509  471  435  392  354  317  293  242                                   
    17.5-180.0 180.0   5.0 450.0                            LAT/LON1/LON2/DLON/H
  276  242  220  196  183  162  154  153  151  160  171  181  210  238  282  316
  348  384  425  445  461  461  471  489  516  552  603  651  701  740  783  825
  846  864  883  883  877  859  859  855  865  863  858  850  855  854  865  850
  833  798  762  720  695  663  661  643  641  631  632  631  632  617  612  587
  575  542  506  462  418  375  338  324  276                                   
    15.0-180.0 180.0   5.0 450.0                            LAT/LON1/LON2/DLON/H
  301  252  230  207  187  172  158  146  145  156  159  176  194  234  272  304
  335  372  412  452  472  480  494  510  545  594  647  699  750  787  819  831
  850  864  877  871  860  842  846  841  859  855  855  852  851  857  861  848
  822  779  733  674  642  605  604  594  589  596  590  610  607  617  610  596
  584  554  525  483  436  394  350  337  301                                   
    12.5-180.0 180.0   5.0 450.0                            LAT/LON1/LON2/DLON/H
  309  266  236  215  190  176  161  154  138  147  146  171  179  218  262  296
  322  360  393  433  462  484  494  524  575  637  690  746  785  813  823  830
  845  852  861  847  843  829  837  842  853  852  849  843  842  840  839  815
  786  736  685  604  558  535  530  529  527  545  544  571  557  580  576  579
  573  549  512  475  431  389  346  345  309                                   
    10.0-180.0 180.0   5.0 450.0                            LAT/LON1/LON2/DLON/H
  299  262  236  220  195  175  156  149  130  138  141  167  177  216  256  300
  326  366  402  438  484  497  519  560  612  670  728  779  813  813  815  817
  821  826  830  827  826  822  836  840  854  848  846  829  830  819  822  790
  768  700  653  572  530  496  494  495  503  515  519  534  518  533  521  529
  523  506  477  441  404  374  337  324  299                                   
     7.5-180.0 180.0   5.0 450.0                            LAT/LON1/LON2/DLON/H
  282  254  227  214  186  172  150  143  130  135  137  159  170  216  246  302
  326  378  398  444  488  516  542  590  647  707  757  804  815  808  810  804
