data/unet/pred0380.15i
     1.0            IONOSPHERE MAPS     GNSS                IONEX VERSION / TYPE
pyspatialgeodesy        IME             05-JAN-18 20:20     PGM / RUN BY / DATE 
Map Name                                                    COMMENT             
Predicted global ionosphere maps (GIM).                     DESCRIPTION         
  2015     2     7     0     0     0                        EPOCH OF FIRST MAP  
  2015     2     8     0     0     0                        EPOCH OF LAST MAP   
  7200                                                      INTERVAL            
    13                                                      # OF MAPS IN FILE   
  NONE                                                      MAPPING FUNCTION    
10.0                                                        ELEVATION CUTOFF    
One-way carrier phase leveled to code                       OBSERVABLES USED    
  6371.0                                                    BASE RADIUS         
 2                                                          MAP DIMENSION       
   450.0 450.0   0.0                                        HGT1 / HGT2 / DHGT  
    87.5 -87.5  -2.5                                        LAT1 / LAT2 / DLAT  
  -180.0 180.0   5.0                                        LON1 / LON2 / DLON  
    -1                                                      EXPONENT            
                                                            END OF HEADER       
[from data line 1287]
     4                                                      START OF TEC MAP    
  2015     2     7     6     0     0                        EPOCH OF CURRENT MAP
    87.5-180.0 180.0   5.0 450.0                            LAT/LON1/LON2/DLON/H
   34   74   72   70   72   68   72   71   75   76   79   80   82   83   84   83
   84   83   83   81   81   79   80   77   79   78   79   79   80   80   82   81
   82   82   82   83   83   83   83   83   83   84   84   85   84   85   86   86
   86   87   88   89   89   90   91   91   92   91   91   90   89   86   85   82
   82   79   79   77   79   74   89   40   34                                   
    85.0-180.0 180.0   5.0 450.0                            LAT/LON1/LON2/DLON/H
   75   64   75   77   78   71   77   76   80   80   84   85   88   89   91   92
   93   91   92   89   89   86   86   83   84   82   82   81   81   81   81   80
   81   80   81   81   82   82   84   85   87   88   91   92   94   95   98   99
  102  103  107  108  112  113  117  117  119  119  120  118  118  115  113  106
  104   96   95   91   90   78   87   60   75                                   
    82.5-180.0 180.0   5.0 450.0                            LAT/LON1/LON2/DLON/H
   73   75   76   71   73   66   72   70   77   77   83   84   90   90   95   94
   96   94   95   91   92   87   87   82   83   78   79   75   77   74   76   74
   77   76   78   77   79   79   81   82   85   85   90   90   95   95  101  101
  107  108  115  116  123  123  129  128  132  130  133  129  130  124  123  116
  114  106  104   96   93   86   96   58   73                                   
    80.0-180.0 180.0   5.0 450.0                            LAT/LON1/LON2/DLON/H
   77   77   68   63   61   57   62   61   68   70   76   79   84   86   90   91
   92   91   90   88   85   82   78   75   72   69   66   65   63   65   64   67
   66   71   69   74   70   75   73   78   77   82   83   88   90   96  100  106
  112  120  128  136  142  149  153  158  158  161  160  161  157  154  147  142
  131  124  115  109   99   87   92   63   77                                   
    77.5-180.0 180.0   5.0 450.0                            LAT/LON1/LON2/DLON/H
   85   80   68   61   58   55   56   59   64   69   74   80   85   88   92   92
   93   91   90   85   82   76   73   67   65   60   60   58   59   60   63   64
   69   71   74   76   79   79   83   81   86   84   92   91  100  102  114  121
  133  143  155  165  173  182  187  192  195  196  195  194  188  184  176  171
  161  152  141  131  118  105  103   75   85                                   
    75.0-180.0 180.0   5.0 450.0                            LAT/LON1/LON2/DLON/H
   95   86   70   64   56   55   57   60   66   69   76   81   86   90   91   94
   90   93   86   86   76   73   63   61   53   53   48   52   49   55   56   64
   65   73   74   79   77   82   80   84   81   86   88   95   99  112  123  137
  149  165  180  192  202  211  220  228  230  232  230  227  221  217  209  202
  190  182  169  156  140  120  118   94   95                                   
    72.5-180.0 180.0   5.0 450.0                            LAT/LON1/LON2/DLON/H
  112   95   76   67   60   55   56   56   64   65   74   76   85   85   91   90
   92   87   87   81   78   69   66   57   56   50   53   50   55   57   65   66
   73   74   79   80   82   81   83   81   85   83   91   94  108  118  138  150
  171  186  206  220  233  244  253  261  263  263  259  253  248  241  236  228
  219  205  191  177  162  143  135  112  112                                   
    70.0-180.0 180.0   5.0 450.0                            LAT/LON1/LON2/DLON/H
  120  107   80   75   61   58   55   58   61   66   72   77   84   85   88   88
   88   86   84   80   76   70   65   59   57   53   54   53   55   59   64   69
   71   75   74   77   75   76   74   77   76   83   86  102  111  132  148  170
  188  211  232  252  265  278  289  294  296  293  289  281  272  263  255  247
  239  226  213  198  180  162  151  133  120                                   
    67.5-180.0 180.0   5.0 450.0                            LAT/LON1/LON2/DLON/H
  135  114   93   79   71   60   60   58   64   63   71   71   80   78   82   81
   83   81   81   79   77   72   70   64   65   61   65   63   67   68   73   75
   77   76   74   72   70   68   68   68   73   77   89  105  124  143  165  184
  209  233  257  276  291  301  312  314  316  311  306  296  288  276  267  259
  252  240  229  213  194  176  166  146  135                                   
    65.0-180.0 180.0   5.0 450.0                            LAT/LON1/LON2/DLON/H
  141  125   98   88   74   70   63   65   65   72   72   78   81   82   82   80
   81   79   81   79   80   77   76   71   73   69   72   72   73   76   76   78
   76   73   69   66   63   60   58   60   65   76   90  113  132  157  176  200
  225  251  273  291  305  318  325  328  328  323  316  306  297  284  274  265
  259  247  237  225  205  189  179  162  141                                   
    62.5-180.0 180.0   5.0 450.0                            LAT/LON1/LON2/DLON/H
  151  131  109   88   78   67   65   63   66   68   71   72   78   75   79   77
   77   76   77   78   79   79   78   76   76   74   76   75   75   75   74   73
   70   66   60   55   52   48   49   52   62   78   99  123  148  168  190  213
  244  265  290  305  321  329  335  334  335  327  320  309  302  291  279  271
  262  253  241  230  215  194  185  167  151                                   
    60.0-180.0 180.0   5.0 450.0                            LAT/LON1/LON2/DLON/H
  151  136  112   95   81   71   66   67   68   72   72   77   79   79   80   78
   79   77   79   78   82   81   83   81   83   80   80   77   76   76   72   69
   63   59   54   50   47   42   45   50   63   84  110  136  161  180  201  228
  255  277  300  317  331  338  341  341  339  332  323  314  310  301  291  281
  272  261  249  239  223  201  190  176  151                                   
    57.5-180.0 180.0   5.0 450.0                            LAT/LON1/LON2/DLON/H
  160  144  121   97   82   68   64   63   65   67   68   70   74   73   75   75
   76   75   74   74   77   78   79   78   78   76   74   73   71   69   65   62
   57   54   49   46   42   41   44   54   70   96  123  150  173  191  216  240
  269  287  312  324  339  340  345  341  342  333  328  320  319  312  302  294
  284  275  262  252  237  216  200  185  160                                   
    55.0-180.0 180.0   5.0 450.0                            LAT/LON1/LON2/DLON/H
  168  149  127  105   87   72   66   65   65   64   62   66   66   69   70   72
   75   74   74   73   74   75   76   76   75   72   70   65   65   63   59   58
   54   54   50   48   46   45   51   61   82  108  137  162  184  205  230  255
  280  302  325  340  350  354  354  355  355  352  347  342  340  335  326  317
  305  295  280  270  255  232  212  202  168                                   
    52.5-180.0 180.0   5.0 450.0                            LAT/LON1/LON2/DLON/H
  187  167  145  118   96   79   69   63   60   54   53   52   55   56   61   62
   67   65   67   65   69   67   69   67   69   65   65   61   61   57   56   54
   54   52   52   50   50   53   59   73   95  124  151  177  199  220  249  273
  297  318  341  353  364  366  369  366  370  366  366  361  361  354  348  339
  327  316  303  293  281  260  232  218  187                                   
    50.0-180.0 180.0   5.0 450.0                            LAT/LON1/LON2/DLON/H
  202  180  159  134  114   95   83   74   67   59   52   51   53   55   59   62
   64   63   62   63   64   67   66   64   65   62   63   60   60   57   57   58
   60   58   59   56   60   61   70   85  112  141  167  191  213  241  268  293
  317  339  359  372  380  383  384  383  385  384  381  376  374  365  358  349
  338  324  311  302  292  272  250  238  202                                   
    47.5-180.0 180.0   5.0 450.0                            LAT/LON1/LON2/DLON/H
  219  196  180  156  134  116  100   88   77   61   54   47   50   50   57   56
   61   55   58   55   60   62   66   64   66   62   63   58   55   51   54   57
   62   60   65   65   71   75   87  107  131  159  182  207  234  263  291  312
  337  356  376  386  393  393  393  390  393  387  384  376  372  364  358  349
  339  326  316  305  298  284  260  248  219                                   
    45.0-180.0 180.0   5.0 450.0                            LAT/LON1/LON2/DLON/H
  223  204  185  171  154  136  123  107   97   78   66   56   57   56   61   60
   63   59   61   61   67   70   71   69   72   68   68   65   62   59   63   62
   66   66   71   73   81   88  102  125  149  175  196  224  255  283  309  333
  357  377  392  402  405  406  402  399  397  390  380  368  361  350  344  334
  325  313  305  296  289  272  261  249  223                                   
    42.5-180.0 180.0   5.0 450.0                            LAT/LON1/LON2/DLON/H
  219  207  194  180  170  155  141  127  112   96   81   70   67   65   68   65
   68   63   68   66   74   73   78   76   80   76   77   72   73   66   68   63
   66   66   75   80   94  103  122  143  167  192  215  245  275  302  328  349
  375  390  405  412  416  413  410  404  402  388  375  357  346  336  328  319
  310  302  294  285  276  259  243  236  219                                   
    40.0-180.0 180.0   5.0 450.0                            LAT/LON1/LON2/DLON/H
  205  198  183  178  174  161  153  139  128  113  104   90   87   80   82   76
   81   76   84   81   88   87   92   90   93   88   88   84   81   74   72   67
   68   70   78   85  100  111  132  157  182  209  235  265  291  319  344  368
  391  407  419  428  430  431  424  420  413  400  379  357  344  330  322  313
  305  297  285  274  259  232  226  208  205                                   
    37.5-180.0 180.0   5.0 450.0                            LAT/LON1/LON2/DLON/H
  189  183  168  161  161  156  149  142  133  124  112  105   99   95   93   91
   93   91   95   94   99   99  102  101  103   99  101   94   93   82   79   67
   69   68   80   90  107  119  146  170  200  227  257  283  308  334  360  383
  405  418  430  441  446  448  445  442  438  421  401  379  364  350  341  332
  324  314  298  277  256  223  211  188  189                                   
    35.0-180.0 180.0   5.0 450.0                            LAT/LON1/LON2/DLON/H
  177  162  145  143  146  141  143  138  137  128  124  115  114  107  109  104
  110  108  115  114  120  119  120  119  119  116  114  111  103   94   82   69
   65   65   76   85  103  116  146  177  210  242  272  295  320  344  372  394
  416  429  443  459  469  477  477  481  476  465  443  427  416  405  397  389
  378  363  337  308  275  235  216  192  177                                   
    32.5-180.0 180.0   5.0 450.0                            LAT/LON1/LON2/DLON/H
  185  155  135  122  121  121  122  123  123  124  121  121  118  117  115  115
  119  122  127  129  131  129  126  125  124  123  122  118  111   96   84   68
   64   66   74   89  101  119  151  188  225  256  287  309  334  356  383  404
  425  439  456  475  490  506  516  525  530  523  508  495  489  484  481  477
  465  447  413  375  327  275  240  229  185                                   
    30.0-180.0 180.0   5.0 450.0                            LAT/LON1/LON2/DLON/H
  225  168  138  121  113  106  109  108  114  114  119  117  122  119  123  122
  130  134  143  146  148  144  140  138  140  140  135  132  119  109   87   76
   65   75   85   96  109  124  153  192  231  263  295  319  345  365  392  412
  432  451  473  497  519  545  568  590  608  613  611  604  610  608  612  602
  586  555  518  470  419  350  295  282  225                                   
    27.5-180.0 180.0   5.0 450.0                            LAT/LON1/LON2/DLON/H
  295  206  167  132  112  108  103  100  103  105  109  113  116  118  120  123
  131  138  148  149  150  145  142  142  144  147  144  137  133  110   96   83
   76   74   73   87  106  130  158  198  241  276  307  331  355  377  401  420
  442  465  496  528  564  603  629  653  676  690  700  714  731  744  755  749
  725  690  636  578  526  462  399  374  295                                   
    25.0-180.0 180.0   5.0 450.0                            LAT/LON1/LON2/DLON/H
  388  282  223  178  148  133  122  112  110  104  108  108  116  114  119  122
  131  139  148  152  152  148  149  151  157  159  152  151  130  125  111  112
   96   91   83   93  108  139  169  203  250  285  322  342  371  388  418  438
  471  502  544  589  621  657  691  726  757  776  793  818  846  862  880  871
  844  796  748  694  642  575  528  485  388                                   
    22.5-180.0 180.0   5.0 450.0                            LAT/LON1/LON2/DLON/H
  499  403  322  244  201  182  159  146  129  118  113  111  116  114  117  120
  125  130  139  141  142  143  146  155  165  165  165  148  133  134  117  110
   98   95   83   87   93  125  168  203  253  297  329  357  384  408  432  462
  503  544  596  641  678  718  755  793  824  852  870  902  930  954  968  964
  937  899  851  793  747  697  658  609  499                                   
    20.0-180.0 180.0   5.0 450.0                            LAT/LON1/LON2/DLON/H
  608  518  440  353  288  251  216  197  180  156  141  133  133  125  123  123
  126  130  134  138  142  145  152  163  175  182  163  162  147  144  128  126
  116  112  107  100  107  133  173  208  256  301  341  372  404  424  457  489
  545  594  652  687  730  765  798  828  857  886  907  941  966  989 1000  998
  973  947  909  867  830  784  746  728  608                                   
    17.5-180.0 180.0   5.0 450.0                            LAT/LON1/LON2/DLON/H
  700  626  560  473  411  357  306  266  229  207  186  175  168  155  144  135
  132  131  133  135  142  149  160  173  186  179  170  165  145  143  128  124
  110  114  106  104  105  133  167  207  253  306  345  383  410  443  474  526
  582  641  691  732  762  791  813  840  861  889  900  931  949  969  975  977
  960  949  927  909  886  858  820  818  700                                   
    15.0-180.0 180.0   5.0 450.0                            LAT/LON1/LON2/DLON/H
  761  712  656  576  515  461  410  362  313  274  244  228  219  207  188  172
  154  146  141  146  150  160  170  185  188  193  183  172  154  149  140  130
  131  121  114  102  109  130  163  208  256  309  356  395  429  464  504  561
  621  672  717  746  777  795  812  833  844  861  867  885  890  900  901  902
  895  897  896  901  897  889  856  853  761                                   
    12.5-180.0 180.0   5.0 450.0                            LAT/LON1/LON2/DLON/H
  790  768  733  661  610  550  502  451  403  354  319  300  288  274  248  220
  195  172  158  155  161  168  182  191  202  200  183  172  154  144  136  140
  139  130  121  107  112  135  162  211  258  315  362  409  438  485  528  590
  640  691  722  752  769  785  794  810  814  820  819  827  824  826  819  825
  826  844  855  873  880  882  856  853  790                                   
    10.0-180.0 180.0   5.0 450.0                            LAT/LON1/LON2/DLON/H
  792  792  758  716  674  621  573  524  478  435  402  376  362  350  324  290
  255  223  198  193  188  198  204  216  218  208  194  177  163  149  149  150
  139  130  114   99  111  129  163  214  263  323  372  416  454  498  547  600
  650  684  715  736  752  761  769  779  781  782  776  775  769  763  760  764
  780  795  817  837  847  854  834  822  792                                   
     7.5-180.0 180.0   5.0 450.0                            LAT/LON1/LON2/DLON/H
  774  783  760  732  702  653  612  569  530  498  475  457  443  421  409  365
  324  284  255  238  231  230  228  226  219  209  197  180  169  157  155  151
