data/unet/pred2670.15i
     1.0            IONOSPHERE MAPS     GNSS                IONEX VERSION / TYPE
pyspatialgeodesy        IME             05-JAN-18 20:20     PGM / RUN BY / DATE 
Map Name                                                    COMMENT             
Predicted global ionosphere maps (GIM).                     DESCRIPTION         
  2015     9    24     0     0     0                        EPOCH OF FIRST MAP  
  2015     9    25     0     0     0                        EPOCH OF LAST MAP   
  7200                                                      INTERVAL            
    13                                                      # OF MAPS IN FILE   
  NONE                                                      MAPPING FUNCTION    
10.0                                                        ELEVATION CUTOFF    
One-way carrier phase leveled to code                       OBSERVABLES USED    
  6371.0                                                    BASE RADIUS         
 2                                                          MAP DIMENSION       
   450.0 450.0   0.0                                        HGT1 / HGT2 / DHGT  
    87.5 -87.5  -2.5                                        LAT1 / LAT2 / DLAT  
  -180.0 180.0   5.0                                        LON1 / LON2 / DLON  
    -1                                                      EXPONENT            
                                                            END OF HEADER       
[from data line 5148]
    13                                                      START OF TEC MAP    
  2015     9    25     0     0     0                        EPOCH OF CURRENT MAP
    87.5-180.0 180.0   5.0 450.0                            LAT/LON1/LON2/DLON/H
  126   96   92   87   89   84   88   84   89   85   89   84   88   84   88   83
   87   83   86   82   86   82   85   81   84   80   83   79   82   78   81   77
   81   77   81   77   81   77   82   78   83   79   84   81   86   83   87   84
   89   86   90   88   91   89   92   89   93   90   93   90   93   91   93   90
   92   89   92   90   95   91   99  118  126                                   
    85.0-180.0 180.0   5.0 450.0                            LAT/LON1/LON2/DLON/H
  102   83   85   83   83   77   82   79   84   80   84   80   84   80   83   79
   82   78   80   76   78   73   76   70   73   68   70   65   67   62   64   60
   62   59   62   59   63   60   65   62   67   65   70   69   74   72   77   76
   81   79   84   82   86   84   88   86   89   87   90   88   90   88   90   87
   89   86   88   84   89   80   79   93  102                                   
    82.5-180.0 180.0   5.0 450.0                            LAT/LON1/LON2/DLON/H
   96   83   86   87   84   81   84   84   88   86   90   88   91   89   91   88
   89   85   85   81   81   76   75   71   70   65   64   60   60   55   56   53
   54   51   54   52   56   54   58   57   62   61   67   67   73   72   78   77
   82   81   86   85   90   87   91   88   93   90   94   90   94   91   93   90
   93   89   92   88   92   84   84   94   96                                   
    80.0-180.0 180.0   5.0 450.0                            LAT/LON1/LON2/DLON/H
   99   91   94   96   92   93   96   99  101  103  105  107  108  108  108  106
  105  102   99   95   92   88   84   80   76   72   68   65   62   60   58   56
   55   54   55   55   57   57   60   61   65   66   70   72   76   77   81   82
   86   86   89   89   92   92   94   93   96   95   96   96   98   97   97   96
   98   96   98   97   98   94   92  101   99                                   
    77.5-180.0 180.0   5.0 450.0                            LAT/LON1/LON2/DLON/H
  106   97  100  101   99   99  103  106  110  113  117  119  122  122  122  120
  117  113  109  104   99   94   90   85   81   76   73   69   66   63   61   58
   56   54   54   53   55   55   57   58   61   62   66   67   70   72   75   76
   79   80   82   83   85   86   88   89   91   92   94   95   96   97   97   98
   99  100  100  101  103  100   99  103  106                                   
    75.0-180.0 180.0   5.0 450.0                            LAT/LON1/LON2/DLON/H
  110  105  107  109  106  107  111  115  121  125  130  133  136  136  136  132
  128  122  117  111  105   99   95   90   86   82   78   75   71   69   66   63
   60   58   57   56   56   56   57   58   60   61   63   64   65   67   69   70
   72   73   75   77   79   81   83   85   88   90   91   93   95   97   98   99
  101  102  104  106  108  107  106  109  110                                   
    72.5-180.0 180.0   5.0 450.0                            LAT/LON1/LON2/DLON/H
  119  114  116  116  111  111  115  119  126  131  137  141  144  143  142  136
  130  123  117  110  103   97   92   89   84   81   78   75   72   69   66   63
   60   57   56   54   53   53   53   54   54   55   55   56   56   57   58   59
   59   61   63   65   67   70   74   77   81   83   87   89   92   94   96   98
  101  103  106  109  113  113  113  117  119                                   
    70.0-180.0 180.0   5.0 450.0                            LAT/LON1/LON2/DLON/H
  122  121  125  123  118  117  121  125  132  137  144  147  149  147  143  136
  129  120  112  105   98   92   88   84   80   77   74   72   70   68   66   63
   60   57   55   53   51   50   50   49   49   49   49   49   49   48   49   49
   50   50   53   55   58   61   66   71   76   81   85   89   93   95   98  100
  103  105  109  112  117  119  121  125  122                                   
    67.5-180.0 180.0   5.0 450.0                            LAT/LON1/LON2/DLON/H
  134  132  134  131  123  122  124  128  134  140  146  149  150  146  142  133
  125  116  107  100   94   88   83   78   74   71   68   67   65   64   62   60
   56   53   50   48   45   44   42   42   41   42   41   42   40   40   40   40
   40   41   43   45   49   53   60   65   73   78   85   89   94   97  100  102
  105  107  111  115  121  123  126  132  134                                   
    65.0-180.0 180.0   5.0 450.0                            LAT/LON1/LON2/DLON/H
  139  141  141  137  128  125  126  128  135  141  146  148  148  144  138  130
  121  112  104   97   92   85   80   74   70   65   63   61   60   59   57   55
   51   48   45   43   40   38   36   36   35   36   36   37   35   35   35   35
   34   35   37   40   44   49   57   64   73   81   88   94   99  103  106  107
  110  111  114  117  123  125  130  135  139                                   
    62.5-180.0 180.0   5.0 450.0                            LAT/LON1/LON2/DLON/H
  150  150  147  141  131  126  124  126  132  138  143  146  145  141  135  128
  120  113  106  101   94   88   80   73   67   61   58   54   54   52   50   48
   45   41   39   36   33   32   30   31   30   32   31   33   32   32   31   31
   30   30   33   35   41   47   56   65   76   84   92   98  105  108  111  112
  113  113  115  118  123  126  130  138  150                                   
    60.0-180.0 180.0   5.0 450.0                            LAT/LON1/LON2/DLON/H
  153  155  152  144  133  125  122  123  129  134  140  143  143  139  135  129
  123  118  113  108  102   94   85   76   68   60   55   51   50   47   46   43
   41   37   35   32   31   29   29   29   30   31   32   33   33   33   32   30
   29   29   31   34   40   47   58   68   80   89   97  103  110  114  117  118
  119  118  119  120  124  126  131  137  153                                   
    57.5-180.0 180.0   5.0 450.0                            LAT/LON1/LON2/DLON/H
  165  165  158  149  136  128  122  123  127  133  138  142  142  140  137  135
  132  130  126  122  115  107   95   84   74   64   57   52   50   47   45   42
   39   36   34   32   31   32   32   33   34   36   36   37   37   36   34   33
   31   30   32   35   41   49   60   71   83   92  100  106  113  118  122  124
  125  125  124  125  127  129  132  138  165                                   
    55.0-180.0 180.0   5.0 450.0                            LAT/LON1/LON2/DLON/H
  171  173  168  157  143  132  127  125  129  134  139  142  144  143  143  142
  142  142  140  136  128  118  106   92   81   70   62   56   54   50   48   44
   42   39   38   38   38   39   41   41   44   44   46   45   45   43   41   39
   37   36   37   40   46   54   66   77   88   97  104  109  115  121  126  130
  133  134  134  134  135  134  137  142  171                                   
    52.5-180.0 180.0   5.0 450.0                            LAT/LON1/LON2/DLON/H
  188  186  179  169  154  146  137  136  136  140  143  146  147  149  149  152
  153  155  153  150  141  131  117  105   91   81   72   66   62   59   55   51
   49   47   47   47   49   51   53   54   56   56   56   55   54   53   49   48
   45   44   44   47   53   62   72   83   94  101  106  110  116  122  129  136
  141  144  145  146  146  146  148  151  188                                   
    50.0-180.0 180.0   5.0 450.0                            LAT/LON1/LON2/DLON/H
  202  198  195  185  171  160  152  147  147  147  149  150  152  154  156  158
  161  162  160  156  148  137  125  112  101   90   81   75   70   66   62   58
   55   54   55   57   61   64   66   67   70   68   68   66   65   62   60   57
   56   54   56   58   65   72   84   93  103  109  112  114  119  125  133  141
  149  154  159  160  161  159  160  165  202                                   
    47.5-180.0 180.0   5.0 450.0                            LAT/LON1/LON2/DLON/H
  219  212  210  202  190  182  172  167  163  161  159  160  160  162  163  166
  166  167  164  160  151  143  131  121  110  101   91   84   78   73   68   64
   62   61   63   67   72   77   79   81   82   81   79   77   74   72   69   68
   66   66   68   71   77   85   95  105  113  117  118  119  123  129  137  147
  156  164  170  174  177  176  176  179  219                                   
    45.0-180.0 180.0   5.0 450.0                            LAT/LON1/LON2/DLON/H
  231  224  225  219  209  202  194  188  182  176  173  171  171  171  172  172
  171  168  165  160  153  145  136  127  117  108   98   89   82   75   70   66
   64   64   67   73   80   86   89   90   93   91   90   87   85   82   81   79
   79   80   83   85   91   99  110  118  126  129  129  128  131  135  144  153
  164  172  181  186  192  191  191  194  231                                   
    42.5-180.0 180.0   5.0 450.0                            LAT/LON1/LON2/DLON/H
  240  231  234  231  225  221  214  208  200  195  188  187  185  185  183  181
  176  173  167  164  156  151  141  134  123  113  101   90   81   73   67   63
   63   65   70   77   85   92   96   98  100  100   98   96   93   90   89   89
   90   92   94   97  103  111  122  131  139  141  141  140  142  146  152  160
  169  178  186  194  201  202  202  208  240                                   
    40.0-180.0 180.0   5.0 450.0                            LAT/LON1/LON2/DLON/H
  242  235  241  238  235  233  228  223  216  210  205  203  202  201  196  191
  184  179  173  170  164  158  149  139  127  113   98   85   74   65   60   57
   58   62   68   77   86   94   99  102  107  107  108  105  103   99   99   99
  101  102  105  108  115  123  135  143  153  155  156  154  157  158  163  168
  176  183  192  199  207  209  210  220  242                                   
    37.5-180.0 180.0   5.0 450.0                            LAT/LON1/LON2/DLON/H
  246  238  242  241  239  239  235  232  225  222  217  218  218  217  211  205
  195  190  184  182  175  169  156  144  128  111   94   78   66   57   53   52
   55   62   69   80   89   98  103  108  112  114  115  112  109  106  105  105
  106  108  109  113  119  129  141  153  163  168  168  169  171  172  176  179
  182  187  193  201  209  213  216  228  246                                   
    35.0-180.0 180.0   5.0 450.0                            LAT/LON1/LON2/DLON/H
  253  246  250  246  243  243  241  238  233  230  229  231  234  233  228  220
  210  205  201  198  190  179  162  143  124  104   86   69   57   50   49   49
   56   62   72   81   93   99  106  110  118  120  123  119  117  112  111  110
  110  109  110  113  119  130  143  156  170  176  180  181  186  187  190  191
  193  195  200  206  215  220  224  239  253                                   
    32.5-180.0 180.0   5.0 450.0                            LAT/LON1/LON2/DLON/H
  272  260  261  255  249  249  246  243  239  239  240  245  247  248  242  236
  227  224  218  214  201  187  163  141  118   98   80   66   56   54   54   60
   65   76   82   95  101  110  113  118  123  127  127  123  120  114  112  108
  107  103  104  104  110  120  135  150  167  178  184  191  196  201  204  205
  205  207  209  216  225  233  238  254  272                                   
    30.0-180.0 180.0   5.0 450.0                            LAT/LON1/LON2/DLON/H
  302  293  289  278  270  266  262  258  255  255  257  261  263  262  256  250
  243  240  234  225  207  185  158  132  110   93   80   71   67   68   73   77
   86   91  100  107  115  118  124  124  132  132  133  126  121  113  109  104
  102   95   94   91   97  106  123  139  157  171  180  190  201  210  218  221
  224  226  230  238  247  255  263  280  302                                   
    27.5-180.0 180.0   5.0 450.0                            LAT/LON1/LON2/DLON/H
  343  335  326  314  300  293  286  282  278  278  278  281  279  276  268  262
  254  250  240  226  201  175  146  123  104   94   89   89   90   97  103  107
  112  117  123  130  134  137  136  137  138  138  135  127  118  108  103   95
   92   84   83   78   82   88  106  123  143  158  170  184  199  213  226  238
  245  252  257  268  277  287  295  308  343                                   
    25.0-180.0 180.0   5.0 450.0                            LAT/LON1/LON2/DLON/H
  391  393  384  366  352  338  327  319  315  312  309  308  302  294  283  275
  264  255  238  217  188  159  133  113  104  102  106  113  121  129  136  137
  141  142  146  151  154  151  151  146  150  143  138  127  117  104   98   90
   86   79   79   75   77   84   99  116  136  150  162  178  195  214  234  252
  267  279  291  305  320  333  343  349  391                                   
    22.5-180.0 180.0   5.0 450.0                            LAT/LON1/LON2/DLON/H
  434  442  433  423  405  394  377  369  360  356  348  341  329  317  301  288
  272  256  230  203  172  146  125  116  114  122  132  144  156  163  166  164
  162  161  161  165  166  165  161  158  157  152  142  131  117  105   96   89
   84   78   73   66   67   71   90  108  134  149  162  177  196  218  243  267
  291  310  328  348  367  381  391  388  434                                   
    20.0-180.0 180.0   5.0 450.0                            LAT/LON1/LON2/DLON/H
  477  494  490  481  469  458  443  434  422  414  399  386  367  350  329  310
  285  260  226  194  164  142  130  129  139  151  167  181  193  196  195  185
  178  173  174  176  176  175  172  168  167  158  149  134  121  107  100   91
   85   76   69   61   61   66   85  106  134  151  168  184  204  226  253  283
  315  341  366  390  414  428  442  431  477                                   
    17.5-180.0 180.0   5.0 450.0                            LAT/LON1/LON2/DLON/H
  501  524  525  525  515  510  497  491  478  470  453  437  411  391  363  339
  305  272  230  197  169  157  153  162  174  189  202  213  219  214  205  192
  181  175  176  179  180  181  178  178  174  167  155  142  127  114  104   96
   88   77   68   59   58   63   83  108  138  161  180  199  221  242  271  304
  340  371  398  425  450  463  473  462  501                                   
    15.0-180.0 180.0   5.0 450.0                            LAT/LON1/LON2/DLON/H
  527  555  560  562  557  555  547  544  535  526  510  494  467  443  411  381
  338  296  251  216  196  192  197  208  222  232  238  239  235  222  209  190
  181  172  175  176  179  181  183  183  181  171  161  146  131  116  108   98
   87   75   64   57   57   67   89  116  148  174  197  220  241  262  292  325
  360  391  421  448  475  487  504  493  527                                   
    12.5-180.0 180.0   5.0 450.0                            LAT/LON1/LON2/DLON/H
  531  560  573  582  581  584  579  580  574  569  555  541  518  495  462  427
  378  331  285  256  240  245  253  265  273  271  263  249  235  217  201  183
  175  169  171  173  175  180  183  187  183  175  163  149  132  118  106   96
   84   70   61   54   59   71   97  127  160  188  215  238  261  283  314  344
  376  407  436  464  488  500  514  504  531                                   
    10.0-180.0 180.0   5.0 450.0                            LAT/LON1/LON2/DLON/H
  540  568  581  595  601  608  608  613  613  610  600  586  567  547  514  476
  424  375  330  306  298  308  317  324  319  300  277  249  228  205  192  175
  170  164  168  170  171  176  181  184  181  172  162  147  132  116  104   89
   75   61   53   50   58   74  100  132  163  194  222  248  272  299  327  356
  386  416  444  470  494  503  523  515  540                                   
     7.5-180.0 180.0   5.0 450.0                            LAT/LON1/LON2/DLON/H
  535  559  574  591  602  610  616  624  631  633  629  619  603  583  553  517
  467  421  377  359  355  366  371  365  346  310  273  239  212  194  182  173
