data/unet/pred2190.15i
     1.0            IONOSPHERE MAPS     GNSS                IONEX VERSION / TYPE
pyspatialgeodesy        IME             05-JAN-18 20:20     PGM / RUN BY / DATE 
Map Name                                                    COMMENT             
Predicted global ionosphere maps (GIM).                     DESCRIPTION         
  2015     8     7     0     0     0                        EPOCH OF FIRST MAP  
  2015     8     8     0     0     0                        EPOCH OF LAST MAP   
  7200                                                      INTERVAL            
    13                                                      # OF MAPS IN FILE   
  NONE                                                      MAPPING FUNCTION    
10.0                                                        ELEVATION CUTOFF    
One-way carrier phase leveled to code                       OBSERVABLES USED    
  6371.0                                                    BASE RADIUS         
 2                                                          MAP DIMENSION       
   450.0 450.0   0.0                                        HGT1 / HGT2 / DHGT  
    87.5 -87.5  -2.5                                        LAT1 / LAT2 / DLAT  
  -180.0 180.0   5.0                                        LON1 / LON2 / DLON  
    -1                                                      EXPONENT            
                                                            END OF HEADER       
[from data line 4290]
    11                                                      START OF TEC MAP    
  2015     8     7    20     0     0                        EPOCH OF CURRENT MAP
    87.5-180.0 180.0   5.0 450.0                            LAT/LON1/LON2/DLON/H
  173  147  133  137  134  134  133  134  134  135  135  136  135  136  135  137
  135  136  135  136  134  135  132  133  131  132  129  130  128  129  126  127
  125  126  124  125  123  124  121  123  121  123  121  122  121  123  122  124
  123  125  124  126  126  127  127  128  127  129  128  129  128  130  128  129
  128  129  128  129  129  129  128  157  173                                   
    85.0-180.0 180.0   5.0 450.0                            LAT/LON1/LON2/DLON/H
  130  130  132  135  136  132  135  134  137  135  138  136  139  137  140  138
  141  137  140  137  139  135  137  133  134  130  131  128  129  126  127  123
  125  121  123  119  121  117  119  116  119  115  118  115  119  116  120  118
  122  119  124  121  126  123  127  125  128  125  129  126  130  126  129  126
  129  126  129  126  129  125  125  147  130                                   
    82.5-180.0 180.0   5.0 450.0                            LAT/LON1/LON2/DLON/H
  127  129  132  136  134  135  136  139  139  142  143  145  146  148  148  150
  149  150  149  149  147  146  144  143  140  139  136  135  132  132  128  128
  125  125  122  122  119  120  117  118  116  118  116  119  118  121  120  124
  123  127  126  130  129  132  131  134  132  134  133  134  132  134  131  133
  130  132  130  131  129  128  122  134  127                                   
    80.0-180.0 180.0   5.0 450.0                            LAT/LON1/LON2/DLON/H
  128  124  125  126  127  127  131  132  136  137  142  143  147  148  152  151
  154  152  154  151  151  147  147  143  141  137  135  131  131  127  127  123
  123  119  119  115  116  112  113  109  111  108  111  109  112  111  116  115
  120  120  124  124  128  128  130  129  131  129  131  128  129  127  128  125
  126  124  125  122  123  118  115  128  128                                   
    77.5-180.0 180.0   5.0 450.0                            LAT/LON1/LON2/DLON/H
  121  120  117  119  120  120  125  127  132  134  139  142  147  149  153  154
  156  156  156  155  153  150  148  145  142  138  135  132  130  127  125  122
  121  118  116  113  111  109  107  105  104  103  103  103  105  105  109  110
  114  115  119  120  123  123  125  124  125  123  124  122  122  120  121  119
  119  117  117  116  116  114  110  118  121                                   
    75.0-180.0 180.0   5.0 450.0                            LAT/LON1/LON2/DLON/H
  119  117  114  119  119  122  125  127  132  136  142  146  151  154  159  161
  163  162  163  161  159  155  152  148  144  140  137  133  130  128  126  124
  122  120  119  116  114  111  109  106  104  102  102  101  102  103  106  108
  111  113  116  118  120  120  121  121  121  120  120  119  119  118  119  117
  117  116  117  115  116  112  110  120  119                                   
    72.5-180.0 180.0   5.0 450.0                            LAT/LON1/LON2/DLON/H
  122  120  118  120  121  122  126  129  133  138  143  149  154  158  163  165
  167  167  166  164  162  158  155  150  146  142  138  135  131  130  127  125
  124  122  120  118  115  112  108  104  101   98   97   95   96   97   99  100
  103  104  107  108  109  109  110  109  110  109  110  109  110  111  112  113
  114  115  115  116  116  115  113  120  122                                   
    70.0-180.0 180.0   5.0 450.0                            LAT/LON1/LON2/DLON/H
  126  123  121  126  126  128  131  133  138  142  149  154  161  164  169  171
  172  172  171  169  166  162  158  153  148  143  139  135  132  129  128  126
  126  124  123  120  118  114  110  105  102   98   96   95   94   94   95   96
   98   98   99   99  100   99   99   98   99   99  101  101  104  106  110  112
  114  116  118  117  120  117  115  124  126                                   
    67.5-180.0 180.0   5.0 450.0                            LAT/LON1/LON2/DLON/H
  133  131  129  132  134  134  137  139  143  147  153  158  165  167  172  173
  175  173  174  170  168  163  160  155  151  145  141  137  134  131  130  129
  127  126  123  121  118  114  110  105  101   97   94   92   91   90   90   89
   90   88   88   86   85   84   83   83   84   85   88   90   95   99  104  109
  113  116  119  121  123  123  119  126  133                                   
    65.0-180.0 180.0   5.0 450.0                            LAT/LON1/LON2/DLON/H
  139  136  138  143  143  143  145  146  150  153  159  164  170  173  177  178
  179  178  177  175  172  169  165  161  156  150  145  141  138  135  134  132
  132  129  127  124  121  117  113  108  104  101   98   96   94   92   91   89
   88   85   82   78   76   73   73   72   74   75   81   83   90   95  103  107
  113  117  121  122  127  125  122  133  139                                   
    62.5-180.0 180.0   5.0 450.0                            LAT/LON1/LON2/DLON/H
  144  144  146  150  151  150  152  152  156  157  165  167  174  176  181  180
  182  179  180  176  176  171  170  164  161  154  151  145  143  140  140  138
  136  133  130  127  123  119  114  110  107  104  101   98   96   94   92   88
   85   79   74   68   64   61   60   60   63   65   70   75   83   89   96  104
  110  115  119  122  126  128  124  133  144                                   
    60.0-180.0 180.0   5.0 450.0                            LAT/LON1/LON2/DLON/H
  146  147  153  159  159  159  159  160  161  163  167  171  177  179  183  184
  184  182  181  180  179  178  175  172  168  163  158  155  152  151  150  148
  146  141  137  132  129  125  121  117  115  113  111  108  107  104  100   95
   89   83   74   67   62   58   57   56   60   61   67   70   79   84   94   99
  108  112  117  120  125  125  123  136  146                                   
    57.5-180.0 180.0   5.0 450.0                            LAT/LON1/LON2/DLON/H
  147  152  158  163  166  165  165  164  166  166  170  173  178  179  184  183
  184  180  181  178  180  178  179  175  173  167  166  161  162  160  162  159
  157  151  146  140  135  131  127  125  122  121  118  117  115  112  108  102
   94   85   76   67   61   57   55   54   57   58   62   66   73   79   87   94
  101  107  111  115  120  122  120  132  147                                   
    55.0-180.0 180.0   5.0 450.0                            LAT/LON1/LON2/DLON/H
  144  151  161  169  171  172  171  170  170  169  172  174  179  180  183  183
  183  180  179  179  180  181  181  181  178  175  173  172  173  175  176  174
  170  163  156  150  145  141  139  137  136  135  133  132  130  128  122  115
  105   96   85   76   69   65   63   61   63   62   66   66   72   75   84   89
   98  103  109  112  117  119  120  136  144                                   
    52.5-180.0 180.0   5.0 450.0                            LAT/LON1/LON2/DLON/H
  144  156  165  173  177  178  178  176  174  173  173  175  179  180  182  181
  180  177  175  174  176  177  181  180  180  177  179  177  182  183  188  184
  182  173  166  158  154  151  149  148  146  145  143  141  140  137  132  124
  114  104   94   85   79   74   72   69   69   68   67   67   69   73   78   86
   93  100  105  111  116  120  121  137  144                                   
    50.0-180.0 180.0   5.0 450.0                            LAT/LON1/LON2/DLON/H
  145  158  169  180  184  187  186  185  182  179  178  178  182  181  183  180
  180  175  175  172  175  178  181  183  184  184  184  187  190  195  198  197
  193  185  178  171  167  165  164  163  162  161  159  157  154  151  145  138
  128  118  109  100   94   90   87   84   82   78   76   72   73   73   79   85
   93  100  108  114  120  123  127  145  145                                   
    47.5-180.0 180.0   5.0 450.0                            LAT/LON1/LON2/DLON/H
  151  166  176  186  193  194  196  194  191  188  185  185  185  186  185  183
  180  176  173  172  174  176  181  182  186  185  188  189  196  199  205  202
  200  192  188  180  178  175  176  174  173  170  168  165  162  158  152  145
  136  128  120  114  107  104  101   97   94   89   84   80   76   77   79   87
   95  103  111  119  126  132  133  152  151                                   
    45.0-180.0 180.0   5.0 450.0                            LAT/LON1/LON2/DLON/H
  157  173  182  194  199  203  205  206  204  200  198  195  196  192  193  188
  186  180  179  176  179  180  185  187  190  192  193  198  201  207  210  210
  207  202  197  193  189  189  189  188  186  184  180  177  173  168  162  156
  148  141  135  129  124  120  117  112  107  101   95   89   85   84   86   92
  100  110  119  128  136  141  145  163  157                                   
    42.5-180.0 180.0   5.0 450.0                            LAT/LON1/LON2/DLON/H
  167  182  190  200  207  211  216  216  216  214  211  209  206  204  200  197
  192  189  185  184  185  186  190  193  197  197  202  202  208  210  215  213
  215  209  210  205  205  202  202  200  198  193  189  184  179  174  166  161
  153  149  143  140  135  132  127  123  117  112  106  101   97   94   96  100
  108  118  128  138  146  151  153  172  167                                   
    40.0-180.0 180.0   5.0 450.0                            LAT/LON1/LON2/DLON/H
  175  188  195  205  210  217  222  227  228  228  226  224  222  217  215  208
  206  200  198  195  197  197  201  203  208  210  214  216  220  222  226  225
  227  225  227  223  222  219  218  214  210  205  200  195  190  183  176  168
  162  157  154  150  147  142  138  132  128  122  118  113  110  108  108  110
  117  126  136  147  156  161  164  181  175                                   
    37.5-180.0 180.0   5.0 450.0                            LAT/LON1/LON2/DLON/H
  182  193  199  208  215  221  229  234  239  240  241  239  236  233  227  222
  217  213  211  209  211  212  216  218  223  225  232  232  238  238  243  242
  247  246  249  245  243  237  236  229  225  217  212  205  198  190  181  174
  165  162  157  155  150  147  141  138  133  130  128  126  124  121  122  122
  128  133  144  153  162  167  168  186  182                                   
    35.0-180.0 180.0   5.0 450.0                            LAT/LON1/LON2/DLON/H
  186  196  202  210  215  223  232  241  247  252  254  254  253  249  245  238
  235  230  230  228  230  231  234  237  243  250  257  262  266  269  273  274
  280  279  281  274  270  261  254  247  238  231  223  215  206  197  188  179
  172  166  162  157  154  148  144  140  138  135  135  135  135  134  133  133
  137  142  150  159  167  173  175  191  186                                   
    32.5-180.0 180.0   5.0 450.0                            LAT/LON1/LON2/DLON/H
  191  200  205  212  217  226  236  246  256  262  267  269  268  266  260  255
  250  247  248  248  251  252  257  260  270  278  290  296  302  304  308  311
  315  315  313  304  294  281  271  260  250  239  231  222  213  202  192  182
  175  168  163  158  151  147  141  139  136  136  137  138  141  141  141  138
  143  144  153  158  166  173  175  192  191                                   
    30.0-180.0 180.0   5.0 450.0                            LAT/LON1/LON2/DLON/H
  194  203  209  214  217  229  239  253  263  272  277  282  282  281  278  272
  269  266  269  269  273  275  280  286  296  309  322  333  339  343  345  347
  349  347  342  326  311  292  278  265  254  243  235  226  216  205  195  184
  177  168  164  156  151  143  140  137  137  134  137  137  142  142  143  141
  143  146  153  161  169  176  180  196  194                                   
    27.5-180.0 180.0   5.0 450.0                            LAT/LON1/LON2/DLON/H
  201  211  215  219  223  233  245  258  270  281  287  294  296  297  296  291
  287  285  286  288  292  295  301  308  321  335  351  363  369  372  375  376
  378  373  365  343  320  295  279  263  252  242  234  226  216  206  195  185
  175  166  158  151  143  138  134  134  131  132  132  134  135  136  137  136
  138  142  150  158  166  177  180  197  201                                   
    25.0-180.0 180.0   5.0 450.0                            LAT/LON1/LON2/DLON/H
  210  220  226  227  229  242  253  269  281  294  301  309  310  316  316  315
  311  309  310  310  314  318  322  331  343  360  375  389  394  400  401  401
  399  390  376  347  318  288  270  253  244  234  229  219  213  201  192  179
  170  158  150  140  134  126  125  122  123  120  125  124  128  126  129  128
  133  138  149  160  170  183  190  206  210                                   
    22.5-180.0 180.0   5.0 450.0                            LAT/LON1/LON2/DLON/H
  222  235  236  238  242  250  263  276  290  301  311  319  326  334  338  340
  338  337  336  335  336  338  342  350  362  377  391  404  412  416  417  413
  408  394  373  339  303  272  252  237  229  221  217  210  204  195  185  173
  163  152  141  131  123  118  114  112  111  111  111  113  113  114  116  119
  126  135  147  160  174  189  195  213  222                                   
    20.0-180.0 180.0   5.0 450.0                            LAT/LON1/LON2/DLON/H
  232  241  244  245  251  263  274  291  303  316  325  336  344  357  363  368
  369  369  366  363  362  363  365  374  382  398  407  418  424  428  428  422
  411  393  365  324  285  254  233  222  215  209  205  199  194  185  175  164
  154  141  132  120  114  109  106  103  102   98  100   97  100   96  102  107
  119  130  146  163  179  197  204  222  232                                   
    17.5-180.0 180.0   5.0 450.0                            LAT/LON1/LON2/DLON/H
  237  251  251  255  263  274  287  301  315  328  340  352  363  377  387  394
  398  399  396  391  387  386  387  394  401  410  417  422  427  428  428  416
  402  378  343  298  259  231  215  206  200  195  192  187  182  173  165  154
  144  132  123  113  108  104  102   97   94   90   87   86   84   84   88   98
  111  127  146  164  183  200  207  226  237                                   
    15.0-180.0 180.0   5.0 450.0                            LAT/LON1/LON2/DLON/H
  241  251  252  257  269  285  298  316  329  345  358  371  383  399  411  422
  429  433  429  422  417  413  412  418  420  427  428  431  431  431  425  413
  393  363  323  280  245  222  208  203  199  193  189  183  177  167  158  146
  136  124  115  107  104  100   98   91   88   81   79   74   74   70   79   88
  106  122  144  163  182  200  210  227  241                                   
    12.5-180.0 180.0   5.0 450.0                            LAT/LON1/LON2/DLON/H
  238  254  253  265  277  293  307  325  338  357  369  386  398  416  430  445
  455  460  457  452  443  437  432  433  434  435  434  431  429  425  416  398
  372  340  300  264  234  216  207  203  199  192  187  180  173  162  152  139
  128  117  109  103  100   99   94   89   82   76   71   68   64   65   70   82
   98  116  138  156  176  195  205  226  238                                   
    10.0-180.0 180.0   5.0 450.0                            LAT/LON1/LON2/DLON/H
  235  249  253  264  277  295  307  328  339  360  373  390  402  420  436  454
  469  478  477  473  462  454  448  448  446  447  440  437  430  422  408  387
  359  325  291  260  241  226  224  219  214  204  197  187  177  164  151  136
  124  113  105  100   98   96   92   83   78   70   66   62   61   59   66   77
   95  110  132  149  168  185  200  219  235                                   
     7.5-180.0 180.0   5.0 450.0                            LAT/LON1/LON2/DLON/H
  229  248  253  268  281  296  309  327  339  358  371  389  399  419  435  456
  472  484  486  483  472  464  457  456  455  452  445  438  428  417  398  374
