data/unet/pred1580.15i
     1.0            IONOSPHERE MAPS     GNSS                IONEX VERSION / TYPE
pyspatialgeodesy        IME             05-JAN-18 20:20     PGM / RUN BY / DATE 
Map Name                                                    COMMENT             
Predicted global ionosphere maps (GIM).                     DESCRIPTION         
  2015     6     7     0     0     0                        EPOCH OF FIRST MAP  
  2015     6     8     0     0     0                        EPOCH OF LAST MAP   
  7200                                                      INTERVAL            
    13                                                      # OF MAPS IN FILE   
  NONE                                                      MAPPING FUNCTION    
10.0                                                        ELEVATION CUTOFF    
One-way carrier phase leveled to code                       OBSERVABLES USED    
  6371.0                                                    BASE RADIUS         
 2                                                          MAP DIMENSION       
   450.0 450.0   0.0                                        HGT1 / HGT2 / DHGT  
    87.5 -87.5  -2.5                                        LAT1 / LAT2 / DLAT  
  -180.0 180.0   5.0                                        LON1 / LON2 / DLON  
    -1                                                      EXPONENT            
                                                            END OF HEADER       
[from data line 858]
     3                                                      START OF TEC MAP    
  2015     6     7     4     0     0                        EPOCH OF CURRENT MAP
    87.5-180.0 180.0   5.0 450.0                            LAT/LON1/LON2/DLON/H
  215  211  203  208  210  211  213  215  216  217  219  219  219  220  220  221
  220  221  221  222  220  221  221  222  221  222  222  223  222  223  222  222
  221  221  220  219  217  216  214  212  211  210  208  208  207  208  208  209
  210  211  213  214  215  215  216  216  216  215  214  213  211  211  208  208
  207  206  204  205  206  204  209  218  215                                   
    85.0-180.0 180.0   5.0 450.0                            LAT/LON1/LON2/DLON/H
  214  219  206  218  216  221  222  226  224  229  227  231  228  231  230  232
  229  231  230  231  228  230  228  229  226  227  225  226  224  225  223  224
  222  223  221  221  218  219  216  216  213  214  211  213  211  213  213  215
  215  217  218  219  220  221  221  221  221  220  220  219  218  217  216  215
  215  214  212  212  211  206  210  209  214                                   
    82.5-180.0 180.0   5.0 450.0                            LAT/LON1/LON2/DLON/H
  203  209  207  215  214  220  223  228  229  233  233  236  235  237  238  238
  237  237  237  237  235  234  232  232  229  229  226  226  224  224  222  222
  220  221  219  220  217  218  214  215  213  214  213  215  215  217  217  220
  221  223  224  225  227  227  227  227  227  225  224  223  222  219  217  215
  214  212  210  209  210  203  204  200  203                                   
    80.0-180.0 180.0   5.0 450.0                            LAT/LON1/LON2/DLON/H
  202  209  208  212  214  219  224  227  229  232  233  235  235  236  235  236
  234  234  233  233  230  229  226  226  222  221  218  218  215  215  213  213
  213  213  213  213  213  212  212  212  213  213  214  216  219  221  223  225
  229  230  232  233  234  233  233  232  231  229  226  224  222  220  217  214
  213  210  208  205  206  199  205  198  202                                   
    77.5-180.0 180.0   5.0 450.0                            LAT/LON1/LON2/DLON/H
  200  206  204  209  212  218  223  226  228  230  231  232  232  232  232  231
  229  229  228  226  224  222  220  217  214  210  209  206  206  204  205  205
  207  208  210  211  212  213  214  215  216  217  220  223  227  231  235  239
  242  245  246  248  247  247  244  244  240  238  233  231  227  224  219  216
  212  209  205  201  203  196  201  195  200                                   
    75.0-180.0 180.0   5.0 450.0                            LAT/LON1/LON2/DLON/H
  201  209  206  209  215  219  225  225  228  228  229  229  229  228  228  226
  225  223  222  220  217  214  211  207  203  198  196  193  193  193  195  197
  200  203  207  209  213  214  217  217  221  222  228  232  239  244  250  254
  258  260  261  262  260  259  255  252  248  244  240  236  232  226  222  218
  214  210  206  202  201  193  202  194  201                                   
    72.5-180.0 180.0   5.0 450.0                            LAT/LON1/LON2/DLON/H
  205  209  209  212  215  220  223  225  225  226  225  224  222  222  220  219
  216  215  214  211  209  206  203  197  192  187  184  180  180  182  186  190
  196  201  207  211  216  218  222  223  228  231  238  244  252  259  265  270
  273  276  276  275  271  268  262  258  253  248  243  239  234  229  223  220
  215  212  207  203  202  198  203  196  205                                   
    70.0-180.0 180.0   5.0 450.0                            LAT/LON1/LON2/DLON/H
  207  212  209  211  217  221  224  225  225  224  224  223  221  219  217  214
  212  209  209  207  206  201  198  191  187  180  177  174  176  178  184  191
  198  205  213  218  225  227  233  234  241  244  254  260  270  277  284  289
  291  293  290  287  281  275  266  261  254  250  244  240  235  231  227  223
  219  216  212  208  206  198  206  199  207                                   
    67.5-180.0 180.0   5.0 450.0                            LAT/LON1/LON2/DLON/H
  211  211  210  212  215  220  222  223  223  223  220  220  216  215  210  207
  203  201  200  200  198  195  191  185  180  173  170  168  170  175  183  191
  200  208  216  224  230  235  240  244  250  257  266  277  286  295  300  306
  306  306  300  295  286  278  267  258  251  245  239  236  232  230  225  223
  218  217  213  211  209  205  207  201  211                                   
    65.0-180.0 180.0   5.0 450.0                            LAT/LON1/LON2/DLON/H
  214  215  211  211  215  218  221  221  221  221  220  219  216  213  209  203
  200  196  197  195  195  191  189  183  177  170  168  166  170  176  184  194
  202  211  219  227  233  238  244  248  257  264  276  288  299  308  314  318
  316  314  307  301  289  279  266  258  249  243  238  234  231  229  225  223
  220  218  215  213  212  205  211  205  214                                   
    62.5-180.0 180.0   5.0 450.0                            LAT/LON1/LON2/DLON/H
  220  216  212  213  214  217  218  218  218  219  218  218  214  211  205  200
  195  192  190  190  190  188  185  180  175  169  167  167  172  178  186  194
  201  210  217  225  230  237  242  249  258  270  283  297  308  318  323  325
  324  319  312  304  293  281  268  258  251  244  237  234  230  227  223  222
  218  218  215  215  215  213  215  210  220                                   
    60.0-180.0 180.0   5.0 450.0                            LAT/LON1/LON2/DLON/H
  226  222  217  216  217  218  218  217  217  217  218  217  216  212  208  200
  195  189  189  186  186  184  182  178  174  170  169  171  175  181  187  194
  199  204  210  217  223  229  237  244  257  270  286  301  314  324  329  331
  328  325  318  310  301  290  278  268  261  253  246  240  236  231  227  224
  221  220  219  219  219  215  221  218  226                                   
    57.5-180.0 180.0   5.0 450.0                            LAT/LON1/LON2/DLON/H
  234  226  222  222  220  220  218  217  215  216  217  218  215  212  204  198
  192  187  183  182  180  179  176  173  171  169  170  172  178  181  186  188
  191  194  197  204  211  220  228  241  252  270  287  304  317  328  333  334
  333  329  325  319  313  304  295  285  276  265  257  249  243  236  231  227
  224  224  222  224  225  226  225  225  234                                   
    55.0-180.0 180.0   5.0 450.0                            LAT/LON1/LON2/DLON/H
  246  238  235  233  231  228  225  220  217  215  216  216  215  210  205  197
  191  184  181  177  175  173  171  169  168  168  171  175  179  182  183  183
  181  182  184  190  199  208  220  233  248  266  284  304  318  329  335  337
  337  335  334  331  329  323  316  306  297  285  273  261  253  244  237  232
  228  229  227  230  230  228  234  234  246                                   
    52.5-180.0 180.0   5.0 450.0                            LAT/LON1/LON2/DLON/H
  258  249  250  249  244  240  232  227  220  218  215  217  214  211  201  196
  187  183  177  175  171  169  167  166  167  168  175  176  182  181  181  175
  173  169  170  176  185  199  211  228  243  263  282  302  316  327  335  337
  339  341  344  346  345  343  337  327  317  303  289  276  264  254  245  240
  236  237  236  237  239  241  241  245  258                                   
    50.0-180.0 180.0   5.0 450.0                            LAT/LON1/LON2/DLON/H
  274  268  269  269  265  259  250  240  231  224  220  217  216  210  204  195
  189  182  179  174  171  168  166  166  168  171  177  181  184  183  180  173
  166  162  162  166  180  191  207  223  241  259  279  298  315  326  335  339
  345  351  357  361  364  362  357  347  336  321  306  290  278  265  257  250
  247  249  248  252  250  250  253  257  274                                   
    47.5-180.0 180.0   5.0 450.0                            LAT/LON1/LON2/DLON/H
  289  282  289  290  284  278  267  257  243  235  226  224  217  212  201  195
  186  183  178  177  173  171  169  170  173  176  183  185  189  184  182  171
  165  160  159  162  173  186  200  218  235  256  274  294  311  324  334  341
  348  357  366  374  377  377  371  362  349  335  320  306  291  279  269  263
  260  265  266  270  268  270  266  273  289                                   
    45.0-180.0 180.0   5.0 450.0                            LAT/LON1/LON2/DLON/H
  306  301  307  306  303  296  287  275  262  249  240  232  226  217  208  198
  192  186  185  182  181  177  178  178  183  186  192  194  194  192  186  177
  170  164  164  166  176  185  201  215  234  254  274  292  309  323  336  346
  358  370  381  390  393  391  384  373  361  348  332  319  305  292  282  276
  277  281  285  290  287  287  285  287  306                                   
    42.5-180.0 180.0   5.0 450.0                            LAT/LON1/LON2/DLON/H
  325  315  323  320  316  311  301  291  277  266  254  246  234  226  211  203
  193  191  188  188  186  186  187  190  194  198  203  203  204  199  195  186
  181  173  172  172  177  185  197  211  229  250  270  289  306  322  335  349
  362  377  388  396  399  396  390  380  370  359  346  335  322  310  300  297
  298  306  311  318  315  314  308  312  325                                   
    40.0-180.0 180.0   5.0 450.0                            LAT/LON1/LON2/DLON/H
  347  335  336  329  326  319  312  301  294  283  274  262  252  238  223  210
  202  196  195  193  195  194  199  203  210  214  218  217  215  210  204  199
  194  189  187  184  188  191  200  212  230  250  273  291  309  322  340  355
  374  389  401  411  413  413  406  400  389  381  369  360  346  333  325  320
  326  331  342  345  343  338  339  333  347                                   
    37.5-180.0 180.0   5.0 450.0                            LAT/LON1/LON2/DLON/H
  371  349  345  335  328  324  317  313  307  302  293  284  268  253  233  218
  204  200  195  195  196  200  206  215  222  226  229  227  225  218  215  209
  207  199  199  193  194  192  200  208  226  248  269  290  307  324  340  359
  373  392  403  415  420  424  423  421  416  414  399  397  380  373  361  362
  364  374  380  384  381  374  369  369  371                                   
    35.0-180.0 180.0   5.0 450.0                            LAT/LON1/LON2/DLON/H
  403  375  360  344  335  328  322  320  320  315  313  301  291  271  252  228
  214  203  200  196  200  206  218  227  236  241  242  239  234  229  224  221
  217  211  208  201  200  197  201  210  227  248  271  291  311  326  345  362
  382  399  413  428  436  449  450  458  454  459  447  446  424  417  405  407
  410  420  426  426  422  407  406  393  403                                   
    32.5-180.0 180.0   5.0 450.0                            LAT/LON1/LON2/DLON/H
  438  404  381  360  343  339  329  333  331  335  330  326  309  289  264  242
  220  209  199  197  200  212  224  239  248  255  254  248  243  234  231  225
  224  215  212  201  199  193  198  202  221  242  266  288  307  324  343  359
  374  389  403  418  436  452  466  479  487  500  491  495  475  471  454  457
  452  460  460  463  459  449  442  430  438                                   
    30.0-180.0 180.0   5.0 450.0                            LAT/LON1/LON2/DLON/H
  473  445  420  394  375  363  351  351  353  352  350  340  330  306  285  255
  233  212  204  197  206  216  236  250  266  271  269  260  252  242  236  229
  225  214  206  196  191  188  190  199  216  239  264  284  306  319  340  350
  371  379  400  416  442  465  486  508  519  535  531  536  516  514  495  497
  491  498  497  497  496  475  481  455  473                                   
    27.5-180.0 180.0   5.0 450.0                            LAT/LON1/LON2/DLON/H
  503  491  467  445  419  408  388  386  378  379  369  362  346  324  297  271
  241  223  208  204  210  226  246  266  280  284  280  267  257  243  235  224
  217  203  194  184  181  176  180  185  206  227  252  274  295  310  325  336
  351  364  383  403  431  459  491  516  540  559  561  565  551  547  530  524
  516  516  513  517  517  513  510  480  503                                   
    25.0-180.0 180.0   5.0 450.0                            LAT/LON1/LON2/DLON/H
  532  531  521  500  483  466  448  435  424  411  401  383  366  336  314  285
  258  232  219  212  221  237  264  281  296  296  289  272  260  241  230  214
  202  187  178  173  167  167  165  175  191  215  240  263  285  297  318  323
  344  355  383  402  436  466  498  524  547  567  573  577  565  561  544  540
  530  533  531  536  539  525  532  504  532                                   
    22.5-180.0 180.0   5.0 450.0                            LAT/LON1/LON2/DLON/H
  544  559  558  548  536  525  507  490  468  449  427  408  381  353  324  300
  269  248  231  229  234  255  278  296  306  302  290  272  255  234  214  193
  176  163  157  154  155  152  150  153  171  192  222  244  269  281  299  310
  328  346  372  398  431  458  491  515  538  558  567  572  567  562  550  541
  534  531  529  535  543  539  534  508  544                                   
    20.0-180.0 180.0   5.0 450.0                            LAT/LON1/LON2/DLON/H
  548  570  582  583  581  568  558  534  515  483  459  428  405  371  345  318
  293  268  251  245  257  272  295  305  311  299  284  264  244  218  193  170
  151  138  133  134  134  136  130  138  150  174  203  229  256  270  292  307
  331  350  380  401  432  454  479  498  515  533  542  552  551  553  543  542
  533  535  531  538  542  529  531  509  548                                   
    17.5-180.0 180.0   5.0 450.0                            LAT/LON1/LON2/DLON/H
  539  566  583  593  598  594  583  566  541  511  478  449  420  391  363  338
  312  293  273  271  276  291  304  310  305  289  269  248  222  195  167  143
  126  118  116  117  121  117  116  116  129  147  179  206  239  257  280  300
  324  349  376  398  420  438  455  469  481  497  506  522  529  534  533  530
  527  525  523  528  530  523  510  495  539                                   
    15.0-180.0 180.0   5.0 450.0                            LAT/LON1/LON2/DLON/H
  528  551  572  586  596  594  592  574  557  524  495  459  435  406  385  361
  337  318  301  293  297  302  309  304  292  271  249  222  196  169  143  121
  107  101   96  101   97   98   94   98  108  130  164  196  230  251  278  301
  329  353  381  399  415  426  436  445  449  462  473  495  507  520  524  528
  526  527  523  526  523  508  503  489  528                                   
    12.5-180.0 180.0   5.0 450.0                            LAT/LON1/LON2/DLON/H
  511  531  549  563  574  578  576  566  547  520  489  461  434  413  394  380
  355  339  320  314  309  310  305  294  271  248  218  193  167  145  124  108
   98   91   89   88   88   84   82   82   93  114  148  182  219  243  273  298
  326  353  376  393  405  413  415  423  426  440  451  477  492  508  518  521
  522  521  518  517  514  502  483  473  511                                   
    10.0-180.0 180.0   5.0 450.0                            LAT/LON1/LON2/DLON/H
  498  512  527  539  545  549  548  540  523  499  475  447  430  409  398  385
  368  351  336  322  314  303  291  271  247  217  187  161  140  124  108   97
   86   80   75   75   71   71   67   71   82  102  140  174  215  240  272  297
  328  350  375  386  399  405  410  419  424  438  452  477  493  511  522  526
  528  527  525  522  514  494  487  477  498                                   
     7.5-180.0 180.0   5.0 450.0                            LAT/LON1/LON2/DLON/H
  486  497  507  513  515  517  514  505  487  466  444  422  405  389  378  369
  358  349  339  326  309  293  272  248  217  186  156  135  123  112  102   91
