data/unet/pred2120.15i
     1.0            IONOSPHERE MAPS     GNSS                IONEX VERSION / TYPE
pyspatialgeodesy        IME             05-JAN-18 20:20     PGM / RUN BY / DATE 
Map Name                                                    COMMENT             
Predicted global ionosphere maps (GIM).                     DESCRIPTION         
  2015     7    31     0     0     0                        EPOCH OF FIRST MAP  
  2015     8     1     0     0     0                        EPOCH OF LAST MAP   
  7200                                                      INTERVAL            
    13                                                      # OF MAPS IN FILE   
  NONE                                                      MAPPING FUNCTION    
10.0                                                        ELEVATION CUTOFF    
One-way carrier phase leveled to code                       OBSERVABLES USED    
  6371.0                                                    BASE RADIUS         
 2                                                          MAP DIMENSION       
   450.0 450.0   0.0                                        HGT1 / HGT2 / DHGT  
    87.5 -87.5  -2.5                                        LAT1 / LAT2 / DLAT  
  -180.0 180.0   5.0                                        LON1 / LON2 / DLON  
    -1                                                      EXPONENT            
                                                            END OF HEADER       
[from data line 429]
     2                                                      START OF TEC MAP    
  2015     7    31     2     0     0                        EPOCH OF CURRENT MAP
    87.5-180.0 180.0   5.0 450.0                            LAT/LON1/LON2/DLON/H
  144  143  138  135  134  130  129  127  129  126  127  124  126  124  125  123
  126  124  126  124  126  124  125  122  125  122  122  119  121  117  118  115
  117  113  114  110  113  109  111  107  110  106  109  106  110  107  110  108
  113  111  114  113  117  116  119  119  123  122  125  124  129  127  130  129
  133  132  135  135  140  138  142  157  144                                   
    85.0-180.0 180.0   5.0 450.0                            LAT/LON1/LON2/DLON/H
  140  151  137  137  138  134  134  132  133  131  131  129  131  128  129  127
  130  128  129  127  129  126  127  124  125  122  121  118  119  116  115  112
  113  110  109  107  108  105  105  103  105  103  104  103  105  105  107  107
  110  111  113  114  117  118  121  122  125  126  128  129  131  132  133  133
  136  136  137  138  140  136  143  147  140                                   
    82.5-180.0 180.0   5.0 450.0                            LAT/LON1/LON2/DLON/H
  142  146  141  144  140  137  135  136  135  135  133  133  132  133  130  131
  131  131  130  130  129  128  126  123  122  119  116  113  113  110  108  105
  106  103  102  100  100   98   97   96   97   97   97   98  101  102  104  106
  109  111  113  116  120  122  124  126  129  130  132  133  136  136  137  137
  140  139  142  142  146  141  147  145  142                                   
    80.0-180.0 180.0   5.0 450.0                            LAT/LON1/LON2/DLON/H
  144  143  144  144  147  142  145  143  146  142  143  139  142  137  139  135
  138  134  135  131  133  127  128  122  122  115  115  109  111  105  106  102
  104   99  101   97  100   96   98   95   99   96  100   98  104  103  108  107
  114  113  120  119  127  125  132  130  136  134  139  136  142  138  142  139
  144  140  144  142  146  139  144  140  144                                   
    77.5-180.0 180.0   5.0 450.0                            LAT/LON1/LON2/DLON/H
  146  147  144  148  147  147  149  149  150  148  149  147  146  143  143  141
  141  138  138  136  134  131  128  125  121  117  113  111  109  107  106  105
  104  103  102  102  101  100  100  100  100  101  103  105  108  111  116  119
  123  126  130  133  136  138  141  143  145  147  149  149  150  150  150  149
  149  147  147  146  146  143  145  136  146                                   
    75.0-180.0 180.0   5.0 450.0                            LAT/LON1/LON2/DLON/H
  144  141  140  142  146  143  149  146  151  147  149  145  145  140  140  136
  136  132  133  130  129  125  123  118  115  111  109  106  105  103  104  102
  103  102  103  101  102  100  101  100  102  102  106  108  113  116  122  125
  130  133  137  140  144  145  149  150  153  153  156  155  157  154  154  150
  150  146  147  144  145  139  142  134  144                                   
    72.5-180.0 180.0   5.0 450.0                            LAT/LON1/LON2/DLON/H
  142  141  138  139  139  141  144  146  148  148  149  146  143  141  138  135
  132  130  128  126  122  121  116  113  108  106  101  101   98  100   98  101
   99  101  100  100   98   99   97   98   98  101  104  109  113  119  125  130
  134  139  141  145  147  150  150  154  154  157  157  159  158  157  155  153
  150  148  146  144  143  139  142  133  142                                   
    70.0-180.0 180.0   5.0 450.0                            LAT/LON1/LON2/DLON/H
  139  136  133  136  139  140  145  146  150  149  151  148  146  141  139  134
  133  129  127  124  121  117  114  109  105  101   98   95   96   95   98   98
  102  100  102  100  100   97   97   96   98  100  105  110  117  124  131  136
  141  145  148  149  152  152  155  156  159  159  162  161  162  160  158  155
  153  149  149  145  143  138  141  134  139                                   
    67.5-180.0 180.0   5.0 450.0                            LAT/LON1/LON2/DLON/H
  139  137  132  134  134  137  141  145  148  151  151  151  147  145  140  138
  133  131  126  125  120  117  112  108  102   99   94   93   90   94   93   98
   97  100   98   98   94   94   90   91   91   95  100  109  116  126  132  139
  143  147  146  149  148  150  150  153  154  158  158  161  160  161  157  156
  153  150  149  147  145  140  143  134  139                                   
    65.0-180.0 180.0   5.0 450.0                            LAT/LON1/LON2/DLON/H
  143  138  133  135  136  137  142  145  150  151  155  153  153  149  147  141
  139  133  131  126  123  117  113  107  103   96   92   88   88   88   91   92
   96   94   96   91   91   86   85   83   87   90   98  106  117  127  135  141
  146  147  148  146  148  146  149  150  155  156  160  160  163  160  159  155
  154  151  152  148  147  142  146  138  143                                   
    62.5-180.0 180.0   5.0 450.0                            LAT/LON1/LON2/DLON/H
  151  145  140  138  135  136  140  144  147  150  153  154  153  152  149  146
  141  138  132  130  124  121  115  111  104   99   91   90   85   88   87   92
   90   93   89   88   82   81   76   77   78   84   90  102  112  125  132  140
  143  144  143  142  141  142  143  146  150  154  157  158  159  158  156  153
  152  150  151  149  148  147  151  141  151                                   
    60.0-180.0 180.0   5.0 450.0                            LAT/LON1/LON2/DLON/H
  159  153  148  147  142  140  142  144  146  149  152  153  156  154  154  150
  149  142  139  133  130  123  121  112  109   98   95   87   87   84   87   86
   89   85   86   79   79   72   73   71   76   80   89   99  112  124  133  139
  144  144  144  143  143  143  145  148  154  156  161  160  163  159  158  154
  154  152  154  153  153  150  157  147  159                                   
    57.5-180.0 180.0   5.0 450.0                            LAT/LON1/LON2/DLON/H
  172  165  161  157  151  147  146  145  146  146  150  152  157  158  159  157
  155  151  146  141  136  133  127  122  114  108   98   95   89   90   87   89
   87   86   81   79   75   73   71   72   75   81   88  100  111  124  133  140
  144  146  146  145  145  146  150  153  159  161  164  163  163  159  158  154
  155  154  157  159  160  161  165  153  172                                   
    55.0-180.0 180.0   5.0 450.0                            LAT/LON1/LON2/DLON/H
  183  178  178  173  167  160  156  151  149  148  149  151  156  157  161  158
  159  153  151  144  142  136  133  125  121  110  107   97   97   91   93   88
   90   83   84   76   78   72   75   74   79   83   91  100  113  124  135  142
  148  151  151  152  153  155  159  163  168  169  170  167  167  162  160  157
  157  158  161  163  166  165  172  162  183                                   
    52.5-180.0 180.0   5.0 450.0                            LAT/LON1/LON2/DLON/H
  194  190  190  188  180  173  167  158  156  151  153  152  158  160  165  164
  165  161  158  154  150  147  142  138  130  124  115  110  104  103   99   98
   93   91   85   84   81   82   81   84   86   91   95  106  115  128  138  148
  154  160  163  166  167  170  175  178  181  180  179  174  172  166  164  161
  160  162  165  170  173  177  181  169  194                                   
    50.0-180.0 180.0   5.0 450.0                            LAT/LON1/LON2/DLON/H
  208  205  210  206  203  193  188  176  171  164  162  160  162  162  168  166
  168  162  162  156  154  150  147  142  138  129  126  117  116  109  109  102
  101   94   95   89   93   90   95   93   97   97  103  108  117  128  141  153
  163  171  177  181  184  187  191  192  194  190  187  180  178  171  170  166
  167  168  173  177  182  181  189  182  208                                   
    47.5-180.0 180.0   5.0 450.0                            LAT/LON1/LON2/DLON/H
  216  218  221  222  218  211  205  194  187  177  175  169  172  170  176  174
  176  171  170  165  162  160  157  154  148  143  136  131  125  122  116  114
  107  104   99  100   99  103  103  105  104  106  108  114  120  133  145  161
  171  184  191  197  199  202  205  205  205  199  195  189  185  180  177  175
  174  177  180  185  191  193  195  189  216                                   
    45.0-180.0 180.0   5.0 450.0                            LAT/LON1/LON2/DLON/H
  229  230  238  237  238  230  228  216  211  199  194  187  185  182  185  183
  184  179  178  171  168  163  162  157  156  147  145  136  135  127  127  119
  117  111  112  110  114  113  117  114  115  112  114  116  123  134  150  165
  181  193  203  208  213  213  217  215  215  207  203  196  194  188  188  185
  187  187  192  195  201  198  203  202  229                                   
    42.5-180.0 180.0   5.0 450.0                            LAT/LON1/LON2/DLON/H
  236  237  244  249  248  248  246  239  233  221  217  205  206  200  202  198
  198  192  190  181  177  170  169  164  162  157  152  147  141  137  132  128
  122  120  118  118  119  121  121  120  118  118  118  121  128  139  153  171
  186  201  210  217  221  222  223  220  220  213  208  203  201  197  197  196
  197  199  202  206  210  211  212  211  236                                   
    40.0-180.0 180.0   5.0 450.0                            LAT/LON1/LON2/DLON/H
  249  248  258  263  267  267  270  263  260  248  242  230  226  220  219  216
  213  205  201  190  184  175  174  168  168  160  160  151  149  141  141  133
  132  128  130  127  130  128  129  124  124  121  123  123  131  139  156  173
  191  204  216  221  227  226  228  226  227  220  217  213  213  209  212  210
  213  214  219  220  223  220  226  227  249                                   
    37.5-180.0 180.0   5.0 450.0                            LAT/LON1/LON2/DLON/H
  263  258  266  272  275  279  283  280  277  269  263  254  249  241  241  232
  231  220  215  200  193  180  179  173  173  168  167  160  156  150  146  143
  139  137  136  134  132  130  127  124  123  123  125  127  134  142  157  174
  192  205  215  221  226  226  229  229  233  229  227  225  225  223  225  225
  227  229  233  235  237  238  242  244  263                                   
    35.0-180.0 180.0   5.0 450.0                            LAT/LON1/LON2/DLON/H
  282  279  289  293  293  297  301  301  299  294  288  281  275  268  262  255
  246  234  224  206  196  185  182  179  178  175  174  166  162  153  153  145
  146  140  141  135  134  129  127  124  124  126  128  130  136  143  157  172
  189  201  213  217  225  227  232  237  242  240  242  241  244  242  245  244
  248  250  255  256  258  255  263  265  282                                   
    32.5-180.0 180.0   5.0 450.0                            LAT/LON1/LON2/DLON/H
  311  306  313  311  310  311  312  313  310  307  303  298  294  289  282  273
  262  246  233  212  201  187  188  182  187  183  183  175  170  162  158  154
  151  147  146  138  134  128  125  122  125  125  131  133  138  143  155  168
  184  196  207  215  222  229  237  244  253  254  257  260  261  261  262  263
  266  270  275  279  281  283  287  291  311                                   
    30.0-180.0 180.0   5.0 450.0                            LAT/LON1/LON2/DLON/H
  341  345  354  350  342  340  339  336  331  328  323  319  315  311  302  293
  275  258  238  215  201  191  189  189  190  191  188  182  174  165  162  153
  152  145  144  135  130  123  120  119  122  126  130  132  134  136  146  156
  173  183  199  209  222  234  243  254  263  267  273  278  283  282  283  283
  285  290  298  305  309  314  319  321  341                                   
    27.5-180.0 180.0   5.0 450.0                            LAT/LON1/LON2/DLON/H
  371  381  388  387  378  373  364  358  349  344  337  335  331  328  317  305
  285  262  240  217  203  193  196  195  202  200  200  191  181  170  163  156
  150  144  140  132  127  120  119  117  123  124  128  128  127  127  134  144
  159  170  186  200  215  230  245  257  269  276  282  291  296  299  299  299
  302  308  319  328  335  348  351  348  371                                   
    25.0-180.0 180.0   5.0 450.0                            LAT/LON1/LON2/DLON/H
  391  411  420  421  414  405  395  386  376  371  365  362  356  351  336  321
  296  271  245  220  209  201  204  206  209  207  203  195  184  170  161  149
  143  134  129  122  115  111  109  112  116  119  119  117  113  110  116  125
  144  157  179  196  216  233  248  261  275  281  290  298  305  308  311  311
  316  324  338  348  361  374  379  374  391                                   
    22.5-180.0 180.0   5.0 450.0                            LAT/LON1/LON2/DLON/H
  405  428  439  448  443  437  425  415  403  397  389  386  376  367  349  330
  302  274  245  224  214  209  214  215  220  216  213  202  186  171  155  143
  132  125  117  111  105  103  104  106  111  110  108  102   98   95  101  112
  132  149  172  194  217  234  252  266  281  288  297  304  311  314  318  321
  329  337  351  361  375  392  394  388  405                                   
    20.0-180.0 180.0   5.0 450.0                            LAT/LON1/LON2/DLON/H
  413  438  452  466  466  463  452  446  434  430  422  417  403  391  368  345
  315  285  257  235  228  225  230  229  229  220  212  198  182  163  147  130
  121  112  102   97   91   93   94   98  100   98   94   88   83   79   86   98
  121  142  170  195  221  238  256  267  283  290  300  308  315  319  326  330
  340  347  361  372  390  401  405  400  413                                   
    17.5-180.0 180.0   5.0 450.0                            LAT/LON1/LON2/DLON/H
  413  437  455  473  479  479  473  469  461  459  450  443  426  408  381  352
  321  290  264  245  239  238  241  238  232  220  208  193  172  154  133  120
  108  100   89   86   80   83   84   87   88   84   78   70   66   63   72   85
  111  136  167  194  222  243  263  277  291  299  309  315  324  326  334  338
  349  355  367  377  390  401  403  402  413                                   
    15.0-180.0 180.0   5.0 450.0                            LAT/LON1/LON2/DLON/H
  412  436  450  471  477  484  480  486  479  481  471  465  448  426  396  367
  333  303  278  260  253  251  251  240  231  212  198  178  162  139  125  109
  100   90   83   77   74   76   78   78   78   71   67   59   57   55   63   77
  104  132  166  194  223  244  265  278  296  304  314  320  326  332  340  348
  357  363  373  381  393  404  409  405  412                                   
    12.5-180.0 180.0   5.0 450.0                            LAT/LON1/LON2/DLON/H
  407  425  439  453  464  469  474  480  482  485  482  477  460  437  403  370
  337  307  285  267  258  255  250  236  220  199  182  163  144  131  114  104
   93   88   78   75   69   73   71   71   67   61   55   49   47   47   57   71
   99  128  163  192  223  248  269  287  305  316  325  329  335  338  349  353
  365  367  379  382  389  399  406  407  407                                   
    10.0-180.0 180.0   5.0 450.0                            LAT/LON1/LON2/DLON/H
  404  418  425  436  444  452  456  469  472  482  480  477  462  439  407  376
  344  315  292  274  260  252  243  222  205  177  164  141  136  119  113  100
   95   86   81   76   72   71   70   66   64   55   53   47   48   48   57   70
   96  124  159  186  218  240  263  283  306  319  329  334  339  345  354  362
  371  376  384  385  389  401  410  410  404                                   
     7.5-180.0 180.0   5.0 450.0                            LAT/LON1/LON2/DLON/H
  404  412  418  421  429  430  438  446  454  462  466  465  453  432  401  371
  341  313  292  270  256  243  229  209  188  165  147  137  127  121  112  106
