data/unet/pred0870.15i
     1.0            IONOSPHERE MAPS     GNSS                IONEX VERSION / TYPE
pyspatialgeodesy        IME             05-JAN-18 20:20     PGM / RUN BY / DATE 
Map Name                                                    COMMENT             
Predicted global ionosphere maps (GIM).                     DESCRIPTION         
  2015     3    28     0     0     0                        EPOCH OF FIRST MAP  
  2015     3    29     0     0     0                        EPOCH OF LAST MAP   
  7200                                                      INTERVAL            
    13                                                      # OF MAPS IN FILE   
  NONE                                                      MAPPING FUNCTION    
10.0                                                        ELEVATION CUTOFF    
One-way carrier phase leveled to code                       OBSERVABLES USED    
  6371.0                                                    BASE RADIUS         
 2                                                          MAP DIMENSION       
   450.0 450.0   0.0                                        HGT1 / HGT2 / DHGT  
    87.5 -87.5  -2.5                                        LAT1 / LAT2 / DLAT  
  -180.0 180.0   5.0                                        LON1 / LON2 / DLON  
    -1                                                      EXPONENT            
                                                            END OF HEADER       
[from data line 2145]
     6                                                      START OF TEC MAP    
  2015     3    28    10     0     0                        EPOCH OF CURRENT MAP
    87.5-180.0 180.0   5.0 450.0                            LAT/LON1/LON2/DLON/H
  120  143  148  154  160  163  168  171  174  177  178  181  182  183  184  185
  186  187  189  192  193  196  197  198  197  198  198  199  197  198  196  197
  195  196  194  194  191  191  188  187  184  182  180  177  174  170  166  161
  156  151  147  143  139  136  133  131  129  127  125  123  123  122  122  123
  124  126  127  130  130  135  139  121  120                                   
    85.0-180.0 180.0   5.0 450.0                            LAT/LON1/LON2/DLON/H
  134  116  128  141  148  156  161  168  172  177  179  183  185  187  189  189
  191  191  194  196  199  201  204  208  209  212  213  216  215  218  216  220
  217  220  217  220  215  216  210  209  203  199  193  188  180  172  164  156
  145  139  129  124  116  111  105  101   96   92   89   86   86   85   85   85
   88   89   92   96  100  102  121  116  134                                   
    82.5-180.0 180.0   5.0 450.0                            LAT/LON1/LON2/DLON/H
  111  105  116  127  138  147  156  164  172  178  182  187  188  191  191  193
  192  194  194  198  198  202  203  208  209  214  214  218  218  222  223  227
  229  232  234  235  237  234  235  228  226  216  212  201  194  182  174  161
  152  139  133  122  115  105  100   91   86   77   73   68   65   64   61   64
   62   65   65   71   74   79   88  103  111                                   
    80.0-180.0 180.0   5.0 450.0                            LAT/LON1/LON2/DLON/H
  110  100  108  117  125  138  148  156  164  169  174  178  179  181  179  181
  179  181  179  182  180  184  183  187  187  191  192  197  199  206  211  219
  226  232  239  242  247  246  250  244  244  235  231  221  213  203  191  181
  168  160  146  140  128  122  112  106   98   92   84   78   73   68   65   63
   62   61   62   63   67   68   80   90  110                                   
    77.5-180.0 180.0   5.0 450.0                            LAT/LON1/LON2/DLON/H
  107   98  101  109  116  128  137  146  152  158  161  163  165  164  164  163
  162  161  160  159  159  158  159  158  159  160  164  168  176  183  194  206
  216  230  238  249  256  263  265  267  264  262  256  252  243  236  225  217
  205  198  189  183  173  168  159  153  144  137  129  121  116  107  100   94
   88   82   78   75   75   75   80   89  107                                   
    75.0-180.0 180.0   5.0 450.0                            LAT/LON1/LON2/DLON/H
  107   94   96  105  112  121  129  137  141  146  146  147  145  144  141  140
  138  138  137  135  133  132  131  130  131  133  135  142  150  163  176  193
  208  224  238  253  264  276  280  284  283  283  282  279  274  269  261  254
  245  241  233  230  223  218  211  206  199  191  182  174  167  157  146  138
  127  118  106   98   92   86   91   96  107                                   
    72.5-180.0 180.0   5.0 450.0                            LAT/LON1/LON2/DLON/H
  108   92   89   98  101  111  116  121  124  127  126  123  121  116  114  110
  111  110  111  110  110  109  109  109  109  112  114  123  132  146  161  180
  198  220  232  255  266  284  287  299  296  303  300  304  299  299  292  290
  282  283  277  280  270  272  261  261  249  246  233  226  215  206  194  182
  169  156  141  128  114  101  102  105  108                                   
    70.0-180.0 180.0   5.0 450.0                            LAT/LON1/LON2/DLON/H
  111   87   84   90   95   98  107  108  112  112  111  106  102   96   93   90
   91   91   95   96  100   99  103  102  104  105  110  115  125  137  153  173
  194  215  233  252  268  284  295  303  307  313  317  322  324  325  325  324
  324  325  324  324  318  315  307  303  292  286  275  267  255  244  230  216
  201  187  169  154  136  115  111  110  111                                   
    67.5-180.0 180.0   5.0 450.0                            LAT/LON1/LON2/DLON/H
  106   82   76   80   80   89   92   98  100  102   97   94   87   82   77   76
   77   80   85   90   94   98  101  103  104  106  109  116  124  137  151  170
  190  212  227  248  262  281  290  303  307  319  323  332  334  340  341  347
  345  352  348  352  342  341  329  325  309  302  288  282  269  261  245  233
  217  204  186  167  147  125  113  111  106                                   
    65.0-180.0 180.0   5.0 450.0                            LAT/LON1/LON2/DLON/H
  102   71   64   66   68   71   82   84   91   90   91   85   81   74   71   69
   72   75   83   88   95   99  104  106  111  111  118  121  131  140  154  171
  189  209  226  244  258  273  285  299  307  318  327  337  345  352  359  363
  368  369  371  368  361  352  341  332  314  305  288  282  268  262  246  236
  220  209  190  174  155  130  114  109  102                                   
    62.5-180.0 180.0   5.0 450.0                            LAT/LON1/LON2/DLON/H
   99   69   57   55   53   59   64   73   76   83   82   81   75   71   66   67
   68   74   78   87   91   99  102  108  111  115  120  127  134  144  155  173
  187  207  222  239  250  266  277  295  303  319  326  339  345  356  361  368
  368  371  366  364  352  343  329  316  302  288  273  264  254  248  235  227
  213  203  187  173  156  133  117  107   99                                   
    60.0-180.0 180.0   5.0 450.0                            LAT/LON1/LON2/DLON/H
  103   70   56   49   44   43   52   57   67   72   77   75   75   69   68   66
   69   71   76   82   87   92   97  102  107  113  120  128  137  147  159  173
  187  206  220  236  249  263  276  293  305  323  333  346  356  364  371  373
  378  375  374  366  358  345  331  318  300  288  269  262  249  245  231  224
  209  200  186  174  162  141  124  114  103                                   
    57.5-180.0 180.0   5.0 450.0                            LAT/LON1/LON2/DLON/H
  116   86   68   53   41   39   39   47   53   62   68   71   71   69   68   66
   67   69   69   74   74   81   83   90   96  106  113  125  132  146  157  173
  186  204  220  237  249  263  276  294  309  327  339  350  360  365  369  370
  371  369  364  358  347  334  322  307  296  281  271  259  253  245  236  225
  214  203  190  178  169  154  143  129  116                                   
    55.0-180.0 180.0   5.0 450.0                            LAT/LON1/LON2/DLON/H
  139  109   88   69   54   42   43   43   51   56   65   66   70   68   69   66
   66   64   64   63   65   66   70   77   86   97  107  122  131  147  160  177
  190  209  225  245  258  273  288  307  324  344  357  369  377  380  384  383
  386  381  380  372  363  352  338  327  314  302  290  282  275  269  258  248
  235  222  209  196  190  176  165  158  139                                   
    52.5-180.0 180.0   5.0 450.0                            LAT/LON1/LON2/DLON/H
  168  146  126  101   76   60   50   48   47   54   58   64   66   67   67   66
   66   64   61   58   55   56   59   67   78   91  104  118  131  149  163  182
  198  218  237  257  272  287  303  321  341  358  374  384  391  390  391  387
  390  385  386  378  372  360  351  339  331  319  310  300  298  290  283  271
  257  243  228  218  213  199  195  192  168                                   
    50.0-180.0 180.0   5.0 450.0                            LAT/LON1/LON2/DLON/H
  198  180  163  142  113   90   79   65   63   61   64   64   68   67   70   67
   68   64   61   54   51   50   54   63   76   91  105  122  135  157  171  194
  208  232  249  270  283  302  318  341  361  381  396  408  413  414  413  414
  412  411  410  405  400  392  384  374  363  353  341  334  330  322  313  301
  287  269  255  241  233  223  217  223  198                                   
    47.5-180.0 180.0   5.0 450.0                            LAT/LON1/LON2/DLON/H
  219  206  197  180  155  130  109   92   80   75   71   72   69   71   72   72
   72   70   66   61   56   55   59   69   83   99  113  133  146  168  184  206
  224  248  267  284  298  314  333  355  378  397  413  423  427  428  428  426
  425  421  420  412  407  397  389  379  370  360  351  345  340  333  324  310
  297  276  260  244  237  228  233  237  219                                   
    45.0-180.0 180.0   5.0 450.0                            LAT/LON1/LON2/DLON/H
  229  217  213  210  192  172  147  126  113   99   93   85   84   78   81   78
   83   79   80   73   72   69   75   84   97  113  129  150  164  184  199  221
  239  263  277  295  308  327  347  370  393  413  430  439  444  448  448  450
  447  447  442  435  427  416  408  395  385  372  359  355  345  341  329  318
  299  279  256  238  226  219  223  234  229                                   
    42.5-180.0 180.0   5.0 450.0                            LAT/LON1/LON2/DLON/H
  214  208  212  212  208  194  177  153  136  122  113  105   98   94   91   92
   94   95   95   93   90   89   95  103  116  132  148  168  180  199  212  232
  253  273  287  303  317  338  359  384  407  428  444  452  459  463  465  466
  464  462  454  443  430  416  403  388  375  364  348  342  330  326  312  302
  284  261  236  214  198  189  204  206  214                                   
    40.0-180.0 180.0   5.0 450.0                            LAT/LON1/LON2/DLON/H
  181  183  189  203  207  205  195  178  162  148  138  127  120  110  109  105
  111  108  113  108  110  106  112  119  134  147  166  183  195  210  223  243
  261  280  290  311  326  352  374  400  424  443  457  466  473  479  481  485
  482  481  473  461  447  432  416  399  382  368  350  340  324  317  300  289
  266  247  215  190  169  157  171  170  181                                   
    37.5-180.0 180.0   5.0 450.0                            LAT/LON1/LON2/DLON/H
  148  149  158  176  180  189  186  180  171  162  154  146  137  127  122  119
  123  123  128  125  124  123  122  130  141  156  171  188  199  212  227  244
  268  283  298  316  337  364  390  419  444  462  475  485  493  501  506  511
  509  508  498  488  470  452  434  413  398  380  364  351  335  319  300  281
  262  238  207  178  155  136  141  130  148                                   
    35.0-180.0 180.0   5.0 450.0                            LAT/LON1/LON2/DLON/H
  117  118  127  140  153  163  171  171  171  165  163  157  151  141  136  132
  135  133  136  131  131  126  130  133  147  159  177  188  202  216  231  249
  268  289  306  330  353  387  416  448  470  486  499  508  517  529  536  543
  544  545  539  530  519  503  486  472  457  444  424  404  378  354  328  302
  281  253  225  192  163  139  132  112  117                                   
    32.5-180.0 180.0   5.0 450.0                            LAT/LON1/LON2/DLON/H
  112  103  102  115  123  138  146  153  156  161  161  161  156  152  147  143
  144  143  142  139  133  129  126  132  141  153  169  182  198  217  236  254
  275  295  320  346  375  416  448  483  501  515  531  541  556  568  583  591
  601  608  610  617  605  600  585  579  569  557  535  503  469  429  392  363
  336  306  275  238  201  170  150  105  112                                   
    30.0-180.0 180.0   5.0 450.0                            LAT/LON1/LON2/DLON/H
  120  104   95   90  107  116  129  133  141  145  151  153  155  150  150  144
  146  141  142  133  134  126  130  129  141  150  165  180  199  223  241  262
  281  309  330  363  396  443  481  513  533  551  568  585  601  620  638  660
  673  689  702  715  722  720  717  709  701  684  663  629  596  556  517  469
  429  388  344  298  245  217  182  148  120                                   
    27.5-180.0 180.0   5.0 450.0                            LAT/LON1/LON2/DLON/H
  163  149  121  107  104  114  118  127  134  141  146  149  150  150  149  149
  148  146  146  137  134  127  124  124  132  141  160  177  205  230  252  274
  296  323  343  382  426  476  514  544  567  590  609  626  647  668  697  724
  750  777  798  818  829  838  836  832  825  815  798  771  728  673  617  567
  528  493  456  408  357  309  256  200  163                                   
    25.0-180.0 180.0   5.0 450.0                            LAT/LON1/LON2/DLON/H
  246  221  184  143  132  120  124  122  132  135  143  143  147  145  147  144
  147  141  144  134  138  126  129  125  135  145  165  193  219  246  268  288
  312  343  362  411  462  511  545  576  598  626  644  665  688  716  742  773
  809  842  877  903  924  935  936  937  932  926  907  881  837  786  725  674
  631  597  542  488  437  413  372  307  246                                   
    22.5-180.0 180.0   5.0 450.0                            LAT/LON1/LON2/DLON/H
  361  309  260  210  189  166  148  140  135  139  141  147  149  148  149  145
  146  141  144  137  139  130  129  129  139  151  176  207  231  253  274  300
  327  362  391  447  497  547  575  608  632  657  676  699  721  746  776  813
  856  897  935  968  990 1001 1006 1008 1008  998  983  952  915  862  812  754
  711  677  645  596  547  505  480  408  361                                   
    20.0-180.0 180.0   5.0 450.0                            LAT/LON1/LON2/DLON/H
  434  400  363  288  251  222  199  176  163  151  149  148  150  149  147  145
  143  140  143  138  144  134  139  137  154  168  196  217  243  262  291  320
  350  389  431  486  534  577  602  635  660  682  700  723  740  766  794  834
  875  912  951  978 1003 1014 1018 1019 1017 1008  993  968  931  884  836  791
  743  714  687  659  619  604  570  519  434                                   
    17.5-180.0 180.0   5.0 450.0                            LAT/LON1/LON2/DLON/H
  505  478  433  389  348  290  254  226  208  184  172  161  159  151  153  148
  145  141  141  139  143  138  139  144  157  178  202  225  247  278  304  348
  370  419  462  516  562  598  622  657  680  701  717  740  755  782  811  848
  880  912  939  961  981  989  994  988  985  972  959  934  906  864  820  770
  730  708  689  671  649  641  635  593  505                                   
    15.0-180.0 180.0   5.0 450.0                            LAT/LON1/LON2/DLON/H
  557  547  488  454  414  368  318  278  251  230  211  188  172  163  156  154
  144  140  139  143  146  143  150  154  171  180  212  237  264  296  325  369
  396  445  482  534  570  603  630  664  690  711  735  753  767  793  817  847
  870  890  906  916  928  931  937  930  919  908  893  874  849  815  764  723
  676  661  633  641  623  642  645  627  557                                   
    12.5-180.0 180.0   5.0 450.0                            LAT/LON1/LON2/DLON/H
  587  580  537  500  462  414  378  329  293  260  243  215  196  177  169  158
  146  140  132  140  142  149  142  151  163  185  212  246  273  314  337  385
  412  460  501  534  576  603  633  666  695  723  745  768  784  807  828  850
  860  869  868  871  870  869  869  863  853  841  824  812  781  754  705  674
  624  603  582  586  592  619  634  626  587                                   
    10.0-180.0 180.0   5.0 450.0                            LAT/LON1/LON2/DLON/H
  593  603  566  540  507  463  416  376  333  296  270  240  209  184  166  158
  146  138  128  132  136  137  133  136  153  180  217  258  286  320  346  390
  417  466  501  534  571  598  630  664  695  725  757  781  790  812  830  843
  849  839  836  821  815  805  805  801  791  781  775  761  737  710  672  633
  575  539  516  527  542  586  603  598  593                                   
     7.5-180.0 180.0   5.0 450.0                            LAT/LON1/LON2/DLON/H
  591  608  580  555  525  488  441  393  356  319  290  255  228  194  173  157
  149  141  132  125  118  126  116  131  148  190  220  271  297  325  350  382
