data/unet/pred3280.15i
     1.0            IONOSPHERE MAPS     GNSS                IONEX VERSION / TYPE
pyspatialgeodesy        IME             05-JAN-18 20:20     PGM / RUN BY / DATE 
Map Name                                                    COMMENT             
Predicted global ionosphere maps (GIM).                     DESCRIPTION         
  2015    11    24     0     0     0                        EPOCH OF FIRST MAP  
  2015    11    25     0     0     0                        EPOCH OF LAST MAP   
  7200                                                      INTERVAL            
    13                                                      # OF MAPS IN FILE   
  NONE                                                      MAPPING FUNCTION    
10.0                                                        ELEVATION CUTOFF    
One-way carrier phase leveled to code                       OBSERVABLES USED    
  6371.0                                                    BASE RADIUS         
 2                                                          MAP DIMENSION       
   450.0 450.0   0.0                                        HGT1 / HGT2 / DHGT  
    87.5 -87.5  -2.5                                        LAT1 / LAT2 / DLAT  
  -180.0 180.0   5.0                                        LON1 / LON2 / DLON  
    -1                                                      EXPONENT            
                                                            END OF HEADER       
[from data line 1716]
     5                                                      START OF TEC MAP    
  2015    11    24     8     0     0                        EPOCH OF CURRENT MAP
    87.5-180.0 180.0   5.0 450.0                            LAT/LON1/LON2/DLON/H
   27   44   43   44   43   43   44   43   44   43   44   42   43   41   42   40
   40   39   40   39   39   39   40   39   41   40   42   41   43   42   44   43
   44   43   44   43   44   43   44   42   43   42   43   41   42   41   41   40
   40   39   39   38   38   37   37   37   36   36   35   35   35   34   34   34
   34   34   35   37   39   35   35   36   27                                   
    85.0-180.0 180.0   5.0 450.0                            LAT/LON1/LON2/DLON/H
   32   56   46   55   50   54   52   58   54   57   53   56   52   54   50   52
   48   51   48   51   48   52   50   53   52   55   53   56   55   58   56   59
   56   59   56   60   57   60   56   59   56   58   54   57   54   56   51   54
   49   52   46   50   44   47   41   45   39   43   37   41   35   39   34   39
   34   40   36   42   39   39   37   34   32                                   
    82.5-180.0 180.0   5.0 450.0                            LAT/LON1/LON2/DLON/H
   39   60   46   50   47   50   49   55   51   54   48   52   44   48   40   43
   37   41   36   41   36   43   39   46   42   50   46   52   48   55   50   56
   51   57   52   57   53   58   54   58   54   58   54   57   53   56   51   54
   48   51   45   48   42   44   39   40   35   36   31   32   28   30   26   28
   26   29   28   30   29   30   29   27   39                                   
    80.0-180.0 180.0   5.0 450.0                            LAT/LON1/LON2/DLON/H
   37   51   44   45   45   48   48   51   49   50   46   47   41   42   35   36
   31   33   29   32   30   35   33   38   38   43   43   47   46   50   48   51
   51   53   53   54   54   56   56   57   58   59   60   60   61   60   60   59
   59   57   56   55   53   51   47   46   41   40   35   35   30   30   26   27
   24   26   25   25   25   21   23   22   37                                   
    77.5-180.0 180.0   5.0 450.0                            LAT/LON1/LON2/DLON/H
   30   51   42   41   44   44   48   48   47   45   44   41   37   33   29   26
   22   21   21   21   22   24   28   30   34   37   40   42   44   44   45   46
   45   46   47   48   49   51   54   56   58   59   62   63   65   65   66   66
   67   65   66   63   62   59   57   54   51   47   43   40   35   32   29   27
   25   23   24   21   24   21   25   13   30                                   
    75.0-180.0 180.0   5.0 450.0                            LAT/LON1/LON2/DLON/H
   28   45   40   42   43   46   48   49   47   46   43   40   35   31   26   22
   18   18   17   19   19   24   26   32   33   39   41   44   42   44   42   43
   41   42   42   45   46   51   54   58   61   65   68   71   74   75   79   79
   82   81   83   81   81   78   76   71   68   63   59   53   49   43   39   33
   31   28   28   26   27   23   25   16   28                                   
    72.5-180.0 180.0   5.0 450.0                            LAT/LON1/LON2/DLON/H
   30   49   39   38   41   41   44   44   43   41   38   35   29   26   20   18
   13   13   13   15   18   23   27   33   36   41   43   44   43   41   38   37
   34   34   35   38   41   46   52   57   63   68   73   78   82   86   89   92
   95   97   99  100  100   98   96   92   87   81   76   69   64   56   51   44
   40   35   34   31   31   27   30   14   30                                   
    70.0-180.0 180.0   5.0 450.0                            LAT/LON1/LON2/DLON/H
   27   43   37   38   40   42   45   44   45   41   40   35   32   25   22   18
   17   16   18   21   26   31   36   42   46   50   51   50   48   43   40   35
   34   30   33   35   41   46   55   61   69   76   85   91   97  101  105  108
  113  115  120  120  123  120  119  112  109  100   96   86   82   72   67   58
   53   46   43   38   39   31   32   19   27                                   
    67.5-180.0 180.0   5.0 450.0                            LAT/LON1/LON2/DLON/H
   31   47   38   35   36   37   40   40   40   38   36   33   28   25   21   20
   18   20   21   25   29   35   41   47   51   54   55   51   48   42   36   32
   27   26   27   30   37   44   55   64   75   84   93  100  107  113  117  122
  125  129  133  135  137  136  133  127  122  113  108   98   92   83   78   68
   63   55   52   45   43   38   38   21   31                                   
    65.0-180.0 180.0   5.0 450.0                            LAT/LON1/LON2/DLON/H
   30   44   36   35   34   37   39   40   39   38   36   33   30   28   26   25
   25   26   28   32   36   42   47   53   56   58   57   54   49   42   36   30
   26   24   26   31   40   47   60   72   83   93  102  111  117  123  125  131
  135  139  142  144  148  145  143  136  132  122  115  106  100   90   84   75
   69   61   57   50   49   39   39   26   30                                   
    62.5-180.0 180.0   5.0 450.0                            LAT/LON1/LON2/DLON/H
   36   52   38   34   33   34   35   36   36   35   33   32   30   29   27   29
   28   31   31   35   37   41   46   50   53   54   53   49   44   38   31   27
   22   23   26   32   41   52   67   77   91  100  110  117  122  127  128  135
  137  143  145  149  151  148  145  138  135  125  119  109  103   92   86   75
   70   60   57   50   49   42   42   28   36                                   
    60.0-180.0 180.0   5.0 450.0                            LAT/LON1/LON2/DLON/H
   38   48   37   34   32   33   33   34   33   33   31   32   30   32   30   33
   32   34   34   36   37   40   43   46   48   48   46   44   38   35   29   28
   25   27   32   41   51   63   75   87   98  109  116  125  126  131  132  138
  142  146  151  153  156  150  147  141  136  129  122  115  105   96   88   78
   70   61   56   51   51   41   40   30   38                                   
    57.5-180.0 180.0   5.0 450.0                            LAT/LON1/LON2/DLON/H
   42   58   43   37   35   33   32   32   30   30   29   29   29   31   32   35
   34   35   33   34   32   34   35   38   39   40   37   35   31   29   25   27
   27   33   40   49   60   72   85   96  107  116  123  129  130  137  137  145
  146  153  154  159  158  154  150  144  139  132  127  118  111   99   91   78
   70   58   55   47   48   44   43   31   42                                   
    55.0-180.0 180.0   5.0 450.0                            LAT/LON1/LON2/DLON/H
   46   58   45   42   38   37   34   33   31   29   28   29   30   33   34   37
   36   36   33   32   30   30   31   34   34   34   32   30   27   27   26   30
   35   43   53   65   76   87   97  108  117  126  131  137  140  143  146  151
  156  159  163  163  165  160  155  149  145  139  132  127  117  108   96   85
   73   62   56   51   50   43   43   38   46                                   
    52.5-180.0 180.0   5.0 450.0                            LAT/LON1/LON2/DLON/H
   50   70   56   50   46   42   38   36   31   30   27   29   29   33   33   37
   35   35   31   29   26   27   27   31   31   33   29   28   25   26   26   33
   40   52   65   78   90   99  110  119  127  135  139  145  147  154  154  163
  165  173  173  176  172  168  162  157  152  148  143  136  128  117  105   90
   79   65   59   52   52   48   52   43   50                                   
    50.0-180.0 180.0   5.0 450.0                            LAT/LON1/LON2/DLON/H
   54   73   61   58   54   50   45   42   38   34   32   32   34   36   38   40
   40   39   35   33   31   33   34   37   38   38   35   33   29   29   32   40
   51   65   80   95  105  116  125  133  140  146  151  154  161  163  170  173
  181  181  186  184  183  177  170  165  161  157  152  148  140  130  115  100
   88   75   67   61   60   52   56   53   54                                   
    47.5-180.0 180.0   5.0 450.0                            LAT/LON1/LON2/DLON/H
   60   84   72   68   65   60   54   50   43   40   36   36   35   39   39   42
   40   40   37   37   36   40   42   48   47   49   44   41   35   35   36   46
   57   75   92  107  120  130  139  146  152  158  161  166  170  177  180  189
  190  196  195  197  192  186  180  174  169  164  161  156  149  138  125  109
   97   83   76   69   69   63   68   59   60                                   
    45.0-180.0 180.0   5.0 450.0                            LAT/LON1/LON2/DLON/H
   63   84   75   75   72   69   64   59   54   50   46   45   44   46   46   47
   47   47   46   48   49   55   59   64   65   64   59   53   47   44   45   55
   68   88  106  123  134  146  154  162  168  172  177  179  185  189  197  199
  203  201  201  198  195  188  182  174  170  164  159  156  150  142  129  115
  102   90   84   79   77   69   72   70   63                                   
    42.5-180.0 180.0   5.0 450.0                            LAT/LON1/LON2/DLON/H
   67   89   80   79   79   76   72   69   62   59   53   54   50   53   50   52
   50   52   52   57   60   68   72   78   80   79   74   66   57   53   51   61
   76   97  117  133  148  158  169  176  183  187  188  192  194  202  205  210
  208  207  201  199  196  188  182  173  169  160  156  150  147  137  128  113
  104   92   89   82   82   73   78   72   67                                   
    40.0-180.0 180.0   5.0 450.0                            LAT/LON1/LON2/DLON/H
   65   82   74   77   77   78   75   73   69   66   63   63   61   61   60   60
   60   62   64   71   76   84   88   94   95   93   87   77   68   62   61   70
   86  109  127  147  160  173  183  192  199  202  205  204  210  211  216  214
  213  206  201  198  196  189  183  174  169  161  154  149  143  136  125  113
  104   93   89   86   84   74   73   73   65                                   
    37.5-180.0 180.0   5.0 450.0                            LAT/LON1/LON2/DLON/H
   62   80   71   72   74   76   75   77   72   73   69   71   67   70   65   67
   65   69   72   80   86   94   99  102  102   99   93   84   75   68   68   77
   94  116  138  155  171  182  196  205  212  216  217  218  219  224  224  224
  217  214  206  207  203  199  192  183  178  167  161  153  146  134  126  113
  105   94   91   86   83   72   73   67   62                                   
    35.0-180.0 180.0   5.0 450.0                            LAT/LON1/LON2/DLON/H
   56   70   60   62   63   67   68   71   71   72   73   75   75   76   75   76
   75   80   84   93   98  105  106  106  103   99   94   87   80   75   76   86
  104  127  147  165  179  195  208  220  229  233  235  234  238  240  240  239
  233  231  225  228  224  223  213  209  198  190  179  172  159  151  137  126
  114  102   95   90   85   71   68   63   56                                   
    32.5-180.0 180.0   5.0 450.0                            LAT/LON1/LON2/DLON/H
   54   70   56   54   54   57   60   65   66   70   70   76   76   80   78   81
   81   86   92  100  105  107  106  102   98   92   88   82   78   76   79   90
  109  131  153  170  188  202  219  231  242  250  252  254  256  259  258  259
  256  258  257  263  263  264  256  250  241  232  221  208  197  179  166  148
  134  117  107   97   89   73   72   60   54                                   
    30.0-180.0 180.0   5.0 450.0                            LAT/LON1/LON2/DLON/H
   54   66   49   48   45   48   50   54   59   62   67   73   78   82   83   87
   88   95  100  108  109  109  104   96   89   84   80   78   76   78   82   95
  111  134  153  174  193  212  231  246  260  266  274  276  281  285  288  292
  293  300  302  311  311  314  305  304  294  286  272  261  243  229  207  190
  170  149  129  116  103   86   83   64   54                                   
    27.5-180.0 180.0   5.0 450.0                            LAT/LON1/LON2/DLON/H
   71   77   60   52   48   46   45   48   50   56   60   70   73   80   81   86
   89   96  102  107  109  105   98   87   78   73   71   71   72   76   84   98
  118  138  156  178  198  221  240  259  272  285  296  301  307  312  319  323
  331  342  352  365  370  374  371  367  361  355  346  331  315  293  273  246
  220  191  166  142  128  109  106   83   71                                   
    25.0-180.0 180.0   5.0 450.0                            LAT/LON1/LON2/DLON/H
   94   89   79   70   60   52   47   44   46   47   55   62   71   76   80   86
   90   98  103  108  107  101   91   80   72   68   67   69   72   79   90  107
  127  148  165  185  207  230  251  269  288  300  314  320  329  337  345  357
  371  389  406  421  433  438  438  436  435  432  421  402  382  359  334  311
  280  247  215  188  165  148  139  116   94                                   
    22.5-180.0 180.0   5.0 450.0                            LAT/LON1/LON2/DLON/H
  131  122  112   89   77   61   57   48   47   47   50   57   62   71   74   81
   84   93   97  100   99   92   83   73   67   66   67   68   73   83   96  117
  135  156  174  197  217  240  263  285  305  317  333  339  352  359  378  392
  414  436  460  479  491  499  497  498  497  498  487  471  453  428  406  374
  342  310  272  238  212  189  179  155  131                                   
    20.0-180.0 180.0   5.0 450.0                            LAT/LON1/LON2/DLON/H
  176  165  157  125  106   78   71   56   53   49   52   53   60   64   70   76
   81   89   91   93   91   86   80   75   71   70   71   70   78   85  102  122
  141  164  184  208  229  251  275  301  321  334  351  360  375  389  411  429
  456  482  515  527  544  540  543  540  541  541  531  514  497  478  458  432
  401  367  332  304  277  250  228  207  176                                   
    17.5-180.0 180.0   5.0 450.0                            LAT/LON1/LON2/DLON/H
  226  220  214  182  149  117  100   75   68   58   58   58   60   62   65   71
   74   83   83   87   82   81   77   76   77   74   75   76   81   91  105  126
  147  172  194  218  242  264  295  321  342  358  372  385  402  421  444  466
  494  523  551  565  568  562  554  555  553  559  549  538  525  509  489  463
  435  406  375  351  330  308  282  262  226                                   
    15.0-180.0 180.0   5.0 450.0                            LAT/LON1/LON2/DLON/H
  265  265  256  230  200  161  137  105   94   75   71   66   68   63   67   68
   74   78   80   82   80   80   81   80   83   80   79   79   82   90  103  127
  151  178  201  228  250  280  310  339  365  380  397  411  435  452  478  492
  526  543  573  572  577  563  558  554  562  556  551  540  533  517  501  475
  449  422  402  380  365  353  325  304  265                                   
    12.5-180.0 180.0   5.0 450.0                            LAT/LON1/LON2/DLON/H
  293  297  290  266  235  204  176  145  126  102   92   81   77   74   73   73
   74   77   77   80   78   80   82   85   88   87   85   86   85   93  103  127
  154  182  209  233  262  294  328  362  380  402  412  435  456  478  499  518
  537  551  561  563  559  547  538  533  532  532  525  522  519  514  499  478
  451  425  402  389  375  364  346  328  293                                   
    10.0-180.0 180.0   5.0 450.0                            LAT/LON1/LON2/DLON/H
  295  298  288  271  250  218  200  174  155  132  116  101   94   83   81   81
   83   80   80   79   80   79   78   77   84   91   87   85   85   92  104  133
  159  189  213  241  266  303  336  366  393  409  433  452  480  496  515  526
  540  544  549  547  544  529  522  515  516  510  504  498  500  496  491  469
  449  419  401  383  373  360  348  327  295                                   
     7.5-180.0 180.0   5.0 450.0                            LAT/LON1/LON2/DLON/H
  283  288  281  263  241  222  207  193  178  157  144  129  119  104   96   90
   87   85   81   79   70   63   63   70   78   92   90   88   86   95  107  136
