data/unet/pred3100.15i
     1.0            IONOSPHERE MAPS     GNSS                IONEX VERSION / TYPE
pyspatialgeodesy        IME             05-JAN-18 20:20     PGM / RUN BY / DATE 
Map Name                                                    COMMENT             
Predicted global ionosphere maps (GIM).                     DESCRIPTION         
  2015    11     6     0     0     0                        EPOCH OF FIRST MAP  
  2015    11     7     0     0     0                        EPOCH OF LAST MAP   
  7200                                                      INTERVAL            
    13                                                      # OF MAPS IN FILE   
  NONE                                                      MAPPING FUNCTION    
10.0                                                        ELEVATION CUTOFF    
One-way carrier phase leveled to code                       OBSERVABLES USED    
  6371.0                                                    BASE RADIUS         
 2                                                          MAP DIMENSION       
   450.0 450.0   0.0                                        HGT1 / HGT2 / DHGT  
    87.5 -87.5  -2.5                                        LAT1 / LAT2 / DLAT  
  -180.0 180.0   5.0                                        LON1 / LON2 / DLON  
    -1                                                      EXPONENT            
                                                            END OF HEADER       
[from data line 3861]
    10                                                      START OF TEC MAP    
  2015    11     6    18     0     0                        EPOCH OF CURRENT MAP
    87.5-180.0 180.0   5.0 450.0                            LAT/LON1/LON2/DLON/H
  127   95   92   96   96   96   97   98  100  102  104  106  107  110  111  114
  114  117  117  119  119  120  120  120  120  119  120  118  120  117  119  115
  118  112  115  110  113  107  109  104  107  101  104   99  102   97  100   95
   97   92   94   90   92   88   89   86   88   85   86   84   85   83   85   83
   85   84   86   85   88   86   94  112  127                                   
    85.0-180.0 180.0   5.0 450.0                            LAT/LON1/LON2/DLON/H
   77   74   74   79   81   83   84   86   88   92   94   97  100  103  106  108
  111  113  115  117  118  119  119  119  120  118  118  117  116  115  114  113
  111  111  107  109  104  106  100  102   97   98   93   93   90   89   86   85
   82   81   78   77   75   74   72   71   70   70   68   68   66   68   65   67
   65   68   66   68   68   67   77   97   77                                   
    82.5-180.0 180.0   5.0 450.0                            LAT/LON1/LON2/DLON/H
   68   62   65   70   70   74   74   79   81   86   89   93   97  101  104  109
  112  116  118  122  123  125  124  126  123  124  120  121  118  117  114  114
  111  111  109  109  106  106  103  102   98   97   93   91   87   85   82   80
   76   75   70   70   65   66   61   62   58   60   55   58   53   56   51   55
   51   55   51   55   55   56   61   70   68                                   
    80.0-180.0 180.0   5.0 450.0                            LAT/LON1/LON2/DLON/H
   59   56   58   63   65   68   70   74   77   82   85   91   95  100  105  110
  114  119  121  125  127  129  127  129  126  126  121  121  116  116  111  112
  108  111  107  110  105  108  102  104   97   98   91   90   84   84   78   78
   72   74   68   70   65   67   62   62   58   59   55   56   51   53   49   51
   47   51   47   50   49   47   57   59   59                                   
    77.5-180.0 180.0   5.0 450.0                            LAT/LON1/LON2/DLON/H
   51   52   55   55   58   59   63   64   69   72   78   82   88   93   99  103
  109  114  117  122  123  126  125  124  122  118  115  112  107  105  102  102
  100  101  101  101  100  100   99   98   95   92   89   85   82   78   76   72
   71   69   68   68   66   66   64   63   61   60   58   56   53   53   51   50
   48   49   47   48   49   46   51   51   51                                   
    75.0-180.0 180.0   5.0 450.0                            LAT/LON1/LON2/DLON/H
   52   52   51   55   54   59   59   63   64   71   74   81   85   93   97  105
  109  117  119  124  125  126  125  122  119  114  109  105   97   97   91   94
   89   94   90   95   92   96   92   94   88   89   84   82   78   77   74   73
   71   72   72   72   72   72   72   69   69   67   66   63   61   59   58   55
   55   53   53   52   52   49   57   59   52                                   
    72.5-180.0 180.0   5.0 450.0                            LAT/LON1/LON2/DLON/H
   54   54   54   56   56   59   60   61   64   69   73   78   84   90   97  104
  111  118  122  127  128  130  127  123  118  110  103   93   89   83   82   80
   80   82   82   85   86   87   86   85   83   81   79   76   74   72   72   70
   72   72   74   73   75   75   76   73   73   70   70   66   65   62   62   59
   59   57   57   56   56   52   58   56   54                                   
    70.0-180.0 180.0   5.0 450.0                            LAT/LON1/LON2/DLON/H
   57   55   55   58   56   61   59   65   65   73   75   83   87   96  102  111
  117  125  128  134  133  136  131  126  120  111  102   92   86   80   77   75
   74   75   76   78   78   80   77   77   73   73   68   69   65   69   66   71
   69   74   75   77   78   79   79   78   76   75   73   70   68   66   65   63
   61   61   60   59   58   54   61   62   57                                   
    67.5-180.0 180.0   5.0 450.0                            LAT/LON1/LON2/DLON/H
   53   52   54   57   57   62   62   66   69   76   81   88   94  101  109  116
  124  131  137  141  145  144  143  136  129  117  107   95   87   77   74   69
   68   68   70   71   71   71   69   68   64   62   60   59   58   60   62   64
   67   69   73   73   77   74   78   73   75   71   72   67   67   62   63   59
   59   57   58   56   56   52   56   55   53                                   
    65.0-180.0 180.0   5.0 450.0                            LAT/LON1/LON2/DLON/H
   49   48   49   54   55   62   64   72   76   85   90   99  104  113  119  126
  133  140  145  151  153  156  151  147  136  128  115  106   94   86   78   73
   69   68   68   69   68   66   63   60   57   54   52   52   50   54   54   60
   60   66   65   68   67   69   67   67   65   65   63   62   59   58   56   54
   52   53   52   53   51   46   52   53   49                                   
    62.5-180.0 180.0   5.0 450.0                            LAT/LON1/LON2/DLON/H
   39   38   45   51   53   61   64   75   80   91   98  108  114  122  127  135
  142  148  154  160  164  166  165  160  152  139  130  117  109   96   91   80
   76   70   70   67   67   62   59   55   52   48   47   45   45   47   49   51
   54   56   57   57   57   55   57   54   57   53   56   52   52   48   48   45
   46   44   46   44   43   37   43   41   39                                   
    60.0-180.0 180.0   5.0 450.0                            LAT/LON1/LON2/DLON/H
   32   32   36   44   48   58   65   77   86   99  108  117  125  131  136  141
  149  153  162  167  175  174  173  166  158  149  138  130  121  112  105   97
   90   83   78   74   70   65   60   55   51   47   45   43   43   44   45   47
   46   48   46   47   44   46   44   45   44   46   44   45   43   42   40   39
   38   38   38   39   36   29   38   33   32                                   
    57.5-180.0 180.0   5.0 450.0                            LAT/LON1/LON2/DLON/H
   28   28   35   42   48   58   65   79   89  104  113  125  131  139  142  149
  156  162  169  177  183  185  182  177  168  160  153  147  141  133  129  118
  110   98   92   81   75   67   62   56   53   49   48   46   45   45   45   45
   44   42   42   39   39   36   38   37   40   38   41   38   39   36   37   34
   35   34   36   35   34   28   34   24   28                                   
    55.0-180.0 180.0   5.0 450.0                            LAT/LON1/LON2/DLON/H
   32   33   37   44   49   60   68   82   93  108  120  131  139  144  149  153
  161  167  178  183  193  191  192  184  178  172  167  164  159  155  151  142
  132  119  108   96   88   76   71   63   62   57   57   54   53   52   50   47
   45   42   40   38   36   36   36   37   38   40   39   40   38   39   37   37
   37   38   39   40   37   31   39   27   32                                   
    52.5-180.0 180.0   5.0 450.0                            LAT/LON1/LON2/DLON/H
   41   42   47   55   59   69   76   91  100  116  125  137  144  151  154  162
  167  177  184  195  198  203  198  196  189  188  185  187  184  181  175  165
  154  136  124  108   98   85   78   73   70   68   67   66   64   62   59   55
   52   49   46   45   44   42   43   43   45   45   46   45   45   42   44   42
   46   47   50   50   49   43   49   32   41                                   
    50.0-180.0 180.0   5.0 450.0                            LAT/LON1/LON2/DLON/H
   57   59   63   73   74   86   89  102  110  125  134  144  150  155  160  165
  174  182  193  200  207  208  209  204  202  202  203  208  207  203  196  183
  170  152  137  122  110   96   91   83   83   79   80   78   77   74   70   66
   62   59   57   57   56   56   55   56   56   58   57   57   54   54   53   56
   57   61   64   66   63   57   63   49   57                                   
    47.5-180.0 180.0   5.0 450.0                            LAT/LON1/LON2/DLON/H
   72   78   83   94   98  107  110  121  127  139  147  156  160  166  168  176
  182  191  199  209  212  215  213  214  212  216  220  227  225  220  210  195
  179  159  144  127  117  105   99   94   90   89   88   89   87   86   81   78
   75   74   74   74   73   73   73   73   73   72   72   70   68   66   68   67
   71   73   78   79   78   72   76   63   72                                   
    45.0-180.0 180.0   5.0 450.0                            LAT/LON1/LON2/DLON/H
   90   98  103  119  121  133  134  143  148  159  164  170  175  177  182  185
  194  201  211  218  223  224  225  227  228  233  238  243  238  227  215  196
  179  160  145  132  123  114  110  103  101   96   96   95   94   92   89   87
   85   86   87   89   89   90   88   88   85   85   82   81   79   79   79   81
   84   87   89   91   88   84   87   81   90                                   
    42.5-180.0 180.0   5.0 450.0                            LAT/LON1/LON2/DLON/H
   95  108  121  136  145  153  160  167  173  183  188  195  196  199  200  204
  209  216  223  230  232  234  235  239  243  249  254  254  245  228  211  191
  174  155  144  132  127  120  116  110  105  100   97   98   96   95   93   93
   92   94   96   98   99   98   97   95   94   92   90   88   87   86   89   87
   91   90   94   93   93   88   92   85   95                                   
    40.0-180.0 180.0   5.0 450.0                            LAT/LON1/LON2/DLON/H
   96  114  128  150  162  176  186  196  202  211  213  219  218  221  221  222
  227  231  237  241  242  246  248  257  260  267  267  262  245  224  204  186
  169  154  143  137  133  128  125  118  111  103  100   97   96   95   94   93
   95   97   98  102   99  101   97   97   94   94   90   91   90   92   92   92
   92   91   91   91   89   86   91   82   96                                   
    37.5-180.0 180.0   5.0 450.0                            LAT/LON1/LON2/DLON/H
   86  107  126  147  168  182  202  212  225  232  237  244  245  245  244  244
  244  247  249  253  253  257  260  268  274  280  280  269  252  226  208  187
  175  160  154  147  145  140  137  127  117  106   99   97   94   93   92   93
   93   95   95   96   95   93   92   91   90   90   88   89   90   91   93   89
   88   83   83   79   80   76   81   71   86                                   
    35.0-180.0 180.0   5.0 450.0                            LAT/LON1/LON2/DLON/H
   77   98  118  147  168  193  213  231  244  255  260  266  266  267  265  262
  261  261  261  262  263  267  272  280  287  295  291  281  260  237  218  203
  194  186  179  172  166  160  154  143  130  115  107  100   98   96   94   93
   94   94   92   90   86   86   84   87   85   87   86   87   88   91   92   89
   84   78   74   70   67   64   69   58   77                                   
    32.5-180.0 180.0   5.0 450.0                            LAT/LON1/LON2/DLON/H
   61   87  105  132  164  188  216  234  253  265  279  285  289  289  286  281
  278  275  273  275  275  280  283  292  297  305  303  296  279  260  249  240
  236  228  220  208  199  186  178  161  147  130  117  110  106  102   99   96
   93   91   87   84   81   81   82   84   85   87   86   88   88   90   91   86
   81   72   68   60   59   56   60   43   61                                   
    30.0-180.0 180.0   5.0 450.0                            LAT/LON1/LON2/DLON/H
   52   83  105  130  162  190  218  238  260  272  285  292  300  300  300  293
  289  283  281  281  284  288  294  302  309  318  318  315  302  293  288  290
  289  284  274  254  234  216  201  184  168  151  139  129  126  120  116  109
  105   98   92   85   81   82   85   92   93   97   95   96   95   96   93   90
   84   78   68   63   59   55   59   39   52                                   
    27.5-180.0 180.0   5.0 450.0                            LAT/LON1/LON2/DLON/H
   54   87  108  132  165  186  218  238  261  275  290  303  310  314  311  305
  297  292  289  290  296  302  308  315  319  330  332  334  330  331  340  349
  357  348  336  308  282  251  229  206  189  173  162  153  149  143  138  128
  119  110  103   96   92   93   97  104  107  109  108  108  107  107  106  103
   96   88   80   68   65   58   58   35   54                                   
    25.0-180.0 180.0   5.0 450.0                            LAT/LON1/LON2/DLON/H
   62   94  116  143  174  197  225  243  265  280  295  304  313  317  316  309
  303  295  296  296  306  313  320  326  332  342  346  355  360  372  387  404
  411  408  387  355  322  284  253  227  209  195  188  182  180  175  167  156
  145  133  124  115  112  112  118  123  127  126  123  121  119  118  119  117
  112  107   97   86   77   72   66   45   62                                   
    22.5-180.0 180.0   5.0 450.0                            LAT/LON1/LON2/DLON/H
   71  104  129  160  193  213  236  253  271  285  298  310  320  323  322  317
  311  304  305  308  320  326  333  338  344  354  363  377  395  416  442  459
  471  461  442  402  359  315  278  246  230  217  213  208  208  201  194  183
  172  161  150  141  138  139  144  148  149  143  134  129  125  123  125  124
  121  116  112  101   95   84   76   59   71                                   
    20.0-180.0 180.0   5.0 450.0                            LAT/LON1/LON2/DLON/H
   84  116  137  173  205  236  249  268  279  294  304  317  327  328  331  326
  322  313  316  318  330  335  343  346  355  365  383  405  433  459  487  503
  508  493  463  425  377  333  293  261  244  235  233  232  233  228  221  212
  203  194  183  176  171  171  170  167  160  150  141  134  128  126  127  125
  124  118  114  109   98   94   84   73   84                                   
    17.5-180.0 180.0   5.0 450.0                            LAT/LON1/LON2/DLON/H
   91  124  153  191  230  255  267  277  286  300  319  329  342  345  348  344
  339  331  330  330  339  343  351  356  367  382  407  436  472  498  530  535
  537  510  480  439  390  344  306  277  262  253  257  255  258  253  248  242
  234  228  216  208  197  193  188  182  174  164  153  146  139  135  136  132
  131  124  122  111  104   96   87   86   91                                   
    15.0-180.0 180.0   5.0 450.0                            LAT/LON1/LON2/DLON/H
   99  134  155  205  245  281  291  310  309  329  335  354  360  371  374  374
  368  358  354  349  352  353  361  367  383  404  433  467  502  525  548  545
  540  514  476  438  390  349  313  292  281  273  277  276  278  270  265  260
  253  251  238  234  217  209  197  190  182  172  160  152  142  137  136  131
  129  122  119  113   98   98   87   86   99                                   
    12.5-180.0 180.0   5.0 450.0                            LAT/LON1/LON2/DLON/H
   96  135  169  215  261  287  305  317  333  349  364  379  394  404  413  412
  406  392  385  375  373  371  375  388  407  434  463  495  528  545  560  548
  537  507  475  438  392  355  329  313  307  304  304  301  296  291  283  282
  277  276  265  255  234  219  204  192  184  174  161  154  143  139  137  132
  129  121  116  107   97   90   80   84   96                                   
    10.0-180.0 180.0   5.0 450.0                            LAT/LON1/LON2/DLON/H
  103  140  169  224  269  305  326  348  367  391  397  422  431  449  450  458
  450  436  420  406  397  392  397  413  435  462  488  519  545  556  560  545
  530  498  471  437  396  364  341  329  322  320  316  311  305  298  292  292
  288  287  276  261  236  217  201  189  180  170  159  151  143  138  136  130
  125  115  110   99   87   86   78   79  103                                   
     7.5-180.0 180.0   5.0 450.0                            LAT/LON1/LON2/DLON/H
  105  138  175  218  266  298  328  351  386  408  430  449  467  482  490  497
  492  477  460  442  429  419  426  442  464  489  512  538  558  564  564  547
