data/unet/pred3190.15i
     1.0            IONOSPHERE MAPS     GNSS                IONEX VERSION / TYPE
pyspatialgeodesy        IME             05-JAN-18 20:20     PGM / RUN BY / DATE 
Map Name                                                    COMMENT             
Predicted global ionosphere maps (GIM).                     DESCRIPTION         
  2015    11    15     0     0     0                        EPOCH OF FIRST MAP  
  2015    11    16     0     0     0                        EPOCH OF LAST MAP   
  7200                                                      INTERVAL            
    13                                                      # OF MAPS IN FILE   
  NONE                                                      MAPPING FUNCTION    
10.0                                                        ELEVATION CUTOFF    
One-way carrier phase leveled to code                       OBSERVABLES USED    
  6371.0                                                    BASE RADIUS         
 2                                                          MAP DIMENSION       
   450.0 450.0   0.0                                        HGT1 / HGT2 / DHGT  
    87.5 -87.5  -2.5                                        LAT1 / LAT2 / DLAT  
  -180.0 180.0   5.0                                        LON1 / LON2 / DLON  
    -1                                                      EXPONENT            
                                                            END OF HEADER       
[from data line 3432]
     9                                                      START OF TEC MAP    
  2015    11    15    16     0     0                        EPOCH OF CURRENT MAP
    87.5-180.0 180.0   5.0 450.0                            LAT/LON1/LON2/DLON/H
   81  102  102  104  104  104  104  105  106  107  107  108  108  108  109  109
  109  108  109  108  108  107  107  106  106  105  104  104  103  103  102  101
  101  100   99   99   98   98   97   97   96   96   96   96   95   96   95   96
   95   96   95   95   95   96   95   95   95   95   94   95   94   95   94   95
   94   95   95   96   97   96   98  105   81                                   
    85.0-180.0 180.0   5.0 450.0                            LAT/LON1/LON2/DLON/H
   67   89   79   84   84   88   88   91   91   95   95   98   98  101  100  101
  100  102  100  101   99  100   97   97   94   94   90   91   87   88   84   85
   81   82   78   78   76   76   74   74   73   74   73   73   73   74   73   74
   74   75   74   75   74   76   74   76   74   76   73   75   72   73   71   72
   71   71   71   71   73   73   75   70   67                                   
    82.5-180.0 180.0   5.0 450.0                            LAT/LON1/LON2/DLON/H
   61   63   63   67   67   71   72   76   78   82   85   86   91   91   95   93
   97   94   96   92   94   91   91   88   87   85   83   81   78   77   74   72
   69   68   65   64   61   62   58   60   57   59   57   58   57   58   57   58
   58   59   58   60   59   61   60   61   60   61   58   60   57   58   55   56
   54   56   53   54   54   50   60   49   61                                   
    80.0-180.0 180.0   5.0 450.0                            LAT/LON1/LON2/DLON/H
   48   48   50   53   55   59   61   66   69   74   76   80   83   85   87   89
   90   91   91   92   91   92   89   88   85   83   79   77   73   72   67   66
   62   61   58   57   54   53   50   50   47   47   45   45   44   44   44   45
   47   48   50   51   53   54   54   55   54   54   52   53   50   50   47   48
   45   45   43   42   39   39   48   39   48                                   
    77.5-180.0 180.0   5.0 450.0                            LAT/LON1/LON2/DLON/H
   34   36   37   37   39   43   46   51   54   59   63   66   70   72   77   77
   81   81   85   84   87   86   87   84   84   81   80   76   73   69   66   63
   61   58   57   54   52   49   48   45   43   41   40   38   38   38   40   40
   44   45   49   49   52   52   53   52   52   50   50   46   46   42   43   39
   40   36   38   34   35   28   35   31   34                                   
    75.0-180.0 180.0   5.0 450.0                            LAT/LON1/LON2/DLON/H
   29   30   35   33   38   38   44   44   49   51   56   58   64   66   70   72
   76   79   84   86   92   95   98   96   95   92   89   85   80   76   71   68
   65   62   61   57   55   52   49   45   43   39   38   35   36   35   38   39
   44   47   52   52   56   55   58   55   56   52   53   46   48   42   45   39
   42   37   40   34   36   33   41   32   29                                   
    72.5-180.0 180.0   5.0 450.0                            LAT/LON1/LON2/DLON/H
   34   36   37   35   37   39   43   44   49   50   55   56   61   61   66   67
   75   78   88   92  102  105  111  109  110  106  103   98   92   86   82   78
   74   72   70   68   65   61   57   52   48   42   40   36   36   35   38   40
   47   51   56   58   61   61   60   60   58   56   53   51   48   45   46   43
   44   42   44   39   39   33   40   33   34                                   
    70.0-180.0 180.0   5.0 450.0                            LAT/LON1/LON2/DLON/H
   33   37   40   35   40   37   45   42   48   47   53   53   59   58   64   67
   76   82   94  104  119  126  135  135  136  131  126  118  109  101   94   89
   86   82   81   78   76   72   66   60   53   48   44   40   39   39   41   44
   50   56   61   65   68   68   67   64   62   57   56   51   51   47   50   47
   50   47   51   46   46   42   48   37   33                                   
    67.5-180.0 180.0   5.0 450.0                            LAT/LON1/LON2/DLON/H
   39   43   44   38   43   41   47   46   52   52   58   56   62   61   66   68
   79   86  102  115  136  144  157  159  164  156  153  142  132  120  111  104
   98   95   91   89   85   81   74   68   57   52   46   43   40   40   41   44
   51   54   61   65   69   68   67   63   60   57   54   52   50   49   50   50
   52   51   53   50   49   43   48   37   39                                   
    65.0-180.0 180.0   5.0 450.0                            LAT/LON1/LON2/DLON/H
   34   40   43   36   42   38   47   43   53   50   59   57   64   63   68   71
   82   92  112  129  153  166  181  183  188  181  175  163  153  139  128  118
  111  105  101   98   93   89   82   76   64   59   50   47   43   43   43   46
   50   54   58   62   65   64   63   59   57   52   52   47   48   45   48   45
   50   48   53   48   49   45   49   38   34                                   
    62.5-180.0 180.0   5.0 450.0                            LAT/LON1/LON2/DLON/H
   29   39   42   36   40   40   44   44   51   52   60   60   66   65   70   73
   86   97  118  137  163  179  195  201  206  202  197  184  173  158  148  136
  126  117  110  105   97   92   84   78   67   60   51   47   42   39   39   41
   45   46   50   52   56   55   56   53   51   47   46   44   44   42   43   42
   43   43   44   42   41   37   39   30   29                                   
    60.0-180.0 180.0   5.0 450.0                            LAT/LON1/LON2/DLON/H
   17   29   36   29   34   34   41   39   48   49   60   62   70   71   77   80
   92  105  127  146  173  189  206  211  218  213  210  197  189  175  164  153
  142  132  122  114  105   96   87   81   71   64   55   51   43   41   38   39
   39   40   41   42   43   44   44   44   44   42   42   39   41   38   38   35
   38   35   39   35   37   34   36   26   17                                   
    57.5-180.0 180.0   5.0 450.0                            LAT/LON1/LON2/DLON/H
    9   25   31   25   28   30   34   36   44   49   59   64   74   76   82   88
  100  113  133  152  175  192  208  216  219  219  216  210  204  194  186  173
  161  147  134  124  112  101   90   83   73   67   59   53   45   42   38   35
   35   33   35   33   36   35   37   37   40   40   41   41   41   37   36   34
   32   31   31   30   27   25   27   16    9                                   
    55.0-180.0 180.0   5.0 450.0                            LAT/LON1/LON2/DLON/H
    8   22   30   23   26   27   31   32   41   48   62   69   82   86   96  101
  114  124  143  158  180  193  211  213  219  216  219  216  216  210  205  193
  180  163  148  134  122  109   98   90   81   76   67   63   54   50   44   40
   36   35   32   32   32   33   35   37   41   42   44   43   44   40   40   35
   36   32   33   28   29   27   30   19    8                                   
    52.5-180.0 180.0   5.0 450.0                            LAT/LON1/LON2/DLON/H
   17   31   35   29   29   30   32   34   44   53   68   78   90   97  109  116
  128  138  153  165  181  192  206  212  216  219  223  227  231  228  223  212
  197  177  160  147  132  121  108   99   89   84   76   71   64   58   51   46
   43   38   37   35   37   37   39   42   47   49   52   53   53   49   47   43
   39   38   36   36   32   31   34   21   17                                   
    50.0-180.0 180.0   5.0 450.0                            LAT/LON1/LON2/DLON/H
   31   40   45   39   39   38   39   40   48   59   73   84   97  107  121  131
  145  152  167  174  189  195  208  210  216  217  227  231  241  238  237  224
  210  188  170  156  143  132  121  111  102   96   89   85   78   73   66   60
   54   51   48   48   48   49   51   53   58   59   63   62   64   60   59   54
   55   50   52   48   49   48   53   40   31                                   
    47.5-180.0 180.0   5.0 450.0                            LAT/LON1/LON2/DLON/H
   56   62   61   57   54   53   51   52   62   71   87   98  112  124  139  150
  164  169  181  185  197  201  209  212  216  222  231  241  248  246  242  228
  210  191  174  161  150  140  131  121  111  105   98   94   89   83   77   72
   67   62   62   61   62   62   64   66   70   72   73   75   74   73   70   69
   64   64   62   65   63   63   68   54   56                                   
    45.0-180.0 180.0   5.0 450.0                            LAT/LON1/LON2/DLON/H
   74   75   74   70   71   66   68   67   76   86   99  110  125  139  154  165
  179  184  194  198  208  211  217  219  224  229  240  244  252  245  241  224
  208  188  175  164  157  149  142  132  123  116  110  106  100   95   88   84
   79   78   76   77   76   76   76   77   79   79   81   81   83   83   83   79
   79   76   77   77   79   79   87   75   74                                   
    42.5-180.0 180.0   5.0 450.0                            LAT/LON1/LON2/DLON/H
   87   89   87   85   83   81   81   83   93  102  116  130  144  155  169  180
  193  197  208  211  220  222  225  230  233  239  244  248  248  241  231  212
  196  179  172  164  161  154  148  138  129  120  113  109  105  100   93   89
   86   86   86   86   86   85   83   84   84   85   83   86   86   89   87   87
   83   83   80   85   84   86   95   83   87                                   
    40.0-180.0 180.0   5.0 450.0                            LAT/LON1/LON2/DLON/H
   88   89   90   85   89   85   93   96  109  122  137  149  162  171  185  195
  207  211  222  224  232  235  240  243  246  249  254  251  248  234  220  203
  189  178  174  172  170  165  160  150  139  129  121  116  111  105   97   94
   89   90   89   90   89   87   85   85   84   83   83   85   88   91   92   91
   89   86   85   85   86   87   96   87   88                                   
    37.5-180.0 180.0   5.0 450.0                            LAT/LON1/LON2/DLON/H
   76   85   86   85   85   85   93  102  118  137  151  163  175  183  196  204
  218  221  230  233  239  244  249  255  258  260  259  255  247  230  216  202
  195  189  190  188  188  182  175  164  152  137  126  120  113  107   99   94
   89   88   88   86   84   81   80   80   81   80   79   82   83   86   86   86
   79   78   73   77   75   77   84   76   76                                   
    35.0-180.0 180.0   5.0 450.0                            LAT/LON1/LON2/DLON/H
   59   69   68   67   73   75   87   99  123  145  165  175  190  197  213  219
  233  234  243  244  251  255  261  265  267  266  266  259  250  237  226  220
  218  221  224  225  223  214  203  188  172  154  140  131  123  116  107  101
   95   92   90   88   85   81   80   79   82   80   81   81   83   86   86   83
   78   73   68   67   67   67   70   64   59                                   
    32.5-180.0 180.0   5.0 450.0                            LAT/LON1/LON2/DLON/H
   41   53   51   50   55   59   73   88  117  143  168  182  199  210  224  233
  245  246  254  256  261  267  271  277  277  277  275  272  269  261  261  262
  271  279  286  285  273  256  239  219  199  178  160  148  137  128  119  112
  106  102   98   94   91   88   86   87   88   89   86   87   86   87   85   82
   72   68   61   58   54   56   56   46   41                                   
    30.0-180.0 180.0   5.0 450.0                            LAT/LON1/LON2/DLON/H
   31   38   37   36   42   48   62   78  107  135  168  183  207  218  238  246
  259  261  269  270  275  280  281  283  283  285  286  291  291  298  303  322
  335  351  352  349  328  305  279  255  231  211  193  178  167  157  149  139
  134  128  124  119  114  110  109  111  114  113  111  106  103  100   98   94
   84   77   68   63   58   54   52   42   31                                   
    27.5-180.0 180.0   5.0 450.0                            LAT/LON1/LON2/DLON/H
   31   35   31   26   29   35   47   70   94  128  160  185  210  226  248  259
  273  275  285  286  292  293  293  292  293  296  305  315  330  346  367  390
  412  430  431  417  386  354  319  293  268  246  229  215  204  195  187  179
  171  165  159  151  145  140  141  140  142  139  134  130  125  120  115  110
  101   94   84   79   66   65   55   41   31                                   
    25.0-180.0 180.0   5.0 450.0                            LAT/LON1/LON2/DLON/H
   41   42   35   23   24   28   47   66   93  118  156  182  213  229  258  269
  288  292  301  303  306  304  299  297  298  308  322  345  363  398  426  467
  494  513  504  481  440  403  362  333  307  288  272  260  250  244  237  233
  226  221  205  194  183  184  179  179  175  173  162  156  148  143  137  132
  122  118  112  106   96   88   77   54   41                                   
    22.5-180.0 180.0   5.0 450.0                            LAT/LON1/LON2/DLON/H
   51   56   46   24   16   18   32   61   91  126  151  185  215  237  264  280
  301  307  321  324  327  319  314  307  313  324  349  381  418  461  502  544
  576  582  570  533  491  442  404  372  348  330  316  305  299  296  290  281
  273  263  248  232  220  211  210  209  212  206  199  190  181  171  164  157
  147  141  135  134  125  115  101   79   51                                   
    20.0-180.0 180.0   5.0 450.0                            LAT/LON1/LON2/DLON/H
   65   66   51   49   33   33   41   64   96  129  154  186  217  242  272  289
  314  321  336  339  341  333  325  321  329  351  381  427  471  521  564  609
  632  637  618  579  523  480  435  411  385  370  351  345  332  326  314  316
  308  302  288  275  263  254  247  238  235  222  215  210  211  201  193  183
  174  166  161  157  149  134  123  104   65                                   
    17.5-180.0 180.0   5.0 450.0                            LAT/LON1/LON2/DLON/H
   77   77   63   59   50   49   55   77  102  141  165  199  225  254  278  302
  323  336  351  357  358  350  343  345  360  389  425  476  525  565  615  644
  668  664  645  598  545  499  462  439  419  400  385  362  350  337  338  337
  336  332  321  310  301  291  284  271  263  249  239  232  229  226  217  207
  197  189  182  176  165  150  135  131   77                                   
    15.0-180.0 180.0   5.0 450.0                            LAT/LON1/LON2/DLON/H
   90   84   69   66   70   77   81  100  121  158  183  215  241  266  291  315
  337  354  366  375  375  370  364  375  393  431  472  524  561  601  636  659
  672  666  638  603  547  515  479  468  449  435  406  389  363  359  349  352
  349  346  338  332  329  322  312  296  283  266  257  249  244  239  229  218
  210  201  197  190  173  158  145  140   90                                   
    12.5-180.0 180.0   5.0 450.0                            LAT/LON1/LON2/DLON/H
   91   96   78   75   78   90  102  116  141  177  203  238  261  287  309  336
  355  372  382  391  393  394  394  410  434  473  518  560  591  614  640  646
  653  640  619  588  554  528  504  491  477  456  428  398  376  362  356  356
  355  353  349  349  347  344  331  315  298  287  273  265  253  243  230  220
  209  201  193  187  174  157  143  141   91                                   
    10.0-180.0 180.0   5.0 450.0                            LAT/LON1/LON2/DLON/H
   90   94   79   76   87  100  117  133  162  195  227  261  284  309  333  362
  378  396  399  407  407  413  418  442  473  517  553  585  603  619  627  627
  621  614  593  584  560  553  536  531  509  491  448  420  384  368  353  352
  348  346  346  347  348  340  317  298  282  272  259  253  242  234  220  210
  201  192  188  179  170  147  136  128   90                                   
     7.5-180.0 180.0   5.0 450.0                            LAT/LON1/LON2/DLON/H
   85  100   83   84   89  101  117  140  176  210  246  279  305  333  361  390
  405  417  421  425  430  439  455  481  516  551  579  598  607  607  610  597
