data/unet/pred1660.15i
     1.0            IONOSPHERE MAPS     GNSS                IONEX VERSION / TYPE
pyspatialgeodesy        IME             05-JAN-18 20:20     PGM / RUN BY / DATE 
Map Name                                                    COMMENT             
Predicted global ionosphere maps (GIM).                     DESCRIPTION         
  2015     6    15     0     0     0                        EPOCH OF FIRST MAP  
  2015     6    16     0     0     0                        EPOCH OF LAST MAP   
  7200                                                      INTERVAL            
    13                                                      # OF MAPS IN FILE   
  NONE                                                      MAPPING FUNCTION    
10.0                                                        ELEVATION CUTOFF    
One-way carrier phase leveled to code                       OBSERVABLES USED    
  6371.0                                                    BASE RADIUS         
 2                                                          MAP DIMENSION       
   450.0 450.0   0.0                                        HGT1 / HGT2 / DHGT  
    87.5 -87.5  -2.5                                        LAT1 / LAT2 / DLAT  
  -180.0 180.0   5.0                                        LON1 / LON2 / DLON  
    -1                                                      EXPONENT            
                                                            END OF HEADER       
[from data line 1716]
     5                                                      START OF TEC MAP    
  2015     6    15     8     0     0                        EPOCH OF CURRENT MAP
    87.5-180.0 180.0   5.0 450.0                            LAT/LON1/LON2/DLON/H
  142  154  164  161  163  159  162  159  164  162  166  164  169  167  172  169
  174  170  174  169  173  168  170  166  169  165  168  165  169  166  169  166
  170  167  169  167  169  166  166  162  163  158  158  154  156  152  154  151
  155  153  156  154  158  155  158  154  157  154  156  152  155  151  154  150
  154  151  155  154  160  154  158  143  142                                   
    85.0-180.0 180.0   5.0 450.0                            LAT/LON1/LON2/DLON/H
  145  155  154  159  156  157  159  162  165  166  169  170  173  173  177  176
  180  178  180  178  180  176  177  174  176  173  174  172  174  172  173  172
  173  171  172  170  171  168  167  164  164  161  159  158  159  158  158  159
  160  161  161  161  163  162  161  160  159  158  155  154  153  151  149  148
  147  146  145  145  148  141  146  136  145                                   
    82.5-180.0 180.0   5.0 450.0                            LAT/LON1/LON2/DLON/H
  143  146  147  149  149  151  156  161  164  166  169  171  173  175  177  179
  180  181  181  181  181  179  178  177  177  175  174  174  174  173  171  172
  171  170  169  168  167  165  164  161  161  159  158  158  160  161  162  164
  166  167  168  170  170  169  167  166  163  160  156  154  151  148  144  142
  139  137  135  133  136  132  132  136  143                                   
    80.0-180.0 180.0   5.0 450.0                            LAT/LON1/LON2/DLON/H
  145  141  143  141  143  148  154  159  163  166  168  172  174  176  176  179
  179  180  179  180  179  178  175  175  173  172  170  171  170  170  169  170
  170  168  168  168  167  164  162  161  160  160  160  163  165  169  171  176
  178  183  182  187  186  186  183  182  178  174  169  166  162  156  152  147
  144  140  136  131  134  126  126  129  145                                   
    77.5-180.0 180.0   5.0 450.0                            LAT/LON1/LON2/DLON/H
  141  141  138  139  139  144  151  156  159  162  164  166  168  169  171  172
  174  172  173  171  172  168  168  164  163  160  160  159  160  161  161  164
  164  165  165  166  165  164  163  162  162  162  165  168  174  179  186  191
  197  201  205  208  208  206  203  200  194  189  183  179  173  168  162  156
  151  147  141  134  134  130  129  128  141                                   
    75.0-180.0 180.0   5.0 450.0                            LAT/LON1/LON2/DLON/H
  147  143  141  140  141  147  151  156  158  160  160  163  162  165  164  165
  165  165  164  163  162  159  156  152  149  145  145  144  146  148  152  156
  160  161  165  165  167  165  165  163  164  165  169  175  182  191  198  207
  212  220  220  225  222  222  218  215  209  204  199  195  188  184  178  174
  167  163  156  149  147  138  139  136  147                                   
    72.5-180.0 180.0   5.0 450.0                            LAT/LON1/LON2/DLON/H
  154  149  147  147  148  150  154  155  158  157  159  158  158  157  158  157
  158  156  156  154  152  148  144  138  135  130  129  127  131  134  140  147
  154  159  163  166  167  167  169  167  170  171  178  184  196  203  214  220
  229  232  236  236  235  231  228  224  218  215  210  207  202  199  194  189
  185  179  174  164  164  154  156  149  154                                   
    70.0-180.0 180.0   5.0 450.0                            LAT/LON1/LON2/DLON/H
  163  153  150  148  148  150  152  154  154  154  153  152  151  150  149  149
  149  148  147  146  144  139  133  127  122  117  115  115  118  122  131  140
  151  158  165  168  172  171  174  172  176  179  186  196  206  217  223  234
  235  242  238  240  234  232  225  222  218  216  214  213  211  209  207  203
  200  193  188  179  176  165  166  162  163                                   
    67.5-180.0 180.0   5.0 450.0                            LAT/LON1/LON2/DLON/H
  168  157  150  147  146  144  147  146  148  145  145  143  143  141  141  140
  141  140  140  138  136  130  125  118  113  108  106  106  110  115  124  137
  149  161  168  174  178  178  181  181  188  191  203  210  223  229  237  241
  244  243  241  236  231  224  218  214  210  210  211  214  215  216  215  213
  211  204  199  190  188  177  178  167  168                                   
    65.0-180.0 180.0   5.0 450.0                            LAT/LON1/LON2/DLON/H
  177  160  152  146  142  140  140  140  140  139  138  138  136  135  135  135
  135  134  134  133  130  125  119  112  107  102  101  103  108  115  126  139
  153  164  174  179  184  185  189  189  196  201  213  221  231  239  242  247
  244  243  233  228  218  212  203  200  197  198  201  206  209  214  216  218
  216  213  206  199  195  185  184  179  177                                   
    62.5-180.0 180.0   5.0 450.0                            LAT/LON1/LON2/DLON/H
  182  167  153  144  138  132  131  128  128  126  128  126  127  125  127  126
  128  127  128  126  124  118  114  108  105  101  102  104  111  118  129  142
  156  169  179  185  191  192  199  199  211  215  228  233  244  247  252  251
  248  240  230  220  211  199  193  187  187  188  193  198  205  209  216  215
  220  214  214  205  205  193  192  181  182                                   
    60.0-180.0 180.0   5.0 450.0                            LAT/LON1/LON2/DLON/H
  194  172  159  148  136  128  123  120  118  118  117  118  117  118  117  119
  120  120  120  118  117  112  108  103  100   99  101  107  116  125  135  148
  163  174  184  190  196  197  203  206  215  221  231  240  248  254  254  255
  247  240  227  217  205  196  187  184  182  183  186  193  199  206  210  215
  217  217  215  212  213  201  201  196  194                                   
    57.5-180.0 180.0   5.0 450.0                            LAT/LON1/LON2/DLON/H
  208  194  174  159  145  132  124  116  112  109  108  107  108  106  108  107
  110  109  111  108  108  103  102   98   98  100  106  113  124  132  143  156
  169  181  191  196  203  205  214  215  227  230  244  249  260  262  264  261
  256  246  236  224  215  203  198  190  191  188  193  194  202  203  211  210
  217  214  220  217  225  215  217  206  208                                   
    55.0-180.0 180.0   5.0 450.0                            LAT/LON1/LON2/DLON/H
  227  211  195  180  160  143  129  119  110  106  103  102  100  100   98  100
   99  100   99   98   95   93   91   91   94   99  109  119  130  141  152  164
  176  187  196  202  208  211  217  222  229  238  245  254  261  268  267  269
  261  258  246  241  229  222  214  209  204  202  200  202  203  207  209  212
  214  217  221  224  234  226  234  230  227                                   
    52.5-180.0 180.0   5.0 450.0                            LAT/LON1/LON2/DLON/H
  248  243  225  207  188  163  145  128  115  107  102   98   96   93   92   91
   92   90   90   86   86   83   84   86   92  102  114  126  137  149  160  172
  182  193  202  208  217  220  231  231  242  244  256  261  272  276  280  280
  277  274  267  263  256  249  243  235  230  223  221  215  215  212  214  213
  217  220  229  232  246  242  253  244  248                                   
    50.0-180.0 180.0   5.0 450.0                            LAT/LON1/LON2/DLON/H
  262  257  245  231  213  189  163  144  126  113  105  100   94   92   89   89
   88   87   85   82   79   77   78   83   92  105  119  134  146  161  171  183
  192  201  209  215  221  229  234  241  245  254  260  269  278  289  290  297
  292  297  287  288  277  273  264  256  247  240  233  228  221  220  216  217
  217  222  230  238  251  251  264  261  262                                   
    47.5-180.0 180.0   5.0 450.0                            LAT/LON1/LON2/DLON/H
  275  277  269  253  238  212  189  162  142  125  113  105   98   92   90   87
   88   85   84   79   77   75   77   84   93  108  123  139  154  169  180  191
  199  209  218  224  234  239  248  251  260  266  276  285  297  307  312  314
  315  316  313  311  301  295  286  276  267  256  250  241  236  231  229  227
  228  233  241  250  264  266  278  268  275                                   
    45.0-180.0 180.0   5.0 450.0                            LAT/LON1/LON2/DLON/H
  278  277  272  260  249  227  205  182  158  138  123  112  104   97   94   92
   92   91   89   85   82   81   83   90  100  116  130  149  164  180  190  201
  209  218  225  232  238  247  253  260  268  276  287  299  310  323  328  335
  333  337  329  331  318  311  297  285  276  265  259  252  245  243  239  238
  240  244  250  260  271  273  278  273  278                                   
    42.5-180.0 180.0   5.0 450.0                            LAT/LON1/LON2/DLON/H
  281  279  270  260  251  232  216  193  173  152  137  124  113  105  101   99
  101   99   98   95   93   91   93  100  109  123  137  155  172  188  199  209
  218  227  235  241  251  260  270  278  286  297  309  321  335  343  351  352
  355  350  347  343  336  326  314  301  292  283  279  269  266  260  259  258
  260  263  268  276  282  284  283  273  281                                   
    40.0-180.0 180.0   5.0 450.0                            LAT/LON1/LON2/DLON/H
  275  266  255  246  241  227  214  198  182  162  147  131  123  112  109  106
  109  107  108  105  104  103  105  112  121  133  146  165  182  198  209  221
  228  236  244  249  263  269  286  288  306  310  329  337  353  363  372  374
  375  370  363  362  350  344  330  317  309  301  297  290  283  279  276  276
  277  280  283  287  290  283  275  269  275                                   
    37.5-180.0 180.0   5.0 450.0                            LAT/LON1/LON2/DLON/H
  267  256  239  230  222  212  203  192  181  169  155  141  132  122  119  116
  119  119  119  116  115  114  118  123  131  141  155  171  189  205  218  229
  239  246  254  264  281  292  309  317  332  341  357  366  383  388  398  396
  399  389  387  379  376  365  358  346  340  330  324  315  309  302  302  297
  301  301  302  302  298  291  278  266  267                                   
    35.0-180.0 180.0   5.0 450.0                            LAT/LON1/LON2/DLON/H
  259  244  225  211  202  193  188  182  177  167  158  145  140  129  127  125
  127  127  126  124  123  123  127  130  138  147  161  177  196  212  224  236
  247  253  264  273  293  304  325  333  349  357  375  385  401  409  418  418
  421  416  416  413  408  404  394  384  374  366  356  347  336  328  322  319
  317  321  317  317  309  297  280  268  259                                   
    32.5-180.0 180.0   5.0 450.0                            LAT/LON1/LON2/DLON/H
  256  244  219  201  188  179  176  173  173  168  164  156  150  142  139  136
  137  136  136  133  133  132  137  138  146  152  167  180  202  217  233  245
  258  265  276  286  307  322  343  354  374  383  398  409  424  433  443  446
  452  449  456  455  458  451  446  432  424  412  398  382  365  350  343  334
  337  333  335  329  320  309  292  279  256                                   
    30.0-180.0 180.0   5.0 450.0                            LAT/LON1/LON2/DLON/H
  263  254  228  205  191  180  175  171  173  168  169  161  160  153  149  147
  144  144  141  139  138  138  142  144  151  156  168  183  205  222  239  252
  264  270  280  289  313  325  347  357  373  384  395  413  425  445  452  465
  472  479  491  499  517  521  522  512  497  478  450  429  402  384  367  358
  352  353  348  346  334  323  307  292  263                                   
    27.5-180.0 180.0   5.0 450.0                            LAT/LON1/LON2/DLON/H
  280  279  256  231  212  196  188  183  182  178  179  176  175  169  164  158
  153  151  148  147  147  147  150  151  156  159  171  182  204  221  239  250
  261  268  278  290  309  326  343  356  370  382  393  413  427  451  459  479
  492  509  530  553  580  594  589  579  561  545  503  471  436  413  394  377
  373  367  367  361  353  343  326  311  280                                   
    25.0-180.0 180.0   5.0 450.0                            LAT/LON1/LON2/DLON/H
  300  307  289  268  247  229  212  199  196  189  191  186  187  184  177  173
  162  160  153  153  151  153  155  158  162  167  174  184  202  220  236  247
  257  263  278  288  314  328  348  355  367  379  389  412  424  454  463  489
  505  530  557  590  616  621  625  617  605  584  552  520  478  446  424  407
  399  393  389  383  373  363  349  327  300                                   
    22.5-180.0 180.0   5.0 450.0                            LAT/LON1/LON2/DLON/H
  325  336  321  303  287  268  249  230  220  211  209  207  205  202  196  189
  177  170  163  163  162  165  167  169  170  172  174  180  194  210  221  236
  245  255  270  287  306  325  338  352  360  379  386  413  424  454  465  494
  513  539  569  602  626  638  639  636  619  605  568  544  505  473  445  428
  420  412  408  402  395  385  370  345  325                                   
    20.0-180.0 180.0   5.0 450.0                            LAT/LON1/LON2/DLON/H
  341  356  347  333  315  296  274  254  240  232  225  221  219  218  212  206
  191  183  173  172  168  173  173  179  177  178  175  178  182  194  203  218
  228  240  258  277  301  324  339  355  363  382  390  415  428  459  469  497
  513  538  566  592  620  625  630  619  610  588  566  539  518  490  469  449
  441  434  430  422  414  399  382  352  341                                   
    17.5-180.0 180.0   5.0 450.0                            LAT/LON1/LON2/DLON/H
  354  367  362  355  344  326  304  285  269  259  251  244  239  238  232  223
  208  197  187  185  180  184  185  188  183  179  173  167  165  171  182  197
  212  228  245  270  294  320  340  357  373  389  405  423  442  462  479  497
  516  530  552  566  584  597  597  592  576  562  544  535  518  502  484  473
  462  458  452  446  436  413  390  357  354                                   
    15.0-180.0 180.0   5.0 450.0                            LAT/LON1/LON2/DLON/H
  349  359  357  357  354  338  320  299  285  275  264  259  251  250  242  233
  218  208  195  192  183  189  189  191  185  179  166  155  148  154  164  182
  198  219  234  264  288  323  344  369  385  402  420  439  457  475  490  507
  517  527  536  540  550  550  563  551  550  531  534  522  522  505  495  480
  474  471  468  462  448  421  393  358  349                                   
    12.5-180.0 180.0   5.0 450.0                            LAT/LON1/LON2/DLON/H
  348  350  347  350  350  340  325  309  296  285  276  270  262  258  247  237
  225  212  200  193  189  191  192  192  184  174  157  139  133  137  151  171
  193  217  237  264  294  326  354  378  402  417  438  453  473  488  504  516
  526  527  529  524  524  524  530  537  534  529  527  531  528  523  510  501
  492  491  485  480  463  430  401  358  348                                   
    10.0-180.0 180.0   5.0 450.0                            LAT/LON1/LON2/DLON/H
  337  338  332  335  334  329  316  306  295  289  279  272  260  256  244  239
  224  216  200  195  184  188  186  187  179  164  143  127  120  126  139  167
  189  213  235  261  289  325  358  383  409  423  445  458  482  493  513  522
  532  532  527  520  514  511  523  529  538  533  541  535  540  532  523  509
  502  500  494  490  470  437  406  365  337                                   
     7.5-180.0 180.0   5.0 450.0                            LAT/LON1/LON2/DLON/H
  343  337  332  331  327  319  305  295  286  280  272  263  253  244  238  229
  218  207  195  188  181  178  178  175  165  147  129  114  111  116  133  161
