data/unet/pred2550.15i
     1.0            IONOSPHERE MAPS     GNSS                IONEX VERSION / TYPE
pyspatialgeodesy        IME             05-JAN-18 20:20     PGM / RUN BY / DATE 
Map Name                                                    COMMENT             
Predicted global ionosphere maps (GIM).                     DESCRIPTION         
  2015     9    12     0     0     0                        EPOCH OF FIRST MAP  
  2015     9    13     0     0     0                        EPOCH OF LAST MAP   
  7200                                                      INTERVAL            
    13                                                      # OF MAPS IN FILE   
  NONE                                                      MAPPING FUNCTION    
10.0                                                        ELEVATION CUTOFF    
One-way carrier phase leveled to code                       OBSERVABLES USED    
  6371.0                                                    BASE RADIUS         
 2                                                          MAP DIMENSION       
   450.0 450.0   0.0                                        HGT1 / HGT2 / DHGT  
    87.5 -87.5  -2.5                                        LAT1 / LAT2 / DLAT  
  -180.0 180.0   5.0                                        LON1 / LON2 / DLON  
    -1                                                      EXPONENT            
                                                            END OF HEADER       
[from data line 858]
     3                                                      START OF TEC MAP    
  2015     9    12     4     0     0                        EPOCH OF CURRENT MAP
    87.5-180.0 180.0   5.0 450.0                            LAT/LON1/LON2/DLON/H
   98  113   96   94   94   91   93   91   93   91   91   89   91   89   88   86
   87   85   85   83   84   82   82   80   82   80   81   79   81   80   82   80
   82   82   83   82   85   84   86   85   87   86   88   87   89   88   89   88
   90   89   91   90   92   91   93   92   94   93   95   93   95   94   96   94
   96   94   96   94   96   91  109  103   98                                   
    85.0-180.0 180.0   5.0 450.0                            LAT/LON1/LON2/DLON/H
  113  110   90   95   92   90   89   90   89   90   87   88   87   87   84   85
   83   83   80   81   78   79   76   77   75   76   74   76   75   76   75   77
   77   79   79   81   80   82   82   84   84   85   85   86   87   87   88   88
   89   90   91   92   93   95   94   97   97   99   98  101   99  102  100  102
   99  101   98  100   97   96  105  114  113                                   
    82.5-180.0 180.0   5.0 450.0                            LAT/LON1/LON2/DLON/H
  103   91   86   88   84   82   81   82   82   81   81   80   80   79   77   76
   74   72   69   67   65   63   60   59   57   56   55   56   56   56   57   59
   60   61   63   65   67   69   71   72   74   75   77   77   79   79   81   81
   82   83   84   86   87   89   90   93   94   97   97   99   99  100  100  101
   99  100   99   98   97   93  104  102  103                                   
    80.0-180.0 180.0   5.0 450.0                            LAT/LON1/LON2/DLON/H
  107   97   93   92   89   87   86   86   85   85   83   85   83   83   81   81
   78   76   72   71   66   64   59   58   54   53   51   53   52   54   55   58
   59   63   64   68   70   73   74   78   78   80   81   83   83   85   84   86
   86   88   89   91   92   94   95   98   99  102  103  106  106  108  107  109
  108  108  107  107  105   98  106  104  107                                   
    77.5-180.0 180.0   5.0 450.0                            LAT/LON1/LON2/DLON/H
  111   97   91   91   86   83   83   83   82   81   81   82   81   80   79   78
   75   73   69   67   61   58   52   50   45   44   43   44   44   46   49   52
   55   58   62   65   67   70   72   75   76   78   78   80   79   81   80   83
   82   84   85   88   88   92   93   97   97  102  103  106  106  108  108  110
  109  110  109  109  107  101  110  105  111                                   
    75.0-180.0 180.0   5.0 450.0                            LAT/LON1/LON2/DLON/H
  110  101   92   89   85   82   81   80   79   79   79   79   79   79   78   76
   73   70   67   64   58   53   47   44   38   36   36   36   37   40   44   47
   50   54   59   62   64   67   69   71   72   74   74   76   75   77   77   78
   78   80   83   85   87   89   92   94   97   99  102  104  105  107  108  108
  108  109  110  111  111  106  114  111  110                                   
    72.5-180.0 180.0   5.0 450.0                            LAT/LON1/LON2/DLON/H
  117  103   95   93   86   82   81   79   78   77   78   78   78   78   77   75
   74   70   68   63   59   53   48   42   38   34   35   34   36   38   43   45
   50   52   57   59   62   64   67   67   69   69   72   72   74   75   76   77
   77   80   81   84   86   88   91   95   97  100  102  104  106  107  108  109
  110  111  113  114  117  112  123  117  117                                   
    70.0-180.0 180.0   5.0 450.0                            LAT/LON1/LON2/DLON/H
  118  108  100   94   88   82   80   77   77   75   76   75   76   74   75   73
   73   70   69   64   62   54   50   43   40   34   36   34   38   39   45   46
   50   51   55   56   58   58   61   61   64   65   69   71   74   75   78   79
   81   82   85   86   88   90   93   96   98  100  101  104  104  106  106  108
  109  111  113  117  121  117  127  124  118                                   
    67.5-180.0 180.0   5.0 450.0                            LAT/LON1/LON2/DLON/H
  124  112  104   99   90   83   80   77   75   74   73   73   72   72   72   72
   71   70   69   66   63   56   52   45   42   37   39   37   40   41   45   46
   48   48   50   49   51   50   54   55   59   61   66   69   74   77   80   83
   84   85   87   89   91   94   96   99  101  102  103  104  104  105  105  106
  108  110  114  119  125  124  133  130  124                                   
    65.0-180.0 180.0   5.0 450.0                            LAT/LON1/LON2/DLON/H
  124  116  108  101   92   84   80   76   74   71   71   69   69   67   68   66
   68   66   68   64   64   58   55   49   46   42   43   41   44   44   47   47
   46   45   44   42   42   42   45   48   52   57   63   69   75   81   85   87
   89   91   92   95   96   99  100  103  105  106  106  106  105  105  105  106
  107  109  113  119  124  125  134  134  124                                   
    62.5-180.0 180.0   5.0 450.0                            LAT/LON1/LON2/DLON/H
  128  116  109  102   92   83   78   74   71   70   66   66   64   63   62   62
   61   61   62   61   60   57   54   49   48   45   46   44   45   46   46   44
   41   39   36   34   33   34   38   42   48   54   62   69   76   83   88   91
   93   94   96   97  100  102  105  106  109  109  110  108  107  106  106  105
  106  108  112  118  125  127  135  136  128                                   
    60.0-180.0 180.0   5.0 450.0                            LAT/LON1/LON2/DLON/H
  126  118  110  101   92   82   77   72   70   65   64   61   60   56   56   54
   55   54   57   56   58   53   53   48   48   44   46   44   47   44   44   40
   37   32   29   26   27   27   32   36   44   51   60   69   78   86   91   95
   97   98   99  101  104  106  108  110  113  114  113  112  111  110  108  107
  107  108  112  116  121  122  132  135  126                                   
    57.5-180.0 180.0   5.0 450.0                            LAT/LON1/LON2/DLON/H
  128  117  109  103   92   83   78   73   68   65   61   59   56   53   51   49
   48   47   49   49   50   48   48   44   44   42   44   43   44   43   40   36
   32   26   24   21   23   25   30   35   43   51   60   70   79   88   93   97
  100  101  104  105  109  111  115  117  121  120  121  119  119  116  114  112
  111  110  112  115  120  122  131  133  128                                   
    55.0-180.0 180.0   5.0 450.0                            LAT/LON1/LON2/DLON/H
  127  122  114  107   98   89   84   77   72   66   63   57   55   50   49   46
   45   42   44   43   44   42   43   40   41   39   42   40   42   39   38   31
   29   23   22   19   23   25   31   36   44   51   62   70   81   89   95   99
  103  104  107  109  114  116  121  123  127  128  127  127  126  126  123  120
  118  116  117  117  120  119  129  133  127                                   
    52.5-180.0 180.0   5.0 450.0                            LAT/LON1/LON2/DLON/H
  132  125  121  119  109  102   95   88   80   73   66   61   56   52   48   45
   42   40   38   38   37   36   36   34   36   36   38   38   38   36   35   30
   28   23   24   22   27   30   35   40   47   54   63   71   83   92   98  102
  106  109  114  117  123  126  130  133  137  137  137  136  137  136  135  131
  127  123  121  120  122  124  132  132  132                                   
    50.0-180.0 180.0   5.0 450.0                            LAT/LON1/LON2/DLON/H
  135  134  131  131  128  121  113  104   94   83   76   67   63   56   53   47
   45   40   39   35   36   33   34   32   35   35   38   36   37   34   35   30
   31   27   28   28   33   36   41   45   52   57   67   74   88   95  104  107
  113  116  122  126  133  137  142  144  147  146  145  145  147  148  147  144
  140  135  132  130  130  127  136  139  135                                   
    47.5-180.0 180.0   5.0 450.0                            LAT/LON1/LON2/DLON/H
  142  140  143  149  146  143  135  124  110   97   86   77   69   64   58   54
   48   45   41   38   36   34   35   35   37   36   39   36   37   34   36   32
   35   32   36   35   41   43   48   50   56   61   70   80   93  102  111  116
  123  128  135  140  148  152  155  156  157  155  153  153  154  156  156  155
  150  147  143  140  139  137  142  142  142                                   
    45.0-180.0 180.0   5.0 450.0                            LAT/LON1/LON2/DLON/H
  147  148  153  160  162  159  154  143  128  110   99   86   80   71   67   60
   56   50   47   42   42   39   41   40   43   41   42   38   40   36   40   37
   40   40   42   44   47   49   52   55   60   66   76   85  100  108  119  124
  132  138  146  154  161  166  167  167  165  162  158  158  158  160  160  160
  157  156  153  150  147  144  149  153  147                                   
    42.5-180.0 180.0   5.0 450.0                            LAT/LON1/LON2/DLON/H
  154  153  160  169  170  171  165  155  140  122  108   96   87   80   72   67
   60   56   52   49   46   45   47   47   49   46   46   39   41   38   42   41
   45   44   49   47   53   52   56   57   64   70   81   92  105  117  127  133
  142  150  160  168  176  179  179  176  173  167  163  161  161  161  162  162
  161  162  160  157  156  155  157  158  154                                   
    40.0-180.0 180.0   5.0 450.0                            LAT/LON1/LON2/DLON/H
  158  159  163  169  172  170  167  158  145  128  114  102   95   87   81   75
   69   64   60   56   55   54   57   56   59   54   52   45   46   43   47   47
   49   51   51   53   54   56   56   61   66   76   86   97  111  122  132  141
  150  162  173  181  188  191  191  187  184  179  172  171  169  169  167  168
  168  171  170  170  165  163  166  169  158                                   
    37.5-180.0 180.0   5.0 450.0                            LAT/LON1/LON2/DLON/H
  164  160  163  166  163  163  160  153  141  128  117  107  100   92   85   80
   73   71   66   64   61   62   64   64   65   60   56   50   50   47   50   51
   55   55   57   55   58   57   60   63   71   80   91  103  118  129  141  149
  162  175  187  196  203  206  205  203  200  194  188  184  181  178  176  176
  176  179  180  179  176  176  175  173  164                                   
    35.0-180.0 180.0   5.0 450.0                            LAT/LON1/LON2/DLON/H
  170  168  165  162  155  151  147  140  130  120  111  105   99   94   88   84
   80   76   73   71   69   70   73   72   73   66   63   56   55   52   54   55
   57   58   57   58   56   60   59   67   72   85   96  107  120  132  143  154
  166  182  193  203  212  218  222  220  220  215  208  202  197  192  187  186
  186  190  192  193  187  185  187  185  170                                   
    32.5-180.0 180.0   5.0 450.0                            LAT/LON1/LON2/DLON/H
  186  180  174  166  150  141  134  125  117  109  105  102   98   94   88   85
   82   81   77   76   73   74   76   76   75   69   67   60   59   55   59   60
   63   64   65   62   63   65   68   73   79   89  101  111  125  136  149  160
  175  190  202  214  225  236  242  247  249  243  235  226  221  211  206  202
  201  203  205  202  198  198  199  196  186                                   
    30.0-180.0 180.0   5.0 450.0                            LAT/LON1/LON2/DLON/H
  205  202  191  174  153  139  127  115  107  102   99   98   96   93   88   85
   84   84   82   81   80   79   82   80   81   74   72   67   66   61   64   64
   67   66   67   66   66   67   69   76   78   91   99  111  124  138  151  166
  178  195  206  222  235  252  264  275  282  277  271  261  253  243  236  231
  228  229  228  225  217  217  218  217  205                                   
    27.5-180.0 180.0   5.0 450.0                            LAT/LON1/LON2/DLON/H
  238  230  220  199  173  153  134  120  110  103  100   99   97   92   88   84
   84   84   84   82   80   81   81   82   80   77   75   71   70   66   67   66
   68   67   70   69   72   71   74   79   83   91  101  112  127  142  158  171
  188  200  212  229  248  271  289  308  315  315  309  299  290  278  272  267
  265  264  260  252  246  247  243  246  238                                   
    25.0-180.0 180.0   5.0 450.0                            LAT/LON1/LON2/DLON/H
  277  269  258  229  202  180  156  134  118  110  104  103   98   93   86   82
   81   84   83   82   82   83   86   84   84   80   81   77   78   73   77   72
   76   71   76   71   75   72   75   77   81   87   96  107  123  144  158  179
  188  205  212  235  256  290  316  337  349  351  347  340  332  321  314  308
  306  301  296  287  280  280  283  281  277                                   
    22.5-180.0 180.0   5.0 450.0                            LAT/LON1/LON2/DLON/H
  322  313  306  277  243  220  193  166  142  128  119  113  105   96   89   81
   81   80   80   80   80   85   85   86   83   81   81   80   78   76   75   73
   71   71   73   72   73   71   72   74   77   84   94  107  125  146  167  184
  197  209  222  242  270  307  340  366  378  384  380  373  367  357  352  346
  345  336  330  318  314  319  318  324  322                                   
    20.0-180.0 180.0   5.0 450.0                            LAT/LON1/LON2/DLON/H
  367  363  349  323  293  268  237  207  175  150  135  127  116  104   93   85
   80   81   79   80   85   90   94   93   92   88   88   84   84   80   81   76
   77   70   76   69   72   67   67   69   72   79   92  106  129  153  170  193
  203  220  231  256  282  323  359  389  404  411  408  404  398  393  386  383
  379  370  361  349  345  350  351  356  367                                   
    17.5-180.0 180.0   5.0 450.0                            LAT/LON1/LON2/DLON/H
  408  406  393  369  340  321  283  252  218  188  163  149  135  121  110   95
   91   85   84   83   88   96   99  102   96   93   87   84   80   78   75   72
   69   68   69   68   67   65   64   65   69   75   90  110  136  160  182  200
  213  229  246  271  299  340  376  406  419  427  425  423  420  416  411  406
  404  394  388  375  374  381  379  395  408                                   
    15.0-180.0 180.0   5.0 450.0                            LAT/LON1/LON2/DLON/H
  444  443  422  401  378  363  327  298  257  225  194  171  154  140  129  116
  106   99   93   94   98  108  113  114  111  102   97   90   89   84   82   76
   74   69   68   63   63   60   60   61   64   73   89  112  141  166  187  206
  223  242  260  286  314  353  387  412  428  435  435  434  432  432  426  425
  420  412  403  394  392  405  414  419  444                                   
    12.5-180.0 180.0   5.0 450.0                            LAT/LON1/LON2/DLON/H
  468  469  450  433  405  397  361  339  296  263  227  204  182  165  152  140
  130  118  111  107  110  118  122  125  116  109   97   92   86   84   79   76
   72   68   63   58   57   55   56   59   63   71   89  115  144  169  191  209
  230  249  272  300  328  367  397  416  431  437  437  439  441  443  438  438
  431  428  420  418  420  440  442  450  468                                   
    10.0-180.0 180.0   5.0 450.0                            LAT/LON1/LON2/DLON/H
  492  485  462  443  425  420  390  371  327  294  256  233  209  191  179  167
  156  144  134  128  127  133  135  134  129  116  106   99   96   91   88   83
   78   70   61   55   52   51   52   57   61   70   87  113  142  167  189  207
  233  252  277  304  334  369  398  415  434  441  444  448  452  455  449  449
  442  439  435  437  444  464  477  474  492                                   
     7.5-180.0 180.0   5.0 450.0                            LAT/LON1/LON2/DLON/H
  502  501  477  457  431  427  404  389  348  320  285  262  237  223  206  194
  177  164  153  146  143  145  143  142  133  122  109  103   99   96   91   86
