data/unet/pred2750.15i
     1.0            IONOSPHERE MAPS     GNSS                IONEX VERSION / TYPE
pyspatialgeodesy        IME             05-JAN-18 20:20     PGM / RUN BY / DATE 
Map Name                                                    COMMENT             
Predicted global ionosphere maps (GIM).                     DESCRIPTION         
  2015    10     2     0     0     0                        EPOCH OF FIRST MAP  
  2015    10     3     0     0     0                        EPOCH OF LAST MAP   
  7200                                                      INTERVAL            
    13                                                      # OF MAPS IN FILE   
  NONE                                                      MAPPING FUNCTION    
10.0                                                        ELEVATION CUTOFF    
One-way carrier phase leveled to code                       OBSERVABLES USED    
  6371.0                                                    BASE RADIUS         
 2                                                          MAP DIMENSION       
   450.0 450.0   0.0                                        HGT1 / HGT2 / DHGT  
    87.5 -87.5  -2.5                                        LAT1 / LAT2 / DLAT  
  -180.0 180.0   5.0                                        LON1 / LON2 / DLON  
    -1                                                      EXPONENT            
                                                            END OF HEADER       
[from data line 3432]
     9                                                      START OF TEC MAP    
  2015    10     2    16     0     0                        EPOCH OF CURRENT MAP
    87.5-180.0 180.0   5.0 450.0                            LAT/LON1/LON2/DLON/H
  160  158  155  157  158  156  157  157  159  158  160  159  160  158  161  158
  160  158  160  158  160  158  161  159  162  160  162  160  161  158  159  156
  156  154  154  152  152  150  149  148  147  146  145  144  144  143  142  142
  142  142  142  142  143  143  143  144  145  145  146  146  148  148  149  149
  150  150  151  151  152  151  158  173  160                                   
    85.0-180.0 180.0   5.0 450.0                            LAT/LON1/LON2/DLON/H
  132  146  141  146  147  147  148  150  152  153  154  156  157  158  159  160
  160  161  161  162  162  162  162  161  162  160  160  157  157  154  152  150
  147  145  142  141  138  136  133  131  128  128  125  125  123  123  122  122
  122  123  123  124  125  126  127  128  129  131  131  133  133  134  134  135
  136  137  136  138  138  137  139  140  132                                   
    82.5-180.0 180.0   5.0 450.0                            LAT/LON1/LON2/DLON/H
  126  126  125  129  129  131  133  137  139  142  143  146  147  150  151  153
  153  154  154  155  155  156  155  155  155  155  153  153  151  150  147  146
  141  140  134  133  127  126  120  119  114  114  109  110  106  108  105  108
  106  109  108  112  111  115  114  117  115  118  116  118  116  118  116  118
  116  118  117  119  119  117  126  119  126                                   
    80.0-180.0 180.0   5.0 450.0                            LAT/LON1/LON2/DLON/H
   98  102  103  105  107  111  113  118  122  125  128  133  135  138  140  143
  144  145  145  147  146  147  146  148  146  148  146  149  146  148  144  146
  139  140  132  131  123  122  113  111  104  102   96   96   92   94   92   93
   93   95   96   99  100  104  103  106  105  107  104  106  103  104  100  102
   98  100   96   96   96   97   99   98   98                                   
    77.5-180.0 180.0   5.0 450.0                            LAT/LON1/LON2/DLON/H
   78   86   82   83   87   90   96  100  106  109  116  120  126  128  133  134
  137  136  139  138  140  139  140  141  142  142  144  145  145  146  144  145
  140  139  133  131  123  119  111  106   98   94   90   88   86   85   86   87
   88   90   92   95   98   99  101  102  102  101  100   98   97   94   93   89
   88   85   84   81   80   75   74   78   78                                   
    75.0-180.0 180.0   5.0 450.0                            LAT/LON1/LON2/DLON/H
   65   68   66   68   72   76   83   87   94  100  109  116  124  130  135  137
  139  139  139  139  140  139  140  141  143  143  146  146  149  149  151  149
  148  145  142  138  132  127  119  113  106  100   96   93   91   91   92   93
   95   98   99  102  103  105  104  103  102  100   96   93   90   87   84   81
   77   75   72   69   68   65   67   67   65                                   
    72.5-180.0 180.0   5.0 450.0                            LAT/LON1/LON2/DLON/H
   58   62   57   58   60   64   69   76   84   91  101  110  121  126  135  135
  139  138  140  139  141  142  143  145  145  148  149  152  152  155  154  156
  153  153  148  146  139  134  126  121  112  108  102  100   97   97   96   99
   99  102  103  105  106  106  105  104  101   98   93   90   85   83   78   76
   72   70   67   64   63   58   59   59   58                                   
    70.0-180.0 180.0   5.0 450.0                            LAT/LON1/LON2/DLON/H
   57   57   53   52   55   56   63   67   79   85  100  108  124  130  141  142
  148  146  149  148  151  151  154  154  156  157  159  160  161  161  161  161
  160  157  155  150  146  140  134  128  122  116  112  108  106  104  104  104
  105  105  105  105  105  103  101   97   95   88   86   80   79   75   73   70
   68   65   64   60   61   60   62   60   57                                   
    67.5-180.0 180.0   5.0 450.0                            LAT/LON1/LON2/DLON/H
   58   58   53   51   51   53   57   64   74   83   98  109  125  131  144  144
  152  152  157  155  160  161  165  166  167  168  168  168  166  167  165  167
  164  162  159  156  151  146  140  135  129  124  120  116  113  110  107  107
  103  102   99   98   94   93   88   87   81   79   74   74   71   71   69   68
   66   65   65   62   62   58   62   60   58                                   
    65.0-180.0 180.0   5.0 450.0                            LAT/LON1/LON2/DLON/H
   58   56   51   47   51   51   58   61   75   82   99  109  127  134  150  154
  165  164  171  169  176  175  180  177  178  175  173  171  169  168  167  166
  165  162  160  156  155  149  146  141  138  132  128  123  120  116  112  106
  104   98   95   88   86   80   78   71   72   66   67   64   66   65   66   64
   65   62   63   58   60   61   63   62   58                                   
    62.5-180.0 180.0   5.0 450.0                            LAT/LON1/LON2/DLON/H
   56   54   48   46   46   50   55   62   74   84  100  112  129  139  154  159
  169  168  176  176  182  182  185  184  182  177  175  170  169  167  167  166
  165  162  161  157  156  152  150  146  143  137  133  128  122  116  108  104
   96   89   81   75   68   64   59   59   56   57   55   59   58   61   60   61
   59   58   58   56   56   54   59   57   56                                   
    60.0-180.0 180.0   5.0 450.0                            LAT/LON1/LON2/DLON/H
   52   49   48   39   47   48   57   62   77   84  101  112  130  140  156  162
  172  174  181  181  190  188  190  185  182  177  172  169  169  170  171  171
  170  166  164  159  158  155  153  151  149  145  140  136  128  122  113  104
   95   83   75   65   60   54   52   50   52   50   54   55   59   59   60   58
   57   54   54   49   50   53   55   53   52                                   
    57.5-180.0 180.0   5.0 450.0                            LAT/LON1/LON2/DLON/H
   51   49   43   44   43   48   57   65   78   88  103  116  131  142  156  163
  174  173  183  180  189  185  191  185  183  176  174  169  173  173  178  177
  177  172  169  164  162  158  157  155  153  148  145  138  132  122  112  103
   91   81   71   64   55   52   48   51   50   53   53   60   59   62   59   59
   54   52   49   47   45   46   50   44   51                                   
    55.0-180.0 180.0   5.0 450.0                            LAT/LON1/LON2/DLON/H
   49   45   46   41   48   50   62   69   84   92  107  116  130  140  155  162
  173  173  181  181  188  187  191  187  186  183  179  181  181  188  189  192
  188  185  176  172  167  165  163  162  160  158  153  148  140  132  119  108
   95   85   74   67   60   57   54   57   58   61   62   67   67   68   66   63
   59   54   51   45   44   48   49   42   49                                   
    52.5-180.0 180.0   5.0 450.0                            LAT/LON1/LON2/DLON/H
   51   49   47   51   51   58   67   78   90  100  111  122  134  143  155  163
  172  173  180  180  185  185  188  188  186  188  189  193  196  202  205  206
  201  197  187  182  176  175  172  171  168  167  162  156  149  138  127  116
  105   95   87   80   75   71   69   71   72   76   76   79   79   78   73   71
   64   59   53   51   49   50   52   41   51                                   
    50.0-180.0 180.0   5.0 450.0                            LAT/LON1/LON2/DLON/H
   59   58   58   59   62   71   79   90  101  109  121  127  138  145  158  165
  174  177  182  184  189  192  194  196  193  197  198  210  212  222  222  224
  218  211  202  194  189  188  186  186  183  182  178  172  164  154  142  131
  120  111  103   97   93   90   90   91   93   95   96   97   96   95   91   86
   80   73   68   61   61   62   65   52   59                                   
    47.5-180.0 180.0   5.0 450.0                            LAT/LON1/LON2/DLON/H
   71   69   67   69   71   80   86   99  108  119  128  137  145  152  161  169
  175  180  182  188  189  195  195  200  198  207  212  225  230  237  239  235
  230  221  214  207  204  203  203  201  199  196  192  186  178  166  155  143
  132  124  117  113  107  107  104  108  107  112  109  113  109  110  104  103
   94   92   83   80   74   74   75   66   71                                   
    45.0-180.0 180.0   5.0 450.0                            LAT/LON1/LON2/DLON/H
   83   84   81   80   84   91   98  112  121  132  140  147  154  161  169  179
  184  190  190  197  197  205  204  210  210  219  223  234  240  245  244  241
  234  226  221  216  217  218  219  218  216  212  208  202  194  182  169  154
  143  133  126  120  116  113  114  115  119  121  123  122  123  121  120  118
  115  111  106  100   96   92   98   87   83                                   
    42.5-180.0 180.0   5.0 450.0                            LAT/LON1/LON2/DLON/H
   93   93   90   89   92   98  106  121  133  146  156  163  168  173  180  188
  192  198  198  206  205  212  215  224  226  233  237  243  249  248  248  238
  235  227  228  226  233  234  238  234  233  226  222  214  204  190  175  159
  147  136  127  121  113  113  109  115  116  123  122  127  125  130  124  129
  123  125  118  119  111  109  114  106   93                                   
    40.0-180.0 180.0   5.0 450.0                            LAT/LON1/LON2/DLON/H
   98  101   97   94   98  103  111  128  143  160  169  177  179  188  191  203
  202  212  209  219  216  225  226  235  237  243  246  251  251  248  243  236
  231  230  234  238  246  251  252  247  244  237  231  222  210  196  179  162
  148  135  124  115  108  102  102  104  110  116  121  125  129  131  133  135
  133  134  129  128  123  120  124  116   98                                   
    37.5-180.0 180.0   5.0 450.0                            LAT/LON1/LON2/DLON/H
  100  101   98   98   97  103  113  131  148  168  181  190  195  200  204  210
  213  218  220  226  228  234  237  241  245  245  254  252  256  248  249  241
  246  248  258  265  273  274  273  265  260  251  243  231  219  201  183  164
  148  135  122  111  102   97   94   99  104  113  115  123  123  130  126  134
  126  131  122  128  118  121  123  118  100                                   
    35.0-180.0 180.0   5.0 450.0                            LAT/LON1/LON2/DLON/H
   96   97   94   91   95  100  113  131  153  175  191  204  208  218  217  227
  224  232  231  240  239  245  246  249  252  255  261  263  263  258  258  256
  266  276  291  300  306  304  297  286  276  264  254  240  227  207  190  170
  155  140  129  116  105   97   94   99  105  114  120  125  128  131  131  134
  129  129  122  121  113  113  114  113   96                                   
    32.5-180.0 180.0   5.0 450.0                            LAT/LON1/LON2/DLON/H
   92   91   86   86   85   93  104  124  149  175  195  211  221  227  232  235
  237  240  244  247  251  251  252  249  254  256  269  270  278  275  286  290
  309  323  338  348  351  343  330  313  298  282  271  257  244  228  210  193
  175  162  150  137  125  115  110  111  119  127  131  138  138  142  135  138
  126  125  111  114  101  104  102  103   92                                   
    30.0-180.0 180.0   5.0 450.0                            LAT/LON1/LON2/DLON/H
   86   81   77   76   81   86   99  117  144  171  196  216  228  240  243  249
  248  254  255  261  261  261  256  255  255  265  276  288  296  306  316  333
  352  375  388  399  395  386  365  343  321  303  289  275  265  250  237  220
  208  194  184  170  157  144  137  136  141  147  150  154  156  157  154  150
  140  133  118  111   98   95   94   93   86                                   
    27.5-180.0 180.0   5.0 450.0                            LAT/LON1/LON2/DLON/H
   84   81   74   77   76   85   95  116  139  171  196  220  236  249  255  260
  262  268  270  274  272  268  264  259  265  276  295  312  333  350  373  397
  421  443  455  453  443  425  401  376  349  329  312  300  290  281  270  262
  249  238  228  206  190  164  157  150  162  170  174  176  178  175  170  166
  151  144  123  116   97   98   90   89   84                                   
    25.0-180.0 180.0   5.0 450.0                            LAT/LON1/LON2/DLON/H
   85   82   75   74   78   83   98  114  139  166  195  219  240  257  267  274
  277  284  287  291  289  283  278  274  280  296  318  350  376  414  440  476
  501  524  516  510  484  467  439  417  384  361  339  326  315  307  301  295
  289  274  262  239  225  202  190  178  182  182  192  197  196  194  189  183
  172  162  144  129  114  103   98   90   85                                   
    22.5-180.0 180.0   5.0 450.0                            LAT/LON1/LON2/DLON/H
   90   90   82   83   79   90  100  121  139  167  191  220  241  262  271  283
  288  300  304  311  305  300  293  292  300  323  355  390  433  475  516  547
  580  583  581  554  528  497  472  445  418  397  374  360  345  339  328  327
  314  302  298  282  276  251  240  220  220  207  213  210  220  212  209  200
  190  179  161  148  127  121  107  103   90                                   
    20.0-180.0 180.0   5.0 450.0                            LAT/LON1/LON2/DLON/H
   95   96   88   86   87   94  111  128  149  168  188  216  238  263  278  295
  305  321  330  337  333  331  324  327  334  363  393  442  486  535  578  612
  634  639  625  599  558  530  502  480  453  433  408  389  371  356  345  335
  331  324  326  314  309  290  281  261  257  238  240  229  236  229  222  214
  206  197  185  166  150  133  124  113   95                                   
    17.5-180.0 180.0   5.0 450.0                            LAT/LON1/LON2/DLON/H
   96  103   96   93   89  104  116  140  154  170  186  210  233  260  277  298
  312  332  343  353  355  355  352  356  367  397  432  483  526  573  612  640
  660  657  645  607  571  539  512  494  472  453  428  408  383  365  344  337
  333  338  342  342  339  329  319  301  291  270  267  253  251  243  236  226
  216  206  192  176  155  143  128  128   96                                   
    15.0-180.0 180.0   5.0 450.0                            LAT/LON1/LON2/DLON/H
   95  101   94   93   96  106  126  147  165  181  192  212  232  262  280  308
  326  351  366  381  386  390  391  400  410  440  471  515  554  591  623  647
  658  653  631  599  567  544  522  512  492  476  447  421  389  363  339  331
  328  335  337  337  333  325  314  299  285  269  258  251  245  240  235  227
  219  209  198  180  162  142  133  126   95                                   
    12.5-180.0 180.0   5.0 450.0                            LAT/LON1/LON2/DLON/H
   93  102   92   91   89  109  125  153  169  187  197  215  233  261  279  309
  331  359  376  392  403  412  419  432  443  473  500  539  564  594  614  629
  629  619  598  574  551  535  520  514  499  483  454  421  385  352  324  308
  302  303  306  310  313  310  302  292  277  267  255  249  240  234  230  224
  214  204  190  174  154  140  126  121   93                                   
    10.0-180.0 180.0   5.0 450.0                            LAT/LON1/LON2/DLON/H
   91   92   83   84   88  105  126  151  173  196  210  229  246  276  294  330
  350  383  395  413  420  433  447  460  477  503  528  552  571  586  595  600
  590  582  563  554  540  535  528  528  515  501  466  429  385  344  312  294
  284  283  285  290  292  292  285  279  267  258  246  241  232  227  221  214
  205  193  181  163  149  131  117  104   91                                   
     7.5-180.0 180.0   5.0 450.0                            LAT/LON1/LON2/DLON/H
   84   91   79   78   77   99  116  146  169  195  216  237  257  284  304  334
  361  393  408  428  434  448  461  480  496  526  542  561  566  575  572  569
