data/unet/pred0620.15i
     1.0            IONOSPHERE MAPS     GNSS                IONEX VERSION / TYPE
pyspatialgeodesy        IME             05-JAN-18 20:20     PGM / RUN BY / DATE 
Map Name                                                    COMMENT             
Predicted global ionosphere maps (GIM).                     DESCRIPTION         
  2015     3     3     0     0     0                        EPOCH OF FIRST MAP  
  2015     3     4     0     0     0                        EPOCH OF LAST MAP   
  7200                                                      INTERVAL            
    13                                                      # OF MAPS IN FILE   
  NONE                                                      MAPPING FUNCTION    
10.0                                                        ELEVATION CUTOFF    
One-way carrier phase leveled to code                       OBSERVABLES USED    
  6371.0                                                    BASE RADIUS         
 2                                                          MAP DIMENSION       
   450.0 450.0   0.0                                        HGT1 / HGT2 / DHGT  
    87.5 -87.5  -2.5                                        LAT1 / LAT2 / DLAT  
  -180.0 180.0   5.0                                        LON1 / LON2 / DLON  
    -1                                                      EXPONENT            
                                                            END OF HEADER       
[from data line 1716]
     5                                                      START OF TEC MAP    
  2015     3     3     8     0     0                        EPOCH OF CURRENT MAP
    87.5-180.0 180.0   5.0 450.0                            LAT/LON1/LON2/DLON/H
   79   93   99  100  100  100  102  103  107  107  110  110  113  113  114  114
  115  115  114  114  114  114  113  113  111  111  108  109  106  107  104  105
  102  103  100  100   98   98   95   96   94   95   94   94   94   94   93   93
   92   92   91   92   90   91   89   90   88   89   86   88   86   87   85   87
   87   89   89   91   94   94   94   87   79                                   
    85.0-180.0 180.0   5.0 450.0                            LAT/LON1/LON2/DLON/H
   82  102   97  103   99  104  104  111  111  115  114  118  117  120  117  119
  116  117  113  115  110  112  106  108  102  105   99  103   96  100   93   98
   91   96   89   96   88   95   87   95   87   96   89   98   91   99   93   99
   93   99   92   98   89   96   85   93   82   89   78   85   77   83   75   82
   77   84   79   85   84   87   85   83   82                                   
    82.5-180.0 180.0   5.0 450.0                            LAT/LON1/LON2/DLON/H
   84   97   95   99  102  101  109  110  117  116  121  121  124  122  123  121
  121  117  116  112  111  105  105  100   99   94   94   90   89   87   86   85
   84   84   85   85   88   87   90   91   94   96   99  101  104  106  107  108
  109  108  107  105  103   99   97   92   89   85   82   79   77   74   72   71
   71   71   71   72   73   73   76   77   84                                   
    80.0-180.0 180.0   5.0 450.0                            LAT/LON1/LON2/DLON/H
   82   91   92   95   98  101  107  111  115  117  119  122  122  122  119  119
  116  112  109  106  102   98   94   91   88   84   82   78   78   75   76   75
   78   77   83   83   91   91   98  100  107  109  116  118  125  125  130  131
  133  132  132  131  129  126  122  118  114  109  104   99   95   91   86   84
   80   79   75   73   73   69   71   75   82                                   
    77.5-180.0 180.0   5.0 450.0                            LAT/LON1/LON2/DLON/H
   79   92   91   92   96   97  104  105  110  110  114  113  115  112  111  107
  106  101   98   94   90   85   81   77   73   69   66   64   61   62   61   65
   66   72   76   84   88   97  101  110  115  125  131  140  143  150  154  158
  159  159  160  160  160  157  155  149  144  137  132  124  118  110  107  101
   98   92   91   84   83   76   78   73   79                                   
    75.0-180.0 180.0   5.0 450.0                            LAT/LON1/LON2/DLON/H
   83   91   89   93   93   96  100  102  103  105  106  107  105  104  100   98
   92   90   84   82   74   73   66   63   57   56   51   52   49   51   51   56
   58   66   72   83   91  103  111  123  130  142  153  163  172  179  187  193
  199  203  207  206  204  201  194  189  180  176  166  160  151  146  137  131
  122  116  108  102   96   87   86   82   83                                   
    72.5-180.0 180.0   5.0 450.0                            LAT/LON1/LON2/DLON/H
   86   94   87   88   91   91   96   94   97   95   97   94   94   90   88   83
   80   76   72   68   65   61   58   54   53   49   48   45   46   45   48   51
   57   63   72   81   94  106  118  130  141  155  166  178  188  199  210  220
  233  239  244  243  241  236  231  223  217  207  202  193  188  178  171  161
  154  142  134  121  112  101  100   90   86                                   
    70.0-180.0 180.0   5.0 450.0                            LAT/LON1/LON2/DLON/H
   90   92   86   87   88   90   94   92   93   91   90   88   85   82   78   75
   72   69   67   65   62   60   58   57   55   53   50   49   48   48   49   53
   59   64   73   83   98  111  123  137  150  164  177  188  202  212  229  244
  259  267  275  276  275  269  262  254  247  240  231  225  217  210  200  193
  182  171  157  141  128  110  108   95   90                                   
    67.5-180.0 180.0   5.0 450.0                            LAT/LON1/LON2/DLON/H
   93   93   84   82   85   85   93   90   92   88   88   84   81   77   73   69
   67   65   65   66   65   66   66   65   65   61   61   56   57   53   56   57
   64   68   79   88  103  115  130  142  158  169  186  198  214  227  245  259
  275  284  293  296  295  289  282  275  267  259  251  242  236  227  219  208
  200  187  174  154  139  118  113   98   93                                   
    65.0-180.0 180.0   5.0 450.0                            LAT/LON1/LON2/DLON/H
   93   88   76   75   77   83   88   89   89   88   85   83   80   76   74   70
   70   68   70   72   74   76   78   78   77   74   71   68   64   63   61   64
   68   72   83   92  109  119  135  148  163  175  192  206  225  238  253  264
  279  290  300  306  305  302  295  290  282  276  264  257  246  238  226  218
  206  196  180  162  144  121  114  101   93                                   
    62.5-180.0 180.0   5.0 450.0                            LAT/LON1/LON2/DLON/H
   95   88   73   69   71   75   82   83   86   85   85   82   80   79   76   75
   74   73   75   75   81   82   87   85   87   82   81   74   73   67   69   66
   73   75   86   95  112  121  139  149  169  179  200  214  235  250  262  274
  284  298  304  311  308  307  297  294  285  280  270  261  253  241  232  220
  211  195  183  161  146  121  114  101   95                                   
    60.0-180.0 180.0   5.0 450.0                            LAT/LON1/LON2/DLON/H
   98   84   68   64   64   71   75   77   80   81   79   81   79   80   78   78
   77   76   78   80   85   89   92   92   91   88   84   81   75   73   69   71
   74   80   89  104  118  131  145  161  174  192  208  231  249  264  270  281
  289  302  305  316  312  313  302  303  293  293  279  277  263  255  239  232
  215  202  184  165  148  125  119  105   98                                   
    57.5-180.0 180.0   5.0 450.0                            LAT/LON1/LON2/DLON/H
  110   93   75   68   66   67   70   71   72   73   74   75   78   79   79   78
   77   76   78   77   82   81   88   86   89   83   83   75   75   68   68   67
   73   78   92  104  122  133  151  164  184  200  223  246  267  281  289  298
  304  313  316  323  321  320  311  311  305  304  297  292  284  274  261  247
  234  212  197  172  159  135  129  113  110                                   
    55.0-180.0 180.0   5.0 450.0                            LAT/LON1/LON2/DLON/H
  129  103   86   79   71   69   69   65   65   64   66   69   72   76   76   78
   75   75   74   75   76   78   80   82   81   79   73   72   64   65   61   67
   71   84   96  114  131  147  161  179  193  218  238  266  281  299  303  313
  318  326  331  337  337  336  329  332  328  331  325  322  313  304  286  273
  253  235  214  192  176  155  145  131  129                                   
    52.5-180.0 180.0   5.0 450.0                            LAT/LON1/LON2/DLON/H
  155  131  114  103   92   81   74   65   62   60   60   63   67   71   74   75
   74   71   71   68   70   68   71   70   70   68   64   62   57   57   57   63
   72   85  102  117  137  151  169  183  206  225  255  276  302  317  330  335
  341  348  353  357  360  355  353  352  352  351  349  346  341  330  315  299
  278  255  237  212  201  182  174  153  155                                   
    50.0-180.0 180.0   5.0 450.0                            LAT/LON1/LON2/DLON/H
  181  156  138  128  112  100   85   71   63   58   57   59   65   68   72   74
   71   69   65   65   63   64   62   65   61   63   56   56   50   52   53   63
   74   93  109  130  146  165  176  196  213  239  261  289  310  330  340  351
  355  365  371  378  381  377  378  376  378  379  376  372  366  352  336  317
  299  277  257  236  225  208  199  179  181                                   
    47.5-180.0 180.0   5.0 450.0                            LAT/LON1/LON2/DLON/H
  202  185  167  155  140  122  105   86   75   66   63   61   66   67   71   72
   70   69   66   63   62   60   59   57   55   54   50   49   46   48   51   62
   76   96  117  136  156  171  187  201  225  245  273  295  324  343  359  368
  377  383  392  395  401  395  396  392  392  390  389  384  376  362  345  326
  309  286  268  247  238  224  218  193  202                                   
    45.0-180.0 180.0   5.0 450.0                            LAT/LON1/LON2/DLON/H
  207  194  179  173  157  140  123  102   89   74   71   69   71   72   73   73
   71   71   67   66   62   62   58   60   55   56   51   50   46   47   52   63
   78  102  122  146  162  183  191  213  229  257  277  305  329  351  366  376
  384  395  400  406  406  402  400  396  392  391  384  379  370  356  341  322
  306  284  264  247  237  227  218  193  207                                   
    42.5-180.0 180.0   5.0 450.0                            LAT/LON1/LON2/DLON/H
  203  193  186  184  173  158  143  124  108   92   86   81   83   80   81   78
   77   78   75   75   70   69   64   64   59   60   54   54   49   51   55   67
   81  102  128  144  170  181  204  217  244  265  292  317  341  360  374  383
  394  402  411  413  415  407  400  391  384  375  369  359  351  337  324  308
  295  270  251  232  226  214  209  183  203                                   
    40.0-180.0 180.0   5.0 450.0                            LAT/LON1/LON2/DLON/H
  180  181  172  176  169  162  150  135  124  106   99   92   93   90   89   86
   84   85   83   83   79   78   72   73   68   67   64   59   55   53   58   65
   83  105  129  153  173  197  212  239  260  287  309  335  357  372  386  397
  404  417  420  426  422  413  400  390  378  370  359  348  337  323  308  296
  280  258  238  220  210  197  190  162  180                                   
    37.5-180.0 180.0   5.0 450.0                            LAT/LON1/LON2/DLON/H
  159  157  156  160  159  155  150  140  132  120  112  106  104  101  100   95
   95   95   95   96   92   88   83   83   79   79   72   70   62   61   61   69
   83  101  128  150  180  202  230  259  284  312  332  358  377  393  403  413
  422  430  438  439  441  426  416  398  392  375  365  349  336  320  306  293
  278  255  234  210  199  179  173  143  159                                   
    35.0-180.0 180.0   5.0 450.0                            LAT/LON1/LON2/DLON/H
  134  140  126  132  132  135  136  131  130  121  117  112  112  109  108  105
  104  105  105  105  102   98   93   92   90   86   84   76   72   65   67   71
   90  103  133  157  188  223  248  289  311  341  356  381  399  416  427  440
  447  458  464  471  473  461  447  436  422  411  392  378  359  345  327  318
  295  280  250  230  204  183  167  132  134                                   
    32.5-180.0 180.0   5.0 450.0                            LAT/LON1/LON2/DLON/H
  130  123  109  107  109  113  117  119  121  119  115  112  114  113  113  112
  114  114  119  117  114  109  104  102  100   97   93   89   80   74   72   79
   91  112  137  166  202  236  273  314  338  374  388  417  429  450  456  472
  482  496  514  521  532  520  517  497  488  470  457  439  422  403  385  370
  348  328  297  272  238  204  182  143  130                                   
    30.0-180.0 180.0   5.0 450.0                            LAT/LON1/LON2/DLON/H
  140  120  106   99   94   97   98  102  107  107  106  108  110  112  115  117
  120  124  127  126  120  117  111  111  109  107  101   95   88   81   81   88
  103  122  150  182  216  259  291  340  366  405  422  448  460  484  491  513
  525  553  577  595  613  611  606  596  587  576  567  550  533  514  493  476
  445  428  384  362  307  273  220  182  140                                   
    27.5-180.0 180.0   5.0 450.0                            LAT/LON1/LON2/DLON/H
  178  145  120  102   94   94   95   94  104  102  104  102  109  110  114  118
  124  129  134  131  127  123  120  120  119  114  109  102   95   91   91  100
  115  139  170  200  236  277  321  363  395  434  453  479  492  514  530  556
  579  613  649  674  689  698  700  693  683  670  659  646  629  614  594  581
  557  543  511  469  419  371  319  262  178                                   
    25.0-180.0 180.0   5.0 450.0                            LAT/LON1/LON2/DLON/H
  247  213  178  138  118  101   93   92   93   99   99  103  105  109  113  119
  124  131  134  132  129  125  125  128  124  121  114  107  102  100  101  114
  130  162  198  225  262  301  346  386  422  458  481  505  522  550  572  601
  635  674  708  737  764  783  790  789  787  778  772  760  754  737  718  700
  676  652  620  588  551  506  432  379  247                                   
    22.5-180.0 180.0   5.0 450.0                            LAT/LON1/LON2/DLON/H
  379  342  281  224  186  153  125  107  103  100  101  101  108  113  118  120
  124  129  132  131  131  129  133  135  133  128  122  117  111  106  109  128
  154  195  226  258  289  331  372  411  442  477  502  533  558  588  613  647
  682  727  760  794  825  851  864  866  866  860  860  856  856  844  827  807
  787  768  737  702  662  624  570  504  379                                   
    20.0-180.0 180.0   5.0 450.0                            LAT/LON1/LON2/DLON/H
  490  463  388  333  293  231  186  152  136  126  118  114  111  116  118  122
  122  124  128  125  125  127  131  137  134  129  123  120  112  110  110  136
  168  212  260  285  328  363  403  435  468  497  531  560  594  617  653  680
  727  756  797  826  863  888  903  906  903  902  909  915  915  906  890  868
  851  831  812  781  749  708  654  606  490                                   
    17.5-180.0 180.0   5.0 450.0                            LAT/LON1/LON2/DLON/H
  585  581  526  456  391  341  280  234  204  185  166  150  141  134  132  128
  126  126  127  127  126  128  133  138  136  133  128  125  117  115  123  147
  187  239  279  316  350  393  428  462  489  524  558  593  622  651  682  714
  755  785  819  848  880  896  908  907  903  905  910  921  928  922  910  892
  878  865  850  819  803  769  717  668  585                                   
    15.0-180.0 180.0   5.0 450.0                            LAT/LON1/LON2/DLON/H
  636  641  596  566  493  429  363  314  275  248  224  202  177  163  144  143
  135  131  132  127  128  129  133  137  137  136  132  125  119  114  127  154
  197  250  291  332  371  410  447  478  509  542  588  620  655  682  715  739
  774  798  825  849  864  876  876  875  868  872  880  898  902  902  890  879
  868  857  850  822  809  787  748  702  636                                   
    12.5-180.0 180.0   5.0 450.0                            LAT/LON1/LON2/DLON/H
  660  664  635  617  580  513  445  404  364  333  291  259  234  204  179  160
  147  139  138  132  132  135  137  135  131  131  133  140  131  131  142  170
  210  262  299  342  378  422  457  489  523  561  609  643  679  707  735  765
  788  803  821  831  839  838  833  831  825  829  834  848  860  857  850  841
  836  833  827  802  794  775  744  707  660                                   
    10.0-180.0 180.0   5.0 450.0                            LAT/LON1/LON2/DLON/H
  664  674  647  648  601  571  487  450  420  392  347  311  279  244  213  192
  168  165  154  149  143  135  132  126  127  129  140  138  135  131  138  169
  204  255  296  337  380  418  456  485  522  561  612  651  689  716  751  771
  789  798  803  807  798  801  790  796  787  791  791  807  817  819  809  806
  798  800  791  775  759  756  719  691  664                                   
     7.5-180.0 180.0   5.0 450.0                            LAT/LON1/LON2/DLON/H
  650  656  642  638  622  588  528  485  462  439  408  367  324  282  255  222
  191  169  153  150  140  136  130  131  132  140  144  155  145  144  150  177
