data/unet/pred1460.15i
     1.0            IONOSPHERE MAPS     GNSS                IONEX VERSION / TYPE
pyspatialgeodesy        IME             05-JAN-18 20:20     PGM / RUN BY / DATE 
Map Name                                                    COMMENT             
Predicted global ionosphere maps (GIM).                     DESCRIPTION         
  2015     5    26     0     0     0                        EPOCH OF FIRST MAP  
  2015     5    27     0     0     0                        EPOCH OF LAST MAP   
  7200                                                      INTERVAL            
    13                                                      # OF MAPS IN FILE   
  NONE                                                      MAPPING FUNCTION    
10.0                                                        ELEVATION CUTOFF    
One-way carrier phase leveled to code                       OBSERVABLES USED    
  6371.0                                                    BASE RADIUS         
 2                                                          MAP DIMENSION       
   450.0 450.0   0.0                                        HGT1 / HGT2 / DHGT  
    87.5 -87.5  -2.5                                        LAT1 / LAT2 / DLAT  
  -180.0 180.0   5.0                                        LON1 / LON2 / DLON  
    -1                                                      EXPONENT            
                                                            END OF HEADER       
[from data line 2574]
     7                                                      START OF TEC MAP    
  2015     5    26    12     0     0                        EPOCH OF CURRENT MAP
    87.5-180.0 180.0   5.0 450.0                            LAT/LON1/LON2/DLON/H
  160  171  171  169  170  167  170  168  171  169  172  170  173  171  174  172
  175  173  175  173  175  173  175  172  174  170  173  169  172  168  170  166
  169  165  168  163  167  162  165  160  164  160  163  159  162  160  163  161
  164  162  164  163  165  163  165  163  166  164  166  164  166  164  166  164
  167  164  167  164  166  166  174  148  160                                   
    85.0-180.0 180.0   5.0 450.0                            LAT/LON1/LON2/DLON/H
  159  164  164  164  163  163  166  166  167  167  168  168  169  170  170  172
  172  174  173  175  174  176  174  175  175  175  174  174  175  174  174  173
  174  172  173  171  171  169  168  166  166  164  163  162  162  162  161  162
  161  163  160  162  160  162  160  160  159  160  159  159  159  159  159  158
  159  159  159  159  158  160  169  162  159                                   
    82.5-180.0 180.0   5.0 450.0                            LAT/LON1/LON2/DLON/H
  154  159  161  157  161  158  164  161  167  162  167  164  168  165  169  167
  172  170  173  171  175  172  175  173  176  174  175  174  176  175  176  175
  175  174  174  172  173  170  169  167  167  164  164  162  163  161  162  160
  161  159  160  157  159  155  158  153  157  152  156  150  155  149  154  148
  154  149  154  149  154  151  158  155  154                                   
    80.0-180.0 180.0   5.0 450.0                            LAT/LON1/LON2/DLON/H
  150  157  154  159  158  162  162  165  164  165  165  166  165  166  165  168
  167  170  168  171  169  173  170  173  171  173  170  174  171  174  172  173
  171  172  171  171  169  169  167  167  165  165  162  164  162  164  161  164
  162  165  161  164  162  164  160  163  160  161  158  159  156  157  154  154
  152  154  151  152  150  151  148  149  150                                   
    77.5-180.0 180.0   5.0 450.0                            LAT/LON1/LON2/DLON/H
  148  154  154  156  158  161  163  163  164  164  163  163  162  162  161  163
  162  164  163  166  165  168  167  169  169  170  170  171  170  172  172  173
  171  173  172  173  171  171  170  170  167  167  165  167  166  168  167  169
  168  170  169  171  170  172  171  171  170  170  168  167  165  164  161  159
  157  156  154  151  150  149  147  148  148                                   
    75.0-180.0 180.0   5.0 450.0                            LAT/LON1/LON2/DLON/H
  145  152  150  157  157  161  160  162  161  161  161  160  159  158  157  158
  158  159  160  162  162  165  165  167  166  169  168  170  168  171  170  172
  170  173  172  174  172  174  173  174  172  174  172  173  172  174  173  175
  175  177  177  179  179  181  180  181  179  180  178  177  173  173  168  167
  161  162  157  155  150  151  146  146  145                                   
    72.5-180.0 180.0   5.0 450.0                            LAT/LON1/LON2/DLON/H
  144  147  148  151  152  154  156  156  156  155  155  153  152  150  150  150
  150  153  153  157  157  161  161  164  163  165  164  165  165  166  167  169
  170  172  174  175  176  176  178  177  178  177  178  177  178  179  180  181
  182  183  184  185  185  187  187  187  187  186  187  184  183  179  177  172
  168  165  161  155  152  150  149  146  144                                   
    70.0-180.0 180.0   5.0 450.0                            LAT/LON1/LON2/DLON/H
  142  144  142  147  145  149  148  150  148  150  148  148  146  145  144  146
  146  149  151  154  156  159  161  163  162  164  162  165  163  167  166  170
  169  173  174  176  176  177  178  179  178  179  179  178  179  180  181  182
  182  184  184  185  185  187  188  188  189  189  190  188  188  186  184  181
  176  174  168  162  156  155  149  146  142                                   
    67.5-180.0 180.0   5.0 450.0                            LAT/LON1/LON2/DLON/H
  142  141  139  138  136  138  137  138  138  139  138  139  137  137  136  138
  139  142  144  149  151  155  156  158  158  159  158  160  160  163  165  167
  170  172  176  176  179  179  182  180  182  179  181  179  181  181  182  182
  183  183  183  183  183  184  186  186  188  188  191  190  193  190  191  186
  185  180  176  167  163  158  154  148  142                                   
    65.0-180.0 180.0   5.0 450.0                            LAT/LON1/LON2/DLON/H
  143  139  133  133  127  128  125  128  126  130  129  133  132  134  134  137
  137  142  144  149  151  155  156  159  158  160  159  163  162  168  168  173
  173  178  178  181  180  182  182  181  180  180  180  180  179  181  181  181
  179  179  178  177  177  178  180  181  183  184  188  189  192  193  194  193
  191  188  183  175  169  164  157  149  143                                   
    62.5-180.0 180.0   5.0 450.0                            LAT/LON1/LON2/DLON/H
  146  137  130  123  116  113  109  110  110  115  116  122  122  127  126  130
  131  136  137  142  144  148  150  152  153  155  157  160  163  167  171  174
  177  179  182  182  185  183  186  182  183  181  183  182  184  183  183  183
  180  178  176  175  174  175  176  178  181  183  188  189  194  194  198  196
  197  192  190  181  177  170  164  153  146                                   
    60.0-180.0 180.0   5.0 450.0                            LAT/LON1/LON2/DLON/H
  148  138  125  119  108  103   97   97   97  103  106  115  117  122  123  129
  129  135  136  142  143  148  148  152  153  156  158  164  167  174  175  182
  182  187  187  189  190  188  189  186  185  184  186  187  187  187  186  184
  181  178  175  174  174  175  176  177  180  182  186  189  193  196  198  200
  198  197  194  186  182  175  167  153  148                                   
    57.5-180.0 180.0   5.0 450.0                            LAT/LON1/LON2/DLON/H
  153  139  126  114  103   95   90   87   86   91   94  104  106  115  115  122
  124  129  130  135  136  140  141  145  148  152  156  161  169  174  180  183
  187  189  192  191  195  192  193  190  190  191  194  195  196  195  193  191
  189  186  183  182  181  181  183  183  186  187  191  192  197  198  200  200
  200  198  195  188  186  178  172  156  153                                   
    55.0-180.0 180.0   5.0 450.0                            LAT/LON1/LON2/DLON/H
  156  143  127  115  102   94   86   82   80   83   86   94   99  107  111  118
  121  128  130  136  136  141  140  146  147  153  156  167  171  181  184  191
  192  197  198  201  202  202  201  199  199  201  203  205  205  203  200  198
  194  193  189  188  186  187  187  188  190  192  194  197  199  201  200  202
  198  199  195  189  186  181  171  155  156                                   
    52.5-180.0 180.0   5.0 450.0                            LAT/LON1/LON2/DLON/H
  161  146  133  119  106   96   90   84   80   81   81   88   91  100  104  113
  118  126  129  134  136  139  139  143  145  151  156  165  173  182  189  193
  197  199  205  206  210  209  210  209  209  212  213  217  215  215  212  209
  208  204  202  200  198  199  198  199  199  201  202  203  204  203  201  200
  196  195  190  185  183  177  172  157  161                                   
    50.0-180.0 180.0   5.0 450.0                            LAT/LON1/LON2/DLON/H
  162  151  137  129  116  106   98   91   84   82   80   82   86   93  101  111
  119  128  131  140  139  145  143  148  149  155  159  169  176  186  192  198
  202  207  213  217  221  222  222  222  220  224  224  228  227  227  223  221
  217  215  210  210  206  207  205  206  206  207  208  208  207  207  202  201
  195  194  187  183  179  176  168  154  162                                   
    47.5-180.0 180.0   5.0 450.0                            LAT/LON1/LON2/DLON/H
  165  152  145  136  126  115  108  100   93   88   83   83   84   92   98  110
  119  131  136  144  145  149  147  151  151  157  160  169  177  186  193  198
  204  209  221  227  236  237  236  237  235  237  237  240  239  239  235  232
  230  227  224  222  218  218  215  216  214  216  216  215  213  210  205  202
  196  192  186  180  176  171  168  155  165                                   
    45.0-180.0 180.0   5.0 450.0                            LAT/LON1/LON2/DLON/H
  163  154  145  144  135  129  120  113  103   97   88   86   84   90   98  112
  122  137  142  154  154  160  156  163  161  166  166  174  179  187  193  198
  205  214  227  240  249  254  253  254  251  253  253  254  253  251  247  244
  237  236  228  228  221  222  217  218  215  217  218  217  215  214  209  206
  197  194  184  177  170  169  163  152  163                                   
    42.5-180.0 180.0   5.0 450.0                            LAT/LON1/LON2/DLON/H
  161  151  148  144  140  134  129  121  112  105   95   92   88   93   98  113
  124  140  149  160  162  168  165  170  169  173  173  180  182  190  195  202
  209  221  239  258  268  277  276  277  274  277  274  276  273  272  265  261
  254  250  241  237  231  229  223  222  219  221  222  223  221  219  214  211
  204  198  188  180  172  168  164  153  161                                   
    40.0-180.0 180.0   5.0 450.0                            LAT/LON1/LON2/DLON/H
  158  150  141  144  140  139  134  130  120  114  104   99   94   96  101  116
  128  146  157  171  172  180  177  182  181  184  183  186  188  190  198  202
  214  227  250  275  288  303  301  306  300  304  299  301  296  295  288  286
  276  272  256  251  239  236  229  227  223  225  226  227  226  225  220  217
  209  205  194  185  174  172  167  157  158                                   
    37.5-180.0 180.0   5.0 450.0                            LAT/LON1/LON2/DLON/H
  160  148  144  139  137  134  133  131  125  120  111  105  100  102  103  118
  128  147  159  174  178  186  184  190  189  192  192  195  196  200  206  214
  225  245  269  295  310  327  330  335  330  333  329  331  325  325  317  316
  306  299  284  273  259  251  243  239  235  237  237  240  240  239  235  232
  227  221  213  200  190  183  177  162  160                                   
    35.0-180.0 180.0   5.0 450.0                            LAT/LON1/LON2/DLON/H
  163  151  138  135  132  131  128  130  125  123  116  111  105  105  104  118
  128  147  160  177  182  191  192  198  199  200  202  202  207  207  217  224
  240  259  287  315  327  350  350  360  355  360  355  358  352  352  345  344
  333  326  311  299  283  274  264  256  250  248  246  248  247  246  243  241
  236  233  223  214  200  196  189  171  163                                   
    32.5-180.0 180.0   5.0 450.0                            LAT/LON1/LON2/DLON/H
  174  159  146  137  131  127  126  126  124  125  119  116  109  106  102  115
  123  143  156  174  182  193  195  202  202  207  207  213  217  223  233  241
  259  279  304  329  348  366  374  382  381  385  383  386  382  381  375  374
  363  359  343  335  321  312  299  289  280  277  271  270  267  266  261  259
  254  250  239  229  218  211  206  179  174                                   
    30.0-180.0 180.0   5.0 450.0                            LAT/LON1/LON2/DLON/H
  182  172  155  143  133  128  126  124  123  125  122  117  111  106  102  111
  119  139  154  172  183  193  197  205  208  211  218  221  230  234  247  256
  273  295  315  346  358  381  383  397  394  401  398  404  401  403  397  399
  391  390  380  375  364  354  341  329  316  306  294  288  282  277  273  269
  266  261  252  241  229  226  221  192  182                                   
    27.5-180.0 180.0   5.0 450.0                            LAT/LON1/LON2/DLON/H
  199  190  171  158  146  138  133  127  126  127  125  122  114  107  103  108
  114  135  150  171  182  194  196  205  206  214  218  227  236  244  257  268
  289  311  338  358  376  391  401  409  411  416  417  424  426  431  429  433
  427  431  422  422  413  408  396  382  366  346  328  312  298  290  282  280
  274  270  260  253  241  239  235  205  199                                   
    25.0-180.0 180.0   5.0 450.0                            LAT/LON1/LON2/DLON/H
  205  199  188  171  159  149  144  137  135  137  134  130  121  110  106  106
  110  129  146  168  181  192  196  203  207  215  222  232  243  253  269  282
  300  327  344  371  378  398  401  413  414  423  424  435  439  449  450  459
  455  464  455  460  452  449  439  424  402  379  352  329  308  294  284  276
  274  264  259  249  242  242  245  221  205                                   
    22.5-180.0 180.0   5.0 450.0                            LAT/LON1/LON2/DLON/H
  209  212  199  184  173  164  157  147  145  143  144  140  129  117  109  107
  110  126  143  167  179  189  190  197  202  211  221  233  247  260  278  294
  318  336  360  375  388  399  410  416  424  430  437  450  457  469  473  485
  483  490  485  492  485  488  474  460  435  406  373  342  321  299  288  277
  272  261  251  241  235  244  249  229  209                                   
    20.0-180.0 180.0   5.0 450.0                            LAT/LON1/LON2/DLON/H
  221  219  210  197  180  175  164  163  160  157  151  147  141  127  116  109
  112  120  141  162  178  185  188  195  202  215  226  242  258  273  292  308
  327  348  361  377  382  395  399  412  419  431  438  456  464  479  480  494
  493  504  497  503  501  503  491  476  451  421  384  349  322  297  285  272
  266  253  245  232  232  239  247  234  221                                   
    17.5-180.0 180.0   5.0 450.0                            LAT/LON1/LON2/DLON/H
  225  227  222  205  193  180  173  163  166  162  156  149  142  132  123  114
  113  121  135  157  169  176  181  189  200  217  232  251  270  288  308  321
  338  352  367  376  386  393  403  414  424  437  445  463  469  484  484  496
  494  500  497  505  501  508  494  483  455  425  387  350  324  298  287  272
  268  254  246  231  228  238  245  231  225                                   
    15.0-180.0 180.0   5.0 450.0                            LAT/LON1/LON2/DLON/H
  239  228  225  213  201  194  179  173  167  165  161  156  144  135  126  119
  120  122  135  150  161  170  174  190  205  225  242  259  282  299  317  330
  345  358  366  380  386  400  404  421  426  442  449  466  472  484  482  492
  489  497  492  494  492  491  483  473  450  422  386  352  322  296  280  266
  261  251  245  231  226  230  235  228  239                                   
    12.5-180.0 180.0   5.0 450.0                            LAT/LON1/LON2/DLON/H
  238  230  227  212  206  194  187  173  170  163  161  152  142  133  122  118
  117  123  133  146  155  160  171  188  208  232  250  272  293  309  327  340
  357  365  380  388  402  412  421  433  440  453  455  470  470  481  476  486
  481  489  481  483  476  478  467  463  443  421  387  356  326  300  282  268
  264  254  249  234  230  229  234  223  238                                   
    10.0-180.0 180.0   5.0 450.0                            LAT/LON1/LON2/DLON/H
  235  218  217  204  198  187  183  173  171  165  163  155  143  134  120  118
  115  121  131  144  149  160  170  194  214  237  259  275  297  313  333  345
  364  376  387  400  412  428  433  448  449  459  458  469  468  474  468  476
  472  477  468  468  463  462  454  450  434  416  383  355  322  295  272  258
  251  243  240  229  223  220  222  217  235                                   
     7.5-180.0 180.0   5.0 450.0                            LAT/LON1/LON2/DLON/H
  220  211  210  199  194  182  180  170  168  160  154  148  138  129  117  113
  107  113  121  136  144  154  171  194  218  243  261  278  299  320  338  352
