data/unet/pred0130.15i
     1.0            IONOSPHERE MAPS     GNSS                IONEX VERSION / TYPE
pyspatialgeodesy        IME             05-JAN-18 20:20     PGM / RUN BY / DATE 
Map Name                                                    COMMENT             
Predicted global ionosphere maps (GIM).                     DESCRIPTION         
  2015     1    13     0     0     0                        EPOCH OF FIRST MAP  
  2015     1    14     0     0     0                        EPOCH OF LAST MAP   
  7200                                                      INTERVAL            
    13                                                      # OF MAPS IN FILE   
  NONE                                                      MAPPING FUNCTION    
10.0                                                        ELEVATION CUTOFF    
One-way carrier phase leveled to code                       OBSERVABLES USED    
  6371.0                                                    BASE RADIUS         
 2                                                          MAP DIMENSION       
   450.0 450.0   0.0                                        HGT1 / HGT2 / DHGT  
    87.5 -87.5  -2.5                                        LAT1 / LAT2 / DLAT  
  -180.0 180.0   5.0                                        LON1 / LON2 / DLON  
    -1                                                      EXPONENT            
                                                            END OF HEADER       
[from data line 4290]
    11                                                      START OF TEC MAP    
  2015     1    13    20     0     0                        EPOCH OF CURRENT MAP
    87.5-180.0 180.0   5.0 450.0                            LAT/LON1/LON2/DLON/H
  155  130  114  120  118  120  121  124  125  128  129  132  133  135  135  137
  136  138  137  139  137  138  136  137  134  134  131  131  127  127  124  124
  121  122  119  119  116  117  115  116  113  114  113  114  113  113  113  114
  113  114  114  115  115  116  115  116  115  116  115  116  114  115  113  114
  113  114  113  113  113  114  109  132  155                                   
    85.0-180.0 180.0   5.0 450.0                            LAT/LON1/LON2/DLON/H
  106  101  101  107  109  111  114  116  120  123  126  130  132  135  136  138
  139  139  139  138  138  136  135  132  131  128  127  123  121  117  117  113
  113  109  110  107  106  105  105  104  104  103  104  103  104  104  104  104
  104  105  105  106  106  107  106  106  106  106  105  104  103  102  101  100
   99   99   98   97   99   96   95  105  106                                   
    82.5-180.0 180.0   5.0 450.0                            LAT/LON1/LON2/DLON/H
   91   88   88   94   96  101  104  111  115  123  128  135  138  144  146  151
  150  153  150  151  147  146  140  138  132  129  123  121  115  115  109  109
  104  105  101  102   98   99   96   97   96   97   96   98   97   99   99  102
  101  105  104  108  106  110  108  111  107  111  106  109  102  104   97   99
   91   93   87   89   85   84   76   83   91                                   
    80.0-180.0 180.0   5.0 450.0                            LAT/LON1/LON2/DLON/H
   81   72   73   76   80   86   94  101  111  119  131  137  146  151  158  158
  163  160  161  155  153  145  141  132  127  119  116  110  108  102  102   98
   97   94   94   91   91   89   88   87   87   86   88   88   90   90   93   93
   97   98  102  102  106  106  109  107  109  106  106  103  102   97   95   89
   86   80   78   72   72   66   60   67   81                                   
    77.5-180.0 180.0   5.0 450.0                            LAT/LON1/LON2/DLON/H
   62   58   57   60   66   70   81   90  103  114  128  138  148  155  163  165
  168  164  162  155  148  138  130  119  112  101   99   91   91   84   87   83
   85   81   83   79   80   76   77   73   74   73   75   75   77   79   82   84
   87   91   94   97  100  101  104  105  105  104  103  100   97   92   89   83
   78   73   69   64   59   54   48   52   62                                   
    75.0-180.0 180.0   5.0 450.0                            LAT/LON1/LON2/DLON/H
   57   52   53   56   62   70   82   92  108  120  138  149  164  171  181  182
  184  178  174  162  152  137  125  109   99   89   84   79   78   75   78   77
   79   78   80   77   77   74   73   71   70   70   72   72   74   76   79   81
   86   88   93   95   99   99  103  101  103  100  100   96   95   89   87   81
   78   72   69   63   59   52   49   54   57                                   
    72.5-180.0 180.0   5.0 450.0                            LAT/LON1/LON2/DLON/H
   61   58   57   59   64   71   83   95  111  127  147  163  178  190  198  202
  201  196  185  172  156  138  119  101   89   78   73   69   68   67   69   71
   74   76   78   77   75   73   71   68   67   67   67   68   69   71   73   75
   78   82   85   88   91   93   95   96   95   95   92   91   87   85   82   79
   75   71   68   64   59   55   51   55   61                                   
    70.0-180.0 180.0   5.0 450.0                            LAT/LON1/LON2/DLON/H
   70   64   66   69   75   82   95  106  127  144  168  185  204  219  228  233
  231  224  213  195  176  153  131  107   91   78   70   65   62   62   63   67
   68   71   73   73   71   69   67   65   65   65   67   68   68   70   71   72
   75   76   79   79   83   83   87   84   87   83   85   80   81   76   77   72
   73   69   70   65   64   58   58   63   70                                   
    67.5-180.0 180.0   5.0 450.0                            LAT/LON1/LON2/DLON/H
   78   77   77   81   86   92  104  118  141  160  185  205  224  243  252  262
  254  249  233  216  195  171  149  122  104   85   74   66   61   61   60   65
   65   68   67   69   64   64   59   61   58   61   61   63   63   63   64   63
   64   64   67   67   69   69   71   70   71   70   69   67   66   65   63   64
   63   65   65   64   63   61   61   66   78                                   
    65.0-180.0 180.0   5.0 450.0                            LAT/LON1/LON2/DLON/H
   87   84   91   96  103  110  128  142  166  186  212  234  256  274  285  292
  289  280  266  249  228  206  182  152  129  105   89   75   66   62   57   58
   56   58   56   56   53   51   49   50   51   53   56   57   59   59   57   57
   55   55   55   56   56   57   58   57   59   57   57   55   56   54   56   55
   58   59   63   61   64   60   67   74   87                                   
    62.5-180.0 180.0   5.0 450.0                            LAT/LON1/LON2/DLON/H
   87   89   99  107  119  127  145  160  182  204  234  258  281  301  312  324
  318  310  294  278  261  239  216  186  163  137  115   98   83   74   66   61
   55   53   49   47   42   41   38   41   41   45   46   48   48   48   46   44
   43   42   41   41   43   42   44   43   45   45   45   45   43   45   44   46
   47   51   53   55   57   57   64   72   87                                   
    60.0-180.0 180.0   5.0 450.0                            LAT/LON1/LON2/DLON/H
   91   92  110  121  135  148  167  183  206  230  257  281  305  322  337  346
  349  340  323  311  295  281  261  234  206  177  153  125  108   89   77   64
   57   48   45   40   38   32   34   34   38   41   43   45   44   43   39   38
   35   35   33   34   34   35   37   37   39   38   39   38   38   38   39   40
   43   45   49   48   53   53   64   73   91                                   
    57.5-180.0 180.0   5.0 450.0                            LAT/LON1/LON2/DLON/H
   86   92  111  127  146  160  181  201  226  251  275  299  320  340  350  364
  368  366  351  340  327  315  298  274  246  215  186  159  133  113   93   79
   65   54   47   40   35   32   32   32   35   38   40   40   40   37   35   32
   30   29   29   29   29   31   32   33   36   35   36   35   35   36   36   38
   39   41   43   44   47   49   60   69   86                                   
    55.0-180.0 180.0   5.0 450.0                            LAT/LON1/LON2/DLON/H
   93   97  122  144  164  186  209  229  253  274  296  315  335  348  362  371
  380  378  371  363  353  345  327  308  283  255  222  191  166  137  119   96
   81   65   56   47   42   39   39   41   44   48   50   50   48   45   39   37
   34   33   33   34   35   37   38   40   41   41   40   41   40   41   41   42
   44   44   47   46   50   51   63   71   93                                   
    52.5-180.0 180.0   5.0 450.0                            LAT/LON1/LON2/DLON/H
   96  108  132  158  185  207  233  256  277  297  312  329  339  358  362  377
  382  386  378  378  367  362  345  330  306  284  251  222  192  166  139  116
   95   78   65   57   51   49   49   52   54   57   59   59   56   52   48   44
   42   42   42   45   45   47   46   47   48   47   47   45   44   45   45   47
   48   49   52   52   54   56   67   77   96                                   
    50.0-180.0 180.0   5.0 450.0                            LAT/LON1/LON2/DLON/H
  114  125  155  185  211  241  265  288  308  324  335  344  351  361  366  376
  381  382  380  380  377  369  354  341  320  302  277  249  221  189  162  133
  112   92   80   71   68   66   69   70   74   75   77   75   74   68   63   60
   58   58   59   60   60   61   60   60   59   59   56   55   52   53   54   55
   58   59   63   62   67   68   81   92  114                                   
    47.5-180.0 180.0   5.0 450.0                            LAT/LON1/LON2/DLON/H
  131  148  177  206  238  265  292  317  334  350  351  362  356  370  365  379
  376  380  374  377  372  370  358  349  330  316  292  269  234  206  173  144
  120  101   89   81   81   80   84   84   87   87   88   89   86   82   77   75
   72   72   73   74   74   75   72   71   68   66   62   59   57   58   58   61
   63   65   70   72   76   80   94  107  131                                   
    45.0-180.0 180.0   5.0 450.0                            LAT/LON1/LON2/DLON/H
  158  173  205  235  264  294  320  345  362  374  374  378  371  377  375  380
  378  377  372  372  369  368  360  350  336  319  300  274  244  211  181  149
  126  108   97   93   94   95   99   99  101   99  101  102  100   97   93   90
   89   89   89   89   88   86   83   82   78   74   68   65   62   63   63   66
   70   72   79   82   90   97  115  130  158                                   
    42.5-180.0 180.0   5.0 450.0                            LAT/LON1/LON2/DLON/H
  171  194  221  251  282  308  334  359  376  392  388  395  384  392  384  389
  381  382  372  374  371  372  365  359  343  328  304  279  241  211  177  146
  123  107  100   97  102  103  108  107  106  106  106  108  107  106  102  100
   98   98   99   98   97   94   90   86   81   76   70   64   61   61   61   65
   68   73   81   86   96  108  124  148  171                                   
    40.0-180.0 180.0   5.0 450.0                            LAT/LON1/LON2/DLON/H
  189  210  235  263  289  317  343  367  386  401  403  409  402  408  401  402
  395  395  385  388  387  391  382  373  355  336  310  276  240  206  174  145
  124  113  107  109  112  116  118  116  113  112  112  113  114  112  109  107
  106  105  106  104  101   99   94   90   84   78   70   66   62   63   62   65
   68   73   81   88  103  118  142  164  189                                   
    37.5-180.0 180.0   5.0 450.0                            LAT/LON1/LON2/DLON/H
  191  218  236  263  289  313  339  362  383  402  407  418  415  421  413  416
  410  411  403  408  406  408  398  385  362  339  307  274  234  200  168  141
  126  117  118  119  125  126  127  122  115  112  110  113  112  113  108  106
  103  104  104  103  101   98   96   90   86   78   71   64   60   60   57   59
   60   65   72   81   95  115  141  174  191                                   
    35.0-180.0 180.0   5.0 450.0                            LAT/LON1/LON2/DLON/H
  201  223  242  266  288  314  337  361  380  400  409  422  425  434  432  436
  428  430  424  431  429  430  416  397  368  341  307  268  233  198  172  152
  141  137  140  143  143  144  138  134  124  120  115  115  114  114  110  107
  103  103  103  103  102  101   99   97   90   84   74   70   65   65   61   61
   58   61   65   74   91  115  147  178  201                                   
    32.5-180.0 180.0   5.0 450.0                            LAT/LON1/LON2/DLON/H
  200  224  242  265  288  310  332  356  374  393  406  422  428  440  438  443
  438  441  438  445  444  444  428  404  373  342  305  270  235  206  186  173
  166  164  167  167  167  160  156  148  139  131  124  120  116  111  107  102
   99   97   95   95   98   99  101   98   92   83   74   68   65   66   63   61
   57   55   59   63   82  107  142  180  200                                   
    30.0-180.0 180.0   5.0 450.0                            LAT/LON1/LON2/DLON/H
  209  232  253  276  296  320  342  360  376  392  405  422  431  445  447  453
  447  451  450  458  458  456  438  412  380  348  314  280  252  229  218  208
  206  205  204  199  193  190  179  173  160  153  144  136  128  121  113  108
  105  103  101  100  103  107  109  111  104   97   84   79   74   74   71   68
   63   61   62   67   84  110  152  187  209                                   
    27.5-180.0 180.0   5.0 450.0                            LAT/LON1/LON2/DLON/H
  215  243  264  288  311  334  356  373  386  399  409  427  436  448  449  452
  447  451  451  459  458  455  436  413  385  358  327  305  287  274  271  267
  269  264  256  243  229  215  207  192  182  170  163  152  144  131  123  114
  112  107  110  106  111  112  118  116  113  102   93   86   85   79   78   71
   72   65   70   71   88  114  155  201  215                                   
    25.0-180.0 180.0   5.0 450.0                            LAT/LON1/LON2/DLON/H
  232  261  288  317  339  365  384  404  411  421  426  444  452  463  462  462
  456  457  457  464  461  454  436  417  396  376  360  350  350  351  349  339
  337  323  317  303  290  262  242  224  208  197  185  175  164  152  142  136
  132  131  130  130  132  134  137  134  128  114  103   96   93   87   85   79
   80   79   80   84   96  122  170  217  232                                   
    22.5-180.0 180.0   5.0 450.0                            LAT/LON1/LON2/DLON/H
  249  285  321  347  375  397  421  439  454  462  468  483  486  490  484  478
  470  467  463  466  459  451  436  428  419  414  411  415  421  399  403  394
  397  386  367  356  337  323  288  263  240  226  218  205  193  179  172  163
  160  152  151  145  147  145  148  140  132  114  105  100  102   92   90   85
   93   90  101  103  118  144  184  240  249                                   
    20.0-180.0 180.0   5.0 450.0                            LAT/LON1/LON2/DLON/H
  279  311  360  394  417  447  462  492  502  524  525  545  538  542  524  516
  499  495  485  486  474  468  457  458  461  466  479  476  470  458  464  457
  451  432  413  391  377  360  334  316  291  274  259  238  220  200  192  186
  182  176  168  162  159  157  155  145  134  113  103   94   97   90   89   86
   98  102  115  125  143  169  214  261  279                                   
    17.5-180.0 180.0   5.0 450.0                            LAT/LON1/LON2/DLON/H
  301  348  397  433  458  485  509  536  555  577  587  603  596  595  577  561
  540  530  518  511  498  494  489  498  509  525  534  525  534  523  526  512
  492  466  435  414  386  379  349  335  307  290  268  249  227  213  202  197
  194  188  182  173  171  167  165  157  144  126  113  105  104   96   93   93
  107  116  135  146  169  199  234  288  301                                   
    15.0-180.0 180.0   5.0 450.0                            LAT/LON1/LON2/DLON/H
  332  379  435  462  494  526  559  590  609  636  648  669  654  662  634  628
  596  581  559  554  539  538  539  553  568  565  571  566  571  560  557  536
  515  481  451  419  391  379  355  340  315  291  269  250  233  217  212  207
  205  197  194  188  187  182  180  170  157  136  125  112  108   95   96   94
  109  122  142  159  186  221  264  309  332                                   
    12.5-180.0 180.0   5.0 450.0                            LAT/LON1/LON2/DLON/H
  344  407  456  495  526  558  589  621  648  676  694  710  711  719  706  689
  658  640  618  606  593  592  596  604  615  613  615  605  603  585  570  548
  515  485  446  412  381  367  342  322  295  273  249  236  219  213  208  206
  205  202  201  199  199  197  193  182  169  150  136  122  115  104  102  102
  116  131  149  169  199  237  282  327  344                                   
    10.0-180.0 180.0   5.0 450.0                            LAT/LON1/LON2/DLON/H
  363  414  475  516  554  583  616  654  684  719  731  753  761  777  774  769
  740  719  691  679  664  658  659  663  671  658  649  631  620  601  582  551
  516  481  438  404  378  363  344  322  297  272  252  233  224  211  213  209
  211  205  205  202  203  202  197  191  174  159  143  131  122  113  107  108
  118  133  149  169  204  243  294  337  363                                   
     7.5-180.0 180.0   5.0 450.0                            LAT/LON1/LON2/DLON/H
  360  419  476  526  568  600  630  667  699  728  746  764  781  798  809  806
  797  779  761  743  727  718  715  712  711  693  680  654  635  615  587  554
