data/unet/pred2250.15i
     1.0            IONOSPHERE MAPS     GNSS                IONEX VERSION / TYPE
pyspatialgeodesy        IME             05-JAN-18 20:20     PGM / RUN BY / DATE 
Map Name                                                    COMMENT             
Predicted global ionosphere maps (GIM).                     DESCRIPTION         
  2015     8    13     0     0     0                        EPOCH OF FIRST MAP  
  2015     8    14     0     0     0                        EPOCH OF LAST MAP   
  7200                                                      INTERVAL            
    13                                                      # OF MAPS IN FILE   
  NONE                                                      MAPPING FUNCTION    
10.0                                                        ELEVATION CUTOFF    
One-way carrier phase leveled to code                       OBSERVABLES USED    
  6371.0                                                    BASE RADIUS         
 2                                                          MAP DIMENSION       
   450.0 450.0   0.0                                        HGT1 / HGT2 / DHGT  
    87.5 -87.5  -2.5                                        LAT1 / LAT2 / DLAT  
  -180.0 180.0   5.0                                        LON1 / LON2 / DLON  
    -1                                                      EXPONENT            
                                                            END OF HEADER       
[from data line 3003]
     8                                                      START OF TEC MAP    
  2015     8    13    14     0     0                        EPOCH OF CURRENT MAP
    87.5-180.0 180.0   5.0 450.0                            LAT/LON1/LON2/DLON/H
  119  129  136  134  135  133  135  134  137  135  137  137  138  138  139  139
  139  140  140  140  140  140  140  140  140  140  139  139  139  139  138  138
  137  137  136  136  136  135  135  135  135  135  134  135  135  135  135  135
  135  135  135  135  135  135  135  135  136  136  137  137  137  137  138  138
  137  138  138  138  137  135  145  131  119                                   
    85.0-180.0 180.0   5.0 450.0                            LAT/LON1/LON2/DLON/H
  119  128  123  123  126  125  128  126  129  127  129  128  130  129  130  129
  131  130  131  130  132  131  131  131  132  131  131  130  131  130  130  129
  129  128  128  127  127  126  126  125  127  125  126  125  127  125  126  125
  127  125  127  125  127  125  126  124  126  124  126  124  126  124  126  124
  126  124  126  125  127  125  129  132  119                                   
    82.5-180.0 180.0   5.0 450.0                            LAT/LON1/LON2/DLON/H
  126  119  124  124  125  125  124  126  124  126  124  126  125  126  126  126
  127  127  128  128  129  130  130  131  131  131  132  131  131  131  130  130
  129  128  127  127  126  126  126  126  125  125  125  125  126  125  126  126
  127  126  126  126  126  126  125  124  123  123  122  121  121  121  120  120
  120  121  121  122  121  122  125  117  126                                   
    80.0-180.0 180.0   5.0 450.0                            LAT/LON1/LON2/DLON/H
  115  115  114  119  119  118  120  119  120  118  119  118  119  117  119  118
  120  119  121  122  124  125  127  128  128  129  129  129  129  128  127  127
  125  125  123  123  122  122  122  122  122  122  122  122  123  123  124  124
  124  124  124  124  123  122  121  120  118  117  115  114  113  112  111  111
  110  111  110  111  111  112  111  113  115                                   
    77.5-180.0 180.0   5.0 450.0                            LAT/LON1/LON2/DLON/H
  103  105  107  111  114  114  116  115  115  113  113  111  111  108  110  109
  110  110  113  114  118  119  123  124  127  127  129  128  129  127  127  125
  124  122  122  121  121  120  120  120  120  119  120  119  121  120  123  121
  123  122  123  122  122  120  119  117  114  112  110  108  105  104  102  101
  100  100  101  101  101  101  105  101  103                                   
    75.0-180.0 180.0   5.0 450.0                            LAT/LON1/LON2/DLON/H
   98   99   99  106  110  110  113  111  111  108  107  104  104  101  102  101
  103  103  107  109  114  116  121  123  127  128  130  129  130  128  128  125
  124  123  122  121  120  121  121  121  121  120  121  120  122  121  123  121
  123  121  123  121  122  119  118  115  113  109  106  103  100   98   96   94
   93   93   94   92   95   94   97   97   98                                   
    72.5-180.0 180.0   5.0 450.0                            LAT/LON1/LON2/DLON/H
   92   93   94  100  102  105  106  106  105  103  100   97   96   93   94   93
   95   96  100  104  110  114  119  123  126  128  129  131  130  130  128  126
  124  124  122  123  122  123  121  122  121  121  120  120  120  120  120  120
  120  121  120  120  119  118  116  113  110  106  102   98   94   91   88   86
   84   85   84   85   86   87   93   88   92                                   
    70.0-180.0 180.0   5.0 450.0                            LAT/LON1/LON2/DLON/H
   87   87   86   91   98   98  103  102  103   99   98   93   93   89   90   87
   91   92   97  101  107  113  118  123  126  129  130  131  131  129  128  127
  125  125  123  125  124  126  126  127  127  125  125  124  124  122  122  120
  122  120  121  120  120  118  117  113  111  106  103   99   95   91   87   84
   82   80   81   79   81   80   86   85   87                                   
    67.5-180.0 180.0   5.0 450.0                            LAT/LON1/LON2/DLON/H
   81   82   82   84   89   93   96   98   99   97   95   92   91   88   89   87
   90   91   97  101  107  113  118  124  126  129  130  132  130  130  128  128
  126  128  126  130  129  133  131  133  130  130  128  128  125  123  121  121
  119  120  119  120  119  118  116  113  110  106  103   99   95   90   86   82
   79   78   76   77   76   76   81   77   81                                   
    65.0-180.0 180.0   5.0 450.0                            LAT/LON1/LON2/DLON/H
   76   73   71   72   80   83   88   91   93   93   92   91   90   89   89   88
   90   92   96  101  106  112  117  122  124  127  127  128  127  128  126  127
  126  128  128  132  133  135  136  136  136  134  133  130  128  125  123  121
  121  121  121  120  121  119  118  115  114  110  107  103  100   95   91   85
   82   78   76   73   73   70   74   74   76                                   
    62.5-180.0 180.0   5.0 450.0                            LAT/LON1/LON2/DLON/H
   70   68   64   66   70   74   80   84   87   89   91   91   92   91   93   93
   95   96  100  103  108  111  116  120  122  124  124  126  126  126  127  128
  128  131  130  136  136  140  139  140  139  138  135  133  128  126  123  123
  122  123  123  124  123  122  120  118  116  113  111  107  103   98   93   87
   82   79   75   73   68   66   68   66   70                                   
    60.0-180.0 180.0   5.0 450.0                            LAT/LON1/LON2/DLON/H
   66   58   55   55   62   64   70   74   79   83   86   89   91   93   95   96
   98   99  101  104  107  111  112  116  117  119  119  122  122  125  126  129
  131  134  135  140  140  142  142  144  143  142  139  137  133  130  128  127
  128  127  129  129  130  126  127  124  124  121  120  116  113  106  100   92
   87   81   77   72   69   63   65   63   66                                   
    57.5-180.0 180.0   5.0 450.0                            LAT/LON1/LON2/DLON/H
   62   57   51   51   55   58   65   69   75   80   85   90   94   95  100  101
  104  104  107  106  110  109  112  114  115  117  117  120  123  126  130  136
  139  144  144  150  148  150  148  150  149  146  145  141  138  136  134  134
  134  136  137  137  136  134  132  130  129  128  126  123  118  111  104   96
   88   83   78   74   68   61   62   58   62                                   
    55.0-180.0 180.0   5.0 450.0                            LAT/LON1/LON2/DLON/H
   62   52   48   46   51   50   57   60   66   73   79   85   89   93   99  101
  106  105  109  107  109  109  110  111  112  113  114  118  121  127  133  139
  143  150  151  156  154  156  154  156  154  152  149  146  143  142  141  141
  143  144  145  144  143  141  139  137  136  135  133  129  125  116  110   99
   92   84   80   74   72   63   63   60   62                                   
    52.5-180.0 180.0   5.0 450.0                            LAT/LON1/LON2/DLON/H
   62   59   54   51   53   52   58   59   67   72   79   85   91   95  102  104
  110  110  112  110  111  110  111  113  113  116  116  122  125  134  139  149
  152  161  160  167  163  166  163  164  162  159  156  152  150  148  148  149
  150  150  150  149  147  145  144  142  140  138  137  134  128  121  112  102
   93   87   83   79   74   66   66   61   62                                   
    50.0-180.0 180.0   5.0 450.0                            LAT/LON1/LON2/DLON/H
   69   66   61   57   60   54   61   58   65   70   77   83   88   94  101  104
  111  112  116  113  113  112  113  114  115  118  120  125  130  138  145  154
  159  168  168  172  171  173  172  173  172  168  165  162  159  158  157  159
  159  159  158  156  155  152  150  147  146  143  142  138  134  124  117  105
   99   90   88   82   81   71   73   69   69                                   
    47.5-180.0 180.0   5.0 450.0                            LAT/LON1/LON2/DLON/H
   76   77   72   70   69   66   67   66   71   75   82   89   94   98  105  110
  116  119  120  120  119  118  119  121  123  127  129  136  139  149  153  165
  169  178  179  185  184  188  187  188  185  182  178  173  171  168  168  167
  167  165  163  161  158  156  154  152  149  147  144  141  136  128  120  111
  103   98   93   91   85   79   79   74   76                                   
    45.0-180.0 180.0   5.0 450.0                            LAT/LON1/LON2/DLON/H
   85   86   83   81   81   75   76   72   77   80   87   92   98  101  108  112
  120  122  126  124  125  123  125  127  130  135  137  144  148  155  159  169
  174  184  187  193  196  199  200  201  200  196  193  189  185  182  179  178
  175  173  170  167  165  162  160  157  154  151  148  144  139  132  125  116
  112  104  102   96   96   85   87   84   85                                   
    42.5-180.0 180.0   5.0 450.0                            LAT/LON1/LON2/DLON/H
   90   93   92   91   88   86   84   84   87   92   97  103  108  111  117  120
  128  132  133  133  132  133  134  138  141  146  149  155  159  165  169  178
  184  194  199  207  211  217  219  221  218  216  211  205  200  195  191  187
  183  179  175  171  168  165  163  160  157  153  150  147  142  137  130  124
  118  115  109  107  100   94   94   89   90                                   
    40.0-180.0 180.0   5.0 450.0                            LAT/LON1/LON2/DLON/H
   96   97   97   97   96   92   92   91   95  100  107  112  119  120  127  132
  138  142  143  142  141  141  142  145  148  154  158  164  167  173  177  185
  192  202  210  221  228  235  238  240  238  233  229  221  217  211  206  201
  195  191  185  181  176  173  170  167  164  159  156  151  147  142  138  132
  129  123  122  113  111   98   97   95   96                                   
    37.5-180.0 180.0   5.0 450.0                            LAT/LON1/LON2/DLON/H
   98   99   97   97   96   94   94   96  101  107  113  121  126  131  139  142
  150  153  155  156  153  153  152  156  159  165  170  175  177  182  186  196
  204  216  228  242  253  261  264  265  263  257  251  243  236  229  223  216
  210  203  197  190  185  180  177  172  168  163  159  155  152  149  144  142
  137  134  127  123  111  104  100   96   98                                   
    35.0-180.0 180.0   5.0 450.0                            LAT/LON1/LON2/DLON/H
  102   96   94   92   93   91   92   94   99  107  117  126  135  142  149  155
  160  165  165  167  162  161  159  162  164  173  177  184  188  192  199  207
  219  233  250  269  280  290  292  294  290  285  277  268  259  250  242  233
  225  217  209  203  195  191  185  180  174  168  162  158  156  153  152  149
  147  142  137  127  120  106  101   99  102                                   
    32.5-180.0 180.0   5.0 450.0                            LAT/LON1/LON2/DLON/H
  100   95   89   87   86   85   87   89   96  103  112  125  135  144  155  161
  169  173  176  177  174  171  168  169  172  180  187  194  198  204  212  224
  239  259  281  299  311  317  320  320  316  311  305  295  287  275  266  256
  245  233  223  213  206  199  194  185  180  171  167  162  159  157  154  156
  151  148  139  133  119  111  104   99  100                                   
    30.0-180.0 180.0   5.0 450.0                            LAT/LON1/LON2/DLON/H
  101   89   84   81   81   79   79   81   85   95  107  122  136  148  159  169
  174  182  182  185  179  178  173  174  176  185  193  202  211  217  231  242
  264  288  311  330  341  346  346  347  342  338  332  323  314  302  290  280
  268  255  243  232  220  211  205  196  188  180  173  167  163  160  159  159
  157  152  145  135  126  113  107  103  101                                   
    27.5-180.0 180.0   5.0 450.0                            LAT/LON1/LON2/DLON/H
  100   93   82   81   78   78   76   76   80   88   96  114  127  143  156  169
  178  187  190  192  187  186  180  181  183  191  202  213  224  235  249  267
  292  318  341  355  365  366  367  364  362  359  355  349  338  327  314  304
  291  280  266  253  241  228  216  202  194  182  178  169  166  162  159  160
  155  153  144  137  127  118  112  107  100                                   
    25.0-180.0 180.0   5.0 450.0                            LAT/LON1/LON2/DLON/H
  103   93   87   84   81   79   76   74   77   83   92  106  125  139  158  171
  183  191  194  197  192  191  184  186  187  196  210  224  241  253  273  292
  321  343  366  377  387  385  384  382  381  381  378  371  360  350  337  329
  316  307  291  278  259  246  228  215  201  190  182  173  168  163  160  159
  156  153  147  140  133  123  117  116  103                                   
    22.5-180.0 180.0   5.0 450.0                            LAT/LON1/LON2/DLON/H
  109  106   95   94   88   87   80   80   77   82   88  102  118  136  152  170
  182  197  200  205  200  199  192  194  196  205  222  239  257  276  295  319
  342  364  382  392  396  394  389  390  390  393  389  385  374  367  356  352
  342  334  316  302  280  262  240  221  205  191  183  173  168  162  159  157
  153  151  144  140  133  128  125  123  109                                   
    20.0-180.0 180.0   5.0 450.0                            LAT/LON1/LON2/DLON/H
  115  111  108  104  101   94   91   82   81   81   87   95  114  130  152  167
  184  197  205  209  206  204  199  201  204  216  235  253  277  296  321  340
  364  381  398  404  408  403  401  401  403  406  404  399  391  385  375  371
  362  354  337  320  295  277  251  233  213  200  187  176  169  160  157  153
  151  149  145  141  137  131  128  133  115                                   
    17.5-180.0 180.0   5.0 450.0                            LAT/LON1/LON2/DLON/H
  121  125  118  115  109  105   95   90   83   83   84   98  110  132  149  167
  179  197  205  212  210  211  206  209  215  229  250  273  295  322  341  361
  380  394  405  411  409  410  405  410  409  416  411  411  403  400  391  392
  385  376  356  336  309  288  262  244  223  208  193  180  170  161  156  152
  148  147  143  140  135  133  132  135  121                                   
    15.0-180.0 180.0   5.0 450.0                            LAT/LON1/LON2/DLON/H
  128  127  123  120  116  111  104   94   87   86   85   96  109  129  150  164
  180  193  204  211  213  212  212  218  227  245  269  294  318  342  363  378
  395  402  408  410  411  410  412  418  421  426  424  425  417  414  407  407
  400  391  368  346  317  298  269  255  233  221  202  188  174  164  155  151
  147  145  142  138  134  132  129  139  128                                   
    12.5-180.0 180.0   5.0 450.0                            LAT/LON1/LON2/DLON/H
  129  133  123  120  112  112  100   98   87   91   87  100  109  134  149  168
  179  197  204  216  215  221  222  232  244  265  287  317  336  362  376  392
  401  409  409  415  413  419  418  428  428  436  432  434  426  425  418  420
  413  402  377  351  322  300  275  260  241  228  209  193  179  167  158  154
  149  147  141  136  130  128  127  132  129                                   
    10.0-180.0 180.0   5.0 450.0                            LAT/LON1/LON2/DLON/H
  127  128  118  113  108  104   98   93   88   88   88   97  111  130  151  169
  183  196  209  217  221  226  231  247  262  286  308  332  355  376  390  400
  406  409  411  416  418  425  428  435  436  441  437  438  428  428  419  422
  411  399  371  348  317  300  275  265  245  237  214  200  180  169  158  155
  150  146  140  134  128  125  124  124  127                                   
     7.5-180.0 180.0   5.0 450.0                            LAT/LON1/LON2/DLON/H
  118  127  113  107  100   96   89   88   82   88   85   99  109  134  150  173
  185  202  212  225  230  242  250  267  283  306  323  351  366  388  396  406
