data/unet/pred1520.15i
     1.0            IONOSPHERE MAPS     GNSS                IONEX VERSION / TYPE
pyspatialgeodesy        IME             05-JAN-18 20:20     PGM / RUN BY / DATE 
Map Name                                                    COMMENT             
Predicted global ionosphere maps (GIM).                     DESCRIPTION         
  2015     6     1     0     0     0                        EPOCH OF FIRST MAP  
  2015     6     2     0     0     0                        EPOCH OF LAST MAP   
  7200                                                      INTERVAL            
    13                                                      # OF MAPS IN FILE   
  NONE                                                      MAPPING FUNCTION    
10.0                                                        ELEVATION CUTOFF    
One-way carrier phase leveled to code                       OBSERVABLES USED    
  6371.0                                                    BASE RADIUS         
 2                                                          MAP DIMENSION       
   450.0 450.0   0.0                                        HGT1 / HGT2 / DHGT  
    87.5 -87.5  -2.5                                        LAT1 / LAT2 / DLAT  
  -180.0 180.0   5.0                                        LON1 / LON2 / DLON  
    -1                                                      EXPONENT            
                                                            END OF HEADER       
[from data line 858]
     3                                                      START OF TEC MAP    
  2015     6     1     4     0     0                        EPOCH OF CURRENT MAP
    87.5-180.0 180.0   5.0 450.0                            LAT/LON1/LON2/DLON/H
  186  183  174  179  179  179  179  182  181  183  181  183  181  183  180  181
  178  179  175  175  173  172  169  168  166  166  163  162  161  161  159  159
  159  160  160  161  161  163  162  163  163  164  163  164  163  164  162  162
  162  163  162  162  162  163  162  162  162  163  162  163  163  164  163  164
  164  166  166  168  168  165  176  186  186                                   
    85.0-180.0 180.0   5.0 450.0                            LAT/LON1/LON2/DLON/H
  188  184  176  188  188  189  189  193  191  195  192  195  192  195  190  191
  187  188  183  183  180  180  175  175  171  171  167  167  164  164  160  161
  159  160  159  161  160  162  160  162  161  163  161  162  161  162  160  161
  161  161  160  160  162  162  162  162  163  163  163  164  165  166  165  166
  166  168  168  170  169  165  171  178  188                                   
    82.5-180.0 180.0   5.0 450.0                            LAT/LON1/LON2/DLON/H
  175  173  176  185  183  184  185  187  188  190  189  191  190  191  187  188
  185  186  181  182  178  179  173  174  169  169  164  164  159  160  155  156
  153  154  153  154  154  155  155  156  156  157  156  156  157  157  156  157
  158  158  158  159  160  161  161  162  162  163  162  164  163  164  162  163
  163  165  165  166  167  164  167  166  175                                   
    80.0-180.0 180.0   5.0 450.0                            LAT/LON1/LON2/DLON/H
  178  178  182  185  188  188  191  192  193  194  194  194  193  193  191  190
  188  188  185  184  181  180  175  173  169  165  161  159  155  153  150  150
  149  150  150  153  153  156  156  158  158  160  159  160  161  161  162  162
  164  164  165  165  168  168  168  168  169  169  168  169  169  169  168  168
  169  168  169  170  170  165  166  168  178                                   
    77.5-180.0 180.0   5.0 450.0                            LAT/LON1/LON2/DLON/H
  180  179  180  184  186  187  189  189  190  189  188  187  186  184  183  182
  181  179  179  177  176  173  170  165  161  155  151  147  144  141  140  140
  141  142  146  149  154  156  161  162  165  165  168  168  170  170  173  174
  177  177  180  180  182  181  182  180  181  178  178  177  177  175  174  173
  173  171  172  170  171  166  167  166  180                                   
    75.0-180.0 180.0   5.0 450.0                            LAT/LON1/LON2/DLON/H
  179  181  180  184  187  187  188  188  188  185  184  180  178  173  172  168
  168  166  167  165  166  162  159  154  149  142  137  132  128  126  126  127
  130  135  141  148  154  161  163  169  169  174  173  177  178  180  183  185
  188  190  192  193  194  193  192  191  189  187  185  183  181  180  178  177
  175  175  174  173  171  166  167  169  179                                   
    72.5-180.0 180.0   5.0 450.0                            LAT/LON1/LON2/DLON/H
  183  180  181  183  184  183  183  182  180  178  173  168  164  158  154  151
  149  148  149  149  149  147  144  139  134  127  122  117  114  113  114  118
  123  130  138  149  157  165  170  174  176  179  181  183  186  189  192  195
  199  202  203  204  204  203  200  197  194  191  188  186  183  182  179  179
  177  177  176  175  174  170  168  167  183                                   
    70.0-180.0 180.0   5.0 450.0                            LAT/LON1/LON2/DLON/H
  181  180  179  182  183  183  183  182  181  177  172  164  159  150  145  140
  138  136  137  138  139  138  135  130  124  117  111  107  105  105  108  112
  119  128  138  150  159  170  173  181  180  186  187  191  194  198  202  206
  210  213  215  215  214  211  207  202  198  193  189  186  183  182  179  180
  178  179  177  179  175  169  170  172  181                                   
    67.5-180.0 180.0   5.0 450.0                            LAT/LON1/LON2/DLON/H
  182  179  179  180  181  181  180  181  178  176  169  162  153  146  137  132
  127  126  125  128  128  129  126  122  115  109  104  101   99  101  103  109
  116  127  137  150  160  169  174  181  182  187  190  195  199  205  210  216
  219  222  222  222  218  214  207  201  195  188  183  180  177  177  174  176
  174  176  176  178  176  172  170  169  182                                   
    65.0-180.0 180.0   5.0 450.0                            LAT/LON1/LON2/DLON/H
  184  179  179  181  181  181  182  182  181  178  173  164  156  145  137  128
  124  121  121  123  124  125  122  119  112  108  104  101  100  101  105  110
  118  126  136  147  156  167  170  179  180  187  191  197  204  211  218  225
  228  230  228  226  221  216  208  200  193  187  181  178  174  174  172  172
  171  174  174  178  177  172  172  173  184                                   
    62.5-180.0 180.0   5.0 450.0                            LAT/LON1/LON2/DLON/H
  185  180  180  181  180  180  180  182  181  180  175  169  160  150  139  132
  124  121  118  120  120  121  118  115  110  106  103  102  101  104  105  111
  116  125  132  141  150  159  164  171  175  183  189  198  208  218  226  232
  235  234  230  226  221  213  206  196  191  182  178  173  172  170  168  169
  168  170  172  176  177  175  174  172  185                                   
    60.0-180.0 180.0   5.0 450.0                            LAT/LON1/LON2/DLON/H
  190  186  184  185  184  182  182  183  182  181  179  172  167  155  146  134
  128  122  120  119  119  118  116  113  110  107  106  105  106  108  111  114
  120  123  130  136  143  151  156  165  170  180  188  199  212  224  234  240
  243  241  235  230  223  218  210  202  195  189  182  178  174  173  170  169
  168  171  172  178  179  177  177  178  190                                   
    57.5-180.0 180.0   5.0 450.0                            LAT/LON1/LON2/DLON/H
  193  190  191  191  189  186  184  185  183  185  182  179  173  165  152  143
  134  129  124  122  120  119  116  113  110  109  109  110  111  114  114  117
  117  120  122  127  133  140  148  157  166  179  191  206  219  233  242  249
  249  246  240  235  229  223  217  209  204  195  191  185  181  178  174  173
  171  173  175  180  184  184  181  180  193                                   
    55.0-180.0 180.0   5.0 450.0                            LAT/LON1/LON2/DLON/H
  204  204  203  205  203  198  194  191  188  187  186  182  179  170  161  147
  140  130  127  122  121  116  115  111  111  110  112  114  117  118  119  118
  117  115  119  120  128  133  144  155  167  182  196  210  226  238  249  256
  257  255  251  247  242  237  231  225  219  212  206  200  195  191  184  181
  177  178  178  186  189  189  188  189  204                                   
    52.5-180.0 180.0   5.0 450.0                            LAT/LON1/LON2/DLON/H
  212  213  218  218  219  213  205  201  194  193  189  188  182  178  166  156
  145  138  131  127  123  121  117  115  113  114  117  120  122  124  122  119
  114  112  111  115  121  129  142  154  169  186  202  219  232  246  256  265
  265  265  262  260  257  253  250  242  237  227  223  213  209  202  196  192
  187  187  187  194  199  201  197  197  212                                   
    50.0-180.0 180.0   5.0 450.0                            LAT/LON1/LON2/DLON/H
  226  229  235  240  242  236  227  217  209  203  198  192  189  181  173  161
  152  141  136  128  127  121  121  115  118  117  122  124  128  127  125  118
  114  108  110  112  122  129  145  158  176  192  210  225  238  251  262  271
  275  276  276  277  274  273  269  262  255  248  241  234  226  220  212  207
  200  199  197  205  208  209  206  208  226                                   
    47.5-180.0 180.0   5.0 450.0                            LAT/LON1/LON2/DLON/H
  233  237  251  257  260  255  246  235  221  215  205  201  193  188  176  167
  156  148  140  135  131  128  125  123  123  126  128  132  132  131  126  120
  113  108  108  113  122  133  149  163  180  198  215  231  243  258  269  279
  284  289  290  291  290  288  284  276  270  260  255  246  241  231  224  218
  212  210  211  217  223  223  214  217  233                                   
    45.0-180.0 180.0   5.0 450.0                            LAT/LON1/LON2/DLON/H
  245  250  264  272  276  273  264  253  240  231  221  212  204  195  184  172
  162  152  147  139  138  132  133  128  131  131  136  137  139  134  130  120
  115  108  111  114  125  136  153  167  185  202  220  234  246  260  273  286
  295  302  304  307  305  304  297  291  280  274  268  263  256  250  241  234
  228  227  227  232  236  230  224  227  245                                   
    42.5-180.0 180.0   5.0 450.0                            LAT/LON1/LON2/DLON/H
  252  255  272  280  283  283  276  267  254  246  233  226  214  204  190  178
  166  158  152  147  143  140  138  139  139  142  143  146  143  140  133  125
  118  114  116  120  131  142  157  170  187  205  222  237  250  265  280  295
  306  314  318  321  320  316  310  301  292  284  280  273  271  262  260  249
  249  245  250  250  256  249  237  240  252                                   
    40.0-180.0 180.0   5.0 450.0                            LAT/LON1/LON2/DLON/H
  264  268  277  282  285  284  282  274  266  258  249  241  230  217  201  186
  173  164  158  151  149  144  147  146  150  151  154  153  151  144  139  130
  124  119  122  125  136  143  159  171  188  205  223  239  253  268  284  302
  316  324  331  334  332  329  322  316  304  300  294  291  287  283  278  273
  271  272  275  277  276  266  253  255  264                                   
    37.5-180.0 180.0   5.0 450.0                            LAT/LON1/LON2/DLON/H
  280  276  283  282  281  282  279  276  270  267  259  253  240  228  209  193
  178  169  160  155  151  150  151  156  159  163  163  163  158  153  146  139
  133  130  131  133  140  147  160  172  191  207  225  242  257  273  291  308
  320  330  336  341  340  340  334  328  320  314  313  309  310  303  303  296
  299  296  301  300  302  291  273  274  280                                   
    35.0-180.0 180.0   5.0 450.0                            LAT/LON1/LON2/DLON/H
  308  299  297  287  284  279  279  275  275  272  269  263  255  241  221  203
  186  173  165  156  154  152  157  162  169  172  174  172  166  158  153  146
  141  137  139  140  146  149  162  173  191  209  227  244  259  276  293  310
  323  332  340  345  347  349  348  344  336  334  331  332  326  322  318  316
  320  322  328  328  327  315  301  298  308                                   
    32.5-180.0 180.0   5.0 450.0                            LAT/LON1/LON2/DLON/H
  347  331  323  308  295  290  283  283  280  280  275  272  262  250  229  210
  190  176  165  157  153  155  161  172  179  185  184  182  174  167  160  152
  147  145  145  145  148  151  162  174  193  212  230  246  262  277  293  308
  320  329  338  345  349  355  359  357  355  352  351  348  344  339  336  336
  343  345  352  351  354  344  334  330  347                                   
    30.0-180.0 180.0   5.0 450.0                            LAT/LON1/LON2/DLON/H
  392  377  363  340  324  309  302  295  294  290  287  281  274  260  242  220
  199  182  169  158  157  158  169  180  190  193  195  191  182  172  163  156
  151  148  148  147  149  151  159  171  189  209  229  246  262  276  289  302
  314  323  333  341  351  361  372  376  378  379  379  375  367  359  353  354
  361  366  372  372  378  370  370  365  392                                   
    27.5-180.0 180.0   5.0 450.0                            LAT/LON1/LON2/DLON/H
  430  424  408  389  366  351  333  324  314  308  299  292  282  268  247  226
  202  185  170  161  159  167  178  192  200  205  202  198  187  175  165  157
  151  149  148  147  147  148  154  166  185  205  225  242  257  269  281  290
  300  308  319  330  344  360  375  386  392  394  397  392  386  380  373  375
  379  383  390  391  401  400  400  401  430                                   
    25.0-180.0 180.0   5.0 450.0                            LAT/LON1/LON2/DLON/H
  464  472  463  447  426  405  386  365  349  331  316  304  293  278  259  235
  212  191  176  166  167  174  191  204  213  215  211  202  188  174  161  153
  145  142  140  139  139  140  143  155  171  196  216  234  248  261  271  280
  287  295  308  326  345  366  386  400  412  413  417  410  405  397  394  394
  397  400  405  408  419  423  427  429  464                                   
    22.5-180.0 180.0   5.0 450.0                            LAT/LON1/LON2/DLON/H
  482  507  508  503  488  474  450  430  400  370  341  323  307  290  267  242
  217  198  180  173  174  187  203  217  222  223  214  202  186  169  157  144
  137  132  131  131  132  131  134  139  161  183  205  221  238  246  259  263
  272  282  299  319  342  365  388  401  412  415  418  413  410  405  404  404
  404  407  411  417  430  440  444  445  482                                   
    20.0-180.0 180.0   5.0 450.0                            LAT/LON1/LON2/DLON/H
  497  524  537  543  539  526  510  487  459  419  380  348  324  303  282  253
  231  207  190  181  186  199  217  229  234  228  214  197  177  159  142  129
  118  115  115  117  118  120  117  124  140  166  189  210  226  236  248  256
  269  284  306  326  351  369  393  401  414  415  421  415  412  408  410  409
  414  412  418  423  435  447  457  455  497                                   
    17.5-180.0 180.0   5.0 450.0                            LAT/LON1/LON2/DLON/H
  492  528  549  562  566  560  547  528  498  461  415  377  343  321  295  270
  241  220  201  193  200  213  227  237  235  225  204  185  166  146  130  115
  107  103  104  107  109  108  109  111  127  147  174  194  215  224  241  252
  271  290  313  333  355  373  391  399  404  408  412  410  407  406  409  411
  412  414  418  424  438  451  458  458  492                                   
    15.0-180.0 180.0   5.0 450.0                            LAT/LON1/LON2/DLON/H
  488  519  545  563  574  572  566  549  523  486  445  404  370  341  314  288
  259  234  218  209  214  226  236  240  232  214  191  168  149  129  113  101
   92   90   91   97   94   98   94   98  107  131  160  186  208  222  241  255
  279  298  323  341  364  376  393  396  401  403  408  405  404  405  408  411
  416  415  421  426  436  447  459  458  488                                   
    12.5-180.0 180.0   5.0 450.0                            LAT/LON1/LON2/DLON/H
  468  500  527  544  556  557  555  542  520  487  448  412  380  351  325  303
  274  249  231  223  226  232  238  235  219  197  172  149  134  116  104   92
   86   83   86   88   90   90   89   90  101  119  151  176  203  219  242  258
  284  305  327  345  366  378  386  391  396  398  404  404  405  407  410  414
  417  416  421  424  434  446  452  451  468                                   
    10.0-180.0 180.0   5.0 450.0                            LAT/LON1/LON2/DLON/H
  457  479  501  517  526  530  528  521  504  477  444  413  385  360  336  314
  290  266  247  238  237  237  234  222  202  173  150  128  115  103   92   84
   78   77   76   82   80   83   81   82   93  112  142  171  200  218  245  264
  293  311  335  350  372  380  391  395  404  407  413  414  415  416  419  422
  426  425  430  429  433  440  449  447  457                                   
     7.5-180.0 180.0   5.0 450.0                            LAT/LON1/LON2/DLON/H
  447  463  480  484  488  488  488  481  467  445  417  391  369  350  331  314
  296  276  257  247  240  232  222  203  178  149  129  112  104   95   90   82
