data/unet/pred2980.15i
     1.0            IONOSPHERE MAPS     GNSS                IONEX VERSION / TYPE
pyspatialgeodesy        IME             05-JAN-18 20:20     PGM / RUN BY / DATE 
Map Name                                                    COMMENT             
Predicted global ionosphere maps (GIM).                     DESCRIPTION         
  2015    10    25     0     0     0                        EPOCH OF FIRST MAP  
  2015    10    26     0     0     0                        EPOCH OF LAST MAP   
  7200                                                      INTERVAL            
    13                                                      # OF MAPS IN FILE   
  NONE                                                      MAPPING FUNCTION    
10.0                                                        ELEVATION CUTOFF    
One-way carrier phase leveled to code                       OBSERVABLES USED    
  6371.0                                                    BASE RADIUS         
 2                                                          MAP DIMENSION       
   450.0 450.0   0.0                                        HGT1 / HGT2 / DHGT  
    87.5 -87.5  -2.5                                        LAT1 / LAT2 / DLAT  
  -180.0 180.0   5.0                                        LON1 / LON2 / DLON  
    -1                                                      EXPONENT            
                                                            END OF HEADER       
[from data line 3861]
    10                                                      START OF TEC MAP    
  2015    10    25    18     0     0                        EPOCH OF CURRENT MAP
    87.5-180.0 180.0   5.0 450.0                            LAT/LON1/LON2/DLON/H
  157  126  127  132  131  133  133  136  136  140  140  143  143  147  146  149
  149  152  152  153  154  154  155  154  155  153  154  151  152  148  149  146
  145  142  143  139  139  136  137  134  134  131  132  130  130  129  129  129
  129  129  129  130  129  131  129  131  129  131  128  131  129  131  128  130
  129  131  129  130  130  134  141  145  157                                   
    85.0-180.0 180.0   5.0 450.0                            LAT/LON1/LON2/DLON/H
  112  115  120  127  127  130  130  135  136  141  142  148  148  153  153  158
  158  161  161  164  164  166  164  165  163  164  161  160  157  156  153  150
  147  146  142  140  136  136  132  132  129  130  126  128  124  127  124  127
  124  128  126  129  126  128  126  127  125  126  123  124  122  122  121  122
  121  122  121  122  123  119  127  132  112                                   
    82.5-180.0 180.0   5.0 450.0                            LAT/LON1/LON2/DLON/H
   94   97  107  108  114  116  119  125  128  135  139  146  149  155  157  162
  163  168  168  172  171  174  172  174  170  172  166  166  159  158  151  149
  142  141  136  134  129  128  123  122  119  118  117  116  115  116  114  115
  114  116  115  116  115  115  116  114  115  113  113  111  112  110  110  109
  110  108  108  107  107  102  104  105   94                                   
    80.0-180.0 180.0   5.0 450.0                            LAT/LON1/LON2/DLON/H
   77   84   91   96   98  105  107  116  119  130  134  144  147  156  158  165
  167  173  173  178  178  180  178  179  176  175  170  166  159  154  149  143
  139  133  130  125  122  117  115  110  109  106  106  105  105  105  106  107
  107  110  110  113  111  114  111  113  110  111  108  108  106  105  104  103
  101  101   97   98   91   88   88   91   77                                   
    77.5-180.0 180.0   5.0 450.0                            LAT/LON1/LON2/DLON/H
   64   69   78   79   85   88   95  101  109  117  127  135  144  150  158  162
  168  171  175  177  179  180  180  179  176  172  169  162  156  149  142  137
  131  127  123  118  114  110  108  103  101   98   96   94   95   94   96   96
   99  101  104  106  107  108  109  110  108  108  106  105  102  102   99   98
   95   95   91   88   83   80   80   80   64                                   
    75.0-180.0 180.0   5.0 450.0                            LAT/LON1/LON2/DLON/H
   60   65   71   73   76   81   87   96  104  116  125  136  144  153  160  167
  171  176  178  182  182  183  182  181  176  173  165  159  151  144  137  132
  126  123  119  116  112  108  106  101  100   94   94   90   91   90   91   93
   95   99  101  105  107  110  111  110  111  108  107  103  102   98   98   95
   94   93   89   88   79   75   78   79   60                                   
    72.5-180.0 180.0   5.0 450.0                            LAT/LON1/LON2/DLON/H
   61   63   69   70   75   78   86   94  105  115  128  138  149  156  166  170
  177  179  185  186  189  189  188  185  180  174  167  158  150  142  136  129
  124  120  118  115  111  109  105  101   98   95   93   90   89   88   89   90
   93   96  100  102  106  106  109  108  108  105  102   99   96   94   93   92
   91   90   89   87   82   77   81   81   61                                   
    70.0-180.0 180.0   5.0 450.0                            LAT/LON1/LON2/DLON/H
   66   68   71   73   75   82   89   99  110  122  134  146  155  165  172  180
  185  190  193  199  199  202  198  197  187  181  168  162  150  144  137  130
  127  122  120  117  114  111  106  102   98   93   91   87   87   85   86   86
   89   92   96   98  101  102  104  101  102   96   95   90   90   86   88   86
   88   87   88   88   82   78   81   81   66                                   
    67.5-180.0 180.0   5.0 450.0                            LAT/LON1/LON2/DLON/H
   67   69   72   75   77   85   93  105  116  129  141  153  164  172  181  186
  193  197  204  210  214  214  212  207  199  186  176  161  153  142  137  128
  124  118  117  113  110  107  102   98   93   89   86   83   80   79   79   79
   81   84   87   88   91   90   91   89   87   85   81   80   76   77   75   77
   77   79   79   81   78   76   80   79   67                                   
    65.0-180.0 180.0   5.0 450.0                            LAT/LON1/LON2/DLON/H
   65   69   71   75   78   89   98  113  125  140  151  164  173  183  189  195
  200  208  215  225  227  232  226  223  208  198  182  170  158  149  141  133
  127  122  119  115  109  106  101   96   90   85   80   76   74   71   72   72
   73   75   77   77   77   77   75   74   72   70   68   66   65   64   66   65
   69   69   71   72   70   67   73   71   65                                   
    62.5-180.0 180.0   5.0 450.0                            LAT/LON1/LON2/DLON/H
   55   63   67   73   80   93  104  120  132  148  159  172  180  189  195  201
  207  215  224  233  239  243  240  234  222  207  194  180  170  157  153  139
  135  123  121  112  108  101   97   90   86   79   76   70   68   65   64   62
   64   63   64   62   62   61   60   59   58   58   57   56   54   55   54   56
   55   57   58   59   58   56   63   58   55                                   
    60.0-180.0 180.0   5.0 450.0                            LAT/LON1/LON2/DLON/H
   48   54   60   72   78   97  107  127  138  157  166  180  187  196  200  206
  212  221  231  241  246  251  246  242  228  217  203  194  182  175  166  159
  148  139  130  120  112  104   98   92   86   80   75   70   67   63   61   57
   57   55   54   52   51   48   47   47   48   48   49   50   50   49   49   48
   49   50   50   50   47   44   51   43   48                                   
    57.5-180.0 180.0   5.0 450.0                            LAT/LON1/LON2/DLON/H
   36   48   59   72   85  102  115  134  147  164  174  185  192  199  205  211
  217  225  235  245  251  254  252  245  235  225  217  210  205  199  193  180
  173  155  146  129  120  109  102   94   88   83   79   74   71   65   62   57
   55   51   48   46   44   42   42   43   45   47   49   51   51   51   49   49
   47   47   46   45   44   39   43   32   36                                   
    55.0-180.0 180.0   5.0 450.0                            LAT/LON1/LON2/DLON/H
   37   51   58   79   89  111  123  146  157  174  182  193  199  205  210  216
  223  231  241  248  254  254  251  243  235  229  226  225  225  225  218  210
  194  179  162  145  132  120  113  105  100   94   91   85   81   74   70   63
   60   54   51   46   45   44   45   47   51   53   56   58   58   58   55   54
   52   52   51   49   45   40   45   31   37                                   
    52.5-180.0 180.0   5.0 450.0                            LAT/LON1/LON2/DLON/H
   47   60   73   88  105  122  139  158  172  186  194  202  208  212  219  225
  232  238  245  252  254  255  249  244  236  233  234  240  245  248  246  236
  221  198  181  159  146  133  126  118  113  109  105  101   95   91   85   78
   72   67   60   58   54   56   57   62   66   69   72   72   73   72   70   68
   66   65   64   61   58   51   53   43   47                                   
    50.0-180.0 180.0   5.0 450.0                            LAT/LON1/LON2/DLON/H
   67   79   89  108  120  142  157  178  188  202  208  214  217  221  227  232
  239  243  251  253  255  251  248  240  236  236  241  251  258  262  258  248
  231  209  189  171  158  146  142  134  131  126  124  117  113  106  101   93
   88   82   77   73   71   73   75   81   84   88   88   89   88   88   85   86
   84   86   83   83   76   69   70   66   67                                   
    47.5-180.0 180.0   5.0 450.0                            LAT/LON1/LON2/DLON/H
   87   98  108  123  140  158  175  193  207  218  225  227  231  233  239  243
  248  253  256  259  256  255  248  244  238  241  249  258  267  268  265  251
  235  210  194  176  167  157  153  147  144  140  137  133  127  122  115  110
  103   99   93   92   90   93   96  100  104  106  105  104  103  102  102  102
  103  105  106  104   98   91   92   95   87                                   
    45.0-180.0 180.0   5.0 450.0                            LAT/LON1/LON2/DLON/H
  108  119  130  148  160  179  196  214  226  237  241  242  245  247  250  255
  260  262  266  263  263  256  254  247  246  250  257  267  272  271  261  247
  226  207  191  180  173  166  164  158  156  150  148  142  138  130  125  118
  114  110  107  105  105  108  111  116  118  119  117  115  113  113  114  117
  119  125  127  128  122  116  117  114  108                                   
    42.5-180.0 180.0   5.0 450.0                            LAT/LON1/LON2/DLON/H
  120  134  146  160  174  192  209  226  241  251  256  259  261  262  264  268
  270  273  272  273  268  268  262  261  258  261  268  272  274  265  256  237
  220  201  193  183  180  174  171  165  161  155  151  146  140  134  127  123
  120  119  116  115  116  118  121  124  126  125  123  120  119  118  121  124
  129  133  138  139  137  131  131  130  120                                   
    40.0-180.0 180.0   5.0 450.0                            LAT/LON1/LON2/DLON/H
  126  140  154  173  185  202  221  240  256  266  271  275  275  277  278  281
  282  283  283  280  278  275  274  271  271  275  278  280  274  265  248  233
  215  206  198  196  191  187  182  173  168  160  153  144  140  131  127  122
  121  119  118  117  118  119  122  125  127  125  124  121  120  121  123  128
  131  138  142  144  142  137  136  129  126                                   
    37.5-180.0 180.0   5.0 450.0                            LAT/LON1/LON2/DLON/H
  120  140  154  171  188  205  225  244  263  275  284  289  289  291  289  292
  292  293  291  292  290  291  288  288  287  288  290  286  278  265  252  240
  232  227  227  223  218  208  198  186  174  163  154  144  137  130  125  121
  120  120  118  118  116  118  118  123  123  123  119  118  117  119  121  124
  127  129  133  134  134  129  130  124  120                                   
    35.0-180.0 180.0   5.0 450.0                            LAT/LON1/LON2/DLON/H
  113  130  150  172  188  208  229  250  271  285  295  300  302  304  302  301
  301  302  302  301  301  299  300  298  299  303  302  300  291  283  272  272
  268  274  274  270  257  238  222  204  189  174  163  149  142  133  130  124
  124  122  120  116  114  114  116  120  122  121  121  118  117  118  118  120
  119  121  121  121  119  116  119  109  113                                   
    32.5-180.0 180.0   5.0 450.0                            LAT/LON1/LON2/DLON/H
  103  122  142  167  188  208  230  251  273  291  303  312  314  316  310  312
  310  313  312  315  315  315  314  313  312  314  315  315  311  307  308  314
  322  333  336  327  306  278  249  227  209  191  177  164  155  148  145  141
  139  136  133  128  125  125  125  128  129  129  126  123  119  118  115  112
  108  106  104  103  103   99  104  101  103                                   
    30.0-180.0 180.0   5.0 450.0                            LAT/LON1/LON2/DLON/H
  102  114  140  165  187  210  231  254  277  297  309  320  324  325  322  320
  320  320  321  321  322  319  319  318  321  326  330  336  339  349  360  380
  398  413  409  390  357  318  282  253  234  215  200  188  180  173  170  167
  165  160  155  150  147  145  145  145  146  141  139  131  129  124  120  112
  106  102   98   95   92   90   94   94  102                                   
    27.5-180.0 180.0   5.0 450.0                            LAT/LON1/LON2/DLON/H
  104  120  144  171  193  216  234  258  279  302  317  329  334  334  330  330
  329  329  330  331  330  328  325  325  328  336  342  357  376  399  431  463
  494  504  492  454  410  359  312  278  256  239  227  216  209  203  202  202
  197  192  176  168  158  158  157  161  161  158  154  149  143  134  127  117
  110  103   97   92   90   89   90   91  104                                   
    25.0-180.0 180.0   5.0 450.0                            LAT/LON1/LON2/DLON/H
  115  136  161  186  206  228  243  265  288  310  327  339  346  346  346  340
  341  336  339  334  335  329  329  330  337  351  367  397  430  471  520  566
  602  600  571  511  452  395  343  303  277  262  252  247  242  240  235  235
  223  219  202  191  181  177  177  182  180  175  163  151  146  138  133  125
  121  115  108  104   95   95   97   95  115                                   
    22.5-180.0 180.0   5.0 450.0                            LAT/LON1/LON2/DLON/H
  127  159  181  208  226  244  255  276  295  318  336  348  359  360  359  356
  353  352  350  348  344  341  340  343  353  377  406  447  490  541  603  653
  686  670  620  540  472  415  365  325  302  288  281  277  273  275  266  270
  260  247  226  216  209  209  204  205  200  193  180  169  160  151  144  132
  129  119  118  109  106  104  102  108  127                                   
    20.0-180.0 180.0   5.0 450.0                            LAT/LON1/LON2/DLON/H
  142  176  207  231  249  265  271  289  305  327  347  360  373  374  378  373
  375  371  371  361  359  355  358  365  384  418  454  499  549  606  670  716
  734  716  655  566  480  416  364  330  312  307  296  297  291  298  296  293
  280  270  258  243  238  236  236  231  223  212  196  184  172  159  152  144
  140  135  127  123  114  114  115  116  142                                   
    17.5-180.0 180.0   5.0 450.0                            LAT/LON1/LON2/DLON/H
  148  189  219  247  268  282  292  304  322  344  365  379  391  395  400  399
  401  399  398  390  386  383  390  404  428  460  503  546  599  648  699  731
  739  716  654  568  481  409  355  325  305  301  293  299  296  303  298  306
  300  300  287  276  266  261  253  246  236  226  208  196  179  173  163  161
  155  148  144  133  127  123  125  132  148                                   
    15.0-180.0 180.0   5.0 450.0                            LAT/LON1/LON2/DLON/H
  154  187  222  253  279  299  308  325  347  376  393  411  418  428  430  436
  435  433  430  421  420  422  433  452  479  515  554  596  634  669  713  730
  728  701  639  560  469  399  341  304  273  272  268  277  279  293  302  317
  322  323  316  307  297  281  269  260  245  234  215  203  186  177  171  165
  163  154  149  140  133  124  126  127  154                                   
    12.5-180.0 180.0   5.0 450.0                            LAT/LON1/LON2/DLON/H
  150  189  222  256  287  311  329  345  376  400  424  439  453  464  472  478
  480  475  472  465  465  471  488  514  546  579  604  627  652  673  700  707
  696  662  607  535  456  391  327  281  254  253  248  260  264  285  302  326
  333  342  333  326  304  291  269  263  243  237  215  206  188  185  175  174
  166  158  151  140  133  125  120  125  150                                   
    10.0-180.0 180.0   5.0 450.0                            LAT/LON1/LON2/DLON/H
  147  175  218  251  290  318  342  363  398  436  457  476  486  501  506  520
  522  522  516  513  520  536  563  591  614  634  647  659  670  678  686  679
  664  633  580  524  455  390  319  272  246  242  241  250  262  289  311  328
  337  345  338  324  305  286  268  256  245  234  219  208  198  193  186  180
  171  162  151  141  128  120  116  109  147                                   
     7.5-180.0 180.0   5.0 450.0                            LAT/LON1/LON2/DLON/H
  140  176  215  251  291  328  360  386  427  461  486  500  517  528  537  545
  555  558  565  569  584  605  633  654  662  669  671  669  669  667  661  645
