data/unet/pred1180.15i
     1.0            IONOSPHERE MAPS     GNSS                IONEX VERSION / TYPE
pyspatialgeodesy        IME             05-JAN-18 20:20     PGM / RUN BY / DATE 
Map Name                                                    COMMENT             
Predicted global ionosphere maps (GIM).                     DESCRIPTION         
  2015     4    28     0     0     0                        EPOCH OF FIRST MAP  
  2015     4    29     0     0     0                        EPOCH OF LAST MAP   
  7200                                                      INTERVAL            
    13                                                      # OF MAPS IN FILE   
  NONE                                                      MAPPING FUNCTION    
10.0                                                        ELEVATION CUTOFF    
One-way carrier phase leveled to code                       OBSERVABLES USED    
  6371.0                                                    BASE RADIUS         
 2                                                          MAP DIMENSION       
   450.0 450.0   0.0                                        HGT1 / HGT2 / DHGT  
    87.5 -87.5  -2.5                                        LAT1 / LAT2 / DLAT  
  -180.0 180.0   5.0                                        LON1 / LON2 / DLON  
    -1                                                      EXPONENT            
                                                            END OF HEADER       
[from data line 4719]
    12                                                      START OF TEC MAP    
  2015     4    28    22     0     0                        EPOCH OF CURRENT MAP
    87.5-180.0 180.0   5.0 450.0                            LAT/LON1/LON2/DLON/H
  235  202  196  201  199  201  199  202  201  203  202  204  204  205  205  206
  206  206  206  206  206  205  203  202  201  199  197  195  194  192  192  190
  190  188  188  185  186  184  185  183  185  182  184  182  184  182  183  181
  183  181  183  183  185  184  187  186  188  188  190  189  190  190  190  191
  190  191  190  191  188  192  194  213  235                                   
    85.0-180.0 180.0   5.0 450.0                            LAT/LON1/LON2/DLON/H
  197  196  198  203  201  203  203  205  207  209  212  213  216  216  218  217
  219  218  220  218  218  216  215  212  210  206  203  199  197  193  192  189
  188  184  184  181  181  179  180  178  180  179  181  180  183  181  184  183
  186  184  188  187  191  190  193  193  196  196  198  198  199  199  198  199
  197  198  196  196  193  198  196  206  197                                   
    82.5-180.0 180.0   5.0 450.0                            LAT/LON1/LON2/DLON/H
  183  185  193  197  198  200  202  206  209  213  217  221  223  226  227  228
  228  229  228  227  226  224  220  217  213  208  204  200  196  192  188  185
  182  180  177  175  174  172  173  171  174  172  175  174  178  176  180  179
  184  183  188  188  192  191  195  195  198  198  201  201  202  201  202  200
  201  198  199  194  191  194  191  199  183                                   
    80.0-180.0 180.0   5.0 450.0                            LAT/LON1/LON2/DLON/H
  177  179  186  186  190  190  196  199  206  208  216  219  226  226  231  231
  235  232  235  231  231  225  224  216  214  205  202  194  191  184  182  176
  174  169  168  164  165  160  162  158  162  159  163  161  166  164  169  168
  174  173  179  179  185  184  189  189  193  192  196  195  197  195  197  194
  195  192  193  187  186  187  183  188  177                                   
    77.5-180.0 180.0   5.0 450.0                            LAT/LON1/LON2/DLON/H
  170  174  180  182  185  187  194  200  208  214  222  229  236  240  244  245
  247  246  247  244  242  237  233  227  222  215  209  203  198  193  188  184
  180  176  173  171  169  166  165  164  164  162  163  162  164  163  165  166
  170  170  174  176  180  181  185  187  189  190  192  193  193  193  193  191
  191  188  188  182  181  181  180  180  170                                   
    75.0-180.0 180.0   5.0 450.0                            LAT/LON1/LON2/DLON/H
  171  178  182  182  185  187  194  200  210  218  228  239  247  252  255  256
  258  257  257  254  252  247  242  238  232  225  218  211  206  199  195  190
  187  183  180  177  175  172  170  168  166  163  162  160  160  157  158  157
  160  158  162  163  168  168  172  173  177  177  181  181  183  183  185  184
  184  181  182  176  177  180  179  182  171                                   
    72.5-180.0 180.0   5.0 450.0                            LAT/LON1/LON2/DLON/H
  182  189  190  192  192  195  201  209  219  229  240  252  261  267  269  269
  269  267  267  265  263  258  253  248  242  235  227  221  215  210  204  200
  197  193  190  186  184  180  178  174  172  167  165  160  160  155  155  152
  154  152  154  155  159  160  163  164  168  169  172  174  177  179  180  181
  181  182  182  180  180  186  185  188  182                                   
    70.0-180.0 180.0   5.0 450.0                            LAT/LON1/LON2/DLON/H
  194  202  205  204  204  205  210  217  226  237  248  262  270  276  277  277
  275  274  272  271  268  263  258  254  248  241  233  227  222  214  211  206
  203  199  196  191  189  183  180  175  172  166  162  156  154  148  147  144
  146  142  145  144  148  148  152  152  157  157  162  164  168  171  174  176
  178  179  182  180  185  192  192  197  194                                   
    67.5-180.0 180.0   5.0 450.0                            LAT/LON1/LON2/DLON/H
  213  217  221  221  218  218  220  226  233  243  254  266  275  279  282  279
  278  275  275  272  272  267  264  258  252  244  237  229  224  217  214  209
  206  201  197  192  189  182  178  171  168  160  156  148  147  140  138  133
  134  132  132  131  135  135  138  140  145  148  154  157  163  166  170  174
  176  179  182  185  189  200  201  207  213                                   
    65.0-180.0 180.0   5.0 450.0                            LAT/LON1/LON2/DLON/H
  223  228  232  231  231  230  230  233  238  247  256  269  276  282  281  280
  277  275  273  272  272  269  265  259  255  244  237  228  223  215  212  206
  203  198  193  188  184  175  171  164  160  152  148  141  138  131  129  126
  126  123  123  123  125  125  130  131  139  142  150  154  161  165  169  173
  176  179  183  186  193  205  207  215  223                                   
    62.5-180.0 180.0   5.0 450.0                            LAT/LON1/LON2/DLON/H
  232  235  240  240  238  236  234  235  239  244  253  262  272  276  278  276
  275  272  273  272  275  272  269  263  256  244  236  226  223  215  212  206
  202  195  189  181  175  166  161  153  149  143  138  131  128  122  119  115
  115  113  113  111  113  113  118  121  129  135  144  150  159  164  169  173
  176  179  182  186  193  205  208  219  232                                   
    60.0-180.0 180.0   5.0 450.0                            LAT/LON1/LON2/DLON/H
  233  237  243  245  244  242  238  240  240  246  252  262  269  275  276  277
  275  275  273  275  277  276  272  265  258  243  235  223  220  213  210  206
  200  192  183  176  170  161  156  149  146  139  136  129  125  119  115  112
  111  109  107  107  108  109  113  118  127  135  145  154  164  170  175  179
  181  184  186  188  194  205  207  221  233                                   
    57.5-180.0 180.0   5.0 450.0                            LAT/LON1/LON2/DLON/H
  233  237  242  246  245  243  240  239  241  244  250  256  264  269  272  274
  275  276  278  281  284  284  281  274  265  251  242  233  229  225  222  219
  209  201  186  177  169  160  154  149  146  142  138  132  126  121  116  112
  109  107  105  103  104  104  109  114  125  132  146  156  168  176  182  187
  189  191  191  192  196  204  205  222  233                                   
    55.0-180.0 180.0   5.0 450.0                            LAT/LON1/LON2/DLON/H
  233  238  244  250  251  252  248  250  247  253  254  260  264  270  272  278
  278  284  285  290  291  293  289  284  273  261  250  243  238  235  231  227
  215  204  187  177  168  161  158  153  152  148  146  139  133  126  122  116
  113  110  109  107  106  106  110  115  126  135  149  161  174  182  190  195
  199  201  201  200  202  209  210  229  233                                   
    52.5-180.0 180.0   5.0 450.0                            LAT/LON1/LON2/DLON/H
  239  243  251  259  263  266  266  265  265  266  267  267  270  273  276  281
  283  289  292  296  299  301  300  296  289  279  269  263  260  259  253  247
  230  217  197  185  176  170  167  163  163  160  156  150  142  135  129  123
  120  117  115  111  111  110  114  118  129  138  155  167  181  190  199  205
  210  215  216  215  215  219  218  239  239                                   
    50.0-180.0 180.0   5.0 450.0                            LAT/LON1/LON2/DLON/H
  251  256  264  277  285  293  292  297  290  293  286  287  282  287  286  293
  292  300  300  306  306  311  310  311  305  299  289  286  280  277  266  257
  237  224  204  193  185  180  179  176  175  172  169  163  156  147  141  135
  131  128  125  122  120  118  120  124  134  144  159  172  188  197  206  213
  220  228  230  232  231  234  237  256  251                                   
    47.5-180.0 180.0   5.0 450.0                            LAT/LON1/LON2/DLON/H
  270  274  283  296  307  318  325  327  325  322  316  309  303  302  302  305
  305  308  310  313  316  321  324  325  324  318  313  307  303  296  284  266
  248  230  215  203  197  191  190  185  184  181  178  173  166  159  152  147
  143  140  137  132  131  127  129  131  141  151  167  180  197  206  216  222
  232  241  249  251  253  255  257  274  270                                   
    45.0-180.0 180.0   5.0 450.0                            LAT/LON1/LON2/DLON/H
  292  297  303  317  327  342  350  359  356  357  345  339  326  326  319  323
  318  322  319  322  324  332  336  341  340  337  329  323  314  304  287  268
  246  231  216  209  204  200  200  195  194  191  189  184  179  172  166  161
  158  154  150  146  142  139  138  141  148  158  173  187  203  213  223  231
  242  254  264  270  274  276  286  300  292                                   
    42.5-180.0 180.0   5.0 450.0                            LAT/LON1/LON2/DLON/H
  319  324  327  337  346  360  373  383  387  385  377  366  352  347  340  341
  337  336  334  335  339  346  354  358  359  351  342  329  318  303  287  265
  244  228  218  212  210  206  207  202  198  196  194  193  189  185  180  175
  171  167  163  158  155  149  148  146  153  161  177  190  209  218  229  235
  249  262  277  284  293  300  310  326  319                                   
    40.0-180.0 180.0   5.0 450.0                            LAT/LON1/LON2/DLON/H
  346  350  351  359  364  377  388  403  408  411  402  393  377  371  360  361
  352  353  347  350  354  365  375  380  378  368  354  337  321  301  284  260
  242  226  220  217  218  217  216  212  209  207  206  206  204  201  196  193
  188  183  177  173  168  163  158  157  160  168  182  197  215  225  235  241
  253  269  283  294  305  315  334  348  346                                   
    37.5-180.0 180.0   5.0 450.0                            LAT/LON1/LON2/DLON/H
  373  377  379  381  383  391  402  415  425  429  428  420  408  400  388  383
  377  373  369  372  379  389  399  401  398  383  366  341  324  302  285  263
  244  233  227  230  229  232  227  224  217  218  216  219  217  215  210  207
  201  194  187  181  176  170  164  160  161  168  183  199  218  227  235  240
  253  267  285  296  309  326  345  363  373                                   
    35.0-180.0 180.0   5.0 450.0                            LAT/LON1/LON2/DLON/H
  396  399  401  404  405  412  420  434  445  454  455  453  444  437  421  416
  404  401  396  400  407  417  425  424  421  403  388  359  348  322  311  287
  274  261  258  257  257  254  248  245  238  239  238  242  241  237  231  223
  213  203  192  185  180  176  171  166  164  171  186  206  227  238  246  251
  261  275  291  301  311  327  355  372  396                                   
    32.5-180.0 180.0   5.0 450.0                            LAT/LON1/LON2/DLON/H
  421  425  425  430  430  434  442  454  468  477  483  483  478  471  458  448
  435  431  427  430  436  444  449  447  442  426  412  390  380  364  355  336
  322  312  302  300  291  290  278  278  265  272  265  273  263  261  247  234
  218  204  192  184  179  174  167  163  159  166  179  205  226  243  251  257
  268  280  297  307  317  339  361  383  421                                   
    30.0-180.0 180.0   5.0 450.0                            LAT/LON1/LON2/DLON/H
  443  450  451  457  464  470  478  488  502  513  518  518  508  502  487  480
  466  460  455  457  462  466  470  464  463  447  441  423  427  415  418  392
  383  354  354  341  338  326  317  311  308  309  306  303  296  286  271  254
  235  217  201  194  186  182  173  169  159  165  172  196  216  237  243  254
  266  285  304  321  335  353  376  395  443                                   
    27.5-180.0 180.0   5.0 450.0                            LAT/LON1/LON2/DLON/H
  466  479  483  495  504  513  524  533  550  560  566  562  551  540  524  512
  498  489  482  481  483  484  486  480  479  470  470  467  478  477  475  466
  450  425  409  392  378  362  348  344  342  344  340  336  327  312  293  271
  249  228  211  201  191  186  177  173  167  171  180  199  219  235  249  263
  281  302  320  335  351  378  395  416  466                                   
    25.0-180.0 180.0   5.0 450.0                            LAT/LON1/LON2/DLON/H
  484  502  516  530  546  560  573  588  603  618  620  617  601  586  563  549
  529  520  510  506  504  501  499  493  496  492  505  511  530  531  542  522
  506  470  447  421  399  375  361  357  356  354  351  349  339  328  305  284
  261  244  223  211  200  191  185  176  168  169  175  188  206  230  249  273
  291  321  338  358  370  390  409  440  484                                   
    22.5-180.0 180.0   5.0 450.0                            LAT/LON1/LON2/DLON/H
  506  535  555  584  602  625  637  654  668  681  683  678  660  641  613  592
  569  554  539  531  522  513  510  507  520  530  549  566  584  591  588  574
  543  509  471  436  399  375  361  354  357  357  356  352  345  332  313  292
  274  256  239  224  212  203  191  185  171  170  171  186  205  227  257  286
  315  343  363  384  402  421  438  474  506                                   
    20.0-180.0 180.0   5.0 450.0                            LAT/LON1/LON2/DLON/H
  522  553  581  614  640  671  683  710  723  738  735  731  707  691  656  636
  606  589  566  552  538  526  524  527  552  568  594  600  610  603  593  565
  527  484  441  403  368  346  335  336  341  346  345  345  336  327  308  293
  278  268  252  238  224  211  200  186  177  169  174  187  208  237  267  299
  330  361  381  405  422  448  468  504  522                                   
    17.5-180.0 180.0   5.0 450.0                            LAT/LON1/LON2/DLON/H
  529  565  604  643  671  706  727  759  775  791  789  782  761  741  705  680
  647  627  596  576  557  545  547  560  589  610  623  615  605  580  552  514
  468  427  384  353  329  313  309  317  326  333  330  328  319  308  294  281
  275  265  254  239  225  212  199  187  174  174  176  198  217  245  278  306
  343  370  393  418  439  466  491  523  529                                   
    15.0-180.0 180.0   5.0 450.0                            LAT/LON1/LON2/DLON/H
  537  571  604  650  684  722  742  784  801  823  823  824  803  784  747  722
  685  664  630  605  583  573  581  596  625  634  629  599  564  517  473  424
  376  336  309  291  278  271  273  288  298  304  302  299  292  284  274  269
  264  260  248  233  218  203  189  179  169  173  181  198  221  246  278  308
  342  370  391  419  442  476  504  538  537                                   
    12.5-180.0 180.0   5.0 450.0                            LAT/LON1/LON2/DLON/H
  533  568  599  643  675  712  737  772  796  820  829  838  830  815  787  760
  724  697  663  639  617  609  618  632  646  638  612  558  502  443  390  335
  291  267  255  255  249  248  257  273  282  282  276  274  275  269  262  254
  252  244  235  221  205  193  178  175  165  171  178  194  218  247  282  314
  343  369  389  418  442  477  507  540  533                                   
    10.0-180.0 180.0   5.0 450.0                            LAT/LON1/LON2/DLON/H
  541  571  593  637  671  700  723  752  773  795  809  821  823  821  806  788
  754  727  691  669  645  639  645  653  649  620  569  500  435  373  317  267
  235  225  226  235  241  251  262  278  277  271  258  258  256  260  248  243
  235  229  218  207  193  181  168  163  154  158  171  186  217  250  288  321
  343  367  384  414  442  483  514  543  541                                   
     7.5-180.0 180.0   5.0 450.0                            LAT/LON1/LON2/DLON/H
  546  582  593  634  661  683  703  715  730  745  762  781  794  805  805  795
  775  748  719  692  672  661  662  655  638  590  525  445  387  330  284  248
