data/unet/pred1460.15i
     1.0            IONOSPHERE MAPS     GNSS                IONEX VERSION / TYPE
pyspatialgeodesy        IME             05-JAN-18 20:20     PGM / RUN BY / DATE 
Map Name                                                    COMMENT             
Predicted global ionosphere maps (GIM).                     DESCRIPTION         
  2015     5    26     0     0     0                        EPOCH OF FIRST MAP  
  2015     5    27     0     0     0                        EPOCH OF LAST MAP   
  7200                                                      INTERVAL            
    13                                                      # OF MAPS IN FILE   
  NONE                                                      MAPPING FUNCTION    
10.0                                                        ELEVATION CUTOFF    
One-way carrier phase leveled to code                       OBSERVABLES USED    
  6371.0                                                    BASE RADIUS         
 2                                                          MAP DIMENSION       
   450.0 450.0   0.0                                        HGT1 / HGT2 / DHGT  
    87.5 -87.5  -2.5                                        LAT1 / LAT2 / DLAT  
  -180.0 180.0   5.0                                        LON1 / LON2 / DLON  
    -1                                                      EXPONENT            
                                                            END OF HEADER       
[from data line 3432]
     9                                                      START OF TEC MAP    
  2015     5    26    16     0     0                        EPOCH OF CURRENT MAP
    87.5-180.0 180.0   5.0 450.0                            LAT/LON1/LON2/DLON/H
  179  184  180  180  180  178  179  178  180  179  180  179  181  180  181  180
  181  180  180  179  178  177  176  175  174  173  171  171  170  169  168  167
  166  166  165  164  164  164  163  163  163  163  163  163  164  164  165  166
  167  168  169  170  170  171  172  173  174  174  175  175  176  175  176  176
  177  176  177  176  176  176  184  192  179                                   
    85.0-180.0 180.0   5.0 450.0                            LAT/LON1/LON2/DLON/H
  161  171  174  176  177  177  179  179  181  181  182  182  184  184  185  185
  186  185  185  183  183  181  180  177  176  174  172  169  168  166  165  162
  162  160  159  158  157  156  155  155  155  155  155  156  157  159  160  161
  163  165  166  167  168  170  170  171  172  173  173  173  174  174  174  173
  174  174  174  173  172  168  173  169  161                                   
    82.5-180.0 180.0   5.0 450.0                            LAT/LON1/LON2/DLON/H
  165  171  171  170  170  171  175  176  179  180  182  182  185  185  186  185
  186  185  184  183  182  180  177  175  173  171  167  165  163  161  159  157
  155  153  153  151  150  149  149  147  148  147  148  148  150  151  153  154
  156  158  160  161  162  164  165  166  167  168  168  168  168  168  168  167
  167  167  168  167  166  162  171  159  165                                   
    80.0-180.0 180.0   5.0 450.0                            LAT/LON1/LON2/DLON/H
  157  160  162  165  165  169  172  176  178  181  182  185  186  188  188  190
  189  190  187  188  184  184  179  180  175  174  168  168  163  162  158  157
  153  152  149  149  146  147  144  146  144  147  144  150  148  153  151  157
  156  162  160  166  164  168  166  170  168  171  169  171  169  170  167  169
  166  168  165  164  161  162  162  155  157                                   
    77.5-180.0 180.0   5.0 450.0                            LAT/LON1/LON2/DLON/H
  149  153  154  156  158  163  169  172  176  179  182  185  187  189  189  191
  190  190  188  187  184  182  180  177  175  171  169  166  164  160  158  155
  152  150  148  147  145  144  143  143  141  143  143  145  146  149  150  154
  155  159  160  164  163  167  165  168  166  168  166  168  166  166  164  164
  161  162  159  157  155  152  151  147  149                                   
    75.0-180.0 180.0   5.0 450.0                            LAT/LON1/LON2/DLON/H
  145  148  154  156  162  165  172  174  181  182  188  189  194  193  196  195
  196  193  193  189  189  185  185  182  182  179  178  175  173  171  169  165
  163  160  158  155  153  152  151  150  150  150  151  151  154  155  158  159
  162  164  166  167  168  170  170  170  170  170  169  169  168  167  167  165
  164  163  161  156  154  153  151  147  145                                   
    72.5-180.0 180.0   5.0 450.0                            LAT/LON1/LON2/DLON/H
  144  150  154  159  162  168  173  178  182  187  190  193  196  197  198  198
  197  196  192  191  188  187  185  185  183  181  179  177  175  174  172  171
  168  166  164  161  159  158  156  156  154  155  155  156  156  159  160  163
  163  167  166  169  167  169  168  168  166  167  165  166  163  164  162  162
  159  160  157  154  151  149  150  146  144                                   
    70.0-180.0 180.0   5.0 450.0                            LAT/LON1/LON2/DLON/H
  145  152  157  161  167  171  178  180  186  188  194  195  200  199  201  199
  200  195  194  191  190  186  187  185  186  184  184  182  183  181  181  179
  176  174  172  169  166  164  162  161  160  160  161  160  162  163  165  166
  167  168  169  169  169  169  168  167  166  166  165  164  164  163  163  163
  161  161  159  156  153  153  152  149  145                                   
    67.5-180.0 180.0   5.0 450.0                            LAT/LON1/LON2/DLON/H
  148  158  163  168  170  176  180  185  188  191  194  197  198  198  198  198
  197  194  190  189  186  185  182  183  181  181  180  180  179  179  179  179
  176  175  173  171  169  167  166  165  163  164  163  164  163  165  165  166
  165  167  166  167  165  165  163  163  161  160  159  160  159  160  159  161
  159  160  159  156  154  152  155  151  148                                   
    65.0-180.0 180.0   5.0 450.0                            LAT/LON1/LON2/DLON/H
  151  162  169  174  180  184  188  189  193  194  197  197  201  200  201  198
  199  195  194  190  189  185  185  182  183  181  182  182  182  183  183  183
  182  181  178  176  172  171  169  168  169  168  169  168  168  167  167  166
  166  166  166  165  165  163  162  160  159  158  158  156  157  157  159  159
  160  160  160  157  156  155  157  155  151                                   
    62.5-180.0 180.0   5.0 450.0                            LAT/LON1/LON2/DLON/H
  152  167  174  182  184  189  191  193  193  195  195  196  197  197  196  197
  195  193  189  187  183  182  178  178  177  176  176  176  177  178  179  180
  179  179  178  176  175  173  172  172  171  173  172  173  169  169  166  166
  164  164  162  163  161  161  159  158  156  155  154  154  153  154  154  156
  155  157  156  155  154  152  158  154  152                                   
    60.0-180.0 180.0   5.0 450.0                            LAT/LON1/LON2/DLON/H
  148  165  175  183  191  194  197  196  197  197  197  197  198  197  198  196
  198  194  192  188  186  181  180  177  177  175  175  176  177  179  180  182
  182  183  181  180  178  177  177  177  179  180  181  180  177  175  171  169
  166  165  164  164  164  163  161  160  158  155  155  152  152  150  151  150
  152  151  152  149  150  149  154  151  148                                   
    57.5-180.0 180.0   5.0 450.0                            LAT/LON1/LON2/DLON/H
  144  160  170  181  187  193  195  197  196  196  194  194  194  193  193  194
  194  191  188  186  183  179  176  174  174  172  173  173  174  176  179  181
  181  183  183  183  181  181  181  183  185  188  188  189  184  182  176  174
  170  170  167  168  165  166  163  162  158  156  152  151  147  147  144  145
  143  144  143  142  141  140  147  144  144                                   
    55.0-180.0 180.0   5.0 450.0                            LAT/LON1/LON2/DLON/H
  135  150  162  172  184  191  196  197  198  198  196  195  195  195  196  196
  197  194  192  188  185  181  179  176  176  176  176  178  179  182  184  187
  188  191  191  191  190  190  191  194  196  199  200  200  196  193  186  182
  179  175  173  172  170  169  167  164  162  159  155  150  147  142  140  137
  137  135  135  131  132  132  138  136  135                                   
    52.5-180.0 180.0   5.0 450.0                            LAT/LON1/LON2/DLON/H
  126  140  150  164  175  186  193  199  200  201  198  198  196  195  195  197
  197  196  192  188  185  181  179  178  178  179  180  182  184  186  190  193
  193  197  196  198  196  198  198  202  204  208  210  211  207  204  196  194
  188  186  180  179  173  172  168  167  163  161  155  151  144  140  135  132
  130  128  128  124  124  122  130  128  126                                   
    50.0-180.0 180.0   5.0 450.0                            LAT/LON1/LON2/DLON/H
  123  132  143  152  169  181  194  200  203  205  204  202  200  199  199  201
  201  200  196  193  188  186  183  184  185  188  189  192  193  197  200  203
  205  207  209  210  210  210  211  214  217  221  222  224  220  216  209  206
  201  197  192  187  182  178  174  171  169  165  161  154  147  140  135  131
  128  126  124  121  120  119  125  125  123                                   
    47.5-180.0 180.0   5.0 450.0                            LAT/LON1/LON2/DLON/H
  121  129  135  147  160  176  190  202  207  211  210  208  207  204  204  206
  207  205  202  197  192  188  186  187  190  192  197  200  203  206  208  212
  211  216  218  222  222  223  223  226  227  230  232  231  228  225  219  217
  211  208  201  199  188  187  178  177  172  171  165  160  151  144  137  134
  130  128  126  122  119  117  124  124  121                                   
    45.0-180.0 180.0   5.0 450.0                            LAT/LON1/LON2/DLON/H
  124  128  133  141  158  172  192  204  214  219  220  217  214  211  211  212
  213  212  208  206  199  197  194  197  199  204  205  210  212  218  220  223
  225  231  233  239  238  238  236  236  237  239  240  239  236  233  227  226
  220  216  210  204  197  190  187  183  180  178  175  167  160  152  146  141
  138  136  134  130  125  123  129  131  124                                   
    42.5-180.0 180.0   5.0 450.0                            LAT/LON1/LON2/DLON/H
  127  130  132  141  153  170  189  207  218  226  227  227  224  220  219  220
  221  221  218  215  209  206  204  207  211  212  216  219  225  229  233  238
  242  250  255  260  262  259  257  254  252  252  251  250  245  242  236  234
  229  225  217  213  202  199  190  190  184  186  181  178  169  163  155  153
  149  147  145  139  133  129  136  136  127                                   
    40.0-180.0 180.0   5.0 450.0                            LAT/LON1/LON2/DLON/H
  132  131  133  137  151  167  189  207  223  233  236  237  234  232  229  230
  230  234  228  227  221  220  217  222  222  224  224  230  236  243  250  259
  264  277  283  291  289  286  280  273  270  268  266  264  259  255  248  245
  237  233  223  217  209  203  199  195  194  192  192  186  182  175  169  166
  164  161  157  152  145  142  143  146  132                                   
    37.5-180.0 180.0   5.0 450.0                            LAT/LON1/LON2/DLON/H
  136  134  134  137  145  162  183  205  222  236  240  246  244  241  238  239
  239  241  239  237  234  232  232  235  236  235  238  242  251  260  272  284
  295  308  316  322  316  311  303  297  289  286  282  279  273  268  261  256
  249  242  231  226  215  213  204  205  200  204  201  201  195  192  185  185
  180  178  173  164  155  150  150  150  136                                   
    35.0-180.0 180.0   5.0 450.0                            LAT/LON1/LON2/DLON/H
  140  135  130  129  139  154  178  199  218  236  243  252  251  252  247  250
  246  253  248  250  245  249  247  252  250  253  254  263  273  287  300  315
  326  341  348  353  344  336  326  317  311  306  302  296  289  281  271  265
  254  247  233  226  219  214  210  207  207  208  210  207  207  202  199  196
  195  191  186  176  167  158  156  157  140                                   
    32.5-180.0 180.0   5.0 450.0                            LAT/LON1/LON2/DLON/H
  141  133  126  126  131  147  168  192  212  232  242  254  255  256  253  255
  253  257  257  258  260  261  263  267  268  270  275  287  299  315  330  345
  361  375  383  386  374  363  348  337  327  321  313  307  299  291  279  270
  260  249  236  228  221  217  213  209  209  212  214  217  217  216  212  213
  207  205  196  187  175  166  162  159  141                                   
    30.0-180.0 180.0   5.0 450.0                            LAT/LON1/LON2/DLON/H
  143  129  120  117  122  138  160  183  203  226  238  253  255  260  257  260
  258  264  262  268  269  276  277  286  287  296  301  316  328  344  359  380
  398  416  423  422  408  394  376  360  348  337  328  317  308  297  285  274
  261  249  234  225  219  216  214  211  211  213  219  221  224  220  221  217
  216  209  204  192  185  172  167  162  143                                   
    27.5-180.0 180.0   5.0 450.0                            LAT/LON1/LON2/DLON/H
  148  132  122  117  120  131  151  174  195  218  233  252  256  262  261  264
  264  268  271  275  280  283  289  298  304  314  324  340  355  375  396  419
  440  458  461  457  440  424  404  384  368  352  338  325  313  301  287  275
  259  246  232  224  217  215  213  213  212  215  218  222  224  224  222  223
  219  215  206  200  189  178  174  166  148                                   
    25.0-180.0 180.0   5.0 450.0                            LAT/LON1/LON2/DLON/H
  153  136  132  127  127  135  149  167  187  210  227  248  256  265  265  268
  268  272  276  282  286  294  297  311  317  332  342  363  382  406  427  451
  471  484  483  473  458  440  421  402  386  368  355  338  326  312  295  281
  262  249  232  226  220  217  214  212  211  212  214  215  219  218  219  217
  216  212  206  198  192  178  180  171  153                                   
    22.5-180.0 180.0   5.0 450.0                            LAT/LON1/LON2/DLON/H
  162  144  140  138  134  142  156  168  187  209  226  248  259  271  270  276
  276  280  284  292  296  300  309  321  332  346  362  388  411  433  454  475
  490  497  491  479  461  447  430  413  397  379  365  348  335  319  302  288
  267  253  234  229  212  210  200  199  200  209  209  211  213  213  213  212
  211  207  202  195  188  180  179  174  162                                   
    20.0-180.0 180.0   5.0 450.0                            LAT/LON1/LON2/DLON/H
  166  148  147  145  145  150  163  173  186  206  221  243  256  272  276  281
  281  287  290  297  302  309  316  331  341  362  382  411  433  453  468  483
  491  490  480  463  448  434  423  410  399  384  372  358  344  331  313  298
  276  259  241  225  207  202  193  194  193  201  204  204  204  203  202  203
  202  201  197  190  186  178  180  175  166                                   
    17.5-180.0 180.0   5.0 450.0                            LAT/LON1/LON2/DLON/H
  173  151  146  147  146  154  167  175  190  204  222  243  259  278  286  294
  296  301  303  310  314  319  329  340  356  378  403  431  453  465  473  479
  481  474  461  446  435  424  416  408  398  385  376  361  351  335  320  301
  281  264  242  227  204  202  196  197  197  196  196  196  195  193  193  192
  195  192  192  184  181  174  176  171  173                                   
    15.0-180.0 180.0   5.0 450.0                            LAT/LON1/LON2/DLON/H
  171  148  142  143  147  156  170  178  192  205  221  241  257  279  292  305
  311  317  318  320  321  327  335  353  372  394  419  445  460  466  467  466
  462  452  440  428  423  414  413  407  400  390  380  370  357  345  328  310
  291  270  250  229  211  204  202  196  194  191  191  188  187  182  182  180
  182  185  184  181  173  169  167  163  171                                   
    12.5-180.0 180.0   5.0 450.0                            LAT/LON1/LON2/DLON/H
  168  142  131  134  136  149  163  173  189  201  222  239  260  282  297  314
  327  334  336  337  337  341  350  365  383  408  432  454  463  463  459  455
  447  439  430  425  421  417  416  412  406  395  386  372  362  345  331  312
  293  272  246  229  212  205  197  196  192  189  184  183  179  175  174  172
  175  177  179  174  168  157  157  149  168                                   
    10.0-180.0 180.0   5.0 450.0                            LAT/LON1/LON2/DLON/H
  155  128  119  118  121  136  151  166  184  202  220  240  260  281  298  317
  334  346  350  350  348  352  360  378  396  419  438  452  456  453  448  442
  436  430  427  424  425  422  423  420  413  403  391  379  364  351  334  318
  297  273  248  225  210  199  194  189  189  182  179  174  172  165  165  161
  166  164  167  160  152  145  140  134  155                                   
     7.5-180.0 180.0   5.0 450.0                            LAT/LON1/LON2/DLON/H
  139  118  106  103  103  116  133  153  176  194  219  238  261  278  296  317
  335  351  357  360  359  364  371  389  406  428  444  451  454  451  447  442
