data/unet/pred2490.15i
     1.0            IONOSPHERE MAPS     GNSS                IONEX VERSION / TYPE
pyspatialgeodesy        IME             05-JAN-18 20:20     PGM / RUN BY / DATE 
Map Name                                                    COMMENT             
Predicted global ionosphere maps (GIM).                     DESCRIPTION         
  2015     9     6     0     0     0                        EPOCH OF FIRST MAP  
  2015     9     7     0     0     0                        EPOCH OF LAST MAP   
  7200                                                      INTERVAL            
    13                                                      # OF MAPS IN FILE   
  NONE                                                      MAPPING FUNCTION    
10.0                                                        ELEVATION CUTOFF    
One-way carrier phase leveled to code                       OBSERVABLES USED    
  6371.0                                                    BASE RADIUS         
 2                                                          MAP DIMENSION       
   450.0 450.0   0.0                                        HGT1 / HGT2 / DHGT  
    87.5 -87.5  -2.5                                        LAT1 / LAT2 / DLAT  
  -180.0 180.0   5.0                                        LON1 / LON2 / DLON  
    -1                                                      EXPONENT            
                                                            END OF HEADER       
[from data line 858]
     3                                                      START OF TEC MAP    
  2015     9     6     4     0     0                        EPOCH OF CURRENT MAP
    87.5-180.0 180.0   5.0 450.0                            LAT/LON1/LON2/DLON/H
  123  132  117  115  117  114  115  114  116  115  116  115  116  116  116  115
  116  115  114  113  113  111  111  108  109  106  107  104  105  102  103  100
  102   99  101   98  101   99  101  100  103  102  104  103  107  106  109  108
  111  110  113  111  114  113  115  113  116  114  116  115  116  115  116  115
  117  116  117  117  118  114  128  134  123                                   
    85.0-180.0 180.0   5.0 450.0                            LAT/LON1/LON2/DLON/H
  132  128  111  118  115  116  113  117  115  118  114  119  116  120  116  120
  116  119  114  116  112  113  108  109  105  105  100  101   98   98   94   95
   93   94   92   94   92   94   93   95   95   98   98  100  102  104  105  107
  108  110  111  113  114  115  115  117  117  118  117  118  117  119  116  118
  116  118  117  119  116  115  123  131  132                                   
    82.5-180.0 180.0   5.0 450.0                            LAT/LON1/LON2/DLON/H
  117  106  104  109  105  106  105  108  108  109  109  111  111  112  111  113
  111  111  108  108  104  103   99   98   93   91   87   85   82   80   77   76
   74   74   72   74   73   74   73   77   77   81   82   86   88   93   94   99
  100  105  105  109  109  112  112  114  114  115  114  114  113  113  112  111
  110  109  110  109  108  105  116  115  117                                   
    80.0-180.0 180.0   5.0 450.0                            LAT/LON1/LON2/DLON/H
  119  109  106  107  106  105  106  108  108  109  110  112  112  113  113  114
  113  113  110  109  105  103   98   95   90   86   82   79   76   74   70   70
   68   69   68   70   70   72   72   75   77   80   83   88   91   96   99  103
  106  110  113  117  120  123  124  126  126  127  125  126  124  124  121  120
  118  117  115  115  112  107  115  113  119                                   
    77.5-180.0 180.0   5.0 450.0                            LAT/LON1/LON2/DLON/H
  119  106  101  104   99   99   99  100  100  101  102  104  104  106  106  107
  107  106  104  103   99   95   90   86   80   75   71   67   64   61   60   59
   59   60   61   62   63   64   66   68   71   74   78   84   87   93   96  102
  106  112  116  121  124  128  128  131  130  131  130  130  127  128  124  124
  120  120  117  116  112  107  116  114  119                                   
    75.0-180.0 180.0   5.0 450.0                            LAT/LON1/LON2/DLON/H
  116  106   97   94   93   90   91   89   90   90   92   93   95   96   98   98
  100   98   99   95   93   87   84   77   72   66   63   57   54   51   52   51
   52   53   54   55   56   58   60   62   64   69   74   79   84   90   96  100
  105  111  116  120  123  126  128  129  129  129  128  128  126  125  123  122
  120  119  119  118  115  109  118  115  116                                   
    72.5-180.0 180.0   5.0 450.0                            LAT/LON1/LON2/DLON/H
  119  105   98   95   91   87   86   84   84   82   83   84   85   87   89   90
   92   92   93   91   88   83   80   73   68   61   58   52   50   48   51   49
   52   51   54   54   55   55   58   58   62   65   71   77   83   88   94   99
  106  110  116  119  123  125  127  128  127  126  126  124  122  121  120  119
  118  118  118  118  118  113  124  122  119                                   
    70.0-180.0 180.0   5.0 450.0                            LAT/LON1/LON2/DLON/H
  121  112  101   97   94   87   86   82   81   77   77   75   78   76   80   79
   84   82   86   83   84   78   76   68   66   57   55   49   50   47   51   49
   53   51   54   53   53   53   55   55   59   63   70   77   83   89   96  102
  107  111  115  118  121  124  125  126  125  125  123  123  121  120  118  117
  117  118  120  122  123  120  129  128  121                                   
    67.5-180.0 180.0   5.0 450.0                            LAT/LON1/LON2/DLON/H
  125  114  107  105   97   92   88   84   81   77   74   72   70   70   70   72
   74   76   78   78   78   75   72   66   61   54   51   48   49   47   51   50
   53   51   53   50   50   49   50   51   55   60   68   76   84   92   99  104
  110  112  116  117  120  121  123  123  122  122  121  120  118  116  115  113
  113  113  117  119  124  122  133  133  125                                   
    65.0-180.0 180.0   5.0 450.0                            LAT/LON1/LON2/DLON/H
  126  122  115  111  105   97   94   88   85   79   76   70   68   65   65   64
   67   67   71   70   72   69   67   60   57   50   49   45   48   47   51   50
   52   49   49   46   45   43   45   46   53   59   69   78   87   97  102  110
  112  116  116  119  120  122  122  123  122  122  121  121  119  118  115  114
  113  115  118  122  125  125  135  136  126                                   
    62.5-180.0 180.0   5.0 450.0                            LAT/LON1/LON2/DLON/H
  132  122  120  119  109  102   98   93   88   82   76   72   66   64   60   61
   60   62   62   64   63   61   57   54   49   45   44   42   45   44   48   46
   47   43   43   39   38   36   39   42   50   58   69   81   92  101  108  113
  117  119  121  121  123  123  125  124  125  125  125  123  122  119  117  114
  113  112  116  117  123  123  135  136  132                                   
    60.0-180.0 180.0   5.0 450.0                            LAT/LON1/LON2/DLON/H
  129  127  122  121  114  106  103   97   93   85   81   74   71   64   61   57
   56   54   54   54   54   51   49   45   43   39   40   39   42   41   44   41
   42   37   36   32   33   31   36   39   50   58   73   86   98  107  113  119
  121  125  124  127  129  132  132  132  133  133  133  131  128  125  120  117
  113  113  114  118  121  120  133  132  129                                   
    57.5-180.0 180.0   5.0 450.0                            LAT/LON1/LON2/DLON/H
  134  126  124  125  118  110  105  100   95   89   83   78   71   67   61   59
   54   52   49   48   45   43   39   37   36   34   36   35   38   37   39   35
   35   30   29   26   28   27   34   38   51   61   76   91  104  114  121  125
  130  132  135  137  141  142  144  143  144  144  143  141  137  132  127  121
  116  113  115  115  121  119  131  128  134                                   
    55.0-180.0 180.0   5.0 450.0                            LAT/LON1/LON2/DLON/H
  132  131  128  128  122  116  111  104   99   92   87   81   78   70   67   61
   57   51   47   43   40   37   35   32   34   32   36   35   38   36   37   33
   32   28   30   27   31   31   39   43   57   66   83   96  111  121  128  133
  136  141  143  148  152  155  156  155  155  154  154  151  147  141  134  128
  121  119  119  120  123  120  132  128  132                                   
    52.5-180.0 180.0   5.0 450.0                            LAT/LON1/LON2/DLON/H
  142  136  136  137  131  125  118  112  104   97   90   85   80   76   69   66
   59   55   48   44   40   36   34   33   34   35   38   38   40   38   39   35
   34   32   34   34   38   40   47   51   63   72   87  103  117  128  136  141
  147  152  158  163  169  171  171  168  167  165  163  159  154  148  140  133
  128  125  125  125  128  127  136  130  142                                   
    50.0-180.0 180.0   5.0 450.0                            LAT/LON1/LON2/DLON/H
  147  147  148  149  145  139  132  123  113  103   96   89   87   80   76   70
   66   58   53   46   43   39   39   37   41   41   44   43   46   42   43   39
   40   40   43   45   51   52   58   61   72   79   95  107  124  136  145  151
  159  166  173  179  186  187  185  180  178  173  170  166  162  156  149  144
  139  137  138  139  140  136  144  139  147                                   
    47.5-180.0 180.0   5.0 450.0                            LAT/LON1/LON2/DLON/H
  161  159  163  164  158  153  145  137  124  113  103   96   90   87   81   76
   69   64   58   54   51   47   48   46   50   50   54   53   55   52   52   49
   52   52   58   61   66   66   69   70   78   85   99  115  132  146  156  165
  174  182  189  196  201  201  197  190  184  178  173  169  165  160  154  149
  145  146  147  148  151  150  154  148  161                                   
    45.0-180.0 180.0   5.0 450.0                            LAT/LON1/LON2/DLON/H
  168  172  178  178  173  167  161  152  141  126  114  104  100   92   89   81
   78   70   67   63   62   60   61   61   64   63   66   64   66   62   63   60
   63   64   71   75   79   80   81   80   85   92  106  122  141  155  167  176
  186  193  200  206  211  210  205  196  188  181  175  170  166  162  159  156
  155  156  160  162  163  160  166  163  168                                   
    42.5-180.0 180.0   5.0 450.0                            LAT/LON1/LON2/DLON/H
  178  179  185  187  180  177  170  164  151  139  123  113  105  100   93   88
   82   79   75   74   74   74   76   75   77   75   76   74   74   72   72   71
   74   78   84   89   90   90   88   88   91  100  112  133  151  166  178  189
  196  202  208  212  217  214  210  200  191  182  175  171  167  164  161  160
  160  164  168  169  171  173  173  171  178                                   
    40.0-180.0 180.0   5.0 450.0                            LAT/LON1/LON2/DLON/H
  184  186  190  191  187  184  179  172  163  151  136  124  115  107  101   94
   91   86   86   85   88   88   91   90   90   87   86   82   82   80   81   80
   84   86   93   96   98   96   95   92   98  106  121  141  161  177  189  197
  206  209  214  217  223  222  217  208  199  190  181  176  170  166  164  164
  167  171  177  180  181  181  185  184  184                                   
    37.5-180.0 180.0   5.0 450.0                            LAT/LON1/LON2/DLON/H
  193  188  191  191  186  185  179  177  166  157  144  132  121  115  106  101
   96   95   94   96   98  100  102  101   99   95   91   87   85   85   84   86
   86   91   93   98   97   97   95   95  101  112  129  150  170  187  198  206
  213  215  219  222  228  229  226  220  213  204  195  188  181  178  175  175
  176  180  185  187  189  192  192  189  193                                   
    35.0-180.0 180.0   5.0 450.0                            LAT/LON1/LON2/DLON/H
  204  197  199  193  191  186  183  177  170  160  150  140  130  122  114  108
  104  102  103  104  108  108  111  107  106  100   96   91   89   87   89   88
   90   91   94   95   95   94   94   94  104  115  134  155  176  192  203  209
  216  217  223  226  235  238  240  236  233  225  217  206  199  193  189  188
  188  192  196  198  198  200  204  202  204                                   
    32.5-180.0 180.0   5.0 450.0                            LAT/LON1/LON2/DLON/H
  222  211  213  206  196  193  185  181  170  163  151  144  133  127  117  112
  107  107  107  110  113  114  114  112  109  105  100   95   91   91   88   90
   88   90   90   91   89   90   91   95  104  117  135  157  177  192  202  209
  214  218  224  230  241  247  254  255  257  250  244  234  225  219  213  210
  207  207  208  207  208  213  216  213  222                                   
    30.0-180.0 180.0   5.0 450.0                            LAT/LON1/LON2/DLON/H
  251  234  233  223  215  205  195  186  174  165  153  146  138  131  123  117
  112  110  111  112  115  114  115  112  111  107  104   99   97   95   94   93
   91   90   87   87   86   87   89   92  104  115  134  151  173  185  199  203
  211  214  222  231  247  258  270  276  282  277  275  265  258  249  244  238
  234  231  230  228  225  227  233  232  251                                   
    27.5-180.0 180.0   5.0 450.0                            LAT/LON1/LON2/DLON/H
  294  265  270  256  241  232  215  204  186  175  159  151  141  136  125  121
  113  112  109  111  112  114  113  113  112  111  109  106  103  101   98   96
   94   90   87   85   84   87   88   93  101  114  128  145  164  177  188  195
  204  211  224  237  256  272  286  298  307  308  308  301  293  286  278  273
  265  261  257  250  247  252  256  258  294                                   
    25.0-180.0 180.0   5.0 450.0                            LAT/LON1/LON2/DLON/H
  346  331  324  310  289  267  249  226  205  185  168  156  147  139  130  122
  116  110  108  107  109  109  111  111  113  114  114  112  109  107  103  100
   95   91   84   83   82   85   87   90   98  106  121  133  154  165  179  186
  198  208  224  241  265  286  303  318  330  334  337  330  324  318  312  306
  301  294  289  282  277  279  290  293  346                                   
    22.5-180.0 180.0   5.0 450.0                            LAT/LON1/LON2/DLON/H
  393  387  387  371  352  329  295  266  236  211  185  169  154  146  133  126
  115  110  103  102  104  108  109  113  115  119  120  119  116  113  108  102
   97   90   86   81   82   85   86   89   94  103  116  127  146  160  176  184
  199  211  232  254  279  303  321  338  354  359  364  358  355  348  343  338
  334  328  322  315  311  317  328  338  393                                   
    20.0-180.0 180.0   5.0 450.0                            LAT/LON1/LON2/DLON/H
  431  441  443  442  420  402  363  327  276  242  212  186  166  152  140  127
  117  107  100   98  102  105  112  116  120  123  124  123  118  116  109  104
   96   90   83   81   78   82   83   82   88   94  109  117  140  155  175  184
  201  217  243  267  297  319  341  360  375  383  387  386  384  380  378  378
  374  369  360  355  347  357  370  376  431                                   
    17.5-180.0 180.0   5.0 450.0                            LAT/LON1/LON2/DLON/H
  456  476  489  493  481  465  429  386  328  283  241  212  182  164  147  135
  122  114  107  104  107  113  118  123  124  128  127  126  121  117  110  103
   96   90   85   82   81   82   83   81   85   92  106  118  142  159  179  188
  209  229  257  286  312  338  358  380  395  405  409  414  415  418  419  419
  417  412  403  395  390  400  406  413  456                                   
    15.0-180.0 180.0   5.0 450.0                            LAT/LON1/LON2/DLON/H
  478  501  514  524  515  508  479  439  381  326  277  241  213  185  163  145
  133  123  116  113  118  121  128  130  131  131  128  126  119  115  107  102
   94   90   84   83   79   80   79   77   82   87  106  119  148  163  183  195
  217  241  272  301  331  354  378  397  415  425  430  437  440  448  451  455
  450  448  438  431  422  431  440  437  478                                   
    12.5-180.0 180.0   5.0 450.0                            LAT/LON1/LON2/DLON/H
  487  511  523  531  526  521  501  467  418  365  310  272  238  212  182  162
  148  140  135  131  134  137  140  140  137  134  128  123  117  111  107  100
   96   91   88   86   84   81   81   78   84   90  109  128  157  173  190  201
  229  255  286  316  344  370  391  410  428  441  447  457  463  472  474  477
  475  474  465  459  451  458  459  457  487                                   
    10.0-180.0 180.0   5.0 450.0                            LAT/LON1/LON2/DLON/H
  493  511  519  523  520  519  502  476  436  393  342  300  265  236  210  184
  170  159  156  151  152  149  151  147  143  135  126  119  112  109  103  100
   93   90   85   85   80   79   78   77   84   91  111  132  163  178  195  210
  236  264  297  324  355  378  404  425  445  459  468  479  486  493  496  500
  499  499  493  484  474  477  478  466  493                                   
     7.5-180.0 180.0   5.0 450.0                            LAT/LON1/LON2/DLON/H
  487  502  502  499  492  493  481  462  432  399  357  319  288  259  232  210
  193  184  179  172  168  165  162  156  147  135  125  117  112  107  104   98
