data/unet/pred0550.15i
     1.0            IONOSPHERE MAPS     GNSS                IONEX VERSION / TYPE
pyspatialgeodesy        IME             05-JAN-18 20:20     PGM / RUN BY / DATE 
Map Name                                                    COMMENT             
Predicted global ionosphere maps (GIM).                     DESCRIPTION         
  2015     2    24     0     0     0                        EPOCH OF FIRST MAP  
  2015     2    25     0     0     0                        EPOCH OF LAST MAP   
  7200                                                      INTERVAL            
    13                                                      # OF MAPS IN FILE   
  NONE                                                      MAPPING FUNCTION    
10.0                                                        ELEVATION CUTOFF    
One-way carrier phase leveled to code                       OBSERVABLES USED    
  6371.0                                                    BASE RADIUS         
 2                                                          MAP DIMENSION       
   450.0 450.0   0.0                                        HGT1 / HGT2 / DHGT  
    87.5 -87.5  -2.5                                        LAT1 / LAT2 / DLAT  
  -180.0 180.0   5.0                                        LON1 / LON2 / DLON  
    -1                                                      EXPONENT            
                                                            END OF HEADER       
[from data line 3861]
    10                                                      START OF TEC MAP    
  2015     2    24    18     0     0                        EPOCH OF CURRENT MAP
    87.5-180.0 180.0   5.0 450.0                            LAT/LON1/LON2/DLON/H
  198  172  173  176  177  177  179  181  183  184  185  186  186  186  186  186
  185  186  185  186  184  184  182  181  178  176  174  171  168  166  163  160
  157  155  153  150  150  147  146  143  144  141  142  140  141  139  141  138
  142  138  142  139  144  142  146  145  150  149  152  152  155  155  158  159
  162  163  165  165  169  169  179  178  198                                   
    85.0-180.0 180.0   5.0 450.0                            LAT/LON1/LON2/DLON/H
  157  162  165  172  171  177  176  182  180  186  184  189  186  191  188  191
  188  191  188  190  187  187  184  183  180  178  175  173  169  167  163  160
  156  154  150  147  144  142  138  136  133  133  130  130  128  130  129  130
  130  133  132  135  135  138  138  142  142  145  144  148  148  151  150  153
  154  157  156  158  159  156  164  170  157                                   
    82.5-180.0 180.0   5.0 450.0                            LAT/LON1/LON2/DLON/H
  136  135  144  148  153  157  161  165  168  172  175  177  179  181  182  184
  184  186  185  185  183  182  179  176  173  169  166  162  158  155  151  147
  142  138  133  130  125  122  117  115  111  110  107  107  105  106  106  107
  108  110  112  114  117  117  120  121  125  124  128  127  131  129  133  130
  133  131  133  131  136  130  134  138  136                                   
    80.0-180.0 180.0   5.0 450.0                            LAT/LON1/LON2/DLON/H
  110  117  119  128  133  138  143  149  152  158  160  166  168  172  174  177
  179  181  182  181  180  178  175  171  168  164  160  155  151  145  142  136
  133  127  123  118  114  108  104   99   95   92   89   88   86   85   85   87
   87   90   91   95   97  101  101  105  106  108  110  111  114  114  115  115
  115  115  113  115  112  108  109  117  110                                   
    77.5-180.0 180.0   5.0 450.0                            LAT/LON1/LON2/DLON/H
   83   90  100  106  111  119  123  131  134  142  146  152  155  160  164  168
  171  174  175  176  174  173  171  168  164  160  157  152  148  141  138  132
  129  122  118  111  105   99   93   88   82   79   76   75   73   73   73   74
   76   78   82   84   89   91   95   96  100   98  102  100  103  100  102   99
  100   96   96   93   92   86   87   92   83                                   
    75.0-180.0 180.0   5.0 450.0                            LAT/LON1/LON2/DLON/H
   71   76   86   94  101  107  113  120  125  133  138  145  150  156  162  167
  172  174  175  176  175  175  173  171  167  163  160  155  150  145  141  136
  132  126  120  116  106  102   92   89   80   79   73   76   70   74   70   76
   73   80   79   86   85   92   90   95   93   96   95   96   95   95   94   92
   91   88   84   82   78   74   77   82   71                                   
    72.5-180.0 180.0   5.0 450.0                            LAT/LON1/LON2/DLON/H
   73   74   83   91   96  103  109  117  123  132  138  146  152  159  165  171
  176  180  182  185  186  187  187  185  181  174  171  164  159  152  148  142
  136  130  125  119  112  104   96   90   82   79   74   75   73   75   77   79
   81   84   88   91   93   95   95   96   96   95   96   93   94   90   90   87
   86   81   80   75   74   67   72   76   73                                   
    70.0-180.0 180.0   5.0 450.0                            LAT/LON1/LON2/DLON/H
   78   78   87   96  100  107  113  121  127  137  143  152  158  167  175  182
  188  194  198  203  205  209  208  208  201  195  186  179  171  164  158  152
  147  139  134  127  120  111  103   96   87   82   78   78   77   80   81   85
   87   91   92   96   95   98   95   96   93   93   90   90   89   88   87   86
   84   82   78   77   73   69   73   78   78                                   
    67.5-180.0 180.0   5.0 450.0                            LAT/LON1/LON2/DLON/H
   87   86   94  103  108  115  120  129  136  145  152  161  169  179  187  197
  205  214  218  225  229  233  235  232  227  215  206  192  186  173  168  158
  154  144  138  129  122  112  104   95   88   82   78   78   78   80   82   86
   88   92   93   96   94   95   91   91   89   86   85   84   85   83   85   82
   83   79   80   76   76   71   75   85   87                                   
    65.0-180.0 180.0   5.0 450.0                            LAT/LON1/LON2/DLON/H
   90   89   99  108  112  120  127  135  142  153  160  172  179  191  200  211
  221  230  239  246  254  256  259  256  249  238  225  213  201  191  181  171
  163  152  144  134  125  115  106   96   89   82   79   78   78   80   81   84
   86   89   89   90   88   87   82   81   77   77   75   76   76   79   80   81
   79   79   78   77   75   73   76   86   90                                   
    62.5-180.0 180.0   5.0 450.0                            LAT/LON1/LON2/DLON/H
   88   86   95  105  112  120  129  138  148  159  168  179  190  203  214  227
  237  248  257  264  270  272  274  271  266  255  244  232  219  207  197  183
  174  159  149  135  124  111  101   91   84   76   75   71   73   71   74   74
   77   78   79   79   77   75   70   68   66   65   65   66   68   71   74   74
   75   73   73   71   71   68   70   84   88                                   
    60.0-180.0 180.0   5.0 450.0                            LAT/LON1/LON2/DLON/H
   74   77   81   92  100  112  122  136  147  161  173  186  197  211  224  236
  249  257  268  272  280  278  282  279  275  268  258  249  237  227  214  202
  187  172  158  143  129  115  103   92   83   77   75   72   71   68   69   66
   69   68   69   68   66   62   61   58   58   57   59   61   64   68   69   70
   69   69   67   66   64   60   63   74   74                                   
    57.5-180.0 180.0   5.0 450.0                            LAT/LON1/LON2/DLON/H
   65   65   69   78   90  102  117  132  148  163  179  192  206  219  233  247
  259  270  278  281  285  283  283  281  278  273  268  260  255  245  235  222
  207  190  172  153  136  120  108   95   88   81   78   74   72   66   66   61
   62   60   61   60   61   58   58   56   57   56   59   60   63   66   67   67
   65   64   62   59   58   55   56   62   65                                   
    55.0-180.0 180.0   5.0 450.0                            LAT/LON1/LON2/DLON/H
   56   59   61   70   81   95  111  131  149  168  183  199  213  226  241  254
  267  276  286  285  290  285  286  281  281  278  276  274  270  267  257  246
  230  211  191  170  152  133  120  106   99   91   89   82   80   71   69   62
   63   59   61   58   61   58   60   59   61   62   64   67   69   71   69   68
   65   63   60   58   57   54   56   58   56                                   
    52.5-180.0 180.0   5.0 450.0                            LAT/LON1/LON2/DLON/H
   60   59   64   75   89  103  122  140  160  177  193  207  221  234  249  263
  277  291  295  298  297  293  287  286  282  284  284  287  287  287  279  269
  250  231  208  189  165  150  133  123  114  107  103   97   90   82   77   71
   70   67   67   67   68   69   69   72   73   76   78   81   82   84   79   76
   72   69   68   66   65   62   62   58   60                                   
    50.0-180.0 180.0   5.0 450.0                            LAT/LON1/LON2/DLON/H
   68   69   74   89  103  120  136  154  173  190  204  219  231  246  260  276
  291  302  311  308  311  299  299  291  293  292  296  300  304  303  298  286
  270  247  226  203  184  165  153  140  133  125  123  114  110   99   94   85
   85   81   83   82   85   85   88   89   92   95   97   99   99  100   95   92
   86   85   82   82   79   77   77   72   68                                   
    47.5-180.0 180.0   5.0 450.0                            LAT/LON1/LON2/DLON/H
   87   89   95  109  125  144  159  176  193  207  221  232  245  260  275  294
  308  324  326  330  322  316  307  306  301  305  307  314  317  315  308  295
  276  255  230  213  193  178  166  156  148  141  136  130  124  117  111  106
  104  103  104  105  105  107  106  109  109  113  112  115  113  114  110  107
  104  101   99   99   98   95   95   94   87                                   
    45.0-180.0 180.0   5.0 450.0                            LAT/LON1/LON2/DLON/H
  103  106  117  134  151  172  184  201  213  229  241  253  265  280  296  315
  332  343  348  344  343  331  328  318  320  317  325  323  327  318  312  293
  277  251  230  211  195  180  171  162  155  149  145  140  137  131  128  121
  122  120  123  122  123  122  122  123  123  124  124  125  123  125  122  121
  118  118  118  119  118  116  119  110  103                                   
    42.5-180.0 180.0   5.0 450.0                            LAT/LON1/LON2/DLON/H
  114  121  137  154  177  196  208  223  232  250  262  277  289  306  322  343
  359  372  370  371  361  354  342  338  334  337  335  334  329  319  306  287
  266  243  225  209  197  184  175  166  159  151  147  143  141  137  135  133
  133  135  136  136  134  134  131  130  129  128  126  125  125  126  128  128
  127  126  127  129  130  129  132  127  114                                   
    40.0-180.0 180.0   5.0 450.0                            LAT/LON1/LON2/DLON/H
  117  131  152  174  195  213  224  240  252  272  287  304  318  333  351  368
  386  391  393  386  381  370  362  354  353  349  347  336  329  310  298  274
  259  237  226  212  202  191  182  173  166  155  153  147  147  142  143  138
  141  139  140  139  138  137  133  131  129  127  124  121  122  125  128  132
  131  132  132  133  133  132  137  126  117                                   
    37.5-180.0 180.0   5.0 450.0                            LAT/LON1/LON2/DLON/H
  107  124  152  177  203  219  235  250  263  285  303  323  339  357  376  393
  408  414  412  408  399  389  378  372  366  362  354  342  327  311  293  276
  261  250  240  231  220  208  198  185  174  162  157  150  149  144  143  140
  140  139  140  137  136  134  132  128  125  120  116  113  113  116  122  124
  127  125  126  123  124  124  130  122  107                                   
    35.0-180.0 180.0   5.0 450.0                            LAT/LON1/LON2/DLON/H
   97  111  144  173  201  221  241  259  278  302  325  348  367  384  402  416
  428  429  429  424  419  409  399  390  382  370  363  346  334  315  305  292
  290  281  278  267  254  241  225  210  195  183  177  171  167  162  157  150
  147  142  141  136  137  132  134  130  129  123  118  111  109  109  115  116
  119  117  114  112  106  106  110  107   97                                   
    32.5-180.0 180.0   5.0 450.0                            LAT/LON1/LON2/DLON/H
   75   92  119  153  187  212  236  258  281  310  341  367  389  408  424  435
  446  444  443  442  436  428  418  407  397  385  378  366  358  348  341  341
  342  341  337  325  309  287  265  245  226  211  201  195  189  182  174  165
  155  152  146  145  141  141  139  136  133  127  124  122  119  114  116  112
  112  106  100   94   90   86   92   95   75                                   
    30.0-180.0 180.0   5.0 450.0                            LAT/LON1/LON2/DLON/H
   60   79  108  139  177  210  238  266  294  328  364  393  418  434  447  453
  456  456  454  454  450  447  436  425  413  405  404  400  400  399  407  415
  431  433  429  410  384  355  323  296  268  252  240  235  226  221  208  197
  176  169  152  152  144  149  146  148  143  136  127  125  124  125  125  124
  119  112  100   91   79   78   78   81   60                                   
    27.5-180.0 180.0   5.0 450.0                            LAT/LON1/LON2/DLON/H
   60   84  102  140  171  212  238  268  296  335  377  409  435  451  460  465
  466  463  462  463  458  456  445  437  427  426  435  444  458  471  494  513
  533  539  528  501  463  424  384  355  324  307  292  287  277  271  255  245
  216  204  185  186  181  191  190  191  188  178  172  161  157  151  152  138
  133  115  109   90   84   75   77   77   60                                   
    25.0-180.0 180.0   5.0 450.0                            LAT/LON1/LON2/DLON/H
   79   99  120  154  186  223  249  278  312  353  398  431  457  472  480  482
  480  477  476  476  474  469  460  450  446  452  477  499  533  555  591  612
  644  653  644  603  545  489  435  405  369  351  333  335  332  336  318  300
  260  228  198  189  192  202  217  217  218  210  204  196  188  189  185  182
  168  147  127  108   92   88   83   85   79                                   
    22.5-180.0 180.0   5.0 450.0                            LAT/LON1/LON2/DLON/H
  110  128  143  183  209  245  264  294  324  371  411  444  470  486  495  499
  495  495  493  490  485  480  466  461  461  481  516  556  597  627  656  694
  735  752  731  683  602  534  463  433  389  371  351  358  357  372  355  342
  310  287  255  240  237  243  254  256  247  240  234  227  222  219  215  219
  209  199  166  140  122  108  104  109  110                                   
    20.0-180.0 180.0   5.0 450.0                            LAT/LON1/LON2/DLON/H
  146  149  175  215  243  279  292  321  346  391  426  459  485  503  513  517
  516  517  517  510  507  493  482  474  483  511  561  608  654  673  714  747
  784  797  784  725  654  563  491  441  402  376  360  369  380  403  407  401
  379  350  326  302  299  297  307  291  279  269  255  248  238  235  226  229
  217  215  203  180  152  141  126  135  146                                   
    17.5-180.0 180.0   5.0 450.0                            LAT/LON1/LON2/DLON/H
  161  169  195  242  272  309  321  348  368  412  440  481  498  518  530  540
  542  546  541  534  522  510  496  495  510  550  604  651  684  713  736  773
  802  806  778  726  648  573  486  446  399  376  356  365  376  410  427  440
  423  405  384  360  352  346  350  329  315  292  279  261  249  237  233  230
  223  221  205  200  177  165  150  157  161                                   
    15.0-180.0 180.0   5.0 450.0                            LAT/LON1/LON2/DLON/H
  173  174  212  256  288  325  335  364  385  428  456  495  515  536  551  564
  572  578  573  556  543  527  515  514  537  570  624  668  709  729  755  784
  794  790  755  704  628  553  483  437  399  376  350  353  363  401  432  453
  449  432  419  397  389  375  369  349  331  308  285  268  246  239  222  230
  220  224  206  200  180  178  164  160  173                                   
    12.5-180.0 180.0   5.0 450.0                            LAT/LON1/LON2/DLON/H
  166  178  208  255  290  326  348  375  402  444  475  517  537  565  580  597
  608  616  609  600  578  556  546  548  566  600  649  703  726  745  756  768
  762  748  708  657  593  538  480  439  402  377  345  338  339  373  404  436
  444  440  434  423  412  399  387  366  346  323  299  276  253  235  221  220
  214  222  206  202  177  174  160  159  166                                   
    10.0-180.0 180.0   5.0 450.0                            LAT/LON1/LON2/DLON/H
  157  169  212  247  283  324  348  377  410  454  494  537  565  594  615  635
  645  654  647  633  611  584  568  570  585  620  670  716  743  756  760  760
  739  707  663  624  573  530  480  450  410  387  347  333  325  353  382  423
  442  453  449  443  424  409  389  363  340  314  291  269  243  231  213  218
  205  216  198  200  175  171  155  146  157                                   
     7.5-180.0 180.0   5.0 450.0                            LAT/LON1/LON2/DLON/H
  144  162  197  237  274  317  352  387  424  475  512  559  584  618  639  662
  673  682  684  669  644  619  608  604  623  656  702  737  756  763  753  740
