data/unet/pred2590.15i
     1.0            IONOSPHERE MAPS     GNSS                IONEX VERSION / TYPE
pyspatialgeodesy        IME             05-JAN-18 20:20     PGM / RUN BY / DATE 
Map Name                                                    COMMENT             
Predicted global ionosphere maps (GIM).                     DESCRIPTION         
  2015     9    16     0     0     0                        EPOCH OF FIRST MAP  
  2015     9    17     0     0     0                        EPOCH OF LAST MAP   
  7200                                                      INTERVAL            
    13                                                      # OF MAPS IN FILE   
  NONE                                                      MAPPING FUNCTION    
10.0                                                        ELEVATION CUTOFF    
One-way carrier phase leveled to code                       OBSERVABLES USED    
  6371.0                                                    BASE RADIUS         
 2                                                          MAP DIMENSION       
   450.0 450.0   0.0                                        HGT1 / HGT2 / DHGT  
    87.5 -87.5  -2.5                                        LAT1 / LAT2 / DLAT  
  -180.0 180.0   5.0                                        LON1 / LON2 / DLON  
    -1                                                      EXPONENT            
                                                            END OF HEADER       
[from data line 2145]
     6                                                      START OF TEC MAP    
  2015     9    16    10     0     0                        EPOCH OF CURRENT MAP
    87.5-180.0 180.0   5.0 450.0                            LAT/LON1/LON2/DLON/H
   66   90   82   85   84   84   84   86   86   87   86   88   87   88   87   87
   86   87   85   85   83   83   82   82   80   80   79   79   78   78   77   78
   76   77   76   76   75   75   74   74   73   73   72   73   71   72   71   71
   70   70   70   70   69   70   69   70   70   70   70   70   70   71   70   71
   72   72   73   75   76   74   75   72   66                                   
    85.0-180.0 180.0   5.0 450.0                            LAT/LON1/LON2/DLON/H
   91   91   97   97   98   96   99   97   99   97   98   95   97   94   95   93
   94   92   92   92   92   92   93   93   94   93   94   93   94   93   93   92
   93   91   91   90   90   88   88   87   87   85   85   84   84   82   83   82
   82   81   81   80   81   79   80   79   80   78   79   78   79   78   80   79
   81   81   83   82   85   85   92   84   91                                   
    82.5-180.0 180.0   5.0 450.0                            LAT/LON1/LON2/DLON/H
   80   92   95   97   95   94   96   96   96   95   94   92   91   89   88   86
   85   84   84   84   85   85   86   87   88   89   90   91   91   91   91   91
   91   91   89   89   88   87   85   85   83   84   82   82   81   81   80   80
   79   79   77   78   76   77   74   75   73   74   71   72   69   71   69   71
   69   72   72   74   76   79   85   79   80                                   
    80.0-180.0 180.0   5.0 450.0                            LAT/LON1/LON2/DLON/H
   76   83   84   86   86   87   88   88   87   84   82   80   78   75   73   72
   70   69   69   70   71   72   74   76   79   79   83   83   87   85   89   87
   90   86   88   85   87   82   83   80   81   78   80   78   80   78   80   79
   79   78   78   77   76   74   72   71   68   67   64   64   61   61   58   60
   58   59   59   61   63   65   73   74   76                                   
    77.5-180.0 180.0   5.0 450.0                            LAT/LON1/LON2/DLON/H
   69   75   76   78   78   80   80   81   78   76   73   71   66   64   61   60
   58   58   57   60   60   63   64   68   70   74   75   78   80   82   82   84
   84   85   83   84   82   82   79   80   77   79   76   79   78   81   80   83
   82   84   82   83   80   80   76   76   71   70   65   65   59   59   55   55
   52   53   52   55   56   58   67   56   69                                   
    75.0-180.0 180.0   5.0 450.0                            LAT/LON1/LON2/DLON/H
   62   68   68   73   71   75   74   76   71   70   65   62   57   55   51   51
   48   50   50   53   53   59   59   65   65   72   71   77   75   81   79   85
   82   87   84   86   83   84   81   82   79   81   80   84   83   88   88   92
   90   93   92   93   89   89   84   82   77   75   70   67   61   60   55   54
   49   50   48   51   51   55   60   50   62                                   
    72.5-180.0 180.0   5.0 450.0                            LAT/LON1/LON2/DLON/H
   56   62   60   64   65   65   68   66   64   60   57   52   49   45   44   41
   43   43   47   48   53   55   59   62   64   68   69   72   74   77   79   82
   83   86   86   87   85   86   84   84   83   85   86   90   92   97   99  102
  102  104  102  102   98   96   91   89   82   80   74   71   65   63   58   55
   51   49   47   47   48   49   56   42   56                                   
    70.0-180.0 180.0   5.0 450.0                            LAT/LON1/LON2/DLON/H
   52   53   53   58   57   62   61   62   58   56   51   48   43   41   38   39
   39   42   44   49   51   57   58   63   64   68   67   72   72   77   77   84
   83   90   87   91   88   91   87   90   87   93   92  100  100  108  108  113
  112  114  111  111  105  104   97   95   88   86   81   78   73   70   65   62
   58   55   51   50   48   50   52   42   52                                   
    67.5-180.0 180.0   5.0 450.0                            LAT/LON1/LON2/DLON/H
   49   50   47   50   51   53   55   54   53   50   48   44   41   38   38   38
   40   41   46   50   54   57   60   62   63   65   65   67   68   71   75   79
   83   86   88   90   89   89   88   90   91   94   97  103  107  112  115  118
  117  117  114  112  106  103   96   94   87   86   81   80   76   74   70   68
   62   59   56   52   51   48   53   39   49                                   
    65.0-180.0 180.0   5.0 450.0                            LAT/LON1/LON2/DLON/H
   49   46   42   47   44   49   48   52   49   50   45   45   41   41   39   41
   42   46   48   54   55   60   60   64   62   65   63   67   66   72   73   81
   82   90   88   94   90   93   90   94   92   99  101  109  111  118  119  123
  120  121  115  114  107  105   97   96   90   89   85   85   83   82   79   77
   73   70   65   63   58   57   56   44   49                                   
    62.5-180.0 180.0   5.0 450.0                            LAT/LON1/LON2/DLON/H
   49   47   41   40   40   41   44   44   45   44   44   42   42   41   42   42
   44   46   49   52   55   57   58   61   60   61   60   62   63   67   71   76
   80   86   87   91   90   91   90   92   94   98  103  109  113  117  119  120
  118  117  112  110  104  102   95   93   89   89   86   87   85   86   83   83
   79   77   73   70   65   60   62   46   49                                   
    60.0-180.0 180.0   5.0 450.0                            LAT/LON1/LON2/DLON/H
   53   46   38   40   34   38   37   41   38   42   39   43   40   43   42   45
   44   47   46   50   50   54   54   59   58   60   59   63   62   68   70   78
   81   88   88   94   91   95   93   97   97  104  106  114  116  121  121  122
  120  120  116  115  109  109  101  100   95   96   93   96   94   97   93   94
   89   89   83   82   75   72   67   54   53                                   
    57.5-180.0 180.0   5.0 450.0                            LAT/LON1/LON2/DLON/H
   57   53   42   39   35   33   35   33   35   35   37   37   39   40   41   42
   42   42   42   44   44   47   49   54   54   58   58   61   62   66   70   77
   81   87   89   94   93   95   96   98  101  104  109  115  118  121  122  122
  120  120  118  118  115  113  108  106  103  102  101  102  101  103   99   99
   95   94   90   87   82   76   74   58   57                                   
    55.0-180.0 180.0   5.0 450.0                            LAT/LON1/LON2/DLON/H
   65   56   44   43   34   34   31   33   29   32   30   35   34   38   37   41
   37   39   35   37   35   40   41   49   50   57   57   63   62   69   71   80
   82   90   91   98   97  102  101  106  107  112  115  122  123  128  127  129
  127  129  128  129  126  127  120  120  114  115  112  115  112  115  110  111
  103  104   97   97   90   87   81   69   65                                   
    52.5-180.0 180.0   5.0 450.0                            LAT/LON1/LON2/DLON/H
   71   68   54   48   41   35   34   31   30   29   29   31   32   34   35   36
   35   33   31   30   30   34   38   45   50   57   60   65   67   72   76   82
   87   93   97  102  103  106  109  111  115  118  123  126  130  132  133  133
  134  135  137  138  138  136  133  130  127  125  124  125  123  123  118  117
  110  108  103  100   95   90   87   74   71                                   
    50.0-180.0 180.0   5.0 450.0                            LAT/LON1/LON2/DLON/H
   81   74   61   56   46   43   37   36   32   32   29   32   30   34   33   36
   32   32   27   28   27   31   35   45   50   60   63   71   71   79   79   88
   90  101  102  111  111  117  118  124  126  132  134  139  140  143  143  144
  144  147  148  151  150  150  144  142  137  138  135  138  135  136  131  129
  120  118  110  109  100   98   92   84   81                                   
    47.5-180.0 180.0   5.0 450.0                            LAT/LON1/LON2/DLON/H
   86   85   71   65   56   50   46   41   38   36   33   34   32   34   34   34
   32   31   27   27   26   30   34   44   50   61   66   74   76   82   84   91
   95  105  109  116  119  124  130  133  139  142  146  148  151  150  151  149
  150  151  154  155  156  153  150  146  144  144  144  146  146  146  142  137
  131  124  118  112  105   99   96   88   86                                   
    45.0-180.0 180.0   5.0 450.0                            LAT/LON1/LON2/DLON/H
   94   89   76   72   65   61   56   51   48   45   41   41   38   39   36   38
   34   34   31   32   31   35   39   49   55   67   72   82   83   90   90  100
  101  114  116  127  130  139  142  150  152  158  158  162  161  163  160  160
  156  158  156  159  155  154  148  148  143  147  147  153  153  155  152  150
  141  136  126  122  109  107   99   95   94                                   
    42.5-180.0 180.0   5.0 450.0                            LAT/LON1/LON2/DLON/H
   94   94   82   78   71   67   64   61   56   54   50   50   44   45   41   42
   39   39   37   37   36   39   42   50   56   67   73   82   86   91   94  102
  108  118  124  133  140  146  155  159  166  167  172  171  174  171  169  164
  162  159  158  156  154  148  144  141  141  144  148  156  159  162  160  158
  151  144  136  126  115  107  103   97   94                                   
    40.0-180.0 180.0   5.0 450.0                            LAT/LON1/LON2/DLON/H
   97   92   82   80   76   73   72   68   67   63   63   60   58   55   53   52
   48   48   46   47   46   48   50   56   62   73   79   90   92   99  100  111
  114  127  132  145  150  162  167  176  179  185  186  189  188  188  183  179
  172  169  162  160  153  150  141  141  139  146  151  161  164  169  167  168
  160  155  144  135  121  115  105  101   97                                   
    37.5-180.0 180.0   5.0 450.0                            LAT/LON1/LON2/DLON/H
   93   92   83   80   76   74   75   74   73   73   69   69   64   65   60   61
   56   56   55   54   53   53   54   57   63   73   80   90   94  101  105  114
  120  131  138  149  160  168  180  185  193  195  200  199  203  200  200  192
  189  180  176  167  163  153  148  144  145  152  160  169  172  176  174  174
  167  161  151  138  124  114  107  100   93                                   
    35.0-180.0 180.0   5.0 450.0                            LAT/LON1/LON2/DLON/H
   95   86   79   77   76   73   76   73   78   74   78   72   75   71   72   69
   67   65   63   62   60   59   59   62   67   79   86   98  100  110  111  123
  126  140  146  161  171  185  196  204  211  214  217  219  220  221  220  217
  213  209  203  196  185  176  167  165  163  170  174  181  181  183  178  179
  170  167  154  145  127  120  108  105   95                                   
    32.5-180.0 180.0   5.0 450.0                            LAT/LON1/LON2/DLON/H
   91   84   77   73   71   69   72   73   75   78   78   79   76   79   76   78
   73   74   69   68   64   62   60   63   68   80   88  100  107  116  120  129
  134  146  155  169  184  198  212  220  228  230  236  236  241  242  245  241
  242  238  237  231  223  213  204  199  198  201  203  204  201  197  189  183
  174  167  157  144  128  119  110  104   91                                   
    30.0-180.0 180.0   5.0 450.0                            LAT/LON1/LON2/DLON/H
   95   80   74   71   69   66   69   69   75   74   82   77   84   79   86   81
   83   76   76   71   69   65   65   67   74   88   98  111  116  127  127  138
  143  156  168  184  201  218  232  242  250  254  259  263  269  275  277  282
  281  288  286  287  277  268  254  246  242  239  237  232  225  217  204  196
  181  175  160  150  132  124  112  107   95                                   
    27.5-180.0 180.0   5.0 450.0                            LAT/LON1/LON2/DLON/H
   94   81   74   70   66   63   64   66   70   74   78   80   82   85   87   89
   85   84   77   76   69   69   65   70   75   91  101  115  123  132  136  143
  148  162  175  195  216  234  251  260  272  278  285  292  302  311  319  325
  333  340  345  348  342  333  316  305  293  284  271  263  252  239  224  209
  193  182  168  153  137  127  118  106   94                                   
    25.0-180.0 180.0   5.0 450.0                            LAT/LON1/LON2/DLON/H
  100   85   80   72   72   63   68   62   71   69   78   77   85   83   92   88
   89   80   79   73   72   68   69   72   81   95  108  121  129  138  140  147
  154  169  187  208  233  249  267  278  293  302  312  321  333  347  357  370
  379  394  402  412  409  403  383  371  352  337  317  300  281  263  246  228
  208  194  178  164  147  138  131  117  100                                   
    22.5-180.0 180.0   5.0 450.0                            LAT/LON1/LON2/DLON/H
  107   97   93   85   80   72   71   68   69   71   76   77   84   85   91   90
   87   83   76   76   69   70   67   73   80   97  108  121  129  136  139  146
  155  171  191  218  245  264  282  294  312  322  336  348  363  376  390  403
  417  432  447  457  457  450  432  418  398  381  358  336  313  287  267  246
  227  207  191  175  160  146  145  122  107                                   
    20.0-180.0 180.0   5.0 450.0                            LAT/LON1/LON2/DLON/H
  117  111  107   99   97   85   89   77   82   73   82   76   86   83   93   87
   88   77   77   70   72   66   71   72   86   97  112  123  132  139  145  154
  166  187  208  237  263  280  294  308  326  339  354  366  384  397  411  424
  439  458  473  487  489  485  467  455  433  416  394  371  345  313  287  267
  246  229  209  193  175  163  162  138  117                                   
    17.5-180.0 180.0   5.0 450.0                            LAT/LON1/LON2/DLON/H
  125  120  118  119  112  103  100   93   91   84   86   80   85   83   91   85
   86   77   74   70   67   68   68   75   83   99  110  122  129  140  147  161
  176  198  223  254  276  296  308  324  340  357  369  386  402  415  426  439
  454  468  484  494  498  494  480  465  445  432  414  395  369  337  310  285
  267  246  230  208  192  173  172  145  125                                   
    15.0-180.0 180.0   5.0 450.0                            LAT/LON1/LON2/DLON/H
  139  139  135  139  132  123  121  112  111  102  102   91   93   85   92   82
   84   72   72   65   68   65   71   73   88   98  113  125  134  148  159  179
  195  224  246  276  291  309  319  340  355  374  384  405  419  434  441  452
  459  473  483  493  496  490  475  463  448  439  427  411  388  357  329  307
  286  271  252  232  210  194  186  166  139                                   
    12.5-180.0 180.0   5.0 450.0                            LAT/LON1/LON2/DLON/H
  152  151  146  154  140  138  129  126  122  115  110   97   94   85   87   80
   81   71   72   66   70   66   72   75   88  101  114  126  137  154  170  193
  212  237  262  291  303  322  332  356  371  389  397  416  427  438  445  451
  459  462  473  477  477  468  452  441  431  428  419  408  388  362  339  318
  305  286  271  249  227  205  199  179  152                                   
    10.0-180.0 180.0   5.0 450.0                            LAT/LON1/LON2/DLON/H
  170  169  164  167  159  152  147  141  140  130  124  109  103   93   92   84
   85   75   77   71   75   71   74   79   94  107  120  136  148  169  186  214
  229  260  279  304  313  331  341  364  381  395  404  420  429  441  443  451
  449  456  459  462  458  445  432  422  416  415  409  400  384  362  339  325
  314  301  286  269  251  229  217  206  170                                   
     7.5-180.0 180.0   5.0 450.0                            LAT/LON1/LON2/DLON/H
  187  184  174  176  159  160  145  147  141  136  127  115  105   93   92   83
   83   75   79   72   77   72   78   80   99  110  129  143  158  180  202  226
