data/unet/pred1110.15i
     1.0            IONOSPHERE MAPS     GNSS                IONEX VERSION / TYPE
pyspatialgeodesy        IME             05-JAN-18 20:20     PGM / RUN BY / DATE 
Map Name                                                    COMMENT             
Predicted global ionosphere maps (GIM).                     DESCRIPTION         
  2015     4    21     0     0     0                        EPOCH OF FIRST MAP  
  2015     4    22     0     0     0                        EPOCH OF LAST MAP   
  7200                                                      INTERVAL            
    13                                                      # OF MAPS IN FILE   
  NONE                                                      MAPPING FUNCTION    
10.0                                                        ELEVATION CUTOFF    
One-way carrier phase leveled to code                       OBSERVABLES USED    
  6371.0                                                    BASE RADIUS         
 2                                                          MAP DIMENSION       
   450.0 450.0   0.0                                        HGT1 / HGT2 / DHGT  
    87.5 -87.5  -2.5                                        LAT1 / LAT2 / DLAT  
  -180.0 180.0   5.0                                        LON1 / LON2 / DLON  
    -1                                                      EXPONENT            
                                                            END OF HEADER       
     1                                                      START OF TEC MAP    
  2015     4    21     0     0     0                        EPOCH OF CURRENT MAP
    87.5-180.0 180.0   5.0 450.0                            LAT/LON1/LON2/DLON/H
  230  224  230  233  233  231  231  230  231  230  230  229  230  228  228  226
  226  224  223  220  219  216  215  211  210  206  205  201  200  197  196  194
  194  193  194  193  194  193  195  196  198  200  203  205  208  211  215  217
  220  223  226  227  230  231  233  234  236  236  237  237  239  239  239  239
  240  239  236  236  238  235  233  237  230                                   
    85.0-180.0 180.0   5.0 450.0                            LAT/LON1/LON2/DLON/H
  222  228  235  237  236  235  236  236  237  237  239  239  241  240  241  239
  239  237  236  233  231  227  224  219  216  211  209  204  201  196  194  190
  189  186  187  185  186  186  188  189  192  193  197  199  202  205  208  211
  214  216  219  221  223  226  227  229  231  233  233  235  236  237  237  238
  239  239  237  238  240  237  238  238  222                                   
    82.5-180.0 180.0   5.0 450.0                            LAT/LON1/LON2/DLON/H
  230  231  236  238  235  235  236  238  240  242  244  246  248  250  250  250
  249  248  245  241  237  230  225  218  213  206  200  193  188  181  177  171
  169  165  166  164  166  165  168  169  173  175  179  182  185  189  193  197
  199  203  206  210  212  216  219  222  224  227  228  230  232  234  234  236
  237  238  237  239  241  238  235  250  230                                   
    80.0-180.0 180.0   5.0 450.0                            LAT/LON1/LON2/DLON/H
  231  231  233  233  230  232  233  238  239  244  246  252  253  257  257  258
  257  255  252  248  241  234  225  217  209  201  192  184  175  168  162  156
  152  149  149  148  149  151  153  157  159  164  168  173  175  180  183  189
  191  196  198  204  205  211  213  218  219  224  224  228  229  232  232  234
  234  236  235  237  239  238  239  253  231                                   
    77.5-180.0 180.0   5.0 450.0                            LAT/LON1/LON2/DLON/H
  231  227  229  227  224  226  228  232  235  241  245  251  254  258  259  261
  259  259  256  252  245  238  228  219  209  199  190  180  169  161  154  149
  145  142  142  142  143  145  149  153  157  161  166  170  173  177  180  184
  188  192  196  200  204  208  212  216  219  222  224  227  229  232  232  235
  235  237  236  238  239  238  240  253  231                                   
    75.0-180.0 180.0   5.0 450.0                            LAT/LON1/LON2/DLON/H
  239  231  231  228  222  223  224  228  233  239  245  251  256  259  261  261
  260  259  257  253  248  241  233  222  214  203  195  182  172  162  157  150
  147  144  144  144  145  147  152  155  160  163  168  171  173  176  179  182
  185  189  193  198  202  208  212  217  219  224  225  229  229  233  232  236
  236  239  239  241  243  242  245  258  239                                   
    72.5-180.0 180.0   5.0 450.0                            LAT/LON1/LON2/DLON/H
  253  240  241  235  228  226  228  231  237  243  250  256  260  262  262  260
  259  256  254  252  249  245  239  232  222  213  203  192  181  171  164  157
  153  150  150  149  150  151  155  158  163  166  169  171  173  174  176  178
  181  184  189  194  199  205  211  216  220  224  227  229  231  233  234  237
  240  243  243  247  250  251  252  269  253                                   
    70.0-180.0 180.0   5.0 450.0                            LAT/LON1/LON2/DLON/H
  270  255  254  247  238  236  236  241  245  255  260  267  267  268  263  259
  254  251  248  248  246  247  243  239  230  222  211  202  190  181  172  167
  161  158  156  155  154  155  158  160  163  165  168  168  169  170  171  172
  175  179  184  191  197  204  210  217  222  228  230  234  235  238  238  241
  243  246  249  253  259  261  266  282  270                                   
    67.5-180.0 180.0   5.0 450.0                            LAT/LON1/LON2/DLON/H
  287  271  269  260  251  247  248  253  260  269  276  281  281  277  270  261
  254  248  245  246  247  251  250  248  240  231  220  209  198  188  180  174
  168  163  160  157  155  152  153  153  156  157  160  160  161  160  162  162
  166  171  177  185  193  201  209  217  225  232  237  241  244  245  246  247
  249  251  255  260  266  271  273  293  287                                   
    65.0-180.0 180.0   5.0 450.0                            LAT/LON1/LON2/DLON/H
  299  283  279  270  259  256  256  263  269  282  288  296  293  289  276  266
  253  247  241  244  246  252  251  250  241  232  219  210  198  191  182  178
  170  166  159  154  148  145  143  144  145  147  149  149  149  149  150  152
  156  162  170  179  189  200  210  219  228  237  243  250  252  254  253  254
  254  255  257  262  270  275  281  301  299                                   
    62.5-180.0 180.0   5.0 450.0                            LAT/LON1/LON2/DLON/H
  304  287  284  273  262  257  257  263  273  285  296  304  304  299  286  273
  259  250  244  244  247  250  251  247  239  227  215  205  196  190  185  180
  173  166  157  149  141  134  131  129  133  133  138  136  138  135  136  137
  143  149  159  170  182  194  207  219  230  242  252  257  263  263  264  260
  261  259  260  263  271  276  280  302  304                                   
    60.0-180.0 180.0   5.0 450.0                            LAT/LON1/LON2/DLON/H
  304  287  284  273  261  255  254  258  268  283  294  305  307  306  293  283
  267  258  249  249  247  250  245  241  228  218  205  200  192  191  186  183
  175  167  155  146  134  126  121  120  122  125  126  127  125  123  122  123
  129  137  148  160  174  189  204  218  232  246  258  268  273  277  276  275
  272  270  267  269  274  277  280  302  304                                   
    57.5-180.0 180.0   5.0 450.0                            LAT/LON1/LON2/DLON/H
  304  285  283  273  260  251  247  249  257  271  286  297  304  304  299  290
  279  270  261  257  253  249  243  233  221  209  201  195  193  192  192  188
  182  171  157  144  131  122  117  116  119  120  123  121  120  114  112  112
  116  124  136  150  164  182  199  217  235  253  269  281  291  296  299  296
  295  290  287  285  287  284  285  302  304                                   
    55.0-180.0 180.0   5.0 450.0                            LAT/LON1/LON2/DLON/H
  311  293  290  280  266  255  248  245  249  258  271  283  292  299  300  299
  291  287  277  272  262  256  242  232  216  207  199  198  196  199  199  197
  189  178  162  149  136  127  123  121  122  123  123  122  117  112  107  106
  108  116  128  143  159  179  198  219  239  261  281  298  313  320  326  326
  327  323  318  315  311  305  300  315  311                                   
    52.5-180.0 180.0   5.0 450.0                            LAT/LON1/LON2/DLON/H
  325  311  311  302  287  272  260  253  251  254  263  272  284  293  302  305
  308  303  297  288  277  265  250  237  223  213  208  208  209  212  212  208
  200  187  171  157  146  138  134  133  133  132  131  126  122  115  109  107
  106  113  124  140  157  179  201  227  251  277  300  323  338  352  358  364
  366  366  360  355  349  337  326  332  325                                   
    50.0-180.0 180.0   5.0 450.0                            LAT/LON1/LON2/DLON/H
  350  347  345  340  327  311  293  278  267  262  262  266  276  286  298  309
  317  320  314  306  293  281  265  254  240  232  226  226  227  229  226  221
  210  197  182  169  159  154  150  147  145  143  140  136  131  126  120  117
  115  119  128  144  162  186  211  239  269  296  324  344  364  378  390  400
  408  411  408  404  397  381  367  366  350                                   
    47.5-180.0 180.0   5.0 450.0                            LAT/LON1/LON2/DLON/H
  380  387  387  387  379  366  347  326  305  290  280  277  282  290  303  315
  327  329  330  321  310  297  285  273  263  256  251  251  249  248  242  231
  219  206  193  183  175  171  167  164  161  158  153  149  144  140  135  132
  127  130  136  153  173  199  227  259  292  322  346  368  384  401  413  427
  435  444  444  446  441  424  409  399  380                                   
    45.0-180.0 180.0   5.0 450.0                            LAT/LON1/LON2/DLON/H
  414  431  433  438  435  428  411  387  360  334  312  301  298  303  312  323
  332  337  338  335  327  320  309  302  290  284  276  274  268  263  251  239
  224  212  201  194  189  185  181  178  175  171  167  163  160  159  155  152
  146  146  151  166  186  215  247  281  319  347  370  386  404  419  433  444
  454  463  472  476  478  461  453  435  414                                   
    42.5-180.0 180.0   5.0 450.0                            LAT/LON1/LON2/DLON/H
  454  471  477  485  485  486  475  457  426  395  366  346  335  333  337  341
  345  346  347  345  344  339  334  325  314  302  292  283  274  264  250  235
  222  213  204  202  198  196  193  191  187  184  180  178  175  175  172  170
  163  163  166  180  201  232  265  303  338  364  383  400  413  429  436  447
  452  463  470  483  491  483  477  457  454                                   
    40.0-180.0 180.0   5.0 450.0                            LAT/LON1/LON2/DLON/H
  495  515  519  526  529  532  526  513  488  456  423  396  380  373  368  369
  365  364  362  363  364  364  357  347  332  315  298  285  271  258  244  230
  219  213  208  208  208  209  207  205  201  199  195  195  192  194  190  189
  180  180  181  194  215  248  283  323  358  383  400  418  430  443  449  452
  458  461  473  488  508  508  507  482  495                                   
    37.5-180.0 180.0   5.0 450.0                            LAT/LON1/LON2/DLON/H
  536  555  556  563  562  570  564  560  535  511  478  455  432  423  411  404
  395  387  384  386  386  383  371  356  335  313  293  276  259  246  234  225
  216  216  213  220  222  228  224  223  216  216  210  211  208  209  204  201
  191  189  189  202  220  253  287  327  358  383  399  418  431  443  447  450
  452  457  465  486  511  520  521  499  536                                   
    35.0-180.0 180.0   5.0 450.0                            LAT/LON1/LON2/DLON/H
  579  603  600  600  597  600  598  593  575  554  526  504  483  469  453  440
  423  415  410  412  409  401  384  362  337  310  290  272  259  248  239  233
  228  230  231  240  245  251  247  244  236  234  228  230  224  225  217  213
  202  197  193  203  218  252  286  325  356  380  397  414  431  439  448  450
  456  458  470  490  519  535  549  532  579                                   
    32.5-180.0 180.0   5.0 450.0                            LAT/LON1/LON2/DLON/H
  627  649  645  641  630  628  622  620  604  587  561  543  521  509  486  472
  450  441  434  435  427  415  387  361  331  309  291  280  270  267  262  263
  258  266  268  279  281  285  276  271  257  253  245  244  237  234  225  217
  205  196  190  196  210  239  273  309  338  361  377  395  413  427  439  444
  454  459  475  497  528  550  571  564  627                                   
    30.0-180.0 180.0   5.0 450.0                            LAT/LON1/LON2/DLON/H
  680  703  701  693  682  673  664  656  640  622  598  577  558  543  521  502
  478  466  456  453  441  422  392  360  337  320  314  312  313  314  313  315
  314  321  326  330  330  325  312  301  284  276  267  264  254  249  235  225
  208  197  188  192  202  225  257  294  324  346  362  381  403  419  434  442
  453  462  479  504  537  570  598  608  680                                   
    27.5-180.0 180.0   5.0 450.0                            LAT/LON1/LON2/DLON/H
  729  760  765  762  747  729  714  700  681  660  634  613  592  576  552  531
  502  488  470  464  444  425  390  368  351  353  359  371  378  385  383  385
  384  391  390  389  379  370  349  334  308  298  285  278  265  253  239  223
  206  192  184  182  191  211  238  274  304  327  348  369  394  415  433  442
  455  468  489  516  551  592  629  654  729                                   
    25.0-180.0 180.0   5.0 450.0                            LAT/LON1/LON2/DLON/H
  784  823  842  847  837  814  793  775  752  725  694  668  644  621  591  562
  530  509  486  469  446  424  401  387  390  404  429  450  466  471  472  468
  468  462  457  440  423  403  381  359  332  317  300  289  271  257  236  216
  197  180  175  171  177  195  224  261  293  323  347  375  400  426  444  459
  472  490  510  537  573  625  670  707  784                                   
    22.5-180.0 180.0   5.0 450.0                            LAT/LON1/LON2/DLON/H
  826  889  923  941  939  918  893  869  839  806  771  736  704  674  638  600
  559  532  501  479  449  432  415  423  438  472  502  529  537  541  531  533
  520  514  489  472  439  421  386  367  335  319  300  287  269  253  229  201
  180  166  161  158  171  184  213  246  281  313  344  374  405  433  458  479
  498  519  546  571  611  663  728  768  826                                   
    20.0-180.0 180.0   5.0 450.0                            LAT/LON1/LON2/DLON/H
  868  944  992 1020 1033 1023 1007  985  947  909  871  830  791  745  700  653
  602  563  524  494  464  449  447  464  500  537  570  583  589  575  563  550
  539  519  497  467  438  408  379  356  329  312  293  280  260  242  220  199
  179  169  158  160  165  176  204  235  273  313  351  387  422  452  482  509
  537  565  598  622  662  708  780  817  868                                   
    17.5-180.0 180.0   5.0 450.0                            LAT/LON1/LON2/DLON/H
  882  963 1017 1063 1089 1094 1085 1067 1040 1008  967  924  881  829  772  715
  660  611  562  523  491  480  486  518  555  593  611  613  595  568  534  514
  494  482  456  433  399  376  345  329  306  294  278  268  252  240  223  203
  186  173  170  161  164  172  201  234  272  318  358  396  436  474  505  539
  572  609  652  680  721  755  820  850  882                                   
    15.0-180.0 180.0   5.0 450.0                            LAT/LON1/LON2/DLON/H
  892  963 1020 1078 1117 1138 1141 1134 1115 1087 1055 1019  979  921  865  796
  735  678  622  577  543  531  546  572  604  622  623  595  558  504  471  443
  433  413  399  373  348  326  307  298  280  274  263  257  247  239  230  218
  199  184  168  157  156  167  199  233  276  321  362  408  453  495  531  565
  606  648  698  730  770  794  838  868  892                                   
    12.5-180.0 180.0   5.0 450.0                            LAT/LON1/LON2/DLON/H
  871  950 1000 1054 1102 1134 1152 1155 1152 1137 1113 1081 1046 1000  943  878
  818  756  697  647  607  596  601  617  627  618  589  533  476  424  385  357
  347  333  322  306  292  281  272  268  257  256  252  250  246  242  233  215
  199  178  163  148  154  164  200  236  275  317  357  404  460  508  551  589
  637  685  734  769  803  816  847  867  871                                   
    10.0-180.0 180.0   5.0 450.0                            LAT/LON1/LON2/DLON/H
  864  928  974 1021 1066 1107 1135 1151 1158 1155 1148 1125 1097 1054 1012  953
  900  842  787  733  693  666  658  643  626  577  518  439  384  325  297  268
  273  264  270  263  265  262  259  256  251  250  249  249  246  241  225  207
  186  168  149  142  146  164  197  235  274  311  352  404  459  513  558  601
  648  704  754  791  818  831  855  869  864                                   
     7.5-180.0 180.0   5.0 450.0                            LAT/LON1/LON2/DLON/H
  848  913  946  983 1013 1049 1081 1110 1128 1139 1140 1132 1113 1081 1044 1003
  954  907  856  800  751  707  676  636  580  503  422  344  287  244  225  220
