data/unet/pred1670.15i
     1.0            IONOSPHERE MAPS     GNSS                IONEX VERSION / TYPE
pyspatialgeodesy        IME             05-JAN-18 20:20     PGM / RUN BY / DATE 
Map Name                                                    COMMENT             
Predicted global ionosphere maps (GIM).                     DESCRIPTION         
  2015     6    16     0     0     0                        EPOCH OF FIRST MAP  
  2015     6    17     0     0     0                        EPOCH OF LAST MAP   
  7200                                                      INTERVAL            
    13                                                      # OF MAPS IN FILE   
  NONE                                                      MAPPING FUNCTION    
10.0                                                        ELEVATION CUTOFF    
One-way carrier phase leveled to code                       OBSERVABLES USED    
  6371.0                                                    BASE RADIUS         
 2                                                          MAP DIMENSION       
   450.0 450.0   0.0                                        HGT1 / HGT2 / DHGT  
    87.5 -87.5  -2.5                                        LAT1 / LAT2 / DLAT  
  -180.0 180.0   5.0                                        LON1 / LON2 / DLON  
    -1                                                      EXPONENT            
                                                            END OF HEADER       
[from data line 4290]
    11                                                      START OF TEC MAP    
  2015     6    16    20     0     0                        EPOCH OF CURRENT MAP
    87.5-180.0 180.0   5.0 450.0                            LAT/LON1/LON2/DLON/H
  213  191  181  184  182  182  182  183  183  184  184  184  184  184  184  184
  183  183  182  181  180  180  178  177  176  175  174  173  172  171  170  169
  168  167  166  165  164  164  163  163  162  162  161  161  161  161  160  161
  160  160  160  160  160  161  160  161  160  162  161  164  162  166  164  167
  166  169  167  169  169  173  174  192  213                                   
    85.0-180.0 180.0   5.0 450.0                            LAT/LON1/LON2/DLON/H
  173  177  176  180  177  177  177  179  179  181  181  183  183  184  184  184
  185  184  183  182  182  180  179  178  177  174  174  171  171  168  168  165
  165  162  163  160  161  158  160  157  159  156  158  155  158  155  158  156
  159  155  159  156  159  156  160  158  160  159  162  161  163  162  164  165
  165  166  165  165  164  165  169  191  173                                   
    82.5-180.0 180.0   5.0 450.0                            LAT/LON1/LON2/DLON/H
  173  172  177  177  175  177  177  180  181  185  185  189  189  192  191  194
  193  194  192  193  190  190  186  186  182  181  177  176  172  172  168  167
  164  164  161  162  160  160  159  160  158  160  158  160  159  161  160  162
  160  163  162  165  162  165  164  167  164  167  166  169  166  169  166  169
  167  169  166  167  164  165  164  177  173                                   
    80.0-180.0 180.0   5.0 450.0                            LAT/LON1/LON2/DLON/H
  172  165  167  167  167  168  172  173  177  179  183  185  189  190  193  194
  196  195  195  193  193  190  188  184  182  178  175  171  168  164  163  159
  159  155  156  153  154  152  154  152  153  152  153  152  154  153  155  154
  155  155  157  156  158  157  159  158  160  159  160  159  161  159  161  160
  161  159  160  157  159  157  156  170  172                                   
    77.5-180.0 180.0   5.0 450.0                            LAT/LON1/LON2/DLON/H
  163  159  158  159  161  163  167  169  173  176  181  184  188  190  193  195
  196  196  196  195  194  191  188  185  181  176  172  168  164  160  157  154
  152  149  149  148  148  147  148  147  148  147  148  147  149  148  150  150
  152  151  153  153  155  154  156  156  157  156  157  157  158  156  157  156
  157  155  155  152  151  152  147  159  163                                   
    75.0-180.0 180.0   5.0 450.0                            LAT/LON1/LON2/DLON/H
  161  155  156  157  157  160  164  166  171  173  180  182  189  190  195  196
  199  198  200  199  198  195  194  189  186  180  176  170  167  161  159  154
  153  150  151  150  151  150  152  150  151  150  151  150  151  150  151  151
  152  152  153  153  154  154  156  155  156  156  157  156  156  156  156  155
  156  154  155  151  152  150  150  161  161                                   
    72.5-180.0 180.0   5.0 450.0                            LAT/LON1/LON2/DLON/H
  161  158  158  158  158  159  162  165  168  174  177  183  186  190  192  195
  196  198  198  199  198  197  194  192  187  182  177  171  166  161  157  154
  151  150  149  150  150  151  151  151  151  150  149  149  148  149  149  149
  149  150  151  151  152  152  153  153  154  154  155  155  156  157  157  157
  157  158  157  155  154  156  152  163  161                                   
    70.0-180.0 180.0   5.0 450.0                            LAT/LON1/LON2/DLON/H
  167  163  164  165  163  164  165  168  172  175  180  183  188  190  194  196
  199  199  200  201  201  200  198  195  192  186  181  175  170  164  160  156
  155  153  154  153  155  154  156  155  155  153  152  150  150  149  150  149
  150  150  151  151  152  152  153  152  154  154  155  156  158  159  162  162
  164  163  165  162  164  162  160  171  167                                   
    67.5-180.0 180.0   5.0 450.0                            LAT/LON1/LON2/DLON/H
  178  175  175  173  171  171  171  173  175  178  182  185  188  192  194  196
  198  199  200  201  202  201  200  197  194  189  184  178  173  167  164  160
  158  157  157  157  158  158  159  158  157  155  153  151  149  148  148  148
  148  148  149  148  150  148  150  148  151  150  154  154  159  160  164  167
  169  171  172  172  172  172  168  176  178                                   
    65.0-180.0 180.0   5.0 450.0                            LAT/LON1/LON2/DLON/H
  190  186  186  187  183  184  182  183  184  186  189  191  195  197  200  202
  203  204  204  205  205  205  205  203  200  195  191  185  180  176  173  170
  168  167  167  166  167  166  167  165  165  161  159  155  154  151  151  149
  150  149  150  148  149  148  149  148  150  150  153  156  160  164  169  172
  176  178  182  182  184  182  180  185  190                                   
    62.5-180.0 180.0   5.0 450.0                            LAT/LON1/LON2/DLON/H
  200  198  197  197  194  192  191  190  190  191  194  195  199  200  204  204
  206  204  205  204  205  205  206  204  203  198  195  189  187  183  183  179
  179  177  176  175  175  174  175  173  172  168  164  160  158  154  153  150
  151  148  149  145  146  143  145  142  147  145  151  152  160  163  169  173
  179  183  187  189  190  191  186  189  200                                   
    60.0-180.0 180.0   5.0 450.0                            LAT/LON1/LON2/DLON/H
  208  205  205  208  205  204  201  201  199  200  201  204  205  208  209  212
  211  210  209  208  208  209  209  209  207  204  202  199  198  197  197  196
  195  193  191  188  188  186  186  184  183  178  175  169  166  160  158  154
  155  151  150  146  146  141  142  139  142  142  148  151  158  163  169  174
  181  184  190  192  196  196  194  196  208                                   
    57.5-180.0 180.0   5.0 450.0                            LAT/LON1/LON2/DLON/H
  213  211  212  214  213  211  209  207  206  205  206  206  209  210  213  212
  213  210  209  206  208  206  209  207  209  205  206  203  206  206  209  209
  209  206  203  200  198  196  197  195  194  189  186  179  174  167  164  159
  158  152  151  145  143  138  138  134  138  137  144  146  154  159  166  171
  177  183  188  192  196  199  195  196  213                                   
    55.0-180.0 180.0   5.0 450.0                            LAT/LON1/LON2/DLON/H
  215  214  217  221  220  221  219  219  217  217  215  216  215  217  216  218
  216  214  211  209  209  209  211  211  211  210  211  212  215  219  224  226
  226  223  219  214  212  209  209  207  207  202  197  189  183  175  170  163
  162  155  152  145  142  136  135  130  134  134  141  143  152  157  165  169
  176  180  187  190  196  200  200  203  215                                   
    52.5-180.0 180.0   5.0 450.0                            LAT/LON1/LON2/DLON/H
  218  218  220  226  227  229  228  229  227  226  223  222  220  219  219  217
  217  212  210  206  207  206  210  208  212  209  213  214  221  226  233  235
  236  233  228  223  220  218  219  217  217  212  207  198  191  182  175  168
  164  156  152  144  140  134  133  128  131  130  137  140  148  154  160  167
  172  179  185  190  196  202  199  203  218                                   
    50.0-180.0 180.0   5.0 450.0                            LAT/LON1/LON2/DLON/H
  219  220  224  231  233  240  241  243  243  241  238  234  230  227  225  224
  220  217  211  210  208  210  212  213  215  215  218  222  229  237  245  249
  250  245  241  234  232  230  232  230  230  223  218  207  199  188  181  172
  167  158  153  146  142  136  134  130  133  132  138  140  148  154  162  168
  175  181  189  192  200  205  205  209  219                                   
    47.5-180.0 180.0   5.0 450.0                            LAT/LON1/LON2/DLON/H
  225  226  230  237  241  248  251  255  256  256  251  247  240  236  231  228
  223  218  214  210  211  210  215  214  218  217  222  224  234  241  251  254
  256  252  249  244  242  242  244  242  241  234  226  215  205  194  185  176
  170  162  157  151  148  142  141  137  139  136  141  141  148  154  161  169
  175  184  191  198  204  211  207  214  225                                   
    45.0-180.0 180.0   5.0 450.0                            LAT/LON1/LON2/DLON/H
  230  233  237  243  247  257  261  268  271  272  270  265  258  251  245  240
  232  226  220  217  216  218  221  224  225  227  229  235  243  252  260  265
  266  265  261  258  256  256  257  257  255  246  237  224  213  201  190  180
  174  166  162  158  155  150  149  145  146  143  147  147  153  159  167  174
  182  190  200  204  212  218  219  227  230                                   
    42.5-180.0 180.0   5.0 450.0                            LAT/LON1/LON2/DLON/H
  240  243  245  251  256  264  272  280  284  287  286  283  275  268  261  255
  246  237  231  226  226  227  231  232  236  235  240  244  253  259  268  271
  276  275  275  272  270  269  269  268  264  256  245  233  220  209  198  189
  183  175  172  168  165  162  161  157  157  153  155  153  159  163  172  180
  189  198  207  214  221  229  227  237  240                                   
    40.0-180.0 180.0   5.0 450.0                            LAT/LON1/LON2/DLON/H
  245  249  252  255  262  270  278  289  295  302  303  303  296  290  282  276
  266  258  248  244  243  245  248  252  255  257  260  265  272  278  285  290
  295  296  296  293  289  286  285  281  276  266  255  242  230  218  208  199
  194  185  182  179  177  174  174  170  170  164  165  163  167  172  180  189
  198  206  216  222  231  236  240  248  245                                   
    37.5-180.0 180.0   5.0 450.0                            LAT/LON1/LON2/DLON/H
  255  260  262  266  273  279  288  298  309  316  322  322  318  313  305  300
  290  280  270  265  265  267  272  275  279  281  286  290  296  301  309  313
  320  321  322  316  311  305  302  296  291  280  270  256  245  233  224  215
  209  201  197  193  190  187  185  181  180  174  174  170  174  178  188  196
  206  214  222  231  238  246  246  256  255                                   
    35.0-180.0 180.0   5.0 450.0                            LAT/LON1/LON2/DLON/H
  261  268  273  276  283  291  299  312  324  335  342  347  345  341  336  331
  321  312  300  297  296  300  304  310  313  318  321  326  331  335  341  344
  350  348  346  336  329  319  315  309  306  295  287  273  264  250  241  229
  224  213  209  204  200  195  193  187  187  180  179  175  180  184  194  203
  213  221  229  236  246  250  257  264  261                                   
    32.5-180.0 180.0   5.0 450.0                            LAT/LON1/LON2/DLON/H
  271  279  283  290  297  304  312  325  339  352  362  370  372  370  366  361
  352  342  331  328  328  331  336  340  344  348  353  358  364  367  371  372
  376  371  369  356  346  333  327  320  318  309  304  293  285  272  262  251
  241  231  222  214  208  203  199  193  191  183  180  175  181  184  196  204
  215  223  231  239  247  257  259  270  271                                   
    30.0-180.0 180.0   5.0 450.0                            LAT/LON1/LON2/DLON/H
  277  289  297  301  307  317  326  339  354  371  385  397  403  402  397  389
  380  370  360  355  355  358  361  366  371  376  381  389  394  396  397  396
  397  393  387  370  356  341  330  323  320  315  310  303  295  283  272  258
  248  234  223  213  207  201  199  194  190  182  178  172  175  180  191  201
  210  220  229  237  247  254  264  273  277                                   
    27.5-180.0 180.0   5.0 450.0                            LAT/LON1/LON2/DLON/H
  286  297  305  313  318  328  336  353  368  391  405  422  433  436  431  420
  407  396  387  381  381  382  383  387  391  395  401  406  411  412  415  411
  414  408  401  379  359  339  325  315  311  308  306  302  296  285  273  261
  250  235  221  208  200  194  194  188  186  177  174  167  170  172  184  192
  204  213  224  234  243  254  262  274  286                                   
    25.0-180.0 180.0   5.0 450.0                            LAT/LON1/LON2/DLON/H
  291  303  314  323  329  340  351  369  388  411  431  454  470  474  470  455
  441  423  413  408  408  408  409  412  416  416  422  423  429  427  429  425
  424  414  401  370  344  318  305  291  290  289  291  288  285  273  265  250
  241  225  214  200  191  185  184  181  179  171  168  161  163  164  172  182
  193  206  218  232  243  254  269  281  291                                   
    22.5-180.0 180.0   5.0 450.0                            LAT/LON1/LON2/DLON/H
  295  308  320  333  339  352  361  383  403  431  450  478  495  507  504  496
  481  463  448  443  441  441  437  438  435  434  432  434  434  433  432  426
  424  407  386  348  316  289  272  261  260  261  263  263  259  250  241  230
  222  210  198  183  177  173  172  170  167  162  158  152  152  154  161  169
  182  195  213  228  243  259  273  287  295                                   
    20.0-180.0 180.0   5.0 450.0                            LAT/LON1/LON2/DLON/H
  301  315  328  342  347  362  373  395  420  446  470  497  518  529  533  526
  513  497  486  477  477  473  468  460  452  443  442  439  441  436  435  424
  417  392  363  318  286  258  242  228  229  229  236  233  234  222  218  208
  205  192  183  168  165  160  163  160  160  154  152  144  145  143  149  157
  170  188  209  231  248  264  282  295  301                                   
    17.5-180.0 180.0   5.0 450.0                            LAT/LON1/LON2/DLON/H
  305  320  335  348  355  369  383  409  431  461  484  515  535  553  557  559
  549  539  528  517  514  510  496  483  464  452  445  441  441  436  433  418
  406  374  339  292  263  234  217  202  202  203  209  207  206  196  193  187
  184  173  162  150  148  146  148  149  147  145  142  137  134  132  135  144
  159  180  208  231  253  272  287  301  305                                   
    15.0-180.0 180.0   5.0 450.0                            LAT/LON1/LON2/DLON/H
  313  328  342  356  362  378  393  416  441  467  493  523  547  565  576  580
  579  575  564  553  545  533  522  500  480  461  453  447  447  439  435  415
  400  360  324  280  253  225  207  194  190  192  194  191  188  180  178  173
  172  161  153  141  141  138  142  141  142  139  137  128  127  121  124  133
  151  175  204  232  254  273  292  305  313                                   
    12.5-180.0 180.0   5.0 450.0                            LAT/LON1/LON2/DLON/H
  316  331  347  358  364  383  399  424  446  472  495  527  548  573  585  597
  599  604  598  588  575  558  540  517  493  472  462  454  451  441  434  416
  396  358  321  281  256  230  214  200  195  192  192  187  183  175  174  170
  169  160  149  140  136  137  134  137  133  134  128  122  116  111  111  120
  138  163  196  224  252  274  291  309  316                                   
    10.0-180.0 180.0   5.0 450.0                            LAT/LON1/LON2/DLON/H
  321  334  352  360  366  383  399  419  438  459  479  509  533  558  577  593
  601  612  612  606  591  572  553  528  504  483  470  463  458  447  439  420
  400  361  329  292  274  252  240  228  218  213  207  199  190  181  178  173
  171  159  150  139  137  132  133  130  130  125  123  115  110  102  102  110
  128  154  186  216  242  264  287  308  321                                   
     7.5-180.0 180.0   5.0 450.0                            LAT/LON1/LON2/DLON/H
  322  338  359  367  377  391  404  418  429  446  459  488  507  536  555  577
  591  605  612  609  594  575  556  534  512  491  478  467  459  450  439  424
