data/unet/pred1070.15i
     1.0            IONOSPHERE MAPS     GNSS                IONEX VERSION / TYPE
pyspatialgeodesy        IME             05-JAN-18 20:20     PGM / RUN BY / DATE 
Map Name                                                    COMMENT             
Predicted global ionosphere maps (GIM).                     DESCRIPTION         
  2015     4    17     0     0     0                        EPOCH OF FIRST MAP  
  2015     4    18     0     0     0                        EPOCH OF LAST MAP   
  7200                                                      INTERVAL            
    13                                                      # OF MAPS IN FILE   
  NONE                                                      MAPPING FUNCTION    
10.0                                                        ELEVATION CUTOFF    
One-way carrier phase leveled to code                       OBSERVABLES USED    
  6371.0                                                    BASE RADIUS         
 2                                                          MAP DIMENSION       
   450.0 450.0   0.0                                        HGT1 / HGT2 / DHGT  
    87.5 -87.5  -2.5                                        LAT1 / LAT2 / DLAT  
  -180.0 180.0   5.0                                        LON1 / LON2 / DLON  
    -1                                                      EXPONENT            
                                                            END OF HEADER       
[from data line 858]
     3                                                      START OF TEC MAP    
  2015     4    17     4     0     0                        EPOCH OF CURRENT MAP
    87.5-180.0 180.0   5.0 450.0                            LAT/LON1/LON2/DLON/H
  148  151  132  129  129  128  129  132  133  137  137  140  142  145  145  148
  148  151  151  153  153  155  155  155  156  156  155  155  154  154  152  151
  151  149  148  146  147  145  144  142  143  140  140  137  138  136  135  133
  134  132  131  130  131  130  130  129  130  129  129  128  129  128  128  127
  127  127  127  129  133  130  141  147  148                                   
    85.0-180.0 180.0   5.0 450.0                            LAT/LON1/LON2/DLON/H
  158  148  127  129  125  129  127  135  133  140  138  144  144  150  148  154
  152  157  154  158  156  159  156  159  156  158  154  155  151  152  148  148
  146  145  142  142  141  139  138  136  136  134  133  132  132  132  131  131
  131  132  131  132  132  134  132  134  133  134  131  133  131  132  129  131
  127  130  126  132  133  132  134  143  158                                   
    82.5-180.0 180.0   5.0 450.0                            LAT/LON1/LON2/DLON/H
  139  131  122  126  118  126  123  134  133  141  139  148  147  154  153  158
  157  161  159  162  160  162  158  160  157  158  153  153  149  148  144  144
  141  141  138  139  137  138  136  137  135  136  133  135  133  135  131  134
  132  135  132  136  135  137  134  137  135  137  133  135  132  133  129  130
  125  127  123  129  128  128  126  126  139                                   
    80.0-180.0 180.0   5.0 450.0                            LAT/LON1/LON2/DLON/H
  139  130  126  125  122  126  129  136  140  144  149  154  158  161  164  167
  169  169  169  169  167  165  161  158  156  152  148  145  142  139  137  135
  135  133  134  133  135  135  136  137  139  137  139  137  140  137  140  138
  143  141  145  145  150  149  152  152  155  153  154  152  154  150  151  147
  146  143  142  142  143  132  133  129  139                                   
    77.5-180.0 180.0   5.0 450.0                            LAT/LON1/LON2/DLON/H
  147  138  129  131  126  130  134  141  145  150  154  159  162  165  168  170
  170  170  169  167  163  160  154  150  146  140  136  131  129  124  124  122
  123  122  124  125  129  130  133  135  137  137  138  139  140  141  141  144
  144  148  149  154  156  160  162  165  167  168  168  169  168  167  165  163
  160  160  158  159  156  151  146  142  147                                   
    75.0-180.0 180.0   5.0 450.0                            LAT/LON1/LON2/DLON/H
  152  146  140  134  132  132  137  141  146  150  156  158  162  163  165  165
  165  163  161  157  153  148  141  136  129  125  119  117  113  112  111  111
  113  114  117  118  122  125  128  130  132  134  134  136  137  139  141  142
  146  147  152  153  159  162  168  169  175  175  180  178  181  177  180  173
  176  171  174  170  170  160  163  157  152                                   
    72.5-180.0 180.0   5.0 450.0                            LAT/LON1/LON2/DLON/H
  171  162  154  153  144  144  145  149  151  155  158  161  161  162  161  160
  157  155  150  146  141  135  129  122  117  112  109  105  104  103  103  104
  106  108  112  114  118  121  125  127  130  132  135  138  144  147  152  151
  157  157  161  162  168  170  175  178  184  186  191  191  193  191  191  188
  187  188  187  186  184  178  178  172  171                                   
    70.0-180.0 180.0   5.0 450.0                            LAT/LON1/LON2/DLON/H
  180  177  173  165  158  153  154  155  159  161  163  164  162  159  156  152
  148  143  139  136  131  126  122  117  112  107  104  101  101   99  101  100
  104  105  110  111  117  118  124  125  130  132  136  142  149  154  160  162
  167  166  169  169  175  177  182  185  191  194  197  198  199  196  197  194
  195  194  198  196  197  187  195  186  180                                   
    67.5-180.0 180.0   5.0 450.0                            LAT/LON1/LON2/DLON/H
  194  188  183  180  168  163  162  163  164  167  167  167  163  159  153  146
  141  136  132  130  126  122  118  114  108  103  100   98   97   97   96   98
   99  102  105  108  111  115  118  123  127  133  138  145  154  159  169  173
  180  180  185  183  189  188  192  194  197  198  200  201  200  196  195  192
  192  194  197  198  201  199  199  194  194                                   
    65.0-180.0 180.0   5.0 450.0                            LAT/LON1/LON2/DLON/H
  195  198  192  184  175  166  166  167  170  171  171  168  162  154  146  138
  133  127  124  122  120  118  114  110  105  101   98   97   95   96   94   96
   97   99  101  103  107  110  114  117  123  129  138  145  157  164  176  182
  192  193  195  192  196  192  197  193  198  196  200  198  198  193  190  185
  185  186  190  193  196  194  204  198  195                                   
    62.5-180.0 180.0   5.0 450.0                            LAT/LON1/LON2/DLON/H
  201  199  192  186  174  168  165  168  168  171  167  165  158  151  143  135
  130  124  122  120  118  114  110  104  100   95   92   91   89   89   87   90
   88   92   89   94   96  100  104  111  119  128  137  147  159  169  181  191
  201  204  205  202  204  199  201  196  200  197  201  198  198  190  184  177
  174  173  175  178  182  188  192  193  201                                   
    60.0-180.0 180.0   5.0 450.0                            LAT/LON1/LON2/DLON/H
  196  201  193  184  173  164  163  164  167  167  164  159  152  144  137  130
  125  120  118  116  114  109  102   97   89   86   79   80   77   78   76   78
   77   78   78   81   84   89   95  103  114  125  135  146  158  169  182  194
  204  207  207  203  204  199  201  197  204  201  206  203  203  194  186  178
  173  170  170  173  176  178  191  194  196                                   
    57.5-180.0 180.0   5.0 450.0                            LAT/LON1/LON2/DLON/H
  202  201  194  185  172  165  161  163  161  163  156  153  145  140  134  129
  127  122  120  115  112  103   96   86   81   71   68   64   66   63   65   63
   66   64   67   69   74   80   89   99  112  126  136  150  161  172  183  194
  203  205  207  203  206  203  207  207  215  215  222  220  221  215  208  197
  188  179  175  174  176  181  189  197  202                                   
    55.0-180.0 180.0   5.0 450.0                            LAT/LON1/LON2/DLON/H
  208  211  203  193  180  172  168  165  164  159  153  145  139  134  131  127
  125  121  117  113  105   99   87   81   69   65   58   58   57   57   56   57
   56   57   59   62   68   75   85   95  110  124  137  150  161  172  183  193
  200  204  205  204  208  209  217  220  232  234  241  240  242  236  233  220
  212  201  194  190  185  189  202  210  208                                   
    52.5-180.0 180.0   5.0 450.0                            LAT/LON1/LON2/DLON/H
  230  225  218  210  196  189  181  177  170  165  153  146  137  134  132  128
  127  121  116  108  101   92   82   73   66   60   57   55   57   55   57   54
   57   56   61   62   70   76   88   98  114  130  142  155  166  177  187  196
  203  206  209  210  219  224  236  241  255  258  267  265  268  264  264  254
  247  235  226  218  212  214  222  230  230                                   
    50.0-180.0 180.0   5.0 450.0                            LAT/LON1/LON2/DLON/H
  255  246  244  232  221  212  203  194  186  175  163  151  142  137  134  132
  127  121  113  106   98   88   80   73   66   63   58   60   59   61   59   58
   58   60   64   68   76   83   94  103  119  134  149  160  173  182  192  201
  207  213  216  221  233  244  258  267  281  287  295  292  296  290  295  285
  281  270  262  254  245  246  255  258  255                                   
    47.5-180.0 180.0   5.0 450.0                            LAT/LON1/LON2/DLON/H
  288  276  270  263  248  243  229  222  205  194  177  166  152  146  140  134
  128  120  113  102  100   89   88   79   78   73   72   72   73   74   73   71
   70   71   76   79   86   92  101  110  125  141  155  170  182  193  204  213
  221  228  234  243  255  269  283  297  310  319  326  326  327  326  327  318
  312  304  294  289  278  283  283  287  288                                   
    45.0-180.0 180.0   5.0 450.0                            LAT/LON1/LON2/DLON/H
  319  303  294  285  275  270  260  247  234  216  199  183  168  157  149  140
  131  119  110   99   99   93   95   90   91   87   88   87   89   90   88   88
   85   86   88   91   97  101  108  115  130  146  164  180  194  205  218  228
  237  246  254  265  280  295  308  324  338  348  355  355  358  355  353  342
  335  328  318  314  300  306  306  307  319                                   
    42.5-180.0 180.0   5.0 450.0                            LAT/LON1/LON2/DLON/H
  346  325  311  308  297  299  287  278  259  241  219  201  185  172  160  146
  134  120  113  105  108  108  113  110  112  108  109  107  109  109  106  104
   99  100  100  102  107  107  111  116  132  152  173  194  210  223  234  245
  254  264  273  286  302  318  335  352  369  380  388  393  393  391  386  372
  360  350  336  332  319  325  321  326  346                                   
    40.0-180.0 180.0   5.0 450.0                            LAT/LON1/LON2/DLON/H
  362  339  320  316  307  317  306  298  282  263  243  224  206  191  178  158
  145  128  122  116  123  126  132  132  131  127  124  123  123  122  121  117
  114  112  111  111  112  110  110  117  132  157  180  206  222  237  249  260
  270  281  291  306  324  347  366  385  403  415  428  433  437  431  422  407
  392  382  365  360  342  349  338  343  362                                   
    37.5-180.0 180.0   5.0 450.0                            LAT/LON1/LON2/DLON/H
  372  343  317  316  307  319  310  306  288  273  250  234  218  204  189  171
  157  143  138  136  145  148  154  151  151  145  143  138  136  135  132  130
  123  123  118  117  117  110  111  114  132  160  187  216  232  246  257  269
  278  291  305  322  344  368  395  419  442  461  477  489  491  487  470  456
  436  427  411  405  388  392  368  368  372                                   
    35.0-180.0 180.0   5.0 450.0                            LAT/LON1/LON2/DLON/H
  398  363  327  312  303  312  300  298  282  269  252  239  226  212  199  182
  172  164  160  162  168  173  174  169  163  158  153  150  148  146  144  141
  136  131  124  122  114  111  106  113  129  162  193  222  239  251  262  275
  291  305  325  345  369  394  421  449  475  503  523  548  555  558  539  527
  503  496  477  473  456  447  425  410  398                                   
    32.5-180.0 180.0   5.0 450.0                            LAT/LON1/LON2/DLON/H
  443  402  356  327  304  302  289  284  266  256  237  227  217  207  197  188
  183  178  180  181  187  186  187  181  176  170  166  163  162  159  157  154
  149  144  137  131  123  115  111  117  135  166  197  225  242  256  270  286
  304  320  337  358  384  405  435  463  503  530  570  602  622  628  620  613
  593  585  566  557  540  528  494  475  443                                   
    30.0-180.0 180.0   5.0 450.0                            LAT/LON1/LON2/DLON/H
  513  465  413  373  342  320  297  281  261  245  227  217  212  202  196  192
  191  195  195  200  199  201  196  193  188  188  185  188  186  189  181  182
  169  162  151  139  127  117  112  116  136  163  199  224  242  252  270  289
  314  333  351  372  393  416  447  475  518  560  615  668  704  717  708  707
  694  692  672  665  647  626  602  569  513                                   
    27.5-180.0 180.0   5.0 450.0                            LAT/LON1/LON2/DLON/H
  590  547  502  460  418  380  336  300  270  239  224  207  203  192  189  187
  195  197  208  203  208  200  200  196  198  205  207  218  218  220  215  208
  195  183  169  153  141  127  122  126  142  171  199  226  242  255  271  288
  312  334  357  377  404  428  461  494  544  595  663  734  788  814  824  825
  819  811  802  781  766  742  719  674  590                                   
    25.0-180.0 180.0   5.0 450.0                            LAT/LON1/LON2/DLON/H
  685  652  616  567  520  468  412  362  314  267  242  219  211  196  194  191
  199  203  208  205  203  202  198  209  209  236  244  264  265  271  258  245
  223  201  183  158  142  126  124  125  140  162  196  217  238  252  272  293
  323  353  378  400  424  452  484  528  579  643  711  787  847  891  914  924
  922  923  916  896  879  851  830  787  685                                   
    22.5-180.0 180.0   5.0 450.0                            LAT/LON1/LON2/DLON/H
  789  781  745  699  641  581  514  460  398  345  296  264  244  223  210  206
  209  206  208  198  200  194  201  223  234  279  285  325  315  323  299  280
  244  220  194  169  148  134  129  130  139  162  188  215  233  249  271  295
  333  368  402  432  468  501  543  589  639  704  757  826  880  923  951  967
  979  982  997  975  964  938  904  865  789                                   
    20.0-180.0 180.0   5.0 450.0                            LAT/LON1/LON2/DLON/H
  883  892  864  816  757  689  622  560  498  435  380  339  304  270  247  236
  230  218  214  206  204  216  222  272  291  347  362  384  373  358  329  295
  254  224  197  174  151  139  130  131  137  155  183  212  237  257  282  312
  354  389  426  462  498  541  577  629  678  738  779  835  879  920  941  968
  986 1002 1021 1010 1005  991  947  935  883                                   
    17.5-180.0 180.0   5.0 450.0                            LAT/LON1/LON2/DLON/H
  948  969  950  915  872  810  731  664  590  536  472  436  385  354  320  303
  282  258  245  231  235  261  281  352  364  430  422  437  396  373  327  294
  247  224  193  175  148  140  127  126  131  148  176  208  237  262  295  332
  377  421  462  502  539  577  623  667  706  749  790  831  857  887  911  940
  966  992 1013 1016 1012 1011  970  959  948                                   
    15.0-180.0 180.0   5.0 450.0                            LAT/LON1/LON2/DLON/H
  975  999  990  962  927  881  815  742  666  607  545  502  457  428  386  367
  342  321  295  295  290  342  353  430  442  482  467  445  394  349  307  268
  232  211  187  167  146  136  123  123  126  146  174  208  241  268  308  345
  396  438  481  523  563  607  644  685  721  764  793  821  839  860  877  908
  934  966  992 1002 1006 1008  973  969  975                                   
    12.5-180.0 180.0   5.0 450.0                            LAT/LON1/LON2/DLON/H
  971 1014 1021 1001  966  920  876  807  729  667  608  568  523  498  455  440
  403  387  365  370  370  425  438  501  496  518  475  445  369  328  272  246
  213  198  174  162  138  134  122  120  122  138  167  204  242  275  318  358
  407  450  503  545  590  630  660  695  727  753  772  788  798  811  833  862
  898  932  962  976  986  990  953  957  971                                   
    10.0-180.0 180.0   5.0 450.0                            LAT/LON1/LON2/DLON/H
  963  999 1011  996  962  925  874  826  750  693  641  605  570  547  512  501
  468  462  437  463  454  513  511  546  529  511  460  400  337  291  251  234
  204  189  168  151  137  129  118  115  116  137  168  206  246  281  324  365
  412  453  509  553  601  633  666  699  733  754  764  774  778  794  813  844
  877  908  940  950  964  964  933  942  963                                   
     7.5-180.0 180.0   5.0 450.0                            LAT/LON1/LON2/DLON/H
  941  966  987  974  952  915  874  819  760  697  659  623  601  582  560  556
  532  535  514  535  529  560  551  560  530  498  421  367  302  275  237  220
