data/unet/pred3540.15i
     1.0            IONOSPHERE MAPS     GNSS                IONEX VERSION / TYPE
pyspatialgeodesy        IME             05-JAN-18 20:20     PGM / RUN BY / DATE 
Map Name                                                    COMMENT             
Predicted global ionosphere maps (GIM).                     DESCRIPTION         
  2015    12    20     0     0     0                        EPOCH OF FIRST MAP  
  2015    12    21     0     0     0                        EPOCH OF LAST MAP   
  7200                                                      INTERVAL            
    13                                                      # OF MAPS IN FILE   
  NONE                                                      MAPPING FUNCTION    
10.0                                                        ELEVATION CUTOFF    
One-way carrier phase leveled to code                       OBSERVABLES USED    
  6371.0                                                    BASE RADIUS         
 2                                                          MAP DIMENSION       
   450.0 450.0   0.0                                        HGT1 / HGT2 / DHGT  
    87.5 -87.5  -2.5                                        LAT1 / LAT2 / DLAT  
  -180.0 180.0   5.0                                        LON1 / LON2 / DLON  
    -1                                                      EXPONENT            
                                                            END OF HEADER       
[from data line 1287]
     4                                                      START OF TEC MAP    
  2015    12    20     6     0     0                        EPOCH OF CURRENT MAP
    87.5-180.0 180.0   5.0 450.0                            LAT/LON1/LON2/DLON/H
   26   63   59   62   58   58   54   58   55   58   53   55   51   52   48   48
   45   45   43   42   41   41   40   40   40   40   40   40   39   40   40   40
   39   40   40   40   39   41   40   41   39   41   40   41   39   41   40   42
   40   43   41   43   40   44   41   45   41   45   42   46   42   47   43   47
   44   47   44   50   51   57   64   27   26                                   
    85.0-180.0 180.0   5.0 450.0                            LAT/LON1/LON2/DLON/H
   66   74   56   64   58   60   57   62   59   62   59   60   57   56   55   51
   51   47   48   42   45   39   43   38   42   38   42   39   42   41   43   42
   43   43   45   44   44   44   45   44   45   44   46   44   45   44   47   44
   47   46   49   47   49   49   50   51   50   52   51   52   50   52   50   52
   50   53   51   56   56   54   74   41   66                                   
    82.5-180.0 180.0   5.0 450.0                            LAT/LON1/LON2/DLON/H
   70   56   51   48   49   46   52   51   54   52   54   50   52   47   48   43
   44   37   38   32   33   29   31   28   30   27   31   28   32   30   35   32
   37   33   39   35   41   36   42   36   42   36   42   35   41   35   41   34
   40   35   41   35   41   36   42   36   42   37   42   36   41   35   39   33
   38   32   38   35   44   38   57   37   70                                   
    80.0-180.0 180.0   5.0 450.0                            LAT/LON1/LON2/DLON/H
   69   60   48   48   45   47   47   54   51   56   52   55   49   52   44   46
   37   38   30   30   23   25   19   22   18   22   20   24   22   27   27   31
   30   36   34   37   34   39   34   38   32   38   32   36   30   37   31   37
   31   39   34   40   35   42   37   43   37   44   38   44   36   43   35   40
   32   38   33   37   36   33   45   29   69                                   
    77.5-180.0 180.0   5.0 450.0                            LAT/LON1/LON2/DLON/H
   56   47   44   43   45   44   49   51   53   55   54   55   51   51   46   45
   39   35   31   27   22   20   17   16   16   17   20   22   25   29   32   34
   36   39   40   40   39   40   38   36   35   34   34   33   32   33   34   34
   35   37   40   39   42   43   47   46   48   46   48   45   46   42   44   38
   40   35   39   34   39   30   40   30   56                                   
    75.0-180.0 180.0   5.0 450.0                            LAT/LON1/LON2/DLON/H
   44   46   43   39   39   41   44   50   52   55   55   56   53   54   49   48
   41   39   32   30   22   24   18   21   18   24   23   29   28   36   35   42
   39   45   41   44   37   41   35   37   30   35   29   34   28   36   32   39
   35   44   43   49   47   54   53   57   54   58   54   55   51   52   48   47
   44   43   40   39   38   32   41   18   44                                   
    72.5-180.0 180.0   5.0 450.0                            LAT/LON1/LON2/DLON/H
   37   38   36   35   37   38   45   46   52   54   56   57   57   56   53   50
   45   41   36   31   27   25   23   23   23   26   29   33   34   40   40   44
   42   44   42   39   35   34   31   27   26   25   28   26   30   31   38   37
   44   45   54   52   59   59   66   63   66   64   65   59   60   55   56   49
   50   45   45   40   41   33   39   23   37                                   
    70.0-180.0 180.0   5.0 450.0                            LAT/LON1/LON2/DLON/H
   30   34   34   31   29   32   33   40   42   47   48   51   51   53   51   51
   46   44   39   36   31   31   27   29   27   32   32   39   37   45   42   48
   41   46   37   38   28   31   22   24   16   23   19   26   24   34   34   43
   44   54   56   64   64   72   71   75   73   76   71   72   66   68   61   60
   53   54   48   47   43   35   42   19   30                                   
    67.5-180.0 180.0   5.0 450.0                            LAT/LON1/LON2/DLON/H
   33   31   33   30   32   30   37   38   43   45   48   50   52   53   53   53
   49   47   42   38   34   33   31   31   33   35   36   40   40   44   44   46
   44   42   39   33   30   24   24   19   21   20   26   27   35   38   47   50
   58   62   69   72   78   81   84   83   83   83   80   78   75   72   67   65
   60   59   55   53   48   39   46   28   33                                   
    65.0-180.0 180.0   5.0 450.0                            LAT/LON1/LON2/DLON/H
   35   35   36   32   29   32   31   36   36   41   40   45   47   50   52   53
   52   50   47   43   41   39   37   38   38   40   40   43   42   45   43   44
   41   40   34   31   24   22   16   17   14   21   22   31   36   46   52   60
   66   73   79   85   90   94   94   94   94   93   92   89   89   86   82   78
   74   71   68   64   61   49   53   31   35                                   
    62.5-180.0 180.0   5.0 450.0                            LAT/LON1/LON2/DLON/H
   50   45   41   34   37   32   39   37   40   40   41   43   45   48   50   54
   52   52   46   45   40   40   36   39   38   40   39   41   39   42   39   41
   37   36   32   28   24   19   18   15   18   21   29   36   45   53   61   68
   75   85   90   96  100  106  104  106  100  101   96   97   94   93   87   85
   78   77   72   71   64   57   61   43   50                                   
    60.0-180.0 180.0   5.0 450.0                            LAT/LON1/LON2/DLON/H
   56   55   46   42   38   39   38   40   38   38   37   40   42   46   49   52
   54   51   49   45   43   39   39   38   40   38   39   37   38   35   36   34
   36   32   30   25   22   18   16   16   19   26   34   44   54   64   73   82
   92   97  106  110  117  116  118  114  115  111  111  108  110  106  102   95
   89   85   81   77   72   63   66   49   56                                   
    57.5-180.0 180.0   5.0 450.0                            LAT/LON1/LON2/DLON/H
   69   59   53   43   47   40   46   42   44   38   38   38   40   43   46   51
   50   50   44   42   37   36   34   35   35   36   33   33   30   30   27   29
   29   30   27   26   23   20   18   19   24   30   41   50   62   72   82   92
   99  106  112  118  120  123  120  121  117  118  115  116  117  115  109  102
   93   87   81   79   75   68   75   57   69                                   
    55.0-180.0 180.0   5.0 450.0                            LAT/LON1/LON2/DLON/H
   74   67   57   51   49   46   47   46   44   40   37   37   39   42   45   49
   51   47   44   38   36   33   34   34   36   34   34   29   29   24   25   24
   27   27   28   27   26   24   24   26   32   40   51   61   71   83   92  100
  109  115  122  127  131  133  134  131  132  130  130  130  132  130  124  115
  104   95   88   84   80   73   79   65   74                                   
    52.5-180.0 180.0   5.0 450.0                            LAT/LON1/LON2/DLON/H
   83   70   63   52   55   48   53   48   48   41   39   37   38   42   44   48
   46   45   38   34   30   29   30   32   34   34   32   30   25   24   21   24
   25   29   31   32   32   30   31   34   41   49   62   70   83   93  102  110
  119  126  131  137  140  143  142  143  141  143  142  144  144  141  135  124
  112  102   93   91   87   80   87   71   83                                   
    50.0-180.0 180.0   5.0 450.0                            LAT/LON1/LON2/DLON/H
   88   78   65   58   56   52   53   52   51   45   41   40   41   43   44   47
   47   43   37   33   31   31   32   35   38   38   36   32   29   25   24   24
   27   29   33   35   36   36   38   42   49   59   69   79   89   99  108  118
  128  138  143  150  154  158  158  158  159  159  159  160  163  157  151  139
  126  113  104   96   92   84   90   77   88                                   
    47.5-180.0 180.0   5.0 450.0                            LAT/LON1/LON2/DLON/H
   96   81   71   59   61   54   58   53   54   48   45   42   43   45   45   47
   44   42   34   33   31   33   36   40   44   45   43   40   35   32   28   29
   31   36   40   44   45   46   49   55   63   73   82   92  100  111  119  131
  142  151  156  163  167  171  170  170  168  169  169  170  172  168  158  148
  134  122  111  106  101   93   99   81   96                                   
    45.0-180.0 180.0   5.0 450.0                            LAT/LON1/LON2/DLON/H
   98   90   72   64   60   58   59   60   59   55   52   49   50   49   49   49
   48   43   41   39   40   43   46   50   53   55   52   49   44   38   34   32
   34   36   41   45   48   50   54   62   72   84   93  104  111  122  132  145
  156  165  172  180  184  188  186  185  183  181  179  178  178  171  163  152
  140  127  117  110  104   96  102   88   98                                   
    42.5-180.0 180.0   5.0 450.0                            LAT/LON1/LON2/DLON/H
  101   90   78   64   65   57   62   60   64   60   60   56   56   54   52   52
   48   48   43   47   47   54   56   61   63   66   62   60   53   47   41   39
   40   43   46   52   54   60   63   76   85  100  107  119  123  137  146  160
  169  178  185  191  194  196  193  190  186  182  176  173  171  165  158  151
  141  132  123  116  109  102  106   90  101                                   
    40.0-180.0 180.0   5.0 450.0                            LAT/LON1/LON2/DLON/H
   99   93   77   70   64   63   63   68   69   71   70   68   68   65   62   59
   61   56   60   61   67   69   73   74   76   75   72   67   60   52   46   41
   41   43   47   50   54   60   68   81   96  111  123  131  141  152  163  175
  186  194  198  203  204  206  201  197  193  185  176  167  165  159  155  149
  143  136  127  119  110  101  106   94   99                                   
    37.5-180.0 180.0   5.0 450.0                            LAT/LON1/LON2/DLON/H
   99   91   79   68   67   61   64   65   72   74   78   75   77   73   69   67
   64   67   68   76   78   83   84   87   85   85   79   74   66   59   52   48
   46   48   48   53   57   65   74   90  107  128  137  149  156  168  177  189
  198  204  207  209  212  211  209  205  200  191  179  170  165  159  156  154
  149  145  137  128  115  103  106   90   99                                   
    35.0-180.0 180.0   5.0 450.0                            LAT/LON1/LON2/DLON/H
   97   89   79   74   68   66   67   72   76   83   88   90   92   88   85   80
   82   80   89   91  101   99  102   97   95   89   83   75   68   60   55   50
   47   47   48   51   57   65   78   95  116  135  151  160  172  180  194  205
  211  216  216  219  220  223  222  220  216  207  194  185  178  172  168  167
  162  159  151  140  124  109  107   95   97                                   
    32.5-180.0 180.0   5.0 450.0                            LAT/LON1/LON2/DLON/H
  101   87   78   71   67   65   65   67   74   79   89   92   97   95   92   89
   89   93   98  106  110  111  109  106  100   94   85   78   69   63   57   52
   49   48   50   54   60   70   82  102  124  146  162  174  185  196  209  216
  223  224  228  230  237  241  245  245  244  237  226  218  213  208  203  199
  192  185  175  162  143  120  116   99  101                                   
    30.0-180.0 180.0   5.0 450.0                            LAT/LON1/LON2/DLON/H
  106   86   76   75   68   66   64   68   71   81   90   98  104  105  103   99
  103  103  111  113  119  116  114  107  103   95   86   78   71   66   60   56
   54   52   53   56   61   73   86  107  131  155  175  186  201  212  224  232
  235  237  241  247  257  269  277  283  286  284  273  265  261  254  251  245
  237  228  212  193  170  142  128  115  106                                   
    27.5-180.0 180.0   5.0 450.0                            LAT/LON1/LON2/DLON/H
  122   99   82   78   71   67   62   60   65   70   81   88   98  100  102  101
  103  108  112  117  119  117  114  109  104   97   90   80   76   69   68   62
   63   60   60   62   67   78   92  113  141  165  187  202  218  231  243  250
  253  253  260  267  283  297  314  325  337  339  335  331  325  319  311  304
  292  283  263  239  208  174  151  133  122                                   
    25.0-180.0 180.0   5.0 450.0                            LAT/LON1/LON2/DLON/H
  139  108   92   89   77   72   65   62   62   68   77   88   97  101  103  101
  105  104  109  109  112  109  107  105  104   99   93   84   80   75   76   72
   72   66   65   64   69   83   96  122  146  174  198  218  237  254  265  272
  275  276  283  294  312  332  351  371  388  394  392  393  391  386  377  365
  349  334  314  287  253  208  176  161  139                                   
    22.5-180.0 180.0   5.0 450.0                            LAT/LON1/LON2/DLON/H
  167  133  114  103   94   85   76   67   64   61   68   74   84   87   91   90
   93   95   98   99  101   99  100  103  106  105  101   92   89   84   87   81
   80   72   70   68   72   86  104  129  159  184  211  234  258  274  287  293
  299  299  310  320  344  364  389  410  433  441  442  443  444  442  433  423
  408  392  369  340  303  257  214  195  167                                   
    20.0-180.0 180.0   5.0 450.0                            LAT/LON1/LON2/DLON/H
  202  155  136  127  110  103   92   84   76   71   71   75   83   85   89   85
   89   84   87   85   89   88   94  100  107  110  106   98   97   92   97   88
   86   74   70   68   73   90  106  139  166  196  223  251  276  295  307  316
  324  328  340  354  376  401  427  456  476  488  485  490  490  490  477  469
  453  441  417  393  360  308  258  241  202                                   
    17.5-180.0 180.0   5.0 450.0                            LAT/LON1/LON2/DLON/H
  240  191  171  150  136  126  118  103   96   83   78   76   77   78   77   74
   73   72   71   74   77   81   91  102  114  118  117  110  106   99  100   89
   87   78   72   68   75   88  114  146  180  206  236  265  290  309  324  334
  344  353  367  383  406  429  455  482  501  513  511  517  518  519  507  497
  486  473  459  437  411  365  305  292  240                                   
    15.0-180.0 180.0   5.0 450.0                            LAT/LON1/LON2/DLON/H
  293  233  205  188  166  156  144  135  124  109   98   90   89   86   84   77
   77   72   75   73   81   82   94  104  118  125  127  119  114  106  106   94
   86   76   67   67   73   96  118  159  188  217  247  278  305  326  342  356
  368  379  395  412  433  459  479  503  518  529  526  530  531  532  522  514
  499  492  479  468  447  408  357  342  293                                   
    12.5-180.0 180.0   5.0 450.0                            LAT/LON1/LON2/DLON/H
  339  283  255  224  203  188  178  166  154  136  121  108   98   95   89   83
   78   76   78   83   90   95  108  118  136  141  144  135  125  115  108   97
   86   73   67   63   77   95  131  166  202  228  257  290  316  337  356  372
  386  402  416  437  453  473  487  505  515  524  521  521  521  521  514  506
  496  489  486  480  471  441  400  383  339                                   
    10.0-180.0 180.0   5.0 450.0                            LAT/LON1/LON2/DLON/H
  374  327  299  272  242  221  208  200  190  171  152  134  122  112  105   97
   94   90   95   98  109  112  122  134  146  156  154  145  131  120  107   97
   84   76   68   72   82  106  137  178  206  234  263  297  323  348  367  386
  401  416  435  451  468  483  491  503  510  517  513  512  510  511  502  498
  486  483  482  483  480  462  431  416  374                                   
     7.5-180.0 180.0   5.0 450.0                            LAT/LON1/LON2/DLON/H
  397  363  339  306  278  256  238  223  216  199  181  161  146  135  124  118
  115  115  122  130  140  143  150  157  166  170  166  155  138  123  108   94
