data/unet/pred2080.15i
     1.0            IONOSPHERE MAPS     GNSS                IONEX VERSION / TYPE
pyspatialgeodesy        IME             05-JAN-18 20:20     PGM / RUN BY / DATE 
Map Name                                                    COMMENT             
Predicted global ionosphere maps (GIM).                     DESCRIPTION         
  2015     7    27     0     0     0                        EPOCH OF FIRST MAP  
  2015     7    28     0     0     0                        EPOCH OF LAST MAP   
  7200                                                      INTERVAL            
    13                                                      # OF MAPS IN FILE   
  NONE                                                      MAPPING FUNCTION    
10.0                                                        ELEVATION CUTOFF    
One-way carrier phase leveled to code                       OBSERVABLES USED    
  6371.0                                                    BASE RADIUS         
 2                                                          MAP DIMENSION       
   450.0 450.0   0.0                                        HGT1 / HGT2 / DHGT  
    87.5 -87.5  -2.5                                        LAT1 / LAT2 / DLAT  
  -180.0 180.0   5.0                                        LON1 / LON2 / DLON  
    -1                                                      EXPONENT            
                                                            END OF HEADER       
[from data line 429]
     2                                                      START OF TEC MAP    
  2015     7    27     2     0     0                        EPOCH OF CURRENT MAP
    87.5-180.0 180.0   5.0 450.0                            LAT/LON1/LON2/DLON/H
  136  133  130  124  126  120  124  120  124  120  123  119  123  119  122  118
  122  118  121  116  119  114  116  111  114  109  112  106  110  104  108  102
  106  101  105   99  104   99  103   98  103   98  103   99  105  101  107  104
  110  107  112  109  115  112  116  113  118  115  119  116  121  118  121  118
  124  121  125  122  129  123  128  144  136                                   
    85.0-180.0 180.0   5.0 450.0                            LAT/LON1/LON2/DLON/H
  133  147  132  134  134  130  131  129  131  128  129  127  129  127  127  125
  126  124  124  122  121  119  118  115  114  111  110  108  107  105  103  102
  100   99   98   97   96   96   95   95   95   96   96   98   99  101  102  104
  106  108  109  112  113  115  116  118  119  120  121  123  124  125  126  127
  129  129  131  131  133  128  136  135  133                                   
    82.5-180.0 180.0   5.0 450.0                            LAT/LON1/LON2/DLON/H
  137  141  139  141  138  136  136  136  137  135  136  134  135  132  133  130
  131  127  128  124  125  120  121  116  116  111  111  106  107  102  102   97
   98   93   95   90   92   88   91   87   90   86   91   88   94   92   99   97
  104  102  109  107  114  112  118  116  122  120  125  124  129  128  131  131
  135  134  139  138  142  135  143  136  137                                   
    80.0-180.0 180.0   5.0 450.0                            LAT/LON1/LON2/DLON/H
  140  140  141  141  142  137  140  137  140  136  138  134  136  132  133  130
  131  127  128  125  124  121  119  116  114  110  108  104  102   97   96   92
   92   87   88   84   85   82   84   82   85   83   87   87   92   91   97   98
  104  104  110  110  116  115  121  120  125  124  129  128  133  131  136  134
  139  137  142  141  144  137  141  135  140                                   
    77.5-180.0 180.0   5.0 450.0                            LAT/LON1/LON2/DLON/H
  141  143  141  143  139  139  138  139  137  138  135  135  132  133  129  131
  127  128  125  126  122  122  118  117  111  110  105  104   98   98   93   93
   89   89   85   85   82   83   81   83   81   84   85   89   90   96   98  104
  106  111  113  118  119  123  124  127  127  130  130  132  133  134  135  137
  138  140  141  143  142  141  142  133  141                                   
    75.0-180.0 180.0   5.0 450.0                            LAT/LON1/LON2/DLON/H
  137  136  136  138  138  135  137  135  137  134  135  131  131  128  128  125
  126  122  124  120  121  117  117  113  111  105  104   99   97   93   93   89
   89   87   87   84   83   82   82   81   82   83   87   89   94   97  104  106
  112  114  119  119  124  122  126  124  128  126  128  127  130  129  132  131
  134  134  138  137  139  136  140  131  137                                   
    72.5-180.0 180.0   5.0 450.0                            LAT/LON1/LON2/DLON/H
  133  134  132  133  132  132  133  134  133  133  132  130  127  125  122  121
  117  118  115  116  112  113  109  108  102  100   96   94   91   90   89   89
   87   87   86   86   82   82   80   81   80   82   85   90   93   99  104  109
  112  116  118  119  121  122  123  123  125  124  125  125  126  125  127  126
  128  128  131  131  132  130  134  128  133                                   
    70.0-180.0 180.0   5.0 450.0                            LAT/LON1/LON2/DLON/H
  128  127  127  130  131  131  134  135  136  136  135  133  130  126  122  119
  116  113  112  110  109  107  105  102   98   94   91   87   86   85   86   86
   87   86   87   85   83   81   80   79   80   81   86   90   95  100  106  110
  114  116  119  119  121  121  122  122  124  124  125  125  126  126  126  127
  127  128  130  131  130  128  133  126  128                                   
    67.5-180.0 180.0   5.0 450.0                            LAT/LON1/LON2/DLON/H
  126  127  126  128  128  130  134  137  138  139  138  137  132  129  123  119
  113  111  107  107  103  103   98   97   89   87   81   81   77   80   79   84
   82   85   84   84   79   79   76   76   75   79   83   89   94  100  106  110
  114  115  118  117  119  118  121  120  124  124  127  127  129  127  128  127
  127  126  129  129  129  126  130  125  126                                   
    65.0-180.0 180.0   5.0 450.0                            LAT/LON1/LON2/DLON/H
  125  124  123  127  130  132  137  140  143  144  144  142  139  134  128  122
  117  111  109  105  103  100   96   92   86   81   77   73   73   74   77   79
   81   82   82   80   77   74   73   72   73   76   82   88   94  101  107  111
  115  116  116  116  116  117  118  121  125  127  130  132  133  133  132  132
  131  131  133  133  132  128  133  127  125                                   
    62.5-180.0 180.0   5.0 450.0                            LAT/LON1/LON2/DLON/H
  128  127  126  128  129  132  137  141  144  146  146  146  142  139  132  128
  120  116  109  107  101   99   93   90   81   77   70   70   66   70   70   77
   76   79   76   76   70   70   65   67   67   73   78   86   93  102  108  113
  117  117  117  116  118  117  121  123  130  132  137  138  140  138  138  136
  136  135  137  136  135  131  135  129  128                                   
    60.0-180.0 180.0   5.0 450.0                            LAT/LON1/LON2/DLON/H
  129  129  127  130  132  134  138  142  146  148  148  148  147  144  140  135
  129  122  117  111  107  102   97   91   85   77   73   68   69   68   72   73
   75   75   73   70   67   64   62   63   66   72   78   87   95  103  109  114
  117  118  117  117  118  120  123  128  135  139  143  144  146  144  143  141
  141  141  142  142  140  136  140  132  129                                   
    57.5-180.0 180.0   5.0 450.0                            LAT/LON1/LON2/DLON/H
  137  137  135  136  136  136  139  142  145  146  147  148  148  147  144  140
  135  129  123  118  111  108  100   96   86   82   73   71   67   70   69   74
   71   73   68   67   61   60   58   61   64   72   79   89   97  107  113  119
  123  124  125  125  128  130  134  139  146  149  152  152  153  150  149  146
  146  145  148  146  145  142  145  135  137                                   
    55.0-180.0 180.0   5.0 450.0                            LAT/LON1/LON2/DLON/H
  142  143  142  142  141  140  141  142  144  145  146  147  149  148  148  146
  143  138  133  127  122  116  110  104   98   89   84   78   77   76   76   76
   75   72   68   64   62   61   62   65   70   77   85   95  103  112  118  125
  128  132  132  134  137  141  145  150  156  158  160  157  157  152  151  149
  149  149  152  151  150  147  151  142  142                                   
    52.5-180.0 180.0   5.0 450.0                            LAT/LON1/LON2/DLON/H
  152  153  152  151  147  145  145  143  144  144  145  145  148  150  150  149
  148  145  140  135  130  125  119  114  106  100   93   89   84   84   80   81
   76   75   69   67   64   66   66   71   75   82   88   99  106  117  123  131
  135  141  144  148  153  157  161  166  170  170  168  164  161  155  154  151
  152  151  156  154  153  154  158  147  152                                   
    50.0-180.0 180.0   5.0 450.0                            LAT/LON1/LON2/DLON/H
  159  159  160  160  157  153  151  149  146  146  144  146  149  150  152  152
  152  150  147  142  138  133  128  123  118  111  105   99   95   92   89   86
   82   78   75   72   72   74   77   82   86   91   97  105  113  122  130  138
  145  153  158  165  171  175  179  181  183  179  176  168  165  158  156  153
  155  157  162  162  161  160  165  156  159                                   
    47.5-180.0 180.0   5.0 450.0                            LAT/LON1/LON2/DLON/H
  168  171  172  170  165  161  160  155  153  150  149  148  152  153  155  156
  156  155  153  149  145  141  137  133  128  122  116  111  105  102   97   95
   90   87   83   82   81   85   87   92   93   98  100  109  115  126  134  145
  154  164  172  181  187  193  195  195  195  189  184  175  170  163  162  160
  163  166  171  171  170  171  174  163  168                                   
    45.0-180.0 180.0   5.0 450.0                            LAT/LON1/LON2/DLON/H
  176  179  181  180  175  172  170  166  162  159  155  155  156  156  158  157
  159  157  156  153  150  146  143  139  136  130  125  119  114  109  105  101
   98   94   93   92   94   97  100  103  105  106  109  114  121  129  140  152
  163  175  185  194  202  205  209  206  206  198  192  181  177  169  167  168
  171  176  181  181  180  178  184  176  176                                   
    42.5-180.0 180.0   5.0 450.0                            LAT/LON1/LON2/DLON/H
  185  189  190  188  183  180  180  175  173  168  166  163  165  162  162  161
  162  161  159  155  152  148  146  143  140  136  131  126  120  116  111  110
  106  105  103  103  104  107  108  111  109  111  111  118  124  133  144  157
  169  182  193  203  210  213  215  213  212  204  199  188  184  177  178  179
  184  188  193  192  191  193  194  185  185                                   
    40.0-180.0 180.0   5.0 450.0                            LAT/LON1/LON2/DLON/H
  196  199  200  198  194  193  192  189  185  181  176  174  173  171  168  166
  165  163  161  157  154  149  147  144  144  139  136  130  125  120  117  115
  115  114  114  114  115  117  118  118  118  116  118  122  129  136  147  160
  173  186  197  207  214  217  219  218  219  212  207  198  195  189  191  193
  198  202  207  205  204  202  208  202  196                                   
    37.5-180.0 180.0   5.0 450.0                            LAT/LON1/LON2/DLON/H
  213  216  214  210  206  204  205  200  199  192  190  186  185  181  178  174
  172  168  165  159  156  150  147  145  144  143  139  135  129  125  122  122
  122  122  122  122  120  121  120  119  118  119  120  124  130  138  149  161
  174  186  198  207  214  217  222  222  225  220  216  209  206  201  203  204
  210  214  219  218  218  219  222  216  213                                   
    35.0-180.0 180.0   5.0 450.0                            LAT/LON1/LON2/DLON/H
  232  232  230  225  220  220  218  214  210  205  200  198  194  192  187  183
  180  173  168  161  157  150  148  146  146  145  144  139  136  130  128  127
  128  129  129  128  126  124  123  122  122  122  125  128  133  139  148  159
  172  184  196  206  214  218  224  228  233  230  228  222  220  215  217  218
  223  227  233  232  233  232  240  237  232                                   
    32.5-180.0 180.0   5.0 450.0                            LAT/LON1/LON2/DLON/H
  257  256  253  245  240  236  235  228  225  217  214  209  209  206  201  195
  190  181  173  163  158  151  149  148  148  149  149  145  141  136  134  133
  135  135  135  130  127  123  120  120  120  123  126  129  133  137  146  155
  167  179  192  202  213  219  231  236  246  245  243  238  235  229  230  231
  236  240  247  248  250  252  260  259  257                                   
    30.0-180.0 180.0   5.0 450.0                            LAT/LON1/LON2/DLON/H
  286  285  284  273  267  260  256  247  240  232  225  223  221  218  213  205
  199  188  178  167  161  154  153  152  154  154  155  150  146  139  137  136
  138  137  135  129  123  119  117  117  121  123  127  127  130  130  137  145
  159  171  187  200  213  223  236  246  255  256  255  252  247  243  244  243
  249  254  263  267  271  272  281  283  286                                   
    27.5-180.0 180.0   5.0 450.0                            LAT/LON1/LON2/DLON/H
  322  322  319  310  302  291  284  271  261  249  242  237  236  234  227  219
  210  196  183  171  165  160  160  160  163  162  162  156  151  143  140  136
  137  134  131  123  117  111  110  111  115  119  121  121  121  118  123  131
  146  160  179  193  210  224  240  253  266  269  269  265  262  256  257  255
  262  268  281  286  293  296  303  304  322                                   
    25.0-180.0 180.0   5.0 450.0                            LAT/LON1/LON2/DLON/H
  357  359  359  347  341  328  319  300  287  272  262  254  252  246  240  229
  221  205  192  178  173  167  169  169  171  169  167  158  152  142  136  131
  129  127  122  116  107  103  102  103  109  110  113  109  108  103  108  116
  135  153  175  192  210  225  245  259  272  275  277  273  269  265  264  264
  270  279  292  301  308  318  324  327  357                                   
    22.5-180.0 180.0   5.0 450.0                            LAT/LON1/LON2/DLON/H
  385  387  385  379  376  363  353  334  319  301  286  277  272  264  255  243
  233  215  199  187  180  178  180  180  180  176  170  159  150  137  129  121
  118  114  110  102   96   91   92   95  100  101  101   96   92   87   91  101
  124  144  169  188  208  225  246  263  279  284  285  282  279  273  274  273
  281  289  303  311  322  331  339  344  385                                   
    20.0-180.0 180.0   5.0 450.0                            LAT/LON1/LON2/DLON/H
  412  414  414  411  408  398  388  369  355  334  321  307  301  288  278  261
  247  226  209  194  190  186  190  188  184  178  167  155  143  130  119  110
  104  101   95   91   85   84   86   87   92   90   90   82   79   75   81   93
  116  141  169  192  215  233  256  270  287  289  293  291  287  283  281  283
  290  301  313  322  332  344  352  358  412                                   
    17.5-180.0 180.0   5.0 450.0                            LAT/LON1/LON2/DLON/H
  417  423  425  426  427  421  413  399  386  369  355  342  334  321  304  284
  261  237  218  205  200  198  198  194  188  175  163  146  133  119  108   97
   91   87   84   80   78   77   81   82   85   81   77   68   65   62   70   83
  109  134  165  190  217  238  263  279  295  301  305  303  301  295  297  297
  306  314  327  333  343  351  357  367  417                                   
    15.0-180.0 180.0   5.0 450.0                            LAT/LON1/LON2/DLON/H
  425  429  434  439  442  441  435  424  414  401  387  373  364  347  326  301
  271  245  225  210  205  200  201  194  183  168  151  136  121  109   96   88
   79   79   75   75   73   75   79   78   81   74   72   62   61   59   68   81
  107  134  165  192  220  243  267  282  299  306  313  313  312  310  310  314
  319  331  339  348  353  365  372  381  425                                   
    12.5-180.0 180.0   5.0 450.0                            LAT/LON1/LON2/DLON/H
  416  426  431  438  441  441  437  431  422  413  401  390  376  359  336  311
  280  253  233  219  211  207  203  192  176  157  139  123  111   99   89   80
   73   72   70   69   69   70   74   74   74   69   64   58   56   56   64   78
  103  129  161  189  220  243  269  287  305  315  324  326  328  325  329  332
  340  349  358  365  370  380  382  392  416                                   
    10.0-180.0 180.0   5.0 450.0                            LAT/LON1/LON2/DLON/H
  416  426  430  439  440  440  437  434  428  421  412  400  386  367  345  323
  296  268  246  227  217  205  198  184  167  148  128  116  104   96   87   79
   72   72   70   71   70   72   75   73   76   67   67   60   61   61   68   79
  103  127  158  184  213  238  263  282  302  316  327  334  337  339  345  352
  358  369  375  384  391  399  403  410  416                                   
     7.5-180.0 180.0   5.0 450.0                            LAT/LON1/LON2/DLON/H
  410  422  426  432  431  429  425  424  419  415  405  395  380  364  344  327
  304  279  253  236  218  208  194  177  157  138  121  111  102   96   87   80
