data/unet/pred1540.15i
     1.0            IONOSPHERE MAPS     GNSS                IONEX VERSION / TYPE
pyspatialgeodesy        IME             05-JAN-18 20:20     PGM / RUN BY / DATE 
Map Name                                                    COMMENT             
Predicted global ionosphere maps (GIM).                     DESCRIPTION         
  2015     6     3     0     0     0                        EPOCH OF FIRST MAP  
  2015     6     4     0     0     0                        EPOCH OF LAST MAP   
  7200                                                      INTERVAL            
    13                                                      # OF MAPS IN FILE   
  NONE                                                      MAPPING FUNCTION    
10.0                                                        ELEVATION CUTOFF    
One-way carrier phase leveled to code                       OBSERVABLES USED    
  6371.0                                                    BASE RADIUS         
 2                                                          MAP DIMENSION       
   450.0 450.0   0.0                                        HGT1 / HGT2 / DHGT  
    87.5 -87.5  -2.5                                        LAT1 / LAT2 / DLAT  
  -180.0 180.0   5.0                                        LON1 / LON2 / DLON  
    -1                                                      EXPONENT            
                                                            END OF HEADER       
[from data line 3432]
     9                                                      START OF TEC MAP    
  2015     6     3    16     0     0                        EPOCH OF CURRENT MAP
    87.5-180.0 180.0   5.0 450.0                            LAT/LON1/LON2/DLON/H
  178  184  179  180  182  180  183  182  185  185  187  186  188  187  189  187
  188  186  187  184  185  182  183  180  181  179  179  177  177  176  176  175
  175  174  174  172  172  172  171  171  171  171  171  171  171  171  172  171
  171  171  171  171  171  171  171  171  171  171  170  170  170  170  170  170
  171  171  172  172  171  172  180  186  178                                   
    85.0-180.0 180.0   5.0 450.0                            LAT/LON1/LON2/DLON/H
  166  174  178  182  184  184  187  186  190  189  193  191  194  193  196  193
  195  192  194  190  192  188  189  185  187  183  184  180  181  178  179  176
  177  174  175  172  173  171  172  170  171  171  172  171  172  172  172  172
  172  172  171  171  171  171  170  170  170  170  169  169  169  168  168  167
  168  168  170  169  168  166  171  163  166                                   
    82.5-180.0 180.0   5.0 450.0                            LAT/LON1/LON2/DLON/H
  173  172  173  174  177  178  181  182  186  187  189  189  191  191  192  191
  192  190  191  189  189  186  186  183  182  179  178  175  174  172  170  169
  168  167  166  165  164  164  163  163  163  164  164  164  165  165  165  164
  164  164  163  162  162  162  161  160  159  159  157  158  157  157  155  156
  155  157  158  160  159  158  168  154  173                                   
    80.0-180.0 180.0   5.0 450.0                            LAT/LON1/LON2/DLON/H
  166  164  167  173  175  180  182  186  187  191  191  194  193  195  193  195
  192  195  192  194  191  192  188  189  185  185  181  181  177  177  174  174
  170  171  167  169  166  168  165  168  166  169  167  170  168  171  168  171
  168  170  167  169  166  167  164  165  162  163  159  161  157  159  155  157
  154  158  155  157  155  157  157  152  166                                   
    77.5-180.0 180.0   5.0 450.0                            LAT/LON1/LON2/DLON/H
  161  160  162  168  171  177  181  185  186  189  190  192  191  191  190  191
  189  189  189  189  188  188  187  187  185  183  181  179  177  175  173  171
  169  168  167  166  165  166  165  167  166  169  169  171  170  172  170  172
  170  171  169  169  167  167  164  164  161  160  157  157  155  155  151  152
  151  152  151  151  148  148  150  146  161                                   
    75.0-180.0 180.0   5.0 450.0                            LAT/LON1/LON2/DLON/H
  159  158  163  165  172  174  181  181  187  186  190  188  190  187  188  186
  186  184  186  185  187  187  188  188  189  188  188  185  184  181  180  177
  176  174  173  171  171  169  171  169  171  171  174  174  176  176  177  175
  175  174  174  172  171  169  168  166  164  163  162  160  159  158  157  157
  156  156  156  154  152  151  152  150  159                                   
    72.5-180.0 180.0   5.0 450.0                            LAT/LON1/LON2/DLON/H
  164  163  166  170  174  178  183  186  188  190  190  190  188  188  185  184
  182  182  182  183  184  186  186  188  189  189  188  188  185  184  182  180
  178  177  175  174  172  173  172  174  174  176  177  180  178  181  178  179
  175  177  173  174  171  171  168  168  165  165  163  163  161  161  158  159
  157  158  157  156  151  151  154  153  164                                   
    70.0-180.0 180.0   5.0 450.0                            LAT/LON1/LON2/DLON/H
  166  165  169  171  176  176  184  183  189  187  191  188  189  185  184  180
  179  177  179  179  183  182  187  186  191  190  192  191  191  189  189  186
  185  183  183  180  180  177  179  177  180  179  182  181  183  182  182  180
  179  178  176  175  173  172  171  170  169  167  167  167  167  166  166  165
  165  164  165  162  160  159  161  160  166                                   
    67.5-180.0 180.0   5.0 450.0                            LAT/LON1/LON2/DLON/H
  173  173  174  177  178  181  184  186  188  190  191  191  189  187  184  181
  177  176  176  178  180  181  182  185  186  188  187  188  187  188  187  187
  186  185  183  182  180  180  179  180  180  181  182  183  181  183  179  180
  176  177  174  175  173  174  172  173  171  171  170  170  171  170  169  169
  168  168  168  166  161  161  165  166  173                                   
    65.0-180.0 180.0   5.0 450.0                            LAT/LON1/LON2/DLON/H
  174  176  181  181  185  182  187  185  191  190  196  195  197  193  191  185
  182  178  179  178  181  180  182  182  185  184  186  186  188  189  189  190
  190  189  189  187  187  184  186  184  186  185  187  186  186  184  182  180
  179  178  178  177  177  176  176  175  175  174  174  173  175  173  174  172
  172  171  172  169  168  168  171  172  174                                   
    62.5-180.0 180.0   5.0 450.0                            LAT/LON1/LON2/DLON/H
  177  182  186  188  189  190  190  191  192  195  198  201  203  202  199  194
  189  184  182  181  181  181  180  179  179  179  179  180  181  184  186  188
  189  189  189  188  187  187  186  188  188  190  190  190  187  186  181  182
  178  181  179  182  180  182  179  181  177  178  174  176  174  175  173  173
  171  171  171  170  167  167  174  174  177                                   
    60.0-180.0 180.0   5.0 450.0                            LAT/LON1/LON2/DLON/H
  172  181  190  191  195  192  196  191  196  196  204  204  212  210  211  203
  199  192  189  185  184  181  180  176  177  175  176  177  179  183  186  189
  190  192  193  192  192  191  192  193  195  196  198  196  194  189  187  184
  183  182  184  185  186  185  185  183  180  178  176  174  174  173  173  170
  170  168  169  167  168  169  175  175  172                                   
    57.5-180.0 180.0   5.0 450.0                            LAT/LON1/LON2/DLON/H
  167  182  189  194  196  198  198  198  199  202  206  211  215  217  218  214
  208  201  194  189  185  181  177  175  173  172  172  173  177  179  184  186
  189  190  192  193  193  194  195  198  200  202  203  201  196  193  187  186
  183  185  185  189  187  189  185  185  178  178  171  173  169  169  165  166
  162  163  161  162  160  161  170  169  167                                   
    55.0-180.0 180.0   5.0 450.0                            LAT/LON1/LON2/DLON/H
  159  174  187  192  199  200  202  199  203  204  211  213  221  222  228  223
  219  209  203  195  189  183  180  176  174  173  174  177  180  184  187  191
  193  195  197  197  199  200  202  205  209  211  213  210  206  200  195  191
  189  188  189  190  189  189  185  183  178  174  169  168  165  163  161  158
  157  155  155  152  154  156  163  163  159                                   
    52.5-180.0 180.0   5.0 450.0                            LAT/LON1/LON2/DLON/H
  153  170  179  188  194  200  203  206  206  212  214  221  224  230  233  233
  229  219  210  201  192  186  181  179  177  177  179  181  185  187  192  194
  197  199  203  204  206  209  210  215  219  220  222  218  212  206  198  196
  192  192  190  192  188  188  183  182  174  173  165  164  160  158  153  152
  149  150  147  147  144  146  155  155  153                                   
    50.0-180.0 180.0   5.0 450.0                            LAT/LON1/LON2/DLON/H
  146  159  173  182  195  200  208  209  213  215  221  224  232  234  242  241
  240  229  219  207  199  192  187  185  185  186  189  193  196  199  201  204
  206  210  213  215  218  219  222  225  229  231  233  230  224  217  210  204
  201  198  197  193  192  187  183  180  175  171  167  163  160  155  152  148
  147  145  145  141  142  143  150  148  146                                   
    47.5-180.0 180.0   5.0 450.0                            LAT/LON1/LON2/DLON/H
  144  156  163  176  188  199  208  215  217  224  227  232  237  242  246  249
  247  239  226  216  206  199  194  193  193  195  199  203  207  208  211  213
  217  222  227  230  233  233  235  237  241  241  242  238  231  224  216  212
  205  203  197  196  189  188  180  180  172  172  165  165  159  157  151  151
  147  149  144  144  139  139  145  143  144                                   
    45.0-180.0 180.0   5.0 450.0                            LAT/LON1/LON2/DLON/H
  140  145  157  166  185  196  212  217  226  231  237  241  247  251  256  257
  256  250  240  227  218  210  206  206  206  211  214  218  222  223  226  229
  232  240  245  250  251  251  251  252  253  254  255  251  245  237  229  221
  216  210  206  200  195  188  184  181  178  176  172  170  166  162  159  156
  155  152  150  146  143  141  143  140  140                                   
    42.5-180.0 180.0   5.0 450.0                            LAT/LON1/LON2/DLON/H
  141  145  147  158  175  192  210  223  233  240  245  248  253  257  261  266
  264  261  249  240  231  224  221  219  221  222  227  230  235  236  243  247
  256  265  273  277  280  275  274  270  270  268  268  262  257  249  240  234
  223  218  207  203  193  192  183  184  178  181  176  177  172  172  165  166
  161  163  154  156  146  145  147  142  141                                   
    40.0-180.0 180.0   5.0 450.0                            LAT/LON1/LON2/DLON/H
  139  137  139  144  165  182  206  220  237  244  254  259  265  268  272  275
  275  272  264  255  246  241  237  236  235  236  240  244  249  254  261  270
  281  293  302  310  309  303  296  290  286  283  281  275  269  261  252  243
  233  223  213  206  199  193  189  188  186  189  186  187  183  182  178  176
  173  172  167  162  152  152  148  144  139                                   
    37.5-180.0 180.0   5.0 450.0                            LAT/LON1/LON2/DLON/H
  140  135  126  134  149  173  199  220  238  249  259  264  270  273  276  281
  282  282  275  269  262  256  254  248  248  245  249  252  262  268  282  292
  309  323  335  340  340  328  319  307  304  297  296  289  284  276  267  257
  244  233  220  213  203  200  195  198  196  200  199  201  197  195  190  189
  184  184  175  172  159  156  152  149  140                                   
    35.0-180.0 180.0   5.0 450.0                            LAT/LON1/LON2/DLON/H
  137  128  118  119  136  158  189  210  236  249  263  271  280  285  288  292
  292  293  287  284  278  274  269  265  261  258  262  268  283  294  310  323
  341  354  365  370  369  356  341  328  321  315  311  306  299  293  283  272
  259  245  233  221  214  209  208  210  210  214  214  216  213  212  206  204
  198  196  186  180  166  163  154  154  137                                   
    32.5-180.0 180.0   5.0 450.0                            LAT/LON1/LON2/DLON/H
  137  125  109  113  122  150  177  206  231  250  264  274  284  288  293  296
  298  302  299  298  294  289  285  277  274  269  276  286  305  320  338  355
  375  387  397  398  396  378  364  346  340  330  327  322  316  309  301  291
  277  265  249  238  227  225  223  226  227  229  229  228  227  224  218  212
  206  202  192  185  170  166  159  160  137                                   
    30.0-180.0 180.0   5.0 450.0                            LAT/LON1/LON2/DLON/H
  136  120  106  102  116  139  167  195  223  244  262  275  290  297  302  306
  306  311  309  313  310  309  305  298  294  294  304  319  340  353  373  388
  405  416  422  422  416  401  384  369  360  351  345  340  333  325  317  304
  292  275  261  247  239  233  232  232  233  234  233  235  233  231  225  219
  212  206  197  189  176  168  161  161  136                                   
    27.5-180.0 180.0   5.0 450.0                            LAT/LON1/LON2/DLON/H
  138  121  107  106  110  137  158  191  216  241  259  273  287  295  303  306
  310  316  317  323  322  323  320  316  315  321  336  355  376  391  407  420
  432  437  440  436  429  412  399  382  375  364  358  352  342  336  324  315
  296  282  264  253  244  243  240  241  235  233  231  231  232  230  225  219
  211  205  196  192  177  172  164  163  138                                   
    25.0-180.0 180.0   5.0 450.0                            LAT/LON1/LON2/DLON/H
  139  124  113  108  115  132  155  183  207  232  251  270  285  299  304  313
  314  323  323  332  334  340  341  342  347  357  375  393  415  427  439  448
  454  456  452  447  438  426  411  400  391  383  375  366  355  346  335  320
  303  284  269  253  238  223  222  220  225  229  225  223  223  221  218  213
  208  202  196  190  181  170  165  161  139                                   
    22.5-180.0 180.0   5.0 450.0                            LAT/LON1/LON2/DLON/H
  142  129  119  117  121  139  154  183  203  228  245  266  281  293  303  311
  316  326  330  341  344  352  356  363  370  388  405  431  448  460  465  469
  468  464  455  448  441  429  419  411  404  394  385  374  360  351  335  322
  301  285  267  244  224  214  208  207  211  214  214  210  212  209  210  204
  199  195  189  188  176  172  165  163  142                                   
    20.0-180.0 180.0   5.0 450.0                            LAT/LON1/LON2/DLON/H
  143  132  127  125  134  145  159  181  200  224  240  265  279  296  304  316
  321  331  337  347  354  363  370  380  394  415  435  459  475  485  485  482
  473  465  452  447  440  433  425  421  416  409  399  387  372  358  341  325
  305  285  267  239  222  208  203  199  204  204  199  196  197  196  197  193
  191  188  187  184  178  166  162  158  143                                   
    17.5-180.0 180.0   5.0 450.0                            LAT/LON1/LON2/DLON/H
  146  135  128  131  138  154  163  183  199  222  237  261  278  292  304  317
  323  335  342  355  362  376  384  400  412  440  458  483  493  500  492  485
  470  458  448  442  440  432  429  425  422  413  403  389  371  357  338  322
  298  280  256  236  216  207  206  200  195  190  186  184  186  185  187  184
  183  182  179  177  168  162  157  154  146                                   
    15.0-180.0 180.0   5.0 450.0                            LAT/LON1/LON2/DLON/H
  142  129  127  129  141  153  164  179  194  217  231  258  274  294  304  319
  328  340  351  362  374  387  400  417  433  458  475  495  501  504  492  479
  462  452  445  442  443  440  438  435  430  423  411  398  378  361  340  322
  297  275  252  233  216  202  193  186  183  179  175  175  175  175  175  175
  174  174  174  170  163  152  149  144  142                                   
    12.5-180.0 180.0   5.0 450.0                            LAT/LON1/LON2/DLON/H
  139  126  120  125  133  151  159  179  194  216  230  255  273  292  302  321
  333  349  359  373  384  401  415  435  451  474  487  502  504  502  488  473
  458  450  447  447  451  448  447  441  436  426  413  395  376  357  336  317
  290  268  243  222  205  194  186  184  180  178  171  171  168  166  166  166
  165  167  162  159  148  140  135  131  139                                   
    10.0-180.0 180.0   5.0 450.0                            LAT/LON1/LON2/DLON/H
  128  112  110  112  125  137  151  167  188  209  227  250  268  289  302  319
  334  351  366  380  394  410  428  447  463  482  491  500  503  495  483  465
  455  449  452  455  461  458  455  450  441  432  416  401  379  359  337  317
  290  266  239  217  201  191  185  183  179  176  170  166  161  158  157  158
  158  158  154  147  137  125  124  116  128                                   
     7.5-180.0 180.0   5.0 450.0                            LAT/LON1/LON2/DLON/H
  114  107  100  103  108  125  137  159  180  206  225  249  265  286  298  319
  333  354  368  384  398  417  436  456  469  483  489  495  497  489  477  464
