data/unet/pred3460.15i
     1.0            IONOSPHERE MAPS     GNSS                IONEX VERSION / TYPE
pyspatialgeodesy        IME             05-JAN-18 20:20     PGM / RUN BY / DATE 
Map Name                                                    COMMENT             
Predicted global ionosphere maps (GIM).                     DESCRIPTION         
  2015    12    12     0     0     0                        EPOCH OF FIRST MAP  
  2015    12    13     0     0     0                        EPOCH OF LAST MAP   
  7200                                                      INTERVAL            
    13                                                      # OF MAPS IN FILE   
  NONE                                                      MAPPING FUNCTION    
10.0                                                        ELEVATION CUTOFF    
One-way carrier phase leveled to code                       OBSERVABLES USED    
  6371.0                                                    BASE RADIUS         
 2                                                          MAP DIMENSION       
   450.0 450.0   0.0                                        HGT1 / HGT2 / DHGT  
    87.5 -87.5  -2.5                                        LAT1 / LAT2 / DLAT  
  -180.0 180.0   5.0                                        LON1 / LON2 / DLON  
    -1                                                      EXPONENT            
                                                            END OF HEADER       
[from data line 4719]
    12                                                      START OF TEC MAP    
  2015    12    12    22     0     0                        EPOCH OF CURRENT MAP
    87.5-180.0 180.0   5.0 450.0                            LAT/LON1/LON2/DLON/H
  141   84   61   64   63   63   65   65   66   67   68   69   69   70   71   71
   71   70   70   69   69   68   68   67   66   65   65   64   63   62   62   61
   60   59   59   58   58   58   58   57   58   57   58   57   58   58   58   58
   58   59   58   59   59   59   59   59   59   59   59   58   59   58   58   57
   58   57   58   57   59   58   63  113  141                                   
    85.0-180.0 180.0   5.0 450.0                            LAT/LON1/LON2/DLON/H
   67   51   50   53   56   56   58   59   62   63   65   66   67   67   68   67
   68   66   66   64   64   61   61   58   58   56   56   53   53   51   50   48
   48   47   46   46   46   45   45   45   45   45   45   45   46   45   46   45
   46   46   46   46   47   46   47   46   47   46   46   46   45   45   45   44
   44   44   44   43   45   46   46   81   67                                   
    82.5-180.0 180.0   5.0 450.0                            LAT/LON1/LON2/DLON/H
   51   47   49   53   55   56   60   62   66   68   71   72   75   75   76   75
   75   73   72   70   68   65   63   60   58   55   54   51   50   47   47   44
   44   41   43   41   43   41   43   41   44   42   45   43   46   44   47   44
   47   45   47   45   48   45   48   45   47   44   46   43   45   42   44   40
   42   39   41   38   42   39   43   66   51                                   
    80.0-180.0 180.0   5.0 450.0                            LAT/LON1/LON2/DLON/H
   51   45   43   49   50   54   58   62   67   70   75   77   80   81   81   80
   79   77   74   72   69   66   62   60   56   54   51   49   46   45   43   42
   40   40   39   40   40   40   40   42   42   43   43   44   44   44   45   45
   45   45   45   45   45   45   45   45   44   44   42   42   40   40   37   37
   35   35   33   33   33   35   33   55   51                                   
    77.5-180.0 180.0   5.0 450.0                            LAT/LON1/LON2/DLON/H
   47   42   39   43   44   48   53   58   64   68   75   77   82   80   83   79
   79   73   73   66   65   58   57   52   50   46   46   42   41   38   38   36
   36   34   36   35   36   36   38   38   39   39   40   41   41   41   42   41
   42   42   42   42   43   43   43   43   42   42   41   40   38   36   34   33
   30   30   27   27   28   29   29   53   47                                   
    75.0-180.0 180.0   5.0 450.0                            LAT/LON1/LON2/DLON/H
   50   44   40   46   46   51   56   62   69   74   81   84   87   86   85   82
   78   73   69   63   59   55   52   48   46   44   43   41   40   39   37   37
   36   37   37   38   38   39   40   41   41   43   43   43   43   44   43   43
   43   43   43   44   44   45   45   45   44   44   43   42   39   38   35   33
   30   30   28   29   29   31   33   56   50                                   
    72.5-180.0 180.0   5.0 450.0                            LAT/LON1/LON2/DLON/H
   58   52   49   53   52   56   60   66   73   79   86   89   91   88   87   81
   77   68   64   56   53   48   46   44   42   42   41   40   40   39   39   38
   38   38   39   39   40   40   41   41   41   42   41   42   42   42   42   41
   42   41   42   42   43   43   43   44   44   43   42   41   39   37   35   32
   30   30   29   30   33   35   37   61   58                                   
    70.0-180.0 180.0   5.0 450.0                            LAT/LON1/LON2/DLON/H
   69   62   59   64   62   65   69   75   82   90   96   99  100   97   92   85
   78   67   61   53   49   45   44   43   44   43   44   43   43   42   41   41
   40   41   40   41   40   41   40   40   40   40   40   40   41   40   40   40
   41   40   41   40   41   42   42   43   43   43   42   41   39   38   35   33
   32   32   32   34   37   41   46   68   69                                   
    67.5-180.0 180.0   5.0 450.0                            LAT/LON1/LON2/DLON/H
   81   76   71   75   72   74   77   83   91   99  105  108  109  104   99   88
   80   68   61   52   48   44   44   44   44   45   45   44   43   42   41   40
   40   39   39   38   38   37   35   36   34   35   35   36   36   36   37   37
   37   37   37   37   37   37   38   39   40   40   40   39   37   36   34   32
   31   32   34   36   43   47   52   74   81                                   
    65.0-180.0 180.0   5.0 450.0                            LAT/LON1/LON2/DLON/H
   90   86   82   86   83   84   87   93  102  111  118  121  121  116  109   97
   87   73   65   55   51   46   46   44   45   44   44   42   41   39   37   36
   34   34   32   32   30   30   28   28   28   29   29   31   32   32   32   33
   33   32   33   32   32   33   34   35   36   37   37   37   35   34   32   31
   30   32   35   39   46   53   62   82   90                                   
    62.5-180.0 180.0   5.0 450.0                            LAT/LON1/LON2/DLON/H
   97   95   90   93   90   90   93  100  108  118  126  130  131  126  119  106
   96   82   73   61   55   49   46   44   42   40   38   36   34   32   30   28
   28   26   26   24   22   21   19   20   19   21   22   25   26   27   27   28
   26   27   25   26   25   27   27   29   31   32   33   33   33   31   30   29
   29   31   36   41   49   57   66   86   97                                   
    60.0-180.0 180.0   5.0 450.0                            LAT/LON1/LON2/DLON/H
  100  100   97  100   98   99  103  108  118  126  135  140  143  138  132  119
  109   95   85   72   64   55   49   43   40   35   31   28   25   23   20   20
   19   20   17   18   15   15   13   15   15   18   19   22   23   25   24   25
   24   24   22   22   21   23   23   26   27   30   30   31   30   29   28   28
   29   32   36   42   51   60   71   90  100                                   
    57.5-180.0 180.0   5.0 450.0                            LAT/LON1/LON2/DLON/H
  105  108  104  108  107  107  110  114  122  130  139  146  150  147  143  134
  125  111  100   85   75   61   52   42   36   30   25   21   18   17   16   15
   16   15   16   15   14   13   13   15   15   19   20   24   24   26   24   25
   22   23   19   21   18   21   20   23   25   28   29   30   30   29   29   29
   31   35   40   47   56   64   74   93  105                                   
    55.0-180.0 180.0   5.0 450.0                            LAT/LON1/LON2/DLON/H
  111  117  117  122  122  124  126  129  135  141  150  156  160  159  157  151
  143  131  118  103   88   73   60   47   38   30   24   20   18   17   16   18
   17   20   19   20   19   19   19   21   22   26   28   31   31   32   29   29
   26   26   22   23   20   22   20   24   25   28   28   30   29   31   30   33
   36   41   47   54   63   72   82  101  111                                   
    52.5-180.0 180.0   5.0 450.0                            LAT/LON1/LON2/DLON/H
  124  132  132  142  144  144  145  145  148  152  157  161  164  164  164  161
  157  147  135  117  102   81   66   50   41   32   27   24   23   23   23   25
   26   27   29   29   29   29   29   32   33   36   38   41   40   40   36   36
   31   31   27   28   25   26   25   28   29   31   32   33   33   34   35   39
   43   50   57   65   74   84   92  112  124                                   
    50.0-180.0 180.0   5.0 450.0                            LAT/LON1/LON2/DLON/H
  138  149  153  164  171  172  172  169  169  168  170  170  172  171  173  172
  170  162  149  132  113   94   76   63   53   44   40   36   36   36   36   38
   38   40   40   42   42   43   43   45   47   49   51   53   52   51   48   46
   42   41   37   37   33   34   32   35   34   37   35   37   36   39   41   47
   53   62   71   80   90   98  107  127  138                                   
    47.5-180.0 180.0   5.0 450.0                            LAT/LON1/LON2/DLON/H
  158  169  177  192  199  200  200  195  190  185  180  177  175  174  176  178
  177  170  158  140  122  103   88   74   67   58   54   50   51   49   50   49
   50   50   52   53   55   56   56   57   59   61   63   65   64   63   60   58
   54   53   49   49   45   45   42   43   43   44   42   42   42   45   48   55
   63   72   83   95  107  118  124  146  158                                   
    45.0-180.0 180.0   5.0 450.0                            LAT/LON1/LON2/DLON/H
  178  189  202  216  227  228  227  221  212  204  195  190  185  183  184  185
  183  176  162  147  127  113  100   92   84   77   71   67   65   63   60   58
   56   58   58   62   63   66   66   67   68   70   72   74   74   73   71   69
   66   65   62   61   56   55   51   51   50   49   47   47   46   50   55   64
   73   84   96  109  122  134  144  166  178                                   
    42.5-180.0 180.0   5.0 450.0                            LAT/LON1/LON2/DLON/H
  196  205  219  235  245  246  244  237  227  219  207  201  193  189  187  188
  185  176  163  148  134  123  115  108  103   93   86   78   75   69   66   60
   60   59   63   65   70   71   72   72   74   75   78   80   81   81   79   78
   76   75   73   70   66   63   58   57   55   53   50   49   50   54   61   70
   81   92  105  120  135  149  158  183  196                                   
    40.0-180.0 180.0   5.0 450.0                            LAT/LON1/LON2/DLON/H
  211  217  231  243  251  251  247  240  235  227  218  213  206  203  198  196
  190  180  167  155  144  138  132  128  118  109   96   86   78   72   63   61
   57   61   64   70   73   76   75   76   76   78   81   83   85   85   84   83
   82   82   79   76   71   67   62   61   58   55   51   51   51   58   66   77
   88  100  112  127  143  158  171  197  211                                   
    37.5-180.0 180.0   5.0 450.0                            LAT/LON1/LON2/DLON/H
  220  223  231  241  243  243  238  235  234  232  227  223  218  213  206  202
  194  183  171  162  155  152  147  140  129  114  100   85   77   67   62   56
   58   60   68   72   78   78   79   77   79   80   83   85   87   86   86   85
   85   84   83   80   75   70   65   63   60   57   52   51   53   60   71   83
   95  105  117  131  149  164  177  206  220                                   
    35.0-180.0 180.0   5.0 450.0                            LAT/LON1/LON2/DLON/H
  226  226  231  235  233  229  227  229  232  235  235  237  231  227  218  213
  204  193  183  176  172  169  162  151  133  116   97   84   73   68   61   63
   64   72   77   84   85   87   84   83   83   84   87   88   90   88   88   86
   86   85   84   81   75   70   65   62   59   56   51   51   53   63   75   91
  102  114  124  136  153  169  185  216  226                                   
    32.5-180.0 180.0   5.0 450.0                            LAT/LON1/LON2/DLON/H
  234  232  232  232  225  218  216  219  225  233  239  242  242  237  229  222
  212  203  195  191  187  183  172  154  133  111   95   81   78   73   75   77
   85   91   99  100  101   96   94   90   91   91   93   93   93   91   89   87
   86   85   83   80   75   71   66   63   60   57   52   52   55   66   82   97
  111  122  132  143  158  174  189  225  234                                   
    30.0-180.0 180.0   5.0 450.0                            LAT/LON1/LON2/DLON/H
  246  245  245  239  224  217  205  210  213  227  233  245  246  245  237  233
  226  219  213  209  206  196  179  158  133  115  101   97   98  103  107  115
  123  128  131  129  122  114  107  104  103  104  103  103  101   97   94   91
   89   87   85   81   76   71   66   64   61   58   53   54   57   70   87  106
  122  134  143  152  167  183  200  237  246                                   
    27.5-180.0 180.0   5.0 450.0                            LAT/LON1/LON2/DLON/H
  271  275  275  268  253  238  224  223  221  231  236  248  251  251  246  241
  235  230  225  221  215  202  182  157  136  121  118  122  134  144  156  163
  171  171  169  159  148  134  124  118  117  115  114  111  108  103   98   94
   90   88   85   81   76   71   67   65   62   59   55   56   60   74   92  115
  133  147  156  165  178  196  213  254  271                                   
    25.0-180.0 180.0   5.0 450.0                            LAT/LON1/LON2/DLON/H
  304  311  315  310  297  284  267  258  247  250  247  258  256  258  249  249
  244  240  236  231  223  205  185  163  148  144  152  164  185  200  216  218
  219  208  199  182  169  152  139  133  130  129  126  123  118  112  108  102
   98   94   89   84   79   74   70   67   64   60   57   58   62   77   97  122
  143  159  170  180  195  215  234  275  304                                   
    22.5-180.0 180.0   5.0 450.0                            LAT/LON1/LON2/DLON/H
  339  349  358  361  351  342  326  314  298  292  281  281  269  266  256  254
  249  246  240  233  222  206  187  174  171  179  199  223  250  267  276  271
  262  246  225  204  184  165  151  144  141  138  135  129  125  118  114  109
  104   99   93   87   80   74   68   65   62   60   58   60   66   81  101  128
  152  171  184  197  213  235  257  299  339                                   
    20.0-180.0 180.0   5.0 450.0                            LAT/LON1/LON2/DLON/H
  371  388  400  411  407  408  387  376  347  340  317  313  292  281  261  260
  252  249  242  233  222  206  198  195  208  227  262  287  313  319  321  309
  293  271  244  217  190  170  155  151  149  147  143  138  133  128  124  120
  113  107  100   93   85   78   71   66   62   60   58   62   68   84  104  130
  157  177  195  210  231  256  280  322  371                                   
    17.5-180.0 180.0   5.0 450.0                            LAT/LON1/LON2/DLON/H
  396  420  441  455  456  460  445  437  409  398  372  360  336  316  288  273
  262  255  245  235  222  215  214  227  254  287  323  344  361  360  352  333
  306  280  247  218  190  168  156  155  155  153  149  142  137  132  130  125
  120  112  106   99   92   85   78   71   66   63   63   68   77   92  110  136
  160  183  204  223  245  275  303  343  396                                   
    15.0-180.0 180.0   5.0 450.0                            LAT/LON1/LON2/DLON/H
  414  441  465  486  497  513  500  497  472  463  432  412  377  357  323  303
  280  268  251  240  231  230  245  269  311  344  376  386  389  375  356  328
  298  271  240  213  185  164  156  156  159  157  154  147  142  137  135  130
  125  118  111  105   99   92   85   77   71   66   65   71   80   97  115  141
  167  189  213  234  258  290  320  358  414                                   
    12.5-180.0 180.0   5.0 450.0                            LAT/LON1/LON2/DLON/H
  418  454  480  508  528  542  543  538  523  512  491  464  430  401  375  346
  320  294  274  260  251  259  282  319  363  392  409  405  392  364  336  303
  275  248  223  200  177  162  160  163  166  165  160  152  146  141  139  135
  130  125  119  113  108  102   94   86   79   72   70   75   87  105  124  150
  173  197  221  243  269  303  332  369  418                                   
    10.0-180.0 180.0   5.0 450.0                            LAT/LON1/LON2/DLON/H
  421  454  476  507  531  549  557  559  553  546  533  509  477  445  420  395
  365  335  308  292  287  297  329  367  410  420  422  395  366  326  297  264
  240  220  204  187  177  168  171  173  177  173  168  160  154  147  144  140
  136  130  125  118  114  107  102   92   83   74   72   77   91  111  132  160
  186  208  233  254  280  313  340  375  421                                   
     7.5-180.0 180.0   5.0 450.0                            LAT/LON1/LON2/DLON/H
  415  454  473  501  525  540  548  555  553  554  548  535  511  485  471  445
  421  384  359  339  333  350  380  414  439  440  420  373  328  285  256  229
