data/unet/pred3300.15i
     1.0            IONOSPHERE MAPS     GNSS                IONEX VERSION / TYPE
pyspatialgeodesy        IME             05-JAN-18 20:20     PGM / RUN BY / DATE 
Map Name                                                    COMMENT             
Predicted global ionosphere maps (GIM).                     DESCRIPTION         
  2015    11    26     0     0     0                        EPOCH OF FIRST MAP  
  2015    11    27     0     0     0                        EPOCH OF LAST MAP   
  7200                                                      INTERVAL            
    13                                                      # OF MAPS IN FILE   
  NONE                                                      MAPPING FUNCTION    
10.0                                                        ELEVATION CUTOFF    
One-way carrier phase leveled to code                       OBSERVABLES USED    
  6371.0                                                    BASE RADIUS         
 2                                                          MAP DIMENSION       
   450.0 450.0   0.0                                        HGT1 / HGT2 / DHGT  
    87.5 -87.5  -2.5                                        LAT1 / LAT2 / DLAT  
  -180.0 180.0   5.0                                        LON1 / LON2 / DLON  
    -1                                                      EXPONENT            
                                                            END OF HEADER       
[from data line 429]
     2                                                      START OF TEC MAP    
  2015    11    26     2     0     0                        EPOCH OF CURRENT MAP
    87.5-180.0 180.0   5.0 450.0                            LAT/LON1/LON2/DLON/H
   59   49   41   33   37   32   35   32   35   31   33   30   33   30   32   28
   32   28   31   26   30   25   28   24   27   24   26   24   26   24   26   25
   27   26   28   27   30   28   31   29   33   31   34   32   36   34   38   36
   40   38   41   39   43   41   44   42   46   42   47   43   48   43   47   42
   47   42   47   42   49   40   54   54   59                                   
    85.0-180.0 180.0   5.0 450.0                            LAT/LON1/LON2/DLON/H
   52   60   36   37   35   32   31   31   31   30   30   30   29   29   28   29
   27   28   25   26   23   24   20   22   18   19   16   18   16   18   16   18
   17   19   19   21   21   23   23   26   25   28   28   31   30   33   32   35
   35   37   37   39   40   41   42   44   44   46   46   47   47   48   48   48
   48   47   48   46   46   41   46   70   52                                   
    82.5-180.0 180.0   5.0 450.0                            LAT/LON1/LON2/DLON/H
   55   53   42   42   36   34   33   33   34   32   34   33   35   34   36   36
   36   35   35   33   31   29   27   24   22   19   18   16   16   15   16   16
   18   18   20   21   23   24   26   27   29   31   32   34   35   37   37   40
   39   41   41   44   44   46   46   49   50   52   53   56   56   59   59   61
   61   61   61   59   57   50   67   81   55                                   
    80.0-180.0 180.0   5.0 450.0                            LAT/LON1/LON2/DLON/H
   61   53   46   40   40   34   36   33   35   33   37   36   41   39   45   43
   47   44   46   42   42   36   34   29   26   21   20   16   17   14   16   15
   19   17   22   21   26   24   29   27   32   30   35   33   37   35   39   36
   41   37   42   38   44   40   46   43   51   48   56   54   62   60   67   64
   71   67   73   67   68   57   65   80   61                                   
    77.5-180.0 180.0   5.0 450.0                            LAT/LON1/LON2/DLON/H
   64   61   51   52   42   42   37   40   36   40   38   45   45   51   52   59
   57   61   58   59   52   52   43   41   31   31   24   25   19   22   20   24
   22   27   26   31   29   34   32   37   34   38   36   40   37   41   38   41
   38   41   37   41   38   41   40   45   45   50   53   59   62   67   70   75
   77   80   81   82   79   73   78   88   64                                   
    75.0-180.0 180.0   5.0 450.0                            LAT/LON1/LON2/DLON/H
   75   69   61   58   51   47   44   43   42   43   45   49   53   57   62   66
   69   70   70   68   63   58   52   45   38   34   30   27   26   26   27   29
   30   32   34   36   36   37   36   37   36   37   36   38   37   38   37   37
   36   35   34   33   33   33   36   37   41   45   51   56   62   68   75   80
   85   89   93   95   94   88   87   94   75                                   
    72.5-180.0 180.0   5.0 450.0                            LAT/LON1/LON2/DLON/H
   88   83   73   69   58   54   48   48   44   47   46   52   53   61   63   70
   70   74   72   72   66   62   54   48   39   36   31   31   28   31   31   35
   34   38   38   39   38   37   36   35   33   32   32   32   32   33   32   32
   31   30   29   29   28   30   32   35   38   44   51   57   65   71   81   85
   93   97  104  105  107  102  104  103   88                                   
    70.0-180.0 180.0   5.0 450.0                            LAT/LON1/LON2/DLON/H
  103   97   85   83   72   65   59   55   53   51   52   53   58   60   65   68
   72   72   74   70   66   60   53   46   40   35   33   32   33   34   38   40
   42   42   44   42   40   37   34   31   28   27   27   29   29   31   30   31
   30   29   29   28   29   29   34   37   43   50   58   65   74   81   90   97
  104  109  116  120  122  119  116  112  103                                   
    67.5-180.0 180.0   5.0 450.0                            LAT/LON1/LON2/DLON/H
  120  112  102   96   81   76   67   65   58   58   53   56   53   58   57   63
   62   67   65   65   58   55   47   43   37   35   33   35   34   38   39   43
   42   44   42   41   36   32   28   24   21   19   20   22   24   26   27   29
   28   28   27   28   28   31   35   42   49   57   67   74   84   91  101  106
  114  118  126  129  133  131  131  121  120                                   
    65.0-180.0 180.0   5.0 450.0                            LAT/LON1/LON2/DLON/H
  135  124  112  109   95   87   79   74   68   64   59   56   55   53   54   54
   57   57   58   55   53   47   42   37   35   33   34   36   39   40   43   43
   45   43   42   38   34   28   23   19   17   17   18   23   24   28   28   30
   30   30   30   31   33   36   43   51   61   71   81   92  100  108  113  119
  124  129  135  140  141  141  139  129  135                                   
    62.5-180.0 180.0   5.0 450.0                            LAT/LON1/LON2/DLON/H
  148  137  124  117  102   94   84   81   73   69   60   58   49   49   43   47
   44   48   46   47   42   40   34   33   31   33   33   37   38   41   40   41
   39   39   35   32   27   23   18   15   14   14   17   20   24   27   29   30
   30   30   29   32   34   41   48   59   70   82   94  103  112  117  123  125
  131  134  140  144  146  146  147  135  148                                   
    60.0-180.0 180.0   5.0 450.0                            LAT/LON1/LON2/DLON/H
  155  142  128  123  109  100   91   86   79   72   64   58   50   45   41   40
   41   41   41   40   38   33   31   29   31   32   36   39   42   41   41   38
   37   34   32   28   25   21   17   16   16   19   21   27   29   33   32   33
   32   32   32   35   40   47   57   69   82   96  107  118  124  129  132  134
  137  140  144  149  149  150  150  139  155                                   
    57.5-180.0 180.0   5.0 450.0                            LAT/LON1/LON2/DLON/H
  164  153  139  129  114  106   95   90   81   75   64   59   47   45   37   39
   36   39   37   37   32   31   26   28   29   34   38   43   43   43   38   36
   32   31   30   28   27   24   23   21   23   25   30   33   36   37   37   35
   34   33   33   38   43   53   63   77   91  104  116  124  131  134  138  138
  141  141  147  149  153  153  154  143  164                                   
    55.0-180.0 180.0   5.0 450.0                            LAT/LON1/LON2/DLON/H
  171  158  145  139  125  115  103   96   86   79   68   61   52   47   42   41
   40   40   39   36   34   29   28   28   34   38   46   48   51   47   44   38
   36   34   36   34   36   34   34   33   35   38   41   45   45   46   43   41
   39   38   40   44   53   62   75   87  101  114  125  132  138  141  145  145
  147  148  152  156  158  161  160  151  171                                   
    52.5-180.0 180.0   5.0 450.0                            LAT/LON1/LON2/DLON/H
  181  174  162  153  138  127  112  104   91   83   70   63   53   51   45   46
   43   44   40   39   33   33   30   33   37   46   51   57   56   54   47   44
   40   41   43   46   47   48   47   46   47   49   53   55   55   53   50   46
   43   43   45   52   60   72   83   97  109  119  128  134  139  143  147  148
  150  152  158  161  166  167  166  158  181                                   
    50.0-180.0 180.0   5.0 450.0                            LAT/LON1/LON2/DLON/H
  191  181  174  170  157  144  128  116   99   90   74   68   59   56   52   51
   49   47   44   40   39   35   37   38   47   53   62   64   67   61   57   51
   51   52   57   60   65   64   64   62   63   63   66   67   67   64   60   56
   55   54   59   64   75   85   98  109  120  127  133  137  143  146  151  153
  156  160  164  170  171  173  170  163  191                                   
    47.5-180.0 180.0   5.0 450.0                            LAT/LON1/LON2/DLON/H
  199  198  194  187  174  162  143  129  109   96   80   72   63   62   57   56
   52   51   46   46   42   44   43   48   53   63   68   73   72   69   63   61
   59   64   69   75   78   78   76   73   72   72   75   75   75   72   68   65
   64   65   69   79   88  101  112  121  128  132  135  138  143  148  154  157
  162  167  174  176  178  175  173  165  199                                   
    45.0-180.0 180.0   5.0 450.0                            LAT/LON1/LON2/DLON/H
  202  200  201  201  190  177  158  143  122  107   87   79   70   68   63   60
   55   52   50   49   50   51   55   58   65   70   77   78   79   75   72   68
   70   75   82   88   91   90   88   84   83   82   84   84   84   83   80   78
   79   81   88   94  107  117  128  134  139  140  140  142  146  151  158  162
  167  173  178  180  178  176  174  165  202                                   
    42.5-180.0 180.0   5.0 450.0                            LAT/LON1/LON2/DLON/H
  198  201  203  205  194  184  165  152  130  115   94   86   75   74   68   65
   57   55   53   57   59   65   66   72   73   79   80   82   80   78   74   73
   75   81   88   93   96   95   92   88   85   86   88   89   90   90   88   88
   88   93   98  108  118  128  136  140  144  143  141  142  147  152  160  164
  170  174  181  179  177  172  171  163  198                                   
    40.0-180.0 180.0   5.0 450.0                            LAT/LON1/LON2/DLON/H
  188  187  188  196  189  181  166  156  137  123  102   94   83   81   74   69
   61   60   61   67   74   80   84   84   86   85   85   83   82   78   77   75
   79   84   91   95   99   98   97   92   91   91   94   96   98   98   99   99
  103  105  113  120  130  139  146  150  151  151  149  150  154  159  165  168
  173  177  180  180  174  169  167  157  188                                   
    37.5-180.0 180.0   5.0 450.0                            LAT/LON1/LON2/DLON/H
  177  173  173  175  169  165  153  148  134  124  107   99   89   87   80   76
   69   69   72   82   89   98   97   98   93   90   84   81   77   76   74   75
   77   82   88   91   95   94   93   90   90   92   96   98  101  101  103  104
  107  111  117  124  134  142  150  155  157  157  156  157  162  165  173  175
  180  181  187  182  178  171  169  157  177                                   
    35.0-180.0 180.0   5.0 450.0                            LAT/LON1/LON2/DLON/H
  171  166  160  162  152  149  140  140  131  125  111  105   96   94   88   85
   78   80   86   96  105  111  111  106  100   93   87   81   79   77   77   77
   79   82   86   89   92   93   94   93   95   97  102  103  106  107  108  109
  112  116  122  129  138  149  157  163  166  167  168  170  175  179  187  189
  193  196  200  197  190  186  182  169  171                                   
    32.5-180.0 180.0   5.0 450.0                            LAT/LON1/LON2/DLON/H
  182  171  162  151  138  131  124  125  121  119  110  107  100   99   94   93
   88   92   97  108  113  118  113  109   99   93   85   81   77   78   80   80
   82   83   86   87   90   90   92   93   97  100  104  105  106  104  104  105
  108  113  120  128  140  153  162  171  175  179  182  185  191  195  204  207
  214  217  224  221  221  213  211  192  182                                   
    30.0-180.0 180.0   5.0 450.0                            LAT/LON1/LON2/DLON/H
  204  197  177  162  142  128  118  118  116  116  111  109  104  104  100  100
   96  100  105  112  116  116  112  105  101   96   92   89   88   90   92   93
   92   92   90   91   91   94   95   98  101  105  108  108  107  104  102  102
  104  109  118  130  145  161  173  184  191  197  203  208  216  221  233  238
  246  249  260  259  261  255  252  233  204                                   
    27.5-180.0 180.0   5.0 450.0                            LAT/LON1/LON2/DLON/H
  253  238  218  193  169  147  130  122  117  116  110  108  104  105  102  103
  100  103  105  108  105  104   98   97   97  100  101  102  105  107  111  110
  107  103   98   94   96   94   98   98  103  105  107  105  102   96   93   92
   94  101  112  127  146  165  181  196  207  214  222  227  235  247  261  272
  284  295  307  309  315  312  309  290  253                                   
    25.0-180.0 180.0   5.0 450.0                            LAT/LON1/LON2/DLON/H
  309  300  273  240  211  182  159  143  132  125  118  112  108  108  104  104
  100  101   98   95   88   84   84   88   99  110  119  125  129  133  133  133
  126  119  110  105  102  101   99  102  102  104  103  100   93   88   84   84
   89   98  115  134  157  180  199  214  229  237  249  251  262  273  292  305
  319  332  351  358  375  383  383  358  309                                   
    22.5-180.0 180.0   5.0 450.0                            LAT/LON1/LON2/DLON/H
  380  380  355  317  274  235  207  180  162  146  131  122  113  110  104  103
   96   94   86   79   67   65   69   85  106  126  143  152  158  160  157  151
  142  130  119  110  107   99   99   96   99   96   95   87   81   73   70   71
   81   94  117  139  168  193  216  234  250  263  276  282  291  304  325  342
  357  373  393  411  436  453  457  433  380                                   
    20.0-180.0 180.0   5.0 450.0                            LAT/LON1/LON2/DLON/H
  475  489  466  419  369  312  263  225  198  175  156  141  129  120  111  106
   96   90   78   67   58   57   70   93  124  150  169  181  184  183  176  166
  153  139  125  112  103   95   89   89   88   89   84   78   71   64   62   66
   77   96  125  155  186  213  236  252  276  290  311  318  332  343  362  378
  395  409  432  454  484  517  525  504  475                                   
    17.5-180.0 180.0   5.0 450.0                            LAT/LON1/LON2/DLON/H
  549  573  556  519  477  419  355  295  248  214  190  168  152  137  124  114
  102   92   80   68   61   67   87  116  151  178  199  207  207  199  187  171
  154  139  126  109  101   88   85   80   80   75   76   68   65   56   56   60
   79  101  136  168  204  233  257  277  305  322  347  354  365  373  391  408
  427  440  462  484  518  553  563  551  549                                   
    15.0-180.0 180.0   5.0 450.0                            LAT/LON1/LON2/DLON/H
  597  630  628  596  574  516  456  381  316  260  223  201  182  167  150  135
  123  112  101   93   91  102  124  152  183  207  224  228  221  209  190  170
  152  136  123  103   95   87   80   78   72   71   66   63   59   56   55   64
   85  114  151  189  224  253  276  298  326  344  369  377  389  398  416  434
  451  459  475  491  522  561  571  569  597                                   
    12.5-180.0 180.0   5.0 450.0                            LAT/LON1/LON2/DLON/H
  590  632  643  639  628  582  528  460  391  325  270  239  218  200  183  168
  157  146  140  135  140  153  174  195  220  239  248  242  228  210  187  164
  145  129  116   99   93   85   82   76   72   67   65   59   59   54   58   69
   94  125  162  200  236  264  288  311  339  357  382  390  404  413  432  444
  461  463  475  481  503  533  549  554  590                                   
    10.0-180.0 180.0   5.0 450.0                            LAT/LON1/LON2/DLON/H
  560  599  628  640  649  617  578  514  458  386  328  285  256  237  219  206
  197  191  189  191  197  210  224  242  258  265  258  243  222  202  179  155
  138  120  109   95   91   89   84   82   74   72   66   65   64   60   65   78
  106  137  174  211  242  267  290  309  335  352  378  389  405  419  438  450
  464  465  469  469  481  502  510  519  560                                   
     7.5-180.0 180.0   5.0 450.0                            LAT/LON1/LON2/DLON/H
  505  536  574  597  619  611  588  542  494  434  380  337  304  283  266  253
  245  242  246  254  266  281  293  299  296  276  254  233  214  195  170  149
