data/unet/pred0100.15i
     1.0            IONOSPHERE MAPS     GNSS                IONEX VERSION / TYPE
pyspatialgeodesy        IME             05-JAN-18 20:20     PGM / RUN BY / DATE 
Map Name                                                    COMMENT             
Predicted global ionosphere maps (GIM).                     DESCRIPTION         
  2015     1    10     0     0     0                        EPOCH OF FIRST MAP  
  2015     1    11     0     0     0                        EPOCH OF LAST MAP   
  7200                                                      INTERVAL            
    13                                                      # OF MAPS IN FILE   
  NONE                                                      MAPPING FUNCTION    
10.0                                                        ELEVATION CUTOFF    
One-way carrier phase leveled to code                       OBSERVABLES USED    
  6371.0                                                    BASE RADIUS         
 2                                                          MAP DIMENSION       
   450.0 450.0   0.0                                        HGT1 / HGT2 / DHGT  
    87.5 -87.5  -2.5                                        LAT1 / LAT2 / DLAT  
  -180.0 180.0   5.0                                        LON1 / LON2 / DLON  
    -1                                                      EXPONENT            
                                                            END OF HEADER       
[from data line 2574]
     7                                                      START OF TEC MAP    
  2015     1    10    12     0     0                        EPOCH OF CURRENT MAP
    87.5-180.0 180.0   5.0 450.0                            LAT/LON1/LON2/DLON/H
   93   94   92   91   89   89   89   90   90   91   91   92   91   92   90   91
   90   90   89   88   88   86   86   85   85   84   84   82   82   81   81   80
   80   79   79   78   78   77   77   76   76   77   77   78   78   79   80   80
   81   82   83   84   85   85   86   86   87   87   88   87   88   87   88   87
   89   88   89   89   91   89   96   80   93                                   
    85.0-180.0 180.0   5.0 450.0                            LAT/LON1/LON2/DLON/H
   90   88   84   82   84   84   86   86   88   87   89   89   91   89   91   88
   90   87   88   84   85   81   82   78   79   75   75   72   72   69   68   66
   66   64   64   62   63   61   62   59   61   60   62   61   63   63   65   66
   68   69   73   73   78   76   83   79   86   82   88   83   90   84   89   84
   89   84   88   82   86   83   87   91   90                                   
    82.5-180.0 180.0   5.0 450.0                            LAT/LON1/LON2/DLON/H
   84   79   74   75   72   74   73   77   76   78   78   80   80   81   80   81
   80   80   78   78   75   75   71   72   68   68   64   63   61   60   58   57
   54   54   51   51   49   50   48   49   47   49   48   50   49   52   52   55
   55   59   59   63   64   68   69   73   73   76   75   78   76   77   76   78
   76   77   75   74   71   70   68   69   84                                   
    80.0-180.0 180.0   5.0 450.0                            LAT/LON1/LON2/DLON/H
   70   62   62   58   60   57   61   60   63   63   67   68   70   71   72   72
   71   71   70   69   67   66   65   64   64   63   63   61   61   59   58   57
   56   54   52   51   50   49   48   48   48   47   48   46   49   47   52   48
   54   51   57   56   60   61   66   66   69   69   71   70   72   68   71   67
   70   65   67   61   63   54   54   63   70                                   
    77.5-180.0 180.0   5.0 450.0                            LAT/LON1/LON2/DLON/H
   62   56   49   50   48   49   48   50   50   53   53   57   57   61   59   64
   59   64   60   64   59   63   60   63   60   63   62   64   62   64   63   63
   61   60   58   57   54   54   51   51   48   50   47   48   47   48   50   49
   50   50   52   54   56   60   62   65   66   68   67   69   67   68   65   66
   63   63   59   57   54   49   48   51   62                                   
    75.0-180.0 180.0   5.0 450.0                            LAT/LON1/LON2/DLON/H
   57   48   49   43   44   40   42   41   44   43   47   48   50   51   53   54
   53   54   54   56   55   57   57   60   60   63   66   68   71   72   76   76
   79   77   79   75   74   72   70   67   65   64   62   60   60   56   59   55
   57   54   56   55   56   57   61   62   65   64   67   65   67   63   65   60
   62   58   59   53   53   48   48   52   57                                   
    72.5-180.0 180.0   5.0 450.0                            LAT/LON1/LON2/DLON/H
   62   59   51   49   47   46   45   46   45   46   45   48   48   51   51   53
   52   53   53   55   54   58   58   62   64   69   73   77   82   86   92   96
  101  103  105  105  102  101   95   93   88   87   82   82   76   75   70   68
   64   63   61   60   60   61   63   64   67   68   70   68   69   67   66   64
   64   62   61   57   55   49   52   53   62                                   
    70.0-180.0 180.0   5.0 450.0                            LAT/LON1/LON2/DLON/H
   64   59   60   53   55   50   52   49   49   46   47   46   49   48   49   50
   50   48   50   51   53   56   58   64   69   73   79   84   91   98  108  114
  125  129  136  137  137  135  128  125  118  116  111  110  102   98   92   85
   79   72   68   63   62   61   64   64   67   67   70   68   69   67   67   65
   67   65   65   62   60   56   57   60   64                                   
    67.5-180.0 180.0   5.0 450.0                            LAT/LON1/LON2/DLON/H
   69   68   61   62   60   59   58   57   54   52   50   51   52   53   54   55
   54   53   53   54   54   56   57   65   70   77   84   91  101  110  122  133
  145  155  163  168  168  166  161  155  149  144  139  135  130  123  115  104
   92   83   74   68   63   61   62   63   65   66   69   68   70   69   70   70
   70   70   69   66   65   59   62   64   69                                   
    65.0-180.0 180.0   5.0 450.0                            LAT/LON1/LON2/DLON/H
   67   66   67   62   66   62   65   60   60   54   54   53   54   53   55   55
   54   51   52   52   52   54   59   66   73   79   88   94  107  117  132  142
  158  172  184  192  194  195  190  184  175  173  165  162  154  148  136  126
  109   95   80   71   61   57   56   57   58   59   61   63   63   65   66   67
   69   69   71   67   66   62   62   67   67                                   
    62.5-180.0 180.0   5.0 450.0                            LAT/LON1/LON2/DLON/H
   63   62   59   63   62   64   63   63   60   56   54   54   55   57   59   60
   58   56   54   54   53   53   55   63   69   78   86   96  109  122  139  154
  171  187  201  210  215  213  210  202  194  189  184  180  175  166  156  141
  125  108   89   73   60   52   49   50   51   52   56   56   60   59   62   61
   64   65   67   64   63   57   59   64   63                                   
    60.0-180.0 180.0   5.0 450.0                            LAT/LON1/LON2/DLON/H
   52   49   55   53   61   58   64   59   60   55   56   55   57   57   59   60
   58   55   52   52   51   51   54   62   70   77   88   96  113  124  146  160
  181  197  214  223  233  228  226  217  211  206  201  198  194  183  171  155
  136  117   97   78   61   51   44   43   43   44   47   48   50   51   52   53
   55   57   61   58   56   52   53   53   52                                   
    57.5-180.0 180.0   5.0 450.0                            LAT/LON1/LON2/DLON/H
   45   41   42   46   50   54   55   56   53   51   50   52   55   57   59   60
   60   56   55   52   50   50   52   59   66   75   85   98  116  134  155  173
  191  208  221  233  240  238  235  228  225  218  215  209  208  197  184  165
  147  125  106   86   71   57   49   43   42   41   44   43   46   44   47   46
   50   51   54   53   51   44   44   46   45                                   
    55.0-180.0 180.0   5.0 450.0                            LAT/LON1/LON2/DLON/H
   39   32   37   34   46   45   53   49   51   48   49   51   53   57   57   58
   56   55   49   49   44   48   50   62   72   81   92  104  125  142  165  182
  203  218  233  243  251  250  248  243  241  236  229  229  221  213  196  179
  158  139  117   98   80   66   53   46   41   39   39   39   40   39   40   42
   45   46   51   49   48   43   42   36   39                                   
    52.5-180.0 180.0   5.0 450.0                            LAT/LON1/LON2/DLON/H
   40   35   31   32   36   43   44   45   46   43   46   46   50   52   54   54
   55   52   51   47   46   49   55   66   76   88   99  116  136  156  178  196
  211  227  238  249  254  256  258  255  253  245  241  236  233  220  207  187
  172  150  135  114  100   83   70   58   53   46   45   43   45   42   44   43
   48   50   55   55   53   45   44   41   40                                   
    50.0-180.0 180.0   5.0 450.0                            LAT/LON1/LON2/DLON/H
   52   40   39   33   42   41   47   44   48   46   45   46   45   48   48   49
   48   50   46   47   44   52   58   74   85   99  111  128  147  168  187  205
  218  231  241  248  257  260  265  267  263  259  249  250  240  231  214  202
  185  168  152  133  116   99   84   72   61   57   53   51   49   47   47   48
   51   55   61   62   63   60   58   47   52                                   
    47.5-180.0 180.0   5.0 450.0                            LAT/LON1/LON2/DLON/H
   66   59   49   43   44   45   44   44   45   44   46   44   46   44   46   46
   49   50   49   48   50   57   66   82   94  109  123  142  160  180  196  211
  221  233  235  245  251  261  269  273  272  263  256  251  244  233  223  208
  196  180  167  150  135  117  101   86   77   69   65   61   60   56   57   56
   61   65   72   74   75   70   72   70   66                                   
    45.0-180.0 180.0   5.0 450.0                            LAT/LON1/LON2/DLON/H
   87   77   67   56   58   51   53   47   52   48   51   50   48   47   47   47
   51   53   50   51   52   61   72   92  104  121  135  154  169  187  199  210
  220  225  230  238  251  264  274  281  279  274  260  259  248  241  228  222
  208  197  183  169  148  130  112   97   85   80   72   71   66   64   63   63
   68   73   82   88   91   93   93   92   87                                   
    42.5-180.0 180.0   5.0 450.0                            LAT/LON1/LON2/DLON/H
  101   95   80   71   65   58   56   54   56   53   56   54   56   49   52   51
   58   56   56   56   59   67   80   98  114  131  148  165  177  191  199  208
  214  221  225  236  251  266  280  285  286  279  269  262  253  243  235  224
  217  204  194  177  158  138  118  102   91   82   77   73   71   68   69   68
   75   80   89   95  102  104  107  114  101                                   
    40.0-180.0 180.0   5.0 450.0                            LAT/LON1/LON2/DLON/H
  112  106   92   82   79   69   68   60   65   61   67   65   63   60   59   60
   63   63   62   61   64   74   86  106  124  143  160  175  185  192  196  199
  208  213  225  239  262  278  291  297  296  294  280  277  265  258  246  239
  228  217  201  186  163  139  119  101   89   82   75   73   70   70   70   71
   77   82   91   96  107  109  114  123  112                                   
    37.5-180.0 180.0   5.0 450.0                            LAT/LON1/LON2/DLON/H
  110  106   93   86   80   73   71   69   71   70   74   72   72   65   68   66
   72   70   71   69   71   80   93  113  133  153  169  184  189  192  193  196
  206  218  237  255  280  294  307  311  314  311  304  296  283  273  260  248
  237  221  206  187  163  139  117  100   88   80   75   71   70   70   73   76
   82   85   92   96  103  105  109  125  110                                   
    35.0-180.0 180.0   5.0 450.0                            LAT/LON1/LON2/DLON/H
  104  101   89   84   84   77   79   73   79   76   83   82   83   77   77   76
   80   78   76   74   77   86  102  122  145  166  184  193  199  196  198  200
  215  235  259  282  306  318  326  332  333  340  329  329  311  303  282  272
  251  236  214  194  166  141  119  102   88   81   76   75   75   76   82   85
   91   90   94   92   99   96  103  115  104                                   
    32.5-180.0 180.0   5.0 450.0                            LAT/LON1/LON2/DLON/H
   92   87   79   78   78   76   77   77   81   81   87   88   88   82   83   81
   86   82   83   80   85   94  110  131  155  180  196  205  207  205  206  214
  234  265  293  317  338  348  355  358  363  366  366  361  348  335  312  294
  272  254  230  207  182  157  138  121  108  103  101  103  104  104  108  107
  113  107  108  102  100   94   91   99   92                                   
    30.0-180.0 180.0   5.0 450.0                            LAT/LON1/LON2/DLON/H
   88   79   72   72   78   77   82   80   85   84   93   91   94   86   89   85
   89   86   86   86   93  106  125  145  173  194  212  217  223  221  226  245
  273  313  343  371  387  397  393  401  400  414  408  411  392  381  351  332
  306  290  264  243  215  193  172  160  150  147  142  134  138  144  147  144
  139  132  125  114  107   94   97   89   88                                   
    27.5-180.0 180.0   5.0 450.0                            LAT/LON1/LON2/DLON/H
   91   83   73   74   76   78   81   82   86   86   91   91   92   86   87   85
   89   88   90   92  101  116  137  161  186  209  221  230  235  240  258  288
  333  380  413  435  449  450  449  444  456  460  471  468  456  436  405  380
  352  337  315  296  270  247  231  216  211  188  179  166  172  171  183  176
  176  161  153  140  135  118   98   86   91                                   
    25.0-180.0 180.0   5.0 450.0                            LAT/LON1/LON2/DLON/H
  108   88   83   80   83   82   86   82   90   86   92   89   92   84   85   80
   87   86   91   98  111  131  155  181  205  221  238  244  262  270  305  341
  399  444  480  496  506  503  493  496  502  519  525  530  513  496  464  442
  411  398  372  363  338  323  303  287  271  239  226  208  211  216  222  225
  223  217  190  177  153  136  122  111  108                                   
    22.5-180.0 180.0   5.0 450.0                            LAT/LON1/LON2/DLON/H
  132  116  109  101   96   90   89   86   89   86   91   87   90   82   81   79
   84   88   93  104  121  146  169  199  216  232  248  259  285  299  351  386
  458  489  528  535  551  540  540  543  559  571  585  582  567  545  519  496
  474  456  440  428  413  394  377  352  332  302  294  277  278  280  291  289
  289  274  251  223  197  171  153  137  132                                   
    20.0-180.0 180.0   5.0 450.0                            LAT/LON1/LON2/DLON/H
  162  147  135  121  113   97   90   83   87   79   84   78   82   75   80   74
   82   82   94  110  135  163  190  213  232  244  265  282  315  338  390  428
  489  518  550  560  566  561  562  576  594  608  618  618  606  585  562  540
  521  506  492  483  467  452  428  406  389  364  355  346  342  345  347  347
  338  325  302  279  254  215  192  185  162                                   
    17.5-180.0 180.0   5.0 450.0                            LAT/LON1/LON2/DLON/H
  198  184  174  150  135  112  104   97   97   89   82   78   78   72   76   77
   82   87  100  119  147  179  206  227  244  257  284  301  338  365  414  451
  505  527  558  564  572  566  580  596  620  634  646  640  629  610  591  574
  560  544  531  520  505  488  473  449  440  416  409  402  396  392  383  377
  364  354  340  321  298  269  238  230  198                                   
    15.0-180.0 180.0   5.0 450.0                            LAT/LON1/LON2/DLON/H
  219  208  192  177  152  128  116  107  105   93   85   76   69   65   66   70
   80   83  104  125  162  195  224  244  260  283  301  328  362  395  432  465
  505  527  551  553  560  562  581  606  633  645  655  648  644  627  617  604
  594  582  568  556  538  524  504  486  467  459  441  434  422  406  393  378
  364  356  350  342  331  303  280  266  219                                   
    12.5-180.0 180.0   5.0 450.0                            LAT/LON1/LON2/DLON/H
  235  234  215  196  173  143  129  119  116  101   90   77   65   61   57   67
   78   90  108  141  175  213  240  263  281  300  320  347  385  417  449  481
  516  531  547  544  553  558  582  607  636  641  656  647  645  637  631  625
  616  607  593  584  568  552  529  504  490  474  466  447  428  409  388  377
  364  364  357  357  346  327  307  282  235                                   
    10.0-180.0 180.0   5.0 450.0                            LAT/LON1/LON2/DLON/H
  231  243  228  210  183  152  138  126  119  109   91   79   63   63   56   68
   82   92  113  147  183  218  248  278  295  319  337  369  405  436  462  484
  512  520  533  532  548  558  584  603  629  632  648  645  648  647  648  648
  639  631  616  605  584  562  525  494  476  465  448  435  410  386  359  346
  342  346  347  345  338  324  312  282  231                                   
     7.5-180.0 180.0   5.0 450.0                            LAT/LON1/LON2/DLON/H
  218  240  225  210  185  157  144  135  128  116  100   80   66   62   61   72
   90  103  120  158  194  234  261  287  307  329  353  390  423  452  475  490
