data/unet/pred0580.15i
     1.0            IONOSPHERE MAPS     GNSS                IONEX VERSION / TYPE
pyspatialgeodesy        IME             05-JAN-18 20:20     PGM / RUN BY / DATE 
Map Name                                                    COMMENT             
Predicted global ionosphere maps (GIM).                     DESCRIPTION         
  2015     2    27     0     0     0                        EPOCH OF FIRST MAP  
  2015     2    28     0     0     0                        EPOCH OF LAST MAP   
  7200                                                      INTERVAL            
    13                                                      # OF MAPS IN FILE   
  NONE                                                      MAPPING FUNCTION    
10.0                                                        ELEVATION CUTOFF    
One-way carrier phase leveled to code                       OBSERVABLES USED    
  6371.0                                                    BASE RADIUS         
 2                                                          MAP DIMENSION       
   450.0 450.0   0.0                                        HGT1 / HGT2 / DHGT  
    87.5 -87.5  -2.5                                        LAT1 / LAT2 / DLAT  
  -180.0 180.0   5.0                                        LON1 / LON2 / DLON  
    -1                                                      EXPONENT            
                                                            END OF HEADER       
[from data line 858]
     3                                                      START OF TEC MAP    
  2015     2    27     4     0     0                        EPOCH OF CURRENT MAP
    87.5-180.0 180.0   5.0 450.0                            LAT/LON1/LON2/DLON/H
   99  128  116  113  112  109  108  107  107  107  106  106  105  105  104  103
  102  101  100   98   98   95   95   92   93   91   91   90   91   90   90   90
   90   90   91   90   91   91   92   93   94   96   97   98   98   99  100  102
  102  106  105  110  108  113  112  117  115  120  118  122  121  125  122  126
  124  126  123  125  123  123  130  114   99                                   
    85.0-180.0 180.0   5.0 450.0                            LAT/LON1/LON2/DLON/H
  141  134  117  125  115  112  107  108  104  105  102  103  100  102   99   99
   96   96   93   92   89   89   85   85   81   82   79   80   77   79   76   79
   77   80   78   81   80   84   83   86   85   89   88   91   90   94   93   97
   97  102  103  107  109  113  116  121  122  128  129  134  135  140  139  144
  142  147  142  147  139  138  140  143  141                                   
    82.5-180.0 180.0   5.0 450.0                            LAT/LON1/LON2/DLON/H
  144  135  133  130  121  115  111  110  107  107  105  105  104  104  103  102
  100   98   95   92   87   84   79   76   70   68   64   62   60   59   59   59
   60   61   64   64   67   67   71   70   74   72   77   74   80   77   86   83
   92   90  101  100  111  111  123  123  136  135  148  148  158  158  164  163
  167  166  167  164  162  153  158  148  144                                   
    80.0-180.0 180.0   5.0 450.0                            LAT/LON1/LON2/DLON/H
  161  155  146  139  126  120  114  112  109  109  108  109  109  110  109  109
  107  104  102   98   93   88   83   77   70   66   61   58   55   54   55   55
   58   59   63   66   70   73   77   80   82   84   86   88   90   92   95   99
  102  106  112  116  122  129  137  145  153  161  169  176  182  188  191  196
  196  199  196  196  187  178  171  166  161                                   
    77.5-180.0 180.0   5.0 450.0                            LAT/LON1/LON2/DLON/H
  173  164  157  143  125  117  110  107  102  103  102  105  105  108  107  108
  106  104  100   96   89   82   75   68   62   57   52   48   47   46   49   50
   54   57   63   67   72   76   81   84   87   91   93   96   97  101  104  108
  110  115  122  128  136  145  155  164  175  183  194  202  211  216  222  224
  226  224  223  217  211  199  191  181  173                                   
    75.0-180.0 180.0   5.0 450.0                            LAT/LON1/LON2/DLON/H
  180  173  163  149  129  117  108  104  100   99   99  100  104  103  107  104
  104   99   98   91   85   77   71   63   57   50   48   43   42   42   46   48
   53   58   64   69   74   78   82   85   88   90   94   94   98   99  103  105
  109  115  123  134  142  153  162  173  182  193  203  211  220  227  233  238
  240  241  239  234  227  213  205  194  180                                   
    72.5-180.0 180.0   5.0 450.0                            LAT/LON1/LON2/DLON/H
  191  182  175  157  133  120  108  103   98   97   95   98   98  101  101  100
   99   96   94   88   83   77   71   63   58   52   50   47   47   47   52   54
   60   64   70   73   77   79   83   84   85   86   88   89   92   94  100  102
  110  118  133  141  155  162  175  183  195  200  209  215  223  229  235  241
  245  248  247  244  242  232  223  212  191                                   
    70.0-180.0 180.0   5.0 450.0                            LAT/LON1/LON2/DLON/H
  204  197  187  171  146  129  114  109  101  100   98   98  100   96   99   94
   97   90   91   84   83   75   73   65   63   57   58   55   59   58   65   65
   71   71   76   76   78   77   79   77   78   78   79   81   83   88   92  100
  109  124  139  152  163  173  183  194  202  208  213  218  225  229  234  239
  246  251  253  253  253  245  233  223  204                                   
    67.5-180.0 180.0   5.0 450.0                            LAT/LON1/LON2/DLON/H
  213  207  202  183  158  139  123  115  107  105  100  100   97   95   93   91
   89   86   85   83   82   79   77   73   71   68   68   68   70   72   75   77
   78   78   78   77   75   71   71   68   69   68   70   72   76   79   86   97
  113  130  149  160  173  183  195  202  210  213  216  219  222  224  226  230
  236  242  249  252  256  254  243  234  213                                   
    65.0-180.0 180.0   5.0 450.0                            LAT/LON1/LON2/DLON/H
  221  218  213  196  173  154  134  127  116  114  108  107  102   97   93   89
   88   83   85   83   86   82   84   81   82   79   82   80   84   83   86   83
   84   79   78   72   67   62   59   57   56   57   59   62   66   72   81   99
  115  136  153  168  181  194  206  214  220  222  225  225  227  223  224  225
  229  234  241  247  253  253  243  235  221                                   
    62.5-180.0 180.0   5.0 450.0                            LAT/LON1/LON2/DLON/H
  222  220  219  203  180  162  145  134  124  120  113  110  102   96   90   86
   84   82   83   84   84   86   86   87   86   87   86   87   86   87   85   84
   80   76   69   62   57   50   49   46   48   51   54   59   64   70   84  102
  122  140  161  175  193  205  218  226  232  235  236  236  234  230  225  224
  224  227  233  239  246  248  245  238  222                                   
    60.0-180.0 180.0   5.0 450.0                            LAT/LON1/LON2/DLON/H
  227  227  223  209  188  171  152  142  129  125  116  114  107  101   95   91
   90   86   88   87   90   89   91   90   92   89   90   86   86   83   82   78
   74   67   61   53   48   43   42   42   45   48   54   58   64   73   87  108
  126  146  167  187  205  218  231  237  246  248  249  248  247  241  236  232
  231  230  234  237  240  240  241  234  227                                   
    57.5-180.0 180.0   5.0 450.0                            LAT/LON1/LON2/DLON/H
  236  231  229  214  189  171  153  141  127  122  113  111  104  100   93   92
   90   90   89   89   88   89   87   89   86   87   81   79   74   72   67   66
   60   57   52   47   43   41   41   43   48   53   58   64   70   82   98  117
  136  155  178  197  215  229  241  250  260  265  266  267  267  261  254  248
  242  238  239  237  240  242  245  241  236                                   
    55.0-180.0 180.0   5.0 450.0                            LAT/LON1/LON2/DLON/H
  247  244  237  220  193  177  155  144  128  122  112  110  105  101   97   96
   96   93   94   90   91   87   87   84   83   78   74   69   64   60   57   55
   54   52   50   46   45   44   46   50   55   60   67   71   79   93  108  128
  143  165  189  210  229  242  256  266  279  285  289  293  295  291  283  274
  265  260  256  253  250  250  250  244  247                                   
    52.5-180.0 180.0   5.0 450.0                            LAT/LON1/LON2/DLON/H
  264  256  251  231  202  184  161  145  127  119  109  105  101   99   96   97
   96   95   92   90   87   84   82   80   77   73   67   61   55   52   49   49
   50   50   50   49   51   52   56   60   65   70   77   83   92  107  122  140
  157  180  203  223  241  254  270  283  297  307  313  319  324  321  312  301
  290  280  273  264  262  262  260  258  264                                   
    50.0-180.0 180.0   5.0 450.0                            LAT/LON1/LON2/DLON/H
  279  269  264  247  218  198  172  153  132  121  109  105  101   97   95   95
   97   93   91   86   86   81   80   76   75   69   65   57   53   49   49   49
   54   56   59   60   64   65   68   72   76   80   87   92  103  119  133  151
  168  195  219  238  256  269  287  300  316  326  333  341  346  346  337  328
  314  302  290  281  275  272  271  263  279                                   
    47.5-180.0 180.0   5.0 450.0                            LAT/LON1/LON2/DLON/H
  289  277  276  264  236  216  189  168  143  126  113  104   98   96   93   93
   93   91   87   85   83   81   79   78   76   73   69   62   59   55   56   57
   61   64   68   70   75   77   81   82   87   89   96  103  116  132  147  166
  188  213  235  253  269  285  301  315  328  336  342  350  355  355  348  339
  324  310  297  287  283  280  274  274  289                                   
    45.0-180.0 180.0   5.0 450.0                            LAT/LON1/LON2/DLON/H
  290  279  278  271  251  232  208  184  159  138  122  111  103   96   93   90
   89   85   83   82   84   83   84   83   83   79   77   71   67   64   67   69
   73   76   81   81   88   88   91   92   93   96  101  110  123  142  158  183
  206  230  252  270  288  303  317  329  341  348  349  355  357  357  350  341
  325  313  303  292  287  282  281  275  290                                   
    42.5-180.0 180.0   5.0 450.0                            LAT/LON1/LON2/DLON/H
  284  273  278  276  259  246  221  201  175  153  133  120  108  102   94   90
   84   83   82   84   86   90   90   92   92   90   87   83   80   77   78   80
   82   85   87   89   92   94   98   99  101  102  108  117  134  153  175  201
  226  249  269  288  305  320  330  340  348  350  349  351  353  352  345  334
  321  310  303  292  288  283  280  281  284                                   
    40.0-180.0 180.0   5.0 450.0                            LAT/LON1/LON2/DLON/H
  276  270  269  267  257  247  226  208  186  164  144  130  120  108  100   92
   87   84   85   91   97  100  102  103  103  100   98   93   91   87   88   88
   91   92   94   94   98  100  103  105  105  107  112  123  142  165  190  217
  241  265  283  303  320  334  345  354  361  360  355  353  353  350  343  333
  323  313  307  295  287  280  282  276  276                                   
    37.5-180.0 180.0   5.0 450.0                            LAT/LON1/LON2/DLON/H
  269  262  260  255  246  240  220  208  187  172  152  140  127  119  109  103
   95   94   97  104  111  115  114  114  112  108  104  101   97   95   93   94
   93   95   94   95   99  102  108  110  112  115  122  133  155  178  204  226
  250  269  289  306  325  340  351  362  369  367  362  358  360  356  352  345
  339  332  326  311  301  286  285  281  269                                   
    35.0-180.0 180.0   5.0 450.0                            LAT/LON1/LON2/DLON/H
  277  263  249  238  228  225  210  200  185  171  158  146  138  129  122  113
  107  107  114  121  129  130  128  124  120  114  110  107  105  103  102  101
  100   98   97   97  101  106  112  115  121  124  131  143  164  188  210  232
  252  273  290  310  328  346  361  373  383  382  381  376  380  379  383  380
  380  374  369  353  343  319  307  290  277                                   
    32.5-180.0 180.0   5.0 450.0                            LAT/LON1/LON2/DLON/H
  312  276  253  230  216  210  196  187  175  166  155  147  140  135  129  124
  120  123  129  137  142  142  136  130  124  118  114  114  112  112  110  107
  105  103   99   98  102  108  115  120  126  131  138  152  170  194  213  233
  250  266  285  302  326  346  366  384  398  400  405  406  419  422  441  444
  449  445  437  418  401  380  348  331  312                                   
    30.0-180.0 180.0   5.0 450.0                            LAT/LON1/LON2/DLON/H
  366  315  278  245  221  209  193  182  170  160  152  147  143  138  135  130
  131  133  142  148  155  149  142  134  128  125  124  128  128  128  126  121
  116  109  104  102  104  109  117  122  129  134  140  152  167  191  208  230
  244  261  279  302  328  356  380  402  422  428  438  442  463  478  503  514
  518  520  512  498  476  460  419  398  366                                   
    27.5-180.0 180.0   5.0 450.0                            LAT/LON1/LON2/DLON/H
  443  398  343  288  253  234  209  186  171  159  151  146  141  140  135  135
  135  140  146  153  156  150  142  135  133  135  139  146  148  149  147  143
  134  128  118  114  110  114  116  123  125  132  134  145  161  185  207  226
  245  257  278  301  336  371  405  436  456  475  480  493  517  537  571  584
  595  590  585  565  547  540  514  484  443                                   
    25.0-180.0 180.0   5.0 450.0                            LAT/LON1/LON2/DLON/H
  528  486  422  368  315  284  247  220  191  171  160  149  147  141  140  135
  137  138  147  148  153  149  142  143  146  158  165  173  177  174  173  165
  160  150  138  130  122  120  117  117  118  121  124  131  151  177  204  225
  244  262  285  314  352  396  439  476  498  518  531  546  572  608  637  667
  670  670  659  644  624  625  612  584  528                                   
    22.5-180.0 180.0   5.0 450.0                            LAT/LON1/LON2/DLON/H
  612  564  502  443  399  364  314  266  234  205  187  170  158  150  142  140
  137  137  141  139  146  142  144  153  166  190  202  218  218  219  209  204
  189  179  160  148  134  127  116  112  108  111  114  124  145  176  211  232
  260  276  309  340  387  435  480  519  542  561  574  596  631  671  708  739
  748  748  738  718  709  718  710  671  612                                   
    20.0-180.0 180.0   5.0 450.0                            LAT/LON1/LON2/DLON/H
  698  659  582  527  485  455  400  365  310  266  234  211  191  170  159  148
  147  138  143  138  143  148  154  176  196  224  247  260  268  258  245  231
  214  200  180  165  149  132  118  105  100   99  104  117  141  176  214  239
  269  295  333  372  425  475  519  560  584  606  622  649  680  725  755  781
  790  780  778  759  761  774  784  751  698                                   
    17.5-180.0 180.0   5.0 450.0                            LAT/LON1/LON2/DLON/H
  763  752  678  634  584  542  491  451  401  358  304  266  239  212  188  171
  163  154  152  146  151  162  176  207  233  287  305  333  316  306  271  251
  225  206  184  168  149  130  114  103   94   94   99  118  147  188  232  255
  294  321  362  404  460  509  552  590  619  641  659  682  716  751  775  791
  793  787  785  783  796  818  824  800  763                                   
    15.0-180.0 180.0   5.0 450.0                            LAT/LON1/LON2/DLON/H
  805  815  756  713  673  625  578  534  492  449  392  354  303  272  242  220
  206  190  182  179  176  190  209  250  297  351  375  378  359  322  287  258
  232  207  186  168  150  129  113   97   88   88   97  118  152  199  243  271
  311  340  386  430  488  534  576  610  641  661  682  710  734  762  772  782
  777  774  776  778  800  813  824  816  805                                   
    12.5-180.0 180.0   5.0 450.0                            LAT/LON1/LON2/DLON/H
  813  835  800  778  746  702  653  614  565  525  473  435  386  348  300  276
  256  244  229  226  218  237  261  332  375  427  427  422  372  325  275  245
  223  199  181  166  146  128  112   97   86   87   97  122  159  210  255  286
  325  358  401  448  503  544  579  613  645  670  689  711  730  745  751  750
  741  740  743  749  774  790  802  809  813                                   
    10.0-180.0 180.0   5.0 450.0                            LAT/LON1/LON2/DLON/H
  815  835  818  797  773  734  699  659  621  581  537  502  459  428  384  360
  322  306  286  285  278  311  349  404  450  461  453  412  362  300  256  229
  207  188  172  160  142  126  113   97   90   86  101  126  165  216  260  292
  330  365  410  457  509  544  576  603  640  663  684  702  720  730  732  729
  720  715  717  724  745  756  771  783  815                                   
     7.5-180.0 180.0   5.0 450.0                            LAT/LON1/LON2/DLON/H
  800  814  809  791  771  739  713  680  651  616  578  546  513  482  452  436
  412  396  370  377  375  411  441  481  498  485  444  396  327  273  233  210
