data/unet/pred1110.15i
     1.0            IONOSPHERE MAPS     GNSS                IONEX VERSION / TYPE
pyspatialgeodesy        IME             05-JAN-18 20:20     PGM / RUN BY / DATE 
Map Name                                                    COMMENT             
Predicted global ionosphere maps (GIM).                     DESCRIPTION         
  2015     4    21     0     0     0                        EPOCH OF FIRST MAP  
  2015     4    22     0     0     0                        EPOCH OF LAST MAP   
  7200                                                      INTERVAL            
    13                                                      # OF MAPS IN FILE   
  NONE                                                      MAPPING FUNCTION    
10.0                                                        ELEVATION CUTOFF    
One-way carrier phase leveled to code                       OBSERVABLES USED    
  6371.0                                                    BASE RADIUS         
 2                                                          MAP DIMENSION       
   450.0 450.0   0.0                                        HGT1 / HGT2 / DHGT  
    87.5 -87.5  -2.5                                        LAT1 / LAT2 / DLAT  
  -180.0 180.0   5.0                                        LON1 / LON2 / DLON  
    -1                                                      EXPONENT            
                                                            END OF HEADER       
[from data line 3432]
     9                                                      START OF TEC MAP    
  2015     4    21    16     0     0                        EPOCH OF CURRENT MAP
    87.5-180.0 180.0   5.0 450.0                            LAT/LON1/LON2/DLON/H
  229  239  243  246  246  245  245  245  244  244  244  245  245  246  246  246
  246  246  246  246  246  245  244  244  243  243  242  243  242  242  241  242
  240  241  240  242  240  241  239  242  240  244  244  248  248  253  253  258
  258  261  260  263  261  264  261  264  261  263  260  262  260  262  259  261
  260  261  258  256  251  248  249  232  229                                   
    85.0-180.0 180.0   5.0 450.0                            LAT/LON1/LON2/DLON/H
  236  239  243  247  247  247  248  247  249  248  250  249  251  250  252  251
  252  251  252  252  253  252  252  252  251  251  250  251  249  250  249  248
  247  246  247  246  246  245  246  245  246  246  248  250  252  253  256  258
  260  261  263  264  265  265  266  265  267  264  265  262  264  261  262  259
  262  259  261  255  256  245  248  230  236                                   
    82.5-180.0 180.0   5.0 450.0                            LAT/LON1/LON2/DLON/H
  237  234  234  235  236  239  239  242  240  243  242  245  244  246  245  247
  246  247  247  248  247  248  246  247  245  246  245  247  244  245  242  243
  239  240  237  238  235  237  234  236  234  237  237  241  241  246  245  251
  250  256  254  260  258  263  260  264  261  264  260  262  259  261  256  259
  256  258  255  255  251  243  245  230  237                                   
    80.0-180.0 180.0   5.0 450.0                            LAT/LON1/LON2/DLON/H
  224  218  218  219  218  223  224  228  227  230  229  231  231  232  231  233
  232  234  233  236  235  237  236  238  238  240  240  242  240  242  239  240
  237  237  235  235  233  233  232  232  233  233  235  236  238  238  241  242
  244  245  247  249  250  251  251  252  251  250  247  248  245  246  242  244
  240  243  239  241  233  234  225  220  224                                   
    77.5-180.0 180.0   5.0 450.0                            LAT/LON1/LON2/DLON/H
  217  210  208  207  209  211  217  218  221  222  225  225  227  226  228  227
  229  227  230  228  231  228  233  231  236  234  241  237  241  236  239  236
  237  234  235  232  232  229  231  230  232  232  235  235  238  239  241  242
  243  244  244  246  245  246  245  246  243  242  238  238  233  232  227  228
  224  226  221  224  218  219  216  215  217                                   
    75.0-180.0 180.0   5.0 450.0                            LAT/LON1/LON2/DLON/H
  208  202  200  200  202  204  210  211  215  216  220  219  222  220  222  221
  221  220  222  222  223  225  227  230  232  236  240  242  242  242  243  242
  241  240  240  239  238  236  237  236  237  238  241  241  243  242  244  242
  243  242  242  242  242  240  240  238  236  232  229  225  221  219  212  213
  208  212  208  213  208  212  207  209  208                                   
    72.5-180.0 180.0   5.0 450.0                            LAT/LON1/LON2/DLON/H
  206  199  197  198  200  203  210  212  216  218  221  222  223  223  223  222
  221  221  223  222  225  224  229  230  235  239  246  246  250  248  251  250
  250  248  249  246  246  243  245  243  246  246  249  249  250  250  249  249
  246  246  243  243  240  240  237  237  234  232  225  222  213  209  201  198
  194  195  194  198  195  200  205  207  206                                   
    70.0-180.0 180.0   5.0 450.0                            LAT/LON1/LON2/DLON/H
  195  193  194  197  200  203  211  213  218  218  223  223  226  226  226  225
  223  223  223  225  224  227  227  232  234  241  243  251  250  254  253  255
  254  254  254  254  253  252  253  252  253  253  255  254  254  252  251  248
  245  241  238  235  233  230  229  226  225  219  214  209  201  198  186  186
  177  183  177  187  184  195  194  200  195                                   
    67.5-180.0 180.0   5.0 450.0                            LAT/LON1/LON2/DLON/H
  182  185  183  192  194  202  210  215  220  223  227  229  231  232  231  231
  229  230  231  232  234  235  238  241  245  247  252  253  257  254  257  257
  258  259  260  258  258  256  258  256  260  259  261  259  258  256  252  248
  242  237  231  226  222  219  217  215  214  209  204  198  189  180  171  164
  161  159  160  164  164  172  180  184  182                                   
    65.0-180.0 180.0   5.0 450.0                            LAT/LON1/LON2/DLON/H
  160  169  172  179  190  197  209  212  222  224  231  233  237  237  238  236
  235  236  237  242  242  247  247  252  250  253  252  255  254  257  255  258
  257  261  261  263  262  262  262  263  264  264  264  262  259  257  250  246
  237  230  222  215  209  204  201  199  196  192  186  183  173  167  153  151
  140  145  138  144  142  155  157  163  160                                   
    62.5-180.0 180.0   5.0 450.0                            LAT/LON1/LON2/DLON/H
  141  148  152  165  174  187  200  210  216  224  228  234  236  241  240  242
  240  243  245  250  252  257  258  261  259  258  258  256  258  256  258  258
  261  263  266  266  268  267  270  268  272  270  270  267  264  258  250  243
  232  224  214  207  199  194  189  188  185  183  177  173  162  153  141  132
  124  120  118  117  117  122  129  138  141                                   
    60.0-180.0 180.0   5.0 450.0                            LAT/LON1/LON2/DLON/H
  118  122  133  145  164  177  194  200  212  216  225  229  234  237  239  240
  242  245  248  254  254  261  259  265  258  261  254  258  252  258  257  263
  263  268  270  272  273  273  275  275  278  276  276  272  269  262  254  245
  235  227  215  206  197  189  183  179  175  173  167  167  154  148  133  125
  111  107   99   98   95  100  102  113  118                                   
    57.5-180.0 180.0   5.0 450.0                            LAT/LON1/LON2/DLON/H
  103  103  114  132  147  167  182  194  203  211  218  223  225  231  232  238
  239  245  247  253  254  260  260  263  261  260  258  257  258  261  267  271
  276  277  279  280  282  282  286  286  288  286  284  280  275  267  259  250
  239  229  219  210  200  194  186  184  178  176  169  169  155  149  133  122
  107   97   88   82   80   77   77   92  103                                   
    55.0-180.0 180.0   5.0 450.0                            LAT/LON1/LON2/DLON/H
   93   91  103  121  140  160  177  187  199  206  213  216  222  225  229  234
  237  241  243  247  247  254  253  260  257  261  257  262  261  271  274  286
  290  296  294  295  295  295  297  299  300  300  298  294  289  282  275  266
  257  247  235  225  215  205  199  193  187  186  177  178  165  160  145  133
  118  106   95   87   82   78   77   82   93                                   
    52.5-180.0 180.0   5.0 450.0                            LAT/LON1/LON2/DLON/H
   95   92  100  117  133  159  175  189  198  205  210  212  216  221  225  233
  237  244  245  249  248  254  255  264  265  270  272  278  282  291  300  310
  316  316  314  313  314  312  316  316  319  318  316  310  305  296  290  281
  272  262  253  241  232  224  216  213  206  204  196  196  183  178  162  152
  134  124  109  101   91   81   80   90   95                                   
    50.0-180.0 180.0   5.0 450.0                            LAT/LON1/LON2/DLON/H
  109  100  112  127  144  165  181  194  204  210  215  218  221  227  235  243
  250  254  255  257  254  259  261  272  275  286  288  300  304  318  324  336
  338  341  337  336  335  332  334  335  337  337  335  329  325  316  311  301
  294  282  272  260  249  239  231  227  222  222  214  217  203  200  188  177
  167  153  145  131  124  108  109  110  109                                   
    47.5-180.0 180.0   5.0 450.0                            LAT/LON1/LON2/DLON/H
  135  123  127  139  153  173  190  204  214  219  225  224  229  234  244  254
  264  270  269  272  269  274  278  289  296  307  316  326  335  349  357  364
  366  363  359  355  355  352  353  355  355  355  350  343  336  328  321  313
  303  294  283  273  262  252  243  240  236  237  231  234  224  223  210  205
  191  184  169  166  153  144  140  144  135                                   
    45.0-180.0 180.0   5.0 450.0                            LAT/LON1/LON2/DLON/H
  163  148  150  158  173  191  205  220  230  239  243  244  247  254  266  279
  290  294  295  298  294  302  305  320  324  339  342  356  359  374  378  386
  384  381  380  375  375  372  372  372  371  367  363  352  345  335  329  319
  311  299  288  274  264  253  245  241  240  241  239  244  237  238  229  221
  215  202  200  192  190  179  176  171  163                                   
    42.5-180.0 180.0   5.0 450.0                            LAT/LON1/LON2/DLON/H
  190  176  170  174  185  201  218  234  250  257  262  263  266  273  286  298
  312  321  323  329  328  335  341  351  357  365  370  379  385  393  396  399
  399  396  397  394  396  394  394  391  383  379  369  360  351  340  333  323
  313  300  287  275  263  251  241  238  235  239  237  243  237  240  231  230
  221  215  208  211  208  204  207  197  190                                   
    40.0-180.0 180.0   5.0 450.0                            LAT/LON1/LON2/DLON/H
  209  197  190  188  195  209  228  250  267  280  286  291  293  302  315  332
  343  352  354  363  362  375  374  388  382  392  385  397  395  407  405  410
  411  413  416  418  423  425  423  419  406  397  381  369  356  342  333  321
  311  296  286  271  262  246  240  230  231  226  228  231  232  234  231  229
  224  219  215  214  219  215  220  208  209                                   
    37.5-180.0 180.0   5.0 450.0                            LAT/LON1/LON2/DLON/H
  214  204  196  193  199  211  232  254  277  293  304  309  313  320  334  349
  361  374  378  391  393  406  408  417  411  414  407  413  413  423  422  430
  434  442  448  453  459  458  455  442  430  416  401  386  371  359  344  329
  318  301  293  281  282  272  259  252  241  235  230  231  226  225  217  218
  211  206  201  201  204  212  224  209  214                                   
    35.0-180.0 180.0   5.0 450.0                            LAT/LON1/LON2/DLON/H
  210  204  194  192  197  208  232  255  285  307  325  332  338  350  363  379
  387  397  400  414  418  435  432  444  431  436  422  432  430  446  449  468
  477  493  498  510  509  515  508  497  474  450  422  398  375  356  340  331
  321  308  300  289  286  276  274  267  263  255  255  255  248  245  239  234
  225  220  208  201  197  203  212  200  210                                   
    32.5-180.0 180.0   5.0 450.0                            LAT/LON1/LON2/DLON/H
  200  193  182  184  192  203  229  255  290  317  339  350  359  371  383  396
  402  415  416  432  440  459  460  470  458  459  451  459  468  489  505  527
  547  562  572  581  586  588  581  563  527  481  454  423  409  389  382  376
  365  358  342  338  324  320  307  304  288  283  270  271  263  266  263  263
  249  229  214  204  196  196  201  193  200                                   
    30.0-180.0 180.0   5.0 450.0                            LAT/LON1/LON2/DLON/H
  186  184  173  182  186  199  226  253  295  327  357  373  387  402  415  426
  432  438  442  457  467  485  487  496  486  489  485  504  521  556  584  623
  651  679  697  702  698  685  664  645  600  550  505  477  458  438  433  420
  409  401  387  386  376  378  362  357  335  328  315  321  311  315  304  303
  290  282  251  235  217  208  196  184  186                                   
    27.5-180.0 180.0   5.0 450.0                            LAT/LON1/LON2/DLON/H
  175  178  170  169  176  192  218  253  296  333  367  390  407  425  438  447
  451  459  463  481  494  514  519  529  525  531  541  566  601  645  687  738
  771  776  786  783  775  754  727  692  652  599  554  519  507  493  492  480
  473  459  453  445  439  431  425  413  402  388  381  384  380  382  369  363
  343  320  289  267  244  237  213  187  175                                   
    25.0-180.0 180.0   5.0 450.0                            LAT/LON1/LON2/DLON/H
  162  172  164  173  180  196  219  257  295  340  376  406  428  449  465  474
  478  484  493  509  524  541  551  560  570  583  613  650  699  749  804  835
  855  867  861  860  837  815  782  750  699  662  613  575  552  540  531  525
  510  500  488  481  472  467  457  449  442  437  442  442  450  442  432  420
  393  365  324  291  262  240  234  188  162                                   
    22.5-180.0 180.0   5.0 450.0                            LAT/LON1/LON2/DLON/H
  190  192  180  177  184  196  215  254  289  332  374  399  432  455  479  492
  501  512  524  543  559  577  588  602  623  650  698  741  803  844  894  919
  943  939  933  903  881  846  818  782  750  708  673  634  615  592  583  566
  555  537  525  513  505  499  502  498  504  496  512  508  515  485  470  450
  434  404  362  326  293  258  238  202  190                                   
    20.0-180.0 180.0   5.0 450.0                            LAT/LON1/LON2/DLON/H
  211  197  186  180  190  210  231  255  294  330  368  402  431  462  487  509
  522  539  557  575  593  610  630  646  689  728  784  828  888  935  973  995
  999  989  962  934  895  864  836  806  780  749  715  676  652  614  600  580
  564  546  526  516  507  514  521  531  546  550  567  571  568  539  514  485
  460  434  388  353  310  279  248  224  211                                   
    17.5-180.0 180.0   5.0 450.0                            LAT/LON1/LON2/DLON/H
  224  206  188  177  190  208  234  259  283  326  354  390  421  453  485  507
  532  558  581  602  620  640  664  697  751  791  846  898  957  997 1024 1031
 1022  997  966  925  888  856  835  809  791  762  736  688  656  602  581  550
  539  517  506  498  504  516  536  544  558  563  580  583  585  564  537  503
  473  446  404  364  324  288  263  243  224                                   
    15.0-180.0 180.0   5.0 450.0                            LAT/LON1/LON2/DLON/H
  233  203  190  172  177  193  230  258  289  317  355  383  417  448  480  519
  541  579  601  623  641  665  700  749  799  844  904  951  990 1015 1025 1015
  997  969  929  892  857  835  822  809  794  769  737  685  640  581  542  509
  496  475  477  472  481  501  519  544  556  569  589  585  596  570  551  507
  481  444  400  365  324  290  263  250  233                                   
    12.5-180.0 180.0   5.0 450.0                            LAT/LON1/LON2/DLON/H
  222  191  171  173  173  184  218  250  281  315  343  377  406  444  475  516
  549  582  608  638  662  689  736  786  842  894  946  972  992  996  987  972
  950  922  884  850  826  811  807  799  794  768  730  668  615  543  501  468
  456  450  451  459  467  494  515  542  550  557  567  561  567  550  532  498
  452  420  377  343  304  277  255  240  222                                   
    10.0-180.0 180.0   5.0 450.0                            LAT/LON1/LON2/DLON/H
  204  176  159  149  153  172  202  239  281  313  353  385  414  452  490  527
  553  592  617  648  685  724  781  826  880  928  956  959  956  942  927  912
  889  864  837  816  802  797  798  799  795  773  727  665  603  528  492  455
  460  448  462  461  467  482  505  528  545  548  551  543  524  509  481  444
  413  375  340  307  282  258  241  213  204                                   
     7.5-180.0 180.0   5.0 450.0                            LAT/LON1/LON2/DLON/H
  180  161  135  131  132  154  197  229  277  313  353  390  418  457  498  542
  567  603  630  660  704  756  806  853  908  941  947  928  912  890  882  864
