data/unet/pred2760.15i
     1.0            IONOSPHERE MAPS     GNSS                IONEX VERSION / TYPE
pyspatialgeodesy        IME             05-JAN-18 20:20     PGM / RUN BY / DATE 
Map Name                                                    COMMENT             
Predicted global ionosphere maps (GIM).                     DESCRIPTION         
  2015    10     3     0     0     0                        EPOCH OF FIRST MAP  
  2015    10     4     0     0     0                        EPOCH OF LAST MAP   
  7200                                                      INTERVAL            
    13                                                      # OF MAPS IN FILE   
  NONE                                                      MAPPING FUNCTION    
10.0                                                        ELEVATION CUTOFF    
One-way carrier phase leveled to code                       OBSERVABLES USED    
  6371.0                                                    BASE RADIUS         
 2                                                          MAP DIMENSION       
   450.0 450.0   0.0                                        HGT1 / HGT2 / DHGT  
    87.5 -87.5  -2.5                                        LAT1 / LAT2 / DLAT  
  -180.0 180.0   5.0                                        LON1 / LON2 / DLON  
    -1                                                      EXPONENT            
                                                            END OF HEADER       
     1                                                      START OF TEC MAP    
  2015    10     3     0     0     0                        EPOCH OF CURRENT MAP
    87.5-180.0 180.0   5.0 450.0                            LAT/LON1/LON2/DLON/H
  139  103   99   93   96   93   98   96  101   99  102  100  103  101  103  100
  102  100  101   98  100   97   98   95   97   94   96   92   95   91   94   89
   93   88   91   87   91   87   90   86   90   87   91   87   91   88   91   88
   92   88   91   87   91   87   90   86   90   86   89   85   89   86   88   85
   89   87   91   91   99   97  104  127  139                                   
    85.0-180.0 180.0   5.0 450.0                            LAT/LON1/LON2/DLON/H
  110   93   95   93   93   92   99   98  104  102  106  103  107  104  106  103
  106  102  102   99   99   96   95   91   91   88   88   84   85   81   83   78
   81   76   79   75   79   75   80   75   81   77   82   78   83   79   83   79
   84   79   82   77   82   77   80   76   79   77   78   76   78   76   77   75
   78   78   81   84   92   88   84   97  110                                   
    82.5-180.0 180.0   5.0 450.0                            LAT/LON1/LON2/DLON/H
  104   92   95   98   98   99  104  107  110  110  112  112  114  113  113  112
  113  109  109  105  104   99   96   92   89   85   82   80   77   75   73   72
   70   69   68   69   69   70   71   72   73   74   75   76   78   78   78   77
   78   76   77   75   78   75   77   74   78   76   79   77   81   78   82   80
   84   83   88   88   96   89   88   97  104                                   
    80.0-180.0 180.0   5.0 450.0                            LAT/LON1/LON2/DLON/H
  105  100  103  108  107  111  114  118  120  121  122  124  124  125  123  123
  122  120  117  114  110  107  101   97   92   87   82   79   75   72   69   67
   66   65   65   67   68   70   72   73   76   77   79   80   82   82   82   81
   81   80   79   78   79   78   79   79   82   81   84   84   87   87   90   90
   93   92   96   96  101   96   94  100  105                                   
    77.5-180.0 180.0   5.0 450.0                            LAT/LON1/LON2/DLON/H
  113  104  109  114  113  116  120  123  125  126  127  129  129  129  128  127
  125  122  119  115  111  107  102   97   91   86   80   76   72   68   65   63
   62   61   62   64   65   67   70   71   74   74   77   77   78   77   76   74
   74   71   72   70   72   71   74   74   78   78   82   84   88   88   91   92
   94   95   97   99  103  101  100  104  113                                   
    75.0-180.0 180.0   5.0 450.0                            LAT/LON1/LON2/DLON/H
  115  113  116  120  119  122  126  129  130  131  132  133  131  131  128  126
  122  119  116  113  108  105  100   96   90   85   80   76   70   67   64   62
   60   60   60   62   63   65   67   69   70   71   72   71   70   68   67   65
   63   62   62   62   63   65   67   71   75   79   83   86   90   92   95   96
   98   98  102  103  108  109  108  114  115                                   
    72.5-180.0 180.0   5.0 450.0                            LAT/LON1/LON2/DLON/H
  126  119  125  129  127  129  130  133  133  134  133  132  128  126  121  118
  112  109  105  103   99   97   94   92   86   82   79   75   70   66   64   62
   60   59   60   61   62   64   65   66   66   65   66   63   62   58   56   53
   52   50   51   51   54   56   61   66   73   78   84   88   93   95   99   99
  101  102  106  108  115  117  117  123  126                                   
    70.0-180.0 180.0   5.0 450.0                            LAT/LON1/LON2/DLON/H
  130  129  133  134  132  132  133  135  134  134  132  130  124  118  111  106
   99   95   92   91   89   87   86   85   81   78   76   73   69   65   63   61
   59   57   58   58   59   59   59   59   58   56   54   52   48   46   43   41
   40   40   41   43   47   51   57   64   73   80   88   93   99  101  104  105
  106  106  109  113  119  122  124  131  130                                   
    67.5-180.0 180.0   5.0 450.0                            LAT/LON1/LON2/DLON/H
  139  134  139  141  135  135  134  136  135  135  132  129  120  113  103   96
   87   83   80   79   77   78   78   77   75   72   72   69   66   63   61   59
   57   55   55   55   54   54   53   52   50   47   46   42   40   36   35   33
   33   33   36   38   44   48   57   64   75   83   93   99  105  107  109  109
  109  109  111  114  122  125  128  137  139                                   
    65.0-180.0 180.0   5.0 450.0                            LAT/LON1/LON2/DLON/H
  143  143  144  143  136  133  133  134  134  135  132  128  119  109   98   89
   80   75   71   71   69   70   70   69   67   66   65   64   61   60   59   57
   55   53   52   51   49   48   46   44   41   38   37   34   33   30   30   28
   30   31   35   38   45   50   60   67   79   88   98  104  111  113  114  113
  112  111  112  114  121  126  131  141  143                                   
    62.5-180.0 180.0   5.0 450.0                            LAT/LON1/LON2/DLON/H
  149  145  146  145  135  132  129  132  133  136  133  130  120  111   98   88
   78   73   69   68   66   66   65   63   60   58   57   56   55   54   54   52
   50   49   47   47   44   43   40   39   36   34   34   33   32   31   32   31
   33   34   39   41   49   54   64   72   84   92  103  109  115  117  119  116
  115  112  114  114  121  126  134  144  149                                   
    60.0-180.0 180.0   5.0 450.0                            LAT/LON1/LON2/DLON/H
  150  151  148  144  134  128  125  128  131  134  132  130  122  113  101   91
   82   77   72   71   68   65   61   57   53   50   48   48   47   47   47   47
   45   44   43   43   41   41   39   39   37   36   37   37   37   36   38   36
   40   39   45   46   54   59   70   76   89   97  107  112  119  121  123  121
  121  117  118  118  124  129  137  147  150                                   
    57.5-180.0 180.0   5.0 450.0                            LAT/LON1/LON2/DLON/H
  157  154  152  148  135  129  125  129  131  136  135  135  128  121  110  103
   94   89   84   82   76   71   64   58   51   46   43   42   41   41   42   41
   40   41   41   43   41   43   42   43   42   43   44   45   46   47   48   48
   49   49   53   54   60   65   74   82   94  102  112  117  124  126  130  129
  129  126  127  126  132  136  145  152  157                                   
    55.0-180.0 180.0   5.0 450.0                            LAT/LON1/LON2/DLON/H
  162  165  161  154  141  133  129  130  133  136  137  136  133  128  121  114
  108  104   99   94   87   78   69   59   51   45   41   40   38   39   39   39
   39   41   43   46   47   50   51   53   54   56   58   59   60   60   61   59
   61   59   61   61   67   71   81   88  101  109  119  123  131  133  139  139
  142  140  141  139  143  146  155  161  162                                   
    52.5-180.0 180.0   5.0 450.0                            LAT/LON1/LON2/DLON/H
  174  175  174  169  154  148  141  142  140  144  142  143  140  139  134  131
  125  123  117  112  101   92   79   69   58   52   48   46   43   44   43   44
   44   47   49   54   57   62   63   66   66   69   70   71   72   72   72   70
   71   68   69   68   72   77   86   95  107  116  125  131  138  143  150  153
  158  158  158  157  159  160  167  171  174                                   
    50.0-180.0 180.0   5.0 450.0                            LAT/LON1/LON2/DLON/H
  185  193  191  185  174  167  160  156  154  151  148  147  147  146  144  142
  140  137  131  125  114  103   90   78   69   62   57   54   51   50   49   49
   50   54   58   64   68   74   78   80   81   82   84   85   85   85   84   83
   82   79   80   78   82   87   97  107  120  130  139  144  153  158  167  171
  178  178  180  177  178  177  182  186  185                                   
    47.5-180.0 180.0   5.0 450.0                            LAT/LON1/LON2/DLON/H
  204  210  210  209  199  195  186  181  172  167  158  158  156  159  157  157
  153  151  144  138  127  117  103   95   84   80   73   70   64   63   58   59
   59   64   69   76   81   88   92   94   92   93   93   94   94   94   95   93
   93   89   89   88   92   97  107  119  133  143  152  159  166  174  183  190
  196  199  200  197  198  194  196  201  204                                   
    45.0-180.0 180.0   5.0 450.0                            LAT/LON1/LON2/DLON/H
  217  228  231  230  225  220  214  203  193  181  172  167  168  170  169  168
  164  160  153  146  136  127  117  109  101   95   90   84   77   73   68   67
   68   73   80   88   93  100  104  105  103  103  103  103  103  104  104  103
  102  100   99   99  103  109  119  132  147  158  168  173  181  187  196  204
  212  216  218  216  216  211  212  218  217                                   
    42.5-180.0 180.0   5.0 450.0                            LAT/LON1/LON2/DLON/H
  232  240  246  250  247  245  237  226  213  200  186  183  182  184  182  180
  173  169  160  154  145  139  130  125  117  112  105   98   87   82   75   75
   75   82   88   96  103  109  113  113  110  109  108  109  109  110  111  109
  109  107  107  107  112  118  129  143  160  172  181  187  193  199  208  216
  224  228  230  229  230  225  223  231  232                                   
    40.0-180.0 180.0   5.0 450.0                            LAT/LON1/LON2/DLON/H
  242  251  262  266  268  266  259  247  234  217  204  198  198  199  196  191
  184  176  167  160  154  148  142  135  128  121  112  104   92   85   78   79
   80   86   93  102  108  115  118  119  116  115  115  116  116  118  118  117
  116  114  114  114  118  125  136  149  168  181  192  197  204  210  218  226
  234  237  240  239  242  239  237  245  242                                   
    37.5-180.0 180.0   5.0 450.0                            LAT/LON1/LON2/DLON/H
  255  259  270  276  277  277  271  261  249  233  220  215  215  215  210  205
  193  187  175  170  162  160  150  144  134  126  114  105   92   86   80   81
   83   89   96  105  111  117  121  122  120  120  119  121  121  122  121  119
  118  115  114  114  117  123  134  148  168  184  198  206  214  220  229  237
  242  245  245  245  248  249  248  257  255                                   
    35.0-180.0 180.0   5.0 450.0                            LAT/LON1/LON2/DLON/H
  266  272  281  284  286  287  282  274  263  250  238  232  234  232  228  216
  206  195  185  176  171  163  155  143  133  121  110   99   90   84   82   83
   86   92  100  109  115  122  126  127  126  127  126  127  127  126  124  120
  117  113  110  108  110  115  125  139  160  177  194  206  218  226  238  246
  252  254  256  255  261  264  268  279  266                                   
    32.5-180.0 180.0   5.0 450.0                            LAT/LON1/LON2/DLON/H
  287  287  293  295  295  295  291  284  276  266  256  251  252  249  241  230
  215  206  191  185  174  167  153  142  127  116  103   96   87   87   86   89
   91   99  106  115  120  127  130  132  130  131  130  131  129  127  123  117
  111  104  100   94   96   99  110  125  146  166  186  202  218  231  246  256
  263  267  269  271  278  283  292  301  287                                   
    30.0-180.0 180.0   5.0 450.0                            LAT/LON1/LON2/DLON/H
  311  314  320  318  316  312  305  300  292  285  276  272  273  267  260  244
  229  214  200  186  175  159  147  131  120  108  101   96   93   94   97  100
  104  110  117  124  129  134  137  137  136  135  135  133  130  126  120  112
  105   96   90   84   85   88   99  114  135  156  178  196  215  235  252  265
  274  282  289  293  302  311  327  335  311                                   
    27.5-180.0 180.0   5.0 450.0                            LAT/LON1/LON2/DLON/H
  344  350  359  356  351  344  335  329  321  314  305  300  296  287  277  260
  240  224  203  188  168  155  138  128  117  113  108  110  108  115  116  120
  122  127  132  137  139  142  142  142  139  137  135  133  128  123  115  106
   97   88   82   75   76   80   94  110  132  153  175  195  217  238  257  271
  285  296  308  316  329  342  361  366  344                                   
    25.0-180.0 180.0   5.0 450.0                            LAT/LON1/LON2/DLON/H
  381  390  403  400  400  393  382  371  363  353  340  330  321  310  297  277
  256  234  209  184  164  145  135  124  124  123  126  129  134  139  142  144
  145  147  149  150  150  149  148  145  143  138  137  133  128  120  112  102
   93   85   77   72   72   80   94  113  135  155  175  195  218  242  263  280
  297  314  331  344  359  376  401  405  381                                   
    22.5-180.0 180.0   5.0 450.0                            LAT/LON1/LON2/DLON/H
  418  427  443  447  452  447  436  427  417  405  387  374  358  343  323  301
  273  246  212  186  160  147  137  139  142  151  154  164  166  173  172  173
  169  169  166  164  160  158  153  150  144  141  137  132  124  115  106   97
   89   79   72   67   70   80   98  121  144  166  184  204  227  250  274  292
  314  334  354  371  388  404  430  438  418                                   
    20.0-180.0 180.0   5.0 450.0                            LAT/LON1/LON2/DLON/H
  456  465  477  483  494  497  493  489  484  472  450  429  403  382  356  330
  298  264  227  193  170  157  159  166  179  189  197  203  205  205  205  199
  196  188  183  176  171  165  160  153  149  142  139  130  123  112  104   94
   86   75   70   67   71   85  106  133  159  180  200  220  242  265  289  310
  333  357  381  400  417  430  464  469  456                                   
    17.5-180.0 180.0   5.0 450.0                            LAT/LON1/LON2/DLON/H
  494  495  508  516  532  537  540  541  542  532  513  491  461  435  402  373
  332  293  248  217  193  192  195  212  224  238  241  245  240  237  231  224
  215  209  199  193  185  179  170  164  155  148  141  132  122  111  101   90
   81   70   67   64   71   86  112  146  175  199  222  242  264  285  308  330
  355  381  407  427  443  457  482  492  494                                   
    15.0-180.0 180.0   5.0 450.0                            LAT/LON1/LON2/DLON/H
  514  520  529  542  565  577  585  588  592  585  572  552  521  491  454  422
  379  336  291  257  239  238  250  269  284  293  290  282  273  261  254  242
  236  224  215  204  197  186  180  170  162  151  145  133  124  111  100   85
   78   69   67   67   75   94  123  157  189  215  239  259  281  301  325  348
  372  398  424  445  463  473  504  505  514                                   
    12.5-180.0 180.0   5.0 450.0                            LAT/LON1/LON2/DLON/H
  526  528  540  558  587  606  618  623  625  618  609  596  574  549  512  480
  437  399  349  320  300  306  315  334  339  339  321  303  282  271  260  254
  247  239  226  217  207  198  190  183  174  164  154  142  130  117  101   87
   78   70   69   68   80  100  131  165  199  227  250  270  293  315  340  364
  385  409  432  456  474  486  507  510  526                                   
    10.0-180.0 180.0   5.0 450.0                            LAT/LON1/LON2/DLON/H
  527  531  543  564  602  629  650  653  653  643  636  628  615  595  566  535
  497  461  421  395  382  384  390  395  386  368  334  303  279  265  259  256
  252  243  231  220  211  200  194  186  180  168  159  145  135  119  101   86
   78   72   71   73   84  104  136  167  203  230  254  275  300  325  351  373
  394  414  436  457  481  492  516  512  527                                   
     7.5-180.0 180.0   5.0 450.0                            LAT/LON1/LON2/DLON/H
  529  527  540  563  601  638  659  667  662  651  642  637  631  623  601  579
  548  523  491  476  464  465  456  444  408  366  316  279  253  245  243  248
