data/unet/pred2830.15i
     1.0            IONOSPHERE MAPS     GNSS                IONEX VERSION / TYPE
pyspatialgeodesy        IME             05-JAN-18 20:20     PGM / RUN BY / DATE 
Map Name                                                    COMMENT             
Predicted global ionosphere maps (GIM).                     DESCRIPTION         
  2015    10    10     0     0     0                        EPOCH OF FIRST MAP  
  2015    10    11     0     0     0                        EPOCH OF LAST MAP   
  7200                                                      INTERVAL            
    13                                                      # OF MAPS IN FILE   
  NONE                                                      MAPPING FUNCTION    
10.0                                                        ELEVATION CUTOFF    
One-way carrier phase leveled to code                       OBSERVABLES USED    
  6371.0                                                    BASE RADIUS         
 2                                                          MAP DIMENSION       
   450.0 450.0   0.0                                        HGT1 / HGT2 / DHGT  
    87.5 -87.5  -2.5                                        LAT1 / LAT2 / DLAT  
  -180.0 180.0   5.0                                        LON1 / LON2 / DLON  
    -1                                                      EXPONENT            
                                                            END OF HEADER       
[from data line 1287]
     4                                                      START OF TEC MAP    
  2015    10    10     6     0     0                        EPOCH OF CURRENT MAP
    87.5-180.0 180.0   5.0 450.0                            LAT/LON1/LON2/DLON/H
   23   62   55   54   53   54   55   57   56   59   58   60   57   60   57   59
   56   57   55   56   54   55   54   54   53   54   54   54   54   55   55   55
   55   56   57   57   57   57   58   59   59   59   60   60   60   60   60   60
   59   59   58   58   57   56   55   55   53   53   52   51   50   49   49   48
   48   48   49   49   52   50   64   26   23                                   
    85.0-180.0 180.0   5.0 450.0                            LAT/LON1/LON2/DLON/H
   55   53   55   56   56   54   58   58   60   61   64   64   64   65   65   64
   63   62   62   59   58   57   57   55   56   55   56   55   55   55   57   56
   57   56   58   58   59   59   61   61   62   62   64   64   64   64   65   65
   64   64   64   63   63   62   62   60   60   58   58   56   56   54   54   52
   52   50   52   50   52   48   57   42   55                                   
    82.5-180.0 180.0   5.0 450.0                            LAT/LON1/LON2/DLON/H
   49   54   52   48   52   48   56   53   60   56   63   59   64   59   65   58
   63   54   60   51   55   47   53   46   50   45   50   46   49   46   49   47
   50   48   52   52   55   54   59   58   61   60   65   63   66   63   68   63
   67   62   66   61   65   59   63   57   60   55   58   53   55   51   54   49
   51   46   50   45   47   42   59   39   49                                   
    80.0-180.0 180.0   5.0 450.0                            LAT/LON1/LON2/DLON/H
   48   49   43   40   37   43   43   51   49   57   53   60   55   61   55   59
   50   55   46   49   39   44   37   41   35   39   36   38   35   38   37   39
   38   42   42   45   45   50   51   55   55   59   60   64   63   66   66   67
   66   67   65   66   63   64   61   62   58   59   56   56   52   53   49   49
   45   45   43   42   38   34   42   31   48                                   
    77.5-180.0 180.0   5.0 450.0                            LAT/LON1/LON2/DLON/H
   44   44   39   36   40   40   45   46   51   52   56   56   57   57   56   54
   51   49   46   43   40   37   36   33   31   31   31   31   31   33   34   35
   35   38   40   42   44   48   50   54   56   60   62   66   66   70   69   72
   69   72   69   72   69   72   69   71   67   70   65   67   62   64   59   60
   53   55   50   50   43   37   44   30   44                                   
    75.0-180.0 180.0   5.0 450.0                            LAT/LON1/LON2/DLON/H
   43   43   40   34   32   39   39   47   44   53   48   55   48   55   47   51
   42   46   38   39   31   33   28   29   25   28   26   30   27   32   31   34
   32   37   37   41   41   47   49   54   56   62   65   69   71   73   74   75
   76   75   77   76   77   77   78   78   79   78   78   76   74   73   70   68
   64   63   60   58   53   43   51   31   43                                   
    72.5-180.0 180.0   5.0 450.0                            LAT/LON1/LON2/DLON/H
   47   42   39   32   34   36   41   41   45   46   50   48   50   46   47   43
   41   39   38   33   31   28   27   24   24   23   25   25   26   28   29   30
   29   32   33   37   37   43   45   52   54   62   65   70   71   75   76   78
   75   78   76   78   75   79   77   81   78   83   80   83   77   80   74   76
   69   71   66   66   59   53   56   37   47                                   
    70.0-180.0 180.0   5.0 450.0                            LAT/LON1/LON2/DLON/H
   49   45   42   32   29   33   34   39   38   44   41   45   40   43   37   40
   34   36   31   31   28   28   26   25   24   25   25   26   26   29   28   29
   28   30   31   32   34   39   42   47   53   59   66   68   73   75   78   76
   78   77   79   78   81   80   83   82   86   85   87   86   85   84   82   80
   77   76   74   72   69   60   63   45   49                                   
    67.5-180.0 180.0   5.0 450.0                            LAT/LON1/LON2/DLON/H
   54   48   44   36   34   34   37   38   41   40   44   40   42   37   37   34
   34   33   34   31   31   31   29   30   29   30   31   31   32   33   33   32
   31   31   32   33   34   39   42   48   53   61   67   72   74   79   79   82
   80   83   81   84   82   86   85   88   87   89   88   88   84   85   81   82
   77   79   77   78   74   68   69   52   54                                   
    65.0-180.0 180.0   5.0 450.0                            LAT/LON1/LON2/DLON/H
   56   52   49   38   32   33   34   37   37   39   37   38   34   35   32   33
   33   33   35   34   36   35   36   34   36   34   37   35   36   35   34   32
   31   29   30   30   32   35   40   45   52   59   68   71   77   78   84   83
   87   84   89   86   91   88   95   92   96   92   95   89   89   84   84   80
   80   79   81   80   80   72   75   59   56                                   
    62.5-180.0 180.0   5.0 450.0                            LAT/LON1/LON2/DLON/H
   59   54   49   40   35   33   35   36   38   37   39   36   36   32   32   31
   33   33   34   37   36   38   35   38   36   38   37   39   36   36   32   32
   28   28   27   29   30   33   37   44   50   59   65   72   77   81   85   87
   89   91   94   96   99  101  102  102  101   98   96   92   87   84   79   79
   75   77   77   82   80   76   78   63   59                                   
    60.0-180.0 180.0   5.0 450.0                            LAT/LON1/LON2/DLON/H
   57   54   50   39   31   30   31   32   34   34   34   33   32   31   31   32
   35   34   39   39   42   40   41   38   40   37   40   37   37   32   31   27
   26   23   25   26   29   31   37   43   50   57   65   69   77   81   86   88
   93   95  102  105  112  113  116  114  113  106  104   96   92   84   83   77
   78   76   80   81   83   76   79   67   57                                   
    57.5-180.0 180.0   5.0 450.0                            LAT/LON1/LON2/DLON/H
   60   55   47   36   31   28   30   30   33   32   34   32   33   30   31   32
   34   36   37   40   39   39   38   37   37   36   35   34   30   28   23   21
   19   19   21   23   26   29   35   41   48   54   63   68   77   81   89   91
  100  103  113  118  128  129  133  129  125  118  110  102   96   90   85   82
   78   80   79   84   82   79   80   68   60                                   
    55.0-180.0 180.0   5.0 450.0                            LAT/LON1/LON2/DLON/H
   62   57   50   37   29   26   28   28   29   29   29   29   29   30   30   32
   35   37   38   39   39   38   36   34   34   32   32   29   28   23   20   16
   17   16   20   23   28   32   38   44   50   57   65   70   80   87   95  100
  110  118  128  136  144  148  148  145  139  129  121  113  107  100   98   92
   91   87   90   90   90   84   86   76   62                                   
    52.5-180.0 180.0   5.0 450.0                            LAT/LON1/LON2/DLON/H
   73   64   53   41   34   29   30   29   30   29   29   29   30   30   31   32
   33   34   33   34   33   31   30   28   29   27   27   25   22   18   15   13
   14   15   20   24   31   34   41   45   53   58   67   75   86   94  105  113
  126  134  146  152  161  163  164  157  151  141  131  122  117  114  111  108
  103  102   99  100   97   92   91   83   73                                   
    50.0-180.0 180.0   5.0 450.0                            LAT/LON1/LON2/DLON/H
   81   74   64   51   43   38   37   33   31   29   26   28   27   30   29   32
   31   33   31   33   31   30   27   27   27   26   27   24   23   18   15   14
   16   18   24   29   36   40   45   51   58   64   73   82   94  105  119  130
  143  154  165  174  184  185  182  173  165  151  141  131  130  127  128  124
  122  118  117  115  113  103  101   96   81                                   
    47.5-180.0 180.0   5.0 450.0                            LAT/LON1/LON2/DLON/H
  100   89   78   66   60   53   49   43   39   33   31   30   31   31   32   31
   30   30   27   27   25   25   23   24   26   27   29   27   26   22   20   19
   21   25   31   37   44   49   54   59   65   72   80   92  106  118  135  145
  159  167  180  188  196  195  192  182  173  159  150  143  141  142  141  140
  137  135  131  129  125  116  112  107  100                                   
    45.0-180.0 180.0   5.0 450.0                            LAT/LON1/LON2/DLON/H
  111  101   94   84   77   71   66   57   48   41   34   34   32   34   31   32
   29   30   28   29   29   28   28   28   31   32   35   33   32   27   25   24
   26   30   36   43   49   55   60   66   73   81   90  104  118  132  149  160
  174  183  195  202  208  205  200  189  179  163  152  144  146  145  149  146
  146  141  140  137  135  126  120  119  111                                   
    42.5-180.0 180.0   5.0 450.0                            LAT/LON1/LON2/DLON/H
  125  114  106   99   94   88   82   73   61   52   43   40   39   38   36   34
   31   30   28   30   29   30   31   32   35   37   40   40   38   34   31   30
   32   37   42   50   56   63   68   76   83   94  104  118  132  145  161  169
  183  190  201  203  209  205  200  189  179  165  155  151  151  154  154  153
  149  147  144  142  138  130  125  122  125                                   
    40.0-180.0 180.0   5.0 450.0                            LAT/LON1/LON2/DLON/H
  127  120  112  108  103  100   94   85   73   62   51   48   45   45   41   40
   36   36   35   37   41   41   42   42   43   44   46   46   43   39   36   35
   36   41   46   53   60   68   75   84   93  105  116  129  144  156  169  179
  191  196  203  206  210  206  201  191  183  167  158  153  155  154  155  151
  150  146  144  141  137  130  125  126  127                                   
    37.5-180.0 180.0   5.0 450.0                            LAT/LON1/LON2/DLON/H
  127  121  112  109  106  103   97   90   79   70   60   56   54   53   49   47
   43   44   43   47   50   51   52   50   51   51   52   51   48   45   41   40
   41   45   49   57   63   74   82   93  104  119  130  142  155  166  178  186
  198  201  208  209  213  211  208  200  194  183  174  171  169  168  164  159
  154  150  146  142  136  128  126  120  127                                   
    35.0-180.0 180.0   5.0 450.0                            LAT/LON1/LON2/DLON/H
  120  116  105  103   98   98   92   88   78   73   65   64   62   62   59   57
   54   55   56   59   62   62   61   59   56   55   53   53   50   47   44   43
   41   44   48   56   63   75   86   98  112  127  140  150  162  170  183  190
  201  207  215  219  225  225  224  219  214  205  198  193  190  184  178  169
  162  157  152  146  136  127  127  121  120                                   
    32.5-180.0 180.0   5.0 450.0                            LAT/LON1/LON2/DLON/H
  120  112   98   92   89   87   83   79   74   70   68   68   69   69   67   67
   65   67   69   72   75   75   73   69   64   62   58   58   53   52   48   47
   44   46   48   57   65   80   90  106  119  137  148  158  168  176  188  197
  209  218  229  237  246  251  254  251  247  239  231  226  221  214  203  190
  179  172  166  157  145  131  130  118  120                                   
    30.0-180.0 180.0   5.0 450.0                            LAT/LON1/LON2/DLON/H
  120  109   88   83   74   73   69   69   65   65   65   70   72   75   73   76
   74   77   77   80   81   81   77   74   68   65   60   59   55   55   50   48
   44   44   46   54   64   80   92  109  125  141  154  161  173  180  195  205
  224  235  253  265  281  290  297  296  294  284  273  267  260  251  237  226
  211  200  189  176  162  147  144  131  120                                   
    27.5-180.0 180.0   5.0 450.0                            LAT/LON1/LON2/DLON/H
  139  118   93   79   72   67   62   59   58   58   62   66   73   75   77   77
   80   80   82   83   84   85   82   80   74   73   66   65   61   60   56   53
   48   48   49   58   68   85   99  117  134  150  163  172  182  190  206  222
  242  258  278  295  318  332  343  347  347  338  325  317  307  297  281  269
  252  242  227  214  197  179  165  147  139                                   
    25.0-180.0 180.0   5.0 450.0                            LAT/LON1/LON2/DLON/H
  163  132  101   91   78   70   64   61   57   59   61   67   71   75   75   78
   79   80   78   79   78   81   81   82   79   77   72   69   66   64   61   56
   51   48   51   56   70   85  100  120  136  154  168  176  190  202  223  240
  262  281  304  329  357  373  385  391  392  383  370  362  355  347  330  316
  299  292  272  259  239  221  197  185  163                                   
    22.5-180.0 180.0   5.0 450.0                            LAT/LON1/LON2/DLON/H
  207  160  138  113  104   92   83   72   67   62   65   66   70   70   72   72
   75   71   73   69   72   76   81   86   85   84   78   76   71   69   66   61
   56   53   54   62   73   89  107  128  145  162  177  189  204  220  241  261
  284  307  336  363  393  409  421  427  429  423  412  409  402  396  383  369
  351  338  321  308  286  266  234  227  207                                   
    20.0-180.0 180.0   5.0 450.0                            LAT/LON1/LON2/DLON/H
  250  201  176  159  144  132  119  105   91   82   78   77   75   72   71   72
   72   70   64   63   65   73   83   90   94   89   86   79   78   72   73   63
   62   53   59   61   76   90  108  131  148  168  183  198  215  236  261  284
  310  335  365  394  423  436  446  450  453  447  441  441  442  437  430  418
  402  387  367  355  334  312  274  275  250                                   
    17.5-180.0 180.0   5.0 450.0                            LAT/LON1/LON2/DLON/H
  305  248  230  205  201  187  173  149  128  111  100   90   85   74   69   65
   72   66   64   57   63   72   87   96  103   98   93   80   70   67   66   63
   65   62   62   69   81   93  114  136  157  176  194  212  232  257  283  308
  335  362  391  416  441  451  457  459  461  463  460  463  465  465  463  455
  444  429  415  400  386  363  318  318  305                                   
    15.0-180.0 180.0   5.0 450.0                            LAT/LON1/LON2/DLON/H
  355  300  271  258  249  238  224  201  172  148  128  116  103   90   76   68
   70   68   67   66   70   82   99  108  113  105   96   79   72   63   69   62
   68   60   66   67   82   93  112  135  158  181  202  222  249  277  306  332
  360  384  411  430  451  456  461  461  469  471  476  480  489  490  492  485
  476  463  450  435  424  403  360  359  355                                   
    12.5-180.0 180.0   5.0 450.0                            LAT/LON1/LON2/DLON/H
  391  354  326  303  297  287  273  244  218  184  160  140  127  109   94   76
   77   70   71   67   77   89  109  117  118  105   89   76   66   62   62   64
   67   65   65   69   83   93  113  135  163  187  210  236  262  295  321  346
  371  393  414  429  444  449  453  455  465  472  480  488  495  500  503  500
  493  484  474  460  452  438  402  394  391                                   
    10.0-180.0 180.0   5.0 450.0                            LAT/LON1/LON2/DLON/H
  413  381  352  342  334  326  310  290  257  224  197  175  156  139  123  107
   98   91   85   84   90  104  121  126  123  106   93   73   70   59   68   65
   68   61   63   66   79   92  109  130  160  187  213  237  271  301  330  352
  377  393  412  422  435  440  443  451  463  476  487  498  507  513  512  510
  502  496  486  476  468  460  431  423  413                                   
     7.5-180.0 180.0   5.0 450.0                            LAT/LON1/LON2/DLON/H
  428  400  377  356  349  341  331  309  289  256  227  203  186  166  153  138
  132  118  115  106  114  116  131  127  121  104   87   75   67   66   65   69
