data/unet/pred2600.15i
     1.0            IONOSPHERE MAPS     GNSS                IONEX VERSION / TYPE
pyspatialgeodesy        IME             05-JAN-18 20:20     PGM / RUN BY / DATE 
Map Name                                                    COMMENT             
Predicted global ionosphere maps (GIM).                     DESCRIPTION         
  2015     9    17     0     0     0                        EPOCH OF FIRST MAP  
  2015     9    18     0     0     0                        EPOCH OF LAST MAP   
  7200                                                      INTERVAL            
    13                                                      # OF MAPS IN FILE   
  NONE                                                      MAPPING FUNCTION    
10.0                                                        ELEVATION CUTOFF    
One-way carrier phase leveled to code                       OBSERVABLES USED    
  6371.0                                                    BASE RADIUS         
 2                                                          MAP DIMENSION       
   450.0 450.0   0.0                                        HGT1 / HGT2 / DHGT  
    87.5 -87.5  -2.5                                        LAT1 / LAT2 / DLAT  
  -180.0 180.0   5.0                                        LON1 / LON2 / DLON  
    -1                                                      EXPONENT            
                                                            END OF HEADER       
[from data line 2574]
     7                                                      START OF TEC MAP    
  2015     9    17    12     0     0                        EPOCH OF CURRENT MAP
    87.5-180.0 180.0   5.0 450.0                            LAT/LON1/LON2/DLON/H
  101  107  108  109  107  107  108  110  110  112  113  113  114  115  115  116
  115  117  116  117  116  117  116  117  116  116  115  115  113  113  111  111
  109  109  107  107  105  105  103  103  102  101  101  100   99   99   98   98
   98   98   97   98   97   98   97   98   97   98   97   98   98   99   98  100
  100  101  101  103  104  106  117   98  101                                   
    85.0-180.0 180.0   5.0 450.0                            LAT/LON1/LON2/DLON/H
  101  103  104   99  102  101  106  103  108  106  111  109  113  112  116  114
  117  116  118  116  118  116  118  115  117  114  116  113  114  111  113  110
  111  108  110  106  107  104  105  101  102   99  100   96   98   94   96   93
   95   92   94   91   94   91   93   91   94   91   94   91   95   92   95   93
   97   95   98   96  100  100  107  104  101                                   
    82.5-180.0 180.0   5.0 450.0                            LAT/LON1/LON2/DLON/H
   96   93   95   92   96   93   99   96  102   99  105  101  108  104  111  107
  114  109  116  110  116  110  116  110  116  110  116  110  115  109  113  108
  111  106  108  104  104  101  100   98   97   95   94   92   91   90   90   88
   88   86   86   84   85   83   84   81   84   81   83   80   83   80   83   81
   84   81   85   82   87   85   88   83   96                                   
    80.0-180.0 180.0   5.0 450.0                            LAT/LON1/LON2/DLON/H
   81   78   81   79   82   82   86   86   89   87   91   90   94   93   97   97
  100  100  103  103  106  106  108  108  110  109  111  108  110  107  108  106
  106  104  104  101  101   98   98   96   95   93   93   90   91   88   89   86
   87   84   85   82   82   80   81   78   78   75   76   73   74   71   73   70
   72   70   72   71   72   69   71   73   81                                   
    77.5-180.0 180.0   5.0 450.0                            LAT/LON1/LON2/DLON/H
   71   69   66   67   68   72   70   74   72   75   74   76   74   78   77   81
   81   86   86   92   92   98   98  103  101  106  105  107  105  106  104  104
  101  102   99  100   96   97   94   95   92   93   90   91   88   89   86   86
   84   84   81   81   78   78   75   74   71   71   67   68   64   65   62   63
   60   62   59   59   59   57   59   56   71                                   
    75.0-180.0 180.0   5.0 450.0                            LAT/LON1/LON2/DLON/H
   61   54   60   56   59   60   63   62   63   63   62   62   61   63   64   68
   67   75   73   83   81   93   91  101   97  105  102  106  103  106  103  104
  100  102   99  101   98  100   98   99   96   97   95   95   93   93   91   90
   88   87   86   83   81   79   78   74   72   68   67   62   62   58   58   55
   55   53   54   53   53   51   53   48   61                                   
    72.5-180.0 180.0   5.0 450.0                            LAT/LON1/LON2/DLON/H
   58   55   53   52   56   55   59   58   58   57   56   55   55   56   57   60
   61   67   68   75   76   87   87   96   94  104  100  107  102  107  102  104
  100  102  101  103  101  103  102  104  102  103  100  101   98   98   95   94
   91   90   88   86   83   81   78   75   71   68   65   62   59   57   55   54
   52   51   50   48   49   45   50   41   58                                   
    70.0-180.0 180.0   5.0 450.0                            LAT/LON1/LON2/DLON/H
   53   45   51   46   50   52   57   53   55   50   51   46   48   47   49   51
   54   59   62   71   73   85   86   96   95  103  101  107  104  107  103  105
  100  103  101  105  104  108  106  110  107  109  106  107  104  104  101  100
   97   96   93   91   88   86   83   79   76   70   68   63   62   57   57   53
   53   50   51   49   49   45   48   39   53                                   
    67.5-180.0 180.0   5.0 450.0                            LAT/LON1/LON2/DLON/H
   54   49   46   44   50   48   53   50   51   47   47   43   45   44   48   49
   54   57   63   68   74   82   87   94   96  103  103  108  105  108  103  105
  100  103  101  105  105  108  108  111  110  111  110  109  107  106  104  102
   99   98   96   95   92   90   85   83   77   74   68   67   63   61   57   56
   53   53   51   49   50   45   49   38   54                                   
    65.0-180.0 180.0   5.0 450.0                            LAT/LON1/LON2/DLON/H
   51   41   44   39   43   46   50   47   49   43   46   40   44   41   47   48
   54   57   62   69   74   82   87   95   97  104  102  108  104  108  102  106
  101  106  102  108  106  111  109  114  112  115  111  112  108  108  105  104
  101  101   99   99   96   94   90   87   82   78   74   70   68   64   63   59
   59   56   56   54   53   48   49   41   51                                   
    62.5-180.0 180.0   5.0 450.0                            LAT/LON1/LON2/DLON/H
   51   45   39   37   40   39   44   41   43   39   41   37   41   40   47   48
   56   58   66   69   77   82   89   95   99  104  104  108  105  108  104  108
  103  107  104  108  107  110  109  112  111  113  110  110  107  105  104  103
  102  102  101  101   99   98   94   91   87   83   78   77   73   71   67   65
   62   61   59   57   55   51   51   42   51                                   
    60.0-180.0 180.0   5.0 450.0                            LAT/LON1/LON2/DLON/H
   47   36   37   31   33   35   38   36   37   35   36   34   39   39   46   49
   56   61   64   71   75   82   86   95   98  104  101  108  102  109  102  111
  104  112  107  113  108  114  109  115  111  114  109  111  106  107  104  106
  104  106  105  106  105  103  101   97   95   91   89   84   83   77   75   70
   68   65   65   61   59   54   52   44   47                                   
    57.5-180.0 180.0   5.0 450.0                            LAT/LON1/LON2/DLON/H
   49   42   33   29   30   28   31   28   29   26   29   27   33   34   42   45
   54   57   65   68   75   79   87   93   99  102  104  106  105  109  108  114
  113  118  115  118  115  115  113  115  112  113  110  110  108  108  107  109
  109  112  112  113  112  111  107  106  102  101   97   95   91   87   81   77
   72   70   67   64   61   57   53   44   49                                   
    55.0-180.0 180.0   5.0 450.0                            LAT/LON1/LON2/DLON/H
   47   38   34   28   25   26   25   24   23   23   23   25   27   32   38   43
   50   55   60   67   71   79   84   93   98  104  102  109  106  114  111  123
  119  128  122  127  119  122  116  121  115  119  114  116  112  116  114  117
  117  122  121  123  121  120  117  114  112  110  109  106  103   97   91   82
   77   73   70   67   65   60   57   48   47                                   
    52.5-180.0 180.0   5.0 450.0                            LAT/LON1/LON2/DLON/H
   53   48   37   32   29   26   26   22   21   20   21   21   26   28   34   38
   47   52   59   64   71   77   85   93  100  104  107  111  112  118  121  130
  132  137  134  135  130  129  125  126  124  125  123  123  122  124  125  128
  129  133  133  134  130  129  125  124  121  121  117  117  112  107   99   91
   82   77   72   69   67   62   60   52   53                                   
    50.0-180.0 180.0   5.0 450.0                            LAT/LON1/LON2/DLON/H
   57   50   45   39   33   32   28   25   22   22   20   22   23   27   29   35
   41   48   55   64   69   80   85   98  102  109  109  116  115  125  125  139
  139  147  142  146  138  140  134  139  134  138  134  137  134  138  137  142
  142  146  144  145  140  138  133  131  130  129  128  127  123  117  110   99
   90   82   77   72   71   67   66   60   57                                   
    47.5-180.0 180.0   5.0 450.0                            LAT/LON1/LON2/DLON/H
   67   65   55   51   45   41   38   33   30   26   26   25   27   26   30   32
   39   47   56   66   75   82   91  101  108  115  117  121  123  129  133  143
  146  152  151  151  149  148  147  149  149  149  149  149  149  150  151  153
  153  154  152  151  145  143  137  137  134  135  132  134  129  126  117  108
   96   89   80   75   73   69   70   68   67                                   
    45.0-180.0 180.0   5.0 450.0                            LAT/LON1/LON2/DLON/H
   71   69   66   62   56   54   49   44   38   37   34   33   31   31   29   32
   37   46   56   69   78   90   98  108  114  122  123  129  127  135  135  147
  148  157  155  159  157  162  161  166  164  166  163  164  161  164  162  165
  162  163  158  155  148  146  142  141  139  139  138  138  135  131  124  115
  105   96   87   80   77   73   76   77   71                                   
    42.5-180.0 180.0   5.0 450.0                            LAT/LON1/LON2/DLON/H
   77   79   74   73   68   65   61   56   52   47   46   42   41   36   36   35
   42   49   63   74   87   97  105  114  121  129  131  135  134  137  139  146
  150  155  158  162  167  171  176  178  180  178  178  174  175  174  174  173
  168  165  158  154  147  146  142  142  141  141  139  141  136  135  127  121
  111  103   93   84   80   75   78   83   77                                   
    40.0-180.0 180.0   5.0 450.0                            LAT/LON1/LON2/DLON/H
   77   80   80   77   75   72   70   65   62   60   56   55   50   47   42   42
   44   53   66   81   95  106  113  121  128  135  137  141  137  140  138  146
  150  159  165  174  182  191  196  200  201  198  194  192  189  190  186  186
  177  173  162  159  151  151  147  148  147  146  145  144  140  136  131  124
  116  109  100   92   84   78   81   88   77                                   
    37.5-180.0 180.0   5.0 450.0                            LAT/LON1/LON2/DLON/H
   78   80   78   79   77   76   75   73   71   69   68   66   63   57   53   50
   53   61   75   89  103  112  119  125  132  139  143  144  143  141  142  146
  155  163  177  188  202  210  218  219  219  213  210  203  203  200  201  196
  189  181  171  165  158  156  155  155  155  153  149  147  143  140  134  127
  120  113  104   94   86   79   80   88   78                                   
    35.0-180.0 180.0   5.0 450.0                            LAT/LON1/LON2/DLON/H
   75   76   75   71   75   71   77   72   76   75   75   74   72   69   63   61
   59   68   80   99  113  122  126  132  137  144  147  149  146  146  146  154
  166  182  200  217  233  243  248  248  244  238  231  228  223  224  221  218
  209  204  191  185  174  174  170  171  168  164  158  152  146  140  133  125
  119  113  105   97   88   81   82   88   75                                   
    32.5-180.0 180.0   5.0 450.0                            LAT/LON1/LON2/DLON/H
   72   71   69   66   65   65   69   70   73   76   78   80   80   78   73   69
   68   75   88  105  119  126  129  134  139  146  151  152  152  152  158  167
  185  204  231  249  265  274  276  275  269  262  256  249  248  245  245  241
  235  228  221  212  208  200  199  194  192  183  174  163  152  142  133  125
  118  111  106   98   90   83   80   85   72                                   
    30.0-180.0 180.0   5.0 450.0                            LAT/LON1/LON2/DLON/H
   72   65   63   57   60   57   64   63   70   70   76   78   82   82   79   75
   73   79   92  112  123  133  133  138  139  148  151  156  157  162  170  184
  207  234  261  281  293  301  302  300  294  289  283  279  276  276  275  273
  268  262  256  249  244  238  236  229  223  209  196  177  163  145  133  120
  113  108  104   98   90   86   85   86   72                                   
    27.5-180.0 180.0   5.0 450.0                            LAT/LON1/LON2/DLON/H
   75   70   62   57   55   54   56   59   62   66   69   76   80   84   81   78
   76   80   94  111  125  132  133  136  139  146  151  158  164  172  185  202
  232  260  289  306  319  323  325  322  317  312  308  307  308  309  312  312
  311  306  302  296  289  281  275  265  257  241  220  194  173  152  136  122
  114  108  105   99   95   92   88   86   75                                   
    25.0-180.0 180.0   5.0 450.0                            LAT/LON1/LON2/DLON/H
   85   74   65   61   58   55   56   56   59   59   65   68   78   80   83   78
   77   81   92  111  123  134  131  136  135  146  150  163  172  185  201  225
  255  290  314  334  342  345  346  344  341  339  338  341  344  351  355  359
  358  358  355  349  343  333  326  314  300  278  248  217  189  164  142  124
  113  108  106  102   98   98   97   92   85                                   
    22.5-180.0 180.0   5.0 450.0                            LAT/LON1/LON2/DLON/H
   93   87   79   72   65   62   62   60   59   58   59   66   70   78   79   78
   76   79   90  107  120  129  128  131  133  143  151  166  181  199  222  249
  285  316  340  356  364  363  364  362  362  363  367  374  381  388  396  399
  404  403  403  395  385  374  362  348  333  309  278  241  208  176  152  132
  122  114  112  110  106  104  106   97   93                                   
    20.0-180.0 180.0   5.0 450.0                            LAT/LON1/LON2/DLON/H
   94   91   85   79   73   69   65   62   61   60   59   60   67   71   76   73
   73   75   86  103  116  128  127  131  132  143  154  171  191  213  242  275
  308  341  360  378  380  380  379  379  381  387  394  405  411  423  429  439
  442  446  442  431  416  400  387  372  358  338  306  270  231  197  170  150
  132  126  119  118  112  115  114  104   94                                   
    17.5-180.0 180.0   5.0 450.0                            LAT/LON1/LON2/DLON/H
  101  107   98   93   86   78   74   67   63   57   54   56   60   67   71   72
   72   75   84  100  111  122  125  130  135  145  159  178  203  230  268  302
  331  358  376  387  389  388  390  393  397  406  414  424  437  442  450  457
  465  468  462  449  430  413  393  379  363  346  324  292  255  219  192  168
  152  140  133  127  123  121  122  111  101                                   
    15.0-180.0 180.0   5.0 450.0                            LAT/LON1/LON2/DLON/H
  112  114  107  103   98   93   84   76   68   60   53   51   54   61   68   68
   71   72   82   92  106  116  123  127  137  146  167  186  216  249  291  325
  348  372  386  397  397  399  402  407  413  426  433  448  453  464  470  478
  484  484  474  458  437  416  397  384  372  359  338  313  279  247  215  194
  176  163  150  143  133  133  131  119  112                                   
    12.5-180.0 180.0   5.0 450.0                            LAT/LON1/LON2/DLON/H
  128  128  120  116  109  101   94   85   75   66   56   50   51   54   62   68
   74   77   90   99  110  117  121  127  142  155  180  205  238  270  312  339
  359  378  394  398  403  407  413  421  429  441  448  457  466  470  471  477
  481  481  469  452  430  412  393  383  373  361  345  323  295  265  239  217
  203  184  172  155  149  142  144  128  128                                   
    10.0-180.0 180.0   5.0 450.0                            LAT/LON1/LON2/DLON/H
  139  134  124  121  117  109   99   89   79   70   60   54   52   54   59   65
   74   79   92  101  112  115  122  129  147  168  195  222  255  290  325  351
  369  388  398  408  411  419  427  439  446  459  460  470  472  475  476  480
  480  476  463  446  425  408  391  385  377  367  347  331  306  281  257  242
  226  213  195  180  166  160  156  138  139                                   
     7.5-180.0 180.0   5.0 450.0                            LAT/LON1/LON2/DLON/H
  151  138  128  125  120  109  101   91   83   76   68   62   57   56   60   66
   77   85   96  111  120  127  129  139  159  184  215  242  277  304  334  354
