data/unet/pred3170.15i
     1.0            IONOSPHERE MAPS     GNSS                IONEX VERSION / TYPE
pyspatialgeodesy        IME             05-JAN-18 20:20     PGM / RUN BY / DATE 
Map Name                                                    COMMENT             
Predicted global ionosphere maps (GIM).                     DESCRIPTION         
  2015    11    13     0     0     0                        EPOCH OF FIRST MAP  
  2015    11    14     0     0     0                        EPOCH OF LAST MAP   
  7200                                                      INTERVAL            
    13                                                      # OF MAPS IN FILE   
  NONE                                                      MAPPING FUNCTION    
10.0                                                        ELEVATION CUTOFF    
One-way carrier phase leveled to code                       OBSERVABLES USED    
  6371.0                                                    BASE RADIUS         
 2                                                          MAP DIMENSION       
   450.0 450.0   0.0                                        HGT1 / HGT2 / DHGT  
    87.5 -87.5  -2.5                                        LAT1 / LAT2 / DLAT  
  -180.0 180.0   5.0                                        LON1 / LON2 / DLON  
    -1                                                      EXPONENT            
                                                            END OF HEADER       
[from data line 2574]
     7                                                      START OF TEC MAP    
  2015    11    13    12     0     0                        EPOCH OF CURRENT MAP
    87.5-180.0 180.0   5.0 450.0                            LAT/LON1/LON2/DLON/H
   59   68   67   64   65   61   64   62   65   62   65   63   66   63   67   64
   67   63   67   63   67   63   66   63   65   62   64   61   63   60   61   58
   60   57   59   56   58   55   56   55   53   54   51   53   51   52   50   52
   50   53   51   54   52   55   53   55   54   56   55   57   56   57   56   58
   58   59   60   60   61   54   66   54   59                                   
    85.0-180.0 180.0   5.0 450.0                            LAT/LON1/LON2/DLON/H
   69   66   62   61   63   63   65   66   67   68   67   68   67   68   67   67
   66   66   65   65   64   64   63   63   62   61   60   60   58   58   57   56
   55   54   53   51   51   48   48   46   45   43   43   41   42   40   41   40
   42   41   43   42   45   44   47   46   49   48   50   48   52   49   52   49
   53   50   54   49   55   55   63   58   69                                   
    82.5-180.0 180.0   5.0 450.0                            LAT/LON1/LON2/DLON/H
   56   57   51   53   50   53   51   56   53   57   54   57   55   57   55   56
   54   56   54   55   54   55   54   54   54   53   54   53   53   51   51   50
   48   46   44   42   39   37   34   33   29   28   25   24   21   22   20   22
   20   23   22   26   25   30   29   34   32   37   35   39   36   39   36   39
   36   39   37   37   37   36   34   31   56                                   
    80.0-180.0 180.0   5.0 450.0                            LAT/LON1/LON2/DLON/H
   46   40   38   36   38   37   40   40   41   41   42   42   42   42   43   42
   43   41   44   43   45   43   48   46   50   48   53   51   54   51   54   51
   52   47   49   43   43   37   36   31   30   24   24   19   20   16   18   15
   18   16   20   21   25   25   30   30   33   31   35   32   34   30   33   28
   30   26   28   24   27   21   26   23   46                                   
    77.5-180.0 180.0   5.0 450.0                            LAT/LON1/LON2/DLON/H
   37   34   28   27   27   29   28   32   29   32   29   33   29   32   30   32
   31   31   32   33   34   35   38   39   43   44   47   50   51   53   53   54
   52   52   49   48   45   42   39   36   32   28   25   22   19   18   17   16
   16   18   19   22   25   27   30   32   33   33   34   33   32   29   28   25
   23   21   19   17   17   13   19   10   37                                   
    75.0-180.0 180.0   5.0 450.0                            LAT/LON1/LON2/DLON/H
   37   25   26   23   24   24   25   24   24   23   23   23   22   21   22   20
   21   20   22   22   25   26   30   33   37   42   47   52   54   58   60   61
   61   61   60   60   57   55   51   47   42   37   34   29   27   24   24   22
   23   24   27   29   33   34   38   38   39   37   40   36   36   30   31   25
   23   19   19   16   17   12   19   12   37                                   
    72.5-180.0 180.0   5.0 450.0                            LAT/LON1/LON2/DLON/H
   39   35   30   27   27   26   27   27   26   25   22   23   20   20   18   18
   17   17   18   18   21   22   27   31   38   45   51   58   61   68   69   73
   72   75   72   73   70   68   65   62   57   53   48   45   41   38   36   35
   34   35   37   39   41   43   44   45   45   44   43   41   40   35   34   29
   27   24   22   19   19   14   23   12   39                                   
    70.0-180.0 180.0   5.0 450.0                            LAT/LON1/LON2/DLON/H
   43   35   38   32   35   31   33   31   31   26   25   22   21   18   17   15
   15   13   15   15   18   21   26   34   41   51   57   67   70   79   81   87
   86   90   87   90   87   88   82   83   76   75   67   65   57   55   49   49
   46   47   47   49   49   49   49   48   48   46   46   43   43   38   38   33
   33   29   29   27   27   22   30   22   43                                   
    67.5-180.0 180.0   5.0 450.0                            LAT/LON1/LON2/DLON/H
   49   44   41   37   38   36   37   34   34   29   28   26   26   22   22   19
   18   16   17   17   20   23   30   38   47   57   64   74   78   86   89   96
   96  101   99  104  102  104  101  100   96   93   88   84   78   73   68   63
   60   58   57   56   54   52   50   48   47   45   45   43   43   40   41   38
   37   35   35   33   33   28   36   28   49                                   
    65.0-180.0 180.0   5.0 450.0                            LAT/LON1/LON2/DLON/H
   47   42   45   39   43   40   41   37   36   31   31   28   27   25   23   21
   18   16   16   18   19   25   30   44   51   64   67   79   82   93   95  105
  105  114  109  117  114  119  114  116  110  111  104  102   95   91   82   79
   72   70   64   61   55   53   48   45   42   39   40   38   39   38   40   39
   40   39   41   40   39   34   39   34   47                                   
    62.5-180.0 180.0   5.0 450.0                            LAT/LON1/LON2/DLON/H
   45   42   38   37   37   38   37   37   34   32   31   31   31   30   28   25
   22   19   18   19   22   27   35   45   56   65   71   81   86   96  101  110
  113  118  116  121  120  123  121  122  121  119  117  112  108  102   94   87
   80   75   67   61   55   49   44   38   37   33   34   32   35   34   38   37
   41   41   43   40   41   35   40   35   45                                   
    60.0-180.0 180.0   5.0 450.0                            LAT/LON1/LON2/DLON/H
   37   33   32   29   32   33   33   32   30   28   29   29   31   29   28   25
   21   18   17   19   20   27   34   47   55   67   70   83   87  100  105  119
  121  129  125  131  128  131  127  130  126  128  123  122  116  112  101   96
   86   80   69   63   54   47   41   36   33   30   30   29   31   31   35   35
   39   40   43   42   41   36   37   29   37                                   
    57.5-180.0 180.0   5.0 450.0                            LAT/LON1/LON2/DLON/H
   34   30   22   22   23   25   25   26   24   24   24   27   29   29   28   26
   22   19   18   19   23   29   38   47   59   68   75   84   91  104  113  127
  131  137  135  137  134  134  132  132  131  130  129  126  122  117  108  101
   90   84   73   66   56   49   43   38   35   32   33   32   33   34   36   37
   39   41   42   40   40   31   33   27   34                                   
    55.0-180.0 180.0   5.0 450.0                            LAT/LON1/LON2/DLON/H
   32   25   21   16   20   20   21   20   19   17   19   21   24   24   24   23
   19   17   16   19   22   30   37   50   58   70   75   87   95  111  120  137
  141  150  147  151  145  145  139  141  137  139  134  133  127  125  115  109
   97   91   78   72   60   55   47   44   40   39   38   39   38   40   40   40
   41   42   43   41   40   35   35   25   32                                   
    52.5-180.0 180.0   5.0 450.0                            LAT/LON1/LON2/DLON/H
   38   33   21   20   20   20   20   18   16   14   16   18   21   22   23   22
   20   19   20   23   28   35   43   54   63   74   82   94  104  120  131  148
  152  159  157  158  153  151  147  147  145  145  143  140  136  132  125  118
  108  100   92   84   75   67   62   56   55   53   53   52   53   51   51   48
   48   46   48   46   46   38   39   34   38                                   
    50.0-180.0 180.0   5.0 450.0                            LAT/LON1/LON2/DLON/H
   44   38   33   25   29   25   25   18   17   13   14   15   18   19   19   20
   19   19   21   25   30   39   47   59   66   80   86  101  112  129  140  155
  162  169  166  168  164  164  159  162  157  160  155  155  149  146  138  132
  122  115  105  100   89   83   73   70   66   66   65   67   66   66   64   61
   59   56   57   54   56   52   52   46   44                                   
    47.5-180.0 180.0   5.0 450.0                            LAT/LON1/LON2/DLON/H
   59   55   45   42   41   38   35   27   24   17   18   17   20   20   21   22
   22   24   27   33   39   48   56   67   75   87   96  111  122  138  147  160
  164  170  169  170  169  169  170  170  171  170  169  165  163  156  152  145
  136  128  120  112  105   96   91   84   81   78   80   79   81   78   79   73
   72   68   69   67   69   63   66   66   59                                   
    45.0-180.0 180.0   5.0 450.0                            LAT/LON1/LON2/DLON/H
   70   71   67   56   61   52   51   39   35   27   26   23   23   23   22   24
   24   28   31   38   44   54   62   75   81   96  105  120  132  144  151  160
  165  170  169  173  175  180  180  185  184  187  181  180  174  170  164  158
  147  139  129  121  113  105   97   90   86   85   85   86   87   88   88   84
   82   79   79   77   80   79   83   86   70                                   
    42.5-180.0 180.0   5.0 450.0                            LAT/LON1/LON2/DLON/H
   81   83   75   73   72   67   62   54   49   40   40   35   35   31   31   31
   31   35   39   46   52   62   70   82   91  105  116  131  140  147  149  155
  157  160  163  169  176  183  190  194  199  196  194  187  184  177  173  163
  154  144  134  124  116  107   99   89   86   83   87   86   91   90   93   89
   89   84   85   82   85   81   92  100   81                                   
    40.0-180.0 180.0   5.0 450.0                            LAT/LON1/LON2/DLON/H
   84   88   86   79   84   74   77   67   65   59   55   52   48   42   40   38
   36   40   43   51   58   70   77   90   98  115  127  141  147  151  149  152
  154  158  163  175  185  198  206  213  215  213  204  200  194  190  183  172
  162  149  139  126  117  105   97   86   83   79   83   84   88   90   92   90
   89   84   83   78   81   81   90   99   84                                   
    37.5-180.0 180.0   5.0 450.0                            LAT/LON1/LON2/DLON/H
   74   79   79   76   80   76   78   74   75   72   70   67   64   56   52   48
   45   46   48   56   63   76   85   99  109  126  138  150  153  153  148  151
  151  160  169  185  201  214  228  231  235  224  219  208  207  199  193  179
  168  155  144  133  121  110   98   88   82   80   84   85   88   88   91   88
   88   80   77   71   73   71   77   92   74                                   
    35.0-180.0 180.0   5.0 450.0                            LAT/LON1/LON2/DLON/H
   65   63   63   59   69   65   74   72   79   78   81   79   77   69   64   58
   53   51   51   58   68   83   95  111  121  140  151  163  162  163  157  163
  165  181  192  216  232  252  258  262  256  246  234  227  221  216  209  197
  185  168  157  143  133  119  107   95   89   87   89   93   92   92   91   87
   82   74   67   59   59   58   63   71   65                                   
    32.5-180.0 180.0   5.0 450.0                            LAT/LON1/LON2/DLON/H
   53   46   47   46   52   53   61   66   74   80   84   86   85   79   74   67
   60   56   55   63   74   92  106  123  135  153  163  173  173  176  173  184
  193  213  230  257  276  292  298  293  284  268  257  245  241  232  228  217
  208  194  184  171  161  146  134  122  115  111  114  114  113  109  105   93
   88   74   64   54   48   44   49   51   53                                   
    30.0-180.0 180.0   5.0 450.0                            LAT/LON1/LON2/DLON/H
   47   35   31   30   38   38   49   53   66   71   82   85   88   84   80   72
   65   61   60   69   83  104  121  138  151  168  177  189  192  199  204  218
  235  260  283  310  327  340  336  333  315  305  288  282  272  269  261  254
  246  237  228  219  208  195  179  166  154  151  149  148  142  136  124  112
   97   84   70   60   52   47   50   36   47                                   
    27.5-180.0 180.0   5.0 450.0                            LAT/LON1/LON2/DLON/H
   37   32   26   25   29   30   37   43   54   64   74   81   85   84   81   75
   68   64   66   75   93  116  134  152  164  180  189  201  210  222  235  255
  280  312  341  367  377  383  379  370  358  344  334  325  321  316  311  304
  295  290  282  276  267  253  239  221  211  201  199  192  185  173  160  142
  127  108   94   75   62   52   46   24   37                                   
    25.0-180.0 180.0   5.0 450.0                            LAT/LON1/LON2/DLON/H
   36   34   25   19   29   23   36   36   47   52   65   71   80   79   80   74
   72   71   74   88  108  132  151  168  179  194  204  218  232  248  271  296
  333  368  396  418  419  418  409  406  392  389  376  378  371  373  364  363
  352  352  344  342  333  322  304  290  273  264  253  243  229  212  194  179
  164  146  123  103   92   80   76   35   36                                   
    22.5-180.0 180.0   5.0 450.0                            LAT/LON1/LON2/DLON/H
   48   62   43   32   26   20   23   26   33   38   48   58   68   72   75   74
   74   75   82   98  121  143  163  180  189  203  214  228  251  269  306  338
  384  415  447  454  454  447  444  438  434  428  427  427  428  427  424  421
  414  415  411  410  404  390  372  349  333  321  310  297  279  259  236  218
  207  182  161  137  121  100   93   49   48                                   
    20.0-180.0 180.0   5.0 450.0                            LAT/LON1/LON2/DLON/H
   76   88   77   60   52   31   34   25   32   26   36   40   57   62   70   70
   76   80   94  112  135  157  175  191  200  212  223  240  268  297  344  376
  423  448  468  475  466  465  458  461  460  466  469  476  475  480  476  479
  474  477  472  471  462  446  422  398  373  362  348  338  318  299  276  260
  235  212  188  169  150  126  116   85   76                                   
    17.5-180.0 180.0   5.0 450.0                            LAT/LON1/LON2/DLON/H
  115  119   97   89   76   60   47   35   29   22   25   31   41   53   63   69
   75   84  102  123  145  168  183  198  209  219  233  249  287  316  372  402
  454  467  487  479  477  473  478  483  493  504  516  524  525  529  525  530
  524  526  520  517  505  485  456  423  396  380  368  356  342  321  304  284
  261  234  215  192  175  158  143  120  115                                   
    15.0-180.0 180.0   5.0 450.0                            LAT/LON1/LON2/DLON/H
  148  139  119  109   96   84   65   52   41   26   25   22   35   42   62   63
   77   88  109  133  155  176  192  207  219  229  243  265  303  340  388  422
  462  479  485  483  478  484  487  501  515  535  549  561  566  569  568  570
  568  566  557  548  533  509  471  436  402  386  374  363  348  330  313  297
  276  252  231  209  193  176  165  154  148                                   
    12.5-180.0 180.0   5.0 450.0                            LAT/LON1/LON2/DLON/H
  164  163  143  127  110   95   83   63   46   30   26   26   34   43   58   70
   82   98  121  143  164  183  198  214  231  242  262  282  326  359  405  432
  468  476  487  479  482  485  499  519  540  560  573  584  585  588  585  588
  584  580  568  556  538  508  467  424  392  371  363  351  337  322  307  293
  278  257  240  219  203  187  181  173  164                                   
    10.0-180.0 180.0   5.0 450.0                            LAT/LON1/LON2/DLON/H
  170  169  152  141  121  102   93   85   61   42   28   31   33   41   53   62
   82   97  126  147  170  186  202  221  243  259  278  309  347  381  412  440
  460  473  479  480  485  495  512  534  556  577  591  594  597  596  596  593
  588  580  564  550  524  495  453  410  374  354  340  331  321  309  292  280
  263  253  232  217  204  196  191  184  170                                   
     7.5-180.0 180.0   5.0 450.0                            LAT/LON1/LON2/DLON/H
  171  170  152  134  121  109   98   87   69   49   34   32   35   42   51   63
   82  102  134  159  180  192  212  230  259  276  302  334  372  400  426  441
