data/unet/pred2820.15i
     1.0            IONOSPHERE MAPS     GNSS                IONEX VERSION / TYPE
pyspatialgeodesy        IME             05-JAN-18 20:20     PGM / RUN BY / DATE 
Map Name                                                    COMMENT             
Predicted global ionosphere maps (GIM).                     DESCRIPTION         
  2015    10     9     0     0     0                        EPOCH OF FIRST MAP  
  2015    10    10     0     0     0                        EPOCH OF LAST MAP   
  7200                                                      INTERVAL            
    13                                                      # OF MAPS IN FILE   
  NONE                                                      MAPPING FUNCTION    
10.0                                                        ELEVATION CUTOFF    
One-way carrier phase leveled to code                       OBSERVABLES USED    
  6371.0                                                    BASE RADIUS         
 2                                                          MAP DIMENSION       
   450.0 450.0   0.0                                        HGT1 / HGT2 / DHGT  
    87.5 -87.5  -2.5                                        LAT1 / LAT2 / DLAT  
  -180.0 180.0   5.0                                        LON1 / LON2 / DLON  
    -1                                                      EXPONENT            
                                                            END OF HEADER       
[from data line 3003]
     8                                                      START OF TEC MAP    
  2015    10     9    14     0     0                        EPOCH OF CURRENT MAP
    87.5-180.0 180.0   5.0 450.0                            LAT/LON1/LON2/DLON/H
   63   85   91   94   92   94   93   95   94   96   95   97   95   98   95   98
   96   98   96   99   96   99   97   99   96   98   96   98   96   97   95   96
   94   95   93   94   92   93   91   92   91   92   90   91   90   91   88   90
   88   90   87   89   86   88   85   88   85   87   83   86   83   85   83   85
   83   85   84   86   84   87   94   85   63                                   
    85.0-180.0 180.0   5.0 450.0                            LAT/LON1/LON2/DLON/H
   72   87   83   81   84   84   86   86   89   88   91   90   93   92   94   92
   95   94   95   94   95   95   94   94   93   93   91   90   89   89   86   86
   84   85   83   83   82   82   81   81   80   80   79   79   79   78   77   76
   77   76   76   75   76   75   75   74   75   74   74   73   74   72   73   72
   74   73   75   75   78   78   82   73   72                                   
    82.5-180.0 180.0   5.0 450.0                            LAT/LON1/LON2/DLON/H
   70   74   72   74   76   75   78   78   81   81   84   84   87   87   89   90
   93   94   94   96   96   98   96   98   96   98   94   95   92   92   88   87
   84   84   82   81   81   79   79   77   78   75   76   73   74   71   72   70
   72   69   71   69   71   69   69   68   67   66   64   64   62   63   60   61
   60   62   60   62   60   61   64   55   70                                   
    80.0-180.0 180.0   5.0 450.0                            LAT/LON1/LON2/DLON/H
   59   61   58   62   62   65   65   68   68   71   71   74   75   78   78   82
   84   86   87   90   91   93   92   95   93   96   91   93   87   89   82   83
   78   80   75   78   74   77   73   76   72   74   70   72   68   70   66   68
   65   67   64   66   65   66   63   65   61   62   58   59   55   55   52   53
   50   52   49   53   50   51   52   43   59                                   
    77.5-180.0 180.0   5.0 450.0                            LAT/LON1/LON2/DLON/H
   45   51   50   49   50   52   53   54   55   56   57   58   60   62   65   69
   71   75   77   81   83   87   88   91   90   93   90   91   86   86   79   80
   73   76   71   76   71   75   70   74   69   72   67   69   65   65   62   63
   61   62   61   63   61   63   60   61   58   57   53   53   49   48   45   44
   43   43   42   42   41   39   41   32   45                                   
    75.0-180.0 180.0   5.0 450.0                            LAT/LON1/LON2/DLON/H
   45   43   44   42   44   44   47   45   46   45   47   47   50   51   55   57
   61   64   70   73   79   82   88   89   91   92   93   91   88   86   81   78
   75   73   72   72   73   74   75   74   73   72   69   67   64   62   60   58
   58   58   58   59   59   60   59   58   56   54   52   48   47   44   43   40
   40   38   38   38   38   37   41   29   45                                   
    72.5-180.0 180.0   5.0 450.0                            LAT/LON1/LON2/DLON/H
   41   45   43   40   41   41   42   40   40   40   40   41   43   45   47   50
   53   58   60   69   72   83   85   94   94  101   98   99   93   93   85   84
   76   79   74   79   76   82   78   81   76   76   69   68   61   60   56   56
   55   57   56   59   59   60   59   60   57   55   51   49   46   44   43   41
   40   39   40   41   40   39   42   30   41                                   
    70.0-180.0 180.0   5.0 450.0                            LAT/LON1/LON2/DLON/H
   45   43   43   41   41   39   40   37   37   35   36   36   38   38   41   43
   47   50   56   62   70   80   88   96  100  105  104  104   98   96   88   86
   80   80   78   81   80   84   82   83   79   76   70   65   59   56   53   51
   51   52   53   55   55   57   57   58   56   54   51   49   46   43   43   40
   41   40   41   42   43   42   48   35   45                                   
    67.5-180.0 180.0   5.0 450.0                            LAT/LON1/LON2/DLON/H
   47   49   48   43   41   39   39   36   35   34   35   35   36   37   38   38
   41   44   49   57   64   77   86   97  101  109  106  108  100  100   91   90
   83   84   82   87   85   89   86   87   80   77   68   63   56   53   50   50
   50   51   52   55   55   57   56   56   55   53   51   49   46   44   43   42
   42   43   45   46   47   47   49   39   47                                   
    65.0-180.0 180.0   5.0 450.0                            LAT/LON1/LON2/DLON/H
   48   45   46   43   41   39   40   36   37   35   38   35   38   37   39   37
   40   40   46   51   62   74   86   97  104  110  110  109  103   99   92   89
   84   84   84   87   88   90   88   85   80   72   66   59   54   49   46   45
   46   47   48   49   51   52   53   52   52   50   49   47   46   44   44   43
   43   44   45   46   49   49   52   42   48                                   
    62.5-180.0 180.0   5.0 450.0                            LAT/LON1/LON2/DLON/H
   45   45   45   42   39   36   36   34   35   35   37   38   40   40   42   43
   42   45   46   54   60   73   85   96  102  108  107  106  100   97   91   89
   85   86   86   90   89   93   89   88   80   74   65   59   55   51   49   48
   47   48   47   49   48   50   49   50   48   49   46   46   44   45   43   44
   43   44   45   48   48   47   49   40   45                                   
    60.0-180.0 180.0   5.0 450.0                            LAT/LON1/LON2/DLON/H
   43   36   39   36   35   33   34   31   34   32   38   37   42   42   45   45
   46   45   48   52   60   70   81   92   98  104  104  103   99   96   91   89
   87   87   87   90   90   91   88   86   79   71   65   58   56   50   48   46
   46   45   45   44   45   44   45   44   45   43   43   42   42   41   42   40
   41   40   43   42   45   43   46   36   43                                   
    57.5-180.0 180.0   5.0 450.0                            LAT/LON1/LON2/DLON/H
   38   33   34   32   29   26   27   26   28   29   33   36   40   44   47   51
   51   53   54   59   63   72   81   89   95   98   99   99   96   94   92   92
   90   92   92   95   93   95   91   91   82   78   70   66   63   60   57   55
   53   51   49   46   43   44   42   43   41   42   40   42   40   41   40   40
   39   38   39   40   39   37   39   30   38                                   
    55.0-180.0 180.0   5.0 450.0                            LAT/LON1/LON2/DLON/H
   37   25   28   25   26   23   24   22   25   25   30   32   39   42   48   51
   54   55   58   60   65   71   78   84   87   91   92   93   92   93   94   96
   96   98   97   99   96   98   94   93   86   81   76   72   71   67   66   61
   59   54   52   47   44   41   41   40   41   40   40   39   40   38   39   36
   37   35   37   36   36   34   37   29   37                                   
    52.5-180.0 180.0   5.0 450.0                            LAT/LON1/LON2/DLON/H
   36   29   28   27   24   21   22   20   21   21   25   28   34   39   46   53
   56   60   63   68   71   76   80   84   86   87   88   90   93   95   99  102
  104  105  104  106  103  104  101  101   94   93   88   86   85   83   80   76
   71   65   60   54   50   46   45   44   44   44   44   44   43   42   41   39
   39   37   38   38   35   32   35   27   36                                   
    50.0-180.0 180.0   5.0 450.0                            LAT/LON1/LON2/DLON/H
   43   32   31   29   30   26   25   23   23   21   24   25   32   36   44   50
   56   61   65   70   74   78   80   84   83   85   85   89   93   98  104  108
  110  111  109  110  108  110  109  110  105  104  102  101  100   97   95   90
   84   74   67   61   57   53   52   52   53   51   51   50   49   47   46   44
   45   41   44   42   42   37   41   34   43                                   
    47.5-180.0 180.0   5.0 450.0                            LAT/LON1/LON2/DLON/H
   50   45   41   39   37   32   30   26   25   23   24   26   30   34   42   50
   57   64   70   78   80   85   86   89   88   90   90   95  100  105  112  116
  117  118  116  117  116  119  119  121  118  119  117  118  116  117  111  105
   97   87   77   70   65   62   62   63   64   63   62   61   58   55   55   53
   54   52   53   52   50   46   48   40   50                                   
    45.0-180.0 180.0   5.0 450.0                            LAT/LON1/LON2/DLON/H
   60   54   50   48   47   43   40   35   32   30   30   30   34   36   44   51
   59   67   73   81   85   90   92   96   95   98   99  102  107  111  116  117
  119  117  117  118  122  125  128  131  131  132  131  133  132  131  125  117
  108   97   85   77   70   69   68   70   72   72   72   70   68   65   65   63
   64   63   65   63   61   56   58   53   60                                   
    42.5-180.0 180.0   5.0 450.0                            LAT/LON1/LON2/DLON/H
   66   67   61   59   55   51   50   44   42   38   37   37   39   43   50   58
   65   74   80   90   94  101  103  109  108  112  112  116  117  119  122  123
  121  121  121  126  129  136  138  141  140  142  142  145  143  141  134  126
  115  104   93   84   77   73   73   74   77   78   78   78   74   73   72   72
   73   73   74   73   70   67   69   61   66                                   
    40.0-180.0 180.0   5.0 450.0                            LAT/LON1/LON2/DLON/H
   72   71   65   63   61   58   56   53   52   49   49   48   50   52   59   68
   74   83   89   98  103  110  115  121  123  126  128  128  128  126  127  123
  123  121  127  131  139  146  150  153  152  152  152  154  151  149  142  133
  122  112   99   91   82   77   75   75   79   80   82   82   82   80   81   80
   82   80   82   78   77   72   74   68   72                                   
    37.5-180.0 180.0   5.0 450.0                            LAT/LON1/LON2/DLON/H
   71   73   69   68   65   60   60   58   58   58   58   59   61   66   72   83
   88   97  102  113  116  126  129  136  139  143  143  143  140  136  133  128
  127  127  134  143  152  161  165  168  164  164  163  164  160  157  150  139
  129  117  106   96   87   80   77   77   77   80   80   84   81   83   83   85
   85   86   85   83   79   77   78   70   71                                   
    35.0-180.0 180.0   5.0 450.0                            LAT/LON1/LON2/DLON/H
   73   67   64   64   62   59   57   57   60   62   65   68   73   80   88   98
  104  111  116  124  129  137  142  148  151  156  158  156  153  147  144  138
  139  141  149  160  172  181  185  184  181  178  175  173  171  167  160  150
  140  129  117  106   95   86   79   76   77   77   79   81   83   85   85   87
   89   88   87   82   80   74   75   70   73                                   
    32.5-180.0 180.0   5.0 450.0                            LAT/LON1/LON2/DLON/H
   64   61   59   61   58   55   55   54   60   62   67   72   80   90  101  112
  116  123  128  137  142  150  153  159  163  167  170  170  168  161  159  152
  158  160  174  185  199  207  210  207  202  197  191  189  187  182  176  165
  156  144  133  120  107   98   88   85   82   84   84   87   86   89   87   90
   88   88   85   82   77   71   73   65   64                                   
    30.0-180.0 180.0   5.0 450.0                            LAT/LON1/LON2/DLON/H
   68   56   56   55   53   49   49   47   52   55   64   69   80   92  107  118
  125  130  136  145  152  159  163  167  169  173  178  179  180  176  175  170
  180  185  204  217  237  240  242  233  230  218  214  208  210  203  198  186
  177  163  153  139  127  114  103   97   95   94   95   97   98   98   95   96
   93   91   89   84   77   69   68   66   68                                   
    27.5-180.0 180.0   5.0 450.0                            LAT/LON1/LON2/DLON/H
   65   56   55   54   53   49   47   47   49   53   58   65   77   89  107  118
  126  131  142  152  162  168  172  175  177  180  187  193  196  195  197  199
  209  220  238  254  271  271  269  261  254  247  240  237  234  229  223  212
  201  188  177  164  151  138  126  117  113  111  111  113  111  112  106  106
   99   97   92   89   81   72   71   66   65                                   
    25.0-180.0 180.0   5.0 450.0                            LAT/LON1/LON2/DLON/H
   77   64   59   56   55   49   48   43   46   44   50   53   65   78   97  110
  122  130  144  156  170  178  181  182  185  187  198  204  215  217  227  229
  244  252  276  286  305  298  296  284  280  273  268  264  263  257  252  239
  230  216  204  189  177  161  151  140  136  132  128  130  128  127  121  120
  113  110  105  100   91   82   73   76   77                                   
    22.5-180.0 180.0   5.0 450.0                            LAT/LON1/LON2/DLON/H
   82   72   70   66   64   54   54   48   48   50   51   54   64   75   91  102
  119  128  147  161  177  185  189  192  194  199  211  225  235  246  256  266
  277  289  310  317  330  323  318  313  306  305  295  294  288  286  278  270
  258  250  237  226  210  198  188  178  168  160  153  150  146  142  134  131
  123  120  116  111  104   91   84   86   82                                   
    20.0-180.0 180.0   5.0 450.0                            LAT/LON1/LON2/DLON/H
   96   91   86   84   78   71   64   54   52   43   47   44   55   64   82   95
  113  126  147  163  181  190  197  200  206  213  231  244  265  273  293  299
  318  323  344  347  357  349  342  337  333  333  322  323  316  313  306  299
  293  284  273  260  240  225  215  205  198  190  179  172  166  159  152  145
  136  135  130  129  115  104   91   95   96                                   
    17.5-180.0 180.0   5.0 450.0                            LAT/LON1/LON2/DLON/H
   91  107  103   99   95   84   79   65   61   55   52   56   61   72   90  102
  118  129  151  167  187  196  204  211  219  232  250  272  291  312  323  336
  350  360  375  382  383  378  368  368  365  366  360  354  351  342  336  326
  320  315  308  291  277  261  254  242  237  223  210  201  191  181  172  161
  155  148  147  140  132  115  107   98   91                                   
    15.0-180.0 180.0   5.0 450.0                            LAT/LON1/LON2/DLON/H
  100  126  116  114  109  105   92   81   72   62   61   53   64   71   92  101
  123  132  154  169  191  199  212  222  237  252  280  300  330  339  355  357
  374  375  390  390  394  389  383  388  387  392  384  382  373  367  356  349
  341  339  328  315  302  291  283  277  267  256  234  225  208  198  185  174
  168  163  160  153  141  131  115   99  100                                   
    12.5-180.0 180.0   5.0 450.0                            LAT/LON1/LON2/DLON/H
   97  125  116  110  106   98   93   79   77   72   72   77   82   94  111  121
  139  148  169  182  199  207  219  236  256  280  309  335  354  369  375  383
  391  393  402  404  408  408  405  413  415  419  413  408  398  390  378  370
  360  353  345  334  323  313  309  301  289  273  254  242  224  210  198  186
  181  175  173  163  154  136  129  104   97                                   
    10.0-180.0 180.0   5.0 450.0                            LAT/LON1/LON2/DLON/H
  109  127  110  114  106  104   92   85   81   80   82   85   93   99  123  134
  158  166  189  194  212  214  234  247  277  300  334  354  380  383  394  392
  398  396  401  402  409  413  417  426  431  433  424  417  406  398  387  377
  367  361  351  342  329  322  312  306  291  280  259  248  229  215  201  193
  187  182  181  165  155  134  128  107  109                                   
     7.5-180.0 180.0   5.0 450.0                            LAT/LON1/LON2/DLON/H
  106  122  113  108  103   95   88   76   75   75   80   91  103  119  142  158
  182  197  216  224  232  236  249  272  300  329  358  379  392  402  403  408
