data/unet/pred1260.15i
     1.0            IONOSPHERE MAPS     GNSS                IONEX VERSION / TYPE
pyspatialgeodesy        IME             05-JAN-18 20:20     PGM / RUN BY / DATE 
Map Name                                                    COMMENT             
Predicted global ionosphere maps (GIM).                     DESCRIPTION         
  2015     5     6     0     0     0                        EPOCH OF FIRST MAP  
  2015     5     7     0     0     0                        EPOCH OF LAST MAP   
  7200                                                      INTERVAL            
    13                                                      # OF MAPS IN FILE   
  NONE                                                      MAPPING FUNCTION    
10.0                                                        ELEVATION CUTOFF    
One-way carrier phase leveled to code                       OBSERVABLES USED    
  6371.0                                                    BASE RADIUS         
 2                                                          MAP DIMENSION       
   450.0 450.0   0.0                                        HGT1 / HGT2 / DHGT  
    87.5 -87.5  -2.5                                        LAT1 / LAT2 / DLAT  
  -180.0 180.0   5.0                                        LON1 / LON2 / DLON  
    -1                                                      EXPONENT            
                                                            END OF HEADER       
[from data line 2145]
     6                                                      START OF TEC MAP    
  2015     5     6    10     0     0                        EPOCH OF CURRENT MAP
    87.5-180.0 180.0   5.0 450.0                            LAT/LON1/LON2/DLON/H
  127  157  156  161  161  163  163  166  166  167  168  170  171  172  172  171
  172  170  170  168  168  164  165  162  165  162  166  164  169  165  169  166
  169  165  167  163  164  160  161  157  158  155  155  152  152  149  148  147
  146  144  143  142  141  140  139  139  137  138  136  137  136  137  135  137
  136  138  138  140  138  140  142  127  127                                   
    85.0-180.0 180.0   5.0 450.0                            LAT/LON1/LON2/DLON/H
  146  141  151  161  161  167  168  173  174  177  178  179  182  182  182  181
  182  178  178  175  177  172  174  171  177  173  179  176  183  181  184  182
  184  182  182  179  179  176  173  171  170  168  164  163  161  160  155  154
  151  151  147  146  143  143  140  140  136  136  133  133  130  129  125  125
  123  123  122  123  124  125  137  133  146                                   
    82.5-180.0 180.0   5.0 450.0                            LAT/LON1/LON2/DLON/H
  133  136  139  148  153  159  166  169  176  178  182  184  187  189  190  190
  189  188  186  186  185  184  182  183  185  185  188  189  194  193  198  195
  200  195  198  192  194  188  188  182  183  176  177  171  172  166  167  161
  162  158  158  154  153  151  149  146  143  140  136  134  130  126  121  118
  115  112  110  109  110  114  124  129  133                                   
    80.0-180.0 180.0   5.0 450.0                            LAT/LON1/LON2/DLON/H
  135  128  127  135  144  151  159  164  171  174  179  180  185  185  187  185
  185  183  182  182  179  179  176  178  178  181  182  186  190  194  197  200
  203  203  205  202  203  198  198  192  193  186  188  181  184  177  180  173
  176  170  172  167  168  163  162  157  155  150  147  142  138  133  128  123
  119  115  110  107  107  106  115  120  135                                   
    77.5-180.0 180.0   5.0 450.0                            LAT/LON1/LON2/DLON/H
  132  128  124  131  138  147  154  159  166  167  173  173  177  177  179  177
  178  175  175  173  173  171  171  171  172  174  176  180  184  190  195  200
  205  209  212  213  214  212  211  208  207  204  204  203  203  202  203  201
  202  199  199  196  195  190  189  183  181  176  173  168  164  158  152  145
  139  133  126  120  117  113  115  113  132                                   
    75.0-180.0 180.0   5.0 450.0                            LAT/LON1/LON2/DLON/H
  130  128  124  131  136  144  150  157  161  164  167  168  169  171  170  170
  167  167  163  164  158  159  154  156  153  158  158  167  170  182  186  199
  203  212  214  221  219  223  219  221  218  221  218  223  222  227  226  228
  228  228  226  224  220  218  213  211  205  203  198  196  189  187  179  174
  165  159  149  143  134  128  124  122  130                                   
    72.5-180.0 180.0   5.0 450.0                            LAT/LON1/LON2/DLON/H
  135  132  127  130  132  140  141  149  150  154  154  155  155  155  155  154
  152  150  149  146  144  141  139  136  136  138  142  149  157  169  177  190
  198  210  215  222  224  229  227  230  229  233  233  240  242  250  250  255
  253  256  250  250  242  241  233  232  224  223  217  217  211  209  203  199
  190  184  174  165  154  142  134  129  135                                   
    70.0-180.0 180.0   5.0 450.0                            LAT/LON1/LON2/DLON/H
  137  131  126  129  127  134  134  141  141  146  146  147  147  146  147  144
  146  142  142  139  137  133  130  126  124  127  129  140  146  163  173  189
  199  213  219  229  229  237  235  242  241  249  249  258  261  269  270  273
  271  271  265  262  254  250  242  240  232  232  225  228  222  223  217  215
  206  201  190  181  169  156  145  141  137                                   
    67.5-180.0 180.0   5.0 450.0                            LAT/LON1/LON2/DLON/H
  141  135  126  126  122  127  125  130  129  133  132  134  133  134  133  134
  134  134  133  132  129  125  121  117  115  117  120  128  138  155  168  184
  197  212  221  231  235  242  244  250  252  260  263  271  276  283  284  286
  281  280  270  266  255  251  239  237  227  228  222  224  222  223  220  219
  213  210  201  192  180  167  152  146  141                                   
    65.0-180.0 180.0   5.0 450.0                            LAT/LON1/LON2/DLON/H
  147  137  127  124  117  120  115  120  117  123  121  125  123  126  126  127
  129  130  133  130  130  125  122  117  115  115  119  128  139  156  169  187
  200  215  224  235  238  247  249  258  260  270  273  282  287  292  291  289
  283  277  267  259  247  240  228  224  215  215  211  216  214  219  216  219
  214  214  206  201  190  177  164  156  147                                   
    62.5-180.0 180.0   5.0 450.0                            LAT/LON1/LON2/DLON/H
  156  144  130  124  114  112  105  107  104  108  107  111  111  115  115  120
  121  126  126  129  125  124  118  116  113  116  118  128  137  152  166  183
  196  212  223  233  240  248  253  261  266  275  281  288  292  297  292  290
  278  274  260  254  239  233  219  215  206  206  202  206  207  210  210  212
  210  211  206  202  194  184  172  162  156                                   
    60.0-180.0 180.0   5.0 450.0                            LAT/LON1/LON2/DLON/H
  163  149  134  125  114  108  100   99   95   99   97  102  100  106  105  112
  114  120  122  124  124  122  119  117  116  119  124  132  143  156  171  186
  200  214  226  235  243  252  260  268  275  284  292  297  301  299  296  286
  278  270  259  250  240  229  219  211  205  203  201  205  205  209  207  211
  208  212  207  206  199  190  181  171  163                                   
    57.5-180.0 180.0   5.0 450.0                            LAT/LON1/LON2/DLON/H
  175  159  142  130  116  105   94   90   85   86   86   89   90   93   94   99
  101  108  109  114  112  115  111  115  114  123  125  138  145  159  169  185
  195  212  222  233  244  255  265  274  282  292  299  303  303  302  292  283
  272  266  256  248  240  232  224  218  212  210  209  210  211  211  210  210
  209  210  207  205  202  195  187  178  175                                   
    55.0-180.0 180.0   5.0 450.0                            LAT/LON1/LON2/DLON/H
  184  171  155  141  124  110   96   88   84   82   82   83   83   85   85   89
   92   98  102  107  108  111  111  118  119  128  133  145  151  164  172  186
  198  211  224  235  247  259  271  281  292  301  308  310  311  305  299  289
  281  273  267  260  256  248  245  237  235  231  230  230  227  227  222  222
  215  217  212  214  209  204  201  191  184                                   
    52.5-180.0 180.0   5.0 450.0                            LAT/LON1/LON2/DLON/H
  197  185  170  154  134  119  101   91   83   81   78   79   77   78   77   80
   81   86   89   95   96  103  105  115  120  132  140  153  158  169  174  188
  196  211  223  238  251  265  279  290  301  309  316  318  316  312  303  296
  290  284  279  274  271  266  263  260  257  256  253  251  249  244  239  234
  229  226  221  221  218  214  210  202  197                                   
    50.0-180.0 180.0   5.0 450.0                            LAT/LON1/LON2/DLON/H
  210  197  185  172  153  133  115  100   92   87   84   81   78   76   73   75
   77   82   86   93   97  106  111  124  132  146  152  165  167  179  181  194
  202  217  229  245  258  272  288  301  311  320  327  329  328  322  317  311
  308  304  302  297  296  290  290  284  284  280  278  275  271  267  259  255
  245  244  234  234  227  223  223  215  210                                   
    47.5-180.0 180.0   5.0 450.0                            LAT/LON1/LON2/DLON/H
  220  210  200  189  172  151  131  117  103   97   91   88   81   77   72   74
   74   80   83   90   95  105  111  128  140  154  164  172  178  185  188  200
  206  223  235  251  266  281  300  312  324  331  340  340  339  334  329  325
  323  322  319  317  314  310  305  301  297  294  290  287  285  278  273  266
  260  253  246  241  235  231  229  218  220                                   
    45.0-180.0 180.0   5.0 450.0                            LAT/LON1/LON2/DLON/H
  226  210  206  198  188  170  154  137  124  113  107  100   93   86   81   80
   82   87   92  101  105  118  125  144  152  169  173  185  184  194  196  206
  212  229  240  259  272  292  309  324  332  344  350  354  352  350  347  344
  342  342  339  336  332  326  319  313  307  302  295  293  289  286  279  276
  267  263  253  248  239  231  234  222  226                                   
    42.5-180.0 180.0   5.0 450.0                            LAT/LON1/LON2/DLON/H
  221  212  206  204  195  184  171  156  140  130  119  112  104   97   90   90
   89   95   98  107  111  124  135  152  165  177  185  192  194  201  205  216
  224  238  253  269  287  306  323  337  348  357  368  369  371  369  367  362
  360  358  354  350  343  336  326  319  310  305  296  293  290  287  284  277
  271  262  254  243  236  226  223  214  221                                   
    40.0-180.0 180.0   5.0 450.0                            LAT/LON1/LON2/DLON/H
  213  195  196  196  197  190  183  171  160  148  140  130  122  113  109  106
  108  112  114  122  125  138  145  165  172  183  186  191  192  199  205  214
  226  239  256  275  296  317  336  353  365  378  386  391  391  393  391  390
  387  385  380  374  364  354  339  330  318  311  300  296  291  290  286  283
  276  268  255  245  231  215  213  204  213                                   
    37.5-180.0 180.0   5.0 450.0                            LAT/LON1/LON2/DLON/H
  198  185  179  182  183  182  179  173  164  158  150  145  136  130  123  122
  121  125  125  130  133  144  153  170  179  187  190  192  193  199  206  217
  227  243  259  283  305  333  353  375  388  403  410  415  417  418  418  416
  416  413  409  403  393  382  366  353  340  326  315  305  303  298  297  292
  284  271  255  238  221  203  196  189  198                                   
    35.0-180.0 180.0   5.0 450.0                            LAT/LON1/LON2/DLON/H
  189  165  159  161  166  169  169  169  164  163  159  156  151  146  141  139
  137  137  137  138  140  151  159  178  185  193  193  195  193  197  200  208
  215  231  250  280  310  341  372  394  416  430  442  444  449  449  452  454
  457  460  458  458  450  441  425  410  391  369  352  336  328  319  313  307
  295  281  261  244  221  199  189  182  189                                   
    32.5-180.0 180.0   5.0 450.0                            LAT/LON1/LON2/DLON/H
  187  157  145  147  144  148  148  153  151  157  155  158  155  155  148  150
  143  142  136  138  138  149  157  177  186  196  197  201  199  201  205  210
  215  230  248  286  315  355  383  415  434  453  463  472  479  482  489  492
  503  510  518  521  520  513  501  484  469  443  423  400  384  365  352  339
  320  299  275  253  230  203  190  178  187                                   
    30.0-180.0 180.0   5.0 450.0                            LAT/LON1/LON2/DLON/H
  186  160  143  140  134  137  138  143  144  150  154  158  160  158  159  154
  153  145  141  136  140  148  159  175  185  192  192  196  191  193  194  205
  211  231  256  293  328  364  403  431  458  474  491  499  513  519  532  543
  563  583  603  615  616  614  605  600  587  570  540  502  462  435  407  389
  355  331  300  280  255  227  209  198  186                                   
    27.5-180.0 180.0   5.0 450.0                            LAT/LON1/LON2/DLON/H
  200  181  164  155  141  140  138  139  139  145  150  155  156  160  156  156
  148  146  136  133  133  142  152  165  176  186  190  192  193  198  203  213
  223  246  272  314  341  386  418  454  474  497  510  527  544  562  581  605
  634  664  678  692  703  712  719  714  702  680  649  615  576  546  497  459
  411  383  344  322  295  273  244  216  200                                   
    25.0-180.0 180.0   5.0 450.0                            LAT/LON1/LON2/DLON/H
  221  228  206  184  164  152  147  140  143  145  151  155  157  158  158  154
  152  144  139  132  135  140  151  164  175  184  188  195  194  207  214  237
  247  276  300  332  363  402  437  465  492  512  531  554  577  603  628  661
  690  709  729  752  779  799  808  807  797  780  749  720  669  616  557  534
  476  440  393  380  348  326  301  264  221                                   
    22.5-180.0 180.0   5.0 450.0                            LAT/LON1/LON2/DLON/H
  275  292  268  237  211  188  173  160  157  157  158  159  159  157  155  151
  145  142  135  132  132  138  147  157  167  176  184  191  199  214  229  252
  270  298  322  353  381  422  450  480  501  523  544  571  600  631  660  696
  715  734  755  786  814  843  856  864  858  840  809  774  730  684  629  591
  533  508  450  427  392  380  360  313  275                                   
    20.0-180.0 180.0   5.0 450.0                            LAT/LON1/LON2/DLON/H
  318  343  327  293  266  237  217  191  177  163  165  161  162  157  155  148
  148  139  138  133  136  139  149  157  167  178  183  196  207  233  251  277
  296  322  345  369  400  432  458  480  505  527  551  585  613  650  679  706
  720  732  749  776  807  841  860  869  866  850  823  786  749  704  655  621
  574  539  501  474  439  418  418  372  318                                   
    17.5-180.0 180.0   5.0 450.0                            LAT/LON1/LON2/DLON/H
  354  383  368  341  309  283  258  235  212  191  182  171  167  159  155  148
  146  139  136  132  132  137  143  150  158  168  179  197  219  244  267  292
  319  345  374  397  423  450  464  487  506  532  556  589  619  654  683  703
  711  714  724  742  771  798  822  830  829  815  794  769  734  699  651  629
  588  567  525  508  479  464  457  405  354                                   
    15.0-180.0 180.0   5.0 450.0                            LAT/LON1/LON2/DLON/H
  377  403  399  373  347  319  297  266  248  219  202  179  171  158  152  144
  145  138  139  130  132  133  141  146  159  169  181  206  229  254  280  309
  339  368  398  417  441  463  479  500  516  541  561  597  619  656  678  693
  688  687  683  694  714  741  760  774  772  763  745  726  695  661  625  603
  565  549  518  502  486  474  474  430  377                                   
    12.5-180.0 180.0   5.0 450.0                            LAT/LON1/LON2/DLON/H
  387  414  397  382  359  340  316  294  268  242  222  198  182  164  154  143
  143  140  139  133  127  126  130  137  149  165  184  210  235  264  291  319
  356  388  417  442  457  484  495  520  530  557  572  600  620  648  666  673
  669  660  654  656  663  678  695  709  717  713  696  685  649  627  586  571
  535  523  497  488  472  474  474  438  387                                   
    10.0-180.0 180.0   5.0 450.0                            LAT/LON1/LON2/DLON/H
  393  411  395  382  370  350  331  309  286  256  237  211  193  168  156  143
  139  134  127  123  119  116  125  127  144  158  183  209  240  269  297  333
  367  405  431  453  470  495  511  535  545  569  578  610  620  645  650  655
  644  640  627  630  630  641  645  655  661  661  656  637  617  585  550  519
  495  479  461  446  444  448  463  440  393                                   
     7.5-180.0 180.0   5.0 450.0                            LAT/LON1/LON2/DLON/H
  402  411  385  374  358  340  326  308  291  268  245  220  201  174  162  146
  142  134  123  116  107  103  106  116  130  157  181  206  239  269  302  328
