data/unet/pred0220.15i
     1.0            IONOSPHERE MAPS     GNSS                IONEX VERSION / TYPE
pyspatialgeodesy        IME             05-JAN-18 20:20     PGM / RUN BY / DATE 
Map Name                                                    COMMENT             
Predicted global ionosphere maps (GIM).                     DESCRIPTION         
  2015     1    22     0     0     0                        EPOCH OF FIRST MAP  
  2015     1    23     0     0     0                        EPOCH OF LAST MAP   
  7200                                                      INTERVAL            
    13                                                      # OF MAPS IN FILE   
  NONE                                                      MAPPING FUNCTION    
10.0                                                        ELEVATION CUTOFF    
One-way carrier phase leveled to code                       OBSERVABLES USED    
  6371.0                                                    BASE RADIUS         
 2                                                          MAP DIMENSION       
   450.0 450.0   0.0                                        HGT1 / HGT2 / DHGT  
    87.5 -87.5  -2.5                                        LAT1 / LAT2 / DLAT  
  -180.0 180.0   5.0                                        LON1 / LON2 / DLON  
    -1                                                      EXPONENT            
                                                            END OF HEADER       
[from data line 3003]
     8                                                      START OF TEC MAP    
  2015     1    22    14     0     0                        EPOCH OF CURRENT MAP
    87.5-180.0 180.0   5.0 450.0                            LAT/LON1/LON2/DLON/H
   71   77   84   84   85   82   84   82   84   81   83   80   83   79   81   78
   79   77   78   76   77   76   75   77   75   77   74   78   74   78   73   78
   73   77   73   77   74   77   74   78   74   78   75   78   75   78   75   78
   76   78   76   79   77   80   78   81   79   82   80   82   80   82   80   82
   81   81   81   81   81   82   91   88   71                                   
    85.0-180.0 180.0   5.0 450.0                            LAT/LON1/LON2/DLON/H
   76   78   69   68   68   70   70   71   71   72   72   73   72   72   71   71
   69   69   68   68   66   66   64   65   63   65   63   65   63   65   64   65
   65   66   66   67   67   68   67   67   67   67   66   67   66   67   65   66
   64   65   63   64   63   63   63   62   63   62   62   61   62   61   62   61
   62   61   61   61   63   66   71   68   76                                   
    82.5-180.0 180.0   5.0 450.0                            LAT/LON1/LON2/DLON/H
   80   63   60   60   61   60   62   62   64   62   64   63   64   61   61   58
   58   54   55   51   52   50   50   49   50   50   51   51   53   53   55   54
   56   56   57   57   58   58   57   57   56   57   54   55   53   55   52   54
   53   54   53   54   54   55   54   55   54   56   53   56   53   55   52   54
   51   54   51   53   50   53   56   55   80                                   
    80.0-180.0 180.0   5.0 450.0                            LAT/LON1/LON2/DLON/H
   69   58   51   53   56   57   59   60   61   61   61   61   60   58   55   54
   50   48   46   45   44   44   43   46   45   49   48   53   51   56   54   59
   56   60   57   60   57   59   55   57   53   54   50   52   48   51   47   50
   48   51   48   52   50   53   51   53   51   53   50   52   49   52   48   50
   46   49   45   47   45   47   49   50   69                                   
    77.5-180.0 180.0   5.0 450.0                            LAT/LON1/LON2/DLON/H
   59   54   50   52   54   56   58   59   60   59   61   58   59   55   54   49
   47   42   42   40   41   41   44   46   49   53   55   60   62   67   67   71
   68   71   68   71   66   68   62   64   57   58   52   53   48   49   46   48
   46   48   48   51   52   54   55   55   55   55   55   54   53   51   51   50
   49   47   46   45   44   44   44   42   59                                   
    75.0-180.0 180.0   5.0 450.0                            LAT/LON1/LON2/DLON/H
   56   50   47   49   53   55   59   59   61   60   61   59   59   55   52   47
   44   40   39   38   41   44   49   54   60   66   70   77   80   86   88   90
   90   89   89   86   85   80   77   70   67   62   59   55   52   50   50   49
   50   50   53   54   58   60   63   63   65   63   63   60   60   57   56   52
   51   49   48   45   45   43   47   43   56                                   
    72.5-180.0 180.0   5.0 450.0                            LAT/LON1/LON2/DLON/H
   53   55   54   57   57   59   62   63   65   64   65   61   60   55   52   46
   43   39   40   41   46   51   60   70   78   88   95  103  108  112  115  117
  118  118  118  116  113  107  101   93   86   79   73   68   62   60   57   56
   55   57   58   61   63   67   68   70   71   71   69   68   67   64   62   60
   58   56   54   54   52   52   49   45   53                                   
    70.0-180.0 180.0   5.0 450.0                            LAT/LON1/LON2/DLON/H
   55   58   57   59   60   62   64   66   67   67   66   63   61   54   50   44
   40   37   39   43   52   63   76   88  101  110  120  129  136  139  142  142
  144  145  146  146  143  137  129  119  110   99   92   82   77   69   66   61
   59   58   60   63   64   68   71   73   75   75   76   74   73   69   69   65
   65   62   62   58   59   55   55   48   55                                   
    67.5-180.0 180.0   5.0 450.0                            LAT/LON1/LON2/DLON/H
   55   60   60   63   63   60   66   64   70   66   68   64   60   54   48   41
   37   35   40   48   61   79   94  112  124  139  148  158  161  168  168  172
  173  176  177  173  171  163  156  145  134  123  112  101   92   84   78   71
   68   64   65   64   65   66   67   70   71   74   73   76   72   72   69   69
   66   66   64   64   61   59   54   51   55                                   
    65.0-180.0 180.0   5.0 450.0                            LAT/LON1/LON2/DLON/H
   56   59   58   60   63   61   64   63   66   66   65   64   58   52   44   37
   33   32   39   48   66   85  107  123  140  152  165  171  180  183  190  192
  197  196  200  194  193  183  175  160  150  137  129  115  107   94   86   76
   70   64   61   59   58   57   59   61   64   66   69   69   71   68   69   65
   65   61   61   58   60   56   55   47   56                                   
    62.5-180.0 180.0   5.0 450.0                            LAT/LON1/LON2/DLON/H
   42   52   54   62   60   58   62   60   63   62   63   60   56   48   41   32
   30   30   38   53   72   91  115  134  152  164  176  186  191  199  204  210
  212  214  212  206  201  190  183  171  160  149  140  129  119  105   97   83
   78   68   64   58   56   52   50   53   53   57   58   63   62   63   60   61
   57   56   53   54   51   49   46   41   42                                   
    60.0-180.0 180.0   5.0 450.0                            LAT/LON1/LON2/DLON/H
   42   46   49   55   56   58   57   57   56   56   55   53   49   43   36   30
   28   29   38   50   70   89  112  131  149  161  177  182  197  201  214  213
  220  216  218  210  204  193  185  173  167  155  150  137  130  113  104   87
   79   65   59   50   48   43   41   42   44   46   49   51   52   51   52   49
   49   44   45   42   43   38   40   29   42                                   
    57.5-180.0 180.0   5.0 450.0                            LAT/LON1/LON2/DLON/H
   17   34   39   50   50   52   51   49   51   45   48   45   46   40   36   33
   31   35   42   56   76   90  114  127  148  157  174  182  195  204  212  215
  218  218  216  214  203  198  187  182  174  166  159  148  141  125  115   97
   87   71   65   54   50   43   40   40   38   42   42   46   45   46   44   43
   40   39   36   35   33   31   31   21   17                                   
    55.0-180.0 180.0   5.0 450.0                            LAT/LON1/LON2/DLON/H
   21   33   38   45   47   47   49   35   41   27   35   27   34   29   35   34
   38   44   52   70   84  106  122  138  153  163  176  180  193  194  207  207
  215  217  218  218  206  204  192  187  183  173  169  156  151  134  124  104
   93   77   69   57   53   45   43   40   41   42   42   44   44   43   42   39
   38   35   36   33   34   29   32   18   21                                   
    52.5-180.0 180.0   5.0 450.0                            LAT/LON1/LON2/DLON/H
   10   30   36   48   48   46   41   35   30   25   23   23   25   25   29   31
   38   42   57   71   95  110  124  138  149  162  173  182  190  194  200  206
  212  219  220  223  214  212  202  198  193  186  179  171  162  147  136  118
  107   92   83   71   66   58   53   52   48   50   48   51   49   49   45   44
   41   41   40   41   39   37   36   25   10                                   
    50.0-180.0 180.0   5.0 450.0                            LAT/LON1/LON2/DLON/H
   29   42   47   56   58   61   53   43   37   28   25   21   24   24   30   34
   43   53   70   94  111  134  141  159  163  180  187  199  202  205  205  213
  214  228  225  235  225  226  213  211  206  197  191  180  173  156  146  128
  119  106   97   85   79   71   68   63   63   61   61   61   60   57   55   52
   52   51   55   53   55   51   52   38   29                                   
    47.5-180.0 180.0   5.0 450.0                            LAT/LON1/LON2/DLON/H
   40   50   55   68   66   69   59   53   43   37   31   30   28   31   34   44
   54   68   92  115  130  148  154  170  175  194  199  214  212  218  216  222
  224  235  238  243  243  236  228  222  215  208  200  190  181  167  157  142
  134  122  115  104   96   88   81   79   75   76   72   74   71   69   65   65
   63   65   67   71   72   71   67   62   40                                   
    45.0-180.0 180.0   5.0 450.0                            LAT/LON1/LON2/DLON/H
   66   71   73   82   81   82   75   75   59   56   41   43   36   42   44   56
   67   87  109  133  146  163  169  185  190  210  216  232  224  233  219  232
  227  244  243  255  251  250  241  234  227  215  208  195  188  172  165  151
  145  135  128  118  109   99   92   87   86   85   83   83   81   79   76   74
   75   75   81   82   88   85   85   80   66                                   
    42.5-180.0 180.0   5.0 450.0                            LAT/LON1/LON2/DLON/H
   75   78   82   94   89   91   85   84   77   69   60   57   54   56   61   74
   91  111  129  150  161  176  183  201  210  229  233  246  239  240  232  235
  239  248  255  262  265  262  255  246  235  221  213  199  193  178  172  158
  154  143  137  125  116  105   97   93   89   90   86   88   85   83   80   79
   77   80   84   90   93   96   93   94   75                                   
    40.0-180.0 180.0   5.0 450.0                            LAT/LON1/LON2/DLON/H
   89   89   93  101  101  100   92   91   84   84   74   74   66   73   75   92
  102  122  140  159  172  186  197  215  227  246  250  255  245  242  230  238
  240  253  260  271  277  275  271  259  248  229  219  202  195  181  175  163
  159  148  141  129  117  105   96   91   89   88   86   88   85   83   81   80
   79   80   85   89   94   95   96   96   89                                   
    37.5-180.0 180.0   5.0 450.0                            LAT/LON1/LON2/DLON/H
   87   86   93  105  102  105   97   95   91   91   87   85   84   86   94  105
  121  138  154  170  182  196  211  227  242  253  257  260  251  248  239  246
  253  267  281  292  300  299  295  281  267  242  229  209  202  187  181  169
  164  153  145  130  119  105   96   90   86   85   81   82   80   79   77   76
   73   74   74   79   82   88   88   92   87                                   
    35.0-180.0 180.0   5.0 450.0                            LAT/LON1/LON2/DLON/H
   91   87   95  102  105  104   97   94   89   91   84   89   86   94   98  117
  131  150  165  178  192  203  221  236  255  266  272  276  266  264  258  267
  278  293  311  322  333  327  324  308  292  266  247  226  216  198  191  177
  173  161  153  140  128  116  105   98   94   89   85   82   78   76   75   74
   71   69   68   69   73   77   80   82   91                                   
    32.5-180.0 180.0   5.0 450.0                            LAT/LON1/LON2/DLON/H
   84   78   86   98   95  100   92   93   90   92   91   91   95   98  112  128
  146  161  175  187  202  214  232  246  261  271  279  287  284  289  291  306
  322  342  359  375  380  379  367  350  327  300  276  254  238  219  207  193
  186  176  170  158  149  138  127  119  112  106   98   94   87   83   79   78
   71   68   61   63   63   68   67   71   84                                   
    30.0-180.0 180.0   5.0 450.0                            LAT/LON1/LON2/DLON/H
   84   77   83   88   89   91   86   86   83   86   83   90   90  102  111  138
  153  173  184  197  209  221  235  249  261  271  283  296  308  317  333  350
  377  400  420  431  435  429  414  396  371  343  317  296  276  256  234  217
  207  198  195  188  182  173  164  155  148  137  127  119  110  104   96   90
   84   78   70   67   66   65   66   67   84                                   
    27.5-180.0 180.0   5.0 450.0                            LAT/LON1/LON2/DLON/H
   88   75   77   83   81   84   81   83   84   86   88   90   98  101  122  141
  163  179  192  207  221  235  245  256  261  275  290  318  339  365  387  424
  449  483  491  499  489  480  459  442  413  388  355  336  309  293  267  255
  237  236  229  228  223  216  207  197  190  177  167  155  145  135  126  119
  107  100   92   86   83   79   73   73   88                                   
    25.0-180.0 180.0   5.0 450.0                            LAT/LON1/LON2/DLON/H
   99   87   78   80   77   79   75   80   79   83   82   87   91  103  118  149
  169  191  203  219  227  243  244  255  259  276  300  336  371  408  448  490
  529  556  565  559  546  528  510  494  469  441  406  381  349  332  304  295
  279  283  282  287  286  278  265  251  234  217  203  191  178  168  159  153
  143  137  124  120  111  104   97   88   99                                   
    22.5-180.0 180.0   5.0 450.0                            LAT/LON1/LON2/DLON/H
  118   93   90   87   81   80   77   81   84   88   89   91   97  104  123  149
  172  198  214  235  244  257  255  261  265  288  320  369  410  461  504  553
  579  604  606  596  576  558  539  526  507  486  451  428  392  370  339  329
  315  323  327  338  340  335  324  309  295  273  257  238  222  205  196  190
  185  178  171  160  148  133  122  103  118                                   
    20.0-180.0 180.0   5.0 450.0                            LAT/LON1/LON2/DLON/H
  134  117  101   95   86   82   74   80   78   85   83   88   93  104  123  152
  180  206  226  245  254  263  257  263  274  305  346  398  449  504  556  595
  621  636  634  614  595  575  561  550  537  516  489  464  432  406  373  361
  355  362  369  380  384  377  367  352  341  321  306  287  266  247  230  217
  211  209  202  198  181  166  148  118  134                                   
    17.5-180.0 180.0   5.0 450.0                            LAT/LON1/LON2/DLON/H
  152  131  121  106   97   87   86   82   85   88   91   92   98  109  124  156
  181  214  238  260  270  276  271  280  297  335  376  431  480  534  579  611
  635  645  637  616  594  577  566  558  547  533  511  494  461  434  402  390
  381  389  397  407  410  395  386  369  366  337  331  308  300  280  261  247
  240  233  233  220  208  184  173  132  152                                   
    15.0-180.0 180.0   5.0 450.0                            LAT/LON1/LON2/DLON/H
  157  153  129  113   99   88   82   81   79   86   87   91   99  110  131  160
  194  221  248  269  285  289  294  307  333  369  410  457  505  549  586  615
  630  635  621  605  586  574  567  560  550  537  521  504  475  453  424  417
  407  411  416  417  416  400  386  371  367  346  341  323  307  288  269  255
  248  248  247  241  226  203  185  143  157                                   
    12.5-180.0 180.0   5.0 450.0                            LAT/LON1/LON2/DLON/H
  157  162  144  127  109   95   87   82   80   86   89   93  100  113  128  162
  193  230  261  285  302  310  322  343  372  408  445  488  523  558  577  599
  607  609  596  585  574  563  560  554  549  536  519  502  480  460  440  433
  423  419  418  411  405  384  367  354  351  336  335  316  300  279  266  254
  254  249  252  240  231  209  191  147  157                                   
    10.0-180.0 180.0   5.0 450.0                            LAT/LON1/LON2/DLON/H
  148  158  135  129  110   97   83   80   73   81   84   92  103  120  140  169
  206  240  269  296  321  333  354  376  406  440  471  503  533  550  562  572
  577  580  571  568  558  557  549  551  538  530  511  497  477  462  448  444
  434  425  412  395  374  352  331  326  318  315  311  298  283  266  253  243
  241  239  241  231  222  196  181  145  148                                   
     7.5-180.0 180.0   5.0 450.0                            LAT/LON1/LON2/DLON/H
  134  152  131  125  109   96   86   79   78   78   86   88  106  124  145  175
  208  246  279  304  333  352  377  403  433  468  493  518  529  541  543  554
