data/unet/pred3050.15i
     1.0            IONOSPHERE MAPS     GNSS                IONEX VERSION / TYPE
pyspatialgeodesy        IME             05-JAN-18 20:20     PGM / RUN BY / DATE 
Map Name                                                    COMMENT             
Predicted global ionosphere maps (GIM).                     DESCRIPTION         
  2015    11     1     0     0     0                        EPOCH OF FIRST MAP  
  2015    11     2     0     0     0                        EPOCH OF LAST MAP   
  7200                                                      INTERVAL            
    13                                                      # OF MAPS IN FILE   
  NONE                                                      MAPPING FUNCTION    
10.0                                                        ELEVATION CUTOFF    
One-way carrier phase leveled to code                       OBSERVABLES USED    
  6371.0                                                    BASE RADIUS         
 2                                                          MAP DIMENSION       
   450.0 450.0   0.0                                        HGT1 / HGT2 / DHGT  
    87.5 -87.5  -2.5                                        LAT1 / LAT2 / DLAT  
  -180.0 180.0   5.0                                        LON1 / LON2 / DLON  
    -1                                                      EXPONENT            
                                                            END OF HEADER       
[from data line 4290]
    11                                                      START OF TEC MAP    
  2015    11     1    20     0     0                        EPOCH OF CURRENT MAP
    87.5-180.0 180.0   5.0 450.0                            LAT/LON1/LON2/DLON/H
  145  122  110  116  115  119  119  123  123  127  127  130  128  132  130  133
  130  133  130  133  129  131  127  129  125  126  122  123  119  119  115  115
  111  111  107  107  103  103  101  101   98   98   97   96   95   95   94   94
   93   93   92   93   92   93   92   93   93   95   94   95   95   97   96   98
   97  100  100  102  105  106  103  123  145                                   
    85.0-180.0 180.0   5.0 450.0                            LAT/LON1/LON2/DLON/H
   95   97   96  107  107  110  111  116  118  122  124  128  128  131  131  134
  133  134  132  133  130  130  127  127  123  122  119  119  114  114  110  110
  105  105  101  100   97   96   93   91   89   87   86   84   84   82   83   81
   82   81   82   80   82   81   83   82   83   83   83   83   84   84   84   84
   85   86   87   88   91   90   91   97   95                                   
    82.5-180.0 180.0   5.0 450.0                            LAT/LON1/LON2/DLON/H
   88   91   93  103  103  111  111  121  122  131  132  140  141  147  147  152
  150  153  149  151  145  145  138  138  130  129  122  122  114  115  108  109
  102  105   97  100   92   95   88   90   84   85   80   81   77   78   75   75
   74   75   74   75   75   75   75   75   75   75   74   75   74   75   74   75
   74   77   75   79   78   80   78   75   88                                   
    80.0-180.0 180.0   5.0 450.0                            LAT/LON1/LON2/DLON/H
   85   81   87   91   98  103  111  117  125  131  140  144  151  154  159  160
  162  159  159  154  151  146  141  135  129  123  118  113  109  105  102   99
   97   94   93   90   88   86   82   81   77   77   73   72   69   68   67   66
   67   66   68   66   70   68   70   68   70   68   69   67   69   67   68   66
   67   65   67   66   67   66   69   67   85                                   
    77.5-180.0 180.0   5.0 450.0                            LAT/LON1/LON2/DLON/H
   75   74   79   82   90   96  106  113  124  130  141  146  155  157  163  164
  166  163  161  156  150  143  137  128  120  112  105   99   95   89   88   83
   83   79   80   76   76   73   72   69   68   66   65   63   62   61   61   61
   62   63   65   66   67   68   69   69   68   68   67   66   64   64   62   61
   60   60   59   59   58   57   59   58   75                                   
    75.0-180.0 180.0   5.0 450.0                            LAT/LON1/LON2/DLON/H
   74   69   79   81   89   95  106  113  124  132  144  150  160  162  169  167
  169  162  161  151  146  134  128  117  109  100   94   88   84   80   78   76
   75   75   75   73   72   72   70   69   66   66   63   62   60   61   61   62
   63   65   68   69   72   73   74   74   74   72   71   68   68   64   64   60
   60   57   59   55   58   53   60   60   74                                   
    72.5-180.0 180.0   5.0 450.0                            LAT/LON1/LON2/DLON/H
   76   76   81   85   93   97  109  116  129  135  148  154  164  167  172  171
  169  165  159  152  143  133  123  112  101   93   85   80   76   73   71   70
   70   70   70   70   69   70   68   67   63   63   60   59   57   58   59   60
   62   66   68   72   73   76   76   77   75   75   71   70   66   64   61   59
   56   56   55   54   53   53   58   60   76                                   
    70.0-180.0 180.0   5.0 450.0                            LAT/LON1/LON2/DLON/H
   82   78   88   90   98  103  114  122  133  141  154  160  171  174  179  177
  176  169  164  156  149  136  126  112  101   91   82   77   71   69   65   67
   65   68   67   68   68   68   66   64   62   60   58   57   56   56   57   60
   63   66   70   73   76   76   77   75   75   71   70   65   64   59   58   54
   54   52   54   50   55   51   61   65   82                                   
    67.5-180.0 180.0   5.0 450.0                            LAT/LON1/LON2/DLON/H
   84   87   93   98  106  111  123  130  143  149  163  169  180  184  188  187
  183  177  171  166  159  149  137  122  110   96   89   79   76   69   67   64
   64   64   63   64   61   62   59   58   54   53   50   49   48   48   51   52
   57   60   65   67   69   70   70   69   67   65   61   59   55   53   49   48
   45   45   46   47   48   50   59   66   84                                   
    65.0-180.0 180.0   5.0 450.0                            LAT/LON1/LON2/DLON/H
   90   89  100  103  114  119  133  138  152  158  172  178  190  193  199  197
  196  191  187  183  180  169  161  140  127  109  101   88   83   73   71   66
   66   61   62   58   60   56   55   52   50   48   46   44   44   46   47   50
   53   56   59   61   62   61   61   58   57   54   52   48   47   45   43   41
   40   40   42   41   47   47   62   70   90                                   
    62.5-180.0 180.0   5.0 450.0                            LAT/LON1/LON2/DLON/H
   89   95  102  110  121  128  140  147  160  166  180  187  199  204  210  211
  211  207  206  200  199  190  181  166  149  130  117  105   96   86   80   73
   69   64   60   57   54   50   47   45   43   41   39   38   38   38   40   42
   45   46   49   49   50   50   49   48   47   45   43   41   39   37   36   34
   34   34   36   38   42   47   60   70   89                                   
    60.0-180.0 180.0   5.0 450.0                            LAT/LON1/LON2/DLON/H
   93   95  106  114  127  135  148  154  167  173  187  193  205  211  219  222
  223  223  220  218  214  209  201  186  173  152  140  123  115  100   95   83
   79   69   65   57   54   47   45   41   42   40   39   38   39   39   40   40
   43   42   43   42   42   41   41   40   40   40   38   38   37   36   35   34
   34   34   37   38   45   47   63   72   93                                   
    57.5-180.0 180.0   5.0 450.0                            LAT/LON1/LON2/DLON/H
   95  105  114  125  137  147  157  164  175  183  193  202  211  221  226  235
  234  240  236  234  230  225  216  204  189  173  159  145  132  119  110   98
   89   78   70   61   54   47   44   41   42   41   42   41   42   41   42   41
   41   39   39   38   38   37   38   38   40   41   41   41   40   39   38   36
   37   37   40   43   48   52   67   75   95                                   
    55.0-180.0 180.0   5.0 450.0                            LAT/LON1/LON2/DLON/H
  108  115  126  139  153  163  175  181  190  195  204  211  219  230  236  246
  247  253  249  248  242  237  228  215  203  187  177  163  154  139  130  115
  105   91   81   70   62   55   51   49   50   51   54   54   55   53   54   50
   49   45   44   42   40   42   41   45   46   50   49   51   49   49   47   46
   47   47   51   52   59   63   78   84  108                                   
    52.5-180.0 180.0   5.0 450.0                            LAT/LON1/LON2/DLON/H
  120  134  145  161  172  184  193  200  206  211  216  224  229  240  244  256
  256  264  258  258  249  244  232  223  209  199  187  179  168  158  144  129
  114  100   89   78   69   62   60   58   61   62   66   66   67   65   64   60
   58   54   52   50   50   50   53   55   61   62   64   63   62   61   60   58
   59   59   63   66   73   78   90   99  120                                   
    50.0-180.0 180.0   5.0 450.0                            LAT/LON1/LON2/DLON/H
  142  154  168  184  197  210  219  225  229  231  234  238  243  251  256  264
  267  271  266  264  254  247  235  226  216  206  198  189  182  170  158  142
  126  111   99   88   80   75   73   73   75   77   81   81   83   80   80   74
   72   68   67   65   65   66   68   73   75   79   79   80   77   76   74   73
   74   75   80   83   92   97  110  120  142                                   
    47.5-180.0 180.0   5.0 450.0                            LAT/LON1/LON2/DLON/H
  160  175  188  205  219  232  240  246  250  253  254  257  260  265  267  274
  275  278  272  267  256  248  237  230  221  215  207  199  192  179  165  147
  130  114  103   94   89   85   85   84   87   89   92   92   93   91   89   85
   82   81   80   80   81   82   85   88   92   93   94   91   89   87   86   84
   85   87   92   97  106  115  125  140  160                                   
    45.0-180.0 180.0   5.0 450.0                            LAT/LON1/LON2/DLON/H
  178  195  209  224  239  254  262  269  274  275  278  277  279  278  279  282
  281  281  275  268  258  250  241  235  229  224  218  210  201  187  171  151
  132  117  106  100   96   94   96   95   97   99  102  101  102   98   98   94
   93   93   94   95   96   97   98  101  104  105  103  102   97   96   93   93
   93   96  102  109  122  132  146  160  178                                   
    42.5-180.0 180.0   5.0 450.0                            LAT/LON1/LON2/DLON/H
  185  204  218  234  251  265  276  284  291  296  299  300  298  296  293  293
  290  288  282  274  264  257  249  244  238  234  227  217  204  187  166  145
  127  112  105  100  101  101  104  102  104  103  105  104  103  100   98   96
   96   98  101  103  104  105  106  107  109  109  108  104  100   97   95   93
   94   96  102  110  125  140  153  174  185                                   
    40.0-180.0 180.0   5.0 450.0                            LAT/LON1/LON2/DLON/H
  191  212  225  243  257  274  285  296  305  311  317  317  317  310  307  302
  300  295  290  282  275  267  260  254  249  243  235  222  206  184  162  142
  124  113  107  106  107  109  112  110  111  108  110  106  107  101  101   97
   99  101  105  107  109  108  109  109  110  110  108  105  101   99   96   95
   94   95  100  109  128  143  161  180  191                                   
    37.5-180.0 180.0   5.0 450.0                            LAT/LON1/LON2/DLON/H
  187  206  218  237  254  270  284  296  309  320  327  333  331  327  321  317
  312  307  302  296  289  281  272  265  258  250  238  222  201  177  154  135
  124  114  114  112  117  117  120  116  115  111  110  106  103   99   96   94
   94   97  101  103  105  105  106  106  108  107  106  103   99   96   94   91
   89   87   92  101  119  139  156  180  187                                   
    35.0-180.0 180.0   5.0 450.0                            LAT/LON1/LON2/DLON/H
  185  204  216  237  250  268  282  297  311  324  335  341  341  337  332  326
  322  316  312  306  301  291  282  271  263  252  240  221  202  178  160  146
  138  134  132  131  133  132  133  127  124  117  117  110  108  100   98   93
   96   96  101  101  103  103  105  107  108  108  106  105  101  100   96   95
   90   87   90   98  117  134  156  176  185                                   
    32.5-180.0 180.0   5.0 450.0                            LAT/LON1/LON2/DLON/H
  183  194  206  225  242  259  275  290  307  323  338  347  349  347  342  338
  333  328  324  321  314  303  290  278  266  255  241  224  206  187  176  170
  170  166  166  160  158  151  148  140  136  129  126  120  115  106  101   95
   95   93   96   96   99  101  104  107  109  109  108  108  104  104  100   97
   92   87   89   96  112  132  152  175  183                                   
    30.0-180.0 180.0   5.0 450.0                            LAT/LON1/LON2/DLON/H
  189  197  210  230  245  263  275  291  307  324  341  349  352  352  348  345
  340  336  334  329  323  309  295  279  268  257  248  235  224  214  212  215
  221  219  215  202  191  179  171  160  154  146  144  137  132  122  118  110
  107  102  102  101  104  107  111  114  116  116  115  115  111  110  107  105
  100   98   99  106  121  138  162  181  189                                   
    27.5-180.0 180.0   5.0 450.0                            LAT/LON1/LON2/DLON/H
  201  203  221  237  252  267  277  291  304  321  336  347  353  354  352  349
  346  342  339  335  326  312  296  281  270  264  258  255  250  250  259  272
  283  280  267  244  221  203  189  178  170  162  159  153  148  138  133  123
  119  110  108  104  108  112  117  120  122  122  120  119  113  114  110  108
  105  102  107  115  130  150  172  195  201                                   
    25.0-180.0 180.0   5.0 450.0                            LAT/LON1/LON2/DLON/H
  221  223  245  259  272  289  298  310  319  332  341  349  355  358  356  354
  349  345  342  334  325  309  294  281  277  276  280  285  290  300  319  341
  349  346  320  287  254  231  214  201  190  186  181  177  170  160  154  144
  138  130  125  121  123  127  131  131  130  127  123  119  114  111  111  111
  109  112  119  132  147  168  194  216  221                                   
    22.5-180.0 180.0   5.0 450.0                            LAT/LON1/LON2/DLON/H
  241  243  266  280  295  314  323  333  339  346  352  358  362  362  362  359
  357  353  346  339  327  313  300  293  295  302  314  325  339  356  378  399
  404  390  359  315  271  243  224  211  204  197  196  191  186  176  170  163
  156  147  141  136  136  137  137  137  134  128  123  116  111  107  109  109
  113  117  128  142  157  184  206  236  241                                   
    20.0-180.0 180.0   5.0 450.0                            LAT/LON1/LON2/DLON/H
  259  264  292  309  325  346  356  366  370  372  374  379  380  384  377  376
  370  366  357  347  334  322  314  315  325  344  360  377  390  409  425  441
  436  416  376  331  281  251  232  223  216  212  210  208  202  195  187  182
  177  170  164  159  157  153  149  145  138  132  121  113  105  103  103  106
  111  121  136  157  175  199  225  248  259                                   
    17.5-180.0 180.0   5.0 450.0                            LAT/LON1/LON2/DLON/H
  270  281  313  333  356  377  390  400  404  403  404  405  405  403  403  402
  397  389  379  369  356  346  344  353  372  394  412  425  440  453  460  462
  446  419  373  323  272  242  226  221  216  213  212  208  205  197  193  189
  186  179  174  168  164  157  150  143  138  129  119  107  100   95   99  101
  109  119  137  162  182  208  227  260  270                                   
    15.0-180.0 180.0   5.0 450.0                            LAT/LON1/LON2/DLON/H
  282  300  334  360  386  411  424  437  440  445  441  447  445  446  436  438
  431  427  414  401  387  383  386  404  426  452  467  481  486  488  481  467
  441  403  351  301  257  233  219  219  218  218  216  213  206  200  194  191
  188  184  181  175  170  161  151  143  136  127  114  102   92   89   90   94
  102  117  137  165  188  210  236  262  282                                   
    12.5-180.0 180.0   5.0 450.0                            LAT/LON1/LON2/DLON/H
  284  312  350  377  407  433  449  463  472  481  484  491  492  488  475  469
  469  464  457  447  433  425  430  451  476  502  516  521  516  506  483  458
  420  376  319  276  240  223  215  218  220  220  216  210  203  193  186  181
  180  178  178  173  166  155  146  137  132  123  113   99   90   85   87   90
   97  111  131  161  184  209  230  268  284                                   
    10.0-180.0 180.0   5.0 450.0                            LAT/LON1/LON2/DLON/H
  290  322  360  389  425  452  471  489  502  520  531  544  546  541  524  517
  506  503  493  486  472  471  476  501  524  544  553  551  537  509  474  433
  389  339  288  254  232  222  223  230  232  230  223  213  203  191  182  177
  176  176  179  174  165  151  141  134  133  124  114  101   92   88   89   90
   97  109  131  156  181  204  232  265  290                                   
     7.5-180.0 180.0   5.0 450.0                            LAT/LON1/LON2/DLON/H
  289  329  368  400  435  466  484  502  522  549  569  585  587  582  563  553
  548  541  529  520  513  510  520  542  561  576  576  568  540  502  456  412
