data/unet/pred3510.15i
     1.0            IONOSPHERE MAPS     GNSS                IONEX VERSION / TYPE
pyspatialgeodesy        IME             05-JAN-18 20:20     PGM / RUN BY / DATE 
Map Name                                                    COMMENT             
Predicted global ionosphere maps (GIM).                     DESCRIPTION         
  2015    12    17     0     0     0                        EPOCH OF FIRST MAP  
  2015    12    18     0     0     0                        EPOCH OF LAST MAP   
  7200                                                      INTERVAL            
    13                                                      # OF MAPS IN FILE   
  NONE                                                      MAPPING FUNCTION    
10.0                                                        ELEVATION CUTOFF    
One-way carrier phase leveled to code                       OBSERVABLES USED    
  6371.0                                                    BASE RADIUS         
 2                                                          MAP DIMENSION       
   450.0 450.0   0.0                                        HGT1 / HGT2 / DHGT  
    87.5 -87.5  -2.5                                        LAT1 / LAT2 / DLAT  
  -180.0 180.0   5.0                                        LON1 / LON2 / DLON  
    -1                                                      EXPONENT            
                                                            END OF HEADER       
[from data line 1716]
     5                                                      START OF TEC MAP    
  2015    12    17     8     0     0                        EPOCH OF CURRENT MAP
    87.5-180.0 180.0   5.0 450.0                            LAT/LON1/LON2/DLON/H
   15   32   31   33   33   34   34   34   34   34   34   33   33   32   31   30
   30   29   29   28   28   27   27   26   26   25   26   25   25   25   25   24
   25   24   25   24   25   24   25   23   24   23   23   22   23   22   22   21
   22   21   22   22   22   23   22   23   23   23   23   23   23   24   24   24
   24   25   25   27   30   27   24   29   15                                   
    85.0-180.0 180.0   5.0 450.0                            LAT/LON1/LON2/DLON/H
   20   49   38   48   43   48   44   51   45   50   44   49   43   47   40   44
   38   42   36   41   35   40   34   39   34   39   34   40   35   40   35   41
   35   41   35   41   36   41   35   40   34   39   32   38   31   36   29   35
   28   33   27   32   27   31   25   31   25   30   25   30   26   31   26   32
   27   33   29   35   33   33   30   23   20                                   
    82.5-180.0 180.0   5.0 450.0                            LAT/LON1/LON2/DLON/H
   25   51   41   45   43   45   44   49   46   48   43   47   40   43   36   39
   32   35   28   33   26   31   25   31   25   31   26   32   27   33   28   34
   28   35   28   35   29   35   29   35   28   34   27   32   26   30   25   28
   23   27   22   26   20   24   18   23   17   22   16   21   17   21   18   22
   19   24   22   26   25   28   25   18   25                                   
    80.0-180.0 180.0   5.0 450.0                            LAT/LON1/LON2/DLON/H
   24   47   40   44   43   46   45   49   46   48   43   45   38   38   31   33
   26   28   21   25   20   24   20   24   21   25   23   28   25   29   27   31
   28   32   29   33   31   34   32   35   33   35   33   35   32   34   32   33
   30   32   29   31   27   28   24   26   21   23   19   21   17   20   17   20
   17   21   19   21   22   19   20   14   24                                   
    77.5-180.0 180.0   5.0 450.0                            LAT/LON1/LON2/DLON/H
   17   46   38   39   41   41   44   44   44   41   39   36   32   27   24   21
   17   14   14   12   13   13   15   16   18   19   22   22   24   23   25   25
   26   26   28   29   31   31   34   34   37   35   38   36   39   36   39   37
   39   37   39   36   36   33   33   30   28   25   24   21   20   18   19   17
   18   16   19   16   21   17   20    6   17                                   
    75.0-180.0 180.0   5.0 450.0                            LAT/LON1/LON2/DLON/H
   16   40   34   38   38   41   42   43   42   41   38   35   30   26   20   18
   13   12    9   11   10   14   15   19   20   23   24   26   25   26   25   26
   25   26   27   30   31   34   36   39   40   41   43   44   45   46   47   48
   50   49   51   50   50   47   46   42   39   35   33   29   28   24   24   21
   20   19   20   19   21   16   18    7   16                                   
    72.5-180.0 180.0   5.0 450.0                            LAT/LON1/LON2/DLON/H
   17   40   30   33   36   36   38   38   38   35   33   29   24   19   14   11
    7    6    5    7    9   12   16   20   24   25   28   27   28   25   25   22
   22   21   24   25   30   32   38   39   44   43   48   48   52   52   57   58
   63   63   67   65   66   61   60   54   51   45   43   37   35   31   30   26
   25   21   23   20   22   17   21    4   17                                   
    70.0-180.0 180.0   5.0 450.0                            LAT/LON1/LON2/DLON/H
   18   36   28   31   32   35   37   37   37   34   33   29   25   20   15   12
    9    7    7   10   13   17   22   27   31   33   34   34   32   28   25   22
   21   19   22   24   30   32   40   43   49   50   55   56   62   63   70   73
   80   81   87   85   87   81   79   71   69   61   58   52   50   43   41   35
   33   28   29   25   26   18   22   10   18                                   
    67.5-180.0 180.0   5.0 450.0                            LAT/LON1/LON2/DLON/H
   24   41   28   29   30   31   33   33   33   31   30   27   22   19   14   13
    8    9    8   13   15   21   26   33   36   39   40   38   34   30   25   21
   18   17   19   22   28   33   41   46   51   55   59   63   67   73   79   87
   93   99  103  104  103   98   94   86   80   73   68   62   58   53   49   43
   39   34   33   29   29   23   26   11   24                                   
    65.0-180.0 180.0   5.0 450.0                            LAT/LON1/LON2/DLON/H
   25   40   30   29   29   31   32   33   33   31   31   29   26   23   19   17
   15   15   15   18   21   27   31   38   41   44   43   41   36   31   25   20
   16   15   17   22   29   35   45   51   58   64   68   74   78   86   92  101
  109  115  120  119  121  113  109   99   94   84   80   72   69   62   57   51
   46   41   38   34   33   25   30   18   25                                   
    62.5-180.0 180.0   5.0 450.0                            LAT/LON1/LON2/DLON/H
   33   48   33   30   29   29   30   30   30   30   28   28   25   24   21   21
   18   20   18   21   23   28   32   38   41   43   42   40   34   29   22   18
   13   14   16   22   30   38   47   55   62   69   73   79   85   93  101  110
  118  126  129  129  128  123  116  107  100   91   85   78   73   66   60   53
   48   41   39   34   34   30   33   21   33                                   
    60.0-180.0 180.0   5.0 450.0                            LAT/LON1/LON2/DLON/H
   34   46   34   31   30   30   30   30   30   29   29   29   27   27   25   26
   25   25   23   24   24   28   31   36   38   40   38   36   31   27   20   18
   14   17   19   27   35   44   54   63   70   78   82   90   95  103  110  119
  127  132  136  136  137  131  126  116  108   99   93   85   80   73   65   57
   50   43   39   36   37   29   34   24   34                                   
    57.5-180.0 180.0   5.0 450.0                            LAT/LON1/LON2/DLON/H
   39   54   39   33   32   29   29   29   28   28   26   27   26   27   27   29
   27   27   24   24   21   24   25   30   31   33   31   30   25   22   17   17
   14   19   22   31   39   49   57   69   75   83   89   95  101  110  115  123
  129  135  138  139  139  135  130  120  113  104   98   90   85   76   70   58
   51   42   40   35   37   34   37   26   39                                   
    55.0-180.0 180.0   5.0 450.0                            LAT/LON1/LON2/DLON/H
   39   52   39   36   34   33   32   31   30   29   28   28   28   29   30   31
   31   29   27   24   21   22   22   26   25   28   26   25   21   20   17   19
   19   25   30   39   48   57   66   78   84   94   98  108  111  118  122  128
  133  138  142  144  145  141  136  128  121  114  106  100   93   85   77   65
   56   46   41   37   39   33   37   30   39                                   
    52.5-180.0 180.0   5.0 450.0                            LAT/LON1/LON2/DLON/H
   43   60   45   40   38   36   35   34   31   30   27   28   27   30   30   33
   32   30   26   23   19   19   18   21   21   22   20   20   18   18   17   20
   23   29   36   46   54   65   74   84   93  102  110  117  122  128  131  137
  140  146  148  151  151  148  143  136  129  123  117  110  103   94   86   72
   62   50   46   40   42   40   42   31   43                                   
    50.0-180.0 180.0   5.0 450.0                            LAT/LON1/LON2/DLON/H
   44   58   46   44   43   42   40   39   37   33   31   31   31   32   34   36
   36   33   30   27   23   22   21   24   21   23   20   21   18   19   20   25
   30   37   46   56   64   76   83   96  104  115  122  130  135  139  143  146
  150  153  157  158  160  157  152  147  141  135  129  123  116  106   97   84
   73   61   55   49   50   42   44   36   44                                   
    47.5-180.0 180.0   5.0 450.0                            LAT/LON1/LON2/DLON/H
   49   67   54   51   51   49   48   46   42   40   35   34   32   35   35   38
   36   36   32   30   26   27   26   28   25   25   22   22   20   21   21   27
   32   42   52   63   74   84   95  105  117  127  136  142  146  151  154  158
  160  165  166  169  167  165  160  154  150  145  140  133  126  116  107   94
   83   71   66   58   59   52   54   40   49                                   
    45.0-180.0 180.0   5.0 450.0                            LAT/LON1/LON2/DLON/H
   53   65   54   55   55   56   55   55   52   48   44   42   40   41   41   43
   43   42   40   39   37   39   37   39   35   34   29   29   25   26   26   31
   39   50   62   76   87  100  110  123  131  142  148  154  159  163  168  170
  174  174  176  175  174  170  164  159  155  149  144  138  132  122  114  102
   93   81   76   70   68   56   57   47   53                                   
    42.5-180.0 180.0   5.0 450.0                            LAT/LON1/LON2/DLON/H
   58   73   60   60   63   63   64   62   60   57   53   51   47   48   45   48
   46   48   45   47   46   49   48   49   45   43   37   36   31   31   29   34
   42   54   68   83   98  111  124  134  145  152  158  162  168  174  177  180
  181  183  181  179  177  171  167  159  155  148  144  136  131  122  115  104
   98   87   84   76   75   65   66   52   58                                   
    40.0-180.0 180.0   5.0 450.0                            LAT/LON1/LON2/DLON/H
   61   69   59   61   65   67   68   69   67   66   63   61   58   57   55   55
   55   56   57   59   60   64   63   63   57   53   47   45   39   37   35   39
   47   61   77   98  113  131  142  154  160  167  170  174  179  184  188  190
  193  190  187  183  181  173  167  158  154  147  140  135  129  122  115  107
  101   92   89   83   80   66   65   55   61                                   
    37.5-180.0 180.0   5.0 450.0                            LAT/LON1/LON2/DLON/H
   62   72   61   63   68   69   72   73   73   73   71   70   67   66   61   63
   60   64   64   69   70   75   73   74   66   63   55   53   46   45   41   45
   52   68   86  108  127  144  159  167  175  178  181  184  188  194  198  201
  201  199  195  191  187  179  173  163  158  150  144  136  130  121  116  106
  102   94   92   83   81   70   69   56   62                                   
    35.0-180.0 180.0   5.0 450.0                            LAT/LON1/LON2/DLON/H
   60   67   57   59   63   66   68   72   73   75   76   78   76   75   70   70
   69   73   75   79   82   86   85   83   75   69   62   59   54   51   48   51
   59   77   97  123  143  163  175  187  191  194  193  197  201  208  211  215
  215  212  207  204  198  190  182  175  169  163  154  147  138  130  120  112
  105   98   94   88   82   68   65   58   60                                   
    32.5-180.0 180.0   5.0 450.0                            LAT/LON1/LON2/DLON/H
   58   68   57   58   61   62   65   69   71   76   78   82   80   80   75   76
   74   79   80   86   88   92   90   87   78   72   64   63   58   57   54   58
   67   84  105  132  157  174  193  200  207  207  208  210  216  223  228  231
  230  228  225  222  220  214  207  201  198  191  185  172  163  147  137  123
  115  105  100   90   84   71   69   59   58                                   
    30.0-180.0 180.0   5.0 450.0                            LAT/LON1/LON2/DLON/H
   56   69   54   54   54   57   57   60   63   69   75   80   82   82   78   79
   79   84   86   92   93   95   92   88   80   73   67   66   62   61   59   65
   72   91  113  147  170  195  207  220  223  224  226  230  236  245  252  252
  252  250  248  249  246  244  238  237  233  230  222  213  201  184  166  147
  134  122  110  101   92   76   72   62   56                                   
    27.5-180.0 180.0   5.0 450.0                            LAT/LON1/LON2/DLON/H
   64   75   63   61   58   57   56   56   59   65   71   78   79   81   77   79
   80   86   88   92   92   93   89   85   77   71   66   65   62   62   62   67
   76   96  121  154  182  204  224  233  242  244  248  253  260  271  277  279
  278  280  282  287  291  293  293  295  294  292  283  270  255  231  211  186
  164  143  132  116  106   89   92   73   64                                   
    25.0-180.0 180.0   5.0 450.0                            LAT/LON1/LON2/DLON/H
   73   72   73   70   67   63   58   54   54   58   64   71   75   77   75   78
   80   87   87   91   89   90   85   82   75   70   65   64   62   63   67   74
   85  109  133  171  195  223  234  254  261  265  270  276  287  295  304  304
  308  310  315  324  329  340  344  353  356  357  348  336  314  287  257  228
  203  177  157  142  128  111  107   89   73                                   
    22.5-180.0 180.0   5.0 450.0                            LAT/LON1/LON2/DLON/H
   98   87   80   73   67   65   61   58   58   59   61   67   70   72   71   74
   77   83   84   86   82   81   78   76   72   69   66   65   67   67   74   83
   94  119  147  182  211  231  250  270  280  287  295  303  314  322  331  333
  338  343  352  363  378  388  403  413  424  422  417  398  376  344  311  277
  246  216  196  172  159  139  135  110   98                                   
    20.0-180.0 180.0   5.0 450.0                            LAT/LON1/LON2/DLON/H
  121  102   93   84   76   70   67   62   61   61   63   64   67   68   68   73
   75   82   82   82   77   77   74   76   75   73   72   69   70   71   80   93
  108  136  168  201  225  249  265  288  299  307  318  326  339  346  357  359
  369  375  390  401  417  430  444  458  470  470  465  449  428  396  362  325
  295  265  242  217  198  178  158  138  121                                   
    17.5-180.0 180.0   5.0 450.0                            LAT/LON1/LON2/DLON/H
  157  134  123  106   95   88   80   73   68   66   70   69   70   69   69   71
   74   79   79   80   74   74   74   78   81   78   79   74   74   77   85  101
  118  150  180  211  238  257  282  305  320  332  345  352  366  373  384  389
  400  409  427  437  454  462  475  485  496  494  490  476  462  434  404  365
  334  307  287  261  245  220  197  176  157                                   
    15.0-180.0 180.0   5.0 450.0                            LAT/LON1/LON2/DLON/H
  183  164  148  133  122  108  100   87   82   74   75   77   75   72   73   74
   77   81   81   81   78   79   81   86   87   86   82   79   77   80   88  109
  131  163  195  222  248  270  297  319  338  350  363  372  389  396  409  414
  426  434  447  457  468  475  484  490  498  496  494  482  474  453  430  396
  367  337  315  296  282  265  232  213  183                                   
    12.5-180.0 180.0   5.0 450.0                            LAT/LON1/LON2/DLON/H
  215  198  183  166  155  143  129  117  103   95   89   90   89   82   82   80
   82   85   87   87   86   88   90   92   96   94   92   89   84   88   96  117
  145  175  206  228  254  281  312  336  354  368  379  392  407  418  429  436
  444  452  462  468  474  478  483  484  490  487  484  476  470  454  437  414
  390  363  344  327  313  297  268  248  215                                   
    10.0-180.0 180.0   5.0 450.0                            LAT/LON1/LON2/DLON/H
  232  221  206  190  181  172  159  143  129  115  108  103  105   95   93   90
   92   93   97   98   98   98   99  101  100  102   96   95   89   93  103  129
  155  187  214  236  260  290  320  340  362  375  390  405  421  431  442  447
  450  456  462  468  471  477  478  480  484  478  477  464  463  448  440  418
  402  378  361  347  335  321  289  264  232                                   
     7.5-180.0 180.0   5.0 450.0                            LAT/LON1/LON2/DLON/H
  244  235  225  211  202  193  184  172  156  144  128  126  123  113  109  103
  104  103  108  109  112  108  109  109  109  108  103  101   96  100  115  138
