data/unet/pred3480.15i
     1.0            IONOSPHERE MAPS     GNSS                IONEX VERSION / TYPE
pyspatialgeodesy        IME             05-JAN-18 20:20     PGM / RUN BY / DATE 
Map Name                                                    COMMENT             
Predicted global ionosphere maps (GIM).                     DESCRIPTION         
  2015    12    14     0     0     0                        EPOCH OF FIRST MAP  
  2015    12    15     0     0     0                        EPOCH OF LAST MAP   
  7200                                                      INTERVAL            
    13                                                      # OF MAPS IN FILE   
  NONE                                                      MAPPING FUNCTION    
10.0                                                        ELEVATION CUTOFF    
One-way carrier phase leveled to code                       OBSERVABLES USED    
  6371.0                                                    BASE RADIUS         
 2                                                          MAP DIMENSION       
   450.0 450.0   0.0                                        HGT1 / HGT2 / DHGT  
    87.5 -87.5  -2.5                                        LAT1 / LAT2 / DLAT  
  -180.0 180.0   5.0                                        LON1 / LON2 / DLON  
    -1                                                      EXPONENT            
                                                            END OF HEADER       
[from data line 2145]
     6                                                      START OF TEC MAP    
  2015    12    14    10     0     0                        EPOCH OF CURRENT MAP
    87.5-180.0 180.0   5.0 450.0                            LAT/LON1/LON2/DLON/H
   28   45   31   32   32   31   32   32   32   32   31   32   30   30   28   29
   26   27   24   25   22   25   22   24   21   24   21   23   21   24   21   23
   21   23   21   23   21   23   21   23   21   23   21   23   22   23   22   23
   22   23   22   22   22   22   22   21   21   21   22   21   22   21   22   22
   23   23   24   25   25   26   26   28   28                                   
    85.0-180.0 180.0   5.0 450.0                            LAT/LON1/LON2/DLON/H
   51   51   47   48   48   46   48   48   48   47   47   46   45   43   42   41
   39   38   36   36   34   34   32   34   32   34   32   35   33   35   33   35
   34   35   34   35   34   34   33   34   32   33   32   33   32   33   31   33
   32   34   33   34   34   36   35   37   36   38   38   39   39   40   40   41
   41   42   42   41   42   44   45   36   51                                   
    82.5-180.0 180.0   5.0 450.0                            LAT/LON1/LON2/DLON/H
   45   57   46   48   43   43   43   45   44   44   42   42   40   39   36   36
   33   32   29   29   26   27   25   27   25   27   26   28   27   29   28   29
   29   29   28   28   27   27   26   26   25   26   25   26   25   26   25   26
   26   28   28   29   30   32   31   33   33   34   34   35   35   36   36   37
   37   37   38   37   39   42   41   24   45                                   
    80.0-180.0 180.0   5.0 450.0                            LAT/LON1/LON2/DLON/H
   43   49   39   40   35   37   35   38   36   37   34   36   31   32   27   29
   24   25   21   23   19   21   19   21   20   23   22   26   25   28   26   30
   27   29   27   29   25   27   24   26   23   25   22   25   23   26   23   27
   25   29   26   30   28   32   30   33   31   34   32   35   32   35   32   35
   32   34   32   31   31   33   38   22   43                                   
    77.5-180.0 180.0   5.0 450.0                            LAT/LON1/LON2/DLON/H
   36   41   35   34   33   32   33   32   33   30   31   29   29   25   25   22
   21   19   18   17   17   16   17   18   19   20   22   24   25   27   28   29
   30   29   30   28   28   27   27   26   27   26   28   28   29   30   30   31
   32   33   34   35   36   36   38   37   39   38   39   37   38   36   36   34
   34   33   33   31   32   31   32   11   36                                   
    75.0-180.0 180.0   5.0 450.0                            LAT/LON1/LON2/DLON/H
   33   34   29   32   28   31   29   32   29   30   27   29   26   25   23   22
   21   19   19   18   18   17   19   19   21   21   24   25   27   29   31   32
   33   32   34   33   33   31   32   31   32   32   35   35   37   38   40   40
   40   41   42   43   42   43   42   43   41   41   40   40   38   37   36   35
   33   32   31   30   29   30   30   11   33                                   
    72.5-180.0 180.0   5.0 450.0                            LAT/LON1/LON2/DLON/H
   31   33   30   30   29   27   30   28   30   27   29   26   28   24   26   23
   24   20   22   20   21   19   21   20   22   22   24   26   28   30   32   34
   35   35   37   36   37   36   38   38   40   41   45   47   48   50   51   52
   51   51   50   49   47   47   46   45   43   41   40   39   39   37   37   35
   34   32   32   30   30   27   28    7   31                                   
    70.0-180.0 180.0   5.0 450.0                            LAT/LON1/LON2/DLON/H
   30   29   28   31   27   30   28   31   28   30   27   31   27   29   26   28
   26   27   26   27   26   26   25   25   24   24   25   27   28   30   33   35
   37   39   40   42   42   44   46   50   52   56   59   63   65   66   68   66
   66   63   62   59   57   54   52   48   47   44   43   41   41   39   39   37
   37   35   34   32   31   31   30   13   30                                   
    67.5-180.0 180.0   5.0 450.0                            LAT/LON1/LON2/DLON/H
   30   32   32   31   31   29   31   29   31   28   31   29   32   30   33   31
   33   31   33   31   32   29   29   26   25   23   23   23   25   27   31   34
   37   39   43   44   48   50   55   58   65   69   75   78   82   82   83   81
   78   73   69   63   59   53   49   44   42   39   38   37   37   36   37   37
   37   36   36   34   34   32   31   13   30                                   
    65.0-180.0 180.0   5.0 450.0                            LAT/LON1/LON2/DLON/H
   31   32   33   36   31   33   30   34   29   32   29   34   31   36   33   38
   34   38   34   37   34   35   31   30   26   24   22   23   23   27   29   36
   38   44   47   53   55   61   64   73   76   86   90   99   99  103  101   99
   93   87   79   71   64   56   52   45   43   38   39   37   38   38   39   40
   40   41   39   40   36   37   37   22   31                                   
    62.5-180.0 180.0   5.0 450.0                            LAT/LON1/LON2/DLON/H
   33   38   37   37   35   34   33   33   31   30   31   32   34   35   38   37
   39   37   38   36   37   34   33   29   25   21   19   18   20   22   28   33
   40   46   53   58   63   69   75   82   90   98  106  112  116  118  117  112
  105   95   86   74   65   54   49   40   38   34   35   33   35   34   36   37
   38   39   40   40   39   39   40   22   33                                   
    60.0-180.0 180.0   5.0 450.0                            LAT/LON1/LON2/DLON/H
   35   35   38   39   35   37   32   35   30   31   27   32   30   36   34   39
   35   37   33   35   32   34   30   29   24   21   17   18   18   24   30   39
   46   56   61   70   74   83   86   99  103  115  119  128  128  132  128  125
  115  106   94   83   72   60   54   46   43   39   39   37   38   38   38   40
   39   42   41   44   41   43   42   28   35                                   
    57.5-180.0 180.0   5.0 450.0                            LAT/LON1/LON2/DLON/H
   37   40   40   40   38   37   35   33   30   27   26   27   29   30   34   33
   34   31   30   28   29   27   28   24   22   17   16   14   18   22   32   42
   53   63   71   78   84   92   98  106  114  122  129  134  137  137  135  130
  123  112  102   89   80   66   61   51   49   44   44   41   41   38   38   38
   38   39   41   42   42   42   44   27   37                                   
    55.0-180.0 180.0   5.0 450.0                            LAT/LON1/LON2/DLON/H
   42   40   41   42   39   40   36   36   29   28   23   26   24   29   28   31
   27   28   23   25   22   25   23   24   19   19   15   18   20   30   40   55
   65   78   84   96   98  108  110  121  123  134  135  144  141  145  139  139
  128  124  111  103   90   81   72   65   61   58   56   53   50   46   43   41
   40   42   42   46   43   46   47   34   42                                   
    52.5-180.0 180.0   5.0 450.0                            LAT/LON1/LON2/DLON/H
   47   49   46   46   44   43   41   38   32   27   23   23   23   25   27   27
   26   23   21   19   20   20   22   21   21   18   19   19   26   34   48   62
   77   87   96  105  110  117  121  127  132  139  143  147  149  147  146  142
  138  132  124  114  106   95   88   79   76   71   69   63   59   53   48   44
   42   42   43   45   46   47   50   36   47                                   
    50.0-180.0 180.0   5.0 450.0                            LAT/LON1/LON2/DLON/H
   53   51   51   52   50   51   46   45   36   33   26   27   24   28   27   30
   26   26   21   22   19   23   21   25   22   24   23   29   34   47   61   78
   90  104  111  122  124  132  133  141  143  151  150  158  153  158  150  152
  145  144  135  131  119  113  102   98   90   87   82   78   72   65   59   54
   49   50   48   52   51   53   55   43   53                                   
    47.5-180.0 180.0   5.0 450.0                            LAT/LON1/LON2/DLON/H
   60   63   57   59   57   57   55   51   44   39   33   31   29   30   32   32
   31   29   27   24   24   25   27   28   28   28   30   35   42   54   69   83
   97  110  118  127  132  138  143  147  153  156  160  159  162  159  159  156
  154  150  148  140  134  124  116  108  102   96   91   85   79   71   65   59
   56   55   55   56   56   57   60   46   60                                   
    45.0-180.0 180.0   5.0 450.0                            LAT/LON1/LON2/DLON/H
   66   65   65   66   64   67   64   62   55   50   43   42   38   41   39   42
   39   40   36   37   33   37   33   38   34   38   38   47   54   67   81   96
  107  120  127  139  143  152  156  163  165  169  167  170  166  169  164  166
  159  159  154  150  141  133  121  114  104  100   93   89   82   76   71   68
   63   64   61   65   61   64   66   57   66                                   
    42.5-180.0 180.0   5.0 450.0                            LAT/LON1/LON2/DLON/H
   69   72   68   70   69   72   71   70   65   60   55   52   50   49   49   50
   50   49   48   47   45   44   43   42   41   43   46   53   62   73   85   97
  109  120  129  140  149  158  166  170  174  174  175  173  173  171  170  166
  165  160  159  152  147  134  122  110  102   94   90   85   81   75   73   70
   68   67   67   67   66   65   68   56   69                                   
    40.0-180.0 180.0   5.0 450.0                            LAT/LON1/LON2/DLON/H
   72   69   71   73   73   76   77   78   75   73   68   67   63   63   61   64
   62   65   62   63   58   58   53   54   50   54   57   66   75   85   95  108
  117  129  138  153  163  175  182  188  188  189  185  185  181  183  178  176
  171  168  163  158  150  138  122  111  100   93   87   83   79   76   73   73
   71   72   69   71   67   68   68   60   72                                   
    37.5-180.0 180.0   5.0 450.0                            LAT/LON1/LON2/DLON/H
   65   66   64   67   68   73   76   79   78   78   77   76   74   72   72   72
   73   74   74   72   69   66   62   59   58   59   66   74   83   92  101  111
  120  133  144  158  172  187  195  198  199  198  195  190  190  188  188  181
  180  173  172  163  159  145  131  114  103   93   89   83   81   77   77   74
   75   73   72   67   66   63   65   54   65                                   
    35.0-180.0 180.0   5.0 450.0                            LAT/LON1/LON2/DLON/H
   61   57   59   60   62   68   72   78   80   83   84   86   84   84   82   84
   84   87   86   87   82   80   72   70   66   70   77   88   97  107  113  125
  132  147  159  178  192  207  216  220  218  216  209  209  203  206  201  201
  195  195  189  186  176  164  148  134  120  110  101   96   89   84   81   80
   76   75   69   67   61   61   60   52   61                                   
    32.5-180.0 180.0   5.0 450.0                            LAT/LON1/LON2/DLON/H
   50   50   47   48   50   55   61   67   72   78   83   87   88   88   88   88
   90   92   93   93   89   85   78   74   72   75   85   96  106  118  123  134
  142  157  171  191  206  224  233  236  235  229  226  220  221  220  222  218
  221  218  220  214  210  196  184  168  157  144  136  125  117  105   98   90
   85   80   74   66   61   57   56   44   50                                   
    30.0-180.0 180.0   5.0 450.0                            LAT/LON1/LON2/DLON/H
   44   40   40   39   40   45   50   58   64   72   80   88   90   93   92   95
   95   99   99  101   96   92   84   81   78   84   95  110  122  135  141  154
  162  179  193  213  229  245  254  257  255  253  248  247  245  249  248  253
  251  257  256  259  254  247  233  219  205  194  180  168  154  142  126  114
  100   92   81   73   62   58   53   42   44                                   
    27.5-180.0 180.0   5.0 450.0                            LAT/LON1/LON2/DLON/H
   45   46   38   38   34   37   38   45   50   60   70   80   85   89   91   93
   95   98   98   98   94   90   83   80   80   88  100  118  131  146  154  169
  180  198  214  236  252  267  274  276  278  276  278  274  281  280  288  288
  295  299  308  311  312  306  295  281  266  251  237  219  202  182  167  145
  127  111   99   85   77   68   62   39   45                                   
    25.0-180.0 180.0   5.0 450.0                            LAT/LON1/LON2/DLON/H
   46   54   45   40   33   35   32   36   41   51   63   73   81   86   87   92
   94   98   96   98   93   91   85   84   85   94  108  129  145  165  176  194
  204  223  242  259  277  285  294  294  299  301  304  310  314  322  326  335
  338  352  360  372  376  376  366  353  335  317  298  273  250  225  203  180
  158  140  122  108   89   84   76   53   46                                   
    22.5-180.0 180.0   5.0 450.0                            LAT/LON1/LON2/DLON/H
   57   66   58   52   41   38   33   35   34   43   51   64   70   78   81   86
   89   91   91   90   86   84   82   82   85   97  112  133  154  176  192  210
  227  245  267  283  299  305  311  314  321  326  335  340  352  359  368  374
  388  398  416  427  439  438  432  418  403  382  359  328  298  267  243  215
  198  173  156  136  119  105   95   63   57                                   
    20.0-180.0 180.0   5.0 450.0                            LAT/LON1/LON2/DLON/H
   69   85   81   69   56   47   40   39   38   41   47   57   65   70   75   81
   84   87   85   85   81   82   82   86   90  103  119  144  168  193  210  231
  247  267  287  300  314  317  326  328  338  345  358  372  384  394  401  410
  422  437  455  471  482  485  478  467  450  429  404  371  338  301  276  251
  232  209  187  168  148  134  120   87   69                                   
    17.5-180.0 180.0   5.0 450.0                            LAT/LON1/LON2/DLON/H
   97  107   99   90   78   67   55   49   46   46   46   52   56   63   67   74
   78   81   79   77   76   77   80   85   92  105  124  147  176  201  225  242
  263  278  304  314  327  329  340  347  360  371  389  404  419  427  437  440
  456  463  484  495  508  508  502  489  473  452  427  395  362  325  299  274
  258  237  217  193  175  159  148  109   97                                   
    15.0-180.0 180.0   5.0 450.0                            LAT/LON1/LON2/DLON/H
  119  134  121  110  100   85   78   67   62   58   55   54   56   59   63   69
   75   78   77   75   76   79   83   90   98  113  132  161  188  216  238  256
  275  295  317  328  338  341  354  363  381  398  421  439  455  465  469  473
  483  489  503  512  519  517  506  492  475  457  433  404  374  338  312  289
  274  257  239  214  193  177  169  136  119                                   
    12.5-180.0 180.0   5.0 450.0                            LAT/LON1/LON2/DLON/H
  142  148  129  124  110  104   94   87   81   73   67   61   58   60   61   67
   72   75   74   72   73   76   85   92  105  117  139  165  197  220  245  258
  280  299  324  337  346  355  367  386  405  427  448  468  485  485  491  488
  501  496  506  507  514  506  494  477  460  443  419  393  365  336  313  293
  280  264  249  225  206  188  181  153  142                                   
    10.0-180.0 180.0   5.0 450.0                            LAT/LON1/LON2/DLON/H
  154  152  134  123  113  104  105  100   99   92   83   73   69   63   65   66
   73   73   76   70   75   78   89   97  111  128  150  182  212  234  254  267
  286  308  329  345  354  366  381  403  424  445  469  489  504  505  506  502
  503  499  500  503  503  495  483  466  449  431  407  382  356  328  306  290
  278  266  249  231  210  195  184  169  154                                   
     7.5-180.0 180.0   5.0 450.0                            LAT/LON1/LON2/DLON/H
  167  154  136  127  109  107  109  111  113  106   99   86   80   71   70   70
   75   76   80   75   79   79   89   97  115  133  164  192  221  239  258  268
