data/unet/pred1250.15i
     1.0            IONOSPHERE MAPS     GNSS                IONEX VERSION / TYPE
pyspatialgeodesy        IME             05-JAN-18 20:20     PGM / RUN BY / DATE 
Map Name                                                    COMMENT             
Predicted global ionosphere maps (GIM).                     DESCRIPTION         
  2015     5     5     0     0     0                        EPOCH OF FIRST MAP  
  2015     5     6     0     0     0                        EPOCH OF LAST MAP   
  7200                                                      INTERVAL            
    13                                                      # OF MAPS IN FILE   
  NONE                                                      MAPPING FUNCTION    
10.0                                                        ELEVATION CUTOFF    
One-way carrier phase leveled to code                       OBSERVABLES USED    
  6371.0                                                    BASE RADIUS         
 2                                                          MAP DIMENSION       
   450.0 450.0   0.0                                        HGT1 / HGT2 / DHGT  
    87.5 -87.5  -2.5                                        LAT1 / LAT2 / DLAT  
  -180.0 180.0   5.0                                        LON1 / LON2 / DLON  
    -1                                                      EXPONENT            
                                                            END OF HEADER       
[from data line 4719]
    12                                                      START OF TEC MAP    
  2015     5     5    22     0     0                        EPOCH OF CURRENT MAP
    87.5-180.0 180.0   5.0 450.0                            LAT/LON1/LON2/DLON/H
  206  187  177  180  179  180  180  181  181  181  181  181  180  180  179  178
  178  177  176  175  174  173  172  171  170  169  168  167  166  165  164  163
  163  163  163  162  162  162  162  162  162  162  163  163  164  165  165  167
  167  169  170  172  171  174  173  175  174  176  174  176  174  176  175  176
  175  177  177  177  175  175  178  188  206                                   
    85.0-180.0 180.0   5.0 450.0                            LAT/LON1/LON2/DLON/H
  187  185  184  188  186  187  187  189  189  191  190  192  191  193  191  192
  190  191  189  188  186  184  182  180  177  175  172  171  167  166  163  163
  160  160  159  159  157  158  158  158  159  160  161  163  164  167  168  171
  172  175  176  179  180  182  183  184  185  185  185  185  185  185  184  184
  184  184  184  184  183  180  179  192  187                                   
    82.5-180.0 180.0   5.0 450.0                            LAT/LON1/LON2/DLON/H
  178  176  176  181  180  183  184  188  188  192  193  196  196  199  197  199
  197  198  195  194  190  188  183  181  176  174  169  166  162  159  156  153
  152  150  149  148  148  148  148  149  150  151  153  155  157  160  162  165
  167  171  172  177  178  182  182  185  185  187  186  187  185  186  183  183
  180  182  179  179  174  175  169  182  178                                   
    80.0-180.0 180.0   5.0 450.0                            LAT/LON1/LON2/DLON/H
  173  170  169  171  174  177  181  184  188  191  195  198  201  203  205  205
  205  204  203  200  197  193  188  184  179  175  170  166  161  156  152  149
  146  144  143  142  142  142  142  143  144  145  147  149  151  153  156  158
  162  164  168  171  175  177  181  181  184  183  185  183  184  181  180  178
  177  174  173  169  167  164  159  166  173                                   
    77.5-180.0 180.0   5.0 450.0                            LAT/LON1/LON2/DLON/H
  165  163  160  161  165  169  175  179  184  188  194  198  203  204  208  208
  210  208  208  204  202  197  194  188  184  178  174  169  164  159  155  151
  149  145  145  143  143  141  143  142  143  142  144  144  146  146  149  151
  155  157  161  165  168  171  174  176  177  178  179  178  178  175  175  172
  171  168  167  162  159  156  152  157  165                                   
    75.0-180.0 180.0   5.0 450.0                            LAT/LON1/LON2/DLON/H
  162  158  157  158  162  165  171  174  181  185  192  196  202  204  209  209
  212  209  211  207  206  201  200  193  190  184  180  174  170  164  160  156
  153  150  148  147  146  144  144  143  142  140  140  139  139  138  140  141
  144  146  150  153  157  159  163  164  167  167  169  168  170  167  168  165
  165  163  163  158  157  154  152  158  162                                   
    72.5-180.0 180.0   5.0 450.0                            LAT/LON1/LON2/DLON/H
  165  162  160  159  162  165  170  174  180  186  193  197  203  205  208  208
  209  208  208  207  206  203  201  198  194  189  184  179  174  170  165  162
  158  156  154  152  151  149  148  146  143  140  138  136  133  131  131  131
  133  135  138  142  144  148  151  154  156  159  161  162  164  164  164  163
  163  163  164  162  159  159  157  166  165                                   
    70.0-180.0 180.0   5.0 450.0                            LAT/LON1/LON2/DLON/H
  176  173  170  169  170  172  176  180  186  190  197  201  206  207  210  208
  209  206  208  205  207  203  204  199  198  192  188  181  178  172  169  164
  162  159  158  155  155  151  151  146  145  139  136  130  127  122  122  120
  121  122  126  128  132  135  140  143  147  150  155  156  161  161  164  163
  166  166  169  168  169  168  167  178  176                                   
    67.5-180.0 180.0   5.0 450.0                            LAT/LON1/LON2/DLON/H
  191  188  184  180  179  179  182  185  190  194  200  204  208  208  209  207
  206  204  204  203  203  202  202  200  197  192  188  182  178  173  170  166
  164  161  159  156  154  153  150  147  142  138  132  126  120  116  113  113
  111  115  114  120  121  127  130  137  140  147  151  157  160  164  166  167
  169  172  175  177  179  182  180  192  191                                   
    65.0-180.0 180.0   5.0 450.0                            LAT/LON1/LON2/DLON/H
  206  204  201  197  194  192  193  194  198  202  207  209  212  212  212  209
  208  205  205  203  205  203  204  201  200  193  190  183  180  174  172  167
  166  161  160  155  154  150  149  144  141  134  129  121  117  111  108  106
  106  107  109  112  115  120  125  131  138  145  151  158  164  167  171  172
  176  177  184  184  190  192  193  204  206                                   
    62.5-180.0 180.0   5.0 450.0                            LAT/LON1/LON2/DLON/H
  218  216  214  208  204  201  200  199  203  205  209  211  214  213  214  210
  209  205  205  203  204  203  203  202  199  194  190  184  181  177  175  170
  167  162  158  154  150  147  144  141  137  132  125  120  112  109  103  103
  101  104  104  109  109  117  121  130  137  148  154  164  170  175  178  179
  181  182  186  190  195  201  200  214  218                                   
    60.0-180.0 180.0   5.0 450.0                            LAT/LON1/LON2/DLON/H
  226  224  223  219  215  211  209  207  209  210  213  215  217  219  219  217
  215  212  210  207  208  206  207  204  203  197  195  189  188  183  182  176
  173  166  161  154  150  145  144  140  137  131  127  120  114  109  105  103
  103  103  104  106  109  114  121  130  139  150  160  170  179  182  185  185
  187  186  190  190  198  202  205  217  226                                   
    57.5-180.0 180.0   5.0 450.0                            LAT/LON1/LON2/DLON/H
  227  228  226  224  221  218  216  213  214  213  214  215  217  219  221  219
  218  214  212  209  209  208  209  207  205  201  198  196  196  195  194  189
  183  175  167  159  152  148  146  144  141  138  132  127  119  114  109  107
  106  107  105  108  109  116  121  132  141  155  166  178  186  190  192  191
  191  190  191  191  196  202  203  220  227                                   
    55.0-180.0 180.0   5.0 450.0                            LAT/LON1/LON2/DLON/H
  230  231  231  231  231  229  228  226  224  221  221  220  221  224  225  227
  223  221  217  214  214  213  215  214  213  209  209  207  211  210  213  206
  200  187  177  166  160  154  153  150  149  145  140  135  128  122  117  115
  113  112  111  111  113  117  124  132  145  157  171  183  193  196  199  197
  197  195  196  192  198  201  205  219  230                                   
    52.5-180.0 180.0   5.0 450.0                            LAT/LON1/LON2/DLON/H
  233  237  237  239  241  241  242  241  237  231  227  223  223  224  227  226
  225  220  217  213  214  215  219  220  221  219  219  220  224  227  228  222
  213  199  186  176  168  164  163  162  160  157  152  146  138  132  126  123
  120  118  115  115  115  119  125  135  145  160  175  188  199  203  206  204
  204  203  202  202  203  207  207  226  233                                   
    50.0-180.0 180.0   5.0 450.0                            LAT/LON1/LON2/DLON/H
  241  242  245  250  255  259  259  260  253  247  239  234  231  232  232  232
  227  224  220  217  218  220  226  228  231  228  230  230  237  237  241  233
  224  207  195  182  177  172  172  171  169  166  159  154  145  139  132  130
  125  122  119  117  118  121  128  136  149  161  178  190  203  208  212  213
  213  216  217  214  217  218  221  236  241                                   
    47.5-180.0 180.0   5.0 450.0                            LAT/LON1/LON2/DLON/H
  253  253  258  262  270  275  278  278  273  265  254  246  241  239  237  234
  229  224  220  217  220  225  233  237  240  238  238  239  243  244  243  235
  224  209  197  188  184  182  182  181  179  175  168  162  153  146  140  136
  131  128  124  123  122  125  130  138  149  162  179  194  208  215  222  225
  228  234  236  237  236  236  236  252  253                                   
    45.0-180.0 180.0   5.0 450.0                            LAT/LON1/LON2/DLON/H
  269  267  273  280  288  295  299  303  297  291  278  270  262  256  252  245
  238  233  229  227  231  236  245  248  251  246  246  242  246  242  242  230
  221  205  199  191  192  189  192  188  186  181  173  167  158  152  145  141
  136  132  129  126  127  128  134  140  151  163  180  194  210  219  228  235
  243  250  255  256  257  254  258  268  269                                   
    42.5-180.0 180.0   5.0 450.0                            LAT/LON1/LON2/DLON/H
  283  285  291  297  305  314  320  324  323  319  309  299  289  281  272  261
  252  246  242  241  247  253  262  263  264  256  253  247  246  240  234  223
  212  202  199  197  199  200  201  200  195  191  184  177  168  160  155  149
  145  140  137  135  134  136  139  144  152  164  180  197  214  226  238  248
  258  268  274  279  277  275  276  286  283                                   
    40.0-180.0 180.0   5.0 450.0                            LAT/LON1/LON2/DLON/H
  301  304  311  318  324  334  339  349  349  350  341  335  323  312  301  289
  278  270  267  265  272  274  283  279  278  266  262  252  250  241  234  220
  213  203  206  205  213  212  215  209  207  197  192  184  177  170  164  159
  155  150  147  144  145  144  146  147  154  163  179  196  215  227  240  254
  267  278  286  291  292  291  295  300  301                                   
    37.5-180.0 180.0   5.0 450.0                            LAT/LON1/LON2/DLON/H
  313  321  329  336  340  350  357  368  373  378  372  368  357  346  331  318
  305  294  290  289  294  296  301  297  294  280  275  263  260  249  241  228
  222  218  222  224  230  228  229  223  219  212  205  199  192  184  179  172
  169  162  159  155  155  152  151  150  153  161  176  195  216  230  246  260
  274  286  295  301  303  304  304  311  313                                   
    35.0-180.0 180.0   5.0 450.0                            LAT/LON1/LON2/DLON/H
  330  340  349  358  362  371  376  391  398  406  403  402  391  378  364  351
  339  328  323  318  321  318  322  314  312  297  294  281  279  266  263  248
  247  242  249  246  252  244  247  237  239  228  225  214  209  199  195  188
  184  178  173  169  166  162  159  155  155  159  173  192  215  230  245  261
  274  285  294  301  305  308  315  319  330                                   
    32.5-180.0 180.0   5.0 450.0                            LAT/LON1/LON2/DLON/H
  339  356  366  375  380  387  395  408  418  431  433  434  423  411  394  381
  369  358  350  343  340  337  336  332  330  322  322  313  312  299  295  281
  282  277  285  280  282  270  265  255  253  247  244  237  229  220  213  207
  201  194  186  178  174  166  162  155  154  156  170  189  214  229  245  258
  271  281  290  296  303  309  313  325  339                                   
    30.0-180.0 180.0   5.0 450.0                            LAT/LON1/LON2/DLON/H
  352  369  381  391  398  404  413  426  441  453  460  463  455  443  426  412
  399  387  378  368  363  356  354  350  349  345  347  343  342  330  326  315
  320  318  324  316  310  292  283  270  272  263  266  255  252  239  232  224
  217  206  193  182  171  166  158  151  148  153  168  188  213  230  244  256
  267  278  286  292  298  307  320  333  352                                   
    27.5-180.0 180.0   5.0 450.0                            LAT/LON1/LON2/DLON/H
  365  385  397  413  421  429  440  455  471  482  489  492  487  477  460  445
  428  414  399  388  378  371  366  364  365  367  372  373  373  367  363  358
  359  356  354  341  327  311  298  288  287  286  285  279  271  260  248  239
  226  209  191  175  165  156  149  141  140  145  162  182  207  226  241  253
  263  274  283  292  297  310  321  343  365                                   
    25.0-180.0 180.0   5.0 450.0                            LAT/LON1/LON2/DLON/H
  382  400  415  434  449  462  478  492  510  520  525  527  522  513  496  478
  458  439  420  403  392  380  378  374  380  383  392  394  394  388  385  378
  380  374  366  346  326  307  297  290  296  297  299  291  284  269  260  245
  229  206  186  170  161  153  145  137  133  136  150  173  199  220  237  248
  261  274  286  297  308  320  340  358  382                                   
    22.5-180.0 180.0   5.0 450.0                            LAT/LON1/LON2/DLON/H
  398  416  432  465  483  503  521  540  556  570  575  572  563  552  532  514
  491  467  441  422  404  394  387  389  394  401  407  412  410  405  398  392
  386  377  358  333  309  289  278  277  285  294  298  297  290  278  264  248
  228  202  183  169  160  154  146  139  133  136  147  167  196  221  239  252
  263  277  293  310  320  337  354  379  398                                   
    20.0-180.0 180.0   5.0 450.0                            LAT/LON1/LON2/DLON/H
  416  430  450  482  510  536  559  583  600  615  618  619  606  595  570  551
  523  496  467  441  422  406  401  399  405  409  417  416  417  406  397  383
  375  360  335  303  282  260  250  253  265  278  287  290  285  273  260  241
  220  196  178  164  156  150  143  137  133  136  146  166  192  221  243  258
  270  283  301  319  337  354  379  398  416                                   
    17.5-180.0 180.0   5.0 450.0                            LAT/LON1/LON2/DLON/H
  432  446  466  503  530  563  586  616  636  653  661  664  655  638  612  591
  561  535  501  475  450  436  424  422  419  422  421  419  409  394  374  361
  343  325  297  270  248  227  219  224  239  252  265  272  272  262  249  231
  213  191  175  160  152  144  137  131  130  135  149  167  192  222  247  268
  280  296  314  333  349  369  391  421  432                                   
    15.0-180.0 180.0   5.0 450.0                            LAT/LON1/LON2/DLON/H
  445  457  482  514  545  575  600  631  653  672  681  692  688  679  647  628
  592  569  534  509  484  468  457  447  440  429  423  407  391  366  345  326
  309  286  262  236  218  202  199  206  220  232  245  253  257  248  238  220
  204  180  164  149  137  133  123  122  120  130  143  165  188  220  248  272
  287  304  322  343  363  385  411  439  445                                   
    12.5-180.0 180.0   5.0 450.0                            LAT/LON1/LON2/DLON/H
  454  472  495  525  551  578  600  631  654  678  692  710  716  711  686  662
  623  599  574  553  528  515  497  482  462  441  415  395  367  343  314  298
  277  259  238  216  203  192  196  205  216  223  234  241  244  237  225  209
  191  168  152  135  127  120  115  114  116  123  136  155  184  217  248  273
  289  308  327  350  370  393  418  456  454                                   
    10.0-180.0 180.0   5.0 450.0                            LAT/LON1/LON2/DLON/H
  465  487  511  536  562  581  603  627  651  673  694  713  727  729  710  691
  657  633  603  591  566  552  532  508  481  443  409  381  352  322  296  276
  260  242  225  209  206  206  217  228  234  236  241  243  242  233  219  197
  177  153  135  121  112  110  104  104  102  112  123  145  173  209  242  267
  284  305  326  350  373  401  429  464  465                                   
     7.5-180.0 180.0   5.0 450.0                            LAT/LON1/LON2/DLON/H
  473  502  522  551  567  583  598  618  637  658  680  704  722  730  720  704
  679  656  630  619  598  581  558  530  490  445  402  375  344  319  292  278
