data/unet/pred0800.15i
     1.0            IONOSPHERE MAPS     GNSS                IONEX VERSION / TYPE
pyspatialgeodesy        IME             05-JAN-18 20:20     PGM / RUN BY / DATE 
Map Name                                                    COMMENT             
Predicted global ionosphere maps (GIM).                     DESCRIPTION         
  2015     3    21     0     0     0                        EPOCH OF FIRST MAP  
  2015     3    22     0     0     0                        EPOCH OF LAST MAP   
  7200                                                      INTERVAL            
    13                                                      # OF MAPS IN FILE   
  NONE                                                      MAPPING FUNCTION    
10.0                                                        ELEVATION CUTOFF    
One-way carrier phase leveled to code                       OBSERVABLES USED    
  6371.0                                                    BASE RADIUS         
 2                                                          MAP DIMENSION       
   450.0 450.0   0.0                                        HGT1 / HGT2 / DHGT  
    87.5 -87.5  -2.5                                        LAT1 / LAT2 / DLAT  
  -180.0 180.0   5.0                                        LON1 / LON2 / DLON  
    -1                                                      EXPONENT            
                                                            END OF HEADER       
[from data line 2145]
     6                                                      START OF TEC MAP    
  2015     3    21    10     0     0                        EPOCH OF CURRENT MAP
    87.5-180.0 180.0   5.0 450.0                            LAT/LON1/LON2/DLON/H
   92  114  109  110  110  108  110  110  113  113  114  114  116  115  116  115
  116  115  116  114  115  113  114  111  111  109  109  107  106  104  104  102
  101  101  100   99   99   98   98   98   98   98   99   99   98   99   98   99
   97   98   97   98   97   98   99  100  101  101  101  101  102  101  101  101
  102  102  105  106  108  106  109   98   92                                   
    85.0-180.0 180.0   5.0 450.0                            LAT/LON1/LON2/DLON/H
  114  121  131  133  133  132  133  134  135  136  135  137  136  137  134  135
  133  134  131  133  133  133  132  132  132  132  131  131  129  129  128  128
  126  126  125  126  124  124  123  123  122  121  121  120  120  118  118  117
  116  114  115  112  113  111  113  110  113  110  113  111  115  113  115  113
  117  115  120  118  123  121  128  112  114                                   
    82.5-180.0 180.0   5.0 450.0                            LAT/LON1/LON2/DLON/H
  103  123  130  130  130  130  131  134  133  136  134  137  135  137  133  135
  133  133  131  132  132  132  131  131  130  130  129  129  127  128  126  127
  126  128  126  128  127  129  127  128  126  127  126  126  124  123  121  120
  118  116  115  114  112  111  111  110  111  110  111  111  112  113  114  114
  116  115  118  116  120  119  125  111  103                                   
    80.0-180.0 180.0   5.0 450.0                            LAT/LON1/LON2/DLON/H
  107  119  122  121  119  120  119  121  120  122  120  122  120  120  118  119
  117  117  114  115  113  113  112  111  111  110  111  109  112  110  114  112
  116  116  121  121  126  126  131  130  133  131  134  132  133  130  130  126
  125  122  121  119  117  117  116  116  116  116  115  116  117  118  118  119
  119  121  121  122  121  119  121  111  107                                   
    77.5-180.0 180.0   5.0 450.0                            LAT/LON1/LON2/DLON/H
  104  113  116  115  110  112  110  113  110  113  109  111  107  107  103  103
   99   99   96   97   94   95   92   93   91   92   92   94   95   97  100  103
  106  110  115  120  125  131  134  138  140  143  144  144  145  144  144  141
  141  137  137  134  133  132  132  131  132  131  131  130  130  129  129  128
  128  128  129  127  126  122  120  102  104                                   
    75.0-180.0 180.0   5.0 450.0                            LAT/LON1/LON2/DLON/H
  103  108  112  112  106  108  105  107  103  103   98   98   92   91   84   85
   78   80   75   78   74   77   74   77   74   78   77   80   79   86   87   94
   96  106  111  121  127  137  142  149  152  159  161  165  164  165  164  161
  158  156  154  151  149  149  146  149  146  148  145  145  142  141  139  138
  135  136  133  135  130  128  120  107  103                                   
    72.5-180.0 180.0   5.0 450.0                            LAT/LON1/LON2/DLON/H
  100  106  110  109  105  106  104  105  100   98   92   89   82   79   74   70
   68   66   66   65   65   64   65   66   67   68   70   71   74   76   82   87
   95  103  115  124  135  144  154  160  166  172  180  183  186  186  188  184
  182  177  175  171  169  166  165  164  163  160  159  155  153  149  146  143
  140  139  138  135  131  126  121  106  100                                   
    70.0-180.0 180.0   5.0 450.0                            LAT/LON1/LON2/DLON/H
   98   98  105  106  104  106  104  106  101   99   91   87   79   74   67   64
   60   60   57   60   58   61   60   64   64   67   67   69   71   74   78   86
   92  105  114  128  138  152  161  172  178  189  195  201  204  208  208  208
  203  199  193  190  184  182  176  174  170  167  161  158  154  151  146  143
  140  140  138  136  129  125  116  106   98                                   
    67.5-180.0 180.0   5.0 450.0                            LAT/LON1/LON2/DLON/H
   89   93   98  101  101  104  107  107  105  101   94   87   79   72   66   61
   59   56   57   56   60   60   64   63   66   66   68   68   71   73   77   84
   92  103  116  129  142  155  166  177  185  195  204  209  214  216  220  218
  217  213  208  204  197  192  186  180  174  168  161  154  148  143  138  135
  132  131  129  127  122  115  112   96   89                                   
    65.0-180.0 180.0   5.0 450.0                            LAT/LON1/LON2/DLON/H
   80   82   90   94   97  102  107  111  108  107   99   94   84   79   71   68
   63   63   61   64   64   67   69   71   71   73   72   74   75   78   80   87
   94  106  116  130  141  158  167  182  189  202  211  217  221  224  226  228
  226  226  222  218  209  203  192  184  175  166  156  147  138  132  126  122
  119  119  118  116  111  109  103   91   80                                   
    62.5-180.0 180.0   5.0 450.0                            LAT/LON1/LON2/DLON/H
   71   78   80   85   89   94  101  104  106  104  100   95   88   82   77   74
   72   69   70   70   73   73   77   76   78   76   76   75   76   79   82   88
   96  105  117  131  143  158  169  182  190  203  211  218  221  225  228  229
  230  232  231  227  218  209  197  186  176  166  154  143  132  124  116  112
  107  107  106  103   98   94   95   79   71                                   
    60.0-180.0 180.0   5.0 450.0                            LAT/LON1/LON2/DLON/H
   64   68   70   74   77   85   90   96   99  100   98   97   92   89   83   82
   78   78   76   77   78   79   81   81   81   82   79   83   79   85   85   94
  101  113  123  136  149  164  173  187  196  210  218  224  228  230  234  234
  238  241  244  241  235  223  210  197  186  174  162  149  137  128  116  111
  103  103  100  100   93   90   88   74   64                                   
    57.5-180.0 180.0   5.0 450.0                            LAT/LON1/LON2/DLON/H
   67   70   66   67   67   72   77   82   87   88   91   92   91   89   87   86
   83   83   82   81   83   82   84   81   83   81   81   81   80   85   89   99
  108  122  133  148  160  174  182  195  203  216  222  230  233  237  241  242
  247  249  256  252  246  235  222  211  201  189  177  165  154  142  129  120
  110  108  104  101   93   88   88   73   67                                   
    55.0-180.0 180.0   5.0 450.0                            LAT/LON1/LON2/DLON/H
   72   70   66   64   57   60   60   67   69   75   77   83   83   87   83   87
   83   84   81   81   80   79   78   80   77   81   77   82   81   91   95  111
  121  136  149  163  175  190  196  210  217  231  238  248  251  257  260  262
  267  271  278  274  270  258  247  236  228  219  207  197  182  171  153  144
  126  124  113  115  103  103   94   83   72                                   
    52.5-180.0 180.0   5.0 450.0                            LAT/LON1/LON2/DLON/H
   86   82   73   67   57   53   49   52   53   60   64   72   76   80   80   81
   80   79   78   77   75   75   74   75   75   76   77   75   77   82   96  115
  132  149  163  182  196  212  218  230  237  248  256  264  269  275  279  281
  286  288  297  292  288  275  265  256  249  242  233  225  217  205  188  173
  157  148  139  132  121  116  111  101   86                                   
    50.0-180.0 180.0   5.0 450.0                            LAT/LON1/LON2/DLON/H
  108   99   87   75   62   55   44   43   41   47   51   59   64   70   70   75
   72   74   71   72   70   70   68   72   70   76   76   82   86  100  113  138
  155  172  184  203  211  225  232  245  254  269  277  287  290  300  301  307
  308  311  315  312  308  297  287  279  274  270  263  256  247  236  220  204
  183  176  160  157  143  137  129  119  108                                   
    47.5-180.0 180.0   5.0 450.0                            LAT/LON1/LON2/DLON/H
  126  118  105   90   74   63   48   43   37   42   45   53   56   62   64   67
   67   68   66   66   64   64   64   65   68   74   79   88   98  115  134  157
  176  193  206  224  231  243  251  264  275  287  298  306  312  318  321  322
  323  321  321  316  311  299  289  282  278  275  272  268  265  257  243  228
  208  194  180  169  158  151  147  137  126                                   
    45.0-180.0 180.0   5.0 450.0                            LAT/LON1/LON2/DLON/H
  147  134  121  109   90   75   61   52   44   44   46   51   55   57   59   63
   64   67   66   68   65   66   65   68   70   77   83   98  107  132  146  177
  192  213  225  242  251  263  273  286  296  307  317  328  330  340  340  344
  340  338  331  324  316  304  293  288  284  283  278  277  271  266  252  241
  220  210  190  184  170  162  158  149  147                                   
    42.5-180.0 180.0   5.0 450.0                            LAT/LON1/LON2/DLON/H
  151  145  137  127  108   91   76   65   55   53   52   56   58   59   59   62
   63   66   66   67   65   64   63   64   70   77   88  102  120  141  162  188
  206  226  241  258  270  284  295  309  319  332  339  346  349  353  356  354
  350  340  331  318  308  295  284  277  273  270  267  265  264  259  250  239
  222  208  192  181  169  160  161  154  151                                   
    40.0-180.0 180.0   5.0 450.0                            LAT/LON1/LON2/DLON/H
  151  146  140  138  122  111   94   85   75   71   68   68   67   66   63   66
   67   70   71   72   70   67   65   67   71   81   93  111  128  152  169  197
  212  235  249  270  283  301  314  332  345  360  366  372  368  373  371  372
  362  357  342  330  319  306  295  286  278  272  263  259  252  250  239  232
  215  207  189  180  165  156  151  142  151                                   
    37.5-180.0 180.0   5.0 450.0                            LAT/LON1/LON2/DLON/H
  137  140  137  138  127  120  107  100   91   86   82   80   78   75   72   73
   74   76   76   76   73   68   65   65   70   81   95  112  132  156  175  200
  218  240  258  280  297  318  335  357  374  391  394  398  392  392  390  386
  382  370  361  347  340  328  317  304  291  277  264  255  249  242  236  228
  216  203  190  174  158  143  139  126  137                                   
    35.0-180.0 180.0   5.0 450.0                            LAT/LON1/LON2/DLON/H
  120  122  120  123  120  121  114  109  104  100   97   95   93   88   85   84
   84   87   86   86   83   76   71   67   72   83  100  120  140  166  186  212
  226  251  268  296  313  336  355  381  398  418  423  429  420  420  415  415
  410  408  402  396  391  385  376  364  343  319  293  277  265  257  246  240
  227  219  203  186  163  145  132  116  120                                   
    32.5-180.0 180.0   5.0 450.0                            LAT/LON1/LON2/DLON/H
  111  113  103  108  105  110  108  110  107  108  104  104  101   98   94   94
   94   96   96   96   90   82   73   69   72   86  103  124  146  175  196  220
  238  260  279  311  330  355  377  403  423  444  453  456  450  451  451  457
  465  468  472  469  471  467  464  448  430  392  357  326  307  292  283  273
  265  253  238  213  186  156  141  108  111                                   
    30.0-180.0 180.0   5.0 450.0                            LAT/LON1/LON2/DLON/H
  114  108   98   95   96  102  103  105  107  108  109  109  109  106  103  103
  104  106  106  104   98   89   81   75   77   91  112  139  161  191  213  238
  252  277  290  326  345  376  402  430  453  477  487  491  486  491  496  515
  537  557  574  578  597  609  616  609  588  541  493  437  408  372  356  339
  328  314  292  261  223  189  167  131  114                                   
    27.5-180.0 180.0   5.0 450.0                            LAT/LON1/LON2/DLON/H
  129  124  103   97   93  100  100  103  104  109  109  112  111  112  109  111
  111  114  112  110  104   96   87   82   84   97  121  146  175  202  228  251
  268  284  302  331  353  389  423  456  480  505  518  523  520  533  552  592
  634  667  686  698  725  748  757  741  705  666  625  584  556  527  491  462
  429  409  368  330  278  245  209  158  129                                   
    25.0-180.0 180.0   5.0 450.0                            LAT/LON1/LON2/DLON/H
  160  158  132  109  107  103  105  103  105  107  109  113  113  113  111  113
  115  115  116  114  112  106  101   95   97  112  135  165  191  220  244  266
  281  298  316  348  372  413  449  483  510  538  555  564  568  588  621  671
  712  747  782  807  829  848  847  839  810  771  721  677  646  614  571  546
  515  490  459  404  347  308  262  216  160                                   
    22.5-180.0 180.0   5.0 450.0                            LAT/LON1/LON2/DLON/H
  211  193  177  146  130  121  112  109  108  109  111  112  112  111  110  111
  110  111  112  112  113  111  112  107  113  125  153  180  213  231  255  267
  293  310  334  372  399  433  469  497  532  561  583  601  614  647  684  723
  770  808  842  867  896  912  919  914  889  851  808  759  713  678  634  617
  585  558  513  470  423  365  325  280  211                                   
    20.0-180.0 180.0   5.0 450.0                            LAT/LON1/LON2/DLON/H
  280  253  223  194  177  148  137  117  115  108  112  111  113  108  110  106
  110  105  110  109  117  116  121  119  129  148  177  203  228  247  263  282
  306  330  359  397  428  461  494  527  559  593  618  640  661  693  723  757
  801  837  872  898  923  939  938  934  912  884  845  817  768  728  688  648
  618  589  556  512  467  421  399  350  280                                   
    17.5-180.0 180.0   5.0 450.0                            LAT/LON1/LON2/DLON/H
  340  300  285  239  211  196  171  148  131  121  118  116  116  111  112  105
  108  102  106  105  116  120  127  132  142  165  187  211  237  251  271  289
  321  348  387  423  452  480  514  542  578  611  638  662  688  715  745  778
  814  844  874  894  919  925  929  915  897  872  844  816  785  745  700  657
  625  591  570  541  507  460  450  406  340                                   
    15.0-180.0 180.0   5.0 450.0                            LAT/LON1/LON2/DLON/H
  377  354  328  285  250  228  207  187  166  137  132  120  123  115  119  110
  114  105  110  104  113  118  131  140  159  171  201  220  250  269  285  310
  338  374  407  440  468  497  529  560  592  628  651  678  703  725  751  774
  799  817  836  844  859  862  864  847  833  809  799  776  755  720  677  627
  591  559  545  526  512  472  475  437  377                                   
    12.5-180.0 180.0   5.0 450.0                            LAT/LON1/LON2/DLON/H
  408  375  372  329  295  260  235  218  194  170  151  138  132  123  120  117
  114  110  106  108  113  124  134  153  162  183  204  228  260  276  297  320
  352  386  421  450  475  503  536  566  600  634  654  682  704  732  750  763
  774  783  782  779  771  767  757  751  738  730  727  727  712  680  635  594
  554  529  515  504  499  472  487  456  408                                   
    10.0-180.0 180.0   5.0 450.0                            LAT/LON1/LON2/DLON/H
  424  400  384  348  322  284  261  237  222  201  180  159  151  136  130  129
  123  120  113  117  125  134  151  157  179  192  222  243  274  298  316  343
  371  400  433  458  481  510  540  573  603  633  651  675  701  722  746  753
  752  750  736  719  698  684  668  659  657  656  668  672  669  640  600  548
  507  478  460  455  455  450  478  446  424                                   
     7.5-180.0 180.0   5.0 450.0                            LAT/LON1/LON2/DLON/H
  439  424  411  377  349  310  283  259  244  223  203  179  166  147  135  133
  126  122  114  115  117  130  140  158  178  202  228  254  287  302  328  345
