data/unet/pred0290.15i
     1.0            IONOSPHERE MAPS     GNSS                IONEX VERSION / TYPE
pyspatialgeodesy        IME             05-JAN-18 20:20     PGM / RUN BY / DATE 
Map Name                                                    COMMENT             
Predicted global ionosphere maps (GIM).                     DESCRIPTION         
  2015     1    29     0     0     0                        EPOCH OF FIRST MAP  
  2015     1    30     0     0     0                        EPOCH OF LAST MAP   
  7200                                                      INTERVAL            
    13                                                      # OF MAPS IN FILE   
  NONE                                                      MAPPING FUNCTION    
10.0                                                        ELEVATION CUTOFF    
One-way carrier phase leveled to code                       OBSERVABLES USED    
  6371.0                                                    BASE RADIUS         
 2                                                          MAP DIMENSION       
   450.0 450.0   0.0                                        HGT1 / HGT2 / DHGT  
    87.5 -87.5  -2.5                                        LAT1 / LAT2 / DLAT  
  -180.0 180.0   5.0                                        LON1 / LON2 / DLON  
    -1                                                      EXPONENT            
                                                            END OF HEADER       
     1                                                      START OF TEC MAP    
  2015     1    29     0     0     0                        EPOCH OF CURRENT MAP
    87.5-180.0 180.0   5.0 450.0                            LAT/LON1/LON2/DLON/H
  119   86   81   76   79   74   79   75   80   76   80   76   80   76   80   75
   79   75   78   73   77   72   76   71   74   70   72   68   70   66   68   64
   66   62   64   61   64   60   63   60   64   61   64   61   66   63   67   64
   68   65   69   65   69   66   68   65   68   64   67   63   67   64   67   64
   69   66   71   69   76   72   85  112  119                                   
    85.0-180.0 180.0   5.0 450.0                            LAT/LON1/LON2/DLON/H
   96   70   72   70   68   67   70   68   72   70   73   70   73   70   72   69
   72   68   70   66   68   63   64   59   60   55   55   49   50   45   44   40
   40   36   36   33   34   32   34   33   36   36   39   39   44   45   48   48
   52   52   54   53   56   54   54   52   53   50   50   48   49   48   49   49
   52   53   57   57   63   56   59   89   96                                   
    82.5-180.0 180.0   5.0 450.0                            LAT/LON1/LON2/DLON/H
   92   75   80   80   80   77   81   79   85   81   85   82   87   83   86   83
   86   81   83   79   80   75   74   68   66   59   57   50   49   42   42   36
   38   32   34   30   35   31   36   35   41   40   46   45   52   52   58   56
   63   60   65   61   65   60   63   58   61   55   58   53   57   53   57   55
   62   60   67   65   71   64   68   89   92                                   
    80.0-180.0 180.0   5.0 450.0                            LAT/LON1/LON2/DLON/H
  102   94   99  102  100  101  103  104  106  106  107  107  108  107  107  105
  106  103  103  100   98   95   91   87   82   76   70   64   59   53   50   45
   45   42   43   42   45   46   49   51   55   57   61   64   68   70   73   75
   78   78   80   79   81   78   79   76   76   72   72   69   69   67   69   70
   74   76   81   81   83   80   84   99  102                                   
    77.5-180.0 180.0   5.0 450.0                            LAT/LON1/LON2/DLON/H
  118  113  118  120  118  119  121  122  124  124  125  125  125  123  122  119
  119  116  115  113  111  108  106  101   97   90   84   76   71   64   60   56
   55   52   54   54   57   58   62   63   68   68   73   74   78   79   83   83
   86   85   87   85   86   83   83   79   79   75   74   71   72   70   73   74
   80   82   89   90   94   93   99  109  118                                   
    75.0-180.0 180.0   5.0 450.0                            LAT/LON1/LON2/DLON/H
  133  133  138  140  138  140  141  142  143  143  143  142  140  136  133  128
  125  122  121  120  118  118  116  114  109  104   97   91   84   78   73   70
   68   67   68   69   72   74   77   78   80   81   83   84   85   87   88   88
   88   88   87   86   85   83   81   79   76   74   72   72   70   72   74   78
   84   90   97  102  106  109  115  124  133                                   
    72.5-180.0 180.0   5.0 450.0                            LAT/LON1/LON2/DLON/H
  154  155  160  160  158  159  159  160  160  159  158  154  149  142  135  128
  123  118  117  116  117  117  118  117  115  110  105   98   92   86   82   79
   78   78   79   80   83   85   88   89   91   89   91   88   89   86   87   84
   84   81   81   78   78   74   73   69   69   65   67   65   68   69   76   80
   89   96  107  113  120  125  133  141  154                                   
    70.0-180.0 180.0   5.0 450.0                            LAT/LON1/LON2/DLON/H
  169  173  180  180  177  178  178  179  178  177  173  168  159  148  137  125
  116  109  107  105  107  109  112  113  112  109  105  100   95   90   87   84
   84   84   86   87   90   91   94   93   94   92   91   87   85   81   80   76
   74   71   70   68   66   64   62   60   59   59   60   62   66   71   78   86
   96  104  116  125  134  142  153  163  169                                   
    67.5-180.0 180.0   5.0 450.0                            LAT/LON1/LON2/DLON/H
  188  190  197  197  193  194  194  195  194  193  188  180  168  154  138  123
  110  100   96   94   96   98  102  103  103  102   99   94   90   86   84   81
   81   81   83   84   87   88   90   89   88   85   84   79   75   70   68   64
   63   59   59   56   56   52   53   50   53   52   57   60   69   75   85   94
  105  114  126  136  147  157  168  178  188                                   
    65.0-180.0 180.0   5.0 450.0                            LAT/LON1/LON2/DLON/H
  197  201  209  208  204  206  205  206  207  206  202  193  179  162  142  123
  108   95   89   85   86   87   90   91   91   90   88   85   82   79   76   74
   73   73   74   75   77   78   80   78   77   75   73   68   64   60   57   53
   52   49   49   47   47   45   45   45   49   52   59   65   76   84   96  104
  117  126  137  146  157  167  181  193  197                                   
    62.5-180.0 180.0   5.0 450.0                            LAT/LON1/LON2/DLON/H
  206  206  213  212  209  210  210  211  213  214  212  204  190  172  151  131
  112   99   89   84   82   82   82   81   80   78   76   73   71   68   65   62
   61   60   61   61   64   64   65   64   63   61   59   55   53   49   47   44
   45   43   44   42   43   41   42   43   49   54   64   73   85   96  108  118
  131  138  148  156  166  174  185  200  206                                   
    60.0-180.0 180.0   5.0 450.0                            LAT/LON1/LON2/DLON/H
  204  207  214  212  208  209  209  212  215  219  219  215  202  184  163  142
  124  109   97   89   85   80   77   72   69   65   63   61   60   57   55   52
   51   49   50   50   52   52   54   53   53   51   51   48   47   45   43   41
   43   41   44   42   44   41   44   45   54   61   74   84   99  111  125  135
  146  152  160  165  174  179  189  203  204                                   
    57.5-180.0 180.0   5.0 450.0                            LAT/LON1/LON2/DLON/H
  209  209  214  214  208  208  208  211  216  220  223  220  211  196  177  159
  140  126  113  103   94   86   78   70   63   58   55   52   52   50   49   46
   45   43   43   43   45   46   47   48   48   47   47   46   46   45   44   43
   45   44   48   46   48   47   49   52   62   71   84   97  113  127  142  153
  163  169  174  178  183  186  191  206  209                                   
    55.0-180.0 180.0   5.0 450.0                            LAT/LON1/LON2/DLON/H
  212  215  222  220  213  212  210  213  217  221  223  222  216  206  189  175
  158  144  131  118  106   92   81   68   61   54   51   49   50   50   49   48
   47   45   45   45   47   48   50   50   52   51   53   53   54   52   52   50
   51   51   55   54   57   55   59   61   72   80   95  108  126  141  157  168
  180  186  191  193  196  197  202  216  212                                   
    52.5-180.0 180.0   5.0 450.0                            LAT/LON1/LON2/DLON/H
  230  228  236  234  226  223  220  221  222  224  224  221  216  209  198  187
  173  160  146  132  117  103   87   74   64   58   54   54   55   56   56   54
   53   51   51   52   55   57   58   59   60   61   62   63   63   62   60   57
   59   58   63   62   66   65   68   71   79   89  102  117  135  152  168  181
  193  202  208  212  215  215  217  233  230                                   
    50.0-180.0 180.0   5.0 450.0                            LAT/LON1/LON2/DLON/H
  249  250  258  256  249  246  239  236  232  231  225  221  215  210  202  194
  182  170  156  141  126  109   94   80   72   66   63   63   65   65   64   62
   61   59   60   62   66   69   72   72   73   74   76   76   78   75   73   69
   70   70   74   75   79   79   83   84   92   99  112  127  146  163  179  193
  206  216  225  232  236  237  241  258  249                                   
    47.5-180.0 180.0   5.0 450.0                            LAT/LON1/LON2/DLON/H
  275  276  284  283  277  273  266  260  252  245  235  225  216  210  202  196
  185  173  160  146  130  116  102   91   84   80   77   76   76   75   72   68
   67   66   68   71   77   80   83   83   84   85   87   88   89   86   84   80
   82   82   86   88   92   93   95   96  101  108  119  134  153  171  187  201
  215  228  239  249  257  262  267  282  275                                   
    45.0-180.0 180.0   5.0 450.0                            LAT/LON1/LON2/DLON/H
  292  301  307  307  302  299  290  283  273  262  245  231  218  211  204  196
  185  172  160  146  134  121  111  103   98   94   90   87   85   80   75   70
   68   66   70   74   82   85   87   88   89   91   94   96   98   96   95   92
   94   94   99  101  107  108  109  109  114  119  129  143  162  179  194  206
  220  234  248  261  275  284  294  306  292                                   
    42.5-180.0 180.0   5.0 450.0                            LAT/LON1/LON2/DLON/H
  307  313  320  320  315  314  307  301  292  279  260  242  227  217  207  198
  185  172  159  148  138  131  123  118  112  107  101   94   89   82   75   68
   66   64   69   74   82   85   87   88   90   93   97  100  103  102  102  100
  103  103  108  112  117  119  120  121  123  128  138  152  171  186  200  211
  224  237  252  268  286  298  307  319  307                                   
    40.0-180.0 180.0   5.0 450.0                            LAT/LON1/LON2/DLON/H
  306  314  317  318  316  316  312  310  301  291  271  253  235  224  213  202
  188  174  163  154  148  143  138  132  125  116  107   97   88   79   71   64
   62   61   66   71   80   83   86   85   90   93   99  102  107  107  108  107
  111  111  117  122  129  131  133  133  137  143  153  167  185  199  211  220
  231  242  256  273  292  306  318  326  306                                   
    37.5-180.0 180.0   5.0 450.0                            LAT/LON1/LON2/DLON/H
  303  303  304  303  301  304  305  307  303  294  278  261  246  234  222  210
  195  183  173  168  164  161  155  146  136  124  111   98   88   78   70   66
   65   67   72   80   86   91   91   92   93   99  103  108  111  111  111  111
  113  115  121  126  134  138  141  143  148  156  168  183  200  214  225  233
  240  249  259  274  293  307  316  324  303                                   
    35.0-180.0 180.0   5.0 450.0                            LAT/LON1/LON2/DLON/H
  292  289  287  283  282  286  289  296  294  291  277  265  251  244  232  220
  207  197  191  188  186  181  170  156  142  125  112   98   92   86   86   86
   90   90   98  100  108  105  106  100  105  106  113  114  117  115  114  112
  114  115  121  127  136  141  146  149  157  167  181  197  215  229  241  248
  254  260  269  279  295  307  322  326  292                                   
    32.5-180.0 180.0   5.0 450.0                            LAT/LON1/LON2/DLON/H
  293  283  279  271  268  271  276  283  286  283  274  264  255  248  240  230
  219  213  209  209  205  196  180  160  142  125  113  106  105  113  120  132
  138  144  146  150  148  143  132  126  123  125  126  126  124  119  114  110
  109  110  115  121  130  137  143  148  157  171  190  208  227  243  257  265
  273  278  285  291  304  313  325  330  293                                   
    30.0-180.0 180.0   5.0 450.0                            LAT/LON1/LON2/DLON/H
  301  289  282  273  270  271  274  280  282  280  271  263  255  250  242  237
  230  227  226  225  218  204  181  157  142  128  126  128  139  154  176  191
  205  207  207  202  192  177  161  148  145  141  143  138  134  124  118  112
  109  107  111  115  124  129  136  142  154  171  194  214  236  254  271  284
  294  303  309  314  324  332  349  352  301                                   
    27.5-180.0 180.0   5.0 450.0                            LAT/LON1/LON2/DLON/H
  329  313  312  298  294  290  291  290  291  284  276  266  258  251  244  238
  236  234  234  231  220  199  173  151  138  137  144  163  186  214  239  263
  272  272  263  254  233  213  187  173  163  160  155  151  139  128  116  108
  101   98   99  103  110  114  121  129  145  166  195  219  244  261  283  302
  317  328  335  339  351  359  378  382  329                                   
    25.0-180.0 180.0   5.0 450.0                            LAT/LON1/LON2/DLON/H
  370  351  357  345  342  335  328  320  313  303  291  279  267  256  245  240
  237  237  234  229  212  188  162  145  144  154  177  207  245  285  330  357
  361  348  326  300  269  238  210  192  178  172  164  155  140  126  113  102
   93   88   88   92  100  105  111  118  137  160  191  218  245  264  290  316
  338  355  367  374  383  394  419  430  370                                   
    22.5-180.0 180.0   5.0 450.0                            LAT/LON1/LON2/DLON/H
  418  411  413  407  407  399  388  371  358  338  321  299  284  266  252  241
  236  231  225  213  194  170  151  145  155  182  216  265  310  365  407  427
  420  392  358  319  279  243  215  193  181  171  161  149  132  118  101   89
   76   70   68   74   82   90   99  107  128  154  188  217  247  269  296  328
  359  380  400  408  416  431  464  487  418                                   
    20.0-180.0 180.0   5.0 450.0                            LAT/LON1/LON2/DLON/H
  466  468  472  476  476  467  454  439  418  394  364  334  308  285  263  248
  236  225  212  197  177  159  152  160  186  224  275  327  382  434  466  472
  446  400  356  309  266  231  202  184  172  165  151  139  120  105   89   79
   67   61   59   63   71   79   88   99  121  150  187  220  254  278  310  347
  386  415  440  451  459  475  519  550  466                                   
    17.5-180.0 180.0   5.0 450.0                            LAT/LON1/LON2/DLON/H
  527  534  542  542  539  534  521  506  492  464  429  385  350  312  287  262
  246  226  206  186  171  162  170  194  231  282  333  385  428  460  473  445
  408  357  308  260  227  196  176  164  156  151  139  125  103   89   75   66
   57   52   50   53   61   69   81   97  122  153  194  229  263  287  324  364
  409  444  474  489  501  524  566  601  527                                   
    15.0-180.0 180.0   5.0 450.0                            LAT/LON1/LON2/DLON/H
  579  589  598  595  591  586  574  562  549  527  495  447  397  354  320  294
  270  245  217  197  187  192  212  251  297  349  392  427  445  451  436  394
  350  292  244  199  177  160  153  149  145  142  130  117   98   88   77   72
   66   63   60   61   64   71   83  102  131  165  208  244  277  303  343  386
  436  475  506  525  541  570  610  638  579                                   
    12.5-180.0 180.0   5.0 450.0                            LAT/LON1/LON2/DLON/H
  627  640  645  632  625  614  606  594  589  574  552  508  458  407  373  338
  314  282  254  232  229  244  276  323  370  413  436  439  429  399  363  316
  270  221  181  153  141  137  135  139  136  136  124  112   95   85   82   77
   77   74   73   71   73   77   90  111  142  179  222  257  290  317  358  406
  453  494  524  545  563  595  635  652  627                                   
    10.0-180.0 180.0   5.0 450.0                            LAT/LON1/LON2/DLON/H
  662  676  673  660  650  634  628  617  619  607  594  553  512  462  422  394
  367  338  307  292  293  320  355  403  437  460  457  433  394  344  292  240
  201  162  141  124  126  128  135  139  140  135  127  115  104   97   97   96
   97   96   92   90   88   92  102  125  157  196  237  272  302  331  373  420
  469  506  538  559  578  609  647  650  662                                   
     7.5-180.0 180.0   5.0 450.0                            LAT/LON1/LON2/DLON/H
  677  690  685  673  664  646  641  634  642  633  625  590  557  513  479  447
  428  401  378  365  374  400  431  463  477  472  446  400  343  286  231  187
