data/unet/pred1340.15i
     1.0            IONOSPHERE MAPS     GNSS                IONEX VERSION / TYPE
pyspatialgeodesy        IME             05-JAN-18 20:20     PGM / RUN BY / DATE 
Map Name                                                    COMMENT             
Predicted global ionosphere maps (GIM).                     DESCRIPTION         
  2015     5    14     0     0     0                        EPOCH OF FIRST MAP  
  2015     5    15     0     0     0                        EPOCH OF LAST MAP   
  7200                                                      INTERVAL            
    13                                                      # OF MAPS IN FILE   
  NONE                                                      MAPPING FUNCTION    
10.0                                                        ELEVATION CUTOFF    
One-way carrier phase leveled to code                       OBSERVABLES USED    
  6371.0                                                    BASE RADIUS         
 2                                                          MAP DIMENSION       
   450.0 450.0   0.0                                        HGT1 / HGT2 / DHGT  
    87.5 -87.5  -2.5                                        LAT1 / LAT2 / DLAT  
  -180.0 180.0   5.0                                        LON1 / LON2 / DLON  
    -1                                                      EXPONENT            
                                                            END OF HEADER       
[from data line 4719]
    12                                                      START OF TEC MAP    
  2015     5    14    22     0     0                        EPOCH OF CURRENT MAP
    87.5-180.0 180.0   5.0 450.0                            LAT/LON1/LON2/DLON/H
  189  148  139  142  141  141  142  142  144  144  146  146  148  147  149  148
  150  149  150  148  150  148  149  147  147  145  145  142  142  139  140  137
  137  134  134  132  132  129  130  127  128  126  126  125  125  124  124  123
  124  124  124  125  125  126  127  127  129  129  131  131  133  133  135  134
  135  135  136  137  138  139  142  165  189                                   
    85.0-180.0 180.0   5.0 450.0                            LAT/LON1/LON2/DLON/H
  138  139  142  146  147  147  149  152  153  155  157  159  160  162  163  164
  164  164  163  163  163  163  161  161  159  157  154  152  148  145  142  139
  136  133  131  128  126  123  122  120  120  118  118  117  118  116  118  118
  120  119  122  123  125  125  128  130  132  132  134  135  137  137  138  139
  139  140  139  142  142  144  142  153  138                                   
    82.5-180.0 180.0   5.0 450.0                            LAT/LON1/LON2/DLON/H
  128  136  145  150  151  152  155  158  161  164  167  170  172  174  176  178
  177  178  177  178  176  177  174  174  170  169  164  162  156  153  148  145
  139  136  132  130  126  123  122  119  119  116  118  116  118  116  120  119
  122  121  126  126  130  129  135  135  139  138  142  142  144  143  146  144
  146  144  146  143  145  143  143  144  128                                   
    80.0-180.0 180.0   5.0 450.0                            LAT/LON1/LON2/DLON/H
  129  137  141  144  145  147  153  156  162  165  171  175  179  182  185  186
  188  188  188  187  187  185  183  182  179  176  171  168  162  158  152  148
  142  137  133  128  125  122  120  117  118  115  117  115  118  116  119  118
  121  120  125  125  130  130  135  136  140  140  144  143  146  145  146  145
  145  143  143  140  141  141  137  136  129                                   
    77.5-180.0 180.0   5.0 450.0                            LAT/LON1/LON2/DLON/H
  128  137  138  141  144  145  152  155  163  167  176  180  186  190  194  195
  196  194  195  193  192  190  189  187  185  183  180  176  172  167  163  158
  153  148  144  139  136  132  130  128  126  125  125  124  125  124  126  125
  127  127  130  131  135  135  140  141  145  145  149  148  150  149  150  147
  147  144  144  140  141  138  135  129  128                                   
    75.0-180.0 180.0   5.0 450.0                            LAT/LON1/LON2/DLON/H
  132  138  138  143  143  147  152  158  165  172  180  188  193  199  201  202
  201  199  196  194  192  190  188  187  187  185  184  181  178  174  170  165
  161  156  152  149  145  142  139  136  134  132  131  130  130  129  129  129
  130  131  132  133  135  136  139  141  143  145  148  149  149  149  148  147
  144  143  141  140  139  139  136  134  132                                   
    72.5-180.0 180.0   5.0 450.0                            LAT/LON1/LON2/DLON/H
  139  149  147  150  151  152  158  163  172  179  189  196  203  205  207  204
  201  195  191  186  186  183  184  183  185  184  184  182  181  178  175  170
  167  162  160  155  152  148  146  142  141  138  138  136  136  135  135  134
  136  134  135  134  137  136  139  139  143  144  148  147  150  148  149  145
  144  141  142  140  142  143  141  139  139                                   
    70.0-180.0 180.0   5.0 450.0                            LAT/LON1/LON2/DLON/H
  150  160  159  162  162  163  167  173  182  191  200  209  213  216  213  209
  201  194  186  182  179  177  178  179  181  180  181  179  179  175  173  168
  166  161  160  155  154  150  148  145  143  141  139  139  137  137  136  137
  136  136  134  135  134  135  136  138  140  144  145  148  148  148  147  146
  144  143  142  144  145  149  148  150  150                                   
    67.5-180.0 180.0   5.0 450.0                            LAT/LON1/LON2/DLON/H
  161  172  172  175  174  173  178  182  193  200  213  218  224  223  220  210
  202  190  182  174  173  169  172  172  176  175  176  173  172  169  167  163
  160  156  154  150  148  144  142  139  138  135  134  131  132  130  131  128
  131  128  130  127  129  127  131  131  137  138  143  144  148  147  148  144
  144  141  143  143  148  152  153  155  161                                   
    65.0-180.0 180.0   5.0 450.0                            LAT/LON1/LON2/DLON/H
  167  181  183  185  184  182  186  191  202  212  224  230  233  233  225  216
  202  193  182  176  173  171  171  172  174  172  171  167  165  161  158  153
  150  146  143  139  137  134  132  130  128  126  125  124  122  121  121  121
  121  122  121  122  121  123  124  128  131  136  139  144  146  148  147  146
  144  142  142  144  148  154  157  162  167                                   
    62.5-180.0 180.0   5.0 450.0                            LAT/LON1/LON2/DLON/H
  170  183  186  190  188  186  190  195  207  216  229  234  240  237  232  221
  210  197  189  181  178  174  175  173  175  170  169  162  160  154  151  145
  143  137  133  128  125  121  120  117  117  114  114  112  111  109  110  108
  111  109  112  110  113  113  118  119  126  130  138  141  147  147  149  146
  146  143  143  143  148  151  155  161  170                                   
    60.0-180.0 180.0   5.0 450.0                            LAT/LON1/LON2/DLON/H
  168  182  187  191  189  187  191  197  208  219  230  238  242  243  236  229
  217  209  198  195  190  187  185  183  181  175  170  164  160  154  151  146
  142  135  129  124  119  115  112  112  110  109  107  105  102  101  100  100
  101  102  103  106  107  110  112  119  124  131  136  143  147  150  151  151
  149  146  145  144  146  149  152  161  168                                   
    57.5-180.0 180.0   5.0 450.0                            LAT/LON1/LON2/DLON/H
  166  178  182  187  187  186  189  194  205  214  225  231  237  238  237  232
  227  220  214  209  206  202  198  194  191  182  178  170  168  162  160  154
  150  142  134  126  121  116  114  111  111  109  107  103  100   96   96   94
   96   95   99   99  102  104  110  114  124  129  138  143  150  153  156  156
  156  152  150  147  149  148  148  157  166                                   
    55.0-180.0 180.0   5.0 450.0                            LAT/LON1/LON2/DLON/H
  165  176  182  188  187  188  191  197  206  214  222  229  232  236  236  237
  232  232  224  225  218  218  213  210  204  198  192  186  184  181  179  174
  169  159  149  139  131  125  122  120  119  117  115  110  104   99   95   95
   93   95   95   99   99  105  108  119  125  135  140  148  152  157  158  161
  162  161  159  156  154  150  150  161  165                                   
    52.5-180.0 180.0   5.0 450.0                            LAT/LON1/LON2/DLON/H
  175  183  187  195  195  196  200  204  212  215  221  223  227  228  232  234
  237  236  233  231  229  227  225  221  218  212  209  204  205  202  202  195
  190  176  166  153  145  138  136  135  134  132  128  121  113  105  101   97
   97   96   98   99  101  105  112  119  129  136  144  148  155  158  163  167
  172  173  172  168  166  161  155  168  175                                   
    50.0-180.0 180.0   5.0 450.0                            LAT/LON1/LON2/DLON/H
  189  198  202  212  212  216  219  224  228  230  230  232  228  231  232  238
  239  242  237  238  232  233  230  230  227  225  224  223  226  223  222  214
  205  191  179  168  161  155  153  151  151  148  144  135  127  117  111  106
  104  104  103  106  106  111  116  127  134  144  149  155  158  164  167  175
  181  187  188  185  181  174  169  185  189                                   
    47.5-180.0 180.0   5.0 450.0                            LAT/LON1/LON2/DLON/H
  214  219  228  237  240  243  246  250  253  252  248  244  238  236  236  239
  242  242  239  236  235  234  236  236  238  236  238  235  239  236  234  223
  215  201  190  180  174  171  170  169  168  165  159  150  140  129  122  116
  115  113  114  113  116  119  126  133  145  151  159  161  167  169  175  182
  192  199  205  202  199  193  188  206  214                                   
    45.0-180.0 180.0   5.0 450.0                            LAT/LON1/LON2/DLON/H
  238  244  255  266  271  278  280  285  284  283  275  270  257  253  248  251
  250  252  246  246  240  242  242  245  247  247  246  245  243  240  236  228
  218  207  198  190  186  184  183  183  181  178  174  163  153  142  136  129
  127  124  124  125  126  131  135  146  155  166  172  178  180  184  187  196
  204  214  219  222  219  216  216  234  238                                   
    42.5-180.0 180.0   5.0 450.0                            LAT/LON1/LON2/DLON/H
  262  268  280  293  301  308  315  319  320  318  309  304  289  279  271  268
  266  262  258  255  252  254  256  258  259  256  253  249  245  240  234  228
  219  214  207  204  201  201  199  199  196  194  187  179  168  158  150  144
  141  137  137  135  139  142  149  157  170  179  191  195  200  200  203  206
  216  224  233  235  237  237  240  259  262                                   
    40.0-180.0 180.0   5.0 450.0                            LAT/LON1/LON2/DLON/H
  282  291  304  318  325  338  343  352  349  352  339  337  319  309  297  293
  285  280  273  273  270  275  274  277  273  269  261  254  247  241  235  230
  225  222  219  219  217  219  215  217  211  210  205  196  187  178  170  162
  159  153  151  149  151  153  160  169  181  193  207  216  221  221  221  224
  229  239  245  252  254  258  267  282  282                                   
    37.5-180.0 180.0   5.0 450.0                            LAT/LON1/LON2/DLON/H
  298  308  321  334  342  354  365  374  379  381  372  369  354  342  329  320
  312  302  298  294  297  300  299  301  293  288  275  266  256  250  243  241
  239  239  240  240  242  242  240  237  231  227  224  217  208  201  192  185
  179  172  167  164  166  165  171  176  189  202  221  232  241  239  241  239
  245  250  258  263  269  274  282  301  298                                   
    35.0-180.0 180.0   5.0 450.0                            LAT/LON1/LON2/DLON/H
  320  331  345  356  364  376  387  400  406  412  402  402  389  381  368  355
  344  333  327  323  324  327  324  322  312  305  293  284  275  269  264  264
  262  267  270  275  275  277  268  265  254  250  247  240  232  223  212  204
  197  189  184  180  180  179  181  185  195  210  232  248  261  262  263  261
  262  268  271  279  283  290  307  321  320                                   
    32.5-180.0 180.0   5.0 450.0                            LAT/LON1/LON2/DLON/H
  343  355  369  382  390  401  415  428  438  442  437  436  431  423  410  393
  381  364  359  350  353  352  350  347  334  330  319  315  307  304  301  301
  303  308  315  318  320  314  304  293  282  274  270  263  251  239  229  219
  211  201  194  191  191  191  191  192  202  216  237  256  272  278  281  277
  279  282  288  295  300  310  321  341  343                                   
    30.0-180.0 180.0   5.0 450.0                            LAT/LON1/LON2/DLON/H
  369  381  394  409  423  436  455  468  480  481  480  480  476  468  455  435
  421  404  393  383  380  377  372  365  356  350  348  343  345  341  347  350
  358  362  366  363  358  346  331  320  304  298  290  282  267  252  238  226
  216  206  198  194  190  188  183  185  189  204  224  250  269  283  290  294
  297  303  309  316  323  329  346  364  369                                   
    27.5-180.0 180.0   5.0 450.0                            LAT/LON1/LON2/DLON/H
  399  412  428  454  475  495  514  530  538  538  533  531  527  517  502  481
  463  444  434  421  418  410  401  392  383  383  383  388  392  399  406  413
  417  416  412  397  382  364  349  335  319  310  300  289  272  258  243  232
  222  214  205  202  196  191  184  181  184  197  217  246  273  291  304  309
  314  321  327  337  347  359  371  392  399                                   
    25.0-180.0 180.0   5.0 450.0                            LAT/LON1/LON2/DLON/H
  436  453  474  505  537  564  586  597  606  598  594  586  582  566  550  525
  504  488  474  466  458  450  436  425  416  416  424  429  438  440  447  451
  456  451  439  414  390  370  355  345  331  323  310  294  277  262  250  235
  226  214  207  203  199  193  185  180  180  191  205  234  263  289  308  324
  331  341  346  355  368  385  406  426  436                                   
    22.5-180.0 180.0   5.0 450.0                            LAT/LON1/LON2/DLON/H
  476  501  529  568  604  640  663  678  680  675  662  650  636  619  600  575
  551  532  520  509  502  489  472  461  452  455  461  465  465  461  464  464
  468  458  439  407  381  358  347  339  336  329  317  297  277  259  246  236
  228  219  209  204  199  190  186  180  183  188  206  224  259  283  313  335
  353  363  372  380  390  411  431  465  476                                   
    20.0-180.0 180.0   5.0 450.0                            LAT/LON1/LON2/DLON/H
  509  546  586  628  666  709  729  745  748  735  720  704  687  663  642  614
  593  572  560  550  542  527  508  495  486  485  484  480  473  461  458  453
  451  434  407  371  346  324  317  310  315  309  303  288  274  260  250  241
  231  222  211  203  194  184  176  172  172  180  194  218  248  277  308  339
  357  378  389  400  410  433  459  494  509                                   
    17.5-180.0 180.0   5.0 450.0                            LAT/LON1/LON2/DLON/H
  535  582  630  672  711  751  775  792  797  793  780  766  745  718  690  660
  635  612  598  590  578  561  544  528  517  507  500  483  462  439  422  412
  403  385  354  322  295  277  265  268  273  280  279  276  267  262  257  248
  239  226  214  204  193  181  170  166  169  175  191  209  242  270  308  338
  365  386  405  418  433  458  485  522  535                                   
    15.0-180.0 180.0   5.0 450.0                            LAT/LON1/LON2/DLON/H
  554  610  656  702  735  767  788  810  820  824  822  814  796  770  738  703
  678  653  641  629  621  600  581  558  538  515  497  467  437  401  376  355
  340  314  291  264  247  230  228  233  246  259  266  272  270  269  264  258
  245  233  216  204  186  173  158  156  155  170  183  200  229  266  303  340
  367  393  411  431  451  483  515  545  554                                   
    12.5-180.0 180.0   5.0 450.0                            LAT/LON1/LON2/DLON/H
  571  630  674  706  732  753  777  800  822  835  843  845  835  813  782  752
  722  701  687  678  669  645  611  581  549  522  485  447  399  359  312  289
  269  257  242  231  217  213  214  225  236  254  265  274  278  278  276  265
  254  235  217  200  184  170  154  152  154  162  176  185  222  256  308  342
  375  397  421  446  472  508  540  565  571                                   
    10.0-180.0 180.0   5.0 450.0                            LAT/LON1/LON2/DLON/H
  590  651  682  710  727  742  761  785  812  831  850  858  859  840  817  787
  767  744  739  731  721  691  656  609  567  519  475  421  371  316  275  247
  237  228  226  222  226  227  232  239  247  261  271  281  286  291  284  276
  256  236  213  198  178  165  146  148  142  152  158  176  209  255  304  346
  374  404  427  460  490  530  565  584  590                                   
     7.5-180.0 180.0   5.0 450.0                            LAT/LON1/LON2/DLON/H
  608  670  695  718  724  728  745  764  791  814  838  855  863  851  833  812
  795  780  775  773  763  734  693  642  581  527  468  415  360  313  271  253
