data/unet/pred3260.15i
     1.0            IONOSPHERE MAPS     GNSS                IONEX VERSION / TYPE
pyspatialgeodesy        IME             05-JAN-18 20:20     PGM / RUN BY / DATE 
Map Name                                                    COMMENT             
Predicted global ionosphere maps (GIM).                     DESCRIPTION         
  2015    11    22     0     0     0                        EPOCH OF FIRST MAP  
  2015    11    23     0     0     0                        EPOCH OF LAST MAP   
  7200                                                      INTERVAL            
    13                                                      # OF MAPS IN FILE   
  NONE                                                      MAPPING FUNCTION    
10.0                                                        ELEVATION CUTOFF    
One-way carrier phase leveled to code                       OBSERVABLES USED    
  6371.0                                                    BASE RADIUS         
 2                                                          MAP DIMENSION       
   450.0 450.0   0.0                                        HGT1 / HGT2 / DHGT  
    87.5 -87.5  -2.5                                        LAT1 / LAT2 / DLAT  
  -180.0 180.0   5.0                                        LON1 / LON2 / DLON  
    -1                                                      EXPONENT            
                                                            END OF HEADER       
[from data line 4719]
    12                                                      START OF TEC MAP    
  2015    11    22    22     0     0                        EPOCH OF CURRENT MAP
    87.5-180.0 180.0   5.0 450.0                            LAT/LON1/LON2/DLON/H
  144   87   64   67   67   67   68   67   69   68   70   70   71   71   72   71
   72   71   72   72   72   71   72   71   71   70   70   69   69   69   69   68
   68   67   67   66   66   66   66   65   66   66   67   66   67   67   68   67
   68   68   69   69   69   69   69   69   69   69   69   69   69   68   68   68
   68   67   67   66   67   65   70  119  144                                   
    85.0-180.0 180.0   5.0 450.0                            LAT/LON1/LON2/DLON/H
   71   49   48   51   54   53   55   56   58   59   62   63   65   65   67   67
   67   67   67   66   66   65   64   63   62   62   61   60   59   59   58   57
   57   56   56   56   56   56   56   56   57   57   58   58   59   59   60   60
   61   61   62   61   62   61   61   61   61   60   60   59   58   57   56   55
   54   53   51   51   51   51   52   86   71                                   
    82.5-180.0 180.0   5.0 450.0                            LAT/LON1/LON2/DLON/H
   53   45   46   49   53   52   58   58   64   64   70   70   75   74   78   76
   79   76   79   76   76   73   73   70   70   67   67   64   64   61   62   59
   61   58   60   57   59   57   60   57   60   58   61   59   63   61   64   63
   66   64   67   65   68   66   68   65   66   63   64   60   61   56   58   53
   54   50   50   47   48   45   49   72   53                                   
    80.0-180.0 180.0   5.0 450.0                            LAT/LON1/LON2/DLON/H
   53   45   43   48   49   54   57   63   67   72   76   81   83   86   87   88
   87   86   85   83   80   78   75   73   70   68   66   66   64   64   62   62
   61   61   60   61   60   60   59   59   58   59   59   60   60   61   62   63
   65   65   67   67   69   69   69   68   68   66   64   61   59   56   53   50
   48   46   43   42   41   42   40   62   53                                   
    77.5-180.0 180.0   5.0 450.0                            LAT/LON1/LON2/DLON/H
   53   49   46   51   53   57   63   69   75   81   87   91   95   96   98   96
   96   92   90   86   82   78   75   71   68   66   64   63   63   62   63   62
   62   62   62   61   61   60   60   59   57   57   56   57   56   57   57   59
   60   62   63   66   67   69   69   69   68   67   64   61   57   54   51   47
   44   42   40   39   40   40   40   61   53                                   
    75.0-180.0 180.0   5.0 450.0                            LAT/LON1/LON2/DLON/H
   60   59   56   64   65   72   77   86   92  101  106  112  113  114  111  109
  104  101   95   91   84   81   75   73   69   68   65   66   64   66   64   67
   65   67   65   66   64   64   60   60   56   57   54   56   54   56   55   58
   58   60   61   64   65   68   67   69   67   67   63   61   56   53   49   47
   43   42   40   41   42   45   48   67   60                                   
    72.5-180.0 180.0   5.0 450.0                            LAT/LON1/LON2/DLON/H
   74   77   74   82   84   91   97  105  112  119  124  125  126  123  121  115
  109  102   98   90   86   80   77   72   71   68   67   66   66   66   67   67
   68   68   68   67   66   64   61   60   56   54   51   51   49   50   49   51
   51   53   55   57   59   61   62   63   63   62   59   56   53   49   46   43
   42   41   43   44   49   53   58   78   74                                   
    70.0-180.0 180.0   5.0 450.0                            LAT/LON1/LON2/DLON/H
   91   98   97  105  109  115  120  129  134  140  142  144  142  138  131  124
  115  107   99   93   87   83   78   77   73   72   68   68   66   67   65   67
   65   67   64   65   62   62   57   56   51   49   46   45   43   44   43   44
   45   47   48   50   52   54   54   56   56   56   53   51   47   45   41   40
   40   42   45   50   56   65   72   92   91                                   
    67.5-180.0 180.0   5.0 450.0                            LAT/LON1/LON2/DLON/H
  109  118  118  126  129  134  141  147  154  159  162  161  156  150  141  131
  121  110  103   94   90   84   82   79   76   72   70   67   65   64   63   62
   62   60   60   58   56   53   51   48   44   43   40   40   37   38   37   39
   38   39   39   41   42   45   45   48   47   48   45   44   41   38   36   36
   37   40   47   54   65   76   85  105  109                                   
    65.0-180.0 180.0   5.0 450.0                            LAT/LON1/LON2/DLON/H
  124  135  137  143  147  150  157  164  171  175  178  176  171  162  151  140
  128  116  108  101   95   91   87   84   78   74   67   64   59   58   54   54
   50   51   46   47   42   42   37   37   34   34   33   33   33   33   33   33
   32   32   31   32   32   34   34   37   37   39   37   37   34   33   32   32
   35   40   48   58   70   84   97  118  124                                   
    62.5-180.0 180.0   5.0 450.0                            LAT/LON1/LON2/DLON/H
  135  143  145  152  157  160  168  173  181  186  189  186  180  170  159  147
  135  124  117  108  104   97   94   87   81   73   67   60   56   52   49   46
   43   39   37   35   32   30   28   28   27   28   28   30   29   30   29   29
   26   26   23   24   22   24   24   28   28   31   31   31   30   29   29   30
   34   39   49   60   74   90  102  125  135                                   
    60.0-180.0 180.0   5.0 450.0                            LAT/LON1/LON2/DLON/H
  140  150  153  160  165  167  175  180  188  193  196  194  189  180  168  159
  145  136  127  121  114  107   99   92   82   73   63   57   50   48   43   42
   35   33   27   26   21   22   20   23   23   26   27   30   30   31   29   29
   25   23   19   19   18   19   19   23   24   27   27   29   28   29   29   32
   37   43   53   64   78   93  106  130  140                                   
    57.5-180.0 180.0   5.0 450.0                            LAT/LON1/LON2/DLON/H
  145  151  154  162  168  170  178  183  191  195  199  196  193  184  175  166
  157  148  141  132  124  113  104   91   82   69   61   54   51   48   46   42
   38   32   28   25   21   21   21   24   25   29   31   33   34   35   33   32
   27   25   19   19   16   18   18   22   24   27   28   30   30   31   33   36
   43   50   59   70   85   98  107  132  145                                   
    55.0-180.0 180.0   5.0 450.0                            LAT/LON1/LON2/DLON/H
  147  155  161  170  175  178  185  189  195  198  200  199  195  190  182  178
  170  164  154  146  133  121  108   94   81   70   61   57   54   54   52   50
   43   39   32   30   26   27   26   31   32   37   38   42   42   43   40   38
   33   29   24   23   20   22   21   26   27   31   30   33   33   36   40   46
   54   62   72   81   93  103  113  137  147                                   
    52.5-180.0 180.0   5.0 450.0                            LAT/LON1/LON2/DLON/H
  157  163  168  180  185  189  194  196  201  201  202  197  195  190  188  185
  181  174  166  154  140  125  111   96   85   73   68   63   65   64   66   62
   57   50   45   41   38   38   39   41   44   46   50   51   53   52   50   48
   42   39   33   32   29   30   30   35   36   39   39   40   41   43   49   56
   66   75   85   96  107  115  120  147  157                                   
    50.0-180.0 180.0   5.0 450.0                            LAT/LON1/LON2/DLON/H
  168  176  187  198  204  207  210  212  211  209  203  200  197  195  194  196
  192  187  175  163  146  131  115  103   92   82   77   77   77   79   77   76
   68   63   56   54   50   52   51   54   55   58   60   63   63   64   61   59
   54   51   46   45   42   44   43   47   48   50   47   48   48   52   58   68
   80   92  104  114  123  129  135  160  168                                   
    47.5-180.0 180.0   5.0 450.0                            LAT/LON1/LON2/DLON/H
  186  194  204  218  225  229  232  230  226  217  210  201  199  197  200  200
  199  192  181  167  151  135  123  110  103   94   92   88   91   89   90   85
   79   72   68   64   63   63   65   64   67   67   71   72   75   74   72   69
   66   64   61   60   59   59   60   62   63   62   60   58   58   60   67   78
   92  107  121  133  142  146  150  176  186                                   
    45.0-180.0 180.0   5.0 450.0                            LAT/LON1/LON2/DLON/H
  201  213  226  240  247  252  251  249  240  231  217  209  203  204  204  208
  203  199  186  174  158  146  133  124  116  108  103  101   97   96   91   90
   80   77   70   71   69   72   72   73   74   75   77   80   82   83   82   80
   77   77   75   75   74   74   74   75   75   73   69   66   65   68   76   88
  103  121  136  150  159  163  169  194  201                                   
    42.5-180.0 180.0   5.0 450.0                            LAT/LON1/LON2/DLON/H
  217  227  237  254  261  267  267  264  255  243  228  218  211  210  210  209
  206  199  190  179  167  156  147  137  131  120  115  106  100   94   90   83
   79   72   72   71   75   76   79   78   79   79   83   85   90   90   91   88
   88   87   88   87   87   86   86   85   85   81   76   71   70   73   82   93
  111  129  147  161  172  177  183  209  217                                   
    40.0-180.0 180.0   5.0 450.0                            LAT/LON1/LON2/DLON/H
  224  236  245  259  265  271  271  271  262  252  235  229  220  219  214  215
  206  203  194  190  181  173  163  153  142  129  118  106   95   88   80   79
   71   71   69   74   77   82   82   82   81   82   86   90   95   96   97   95
   94   94   95   96   95   93   92   91   89   85   79   75   74   79   87  100
  115  135  151  166  178  185  194  220  224                                   
    37.5-180.0 180.0   5.0 450.0                            LAT/LON1/LON2/DLON/H
  226  235  240  254  259  264  267  267  262  254  242  235  230  227  223  218
  211  205  201  198  195  187  177  163  149  133  118  102   89   80   77   72
   72   69   74   78   85   87   89   86   86   86   91   95  100  101  101  100
   99   99  100  100   98   96   95   93   91   86   81   78   78   83   92  104
  120  137  152  167  180  189  197  227  226                                   
    35.0-180.0 180.0   5.0 450.0                            LAT/LON1/LON2/DLON/H
  225  233  237  243  246  251  255  259  260  255  249  247  243  242  234  229
  218  216  212  215  210  202  187  171  152  132  117  102   90   85   82   84
   84   87   89   95   99  101  100   97   95   94   98  101  106  106  106  103
  102  101  102  101   99   97   95   93   90   86   81   80   82   88   99  111
  126  141  153  166  179  191  201  230  225                                   
    32.5-180.0 180.0   5.0 450.0                            LAT/LON1/LON2/DLON/H
  230  234  231  232  231  234  239  245  251  251  252  251  254  252  248  238
  230  226  227  227  224  209  190  170  151  134  120  110  105  105  109  111
  116  116  118  118  122  119  117  110  108  106  110  111  113  111  109  106
  103  102  101   99   97   94   92   91   89   87   83   84   87   96  108  121
  135  147  158  169  181  193  204  237  230                                   
    30.0-180.0 180.0   5.0 450.0                            LAT/LON1/LON2/DLON/H
  242  243  239  233  223  226  226  236  242  249  250  258  262  265  258  250
  241  240  240  241  233  215  191  170  152  137  131  130  135  142  152  155
  158  153  150  147  147  143  137  128  124  121  123  123  124  118  116  110
  108  104  104  101  100   97   97   94   93   89   88   88   94  104  120  135
  149  160  171  179  191  206  217  251  242                                   
    27.5-180.0 180.0   5.0 450.0                            LAT/LON1/LON2/DLON/H
  270  271  267  256  246  240  236  244  247  255  258  265  271  273  269  260
  252  249  251  246  235  212  188  168  155  150  155  164  181  194  209  212
  213  205  190  178  169  163  159  149  142  137  136  134  131  124  119  113
  109  104  102   99   97   95   95   94   94   92   92   94  101  114  131  150
  165  177  188  198  210  225  238  274  270                                   
    25.0-180.0 180.0   5.0 450.0                            LAT/LON1/LON2/DLON/H
  306  312  312  300  286  279  268  272  267  275  272  281  283  287  280  273
  264  261  260  253  237  212  190  176  171  174  188  207  229  249  267  277
  271  257  230  207  188  178  173  165  156  149  147  142  138  130  124  117
  114  110  107  104  101  100   99   97   97   96   98  100  109  122  142  162
  182  196  210  222  239  257  272  307  306                                   
    22.5-180.0 180.0   5.0 450.0                            LAT/LON1/LON2/DLON/H
  349  359  358  351  343  332  325  321  316  314  308  308  306  304  295  286
  276  271  265  255  235  214  198  193  200  215  239  265  289  313  331  334
  325  299  262  228  200  189  183  173  166  159  155  148  142  134  126  121
  117  115  112  108  105  103  103  101  101  100  101  105  115  130  148  174
  195  216  234  252  270  292  312  342  349                                   
    20.0-180.0 180.0   5.0 450.0                            LAT/LON1/LON2/DLON/H
  391  405  405  409  400  397  383  381  369  366  350  348  335  332  316  307
  293  285  275  263  245  230  223  230  248  268  291  319  343  364  377  374
  353  319  271  229  195  183  180  171  166  162  160  155  149  140  133  127
  125  123  120  118  113  112  108  107  105  104  105  110  120  135  158  185
  213  237  261  281  303  329  350  377  391                                   
    17.5-180.0 180.0   5.0 450.0                            LAT/LON1/LON2/DLON/H
  429  451  456  463  461  452  446  439  430  421  405  393  377  366  345  335
  318  310  294  283  268  265  267  285  308  337  357  378  389  399  401  390
  358  319  268  226  189  178  170  164  160  159  157  155  150  144  135  131
  128  126  124  121  117  116  113  113  111  110  112  118  129  143  165  195
  226  256  283  309  332  358  382  406  429                                   
    15.0-180.0 180.0   5.0 450.0                            LAT/LON1/LON2/DLON/H
  459  488  500  513  515  511  505  502  491  481  459  444  420  407  384  372
  352  340  325  315  308  313  331  358  387  405  414  418  410  401  388  367
  333  296  252  214  181  170  165  162  164  161  161  158  155  149  141  136
  132  130  129  125  124  122  120  120  116  115  115  123  133  150  176  204
  239  269  301  327  353  383  406  430  459                                   
    12.5-180.0 180.0   5.0 450.0                            LAT/LON1/LON2/DLON/H
  476  516  533  554  560  558  556  555  550  543  519  498  472  455  434  422
  400  390  370  366  366  385  411  442  461  468  454  433  402  374  347  325
  296  270  237  207  180  171  168  169  169  168  163  162  158  154  145  139
  135  134  132  131  129  128  127  124  122  119  121  129  142  160  184  214
  245  277  306  337  366  395  422  446  476                                   
    10.0-180.0 180.0   5.0 450.0                            LAT/LON1/LON2/DLON/H
  486  524  549  574  589  590  595  598  603  597  578  553  524  502  481  467
  451  436  424  421  434  455  488  510  520  501  464  415  364  323  291  271
  256  240  223  207  194  189  190  189  189  182  177  171  169  163  153  146
  140  139  138  136  134  132  130  125  122  119  123  133  149  169  196  222
  253  282  311  341  369  403  428  453  486                                   
     7.5-180.0 180.0   5.0 450.0                            LAT/LON1/LON2/DLON/H
  484  528  551  584  596  605  610  623  630  634  617  595  568  548  527  517
  500  492  482  486  502  529  553  564  551  508  446  376  313  270  240  232
