data/unet/pred2150.15i
     1.0            IONOSPHERE MAPS     GNSS                IONEX VERSION / TYPE
pyspatialgeodesy        IME             05-JAN-18 20:20     PGM / RUN BY / DATE 
Map Name                                                    COMMENT             
Predicted global ionosphere maps (GIM).                     DESCRIPTION         
  2015     8     3     0     0     0                        EPOCH OF FIRST MAP  
  2015     8     4     0     0     0                        EPOCH OF LAST MAP   
  7200                                                      INTERVAL            
    13                                                      # OF MAPS IN FILE   
  NONE                                                      MAPPING FUNCTION    
10.0                                                        ELEVATION CUTOFF    
One-way carrier phase leveled to code                       OBSERVABLES USED    
  6371.0                                                    BASE RADIUS         
 2                                                          MAP DIMENSION       
   450.0 450.0   0.0                                        HGT1 / HGT2 / DHGT  
    87.5 -87.5  -2.5                                        LAT1 / LAT2 / DLAT  
  -180.0 180.0   5.0                                        LON1 / LON2 / DLON  
    -1                                                      EXPONENT            
                                                            END OF HEADER       
[from data line 1287]
     4                                                      START OF TEC MAP    
  2015     8     3     6     0     0                        EPOCH OF CURRENT MAP
    87.5-180.0 180.0   5.0 450.0                            LAT/LON1/LON2/DLON/H
  129  153  150  150  150  148  149  148  149  149  149  149  150  149  149  147
  148  146  146  143  143  141  141  138  140  136  139  136  139  137  139  137
  139  139  140  140  140  141  142  141  143  143  144  144  145  145  147  146
  147  147  148  147  149  148  149  148  150  149  150  149  150  149  149  148
  150  149  150  148  150  146  159  134  129                                   
    85.0-180.0 180.0   5.0 450.0                            LAT/LON1/LON2/DLON/H
  145  148  140  146  145  143  144  144  144  144  144  144  143  143  142  141
  141  139  138  136  135  133  132  130  130  128  128  126  127  126  127  127
  128  129  130  131  132  133  134  134  135  136  136  137  137  138  139  139
  140  140  141  140  141  141  142  141  143  141  143  141  143  141  142  140
  143  140  142  142  142  134  145  149  145                                   
    82.5-180.0 180.0   5.0 450.0                            LAT/LON1/LON2/DLON/H
  149  145  146  150  149  148  150  149  150  148  150  147  149  146  147  143
  144  141  141  137  137  134  132  130  129  127  126  126  125  125  125  126
  128  129  131  133  135  137  139  139  142  141  144  144  146  146  149  148
  151  149  153  150  153  151  154  150  154  150  153  148  152  147  149  145
  148  145  149  146  147  144  149  141  149                                   
    80.0-180.0 180.0   5.0 450.0                            LAT/LON1/LON2/DLON/H
  159  152  152  152  151  148  150  147  148  145  146  143  143  140  139  136
  135  132  131  128  126  124  122  119  118  115  115  112  114  112  115  115
  118  119  124  125  131  133  138  139  145  144  151  150  155  154  159  157
  161  159  162  160  163  160  162  159  161  158  157  155  154  151  150  147
  148  146  150  149  151  146  144  143  159                                   
    77.5-180.0 180.0   5.0 450.0                            LAT/LON1/LON2/DLON/H
  158  155  154  155  153  152  150  148  146  144  141  140  138  137  134  133
  130  129  126  125  121  119  115  112  109  107  104  104  102  104  104  108
  109  115  117  125  127  136  138  144  146  151  154  159  161  165  167  170
  171  173  174  175  175  175  175  173  172  170  167  165  163  160  156  155
  154  154  156  157  157  153  148  145  158                                   
    75.0-180.0 180.0   5.0 450.0                            LAT/LON1/LON2/DLON/H
  164  161  158  157  153  151  147  144  139  137  132  130  127  126  123  122
  119  120  116  116  112  111  106  103   99   97   93   93   91   94   94   99
  101  106  111  117  122  128  133  138  143  147  153  157  161  165  170  173
  175  178  179  181  180  181  179  180  176  176  170  170  164  163  157  158
  154  157  157  158  157  156  154  153  164                                   
    72.5-180.0 180.0   5.0 450.0                            LAT/LON1/LON2/DLON/H
  163  162  159  159  155  150  145  139  132  127  122  118  116  115  113  113
  112  112  111  110  108  105  101   96   92   89   86   84   84   86   89   94
   97  103  107  114  119  127  131  139  143  149  155  161  166  171  175  180
  182  184  185  186  186  186  184  184  181  179  175  174  171  168  165  164
  162  163  165  165  165  163  159  160  163                                   
    70.0-180.0 180.0   5.0 450.0                            LAT/LON1/LON2/DLON/H
  171  169  166  162  156  150  142  134  125  118  112  109  105  105  103  105
  105  107  106  108  104  103   98   94   89   86   81   81   79   83   85   90
   94   99  104  111  116  122  126  134  137  145  151  159  163  172  176  183
  184  188  187  190  187  188  184  185  180  180  173  174  169  170  164  167
  164  168  168  169  167  165  164  168  171                                   
    67.5-180.0 180.0   5.0 450.0                            LAT/LON1/LON2/DLON/H
  168  167  165  163  156  149  139  129  117  110  102   99   95   95   94   96
   96   99   99  102   99   98   94   91   86   82   79   78   79   82   85   92
   95  101  104  111  114  120  124  131  136  143  151  158  165  173  179  184
  187  188  189  189  188  186  183  182  178  176  171  171  168  167  166  166
  167  168  171  170  171  169  167  171  168                                   
    65.0-180.0 180.0   5.0 450.0                            LAT/LON1/LON2/DLON/H
  174  174  171  168  159  151  139  128  114  106   96   93   88   87   87   88
   90   92   94   96   95   94   90   88   83   81   76   78   77   81   84   90
   94   99  103  109  111  117  119  128  131  142  148  161  165  177  181  189
  189  192  190  190  187  185  180  178  172  170  163  164  161  163  160  164
  163  168  168  171  169  168  169  175  174                                   
    62.5-180.0 180.0   5.0 450.0                            LAT/LON1/LON2/DLON/H
  171  173  172  170  162  153  140  128  113  104   93   88   83   81   80   80
   81   83   85   86   85   84   80   79   76   74   72   73   75   81   84   92
   95  101  104  109  111  116  120  127  135  143  154  163  174  181  189  192
  196  195  195  193  191  187  181  178  172  169  163  163  161  162  162  164
  165  167  170  170  173  169  169  176  171                                   
    60.0-180.0 180.0   5.0 450.0                            LAT/LON1/LON2/DLON/H
  175  179  178  176  167  159  146  134  117  107   93   88   81   79   76   75
   76   76   78   77   77   75   73   71   70   70   68   71   73   78   82   88
   92   99  101  107  108  116  119  129  136  148  157  171  178  191  194  201
  202  203  200  198  194  190  183  179  173  168  162  160  159  161  160  163
  163  166  167  169  171  167  170  178  175                                   
    57.5-180.0 180.0   5.0 450.0                            LAT/LON1/LON2/DLON/H
  176  180  182  182  175  164  153  140  125  111   98   90   82   77   74   71
   70   68   69   67   67   64   63   61   61   60   62   64   68   73   77   85
   89   96  100  106  111  117  125  134  145  155  168  179  192  198  206  209
  213  211  211  208  205  201  194  191  183  179  170  170  166  169  166  169
  167  170  171  172  176  172  172  180  176                                   
    55.0-180.0 180.0   5.0 450.0                            LAT/LON1/LON2/DLON/H
  182  188  190  192  186  177  164  153  135  122  104   94   83   78   72   68
   66   63   64   60   61   57   59   56   57   58   58   63   65   71   74   81
   85   93   97  106  110  120  128  139  149  163  175  190  200  211  216  222
  223  224  221  220  217  213  208  202  196  190  183  181  178  178  175  176
  172  173  172  173  176  172  176  184  182                                   
    52.5-180.0 180.0   5.0 450.0                            LAT/LON1/LON2/DLON/H
  187  194  198  199  197  189  177  162  148  131  114  101   90   82   75   70
   67   63   62   59   59   56   57   55   58   57   60   61   65   68   72   77
   82   90   97  107  116  127  139  150  162  176  191  202  215  223  232  236
  240  239  239  237  234  232  225  222  212  208  197  198  189  192  185  187
  180  182  179  182  185  181  181  189  187                                   
    50.0-180.0 180.0   5.0 450.0                            LAT/LON1/LON2/DLON/H
  198  204  206  210  207  203  190  176  159  146  124  111   95   86   76   71
   67   65   64   62   64   61   64   63   65   65   66   68   69   72   73   78
   81   91   97  109  119  132  144  157  170  186  199  213  225  237  244  252
  255  258  256  255  251  248  241  236  229  222  215  211  206  205  200  198
  193  191  189  189  192  186  188  197  198                                   
    47.5-180.0 180.0   5.0 450.0                            LAT/LON1/LON2/DLON/H
  202  208  210  212  212  208  200  183  169  152  134  117  104   93   83   77
   74   71   71   69   71   70   74   73   77   75   77   76   77   77   78   79
   84   91  102  114  128  142  155  168  181  197  212  225  239  248  260  266
  273  275  276  273  268  263  253  249  239  236  225  227  217  220  211  211
  204  203  199  201  201  197  195  201  202                                   
    45.0-180.0 180.0   5.0 450.0                            LAT/LON1/LON2/DLON/H
  210  213  212  216  214  213  204  193  175  162  142  127  109   99   87   82
   78   78   78   78   81   82   86   88   89   89   88   89   86   86   83   85
   86   95  105  117  132  146  159  172  186  203  217  232  245  260  270  281
  287  293  292  289  281  273  262  256  249  244  237  235  230  229  223  220
  215  212  209  206  206  200  203  208  210                                   
    42.5-180.0 180.0   5.0 450.0                            LAT/LON1/LON2/DLON/H
  211  212  210  211  210  206  202  190  178  163  148  132  118  106   96   91
   88   86   88   88   93   95  101  102  104  102  101   98   97   93   92   90
   94   99  112  124  140  154  167  178  193  208  225  237  254  266  282  291
  301  307  307  304  295  286  273  268  260  258  248  248  241  241  234  234
  228  226  221  218  216  209  209  214  211                                   
    40.0-180.0 180.0   5.0 450.0                            LAT/LON1/LON2/DLON/H
  221  217  212  212  206  204  195  187  174  164  149  137  123  113  100   96
   92   94   94   97  101  106  112  115  114  113  109  108  104  102   98   97
   99  105  116  126  142  156  167  180  195  213  228  242  257  273  288  301
  311  321  321  319  311  303  289  284  277  275  267  264  257  255  249  248
  245  240  234  228  225  218  222  224  221                                   
    37.5-180.0 180.0   5.0 450.0                            LAT/LON1/LON2/DLON/H
  227  222  213  208  201  194  186  179  172  162  153  142  131  120  110  103
  101   99  101  101  109  113  122  124  124  120  116  111  111  107  105  102
  106  110  123  131  147  158  172  182  199  215  233  245  263  275  293  306
  321  329  333  333  329  325  314  312  304  303  292  288  278  275  268  266
  264  258  253  250  244  236  233  237  227                                   
    35.0-180.0 180.0   5.0 450.0                            LAT/LON1/LON2/DLON/H
  243  232  223  212  199  190  179  174  165  160  153  146  136  126  113  109
  103  104  104  107  113  121  129  132  129  125  118  116  113  111  109  107
  108  115  125  135  146  158  169  185  199  220  237  251  265  278  295  310
  326  338  346  352  353  354  349  352  345  346  332  327  312  305  297  295
  290  288  278  277  268  264  256  256  243                                   
    32.5-180.0 180.0   5.0 450.0                            LAT/LON1/LON2/DLON/H
  260  252  236  223  206  192  179  171  164  160  156  151  145  134  124  115
  110  105  107  107  118  125  135  137  134  127  121  115  116  112  114  109
  113  116  128  136  149  158  173  185  203  223  243  256  271  282  302  314
  334  346  361  369  378  385  388  395  394  393  381  369  355  342  334  326
  321  317  307  312  298  297  280  281  260                                   
    30.0-180.0 180.0   5.0 450.0                            LAT/LON1/LON2/DLON/H
  284  269  253  236  217  198  182  171  163  159  157  154  149  140  127  120
  112  110  109  112  122  132  142  145  139  130  121  116  114  113  112  111
  109  114  122  135  146  158  169  188  204  228  250  264  279  290  308  320
  340  353  371  387  402  417  426  440  441  444  429  420  402  393  382  374
  361  354  339  341  328  329  314  308  284                                   
    27.5-180.0 180.0   5.0 450.0                            LAT/LON1/LON2/DLON/H
  313  300  279  264  242  223  198  183  171  164  160  158  155  146  135  124
  118  111  112  114  127  139  151  156  149  137  127  117  117  113  114  108
  109  110  119  130  144  156  172  188  207  229  253  269  283  297  312  326
  345  362  384  405  426  448  465  483  488  490  480  464  450  432  424  411
  401  392  375  374  352  362  341  335  313                                   
    25.0-180.0 180.0   5.0 450.0                            LAT/LON1/LON2/DLON/H
  344  327  308  291  267  244  218  195  180  169  163  159  156  148  137  131
  122  120  117  124  136  151  164  168  160  146  132  121  115  112  106  103
   98  101  106  120  134  149  165  187  207  228  256  274  292  303  322  335
  357  373  401  426  453  478  498  516  524  528  517  508  491  478  466  454
  438  427  410  400  382  388  374  365  344                                   
    22.5-180.0 180.0   5.0 450.0                            LAT/LON1/LON2/DLON/H
  370  363  344  325  300  275  244  216  195  180  170  163  158  151  144  135
  130  123  124  129  145  161  177  184  174  158  142  127  120  112  108  100
   95   95  100  114  130  148  167  188  208  229  255  279  294  313  328  348
  366  391  417  449  473  499  517  534  543  543  540  526  519  502  496  481
  471  458  442  431  412  418  398  390  370                                   
    20.0-180.0 180.0   5.0 450.0                            LAT/LON1/LON2/DLON/H
  397  390  378  358  329  303  269  237  209  188  175  167  160  154  146  144
  139  138  135  143  158  175  192  197  190  170  149  131  118  110   99   90
   81   81   87  103  121  144  164  188  209  231  259  283  302  317  340  358
  382  405  433  461  486  508  524  535  545  544  543  535  529  519  511  499
  489  477  466  451  438  436  426  411  397                                   
    17.5-180.0 180.0   5.0 450.0                            LAT/LON1/LON2/DLON/H
  412  417  401  381  352  327  293  258  225  201  184  172  165  160  155  150
  151  147  147  153  168  186  200  205  198  178  155  134  119  106   93   80
   72   72   80   96  117  139  163  187  208  228  252  283  302  325  346  372
  392  419  443  471  490  506  517  525  532  533  535  530  530  520  516  504
  498  488  480  467  450  451  438  424  412                                   
    15.0-180.0 180.0   5.0 450.0                            LAT/LON1/LON2/DLON/H
  425  426  415  396  367  339  305  273  237  214  194  183  175  169  165  166
  164  167  162  170  180  195  206  207  201  179  156  132  115  101   84   71
   61   61   70   86  107  135  159  184  206  226  255  283  307  329  357  380
  403  425  449  470  487  498  507  510  520  521  528  524  526  516  514  501
  499  488  484  468  457  453  450  434  425                                   
    12.5-180.0 180.0   5.0 450.0                            LAT/LON1/LON2/DLON/H
  428  436  421  400  369  339  307  276  245  223  207  194  188  181  179  177
  179  176  175  179  187  197  201  201  191  170  148  125  109   90   77   63
   57   55   66   80  102  129  159  182  206  227  251  285  308  337  364  392
  414  436  455  472  484  491  498  503  512  515  520  519  520  512  510  499
  495  487  482  469  453  454  449  437  428                                   
    10.0-180.0 180.0   5.0 450.0                            LAT/LON1/LON2/DLON/H
  431  432  418  396  362  333  300  274  245  231  217  208  202  198  195  196
  196  196  190  192  191  197  195  192  181  159  137  118  101   87   72   61
   54   54   60   76   93  126  152  181  204  226  253  285  314  340  374  395
  421  437  458  470  485  491  501  505  515  517  524  521  522  512  511  498
  496  484  481  465  455  452  452  440  431                                   
     7.5-180.0 180.0   5.0 450.0                            LAT/LON1/LON2/DLON/H
  431  434  418  390  354  323  293  269  247  236  226  218  214  210  206  206
  205  203  196  192  186  186  177  172  155  138  120  103   91   75   69   57
