data/unet/pred0940.15i
     1.0            IONOSPHERE MAPS     GNSS                IONEX VERSION / TYPE
pyspatialgeodesy        IME             05-JAN-18 20:20     PGM / RUN BY / DATE 
Map Name                                                    COMMENT             
Predicted global ionosphere maps (GIM).                     DESCRIPTION         
  2015     4     4     0     0     0                        EPOCH OF FIRST MAP  
  2015     4     5     0     0     0                        EPOCH OF LAST MAP   
  7200                                                      INTERVAL            
    13                                                      # OF MAPS IN FILE   
  NONE                                                      MAPPING FUNCTION    
10.0                                                        ELEVATION CUTOFF    
One-way carrier phase leveled to code                       OBSERVABLES USED    
  6371.0                                                    BASE RADIUS         
 2                                                          MAP DIMENSION       
   450.0 450.0   0.0                                        HGT1 / HGT2 / DHGT  
    87.5 -87.5  -2.5                                        LAT1 / LAT2 / DLAT  
  -180.0 180.0   5.0                                        LON1 / LON2 / DLON  
    -1                                                      EXPONENT            
                                                            END OF HEADER       
[from data line 1716]
     5                                                      START OF TEC MAP    
  2015     4     4     8     0     0                        EPOCH OF CURRENT MAP
    87.5-180.0 180.0   5.0 450.0                            LAT/LON1/LON2/DLON/H
  140  152  157  161  163  163  162  162  162  162  162  163  163  164  164  166
  165  167  166  168  166  167  165  165  163  163  162  161  160  159  159  158
  159  157  159  157  159  158  160  159  159  158  159  157  157  155  155  152
  151  147  148  145  145  142  144  143  144  143  144  144  145  145  146  146
  147  147  148  148  149  145  148  125  140                                   
    85.0-180.0 180.0   5.0 450.0                            LAT/LON1/LON2/DLON/H
  152  165  161  170  166  166  166  166  167  167  169  169  171  171  174  173
  174  173  175  173  173  171  171  168  168  166  168  165  166  164  167  165
  167  166  169  168  170  170  173  173  174  174  175  175  173  172  172  171
  169  168  167  167  165  165  165  165  163  163  162  162  160  159  158  158
  157  156  155  154  155  153  154  128  152                                   
    82.5-180.0 180.0   5.0 450.0                            LAT/LON1/LON2/DLON/H
  156  155  157  158  158  157  159  159  161  161  164  165  167  168  169  171
  169  171  168  170  164  166  161  163  158  161  157  161  158  163  160  166
  164  170  169  175  175  181  182  187  186  191  189  193  189  191  188  190
  186  187  185  186  182  182  180  179  176  176  172  172  167  167  163  162
  158  158  155  155  153  154  151  135  156                                   
    80.0-180.0 180.0   5.0 450.0                            LAT/LON1/LON2/DLON/H
  154  149  149  150  150  150  151  152  154  156  158  159  161  162  163  163
  162  160  160  155  153  149  147  143  141  140  140  141  143  146  150  152
  159  161  169  171  178  180  188  190  196  197  202  202  205  205  207  207
  208  208  209  209  208  206  206  203  201  198  196  194  190  188  183  182
  177  174  170  166  165  159  156  140  154                                   
    77.5-180.0 180.0   5.0 450.0                            LAT/LON1/LON2/DLON/H
  157  150  148  152  148  149  149  151  151  154  155  157  157  158  157  157
  153  152  147  144  137  133  128  124  120  119  119  123  125  133  137  147
  152  163  168  179  183  193  197  207  210  218  220  227  228  233  235  239
  239  242  242  243  243  242  242  239  238  234  233  229  227  222  218  213
  209  203  197  190  184  174  166  152  157                                   
    75.0-180.0 180.0   5.0 450.0                            LAT/LON1/LON2/DLON/H
  163  150  149  147  144  141  142  142  143  144  145  148  148  150  149  149
  147  143  140  134  129  121  116  109  106  104  105  108  114  122  131  140
  151  162  174  183  193  202  211  218  225  233  239  245  249  254  257  260
  262  264  264  265  264  264  264  262  260  258  255  252  248  245  239  236
  230  226  218  211  204  193  179  168  163                                   
    72.5-180.0 180.0   5.0 450.0                            LAT/LON1/LON2/DLON/H
  169  155  152  147  140  138  135  134  133  134  135  136  136  137  136  135
  133  131  127  122  115  109  103   98   94   92   93   98  104  115  126  139
  151  164  178  191  200  214  222  233  242  252  259  268  271  278  281  285
  286  288  288  288  286  285  284  282  280  276  274  269  267  262  259  253
  250  244  239  229  221  207  192  177  169                                   
    70.0-180.0 180.0   5.0 450.0                            LAT/LON1/LON2/DLON/H
  172  158  154  146  135  131  128  127  125  126  128  128  129  129  128  128
  127  124  121  116  112  105  101   92   91   88   91   94  104  116  129  143
  157  171  187  200  213  224  235  247  257  267  277  286  291  297  300  304
  306  307  307  306  304  301  299  296  293  288  285  281  276  272  267  263
  258  253  247  238  232  217  202  189  172                                   
    67.5-180.0 180.0   5.0 450.0                            LAT/LON1/LON2/DLON/H
  171  161  154  143  132  125  122  119  118  118  120  120  120  120  120  120
  118  117  115  112  108  103   98   93   90   88   90   95  104  117  132  147
  163  177  194  208  220  231  241  255  266  278  289  300  305  311  313  318
  315  318  314  314  307  304  298  295  289  286  280  277  271  267  262  259
  255  251  247  238  231  216  204  184  171                                   
    65.0-180.0 180.0   5.0 450.0                            LAT/LON1/LON2/DLON/H
  169  162  154  141  130  122  117  115  111  112  114  114  113  114  113  115
  114  114  113  110  109  104  100   93   91   90   92   97  106  119  134  151
  168  183  200  213  227  238  249  261  272  287  301  312  320  325  327  331
  328  329  323  321  313  307  299  294  288  283  277  273  267  264  258  254
  251  245  242  232  229  215  204  184  169                                   
    62.5-180.0 180.0   5.0 450.0                            LAT/LON1/LON2/DLON/H
  169  164  156  142  130  118  113  108  108  106  110  108  110  108  110  108
  110  109  110  107  106  102   97   94   89   90   90   97  102  117  132  150
  167  184  201  215  228  240  253  266  280  298  312  327  334  342  341  345
  339  338  328  325  314  306  296  290  283  278  271  267  259  256  249  246
  242  237  234  225  221  210  202  178  169                                   
    60.0-180.0 180.0   5.0 450.0                            LAT/LON1/LON2/DLON/H
  170  170  159  145  132  118  109  104  101  101  102  101  101  102  101  103
  102  103  104  102  102   98   96   89   87   86   86   92   96  110  124  145
  163  181  198  215  231  245  258  274  293  310  330  341  354  359  362  364
  359  357  346  341  327  318  304  299  290  283  275  270  261  255  246  243
  237  233  230  223  222  210  203  184  170                                   
    57.5-180.0 180.0   5.0 450.0                            LAT/LON1/LON2/DLON/H
  179  177  167  150  137  121  110  101   97   94   96   94   96   94   96   94
   97   96   98   96   95   92   87   85   80   81   79   84   86   96  109  131
  151  171  193  210  230  247  263  281  302  322  340  355  368  377  379  383
  377  374  362  356  342  332  320  312  303  293  284  276  266  258  248  242
  238  234  233  226  225  214  211  189  179                                   
    55.0-180.0 180.0   5.0 450.0                            LAT/LON1/LON2/DLON/H
  199  195  184  166  149  129  116  103   95   91   90   89   90   88   87   88
   88   88   90   89   89   84   83   78   77   75   75   77   80   88  103  125
  146  169  190  212  232  252  271  291  315  334  358  370  388  394  402  405
  403  401  390  385  369  361  345  339  327  317  304  293  281  270  260  253
  247  245  243  240  242  227  225  211  199                                   
    52.5-180.0 180.0   5.0 450.0                            LAT/LON1/LON2/DLON/H
  227  220  207  186  166  142  125  107   98   91   88   87   86   85   83   82
   83   84   86   86   85   83   80   79   76   77   74   77   76   84   95  117
  139  165  187  211  233  256  277  299  325  346  365  381  398  408  416  423
  423  426  417  411  398  386  373  363  354  340  327  312  301  289  279  269
  264  259  261  259  261  246  244  225  227                                   
    50.0-180.0 180.0   5.0 450.0                            LAT/LON1/LON2/DLON/H
  249  242  229  212  190  163  141  120  107   97   93   89   88   85   84   83
   85   84   87   86   87   83   84   81   81   79   80   79   81   85  101  122
  146  169  191  215  239  263  286  309  339  359  382  394  412  423  434  443
  446  452  445  442  426  420  401  397  380  370  352  339  325  313  300  291
  282  279  278  278  280  262  259  248  249                                   
    47.5-180.0 180.0   5.0 450.0                            LAT/LON1/LON2/DLON/H
  266  255  246  231  215  186  162  138  122  108  101   96   92   89   86   84
   86   87   91   92   93   92   92   93   92   92   90   89   88   94  105  128
  151  173  194  217  241  266  291  319  347  371  390  404  420  433  443  455
  461  469  464  462  450  440  424  415  400  386  368  352  339  327  314  304
  294  291  290  291  290  278  270  253  266                                   
    45.0-180.0 180.0   5.0 450.0                            LAT/LON1/LON2/DLON/H
  261  255  250  242  228  208  185  162  144  128  119  111  106  100   96   93
   96   96  103  103  108  105  107  106  108  106  105  101  101  105  120  140
  165  183  204  225  249  275  303  332  364  386  408  419  436  449  461  474
  480  491  486  487  474  466  447  437  415  397  375  358  344  332  320  311
  300  299  297  299  295  282  272  257  261                                   
    42.5-180.0 180.0   5.0 450.0                            LAT/LON1/LON2/DLON/H
  243  239  237  236  231  216  202  181  166  149  138  127  120  112  106  103
  105  108  115  119  124  124  126  125  126  124  120  116  113  117  131  152
  175  193  213  232  254  283  312  346  378  404  424  438  453  466  478  490
  497  506  503  502  491  480  463  447  424  398  372  352  337  328  316  310
  298  296  292  293  287  276  258  240  243                                   
    40.0-180.0 180.0   5.0 450.0                            LAT/LON1/LON2/DLON/H
  202  206  206  210  212  207  205  194  188  171  160  147  140  129  123  119
  121  123  134  137  144  144  146  145  145  141  136  128  126  127  144  162
  186  201  221  240  266  295  328  362  398  424  449  460  478  491  502  515
  523  532  531  530  519  509  490  473  443  413  379  355  337  323  312  300
  291  285  281  279  272  256  234  209  202                                   
    37.5-180.0 180.0   5.0 450.0                            LAT/LON1/LON2/DLON/H
  171  177  174  176  183  185  193  193  194  183  174  162  156  145  137  132
  134  138  147  153  160  159  161  160  159  154  147  138  134  137  148  168
  188  207  225  247  273  307  343  380  417  446  470  487  503  518  534  546
  559  566  573  569  566  551  538  511  483  442  406  372  350  331  318  307
  296  288  279  275  263  245  221  177  171                                   
    35.0-180.0 180.0   5.0 450.0                            LAT/LON1/LON2/DLON/H
  146  155  147  146  153  158  174  179  191  185  186  175  173  162  155  149
  151  153  163  167  173  174  175  174  171  163  154  144  142  140  154  169
  193  208  231  255  288  326  363  403  438  467  491  509  533  555  580  600
  620  631  638  637  630  617  603  583  558  509  472  436  411  370  347  323
  317  304  296  281  268  248  212  164  146                                   
    32.5-180.0 180.0   5.0 450.0                            LAT/LON1/LON2/DLON/H
  154  141  138  129  132  138  151  163  175  180  182  181  179  173  167  163
  162  163  168  172  178  178  182  179  175  167  157  148  143  145  152  173
  192  214  239  266  300  342  380  419  453  481  508  536  568  600  631  660
  677  690  705  709  712  700  684  661  636  596  559  524  497  452  424  394
  376  359  342  323  301  273  221  181  154                                   
    30.0-180.0 180.0   5.0 450.0                            LAT/LON1/LON2/DLON/H
  184  158  139  119  117  130  140  148  161  167  177  180  186  182  180  175
  175  172  177  177  184  185  187  186  181  168  156  146  145  143  157  169
  197  220  250  280  313  357  398  435  466  496  523  560  601  635  679  703
  733  761  785  800  811  806  800  779  756  716  676  635  601  567  530  510
  473  448  411  385  347  317  268  232  184                                   
    27.5-180.0 180.0   5.0 450.0                            LAT/LON1/LON2/DLON/H
  254  218  191  153  131  129  138  151  159  166  173  180  185  185  185  182
  179  175  173  174  178  182  187  187  182  169  156  147  145  151  160  178
  203  236  266  295  332  373  414  448  480  507  542  582  623  670  711  746
  786  820  853  876  897  903  908  904  889  858  818  779  736  695  649  615
  578  549  514  488  438  381  331  302  254                                   
    25.0-180.0 180.0   5.0 450.0                            LAT/LON1/LON2/DLON/H
  351  299  260  211  177  161  150  150  155  164  176  182  188  191  193  190
  187  179  177  174  180  183  191  190  185  168  155  145  144  149  163  179
  211  243  278  309  348  388  429  463  491  520  559  598  648  689  743  778
  824  863  907  936  967  982  999 1005 1008  985  953  908  867  814  771  733
  697  662  622  585  538  489  422  393  351                                   
    22.5-180.0 180.0   5.0 450.0                            LAT/LON1/LON2/DLON/H
  415  353  322  286  247  217  194  182  174  171  177  185  193  197  198  194
  188  180  173  169  173  181  190  192  185  173  159  151  149  157  166  191
  219  259  292  326  366  405  446  477  508  533  581  614  663  709  755  796
  845  889  937  968 1002 1022 1048 1067 1075 1067 1042 1003  963  912  868  831
  795  766  730  692  640  585  526  457  415                                   
    20.0-180.0 180.0   5.0 450.0                            LAT/LON1/LON2/DLON/H
  488  432  383  335  304  287  246  224  200  191  186  190  191  198  200  202
  197  189  179  172  175  181  191  191  183  174  162  155  151  153  167  192
  224  265  298  337  378  418  456  486  520  549  596  625  675  702  764  796
  848  890  936  964  996 1016 1044 1063 1085 1081 1070 1041 1009  968  931  893
  862  831  799  765  729  671  610  547  488                                   
    17.5-180.0 180.0   5.0 450.0                            LAT/LON1/LON2/DLON/H
  544  498  462  400  357  333  312  283  246  224  209  208  208  207  206  202
  199  194  186  176  175  182  190  189  186  176  169  162  152  152  166  193
  228  269  308  348  385  427  464  498  535  569  615  642  683  715  760  788
  835  867  906  925  952  966  991 1009 1034 1041 1041 1027 1011  980  953  922
  898  872  845  810  775  723  664  616  544                                   
    15.0-180.0 180.0   5.0 450.0                            LAT/LON1/LON2/DLON/H
  572  539  519  471  429  390  358  336  313  276  245  231  222  219  214  207
  199  193  186  188  182  183  189  191  188  179  170  159  147  150  161  195
  225  272  305  348  383  423  465  497  542  578  625  649  692  712  753  775
  810  836  860  875  888  899  914  932  951  966  978  977  970  952  934  911
  889  870  843  812  774  722  672  633  572                                   
    12.5-180.0 180.0   5.0 450.0                            LAT/LON1/LON2/DLON/H
  574  561  561  537  504  458  421  389  364  335  298  267  245  235  226  215
  204  194  186  185  190  187  189  187  183  178  167  155  141  141  156  186
  227  270  307  344  378  414  456  497  543  588  629  662  694  725  751  769
  791  803  817  818  822  825  831  841  852  873  892  903  909  898  890  872
  858  845  818  791  753  698  659  626  574                                   
    10.0-180.0 180.0   5.0 450.0                            LAT/LON1/LON2/DLON/H
  574  567  573  576  557  513  472  436  411  384  353  309  279  252  241  224
  212  194  186  181  183  187  188  187  177  167  157  144  134  135  148  187
  220  270  301  337  372  406  447  487  539  584  631  661  699  719  745  758
  773  778  783  779  774  775  771  771  780  793  821  837  853  855  848  843
  825  820  792  768  727  673  637  595  574                                   
     7.5-180.0 180.0   5.0 450.0                            LAT/LON1/LON2/DLON/H
  569  578  587  604  591  565  523  484  458  425  402  351  313  278  258  239
  220  203  186  179  174  175  178  177  169  159  151  140  128  132  145  180
