data/unet/pred1750.15i
     1.0            IONOSPHERE MAPS     GNSS                IONEX VERSION / TYPE
pyspatialgeodesy        IME             05-JAN-18 20:20     PGM / RUN BY / DATE 
Map Name                                                    COMMENT             
Predicted global ionosphere maps (GIM).                     DESCRIPTION         
  2015     6    24     0     0     0                        EPOCH OF FIRST MAP  
  2015     6    25     0     0     0                        EPOCH OF LAST MAP   
  7200                                                      INTERVAL            
    13                                                      # OF MAPS IN FILE   
  NONE                                                      MAPPING FUNCTION    
10.0                                                        ELEVATION CUTOFF    
One-way carrier phase leveled to code                       OBSERVABLES USED    
  6371.0                                                    BASE RADIUS         
 2                                                          MAP DIMENSION       
   450.0 450.0   0.0                                        HGT1 / HGT2 / DHGT  
    87.5 -87.5  -2.5                                        LAT1 / LAT2 / DLAT  
  -180.0 180.0   5.0                                        LON1 / LON2 / DLON  
    -1                                                      EXPONENT            
                                                            END OF HEADER       
[from data line 3003]
     8                                                      START OF TEC MAP    
  2015     6    24    14     0     0                        EPOCH OF CURRENT MAP
    87.5-180.0 180.0   5.0 450.0                            LAT/LON1/LON2/DLON/H
  132  145  152  151  149  146  147  146  148  147  148  147  148  147  148  147
  149  147  149  147  149  147  149  147  150  147  149  147  149  146  147  144
  145  143  144  142  143  142  144  142  144  143  144  143  144  143  142  141
  141  139  139  137  136  134  134  132  132  131  132  131  132  132  134  133
  135  136  140  141  142  141  147  132  132                                   
    85.0-180.0 180.0   5.0 450.0                            LAT/LON1/LON2/DLON/H
  130  136  131  132  134  134  136  136  136  136  136  136  136  135  135  135
  136  135  135  134  136  136  137  136  139  138  140  139  142  141  142  140
  141  139  141  139  141  140  142  140  143  141  143  141  143  140  142  138
  140  136  138  133  134  131  132  129  129  127  128  127  128  127  129  128
  130  130  133  129  132  129  131  134  130                                   
    82.5-180.0 180.0   5.0 450.0                            LAT/LON1/LON2/DLON/H
  135  123  130  132  131  130  131  132  131  129  130  129  130  126  129  126
  129  125  129  125  130  126  131  129  134  132  137  136  139  138  140  140
  140  140  140  142  141  143  142  145  144  146  146  148  146  147  145  146
  142  142  137  139  133  134  129  130  125  126  124  126  123  125  124  125
  124  125  124  121  119  121  120  118  135                                   
    80.0-180.0 180.0   5.0 450.0                            LAT/LON1/LON2/DLON/H
  129  123  121  129  127  128  127  131  129  130  128  130  128  129  127  129
  128  129  128  131  130  133  132  135  135  138  137  142  139  143  140  144
  140  143  140  145  142  146  143  148  146  149  147  150  148  148  146  145
  142  140  138  135  132  131  128  127  124  124  122  123  120  121  119  120
  118  119  117  115  112  112  111  113  129                                   
    77.5-180.0 180.0   5.0 450.0                            LAT/LON1/LON2/DLON/H
  123  116  120  123  124  124  127  128  128  127  126  127  124  125  123  125
  123  125  125  128  127  130  130  133  133  134  136  137  137  138  138  139
  138  139  140  141  143  142  145  145  148  145  149  147  150  145  148  143
  145  138  141  136  137  131  133  128  129  124  126  123  124  119  122  117
  119  114  117  111  110  106  110  104  123                                   
    75.0-180.0 180.0   5.0 450.0                            LAT/LON1/LON2/DLON/H
  118  113  116  121  124  124  128  127  129  126  127  124  125  121  123  120
  123  121  126  124  128  127  132  130  133  131  135  132  135  132  135  132
  135  134  138  137  142  140  145  143  147  145  148  146  148  145  146  142
  142  137  138  133  134  130  131  127  127  123  124  120  121  117  118  115
  115  113  114  110  110  107  107  105  118                                   
    72.5-180.0 180.0   5.0 450.0                            LAT/LON1/LON2/DLON/H
  114  109  117  120  123  123  126  127  126  125  124  122  120  118  117  117
  117  118  119  120  122  123  125  126  127  126  128  127  128  127  130  130
  132  132  136  136  140  140  144  143  147  146  149  147  149  145  146  141
  143  137  139  134  136  131  133  128  130  125  128  123  125  120  123  117
  119  113  116  111  110  107  109  104  114                                   
    70.0-180.0 180.0   5.0 450.0                            LAT/LON1/LON2/DLON/H
  114  111  116  119  126  124  129  128  130  127  127  124  122  118  117  116
  117  116  119  118  122  121  124  123  125  123  124  123  125  125  128  128
  131  132  136  137  141  141  146  145  149  147  150  148  150  146  147  144
  144  141  141  139  140  137  137  134  134  130  132  128  129  125  127  123
  122  118  118  114  113  111  110  109  114                                   
    67.5-180.0 180.0   5.0 450.0                            LAT/LON1/LON2/DLON/H
  113  108  116  118  122  122  125  127  127  127  126  124  121  118  116  116
  115  115  116  118  119  119  121  121  122  119  122  121  125  123  129  129
  134  133  139  139  143  142  147  146  149  147  150  148  148  145  145  142
  141  139  140  139  140  138  140  136  138  133  136  132  133  129  131  125
  125  120  121  117  116  112  114  111  113                                   
    65.0-180.0 180.0   5.0 450.0                            LAT/LON1/LON2/DLON/H
  113  112  115  118  123  122  127  127  130  128  129  127  125  121  120  118
  118  118  120  119  121  120  122  120  121  120  121  122  124  127  131  134
  136  138  141  142  144  144  147  147  148  148  148  146  146  143  143  140
  141  139  142  142  145  144  146  144  144  141  142  139  138  135  135  130
  128  125  126  122  121  118  116  118  113                                   
    62.5-180.0 180.0   5.0 450.0                            LAT/LON1/LON2/DLON/H
  111  108  112  113  116  115  119  121  123  124  126  125  125  122  122  120
  120  119  120  120  120  118  119  118  119  117  120  120  126  126  134  134
  141  140  145  143  147  145  148  146  148  147  148  145  143  141  140  138
  137  138  140  142  145  145  148  147  147  145  145  141  140  136  135  131
  130  127  127  124  121  118  120  118  111                                   
    60.0-180.0 180.0   5.0 450.0                            LAT/LON1/LON2/DLON/H
  109  107  106  109  113  111  117  118  122  123  126  126  127  125  125  123
  124  122  122  119  119  116  115  114  115  115  117  120  125  129  135  139
  143  143  146  145  147  146  148  147  149  148  148  146  145  142  140  138
  139  139  143  144  151  150  154  152  153  150  150  145  143  139  136  132
  130  127  127  124  124  120  119  120  109                                   
    57.5-180.0 180.0   5.0 450.0                            LAT/LON1/LON2/DLON/H
  105   99  100  101  103  101  106  108  113  116  120  123  124  125  126  125
  124  121  120  118  114  112  110  112  111  114  116  121  126  130  136  139
  145  144  149  147  150  148  151  150  152  151  152  151  148  146  143  142
  140  141  144  147  151  152  155  155  154  152  150  147  143  138  134  129
  125  122  122  120  118  116  117  115  105                                   
    55.0-180.0 180.0   5.0 450.0                            LAT/LON1/LON2/DLON/H
  101   94   90   93   97   95  101  104  110  113  119  122  124  125  126  126
  125  121  120  115  115  107  109  105  110  109  116  120  127  131  137  140
  146  144  149  146  150  149  153  152  155  156  157  156  154  152  150  147
  146  144  147  148  154  155  159  157  159  154  153  148  145  139  134  128
  121  118  116  115  114  110  110  112  101                                   
    52.5-180.0 180.0   5.0 450.0                            LAT/LON1/LON2/DLON/H
   95   83   82   85   88   88   93   97  103  108  114  119  121  123  124  125
  123  120  118  115  110  107  104  107  108  113  117  126  130  134  139  142
  147  145  150  147  152  152  157  157  161  162  164  163  162  160  158  155
  152  150  150  151  153  156  158  160  159  157  154  150  145  139  132  123
  116  111  108  106  103   99  104   99   95                                   
    50.0-180.0 180.0   5.0 450.0                            LAT/LON1/LON2/DLON/H
   90   75   71   78   84   84   91   93  100  104  111  117  120  122  124  126
  124  121  119  113  112  107  109  108  115  117  125  128  134  135  141  141
  149  146  152  149  156  155  162  163  168  170  171  172  172  170  169  164
  162  157  156  154  157  158  163  161  163  159  157  152  148  141  132  123
  113  108  103   98   95   90   93   90   90                                   
    47.5-180.0 180.0   5.0 450.0                            LAT/LON1/LON2/DLON/H
   83   64   65   71   77   79   86   90   96  101  108  114  119  122  125  127
  125  124  120  117  111  109  108  112  116  120  127  132  136  138  142  143
  151  148  157  155  162  163  170  173  176  179  181  182  181  182  180  176
  171  165  163  160  161  161  164  164  163  161  158  154  149  142  133  122
  111  103   97   92   87   81   86   77   83                                   
    45.0-180.0 180.0   5.0 450.0                            LAT/LON1/LON2/DLON/H
   78   61   58   66   73   76   86   88   95   98  105  112  118  124  128  131
  130  129  125  121  116  114  115  118  124  129  136  139  144  144  149  149
  159  157  167  166  175  176  184  184  190  191  194  193  194  192  192  186
  183  175  170  167  166  168  169  168  168  165  163  159  154  148  139  128
  115  107   98   91   86   81   80   76   78                                   
    42.5-180.0 180.0   5.0 450.0                            LAT/LON1/LON2/DLON/H
   75   56   54   60   66   71   79   84   93   96  105  112  123  130  135  139
  137  138  131  130  122  122  119  125  128  135  140  146  149  152  155  159
  168  171  182  184  193  194  200  202  205  207  208  209  208  208  206  201
  196  187  182  176  176  174  177  174  172  169  166  163  159  152  145  134
  121  110  100   92   84   78   80   71   75                                   
    40.0-180.0 180.0   5.0 450.0                            LAT/LON1/LON2/DLON/H
   80   61   53   56   64   66   76   79   89   92  102  109  121  130  138  144
  143  143  138  138  132  130  128  133  136  142  146  152  157  161  166  174
  184  192  203  210  218  222  225  226  228  228  227  226  226  224  222  217
  212  202  194  189  184  185  184  181  178  175  174  170  169  162  156  145
  134  122  111  100   92   85   85   81   80                                   
    37.5-180.0 180.0   5.0 450.0                            LAT/LON1/LON2/DLON/H
   85   64   56   58   58   61   67   74   84   91  105  114  128  138  149  155
  154  153  147  148  141  142  136  144  142  152  153  162  165  173  179  190
  204  215  233  242  253  254  258  255  255  253  252  251  248  246  244  238
  232  221  215  205  202  198  197  192  187  182  180  179  176  173  166  157
  145  133  122  112  102   92   93   87   85                                   
    35.0-180.0 180.0   5.0 450.0                            LAT/LON1/LON2/DLON/H
  100   79   60   58   60   56   65   66   79   83  100  108  124  136  148  156
  157  159  153  153  147  146  144  147  149  156  159  170  176  188  195  211
  226  245  264  277  287  289  289  286  283  281  276  274  269  269  263  258
  251  240  229  222  213  211  203  199  192  188  187  186  186  184  179  169
  159  148  136  124  117  107  108  108  100                                   
    32.5-180.0 180.0   5.0 450.0                            LAT/LON1/LON2/DLON/H
  109   91   71   67   60   57   59   66   74   82   99  112  131  144  158  165
  167  167  161  160  154  153  147  154  150  161  164  179  187  198  211  226
  252  268  295  302  319  313  317  309  309  303  302  296  294  290  286  279
  272  261  250  242  232  227  217  209  200  195  191  191  191  190  185  177
  166  155  144  134  127  119  122  118  109                                   
    30.0-180.0 180.0   5.0 450.0                            LAT/LON1/LON2/DLON/H
  127  107   82   76   67   59   59   60   69   73   91  103  124  137  152  162
  165  169  163  165  156  155  150  155  155  164  170  188  196  212  225  247
  274  295  319  331  343  340  337  334  329  330  323  323  314  314  303  300
  289  280  266  258  245  238  223  211  200  194  192  192  193  193  190  181
  172  161  152  142  138  133  136  136  127                                   
    27.5-180.0 180.0   5.0 450.0                            LAT/LON1/LON2/DLON/H
  133  117   98   89   79   70   64   66   69   79   92  107  128  143  158  167
  172  171  167  167  162  159  153  158  154  168  173  193  201  220  238  261
  291  312  338  344  356  349  352  347  349  346  347  343  339  333  327  318
  309  300  285  278  262  253  233  219  203  195  191  191  191  190  187  179
  171  161  153  147  141  142  146  141  133                                   
    25.0-180.0 180.0   5.0 450.0                            LAT/LON1/LON2/DLON/H
  146  131  110  104   95   87   77   74   75   77   90  101  123  136  150  161
  164  168  163  167  159  159  151  156  157  170  178  196  209  229  251  277
  306  326  348  355  362  359  357  359  361  365  363  364  355  352  340  336
  322  316  300  291  275  262  236  219  201  190  186  184  185  184  179  174
  167  159  150  145  144  146  150  146  146                                   
    22.5-180.0 180.0   5.0 450.0                            LAT/LON1/LON2/DLON/H
  141  137  123  115  107   97   89   85   81   85   92  108  127  141  155  165
  171  170  167  168  163  160  154  158  159  174  181  202  216  239  264  288
  316  330  348  347  357  351  356  358  367  369  374  372  368  361  354  348
  336  332  314  304  284  268  241  223  202  188  181  175  175  171  168  164
  159  151  144  140  140  144  152  142  141                                   
    20.0-180.0 180.0   5.0 450.0                            LAT/LON1/LON2/DLON/H
  144  140  128  123  116  111  100   97   92   92   98  106  126  140  150  157
  161  165  158  162  156  156  153  160  164  176  187  204  226  248  277  296
  320  328  341  345  348  347  352  357  371  374  380  378  375  369  361  358
  349  343  326  313  291  272  242  220  201  187  176  172  168  164  160  158
  151  146  136  134  131  135  141  134  144                                   
    17.5-180.0 180.0   5.0 450.0                            LAT/LON1/LON2/DLON/H
  132  134  129  123  118  111  104  100   95   96   97  109  126  141  152  158
  162  166  163  164  159  158  157  163  166  181  191  213  235  259  287  300
  317  322  333  333  338  339  350  359  375  379  386  383  383  377  372  368
  357  354  334  321  296  275  248  224  204  188  177  169  163  157  156  151
  149  142  136  129  128  128  135  122  132                                   
    15.0-180.0 180.0   5.0 450.0                            LAT/LON1/LON2/DLON/H
  128  127  122  122  117  116  107  107  100  100  102  108  127  140  149  153
  153  159  154  160  155  157  158  165  175  184  201  217  246  267  298  305
  319  322  328  331  334  337  350  356  374  375  384  379  381  376  371  369
  362  356  338  323  298  279  250  230  208  194  179  173  162  158  153  152
  146  145  134  131  121  121  120  109  128                                   
    12.5-180.0 180.0   5.0 450.0                            LAT/LON1/LON2/DLON/H
  113  115  111  109  107  103   99   97   92   95   96  105  120  134  144  146
  151  156  159  162  160  161  164  173  180  192  206  227  257  275  301  304
  318  317  327  326  336  340  357  361  379  376  384  377  378  372  368  367
  355  357  335  324  299  279  254  238  220  202  190  179  169  161  159  155
  151  145  140  129  123  118  114   99  113                                   
    10.0-180.0 180.0   5.0 450.0                            LAT/LON1/LON2/DLON/H
  114  105   99   99   96   94   88   88   84   87   94   98  115  127  137  140
  142  149  150  159  157  162  167  174  185  195  214  231  264  278  306  305
  319  317  328  330  345  348  362  365  377  375  377  369  368  366  360  363
  355  352  334  320  299  282  259  250  229  218  199  191  177  171  164  160
  150  146  139  132  121  117  107   91  114                                   
     7.5-180.0 180.0   5.0 450.0                            LAT/LON1/LON2/DLON/H
  110  101   91   89   84   78   73   73   70   76   81   91  105  118  131  134
  143  149  157  163  165  170  175  184  193  206  224  244  273  284  309  309
