data/unet/pred3600.15i
     1.0            IONOSPHERE MAPS     GNSS                IONEX VERSION / TYPE
pyspatialgeodesy        IME             05-JAN-18 20:20     PGM / RUN BY / DATE 
Map Name                                                    COMMENT             
Predicted global ionosphere maps (GIM).                     DESCRIPTION         
  2015    12    26     0     0     0                        EPOCH OF FIRST MAP  
  2015    12    27     0     0     0                        EPOCH OF LAST MAP   
  7200                                                      INTERVAL            
    13                                                      # OF MAPS IN FILE   
  NONE                                                      MAPPING FUNCTION    
10.0                                                        ELEVATION CUTOFF    
One-way carrier phase leveled to code                       OBSERVABLES USED    
  6371.0                                                    BASE RADIUS         
 2                                                          MAP DIMENSION       
   450.0 450.0   0.0                                        HGT1 / HGT2 / DHGT  
    87.5 -87.5  -2.5                                        LAT1 / LAT2 / DLAT  
  -180.0 180.0   5.0                                        LON1 / LON2 / DLON  
    -1                                                      EXPONENT            
                                                            END OF HEADER       
     1                                                      START OF TEC MAP    
  2015    12    26     0     0     0                        EPOCH OF CURRENT MAP
    87.5-180.0 180.0   5.0 450.0                            LAT/LON1/LON2/DLON/H
  111   84   79   75   74   70   73   70   72   69   71   67   69   65   67   63
   65   61   63   59   61   58   60   56   59   55   57   53   57   53   55   52
   55   52   55   52   56   53   57   54   58   56   60   58   62   60   64   62
   66   64   68   66   69   67   70   68   71   68   71   68   71   68   71   68
   71   69   72   70   76   73   84   95  111                                   
    85.0-180.0 180.0   5.0 450.0                            LAT/LON1/LON2/DLON/H
   94   67   68   66   65   58   62   57   61   55   58   52   54   48   50   43
   46   39   42   35   37   31   33   27   29   24   25   21   22   19   20   18
   20   18   21   21   24   24   28   29   33   34   39   39   44   44   49   48
   52   51   56   53   58   55   59   55   59   55   59   55   59   55   59   55
   59   56   60   56   62   52   58   83   94                                   
    82.5-180.0 180.0   5.0 450.0                            LAT/LON1/LON2/DLON/H
   88   70   70   72   69   65   67   64   65   61   62   58   58   54   53   49
   48   44   43   39   38   33   32   27   27   22   22   18   19   15   17   14
   18   15   20   18   24   23   29   29   35   35   41   42   47   48   53   53
   57   56   59   59   61   59   61   59   60   57   58   56   57   55   57   56
   58   57   60   59   62   55   61   81   88                                   
    80.0-180.0 180.0   5.0 450.0                            LAT/LON1/LON2/DLON/H
   90   76   76   78   75   74   74   74   73   72   71   69   68   65   64   61
   59   56   54   52   49   45   42   38   35   31   28   25   23   21   20   19
   20   20   23   24   28   30   34   37   42   44   49   52   56   58   61   62
   64   64   65   65   65   63   63   61   60   57   56   55   55   54   55   55
   56   57   60   61   63   59   64   85   90                                   
    77.5-180.0 180.0   5.0 450.0                            LAT/LON1/LON2/DLON/H
   91   76   77   79   77   76   77   77   77   75   75   73   72   70   69   67
   65   63   62   59   57   54   51   46   43   38   36   31   29   25   25   23
   24   23   26   27   31   33   38   40   45   47   52   55   58   60   63   64
   65   64   65   63   62   59   57   54   52   48   47   44   44   43   44   44
   46   48   52   55   59   56   62   82   91                                   
    75.0-180.0 180.0   5.0 450.0                            LAT/LON1/LON2/DLON/H
   89   76   77   82   80   80   80   81   80   80   79   77   76   75   73   72
   71   70   69   68   67   65   62   59   54   50   46   42   38   35   33   32
   31   32   34   36   38   42   45   48   51   54   58   60   62   64   65   65
   64   63   62   60   57   54   50   47   43   40   37   35   34   34   34   36
   38   42   47   52   56   56   63   84   89                                   
    72.5-180.0 180.0   5.0 450.0                            LAT/LON1/LON2/DLON/H
   94   79   82   85   83   83   82   83   82   81   79   77   76   73   71   69
   69   68   69   69   69   69   68   65   62   58   55   51   47   44   42   40
   40   40   42   43   45   47   51   52   55   56   59   60   61   60   61   59
   58   55   54   50   47   43   41   36   33   29   28   25   25   24   26   27
   32   35   43   49   56   57   65   85   94                                   
    70.0-180.0 180.0   5.0 450.0                            LAT/LON1/LON2/DLON/H
   95   85   89   91   88   87   88   87   86   84   82   79   76   72   69   66
   65   64   65   66   68   68   69   67   66   63   60   57   54   51   50   48
   47   47   48   49   50   51   53   54   55   55   57   56   55   54   53   50
   47   45   43   40   37   34   33   29   27   23   23   21   21   21   24   26
   31   36   45   52   61   65   74   93   95                                   
    67.5-180.0 180.0   5.0 450.0                            LAT/LON1/LON2/DLON/H
  108   98  102  102   97   97   95   95   93   90   86   82   77   71   66   61
   58   57   58   60   62   64   66   66   65   63   61   59   56   54   52   50
   49   47   48   47   48   48   50   50   51   50   51   48   47   44   44   40
   38   34   34   30   30   28   29   25   26   23   24   23   25   25   30   32
   39   45   54   62   72   77   85  100  108                                   
    65.0-180.0 180.0   5.0 450.0                            LAT/LON1/LON2/DLON/H
  115  111  114  114  108  106  104  102  100   97   92   86   79   71   64   57
   53   50   51   52   56   57   60   59   60   58   57   56   54   52   51   48
   46   44   44   43   43   43   43   44   44   44   43   41   39   36   34   30
   28   26   26   25   26   26   28   27   28   27   30   30   33   36   41   46
   53   60   69   77   86   92  101  111  115                                   
    62.5-180.0 180.0   5.0 450.0                            LAT/LON1/LON2/DLON/H
  128  124  126  124  117  114  111  110  107  104   98   92   84   74   65   57
   51   47   47   48   51   52   53   53   52   51   50   49   47   45   44   41
   39   36   35   34   34   33   35   35   36   35   35   33   32   28   27   23
   22   20   21   21   25   26   30   30   34   34   38   41   46   49   56   60
   69   75   84   91  100  106  112  120  128                                   
    60.0-180.0 180.0   5.0 450.0                            LAT/LON1/LON2/DLON/H
  131  132  133  132  124  120  117  115  113  110  104   97   89   78   68   58
   52   47   46   45   47   46   46   44   43   41   41   40   39   38   37   34
   32   29   28   27   26   27   28   29   29   30   30   30   27   25   22   20
   18   17   18   20   24   27   32   35   39   42   47   52   58   64   70   76
   84   90   98  105  112  116  123  128  131                                   
    57.5-180.0 180.0   5.0 450.0                            LAT/LON1/LON2/DLON/H
  139  139  141  138  130  126  122  120  117  115  110  104   96   86   75   65
   58   52   49   47   46   44   43   39   37   35   34   33   34   33   32   30
   28   26   24   24   23   24   25   27   28   30   30   31   29   27   24   22
   19   19   19   22   27   31   37   40   46   50   57   63   70   76   83   88
   97  102  111  116  123  126  130  134  139                                   
    55.0-180.0 180.0   5.0 450.0                            LAT/LON1/LON2/DLON/H
  140  144  147  145  138  133  129  125  123  119  114  109  101   92   82   72
   65   57   53   49   47   43   40   36   33   31   31   31   32   33   33   31
   29   27   26   25   26   27   29   30   32   34   35   36   34   33   30   28
   25   23   23   26   31   35   40   44   51   56   64   71   80   87   95  101
  109  115  122  127  132  134  137  140  140                                   
    52.5-180.0 180.0   5.0 450.0                            LAT/LON1/LON2/DLON/H
  151  152  154  154  147  143  138  134  130  126  120  115  107  100   91   82
   74   67   61   55   51   46   42   38   35   34   35   36   38   39   39   38
   36   34   33   34   34   36   37   39   40   42   43   45   43   43   40   38
   33   31   29   31   35   39   44   48   54   60   68   76   86   94  102  109
  117  123  130  135  140  143  144  147  151                                   
    50.0-180.0 180.0   5.0 450.0                            LAT/LON1/LON2/DLON/H
  155  159  164  166  160  156  151  146  140  133  126  119  112  105   98   90
   82   74   66   59   54   49   45   41   39   39   40   42   44   46   46   45
   43   43   43   44   45   47   48   49   50   52   53   54   54   54   52   48
   44   40   37   37   40   43   47   52   57   62   71   79   91  100  110  117
  125  132  139  144  149  150  151  154  155                                   
    47.5-180.0 180.0   5.0 450.0                            LAT/LON1/LON2/DLON/H
  168  170  176  180  176  173  168  161  153  144  134  126  118  112  106   99
   91   81   72   65   59   55   52   50   49   49   50   52   53   54   54   53
   51   51   53   55   57   59   60   60   60   62   62   64   64   65   63   60
   54   50   45   44   46   49   52   56   60   65   73   82   95  104  115  123
  132  139  147  153  157  158  158  161  168                                   
    45.0-180.0 180.0   5.0 450.0                            LAT/LON1/LON2/DLON/H
  173  179  189  193  190  189  184  178  166  155  142  132  124  118  112  105
   96   86   76   68   63   60   59   57   57   57   57   58   58   59   58   56
   56   56   59   62   66   68   69   69   70   70   72   73   75   75   74   69
   65   58   54   51   52   54   57   60   64   68   77   86   99  109  122  129
  139  145  154  159  163  163  165  167  173                                   
    42.5-180.0 180.0   5.0 450.0                            LAT/LON1/LON2/DLON/H
  185  187  197  202  201  201  196  190  178  165  151  140  131  125  118  111
  102   91   81   73   69   68   67   66   65   63   62   61   60   59   58   56
   55   57   61   66   70   73   75   75   75   76   78   80   82   83   81   78
   72   67   62   60   60   61   64   66   69   73   81   91  104  115  127  135
  143  150  158  164  167  167  169  172  185                                   
    40.0-180.0 180.0   5.0 450.0                            LAT/LON1/LON2/DLON/H
  186  191  200  204  203  203  199  193  183  170  155  144  137  130  123  116
  106   96   86   79   75   75   74   73   70   66   62   59   57   55   53   51
   51   53   59   65   72   76   78   78   80   81   84   86   88   87   86   82
   79   73   69   65   66   67   69   71   75   80   88   98  113  123  135  141
  150  155  163  167  170  170  173  174  186                                   
    37.5-180.0 180.0   5.0 450.0                            LAT/LON1/LON2/DLON/H
  191  191  198  201  198  198  193  188  179  169  157  149  142  137  130  123
  113  104   95   89   86   85   83   80   74   68   61   57   53   50   48   46
   46   50   56   64   71   77   80   81   83   86   89   91   92   92   90   87
   83   79   75   73   73   74   75   77   82   87   96  108  123  134  144  150
  156  162  168  172  173  174  175  176  191                                   
    35.0-180.0 180.0   5.0 450.0                            LAT/LON1/LON2/DLON/H
  187  189  194  193  188  186  182  176  169  160  153  148  144  140  134  127
  119  111  104   99   96   94   89   83   74   66   59   54   50   48   46   45
   46   50   58   66   75   81   84   85   89   92   97   97   99   96   93   88
   86   81   78   75   76   77   79   82   87   94  105  117  134  144  156  159
  165  168  175  177  178  179  181  180  187                                   
    32.5-180.0 180.0   5.0 450.0                            LAT/LON1/LON2/DLON/H
  193  188  192  188  179  176  170  165  157  153  148  147  144  142  137  132
  125  120  115  111  107  102   94   85   74   66   59   56   54   55   55   55
   56   60   66   76   83   90   92   93   96   99  104  105  104  100   96   91
   87   83   79   76   76   77   80   84   93  101  113  127  143  154  164  169
  173  177  183  185  186  188  190  191  193                                   
    30.0-180.0 180.0   5.0 450.0                            LAT/LON1/LON2/DLON/H
  202  199  200  191  181  175  168  160  153  147  145  144  144  142  138  134
  130  127  124  120  114  107   96   86   75   70   65   67   69   73   76   77
   78   81   87   93  100  103  104  103  106  107  112  110  109  102   97   90
   87   80   77   73   73   73   77   84   96  108  123  138  156  167  178  182
  187  191  197  199  201  203  207  210  202                                   
    27.5-180.0 180.0   5.0 450.0                            LAT/LON1/LON2/DLON/H
  230  222  224  215  202  196  186  175  162  155  149  148  146  144  140  137
  134  133  131  126  118  108   97   88   80   79   81   89   96  105  109  112
  111  113  115  119  121  122  117  114  113  114  116  113  110  102   95   87
   81   75   72   66   66   65   72   81   97  113  132  149  168  182  195  202
  207  211  217  220  226  230  234  244  230                                   
    25.0-180.0 180.0   5.0 450.0                            LAT/LON1/LON2/DLON/H
  269  260  266  256  243  233  220  204  187  172  163  156  152  147  143  139
  138  137  134  128  118  107   96   89   87   92  101  115  128  139  146  148
  148  147  146  145  143  138  132  124  121  118  119  114  109   98   89   79
   74   68   64   60   60   61   68   77   96  115  137  155  178  197  214  226
  234  241  247  251  259  266  276  289  269                                   
    22.5-180.0 180.0   5.0 450.0                            LAT/LON1/LON2/DLON/H
  319  311  324  319  308  296  280  256  231  209  191  177  165  156  147  143
  140  139  133  125  113  102   94   93   98  111  126  145  161  176  183  186
  181  176  169  164  157  149  138  128  122  120  118  112  105   94   84   74
   69   61   56   52   52   53   62   73   98  119  142  165  190  213  235  251
  264  271  279  285  298  309  321  336  319                                   
    20.0-180.0 180.0   5.0 450.0                            LAT/LON1/LON2/DLON/H
  378  383  395  395  390  379  356  324  289  255  225  201  182  166  155  147
  144  139  132  121  110  100   97  102  114  132  151  174  193  207  213  213
  205  194  182  171  163  153  140  127  121  116  115  107  101   87   79   68
   65   56   51   48   50   52   61   75  102  126  153  177  207  232  256  277
  295  306  315  325  341  356  372  386  378                                   
    17.5-180.0 180.0   5.0 450.0                            LAT/LON1/LON2/DLON/H
  431  445  461  474  478  469  440  403  357  312  273  236  207  185  169  159
  151  142  132  121  109  104  106  117  133  155  176  198  213  224  227  222
  209  195  179  168  158  148  134  123  116  113  110  103   95   84   75   67
   62   54   47   46   49   54   64   80  109  137  165  193  225  253  279  302
  323  334  344  354  374  391  409  425  431                                   
    15.0-180.0 180.0   5.0 450.0                            LAT/LON1/LON2/DLON/H
  473  497  516  534  548  544  521  479  422  369  320  273  236  205  184  168
  158  145  134  122  114  113  122  136  156  177  197  212  222  227  225  215
  201  183  169  160  152  141  129  117  113  108  107   97   93   79   72   65
   62   56   51   50   54   60   71   89  120  146  179  208  243  270  298  321
  343  357  370  381  399  420  446  460  473                                   
    12.5-180.0 180.0   5.0 450.0                            LAT/LON1/LON2/DLON/H
  491  514  535  560  581  585  567  534  478  420  362  311  268  232  205  186
  171  159  145  134  129  134  146  163  179  196  208  218  220  219  211  200
  182  168  155  152  145  137  125  117  112  109  105   98   89   78   72   68
   64   60   56   55   60   68   80  100  128  158  191  222  256  282  313  335
  356  368  382  392  413  434  463  478  491                                   
    10.0-180.0 180.0   5.0 450.0                            LAT/LON1/LON2/DLON/H
  495  522  538  561  586  592  580  552  508  451  393  341  298  259  231  207
  192  175  164  154  155  161  176  190  203  211  216  217  214  206  197  184
  169  157  150  149  146  139  131  123  121  115  111   99   93   80   76   71
   70   68   66   66   70   78   90  109  137  166  203  234  266  292  321  344
  362  374  388  402  422  444  477  485  495                                   
     7.5-180.0 180.0   5.0 450.0                            LAT/LON1/LON2/DLON/H
  486  506  517  535  556  566  559  539  505  462  410  363  324  287  260  236
  219  203  192  187  187  198  209  219  224  224  219  215  205  198  188  179
