data/unet/pred0380.15i
     1.0            IONOSPHERE MAPS     GNSS                IONEX VERSION / TYPE
pyspatialgeodesy        IME             05-JAN-18 20:20     PGM / RUN BY / DATE 
Map Name                                                    COMMENT             
Predicted global ionosphere maps (GIM).                     DESCRIPTION         
  2015     2     7     0     0     0                        EPOCH OF FIRST MAP  
  2015     2     8     0     0     0                        EPOCH OF LAST MAP   
  7200                                                      INTERVAL            
    13                                                      # OF MAPS IN FILE   
  NONE                                                      MAPPING FUNCTION    
10.0                                                        ELEVATION CUTOFF    
One-way carrier phase leveled to code                       OBSERVABLES USED    
  6371.0                                                    BASE RADIUS         
 2                                                          MAP DIMENSION       
   450.0 450.0   0.0                                        HGT1 / HGT2 / DHGT  
    87.5 -87.5  -2.5                                        LAT1 / LAT2 / DLAT  
  -180.0 180.0   5.0                                        LON1 / LON2 / DLON  
    -1                                                      EXPONENT            
                                                            END OF HEADER       
[from data line 2145]
     6                                                      START OF TEC MAP    
  2015     2     7    10     0     0                        EPOCH OF CURRENT MAP
    87.5-180.0 180.0   5.0 450.0                            LAT/LON1/LON2/DLON/H
   69   94   88   88   90   89   92   92   94   94   96   97   98   98   98   98
   98   98   97   97   96   96   95   94   93   93   92   91   90   90   89   89
   89   89   88   88   88   88   87   88   86   88   86   87   85   87   85   86
   83   85   82   83   80   82   80   81   79   80   79   79   79   79   78   78
   78   79   80   80   82   80   87   71   69                                   
    85.0-180.0 180.0   5.0 450.0                            LAT/LON1/LON2/DLON/H
   91   89   96   99   99  100  101  103  105  106  108  108  110  110  110  110
  110  110  108  109  107  108  105  107  105  108  104  108  104  109  104  108
  103  108  102  105  100  103   98  101   95   99   92   95   88   91   85   88
   81   83   78   80   75   77   73   75   73   75   74   75   76   76   78   77
   80   79   83   81   87   87   95   86   91                                   
    82.5-180.0 180.0   5.0 450.0                            LAT/LON1/LON2/DLON/H
   80   88   93   96   95   97   99  102  102  105  105  107  107  108  106  107
  104  105  101  103   99  100   96   98   95   97   95   98   97   99  100  102
  104  104  106  105  106  104  105  103  104  101  101   97   96   93   91   88
   85   83   79   78   74   74   70   69   65   66   63   64   62   64   64   66
   67   69   70   72   75   78   87   76   80                                   
    80.0-180.0 180.0   5.0 450.0                            LAT/LON1/LON2/DLON/H
   82   84   87   88   89   92   92   94   95   97   96   97   96   96   94   92
   91   88   86   84   83   80   80   78   79   78   79   81   84   88   92   97
  102  106  111  113  118  118  122  121  123  120  120  116  114  111  108  104
  101   98   95   91   87   86   79   78   72   71   67   67   65   66   64   67
   66   69   68   71   71   72   82   81   82                                   
    77.5-180.0 180.0   5.0 450.0                            LAT/LON1/LON2/DLON/H
   76   82   84   84   85   87   89   90   90   90   89   90   87   87   84   82
   80   77   76   73   71   69   68   67   66   67   69   71   75   80   86   94
  102  111  119  127  134  140  146  149  152  152  152  149  147  145  144  139
  137  134  131  126  122  115  110  103   97   90   86   82   81   79   80   78
   80   77   80   77   79   77   84   73   76                                   
    75.0-180.0 180.0   5.0 450.0                            LAT/LON1/LON2/DLON/H
   76   75   76   77   78   79   78   81   79   82   78   81   76   77   73   72
   68   67   65   63   60   59   58   58   58   59   61   64   69   76   83   94
  104  118  128  140  151  161  171  178  185  186  190  187  187  184  185  181
  179  174  171  164  158  149  141  132  122  113  105   98   92   90   87   87
   86   85   84   82   79   79   82   73   76                                   
    72.5-180.0 180.0   5.0 450.0                            LAT/LON1/LON2/DLON/H
   72   74   69   70   70   71   73   75   75   75   75   74   73   71   69   68
   65   63   62   61   59   59   59   57   59   59   62   62   68   72   81   91
  103  119  131  147  159  175  190  202  211  217  222  225  226  228  229  227
  225  223  219  212  203  192  181  167  156  142  131  119  110  100   98   93
   94   89   90   85   84   80   85   72   72                                   
    70.0-180.0 180.0   5.0 450.0                            LAT/LON1/LON2/DLON/H
   72   67   64   64   66   66   70   69   71   70   70   70   69   68   66   66
   63   63   62   64   62   64   64   65   65   66   65   68   69   75   81   94
  105  123  137  153  167  187  205  223  235  247  255  262  265  269  271  271
  270  267  264  256  248  234  219  201  187  168  154  138  126  114  105  102
   97   97   92   90   82   81   81   69   72                                   
    67.5-180.0 180.0   5.0 450.0                            LAT/LON1/LON2/DLON/H
   67   66   60   60   60   62   64   68   68   69   68   70   69   69   68   67
   67   67   68   69   71   72   73   74   74   74   72   72   72   75   83   93
  106  123  138  156  173  197  218  240  256  270  279  288  295  297  300  299
  299  296  295  287  278  262  243  222  202  182  163  147  131  115  104   96
   93   91   88   83   80   78   81   65   67                                   
    65.0-180.0 180.0   5.0 450.0                            LAT/LON1/LON2/DLON/H
   63   59   56   55   56   60   62   66   68   69   68   70   71   71   72   71
   71   73   73   76   76   81   80   84   81   82   79   79   76   83   86  102
  114  134  150  170  187  212  233  258  273  290  298  312  316  322  321  321
  321  320  320  311  300  282  261  234  212  188  168  147  130  113   96   89
   81   81   76   77   72   74   74   57   63                                   
    62.5-180.0 180.0   5.0 450.0                            LAT/LON1/LON2/DLON/H
   57   59   53   53   52   57   59   64   64   68   66   70   69   72   71   73
   72   73   74   76   79   82   85   86   86   84   82   79   78   81   88  102
  120  140  159  179  200  223  246  269  286  302  312  325  333  337  337  335
  334  332  330  321  307  285  261  235  210  187  163  144  124  106   89   77
   70   68   65   65   64   65   67   53   57                                   
    60.0-180.0 180.0   5.0 450.0                            LAT/LON1/LON2/DLON/H
   54   51   50   49   47   53   55   59   61   64   64   67   68   70   72   72
   73   72   72   73   75   79   80   83   81   82   78   78   76   84   90  110
  131  156  176  196  217  240  261  282  298  316  325  339  343  350  347  344
  340  338  333  323  308  284  260  235  213  190  168  148  130  112   92   77
   67   61   58   58   57   59   57   47   54                                   
    57.5-180.0 180.0   5.0 450.0                            LAT/LON1/LON2/DLON/H
   55   60   52   50   44   48   48   54   54   59   57   62   61   65   65   67
   66   65   65   65   67   71   72   74   72   72   70   70   72   81   93  116
  140  166  189  209  233  253  275  291  309  322  335  348  357  358  355  348
  344  337  333  318  303  279  258  236  217  196  176  160  143  126  105   87
   73   65   59   57   58   58   57   51   55                                   
    55.0-180.0 180.0   5.0 450.0                            LAT/LON1/LON2/DLON/H
   58   56   55   47   39   44   42   48   47   52   52   57   57   60   60   61
   59   57   55   56   57   61   62   65   64   63   61   63   67   82  100  128
  155  182  205  228  253  273  292  305  320  336  347  363  368  371  362  357
  349  344  336  324  307  286  266  250  235  218  201  187  170  156  134  114
   94   81   71   67   66   66   63   58   58                                   
    52.5-180.0 180.0   5.0 450.0                            LAT/LON1/LON2/DLON/H
   69   73   63   55   43   40   36   41   40   46   45   51   51   54   53   54
   52   50   49   49   50   54   55   59   57   58   56   60   69   84  108  138
  168  193  219  242  267  284  301  312  327  343  360  371  379  378  372  362
  360  350  347  332  320  297  282  265  256  241  229  213  199  183  165  144
  122  105   91   86   83   80   77   74   69                                   
    50.0-180.0 180.0   5.0 450.0                            LAT/LON1/LON2/DLON/H
   81   79   76   64   50   47   39   43   40   46   46   51   52   53   51   52
   49   47   46   46   47   51   53   57   57   58   58   64   77   95  122  153
  183  207  233  258  280  297  312  325  340  359  372  385  389  390  382  378
  373  367  362  349  337  316  302  286  277  267  253  242  225  211  189  172
  147  128  112  108  103   99   94   88   81                                   
    47.5-180.0 180.0   5.0 450.0                            LAT/LON1/LON2/DLON/H
   96   99   89   81   66   57   49   47   45   46   48   52   53   54   53   51
   49   46   47   48   51   53   56   59   58   59   62   69   82  103  131  160
  189  212  238  265  285  304  319  334  351  368  381  390  395  393  390  382
  382  374  374  359  350  328  315  295  287  276  264  251  239  222  204  183
  162  142  127  119  116  113  109  102   96                                   
    45.0-180.0 180.0   5.0 450.0                            LAT/LON1/LON2/DLON/H
  104  104  102   94   83   76   65   63   57   59   58   61   61   62   59   57
   56   54   57   58   61   64   65   68   67   68   73   80   96  115  142  169
  193  217  245  271  293  314  329  348  365  381  391  401  403  403  397  395
  391  389  388  376  364  342  324  303  291  277  261  251  234  221  198  181
  159  143  127  124  119  116  114  108  104                                   
    42.5-180.0 180.0   5.0 450.0                            LAT/LON1/LON2/DLON/H
  112  114  112  110  101   95   84   78   72   68   69   69   71   70   68   64
   65   63   68   68   73   73   75   73   72   73   80   89  106  123  146  168
  191  216  246  276  300  323  341  361  378  393  401  407  407  402  400  393
  394  389  392  379  368  342  320  296  282  264  247  230  217  202  182  166
  146  131  120  115  113  108  109  106  112                                   
    40.0-180.0 180.0   5.0 450.0                            LAT/LON1/LON2/DLON/H
  104  108  114  117  113  111  102   97   87   85   81   83   83   82   79   77
   78   79   81   84   84   85   81   81   77   81   87  102  119  136  155  174
  193  221  251  286  311  339  360  382  399  413  419  423  419  415  409  405
  403  402  403  392  379  353  328  302  283  260  235  217  198  182  163  147
  129  121  108  107  102   95   93   95  104                                   
    37.5-180.0 180.0   5.0 450.0                            LAT/LON1/LON2/DLON/H
   98  103  110  120  119  120  113  107   99   93   91   91   92   92   89   87
   88   89   93   92   93   89   85   81   80   83   93  109  126  144  156  174
  192  223  258  295  327  357  382  407  423  435  438  439  434  425  420  412
  411  406  409  400  387  360  336  308  286  261  236  212  193  176  159  143
  128  119  109  102   96   87   81   81   98                                   
    35.0-180.0 180.0   5.0 450.0                            LAT/LON1/LON2/DLON/H
   86   87   97  110  114  121  117  113  106  101   99   98  102  101  100   98
  100  101  105  102   98   92   85   82   80   86   97  117  134  151  162  179
  195  228  266  311  348  382  414  438  453  464  466  466  459  453  445  440
  432  432  430  426  412  391  365  341  315  287  259  238  219  198  183  168
  157  145  130  121  105   91   80   74   86                                   
    32.5-180.0 180.0   5.0 450.0                            LAT/LON1/LON2/DLON/H
   83   87   86  100  105  113  110  108  103  101   99  102  104  104  104  103
  106  107  108  105   98   91   84   81   81   89  101  120  138  159  168  187
  208  240  283  339  382  425  453  482  491  503  501  503  498  490  483  474
  470  465  465  461  454  435  417  395  375  349  322  297  279  263  250  236
  221  207  187  165  140  113   97   77   83                                   
    30.0-180.0 180.0   5.0 450.0                            LAT/LON1/LON2/DLON/H
   90   84   79   86   93  101  101  101   98   97   99  101  108  106  109  106
  111  110  112  104   99   89   84   81   84   95  106  128  145  165  178  198
  221  263  311  371  424  467  497  524  532  546  547  554  550  550  542  538
  530  532  529  531  522  514  498  483  468  447  426  410  397  382  371  352
  326  300  267  236  201  163  138  111   90                                   
    27.5-180.0 180.0   5.0 450.0                            LAT/LON1/LON2/DLON/H
  112  111   89   88   89   96   96   96   94   93   95   99  104  105  105  105
  110  112  112  107   98   93   87   87   88   96  110  131  155  181  206  227
  261  300  351  417  465  509  538  561  574  591  598  608  612  615  613  608
  604  604  610  610  610  604  598  592  587  574  557  543  537  523  514  495
  470  440  383  327  282  231  194  152  112                                   
    25.0-180.0 180.0   5.0 450.0                            LAT/LON1/LON2/DLON/H
  162  143  124  104  102   99   99   95   94   94   97  100  105  104  105  103
  109  108  111  104   99   93   92   95   96  105  114  136  172  202  243  271
  305  342  394  452  506  545  575  602  616  640  654  673  686  696  698  699
  687  692  687  694  690  695  695  701  702  691  682  668  655  641  628  617
  601  564  512  463  391  321  270  221  162                                   
    22.5-180.0 180.0   5.0 450.0                            LAT/LON1/LON2/DLON/H
  229  204  175  138  125  119  111  104  100   98  100  102  105  103  101  100
  102  107  107  105   99   98   96  100   98  101  115  146  192  234  283  305
  334  377  432  492  542  575  607  632  650  678  702  734  754  761  766  764
  764  764  766  772  776  783  796  810  810  800  783  769  755  737  722  707
  689  667  636  565  496  424  368  315  229                                   
    20.0-180.0 180.0   5.0 450.0                            LAT/LON1/LON2/DLON/H
  313  278  242  191  160  141  133  128  120  113  112  111  111  106  101   96
   99   99  103  100   99   98  100  102  102  102  126  164  225  273  315  345
  384  430  480  532  577  607  637  655  678  708  745  775  795  806  810  818
  818  826  824  835  839  851  857  867  868  863  853  834  825  797  783  760
  741  720  690  660  593  515  453  407  313                                   
    17.5-180.0 180.0   5.0 450.0                            LAT/LON1/LON2/DLON/H
  392  360  320  252  212  179  163  153  144  128  124  117  117  108  105   98
  100  101  101  100   98  101  103  102  102  111  139  183  241  295  335  371
  419  466  513  558  597  630  651  671  696  733  770  800  818  826  838  846
  853  859  864  870  877  882  889  892  893  883  875  855  845  811  789  761
  741  722  701  675  644  572  507  484  392                                   
    15.0-180.0 180.0   5.0 450.0                            LAT/LON1/LON2/DLON/H
  440  420  383  309  263  219  198  183  175  155  141  128  123  114  106  101
  104  101  103   98  100  100  103  104  108  118  152  203  258  312  358  399
  443  493  535  578  612  633  660  679  713  750  787  811  824  837  846  859
  862  872  875  882  883  891  890  891  881  864  851  826  808  769  737  705
  683  668  656  645  625  581  534  511  440                                   
    12.5-180.0 180.0   5.0 450.0                            LAT/LON1/LON2/DLON/H
  463  449  427  365  310  261  235  212  200  185  160  141  132  117  109  103
  104  105  104  104  102  106  106  104  108  125  159  219  266  323  365  412
  457  510  552  584  609  633  653  685  722  765  796  814  826  833  845  855
  862  864  870  868  872  870  869  857  842  822  804  779  751  710  670  637
  610  598  592  590  577  550  527  519  463                                   
    10.0-180.0 180.0   5.0 450.0                            LAT/LON1/LON2/DLON/H
  464  463  449  394  351  291  265  237  223  203  184  158  143  125  112  107
  102  101  102  107  106  114  113  107  115  136  174  225  277  330  371  419
  461  505  542  569  599  618  653  685  731  769  801  814  820  830  836  840
  845  845  844  845  842  841  833  822  799  778  757  729  692  653  601  556
  523  504  502  499  506  497  501  483  464                                   
     7.5-180.0 180.0   5.0 450.0                            LAT/LON1/LON2/DLON/H
  452  465  457  417  373  325  289  263  246  221  203  176  159  146  131  125
  117  116  110  116  111  117  107  109  109  141  179  238  288  333  374  417
