data/unet/pred2890.15i
     1.0            IONOSPHERE MAPS     GNSS                IONEX VERSION / TYPE
pyspatialgeodesy        IME             05-JAN-18 20:20     PGM / RUN BY / DATE 
Map Name                                                    COMMENT             
Predicted global ionosphere maps (GIM).                     DESCRIPTION         
  2015    10    16     0     0     0                        EPOCH OF FIRST MAP  
  2015    10    17     0     0     0                        EPOCH OF LAST MAP   
  7200                                                      INTERVAL            
    13                                                      # OF MAPS IN FILE   
  NONE                                                      MAPPING FUNCTION    
10.0                                                        ELEVATION CUTOFF    
One-way carrier phase leveled to code                       OBSERVABLES USED    
  6371.0                                                    BASE RADIUS         
 2                                                          MAP DIMENSION       
   450.0 450.0   0.0                                        HGT1 / HGT2 / DHGT  
    87.5 -87.5  -2.5                                        LAT1 / LAT2 / DLAT  
  -180.0 180.0   5.0                                        LON1 / LON2 / DLON  
    -1                                                      EXPONENT            
                                                            END OF HEADER       
[from data line 4290]
    11                                                      START OF TEC MAP    
  2015    10    16    20     0     0                        EPOCH OF CURRENT MAP
    87.5-180.0 180.0   5.0 450.0                            LAT/LON1/LON2/DLON/H
  126  100   81   86   84   85   85   87   87   89   89   91   89   92   90   92
   90   92   90   91   88   89   87   88   85   86   83   83   81   81   80   80
   78   78   77   77   75   75   74   74   73   74   72   73   72   73   72   72
   71   73   71   73   72   73   72   73   72   74   72   74   73   75   74   76
   74   77   76   78   79   81   76  115  126                                   
    85.0-180.0 180.0   5.0 450.0                            LAT/LON1/LON2/DLON/H
   70   73   72   77   78   79   80   81   83   85   87   88   89   90   90   91
   91   91   90   90   88   87   86   84   83   81   80   77   77   74   74   71
   71   69   69   66   67   65   65   63   64   62   63   61   63   61   62   60
   62   61   62   61   62   61   62   61   63   62   63   62   64   63   64   63
   65   64   66   65   70   68   67   84   70                                   
    82.5-180.0 180.0   5.0 450.0                            LAT/LON1/LON2/DLON/H
   65   67   67   70   72   73   74   78   80   85   87   91   92   97   96  100
   98  101   98   99   95   95   90   89   84   83   78   77   73   73   69   68
   65   65   62   62   60   59   57   56   55   54   53   52   52   51   51   50
   52   51   52   52   54   53   54   54   55   56   56   56   57   57   57   57
   57   58   58   59   60   59   56   64   65                                   
    80.0-180.0 180.0   5.0 450.0                            LAT/LON1/LON2/DLON/H
   63   60   61   60   64   65   70   72   79   81   88   91   96   98  102  103
  105  104  104  101   99   96   92   87   83   78   75   71   68   65   63   60
   59   57   57   55   55   52   52   49   50   47   47   44   45   42   44   41
   44   43   45   44   47   46   49   47   50   48   50   48   50   48   50   47
   49   47   49   46   50   47   46   53   63                                   
    77.5-180.0 180.0   5.0 450.0                            LAT/LON1/LON2/DLON/H
   53   52   49   50   54   55   61   65   72   77   85   89   96   99  104  105
  106  105  104  100   96   90   86   80   75   69   65   61   58   56   54   53
   52   51   51   50   49   47   46   44   43   41   40   37   36   35   35   35
   35   36   37   38   40   41   41   42   42   43   42   42   41   41   40   40
   39   39   39   39   39   38   38   41   53                                   
    75.0-180.0 180.0   5.0 450.0                            LAT/LON1/LON2/DLON/H
   53   47   48   47   50   53   60   64   72   77   87   92  100  104  110  110
  112  108  108  102   98   90   85   78   72   66   61   58   54   53   51   51
   51   51   52   52   51   50   49   47   44   43   40   39   36   36   34   35
   34   36   37   39   40   41   43   43   43   43   43   42   42   41   40   39
   38   37   38   37   39   36   39   44   53                                   
    72.5-180.0 180.0   5.0 450.0                            LAT/LON1/LON2/DLON/H
   55   52   50   51   52   54   59   64   71   78   87   94  102  108  112  114
  114  112  108  103   97   90   83   75   68   61   55   51   48   47   46   48
   47   50   50   51   50   50   47   46   42   41   37   36   33   32   30   31
   31   32   33   35   37   38   39   40   40   41   40   40   38   37   36   35
   33   34   34   35   35   35   38   41   55                                   
    70.0-180.0 180.0   5.0 450.0                            LAT/LON1/LON2/DLON/H
   63   54   56   54   56   58   65   67   76   82   93   98  109  112  118  117
  120  115  113  105  102   92   86   76   69   59   54   49   47   45   45   45
   47   48   50   50   50   49   48   46   43   41   38   36   34   33   31   32
   32   33   34   36   38   38   40   39   41   39   40   38   38   35   36   33
   34   32   36   33   38   36   42   47   63                                   
    67.5-180.0 180.0   5.0 450.0                            LAT/LON1/LON2/DLON/H
   67   64   63   63   64   64   68   71   79   85   95  102  112  116  121  120
  121  118  115  110  106   98   91   81   72   62   55   49   45   42   41   42
   43   45   45   46   46   45   43   41   38   37   33   33   30   30   28   29
   28   30   30   32   33   34   35   35   35   36   35   35   33   33   31   30
   29   29   30   33   35   37   43   47   67                                   
    65.0-180.0 180.0   5.0 450.0                            LAT/LON1/LON2/DLON/H
   77   66   71   68   72   70   77   77   86   91  103  108  118  120  126  123
  126  122  122  117  116  108  102   90   82   70   62   53   49   44   43   42
   42   43   43   43   42   41   39   38   36   34   33   31   30   30   29   29
   29   29   30   31   32   32   33   33   34   33   34   32   33   31   31   28
   29   27   31   29   36   36   48   55   77                                   
    62.5-180.0 180.0   5.0 450.0                            LAT/LON1/LON2/DLON/H
   77   74   75   77   79   76   80   81   89   94  104  110  118  120  125  124
  126  126  127  125  125  120  115  104   94   80   70   60   54   48   45   42
   41   40   39   37   35   33   31   30   29   29   28   28   27   27   26   26
   24   24   23   25   24   25   25   26   27   28   28   28   27   27   26   24
   24   24   26   28   32   36   47   53   77                                   
    60.0-180.0 180.0   5.0 450.0                            LAT/LON1/LON2/DLON/H
   82   74   79   81   85   84   90   89   97  100  110  114  122  123  127  127
  132  132  136  136  138  134  131  119  109   93   82   71   64   57   53   48
   46   43   40   37   34   32   30   29   29   29   30   30   30   29   28   26
   24   23   22   21   22   21   23   23   25   25   27   26   28   27   28   25
   26   24   27   26   34   35   50   58   82                                   
    57.5-180.0 180.0   5.0 450.0                            LAT/LON1/LON2/DLON/H
   80   80   81   87   92   91   96   94  102  104  113  116  122  123  128  128
  134  136  142  145  149  148  144  135  123  108   97   85   78   69   65   57
   53   47   43   37   34   30   29   28   29   30   32   32   32   31   29   26
   23   20   18   17   17   17   18   20   22   24   25   26   26   26   27   25
   26   25   28   29   33   37   50   56   80                                   
    55.0-180.0 180.0   5.0 450.0                            LAT/LON1/LON2/DLON/H
   84   82   88   93  102  104  111  110  117  118  124  124  129  129  133  135
  141  146  152  157  161  161  157  148  138  124  114  102   95   87   81   74
   66   59   52   47   41   38   36   36   37   39   41   42   42   39   37   32
   28   24   22   19   19   19   21   23   26   28   29   30   31   31   32   31
   32   32   35   34   40   41   55   63   84                                   
    52.5-180.0 180.0   5.0 450.0                            LAT/LON1/LON2/DLON/H
   85   91   93  104  110  114  120  122  128  129  131  131  133  133  135  138
  145  150  157  163  167  167  164  156  147  135  127  118  113  105   99   88
   80   70   63   54   50   45   44   44   46   48   51   51   52   48   45   39
   35   30   27   25   24   25   26   29   31   34   35   35   36   35   36   35
   38   38   42   43   47   50   62   69   85                                   
    50.0-180.0 180.0   5.0 450.0                            LAT/LON1/LON2/DLON/H
   97   98  106  116  124  132  141  144  149  149  150  146  145  143  144  147
  153  158  164  169  172  172  169  162  155  146  142  136  134  125  117  105
   94   83   74   68   62   59   58   59   60   63   66   66   66   61   58   51
   47   42   40   37   37   37   39   42   45   47   47   47   47   45   46   45
   49   50   55   56   61   63   74   80   97                                   
    47.5-180.0 180.0   5.0 450.0                            LAT/LON1/LON2/DLON/H
  105  112  117  128  136  143  151  157  162  163  162  158  154  152  151  154
  159  165  169  173  176  175  172  166  160  155  152  149  146  140  130  116
  103   91   83   75   72   69   69   69   71   73   76   76   76   71   68   62
   59   54   53   51   51   51   53   55   58   59   58   57   55   53   52   52
   55   57   63   66   72   76   86   92  105                                   
    45.0-180.0 180.0   5.0 450.0                            LAT/LON1/LON2/DLON/H
  124  125  136  144  152  161  172  177  185  185  184  178  172  168  166  168
  172  175  179  181  183  181  179  174  171  167  166  163  161  151  140  123
  109   97   89   84   80   80   80   82   83   86   87   87   86   81   78   74
   72   69   69   67   68   67   70   71   74   73   72   69   68   63   64   62
   66   68   75   79   86   93  102  109  124                                   
    42.5-180.0 180.0   5.0 450.0                            LAT/LON1/LON2/DLON/H
  135  141  148  157  165  171  180  188  194  198  196  192  187  183  181  184
  186  190  190  193  192  192  188  185  182  180  178  175  168  157  141  124
  109   98   92   87   87   86   88   88   90   90   92   91   90   86   84   81
   81   80   81   80   82   81   83   84   85   83   81   77   74   71   69   67
   69   72   79   85   95  103  111  123  135                                   
    40.0-180.0 180.0   5.0 450.0                            LAT/LON1/LON2/DLON/H
  155  157  170  175  185  191  201  209  218  221  220  217  213  209  207  209
  209  209  210  209  210  208  206  202  199  196  192  185  175  159  142  124
  110  101   96   95   94   96   96   97   96   97   97   96   95   91   89   87
   89   90   92   92   93   93   94   95   96   93   89   85   83   79   78   75
   77   78   85   92  104  114  127  140  155                                   
    37.5-180.0 180.0   5.0 450.0                            LAT/LON1/LON2/DLON/H
  165  172  180  189  194  198  204  215  221  228  229  229  226  226  224  227
  228  231  229  231  229  229  224  221  215  210  202  192  176  158  140  123
  111  104  102  101  103  101  104  100  100   97   98   97   96   92   90   89
   91   92   94   95   96   96   97   98   97   94   90   86   83   80   78   76
   76   77   83   91  105  119  131  150  165                                   
    35.0-180.0 180.0   5.0 450.0                            LAT/LON1/LON2/DLON/H
  186  189  201  208  214  220  224  232  238  243  245  247  247  247  246  248
  249  249  250  250  252  250  247  241  234  225  215  201  184  164  148  134
  126  120  120  120  122  120  119  113  110  107  105  104  101   98   94   93
   94   94   95   95   97   98   99   99   99   94   91   88   87   85   84   81
   81   80   87   96  113  128  146  163  186                                   
    32.5-180.0 180.0   5.0 450.0                            LAT/LON1/LON2/DLON/H
  192  201  212  224  232  234  236  239  244  248  251  255  256  259  259  263
  264  268  269  272  272  271  265  257  246  235  222  207  189  170  159  148
  146  142  144  144  143  140  136  127  121  114  112  109  106  101   97   94
   92   92   91   90   91   93   94   95   93   90   86   85   83   84   83   82
   81   80   86   97  114  132  150  173  192                                   
    30.0-180.0 180.0   5.0 450.0                            LAT/LON1/LON2/DLON/H
  212  221  242  255  263  270  267  268  266  269  269  272  273  275  275  278
  280  283  287  290  292  289  282  271  260  247  237  222  210  194  190  184
  184  183  184  180  177  168  162  148  141  132  130  125  121  114  108  102
   98   94   92   90   91   93   96   95   93   88   85   85   86   87   89   89
   89   90   97  109  128  147  168  186  212                                   
    27.5-180.0 180.0   5.0 450.0                            LAT/LON1/LON2/DLON/H
  224  239  262  283  296  305  303  302  294  290  286  286  285  287  285  289
  291  297  302  306  306  302  292  280  267  257  247  238  233  224  229  227
  235  230  226  216  205  193  182  168  156  147  142  139  130  125  113  108
   99   94   88   85   85   89   92   94   89   85   79   82   80   85   85   89
   90   93  105  118  137  159  181  203  224                                   
    25.0-180.0 180.0   5.0 450.0                            LAT/LON1/LON2/DLON/H
  244  260  294  318  335  350  350  346  335  327  313  309  305  304  299  303
  303  311  316  321  321  315  304  291  282  272  269  266  271  269  280  282
  287  280  264  249  226  211  196  181  170  162  159  155  150  141  132  121
  112  102   96   89   89   92   96   96   93   85   81   80   81   84   88   92
   97  107  121  136  157  177  200  222  244                                   
    22.5-180.0 180.0   5.0 450.0                            LAT/LON1/LON2/DLON/H
  257  281  318  350  370  391  394  393  382  371  353  341  331  325  319  320
  319  325  331  336  335  328  316  305  297  290  295  300  315  317  329  331
  330  318  292  270  242  223  206  193  182  176  172  170  163  155  143  133
  121  111  100   95   91   96   98   99   93   89   80   80   76   81   84   91
   98  109  127  146  168  193  215  246  257                                   
    20.0-180.0 180.0   5.0 450.0                            LAT/LON1/LON2/DLON/H
  274  300  343  378  400  425  430  434  422  415  395  385  370  362  350  351
  345  355  356  363  358  349  338  327  323  326  336  347  358  363  367  369
  361  342  306  278  241  226  206  198  187  186  183  183  178  171  162  150
  140  126  117  109  107  107  109  107  101   95   86   83   80   81   85   92
  102  118  139  159  181  204  230  261  274                                   
    17.5-180.0 180.0   5.0 450.0                            LAT/LON1/LON2/DLON/H
  284  318  360  396  423  446  457  463  460  455  445  434  422  411  395  389
  383  389  391  394  388  377  364  357  358  363  377  387  397  401  402  393
  378  350  310  273  239  222  211  203  197  194  193  193  190  184  177  166
  157  144  134  125  120  119  117  116  108  103   92   88   79   83   82   92
  101  121  142  164  185  214  235  273  284                                   
    15.0-180.0 180.0   5.0 450.0                            LAT/LON1/LON2/DLON/H
  296  332  379  411  441  468  482  497  496  504  492  491  473  470  450  449
  436  447  443  445  436  425  414  411  413  423  434  445  449  447  439  420
  396  359  315  275  242  228  216  212  206  205  203  205  202  198  191  184
  174  164  153  143  137  132  129  126  118  112   99   94   85   85   84   92
  105  125  150  172  193  216  244  274  296                                   
    12.5-180.0 180.0   5.0 450.0                            LAT/LON1/LON2/DLON/H
  300  342  388  423  454  476  499  514  526  533  534  527  517  506  500  493
  499  501  500  501  490  479  467  465  470  478  487  491  491  481  464  438
  402  360  312  276  247  234  229  225  223  221  220  217  214  207  202  192
  185  172  164  154  147  141  137  134  126  119  105   98   86   86   82   92
  101  125  147  174  194  221  242  284  300                                   
    10.0-180.0 180.0   5.0 450.0                            LAT/LON1/LON2/DLON/H
  311  353  401  431  465  491  515  540  553  568  566  574  561  561  548  549
  551  559  562  560  550  536  525  521  522  526  526  522  513  495  473  440
  400  354  313  281  260  252  249  246  245  243  238  234  227  220  211  203
  192  181  171  161  154  146  142  139  131  124  110  102   90   88   83   92
  102  124  150  171  195  216  247  285  311                                   
     7.5-180.0 180.0   5.0 450.0                            LAT/LON1/LON2/DLON/H
  317  360  408  440  475  497  524  543  564  576  587  591  590  586  586  584
  597  599  610  610  599  582  570  561  557  553  544  537  521  502  471  441
