data/unet/pred1810.15i
     1.0            IONOSPHERE MAPS     GNSS                IONEX VERSION / TYPE
pyspatialgeodesy        IME             05-JAN-18 20:20     PGM / RUN BY / DATE 
Map Name                                                    COMMENT             
Predicted global ionosphere maps (GIM).                     DESCRIPTION         
  2015     6    30     0     0     0                        EPOCH OF FIRST MAP  
  2015     7     1     0     0     0                        EPOCH OF LAST MAP   
  7200                                                      INTERVAL            
    13                                                      # OF MAPS IN FILE   
  NONE                                                      MAPPING FUNCTION    
10.0                                                        ELEVATION CUTOFF    
One-way carrier phase leveled to code                       OBSERVABLES USED    
  6371.0                                                    BASE RADIUS         
 2                                                          MAP DIMENSION       
   450.0 450.0   0.0                                        HGT1 / HGT2 / DHGT  
    87.5 -87.5  -2.5                                        LAT1 / LAT2 / DLAT  
  -180.0 180.0   5.0                                        LON1 / LON2 / DLON  
    -1                                                      EXPONENT            
                                                            END OF HEADER       
[from data line 858]
     3                                                      START OF TEC MAP    
  2015     6    30     4     0     0                        EPOCH OF CURRENT MAP
    87.5-180.0 180.0   5.0 450.0                            LAT/LON1/LON2/DLON/H
  159  158  151  153  154  153  154  156  157  158  158  158  157  156  154  154
  151  150  148  146  145  142  141  139  139  137  137  135  136  135  136  135
  136  135  136  135  136  135  135  134  135  133  133  132  133  133  133  133
  134  135  135  136  136  138  137  139  138  140  139  140  140  142  140  142
  141  143  141  143  143  141  153  167  159                                   
    85.0-180.0 180.0   5.0 450.0                            LAT/LON1/LON2/DLON/H
  163  164  151  161  157  159  158  161  159  162  160  161  158  159  155  155
  151  151  148  147  144  143  140  139  136  136  133  133  131  132  130  131
  130  132  130  132  131  133  131  132  132  133  132  133  132  134  133  136
  135  138  137  140  139  142  140  143  142  145  142  146  144  147  144  148
  145  149  146  150  147  146  152  156  163                                   
    82.5-180.0 180.0   5.0 450.0                            LAT/LON1/LON2/DLON/H
  153  153  157  162  160  159  160  160  162  160  161  159  159  155  155  151
  149  145  145  140  139  135  134  130  129  126  125  124  122  122  122  122
  123  122  124  124  126  126  127  127  129  129  130  131  132  132  134  134
  136  137  139  140  142  142  144  144  146  145  146  145  147  146  147  146
  147  147  148  148  150  147  155  148  153                                   
    80.0-180.0 180.0   5.0 450.0                            LAT/LON1/LON2/DLON/H
  161  162  165  168  165  166  165  168  166  167  165  165  161  160  155  154
  149  147  143  142  137  135  131  129  126  123  121  120  119  118  118  117
  119  119  120  121  124  125  127  128  130  131  133  134  136  137  139  141
  142  144  146  148  149  151  152  154  154  155  154  155  155  156  154  155
  154  155  154  157  155  152  156  152  161                                   
    77.5-180.0 180.0   5.0 450.0                            LAT/LON1/LON2/DLON/H
  159  160  164  167  165  166  167  168  168  167  166  164  161  158  155  152
  147  145  142  139  135  132  129  125  122  118  115  113  111  110  110  110
  112  112  115  117  119  121  124  126  128  130  132  134  136  138  140  143
  144  147  149  151  153  154  156  157  158  158  159  159  159  158  157  157
  157  157  158  157  158  154  154  150  159                                   
    75.0-180.0 180.0   5.0 450.0                            LAT/LON1/LON2/DLON/H
  159  158  161  163  163  163  165  165  165  165  163  161  156  153  149  146
  142  139  136  133  130  125  123  117  115  110  108  104  104  102  104  103
  107  107  111  112  115  117  119  122  124  127  130  133  135  138  141  143
  145  148  150  153  154  156  156  158  157  159  157  159  157  158  156  157
  156  157  156  157  156  152  154  152  159                                   
    72.5-180.0 180.0   5.0 450.0                            LAT/LON1/LON2/DLON/H
  158  153  157  160  159  159  160  161  160  160  157  155  150  147  142  140
  135  133  130  128  125  122  118  114  109  105  102   99   97   97   98  101
  103  106  109  112  114  117  119  122  124  128  130  134  137  140  143  145
  146  148  150  151  152  153  154  154  154  154  154  154  154  154  153  153
  152  153  154  154  155  153  155  150  158                                   
    70.0-180.0 180.0   5.0 450.0                            LAT/LON1/LON2/DLON/H
  157  151  155  157  157  156  159  158  159  157  155  151  146  141  137  133
  131  128  127  125  123  118  117  110  108  101   99   94   95   93   97   98
  104  106  110  112  115  117  120  123  126  129  134  138  142  145  148  150
  151  152  153  153  152  152  151  153  151  153  151  153  151  153  151  152
  152  154  154  157  156  152  155  153  157                                   
    67.5-180.0 180.0   5.0 450.0                            LAT/LON1/LON2/DLON/H
  154  147  151  155  153  154  154  155  153  152  148  144  137  132  126  124
  121  120  120  120  118  116  112  109  104   99   95   93   92   94   96  101
  104  109  111  115  117  119  121  125  127  132  136  143  146  151  153  154
  153  153  151  150  148  146  146  146  145  145  146  147  147  147  147  148
  148  150  152  155  156  154  155  152  154                                   
    65.0-180.0 180.0   5.0 450.0                            LAT/LON1/LON2/DLON/H
  157  151  152  153  153  152  154  153  153  151  147  141  135  128  122  118
  117  115  116  116  116  113  110  104  101   95   93   90   91   92   97  100
  106  109  113  115  117  119  122  126  130  136  143  150  154  158  159  160
  158  156  152  150  146  144  143  143  142  143  143  144  144  146  145  146
  146  149  152  157  157  153  157  154  157                                   
    62.5-180.0 180.0   5.0 450.0                            LAT/LON1/LON2/DLON/H
  157  152  153  155  153  153  153  153  151  149  145  138  131  124  117  112
  110  109  109  111  110  109  105  102   97   93   89   89   88   93   95  101
  104  109  111  115  117  120  123  128  133  142  148  156  160  165  165  165
  161  157  152  147  142  140  138  137  138  138  139  140  140  141  140  142
  142  145  149  154  156  155  157  154  157                                   
    60.0-180.0 180.0   5.0 450.0                            LAT/LON1/LON2/DLON/H
  160  159  158  158  156  154  155  153  152  150  146  139  133  124  118  111
  109  105  106  105  107  103  101   96   93   87   86   85   87   90   94   97
  102  105  109  111  115  118  123  130  138  146  154  162  165  171  169  170
  164  160  153  148  142  139  137  137  138  140  139  140  140  141  138  139
  140  143  147  154  157  154  159  159  160                                   
    57.5-180.0 180.0   5.0 450.0                            LAT/LON1/LON2/DLON/H
  163  162  163  164  160  159  157  156  154  151  148  142  135  127  119  112
  108  104  102  102  100   99   95   93   88   86   83   83   85   88   91   95
   97  101  103  108  111  116  123  133  141  151  158  166  169  174  173  174
  169  164  158  151  144  140  140  140  141  142  143  143  142  141  138  138
  137  140  144  151  157  157  160  159  163                                   
    55.0-180.0 180.0   5.0 450.0                            LAT/LON1/LON2/DLON/H
  166  171  171  169  167  163  163  160  158  154  151  146  141  131  123  114
  109  103  101   97   97   93   93   88   87   84   84   83   86   86   90   91
   94   95  100  103  110  114  125  135  145  154  162  170  172  178  177  178
  174  171  164  159  152  149  148  149  150  152  151  150  148  145  141  139
  137  140  144  151  157  156  164  166  166                                   
    52.5-180.0 180.0   5.0 450.0                            LAT/LON1/LON2/DLON/H
  173  177  178  178  174  172  170  167  164  160  157  152  146  137  128  118
  111  106  101   99   95   94   91   90   89   88   87   87   88   89   89   90
   90   91   94  100  106  117  127  140  149  158  164  173  176  181  181  183
  181  179  174  170  166  161  162  161  162  162  160  158  154  150  145  141
  139  141  145  152  161  162  166  166  173                                   
    50.0-180.0 180.0   5.0 450.0                            LAT/LON1/LON2/DLON/H
  178  185  186  187  184  181  179  174  171  165  162  157  152  144  134  123
  116  107  104   98   99   95   97   94   98   95   97   94   95   91   93   90
   92   89   94   97  108  116  131  143  153  161  168  176  179  185  186  190
  190  190  187  185  182  180  178  178  175  174  169  165  161  156  150  147
  145  146  150  157  164  163  170  174  178                                   
    47.5-180.0 180.0   5.0 450.0                            LAT/LON1/LON2/DLON/H
  183  187  192  191  190  187  186  182  178  173  168  163  159  151  140  129
  120  114  108  105  102  102  103  105  108  109  108  105  102   97   93   91
   90   90   92   98  106  119  132  147  155  164  170  177  180  186  190  195
  199  201  201  201  199  195  193  189  186  181  175  170  166  160  156  153
  152  154  158  164  172  172  174  176  183                                   
    45.0-180.0 180.0   5.0 450.0                            LAT/LON1/LON2/DLON/H
  188  194  196  199  198  197  197  193  188  181  176  170  164  157  147  135
  128  118  114  108  109  108  113  115  122  122  124  117  114  104  101   94
   96   91   96   98  108  117  132  145  157  164  171  177  181  188  194  202
  208  214  216  218  214  211  207  202  196  190  181  175  170  166  163  161
  162  165  169  175  180  177  180  184  188                                   
    42.5-180.0 180.0   5.0 450.0                            LAT/LON1/LON2/DLON/H
  195  197  200  200  200  200  202  200  195  189  182  176  169  161  151  141
  132  125  119  116  115  116  120  126  132  137  136  130  121  110  103   96
   95   94   97   99  106  115  128  142  153  163  169  176  180  189  195  206
  215  223  227  229  228  221  216  207  202  192  185  177  176  170  171  170
  173  176  181  185  191  189  188  190  195                                   
    40.0-180.0 180.0   5.0 450.0                            LAT/LON1/LON2/DLON/H
  204  206  205  207  207  208  209  209  205  198  191  183  175  167  157  146
  139  130  126  120  120  121  127  133  144  148  150  141  134  118  111  101
  102   99  103  102  108  111  123  135  149  160  168  175  182  191  199  212
  220  230  234  238  238  232  227  218  213  204  197  190  187  183  182  185
  187  193  196  201  203  198  199  199  204                                   
    37.5-180.0 180.0   5.0 450.0                            LAT/LON1/LON2/DLON/H
  218  214  213  211  210  210  212  212  210  204  197  189  180  172  160  150
  142  134  128  124  123  125  130  140  150  157  157  152  141  127  117  107
  107  105  108  106  110  109  118  129  146  156  167  175  183  194  204  217
  227  236  242  246  247  242  239  231  226  218  212  206  203  199  199  200
  204  209  213  216  219  217  212  214  218                                   
    35.0-180.0 180.0   5.0 450.0                            LAT/LON1/LON2/DLON/H
  234  230  227  223  221  220  219  220  219  215  208  201  191  181  169  156
  148  138  131  125  125  126  134  143  156  161  165  157  150  134  125  115
  114  110  113  109  112  108  116  124  144  156  168  177  187  199  211  222
  232  240  247  253  257  256  255  250  247  241  236  230  228  225  223  224
  226  231  234  239  241  235  232  232  234                                   
    32.5-180.0 180.0   5.0 450.0                            LAT/LON1/LON2/DLON/H
  259  248  247  240  234  229  224  225  221  220  214  209  199  188  174  162
  151  140  131  126  125  129  135  149  158  167  167  162  154  140  132  122
  120  115  115  112  114  110  116  125  146  157  171  180  191  204  217  229
  238  246  254  262  270  272  274  273  273  269  266  261  258  252  249  247
  250  253  258  262  267  263  255  262  259                                   
    30.0-180.0 180.0   5.0 450.0                            LAT/LON1/LON2/DLON/H
  285  277  274  263  256  246  240  236  232  230  225  219  209  197  183  169
  157  143  133  127  128  131  141  152  165  171  173  165  158  144  136  125
  123  115  116  110  113  108  115  122  144  157  172  181  194  205  220  231
  241  248  259  271  281  289  293  297  299  300  298  296  291  286  280  276
  277  279  282  289  293  287  285  289  285                                   
    27.5-180.0 180.0   5.0 450.0                            LAT/LON1/LON2/DLON/H
  314  305  305  291  279  268  257  252  244  242  234  228  216  203  187  173
  158  144  134  130  131  138  149  163  171  176  175  167  159  146  137  127
  121  114  112  109  110  109  114  122  142  155  172  183  195  207  219  231
  241  250  262  278  291  302  309  316  321  324  324  324  320  314  309  303
  303  301  307  311  320  317  315  321  314                                   
    25.0-180.0 180.0   5.0 450.0                            LAT/LON1/LON2/DLON/H
  339  334  336  321  312  295  286  275  269  260  253  243  230  213  197  179
  164  148  138  134  139  147  163  175  184  183  180  168  160  144  134  120
  114  105  104  102  104  103  108  115  130  144  161  174  189  200  213  224
  236  247  264  282  300  314  324  335  341  346  345  347  342  342  336  331
  327  324  328  336  344  341  343  348  339                                   
    22.5-180.0 180.0   5.0 450.0                            LAT/LON1/LON2/DLON/H
  361  355  360  350  339  325  313  301  291  282  269  257  241  222  202  185
  167  153  142  142  148  162  177  189  192  188  181  168  157  140  126  110
  103   95   93   93   96   96  100  106  121  134  154  168  184  194  208  218
  231  245  264  285  303  319  327  339  348  354  357  360  360  359  358  351
  348  342  347  351  363  361  366  376  361                                   
    20.0-180.0 180.0   5.0 450.0                            LAT/LON1/LON2/DLON/H
  379  377  382  374  370  358  346  331  319  301  289  272  255  236  216  196
  177  161  150  150  160  174  191  200  203  192  182  164  152  131  114   98
   89   81   80   81   84   85   89   96  110  123  145  161  178  190  203  215
  229  245  265  286  308  324  334  346  356  364  366  372  370  375  375  372
  367  360  362  367  375  372  379  389  379                                   
    17.5-180.0 180.0   5.0 450.0                            LAT/LON1/LON2/DLON/H
  389  388  391  390  385  381  366  353  336  317  300  280  260  241  222  204
  186  169  159  160  171  187  200  207  204  190  176  157  142  119  103   86
   76   68   68   66   72   73   77   85   97  113  136  156  175  187  204  213
  230  248  267  289  307  324  331  344  354  363  368  374  377  383  387  384
  380  373  374  374  383  382  387  400  389                                   
    15.0-180.0 180.0   5.0 450.0                            LAT/LON1/LON2/DLON/H
  396  393  399  396  398  395  383  368  348  328  308  286  268  249  231  214
  197  180  169  169  181  195  208  210  203  184  166  144  127  106   90   74
   63   55   54   54   57   60   65   72   85   99  127  151  172  188  201  214
  230  250  270  291  310  326  335  348  359  372  376  382  382  391  396  398
  395  388  386  385  391  388  393  408  396                                   
    12.5-180.0 180.0   5.0 450.0                            LAT/LON1/LON2/DLON/H
  395  391  393  393  394  393  382  370  351  328  308  286  266  250  234  221
  206  190  180  180  189  200  207  204  191  169  148  124  110   91   79   64
   55   48   47   45   48   51   55   63   75   90  121  146  172  185  203  213
  233  253  271  292  308  325  332  347  361  372  379  384  388  397  404  407
  403  396  392  389  395  394  397  410  395                                   
    10.0-180.0 180.0   5.0 450.0                            LAT/LON1/LON2/DLON/H
  396  387  392  387  389  386  374  361  342  322  300  279  263  248  234  223
  212  197  188  187  193  198  200  191  174  149  126  106   96   82   71   58
   48   45   41   40   39   41   46   50   64   78  112  140  168  183  198  211
  230  251  271  290  307  323  336  353  371  387  393  400  400  410  418  420
  418  409  404  399  401  400  401  417  396                                   
     7.5-180.0 180.0   5.0 450.0                            LAT/LON1/LON2/DLON/H
  392  386  387  382  378  373  360  347  329  311  290  270  254  242  230  223
  214  203  195  191  193  191  187  172  152  123  105   88   83   72   66   53
