data/unet/pred1370.15i
     1.0            IONOSPHERE MAPS     GNSS                IONEX VERSION / TYPE
pyspatialgeodesy        IME             05-JAN-18 20:20     PGM / RUN BY / DATE 
Map Name                                                    COMMENT             
Predicted global ionosphere maps (GIM).                     DESCRIPTION         
  2015     5    17     0     0     0                        EPOCH OF FIRST MAP  
  2015     5    18     0     0     0                        EPOCH OF LAST MAP   
  7200                                                      INTERVAL            
    13                                                      # OF MAPS IN FILE   
  NONE                                                      MAPPING FUNCTION    
10.0                                                        ELEVATION CUTOFF    
One-way carrier phase leveled to code                       OBSERVABLES USED    
  6371.0                                                    BASE RADIUS         
 2                                                          MAP DIMENSION       
   450.0 450.0   0.0                                        HGT1 / HGT2 / DHGT  
    87.5 -87.5  -2.5                                        LAT1 / LAT2 / DLAT  
  -180.0 180.0   5.0                                        LON1 / LON2 / DLON  
    -1                                                      EXPONENT            
                                                            END OF HEADER       
[from data line 5148]
    13                                                      START OF TEC MAP    
  2015     5    18     0     0     0                        EPOCH OF CURRENT MAP
    87.5-180.0 180.0   5.0 450.0                            LAT/LON1/LON2/DLON/H
  227  216  219  221  219  217  216  215  214  212  210  208  207  205  202  199
  198  196  194  192  192  191  191  190  191  191  192  193  194  196  198  199
  200  202  203  204  205  206  208  209  211  212  214  215  216  217  218  218
  219  219  220  219  219  219  219  218  218  218  217  217  218  217  217  216
  218  217  216  216  219  218  219  228  227                                   
    85.0-180.0 180.0   5.0 450.0                            LAT/LON1/LON2/DLON/H
  224  225  230  231  229  227  226  224  224  221  220  217  217  215  213  210
  209  207  206  203  204  202  202  199  200  198  199  197  199  197  199  197
  200  199  201  201  203  204  207  208  210  211  214  214  217  217  219  219
  221  220  222  221  222  222  223  222  223  223  223  222  224  223  223  223
  225  225  225  225  228  225  226  225  224                                   
    82.5-180.0 180.0   5.0 450.0                            LAT/LON1/LON2/DLON/H
  237  234  238  238  235  233  232  229  228  226  224  222  221  220  217  216
  213  212  209  208  206  205  203  200  199  196  194  192  190  188  188  187
  187  187  189  190  192  195  197  200  201  204  206  209  211  213  215  217
  217  219  219  221  221  223  223  225  225  225  225  225  226  225  226  225
  228  227  229  229  233  228  227  236  237                                   
    80.0-180.0 180.0   5.0 450.0                            LAT/LON1/LON2/DLON/H
  240  239  243  242  239  241  239  239  236  235  231  230  228  227  224  222
  219  218  215  214  210  208  203  202  197  194  190  187  183  180  180  179
  179  181  183  186  188  192  196  200  202  206  208  212  213  217  217  221
  220  223  223  225  225  227  227  229  229  230  229  230  229  229  228  229
  230  231  232  234  236  236  237  244  240                                   
    77.5-180.0 180.0   5.0 450.0                            LAT/LON1/LON2/DLON/H
  243  240  242  243  241  244  243  244  242  241  238  237  234  233  230  227
  224  221  218  216  211  208  204  200  195  191  187  182  179  176  175  175
  176  178  182  185  190  194  200  204  208  211  214  217  219  222  223  226
  225  228  227  230  228  231  230  233  232  234  232  233  231  231  229  230
  229  231  230  233  236  236  239  247  243                                   
    75.0-180.0 180.0   5.0 450.0                            LAT/LON1/LON2/DLON/H
  246  241  245  245  243  247  246  247  246  245  244  242  241  237  234  229
  226  221  218  214  211  205  202  197  193  187  185  179  177  173  174  173
  176  177  183  188  194  199  205  210  214  218  221  224  226  228  229  231
  232  233  233  235  234  236  236  238  237  239  237  237  235  234  231  230
  229  229  230  231  235  237  242  249  246                                   
    72.5-180.0 180.0   5.0 450.0                            LAT/LON1/LON2/DLON/H
  251  244  247  247  245  247  247  248  248  249  248  247  245  241  236  230
  225  220  217  212  210  205  203  197  194  189  186  181  180  176  176  175
  177  179  186  190  197  202  209  212  217  220  224  226  228  229  230  232
  233  234  235  236  237  239  239  241  242  244  243  243  241  238  234  231
  228  227  227  228  234  238  244  254  251                                   
    70.0-180.0 180.0   5.0 450.0                            LAT/LON1/LON2/DLON/H
  258  249  250  248  246  247  248  250  252  255  255  255  252  247  240  232
  225  220  216  214  211  209  206  203  199  195  193  189  187  184  184  183
  184  185  190  194  200  204  210  213  217  218  221  222  224  224  226  229
  230  233  234  237  238  241  242  247  247  252  250  251  247  246  240  237
  233  232  231  233  239  242  251  260  258                                   
    67.5-180.0 180.0   5.0 450.0                            LAT/LON1/LON2/DLON/H
  267  254  254  250  247  248  249  253  256  261  263  264  260  255  246  237
  229  223  220  218  217  216  215  212  209  205  203  200  199  196  195  192
  192  190  193  194  198  200  205  206  210  209  213  212  215  215  219  221
  225  229  233  237  239  243  247  252  257  261  263  263  262  259  256  251
  248  245  244  246  250  254  257  271  267                                   
    65.0-180.0 180.0   5.0 450.0                            LAT/LON1/LON2/DLON/H
  278  262  259  252  247  246  248  252  258  266  270  272  269  264  254  245
  235  230  226  226  225  226  225  224  220  217  214  211  210  208  205  202
  199  196  196  195  195  196  198  197  198  198  198  198  200  201  206  210
  216  222  228  234  238  244  249  257  262  270  273  277  275  275  270  266
  261  258  256  257  261  264  267  278  278                                   
    62.5-180.0 180.0   5.0 450.0                            LAT/LON1/LON2/DLON/H
  292  271  267  258  251  247  247  253  259  268  273  278  276  273  263  255
  246  240  237  237  237  238  238  236  232  228  225  222  221  218  217  212
  208  202  198  192  191  187  188  185  187  183  184  181  184  186  193  199
  207  215  223  231  237  245  253  261  271  280  288  291  293  290  287  281
  278  273  272  272  277  277  276  289  292                                   
    60.0-180.0 180.0   5.0 450.0                            LAT/LON1/LON2/DLON/H
  302  281  274  265  257  252  251  255  261  270  277  283  283  281  274  268
  259  254  251  252  251  252  250  248  242  238  234  232  230  229  226  221
  215  207  199  191  185  181  178  175  174  171  169  167  168  171  178  186
  197  206  216  225  234  244  253  265  277  291  299  308  308  309  304  301
  294  292  288  289  291  290  285  295  302                                   
    57.5-180.0 180.0   5.0 450.0                            LAT/LON1/LON2/DLON/H
  309  288  285  279  270  264  260  262  265  273  278  285  285  286  281  277
  270  268  266  267  266  266  262  258  251  247  243  241  241  241  238  232
  223  213  202  191  184  177  174  170  168  163  161  157  159  160  168  176
  189  200  212  221  232  243  257  270  287  301  314  322  327  327  324  318
  314  308  305  302  303  297  291  300  309                                   
    55.0-180.0 180.0   5.0 450.0                            LAT/LON1/LON2/DLON/H
  316  298  297  293  286  279  274  273  273  278  280  286  286  289  285  285
  281  282  281  283  281  279  275  269  262  256  252  251  251  252  249  242
  232  219  206  194  185  178  175  170  167  161  156  152  152  154  160  169
  181  193  207  218  229  243  257  275  292  310  324  337  342  345  343  340
  334  328  321  319  315  308  296  303  316                                   
    52.5-180.0 180.0   5.0 450.0                            LAT/LON1/LON2/DLON/H
  323  308  311  313  308  304  296  292  288  288  287  289  289  292  291  293
  292  294  295  296  293  291  285  279  271  267  263  263  264  266  263  255
  244  228  214  200  190  183  179  174  170  163  159  154  153  154  160  166
  179  190  204  216  230  244  262  279  299  315  332  342  350  352  354  351
  348  343  337  332  328  316  303  304  323                                   
    50.0-180.0 180.0   5.0 450.0                            LAT/LON1/LON2/DLON/H
  335  326  333  339  340  338  331  323  314  307  301  298  296  297  297  300
  300  304  304  306  303  301  296  291  285  281  279  278  279  279  275  267
  254  238  223  209  199  192  188  183  178  172  166  161  159  159  163  168
  177  187  202  215  230  247  266  286  303  321  335  348  352  359  359  362
  359  359  353  349  342  329  312  311  335                                   
    47.5-180.0 180.0   5.0 450.0                            LAT/LON1/LON2/DLON/H
  347  349  359  370  375  378  372  364  351  339  325  317  310  309  308  310
  311  313  314  314  312  310  308  305  300  298  295  295  293  292  286  278
  265  250  235  223  213  206  201  196  191  183  179  172  171  169  171  174
  180  188  202  217  235  253  274  291  309  321  334  342  348  352  355  357
  360  360  360  356  352  338  325  319  347                                   
    45.0-180.0 180.0   5.0 450.0                            LAT/LON1/LON2/DLON/H
  360  371  386  400  410  418  415  409  396  378  361  345  335  328  323  322
  319  320  319  320  319  320  320  320  318  316  312  309  305  301  293  285
  272  259  246  236  228  223  219  213  207  199  193  188  185  183  183  182
  185  191  204  220  240  261  283  300  315  327  337  344  349  355  357  363
  366  370  369  369  366  352  341  337  360                                   
    42.5-180.0 180.0   5.0 450.0                            LAT/LON1/LON2/DLON/H
  368  388  404  420  433  443  446  446  437  421  401  381  367  356  347  340
  333  331  330  331  331  334  335  337  335  333  326  321  314  308  299  291
  281  270  261  252  246  242  238  232  225  215  210  204  202  198  197  193
  193  197  210  225  249  269  291  307  322  332  340  345  350  354  359  363
  368  373  375  376  376  365  358  353  368                                   
    40.0-180.0 180.0   5.0 450.0                            LAT/LON1/LON2/DLON/H
  373  398  416  433  445  457  462  468  465  455  438  419  404  388  372  359
  347  342  339  342  343  347  350  351  349  344  335  328  317  311  302  295
  285  278  270  265  261  259  255  250  243  234  228  223  219  215  210  205
  202  203  214  230  253  273  295  312  328  338  348  355  362  367  373  379
  384  388  389  391  394  383  378  374  373                                   
    37.5-180.0 180.0   5.0 450.0                            LAT/LON1/LON2/DLON/H
  386  409  426  440  451  461  468  475  476  472  463  447  435  417  398  381
  366  359  356  359  361  367  367  367  360  353  342  333  324  317  309  302
  295  288  282  278  275  272  270  264  260  253  248  242  237  232  225  217
  211  209  218  231  253  272  295  314  331  343  352  361  367  375  382  391
  396  402  401  404  406  400  397  397  386                                   
    35.0-180.0 180.0   5.0 450.0                            LAT/LON1/LON2/DLON/H
  415  428  443  454  466  473  477  481  481  482  477  470  458  442  420  401
  385  378  374  377  380  384  382  378  367  358  344  338  328  325  315  311
  301  299  290  288  282  280  277  274  272  268  265  259  254  246  238  228
  220  215  221  230  250  270  293  313  333  348  359  370  381  392  404  414
  421  423  422  424  432  423  428  428  415                                   
    32.5-180.0 180.0   5.0 450.0                            LAT/LON1/LON2/DLON/H
  456  460  470  475  482  485  485  483  484  482  485  478  472  455  438  419
  404  399  397  403  403  406  399  392  377  366  355  350  345  341  332  326
  316  310  300  293  284  279  277  277  281  281  279  274  267  257  247  235
  225  217  219  225  242  264  289  310  333  352  367  381  393  407  419  431
  439  444  444  447  455  454  457  462  456                                   
    30.0-180.0 180.0   5.0 450.0                            LAT/LON1/LON2/DLON/H
  499  500  503  508  514  518  516  510  506  502  502  497  486  472  452  435
  421  418  416  421  418  418  409  401  385  377  365  367  360  361  348  341
  326  317  302  291  279  274  273  278  283  288  288  283  276  264  251  236
  225  214  212  215  232  256  283  309  335  358  378  395  411  425  440  451
  460  462  465  468  480  480  493  500  499                                   
    27.5-180.0 180.0   5.0 450.0                            LAT/LON1/LON2/DLON/H
  539  543  545  547  554  555  553  544  534  525  522  515  505  489  472  453
  440  438  435  439  434  431  422  415  402  399  391  394  391  386  373  357
  337  320  300  284  268  265  266  275  282  288  289  284  275  261  247  230
  218  206  202  205  219  242  272  303  334  363  385  407  422  438  453  467
  474  477  479  486  498  502  518  537  539                                   
    25.0-180.0 180.0   5.0 450.0                            LAT/LON1/LON2/DLON/H
  562  564  577  587  597  602  599  593  583  571  564  551  539  522  501  483
  463  457  450  450  441  436  428  426  418  421  414  421  411  403  384  364
  340  317  292  273  256  254  259  269  277  283  283  279  270  254  238  221
  211  199  195  197  211  234  264  303  339  370  394  416  432  449  465  481
  489  491  494  502  517  520  546  569  562                                   
    22.5-180.0 180.0   5.0 450.0                            LAT/LON1/LON2/DLON/H
  576  582  604  620  640  654  656  650  636  622  610  596  579  558  535  512
  491  479  467  462  449  443  435  440  437  445  440  442  427  408  384  356
  329  302  278  259  243  243  249  258  267  271  271  266  255  239  223  209
  199  188  183  184  199  224  257  296  335  370  396  419  433  450  468  483
  496  500  504  514  529  533  557  592  576                                   
    20.0-180.0 180.0   5.0 450.0                            LAT/LON1/LON2/DLON/H
  583  586  612  638  670  697  712  715  700  687  672  654  636  611  583  553
  526  507  488  473  457  448  443  451  454  461  454  446  423  394  365  335
  308  281  260  244  232  236  239  248  255  258  257  252  241  226  212  198
  189  173  170  171  189  213  252  295  337  367  397  418  437  452  472  488
  503  509  517  526  546  548  572  609  583                                   
    17.5-180.0 180.0   5.0 450.0                            LAT/LON1/LON2/DLON/H
  585  595  622  651  688  725  749  761  749  741  729  714  692  663  633  598
  566  539  513  492  469  459  453  461  461  463  447  426  395  360  329  302
  278  260  243  234  228  232  235  241  246  247  244  238  227  213  198  185
  173  159  157  160  178  203  240  288  325  361  388  418  437  458  477  495
  510  520  529  543  561  564  585  625  585                                   
    15.0-180.0 180.0   5.0 450.0                            LAT/LON1/LON2/DLON/H
  594  599  625  655  696  734  767  789  788  788  783  773  751  721  685  648
  615  581  549  516  487  470  464  464  459  445  421  381  346  311  285  264
  248  238  232  230  228  232  235  238  238  237  232  227  217  204  191  173
  164  150  150  154  175  199  238  278  323  351  388  414  447  465  491  504
  523  532  546  560  582  586  607  635  594                                   
    12.5-180.0 180.0   5.0 450.0                            LAT/LON1/LON2/DLON/H
  598  610  628  654  689  727  760  787  795  802  803  802  789  763  729  687
  657  623  585  545  507  483  468  458  440  409  365  319  282  254  238  229
  224  227  231  236  236  241  241  240  236  230  224  216  207  195  183  165
  152  139  140  145  167  194  230  273  309  341  375  412  448  477  504  522
  538  549  566  579  605  609  631  651  598                                   
    10.0-180.0 180.0   5.0 450.0                            LAT/LON1/LON2/DLON/H
  617  626  634  650  677  710  741  766  778  791  804  810  804  787  756  719
  690  655  621  571  527  487  463  436  404  352  302  251  225  208  207  209
  216  225  237  244  244  247  245  242  232  223  214  207  201  187  176  156
  142  127  127  132  157  182  224  259  301  328  367  406  451  482  514  534
  550  564  580  599  624  635  657  664  617                                   
     7.5-180.0 180.0   5.0 450.0                            LAT/LON1/LON2/DLON/H
  638  655  653  655  671  691  710  726  735  748  765  781  787  780  759  730
  707  673  637  589  536  489  448  408  352  293  243  205  193  191  200  214
