data/unet/pred3460.15i
     1.0            IONOSPHERE MAPS     GNSS                IONEX VERSION / TYPE
pyspatialgeodesy        IME             05-JAN-18 20:20     PGM / RUN BY / DATE 
Map Name                                                    COMMENT             
Predicted global ionosphere maps (GIM).                     DESCRIPTION         
  2015    12    12     0     0     0                        EPOCH OF FIRST MAP  
  2015    12    13     0     0     0                        EPOCH OF LAST MAP   
  7200                                                      INTERVAL            
    13                                                      # OF MAPS IN FILE   
  NONE                                                      MAPPING FUNCTION    
10.0                                                        ELEVATION CUTOFF    
One-way carrier phase leveled to code                       OBSERVABLES USED    
  6371.0                                                    BASE RADIUS         
 2                                                          MAP DIMENSION       
   450.0 450.0   0.0                                        HGT1 / HGT2 / DHGT  
    87.5 -87.5  -2.5                                        LAT1 / LAT2 / DLAT  
  -180.0 180.0   5.0                                        LON1 / LON2 / DLON  
    -1                                                      EXPONENT            
                                                            END OF HEADER       
[from data line 1716]
     5                                                      START OF TEC MAP    
  2015    12    12     8     0     0                        EPOCH OF CURRENT MAP
    87.5-180.0 180.0   5.0 450.0                            LAT/LON1/LON2/DLON/H
   30   45   43   42   42   41   43   42   43   42   43   42   42   42   42   41
   41   40   40   39   39   38   39   38   38   37   38   37   37   36   37   36
   36   35   35   34   34   34   34   33   33   33   33   32   33   32   33   32
   33   32   33   32   33   32   33   32   34   33   34   33   35   33   35   34
   36   35   37   37   41   38   38   43   30                                   
    85.0-180.0 180.0   5.0 450.0                            LAT/LON1/LON2/DLON/H
   40   60   50   58   52   55   53   56   53   56   52   54   51   53   50   51
   49   50   48   49   47   49   48   49   48   50   49   50   49   51   49   50
   48   50   48   49   47   48   46   46   44   45   43   44   41   43   40   43
   40   43   40   43   40   43   40   43   40   44   40   44   40   44   40   45
   41   46   43   47   46   45   43   37   40                                   
    82.5-180.0 180.0   5.0 450.0                            LAT/LON1/LON2/DLON/H
   44   64   49   53   50   52   50   53   49   51   47   48   44   44   40   41
   37   39   36   38   35   39   36   41   38   43   41   45   42   46   43   46
   42   46   41   45   40   44   38   43   36   41   35   40   33   38   32   37
   32   37   32   37   33   38   33   38   33   38   33   38   33   38   34   39
   35   40   37   41   39   40   39   33   44                                   
    80.0-180.0 180.0   5.0 450.0                            LAT/LON1/LON2/DLON/H
   45   55   46   47   47   48   48   48   48   47   46   43   41   39   35   34
   31   31   29   29   28   31   30   33   33   37   37   40   40   42   42   43
   42   43   42   41   41   39   39   37   37   36   36   36   35   36   35   37
   35   38   36   38   36   39   36   38   35   37   34   36   33   35   33   35
   33   35   34   36   36   32   34   31   45                                   
    77.5-180.0 180.0   5.0 450.0                            LAT/LON1/LON2/DLON/H
   35   55   45   44   45   45   47   47   47   46   45   42   40   37   35   31
   29   27   26   25   25   26   27   29   31   34   37   38   40   41   43   42
   42   42   42   40   39   39   37   37   35   36   36   37   36   38   39   41
   42   43   45   45   45   45   45   43   42   40   40   38   37   35   35   33
   33   31   33   31   34   30   32   20   35                                   
    75.0-180.0 180.0   5.0 450.0                            LAT/LON1/LON2/DLON/H
   35   48   42   41   42   44   46   46   47   46   45   42   39   36   32   29
   26   24   22   20   21   21   24   25   28   31   34   36   38   40   40   40
   39   39   39   37   37   35   36   35   35   36   38   39   42   45   48   50
   53   55   57   57   57   56   55   53   51   49   47   44   42   40   38   36
   34   33   32   31   32   27   31   20   35                                   
    72.5-180.0 180.0   5.0 450.0                            LAT/LON1/LON2/DLON/H
   30   48   36   35   37   38   41   42   43   42   42   39   37   33   30   26
   23   21   19   18   17   19   20   22   25   27   31   32   34   35   35   35
   33   33   31   32   30   31   30   32   32   36   38   42   46   51   56   60
   65   67   70   69   69   67   66   62   60   56   54   50   47   44   41   38
   36   33   32   29   29   26   30   18   30                                   
    70.0-180.0 180.0   5.0 450.0                            LAT/LON1/LON2/DLON/H
   30   41   36   33   38   37   43   42   46   44   46   42   42   37   35   31
   29   26   25   22   24   23   26   26   31   31   35   34   36   34   34   32
   31   30   31   29   31   30   33   33   39   41   48   51   59   64   71   76
   81   83   86   85   85   82   80   75   72   67   65   60   58   54   51   47
   43   40   37   32   33   25   30   18   30                                   
    67.5-180.0 180.0   5.0 450.0                            LAT/LON1/LON2/DLON/H
   28   44   35   31   33   35   39   40   43   43   44   42   42   39   37   35
   32   31   27   27   26   27   27   29   31   32   33   33   32   30   28   27
   24   24   24   26   26   29   31   35   40   45   52   59   66   74   82   87
   92   95   97   97   95   92   87   82   77   73   69   66   62   59   55   51
   46   43   38   34   32   27   31   21   28                                   
    65.0-180.0 180.0   5.0 450.0                            LAT/LON1/LON2/DLON/H
   30   44   35   34   35   37   40   41   43   44   45   46   46   45   44   43
   41   38   36   34   33   34   35   36   37   36   36   34   32   29   26   25
   23   23   23   26   28   32   36   40   49   54   64   72   80   88   95  100
  105  107  109  107  106  101   96   90   85   80   76   72   70   66   63   58
   54   49   45   40   37   29   33   23   30                                   
    62.5-180.0 180.0   5.0 450.0                            LAT/LON1/LON2/DLON/H
   33   50   38   35   34   36   37   39   41   41   45   44   46   45   45   45
   43   41   38   36   34   35   34   36   35   35   32   31   27   24   21   20
   19   20   21   25   28   34   39   45   53   61   71   81   90   98  104  108
  113  115  115  113  111  105  100   94   89   83   79   75   73   68   64   59
   55   49   45   40   37   33   34   28   33                                   
    60.0-180.0 180.0   5.0 450.0                            LAT/LON1/LON2/DLON/H
   35   49   38   38   36   38   39   40   40   42   43   45   46   47   48   48
   47   45   42   39   37   36   36   36   36   35   32   29   25   22   19   20
   19   21   25   29   35   39   49   56   66   77   87   97  104  111  115  119
  123  124  124  121  119  114  108  102   96   91   88   83   81   74   71   63
   58   52   49   43   42   34   36   29   35                                   
    57.5-180.0 180.0   5.0 450.0                            LAT/LON1/LON2/DLON/H
   40   58   45   40   38   37   38   37   39   38   41   41   45   44   46   45
   45   43   38   36   33   33   32   32   33   30   28   24   20   18   16   18
   19   23   28   34   40   47   56   65   76   86   98  107  114  119  123  127
  129  131  131  129  127  123  118  111  106  100   97   91   88   80   75   65
   60   51   49   44   43   40   40   32   40                                   
    55.0-180.0 180.0   5.0 450.0                            LAT/LON1/LON2/DLON/H
   46   60   47   45   41   42   41   40   39   39   39   41   42   43   44   45
   44   41   37   33   31   29   30   29   30   28   25   22   19   17   17   21
   25   30   36   42   52   59   71   81   92  103  113  121  127  130  134  136
  139  141  142  140  140  136  131  125  121  116  111  105  100   90   82   72
   63   56   53   48   49   42   44   40   46                                   
    52.5-180.0 180.0   5.0 450.0                            LAT/LON1/LON2/DLON/H
   55   72   56   51   48   46   44   42   41   39   39   38   40   39   41   40
   40   36   33   29   26   26   25   26   26   25   22   18   16   16   17   22
   28   35   42   50   59   70   80   93  104  115  124  131  135  140  141  145
  146  149  150  153  153  151  148  143  139  134  128  120  112  100   90   77
   68   58   57   52   54   51   54   45   55                                   
    50.0-180.0 180.0   5.0 450.0                            LAT/LON1/LON2/DLON/H
   61   70   58   57   52   52   49   46   44   41   41   39   41   39   41   40
   40   37   34   30   28   26   27   27   29   25   24   21   19   20   22   29
   36   44   53   64   74   87   98  111  121  131  139  145  150  153  156  157
  161  163  167  168  168  165  163  159  156  152  145  139  128  116  102   89
   78   69   65   63   65   58   62   56   61                                   
    47.5-180.0 180.0   5.0 450.0                            LAT/LON1/LON2/DLON/H
   68   82   68   63   61   58   56   51   50   46   45   43   43   40   42   39
   40   37   34   32   29   30   28   30   28   28   25   24   21   22   24   31
   38   49   58   71   83   97  109  122  133  142  149  155  159  164  165  168
  169  174  176  178  177  176  172  170  166  162  155  146  136  121  109   95
   86   75   75   70   73   69   74   63   68                                   
    45.0-180.0 180.0   5.0 450.0                            LAT/LON1/LON2/DLON/H
   72   80   69   68   68   65   65   60   61   54   55   50   51   46   48   44
   46   42   41   39   37   37   36   36   36   34   32   30   28   29   30   37
   46   57   69   85   98  113  125  138  148  157  162  168  172  175  178  178
  181  183  183  184  183  181  175  173  168  164  156  150  138  127  115  104
   94   85   82   80   80   75   78   73   72                                   
    42.5-180.0 180.0   5.0 450.0                            LAT/LON1/LON2/DLON/H
   75   87   77   74   73   71   70   69   66   65   62   61   59   55   54   51
   51   48   48   46   45   45   42   44   41   41   37   37   34   35   35   41
   50   62   75   92  108  123  137  149  160  167  173  176  181  183  184  185
  185  186  184  184  182  180  174  168  164  157  150  141  134  123  116  105
   99   90   90   85   86   80   85   75   75                                   
    40.0-180.0 180.0   5.0 450.0                            LAT/LON1/LON2/DLON/H
   74   84   76   76   75   75   76   75   76   74   76   74   73   69   67   63
   63   61   61   60   59   57   55   54   52   50   48   47   45   43   43   48
   57   70   85  106  122  140  151  166  174  182  184  189  191  193  193  194
  193  192  189  189  185  182  174  167  161  153  144  136  129  122  115  109
  104   97   95   91   89   82   82   77   74                                   
    37.5-180.0 180.0   5.0 450.0                            LAT/LON1/LON2/DLON/H
   71   87   76   75   75   75   76   78   79   82   83   85   84   81   77   74
   73   71   72   71   71   69   65   62   59   57   54   54   51   50   48   53
   61   75   94  113  133  149  165  176  187  192  195  198  201  203  204  203
  202  198  197  193  193  187  181  172  167  156  148  135  129  120  117  110
  108  101  100   93   90   80   82   72   71                                   
    35.0-180.0 180.0   5.0 450.0                            LAT/LON1/LON2/DLON/H
   65   78   66   63   64   68   70   75   78   83   88   93   95   95   91   88
   86   86   87   88   88   84   79   73   69   64   64   62   61   57   57   60
   71   88  107  130  149  166  180  193  200  206  206  211  213  217  219  221
  218  217  213  213  210  206  197  191  184  174  161  149  138  130  123  120
  115  110  104   97   91   78   76   69   65                                   
    32.5-180.0 180.0   5.0 450.0                            LAT/LON1/LON2/DLON/H
   60   79   64   62   57   61   62   69   72   79   86   93   98   99   98   95
   95   95   98   99  100   96   90   81   75   70   69   68   67   65   63   69
   80   98  121  142  164  178  196  206  215  218  221  224  230  236  243  243
  246  242  245  242  244  237  236  229  226  212  200  182  168  153  144  135
  130  120  112  101   92   78   77   67   60                                   
    30.0-180.0 180.0   5.0 450.0                            LAT/LON1/LON2/DLON/H
   59   70   55   54   51   56   59   61   68   73   85   91  101  104  105  104
  104  106  109  111  111  105   99   88   83   75   76   73   74   73   73   79
   91  112  135  158  177  195  209  222  228  233  235  243  250  261  270  275
  281  285  291  297  299  298  291  289  278  267  250  231  209  192  176  164
  154  141  127  112  100   85   82   70   59                                   
    27.5-180.0 180.0   5.0 450.0                            LAT/LON1/LON2/DLON/H
   69   75   60   56   54   57   56   61   62   70   78   87   96   99  103  101
  104  106  111  112  114  106  102   90   85   77   78   75   76   74   77   83
   99  120  145  169  191  207  223  235  242  248  254  262  276  287  303  309
  324  332  347  354  362  360  360  356  351  338  319  293  269  243  222  202
  185  165  146  128  113   98   97   81   69                                   
    25.0-180.0 180.0   5.0 450.0                            LAT/LON1/LON2/DLON/H
   89   87   69   60   51   53   52   56   57   63   71   80   91   95  100  102
  105  109  113  115  115  108  105   93   89   79   80   76   77   78   82   92
  108  131  155  184  201  222  232  247  256  265  273  286  302  319  336  350
  366  383  400  418  429  435  435  433  425  408  383  359  331  300  269  244
  219  197  171  152  137  122  119   99   89                                   
    22.5-180.0 180.0   5.0 450.0                            LAT/LON1/LON2/DLON/H
  119  108  101   84   78   64   61   56   57   58   65   73   79   86   89   91
   97  100  107  106  109  102  100   89   86   77   79   74   77   76   83   95
  113  138  164  191  212  230  245  260  271  283  296  313  332  350  370  386
  407  428  450  470  483  492  495  495  489  472  448  418  385  351  319  290
  259  231  205  181  167  153  148  123  119                                   
    20.0-180.0 180.0   5.0 450.0                            LAT/LON1/LON2/DLON/H
  157  145  137  113  102   86   78   69   60   60   61   67   72   77   83   85
   91   95  100  100  102   96   96   88   88   80   79   75   77   76   87   99
  121  149  176  206  223  244  255  277  291  305  322  342  361  383  399  420
  436  464  482  507  519  531  535  536  534  518  500  471  438  400  362  332
  304  274  249  225  205  193  183  154  157                                   
    17.5-180.0 180.0   5.0 450.0                            LAT/LON1/LON2/DLON/H
  192  175  175  154  142  119  118   96   83   69   67   65   69   72   75   79
   84   88   91   91   93   87   88   83   85   81   81   74   76   76   89  100
  129  157  187  212  234  253  272  295  311  329  348  367  386  405  422  443
  461  485  504  521  533  545  549  550  547  536  519  498  468  432  397  364
  336  311  288  265  247  225  216  186  192                                   
    15.0-180.0 180.0   5.0 450.0                            LAT/LON1/LON2/DLON/H
  206  197  192  187  175  158  158  131  118   91   85   70   74   69   75   74
   82   84   87   85   84   82   86   85   88   84   84   76   78   77   89  105
  133  165  194  227  245  272  291  315  335  354  372  391  408  425  440  460
  475  495  507  523  531  541  543  544  545  537  531  511  492  460  430  399
  372  349  327  307  288  265  242  214  206                                   
    12.5-180.0 180.0   5.0 450.0                            LAT/LON1/LON2/DLON/H
  218  214  215  211  199  192  185  171  150  126  106   89   83   78   78   77
   80   82   84   82   82   80   85   86   89   86   85   77   80   78   90  107
  136  170  201  232  259  284  311  337  357  375  391  409  423  441  454  471
  483  496  505  512  515  519  518  518  515  512  508  496  484  462  440  413
  392  368  350  328  310  287  261  233  218                                   
    10.0-180.0 180.0   5.0 450.0                            LAT/LON1/LON2/DLON/H
  215  211  205  209  196  192  192  185  174  155  137  115  103   95   94   87
   89   86   89   84   87   84   88   87   91   86   86   80   79   79   89  111
  142  180  210  245  269  301  327  354  375  391  409  423  440  453  467  480
  486  494  496  502  499  503  498  500  500  495  493  483  478  463  448  428
  408  387  365  347  326  305  274  243  215                                   
     7.5-180.0 180.0   5.0 450.0                            LAT/LON1/LON2/DLON/H
  207  203  204  199  184  184  184  189  181  175  154  137  121  111  104   97
   96   92   93   90   92   91   93   93   93   90   87   81   80   81   91  116
