data/unet/pred0340.15i
     1.0            IONOSPHERE MAPS     GNSS                IONEX VERSION / TYPE
pyspatialgeodesy        IME             05-JAN-18 20:20     PGM / RUN BY / DATE 
Map Name                                                    COMMENT             
Predicted global ionosphere maps (GIM).                     DESCRIPTION         
  2015     2     3     0     0     0                        EPOCH OF FIRST MAP  
  2015     2     4     0     0     0                        EPOCH OF LAST MAP   
  7200                                                      INTERVAL            
    13                                                      # OF MAPS IN FILE   
  NONE                                                      MAPPING FUNCTION    
10.0                                                        ELEVATION CUTOFF    
One-way carrier phase leveled to code                       OBSERVABLES USED    
  6371.0                                                    BASE RADIUS         
 2                                                          MAP DIMENSION       
   450.0 450.0   0.0                                        HGT1 / HGT2 / DHGT  
    87.5 -87.5  -2.5                                        LAT1 / LAT2 / DLAT  
  -180.0 180.0   5.0                                        LON1 / LON2 / DLON  
    -1                                                      EXPONENT            
                                                            END OF HEADER       
[from data line 429]
     2                                                      START OF TEC MAP    
  2015     2     3     2     0     0                        EPOCH OF CURRENT MAP
    87.5-180.0 180.0   5.0 450.0                            LAT/LON1/LON2/DLON/H
  131  129  129  120  119  113  115  110  113  109  110  106  108  104  103   99
   99   94   93   87   89   82   84   76   80   73   77   70   76   69   74   67
   74   68   75   69   76   71   79   74   82   78   86   82   89   86   92   89
   96   93   98   95  101   99  104  101  107  104  110  106  112  109  114  111
  117  114  120  117  124  119  124  142  131                                   
    85.0-180.0 180.0   5.0 450.0                            LAT/LON1/LON2/DLON/H
  132  143  131  130  128  122  122  118  120  116  116  113  113  109  107  104
  102   98   95   91   89   84   81   76   74   69   67   63   62   60   59   58
   58   58   59   61   62   65   67   71   73   77   79   82   85   87   90   92
   95   96   99  100  103  103  106  106  109  109  111  112  114  114  117  117
  121  122  126  126  129  124  135  137  132                                   
    82.5-180.0 180.0   5.0 450.0                            LAT/LON1/LON2/DLON/H
  147  142  142  138  135  127  128  123  126  121  122  120  120  118  115  114
  109  108  101  101   93   91   82   80   72   69   60   59   52   51   47   48
   46   48   49   53   56   60   66   70   75   79   84   87   92   93   99   98
  103  101  106  104  109  106  111  108  113  110  115  114  119  119  124  125
  130  131  136  136  141  136  144  142  147                                   
    80.0-180.0 180.0   5.0 450.0                            LAT/LON1/LON2/DLON/H
  165  155  154  150  146  138  136  132  132  130  129  128  129  127  126  124
  124  118  117  109  108   98   94   84   79   69   63   55   51   44   43   39
   42   40   46   47   54   57   66   69   78   81   89   91   99  100  106  105
  111  109  114  111  114  112  115  113  117  115  121  121  128  128  136  137
  146  146  155  154  160  154  156  154  165                                   
    77.5-180.0 180.0   5.0 450.0                            LAT/LON1/LON2/DLON/H
  175  170  167  164  152  149  139  139  132  134  129  133  130  132  131  132
  129  127  122  120  112  108   98   93   81   76   64   61   51   51   43   47
   43   50   49   58   59   69   73   83   86   95   99  105  106  112  111  115
  113  117  115  118  114  117  114  117  114  119  119  125  127  134  139  148
  154  163  168  174  174  172  171  171  175                                   
    75.0-180.0 180.0   5.0 450.0                            LAT/LON1/LON2/DLON/H
  189  186  182  177  166  158  150  144  140  136  133  133  133  133  131  131
  130  127  125  120  117  111  105   98   89   82   73   68   62   58   56   56
   57   61   63   70   73   82   87   95   98  106  110  115  117  118  120  119
  121  118  119  115  114  112  110  110  109  112  115  120  125  133  140  151
  160  170  179  184  189  188  193  191  189                                   
    72.5-180.0 180.0   5.0 450.0                            LAT/LON1/LON2/DLON/H
  202  200  193  187  174  166  154  147  138  135  128  129  125  125  122  122
  120  119  118  117  114  112  108  103   96   90   84   79   74   73   71   72
   73   77   81   85   89   94  101  104  110  113  118  118  120  118  119  117
  116  113  112  107  105  102  102  100  101  103  108  114  123  132  142  152
  165  174  187  194  203  204  211  212  202                                   
    70.0-180.0 180.0   5.0 450.0                            LAT/LON1/LON2/DLON/H
  216  213  206  202  186  178  163  156  145  140  132  128  126  123  119  116
  114  113  114  114  115  113  111  108  104  100   96   93   91   90   91   92
   93   96   98  100  102  105  108  111  113  116  117  118  116  116  114  112
  110  106  104  100   97   94   96   96   99  103  110  118  128  138  149  160
  172  184  198  208  217  222  231  233  216                                   
    67.5-180.0 180.0   5.0 450.0                            LAT/LON1/LON2/DLON/H
  227  225  217  210  198  187  174  162  151  144  132  127  119  114  106  103
   98  100  101  106  107  111  111  112  110  108  107  105  105  105  106  107
  108  107  109  108  109  109  112  111  112  111  112  109  108  103  101   97
   95   92   92   90   90   91   94   99  104  113  121  133  144  154  165  174
  186  195  210  218  232  235  243  249  227                                   
    65.0-180.0 180.0   5.0 450.0                            LAT/LON1/LON2/DLON/H
  234  232  225  221  207  200  187  179  167  157  145  133  123  112  104   96
   94   93   97  101  106  109  111  111  111  110  110  110  112  114  114  115
  114  112  109  106  103  103  102  102   99  100   98   97   94   92   88   88
   87   85   85   84   87   90  100  109  121  132  147  160  173  180  188  193
  201  209  219  229  240  246  254  260  234                                   
    62.5-180.0 180.0   5.0 450.0                            LAT/LON1/LON2/DLON/H
  238  236  230  225  215  204  199  190  183  170  156  143  127  114   98   90
   83   85   88   95   98  104  106  107  106  106  106  106  109  109  112  110
  109  104  101   96   93   90   90   87   88   85   85   79   79   74   73   72
   73   74   76   80   85   96  108  123  137  157  171  185  198  204  210  212
  218  219  229  233  245  250  256  263  238                                   
    60.0-180.0 180.0   5.0 450.0                            LAT/LON1/LON2/DLON/H
  240  236  233  229  220  212  206  201  195  184  170  153  138  119  105   92
   87   86   91   95   99  101  102  100  101   99   99  100  102  103  102  101
   97   93   86   81   75   73   71   71   69   69   66   64   62   61   59   60
   62   66   69   75   87  100  119  136  158  179  197  213  227  233  238  238
  238  236  238  241  249  254  261  268  240                                   
    57.5-180.0 180.0   5.0 450.0                            LAT/LON1/LON2/DLON/H
  247  245  241  239  230  223  218  213  208  198  184  166  147  129  112  101
   92   90   91   95   94   95   91   90   87   85   87   86   89   88   90   85
   84   76   73   65   65   60   62   60   61   59   58   54   54   52   52   54
   60   64   69   78   91  109  127  150  171  197  214  234  250  258  264  261
  261  253  254  251  258  259  264  271  247                                   
    55.0-180.0 180.0   5.0 450.0                            LAT/LON1/LON2/DLON/H
  262  260  260  250  242  232  229  220  215  204  193  175  158  139  126  113
  105  102  100   99   96   91   87   80   79   76   76   76   77   76   76   73
   70   66   60   57   53   54   54   55   54   54   51   50   48   48   46   52
   56   62   69   81   98  118  141  165  190  215  236  256  274  284  291  290
  288  280  278  271  274  276  278  282  262                                   
    52.5-180.0 180.0   5.0 450.0                            LAT/LON1/LON2/DLON/H
  285  290  284  276  262  254  244  238  227  218  202  187  168  153  137  127
  116  110  103   98   90   84   75   70   66   65   65   65   68   68   69   65
   66   59   60   55   58   56   60   58   60   57   58   54   55   52   53   55
   62   66   74   86  104  127  151  177  201  227  245  268  286  299  309  309
  312  304  303  297  301  296  297  296  285                                   
    50.0-180.0 180.0   5.0 450.0                            LAT/LON1/LON2/DLON/H
  316  320  318  304  291  277  263  248  238  224  210  194  178  162  148  138
  127  118  108   99   89   80   73   65   67   64   67   66   68   66   68   66
   65   64   62   65   65   68   68   69   68   69   66   66   64   63   61   65
   71   76   87  102  122  146  171  198  222  243  262  281  300  314  326  332
  335  332  332  327  330  325  320  315  316                                   
    47.5-180.0 180.0   5.0 450.0                            LAT/LON1/LON2/DLON/H
  348  356  349  338  322  306  288  269  254  237  222  204  185  170  155  144
  131  120  108   96   85   77   69   67   68   69   71   72   72   73   73   73
   73   73   77   77   82   79   84   80   85   82   85   80   82   77   77   79
   86   88  101  114  138  163  190  216  236  256  269  289  306  323  336  341
  349  349  353  353  357  351  341  333  348                                   
    45.0-180.0 180.0   5.0 450.0                            LAT/LON1/LON2/DLON/H
  378  388  382  364  349  329  307  282  263  245  228  210  191  177  161  149
  134  123  109   99   88   82   79   78   82   82   84   84   84   81   80   80
   80   85   86   91   91   93   91   95   94   98   97   97   95   91   90   91
   97  103  116  134  159  188  216  240  258  270  282  297  315  330  342  352
  359  363  366  369  374  373  358  348  378                                   
    42.5-180.0 180.0   5.0 450.0                            LAT/LON1/LON2/DLON/H
  387  398  388  376  359  342  318  298  273  254  235  217  198  181  165  150
  135  122  109  101   95   94   93   95   98   99   97   97   92   90   86   85
   87   90   97   96  102   99  104  102  110  109  114  110  111  105  107  105
  115  117  134  149  182  209  238  260  274  285  292  304  320  331  344  348
  361  362  369  372  380  375  367  358  387                                   
    40.0-180.0 180.0   5.0 450.0                            LAT/LON1/LON2/DLON/H
  387  400  395  383  370  350  327  307  280  263  240  225  204  187  169  154
  137  126  115  113  113  115  118  118  119  116  112  107  101   95   89   89
   89   96   98  103  103  106  105  112  115  121  123  122  121  115  117  116
  123  129  144  169  199  233  260  282  295  302  307  317  328  337  345  354
  363  368  371  379  382  383  372  359  387                                   
    37.5-180.0 180.0   5.0 450.0                            LAT/LON1/LON2/DLON/H
  373  386  378  371  357  344  321  307  281  266  246  230  211  193  175  158
  143  131  128  128  134  139  139  138  133  126  117  110  101   95   89   86
   90   92  101  101  109  108  114  118  125  128  133  129  131  125  129  127
  134  137  156  181  218  251  281  301  314  323  326  333  340  344  353  357
  368  371  374  379  386  382  371  357  373                                   
    35.0-180.0 180.0   5.0 450.0                            LAT/LON1/LON2/DLON/H
  374  378  371  357  346  332  314  300  279  267  248  235  215  200  180  164
  151  144  145  150  157  160  160  152  145  133  124  115  106  103   94   96
   94  105  105  112  111  116  115  125  130  135  137  133  134  128  132  128
  134  138  158  186  221  259  290  313  327  336  342  347  355  361  366  372
  380  383  385  391  395  396  385  369  374                                   
    32.5-180.0 180.0   5.0 450.0                            LAT/LON1/LON2/DLON/H
  385  384  366  352  335  324  306  294  275  265  249  235  220  204  187  171
  162  157  163  169  175  175  166  154  144  130  124  115  114  107  109  104
  109  112  119  118  124  122  125  129  135  137  140  134  135  130  132  129
  133  138  157  183  221  258  294  316  333  344  351  359  371  380  395  398
  409  408  410  412  418  419  413  396  385                                   
    30.0-180.0 180.0   5.0 450.0                            LAT/LON1/LON2/DLON/H
  415  409  390  369  349  334  313  299  279  268  250  238  222  208  192  179
  173  171  178  185  186  179  168  152  143  132  128  129  128  135  134  142
  143  152  148  150  139  141  131  139  138  141  139  135  132  127  128  125
  128  134  152  180  216  255  291  319  342  354  370  381  401  419  437  449
  462  463  467  463  465  469  470  459  415                                   
    27.5-180.0 180.0   5.0 450.0                            LAT/LON1/LON2/DLON/H
  467  455  438  407  388  368  342  318  294  278  259  242  228  212  197  185
  178  179  186  186  183  170  157  143  143  134  146  148  161  168  176  185
  187  187  187  175  170  154  147  144  146  142  141  133  129  122  123  120
  123  129  147  172  210  248  287  320  345  369  388  412  437  461  482  501
  519  529  533  532  530  535  546  548  467                                   
    25.0-180.0 180.0   5.0 450.0                            LAT/LON1/LON2/DLON/H
  556  545  523  488  461  438  406  374  336  305  273  254  235  219  203  189
  184  181  185  180  171  156  147  139  142  151  164  180  192  211  220  237
  232  234  217  212  190  176  154  156  148  149  140  135  125  120  116  114
  115  122  138  168  203  249  288  320  356  377  414  441  476  501  530  559
  590  612  628  630  631  642  650  671  556                                   
    22.5-180.0 180.0   5.0 450.0                            LAT/LON1/LON2/DLON/H
  662  660  623  582  556  532  496  451  408  357  314  276  254  228  212  194
  185  176  177  164  156  143  143  144  165  181  208  230  249  272  283  292
  283  277  258  237  217  188  166  155  151  145  139  128  119  112  108  106
  103  114  133  163  210  254  300  335  371  406  440  480  513  549  581  631
  668  704  729  738  743  762  771  789  662                                   
    20.0-180.0 180.0   5.0 450.0                            LAT/LON1/LON2/DLON/H
  788  783  750  712  687  666  625  571  506  436  373  322  277  250  226  207
  193  180  174  160  151  144  150  165  195  230  267  300  325  341  341  343
  323  315  286  262  226  201  170  164  151  148  135  129  116  109  102   99
   98  109  128  174  218  268  313  347  388  423  469  510  550  590  635  689
  733  778  808  829  839  852  886  893  788                                   
    17.5-180.0 180.0   5.0 450.0                            LAT/LON1/LON2/DLON/H
  893  895  869  845  814  784  732  680  602  526  452  383  332  282  252  221
  205  182  177  162  162  168  187  217  262  308  347  377  390  398  385  374
  349  330  302  268  232  202  174  162  152  146  135  126  115  107  100   95
   92  103  135  181  238  286  334  369  410  452  498  545  583  630  673  727
  772  812  850  873  890  904  930  939  893                                   
    15.0-180.0 180.0   5.0 450.0                            LAT/LON1/LON2/DLON/H
  949  965  953  941  932  894  847  782  714  631  549  473  403  348  296  258
  229  209  198  192  196  214  252  301  349  392  418  430  426  412  388  370
  345  326  297  265  229  202  178  170  159  153  140  129  114  108   99   96
   95  114  145  199  252  302  348  379  424  468  522  570  612  657  697  745
  780  826  852  879  899  914  934  951  949                                   
    12.5-180.0 180.0   5.0 450.0                            LAT/LON1/LON2/DLON/H
  949  972  985  990  985  966  924  868  799  727  639  560  485  424  362  319
  279  251  241  244  264  301  348  402  442  459  458  443  416  392  362  349
  326  306  282  251  225  201  183  176  166  158  150  137  121  111  103   97
  102  124  169  224  280  328  366  404  443  495  537  589  625  675  710  749
  778  808  828  846  868  883  902  910  949                                   
    10.0-180.0 180.0   5.0 450.0                            LAT/LON1/LON2/DLON/H
  918  951  970  990 1001  985  962  912  853  786  713  638  562  502  436  392
  348  329  315  334  358  405  452  492  506  489  465  425  383  344  317  303
  293  279  262  241  221  201  191  185  178  170  158  144  124  115  102  102
  107  135  182  239  287  330  369  406  451  504  552  599  635  679  711  743
  760  781  791  805  818  830  854  855  918                                   
     7.5-180.0 180.0   5.0 450.0                            LAT/LON1/LON2/DLON/H
  861  902  926  951  970  968  963  929  890  833  774  712  637  578  514  474
  429  413  405  435  467  515  549  564  546  501  447  391  345  311  292  285
