data/unet/pred3120.15i
     1.0            IONOSPHERE MAPS     GNSS                IONEX VERSION / TYPE
pyspatialgeodesy        IME             05-JAN-18 20:20     PGM / RUN BY / DATE 
Map Name                                                    COMMENT             
Predicted global ionosphere maps (GIM).                     DESCRIPTION         
  2015    11     8     0     0     0                        EPOCH OF FIRST MAP  
  2015    11     9     0     0     0                        EPOCH OF LAST MAP   
  7200                                                      INTERVAL            
    13                                                      # OF MAPS IN FILE   
  NONE                                                      MAPPING FUNCTION    
10.0                                                        ELEVATION CUTOFF    
One-way carrier phase leveled to code                       OBSERVABLES USED    
  6371.0                                                    BASE RADIUS         
 2                                                          MAP DIMENSION       
   450.0 450.0   0.0                                        HGT1 / HGT2 / DHGT  
    87.5 -87.5  -2.5                                        LAT1 / LAT2 / DLAT  
  -180.0 180.0   5.0                                        LON1 / LON2 / DLON  
    -1                                                      EXPONENT            
                                                            END OF HEADER       
[from data line 5148]
    13                                                      START OF TEC MAP    
  2015    11     9     0     0     0                        EPOCH OF CURRENT MAP
    87.5-180.0 180.0   5.0 450.0                            LAT/LON1/LON2/DLON/H
  106   80   76   70   72   68   72   69   73   70   73   70   73   70   73   69
   72   69   71   68   70   67   69   66   68   65   67   64   65   62   64   61
   63   60   63   59   62   58   62   58   62   59   63   60   64   61   65   62
   67   64   68   65   70   66   70   66   70   66   69   65   69   65   69   64
   69   65   70   67   74   70   78   95  106                                   
    85.0-180.0 180.0   5.0 450.0                            LAT/LON1/LON2/DLON/H
   85   57   59   57   57   50   55   51   56   51   56   52   56   52   56   51
   55   51   55   50   53   48   51   46   48   43   46   41   43   38   41   36
   39   35   39   35   38   35   39   37   41   39   44   42   47   45   49   48
   53   51   55   52   56   53   56   53   56   52   55   51   55   51   54   51
   55   52   56   52   58   49   52   78   85                                   
    82.5-180.0 180.0   5.0 450.0                            LAT/LON1/LON2/DLON/H
   81   62   61   62   58   55   55   55   56   56   57   57   58   58   58   58
   58   57   57   56   55   52   52   49   47   44   43   40   39   36   36   33
   33   30   32   30   32   31   35   34   39   38   43   43   48   47   52   51
   55   53   57   55   59   56   59   55   59   55   58   55   58   55   59   56
   60   58   62   60   63   56   59   79   81                                   
    80.0-180.0 180.0   5.0 450.0                            LAT/LON1/LON2/DLON/H
   85   71   71   72   67   65   65   66   66   67   68   69   69   71   71   72
   71   71   70   70   67   65   62   59   55   52   50   47   44   41   40   38
   36   35   35   35   36   37   40   41   44   46   49   51   54   55   58   58
   61   60   62   61   63   62   63   61   63   62   64   63   66   66   68   68
   70   71   74   75   75   71   71   88   85                                   
    77.5-180.0 180.0   5.0 450.0                            LAT/LON1/LON2/DLON/H
   94   80   81   82   77   75   75   76   76   78   78   80   80   82   81   82
   81   81   80   79   76   74   70   67   62   58   54   51   47   44   42   40
   38   37   37   37   38   39   41   43   45   46   49   50   53   54   56   57
   58   58   59   58   59   57   59   57   60   59   62   62   66   67   70   71
   74   76   80   82   85   82   82   93   94                                   
    75.0-180.0 180.0   5.0 450.0                            LAT/LON1/LON2/DLON/H
   97   88   90   91   85   85   84   85   85   87   88   89   88   88   87   87
   85   85   83   82   79   78   74   71   66   63   58   55   51   49   46   44
   42   41   41   41   41   42   44   45   47   48   51   52   53   54   55   55
   56   55   55   54   54   53   53   53   54   56   58   62   64   68   72   76
   79   83   88   92   96   94   94  102   97                                   
    72.5-180.0 180.0   5.0 450.0                            LAT/LON1/LON2/DLON/H
  107   98  101  101   94   94   92   94   94   96   95   95   93   91   87   85
   81   81   78   78   76   76   73   71   66   64   60   58   54   53   51   49
   47   46   45   44   43   44   44   46   46   48   49   50   51   52   52   52
   51   50   49   48   46   45   46   45   48   50   55   58   64   68   74   78
   83   88   95  100  106  106  106  113  107                                   
    70.0-180.0 180.0   5.0 450.0                            LAT/LON1/LON2/DLON/H
  111  108  112  109  103  101  101  102  102  103  101   99   94   88   83   77
   72   70   68   68   68   68   67   66   63   62   59   57   56   55   55   53
   52   50   49   47   46   46   47   47   47   48   50   49   49   48   49   47
   46   44   43   40   40   38   40   41   45   48   55   60   67   73   79   84
   90   95  102  109  116  117  120  124  111                                   
    67.5-180.0 180.0   5.0 450.0                            LAT/LON1/LON2/DLON/H
  123  119  123  120  112  109  109  110  110  112  107  104   95   88   77   70
   62   59   56   57   57   59   59   60   58   59   57   57   55   57   56   56
   53   53   50   48   46   45   45   45   45   46   46   46   45   45   44   43
   41   39   37   35   35   34   37   39   45   51   59   65   74   79   86   91
   96  101  108  114  123  125  126  132  123                                   
    65.0-180.0 180.0   5.0 450.0                            LAT/LON1/LON2/DLON/H
  128  129  133  130  121  118  118  118  119  118  115  107   97   84   73   60
   54   47   47   46   49   50   52   52   53   54   54   55   56   56   56   54
   53   51   48   45   43   42   42   42   42   43   44   44   43   42   41   39
   38   35   34   32   32   32   35   39   48   55   66   74   83   88   95   98
  102  106  112  117  126  128  133  138  128                                   
    62.5-180.0 180.0   5.0 450.0                            LAT/LON1/LON2/DLON/H
  137  137  140  136  128  125  124  126  127  127  121  114  100   87   71   59
   49   42   40   39   41   42   44   46   47   48   48   51   51   53   51   50
   48   45   42   40   37   36   36   37   38   40   40   41   39   39   37   36
   34   31   30   29   30   30   35   39   50   60   73   82   93   98  103  105
  108  110  115  118  126  128  133  142  137                                   
    60.0-180.0 180.0   5.0 450.0                            LAT/LON1/LON2/DLON/H
  139  144  146  142  133  130  129  131  133  133  129  120  108   90   76   60
   52   42   40   37   39   37   39   39   41   41   43   45   47   47   47   45
   43   39   37   34   32   31   32   33   35   37   38   38   38   37   36   33
   32   30   30   29   30   31   36   42   54   65   79   90  102  108  113  114
  116  116  119  121  127  131  136  145  139                                   
    57.5-180.0 180.0   5.0 450.0                            LAT/LON1/LON2/DLON/H
  152  156  157  151  141  136  135  137  139  140  136  128  115  102   86   73
   61   53   47   42   39   36   35   33   34   35   37   39   41   43   42   40
   38   35   33   30   29   29   30   33   35   37   38   39   38   37   35   33
   31   30   30   30   31   32   36   42   54   66   82   95  109  118  124  127
  129  130  132  133  137  140  143  152  152                                   
    55.0-180.0 180.0   5.0 450.0                            LAT/LON1/LON2/DLON/H
  162  172  173  166  151  145  142  143  144  145  140  134  124  112   99   87
   76   65   57   48   43   36   33   30   31   31   34   37   40   41   41   39
   38   35   33   30   30   30   33   34   38   39   42   41   41   38   37   34
   34   32   32   32   34   34   38   42   54   66   83   97  114  125  136  140
  147  148  151  152  154  157  160  166  162                                   
    52.5-180.0 180.0   5.0 450.0                            LAT/LON1/LON2/DLON/H
  189  194  196  188  171  162  156  153  152  150  145  140  133  124  114  105
   94   83   71   59   48   39   34   30   30   31   35   39   42   44   43   43
   40   38   36   35   34   35   37   40   42   44   46   45   44   42   40   38
   37   36   36   37   37   37   39   43   53   65   82   99  117  132  146  157
  166  173  176  179  180  182  182  185  189                                   
    50.0-180.0 180.0   5.0 450.0                            LAT/LON1/LON2/DLON/H
  211  219  223  212  195  183  173  166  160  154  147  143  137  132  126  119
  109   95   81   65   52   42   35   31   32   34   38   42   46   48   48   47
   45   43   42   41   41   42   44   45   49   50   51   50   49   46   44   42
   42   42   42   43   43   43   46   48   58   69   86  103  124  139  158  173
  189  198  207  209  212  211  209  212  211                                   
    47.5-180.0 180.0   5.0 450.0                            LAT/LON1/LON2/DLON/H
  239  240  247  239  222  211  198  186  174  164  153  148  143  142  138  132
  121  106   89   73   58   48   41   38   39   41   45   49   53   54   53   52
   50   50   49   49   49   50   51   53   55   56   57   56   54   52   49   48
   49   50   52   53   53   54   56   59   67   78   93  110  130  149  169  190
  208  225  236  242  245  243  236  239  239                                   
    45.0-180.0 180.0   5.0 450.0                            LAT/LON1/LON2/DLON/H
  259  266  273  262  246  234  220  206  191  176  163  155  150  149  147  141
  129  112   95   78   65   56   49   46   47   50   52   55   57   57   55   54
   53   53   54   55   56   56   58   58   60   61   62   61   60   57   55   55
   57   59   62   64   66   67   70   73   82   92  106  121  141  159  182  205
  228  248  260  268  271  269  263  265  259                                   
    42.5-180.0 180.0   5.0 450.0                            LAT/LON1/LON2/DLON/H
  278  279  287  278  264  254  241  226  209  193  175  167  160  159  154  149
  134  119  100   87   76   69   63   61   61   61   61   61   61   59   56   54
   54   55   57   60   60   62   62   63   65   66   67   67   66   64   62   63
   65   69   73   76   78   82   85   90   98  108  120  134  154  173  196  220
  245  264  277  286  290  288  282  286  278                                   
    40.0-180.0 180.0   5.0 450.0                            LAT/LON1/LON2/DLON/H
  294  301  302  290  276  267  253  239  223  206  188  177  170  166  160  152
  138  123  108   97   89   84   79   75   72   69   65   63   61   57   53   51
   52   54   56   60   61   63   63   65   67   70   72   72   71   70   69   69
   72   76   81   86   90   95  100  107  115  124  137  151  171  189  212  237
  261  280  292  299  304  302  299  302  294                                   
    37.5-180.0 180.0   5.0 450.0                            LAT/LON1/LON2/DLON/H
  314  315  313  300  287  277  265  252  236  219  201  191  180  176  166  158
  143  131  117  112  105  103   97   90   83   76   70   66   63   58   54   51
   51   53   55   60   61   66   65   69   71   75   77   78   77   76   75   75
   77   81   87   93   98  104  111  119  128  139  152  167  186  205  229  253
  275  294  303  311  316  316  313  316  314                                   
    35.0-180.0 180.0   5.0 450.0                            LAT/LON1/LON2/DLON/H
  344  349  340  320  305  293  280  266  249  230  214  202  193  185  174  162
  150  139  131  127  124  120  111  100   90   80   73   68   65   61   57   54
   54   54   58   61   65   67   69   70   75   78   82   83   83   81   79   78
   80   83   89   96  102  109  117  126  137  148  163  178  199  218  243  269
  293  311  321  328  334  336  339  337  344                                   
    32.5-180.0 180.0   5.0 450.0                            LAT/LON1/LON2/DLON/H
  385  390  376  355  336  323  307  289  269  248  228  216  203  197  182  173
  158  152  144  144  138  132  119  105   92   84   78   78   77   76   71   69
   66   69   68   73   72   77   76   80   83   86   89   89   88   85   81   79
   80   83   89   94  100  106  116  124  137  150  167  182  205  226  256  281
  307  327  338  350  357  363  369  366  385                                   
    30.0-180.0 180.0   5.0 450.0                            LAT/LON1/LON2/DLON/H
  440  456  441  412  391  369  350  324  298  270  245  228  216  206  194  181
  170  162  158  153  146  134  119  104   94   89   90   95  100  101  101   95
   95   90   91   87   89   88   91   90   95   94   98   95   93   88   83   79
   80   80   85   88   93   98  108  119  133  148  166  183  208  231  263  295
  321  345  362  378  394  406  416  406  440                                   
    27.5-180.0 180.0   5.0 450.0                            LAT/LON1/LON2/DLON/H
  501  521  503  485  458  437  406  375  341  303  271  249  233  222  206  197
  184  178  169  162  147  133  114  103   97  102  110  125  135  145  146  146
  141  136  126  118  113  111  108  109  108  107  106  103   97   90   84   78
   77   74   77   77   81   85   97  109  126  143  163  181  207  232  267  301
  331  359  380  405  430  452  465  455  501                                   
    25.0-180.0 180.0   5.0 450.0                            LAT/LON1/LON2/DLON/H
  579  610  592  573  553  521  483  439  390  345  304  276  255  240  226  213
  201  190  178  163  144  125  110  103  109  123  142  162  180  190  196  192
  188  174  160  145  139  133  130  126  125  120  118  111  104   94   86   77
   74   70   71   70   72   77   90  105  123  142  161  179  205  233  269  308
  342  374  402  433  470  496  518  511  579                                   
    22.5-180.0 180.0   5.0 450.0                            LAT/LON1/LON2/DLON/H
  637  673  662  658  637  609  559  507  445  392  346  311  285  266  248  234
  218  204  183  163  140  122  110  115  130  156  184  212  230  242  243  237
  227  208  185  165  156  151  146  143  139  134  127  119  110   99   88   78
   70   64   64   62   65   70   86  104  127  147  165  182  206  233  270  309
  346  380  417  457  505  539  556  555  637                                   
    20.0-180.0 180.0   5.0 450.0                            LAT/LON1/LON2/DLON/H
  688  736  743  744  733  694  645  579  509  445  390  351  321  297  275  257
  238  216  190  164  140  125  124  138  167  203  237  267  283  293  291  278
  260  231  200  177  168  162  162  158  155  146  139  128  120  105   92   79
   70   64   61   61   62   72   88  112  138  157  174  188  210  235  271  309
  349  391  433  477  531  567  584  585  688                                   
    17.5-180.0 180.0   5.0 450.0                            LAT/LON1/LON2/DLON/H
  689  745  769  784  781  754  704  638  563  494  434  391  357  331  306  283
  259  232  200  173  150  143  149  177  214  255  289  309  319  320  311  291
  265  231  200  177  166  166  166  165  158  152  142  134  121  109   90   77
   66   59   57   56   61   75   98  126  153  172  187  200  218  241  272  307
  348  391  435  480  531  563  582  585  689                                   
    15.0-180.0 180.0   5.0 450.0                            LAT/LON1/LON2/DLON/H
  663  716  757  787  805  794  759  693  621  549  484  440  404  376  346  317
  286  255  221  194  177  177  194  230  271  310  335  342  340  330  316  286
  254  216  187  169  166  166  169  165  162  155  148  135  125  109   92   78
   67   61   56   59   67   86  114  146  173  190  203  212  228  246  275  306
  346  387  430  466  509  539  564  570  663                                   
    12.5-180.0 180.0   5.0 450.0                            LAT/LON1/LON2/DLON/H
  595  639  683  722  757  766  752  708  650  592  532  490  456  427  394  362
  325  289  254  231  219  229  251  288  327  350  359  349  335  314  295  267
  235  199  174  160  155  161  162  163  157  156  144  135  122  107   88   74
   64   58   54   59   71   98  130  163  189  207  216  225  237  254  277  308
  344  379  416  446  479  502  529  538  595                                   
    10.0-180.0 180.0   5.0 450.0                            LAT/LON1/LON2/DLON/H
  506  537  584  633  681  710  719  701  666  622  579  545  514  483  449  414
  374  335  302  285  279  292  315  345  369  373  365  339  316  287  268  238
  213  184  168  156  154  155  158  156  153  148  139  126  116  100   83   72
   63   59   54   62   79  109  144  172  199  213  225  232  247  262  285  313
  346  375  404  425  452  468  490  497  506                                   
     7.5-180.0 180.0   5.0 450.0                            LAT/LON1/LON2/DLON/H
  425  444  481  527  581  624  650  656  647  627  603  583  563  536  502  467
  427  390  361  347  346  358  372  386  390  373  351  321  293  271  250  223
