data/unet/pred1460.15i
     1.0            IONOSPHERE MAPS     GNSS                IONEX VERSION / TYPE
pyspatialgeodesy        IME             05-JAN-18 20:20     PGM / RUN BY / DATE 
Map Name                                                    COMMENT             
Predicted global ionosphere maps (GIM).                     DESCRIPTION         
  2015     5    26     0     0     0                        EPOCH OF FIRST MAP  
  2015     5    27     0     0     0                        EPOCH OF LAST MAP   
  7200                                                      INTERVAL            
    13                                                      # OF MAPS IN FILE   
  NONE                                                      MAPPING FUNCTION    
10.0                                                        ELEVATION CUTOFF    
One-way carrier phase leveled to code                       OBSERVABLES USED    
  6371.0                                                    BASE RADIUS         
 2                                                          MAP DIMENSION       
   450.0 450.0   0.0                                        HGT1 / HGT2 / DHGT  
    87.5 -87.5  -2.5                                        LAT1 / LAT2 / DLAT  
  -180.0 180.0   5.0                                        LON1 / LON2 / DLON  
    -1                                                      EXPONENT            
                                                            END OF HEADER       
[from data line 2145]
     6                                                      START OF TEC MAP    
  2015     5    26    10     0     0                        EPOCH OF CURRENT MAP
    87.5-180.0 180.0   5.0 450.0                            LAT/LON1/LON2/DLON/H
  141  162  163  163  162  159  160  158  161  160  162  161  164  163  165  164
  166  165  166  165  166  164  164  163  163  160  160  157  158  155  155  153
  153  151  151  150  150  148  149  147  148  147  149  148  150  150  153  153
  156  156  158  158  160  160  162  161  163  162  163  162  164  162  163  161
  163  161  163  161  163  159  156  135  141                                   
    85.0-180.0 180.0   5.0 450.0                            LAT/LON1/LON2/DLON/H
  160  147  157  162  159  157  158  160  161  162  162  164  165  167  167  169
  170  170  170  171  171  171  170  169  169  168  167  166  167  165  166  163
  164  162  163  160  161  158  158  156  157  155  156  156  157  158  160  161
  163  164  164  165  165  166  165  165  165  166  164  164  164  164  162  162
  161  162  161  160  160  158  160  150  160                                   
    82.5-180.0 180.0   5.0 450.0                            LAT/LON1/LON2/DLON/H
  152  152  157  158  157  156  157  160  161  162  163  164  166  167  168  169
  170  171  171  172  172  172  171  171  170  172  170  171  171  173  171  172
  170  171  169  169  166  165  162  161  160  159  158  159  160  162  162  164
  166  167  168  168  169  170  169  168  169  169  168  167  167  166  165  163
  163  163  162  161  161  161  160  159  152                                   
    80.0-180.0 180.0   5.0 450.0                            LAT/LON1/LON2/DLON/H
  152  152  149  151  149  151  151  155  154  157  156  160  159  162  161  164
  163  166  164  166  164  166  163  165  163  165  164  166  166  167  167  168
  167  167  166  165  162  161  158  157  155  155  155  157  158  161  163  166
  169  172  173  175  177  178  178  178  179  178  178  176  175  173  171  169
  167  165  162  161  159  160  158  158  152                                   
    77.5-180.0 180.0   5.0 450.0                            LAT/LON1/LON2/DLON/H
  151  149  147  148  148  150  150  151  152  153  154  157  158  160  160  162
  162  162  162  161  160  160  158  159  158  159  159  161  163  165  166  168
  169  169  168  166  164  161  159  158  156  157  157  161  163  168  171  176
  179  185  185  190  190  194  193  195  193  195  192  191  189  187  184  182
  178  176  172  168  165  162  156  156  151                                   
    75.0-180.0 180.0   5.0 450.0                            LAT/LON1/LON2/DLON/H
  148  148  146  149  146  148  146  149  148  150  151  153  155  156  157  158
  158  158  156  155  154  153  152  151  151  152  154  156  159  162  166  168
  169  170  169  168  164  163  160  159  158  160  161  166  169  176  178  186
  187  194  194  199  198  202  200  203  200  203  200  200  197  196  192  189
  184  182  176  172  169  166  164  162  148                                   
    72.5-180.0 180.0   5.0 450.0                            LAT/LON1/LON2/DLON/H
  151  150  146  146  143  142  141  141  141  142  144  146  147  150  151  153
  152  153  150  149  147  144  142  141  140  141  143  146  151  156  162  165
  169  170  171  169  167  164  163  162  163  166  169  174  179  186  190  196
  197  202  202  205  204  207  205  207  205  207  205  205  202  201  197  195
  190  187  181  177  172  167  163  163  151                                   
    70.0-180.0 180.0   5.0 450.0                            LAT/LON1/LON2/DLON/H
  152  150  146  145  140  139  136  136  135  137  138  141  143  145  147  148
  149  147  147  144  143  139  137  134  134  134  136  141  147  155  162  169
  172  177  175  177  171  171  167  168  168  171  175  182  187  192  197  200
  202  202  202  202  201  201  201  201  201  202  203  203  203  202  201  199
  196  193  188  183  180  174  174  171  152                                   
    67.5-180.0 180.0   5.0 450.0                            LAT/LON1/LON2/DLON/H
  156  154  148  143  135  131  129  126  125  125  126  128  130  133  135  138
  139  140  138  137  135  132  129  126  124  123  126  132  140  149  159  167
  173  177  180  179  176  175  173  173  175  178  184  189  194  199  201  204
  202  202  198  197  193  193  190  192  192  194  195  197  199  200  200  199
  198  195  192  188  185  179  174  172  156                                   
    65.0-180.0 180.0   5.0 450.0                            LAT/LON1/LON2/DLON/H
  162  158  150  144  136  130  123  120  117  117  117  120  122  126  127  131
  133  134  134  133  132  130  127  125  122  123  125  133  140  153  162  173
  179  187  186  190  184  185  181  183  184  188  192  198  202  204  206  204
  202  196  192  187  184  181  180  180  182  184  187  191  193  196  198  200
  200  200  198  195  193  186  186  181  162                                   
    62.5-180.0 180.0   5.0 450.0                            LAT/LON1/LON2/DLON/H
  170  166  155  145  133  124  117  110  106  102  103  104  107  110  112  116
  118  121  122  124  124  123  120  119  118  119  122  130  138  150  161  171
  180  187  190  192  190  190  189  190  194  198  203  208  211  212  211  208
  202  196  188  182  177  174  173  173  175  177  181  184  189  192  196  198
  200  201  201  200  199  195  191  189  170                                   
    60.0-180.0 180.0   5.0 450.0                            LAT/LON1/LON2/DLON/H
  179  173  159  150  136  125  114  106   99   96   94   95   98  100  102  105
  108  112  114  118  120  121  121  122  121  124  126  135  142  155  165  178
  185  194  195  201  198  201  199  202  203  208  213  217  220  219  217  212
  206  197  190  182  178  173  173  170  174  174  178  182  185  190  194  200
  202  206  206  207  207  202  202  198  179                                   
    57.5-180.0 180.0   5.0 450.0                            LAT/LON1/LON2/DLON/H
  188  182  168  154  138  125  112  102   93   89   86   87   87   88   89   91
   94   97  100  105  108  112  114  118  120  125  128  136  143  154  164  176
  183  191  196  200  202  204  207  209  214  218  224  228  230  228  225  220
  214  207  200  194  189  185  182  181  180  181  182  185  188  192  196  200
  204  208  210  212  214  211  208  206  188                                   
    55.0-180.0 180.0   5.0 450.0                            LAT/LON1/LON2/DLON/H
  196  187  172  161  145  131  116  105   95   89   85   81   81   79   80   80
   84   86   92   98  104  110  115  122  126  132  135  144  150  161  170  182
  188  197  200  207  207  214  215  220  223  229  234  236  239  235  233  228
  223  218  212  206  202  197  195  191  190  188  189  189  191  194  197  202
  205  211  214  218  220  218  218  214  196                                   
    52.5-180.0 180.0   5.0 450.0                            LAT/LON1/LON2/DLON/H
  202  194  180  168  152  136  121  110   97   91   85   82   77   75   72   72
   75   78   84   91   98  107  113  123  129  137  140  148  153  164  171  183
  189  198  202  208  213  218  225  228  235  239  246  248  249  247  245  242
  239  235  230  225  220  216  210  207  201  200  197  198  198  199  201  203
  207  212  215  219  223  222  221  219  202                                   
    50.0-180.0 180.0   5.0 450.0                            LAT/LON1/LON2/DLON/H
  204  193  181  173  160  146  131  120  107   99   94   86   81   74   72   69
   72   75   82   88   97  106  114  127  136  143  147  157  162  171  180  191
  197  206  210  219  223  231  235  242  246  252  256  258  260  257  257  255
  253  251  247  243  237  231  225  218  213  207  205  202  204  203  204  206
  209  214  217  221  225  222  223  222  204                                   
    47.5-180.0 180.0   5.0 450.0                            LAT/LON1/LON2/DLON/H
  203  194  183  175  164  152  140  131  117  109  101   94   86   79   73   71
   72   77   82   89   95  105  114  127  137  146  151  160  164  174  181  192
  198  208  215  226  235  241  250  253  262  264  269  269  272  269  271  268
  269  267  264  259  252  245  236  230  221  217  211  210  210  209  210  211
  213  215  216  220  222  222  219  217  203                                   
    45.0-180.0 180.0   5.0 450.0                            LAT/LON1/LON2/DLON/H
  198  185  174  171  166  158  150  142  132  123  114  104   97   87   81   76
   79   81   87   93  101  109  119  134  145  155  159  166  171  179  187  195
  203  213  221  233  241  254  261  269  273  278  280  283  284  283  283  284
  282  282  275  270  261  253  244  235  226  218  215  212  214  214  216  217
  216  217  215  215  215  213  213  212  198                                   
    42.5-180.0 180.0   5.0 450.0                            LAT/LON1/LON2/DLON/H
  192  179  167  164  161  157  153  149  140  133  123  114  106   96   88   84
   85   87   91   97  102  111  121  136  148  159  163  171  173  181  187  196
  203  215  226  240  255  265  278  281  290  292  297  299  301  301  301  301
  300  298  290  282  272  263  252  244  232  227  221  220  221  222  224  225
  224  222  217  214  209  208  204  200  192                                   
    40.0-180.0 180.0   5.0 450.0                            LAT/LON1/LON2/DLON/H
  185  169  156  155  155  154  153  152  147  143  133  125  117  105   99   93
   94   94   99  102  108  117  128  146  157  167  171  176  179  183  191  197
  206  219  229  248  262  278  288  297  300  308  312  316  319  319  320  320
  320  319  309  300  286  275  265  253  245  236  233  231  233  235  235  237
  233  231  223  216  209  204  201  194  185                                   
    37.5-180.0 180.0   5.0 450.0                            LAT/LON1/LON2/DLON/H
  185  166  151  145  145  145  146  148  145  144  138  130  123  113  105  100
   99   99  101  104  108  117  130  147  161  171  175  178  180  184  190  196
  206  220  236  252  272  287  303  309  319  323  333  337  342  342  344  343
  344  341  333  321  305  292  282  271  264  258  256  254  255  255  257  255
  253  248  238  229  216  210  199  191  185                                   
    35.0-180.0 180.0   5.0 450.0                            LAT/LON1/LON2/DLON/H
  188  164  147  142  138  137  137  139  141  143  140  137  130  119  112  105
  104  103  104  106  112  122  135  155  167  177  180  182  184  185  194  198
  210  224  239  262  276  298  311  324  331  340  349  356  361  363  365  366
  368  365  360  348  336  320  309  293  288  279  277  275  276  276  276  277
  270  269  255  247  232  222  213  196  188                                   
    32.5-180.0 180.0   5.0 450.0                            LAT/LON1/LON2/DLON/H
  194  173  153  143  135  131  130  131  134  138  138  136  130  122  113  108
  104  103  103  105  111  121  136  154  169  177  181  181  184  186  193  199
  211  224  245  261  283  301  320  331  342  349  361  369  377  379  383  386
  390  393  390  385  376  365  351  334  324  311  307  299  302  299  301  297
  295  288  277  264  249  239  223  201  194                                   
    30.0-180.0 180.0   5.0 450.0                            LAT/LON1/LON2/DLON/H
  199  180  164  149  139  133  130  129  133  136  138  138  134  125  120  111
  109  105  106  107  114  125  140  159  170  180  182  185  188  189  197  201
  216  229  248  270  286  307  320  334  344  354  365  375  383  389  394  401
  409  415  422  422  424  415  409  388  375  354  345  335  331  326  322  324
  313  311  295  284  268  258  241  212  199                                   
    27.5-180.0 180.0   5.0 450.0                            LAT/LON1/LON2/DLON/H
  208  200  181  166  151  142  135  133  134  138  140  139  137  132  123  117
  111  108  108  110  117  127  142  157  168  175  178  179  184  186  196  202
  218  232  254  271  291  307  323  334  346  354  366  379  390  401  408  419
  431  445  458  466  473  470  464  445  427  403  390  374  369  357  353  344
  336  324  312  296  286  275  259  227  208                                   
    25.0-180.0 180.0   5.0 450.0                            LAT/LON1/LON2/DLON/H
  222  221  199  180  163  153  146  142  143  144  146  146  143  137  131  122
  117  112  112  115  124  133  146  160  166  174  173  177  181  187  198  207
  223  239  258  279  293  313  324  335  345  354  367  383  396  413  419  438
  451  474  489  509  516  520  509  490  469  443  428  410  401  388  377  366
  354  340  323  311  298  291  273  244  222                                   
    22.5-180.0 180.0   5.0 450.0                            LAT/LON1/LON2/DLON/H
  236  240  219  201  185  174  165  157  154  155  154  153  150  145  137  131
  124  119  119  123  130  138  147  154  160  164  168  170  180  185  200  212
  230  244  266  281  302  313  330  337  349  356  370  389  405  423  433  454
  470  497  517  537  547  550  538  518  495  472  452  436  425  406  395  377
  366  345  330  310  303  295  280  253  236                                   
    20.0-180.0 180.0   5.0 450.0                            LAT/LON1/LON2/DLON/H
  250  257  239  222  204  194  184  173  168  163  163  159  156  150  145  137
  133  126  128  130  138  144  148  153  152  159  159  169  179  192  207  220
  237  252  269  288  302  318  329  339  351  358  373  394  412  430  439  460
  477  505  522  544  552  557  545  528  506  485  467  449  439  418  405  383
  370  348  329  310  300  293  281  260  250                                   
    17.5-180.0 180.0   5.0 450.0                            LAT/LON1/LON2/DLON/H
  257  260  251  239  224  215  208  196  186  176  172  165  163  157  152  146
  141  135  134  136  141  143  144  144  145  148  156  163  183  196  214  225
  244  256  280  291  313  323  340  350  362  370  383  403  421  437  448  466
  481  504  519  533  541  543  537  523  504  487  472  460  448  428  412  388
  374  348  328  302  292  283  271  253  257                                   
    15.0-180.0 180.0   5.0 450.0                            LAT/LON1/LON2/DLON/H
  266  262  255  246  236  231  223  212  200  187  177  172  166  160  156  151
  149  142  140  139  140  140  138  138  137  143  150  165  185  203  219  232
  248  266  283  300  316  333  347  361  373  382  395  412  427  443  449  465
  477  493  503  510  516  516  513  506  494  486  473  465  456  435  417  389
  374  345  326  299  288  277  269  260  266                                   
    12.5-180.0 180.0   5.0 450.0                            LAT/LON1/LON2/DLON/H
  267  258  252  243  238  233  231  218  208  192  184  172  170  162  160  154
  152  146  142  139  135  131  127  126  128  135  149  162  189  202  225  234
  258  272  296  312  334  349  367  383  392  401  408  424  435  448  455  466
  477  484  489  486  488  486  485  483  481  480  472  472  462  445  420  395
  372  346  324  300  287  275  264  251  267                                   
    10.0-180.0 180.0   5.0 450.0                            LAT/LON1/LON2/DLON/H
  267  250  243  235  232  231  226  218  209  196  184  175  166  161  156  156
  151  145  141  137  128  121  116  118  121  131  145  165  191  207  227  241
  263  283  304  323  341  362  380  395  406  411  419  429  438  447  450  460
  469  475  474  470  470  466  469  472  477  476  472  471  464  444  420  391
  364  339  317  300  286  278  266  262  267                                   
     7.5-180.0 180.0   5.0 450.0                            LAT/LON1/LON2/DLON/H
  265  249  241  232  228  223  220  210  204  192  185  170  166  157  157  152
  149  142  136  127  116  108  103  104  111  122  145  162  190  206  227  239
