data/unet/pred2440.15i
     1.0            IONOSPHERE MAPS     GNSS                IONEX VERSION / TYPE
pyspatialgeodesy        IME             05-JAN-18 20:20     PGM / RUN BY / DATE 
Map Name                                                    COMMENT             
Predicted global ionosphere maps (GIM).                     DESCRIPTION         
  2015     9     1     0     0     0                        EPOCH OF FIRST MAP  
  2015     9     2     0     0     0                        EPOCH OF LAST MAP   
  7200                                                      INTERVAL            
    13                                                      # OF MAPS IN FILE   
  NONE                                                      MAPPING FUNCTION    
10.0                                                        ELEVATION CUTOFF    
One-way carrier phase leveled to code                       OBSERVABLES USED    
  6371.0                                                    BASE RADIUS         
 2                                                          MAP DIMENSION       
   450.0 450.0   0.0                                        HGT1 / HGT2 / DHGT  
    87.5 -87.5  -2.5                                        LAT1 / LAT2 / DLAT  
  -180.0 180.0   5.0                                        LON1 / LON2 / DLON  
    -1                                                      EXPONENT            
                                                            END OF HEADER       
     1                                                      START OF TEC MAP    
  2015     9     1     0     0     0                        EPOCH OF CURRENT MAP
    87.5-180.0 180.0   5.0 450.0                            LAT/LON1/LON2/DLON/H
  145  111  109  104  102   99  100   99  100   99  100   98   99   98   99   97
   99   96   98   96   98   95   97   94   97   94   96   93   95   92   94   91
   93   91   92   90   92   90   92   90   92   91   92   91   93   91   93   91
   93   92   94   92   94   92   95   93   96   94   97   95   98   96   98   96
   99   97   99   98  103  101  110  135  145                                   
    85.0-180.0 180.0   5.0 450.0                            LAT/LON1/LON2/DLON/H
  119  108  108  106  103   99  101   99  101   99  100   99  100   99  100   98
   99   97   98   96   97   94   95   91   93   89   90   87   88   85   86   83
   84   81   83   80   83   81   83   81   83   82   84   83   85   84   86   84
   87   85   88   86   89   88   90   90   93   92   94   93   96   95   97   95
   98   97   98   96  102   96   98  106  119                                   
    82.5-180.0 180.0   5.0 450.0                            LAT/LON1/LON2/DLON/H
  120  113  114  111  110  103  108  103  108  104  109  104  110  105  110  105
  109  104  107  102  104   99  101   95   96   91   92   87   88   83   85   80
   83   78   81   77   81   77   82   78   83   80   85   81   86   83   87   84
   89   85   90   87   92   90   95   93   98   95  100   97  102   99  103  100
  105  101  105  102  108  102  104  108  120                                   
    80.0-180.0 180.0   5.0 450.0                            LAT/LON1/LON2/DLON/H
  129  126  123  121  117  115  116  115  117  116  118  118  120  119  121  120
  121  119  119  117  115  113  111  108  104  101   98   95   92   90   88   86
   84   83   82   81   82   81   83   83   85   84   86   86   88   88   90   90
   92   92   95   95   98   99  102  102  106  106  109  109  112  111  113  113
  115  114  115  114  116  112  114  116  129                                   
    77.5-180.0 180.0   5.0 450.0                            LAT/LON1/LON2/DLON/H
  145  138  134  131  127  126  126  126  127  127  128  127  128  128  128  128
  128  127  126  125  123  120  117  114  110  106  102   98   95   91   89   86
   84   82   82   81   81   80   82   82   83   83   85   85   87   87   88   88
   90   90   93   93   96   97  100  102  105  107  109  111  113  114  116  117
  119  118  119  119  120  117  119  120  145                                   
    75.0-180.0 180.0   5.0 450.0                            LAT/LON1/LON2/DLON/H
  153  146  142  140  136  135  136  136  137  137  138  137  137  137  137  136
  135  134  134  132  130  127  124  120  116  111  107  101   97   93   90   87
   84   83   81   80   79   79   79   79   80   81   82   83   84   84   86   86
   87   88   90   90   93   94   98  100  104  107  110  112  115  117  119  120
  123  123  124  123  124  121  124  125  153                                   
    72.5-180.0 180.0   5.0 450.0                            LAT/LON1/LON2/DLON/H
  159  151  146  144  142  142  143  144  145  145  145  144  144  142  142  140
  139  137  135  132  130  127  124  120  115  110  105  100   95   91   88   84
   83   80   80   77   77   74   76   73   76   74   77   76   79   78   81   80
   83   82   85   84   88   88   93   95  101  103  108  110  114  116  119  120
  123  123  125  126  127  126  128  130  159                                   
    70.0-180.0 180.0   5.0 450.0                            LAT/LON1/LON2/DLON/H
  159  152  150  149  146  147  149  150  151  152  153  152  151  149  147  144
  142  139  136  133  130  127  123  118  113  107  102   97   92   88   85   82
   81   78   77   74   73   70   70   68   69   69   71   71   73   74   76   76
   78   77   79   80   82   83   88   91   97  101  105  109  113  115  118  120
  123  125  127  128  129  128  131  134  159                                   
    67.5-180.0 180.0   5.0 450.0                            LAT/LON1/LON2/DLON/H
  161  154  151  150  148  149  150  153  154  156  157  156  155  152  150  146
  143  138  135  131  128  124  120  114  109  103   98   92   87   83   81   77
   76   72   72   68   67   62   62   59   61   59   62   61   66   65   69   68
   71   70   73   72   76   76   82   85   92   96  102  105  110  112  116  118
  121  122  125  127  130  130  132  136  161                                   
    65.0-180.0 180.0   5.0 450.0                            LAT/LON1/LON2/DLON/H
  163  155  153  151  148  149  150  153  155  158  159  160  157  155  151  148
  143  139  135  131  127  123  118  112  106  100   95   89   85   81   79   75
   74   70   68   64   61   57   55   52   52   52   54   55   58   59   62   63
   64   65   67   67   69   71   76   81   88   94  100  104  109  112  114  117
  120  122  124  126  129  129  133  137  163                                   
    62.5-180.0 180.0   5.0 450.0                            LAT/LON1/LON2/DLON/H
  166  159  153  150  146  145  146  148  151  153  155  156  155  153  151  147
  144  140  136  131  128  123  118  112  106  100   94   89   85   81   77   74
   71   66   63   58   55   50   48   45   46   44   47   47   51   51   56   55
   58   57   61   60   65   66   73   78   86   92   99  102  108  110  113  114
  118  119  123  124  128  129  133  138  166                                   
    60.0-180.0 180.0   5.0 450.0                            LAT/LON1/LON2/DLON/H
  169  161  156  152  145  142  142  143  145  148  150  151  151  151  149  147
  145  142  138  135  131  127  121  116  109  104   97   93   88   84   79   75
   71   66   61   56   52   48   45   42   42   42   44   45   47   48   50   51
   53   54   56   57   61   65   71   77   85   92   98  103  108  111  113  115
  118  121  124  126  129  129  135  139  169                                   
    57.5-180.0 180.0   5.0 450.0                            LAT/LON1/LON2/DLON/H
  175  168  160  155  147  142  140  138  140  141  143  144  146  147  147  147
  146  145  143  140  137  132  127  121  115  109  103   99   94   89   83   77
   71   65   60   54   51   47   45   43   44   42   44   44   46   46   48   48
   52   51   56   56   62   65   73   78   88   93  100  103  109  111  114  116
  121  123  127  129  133  134  138  142  175                                   
    55.0-180.0 180.0   5.0 450.0                            LAT/LON1/LON2/DLON/H
  181  174  168  162  153  146  142  138  138  137  138  140  141  144  145  147
  147  149  147  146  143  139  133  128  122  117  112  108  102   97   89   82
   75   69   63   58   55   52   50   48   48   48   48   48   48   48   48   48
   51   52   56   58   64   68   76   83   91   97  102  106  111  114  117  120
  124  128  132  136  140  140  144  147  181                                   
    52.5-180.0 180.0   5.0 450.0                            LAT/LON1/LON2/DLON/H
  189  184  179  174  164  157  151  146  142  139  139  139  140  142  145  147
  150  152  152  152  150  146  140  135  129  125  121  116  111  104   95   87
   79   72   67   62   60   58   57   56   56   55   55   52   53   50   51   50
   53   53   58   61   68   73   82   89   97  102  107  110  115  117  121  125
  130  134  139  143  148  149  152  155  189                                   
    50.0-180.0 180.0   5.0 450.0                            LAT/LON1/LON2/DLON/H
  195  191  190  186  177  172  164  158  152  147  143  141  141  143  145  149
  152  155  156  157  155  152  147  142  137  134  130  126  120  113  104   94
   86   78   73   70   68   67   66   66   65   64   62   61   59   57   56   55
   57   59   64   68   75   82   91   99  106  110  113  116  120  122  126  130
  136  141  147  152  157  158  160  164  195                                   
    47.5-180.0 180.0   5.0 450.0                            LAT/LON1/LON2/DLON/H
  198  196  198  198  193  189  183  177  169  162  154  150  148  149  150  153
  156  158  160  161  161  158  154  150  146  143  139  135  129  120  110  100
   91   83   79   76   77   75   76   75   75   73   72   69   66   64   62   61
   63   64   69   75   82   90  100  108  115  119  121  122  126  127  131  135
  142  147  154  159  165  165  168  170  198                                   
    45.0-180.0 180.0   5.0 450.0                            LAT/LON1/LON2/DLON/H
  197  196  202  205  204  204  200  195  187  179  169  163  158  157  157  159
  161  164  165  167  167  165  162  158  154  151  147  142  135  125  115  105
   96   89   85   84   84   85   85   85   85   85   82   80   77   74   71   70
   72   73   78   83   91  100  111  119  126  128  129  129  131  133  136  139
  146  152  159  164  170  171  174  177  197                                   
    42.5-180.0 180.0   5.0 450.0                            LAT/LON1/LON2/DLON/H
  191  193  201  207  210  212  212  209  204  196  187  179  173  170  168  168
  170  171  174  175  176  175  171  167  163  159  154  147  139  129  118  108
  100   93   90   90   91   91   93   92   93   92   92   89   85   82   80   79
   79   81   85   90   99  109  120  129  135  137  137  136  138  138  141  144
  150  155  162  168  174  174  178  181  191                                   
    40.0-180.0 180.0   5.0 450.0                            LAT/LON1/LON2/DLON/H
  187  191  200  206  210  216  219  222  218  213  204  196  188  184  180  180
  179  181  183  187  187  186  181  177  171  167  159  152  141  131  120  111
  104   99   97   96   97   99  100  101  102  103  102  100   96   92   89   87
   87   87   91   96  106  116  129  137  143  144  144  142  144  144  147  149
  154  158  166  171  177  178  182  186  187                                   
    37.5-180.0 180.0   5.0 450.0                            LAT/LON1/LON2/DLON/H
  188  194  201  206  209  214  221  227  228  225  218  211  204  199  195  193
  192  193  197  200  201  199  193  187  179  173  165  156  144  133  123  115
  108  104  102  102  103  104  106  107  109  110  110  107  104   99   96   93
   93   92   94   99  109  121  135  144  150  151  151  150  152  152  154  156
  160  164  171  176  182  183  188  190  188                                   
    35.0-180.0 180.0   5.0 450.0                            LAT/LON1/LON2/DLON/H
  198  204  208  210  210  215  224  232  236  237  231  226  218  213  208  206
  204  206  210  213  213  211  202  195  185  178  169  159  146  135  125  118
  113  110  108  109  109  111  113  115  117  119  119  117  111  105  100   97
   95   93   94   98  110  123  139  149  157  158  159  158  161  162  164  165
  168  171  180  185  191  193  198  203  198                                   
    32.5-180.0 180.0   5.0 450.0                            LAT/LON1/LON2/DLON/H
  221  222  224  222  217  221  229  238  244  246  244  238  232  227  223  219
  218  219  224  226  226  219  209  199  189  180  171  161  149  138  129  122
  117  115  113  113  114  116  118  120  123  124  125  121  116  108  103   97
   95   90   92   94  106  120  137  150  159  162  163  166  170  172  175  177
  180  184  192  198  203  208  214  222  221                                   
    30.0-180.0 180.0   5.0 450.0                            LAT/LON1/LON2/DLON/H
  254  250  253  248  240  240  245  251  256  260  256  253  245  241  235  232
  229  230  232  234  231  223  210  199  188  180  171  163  151  142  133  129
  124  121  119  119  120  122  124  126  128  129  128  123  116  107  100   94
   91   86   86   88  100  114  133  146  158  161  165  168  176  181  186  192
  196  203  212  219  223  229  240  252  254                                   
    27.5-180.0 180.0   5.0 450.0                            LAT/LON1/LON2/DLON/H
  301  295  295  287  276  272  271  274  278  279  276  270  262  256  250  244
  241  238  239  236  232  220  207  195  184  177  171  164  155  147  140  134
  130  125  123  122  122  124  125  126  127  126  125  118  110   99   92   84
   82   75   75   77   89  104  124  139  151  157  160  168  175  185  192  202
  209  219  230  240  247  256  268  280  301                                   
    25.0-180.0 180.0   5.0 450.0                            LAT/LON1/LON2/DLON/H
  348  353  351  342  328  321  314  314  311  310  303  296  285  277  266  258
  250  244  240  235  227  215  201  189  179  174  168  165  157  153  146  143
  136  131  127  125  124  125  125  124  124  122  119  111  101   90   80   74
   70   66   64   68   78   95  115  131  146  153  160  167  179  190  201  214
  224  237  251  261  269  281  300  312  348                                   
    22.5-180.0 180.0   5.0 450.0                            LAT/LON1/LON2/DLON/H
  389  400  405  399  389  379  370  363  357  350  339  327  316  302  290  275
  262  249  242  232  222  210  197  185  175  169  166  163  159  156  152  147
  142  135  129  126  124  124  122  121  119  116  112  102   92   78   68   60
   57   52   50   54   67   82  104  122  141  151  162  171  185  198  210  225
  236  251  267  278  288  303  323  335  389                                   
    20.0-180.0 180.0   5.0 450.0                            LAT/LON1/LON2/DLON/H
  414  433  444  448  443  437  423  417  406  398  381  368  351  336  317  296
  275  257  244  231  220  208  195  183  173  168  164  164  161  160  155  152
  146  140  132  128  125  122  119  115  113  109  105   96   85   71   60   53
   50   44   41   46   56   76   95  117  139  153  165  178  194  208  221  235
  248  264  280  292  302  320  343  356  414                                   
    17.5-180.0 180.0   5.0 450.0                            LAT/LON1/LON2/DLON/H
  426  444  463  477  477  477  465  461  449  441  424  410  391  373  351  323
  296  270  252  237  225  213  200  188  176  168  164  162  161  159  157  155
  150  144  137  132  127  123  116  111  107  103   99   91   80   66   55   48
   40   35   33   36   46   62   85  111  137  156  174  188  208  220  235  247
  262  277  296  307  316  332  354  367  426                                   
    15.0-180.0 180.0   5.0 450.0                            LAT/LON1/LON2/DLON/H
  424  445  466  486  495  501  494  490  480  474  460  451  430  412  383  352
  319  288  267  249  238  225  211  198  184  174  166  161  159  158  156  156
  154  150  144  140  134  128  121  113  108  104  100   93   82   68   58   47
   40   34   34   36   45   61   83  112  141  165  185  205  224  238  251  264
  278  292  307  319  323  338  362  372  424                                   
    12.5-180.0 180.0   5.0 450.0                            LAT/LON1/LON2/DLON/H
  414  434  458  485  498  510  505  507  494  490  480  475  461  442  414  381
  348  314  291  271  257  243  228  210  194  178  166  159  157  155  157  159
  161  159  155  151  145  139  131  123  114  109  104   97   85   73   60   51
   42   39   36   40   46   62   83  113  147  175  200  221  242  257  270  283
  296  308  322  330  334  347  366  376  414                                   
    10.0-180.0 180.0   5.0 450.0                            LAT/LON1/LON2/DLON/H
  404  423  445  472  492  506  509  510  502  496  491  490  481  468  438  408
  372  341  318  297  284  267  249  226  205  182  167  155  153  153  157  163
  168  170  167  163  158  152  144  135  125  117  110  101   91   76   68   56
   52   43   44   44   52   65   84  114  150  181  207  233  254  271  284  300
  309  323  333  342  343  353  374  381  404                                   
     7.5-180.0 180.0   5.0 450.0                            LAT/LON1/LON2/DLON/H
  400  417  437  462  481  496  500  503  495  491  487  489  488  478  456  428
  398  368  346  325  307  286  265  236  210  184  166  155  152  154  161  169
