data/unet/pred0780.15i
     1.0            IONOSPHERE MAPS     GNSS                IONEX VERSION / TYPE
pyspatialgeodesy        IME             05-JAN-18 20:20     PGM / RUN BY / DATE 
Map Name                                                    COMMENT             
Predicted global ionosphere maps (GIM).                     DESCRIPTION         
  2015     3    19     0     0     0                        EPOCH OF FIRST MAP  
  2015     3    20     0     0     0                        EPOCH OF LAST MAP   
  7200                                                      INTERVAL            
    13                                                      # OF MAPS IN FILE   
  NONE                                                      MAPPING FUNCTION    
10.0                                                        ELEVATION CUTOFF    
One-way carrier phase leveled to code                       OBSERVABLES USED    
  6371.0                                                    BASE RADIUS         
 2                                                          MAP DIMENSION       
   450.0 450.0   0.0                                        HGT1 / HGT2 / DHGT  
    87.5 -87.5  -2.5                                        LAT1 / LAT2 / DLAT  
  -180.0 180.0   5.0                                        LON1 / LON2 / DLON  
    -1                                                      EXPONENT            
                                                            END OF HEADER       
[from data line 429]
     2                                                      START OF TEC MAP    
  2015     3    19     2     0     0                        EPOCH OF CURRENT MAP
    87.5-180.0 180.0   5.0 450.0                            LAT/LON1/LON2/DLON/H
   99   85   79   67   72   60   66   57   64   55   62   54   59   52   58   51
   56   50   55   50   53   49   53   48   51   47   52   48   50   48   52   49
   52   50   55   52   56   54   60   58   62   61   67   65   70   69   75   73
   79   77   83   82   88   86   91   90   95   93   97   94   99   96   99   95
   97   94   97   94  101   93   94  115   99                                   
    85.0-180.0 180.0   5.0 450.0                            LAT/LON1/LON2/DLON/H
   85   99   75   78   71   71   65   69   63   67   63   67   61   65   61   64
   59   62   59   62   57   60   56   58   52   55   51   54   48   53   49   53
   48   53   51   56   52   58   56   61   59   64   65   70   69   74   75   80
   80   85   87   91   92   95   97   99  100  102  103  104  104  104  103  102
  100  100   99  100  101   95   94  107   85                                   
    82.5-180.0 180.0   5.0 450.0                            LAT/LON1/LON2/DLON/H
   92   84   80   79   73   72   69   71   69   70   68   71   68   70   68   71
   67   69   67   69   64   65   61   61   56   55   53   53   49   49   48   49
   46   48   48   51   49   53   53   58   57   62   63   69   69   75   76   81
   82   88   89   95   95  102  102  107  106  111  109  114  111  114  109  113
  107  111  107  111  107  102  110  111   92                                   
    80.0-180.0 180.0   5.0 450.0                            LAT/LON1/LON2/DLON/H
  104   98   91   87   86   81   82   81   82   81   83   83   84   83   85   84
   84   82   83   80   79   75   74   69   67   61   60   56   55   50   51   48
   50   46   51   48   53   50   57   55   63   59   69   67   76   73   82   80
   89   87   96   95  104  102  112  110  118  116  123  120  125  121  126  121
  124  119  122  119  122  113  120  113  104                                   
    77.5-180.0 180.0   5.0 450.0                            LAT/LON1/LON2/DLON/H
  118  114  107  109   99   98   95   98   96   99   99  104  102  106  103  106
  101  103   99  101   94   94   87   87   79   78   72   72   64   65   59   61
   55   58   56   60   57   62   60   67   64   70   69   77   74   81   80   87
   85   92   91   99   99  107  108  115  115  120  121  126  125  128  127  130
  127  129  128  131  130  129  132  136  118                                   
    75.0-180.0 180.0   5.0 450.0                            LAT/LON1/LON2/DLON/H
  129  133  125  120  113  109  108  109  110  112  115  116  117  117  117  114
  112  110  107  106  101   99   95   92   87   83   80   77   72   70   68   66
   64   63   64   64   64   64   67   66   68   67   71   70   73   73   77   77
   80   82   86   89   93   97  102  105  110  114  118  120  124  125  129  128
  131  131  135  136  143  143  149  150  129                                   
    72.5-180.0 180.0   5.0 450.0                            LAT/LON1/LON2/DLON/H
  149  152  149  146  134  129  128  127  129  129  130  130  128  126  122  118
  113  109  106  103   98   96   92   91   86   85   80   81   73   74   69   71
   66   68   65   68   64   66   64   65   62   63   62   63   62   64   66   68
   69   72   76   80   83   88   94   99  104  108  115  118  123  124  130  130
  135  137  143  148  157  162  166  171  149                                   
    70.0-180.0 180.0   5.0 450.0                            LAT/LON1/LON2/DLON/H
  170  178  171  163  152  143  139  137  139  137  138  136  134  127  122  115
  108  102   97   94   90   89   87   86   83   82   79   80   75   76   71   73
   68   69   67   68   64   64   61   61   57   56   54   55   51   53   53   57
   56   63   64   72   72   81   85   93   98  105  111  116  120  122  128  129
  135  138  147  154  169  175  185  183  170                                   
    67.5-180.0 180.0   5.0 450.0                            LAT/LON1/LON2/DLON/H
  190  197  198  191  174  160  155  151  151  147  147  143  138  129  121  112
  103   95   89   86   82   81   80   80   77   78   74   75   70   71   66   69
   64   66   64   65   61   60   59   57   54   51   50   48   48   47   50   50
   53   55   61   64   70   75   84   89   98  103  113  116  123  124  132  131
  139  140  151  159  174  187  194  198  190                                   
    65.0-180.0 180.0   5.0 450.0                            LAT/LON1/LON2/DLON/H
  206  214  209  198  184  166  159  153  152  149  148  143  138  128  118  107
   96   88   81   78   74   75   72   73   70   71   67   69   63   64   60   60
   55   55   54   53   50   49   47   46   42   43   39   41   38   42   41   48
   46   56   56   66   66   76   81   90   98  107  116  121  128  128  134  133
  139  141  150  158  175  187  200  199  206                                   
    62.5-180.0 180.0   5.0 450.0                            LAT/LON1/LON2/DLON/H
  219  221  219  208  192  176  164  158  154  152  150  144  139  128  117  105
   95   87   80   76   74   73   71   69   65   63   60   59   55   54   51   50
   46   44   43   42   39   37   38   36   37   36   40   38   41   39   46   46
   52   55   63   66   72   77   85   91  103  109  122  125  135  133  141  135
  144  141  152  156  171  184  196  203  219                                   
    60.0-180.0 180.0   5.0 450.0                            LAT/LON1/LON2/DLON/H
  224  224  222  208  196  175  163  156  152  150  147  142  137  126  116  105
   96   89   83   80   76   74   69   66   59   54   50   47   44   41   40   38
   35   31   30   28   24   24   24   26   26   31   30   36   33   41   40   51
   51   62   63   72   72   81   85   93  105  113  126  129  139  137  143  140
  143  143  149  153  165  179  193  194  224                                   
    57.5-180.0 180.0   5.0 450.0                            LAT/LON1/LON2/DLON/H
  234  234  228  216  204  184  171  161  156  152  148  142  137  126  119  109
  104   97   93   90   86   81   75   66   59   50   46   40   38   34   34   30
   28   24   24   21   20   19   23   23   30   32   38   37   42   41   50   53
   63   66   75   78   84   87   95  101  113  120  131  136  146  146  152  148
  152  149  157  155  165  175  188  194  234                                   
    55.0-180.0 180.0   5.0 450.0                            LAT/LON1/LON2/DLON/H
  244  236  240  229  220  197  183  171  160  155  147  141  134  128  121  115
  112  109  104  101   93   88   77   68   56   49   40   36   32   31   30   29
   27   24   23   21   19   21   24   30   33   41   41   48   44   53   51   62
   62   74   74   84   84   91   96  102  114  121  133  139  150  151  158  156
  160  159  165  164  168  177  189  190  244                                   
    52.5-180.0 180.0   5.0 450.0                            LAT/LON1/LON2/DLON/H
  259  255  255  250  241  219  206  189  176  164  152  143  134  128  122  120
  118  116  111  107   99   91   81   71   63   53   47   41   40   36   36   34
   35   31   31   27   29   29   36   39   48   49   56   54   58   56   61   63
   73   75   87   88   97   99  108  111  123  129  139  146  156  161  169  171
  179  178  187  180  183  187  198  200  259                                   
    50.0-180.0 180.0   5.0 450.0                            LAT/LON1/LON2/DLON/H
  277  265  279  274  271  247  233  213  193  179  160  149  137  132  126  125
  124  120  114  108   98   91   81   74   66   60   53   48   47   44   44   41
   40   35   32   31   31   36   40   49   53   61   60   66   61   66   59   68
   69   81   85   94   98  105  111  116  126  132  142  148  161  165  177  182
  193  197  205  203  201  204  210  203  277                                   
    47.5-180.0 180.0   5.0 450.0                            LAT/LON1/LON2/DLON/H
  290  282  295  298  297  279  263  242  222  200  179  160  146  138  131  129
  125  119  110  102   95   90   85   81   78   73   70   65   63   60   58   54
   52   45   44   39   43   43   53   56   66   66   73   70   71   67   69   69
   80   84   96   99  111  113  124  126  138  143  152  157  168  174  191  199
  213  221  232  230  228  227  228  222  290                                   
    45.0-180.0 180.0   5.0 450.0                            LAT/LON1/LON2/DLON/H
  305  295  314  317  318  301  289  266  244  219  192  176  158  150  141  136
  129  120  107  100   93   92   91   93   91   89   85   80   77   71   69   63
   59   52   49   46   47   52   55   63   66   75   75   79   75   78   73   80
   83   93  103  112  121  125  136  139  150  154  162  164  174  180  197  207
  224  236  250  251  248  246  246  235  305                                   
    42.5-180.0 180.0   5.0 450.0                            LAT/LON1/LON2/DLON/H
  309  302  317  327  328  316  304  286  264  241  217  197  179  166  154  146
  134  123  109  102   97  100  103  108  109  109  103   98   92   86   80   75
   70   65   62   58   60   60   66   68   76   77   84   82   85   83   84   86
   96  104  117  125  137  142  151  156  167  170  173  175  185  188  204  212
  230  244  258  261  263  261  264  253  309                                   
    40.0-180.0 180.0   5.0 450.0                            LAT/LON1/LON2/DLON/H
  312  301  317  324  327  315  307  293  275  254  230  215  197  184  170  159
  147  134  122  116  115  120  126  129  130  126  119  110  104   94   88   79
   77   71   68   64   66   68   70   77   79   86   86   91   91   95   92   99
  105  115  128  139  150  158  167  172  183  183  186  186  194  195  206  213
  230  243  261  267  273  272  275  262  312                                   
    37.5-180.0 180.0   5.0 450.0                            LAT/LON1/LON2/DLON/H
  307  298  304  315  313  306  301  291  277  263  243  231  219  206  191  177
  164  151  143  139  140  142  146  147  145  140  130  122  113  105   98   93
   90   85   82   78   81   81   85   84   89   87   94   91   98   97   98  101
  110  119  135  146  161  170  180  187  197  200  200  203  208  209  215  220
  234  246  264  275  285  287  290  277  307                                   
    35.0-180.0 180.0   5.0 450.0                            LAT/LON1/LON2/DLON/H
  313  304  300  302  301  295  292  286  276  265  249  240  231  223  207  195
  184  175  171  169  172  171  172  165  160  149  141  129  124  115  113  109
  108  104   96   93   92   95   92   97   98  100  101  100  102  102  101  103
  111  122  137  151  167  177  189  193  209  210  216  218  228  228  239  243
  255  266  282  291  307  313  313  298  313                                   
    32.5-180.0 180.0   5.0 450.0                            LAT/LON1/LON2/DLON/H
  324  316  306  305  295  293  287  283  276  267  254  248  243  234  223  211
  203  197  198  198  200  195  188  176  167  156  149  142  139  134  134  132
  132  126  120  111  111  107  104  105  106  103  104  102  105   99   98   97
  106  115  133  147  164  177  187  197  211  220  227  235  245  252  265  274
  284  295  310  321  338  347  342  332  324                                   
    30.0-180.0 180.0   5.0 450.0                            LAT/LON1/LON2/DLON/H
  361  355  343  325  314  306  299  290  279  268  256  252  244  242  230  222
  215  212  215  215  216  207  196  180  171  161  160  156  161  158  163  164
  165  160  148  137  128  126  120  121  119  115  113  108  110  103   99   95
  100  109  125  138  156  169  185  197  218  228  248  255  276  281  302  309
  324  339  352  365  385  400  399  385  361                                   
    27.5-180.0 180.0   5.0 450.0                            LAT/LON1/LON2/DLON/H
  420  412  406  383  364  352  337  321  300  285  272  264  257  248  237  226
  220  217  220  220  217  204  193  180  178  174  181  185  196  197  200  202
  196  186  172  157  145  135  128  128  127  123  115  109  104   97   92   90
   92  103  118  138  157  175  189  210  230  249  269  286  306  319  337  351
  372  392  411  429  445  464  463  463  420                                   
    25.0-180.0 180.0   5.0 450.0                            LAT/LON1/LON2/DLON/H
  518  511  505  478  453  431  409  381  350  320  292  281  265  258  239  229
  218  213  214  209  205  193  187  179  189  195  211  220  239  238  241  235
  229  217  199  183  163  153  140  140  135  132  119  109  102   89   87   80
   89   98  118  138  160  178  195  218  243  262  284  304  332  346  376  403
  436  462  487  502  523  539  540  553  518                                   
    22.5-180.0 180.0   5.0 450.0                            LAT/LON1/LON2/DLON/H
  615  636  621  593  565  529  494  457  419  379  343  319  295  273  252  231
  218  207  204  197  192  185  185  189  211  228  255  272  291  291  285  274
  257  243  216  199  173  159  140  142  137  133  123  110   98   86   80   78
   85  107  130  163  186  219  235  267  285  311  325  345  366  391  421  456
  495  533  561  579  596  617  614  639  615                                   
    20.0-180.0 180.0   5.0 450.0                            LAT/LON1/LON2/DLON/H
  709  742  735  716  688  656  612  558  508  456  411  378  346  310  270  244
  219  205  194  187  185  187  197  217  249  281  313  331  349  336  327  306
  283  261  230  208  183  172  151  157  141  138  125  116  101   88   82   81
   91  114  145  179  208  237  258  286  310  334  356  380  404  431  467  513
  559  604  640  655  670  678  684  705  709                                   
    17.5-180.0 180.0   5.0 450.0                            LAT/LON1/LON2/DLON/H
  776  818  833  819  793  746  706  657  598  540  485  450  413  372  323  280
  243  220  205  198  199  213  234  270  314  348  376  387  393  373  347  323
  283  263  225  206  177  168  147  149  139  124  126  121  107   93   85   84
   95  123  160  203  236  274  297  332  358  389  405  433  457  488  516  550
  593  646  681  704  711  722  722  747  776                                   
    15.0-180.0 180.0   5.0 450.0                            LAT/LON1/LON2/DLON/H
  824  868  898  899  875  833  785  736  687  621  564  519  486  441  389  336
  283  253  230  230  235  264  300  359  394  420  424  419  403  370  329  298
  270  249  221  199  180  173  159  158  143  132  126  130  114  102   90   85
   94  129  170  223  264  299  333  363  396  418  441  468  505  530  549  580
  609  665  702  728  737  722  734  761  824                                   
    12.5-180.0 180.0   5.0 450.0                            LAT/LON1/LON2/DLON/H
  837  884  920  930  915  873  834  791  745  695  634  597  551  513  457  407
  356  322  297  297  311  355  398  440  466  454  442  411  387  344  298  275
  245  234  204  192  173  171  157  150  138  131  126  130  116  112   95   93
   96  132  178  234  273  317  352  386  422  440  467  498  530  550  568  586
  611  654  693  720  728  722  723  754  837                                   
    10.0-180.0 180.0   5.0 450.0                            LAT/LON1/LON2/DLON/H
  845  889  923  935  926  892  855  822  783  740  699  658  616  568  519  467
  423  395  380  390  409  451  485  511  501  470  419  378  334  291  259  246
  231  222  204  191  182  177  167  158  144  132  128  128  120  109   97   88
   96  133  178  233  272  312  348  378  411  429  458  483  522  546  565  584
  602  647  677  704  708  697  697  740  845                                   
     7.5-180.0 180.0   5.0 450.0                            LAT/LON1/LON2/DLON/H
  843  887  918  933  928  904  875  848  819  786  748  722  677  635  576  529
  486  467  462  476  503  535  558  548  516  450  382  332  293  267  242  239
