data/unet/pred1200.15i
     1.0            IONOSPHERE MAPS     GNSS                IONEX VERSION / TYPE
pyspatialgeodesy        IME             05-JAN-18 20:20     PGM / RUN BY / DATE 
Map Name                                                    COMMENT             
Predicted global ionosphere maps (GIM).                     DESCRIPTION         
  2015     4    30     0     0     0                        EPOCH OF FIRST MAP  
  2015     5     1     0     0     0                        EPOCH OF LAST MAP   
  7200                                                      INTERVAL            
    13                                                      # OF MAPS IN FILE   
  NONE                                                      MAPPING FUNCTION    
10.0                                                        ELEVATION CUTOFF    
One-way carrier phase leveled to code                       OBSERVABLES USED    
  6371.0                                                    BASE RADIUS         
 2                                                          MAP DIMENSION       
   450.0 450.0   0.0                                        HGT1 / HGT2 / DHGT  
    87.5 -87.5  -2.5                                        LAT1 / LAT2 / DLAT  
  -180.0 180.0   5.0                                        LON1 / LON2 / DLON  
    -1                                                      EXPONENT            
                                                            END OF HEADER       
[from data line 2574]
     7                                                      START OF TEC MAP    
  2015     4    30    12     0     0                        EPOCH OF CURRENT MAP
    87.5-180.0 180.0   5.0 450.0                            LAT/LON1/LON2/DLON/H
  155  183  184  188  188  188  191  191  195  194  196  195  198  196  198  195
  197  194  197  193  198  195  199  197  202  200  204  201  205  201  203  199
  201  196  197  192  193  188  188  183  184  178  178  174  175  170  171  167
  169  165  167  164  166  163  165  163  164  162  164  162  164  163  165  163
  165  166  171  170  169  168  175  148  155                                   
    85.0-180.0 180.0   5.0 450.0                            LAT/LON1/LON2/DLON/H
  168  173  174  175  181  178  184  184  189  188  192  192  195  194  197  196
  199  196  200  197  203  198  205  201  207  204  210  208  213  211  213  211
  212  209  207  205  204  200  198  193  192  185  186  178  180  172  174  166
  170  162  166  160  164  158  162  157  161  156  160  155  159  154  158  153
  157  155  161  157  156  157  168  164  168                                   
    82.5-180.0 180.0   5.0 450.0                            LAT/LON1/LON2/DLON/H
  164  172  174  177  181  181  184  187  190  191  194  195  198  198  199  200
  200  200  200  202  202  204  204  206  208  209  212  214  218  218  221  220
  222  220  219  217  214  211  207  203  199  194  190  185  182  177  175  171
  169  165  166  162  162  159  160  157  158  155  156  153  154  151  153  149
  151  150  154  150  151  151  153  155  164                                   
    80.0-180.0 180.0   5.0 450.0                            LAT/LON1/LON2/DLON/H
  158  165  167  171  176  176  179  181  184  185  187  187  190  189  191  191
  192  192  193  193  195  194  197  197  199  199  203  205  210  211  215  215
  219  217  218  215  215  210  208  201  198  191  188  182  180  174  174  169
  170  165  168  163  166  161  165  159  162  157  161  156  158  153  156  150
  152  149  152  147  147  148  145  150  158                                   
    77.5-180.0 180.0   5.0 450.0                            LAT/LON1/LON2/DLON/H
  157  164  164  167  172  175  175  180  180  182  181  183  181  182  179  180
  178  178  177  179  178  179  179  182  182  186  188  193  198  201  206  210
  213  214  216  216  216  215  212  209  204  200  195  192  188  185  184  182
  181  181  183  182  182  181  182  180  179  176  177  173  172  168  167  162
  159  157  156  151  147  146  148  145  157                                   
    75.0-180.0 180.0   5.0 450.0                            LAT/LON1/LON2/DLON/H
  152  161  160  165  168  172  172  177  175  178  173  175  170  171  167  167
  164  164  163  163  163  165  166  169  171  175  180  185  191  197  202  208
  211  216  216  218  217  218  216  214  209  206  200  199  194  195  193  194
  193  195  196  197  197  197  197  195  192  191  189  187  183  181  179  176
  171  170  167  160  153  156  150  151  152                                   
    72.5-180.0 180.0   5.0 450.0                            LAT/LON1/LON2/DLON/H
  152  157  158  160  164  167  168  170  170  170  167  165  162  159  156  153
  152  151  150  151  152  153  155  158  163  168  174  179  186  192  199  205
  209  213  215  218  218  220  220  217  215  211  209  206  206  207  206  208
  208  212  213  215  215  214  214  210  207  205  203  199  196  193  190  186
  182  180  177  168  162  158  160  151  152                                   
    70.0-180.0 180.0   5.0 450.0                            LAT/LON1/LON2/DLON/H
  148  155  152  157  159  162  162  166  164  167  161  160  155  153  149  146
  146  146  147  149  150  153  156  161  165  172  176  183  187  196  201  209
  212  219  219  224  222  225  223  222  219  218  215  216  215  218  216  220
  219  224  225  226  224  225  221  217  212  209  206  203  201  199  198  194
  190  188  185  175  167  166  164  157  148                                   
    67.5-180.0 180.0   5.0 450.0                            LAT/LON1/LON2/DLON/H
  144  145  144  146  148  152  152  155  155  155  153  151  148  146  143  143
  142  145  146  150  152  157  160  165  169  175  181  188  193  200  206  212
  217  222  226  228  228  229  227  225  223  222  221  222  224  227  228  230
  231  234  235  233  231  228  224  217  210  206  202  199  195  195  194  192
  189  187  184  174  168  160  164  151  144                                   
    65.0-180.0 180.0   5.0 450.0                            LAT/LON1/LON2/DLON/H
  136  134  131  133  132  136  138  142  141  145  141  142  139  139  138  138
  141  142  147  151  156  162  166  173  176  185  187  196  199  209  212  221
  223  232  233  238  233  237  230  231  225  228  225  230  229  235  232  236
  234  239  236  234  228  224  216  207  199  193  192  185  186  185  187  184
  183  182  180  170  162  160  157  149  136                                   
    62.5-180.0 180.0   5.0 450.0                            LAT/LON1/LON2/DLON/H
  129  123  115  115  112  114  115  121  121  126  125  128  127  129  130  135
  137  143  147  154  157  165  169  177  180  188  192  200  205  214  220  227
  233  238  243  243  242  240  235  232  228  228  228  231  232  235  235  236
  235  235  234  228  224  216  209  199  190  184  180  176  173  174  174  174
  172  173  171  162  156  149  150  136  129                                   
    60.0-180.0 180.0   5.0 450.0                            LAT/LON1/LON2/DLON/H
  124  111  101   98   95   94   96   98   99  107  107  114  113  119  121  127
  132  138  146  151  158  165  170  178  182  191  195  207  210  224  228  241
  243  253  251  256  248  251  239  239  231  234  229  235  231  236  231  234
  228  229  223  219  213  204  198  188  183  176  176  172  172  172  173  172
  170  170  167  161  154  149  141  131  124                                   
    57.5-180.0 180.0   5.0 450.0                            LAT/LON1/LON2/DLON/H
  123  107   92   86   83   81   80   81   82   88   90   96   99  104  108  118
  123  135  140  150  154  162  167  175  180  189  195  206  213  227  237  248
  256  262  264  264  260  256  248  243  237  237  233  238  235  239  234  234
  228  226  222  217  211  205  199  192  187  184  183  182  180  182  179  178
  172  171  168  162  155  148  142  122  123                                   
    55.0-180.0 180.0   5.0 450.0                            LAT/LON1/LON2/DLON/H
  129  107   91   81   75   72   71   70   71   74   78   83   87   94   99  110
  117  130  136  144  149  155  162  169  175  184  189  203  210  227  237  253
  261  275  270  278  268  269  255  255  244  247  240  248  241  248  240  242
  233  235  229  226  220  214  210  202  200  198  200  199  199  199  195  193
  185  183  176  171  165  161  147  130  129                                   
    52.5-180.0 180.0   5.0 450.0                            LAT/LON1/LON2/DLON/H
  144  119  101   90   78   73   71   71   68   72   72   77   78   85   90  103
  110  127  133  144  145  154  158  168  173  184  189  201  209  226  240  257
  272  286  287  288  279  278  267  264  256  258  251  257  250  257  251  252
  248  248  244  242  238  233  229  223  222  221  224  224  224  221  218  212
  204  196  189  182  177  169  164  137  144                                   
    50.0-180.0 180.0   5.0 450.0                            LAT/LON1/LON2/DLON/H
  164  140  120  109   96   85   80   78   74   75   75   77   77   82   88  102
  110  128  136  145  147  153  157  168  173  185  189  203  209  228  240  259
  271  291  291  299  291  295  284  287  275  281  270  279  269  277  267  273
  265  272  263  267  259  255  248  244  243  243  246  246  248  244  240  232
  223  214  204  198  192  190  182  160  164                                   
    47.5-180.0 180.0   5.0 450.0                            LAT/LON1/LON2/DLON/H
  184  164  151  135  119  106   99   94   88   89   84   86   80   85   86  102
  111  132  141  152  152  160  162  175  180  194  198  211  216  231  244  262
  279  299  301  308  303  308  301  303  295  299  290  295  285  291  281  286
  279  287  279  284  276  275  267  262  260  258  262  260  260  256  249  241
  230  219  211  204  201  197  202  177  184                                   
    45.0-180.0 180.0   5.0 450.0                            LAT/LON1/LON2/DLON/H
  197  185  172  164  150  138  125  116  108  106  102   99   94   94   93  108
  120  141  152  163  164  171  173  187  193  207  211  224  225  240  247  266
  282  306  313  325  324  333  326  332  322  328  316  322  306  313  299  305
  295  303  295  301  289  288  278  274  269  267  268  266  265  260  252  243
  231  221  213  209  205  208  213  200  197                                   
    42.5-180.0 180.0   5.0 450.0                            LAT/LON1/LON2/DLON/H
  200  195  190  183  174  163  151  139  131  126  120  117  107  106  101  117
  127  149  160  172  174  181  183  199  205  219  222  232  234  245  252  272
  289  315  327  342  346  356  352  356  349  350  340  341  327  328  314  319
  307  314  303  308  294  294  281  276  268  263  263  259  255  249  241  232
  223  212  208  199  198  198  215  201  200                                   
    40.0-180.0 180.0   5.0 450.0                            LAT/LON1/LON2/DLON/H
  196  196  190  192  189  184  173  161  150  145  137  134  123  118  114  125
  137  156  169  181  185  190  194  207  217  229  233  241  244  252  258  276
  295  319  335  356  367  383  384  391  384  383  372  371  355  355  339  343
  328  334  321  324  308  305  289  282  270  262  256  250  243  237  229  223
  216  209  201  195  190  192  205  202  196                                   
    37.5-180.0 180.0   5.0 450.0                            LAT/LON1/LON2/DLON/H
  183  186  186  189  190  187  180  168  160  155  150  146  137  131  125  133
  143  160  171  183  186  192  194  208  217  231  235  245  247  257  261  283
  300  332  351  377  393  415  421  429  423  419  407  401  387  384  369  370
  354  359  343  346  327  324  305  297  280  271  259  252  242  234  226  219
  212  203  196  186  180  176  191  180  183                                   
    35.0-180.0 180.0   5.0 450.0                            LAT/LON1/LON2/DLON/H
  174  173  169  177  181  182  178  169  162  159  156  156  147  143  134  141
  148  163  173  183  187  193  196  208  216  231  237  249  252  262  269  290
  310  343  365  397  415  444  457  471  469  464  452  443  429  424  410  408
  396  395  384  384  369  366  346  338  316  302  285  274  259  252  242  241
  233  226  212  203  189  177  179  169  174                                   
    32.5-180.0 180.0   5.0 450.0                            LAT/LON1/LON2/DLON/H
  170  163  159  165  169  170  171  167  162  159  158  159  152  148  140  142
  148  160  168  177  183  187  192  202  211  227  234  249  254  267  276  303
  325  362  383  421  445  474  491  508  510  509  497  491  474  472  456  462
  447  456  441  447  434  434  415  404  384  370  349  330  313  282  267  249
  246  241  237  221  204  183  180  146  170                                   
    30.0-180.0 180.0   5.0 450.0                            LAT/LON1/LON2/DLON/H
  165  163  153  154  155  153  153  155  158  158  159  157  156  152  145  145
  147  157  164  177  182  192  194  205  211  226  236  252  259  279  290  321
  344  380  408  450  474  507  525  546  553  555  548  543  530  527  518  524
  519  527  519  527  520  519  504  494  474  456  427  400  368  334  303  284
  271  270  252  247  228  210  190  160  165                                   
    27.5-180.0 180.0   5.0 450.0                            LAT/LON1/LON2/DLON/H
  181  179  166  157  155  152  150  144  145  150  158  160  157  151  145  144
  144  154  160  174  183  193  199  205  213  225  238  253  267  288  308  341
  370  413  443  488  508  541  559  581  588  598  593  600  589  597  590  605
  600  615  609  621  619  621  607  594  577  557  533  500  472  433  394  369
  349  338  317  292  264  237  229  186  181                                   
    25.0-180.0 180.0   5.0 450.0                            LAT/LON1/LON2/DLON/H
  231  216  194  176  166  158  153  148  142  138  144  153  159  153  150  144
  146  154  164  182  194  206  211  217  224  233  246  264  276  305  328  370
  400  445  482  521  549  573  594  614  622  633  639  646  649  657  659  672
  677  691  701  713  720  719  711  695  675  652  629  615  574  545  499  473
  436  427  396  363  320  293  284  250  231                                   
    22.5-180.0 180.0   5.0 450.0                            LAT/LON1/LON2/DLON/H
  285  266  235  208  188  170  160  145  145  142  138  141  147  150  148  146
  147  159  168  191  205  220  226  231  234  243  258  279  299  332  363  406
  437  482  514  553  576  598  618  637  643  663  667  688  688  705  702  727
  730  750  762  781  792  792  784  764  736  707  677  657  619  592  555  538
  512  507  488  444  402  367  368  319  285                                   
    20.0-180.0 180.0   5.0 450.0                            LAT/LON1/LON2/DLON/H
  345  311  276  242  219  195  179  167  158  148  146  142  139  143  145  147
  150  158  173  196  216  229  239  239  247  262  279  305  327  366  400  445
  480  516  550  575  601  612  631  643  653  670  684  699  710  719  730  743
  757  774  794  809  821  815  801  774  741  712  681  655  626  608  576  563
  546  548  536  513  476  441  429  389  345                                   
    17.5-180.0 180.0   5.0 450.0                            LAT/LON1/LON2/DLON/H
  393  356  318  273  250  221  208  188  174  158  149  145  137  137  135  144
  151  163  176  202  217  238  242  248  259  278  300  331  364  407  442  485
  514  544  569  590  606  622  636  652  661  681  690  710  714  732  738  754
  768  785  802  814  821  809  786  748  714  663  629  611  592  581  562  550
  550  557  557  542  523  488  475  440  393                                   
    15.0-180.0 180.0   5.0 450.0                            LAT/LON1/LON2/DLON/H
  421  385  347  310  285  258  234  213  191  173  154  147  136  134  129  136
  146  161  174  192  213  231  246  255  272  295  319  360  397  441  486  517
  544  561  581  587  607  616  629  646  659  677  686  696  705  710  731  742
  755  760  769  775  779  765  737  690  630  580  544  529  523  517  505  504
  501  516  525  525  514  497  478  465  421                                   
    12.5-180.0 180.0   5.0 450.0                            LAT/LON1/LON2/DLON/H
  419  396  361  326  306  276  258  231  209  184  166  152  139  133  125  129
  136  159  167  185  203  222  238  253  277  306  345  391  432  470  505  532
  552  566  577  586  605  614  630  648  663  675  682  688  695  708  726  735
  738  735  736  735  737  719  688  627  567  516  485  475  470  467  453  434
  432  452  470  482  487  477  480  476  419                                   
    10.0-180.0 180.0   5.0 450.0                            LAT/LON1/LON2/DLON/H
  398  395  366  340  324  296  273  254  225  200  174  157  140  132  121  122
  126  144  160  174  195  212  234  252  279  317  357  413  450  489  517  534
  555  558  577  582  603  614  629  645  654  662  665  664  670  676  703  705
  709  694  699  696  694  685  643  589  523  473  446  426  423  409  388  371
  362  382  403  426  436  450  457  453  398                                   
     7.5-180.0 180.0   5.0 450.0                            LAT/LON1/LON2/DLON/H
  384  375  360  341  329  301  282  257  233  205  181  163  149  137  123  121
  122  137  149  166  184  203  225  248  281  321  374  426  460  490  510  528
