data/unet/pred1890.15i
     1.0            IONOSPHERE MAPS     GNSS                IONEX VERSION / TYPE
pyspatialgeodesy        IME             05-JAN-18 20:20     PGM / RUN BY / DATE 
Map Name                                                    COMMENT             
Predicted global ionosphere maps (GIM).                     DESCRIPTION         
  2015     7     8     0     0     0                        EPOCH OF FIRST MAP  
  2015     7     9     0     0     0                        EPOCH OF LAST MAP   
  7200                                                      INTERVAL            
    13                                                      # OF MAPS IN FILE   
  NONE                                                      MAPPING FUNCTION    
10.0                                                        ELEVATION CUTOFF    
One-way carrier phase leveled to code                       OBSERVABLES USED    
  6371.0                                                    BASE RADIUS         
 2                                                          MAP DIMENSION       
   450.0 450.0   0.0                                        HGT1 / HGT2 / DHGT  
    87.5 -87.5  -2.5                                        LAT1 / LAT2 / DLAT  
  -180.0 180.0   5.0                                        LON1 / LON2 / DLON  
    -1                                                      EXPONENT            
                                                            END OF HEADER       
[from data line 858]
     3                                                      START OF TEC MAP    
  2015     7     8     4     0     0                        EPOCH OF CURRENT MAP
    87.5-180.0 180.0   5.0 450.0                            LAT/LON1/LON2/DLON/H
  198  199  194  199  198  199  197  200  198  201  199  201  198  201  198  200
  196  198  195  195  192  193  190  189  187  186  184  183  182  181  179  179
  178  177  176  176  175  176  175  175  175  175  176  177  177  179  179  180
  180  182  182  184  184  185  185  186  186  187  185  186  186  187  185  185
  186  187  186  187  183  184  192  202  198                                   
    85.0-180.0 180.0   5.0 450.0                            LAT/LON1/LON2/DLON/H
  202  205  199  209  205  207  205  209  205  210  206  210  205  209  204  207
  201  204  198  201  194  197  191  193  187  190  184  187  181  184  180  182
  178  181  178  180  178  181  178  181  178  182  180  183  182  186  185  188
  188  191  191  193  193  196  194  197  195  198  195  197  196  197  195  196
  195  197  196  196  190  191  190  197  202                                   
    82.5-180.0 180.0   5.0 450.0                            LAT/LON1/LON2/DLON/H
  194  196  199  204  202  202  203  203  204  205  206  205  205  204  203  201
  199  197  195  192  190  187  184  182  180  177  176  174  173  173  172  173
  173  174  174  175  175  176  176  177  178  179  181  182  184  185  187  188
  192  192  196  195  199  198  201  199  201  200  200  198  199  197  195  193
  194  193  194  192  189  189  193  188  194                                   
    80.0-180.0 180.0   5.0 450.0                            LAT/LON1/LON2/DLON/H
  199  203  203  210  208  210  208  211  209  213  211  214  209  211  206  208
  202  202  196  196  189  188  181  180  175  174  170  170  167  169  167  170
  170  174  173  177  176  181  179  184  183  188  187  192  191  196  194  200
  198  203  202  207  206  210  208  211  209  211  208  209  206  206  202  202
  201  201  200  200  197  192  196  194  199                                   
    77.5-180.0 180.0   5.0 450.0                            LAT/LON1/LON2/DLON/H
  198  202  203  206  208  209  211  211  213  212  214  212  211  209  206  204
  200  197  192  188  184  179  175  170  167  163  160  158  157  157  159  161
  165  168  172  175  178  180  183  185  188  190  193  195  198  200  202  204
  206  208  211  213  215  216  217  218  218  219  217  217  215  214  210  209
  206  206  205  202  201  196  197  191  198                                   
    75.0-180.0 180.0   5.0 450.0                            LAT/LON1/LON2/DLON/H
  199  204  202  207  208  209  210  212  212  215  213  214  210  209  203  202
  194  192  185  182  175  171  165  160  154  151  147  146  145  148  149  155
  159  165  169  175  177  182  185  189  191  195  198  202  203  207  208  212
  212  217  217  222  222  226  225  228  226  227  223  223  219  219  214  212
  209  210  207  206  202  199  200  197  199                                   
    72.5-180.0 180.0   5.0 450.0                            LAT/LON1/LON2/DLON/H
  198  201  202  203  205  205  207  207  209  209  209  207  205  201  197  192
  187  182  178  172  167  161  156  149  144  139  136  134  136  139  143  149
  156  162  169  174  180  183  188  190  194  197  201  204  208  209  212  214
  217  219  221  224  226  229  229  230  229  229  225  224  221  219  214  213
  210  210  209  207  207  206  204  199  198                                   
    70.0-180.0 180.0   5.0 450.0                            LAT/LON1/LON2/DLON/H
  201  204  201  204  204  203  205  205  205  206  205  204  200  197  191  187
  181  177  172  168  162  158  152  145  139  134  132  131  133  139  144  153
  159  168  173  180  183  190  193  198  201  205  209  213  216  219  221  223
  225  227  228  231  231  233  233  235  234  232  229  227  224  222  217  216
  214  215  213  215  211  208  206  204  201                                   
    67.5-180.0 180.0   5.0 450.0                            LAT/LON1/LON2/DLON/H
  199  202  200  201  199  199  198  198  197  198  197  195  192  187  183  177
  173  168  165  161  157  153  147  141  136  131  130  130  133  139  146  155
  163  170  176  181  186  191  195  199  204  208  214  217  222  224  226  227
  228  228  229  229  229  229  230  229  228  226  223  220  218  216  213  213
  211  213  213  215  215  213  209  205  199                                   
    65.0-180.0 180.0   5.0 450.0                            LAT/LON1/LON2/DLON/H
  203  205  200  202  200  196  195  194  193  193  193  190  187  182  177  172
  167  165  161  160  156  153  146  141  136  132  131  133  136  144  150  162
  166  174  177  185  186  195  198  205  210  217  222  228  231  234  235  236
  234  233  232  231  230  229  229  228  227  223  221  217  216  213  211  211
  211  214  215  218  217  213  211  210  203                                   
    62.5-180.0 180.0   5.0 450.0                            LAT/LON1/LON2/DLON/H
  204  205  203  202  198  195  191  189  187  187  186  184  181  175  171  165
  162  159  158  156  154  150  144  139  134  133  131  134  139  147  154  163
  168  173  177  181  186  192  198  205  212  220  227  233  237  241  241  240
  237  234  231  228  228  225  227  223  223  219  217  213  212  207  206  205
  207  210  212  216  218  217  213  215  204                                   
    60.0-180.0 180.0   5.0 450.0                            LAT/LON1/LON2/DLON/H
  210  211  207  207  203  198  194  189  186  184  183  181  179  174  170  164
  160  158  155  155  152  149  142  138  133  132  132  135  140  149  154  163
  165  171  170  178  179  190  195  207  214  225  232  241  244  249  247  246
  240  236  232  229  228  227  228  227  225  222  219  215  211  207  204  204
  205  210  213  219  220  217  216  219  210                                   
    57.5-180.0 180.0   5.0 450.0                            LAT/LON1/LON2/DLON/H
  216  213  212  211  206  200  195  189  186  183  182  179  177  172  167  161
  156  153  150  150  147  143  137  133  128  128  129  133  137  144  150  155
  158  160  163  166  172  181  191  202  212  223  233  242  247  251  250  247
  240  235  231  228  229  229  231  230  229  226  222  217  213  206  204  201
  204  206  212  216  220  220  217  224  216                                   
    55.0-180.0 180.0   5.0 450.0                            LAT/LON1/LON2/DLON/H
  222  223  219  219  216  210  204  197  190  185  183  181  178  172  166  159
  154  149  146  144  141  137  132  127  126  124  127  131  135  140  143  147
  148  150  151  157  162  175  184  201  210  225  233  245  249  256  253  252
  244  240  235  234  236  238  241  242  240  236  231  225  220  213  208  205
  205  208  212  220  222  221  221  228  222                                   
    52.5-180.0 180.0   5.0 450.0                            LAT/LON1/LON2/DLON/H
  232  227  229  229  225  221  214  206  198  192  187  184  180  174  166  158
  152  146  143  140  137  132  127  124  123  123  126  130  134  136  138  138
  138  139  143  148  156  168  181  197  209  224  234  245  252  257  256  254
  248  244  242  242  246  249  252  253  252  247  242  234  227  219  213  208
  208  210  215  220  225  227  225  235  232                                   
    50.0-180.0 180.0   5.0 450.0                            LAT/LON1/LON2/DLON/H
  242  239  242  242  241  235  228  219  210  201  194  189  183  176  168  158
  152  145  141  137  135  129  127  123  126  125  130  131  136  134  136  134
  134  133  136  142  150  165  178  197  209  225  235  247  253  260  259  260
  256  254  254  256  261  264  268  269  267  262  256  248  240  230  222  218
  215  218  221  227  230  231  233  242  242                                   
    47.5-180.0 180.0   5.0 450.0                            LAT/LON1/LON2/DLON/H
  251  244  253  254  252  249  241  233  222  213  203  196  188  180  170  161
  152  147  142  139  136  132  130  128  131  131  136  136  139  136  136  133
  133  132  136  141  151  163  178  194  208  224  236  247  256  263  266  267
  265  264  266  268  274  277  282  281  279  272  266  257  249  238  230  225
  223  224  228  231  236  240  241  254  251                                   
    45.0-180.0 180.0   5.0 450.0                            LAT/LON1/LON2/DLON/H
  261  255  263  263  264  260  255  245  236  226  215  205  195  186  175  165
  158  151  149  145  143  136  137  135  140  141  147  145  146  142  141  138
  138  137  140  145  153  165  178  195  209  225  237  250  259  269  273  277
  276  278  280  284  288  292  295  294  291  285  278  269  259  249  240  236
  235  237  240  245  246  247  250  261  261                                   
    42.5-180.0 180.0   5.0 450.0                            LAT/LON1/LON2/DLON/H
  271  259  269  267  267  266  261  255  246  238  224  215  201  192  179  172
  164  161  157  156  152  149  148  150  155  159  163  161  161  155  153  150
  150  149  151  154  161  168  180  193  209  225  239  253  265  276  282  287
  290  291  294  296  301  303  305  302  300  292  286  276  268  259  251  249
  249  253  256  259  261  263  264  278  271                                   
    40.0-180.0 180.0   5.0 450.0                            LAT/LON1/LON2/DLON/H
  286  275  275  272  270  269  267  261  256  246  236  224  211  200  188  178
  173  169  169  166  166  161  164  165  176  179  186  183  182  177  174  172
  170  168  167  165  168  173  181  196  210  226  241  258  270  281  290  297
  303  302  304  305  307  310  307  309  307  304  297  291  283  274  267  266
  268  273  276  280  280  277  282  288  286                                   
    37.5-180.0 180.0   5.0 450.0                            LAT/LON1/LON2/DLON/H
  304  283  284  276  272  270  268  267  261  255  243  234  218  207  193  186
  178  179  178  179  179  179  183  189  198  204  208  208  205  202  198  198
  194  190  183  177  176  178  184  195  208  225  242  259  273  286  295  304
  306  307  305  308  308  313  312  316  316  316  312  309  302  296  288  292
  293  301  304  308  307  306  306  313  304                                   
    35.0-180.0 180.0   5.0 450.0                            LAT/LON1/LON2/DLON/H
  331  309  300  288  279  275  274  272  271  264  257  244  230  214  202  191
  185  183  186  186  191  192  201  208  220  225  230  228  227  223  222  220
  216  208  196  186  179  178  184  194  208  225  244  262  277  290  301  308
  313  311  315  314  319  323  327  335  337  341  338  336  333  323  320  318
  325  330  336  338  338  334  337  337  331                                   
    32.5-180.0 180.0   5.0 450.0                            LAT/LON1/LON2/DLON/H
  364  332  325  307  295  290  286  285  280  277  266  257  238  224  206  196
  185  186  186  192  198  207  217  228  240  247  250  247  245  241  238  235
  230  221  205  192  183  180  183  193  203  223  241  262  275  290  298  308
  311  316  317  323  325  336  343  358  365  375  373  375  366  361  353  354
  357  365  367  371  368  367  367  372  364                                   
    30.0-180.0 180.0   5.0 450.0                            LAT/LON1/LON2/DLON/H
  399  373  360  340  323  313  306  299  298  291  284  270  253  233  215  198
  187  182  185  190  203  215  232  245  260  264  268  263  260  255  250  242
  233  219  203  189  178  174  176  185  200  219  240  260  277  289  300  307
  318  321  330  336  348  361  375  392  406  414  416  414  410  402  397  394
  398  400  405  404  403  393  395  395  399                                   
    27.5-180.0 180.0   5.0 450.0                            LAT/LON1/LON2/DLON/H
  429  408  395  380  361  349  338  329  319  313  298  288  265  247  221  204
  186  181  180  191  206  224  243  259  274  277  279  271  267  256  248  236
  223  205  189  175  168  166  169  176  190  211  231  253  268  282  289  301
  310  320  328  342  355  372  388  409  428  444  448  450  442  439  431  432
  430  436  436  440  434  429  419  420  429                                   
    25.0-180.0 180.0   5.0 450.0                            LAT/LON1/LON2/DLON/H
  460  456  440  429  408  396  378  364  349  334  321  304  284  260  234  210
  191  179  180  188  209  230  253  271  285  286  285  274  265  251  238  220
  201  181  167  158  155  153  157  162  178  199  223  244  262  274  287  295
  311  321  339  352  367  385  399  419  439  457  468  469  471  467  465  464
  467  471  470  471  467  454  448  440  460                                   
    22.5-180.0 180.0   5.0 450.0                            LAT/LON1/LON2/DLON/H
  480  487  481  475  457  445  426  409  386  367  344  324  300  277  247  226
  202  190  184  196  213  240  260  280  289  288  282  268  255  236  217  194
  173  155  147  142  142  142  144  149  163  186  212  234  252  266  279  293
  306  323  338  357  369  389  401  423  442  464  474  481  484  485  485  487
  490  492  491  491  488  480  466  458  480                                   
    20.0-180.0 180.0   5.0 450.0                            LAT/LON1/LON2/DLON/H
  501  518  514  515  501  489  470  451  426  400  372  345  321  294  269  242
  223  206  198  206  224  247  270  284  291  284  274  255  235  212  188  165
  146  133  128  126  129  128  131  135  148  172  202  226  248  262  281  295
  314  327  348  364  380  395  408  427  448  467  479  491  500  505  508  509
  514  514  513  510  506  493  486  473  501                                   
    17.5-180.0 180.0   5.0 450.0                            LAT/LON1/LON2/DLON/H
  507  527  534  537  529  524  508  489  461  431  394  366  337  314  290  267
  244  229  218  225  236  256  272  283  283  274  255  234  209  184  158  140
  124  115  110  111  112  112  114  119  134  156  188  215  239  256  275  292
  310  329  349  369  384  403  415  435  450  469  481  496  507  516  521  522
  526  525  522  519  514  504  489  480  507                                   
    15.0-180.0 180.0   5.0 450.0                            LAT/LON1/LON2/DLON/H
  521  534  539  548  541  540  524  506  476  442  407  377  352  330  313  295
  276  261  249  250  255  267  277  279  274  257  234  206  179  154  132  117
  103   96   91   92   94   95  100  103  120  144  175  207  234  254  275  294
  316  334  356  375  392  410  424  440  453  471  487  508  522  532  539  541
  543  542  540  534  526  510  503  494  521                                   
    12.5-180.0 180.0   5.0 450.0                            LAT/LON1/LON2/DLON/H
  521  530  536  539  541  536  527  505  476  440  405  378  356  340  326  317
  305  293  281  274  270  275  274  269  254  232  203  175  148  129  113  100
   89   82   80   79   82   84   87   90  109  131  165  193  224  245  269  291
  314  333  355  376  395  415  427  442  454  471  489  511  526  538  545  550
  550  551  546  539  529  518  506  500  521                                   
    10.0-180.0 180.0   5.0 450.0                            LAT/LON1/LON2/DLON/H
  534  530  529  533  531  529  513  493  462  428  395  372  356  343  336  332
  325  318  306  298  286  280  271  256  236  205  174  145  125  112   99   89
   81   76   74   72   74   75   80   81   98  122  156  188  220  244  272  293
  318  336  358  379  401  419  436  449  465  484  505  524  539  553  561  566
  568  567  562  550  539  525  525  518  534                                   
     7.5-180.0 180.0   5.0 450.0                            LAT/LON1/LON2/DLON/H
  537  529  526  522  518  510  495  471  441  408  378  358  345  336  332  332
  332  326  319  306  289  276  256  236  208  176  145  125  110   99   91   83
