data/unet/pred0640.15i
     1.0            IONOSPHERE MAPS     GNSS                IONEX VERSION / TYPE
pyspatialgeodesy        IME             05-JAN-18 20:20     PGM / RUN BY / DATE 
Map Name                                                    COMMENT             
Predicted global ionosphere maps (GIM).                     DESCRIPTION         
  2015     3     5     0     0     0                        EPOCH OF FIRST MAP  
  2015     3     6     0     0     0                        EPOCH OF LAST MAP   
  7200                                                      INTERVAL            
    13                                                      # OF MAPS IN FILE   
  NONE                                                      MAPPING FUNCTION    
10.0                                                        ELEVATION CUTOFF    
One-way carrier phase leveled to code                       OBSERVABLES USED    
  6371.0                                                    BASE RADIUS         
 2                                                          MAP DIMENSION       
   450.0 450.0   0.0                                        HGT1 / HGT2 / DHGT  
    87.5 -87.5  -2.5                                        LAT1 / LAT2 / DLAT  
  -180.0 180.0   5.0                                        LON1 / LON2 / DLON  
    -1                                                      EXPONENT            
                                                            END OF HEADER       
[from data line 5148]
    13                                                      START OF TEC MAP    
  2015     3     6     0     0     0                        EPOCH OF CURRENT MAP
    87.5-180.0 180.0   5.0 450.0                            LAT/LON1/LON2/DLON/H
  190  169  176  173  172  168  169  167  169  168  170  168  171  168  171  167
  170  167  169  165  166  162  162  156  156  151  149  144  143  138  136  131
  130  126  125  122  122  120  121  120  121  120  121  122  124  125  127  128
  130  132  135  136  139  141  144  146  150  153  157  159  164  166  169  170
  173  173  174  173  176  172  169  189  190                                   
    85.0-180.0 180.0   5.0 450.0                            LAT/LON1/LON2/DLON/H
  177  181  188  186  185  180  183  180  183  181  185  182  186  183  186  183
  185  182  183  179  179  175  174  168  166  159  157  150  147  140  136  129
  126  120  119  114  115  112  113  111  113  112  116  115  119  120  124  125
  129  131  135  137  141  144  149  152  156  159  163  166  170  173  175  177
  179  181  181  182  184  181  182  170  177                                   
    82.5-180.0 180.0   5.0 450.0                            LAT/LON1/LON2/DLON/H
  194  194  197  195  192  189  189  189  191  191  194  194  196  196  197  197
  196  195  193  191  187  184  180  174  168  162  156  148  143  134  130  121
  118  111  110  104  105  101  104  102  106  105  111  111  116  117  122  123
  129  129  136  137  143  144  150  152  158  160  165  166  171  173  176  178
  182  184  187  188  191  186  185  187  194                                   
    80.0-180.0 180.0   5.0 450.0                            LAT/LON1/LON2/DLON/H
  206  206  206  204  200  201  199  203  202  206  207  211  211  215  213  216
  212  213  209  210  204  203  195  192  181  175  164  157  146  139  130  123
  116  111  107  103  103  101  103  103  106  107  111  113  116  118  122  124
  128  130  134  136  140  142  147  151  156  160  164  168  171  175  178  181
  185  188  190  193  196  194  194  203  206                                   
    77.5-180.0 180.0   5.0 450.0                            LAT/LON1/LON2/DLON/H
  213  211  211  210  207  208  207  209  210  214  217  221  223  225  225  224
  222  221  218  216  213  210  206  202  194  186  175  165  154  145  136  127
  120  113  109  105  104  103  104  105  107  108  111  112  114  116  118  120
  122  123  127  128  131  133  138  142  148  152  158  162  167  170  174  177
  181  184  188  191  196  196  200  209  213                                   
    75.0-180.0 180.0   5.0 450.0                            LAT/LON1/LON2/DLON/H
  216  216  218  217  214  215  215  217  219  224  227  231  231  232  229  227
  222  218  215  212  210  209  208  205  200  193  184  174  163  152  142  133
  124  118  113  109  108  106  108  107  109  109  112  111  112  111  113  112
  114  114  117  117  119  120  126  129  137  141  149  153  160  163  169  173
  178  181  186  191  196  199  204  217  216                                   
    72.5-180.0 180.0   5.0 450.0                            LAT/LON1/LON2/DLON/H
  225  224  228  228  225  226  226  230  233  237  240  242  241  237  232  224
  217  210  204  200  198  198  199  199  197  192  187  177  167  156  147  136
  128  121  116  112  110  108  109  109  109  109  110  108  107  105  105  103
  103  103  105  104  106  107  112  116  123  129  136  142  149  155  161  166
  172  178  184  190  197  202  211  226  225                                   
    70.0-180.0 180.0   5.0 450.0                            LAT/LON1/LON2/DLON/H
  239  235  242  244  241  244  243  248  250  256  257  258  251  244  232  218
  206  196  188  182  180  181  183  184  184  181  178  170  162  152  144  135
  128  121  116  112  111  108  110  108  109  108  109  106  104  100   99   96
   95   93   95   94   95   97  102  106  113  120  128  135  143  149  156  161
  169  174  182  190  198  207  218  238  239                                   
    67.5-180.0 180.0   5.0 450.0                            LAT/LON1/LON2/DLON/H
  258  251  259  260  259  261  262  266  270  275  278  275  266  252  235  215
  198  184  173  166  163  163  165  167  167  165  162  155  148  141  133  125
  120  112  108  104  103  100  101  100  100   99   99   96   93   89   87   84
   83   81   82   82   84   86   92   98  107  115  125  134  142  149  156  161
  168  174  182  191  201  212  225  243  258                                   
    65.0-180.0 180.0   5.0 450.0                            LAT/LON1/LON2/DLON/H
  273  268  275  277  276  279  278  284  288  295  296  295  283  268  243  219
  196  178  165  156  151  149  150  150  149  147  143  138  132  126  119  113
  106  100   95   90   88   86   86   86   87   86   86   84   81   79   76   74
   72   72   71   73   74   79   85   94  104  116  127  138  148  156  162  167
  174  178  187  195  206  220  230  252  273                                   
    62.5-180.0 180.0   5.0 450.0                            LAT/LON1/LON2/DLON/H
  288  280  288  288  288  288  289  294  301  308  313  311  301  282  258  230
  204  183  166  155  148  144  141  139  135  132  126  121  115  109  103   96
   90   83   78   72   71   69   69   68   69   69   70   69   68   65   64   62
   61   60   62   63   67   72   80   91  103  117  131  145  158  168  176  181
  186  190  196  204  216  228  236  257  288                                   
    60.0-180.0 180.0   5.0 450.0                            LAT/LON1/LON2/DLON/H
  300  292  299  299  297  296  295  300  305  314  319  321  314  299  275  250
  222  198  179  165  155  147  140  134  127  121  114  108  103   97   91   85
   78   71   64   60   57   56   54   56   56   58   59   60   60   58   56   55
   54   55   56   59   64   71   79   91  105  121  137  155  171  183  192  197
  203  205  210  217  227  237  243  265  300                                   
    57.5-180.0 180.0   5.0 450.0                            LAT/LON1/LON2/DLON/H
  310  303  311  310  306  301  299  300  306  313  320  322  320  309  293  270
  247  222  202  184  170  157  145  133  123  114  105  100   94   89   83   78
   71   64   58   54   51   49   47   48   49   52   54   56   56   54   52   51
   52   53   55   58   63   71   80   93  107  125  144  164  184  197  210  218
  225  227  231  236  243  249  253  272  310                                   
    55.0-180.0 180.0   5.0 450.0                            LAT/LON1/LON2/DLON/H
  318  317  326  328  323  317  310  307  306  311  315  320  320  318  309  293
  274  252  230  208  189  171  154  140  127  115  107  101   96   91   86   80
   73   66   60   56   53   52   50   52   53   56   59   60   60   57   55   54
   56   57   61   64   70   78   87   98  113  130  150  171  192  209  225  239
  247  251  254  257  262  268  271  288  318                                   
    52.5-180.0 180.0   5.0 450.0                            LAT/LON1/LON2/DLON/H
  331  337  348  353  350  341  332  322  315  312  313  314  317  317  317  307
  297  276  255  231  208  185  166  149  134  123  115  110  105  101   94   87
   79   73   68   65   63   63   61   62   63   66   67   68   67   64   61   61
   64   67   69   73   78   86   94  106  119  137  157  177  201  220  242  258
  272  277  282  285  291  294  296  308  331                                   
    50.0-180.0 180.0   5.0 450.0                            LAT/LON1/LON2/DLON/H
  348  365  380  390  389  380  365  350  334  322  314  312  313  316  319  317
  310  293  271  246  222  198  177  161  147  137  130  125  120  114  105   97
   88   82   78   77   77   77   76   76   77   78   80   79   78   74   73   72
   77   79   84   88   94  101  108  118  130  145  164  184  208  230  254  277
  293  304  310  317  324  328  329  338  348                                   
    47.5-180.0 180.0   5.0 450.0                            LAT/LON1/LON2/DLON/H
  367  394  412  425  426  420  404  386  364  342  326  316  314  315  319  318
  315  296  277  251  229  207  188  173  161  151  144  138  132  123  113  102
   93   87   86   87   89   90   89   89   88   89   90   90   89   86   84   86
   90   94   99  105  109  116  122  132  143  157  175  193  218  240  267  289
  310  324  335  346  357  362  363  367  367                                   
    45.0-180.0 180.0   5.0 450.0                            LAT/LON1/LON2/DLON/H
  388  422  441  455  460  456  442  425  398  372  345  328  319  318  320  319
  312  294  272  250  230  212  196  182  170  161  154  146  139  127  115  102
   92   88   89   93   97   99   99   98   98   97  100   99  100   97   99  100
  106  111  117  122  127  134  141  149  160  173  188  206  228  251  276  302
  323  342  355  369  383  393  398  393  388                                   
    42.5-180.0 180.0   5.0 450.0                            LAT/LON1/LON2/DLON/H
  406  436  454  467  473  472  464  454  431  403  371  347  334  326  326  318
  308  286  266  244  230  215  203  190  178  166  157  148  138  124  110   97
   89   86   90   96  102  105  104  105  103  105  107  108  108  109  111  115
  120  127  132  138  143  151  158  167  179  191  205  221  242  262  287  309
  333  350  367  383  401  412  421  413  406                                   
    40.0-180.0 180.0   5.0 450.0                            LAT/LON1/LON2/DLON/H
  422  449  460  468  474  474  469  464  449  425  393  367  349  339  332  322
  306  285  263  246  232  219  207  193  180  166  155  145  135  121  108   97
   92   91   97  104  110  112  113  111  112  112  116  115  119  119  123  126
  133  137  143  148  156  163  172  184  197  210  223  238  258  278  299  322
  344  362  378  395  416  430  442  430  422                                   
    37.5-180.0 180.0   5.0 450.0                            LAT/LON1/LON2/DLON/H
  436  453  459  460  463  463  460  461  453  437  411  386  368  355  346  330
  312  288  269  252  241  226  211  194  178  162  150  142  133  124  115  109
  108  111  116  123  127  128  125  124  122  124  124  127  127  129  130  134
  138  142  147  152  160  169  181  195  210  223  238  254  274  293  314  334
  356  373  389  407  431  447  457  445  436                                   
    35.0-180.0 180.0   5.0 450.0                            LAT/LON1/LON2/DLON/H
  463  472  467  457  455  451  447  449  447  438  419  402  385  373  360  345
  323  302  283  270  255  237  215  195  176  160  149  144  142  140  140  141
  146  150  155  156  156  151  147  142  140  137  139  137  139  137  139  137
  140  141  145  149  157  168  183  199  217  233  249  268  290  313  334  356
  376  393  408  429  453  472  486  471  463                                   
    32.5-180.0 180.0   5.0 450.0                            LAT/LON1/LON2/DLON/H
  508  504  493  477  466  455  446  447  445  439  427  414  403  391  377  358
  340  318  303  287  272  247  221  197  178  166  160  163  168  179  189  200
  211  217  216  211  201  190  178  170  162  160  155  154  149  146  142  138
  135  134  135  139  147  157  172  191  212  232  251  270  296  323  349  371
  391  408  426  449  476  499  516  505  508                                   
    30.0-180.0 180.0   5.0 450.0                            LAT/LON1/LON2/DLON/H
  583  589  566  545  524  502  479  468  460  451  438  430  421  412  395  378
  357  340  323  308  286  258  225  201  188  184  190  203  220  243  264  286
  304  311  303  285  260  236  217  202  190  180  174  168  162  153  146  136
  131  125  122  123  131  142  159  177  203  224  248  270  299  331  361  388
  411  434  454  480  509  536  559  560  583                                   
    27.5-180.0 180.0   5.0 450.0                            LAT/LON1/LON2/DLON/H
  670  680  657  640  612  580  544  521  499  482  463  451  442  432  417  397
  377  357  341  319  293  259  230  212  211  222  241  269  298  330  358  382
  395  397  381  358  318  283  252  234  215  201  189  179  168  156  145  134
  123  115  109  109  114  125  140  162  187  214  241  270  301  335  369  402
  432  459  482  513  545  576  600  615  670                                   
    25.0-180.0 180.0   5.0 450.0                            LAT/LON1/LON2/DLON/H
  772  799  786  771  739  695  649  613  576  543  511  491  473  460  439  418
  393  374  351  327  293  262  237  235  251  282  317  364  401  435  458  479
  483  478  447  413  367  327  283  259  238  219  203  188  178  160  150  134
  122  109  101   99  102  112  130  152  181  210  242  277  311  348  386  429
  461  493  522  557  597  632  667  689  772                                   
    22.5-180.0 180.0   5.0 450.0                            LAT/LON1/LON2/DLON/H
  844  900  903  898  863  816  757  712  666  624  580  544  515  491  464  437
  410  383  357  325  292  264  255  270  309  363  416  462  496  521  536  550
  549  525  481  439  385  340  290  267  245  227  205  190  177  162  148  132
  118  106   96   91   94  103  122  146  175  209  242  282  320  363  406  452
  487  521  553  591  632  667  716  751  844                                   
    20.0-180.0 180.0   5.0 450.0                            LAT/LON1/LON2/DLON/H
  911  990 1014 1019 1002  956  898  840  781  722  665  615  573  534  495  459
  422  391  357  326  292  277  278  319  381  455  509  553  572  586  588  593
  578  542  490  441  381  333  284  262  245  223  206  188  180  161  150  130
  118  103   94   88   91   99  116  140  178  216  254  297  339  382  430  475
  514  547  582  621  663  701  759  796  911                                   
    17.5-180.0 180.0   5.0 450.0                            LAT/LON1/LON2/DLON/H
  925 1018 1060 1076 1068 1042  996  943  877  809  739  675  626  577  533  486
  442  403  369  332  309  301  325  386  464  534  577  596  598  589  578  561
  537  498  451  398  343  302  266  253  234  217  197  184  176  162  150  134
  123  108   99   92   95  100  118  144  183  225  263  309  352  399  446  492
  529  559  591  624  667  698  761  800  925                                   
    15.0-180.0 180.0   5.0 450.0                            LAT/LON1/LON2/DLON/H
  927 1018 1075 1101 1103 1083 1059 1017  963  890  809  737  675  618  570  520
  472  431  392  359  341  349  390  467  540  588  606  601  579  545  515  491
  468  427  381  330  291  259  245  234  225  206  196  180  179  165  156  139
  127  111  102   94   94   97  118  148  196  238  279  322  367  414  463  503
  541  567  597  625  666  694  755  788  927                                   
    12.5-180.0 180.0   5.0 450.0                            LAT/LON1/LON2/DLON/H
  870  972 1023 1057 1068 1062 1053 1029  989  930  856  781  715  657  608  560
  515  476  439  410  406  427  479  548  598  610  594  553  504  457  420  400
  370  341  303  272  244  231  227  227  215  202  189  177  173  165  157  141
  131  116  105   98   98  104  126  159  202  245  280  324  370  421  467  510
  545  572  597  624  660  680  731  758  870                                   
    10.0-180.0 180.0   5.0 450.0                            LAT/LON1/LON2/DLON/H
  813  875  935  967  994  993  996  988  979  941  888  823  758  705  654  608
  571  537  507  486  487  515  564  611  626  600  545  469  406  351  320  294
  282  262  247  230  220  215  223  222  217  202  193  180  179  170  162  144
  134  118  107   97   99  104  133  166  210  248  286  325  374  423  475  513
  551  579  605  630  665  681  722  730  813                                   
     7.5-180.0 180.0   5.0 450.0                            LAT/LON1/LON2/DLON/H
  735  778  810  830  847  856  878  902  922  918  890  843  792  745  704  663
  631  603  582  568  577  599  630  639  619  549  461  372  309  266  242  231
