data/unet/pred1210.15i
     1.0            IONOSPHERE MAPS     GNSS                IONEX VERSION / TYPE
pyspatialgeodesy        IME             05-JAN-18 20:20     PGM / RUN BY / DATE 
Map Name                                                    COMMENT             
Predicted global ionosphere maps (GIM).                     DESCRIPTION         
  2015     5     1     0     0     0                        EPOCH OF FIRST MAP  
  2015     5     2     0     0     0                        EPOCH OF LAST MAP   
  7200                                                      INTERVAL            
    13                                                      # OF MAPS IN FILE   
  NONE                                                      MAPPING FUNCTION    
10.0                                                        ELEVATION CUTOFF    
One-way carrier phase leveled to code                       OBSERVABLES USED    
  6371.0                                                    BASE RADIUS         
 2                                                          MAP DIMENSION       
   450.0 450.0   0.0                                        HGT1 / HGT2 / DHGT  
    87.5 -87.5  -2.5                                        LAT1 / LAT2 / DLAT  
  -180.0 180.0   5.0                                        LON1 / LON2 / DLON  
    -1                                                      EXPONENT            
                                                            END OF HEADER       
[from data line 4719]
    12                                                      START OF TEC MAP    
  2015     5     1    22     0     0                        EPOCH OF CURRENT MAP
    87.5-180.0 180.0   5.0 450.0                            LAT/LON1/LON2/DLON/H
  207  186  177  180  179  179  180  181  182  184  184  185  184  185  184  184
  183  183  181  181  180  179  177  177  175  174  172  171  169  167  165  163
  161  160  159  158  157  157  156  156  156  157  157  158  159  161  162  163
  164  166  166  167  168  169  169  170  170  171  170  171  171  172  171  172
  172  174  174  174  173  173  174  187  207                                   
    85.0-180.0 180.0   5.0 450.0                            LAT/LON1/LON2/DLON/H
  193  186  187  190  189  189  191  193  196  199  200  203  204  206  206  207
  207  206  205  204  202  200  198  196  193  191  188  185  182  179  176  173
  170  168  166  164  163  162  162  161  162  162  163  164  165  167  169  172
  173  176  177  180  181  182  183  183  184  184  185  184  186  184  185  183
  185  183  185  182  184  179  178  192  193                                   
    82.5-180.0 180.0   5.0 450.0                            LAT/LON1/LON2/DLON/H
  186  177  179  183  183  185  188  193  196  201  204  208  211  214  215  217
  216  216  214  213  209  207  203  200  196  194  189  186  181  179  174  171
  167  166  162  161  159  159  157  157  157  158  158  159  160  163  165  167
  170  174  175  179  180  183  183  186  186  188  187  189  188  189  187  188
  186  186  184  184  181  178  172  189  186                                   
    80.0-180.0 180.0   5.0 450.0                            LAT/LON1/LON2/DLON/H
  181  169  171  172  175  176  183  187  194  198  206  209  216  218  223  223
  226  223  222  217  215  210  207  202  199  193  190  184  181  175  172  167
  165  161  160  157  157  155  154  153  154  154  154  155  157  159  162  164
  168  171  174  178  181  182  184  186  187  188  188  189  189  189  188  187
  186  185  183  180  179  173  167  178  181                                   
    77.5-180.0 180.0   5.0 450.0                            LAT/LON1/LON2/DLON/H
  172  163  163  165  167  169  178  182  192  198  208  213  221  224  230  230
  232  228  225  221  217  212  208  203  199  194  190  184  181  175  172  167
  165  161  160  157  157  154  155  153  154  152  153  153  155  156  159  161
  165  167  171  173  177  178  181  181  184  184  186  185  187  186  187  185
  186  183  183  180  178  171  164  176  172                                   
    75.0-180.0 180.0   5.0 450.0                            LAT/LON1/LON2/DLON/H
  171  163  165  166  166  168  175  181  191  198  210  217  227  231  236  236
  237  232  229  223  219  215  211  207  203  197  193  189  185  179  175  171
  168  166  164  162  161  160  159  157  156  155  154  153  154  154  156  158
  160  163  166  168  171  172  174  176  177  178  180  181  182  182  182  182
  182  181  181  179  178  172  169  179  171                                   
    72.5-180.0 180.0   5.0 450.0                            LAT/LON1/LON2/DLON/H
  176  172  173  174  174  173  179  184  194  201  214  223  233  237  242  241
  239  233  229  223  220  216  212  210  205  201  197  192  188  183  180  175
  174  170  170  167  168  164  164  160  159  154  154  150  151  149  152  152
  155  157  160  162  165  166  168  168  171  172  174  174  176  176  178  177
  178  179  181  181  183  180  177  188  176                                   
    70.0-180.0 180.0   5.0 450.0                            LAT/LON1/LON2/DLON/H
  190  189  190  191  188  187  189  193  201  210  221  231  239  243  245  243
  240  234  229  225  221  219  217  216  212  208  203  198  193  187  185  181
  178  176  175  173  172  169  168  163  159  153  150  145  143  141  142  142
  144  145  148  150  153  154  156  158  161  164  166  168  170  171  171  172
  172  175  178  180  185  184  185  197  190                                   
    67.5-180.0 180.0   5.0 450.0                            LAT/LON1/LON2/DLON/H
  205  209  211  210  207  202  203  204  212  218  229  236  244  247  247  243
  238  233  228  225  223  222  221  220  218  213  208  202  197  191  189  184
  183  179  179  175  174  169  168  160  156  148  144  136  133  129  129  128
  131  133  136  139  142  143  146  149  153  157  160  162  164  165  167  166
  168  169  175  179  187  192  193  208  205                                   
    65.0-180.0 180.0   5.0 450.0                            LAT/LON1/LON2/DLON/H
  219  226  230  229  224  219  216  217  221  227  235  243  248  251  250  248
  242  239  233  233  229  230  229  228  225  219  214  207  201  196  193  188
  187  183  181  177  174  169  166  158  153  143  136  127  122  117  115  115
  117  120  123  126  129  131  135  139  145  149  155  158  162  162  164  163
  163  165  170  175  186  192  198  214  219                                   
    62.5-180.0 180.0   5.0 450.0                            LAT/LON1/LON2/DLON/H
  225  234  239  239  235  228  225  222  225  228  236  240  247  247  248  244
  241  236  234  232  233  234  235  233  230  223  218  210  207  199  198  191
  190  184  183  177  172  165  161  152  146  135  128  117  111  105  104  103
  106  108  112  115  119  121  125  130  137  143  150  155  159  160  161  158
  158  158  163  169  180  191  196  216  225                                   
    60.0-180.0 180.0   5.0 450.0                            LAT/LON1/LON2/DLON/H
  226  235  242  245  240  235  228  226  225  228  232  238  241  245  243  245
  240  239  235  238  238  241  241  241  236  231  224  218  213  208  205  199
  195  189  185  177  172  163  159  150  144  133  125  113  106  100   97   98
   98  102  104  107  109  112  117  123  132  140  149  156  161  162  162  159
  157  156  158  163  173  182  192  214  226                                   
    57.5-180.0 180.0   5.0 450.0                            LAT/LON1/LON2/DLON/H
  221  230  237  244  242  237  232  228  226  226  229  231  235  237  239  240
  240  238  239  240  244  246  249  246  244  237  233  226  225  219  218  210
  206  195  189  178  172  163  157  149  143  132  125  113  106   99   96   94
   95   96   98   99  102  104  110  117  126  138  148  157  163  166  166  163
  160  158  158  160  167  177  185  211  221                                   
    55.0-180.0 180.0   5.0 450.0                            LAT/LON1/LON2/DLON/H
  217  225  235  244  244  243  238  236  231  230  228  231  232  235  237  242
  242  246  244  251  252  258  259  261  256  251  246  242  240  237  233  226
  216  204  193  181  173  164  160  152  148  139  133  122  113  107  100  100
   96   98   97   99  100  102  108  116  128  140  153  163  171  174  176  173
  170  169  167  167  171  176  185  211  217                                   
    52.5-180.0 180.0   5.0 450.0                            LAT/LON1/LON2/DLON/H
  218  223  233  243  247  248  248  245  241  236  233  231  231  232  236  240
  245  246  249  252  258  261  266  267  267  263  261  258  260  256  251  241
  231  214  200  184  176  167  163  158  153  146  141  131  123  115  110  105
  104  102  103  101  102  103  109  117  130  144  157  170  178  183  185  184
  184  184  182  181  182  186  189  217  218                                   
    50.0-180.0 180.0   5.0 450.0                            LAT/LON1/LON2/DLON/H
  226  227  238  250  255  262  262  264  257  255  245  244  238  238  239  244
  246  251  250  257  259  267  270  276  276  276  274  274  274  272  265  253
  239  220  205  189  181  173  170  166  163  157  153  144  135  128  121  118
  113  112  110  108  107  108  113  122  135  148  163  175  187  193  199  200
  202  205  205  203  204  203  206  230  226                                   
    47.5-180.0 180.0   5.0 450.0                            LAT/LON1/LON2/DLON/H
  243  239  247  259  267  276  281  282  280  273  264  257  249  246  246  248
  251  252  253  258  263  270  276  282  286  285  286  284  287  281  274  259
  241  223  207  192  184  178  177  173  169  164  159  152  144  137  132  127
  125  121  121  117  117  116  122  129  142  155  170  183  195  203  210  214
  220  224  228  228  229  230  229  251  243                                   
    45.0-180.0 180.0   5.0 450.0                            LAT/LON1/LON2/DLON/H
  262  257  263  277  285  297  301  307  302  300  287  282  269  266  260  263
  261  262  260  267  269  279  284  293  294  295  292  291  288  282  271  256
  238  220  208  194  190  184  184  179  176  170  166  157  151  144  140  136
  133  132  130  127  126  126  130  136  149  160  176  186  202  210  221  228
  238  248  250  254  255  254  260  275  262                                   
    42.5-180.0 180.0   5.0 450.0                            LAT/LON1/LON2/DLON/H
  288  281  288  298  306  316  322  327  328  323  315  305  296  286  281  278
  276  273  273  277  282  290  298  303  306  301  298  292  287  277  265  247
  231  217  208  200  196  192  189  184  179  172  167  159  153  148  145  142
  142  140  140  137  137  135  138  142  153  164  179  192  207  218  229  239
  252  265  272  276  281  283  288  304  288                                   
    40.0-180.0 180.0   5.0 450.0                            LAT/LON1/LON2/DLON/H
  315  310  313  323  328  338  340  349  347  347  339  333  321  313  303  301
  295  293  290  296  299  309  312  318  315  311  301  294  285  274  258  240
  228  217  215  208  208  200  198  189  186  177  173  165  161  155  154  152
  152  152  151  149  148  146  146  149  157  166  182  194  212  221  237  247
  263  278  287  296  303  308  315  328  315                                   
    37.5-180.0 180.0   5.0 450.0                            LAT/LON1/LON2/DLON/H
  343  339  341  348  351  357  358  363  365  365  362  356  349  339  330  323
  319  315  314  317  322  327  331  330  328  320  311  301  292  278  262  245
  235  229  229  227  225  217  209  199  192  186  180  174  169  166  163  162
  162  162  162  158  157  154  153  153  158  167  180  195  212  224  238  250
  265  280  293  304  314  325  335  348  343                                   
    35.0-180.0 180.0   5.0 450.0                            LAT/LON1/LON2/DLON/H
  365  364  367  374  373  376  373  379  381  386  384  383  376  367  356  349
  341  339  335  341  343  348  348  346  339  333  322  314  303  291  277  265
  260  255  259  255  253  239  228  214  206  201  198  194  189  187  184  182
  181  180  177  172  169  166  163  163  165  172  183  199  217  230  246  257
  274  284  297  307  319  332  350  361  365                                   
    32.5-180.0 180.0   5.0 450.0                            LAT/LON1/LON2/DLON/H
  387  387  391  399  399  397  394  398  402  409  410  411  405  397  386  377
  369  363  361  363  366  368  367  362  356  350  343  336  327  318  309  303
  300  301  305  302  291  272  251  236  223  221  217  215  212  209  205  202
  198  192  187  180  176  172  169  167  170  176  189  207  226  241  255  266
  279  289  299  310  324  345  363  376  387                                   
    30.0-180.0 180.0   5.0 450.0                            LAT/LON1/LON2/DLON/H
  405  412  417  426  429  426  423  429  432  441  441  445  440  431  418  406
  394  387  380  383  383  385  381  377  373  371  367  365  362  355  350  343
  345  342  346  335  323  298  276  255  243  240  237  237  233  229  223  215
  206  199  190  183  175  172  167  164  162  170  180  203  221  241  254  267
  280  294  309  320  339  358  380  393  405                                   
    27.5-180.0 180.0   5.0 450.0                            LAT/LON1/LON2/DLON/H
  428  438  449  464  472  470  469  472  477  481  481  483  477  469  454  441
  425  415  405  404  403  402  398  395  392  393  395  399  402  399  396  390
  391  386  380  361  337  311  287  270  259  261  261  261  257  250  242  230
  220  212  203  197  190  187  180  174  168  170  181  200  222  242  257  270
  282  297  311  328  350  376  397  412  428                                   
    25.0-180.0 180.0   5.0 450.0                            LAT/LON1/LON2/DLON/H
  445  459  479  505  522  530  530  534  535  535  528  525  516  506  489  476
  457  445  430  425  418  414  409  408  409  413  422  428  436  433  434  427
  424  412  396  367  341  307  286  272  269  270  276  276  272  264  254  245
  235  227  214  205  194  191  185  179  174  174  184  201  223  242  259  275
  290  307  323  338  361  385  412  433  445                                   
    22.5-180.0 180.0   5.0 450.0                            LAT/LON1/LON2/DLON/H
  467  487  515  551  580  594  601  603  603  598  583  573  558  545  525  512
  490  476  456  445  435  429  423  424  425  433  441  451  459  456  454  443
  434  414  390  352  322  290  272  262  265  271  280  282  284  275  264  252
  241  234  223  213  203  200  194  188  181  179  186  199  222  243  264  279
  296  319  338  359  380  402  425  456  467                                   
    20.0-180.0 180.0   5.0 450.0                            LAT/LON1/LON2/DLON/H
  476  497  532  575  614  641  650  663  667  665  646  631  610  592  569  550
  525  505  481  467  452  445  439  441  445  451  459  462  466  457  447  429
  414  389  363  324  295  263  247  245  252  261  273  281  282  275  266  257
  247  240  227  217  205  200  196  189  183  180  185  199  222  248  269  287
  306  329  351  375  400  424  447  480  476                                   
    17.5-180.0 180.0   5.0 450.0                            LAT/LON1/LON2/DLON/H
  484  508  552  596  638  673  691  706  717  718  706  689  665  642  613  590
  560  536  508  493  477  469  461  462  462  464  464  460  451  433  414  390
  371  343  318  286  261  234  228  231  240  249  261  272  278  274  266  257
  248  239  226  213  200  196  189  184  178  180  187  202  225  246  271  292
  316  339  362  386  411  438  462  496  484                                   
    15.0-180.0 180.0   5.0 450.0                            LAT/LON1/LON2/DLON/H
  487  508  549  596  639  677  698  721  735  747  740  731  710  690  657  631
  600  572  541  523  507  497  487  483  478  471  464  447  428  399  370  341
  318  292  273  247  230  217  218  226  232  240  249  258  266  269  262  255
  245  236  221  208  194  190  183  181  173  176  184  201  224  250  279  305
  330  354  374  399  424  453  481  514  487                                   
    12.5-180.0 180.0   5.0 450.0                            LAT/LON1/LON2/DLON/H
  489  512  550  589  632  667  694  714  732  749  750  748  739  724  695  669
  634  606  574  554  539  527  515  503  491  477  454  424  393  355  321  291
  271  252  238  227  221  221  228  238  238  240  242  248  254  258  255  249
  241  229  213  198  186  181  173  169  162  165  175  194  221  254  285  314
  336  360  378  404  431  460  491  524  489                                   
    10.0-180.0 180.0   5.0 450.0                            LAT/LON1/LON2/DLON/H
  496  519  542  577  617  646  672  691  708  728  736  742  741  738  714  694
  662  634  601  584  567  556  537  522  502  475  436  398  360  320  286  259
  243  231  225  223  229  241  255  264  258  252  245  245  247  248  243  235
  225  213  196  182  167  164  155  152  145  149  160  183  212  246  281  312
  336  360  381  410  439  473  506  530  496                                   
     7.5-180.0 180.0   5.0 450.0                            LAT/LON1/LON2/DLON/H
  506  532  546  571  601  622  646  661  677  692  705  719  726  734  720  707
  678  652  622  605  589  577  559  538  506  464  415  371  335  301  271  254
