data/unet/pred2710.15i
     1.0            IONOSPHERE MAPS     GNSS                IONEX VERSION / TYPE
pyspatialgeodesy        IME             05-JAN-18 20:20     PGM / RUN BY / DATE 
Map Name                                                    COMMENT             
Predicted global ionosphere maps (GIM).                     DESCRIPTION         
  2015     9    28     0     0     0                        EPOCH OF FIRST MAP  
  2015     9    29     0     0     0                        EPOCH OF LAST MAP   
  7200                                                      INTERVAL            
    13                                                      # OF MAPS IN FILE   
  NONE                                                      MAPPING FUNCTION    
10.0                                                        ELEVATION CUTOFF    
One-way carrier phase leveled to code                       OBSERVABLES USED    
  6371.0                                                    BASE RADIUS         
 2                                                          MAP DIMENSION       
   450.0 450.0   0.0                                        HGT1 / HGT2 / DHGT  
    87.5 -87.5  -2.5                                        LAT1 / LAT2 / DLAT  
  -180.0 180.0   5.0                                        LON1 / LON2 / DLON  
    -1                                                      EXPONENT            
                                                            END OF HEADER       
[from data line 858]
     3                                                      START OF TEC MAP    
  2015     9    28     4     0     0                        EPOCH OF CURRENT MAP
    87.5-180.0 180.0   5.0 450.0                            LAT/LON1/LON2/DLON/H
  115  117  103  101  101   99   99   98   98   97   97   96   95   95   94   93
   92   92   90   90   89   89   87   88   86   87   85   86   85   86   85   86
   86   87   87   88   89   89   91   91   94   93   96   95   98   97  100   98
  102  101  104  102  106  104  107  104  108  106  108  106  109  106  108  104
  107  104  106  103  105  101  119  136  115                                   
    85.0-180.0 180.0   5.0 450.0                            LAT/LON1/LON2/DLON/H
  119  118  100  104  101  101   99  100   98   99   97   98   95   97   93   95
   91   92   88   89   85   86   81   82   78   79   76   77   75   76   75   76
   76   77   78   80   81   83   85   87   89   92   93   96   97  101  100  104
  105  109  108  112  112  115  114  117  117  118  118  118  118  118  116  115
  115  113  112  112  109  107  118  130  119                                   
    82.5-180.0 180.0   5.0 450.0                            LAT/LON1/LON2/DLON/H
  113  104  101  104   99   98   98   98   98   98   98   97   97   96   96   94
   93   88   88   82   81   73   73   66   66   59   60   55   57   53   56   53
   58   56   61   61   65   66   70   73   76   79   83   87   91   95  101  104
  111  114  120  122  128  128  133  132  137  135  137  134  135  132  131  127
  127  123  122  118  118  111  124  122  113                                   
    80.0-180.0 180.0   5.0 450.0                            LAT/LON1/LON2/DLON/H
  121  116  111  109  106  103  103  103  103  103  104  105  104  105  104  103
  101   98   96   92   87   82   76   71   66   62   58   56   55   54   55   55
   57   57   60   62   65   67   70   73   76   80   85   89   95  100  108  114
  122  127  134  138  144  146  150  150  155  153  156  152  155  150  150  145
  144  141  139  136  132  122  130  129  121                                   
    77.5-180.0 180.0   5.0 450.0                            LAT/LON1/LON2/DLON/H
  127  120  113  112  104  102  100  101   99  100  100  102  101  103  102  103
  100   99   95   93   87   83   77   72   64   60   54   52   48   49   49   50
   51   53   55   58   59   63   65   68   71   75   79   84   90   98  109  117
  126  134  140  147  153  157  161  164  166  167  167  167  167  165  163  161
  159  156  154  150  145  136  139  134  127                                   
    75.0-180.0 180.0   5.0 450.0                            LAT/LON1/LON2/DLON/H
  130  126  119  113  104   99   97   95   95   95   96   97   97   99  100  100
  100   98   97   93   89   83   78   70   64   58   54   49   48   47   49   49
   52   52   56   55   58   57   60   61   64   66   71   75   81   89   99  111
  121  130  139  146  155  160  166  168  173  172  174  171  173  169  170  166
  167  163  163  160  155  148  149  144  130                                   
    72.5-180.0 180.0   5.0 450.0                            LAT/LON1/LON2/DLON/H
  141  130  127  118  104   98   93   92   89   90   89   91   92   94   96   98
   98   98   97   95   90   85   78   72   66   59   55   51   50   49   51   51
   54   54   56   55   56   55   56   55   57   58   63   67   75   82   95  106
  119  129  139  148  157  163  168  173  176  177  176  175  174  172  171  170
  169  169  169  169  166  162  162  154  141                                   
    70.0-180.0 180.0   5.0 450.0                            LAT/LON1/LON2/DLON/H
  149  141  138  128  111  102   96   90   88   85   86   84   86   86   90   90
   94   92   94   90   89   82   78   70   65   57   56   52   53   52   55   54
   57   55   57   53   54   50   51   48   51   51   57   61   71   80   93  104
  116  127  138  147  156  163  168  173  176  177  175  174  174  172  171  170
  172  172  175  176  175  170  174  165  149                                   
    67.5-180.0 180.0   5.0 450.0                            LAT/LON1/LON2/DLON/H
  161  150  150  137  118  107   98   93   86   84   80   80   78   80   82   84
   87   88   89   88   84   80   73   68   62   57   55   54   53   54   54   56
   55   54   53   51   49   46   44   42   45   46   53   59   70   80   94  105
  118  129  140  147  157  162  167  171  174  174  172  172  170  169  167  167
  167  171  174  180  181  180  181  174  161                                   
    65.0-180.0 180.0   5.0 450.0                            LAT/LON1/LON2/DLON/H
  167  161  159  148  127  115  105   96   91   84   81   75   75   72   76   76
   81   80   84   81   81   75   71   64   61   56   56   54   56   55   56   55
   55   52   51   46   44   39   39   37   41   43   53   60   74   86   99  109
  120  130  139  147  154  159  162  168  170  172  169  168  168  167  165  165
  166  169  175  181  184  181  187  181  167                                   
    62.5-180.0 180.0   5.0 450.0                            LAT/LON1/LON2/DLON/H
  175  166  165  154  135  122  110  102   93   87   79   76   70   69   68   69
   72   74   77   76   75   71   66   62   58   56   55   56   55   56   53   52
   50   46   44   40   38   36   35   35   40   46   55   66   81   94  106  114
  125  132  140  146  152  156  160  165  168  169  166  165  165  164  162  162
  162  165  170  177  181  184  187  183  175                                   
    60.0-180.0 180.0   5.0 450.0                            LAT/LON1/LON2/DLON/H
  176  169  166  158  142  129  116  106  100   90   84   75   72   65   65   63
   68   67   72   69   70   64   62   56   57   54   56   54   57   54   53   49
   48   43   41   37   37   33   35   35   43   48   62   74   91  103  113  121
  129  136  141  147  152  158  161  167  170  172  170  170  171  169  166  163
  163  163  167  171  176  176  184  182  176                                   
    57.5-180.0 180.0   5.0 450.0                            LAT/LON1/LON2/DLON/H
  178  169  168  160  146  134  122  112  103   95   86   78   72   65   62   61
   63   64   65   65   64   60   57   55   55   55   57   58   58   56   52   48
   45   41   39   37   37   37   38   41   48   57   69   85  100  112  122  129
  136  141  147  153  161  166  172  176  181  182  180  180  180  179  174  170
  166  164  164  167  170  174  179  177  178                                   
    55.0-180.0 180.0   5.0 450.0                            LAT/LON1/LON2/DLON/H
  178  170  168  162  150  140  128  116  109   98   91   80   76   66   65   60
   63   59   63   59   61   56   56   53   56   56   61   59   62   57   55   49
   48   44   45   43   45   44   47   48   56   64   79   93  109  119  129  135
  142  147  155  162  171  178  185  188  193  193  192  192  193  192  188  182
  176  172  170  170  170  168  177  177  178                                   
    52.5-180.0 180.0   5.0 450.0                            LAT/LON1/LON2/DLON/H
  180  172  172  165  154  146  136  123  113  103   93   85   78   71   66   62
   62   60   59   58   58   56   56   56   60   63   67   68   69   65   60   55
   53   51   53   54   56   56   58   61   66   74   87  102  117  128  138  144
  152  159  170  179  191  197  205  207  211  209  208  207  208  207  203  198
  191  186  180  178  175  177  181  179  180                                   
    50.0-180.0 180.0   5.0 450.0                            LAT/LON1/LON2/DLON/H
  186  181  178  174  165  157  146  131  119  106   98   86   83   73   70   62
   64   56   60   55   59   56   61   61   68   69   76   75   78   72   70   64
   63   62   66   68   72   71   72   72   76   82   94  108  123  135  145  153
  164  174  189  199  210  216  223  225  227  225  224  223  225  224  220  216
  209  203  198  194  190  185  191  188  186                                   
    47.5-180.0 180.0   5.0 450.0                            LAT/LON1/LON2/DLON/H
  194  190  190  185  175  169  157  141  124  112  101   92   85   78   73   66
   64   58   59   57   61   63   68   71   78   82   86   87   86   83   79   76
   74   76   79   84   86   87   84   84   84   91  101  117  131  144  157  167
  180  194  209  221  230  236  241  243  243  240  237  237  238  238  235  231
  224  219  213  210  205  202  203  198  194                                   
    45.0-180.0 180.0   5.0 450.0                            LAT/LON1/LON2/DLON/H
  204  203  201  197  189  183  171  155  135  119  108   96   92   82   79   68
   68   59   63   61   70   72   81   84   91   92   96   94   94   89   87   82
   84   84   91   95   99   99   96   94   93   98  107  124  138  153  167  182
  198  212  228  238  246  251  254  254  252  250  246  246  246  247  243  241
  235  233  228  225  220  214  217  215  204                                   
    42.5-180.0 180.0   5.0 450.0                            LAT/LON1/LON2/DLON/H
  215  212  213  208  198  193  181  166  145  127  114  104   97   90   84   76
   72   66   68   70   80   85   95   99  102  102  101  100   96   93   89   88
   88   92   96  103  105  105  103  100   99  105  116  133  150  165  182  199
  216  231  245  254  259  261  261  260  258  255  251  251  252  252  248  246
  242  241  238  238  234  231  229  231  215                                   
    40.0-180.0 180.0   5.0 450.0                            LAT/LON1/LON2/DLON/H
  227  226  222  218  208  202  191  176  156  138  124  113  107   98   94   85
   82   75   81   83   96  101  109  111  111  108  106  102   99   93   91   89
   91   93  100  104  108  107  105  103  103  111  124  143  159  179  196  214
  232  246  259  266  268  268  266  265  264  264  260  261  260  260  254  251
  247  248  248  250  246  243  245  247  227                                   
    37.5-180.0 180.0   5.0 450.0                            LAT/LON1/LON2/DLON/H
  245  237  233  225  211  207  193  182  162  146  130  122  114  109  102   98
   94   91   94   99  108  115  120  120  117  112  106  101   95   92   88   87
   88   92   96  101  103  105  103  104  107  117  135  154  173  192  209  229
  244  259  269  275  275  275  275  276  277  277  275  276  274  271  263  257
  252  252  253  257  257  255  258  265  245                                   
    35.0-180.0 180.0   5.0 450.0                            LAT/LON1/LON2/DLON/H
  263  251  242  230  215  206  195  182  167  153  139  129  124  118  115  109
  108  106  110  113  122  126  129  126  120  113  106   99   95   89   86   84
   84   86   91   95   98   99   98  101  107  120  140  164  181  201  216  234
  249  262  272  277  279  281  285  289  295  299  300  301  299  293  283  273
  265  264  264  268  267  268  274  278  263                                   
    32.5-180.0 180.0   5.0 450.0                            LAT/LON1/LON2/DLON/H
  292  264  258  241  218  209  194  185  168  158  143  136  129  126  122  121
  119  120  122  126  132  134  134  129  122  114  106  100   94   89   83   79
   77   78   80   85   88   92   93   98  107  122  147  170  190  207  220  235
  247  259  268  273  278  285  296  305  317  325  330  334  332  325  312  299
  289  283  281  283  285  285  292  302  292                                   
    30.0-180.0 180.0   5.0 450.0                            LAT/LON1/LON2/DLON/H
  324  294  277  254  230  214  199  185  172  158  147  137  134  128  128  126
  129  128  132  132  137  135  133  128  122  115  110  104   98   91   84   77
   73   72   73   75   79   83   87   93  104  119  142  169  186  202  211  225
  239  251  262  271  280  293  310  324  343  355  365  368  368  361  349  335
  321  312  307  307  308  310  320  326  324                                   
    27.5-180.0 180.0   5.0 450.0                            LAT/LON1/LON2/DLON/H
  364  324  305  280  248  231  208  196  176  165  149  141  134  131  128  130
  129  131  131  132  133  132  131  128  124  121  118  115  108   98   89   80
   76   71   71   70   72   77   82   90  100  114  136  161  180  191  203  214
  230  242  255  267  281  299  319  341  363  383  397  404  404  398  385  372
  358  346  339  337  341  346  353  366  364                                   
    25.0-180.0 180.0   5.0 450.0                            LAT/LON1/LON2/DLON/H
  408  374  346  317  281  255  231  209  191  173  159  145  140  132  132  127
  132  127  129  125  126  124  125  127  131  132  132  129  120  109   98   89
   82   78   74   71   72   72   78   86   94  106  123  149  167  182  190  203
  214  234  251  272  292  315  338  362  384  409  426  436  438  435  424  412
  399  386  381  378  382  390  397  404  408                                   
    22.5-180.0 180.0   5.0 450.0                            LAT/LON1/LON2/DLON/H
  443  419  392  361  323  293  259  237  213  197  176  162  147  141  133  131
  127  124  120  118  116  119  124  134  143  152  156  152  143  126  114  102
   96   90   84   79   75   74   77   83   90   99  115  135  160  173  185  194
  213  232  259  283  309  337  365  393  414  438  452  467  469  469  457  450
  433  425  418  418  424  434  437  445  443                                   
    20.0-180.0 180.0   5.0 450.0                            LAT/LON1/LON2/DLON/H
  482  464  436  416  382  350  311  280  251  229  207  182  169  149  145  131
  131  118  117  108  114  117  129  145  165  175  181  176  165  143  129  118
  109  104   94   87   80   78   76   81   84   92  108  125  149  166  180  196
  219  244  274  302  331  360  391  419  438  460  473  487  491  494  491  481
  473  463  463  465  473  480  487  485  482                                   
    17.5-180.0 180.0   5.0 450.0                            LAT/LON1/LON2/DLON/H
  504  491  474  457  431  403  365  334  302  273  246  224  201  180  166  151
  141  131  122  118  120  131  143  168  188  205  210  203  189  165  147  132
  120  114  102   95   86   79   80   80   82   88  105  118  145  162  184  203
  231  258  290  321  351  388  416  443  459  480  490  505  509  517  513  510
  500  501  499  507  514  524  523  515  504                                   
    15.0-180.0 180.0   5.0 450.0                            LAT/LON1/LON2/DLON/H
  525  510  495  485  468  449  420  398  368  339  305  276  252  226  207  184
  168  152  143  136  140  150  169  194  222  237  240  225  204  174  156  138
  124  116  103   96   84   81   77   79   79   85  103  117  143  163  188  211
  245  273  308  338  373  407  431  456  470  488  495  510  516  525  529  530
  529  531  536  542  554  555  562  547  525                                   
    12.5-180.0 180.0   5.0 450.0                            LAT/LON1/LON2/DLON/H
  528  520  509  501  492  477  459  443  422  398  364  332  302  276  255  232
  209  193  176  173  171  185  198  226  251  268  265  245  218  189  167  146
  131  121  110   97   90   84   82   81   82   86  104  119  148  169  197  223
  258  288  321  356  389  420  439  456  466  482  489  506  514  527  535  544
  544  552  555  567  576  582  577  559  528                                   
    10.0-180.0 180.0   5.0 450.0                            LAT/LON1/LON2/DLON/H
  534  525  520  517  511  501  487  479  466  450  424  393  358  335  307  285
  259  242  222  216  215  220  235  259  284  287  279  248  218  187  167  145
  129  119  105   96   84   84   79   80   82   86  104  120  150  173  203  230
  267  296  333  367  400  421  438  455  464  480  487  503  512  527  539  552
  558  565  574  583  595  592  596  576  534                                   
     7.5-180.0 180.0   5.0 450.0                            LAT/LON1/LON2/DLON/H
  529  529  525  522  519  512  503  498  490  473  452  422  397  373  350  330
  305  293  273  271  263  270  274  291  302  297  278  248  217  189  168  147
