data/unet/pred0800.15i
     1.0            IONOSPHERE MAPS     GNSS                IONEX VERSION / TYPE
pyspatialgeodesy        IME             05-JAN-18 20:20     PGM / RUN BY / DATE 
Map Name                                                    COMMENT             
Predicted global ionosphere maps (GIM).                     DESCRIPTION         
  2015     3    21     0     0     0                        EPOCH OF FIRST MAP  
  2015     3    22     0     0     0                        EPOCH OF LAST MAP   
  7200                                                      INTERVAL            
    13                                                      # OF MAPS IN FILE   
  NONE                                                      MAPPING FUNCTION    
10.0                                                        ELEVATION CUTOFF    
One-way carrier phase leveled to code                       OBSERVABLES USED    
  6371.0                                                    BASE RADIUS         
 2                                                          MAP DIMENSION       
   450.0 450.0   0.0                                        HGT1 / HGT2 / DHGT  
    87.5 -87.5  -2.5                                        LAT1 / LAT2 / DLAT  
  -180.0 180.0   5.0                                        LON1 / LON2 / DLON  
    -1                                                      EXPONENT            
                                                            END OF HEADER       
[from data line 858]
     3                                                      START OF TEC MAP    
  2015     3    21     4     0     0                        EPOCH OF CURRENT MAP
    87.5-180.0 180.0   5.0 450.0                            LAT/LON1/LON2/DLON/H
  124  138  122  120  121  118  119  117  120  118  119  118  119  118  118  117
  117  116  116  114  115  113  114  111  112  110  110  107  108  106  107  104
  106  104  106  103  106  104  108  105  109  107  111  109  113  111  115  113
  117  115  118  118  121  121  123  124  126  127  128  128  130  129  129  128
  128  127  128  127  126  125  138  133  124                                   
    85.0-180.0 180.0   5.0 450.0                            LAT/LON1/LON2/DLON/H
  139  136  117  120  117  115  114  115  113  116  113  116  114  117  113  117
  114  116  112  115  111  112  108  109  105  105  102  102   99   99   97   98
   97   97   97   98   98   99  100  101  102  104  105  107  108  110  112  113
  115  116  118  120  123  125  128  131  133  136  137  139  140  141  140  139
  139  137  136  135  131  129  137  141  139                                   
    82.5-180.0 180.0   5.0 450.0                            LAT/LON1/LON2/DLON/H
  132  120  114  116  110  108  107  107  107  107  106  107  107  108  105  107
  105  106  101  103   98   99   92   93   87   87   82   82   78   77   75   76
   75   76   76   79   80   83   85   88   89   91   95   97  100  101  105  108
  110  113  116  120  123  127  132  134  141  143  148  148  154  152  155  150
  152  147  148  141  141  132  141  137  132                                   
    80.0-180.0 180.0   5.0 450.0                            LAT/LON1/LON2/DLON/H
  138  129  123  118  111  107  105  105  106  107  107  110  111  113  113  115
  113  113  109  108  104  101   96   92   88   84   81   78   75   74   71   72
   72   74   75   80   81   85   86   91   92   96   97  100  101  105  107  111
  114  118  123  127  133  138  145  151  158  165  169  174  176  179  177  179
  176  176  173  171  163  155  151  147  138                                   
    77.5-180.0 180.0   5.0 450.0                            LAT/LON1/LON2/DLON/H
  150  134  129  122  109  103  100  100  100  101  103  107  110  112  113  115
  113  111  108  105   99   95   88   84   76   73   68   66   61   60   59   61
   61   64   68   73   76   80   83   87   89   91   93   96   96  100  102  107
  111  117  124  131  138  145  154  163  171  180  185  192  195  198  199  199
  199  197  197  194  188  176  166  159  150                                   
    75.0-180.0 180.0   5.0 450.0                            LAT/LON1/LON2/DLON/H
  159  147  143  129  114  104  102   99   99  101  103  105  108  109  111  110
  110  106  104   98   94   86   82   73   70   62   61   55   53   53   53   54
   56   60   66   70   75   78   83   85   86   89   91   93   93   97  100  103
  107  114  123  132  141  151  161  171  179  190  193  204  203  212  208  214
  209  216  213  215  207  198  185  178  159                                   
    72.5-180.0 180.0   5.0 450.0                            LAT/LON1/LON2/DLON/H
  175  159  158  143  122  109  102   99   98   98  100  102  104  106  107  107
  104  102   97   93   87   82   76   70   64   60   57   54   52   52   53   56
   57   63   66   72   75   79   83   84   85   87   90   93   93   98  101  106
  110  120  128  139  147  158  167  178  187  195  198  205  208  213  213  217
  218  222  225  227  225  218  204  197  175                                   
    70.0-180.0 180.0   5.0 450.0                            LAT/LON1/LON2/DLON/H
  185  177  174  159  136  118  110  105  104  103  104  104  105  103  104  100
   98   92   91   84   82   75   73   66   65   59   59   56   56   57   57   61
   61   67   69   74   76   78   81   81   83   84   88   92   96   99  105  110
  117  127  136  148  155  169  175  188  195  202  202  209  208  214  211  218
  217  226  228  234  232  229  217  212  185                                   
    67.5-180.0 180.0   5.0 450.0                            LAT/LON1/LON2/DLON/H
  197  186  185  169  142  125  114  108  105  104  102  103  100  100   95   93
   88   85   82   79   76   74   71   69   66   64   63   63   63   64   64   66
   64   68   68   72   71   74   75   75   77   78   83   88   93   99  106  115
  124  135  147  158  167  179  186  195  201  206  205  208  208  207  205  205
  208  212  221  227  234  235  225  221  197                                   
    65.0-180.0 180.0   5.0 450.0                            LAT/LON1/LON2/DLON/H
  202  198  194  178  152  133  122  116  112  110  107  104  101   96   92   85
   82   78   77   75   75   74   74   72   73   70   72   70   71   71   70   70
   67   68   65   66   66   66   66   67   69   73   79   86   94  103  112  124
  133  147  157  171  181  193  198  206  210  212  210  210  208  205  199  198
  195  201  208  218  224  228  223  224  202                                   
    62.5-180.0 180.0   5.0 450.0                            LAT/LON1/LON2/DLON/H
  209  199  196  181  155  136  123  117  112  109  104  102   95   91   84   81
   76   75   73   75   74   76   75   75   74   74   72   74   71   72   69   68
   62   60   56   54   54   53   55   57   61   68   76   84   94  104  117  128
  142  153  166  180  192  202  208  213  216  216  212  209  207  201  195  188
  186  185  194  200  212  219  222  222  209                                   
    60.0-180.0 180.0   5.0 450.0                            LAT/LON1/LON2/DLON/H
  206  202  199  182  157  138  125  120  114  110  105   99   95   87   83   78
   76   74   74   76   77   77   77   76   77   74   74   72   72   68   66   60
   57   51   50   46   47   45   47   51   56   65   73   85   94  111  121  137
  145  161  173  191  203  214  220  224  227  225  221  217  215  209  202  196
  190  187  190  194  199  207  211  213  206                                   
    57.5-180.0 180.0   5.0 450.0                            LAT/LON1/LON2/DLON/H
  212  206  200  185  159  140  126  118  111  105   98   94   87   84   79   79
   76   77   76   78   78   78   76   75   74   72   69   68   64   62   57   52
   47   42   41   38   40   39   43   46   55   64   74   85   96  111  126  136
  149  162  178  196  211  222  229  234  237  236  232  228  226  221  214  207
  198  192  192  187  191  200  208  208  212                                   
    55.0-180.0 180.0   5.0 450.0                            LAT/LON1/LON2/DLON/H
  215  217  210  194  169  148  132  122  112  104   95   89   85   81   82   81
   83   82   82   80   79   76   74   70   69   65   64   61   60   56   53   48
   45   40   41   38   42   41   47   51   59   69   79   91  100  118  127  142
  149  169  183  203  218  231  241  246  253  253  251  248  246  239  232  224
  215  208  204  196  191  197  207  206  215                                   
    52.5-180.0 180.0   5.0 450.0                            LAT/LON1/LON2/DLON/H
  231  229  225  209  186  165  145  130  115  104   92   84   79   80   79   83
   82   84   81   79   75   73   68   64   61   59   56   55   54   53   51   47
   46   42   44   41   47   46   53   56   65   74   85   95  106  120  132  141
  153  169  188  210  229  244  254  263  269  272  271  269  266  261  252  243
  234  226  221  206  200  204  213  213  231                                   
    50.0-180.0 180.0   5.0 450.0                            LAT/LON1/LON2/DLON/H
  244  248  248  233  211  193  171  149  128  111   96   86   81   80   82   83
   86   81   80   74   73   67   65   60   60   54   55   52   54   51   52   48
   49   45   49   47   55   54   61   63   72   81   93  104  114  131  139  152
  159  181  198  221  240  257  270  277  287  291  292  290  287  281  272  265
  255  247  237  224  210  210  222  221  244                                   
    47.5-180.0 180.0   5.0 450.0                            LAT/LON1/LON2/DLON/H
  263  260  268  256  237  221  198  177  145  124  104   91   83   82   81   84
   80   78   71   67   65   64   63   61   58   55   54   55   55   56   57   55
   55   53   55   54   61   61   66   68   76   85   98  109  122  137  147  155
  166  185  206  229  250  268  281  291  302  306  306  304  300  294  287  281
  271  262  252  235  223  223  228  234  263                                   
    45.0-180.0 180.0   5.0 450.0                            LAT/LON1/LON2/DLON/H
  272  269  279  271  259  242  222  199  167  137  118  103   94   87   86   83
   79   69   65   60   64   64   69   68   69   64   65   62   65   64   67   63
   64   59   63   61   69   68   73   73   82   90  103  117  131  149  157  168
  177  202  220  243  261  279  294  304  315  320  321  317  312  305  297  291
  284  276  267  255  240  236  244  243  272                                   
    42.5-180.0 180.0   5.0 450.0                            LAT/LON1/LON2/DLON/H
  276  270  281  278  267  256  234  215  182  155  128  114  102   96   89   84
   75   65   60   60   66   73   78   82   81   77   75   73   73   75   74   73
   70   67   67   67   71   72   73   76   83   93  107  124  140  156  167  177
  190  212  234  253  270  287  301  314  326  331  331  326  321  311  305  298
  293  287  282  270  259  251  248  254  276                                   
    40.0-180.0 180.0   5.0 450.0                            LAT/LON1/LON2/DLON/H
  271  265  272  273  268  257  239  219  191  163  139  125  116  105   98   86
   78   65   64   66   78   86   95   97   98   91   90   85   87   84   85   81
   79   72   71   69   73   73   75   76   85   95  112  131  149  167  177  191
  205  228  246  264  278  293  309  322  337  344  345  342  334  324  316  310
  307  304  302  293  278  267  262  258  271                                   
    37.5-180.0 180.0   5.0 450.0                            LAT/LON1/LON2/DLON/H
  266  256  259  260  253  247  228  214  187  168  145  133  122  116  105   96
   86   78   77   83   95  105  112  114  113  106  101   95   92   91   89   88
   83   77   74   72   74   76   77   81   88  100  118  139  158  174  187  201
  218  237  254  266  280  294  311  331  350  362  365  364  358  350  342  339
  335  337  332  322  303  286  271  272  266                                   
    35.0-180.0 180.0   5.0 450.0                            LAT/LON1/LON2/DLON/H
  271  255  249  243  234  228  212  200  179  163  149  139  133  124  117  106
  101   93   99  105  119  125  133  130  127  118  113  104  101   98   97   95
   92   84   80   76   76   77   80   84   92  103  123  143  164  182  197  213
  229  248  260  275  286  300  320  347  373  394  400  402  397  393  387  384
  381  383  377  368  344  324  300  292  271                                   
    32.5-180.0 180.0   5.0 450.0                            LAT/LON1/LON2/DLON/H
  295  266  253  238  220  210  193  182  165  157  146  142  135  131  122  118
  115  116  121  130  140  146  147  143  138  129  124  116  114  112  112  109
  102   95   89   84   83   84   87   93   99  111  130  148  170  185  205  219
  238  254  268  283  295  307  328  357  398  423  439  448  453  453  449  444
  442  440  435  423  403  382  347  337  295                                   
    30.0-180.0 180.0   5.0 450.0                            LAT/LON1/LON2/DLON/H
  339  299  274  248  225  208  188  173  159  151  146  143  141  134  131  128
  132  133  143  148  157  155  156  149  146  140  138  134  133  132  131  127
  120  114  104   98   94   93   95   98  104  112  128  147  169  189  210  228
  250  272  284  302  313  329  351  388  429  466  492  514  523  526  525  522
  519  516  507  492  471  453  421  405  339                                   
    27.5-180.0 180.0   5.0 450.0                            LAT/LON1/LON2/DLON/H
  407  365  329  289  257  237  207  184  166  159  151  149  143  140  134  137
  142  149  156  160  164  162  160  157  158  159  161  160  162  160  156  150
  142  133  120  114  105  103  104  105  107  113  126  142  171  189  217  236
  262  285  305  323  343  364  393  430  475  514  549  574  592  593  594  588
  591  587  583  564  551  536  513  496  407                                   
    25.0-180.0 180.0   5.0 450.0                            LAT/LON1/LON2/DLON/H
  490  456  406  370  325  298  260  229  201  181  170  159  154  145  141  143
  151  155  162  160  163  159  162  166  176  185  195  196  200  193  187  179
  171  159  144  133  120  113  106  105  103  106  116  134  163  191  221  249
  276  306  326  353  374  406  435  474  514  559  598  629  650  652  653  655
  658  663  661  644  631  621  619  609  490                                   
    22.5-180.0 180.0   5.0 450.0                            LAT/LON1/LON2/DLON/H
  587  540  499  459  426  403  344  303  262  233  206  187  170  157  147  148
  151  156  157  156  154  157  166  183  198  219  236  245  246  237  222  208
  191  177  160  147  131  121  113  108  103  105  114  132  170  200  239  266
  301  331  362  392  422  451  479  517  554  594  634  670  694  696  697  703
  713  723  730  716  708  710  711  707  587                                   
    20.0-180.0 180.0   5.0 450.0                            LAT/LON1/LON2/DLON/H
  683  655  590  550  529  518  464  425  360  313  265  235  210  185  169  160
  160  157  155  151  155  163  182  203  231  262  286  296  293  273  254  231
  212  193  179  162  145  130  117  108   98  100  111  135  171  210  245  281
  315  353  387  424  458  496  520  559  592  630  666  701  722  730  729  739
  750  765  776  770  770  778  783  792  683                                   
    17.5-180.0 180.0   5.0 450.0                            LAT/LON1/LON2/DLON/H
  762  762  699  663  642  627  586  534  473  416  349  302  264  231  204  184
  169  160  156  156  165  179  205  236  273  319  337  353  331  306  271  244
  219  203  183  168  149  133  120  107   96   97  111  141  181  219  261  296
  339  379  420  465  506  541  573  602  636  659  691  708  727  727  729  739
  753  773  789  796  811  830  824  838  762                                   
    15.0-180.0 180.0   5.0 450.0                            LAT/LON1/LON2/DLON/H
  817  823  773  746  738  716  682  632  568  506  439  396  345  300  259  232
  207  190  186  184  205  222  257  304  351  390  405  398  367  321  278  245
  226  207  191  170  153  133  119  103   95   94  112  142  182  223  262  303
  344  388  435  486  533  571  597  624  655  678  701  716  722  728  724  739
  749  770  786  803  827  842  847  859  817                                   
    12.5-180.0 180.0   5.0 450.0                            LAT/LON1/LON2/DLON/H
  831  845  814  815  810  796  762  710  648  578  513  473  430  389  338  305
  270  255  248  251  266  302  344  397  429  453  442  427  378  328  276  247
  223  207  186  168  149  130  115  101   90   92  108  143  185  227  271  313
  355  399  445  504  553  585  609  627  657  677  699  708  714  715  711  720
  728  749  766  789  813  835  833  856  831                                   
    10.0-180.0 180.0   5.0 450.0                            LAT/LON1/LON2/DLON/H
  830  845  827  829  843  828  804  754  695  633  571  532  491  464  423  394
  356  344  335  344  374  403  447  480  499  485  471  429  380  314  267  237
  217  200  185  164  147  125  111   94   91   92  110  140  183  223  264  309
  350  395  444  504  552  583  605  618  647  668  691  707  715  724  715  724
  724  740  755  775  800  812  820  840  830                                   
     7.5-180.0 180.0   5.0 450.0                            LAT/LON1/LON2/DLON/H
  819  832  823  828  838  834  811  767  717  660  609  570  542  514  490  468
  444  439  433  454  475  505  525  536  529  505  463  419  355  300  251  226
