data/unet/pred2220.15i
     1.0            IONOSPHERE MAPS     GNSS                IONEX VERSION / TYPE
pyspatialgeodesy        IME             05-JAN-18 20:20     PGM / RUN BY / DATE 
Map Name                                                    COMMENT             
Predicted global ionosphere maps (GIM).                     DESCRIPTION         
  2015     8    10     0     0     0                        EPOCH OF FIRST MAP  
  2015     8    11     0     0     0                        EPOCH OF LAST MAP   
  7200                                                      INTERVAL            
    13                                                      # OF MAPS IN FILE   
  NONE                                                      MAPPING FUNCTION    
10.0                                                        ELEVATION CUTOFF    
One-way carrier phase leveled to code                       OBSERVABLES USED    
  6371.0                                                    BASE RADIUS         
 2                                                          MAP DIMENSION       
   450.0 450.0   0.0                                        HGT1 / HGT2 / DHGT  
    87.5 -87.5  -2.5                                        LAT1 / LAT2 / DLAT  
  -180.0 180.0   5.0                                        LON1 / LON2 / DLON  
    -1                                                      EXPONENT            
                                                            END OF HEADER       
[from data line 2145]
     6                                                      START OF TEC MAP    
  2015     8    10    10     0     0                        EPOCH OF CURRENT MAP
    87.5-180.0 180.0   5.0 450.0                            LAT/LON1/LON2/DLON/H
  110  134  134  135  137  134  137  136  138  136  138  136  137  134  135  133
  133  131  131  130  130  128  128  127  128  126  127  124  126  123  124  122
  122  120  120  118  118  117  117  116  116  116  116  116  116  116  116  117
  118  118  118  119  119  119  120  120  121  121  122  122  123  121  123  121
  123  121  124  123  124  120  120  107  110                                   
    85.0-180.0 180.0   5.0 450.0                            LAT/LON1/LON2/DLON/H
  130  128  140  142  144  143  146  146  148  147  149  147  149  146  147  144
  147  144  146  143  146  144  145  144  146  144  144  143  143  142  141  139
  139  137  136  134  134  132  132  130  131  130  130  129  130  129  130  129
  130  129  129  128  129  128  127  127  127  126  125  125  125  124  123  123
  123  123  125  123  125  123  129  123  130                                   
    82.5-180.0 180.0   5.0 450.0                            LAT/LON1/LON2/DLON/H
  120  131  138  139  140  141  145  147  149  149  150  149  150  148  148  147
  148  146  147  146  147  146  146  146  147  146  145  145  145  144  143  141
  141  139  137  136  135  134  133  132  132  132  132  132  133  133  133  134
  134  134  133  133  133  132  130  130  128  127  125  124  122  121  119  118
  117  117  118  117  120  123  126  127  120                                   
    80.0-180.0 180.0   5.0 450.0                            LAT/LON1/LON2/DLON/H
  122  127  130  135  135  138  139  142  143  144  144  143  143  141  141  138
  139  136  137  135  136  136  135  136  135  136  135  136  136  135  136  134
  135  132  133  130  131  128  129  128  129  128  130  130  133  133  135  135
  137  137  137  137  137  136  134  134  131  129  125  125  121  120  115  116
  112  113  111  112  111  115  118  124  122                                   
    77.5-180.0 180.0   5.0 450.0                            LAT/LON1/LON2/DLON/H
  115  122  129  133  134  136  137  139  140  139  139  137  135  133  132  129
  128  127  126  125  125  125  125  126  126  127  127  129  129  131  131  132
  132  131  131  130  129  130  128  130  130  133  134  138  140  143  145  146
  148  148  149  148  148  146  146  143  141  138  135  132  128  124  121  118
  115  113  112  111  111  111  113  112  115                                   
    75.0-180.0 180.0   5.0 450.0                            LAT/LON1/LON2/DLON/H
  111  116  121  126  126  129  129  132  131  132  129  129  125  124  121  119
  117  116  115  114  113  114  113  114  114  116  117  120  121  124  126  128
  129  130  130  130  129  131  130  133  133  138  140  144  147  151  153  156
  156  157  157  157  155  154  152  150  146  144  140  138  133  130  125  122
  117  116  113  111  109  111  110  111  111                                   
    72.5-180.0 180.0   5.0 450.0                            LAT/LON1/LON2/DLON/H
  106  111  116  119  119  120  120  122  121  121  118  116  114  111  110  107
  106  104  104  101  101  100  100   99  101  102  105  108  112  116  120  124
  126  128  130  131  132  133  134  137  139  144  148  153  157  161  163  165
  166  166  165  163  162  158  157  153  150  147  144  142  138  135  130  128
  122  120  117  113  110  107  108  105  106                                   
    70.0-180.0 180.0   5.0 450.0                            LAT/LON1/LON2/DLON/H
  106  105  108  110  110  112  111  114  112  113  109  109  104  105  102  102
  101  100  100   98   97   95   94   93   93   96   97  104  106  114  116  124
  125  132  131  137  136  142  141  148  148  157  158  166  167  174  173  177
  173  173  169  167  163  161  157  155  151  149  147  146  143  141  138  136
  131  128  125  120  115  114  109  107  106                                   
    67.5-180.0 180.0   5.0 450.0                            LAT/LON1/LON2/DLON/H
  104  104  105  103  102  102  102  104  103  104  101  102  100   99  100   99
   99   97   96   94   92   89   88   85   86   87   91   96  101  109  114  121
  125  130  134  138  142  145  149  153  158  164  168  174  177  180  180  180
  176  172  167  162  158  154  150  148  145  145  144  144  143  143  142  141
  138  136  133  128  121  116  112  104  104                                   
    65.0-180.0 180.0   5.0 450.0                            LAT/LON1/LON2/DLON/H
  108  102  100   98   96   96   95   98   95   98   95   99   96   99   98  100
   99   98   97   95   91   90   86   85   83   86   89   97  100  111  114  125
  127  137  139  149  149  157  158  167  168  177  179  186  186  189  185  184
  176  172  164  159  153  149  146  144  143  144  143  146  146  148  148  149
  148  147  144  139  133  130  119  112  108                                   
    62.5-180.0 180.0   5.0 450.0                            LAT/LON1/LON2/DLON/H
  111  106  101   95   91   87   87   87   88   88   89   91   93   95   96   97
   97   96   94   91   87   84   81   80   81   84   89   95  101  111  117  126
  132  139  146  152  158  162  167  172  177  184  188  193  192  193  187  184
  175  169  160  154  149  144  141  140  139  140  141  144  146  148  150  152
  153  153  153  148  142  135  128  112  111                                   
    60.0-180.0 180.0   5.0 450.0                            LAT/LON1/LON2/DLON/H
  119  109  100   95   88   85   82   82   80   81   81   85   87   91   92   95
   94   93   91   88   84   82   79   81   82   88   92  102  106  119  123  135
  139  151  154  165  168  177  179  188  189  196  198  202  199  198  191  186
  176  168  159  153  148  145  143  142  142  143  144  148  150  153  154  157
  158  160  159  157  152  148  135  125  119                                   
    57.5-180.0 180.0   5.0 450.0                            LAT/LON1/LON2/DLON/H
  125  116  108   97   88   81   77   73   71   69   71   73   77   80   82   85
   84   83   80   78   76   75   75   78   83   88   96  104  112  123  130  141
  149  157  166  172  181  185  192  196  199  204  207  208  205  202  195  188
  178  170  162  157  154  151  149  148  148  148  149  151  152  155  156  158
  159  161  163  162  158  151  143  126  125                                   
    55.0-180.0 180.0   5.0 450.0                            LAT/LON1/LON2/DLON/H
  135  123  112  103   89   82   73   69   63   63   61   65   67   71   73   74
   75   74   72   71   69   71   72   79   83   94   99  113  117  133  136  151
  157  171  175  188  192  202  205  211  212  217  218  219  214  210  202  193
  184  175  169  164  162  160  160  159  158  159  159  161  160  163  161  164
  162  166  165  167  164  162  152  143  135                                   
    52.5-180.0 180.0   5.0 450.0                            LAT/LON1/LON2/DLON/H
  143  132  123  109   94   82   73   65   59   54   54   54   56   58   60   61
   62   62   60   61   61   65   70   77   86   95  104  115  123  135  143  155
  166  177  187  197  205  212  217  220  223  227  228  227  223  217  211  202
  194  186  179  176  175  174  171  172  169  170  168  169  167  167  165  165
  163  164  166  167  166  162  158  144  143                                   
    50.0-180.0 180.0   5.0 450.0                            LAT/LON1/LON2/DLON/H
  151  139  129  116  100   88   76   68   59   55   51   51   50   52   52   53
   53   53   53   56   57   64   69   80   88  101  108  122  128  142  147  163
  172  188  197  212  219  229  230  235  235  240  240  241  235  232  223  215
  205  197  191  186  186  184  183  181  180  180  178  178  175  175  170  171
  166  171  168  171  169  169  162  156  151                                   
    47.5-180.0 180.0   5.0 450.0                            LAT/LON1/LON2/DLON/H
  156  147  137  123  107   94   82   71   64   57   53   50   48   48   46   46
   46   47   48   51   55   62   70   80   91  102  112  121  129  139  149  162
  176  191  205  220  230  239  242  246  247  251  251  251  246  241  235  225
  216  208  200  195  191  190  185  186  183  186  182  183  179  178  173  173
  169  170  170  170  168  166  163  153  156                                   
    45.0-180.0 180.0   5.0 450.0                            LAT/LON1/LON2/DLON/H
  160  149  139  127  113  102   89   81   72   67   61   58   55   53   49   48
   47   48   49   52   56   64   72   84   93  106  114  124  129  142  149  166
  178  198  211  232  240  252  252  258  256  262  261  264  259  257  248  239
  227  216  205  198  191  188  184  183  183  185  185  186  183  181  178  178
  175  178  173  175  171  169  165  160  160                                   
    42.5-180.0 180.0   5.0 450.0                            LAT/LON1/LON2/DLON/H
  158  151  141  131  118  109   99   92   84   78   74   69   65   61   56   54
   52   52   53   56   59   66   74   84   93  104  112  120  126  136  148  164
  180  199  215  235  246  258  260  266  265  270  272  275  273  269  261  251
  239  225  212  201  193  187  180  181  180  185  185  187  183  184  179  181
  179  180  178  175  169  164  163  155  158                                   
    40.0-180.0 180.0   5.0 450.0                            LAT/LON1/LON2/DLON/H
  157  148  140  134  125  118  110  106   99   95   91   86   81   76   71   67
   65   63   64   65   67   73   80   90   99  110  115  122  128  138  150  166
  182  203  219  241  250  266  267  274  274  280  282  286  285  285  278  268
  255  238  221  209  197  191  182  180  181  185  187  189  188  187  185  187
  187  190  183  181  172  166  161  156  157                                   
    37.5-180.0 180.0   5.0 450.0                            LAT/LON1/LON2/DLON/H
  152  149  140  136  129  123  119  116  112  110  107  102   98   91   86   81
   78   76   74   74   74   78   83   92  101  111  116  123  128  138  151  167
  184  202  222  242  257  269  275  282  285  289  294  296  299  298  295  285
  271  254  239  223  214  203  197  193  193  196  198  199  195  195  191  194
  194  196  189  182  172  162  158  150  152                                   
    35.0-180.0 180.0   5.0 450.0                            LAT/LON1/LON2/DLON/H
  154  146  138  136  130  128  124  125  123  124  122  120  113  108  101   96
   91   87   84   82   80   84   87   98  105  118  124  131  138  147  159  172
  189  206  226  248  259  273  276  286  291  298  302  307  309  310  308  302
  291  275  261  248  236  228  219  215  212  213  213  211  205  202  200  202
  202  206  197  193  178  168  158  152  154                                   
    32.5-180.0 180.0   5.0 450.0                            LAT/LON1/LON2/DLON/H
  150  148  138  136  130  129  129  130  130  132  131  130  124  118  110  105
   98   96   90   87   83   85   89   99  108  121  128  137  144  154  165  177
  193  209  230  248  263  274  280  290  299  306  313  316  323  324  325  320
  312  300  290  277  269  259  252  246  243  241  239  236  227  221  215  216
  214  215  206  198  181  169  159  151  150                                   
    30.0-180.0 180.0   5.0 450.0                            LAT/LON1/LON2/DLON/H
  158  148  138  138  131  131  128  132  131  135  135  135  132  126  120  113
  108  101   98   93   91   92   97  107  118  133  142  151  158  166  176  187
  201  215  233  252  266  278  286  297  308  314  322  325  332  337  340  339
  337  329  325  321  317  310  300  289  282  274  269  263  254  245  236  233
  227  227  215  208  191  178  164  156  158                                   
    27.5-180.0 180.0   5.0 450.0                            LAT/LON1/LON2/DLON/H
  160  153  143  142  132  133  128  131  130  133  134  135  132  128  122  116
  110  106  100   97   94   97  102  112  124  139  148  158  165  173  184  196
  209  223  240  257  271  284  293  305  319  325  333  334  343  348  359  361
  364  361  362  362  367  363  355  341  328  314  305  293  283  273  265  254
  247  239  228  216  198  184  173  161  160                                   
    25.0-180.0 180.0   5.0 450.0                            LAT/LON1/LON2/DLON/H
  172  161  150  149  137  136  130  133  131  133  133  134  132  128  124  117
  112  106  102  100   99  104  110  122  135  149  159  167  174  183  191  206
  216  233  248  265  278  292  304  318  335  338  346  346  357  366  380  386
  393  392  398  404  412  414  407  392  377  357  344  328  315  302  289  281
  266  258  240  229  209  197  187  176  172                                   
    22.5-180.0 180.0   5.0 450.0                            LAT/LON1/LON2/DLON/H
  177  170  161  155  142  138  133  133  129  130  129  130  126  125  120  116
  110  106  102  102  103  108  116  126  136  151  159  167  173  185  196  213
  224  243  259  276  291  302  319  332  351  353  360  361  374  386  400  408
  417  418  426  433  447  446  445  428  413  392  376  358  345  328  315  296
  282  267  249  234  216  205  199  183  177                                   
    20.0-180.0 180.0   5.0 450.0                            LAT/LON1/LON2/DLON/H
  182  178  169  167  151  148  140  141  135  135  132  130  128  124  123  115
  113  105  104  104  107  114  120  132  143  155  162  167  173  187  199  220
  232  253  268  287  300  315  331  346  365  370  377  383  394  409  419  428
  434  436  442  450  460  464  461  448  434  415  402  384  370  354  337  320
  296  282  259  246  225  215  212  196  182                                   
    17.5-180.0 180.0   5.0 450.0                            LAT/LON1/LON2/DLON/H
  184  183  175  170  159  153  145  144  138  136  130  127  124  119  118  113
  111  107  102  104  107  115  121  132  139  151  155  162  166  186  200  224
  237  263  280  301  316  334  350  366  382  390  396  404  413  426  434  440
  445  444  449  451  460  460  458  447  436  422  414  399  387  368  355  332
  310  284  266  247  230  217  213  194  184                                   
    15.0-180.0 180.0   5.0 450.0                            LAT/LON1/LON2/DLON/H
  186  188  178  175  163  161  153  155  147  147  139  136  130  124  123  115
  116  107  107  105  108  115  121  130  138  150  153  160  165  187  203  228
  247  271  290  312  329  349  366  382  397  408  414  422  429  439  442  447
  446  444  443  444  444  441  438  429  425  417  415  403  393  375  361  341
  315  290  269  253  236  227  219  204  186                                   
    12.5-180.0 180.0   5.0 450.0                            LAT/LON1/LON2/DLON/H
  187  186  177  174  163  161  156  159  153  153  144  140  131  125  123  116
  115  110  107  105  106  110  116  123  131  141  144  152  161  185  205  232
  253  282  301  328  346  369  383  400  412  422  427  437  440  447  449  447
  448  439  437  428  427  419  415  411  410  407  410  401  394  376  364  342
  319  290  273  252  239  227  217  200  187                                   
    10.0-180.0 180.0   5.0 450.0                            LAT/LON1/LON2/DLON/H
  192  191  181  174  167  165  160  163  157  159  149  148  138  133  129  123
  120  113  111  107  106  107  111  118  127  140  145  157  167  193  214  240
  264  287  311  334  356  373  389  400  415  423  427  435  438  445  444  445
  443  438  432  425  419  409  403  400  403  401  404  393  388  369  358  335
  313  287  270  254  242  232  221  209  192                                   
     7.5-180.0 180.0   5.0 450.0                            LAT/LON1/LON2/DLON/H
  196  191  182  175  166  163  160  160  155  157  148  148  136  134  128  124
  121  114  111  105  104   99  105  109  121  132  143  160  173  199  222  247
