data/unet/pred0320.15i
     1.0            IONOSPHERE MAPS     GNSS                IONEX VERSION / TYPE
pyspatialgeodesy        IME             05-JAN-18 20:20     PGM / RUN BY / DATE 
Map Name                                                    COMMENT             
Predicted global ionosphere maps (GIM).                     DESCRIPTION         
  2015     2     1     0     0     0                        EPOCH OF FIRST MAP  
  2015     2     2     0     0     0                        EPOCH OF LAST MAP   
  7200                                                      INTERVAL            
    13                                                      # OF MAPS IN FILE   
  NONE                                                      MAPPING FUNCTION    
10.0                                                        ELEVATION CUTOFF    
One-way carrier phase leveled to code                       OBSERVABLES USED    
  6371.0                                                    BASE RADIUS         
 2                                                          MAP DIMENSION       
   450.0 450.0   0.0                                        HGT1 / HGT2 / DHGT  
    87.5 -87.5  -2.5                                        LAT1 / LAT2 / DLAT  
  -180.0 180.0   5.0                                        LON1 / LON2 / DLON  
    -1                                                      EXPONENT            
                                                            END OF HEADER       
[from data line 4290]
    11                                                      START OF TEC MAP    
  2015     2     1    20     0     0                        EPOCH OF CURRENT MAP
    87.5-180.0 180.0   5.0 450.0                            LAT/LON1/LON2/DLON/H
  132  109   93   97   95   98   99  104  105  109  111  114  117  120  122  126
  127  131  131  134  135  137  137  138  137  138  136  136  133  133  130  129
  126  125  121  120  117  116  113  111  109  108  107  106  104  104  103  104
  103  104  104  105  104  105  104  105  104  105  103  103  101  102  100  100
   98   99   97   97   99  100   97  126  132                                   
    85.0-180.0 180.0   5.0 450.0                            LAT/LON1/LON2/DLON/H
   71   75   75   82   81   83   85   89   94   98  102  107  112  116  120  123
  128  130  134  136  139  140  142  142  143  143  143  141  142  138  138  133
  134  127  128  120  122  114  116  108  110  104  106  101  103   99  102   98
  101   99  101  100  101  102  102  102  101  102  100   99   98   97   94   92
   90   88   86   84   84   81   81   97   71                                   
    82.5-180.0 180.0   5.0 450.0                            LAT/LON1/LON2/DLON/H
   58   63   60   63   62   64   66   74   77   86   90  100  104  114  117  129
  132  142  143  151  150  156  153  157  154  157  153  154  151  150  146  144
  139  137  131  129  122  120  114  112  107  105  102  101   98   98   97   97
   97   97   98   99  100  101  102  103  102  103  100  101   97   97   92   91
   85   84   79   78   72   67   62   69   58                                   
    80.0-180.0 180.0   5.0 450.0                            LAT/LON1/LON2/DLON/H
   54   49   48   44   47   45   53   57   68   74   86   94  105  114  125  134
  144  149  156  159  163  163  164  164  163  162  160  158  155  153  149  145
  140  135  132  124  121  113  110  104  102   97   96   93   93   91   92   91
   93   92   96   95  100   99  104  102  106  103  104  101  102   96   96   89
   87   80   78   70   66   58   54   58   54                                   
    77.5-180.0 180.0   5.0 450.0                            LAT/LON1/LON2/DLON/H
   49   45   41   36   37   34   42   46   59   65   81   88  103  112  127  138
  148  156  161  166  167  168  166  165  162  159  156  152  150  146  144  138
  136  129  127  119  116  108  105   98   96   91   91   87   89   87   90   89
   92   93   97   99  103  105  108  110  110  110  109  109  105  104   99   96
   92   86   82   74   68   57   52   50   49                                   
    75.0-180.0 180.0   5.0 450.0                            LAT/LON1/LON2/DLON/H
   65   55   53   45   47   44   54   58   72   81   96  106  120  133  147  158
  168  171  176  174  175  170  168  162  159  155  149  147  142  142  138  135
  132  129  126  121  117  112  107  102   97   94   92   90   90   90   92   92
   95   98  103  106  111  114  117  118  120  118  118  115  114  110  109  103
  101   94   92   83   78   68   67   63   65                                   
    72.5-180.0 180.0   5.0 450.0                            LAT/LON1/LON2/DLON/H
   83   77   71   64   64   61   69   74   88   97  115  126  142  154  168  179
  185  188  186  185  179  175  167  162  155  150  144  140  136  134  131  128
  127  123  122  118  116  110  107  102   99   95   94   92   91   91   93   95
   98  102  106  111  115  118  121  123  123  123  120  119  115  115  110  109
  105  103   99   95   89   84   81   78   83                                   
    70.0-180.0 180.0   5.0 450.0                            LAT/LON1/LON2/DLON/H
  108   97   96   88   89   88   98  102  118  131  148  163  179  192  205  213
  217  214  210  202  194  184  174  164  155  146  138  132  124  122  118  116
  113  111  110  108  106  103  101   98   97   94   94   93   93   93   94   96
   99  102  107  110  115  117  120  121  122  119  119  115  116  112  112  108
  110  106  107  102  101   97   98   97  108                                   
    67.5-180.0 180.0   5.0 450.0                            LAT/LON1/LON2/DLON/H
  119  117  116  112  111  110  120  128  144  158  176  190  208  222  233  242
  242  239  228  218  205  194  182  169  156  146  133  124  115  109  104  100
   96   94   92   90   89   88   87   88   86   88   87   89   88   89   88   89
   91   93   96   99  103  104  107  107  109  108  107  106  105  105  102  103
  100  102  101  102  101  102  105  109  119                                   
    65.0-180.0 180.0   5.0 450.0                            LAT/LON1/LON2/DLON/H
  131  127  134  132  134  137  148  157  174  190  210  228  245  261  270  276
  278  269  258  243  231  212  199  180  166  148  133  118  106   97   89   85
   78   76   71   70   67   68   69   71   72   75   78   80   81   81   81   81
   81   83   84   87   89   92   93   94   94   93   93   91   93   91   92   90
   92   91   94   93   96   98  107  115  131                                   
    62.5-180.0 180.0   5.0 450.0                            LAT/LON1/LON2/DLON/H
  123  129  137  141  147  151  164  175  192  211  235  256  277  291  301  307
  304  297  282  268  250  230  212  194  177  157  138  122  105   95   82   75
   66   61   56   52   50   49   50   53   57   62   65   67   68   68   66   65
   64   63   64   65   68   69   73   74   76   77   78   77   78   78   76   76
   73   75   73   75   78   84   95  110  123                                   
    60.0-180.0 180.0   5.0 450.0                            LAT/LON1/LON2/DLON/H
  120  120  136  143  156  165  180  195  213  236  258  281  301  315  326  330
  332  322  310  292  276  254  235  213  196  172  152  130  115   98   86   76
   67   61   54   48   43   39   39   41   46   51   57   59   61   59   57   53
   50   48   47   47   49   53   56   60   64   65   66   67   68   67   66   64
   62   59   59   57   61   66   83   99  120                                   
    57.5-180.0 180.0   5.0 450.0                            LAT/LON1/LON2/DLON/H
  106  112  128  142  158  168  188  206  230  252  276  298  318  332  343  352
  353  348  332  317  301  278  256  231  211  188  168  148  130  114  100   88
   77   67   59   49   43   36   35   35   39   44   49   53   53   50   46   40
   35   31   31   30   33   36   43   48   55   58   61   61   63   61   60   55
   51   47   44   42   44   50   66   87  106                                   
    55.0-180.0 180.0   5.0 450.0                            LAT/LON1/LON2/DLON/H
  110  109  131  148  168  186  207  230  250  274  295  314  332  342  355  361
  368  364  353  337  321  301  278  255  232  210  193  175  163  146  133  115
  103   88   77   66   56   47   42   41   43   47   53   55   57   53   48   41
   35   29   28   27   30   34   41   49   57   62   64   67   66   65   62   57
   52   46   44   38   42   44   64   81  110                                   
    52.5-180.0 180.0   5.0 450.0                            LAT/LON1/LON2/DLON/H
  113  118  137  160  183  204  228  251  273  294  313  329  342  354  361  374
  378  381  369  358  338  321  300  277  255  234  217  203  192  180  164  145
  127  110   97   83   73   62   57   53   54   57   61   63   64   60   54   47
   41   36   35   34   37   41   49   56   66   71   75   75   75   72   68   62
   56   52   49   48   48   52   66   87  113                                   
    50.0-180.0 180.0   5.0 450.0                            LAT/LON1/LON2/DLON/H
  139  139  163  185  212  236  259  283  304  323  337  346  355  363  372  380
  389  389  383  369  352  335  316  296  279  260  247  232  225  211  197  173
  150  131  117  104   93   84   78   73   72   72   77   78   80   75   72   65
   60   55   54   52   55   58   66   73   82   86   89   89   88   86   81   76
   71   68   68   67   71   74   91  106  139                                   
    47.5-180.0 180.0   5.0 450.0                            LAT/LON1/LON2/DLON/H
  161  167  190  216  243  267  290  312  332  347  356  364  365  375  376  392
  394  401  389  382  360  348  329  316  299  286  272  261  246  232  211  187
  159  140  125  114  108  100   95   89   86   86   88   91   91   89   85   81
   78   75   75   74   75   78   85   91   99  101  103  101   99   96   91   87
   83   83   85   90   96  103  115  133  161                                   
    45.0-180.0 180.0   5.0 450.0                            LAT/LON1/LON2/DLON/H
  198  200  225  247  274  296  321  340  361  372  379  382  382  388  393  405
  412  410  400  389  371  361  344  331  317  302  291  276  262  240  217  187
  159  140  128  122  118  114  110  104  100   97   99  100  103  100  100   97
   97   96   97   95   97   97  103  108  114  116  115  114  110  108  104  101
   98  100  106  113  126  134  147  161  198                                   
    42.5-180.0 180.0   5.0 450.0                            LAT/LON1/LON2/DLON/H
  214  225  248  274  299  320  342  360  378  389  392  399  395  404  405  420
  417  420  404  400  384  376  358  348  332  319  304  287  262  238  206  174
  148  132  124  123  123  124  120  115  108  105  103  106  107  107  107  106
  108  109  111  110  111  111  116  120  124  125  123  119  116  113  109  107
  105  110  114  127  141  156  168  190  214                                   
    40.0-180.0 180.0   5.0 450.0                            LAT/LON1/LON2/DLON/H
  235  245  268  289  312  332  353  371  390  401  407  412  414  422  427  436
  435  431  418  412  399  390  375  361  345  330  314  290  264  232  200  168
  147  134  131  132  137  138  136  128  120  113  110  109  111  109  110  109
  114  115  119  118  119  119  123  126  129  128  125  122  120  118  115  114
  111  115  121  131  150  166  185  205  235                                   
    37.5-180.0 180.0   5.0 450.0                            LAT/LON1/LON2/DLON/H
  231  250  269  295  316  334  353  369  388  401  410  420  423  434  436  446
  440  441  427  423  411  403  387  372  353  335  315  290  257  226  195  171
  156  149  150  154  158  159  153  144  132  122  116  115  113  112  109  109
  111  115  118  118  120  122  125  129  129  127  124  121  120  119  116  114
  109  110  111  123  140  161  183  212  231                                   
    35.0-180.0 180.0   5.0 450.0                            LAT/LON1/LON2/DLON/H
  237  250  274  296  315  334  349  368  386  400  413  426  434  445  450  456
  453  452  443  439  428  419  401  378  356  335  314  289  262  235  215  201
  195  194  196  197  197  192  182  168  152  140  131  129  125  120  115  111
  112  113  117  117  119  121  124  129  128  127  123  122  120  121  118  117
  110  108  105  111  125  145  174  206  237                                   
    32.5-180.0 180.0   5.0 450.0                            LAT/LON1/LON2/DLON/H
  228  245  269  297  316  330  345  359  381  396  415  429  441  449  451  457
  457  459  452  450  440  429  407  382  356  337  317  298  279  265  254  257
  259  266  263  259  248  235  218  200  179  164  153  149  143  136  125  118
  112  112  111  113  115  120  123  128  127  126  122  123  122  123  121  118
  110  102   94   96  108  132  162  205  228                                   
    30.0-180.0 180.0   5.0 450.0                            LAT/LON1/LON2/DLON/H
  237  249  280  307  324  343  354  370  385  402  419  438  448  458  457  463
  464  469  465  464  454  440  413  384  359  341  327  320  315  318  326  345
  356  367  358  346  319  291  262  239  215  200  188  183  174  164  150  137
  126  121  117  118  117  122  126  131  131  128  126  126  127  129  128  124
  116  107   96   96  104  128  162  207  237                                   
    27.5-180.0 180.0   5.0 450.0                            LAT/LON1/LON2/DLON/H
  245  258  289  319  343  357  370  379  393  409  427  443  451  453  453  459
  462  468  466  466  455  438  408  383  362  353  350  359  372  390  416  445
  461  462  450  422  385  347  310  278  252  236  224  218  207  197  179  163
  145  135  125  123  120  125  126  132  129  129  125  128  128  131  130  128
  120  110  101   98  108  134  173  222  245                                   
    25.0-180.0 180.0   5.0 450.0                            LAT/LON1/LON2/DLON/H
  269  282  319  348  367  387  395  405  413  431  445  462  464  465  460  466
  467  473  471  468  455  434  407  387  376  381  396  421  451  484  520  551
  571  563  538  494  449  399  351  316  287  270  261  254  247  235  215  196
  173  160  147  145  139  143  143  146  139  137  130  133  133  135  132  129
  124  118  113  114  123  149  192  239  269                                   
    22.5-180.0 180.0   5.0 450.0                            LAT/LON1/LON2/DLON/H
  293  313  346  375  401  415  428  434  448  465  479  489  486  480  476  472
  474  474  470  464  449  426  404  396  401  422  454  497  533  577  614  650
  665  649  607  546  482  426  374  337  307  291  284  281  277  266  248  225
  204  185  174  167  164  163  163  162  155  147  140  138  137  137  137  135
  134  130  127  127  144  171  218  266  293                                   
    20.0-180.0 180.0   5.0 450.0                            LAT/LON1/LON2/DLON/H
  323  348  386  409  436  454  458  472  483  510  517  531  519  520  506  503
  494  494  484  476  456  435  421  423  443  480  523  570  614  648  691  719
  720  700  646  575  499  438  381  347  320  310  304  306  304  295  281  256
  237  213  203  188  184  177  176  168  162  151  142  136  134  132  137  141
  145  148  152  153  170  205  247  295  323                                   
    17.5-180.0 180.0   5.0 450.0                            LAT/LON1/LON2/DLON/H
  340  374  408  440  470  488  494  509  525  546  561  573  570  561  551  538
  526  515  499  487  467  450  448  464  497  541  592  632  665  704  718  727
  718  690  632  555  477  414  360  328  306  296  289  294  296  295  287  275
  261  245  233  221  212  203  194  183  170  158  146  139  131  131  133  141
  151  157  165  170  192  233  278  325  340                                   
    15.0-180.0 180.0   5.0 450.0                            LAT/LON1/LON2/DLON/H
  354  381  425  456  492  515  528  550  562  591  600  625  621  624  611  596
  575  560  537  523  504  495  499  524  565  614  657  689  714  724  720  717
  696  662  592  519  441  385  336  314  289  281  275  281  285  286  289  284
  281  268  265  250  243  222  211  193  181  162  152  139  133  129  132  139
  150  159  170  175  203  242  292  336  354                                   
    12.5-180.0 180.0   5.0 450.0                            LAT/LON1/LON2/DLON/H
  351  387  431  473  509  535  560  577  600  622  646  667  675  677  666  650
  627  603  588  568  554  548  561  591  630  674  702  721  719  714  694  685
  650  598  526  458  395  350  313  296  273  266  257  263  263  270  273  276
  277  275  276  267  253  237  218  204  185  170  157  149  140  138  137  143
  148  158  167  181  204  250  296  341  351                                   
    10.0-180.0 180.0   5.0 450.0                            LAT/LON1/LON2/DLON/H
  352  382  439  480  526  557  589  621  644  677  698  728  731  747  733  725
  698  674  644  626  618  618  628  652  690  721  738  735  720  706  685  657
  596  536  472  415  367  336  308  295  278  270  261  259  259  263  268  269
  275  274  276  262  252  228  219  198  191  170  166  154  149  142  140  138
  146  155  166  182  206  244  292  340  352                                   
     7.5-180.0 180.0   5.0 450.0                            LAT/LON1/LON2/DLON/H
  346  389  443  497  542  579  617  645  681  704  735  757  778  785  790  783
  764  739  711  691  674  675  677  704  727  750  743  730  704  692  658  607
