data/unet/pred0140.15i
     1.0            IONOSPHERE MAPS     GNSS                IONEX VERSION / TYPE
pyspatialgeodesy        IME             05-JAN-18 20:20     PGM / RUN BY / DATE 
Map Name                                                    COMMENT             
Predicted global ionosphere maps (GIM).                     DESCRIPTION         
  2015     1    14     0     0     0                        EPOCH OF FIRST MAP  
  2015     1    15     0     0     0                        EPOCH OF LAST MAP   
  7200                                                      INTERVAL            
    13                                                      # OF MAPS IN FILE   
  NONE                                                      MAPPING FUNCTION    
10.0                                                        ELEVATION CUTOFF    
One-way carrier phase leveled to code                       OBSERVABLES USED    
  6371.0                                                    BASE RADIUS         
 2                                                          MAP DIMENSION       
   450.0 450.0   0.0                                        HGT1 / HGT2 / DHGT  
    87.5 -87.5  -2.5                                        LAT1 / LAT2 / DLAT  
  -180.0 180.0   5.0                                        LON1 / LON2 / DLON  
    -1                                                      EXPONENT            
                                                            END OF HEADER       
[from data line 3861]
    10                                                      START OF TEC MAP    
  2015     1    14    18     0     0                        EPOCH OF CURRENT MAP
    87.5-180.0 180.0   5.0 450.0                            LAT/LON1/LON2/DLON/H
  183  158  158  162  163  163  167  168  171  173  175  177  179  180  182  182
  183  184  184  183  182  179  177  173  170  167  164  161  158  156  152  151
  147  146  142  141  138  138  136  135  133  133  132  132  131  132  132  132
  132  133  133  135  134  137  137  139  138  141  140  142  141  143  142  144
  144  146  147  148  152  151  157  159  183                                   
    85.0-180.0 180.0   5.0 450.0                            LAT/LON1/LON2/DLON/H
  139  147  149  154  156  159  161  165  167  171  174  177  181  183  186  186
  189  187  190  186  188  181  181  172  173  164  164  156  156  149  148  142
  140  135  133  130  128  126  124  123  121  121  119  119  118  119  118  120
  119  122  122  124  125  127  129  129  132  132  134  134  135  136  136  136
  136  138  138  139  142  138  146  154  139                                   
    82.5-180.0 180.0   5.0 450.0                            LAT/LON1/LON2/DLON/H
  128  128  135  138  143  146  151  157  162  169  174  181  185  190  192  195
  196  197  194  193  188  183  177  169  164  155  151  143  139  133  129  125
  122  118  116  114  111  110  107  107  104  104  103  103  102  103  104  104
  107  108  111  112  115  117  120  121  124  126  126  127  127  128  126  127
  124  125  124  125  126  121  121  124  128                                   
    80.0-180.0 180.0   5.0 450.0                            LAT/LON1/LON2/DLON/H
  105  107  109  116  120  127  133  141  149  157  166  172  181  185  192  194
  199  198  198  193  188  180  172  163  153  144  134  126  118  112  108  103
  103   99  100   95   97   92   95   91   93   90   91   90   90   91   92   93
   96   98  102  104  109  111  116  118  122  123  125  125  125  124  121  120
  117  115  111  110  108  100  101  103  105                                   
    77.5-180.0 180.0   5.0 450.0                            LAT/LON1/LON2/DLON/H
   82   84   87   91   97  104  112  120  130  141  151  162  171  180  188  195
  197  201  197  194  184  177  164  152  138  124  112  101   92   85   82   78
   78   77   78   78   78   78   79   77   77   76   76   75   75   77   80   81
   85   88   93   97  101  106  110  115  117  120  122  122  122  120  117  113
  109  104  101   95   90   83   82   78   82                                   
    75.0-180.0 180.0   5.0 450.0                            LAT/LON1/LON2/DLON/H
   71   69   69   77   81   91   96  107  115  129  139  153  164  178  188  198
  204  208  206  203  190  181  164  149  129  115   98   89   76   72   66   65
   64   67   68   69   69   72   71   71   69   70   69   70   68   73   73   79
   79   87   89   96  100  106  111  115  120  121  125  124  125  122  120  115
  110  105   99   92   84   74   76   74   71                                   
    72.5-180.0 180.0   5.0 450.0                            LAT/LON1/LON2/DLON/H
   70   67   64   68   72   79   85   95  104  118  130  145  160  178  194  208
  217  225  225  223  207  194  174  154  133  113   96   82   72   64   62   60
   62   64   67   68   69   69   70   68   66   66   65   65   66   69   71   75
   79   84   89   94   99  104  110  113  117  120  122  122  123  121  119  114
  109  103   98   89   82   72   74   65   70                                   
    70.0-180.0 180.0   5.0 450.0                            LAT/LON1/LON2/DLON/H
   76   71   67   72   72   79   82   91   97  111  123  142  161  185  202  223
  235  246  253  252  240  225  194  170  142  122  103   88   77   70   66   65
   65   68   71   71   72   71   69   68   65   65   64   65   65   68   69   75
   77   84   86   92   94  100  104  108  112  114  117  118  119  118  117  113
  110  105  101   94   86   75   77   74   76                                   
    67.5-180.0 180.0   5.0 450.0                            LAT/LON1/LON2/DLON/H
   78   76   73   75   74   78   80   87   94  107  121  142  165  190  214  240
  258  278  287  294  281  268  239  209  171  148  124  105   93   83   80   76
   77   77   78   76   74   71   68   65   61   61   60   62   61   65   67   70
   74   77   82   83   87   87   93   93  100   99  104  104  108  106  108  105
  105  101   99   92   87   78   81   75   78                                   
    65.0-180.0 180.0   5.0 450.0                            LAT/LON1/LON2/DLON/H
   81   81   78   81   78   81   83   89   96  109  125  149  172  204  231  259
  283  298  320  320  322  303  284  250  214  182  155  133  117  106  102   98
   95   92   88   82   78   71   66   60   59   56   57   57   58   60   62   65
   66   69   70   72   72   73   75   76   81   80   86   86   91   91   94   95
   97   95   95   91   86   79   82   81   81                                   
    62.5-180.0 180.0   5.0 450.0                            LAT/LON1/LON2/DLON/H
   72   77   76   79   77   81   84   93  101  116  133  155  182  213  242  277
  302  329  344  354  351  344  328  303  271  241  209  185  161  150  137  131
  120  110   98   87   78   68   62   56   53   53   53   54   54   55   56   57
   57   57   58   56   57   54   57   57   61   62   66   68   72   74   78   80
   83   83   84   82   79   74   80   75   72                                   
    60.0-180.0 180.0   5.0 450.0                            LAT/LON1/LON2/DLON/H
   64   70   70   74   73   78   85   95  107  126  144  168  194  229  258  292
  321  341  368  373  381  368  360  337  312  285  258  235  214  196  181  168
  151  134  113   94   81   68   59   52   50   49   51   52   52   50   51   49
   48   47   44   44   41   41   42   43   45   45   50   50   56   57   62   64
   69   71   72   71   68   64   71   65   64                                   
    57.5-180.0 180.0   5.0 450.0                            LAT/LON1/LON2/DLON/H
   50   58   59   64   67   78   86  100  117  135  157  181  208  238  268  302
  330  362  380  397  396  395  382  367  346  325  304  285  266  246  226  207
  181  158  128  105   84   70   60   52   50   49   52   53   53   50   49   45
   42   39   39   36   35   33   34   35   37   38   39   42   43   46   49   53
   56   58   60   58   56   52   61   48   50                                   
    55.0-180.0 180.0   5.0 450.0                            LAT/LON1/LON2/DLON/H
   40   48   47   55   60   74   89  106  126  150  175  201  225  255  278  308
  336  361  386  398  407  401  395  378  365  349  333  319  302  285  263  239
  211  178  146  115   95   78   68   60   58   56   58   58   57   53   51   46
   43   41   40   38   37   36   36   37   39   39   40   40   40   40   43   45
   49   51   53   52   49   47   55   38   40                                   
    52.5-180.0 180.0   5.0 450.0                            LAT/LON1/LON2/DLON/H
   29   40   44   50   58   73   89  113  137  165  191  216  240  263  286  314
  336  366  383  403  404  405  396  388  374  366  352  343  331  313  292  265
  232  197  160  131  107   89   78   71   70   67   68   67   66   62   59   54
   51   49   47   47   45   46   46   48   49   50   48   47   44   44   45   47
   51   51   53   51   52   48   56   32   29                                   
    50.0-180.0 180.0   5.0 450.0                            LAT/LON1/LON2/DLON/H
   34   45   45   52   60   77   98  125  156  188  215  243  259  283  297  320
  338  361  378  391  399  396  395  386  381  374  366  359  346  330  307  279
  245  208  175  145  123  106   96   89   87   82   83   79   79   73   71   67
   64   63   62   62   63   61   64   63   66   64   61   58   54   52   52   54
   57   60   62   60   59   56   61   41   34                                   
    47.5-180.0 180.0   5.0 450.0                            LAT/LON1/LON2/DLON/H
   46   58   60   63   74   90  110  142  173  208  234  259  276  297  307  329
  341  362  370  384  386  391  390  387  383  379  371  362  349  331  310  279
  247  211  182  157  136  121  112  105  102   98   97   95   92   88   85   83
   79   79   78   80   79   80   80   82   82   80   77   71   67   64   63   64
   67   69   71   70   72   68   74   54   46                                   
    45.0-180.0 180.0   5.0 450.0                            LAT/LON1/LON2/DLON/H
   66   77   78   83   91  107  130  164  200  235  262  286  296  316  324  340
  352  364  372  373  382  382  391  387  391  381  376  361  346  325  302  272
  240  208  184  163  148  136  128  120  117  111  109  106  104  100   98   95
   94   93   93   94   95   93   95   94   94   90   86   80   76   73   73   74
   77   81   85   85   85   83   87   72   66                                   
    42.5-180.0 180.0   5.0 450.0                            LAT/LON1/LON2/DLON/H
   85   91   94   98  113  128  152  184  219  254  280  306  318  335  342  358
  365  377  377  385  386  393  396  399  398  390  378  359  338  315  289  258
  231  203  184  166  155  148  140  134  127  121  115  113  109  108  105  105
  103  103  102  103  101  101   99   99   98   94   90   84   81   79   79   79
   83   86   92   92   95   93  100   90   85                                   
    40.0-180.0 180.0   5.0 450.0                            LAT/LON1/LON2/DLON/H
   92  103  108  118  131  146  171  204  239  276  303  327  339  354  363  376
  384  387  392  389  398  398  408  404  405  391  377  354  330  306  276  250
  224  202  187  174  169  160  155  144  137  127  122  118  115  112  111  109
  108  106  104  102  101   99   98   96   96   91   88   82   80   80   82   83
   85   90   94   97   99   99  108   95   92                                   
    37.5-180.0 180.0   5.0 450.0                            LAT/LON1/LON2/DLON/H
   89  104  112  124  143  158  184  211  245  281  312  337  354  369  380  393
  398  407  407  412  413  416  417  416  410  397  378  355  329  302  276  253
  232  215  203  193  186  177  168  157  145  134  126  123  118  118  113  113
  110  108  103  100   95   95   92   91   89   86   82   78   77   77   78   79
   81   81   85   86   92   94  102   97   89                                   
    35.0-180.0 180.0   5.0 450.0                            LAT/LON1/LON2/DLON/H
   82   96  110  130  149  169  193  221  254  292  323  348  367  383  394  404
  412  416  424  423  431  427  429  417  414  398  383  363  340  318  295  278
  264  247  240  224  218  204  194  176  163  148  140  135  131  128  122  118
  112  108  102  100   94   94   92   91   89   85   80   76   74   74   73   73
   71   71   72   74   77   81   88   86   82                                   
    32.5-180.0 180.0   5.0 450.0                            LAT/LON1/LON2/DLON/H
   68   83   97  120  147  165  191  215  247  283  318  344  367  385  402  412
  419  428  434  441  443  441  435  426  418  408  396  384  369  353  339  325
  314  299  286  273  259  242  225  208  188  174  162  153  146  141  133  126
  118  113  108  106  101  104  103  104  103   98   94   86   84   78   76   70
   69   64   62   58   63   65   70   75   68                                   
    30.0-180.0 180.0   5.0 450.0                            LAT/LON1/LON2/DLON/H
   46   67   90  114  141  166  189  219  250  288  322  350  372  393  407  416
  425  431  441  444  452  445  438  424  420  419  418  419  415  412  407  398
  391  373  359  336  315  292  268  247  223  210  193  184  172  167  154  149
  132  128  117  119  110  113  106  108  105  104  101   96   93   92   89   82
   75   69   58   53   49   53   54   59   46                                   
    27.5-180.0 180.0   5.0 450.0                            LAT/LON1/LON2/DLON/H
   37   64   89  120  143  168  190  217  245  280  313  343  370  391  409  416
  425  433  443  450  453  448  438  432  433  443  455  469  482  489  497  494
  485  465  438  410  371  340  309  288  266  251  229  220  197  190  169  165
  146  143  133  136  133  135  132  131  129  122  115  104   99   89   89   83
   86   76   66   53   49   44   46   45   37                                   
    25.0-180.0 180.0   5.0 450.0                            LAT/LON1/LON2/DLON/H
   40   70   97  130  152  177  197  225  249  289  319  355  379  403  414  425
  430  437  446  453  456  452  443  442  452  477  504  534  563  577  596  594
  593  565  528  481  437  384  348  318  299  280  262  248  224  212  193  188
  171  169  160  165  160  167  162  164  156  149  136  128  119  108  100   94
   91   88   78   72   57   54   47   46   40                                   
    22.5-180.0 180.0   5.0 450.0                            LAT/LON1/LON2/DLON/H
   57   98  119  155  177  188  198  218  236  276  313  363  387  413  426  431
  438  444  450  461  460  464  455  469  486  523  561  600  638  666  690  699
  692  660  600  543  485  433  383  357  331  313  290  272  248  231  212  203
  191  186  183  188  186  197  193  198  185  178  160  152  141  136  125  111
  110  100   97   86   78   69   62   60   57                                   
    20.0-180.0 180.0   5.0 450.0                            LAT/LON1/LON2/DLON/H
   83  121  146  181  202  219  222  244  253  300  326  383  403  437  443  459
  454  462  462  472  475  480  479  500  527  570  617  654  710  740  770  770
  766  718  655  576  519  465  420  388  365  343  321  298  277  253  241  227
  218  211  203  206  208  216  216  217  205  194  174  164  154  151  145  136
  130  121  115  109   99   91   85   79   83                                   
    17.5-180.0 180.0   5.0 450.0                            LAT/LON1/LON2/DLON/H
  104  144  173  208  234  253  266  274  289  324  352  395  416  448  459  478
  478  486  485  501  503  516  520  545  577  611  663  706  764  784  800  796
  778  733  661  587  521  478  431  410  377  364  336  318  292  276  264  257
  248  241  232  231  223  230  225  227  212  203  180  173  160  161  154  149
  145  139  136  130  126  119  113  100  104                                   
    15.0-180.0 180.0   5.0 450.0                            LAT/LON1/LON2/DLON/H
  123  153  192  227  260  280  297  313  324  363  383  436  450  492  491  523
  511  532  525  547  545  560  569  597  627  652  696  734  784  788  799  785
  765  718  651  580  518  475  437  412  384  364  339  319  302  291  287  284
  280  272  262  251  246  241  239  233  220  209  194  184  174  169  166  160
  156  152  150  145  139  132  127  106  123                                   
    12.5-180.0 180.0   5.0 450.0                            LAT/LON1/LON2/DLON/H
  119  158  195  240  274  302  329  347  366  399  426  456  483  510  525  545
  553  565  576  592  604  616  627  643  666  680  713  742  770  771  765  749
  718  676  614  563  505  472  431  411  377  358  327  315  297  296  285  290
  281  281  265  262  246  249  233  234  218  215  195  190  172  171  159  158
  155  154  154  150  147  136  128  108  119                                   
    10.0-180.0 180.0   5.0 450.0                            LAT/LON1/LON2/DLON/H
  117  153  189  238  283  321  355  380  410  441  466  501  525  563  567  602
  606  637  636  659  662  672  680  696  714  712  716  728  741  730  721  699
  670  634  589  548  500  467  429  405  371  348  321  308  293  287  283  285
  283  279  270  261  249  242  232  226  218  211  201  190  178  170  165  162
  157  156  152  148  138  130  125  100  117                                   
     7.5-180.0 180.0   5.0 450.0                            LAT/LON1/LON2/DLON/H
  100  142  174  224  282  326  370  403  446  478  506  530  557  578  603  630
  658  676  695  707  722  726  733  742  739  718  708  711  702  688  675  656
