data/unet/pred2350.15i
     1.0            IONOSPHERE MAPS     GNSS                IONEX VERSION / TYPE
pyspatialgeodesy        IME             05-JAN-18 20:20     PGM / RUN BY / DATE 
Map Name                                                    COMMENT             
Predicted global ionosphere maps (GIM).                     DESCRIPTION         
  2015     8    23     0     0     0                        EPOCH OF FIRST MAP  
  2015     8    24     0     0     0                        EPOCH OF LAST MAP   
  7200                                                      INTERVAL            
    13                                                      # OF MAPS IN FILE   
  NONE                                                      MAPPING FUNCTION    
10.0                                                        ELEVATION CUTOFF    
One-way carrier phase leveled to code                       OBSERVABLES USED    
  6371.0                                                    BASE RADIUS         
 2                                                          MAP DIMENSION       
   450.0 450.0   0.0                                        HGT1 / HGT2 / DHGT  
    87.5 -87.5  -2.5                                        LAT1 / LAT2 / DLAT  
  -180.0 180.0   5.0                                        LON1 / LON2 / DLON  
    -1                                                      EXPONENT            
                                                            END OF HEADER       
[from data line 3432]
     9                                                      START OF TEC MAP    
  2015     8    23    16     0     0                        EPOCH OF CURRENT MAP
    87.5-180.0 180.0   5.0 450.0                            LAT/LON1/LON2/DLON/H
  137  143  141  142  141  140  140  140  140  141  141  141  141  141  141  141
  141  141  141  140  140  140  139  139  138  138  137  136  136  135  135  134
  134  134  134  133  133  133  133  133  133  132  133  132  132  132  132  132
  132  132  132  132  133  133  133  133  134  134  134  134  134  134  134  135
  135  136  135  137  137  139  144  158  137                                   
    85.0-180.0 180.0   5.0 450.0                            LAT/LON1/LON2/DLON/H
  117  135  133  135  136  135  137  136  138  137  139  137  139  138  138  137
  138  137  138  136  137  136  136  134  134  132  131  129  129  126  126  124
  124  122  123  121  122  121  121  120  121  120  120  119  119  119  119  119
  120  120  120  120  121  121  122  122  123  123  123  123  125  124  125  125
  126  126  127  128  129  128  130  130  117                                   
    82.5-180.0 180.0   5.0 450.0                            LAT/LON1/LON2/DLON/H
  120  120  122  122  123  123  125  124  127  126  129  127  130  128  130  128
  131  128  130  128  129  127  127  126  124  123  120  119  116  116  112  112
  110  110  108  108  107  108  107  107  107  107  107  108  107  108  107  109
  108  110  109  110  109  111  110  112  111  112  111  112  111  112  111  112
  112  113  113  114  116  112  124  114  120                                   
    80.0-180.0 180.0   5.0 450.0                            LAT/LON1/LON2/DLON/H
  106  111  113  116  115  118  118  121  121  123  123  125  125  127  126  128
  127  129  127  129  127  129  127  128  125  125  121  121  116  116  110  111
  106  107  103  105  102  104  102  105  102  105  102  106  102  106  103  106
  103  106  104  107  104  107  104  107  104  106  103  106  103  105  102  105
  103  106  104  107  105  107  109  107  106                                   
    77.5-180.0 180.0   5.0 450.0                            LAT/LON1/LON2/DLON/H
   94  104  103  105  106  108  111  113  114  115  117  118  119  120  121  122
  123  124  125  125  126  126  127  125  124  122  120  118  115  113  109  108
  105  103  102  101  100  101  101  101  101  101  101  101  101  100  100  100
  100   99  100   99   99   99   99   98   97   96   96   95   95   94   94   94
   94   94   96   95   96   91   93   94   94                                   
    75.0-180.0 180.0   5.0 450.0                            LAT/LON1/LON2/DLON/H
   84   94   95   97  100  101  106  106  110  110  114  113  116  115  118  116
  119  119  123  123  127  128  131  129  130  127  126  122  119  116  113  109
  107  103  103  101  101  101  102  101  101  101  101  100   99   99   98   97
   98   96   97   96   96   95   95   92   92   89   89   87   87   85   86   84
   85   84   87   85   88   86   89   90   84                                   
    72.5-180.0 180.0   5.0 450.0                            LAT/LON1/LON2/DLON/H
   77   89   88   91   93   95   99  101  103  105  107  108  109  110  111  112
  114  116  119  122  126  129  133  133  134  131  130  125  123  119  115  113
  110  107  106  105  104  105  104  105  103  103  101  101   99   98   97   96
   95   94   94   93   92   91   90   88   86   84   81   81   78   78   76   76
   75   77   77   79   79   78   79   82   77                                   
    70.0-180.0 180.0   5.0 450.0                            LAT/LON1/LON2/DLON/H
   73   80   83   85   89   90   97   96  102  101  106  104  108  106  109  107
  111  111  116  120  126  130  136  137  140  138  137  132  129  125  121  117
  114  111  110  109  109  109  109  109  107  107  104  103  100   99   96   96
   94   93   92   91   90   88   87   84   82   78   76   74   72   70   69   69
   69   69   71   70   72   72   76   77   73                                   
    67.5-180.0 180.0   5.0 450.0                            LAT/LON1/LON2/DLON/H
   70   79   77   80   83   86   91   94   97  100  103  104  106  106  106  107
  108  110  114  119  125  130  137  139  143  141  141  136  134  127  124  121
  119  116  115  114  114  114  114  114  111  110  107  104  102   99   97   96
   95   93   93   91   89   87   84   82   78   76   71   71   67   66   63   64
   62   64   65   67   67   66   69   72   70                                   
    65.0-180.0 180.0   5.0 450.0                            LAT/LON1/LON2/DLON/H
   68   72   74   76   81   84   91   92   99   99  106  104  110  106  110  106
  110  109  114  117  126  130  138  140  145  142  144  138  137  131  128  125
  122  121  119  119  118  119  118  120  116  116  111  110  105  103   99   99
   97   97   96   94   92   89   86   82   79   75   71   68   66   63   61   60
   60   59   61   60   62   64   67   69   68                                   
    62.5-180.0 180.0   5.0 450.0                            LAT/LON1/LON2/DLON/H
   66   71   72   72   76   81   87   91   96   99  105  108  112  113  114  114
  115  114  116  120  126  130  137  139  142  141  141  138  138  133  132  130
  129  128  126  125  123  124  123  123  121  119  116  113  110  106  104  102
  102  100   99   97   94   91   87   84   79   77   71   70   66   63   59   58
   57   57   59   59   60   58   60   63   66                                   
    60.0-180.0 180.0   5.0 450.0                            LAT/LON1/LON2/DLON/H
   63   64   67   70   76   80   88   89   98   99  108  108  117  115  122  118
  122  117  122  122  127  128  136  136  140  137  140  135  138  134  135  134
  133  134  130  131  128  130  127  130  126  127  122  121  116  113  109  110
  108  108  106  104  100   96   91   88   84   81   76   73   70   65   61   57
   56   54   56   55   56   57   59   60   63                                   
    57.5-180.0 180.0   5.0 450.0                            LAT/LON1/LON2/DLON/H
   61   65   67   69   72   79   84   88   94   99  105  111  117  121  125  126
  128  126  126  125  128  128  132  131  134  132  133  133  136  136  139  141
  142  140  138  136  133  133  133  134  133  132  129  126  122  119  116  115
  114  113  110  108  102   98   93   91   87   85   80   79   74   70   63   60
   55   55   54   54   54   52   53   52   61                                   
    55.0-180.0 180.0   5.0 450.0                            LAT/LON1/LON2/DLON/H
   59   60   64   67   73   78   86   88   97   99  110  111  122  122  132  130
  135  130  131  128  129  127  130  128  132  128  132  130  137  136  143  146
  148  148  145  143  140  141  140  143  142  143  139  137  132  129  126  126
  124  123  119  115  109  104  100   97   95   94   90   86   81   74   68   61
   57   54   54   51   52   53   54   52   59                                   
    52.5-180.0 180.0   5.0 450.0                            LAT/LON1/LON2/DLON/H
   60   64   66   69   73   79   84   89   95  101  108  114  122  127  134  137
  140  137  135  131  130  127  129  126  129  127  130  131  138  141  149  153
  156  154  151  149  146  147  147  150  149  150  147  144  140  136  133  132
  130  128  124  119  112  108  102  102  100  101   96   95   88   81   72   67
   59   59   56   56   53   51   51   48   60                                   
    50.0-180.0 180.0   5.0 450.0                            LAT/LON1/LON2/DLON/H
   61   62   66   69   77   81   90   92  102  104  114  117  128  130  141  142
  148  142  142  135  136  130  133  129  132  129  134  134  142  144  154  157
  161  160  159  156  155  156  158  160  161  160  158  155  152  149  146  144
  143  140  135  129  121  115  111  111  112  113  110  106   99   89   81   72
   67   64   62   59   58   58   59   54   61                                   
    47.5-180.0 180.0   5.0 450.0                            LAT/LON1/LON2/DLON/H
   67   70   72   74   79   85   90   96  104  110  116  122  130  137  146  150
  154  149  146  140  138  133  135  133  136  135  140  141  148  151  159  163
  167  166  165  164  163  164  166  168  169  168  165  163  159  156  154  152
  150  146  141  135  126  121  115  117  117  121  116  114  105   98   87   81
   71   71   68   68   63   61   62   58   67                                   
    45.0-180.0 180.0   5.0 450.0                            LAT/LON1/LON2/DLON/H
   71   71   74   75   82   86   97  100  113  117  127  130  141  145  156  158
  164  159  156  148  147  140  143  140  145  144  148  149  154  157  163  167
  171  171  172  173  174  177  180  181  182  179  178  173  172  167  166  163
  162  157  152  144  136  130  126  126  128  130  128  124  117  108   98   90
   84   80   78   75   74   73   73   68   71                                   
    42.5-180.0 180.0   5.0 450.0                            LAT/LON1/LON2/DLON/H
   76   78   79   79   83   90   99  108  119  127  137  143  150  156  165  170
  174  169  165  156  152  148  149  149  154  155  159  160  163  165  170  175
  180  183  185  187  191  194  197  197  196  191  188  183  181  177  175  171
  170  165  160  153  143  139  133  135  135  138  133  132  124  118  107  102
   92   91   85   86   79   76   79   77   76                                   
    40.0-180.0 180.0   5.0 450.0                            LAT/LON1/LON2/DLON/H
   80   79   78   76   82   88  102  110  127  137  152  156  167  169  180  182
  187  182  178  168  165  157  160  159  165  165  170  170  174  174  179  184
  192  197  202  207  212  216  219  217  214  207  203  197  195  190  188  182
  180  174  171  163  155  148  144  142  143  143  141  138  134  128  121  115
  107  103   98   95   90   88   90   86   80                                   
    37.5-180.0 180.0   5.0 450.0                            LAT/LON1/LON2/DLON/H
   82   82   77   76   77   88   98  114  130  146  161  169  179  183  190  194
  198  193  188  179  174  169  169  169  174  177  181  183  185  188  194  203
  213  220  228  233  239  240  243  238  233  223  218  211  209  203  200  193
  189  183  177  170  160  155  148  147  145  146  143  144  139  137  128  126
  115  114  105  104   92   89   92   91   82                                   
    35.0-180.0 180.0   5.0 450.0                            LAT/LON1/LON2/DLON/H
   84   81   75   69   75   81   98  111  135  150  171  179  193  194  203  205
  211  205  203  191  189  179  181  178  184  186  195  195  202  204  216  225
  240  250  261  265  271  271  271  263  256  245  238  231  227  220  214  205
  198  191  184  175  167  158  153  147  145  143  142  141  141  142  138  135
  127  124  114  110  101   97   96   94   84                                   
    32.5-180.0 180.0   5.0 450.0                            LAT/LON1/LON2/DLON/H
   85   80   70   69   67   79   90  110  131  153  172  184  197  202  210  212
  217  214  210  202  199  191  190  189  192  198  205  212  222  231  246  262
  279  292  304  307  309  304  300  287  278  265  258  250  245  235  228  216
  209  198  190  179  168  158  149  144  141  140  137  140  141  144  140  141
  131  131  119  116  103   97   97   95   85                                   
    30.0-180.0 180.0   5.0 450.0                            LAT/LON1/LON2/DLON/H
   87   81   70   66   70   76   92  107  131  150  172  186  201  206  214  216
  222  218  218  210  208  198  198  194  199  202  216  225  245  258  280  300
  321  333  343  343  342  335  328  315  301  288  280  270  264  251  241  226
  216  204  194  181  170  157  147  138  133  129  128  131  133  139  140  143
  135  135  124  122  109  105  102   96   87                                   
    27.5-180.0 180.0   5.0 450.0                            LAT/LON1/LON2/DLON/H
   92   81   69   68   68   79   90  107  126  147  167  182  196  204  213  215
  221  220  220  216  216  210  207  205  207  212  227  243  268  292  318  341
  361  370  378  374  369  356  347  332  321  307  300  290  281  265  252  234
  221  205  194  180  165  151  142  133  129  124  123  126  128  135  135  140
  134  137  125  127  111  108  105  100   92                                   
    25.0-180.0 180.0   5.0 450.0                            LAT/LON1/LON2/DLON/H
   97   87   76   73   78   84   98  110  127  143  162  176  191  201  211  214
  221  219  222  218  221  216  215  210  214  219  241  260  294  321  352  376
  393  401  402  398  389  378  365  352  340  332  325  313  303  281  265  243
  226  207  192  176  161  147  136  129  121  116  113  116  117  125  127  135
  130  136  128  130  118  116  112  103   97                                   
    22.5-180.0 180.0   5.0 450.0                            LAT/LON1/LON2/DLON/H
  104   90   77   81   80   93  101  116  128  141  155  169  183  193  204  211
  217  218  221  221  226  225  226  221  227  232  256  284  320  349  379  403
  417  420  419  410  398  386  374  361  352  347  341  330  316  293  272  250
  228  209  189  174  158  147  138  131  125  119  115  116  116  121  122  130
  126  137  128  136  123  121  114  110  104                                   
    20.0-180.0 180.0   5.0 450.0                            LAT/LON1/LON2/DLON/H
  107   94   87   86   93  101  113  123  134  141  153  164  178  190  202  210
  219  219  224  223  231  230  235  231  239  247  277  304  344  373  402  426
  433  436  429  418  402  393  382  374  366  364  358  350  334  311  286  261
  237  215  195  179  163  152  142  137  128  121  113  111  108  112  111  121
  120  131  131  136  130  125  119  111  107                                   
    17.5-180.0 180.0   5.0 450.0                            LAT/LON1/LON2/DLON/H
  113   96   87   91   93  107  114  129  135  145  150  163  173  188  199  211
  218  222  225  228  235  238  245  245  256  266  299  326  366  392  418  435
  440  436  428  415  398  390  384  379  375  372  368  357  342  317  291  264
  241  221  200  184  169  158  152  147  139  131  121  115  110  109  108  116
  113  129  125  138  126  125  115  114  113                                   
    15.0-180.0 180.0   5.0 450.0                            LAT/LON1/LON2/DLON/H
  108   96   89   87   97  106  120  129  142  146  156  164  177  191  204  217
  225  228  236  235  245  247  259  262  276  289  320  346  381  407  425  440
  436  433  420  408  393  390  390  390  388  387  381  370  353  330  304  280
  255  233  212  195  181  173  165  161  150  142  126  118  108  107  100  109
  106  120  120  125  123  116  111  107  108                                   
    12.5-180.0 180.0   5.0 450.0                            LAT/LON1/LON2/DLON/H
  105   91   84   88   88  106  113  132  140  153  158  171  180  198  210  227
  233  240  242  247  255  262  274  281  298  312  342  364  396  415  430  434
  431  422  411  400  390  391  395  398  399  395  388  375  357  334  310  285
  262  241  221  205  190  183  176  173  164  154  138  128  116  109  104  107
  103  115  112  120  109  105   98  100  105                                   
    10.0-180.0 180.0   5.0 450.0                            LAT/LON1/LON2/DLON/H
   90   85   80   77   84   95  113  126  143  153  167  176  191  209  226  242
  251  257  261  262  272  278  294  302  321  333  360  376  402  418  424  427
  419  415  406  400  397  402  410  415  415  411  401  385  363  341  318  293
  271  250  231  214  201  195  189  185  174  163  145  134  121  115  103  107
  100  110  107  107  101   92   91   87   90                                   
     7.5-180.0 180.0   5.0 450.0                            LAT/LON1/LON2/DLON/H
   84   78   73   75   73   90  100  123  138  158  168  185  196  218  234  254
  262  271  272  275  282  289  305  318  338  353  374  388  409  418  420  419
