data/unet/pred1860.15i
     1.0            IONOSPHERE MAPS     GNSS                IONEX VERSION / TYPE
pyspatialgeodesy        IME             05-JAN-18 20:20     PGM / RUN BY / DATE 
Map Name                                                    COMMENT             
Predicted global ionosphere maps (GIM).                     DESCRIPTION         
  2015     7     5     0     0     0                        EPOCH OF FIRST MAP  
  2015     7     6     0     0     0                        EPOCH OF LAST MAP   
  7200                                                      INTERVAL            
    13                                                      # OF MAPS IN FILE   
  NONE                                                      MAPPING FUNCTION    
10.0                                                        ELEVATION CUTOFF    
One-way carrier phase leveled to code                       OBSERVABLES USED    
  6371.0                                                    BASE RADIUS         
 2                                                          MAP DIMENSION       
   450.0 450.0   0.0                                        HGT1 / HGT2 / DHGT  
    87.5 -87.5  -2.5                                        LAT1 / LAT2 / DLAT  
  -180.0 180.0   5.0                                        LON1 / LON2 / DLON  
    -1                                                      EXPONENT            
                                                            END OF HEADER       
[from data line 1287]
     4                                                      START OF TEC MAP    
  2015     7     5     6     0     0                        EPOCH OF CURRENT MAP
    87.5-180.0 180.0   5.0 450.0                            LAT/LON1/LON2/DLON/H
  173  198  189  191  193  191  194  193  197  196  198  197  199  198  199  198
  199  198  198  196  197  195  194  193  192  191  190  189  189  187  186  182
  183  178  179  175  178  173  175  171  175  169  172  166  170  164  166  160
  163  158  160  156  158  155  157  155  157  156  159  158  161  160  163  162
  165  164  167  166  171  166  188  171  173                                   
    85.0-180.0 180.0   5.0 450.0                            LAT/LON1/LON2/DLON/H
  186  188  185  191  191  191  192  192  195  194  196  195  197  197  198  197
  197  196  195  194  194  191  191  188  188  185  185  182  183  179  179  174
  175  170  169  167  168  166  166  164  166  164  164  162  163  160  159  157
  158  156  157  155  156  155  157  156  158  157  159  159  161  161  163  163
  165  165  166  167  170  166  173  182  186                                   
    82.5-180.0 180.0   5.0 450.0                            LAT/LON1/LON2/DLON/H
  178  184  182  187  188  188  192  190  194  192  196  194  197  197  199  197
  199  196  196  192  192  189  188  185  186  183  183  180  180  177  173  170
  166  164  159  160  159  160  157  159  159  160  157  158  157  157  153  153
  152  152  150  151  150  150  148  150  150  151  150  153  153  156  154  158
  157  160  158  161  160  162  164  163  178                                   
    80.0-180.0 180.0   5.0 450.0                            LAT/LON1/LON2/DLON/H
  184  184  181  184  186  188  191  192  193  193  195  193  196  194  197  196
  198  195  191  188  186  184  182  182  182  181  180  178  179  173  173  169
  169  167  165  165  165  165  163  164  163  163  161  162  160  160  157  158
  157  156  156  155  157  154  157  155  158  155  158  157  160  159  161  160
  162  161  163  161  164  157  160  156  184                                   
    77.5-180.0 180.0   5.0 450.0                            LAT/LON1/LON2/DLON/H
  180  183  179  180  185  187  190  188  190  186  190  187  190  188  192  192
  194  191  189  182  180  174  173  169  171  169  170  171  171  170  169  169
  170  168  169  168  170  168  168  166  167  164  164  164  164  163  161  163
  162  163  162  164  164  165  165  166  166  166  166  167  167  167  167  166
  166  164  165  160  162  156  159  156  180                                   
    75.0-180.0 180.0   5.0 450.0                            LAT/LON1/LON2/DLON/H
  187  187  181  183  188  191  192  191  188  186  186  184  185  185  188  190
  191  190  188  183  180  176  170  167  165  164  165  162  163  162  164  167
  169  171  172  174  175  174  174  172  171  169  168  167  167  165  165  165
  165  165  166  166  166  167  167  167  167  167  168  170  170  171  171  170
  168  168  166  163  162  154  158  154  187                                   
    72.5-180.0 180.0   5.0 450.0                            LAT/LON1/LON2/DLON/H
  187  189  183  188  189  191  190  184  183  177  178  175  175  176  179  182
  184  186  185  182  180  172  169  160  160  155  155  155  155  158  161  166
  172  174  179  178  182  179  180  176  177  173  174  171  173  172  171  173
  172  174  173  175  174  174  173  173  173  172  173  174  176  175  177  174
  174  171  170  165  165  158  156  159  187                                   
    70.0-180.0 180.0   5.0 450.0                            LAT/LON1/LON2/DLON/H
  192  189  184  187  191  188  187  180  178  174  173  169  169  167  172  175
  177  180  178  176  175  167  163  154  152  146  143  143  144  151  156  165
  172  175  180  180  183  180  180  178  178  176  176  175  178  176  177  175
  177  175  176  174  175  171  170  167  168  167  169  171  175  176  179  178
  178  174  172  168  169  157  158  158  192                                   
    67.5-180.0 180.0   5.0 450.0                            LAT/LON1/LON2/DLON/H
  193  187  183  189  188  185  183  178  177  171  171  166  165  162  166  166
  170  169  167  165  162  157  151  144  141  134  133  133  139  146  157  164
  173  176  181  181  184  181  181  178  180  179  180  182  185  186  185  186
  185  185  181  180  178  175  170  168  167  166  168  170  176  178  183  183
  184  181  178  174  173  165  160  165  193                                   
    65.0-180.0 180.0   5.0 450.0                            LAT/LON1/LON2/DLON/H
  199  190  185  187  188  183  183  178  176  171  169  164  160  154  155  153
  151  155  148  150  141  138  127  125  118  118  115  121  128  141  151  160
  167  170  174  174  177  175  175  175  177  178  182  184  189  189  190  190
  189  186  184  180  175  169  164  159  158  156  159  162  169  172  179  179
  182  179  177  171  173  160  163  166  199                                   
    62.5-180.0 180.0   5.0 450.0                            LAT/LON1/LON2/DLON/H
  204  194  190  194  193  189  188  182  182  173  172  165  161  153  156  147
  147  137  136  125  123  110  108   98  100   95  103  107  124  135  151  161
  169  172  174  174  176  175  175  175  179  182  186  191  195  199  197  199
  195  194  188  184  178  172  164  159  157  154  157  159  166  173  177  181
  181  181  177  174  174  169  167  174  204                                   
    60.0-180.0 180.0   5.0 450.0                            LAT/LON1/LON2/DLON/H
  214  207  201  204  204  199  198  189  186  178  175  165  159  150  146  137
  132  127  120  116  105  104   90   94   85   94   92  107  114  131  138  153
  156  164  162  166  166  167  167  169  176  181  189  194  202  205  206  206
  204  202  197  192  186  177  168  161  159  157  157  159  165  168  174  175
  178  176  175  170  174  165  169  178  214                                   
    57.5-180.0 180.0   5.0 450.0                            LAT/LON1/LON2/DLON/H
  223  212  213  217  215  211  210  200  195  185  180  169  163  151  146  137
  134  127  126  112  109   95   94   84   87   84   93   99  115  125  136  147
  154  160  162  165  168  169  172  175  183  190  200  205  215  218  221  220
  218  215  211  207  202  194  185  176  172  168  168  168  172  175  177  179
  179  180  179  176  179  176  179  188  223                                   
    55.0-180.0 180.0   5.0 450.0                            LAT/LON1/LON2/DLON/H
  238  234  232  237  234  228  225  214  206  194  186  173  164  149  142  130
  126  117  112  102   92   88   77   83   75   89   85  105  106  126  127  143
  142  154  154  160  163  166  171  173  184  190  204  211  223  228  231  230
  229  227  225  222  219  213  204  195  188  183  179  177  178  179  179  180
  180  179  180  178  183  180  187  201  238                                   
    52.5-180.0 180.0   5.0 450.0                            LAT/LON1/LON2/DLON/H
  249  246  250  255  250  245  239  227  219  204  194  178  167  151  143  132
  127  116  114  102  100   91   94   88   97   94  104  107  119  124  134  139
  148  155  162  165  171  175  180  183  195  200  213  220  232  235  241  239
  241  241  242  241  241  237  230  222  213  207  195  194  188  189  185  184
  184  183  184  185  190  192  201  214  249                                   
    50.0-180.0 180.0   5.0 450.0                            LAT/LON1/LON2/DLON/H
  261  266  268  275  272  266  258  244  234  217  203  186  171  154  144  129
  125  113  111  101   95   92   90   93   94  100  103  110  117  124  132  137
  146  153  161  164  173  176  184  185  197  205  219  226  240  246  252  253
  256  258  261  262  264  260  254  247  239  230  217  211  204  200  194  192
  190  189  190  192  201  202  210  227  261                                   
    47.5-180.0 180.0   5.0 450.0                            LAT/LON1/LON2/DLON/H
  268  273  280  287  284  280  272  258  246  228  213  191  174  154  143  130
  127  117  117  105  104   95  100   97  106  106  114  114  122  124  133  137
  149  155  168  173  181  185  191  195  209  216  231  239  251  257  265  264
  271  273  281  283  287  286  281  275  262  255  238  233  218  212  204  199
  198  196  199  203  211  215  222  236  268                                   
    45.0-180.0 180.0   5.0 450.0                            LAT/LON1/LON2/DLON/H
  273  282  285  292  291  292  282  272  256  241  223  200  180  160  148  135
  132  124  123  116  114  112  113  117  119  126  126  130  131  134  141  143
  158  161  177  176  188  187  196  197  210  219  234  243  257  265  274  277
  284  289  296  302  306  307  302  295  285  274  259  250  236  228  217  214
  209  209  209  212  220  220  228  244  273                                   
    42.5-180.0 180.0   5.0 450.0                            LAT/LON1/LON2/DLON/H
  278  285  288  291  289  289  285  274  262  246  231  207  185  164  150  140
  137  133  135  131  133  129  134  133  141  142  146  143  145  143  150  151
  166  172  187  189  198  200  205  208  220  227  242  252  266  275  285  288
  297  302  311  317  322  322  317  313  302  296  279  269  255  244  235  229
  226  226  225  228  233  232  240  252  278                                   
    40.0-180.0 180.0   5.0 450.0                            LAT/LON1/LON2/DLON/H
  286  285  284  285  283  287  282  278  263  254  239  217  193  172  159  147
  148  143  149  144  148  146  153  155  163  163  164  161  158  159  163  166
  180  186  197  199  206  205  213  212  224  230  245  255  270  280  292  299
  308  315  325  333  335  337  332  331  322  316  302  292  278  268  258  251
  247  244  243  242  248  241  250  259  286                                   
    37.5-180.0 180.0   5.0 450.0                            LAT/LON1/LON2/DLON/H
  298  290  288  281  278  276  275  270  264  256  242  224  200  180  163  154
  152  152  157  157  161  163  168  175  178  181  178  175  173  172  178  181
  193  197  209  211  217  219  224  228  236  243  255  266  281  292  306  315
  324  333  344  350  353  355  351  352  346  342  330  319  306  293  282  275
  270  270  266  266  268  263  268  276  298                                   
    35.0-180.0 180.0   5.0 450.0                            LAT/LON1/LON2/DLON/H
  317  299  292  285  276  278  272  272  264  258  246  231  209  188  172  160
  159  155  162  159  168  168  179  184  192  194  192  189  185  185  186  190
  198  203  208  211  215  220  227  231  241  246  259  269  284  296  311  321
  333  345  354  364  367  373  371  375  369  371  359  353  338  325  311  303
  297  294  292  291  295  286  290  294  317                                   
    32.5-180.0 180.0   5.0 450.0                            LAT/LON1/LON2/DLON/H
  344  321  312  299  288  278  278  268  264  257  246  235  214  197  178  167
  162  160  165  167  173  179  188  196  202  205  204  199  198  194  198  197
  204  205  209  211  215  224  230  240  246  257  263  276  288  303  316  330
  342  355  365  375  381  390  393  399  401  401  395  384  372  357  344  333
  326  324  321  321  321  317  320  319  344                                   
    30.0-180.0 180.0   5.0 450.0                            LAT/LON1/LON2/DLON/H
  370  353  335  324  306  297  287  277  266  258  249  237  220  202  184  170
  162  158  164  164  176  179  196  204  212  219  218  213  210  206  204  198
  199  196  197  199  207  216  227  236  247  253  265  274  290  302  318  330
  345  358  373  384  395  406  413  425  427  435  427  420  405  393  376  365
  353  349  346  344  345  341  344  342  370                                   
    27.5-180.0 180.0   5.0 450.0                            LAT/LON1/LON2/DLON/H
  394  382  366  353  332  317  305  285  272  258  247  237  220  207  188  175
  166  163  165  171  181  191  204  214  223  227  226  217  213  203  200  190
  188  180  178  182  186  206  216  235  237  255  257  275  281  302  314  333
  345  361  376  392  406  422  432  448  454  461  458  450  436  421  405  393
  379  373  368  365  367  368  366  364  394                                   
    25.0-180.0 180.0   5.0 450.0                            LAT/LON1/LON2/DLON/H
  412  410  396  387  365  350  326  305  283  266  251  240  225  211  193  178
  168  163  168  170  188  194  216  223  234  232  231  218  211  196  189  177
  172  164  162  164  174  187  209  220  235  243  255  268  283  297  313  328
  345  361  380  398  416  435  448  465  472  483  480  478  464  452  431  419
  401  392  383  381  383  385  383  384  412                                   
    22.5-180.0 180.0   5.0 450.0                            LAT/LON1/LON2/DLON/H
  429  432  423  415  394  373  350  323  297  273  257  240  225  213  196  185
  175  171  173  181  193  208  222  232  239  232  225  206  197  178  171  157
  151  140  138  143  154  178  192  216  222  241  248  267  277  296  311  328
  344  362  381  402  421  441  454  470  478  489  491  489  482  469  453  437
  420  408  401  395  399  400  397  395  429                                   
    20.0-180.0 180.0   5.0 450.0                            LAT/LON1/LON2/DLON/H
  436  446  440  437  418  398  372  344  314  288  264  249  233  221  208  193
  183  176  182  184  202  209  229  233  238  226  216  195  179  162  147  137
  126  120  120  126  144  162  184  202  220  236  253  269  283  297  314  330
  347  364  384  405  422  442  453  466  475  485  490  494  491  484  469  456
  439  428  419  412  411  410  409  406  436                                   
    17.5-180.0 180.0   5.0 450.0                            LAT/LON1/LON2/DLON/H
  433  444  441  438  422  401  379  352  324  297  274  254  241  227  215  205
  194  191  189  198  207  219  231  232  230  212  198  172  158  134  121  104
   99   91   96  107  128  153  172  196  209  233  251  270  284  299  317  332
  350  364  384  404  420  437  446  457  465  477  484  488  491  484  476  464
  452  441  433  422  418  417  413  408  433                                   
    15.0-180.0 180.0   5.0 450.0                            LAT/LON1/LON2/DLON/H
  422  432  430  431  413  397  376  354  331  304  283  262  248  237  228  215
  208  198  199  202  213  220  231  229  222  201  178  158  134  122   95   91
   73   74   73   90  112  142  163  189  205  231  253  275  291  308  327  344
  357  371  387  407  418  431  438  449  457  469  477  484  489  487  483  473
  463  452  443  433  420  420  420  413  422                                   
    12.5-180.0 180.0   5.0 450.0                            LAT/LON1/LON2/DLON/H
  407  414  411  406  391  372  358  338  323  301  283  266  254  244  236  226
  218  211  207  209  215  221  225  217  205  176  155  127  111   89   78   61
   60   53   64   74  100  130  159  186  205  232  258  281  298  317  338  351
  367  378  394  407  418  426  432  444  453  465  473  479  485  484  482  475
  467  456  448  436  424  423  418  412  407                                   
    10.0-180.0 180.0   5.0 450.0                            LAT/LON1/LON2/DLON/H
  397  396  387  382  364  349  334  322  309  295  282  263  254  245  243  234
  229  216  213  210  213  214  213  203  184  158  134  117   98   86   68   60
   49   46   47   62   80  119  145  176  197  223  256  282  305  324  347  361
  375  387  399  412  420  429  433  446  456  471  478  484  487  486  485  477
  470  457  450  438  425  425  422  414  397                                   
     7.5-180.0 180.0   5.0 450.0                            LAT/LON1/LON2/DLON/H
  395  389  375  361  341  325  310  298  292  282  271  257  250  244  241  235
  230  220  213  209  206  204  197  180  159  133  114   96   84   69   65   51
