data/unet/pred1290.15i
     1.0            IONOSPHERE MAPS     GNSS                IONEX VERSION / TYPE
pyspatialgeodesy        IME             05-JAN-18 20:20     PGM / RUN BY / DATE 
Map Name                                                    COMMENT             
Predicted global ionosphere maps (GIM).                     DESCRIPTION         
  2015     5     9     0     0     0                        EPOCH OF FIRST MAP  
  2015     5    10     0     0     0                        EPOCH OF LAST MAP   
  7200                                                      INTERVAL            
    13                                                      # OF MAPS IN FILE   
  NONE                                                      MAPPING FUNCTION    
10.0                                                        ELEVATION CUTOFF    
One-way carrier phase leveled to code                       OBSERVABLES USED    
  6371.0                                                    BASE RADIUS         
 2                                                          MAP DIMENSION       
   450.0 450.0   0.0                                        HGT1 / HGT2 / DHGT  
    87.5 -87.5  -2.5                                        LAT1 / LAT2 / DLAT  
  -180.0 180.0   5.0                                        LON1 / LON2 / DLON  
    -1                                                      EXPONENT            
                                                            END OF HEADER       
[from data line 429]
     2                                                      START OF TEC MAP    
  2015     5     9     2     0     0                        EPOCH OF CURRENT MAP
    87.5-180.0 180.0   5.0 450.0                            LAT/LON1/LON2/DLON/H
  185  187  184  183  182  181  180  179  181  180  180  179  181  180  181  179
  181  180  182  182  185  186  189  189  192  193  194  195  194  195  194  195
  193  195  194  194  193  194  193  193  192  192  189  188  186  184  182  180
  180  179  180  179  180  180  181  181  183  183  182  182  184  184  184  184
  186  186  185  184  184  183  186  194  185                                   
    85.0-180.0 180.0   5.0 450.0                            LAT/LON1/LON2/DLON/H
  186  193  184  185  185  185  186  186  187  187  188  189  190  190  191  190
  191  191  192  192  193  194  195  196  196  197  197  198  196  197  196  197
  196  197  197  197  197  198  198  197  197  196  195  194  192  192  189  189
  187  187  186  187  186  187  187  188  188  189  188  188  189  189  189  189
  191  190  190  188  187  182  191  191  186                                   
    82.5-180.0 180.0   5.0 450.0                            LAT/LON1/LON2/DLON/H
  192  189  190  189  191  189  194  191  196  194  198  196  201  199  202  200
  202  199  203  200  203  199  201  196  198  192  195  189  193  187  191  186
  191  187  192  189  194  191  195  192  196  193  196  192  195  190  193  189
  193  189  193  190  195  193  197  195  200  197  199  197  201  198  200  198
  202  198  200  195  197  190  194  186  192                                   
    80.0-180.0 180.0   5.0 450.0                            LAT/LON1/LON2/DLON/H
  201  194  195  193  196  196  200  200  203  203  206  205  206  205  207  204
  206  203  206  204  206  202  203  199  198  194  192  189  187  185  184  184
  185  185  188  189  193  192  196  196  198  197  199  197  199  196  197  195
  197  196  198  197  200  200  203  202  206  205  207  205  209  206  208  204
  208  204  206  200  200  194  196  194  201                                   
    77.5-180.0 180.0   5.0 450.0                            LAT/LON1/LON2/DLON/H
  211  204  202  201  203  204  208  207  211  209  213  210  212  208  209  205
  205  202  205  203  204  202  202  199  196  192  189  185  182  180  180  179
  182  183  187  190  193  196  199  200  201  202  202  202  201  200  201  199
  202  200  204  203  207  206  210  209  213  212  213  212  214  213  214  213
  215  213  214  210  209  206  206  198  211                                   
    75.0-180.0 180.0   5.0 450.0                            LAT/LON1/LON2/DLON/H
  217  210  210  206  208  206  212  209  213  211  215  211  211  206  205  200
  198  195  197  194  196  195  197  194  192  188  185  181  177  176  174  175
  178  181  186  189  193  196  199  200  202  201  202  200  201  198  199  197
  201  199  204  203  208  208  213  212  217  215  217  215  218  216  218  216
  219  217  220  216  217  213  214  209  217                                   
    72.5-180.0 180.0   5.0 450.0                            LAT/LON1/LON2/DLON/H
  223  217  215  213  210  211  215  215  217  217  219  214  211  205  201  195
  190  187  188  187  188  189  190  189  186  184  179  176  171  171  168  171
  172  177  181  186  189  194  194  197  196  198  196  197  195  197  196  197
  198  200  203  206  208  210  212  215  216  216  216  214  215  213  214  213
  216  217  219  220  222  222  223  219  223                                   
    70.0-180.0 180.0   5.0 450.0                            LAT/LON1/LON2/DLON/H
  228  221  220  214  213  212  218  217  222  221  223  217  213  205  200  190
  187  182  184  181  185  184  189  186  186  181  180  175  171  168  165  166
  167  170  173  178  180  184  185  188  187  189  189  190  191  192  193  195
  198  200  205  207  211  213  217  218  221  218  219  216  217  214  214  213
  216  216  220  222  225  224  229  227  228                                   
    67.5-180.0 180.0   5.0 450.0                            LAT/LON1/LON2/DLON/H
  227  222  218  215  209  211  214  218  222  224  226  222  216  207  198  188
  180  176  175  175  176  180  181  185  181  182  177  175  169  166  161  162
  160  162  162  166  166  170  170  172  171  173  173  177  180  185  187  192
  196  200  204  208  211  213  217  218  219  217  216  213  213  208  208  206
  208  210  215  220  225  228  230  228  227                                   
    65.0-180.0 180.0   5.0 450.0                            LAT/LON1/LON2/DLON/H
  228  221  217  212  208  207  212  216  222  225  228  225  220  210  201  190
  182  175  175  173  176  177  182  181  183  179  178  173  168  163  157  154
  151  149  148  149  148  151  150  152  152  155  157  163  169  177  184  192
  200  205  210  214  217  219  222  222  224  220  219  213  213  207  205  202
  205  206  211  215  221  222  233  232  228                                   
    62.5-180.0 180.0   5.0 450.0                            LAT/LON1/LON2/DLON/H
  225  218  213  210  200  201  204  211  217  224  227  227  223  216  206  196
  185  179  175  175  174  178  177  182  179  180  175  173  165  160  153  147
  140  136  131  129  127  127  126  128  130  134  140  148  159  171  182  194
  202  209  214  217  221  222  224  224  225  223  221  217  214  208  204  200
  200  200  204  210  217  223  229  227  225                                   
    60.0-180.0 180.0   5.0 450.0                            LAT/LON1/LON2/DLON/H
  225  218  212  206  198  196  200  206  213  222  227  230  229  224  218  208
  200  192  188  184  183  181  183  180  180  176  175  168  163  155  148  138
  131  121  118  111  110  108  109  110  114  121  129  142  154  171  185  198
  207  214  220  224  227  229  232  233  235  232  230  225  223  216  212  206
  204  202  205  209  214  217  229  229  225                                   
    57.5-180.0 180.0   5.0 450.0                            LAT/LON1/LON2/DLON/H
  225  220  213  209  196  193  194  198  205  214  221  227  229  230  227  223
  215  208  201  196  191  187  184  181  177  175  171  167  160  153  143  134
  122  114  106  102   98   98   97  101  103  110  121  134  151  169  187  200
  211  219  225  228  232  233  237  239  242  242  240  238  234  229  223  219
  214  211  211  214  219  223  229  229  225                                   
    55.0-180.0 180.0   5.0 450.0                            LAT/LON1/LON2/DLON/H
  233  228  224  216  204  198  197  199  204  211  216  224  228  233  235  234
  231  225  219  211  203  195  190  183  179  173  170  164  159  148  141  128
  121  108  105   96   98   93   96   96  101  106  118  133  152  172  190  204
  214  222  228  232  236  240  246  252  256  258  258  256  254  249  245  238
  234  228  226  225  228  230  241  243  233                                   
    52.5-180.0 180.0   5.0 450.0                            LAT/LON1/LON2/DLON/H
  244  243  236  231  217  209  206  203  204  205  211  217  224  234  239  244
  241  239  231  223  214  204  196  187  181  176  171  167  159  154  142  135
  122  116  107  105  101  102  100  103  104  110  119  135  152  173  191  206
  217  225  231  235  241  247  255  263  269  274  274  275  273  271  267  262
  255  250  244  244  246  248  256  258  244                                   
    50.0-180.0 180.0   5.0 450.0                            LAT/LON1/LON2/DLON/H
  266  266  263  257  244  235  228  223  216  214  213  219  223  233  240  247
  246  245  238  231  222  212  203  194  187  179  177  169  165  154  148  135
  131  119  119  112  115  111  113  111  114  116  125  136  154  170  189  203
  216  224  232  240  248  258  269  278  286  291  291  293  293  291  289  285
  281  275  269  267  268  267  276  281  266                                   
    47.5-180.0 180.0   5.0 450.0                            LAT/LON1/LON2/DLON/H
  284  291  286  283  273  261  254  241  234  223  220  220  223  234  241  249
  248  248  241  236  228  220  211  203  195  189  185  181  173  165  154  147
  137  134  129  129  128  128  126  126  125  126  131  140  153  169  185  200
  213  223  234  243  255  267  280  292  300  305  306  307  307  307  306  304
  301  296  291  290  292  290  294  296  284                                   
    45.0-180.0 180.0   5.0 450.0                            LAT/LON1/LON2/DLON/H
  308  316  312  310  302  294  282  274  258  246  233  230  230  237  241  246
  244  244  239  237  231  226  219  211  207  197  197  188  185  172  166  153
  149  141  143  139  142  139  140  136  136  134  138  141  153  165  182  195
  210  221  233  248  261  278  294  307  314  320  319  319  319  319  318  320
  317  317  313  314  315  312  315  316  308                                   
    42.5-180.0 180.0   5.0 450.0                            LAT/LON1/LON2/DLON/H
  324  328  325  323  320  310  305  293  281  264  252  243  240  243  244  245
  243  241  239  238  238  233  231  224  220  214  210  204  195  185  173  164
  155  152  150  149  149  147  147  143  143  139  141  142  151  161  176  191
  206  220  234  249  266  284  301  314  324  329  330  329  329  329  329  330
  332  332  332  332  335  330  331  330  324                                   
    40.0-180.0 180.0   5.0 450.0                            LAT/LON1/LON2/DLON/H
  342  344  339  336  332  327  322  316  305  289  274  264  257  256  253  252
  247  246  243  245  245  243  241  234  232  223  223  212  208  191  183  168
  164  154  156  151  153  150  150  145  145  141  142  142  149  157  172  186
  203  220  235  254  271  293  309  325  335  343  344  345  345  345  345  346
  348  351  351  355  358  351  352  347  342                                   
    37.5-180.0 180.0   5.0 450.0                            LAT/LON1/LON2/DLON/H
  362  357  350  341  337  331  330  327  321  308  294  284  277  272  269  262
  257  252  253  252  256  252  253  246  246  238  236  226  218  202  189  174
  167  159  159  153  154  149  151  146  149  145  148  145  150  155  167  180
  198  214  231  250  270  288  307  323  336  347  353  358  362  363  363  365
  368  366  369  373  380  377  376  369  362                                   
    35.0-180.0 180.0   5.0 450.0                            LAT/LON1/LON2/DLON/H
  396  391  374  356  345  339  339  338  337  326  317  304  298  290  284  277
  270  265  265  264  265  262  260  255  254  248  246  235  227  208  197  180
  173  162  163  155  156  151  152  149  152  149  152  149  151  153  164  177
  196  212  230  249  269  289  306  325  339  355  369  382  390  393  393  396
  399  400  403  410  420  419  420  404  396                                   
    32.5-180.0 180.0   5.0 450.0                            LAT/LON1/LON2/DLON/H
  440  431  412  388  370  357  354  352  351  343  333  323  317  308  301  290
  283  275  275  271  273  266  266  262  266  262  262  251  241  221  207  190
  183  174  172  167  167  165  165  163  165  164  166  163  159  159  165  178
  192  210  226  247  265  281  302  319  341  360  381  402  415  422  426  430
  434  437  443  455  466  466  467  451  440                                   
    30.0-180.0 180.0   5.0 450.0                            LAT/LON1/LON2/DLON/H
  500  495  472  442  419  401  391  386  381  371  359  347  341  332  322  310
  298  290  286  281  277  271  268  269  275  276  278  269  260  239  222  206
  198  190  186  178  180  173  174  170  175  171  177  169  166  162  172  184
  201  218  233  253  272  291  310  332  353  385  408  434  449  458  463  473
  477  490  497  509  522  523  531  517  500                                   
    27.5-180.0 180.0   5.0 450.0                            LAT/LON1/LON2/DLON/H
  560  557  538  515  492  469  450  433  422  405  390  375  365  352  340  324
  311  299  291  282  278  271  274  281  292  299  303  295  287  265  248  233
  221  213  203  198  192  189  182  183  181  185  182  178  170  166  170  185
  201  218  234  256  279  300  322  344  366  395  420  454  471  486  492  503
  514  530  542  560  573  576  588  582  560                                   
    25.0-180.0 180.0   5.0 450.0                            LAT/LON1/LON2/DLON/H
  632  634  626  602  580  556  531  507  483  460  436  418  398  386  363  345
  322  309  294  285  278  275  283  296  316  326  335  326  317  292  275  254
  241  228  218  207  204  194  193  187  186  183  183  175  171  163  168  183
  201  220  238  262  283  311  336  367  389  421  443  481  503  522  530  539
  551  574  590  613  633  635  648  658  632                                   
    22.5-180.0 180.0   5.0 450.0                            LAT/LON1/LON2/DLON/H
  691  711  707  692  669  639  605  574  542  514  483  457  436  415  390  362
  337  317  301  288  284  286  302  325  351  364  367  356  340  317  291  268
  249  236  220  215  204  201  192  189  179  177  173  169  161  153  153  164
  187  211  235  255  291  317  348  375  400  430  455  493  519  544  554  570
  581  602  623  649  674  680  700  710  691                                   
    20.0-180.0 180.0   5.0 450.0                            LAT/LON1/LON2/DLON/H
  746  780  787  781  764  734  694  653  613  575  540  510  481  456  421  395
  357  333  310  298  295  302  326  358  389  402  401  380  356  324  295  264
  248  232  219  209  204  193  191  181  173  169  163  159  150  141  141  153
  179  211  234  267  300  333  360  387  416  451  480  514  545  567  585  601
  613  636  653  679  702  712  738  759  746                                   
    17.5-180.0 180.0   5.0 450.0                            LAT/LON1/LON2/DLON/H
  768  815  836  834  827  796  760  712  668  631  589  556  526  495  458  420
  383  350  328  315  317  331  362  400  427  435  418  387  352  318  283  259
  241  229  213  206  194  188  179  173  162  159  151  148  140  133  133  149
  178  212  245  276  316  347  378  404  435  469  495  532  556  582  597  617
  632  652  667  688  708  722  750  768  768                                   
    15.0-180.0 180.0   5.0 450.0                            LAT/LON1/LON2/DLON/H
  772  817  843  858  861  841  804  765  717  679  642  605  572  537  496  458
  416  386  357  347  348  371  406  442  460  455  427  378  333  293  265  246
  235  223  214  201  195  181  174  163  151  149  143  141  133  126  128  146
  175  218  249  289  325  359  388  422  450  486  517  550  575  597  616  635
  651  672  684  703  713  729  749  775  772                                   
    12.5-180.0 180.0   5.0 450.0                            LAT/LON1/LON2/DLON/H
  751  800  825  845  856  844  816  781  744  710  679  649  614  576  531  490
  450  417  394  383  388  413  442  468  467  442  398  346  302  262  243  231
  221  213  205  195  186  175  161  152  141  139  136  134  126  121  124  142
  176  212  256  293  337  369  407  435  470  502  534  564  586  610  627  645
  662  682  693  707  717  726  737  757  751                                   
    10.0-180.0 180.0   5.0 450.0                            LAT/LON1/LON2/DLON/H
  735  771  800  823  839  829  808  782  755  728  704  678  648  608  563  521
  484  458  436  430  436  457  480  485  465  410  357  302  262  236  228  219
  215  206  201  192  183  169  154  145  136  134  133  130  124  117  121  134
  169  205  246  292  330  371  406  445  475  511  542  576  603  629  649  670
  682  704  709  725  726  728  726  748  735                                   
     7.5-180.0 180.0   5.0 450.0                            LAT/LON1/LON2/DLON/H
  712  750  773  797  811  808  790  771  749  731  713  692  663  626  581  540
  508  485  470  466  471  483  489  470  427  365  308  261  238  222  216  210
