data/unet/pred0770.15i
     1.0            IONOSPHERE MAPS     GNSS                IONEX VERSION / TYPE
pyspatialgeodesy        IME             05-JAN-18 20:20     PGM / RUN BY / DATE 
Map Name                                                    COMMENT             
Predicted global ionosphere maps (GIM).                     DESCRIPTION         
  2015     3    18     0     0     0                        EPOCH OF FIRST MAP  
  2015     3    19     0     0     0                        EPOCH OF LAST MAP   
  7200                                                      INTERVAL            
    13                                                      # OF MAPS IN FILE   
  NONE                                                      MAPPING FUNCTION    
10.0                                                        ELEVATION CUTOFF    
One-way carrier phase leveled to code                       OBSERVABLES USED    
  6371.0                                                    BASE RADIUS         
 2                                                          MAP DIMENSION       
   450.0 450.0   0.0                                        HGT1 / HGT2 / DHGT  
    87.5 -87.5  -2.5                                        LAT1 / LAT2 / DLAT  
  -180.0 180.0   5.0                                        LON1 / LON2 / DLON  
    -1                                                      EXPONENT            
                                                            END OF HEADER       
[from data line 4719]
    12                                                      START OF TEC MAP    
  2015     3    18    22     0     0                        EPOCH OF CURRENT MAP
    87.5-180.0 180.0   5.0 450.0                            LAT/LON1/LON2/DLON/H
  175  130  121  122  122  120  121  120  123  123  125  125  128  128  131  129
  132  130  132  130  131  129  129  127  127  125  124  122  121  120  118  117
  116  114  113  113  112  112  111  112  111  112  112  113  115  115  117  118
  120  120  123  123  126  125  128  126  129  126  129  125  127  124  125  122
  123  121  122  121  123  123  123  150  175                                   
    85.0-180.0 180.0   5.0 450.0                            LAT/LON1/LON2/DLON/H
  116  113  117  121  121  122  122  125  126  129  130  134  135  138  139  141
  140  141  139  139  137  136  132  130  127  125  121  119  115  112  109  106
  102  100   97   97   95   95   94   95   94   95   95   98   99  101  103  107
  109  113  115  119  121  123  125  127  127  129  129  130  129  129  127  128
  124  125  122  124  123  124  119  132  116                                   
    82.5-180.0 180.0   5.0 450.0                            LAT/LON1/LON2/DLON/H
   98  101  111  115  117  116  122  123  128  130  136  140  144  147  149  152
  152  153  151  151  147  146  141  138  133  129  125  120  116  110  107  101
   98   92   91   86   86   82   85   81   84   81   87   85   92   91   99  100
  107  107  113  114  119  119  124  123  128  126  131  128  131  127  130  124
  126  120  123  115  117  115  114  114   98                                   
    80.0-180.0 180.0   5.0 450.0                            LAT/LON1/LON2/DLON/H
   94   96  101  104  106  107  113  118  123  129  136  144  149  155  159  162
  164  164  163  161  158  154  149  144  139  132  126  120  114  108  103   96
   91   84   81   76   74   70   71   69   70   70   72   74   78   81   86   90
   96   99  104  107  111  114  116  118  120  121  122  122  122  121  120  118
  116  114  111  107  106  107  102  103   94                                   
    77.5-180.0 180.0   5.0 450.0                            LAT/LON1/LON2/DLON/H
   87   92   94   98  101  103  111  117  126  132  143  150  159  164  171  174
  176  176  174  172  166  162  155  150  143  137  130  124  117  110  105   98
   93   86   83   78   75   71   71   67   69   66   70   70   76   77   83   85
   91   94   99  102  106  107  110  110  112  111  113  111  112  111  112  109
  109  105  105   99   99   99   99   95   87                                   
    75.0-180.0 180.0   5.0 450.0                            LAT/LON1/LON2/DLON/H
   89   95   94  100  101  107  112  121  129  141  150  161  170  177  182  186
  185  184  181  177  171  165  159  153  145  139  131  126  119  114  107  103
   95   92   85   82   77   74   70   68   67   66   67   70   72   76   78   84
   86   91   93   97   98  101  100  102  100  101   99  100   98   99   98   98
   97   97   96   95   94  100  101  100   89                                   
    72.5-180.0 180.0   5.0 450.0                            LAT/LON1/LON2/DLON/H
   97  107  106  110  112  116  123  131  143  152  165  174  183  188  193  193
  192  188  184  179  172  166  160  154  147  141  135  130  124  119  115  109
  105   99   96   90   87   82   80   75   75   72   74   73   77   77   81   82
   86   87   89   89   91   89   89   87   86   85   85   84   85   85   87   88
   91   93   95   95   98  104  107  108   97                                   
    70.0-180.0 180.0   5.0 450.0                            LAT/LON1/LON2/DLON/H
  110  122  120  125  125  131  134  145  153  165  176  186  194  198  198  197
  192  186  180  174  168  163  157  152  145  141  134  130  124  122  116  114
  107  107   99   97   90   88   82   81   78   79   77   79   80   82   81   84
   85   85   85   83   84   81   79   76   74   73   72   72   73   75   78   81
   86   90   94   97  102  112  117  120  110                                   
    67.5-180.0 180.0   5.0 450.0                            LAT/LON1/LON2/DLON/H
  124  139  137  142  143  146  150  158  166  177  187  197  202  204  202  196
  190  182  175  170  165  160  156  151  146  140  135  130  125  122  118  115
  110  106  102   97   94   88   87   84   85   83   84   83   85   83   84   82
   82   80   79   75   75   71   69   64   63   60   61   60   63   66   71   76
   83   88   95   99  106  118  125  128  124                                   
    65.0-180.0 180.0   5.0 450.0                            LAT/LON1/LON2/DLON/H
  134  149  147  153  152  157  158  167  173  184  193  202  206  207  202  195
  185  177  171  165  163  159  156  150  145  137  131  124  118  115  110  106
  102  100   94   93   86   86   82   85   83   87   85   88   85   86   82   81
   78   75   72   70   68   65   62   60   57   56   55   56   58   63   68   73
   79   86   92   98  106  122  131  136  134                                   
    62.5-180.0 180.0   5.0 450.0                            LAT/LON1/LON2/DLON/H
  139  155  155  161  161  163  165  172  179  188  198  205  208  207  201  191
  182  173  168  164  163  161  159  154  148  138  130  122  115  111  106  101
   96   91   87   82   79   75   75   75   79   80   83   83   84   81   79   74
   72   68   66   63   62   61   59   57   54   52   53   53   56   60   66   71
   79   84   91   95  104  120  132  138  139                                   
    60.0-180.0 180.0   5.0 450.0                            LAT/LON1/LON2/DLON/H
  139  158  156  164  163  166  165  173  178  188  195  205  206  205  199  191
  181  173  169  166  168  166  166  158  152  138  129  119  113  109  104   99
   93   89   80   77   69   69   66   70   72   77   79   82   81   79   74   71
   67   65   62   62   62   63   61   61   58   57   56   57   59   64   68   74
   79   85   89   95  102  120  133  141  139                                   
    57.5-180.0 180.0   5.0 450.0                            LAT/LON1/LON2/DLON/H
  141  159  159  167  168  170  170  175  180  187  195  201  204  202  199  191
  182  175  172  170  172  171  171  164  158  143  136  124  122  115  113  105
  100   89   82   71   66   60   61   62   68   70   76   76   77   73   71   66
   64   62   61   63   65   67   67   66   64   62   61   61   63   68   74   78
   85   89   95   99  106  122  133  143  141                                   
    55.0-180.0 180.0   5.0 450.0                            LAT/LON1/LON2/DLON/H
  145  165  164  175  175  178  176  182  181  190  193  201  201  204  200  195
  188  182  179  178  179  178  177  170  164  151  143  135  131  127  123  114
  107   96   85   76   67   64   61   65   67   73   74   78   75   74   70   68
   64   64   64   68   70   74   73   74   69   68   64   66   68   75   80   87
   93   99  104  109  116  133  144  154  145                                   
    52.5-180.0 180.0   5.0 450.0                            LAT/LON1/LON2/DLON/H
  157  175  176  187  189  191  190  190  190  191  193  196  200  202  202  200
  197  191  188  186  187  185  183  176  173  161  161  151  153  143  141  124
  117  100   92   80   76   69   70   69   74   75   79   79   78   76   73   71
   68   69   70   74   76   80   80   80   75   72   69   69   73   79   89   96
  106  112  120  126  133  148  156  168  157                                   
    50.0-180.0 180.0   5.0 450.0                            LAT/LON1/LON2/DLON/H
  173  191  194  207  209  212  209  211  203  202  196  200  199  206  205  208
  204  202  199  197  196  191  189  182  180  172  173  168  168  157  150  133
  124  109  100   91   89   84   85   84   86   86   86   87   84   84   79   81
   78   81   79   84   83   88   85   86   79   78   72   74   76   85   94  105
  115  125  135  145  155  170  177  189  173                                   
    47.5-180.0 180.0   5.0 450.0                            LAT/LON1/LON2/DLON/H
  193  206  215  224  230  233  236  233  226  215  207  203  203  206  208  212
  212  210  210  206  205  199  195  189  189  181  184  176  178  164  159  141
  133  115  111  101  105   98  101   97  100   97   98   95   94   93   91   91
   91   92   91   92   91   92   91   88   85   80   78   76   81   89  102  112
  126  137  151  165  175  189  194  207  193                                   
    45.0-180.0 180.0   5.0 450.0                            LAT/LON1/LON2/DLON/H
  212  225  233  247  255  264  266  265  254  241  224  217  211  215  214  222
  220  222  219  217  215  208  204  197  198  190  192  184  184  168  158  138
  129  114  113  107  115  111  116  109  111  107  110  107  106  105  102  104
  102  103   99  100   95   95   90   90   84   83   78   80   84   94  106  119
  133  148  165  181  194  211  218  229  212                                   
    42.5-180.0 180.0   5.0 450.0                            LAT/LON1/LON2/DLON/H
  230  240  250  264  276  283  289  285  279  262  245  231  222  221  220  225
  225  227  229  228  229  222  219  211  213  205  207  196  193  172  164  140
  138  124  134  129  139  134  135  127  125  119  120  118  118  116  114  113
  112  111  107  103   98   94   92   89   87   84   83   84   91   99  113  125
  142  156  174  190  204  223  230  242  230                                   
    40.0-180.0 180.0   5.0 450.0                            LAT/LON1/LON2/DLON/H
  243  254  264  279  290  298  305  304  298  285  267  254  241  237  231  235
  232  237  238  242  245  241  239  233  232  224  218  206  194  173  160  142
  140  136  150  156  168  162  160  146  140  131  131  127  128  125  123  120
  119  116  110  105   97   93   89   89   86   86   85   88   95  105  117  130
  145  160  177  195  211  232  243  254  243                                   
    37.5-180.0 180.0   5.0 450.0                            LAT/LON1/LON2/DLON/H
  254  264  277  290  300  303  312  309  310  298  286  272  261  252  245  243
  241  244  250  260  271  271  273  265  269  253  249  223  213  181  176  153
  161  157  177  185  197  193  185  172  158  149  145  141  140  135  129  125
  121  117  110  103   96   91   89   89   89   90   92   95  104  114  127  139
  154  166  182  197  213  232  243  258  254                                   
    35.0-180.0 180.0   5.0 450.0                            LAT/LON1/LON2/DLON/H
  265  279  292  305  311  312  316  317  318  310  301  291  282  273  265  261
  256  262  271  287  302  305  306  299  297  286  270  248  228  204  192  184
  187  191  203  214  222  222  211  201  182  170  161  157  152  143  136  128
  124  116  110  102   95   90   91   92   95   96  100  102  111  120  134  146
  157  168  181  195  209  230  251  267  265                                   
    32.5-180.0 180.0   5.0 450.0                            LAT/LON1/LON2/DLON/H
  283  296  312  323  329  324  326  324  326  319  315  306  301  293  287  279
  278  282  298  315  333  337  342  332  333  313  305  276  269  243  239  228
  238  241  248  254  258  250  241  227  211  196  183  175  168  156  144  133
  126  119  111  103   97   92   92   92   97   99  104  108  118  129  142  156
  167  175  188  201  216  235  256  279  283                                   
    30.0-180.0 180.0   5.0 450.0                            LAT/LON1/LON2/DLON/H
  310  330  345  357  357  351  345  340  341  337  333  328  324  316  310  303
  304  308  324  339  357  366  369  362  356  343  333  320  315  306  306  308
  309  314  307  308  297  290  269  255  235  223  204  193  181  165  151  135
  129  118  111  104   99   96   94   94   94   97  102  109  122  136  153  167
  179  187  200  214  230  250  277  304  310                                   
    27.5-180.0 180.0   5.0 450.0                            LAT/LON1/LON2/DLON/H
  351  370  384  394  395  386  381  371  371  367  363  356  354  343  340  329
  331  330  346  358  379  384  389  379  378  365  369  364  382  386  405  411
  408  393  371  363  342  327  306  285  265  252  234  218  201  183  165  149
  140  129  121  117  113  110  108  104  102  100  104  112  131  148  168  185
  198  207  221  237  256  279  304  336  351                                   
    25.0-180.0 180.0   5.0 450.0                            LAT/LON1/LON2/DLON/H
  392  416  429  441  446  444  432  423  416  409  402  397  391  381  372  361
  360  360  371  381  393  397  396  393  395  399  409  427  458  487  506  512
  491  460  423  396  373  353  327  309  285  274  254  241  225  208  188  171
  159  145  133  133  127  128  118  117  108  104  100  110  127  150  173  196
  215  232  249  267  286  313  350  375  392                                   
    22.5-180.0 180.0   5.0 450.0                            LAT/LON1/LON2/DLON/H
  439  464  478  496  506  506  498  482  472  457  451  443  439  427  415  401
  399  394  403  402  409  402  404  402  414  426  454  487  537  569  593  587
  559  517  468  429  392  367  347  330  311  295  278  264  251  233  215  197
  183  167  152  148  139  135  128  122  118  113  111  112  129  153  184  210
  233  254  273  294  322  358  390  416  439                                   
    20.0-180.0 180.0   5.0 450.0                            LAT/LON1/LON2/DLON/H
  472  501  519  546  568  578  564  553  534  518  507  500  492  480  463  451
  441  439  437  434  430  421  417  421  436  464  501  547  596  623  634  622
  589  544  489  440  392  368  348  339  322  313  293  281  265  247  228  210
  192  177  161  154  144  139  130  127  122  117  115  118  130  157  191  224
  251  274  297  322  349  387  429  453  472                                   
    17.5-180.0 180.0   5.0 450.0                            LAT/LON1/LON2/DLON/H
  503  534  557  590  622  637  631  615  596  574  561  550  543  529  511  499
  490  483  478  468  460  447  444  449  474  508  552  594  628  641  636  616
  577  533  476  428  384  364  344  339  328  318  301  287  273  255  239  220
  203  187  169  160  147  141  133  130  129  125  123  123  139  165  203  239
  271  298  321  349  372  413  452  488  503                                   
    15.0-180.0 180.0   5.0 450.0                            LAT/LON1/LON2/DLON/H
  520  552  574  615  654  683  677  668  645  628  614  608  600  586  566  560
  552  546  533  521  505  492  486  499  525  562  595  623  634  627  605  572
  530  489  438  399  364  352  340  341  335  329  312  299  281  265  249  232
  212  195  176  165  150  147  136  139  129  130  125  129  144  176  211  255
  285  314  339  368  397  436  480  516  520                                   
    12.5-180.0 180.0   5.0 450.0                            LAT/LON1/LON2/DLON/H
  530  564  588  629  669  700  708  699  683  663  654  650  643  630  611  602
  598  597  587  578  562  550  548  564  585  611  625  629  613  580  542  501
  461  428  391  367  347  340  337  347  344  341  321  306  284  266  250  236
  216  200  180  170  153  146  135  134  131  136  137  141  159  190  230  269
  296  325  349  381  409  455  495  535  530                                   
    10.0-180.0 180.0   5.0 450.0                            LAT/LON1/LON2/DLON/H
  536  567  585  628  669  706  714  715  703  692  686  691  691  684  668  660
  657  658  646  642  624  619  613  630  638  655  647  621  575  521  472  432
  395  370  350  341  335  340  347  368  363  367  338  324  293  271  249  233
  212  196  175  164  144  141  128  134  130  134  137  144  162  196  235  273
  301  330  356  385  420  463  509  545  536                                   
     7.5-180.0 180.0   5.0 450.0                            LAT/LON1/LON2/DLON/H
  543  573  590  631  667  697  714  714  712  704  708  717  728  728  718  710
  710  709  706  699  690  681  675  680  678  674  650  594  522  459  406  377
