data/unet/pred0790.15i
     1.0            IONOSPHERE MAPS     GNSS                IONEX VERSION / TYPE
pyspatialgeodesy        IME             05-JAN-18 20:20     PGM / RUN BY / DATE 
Map Name                                                    COMMENT             
Predicted global ionosphere maps (GIM).                     DESCRIPTION         
  2015     3    20     0     0     0                        EPOCH OF FIRST MAP  
  2015     3    21     0     0     0                        EPOCH OF LAST MAP   
  7200                                                      INTERVAL            
    13                                                      # OF MAPS IN FILE   
  NONE                                                      MAPPING FUNCTION    
10.0                                                        ELEVATION CUTOFF    
One-way carrier phase leveled to code                       OBSERVABLES USED    
  6371.0                                                    BASE RADIUS         
 2                                                          MAP DIMENSION       
   450.0 450.0   0.0                                        HGT1 / HGT2 / DHGT  
    87.5 -87.5  -2.5                                        LAT1 / LAT2 / DLAT  
  -180.0 180.0   5.0                                        LON1 / LON2 / DLON  
    -1                                                      EXPONENT            
                                                            END OF HEADER       
[from data line 1716]
     5                                                      START OF TEC MAP    
  2015     3    20     8     0     0                        EPOCH OF CURRENT MAP
    87.5-180.0 180.0   5.0 450.0                            LAT/LON1/LON2/DLON/H
   76   93   98   99  100   98  100  100  104  102  105  104  108  106  108  106
  108  105  106  105  105  104  105  104  105  105  106  105  107  105  106  105
  106  105  106  104  105  103  105  103  104  103  104  102  104  102  102  101
  101  100  100   99   98   97   95   94   93   91   90   89   88   87   86   86
   85   86   87   87   87   89   89   87   76                                   
    85.0-180.0 180.0   5.0 450.0                            LAT/LON1/LON2/DLON/H
   82  104  105  114  112  113  116  120  122  124  124  126  127  127  126  127
  126  126  124  124  123  122  121  121  120  120  119  120  119  119  118  119
  119  120  119  121  120  121  121  122  122  124  124  125  125  126  126  127
  126  126  124  124  122  120  117  115  113  110  106  105  102  101   98   97
   96   96   96   93   91   92   91   85   82                                   
    82.5-180.0 180.0   5.0 450.0                            LAT/LON1/LON2/DLON/H
   80   93   96  102  105  107  113  117  121  124  126  129  130  131  131  131
  130  129  127  126  124  123  120  119  117  116  114  113  113  112  112  111
  112  112  113  114  116  118  119  122  123  127  127  131  131  135  134  137
  135  137  134  135  131  130  125  123  118  116  110  108  103  100   95   93
   90   87   85   81   79   78   78   75   80                                   
    80.0-180.0 180.0   5.0 450.0                            LAT/LON1/LON2/DLON/H
   75   79   83   88   92   97  104  110  115  118  121  124  126  126  126  125
  124  121  119  117  113  111  107  106  103  102  100   99   99   98   99   99
  102  102  105  106  111  113  116  120  123  127  130  134  137  140  141  144
  145  146  146  146  145  142  139  135  132  127  122  116  112  106  100   94
   89   84   80   73   72   67   66   69   75                                   
    77.5-180.0 180.0   5.0 450.0                            LAT/LON1/LON2/DLON/H
   67   73   74   76   83   87   97  102  110  111  118  117  121  117  119  114
  114  108  108  101   99   92   90   86   84   81   81   80   80   80   83   84
   87   90   94   98  102  107  111  117  121  127  132  138  141  145  148  151
  153  155  156  158  157  157  154  152  148  143  138  131  126  118  112  103
   98   89   87   76   75   67   64   62   67                                   
    75.0-180.0 180.0   5.0 450.0                            LAT/LON1/LON2/DLON/H
   74   72   69   71   75   82   91   97  103  106  110  111  112  109  108  104
  101   96   92   86   82   77   73   69   67   65   65   64   66   67   71   73
   78   82   88   93   99  105  111  118  123  130  137  143  148  154  159  163
  167  171  175  178  180  181  180  177  172  168  161  155  147  140  131  122
  114  106  100   88   85   73   70   73   74                                   
    72.5-180.0 180.0   5.0 450.0                            LAT/LON1/LON2/DLON/H
   77   74   67   66   71   76   86   90   98   99  104  104  104  100   99   94
   91   85   81   74   69   63   61   56   55   53   55   55   58   60   64   67
   73   78   85   91   97  104  110  119  125  134  140  150  154  165  169  176
  179  186  190  195  199  201  202  199  196  189  182  174  166  158  150  140
  132  122  115  101   95   83   80   81   77                                   
    70.0-180.0 180.0   5.0 450.0                            LAT/LON1/LON2/DLON/H
   82   74   65   63   65   71   79   86   92   96   99  101  100   98   94   91
   86   81   76   70   66   61   59   56   55   54   56   57   60   62   66   68
   75   80   88   94  101  109  116  124  132  140  148  155  163  170  177  182
  187  193  199  205  208  212  213  213  210  205  197  191  182  175  166  158
  150  142  133  119  111   94   90   95   82                                   
    67.5-180.0 180.0   5.0 450.0                            LAT/LON1/LON2/DLON/H
   84   76   64   58   61   63   73   80   87   90   95   96   97   93   91   86
   83   78   74   70   67   63   61   58   57   57   57   59   60   64   67   71
   76   82   90   97  104  112  118  127  133  143  149  158  162  171  174  182
  185  192  197  203  207  211  213  212  211  205  200  192  186  177  171  162
  158  149  144  127  119  103   99   97   84                                   
    65.0-180.0 180.0   5.0 450.0                            LAT/LON1/LON2/DLON/H
   83   76   63   54   53   56   66   73   81   86   91   94   94   93   90   86
   83   80   78   75   73   70   68   65   63   63   63   64   66   68   72   75
   80   86   94  101  109  117  123  132  138  146  153  159  165  170  175  180
  185  190  195  199  203  206  208  207  206  202  197  192  187  179  174  168
  164  157  152  137  128  110  105  105   83                                   
    62.5-180.0 180.0   5.0 450.0                            LAT/LON1/LON2/DLON/H
   84   77   62   51   48   47   56   63   72   77   84   87   90   89   88   86
   84   82   82   79   78   75   72   70   66   65   63   64   64   67   69   73
   78   84   94  101  109  117  124  133  139  148  152  160  162  169  170  177
  179  187  189  195  196  199  199  198  198  193  191  184  182  173  171  163
  162  154  151  136  127  112  109  100   84                                   
    60.0-180.0 180.0   5.0 450.0                            LAT/LON1/LON2/DLON/H
   84   78   62   49   42   40   46   53   60   67   74   80   84   86   86   87
   86   86   86   85   83   80   77   72   69   66   64   63   61   63   65   70
   76   85   95  105  113  122  130  139  145  153  158  164  168  172  176  179
  184  189  192  195  198  197  199  197  198  193  190  185  183  176  173  166
  164  156  154  139  132  117  109  102   84                                   
    57.5-180.0 180.0   5.0 450.0                            LAT/LON1/LON2/DLON/H
   91   85   68   52   41   34   38   41   50   55   63   70   74   78   80   82
   83   85   86   84   82   78   73   69   63   60   55   54   51   52   55   62
   70   82   94  106  116  127  136  145  150  159  163  170  173  180  182  190
  192  200  202  207  207  208  205  204  203  199  196  191  189  181  179  170
  167  158  156  141  131  118  116   98   91                                   
    55.0-180.0 180.0   5.0 450.0                            LAT/LON1/LON2/DLON/H
  102   94   78   59   45   35   33   35   38   45   50   57   62   68   72   77
   79   82   83   81   78   73   67   61   57   53   51   46   45   44   48   56
   67   83   98  114  126  140  148  158  163  172  174  180  184  190  196  204
  210  219  223  227  226  223  219  217  215  213  210  206  203  199  196  189
  183  173  167  152  145  131  121  115  102                                   
    52.5-180.0 180.0   5.0 450.0                            LAT/LON1/LON2/DLON/H
  119  112   94   75   56   42   36   33   35   37   41   47   50   57   60   67
   68   74   72   72   66   62   55   51   46   45   41   39   36   37   42   51
   66   85  104  122  139  154  163  173  178  186  186  193  195  206  209  223
  228  241  244  249  244  242  233  230  227  227  225  222  220  216  211  204
  198  186  181  164  155  140  136  121  119                                   
    50.0-180.0 180.0   5.0 450.0                            LAT/LON1/LON2/DLON/H
  135  125  112   93   76   55   44   38   33   34   33   37   39   45   49   57
   59   65   64   62   58   52   48   43   40   39   39   35   35   34   41   49
   67   89  110  130  151  168  179  192  198  204  203  208  210  220  227  238
  250  262  269  270  267  260  249  243  240  238  238  238  238  235  231  224
  217  207  199  186  182  160  153  150  135                                   
    47.5-180.0 180.0   5.0 450.0                            LAT/LON1/LON2/DLON/H
  153  144  130  114   98   76   61   50   41   38   34   36   34   39   41   48
   48   53   51   51   44   42   36   35   33   35   35   35   33   35   40   52
   71   95  118  140  160  181  194  209  216  223  222  226  224  234  238  254
  265  281  283  286  277  270  255  247  242  241  240  243  244  245  240  233
  225  215  210  198  194  175  174  165  153                                   
    45.0-180.0 180.0   5.0 450.0                            LAT/LON1/LON2/DLON/H
  163  152  139  129  118   96   81   64   52   47   39   39   36   37   39   43
   45   49   48   47   44   39   38   35   38   38   40   39   39   39   45   55
   79  101  129  151  175  196  213  229  241  247  246  248  246  250  255  269
  283  294  297  295  285  272  254  243  236  237  236  241  245  248  246  241
  232  226  217  211  206  188  183  185  163                                   
    42.5-180.0 180.0   5.0 450.0                            LAT/LON1/LON2/DLON/H
  166  157  146  138  131  114   99   83   68   60   49   49   43   45   42   46
   44   48   45   47   43   42   38   40   39   43   44   44   43   43   50   62
   86  109  135  159  184  205  225  244  259  267  270  269  268  269  272  283
  292  303  302  301  285  271  249  237  229  228  226  233  235  243  242  240
  231  223  218  210  206  185  188  183  166                                   
    40.0-180.0 180.0   5.0 450.0                            LAT/LON1/LON2/DLON/H
  157  148  139  137  135  123  114   97   85   72   63   61   55   54   52   53
   51   53   52   54   54   52   51   47   49   48   52   50   51   50   58   69
   92  115  141  167  191  215  235  259  275  286  294  297  295  294  293  299
  308  315  314  311  296  276  254  239  229  225  222  226  231  235  236  234
  228  221  213  208  204  182  177  176  157                                   
    37.5-180.0 180.0   5.0 450.0                            LAT/LON1/LON2/DLON/H
  145  139  131  132  131  126  120  111   99   88   77   76   69   70   65   67
   62   65   62   68   65   67   61   61   56   56   54   52   49   49   57   69
   93  118  146  170  199  221  246  271  290  306  319  320  323  320  319  322
  324  330  327  325  310  294  273  256  246  237  233  233  235  240  241  238
  234  222  217  205  200  172  171  160  145                                   
    35.0-180.0 180.0   5.0 450.0                            LAT/LON1/LON2/DLON/H
  128  124  111  113  116  118  120  113  109   97   90   87   83   82   80   80
   77   78   78   82   81   82   75   72   66   62   58   52   51   48   56   68
   92  120  147  178  206  232  258  286  309  330  344  349  356  350  351  347
  352  355  355  351  343  325  311  297  282  270  258  258  259  262  263  259
  250  237  226  213  202  174  162  150  128                                   
    32.5-180.0 180.0   5.0 450.0                            LAT/LON1/LON2/DLON/H
  128  121  107  104  104  108  113  113  111  106  100   98   93   95   90   94
   91   94   94   98   97   96   89   85   77   69   60   52   47   48   58   70
   94  124  154  186  215  244  272  303  332  356  371  379  387  385  385  385
  388  394  395  393  387  373  367  352  346  326  313  307  307  310  309  305
  295  280  259  238  223  186  172  148  128                                   
    30.0-180.0 180.0   5.0 450.0                            LAT/LON1/LON2/DLON/H
  137  126  106   99   98  102  110  110  114  109  106  104  101  102  100  101
  101  103  104  107  106  105   99   95   85   74   63   53   49   51   59   72
   95  128  158  193  221  252  283  317  355  380  406  414  429  421  428  423
  437  442  457  455  461  451  453  437  427  403  385  377  371  380  376  373
  356  342  313  290  261  222  196  173  137                                   
    27.5-180.0 180.0   5.0 450.0                            LAT/LON1/LON2/DLON/H
  170  144  131  115  109  113  112  114  113  110  109  106  104  107  105  108
  109  112  113  114  115  113  109  101   95   81   70   59   57   60   69   83
  104  138  171  203  234  267  301  343  379  411  435  451  464  467  478  484
  497  515  530  544  556  558  560  547  535  508  486  474  467  467  461  455
  439  419  389  360  325  276  244  211  170                                   
    25.0-180.0 180.0   5.0 450.0                            LAT/LON1/LON2/DLON/H
  205  180  153  131  116  114  117  119  120  112  113  108  107  108  108  111
  111  114  115  116  119  118  117  112  104   93   81   72   68   69   80   94
  116  148  183  216  247  279  317  359  407  435  467  481  510  509  535  546
  573  599  628  644  664  666  664  656  637  608  581  568  561  564  551  548
  523  512  475  457  413  353  308  275  205                                   
    22.5-180.0 180.0   5.0 450.0                            LAT/LON1/LON2/DLON/H
  270  243  209  171  147  132  121  124  120  120  118  111  112  109  110  112
  115  118  118  117  122  120  126  119  119  106   95   84   77   79   91  110
  133  165  202  230  263  298  334  382  422  461  487  511  540  561  592  619
  646  677  703  713  722  726  726  729  715  696  669  654  644  641  634  625
  605  587  552  521  485  434  396  344  270                                   
    20.0-180.0 180.0   5.0 450.0                            LAT/LON1/LON2/DLON/H
  347  309  263  219  189  169  148  140  127  123  118  116  116  116  114  117
  117  124  120  124  123  127  126  131  125  122  103   91   81   90  102  123
  147  177  211  241  276  311  352  396  443  476  514  542  583  609  646  668
  699  724  742  744  752  753  755  758  751  737  720  704  696  690  683  682
  666  658  628  598  554  504  456  432  347                                   
    17.5-180.0 180.0   5.0 450.0                            LAT/LON1/LON2/DLON/H
  425  384  333  293  252  222  200  178  156  145  130  127  119  114  116  119
  130  128  129  125  128  127  133  135  136  116  100   86   84   91  110  131
  157  184  222  248  284  322  360  405  441  481  520  560  601  636  665  695
  721  743  757  758  754  754  745  754  743  741  724  721  714  713  707  710
  699  698  675  651  617  570  521  500  425                                   
    15.0-180.0 180.0   5.0 450.0                            LAT/LON1/LON2/DLON/H
  478  436  383  335  315  279  253  226  199  173  154  142  130  121  117  122
  127  138  135  135  129  136  136  142  129  124  102   96   87  100  112  131
  162  195  232  260  299  335  370  402  447  483  536  574  620  643  680  698
  729  744  761  754  742  734  721  726  715  711  703  704  707  707  712  714
  716  713  704  680  650  611  571  551  478                                   
    12.5-180.0 180.0   5.0 450.0                            LAT/LON1/LON2/DLON/H
  514  488  438  400  371  354  327  292  253  221  194  179  158  143  129  128
  131  132  135  130  133  130  135  134  135  122  113  101   99  104  114  131
  163  202  238  268  303  336  367  404  438  478  530  578  618  645  671  697
  718  734  742  730  714  700  682  686  676  675  671  679  685  693  697  702
  709  711  707  687  663  631  602  580  514                                   
    10.0-180.0 180.0   5.0 450.0                            LAT/LON1/LON2/DLON/H
  534  509  459  420  408  385  372  344  305  262  231  206  187  163  143  135
  133  134  126  128  119  129  126  136  133  130  115  110  106  106  116  136
  169  209  248  277  312  340  373  404  442  482  528  577  615  634  668  680
  707  707  715  700  685  675  649  649  635  635  635  648  660  674  681  685
  696  695  696  679  659  631  616  595  534                                   
     7.5-180.0 180.0   5.0 450.0                            LAT/LON1/LON2/DLON/H
  545  526  486  456  441  424  408  388  357  313  271  242  218  196  170  156
  148  143  137  131  132  135  145  149  154  139  129  118  109  108  120  139
